,lexicon,neighborhood_size,num_homophones,num_phones,num_sylls_est,prob,surprisal,word,mode
0,1,0,0,8,4,-8.95751008197828,8.95751008197828,5dEksesy,anti_homophones
1,1,2,0,6,2,-5.395907412719065,5.395907412719065,deklyR,anti_homophones
2,1,11,0,4,2,-4.739450891122239,4.739450891122239,elEk,anti_homophones
3,1,0,0,9,4,-9.278469910362722,9.278469910362722,papw5t°n@,anti_homophones
4,1,36,4,4,2,-3.379282232153062,3.379282232153062,site,anti_homophones
5,1,4,0,6,3,-4.841805510437623,4.841805510437623,5t@sje,anti_homophones
6,1,0,0,7,2,-7.759947202052244,7.759947202052244,ZystRab,anti_homophones
7,1,0,0,6,2,-6.847315259268221,6.847315259268221,busOlv,anti_homophones
8,1,0,0,15,6,-12.684292594469438,12.684292594469438,ipERtisilaRzjEm,anti_homophones
9,1,0,0,8,4,-5.980231673306296,5.980231673306296,kanaj°m@,anti_homophones
10,1,0,0,6,3,-8.345847874494304,8.345847874494304,eletim,anti_homophones
11,1,0,0,9,3,-7.493636707859762,7.493636707859762,dekRifj@s,anti_homophones
12,1,2,0,5,1,-5.254677978162404,5.254677978162404,plEkt,anti_homophones
13,1,0,0,11,5,-9.60853015782221,9.60853015782221,asikatENwaR,anti_homophones
14,1,0,0,10,4,-8.371927952005477,8.371927952005477,lEdwan°lje,anti_homophones
15,1,0,0,9,4,-7.871977383064157,7.871977383064157,kaboRiZid,anti_homophones
16,1,10,0,5,2,-4.994751325754858,4.994751325754858,kaRke,anti_homophones
17,1,12,1,3,2,-4.584029763629147,4.584029763629147,iNe,anti_homophones
18,1,0,0,7,4,-5.6206290888509445,5.6206290888509445,in5tele,anti_homophones
19,1,0,0,13,6,-11.757357828846123,11.757357828846123,venylinEstone,anti_homophones
20,1,0,0,8,4,-9.914364582350151,9.914364582350151,RytiRali,anti_homophones
21,1,0,0,15,8,-12.619222091380859,12.619222091380859,tele§tolonaRafi,anti_homophones
22,1,0,0,8,3,-6.332406676216213,6.332406676216213,SefEkt9R,anti_homophones
23,1,0,0,12,5,-9.133703582580326,9.133703582580326,defEksjOn°t§,anti_homophones
24,1,0,0,13,6,-14.034654119955137,14.034654119955137,sabikol9ROnis,anti_homophones
25,1,20,0,3,1,-4.704983170029459,4.704983170029459,siz,anti_homophones
26,1,5,0,5,2,-5.407853612925647,5.407853612925647,@baRd,anti_homophones
27,1,1,0,5,3,-5.877110963003313,5.877110963003313,@fuRo,anti_homophones
28,1,9,2,4,2,-4.634728627242019,4.634728627242019,pup5,anti_homophones
29,1,11,1,3,2,-4.641966949368706,4.641966949368706,be@,anti_homophones
30,1,0,0,11,5,-9.429097435562822,9.429097435562822,kateZeneRj5,anti_homophones
31,1,2,0,6,3,-8.327659487984898,8.327659487984898,Re@dyR,anti_homophones
32,1,0,0,13,5,-15.505694260907388,15.505694260907388,manjabdEn°tOk,anti_homophones
33,1,3,1,5,2,-4.669328066125792,4.669328066125792,kazEl,anti_homophones
34,1,4,0,5,2,-5.485481602953632,5.485481602953632,tRiby,anti_homophones
35,1,8,0,4,2,-4.9887832942220465,4.9887832942220465,fuRo,anti_homophones
36,1,4,0,6,2,-5.2659809473617,5.2659809473617,sERtyR,anti_homophones
37,1,0,0,15,6,-10.58610192129228,10.58610192129228,@bRisten8izasj§,anti_homophones
38,1,1,0,6,3,-5.896784698897329,5.896784698897329,aRdon@,anti_homophones
39,1,10,1,5,2,-4.4328149906658965,4.4328149906658965,k§t9R,anti_homophones
40,1,0,0,6,3,-7.970467927424807,7.970467927424807,@soist,anti_homophones
41,1,0,0,9,3,-8.467995298348796,8.467995298348796,siRkasEps,anti_homophones
42,1,12,1,5,2,-4.508324399860493,4.508324399860493,demik,anti_homophones
43,1,34,1,2,1,-4.567949814974539,4.567949814974539,ga,anti_homophones
44,1,0,0,12,5,-9.108498381644747,9.108498381644747,pRofilabonik,anti_homophones
45,1,0,0,8,3,-7.396689890967976,7.396689890967976,ZEstwaje,anti_homophones
46,1,26,2,3,1,-4.382939046043046,4.382939046043046,nit,anti_homophones
47,1,0,0,9,3,-9.030698236370682,9.030698236370682,kRimalgER,anti_homophones
48,1,24,3,4,1,-3.912350996265851,3.912350996265851,list,anti_homophones
49,1,8,0,5,2,-5.0924774621649584,5.0924774621649584,deRat,anti_homophones
50,1,0,0,7,3,-7.022618865511545,7.022618865511545,@f8ijEl,anti_homophones
51,1,3,0,5,2,-5.270228596590625,5.270228596590625,balOp,anti_homophones
52,1,4,0,4,2,-6.095296727000122,6.095296727000122,usta,anti_homophones
53,1,19,0,4,1,-4.423487675443973,4.423487675443973,tRij,anti_homophones
54,1,0,0,7,3,-6.661982080389351,6.661982080389351,notwaj@,anti_homophones
55,1,0,0,9,4,-9.6054400736358,9.6054400736358,2skeRidj5,anti_homophones
56,1,0,0,15,7,-15.501452457836297,15.501452457836297,sefavokalasalif,anti_homophones
57,1,28,4,3,1,-3.741561306514329,3.741561306514329,sim,anti_homophones
58,1,0,0,9,4,-8.761309535341516,8.761309535341516,libRak°no,anti_homophones
59,1,9,0,3,1,-5.763047822938635,5.763047822938635,tSE,anti_homophones
60,1,0,0,10,4,-8.507507379514282,8.507507379514282,Radjosk°l5,anti_homophones
61,1,1,0,8,4,-5.966122730856459,5.966122730856459,b@doloZi,anti_homophones
62,1,21,1,3,1,-4.432785944951609,4.432785944951609,aRZ,anti_homophones
63,1,0,0,9,4,-9.458132571734755,9.458132571734755,aSRapjase,anti_homophones
64,1,5,0,4,2,-4.890848972191596,4.890848972191596,maSu,anti_homophones
65,1,15,0,4,1,-4.547544728053186,4.547544728053186,kRis,anti_homophones
66,1,1,0,6,2,-5.775507077092718,5.775507077092718,gR§duk,anti_homophones
67,1,0,0,9,4,-7.267271305116514,7.267271305116514,syRbuj°m@,anti_homophones
68,1,0,0,6,3,-8.284400110070353,8.284400110070353,pideit,anti_homophones
69,1,2,0,7,3,-5.689341429300853,5.689341429300853,dezORbi,anti_homophones
70,1,8,0,3,1,-4.599065413789458,4.599065413789458,5bR,anti_homophones
71,1,0,0,6,2,-5.894249325723148,5.894249325723148,gRinj5,anti_homophones
72,1,3,0,6,3,-5.589740211027443,5.589740211027443,5tERlo,anti_homophones
73,1,8,1,5,2,-4.528510597403031,4.528510597403031,motik,anti_homophones
74,1,2,0,6,2,-5.713057350174013,5.713057350174013,pRimER,anti_homophones
75,1,0,0,8,3,-8.681537132386595,8.681537132386595,klipotwa,anti_homophones
76,1,3,1,5,3,-4.760133591772868,4.760133591772868,aZute,anti_homophones
77,1,0,0,17,7,-11.608072365927292,11.608072365927292,telEkspyZilizasj§,anti_homophones
78,1,3,0,4,1,-5.246449783192602,5.246449783192602,t§kl,anti_homophones
79,1,2,0,9,4,-5.659222953602172,5.659222953602172,demylasj§,anti_homophones
80,1,8,0,5,2,-5.021847710088611,5.021847710088611,tifje,anti_homophones
81,1,0,0,8,4,-10.247478532379933,10.247478532379933,R@S°v@di,anti_homophones
82,1,0,0,6,2,-6.804920350194008,6.804920350194008,skRObe,anti_homophones
83,1,0,0,6,3,-6.441954055104499,6.441954055104499,SOkine,anti_homophones
84,1,1,0,6,3,-5.952508534850765,5.952508534850765,beneal,anti_homophones
85,1,3,1,6,2,-5.232764089582775,5.232764089582775,s@tizm,anti_homophones
86,1,0,0,7,3,-6.828771239297839,6.828771239297839,bujaRke,anti_homophones
87,1,0,0,11,4,-9.72362000578557,9.72362000578557,pEROspERsj§,anti_homophones
88,1,0,0,7,3,-6.61016630899644,6.61016630899644,telepis,anti_homophones
89,1,2,0,7,3,-5.871989313664993,5.871989313664993,R°kwete,anti_homophones
90,1,0,0,7,3,-6.633712215978424,6.633712215978424,d8El°te,anti_homophones
91,1,22,3,5,2,-3.8857496299551935,3.8857496299551935,kaRde,anti_homophones
92,1,6,1,5,2,-5.444399020435942,5.444399020435942,RapOt,anti_homophones
93,1,2,0,7,4,-5.516549706012068,5.516549706012068,avOt°m@,anti_homophones
94,1,17,1,4,2,-4.549606553048698,4.549606553048698,waje,anti_homophones
95,1,15,0,4,1,-4.739114662545518,4.739114662545518,palp,anti_homophones
96,1,0,0,7,3,-7.0699064934760285,7.0699064934760285,mORyRZ§,anti_homophones
97,1,28,2,3,2,-3.964294528912306,3.964294528912306,yRe,anti_homophones
98,1,0,0,8,3,-8.09542202085069,8.09542202085069,dekRezEf,anti_homophones
99,1,4,0,5,2,-5.139329337572065,5.139329337572065,pekyl,anti_homophones
100,1,3,0,5,2,-5.041056973723478,5.041056973723478,yRlyR,anti_homophones
101,1,1,0,6,3,-6.496397443845266,6.496397443845266,k§dina,anti_homophones
102,1,1,1,6,3,-5.5634206337481045,5.5634206337481045,k§kyR@,anti_homophones
103,1,3,0,6,3,-6.084298516148607,6.084298516148607,taRive,anti_homophones
104,1,6,0,4,1,-4.698110160020414,4.698110160020414,tR@z,anti_homophones
105,1,10,2,6,2,-4.038545218241747,4.038545218241747,komEtR,anti_homophones
106,1,0,0,12,6,-10.715572560643603,10.715572560643603,degORiZeneRa,anti_homophones
107,1,0,0,10,4,-10.037392586012444,10.037392586012444,siminEktOd,anti_homophones
108,1,0,0,9,4,-7.594123754100947,7.594123754100947,degalizaR,anti_homophones
109,1,9,1,4,2,-5.031047261782173,5.031047261782173,naZe,anti_homophones
110,1,0,0,8,3,-5.756116052310518,5.756116052310518,EksjOnik,anti_homophones
111,1,12,2,4,2,-4.334963627796039,4.334963627796039,poSe,anti_homophones
112,1,0,0,10,4,-6.6517495289288995,6.6517495289288995,selEktifik,anti_homophones
113,1,1,0,6,2,-5.647249442621542,5.647249442621542,SatjEm,anti_homophones
114,1,0,0,12,5,-8.007068228457067,8.007068228457067,bafujaRkasj§,anti_homophones
115,1,23,2,4,2,-4.044844254984436,4.044844254984436,m@te,anti_homophones
116,1,0,0,6,2,-8.636691033842474,8.636691033842474,vOltRo,anti_homophones
117,1,0,0,11,4,-8.932327320861715,8.932327320861715,s5pl@dstuje,anti_homophones
118,1,1,0,8,4,-6.001261337772565,6.001261337772565,mot2z°m@,anti_homophones
119,1,7,2,3,1,-4.377544169753422,4.377544169753422,f§t,anti_homophones
120,1,0,0,6,3,-7.235724940053615,7.235724940053615,aORdj2,anti_homophones
121,1,0,0,10,4,-9.856348219168376,9.856348219168376,gRasjonega,anti_homophones
122,1,29,2,3,1,-3.834022469757338,3.834022469757338,pOl,anti_homophones
123,1,0,0,12,5,-9.810314000749704,9.810314000749704,gam5sinatwaR,anti_homophones
124,1,7,1,5,2,-4.79460982661503,4.79460982661503,peRit,anti_homophones
125,1,0,0,10,4,-8.585173891735714,8.585173891735714,mORfoRifte,anti_homophones
126,1,1,0,7,3,-6.9521964239075755,6.9521964239075755,R°t°nim,anti_homophones
127,1,7,0,5,2,-5.273526262098011,5.273526262098011,kaRaf,anti_homophones
128,1,0,0,9,4,-7.904798290476076,7.904798290476076,afRiZinEt,anti_homophones
129,1,1,0,5,2,-5.310908987930434,5.310908987930434,b°zaZ,anti_homophones
130,1,0,0,13,6,-9.918479499755263,9.918479499755263,l@dERmonis°m@,anti_homophones
131,1,17,0,4,2,-5.193795251069687,5.193795251069687,fal§,anti_homophones
132,1,0,0,10,3,-7.351215841854284,7.351215841854284,plastRijaZ,anti_homophones
133,1,22,1,4,2,-4.996373981995122,4.996373981995122,dize,anti_homophones
134,1,1,1,6,2,-4.42232575067532,4.42232575067532,k§vwaR,anti_homophones
135,1,30,3,3,1,-3.963011049752347,3.963011049752347,ast,anti_homophones
136,1,0,0,10,4,-8.440682537179683,8.440682537179683,5plastifje,anti_homophones
137,1,0,0,9,4,-9.865637330400773,9.865637330400773,ReopRival,anti_homophones
138,1,7,0,5,2,-5.693131278832602,5.693131278832602,s@tiS,anti_homophones
139,1,0,0,9,4,-8.010458150094857,8.010458150094857,ReabORsj§,anti_homophones
140,1,0,0,10,4,-8.45306950907365,8.45306950907365,ispEktRij§,anti_homophones
141,1,1,0,5,2,-6.567154155763914,6.567154155763914,RidEs,anti_homophones
142,1,28,3,3,2,-3.63979978891952,3.63979978891952,ete,anti_homophones
143,1,14,0,4,2,-5.015826677931953,5.015826677931953,saR§,anti_homophones
144,1,1,0,7,3,-5.597410346457529,5.597410346457529,dezalte,anti_homophones
145,1,0,0,10,4,-8.26518332923563,8.26518332923563,seziguRdiR,anti_homophones
146,1,1,0,6,2,-6.4843390177752624,6.4843390177752624,pREsin,anti_homophones
147,1,1,1,7,3,-5.86958968100909,5.86958968100909,epaRtif,anti_homophones
148,1,0,0,9,4,-7.657173556495962,7.657173556495962,disiviz9R,anti_homophones
149,1,1,0,6,2,-6.3967817031994505,6.3967817031994505,migROm,anti_homophones
150,1,0,0,11,5,-11.682855998923014,11.682855998923014,tapizitalit,anti_homophones
151,1,36,1,4,2,-4.152828943562945,4.152828943562945,pite,anti_homophones
152,1,0,0,8,3,-9.3434498106773,9.3434498106773,mEksinOn,anti_homophones
153,1,0,0,9,4,-8.27046186676659,8.27046186676659,aglabotaZ,anti_homophones
154,1,10,2,4,2,-4.29253827538337,4.29253827538337,sude,anti_homophones
155,1,0,0,9,5,-7.341766391037003,7.341766391037003,@tifikana,anti_homophones
156,1,31,3,3,1,-3.9103964520090413,3.9103964520090413,pRi,anti_homophones
157,1,0,0,11,4,-8.931896877039252,8.931896877039252,gRamagRasj§,anti_homophones
158,1,0,0,7,3,-8.626663585282616,8.626663585282616,nynjEz§,anti_homophones
159,1,3,0,4,2,-4.8092477722256985,4.8092477722256985,kyvo,anti_homophones
160,1,0,0,11,4,-9.89841654470044,9.89841654470044,bwatyRnalje,anti_homophones
161,1,16,1,3,1,-4.362120491381214,4.362120491381214,bys,anti_homophones
162,1,7,0,4,2,-5.673522396638256,5.673522396638256,fyti,anti_homophones
163,1,2,0,6,2,-6.273938279363822,6.273938279363822,maRZaZ,anti_homophones
164,1,12,0,3,2,-4.58358667350058,4.58358667350058,5k@,anti_homophones
165,1,0,0,11,5,-9.557723787534188,9.557723787534188,dekRonimyle,anti_homophones
166,1,2,0,7,4,-5.482722487416021,5.482722487416021,otOn°m@,anti_homophones
167,1,16,1,3,1,-4.361957578850498,4.361957578850498,tEm,anti_homophones
168,1,9,1,5,2,-4.475828712997618,4.475828712997618,fuRne,anti_homophones
169,1,0,0,11,5,-8.77517150140775,8.77517150140775,§toloRalizm,anti_homophones
170,1,1,0,5,3,-5.564565416835515,5.564565416835515,teoRo,anti_homophones
171,1,3,1,7,4,-5.77834042997202,5.77834042997202,odis°m@,anti_homophones
172,1,0,0,6,3,-5.8332309341887285,5.8332309341887285,novoid,anti_homophones
173,1,0,0,14,7,-11.957624290442023,11.957624290442023,maR§kOkativ°m@,anti_homophones
174,1,13,0,4,2,-4.541468204527994,4.541468204527994,Rive,anti_homophones
175,1,10,1,6,2,-5.1988904774837765,5.1988904774837765,kapabl,anti_homophones
176,1,5,0,4,1,-5.0686706926048775,5.0686706926048775,dZEl,anti_homophones
177,1,39,1,4,2,-3.9034816267411174,3.9034816267411174,maRe,anti_homophones
178,1,0,0,9,3,-7.392524833573822,7.392524833573822,gOldakt9R,anti_homophones
179,1,32,2,4,2,-4.386444512372286,4.386444512372286,pete,anti_homophones
180,1,0,0,9,4,-8.981012619083945,8.981012619083945,bipotanEl,anti_homophones
181,1,0,0,7,3,-7.129862973575137,7.129862973575137,pjeRiz@,anti_homophones
182,1,7,1,4,2,-4.733925813284021,4.733925813284021,faSi,anti_homophones
183,1,22,0,4,2,-4.347228005459696,4.347228005459696,k§de,anti_homophones
184,1,3,0,5,2,-5.359521499002787,5.359521499002787,gaRgE,anti_homophones
185,1,1,0,8,3,-6.092119668052529,6.092119668052529,masjonEt,anti_homophones
186,1,21,2,3,2,-4.055219649632567,4.055219649632567,obe,anti_homophones
187,1,6,1,6,3,-5.837533832176422,5.837533832176422,R°kuRo,anti_homophones
188,1,15,0,3,2,-5.979606996213116,5.979606996213116,edy,anti_homophones
189,1,0,0,10,5,-7.648398472643367,7.648398472643367,av°m@tasj§,anti_homophones
190,1,0,0,10,5,-9.735786145239356,9.735786145239356,Rakasenite,anti_homophones
191,1,21,1,2,1,-4.59813299241933,4.59813299241933,s2,anti_homophones
192,1,2,0,5,2,-6.695085325471149,6.695085325471149,butRa,anti_homophones
193,1,1,0,7,3,-6.47163332135875,6.47163332135875,vilitER,anti_homophones
194,1,0,0,13,5,-12.472849618421714,12.472849618421714,b@kjetistROmi,anti_homophones
195,1,0,0,11,5,-9.683756380364267,9.683756380364267,gR@disonaZe,anti_homophones
196,1,2,0,8,4,-6.041565762386274,6.041565762386274,sonik°m@,anti_homophones
197,1,2,0,9,4,-6.194718202399381,6.194718202399381,viRabl°m@,anti_homophones
198,1,0,0,20,9,-19.55926904075463,19.55926904075463,n5fletaSytinitoRifyZ,anti_homophones
199,1,2,0,5,3,-6.363370321138807,6.363370321138807,ameli,anti_homophones
200,1,6,1,4,2,-4.882340825992863,4.882340825992863,f9jE,anti_homophones
201,1,6,0,4,2,-4.864149898452808,4.864149898452808,5pOl,anti_homophones
202,1,0,0,10,5,-8.755503624106268,8.755503624106268,selepaREj§,anti_homophones
203,1,18,2,4,2,-4.702596789894236,4.702596789894236,Redi,anti_homophones
204,1,0,0,10,4,-10.277907751280278,10.277907751280278,dikal@sist,anti_homophones
205,1,2,0,5,2,-5.7220031461264504,5.7220031461264504,REspE,anti_homophones
206,1,0,0,10,5,-7.56143171141718,7.56143171141718,imiljalite,anti_homophones
207,1,2,0,6,2,-6.00766065210603,6.00766065210603,gR@dR2,anti_homophones
208,1,0,0,11,5,-8.684988731765433,8.684988731765433,klOREjOn°Ri,anti_homophones
209,1,1,0,7,3,-5.571116113791952,5.571116113791952,ipotizm,anti_homophones
210,1,0,0,11,5,-8.520687018057451,8.520687018057451,pRefasivite,anti_homophones
211,1,0,0,6,2,-6.6206808337615,6.6206808337615,SaRmEl,anti_homophones
212,1,2,0,5,2,-5.692527644172113,5.692527644172113,pjet§,anti_homophones
213,1,14,0,4,2,-5.06390374494879,5.06390374494879,kava,anti_homophones
214,1,0,0,17,8,-18.974583703720544,18.974583703720544,beesimobastivasj§,anti_homophones
215,1,0,0,9,3,-7.246446994788047,7.246446994788047,sifleSist,anti_homophones
216,1,0,0,8,3,-7.132727764842893,7.132727764842893,diskopal,anti_homophones
217,1,0,0,11,4,-10.085432323941058,10.085432323941058,kRitaRdonal,anti_homophones
218,1,11,0,3,1,-5.428284264268257,5.428284264268257,jES,anti_homophones
219,1,0,0,7,4,-9.170719637504348,9.170719637504348,5difuji,anti_homophones
220,1,0,0,19,8,-17.668321062100105,17.668321062100105,RapezemelodiskOptik,anti_homophones
221,1,0,0,15,6,-10.479092348215485,10.479092348215485,tR@sfORtatisite,anti_homophones
222,1,6,0,6,2,-5.041618915483188,5.041618915483188,tResj§,anti_homophones
223,1,0,0,13,5,-11.01250409659989,11.01250409659989,pRobotin8iz@s,anti_homophones
224,1,10,2,3,1,-4.704013968079108,4.704013968079108,pON,anti_homophones
225,1,0,0,12,4,-11.126753434186465,11.126753434186465,SapERsEksplo,anti_homophones
226,1,13,0,6,3,-5.003674647337916,5.003674647337916,faRite,anti_homophones
227,1,11,5,4,2,-3.8679980196646726,3.8679980196646726,ynik,anti_homophones
228,1,18,2,3,1,-4.238123309900888,4.238123309900888,aRS,anti_homophones
229,1,5,0,4,1,-5.635754379217541,5.635754379217541,stom,anti_homophones
230,1,0,0,6,2,-6.3292865216601015,6.3292865216601015,stisje,anti_homophones
231,1,1,0,8,3,-6.511336075569136,6.511336075569136,akRwasj§,anti_homophones
232,1,0,0,10,5,-8.14592702334342,8.14592702334342,skaRoik°m@,anti_homophones
233,1,17,0,3,1,-6.492347251873024,6.492347251873024,jEs,anti_homophones
234,1,5,1,5,2,-5.246108058191017,5.246108058191017,plas§,anti_homophones
235,1,4,0,4,2,-5.192211458258044,5.192211458258044,aREm,anti_homophones
236,1,11,0,4,2,-4.758499609892915,4.758499609892915,lami,anti_homophones
237,1,0,0,8,3,-6.848050726162535,6.848050726162535,5tERkylt,anti_homophones
238,1,33,4,3,1,-3.5034490226389767,3.5034490226389767,SaR,anti_homophones
239,1,3,0,5,2,-4.775225949981432,4.775225949981432,Som9R,anti_homophones
240,1,3,1,7,3,-4.969201180423928,4.969201180423928,sybl°m@,anti_homophones
241,1,7,1,4,2,-4.745785760020409,4.745785760020409,OkEt,anti_homophones
242,1,29,4,3,1,-3.5107175525593615,3.5107175525593615,tOR,anti_homophones
243,1,15,0,7,3,-4.9142943025668595,4.9142943025668595,degasj§,anti_homophones
244,1,0,0,8,4,-7.380757069850014,7.380757069850014,5defaksi,anti_homophones
245,1,0,0,15,6,-12.406076296754772,12.406076296754772,aspesjanofisjER,anti_homophones
246,1,5,0,9,4,-5.207526361588948,5.207526361588948,devizasj§,anti_homophones
247,1,0,0,14,6,-14.815832067948898,14.815832067948898,efEktwazERt°Ra,anti_homophones
248,1,4,0,5,2,-5.118800581466433,5.118800581466433,dezEs,anti_homophones
249,1,3,0,4,2,-6.535190601087529,6.535190601087529,av2l,anti_homophones
250,1,0,0,8,3,-7.804833180391547,7.804833180391547,R°devj@d,anti_homophones
251,1,12,1,4,2,-4.435636465302983,4.435636465302983,R°n§,anti_homophones
252,1,6,2,3,2,-4.522163149176464,4.522163149176464,em2,anti_homophones
253,1,0,0,9,4,-11.280801175541388,11.280801175541388,duv@t8ozi,anti_homophones
254,1,1,0,6,2,-5.3110633446789794,5.3110633446789794,R°pudR,anti_homophones
255,1,2,0,6,3,-6.158679875125664,6.158679875125664,@peRj5,anti_homophones
256,1,0,0,8,4,-8.885267396156951,8.885267396156951,taRav°t§,anti_homophones
257,1,0,0,7,4,-8.895174442634307,8.895174442634307,aRenani,anti_homophones
258,1,0,0,6,3,-6.872829552327061,6.872829552327061,volama,anti_homophones
259,1,6,0,6,3,-5.191770838487081,5.191770838487081,petize,anti_homophones
260,1,19,2,3,1,-4.081624227794016,4.081624227794016,kom,anti_homophones
261,1,0,0,7,3,-8.655895282872711,8.655895282872711,ap8isot,anti_homophones
262,1,12,0,5,2,-4.94416769591969,4.94416769591969,tRija,anti_homophones
263,1,34,10,3,1,-3.150935291680041,3.150935291680041,mik,anti_homophones
264,1,1,0,6,2,-6.487180693986512,6.487180693986512,stoRit,anti_homophones
265,1,3,1,6,2,-5.339769328920323,5.339769328920323,tRavyR,anti_homophones
266,1,3,0,5,2,-6.120175217247622,6.120175217247622,masiR,anti_homophones
267,1,0,0,8,3,-6.26251089580085,6.26251089580085,s@ktysj§,anti_homophones
268,1,15,0,4,1,-4.634931200255819,4.634931200255819,bRaz,anti_homophones
269,1,3,0,5,2,-6.3239862934429985,6.3239862934429985,gRik@,anti_homophones
270,1,2,1,4,2,-4.966125952409543,4.966125952409543,gudu,anti_homophones
271,1,1,0,9,4,-6.1454076461318055,6.1454076461318055,kaRdid°m@,anti_homophones
272,1,36,5,3,1,-3.474800283688232,3.474800283688232,tRi,anti_homophones
273,1,0,0,13,6,-13.931182150676682,13.931182150676682,p§pet@swaReny,anti_homophones
274,1,0,0,9,4,-8.723596890423098,8.723596890423098,patidiZEn,anti_homophones
275,1,5,0,6,3,-5.161000809514324,5.161000809514324,visite,anti_homophones
276,1,0,0,7,3,-6.8554661616138,6.8554661616138,g@dujER,anti_homophones
277,1,0,0,8,4,-7.203563354554689,7.203563354554689,Residim@,anti_homophones
278,1,39,4,3,1,-3.652480111652761,3.652480111652761,bal,anti_homophones
279,1,0,0,10,3,-8.696239032081005,8.696239032081005,pORtigR@dR,anti_homophones
280,1,1,0,6,3,-6.498691558504159,6.498691558504159,semise,anti_homophones
281,1,0,0,14,6,-12.822639375934331,12.822639375934331,ZakolEkt@butEz,anti_homophones
282,1,0,0,7,3,-7.815918044426555,7.815918044426555,dResele,anti_homophones
283,1,16,0,4,2,-4.34651506447651,4.34651506447651,Sase,anti_homophones
284,1,11,1,4,1,-4.8489775792745435,4.8489775792745435,pwaz,anti_homophones
285,1,6,0,6,2,-4.6651468517102765,4.6651468517102765,dyksj§,anti_homophones
286,1,0,0,7,3,-8.20013636878398,8.20013636878398,opozylt,anti_homophones
287,1,0,0,8,4,-9.513922890615808,9.513922890615808,fleSuemi,anti_homophones
288,1,3,1,5,2,-4.99077861553705,4.99077861553705,ReZwe,anti_homophones
289,1,1,1,5,2,-4.689034408602413,4.689034408602413,ps2do,anti_homophones
290,1,1,0,5,2,-5.397492533014152,5.397492533014152,bl2Et,anti_homophones
291,1,38,6,3,1,-3.1768135647610305,3.1768135647610305,tER,anti_homophones
292,1,0,0,12,4,-11.497213676911768,11.497213676911768,RetRwatedRij,anti_homophones
293,1,1,0,6,2,-5.125078435253488,5.125078435253488,gRyjER,anti_homophones
294,1,0,0,11,5,-11.025000719459117,11.025000719459117,medinamizj5,anti_homophones
295,1,0,0,8,4,-8.369704824266302,8.369704824266302,galaloke,anti_homophones
296,1,0,0,11,5,-10.558001919347662,10.558001919347662,fokaR@buS9R,anti_homophones
297,1,1,0,6,3,-6.146601470665136,6.146601470665136,kapivo,anti_homophones
298,1,2,0,6,3,-5.444774417512518,5.444774417512518,fuZ°m@,anti_homophones
299,1,0,0,8,3,-9.674127353275143,9.674127353275143,byl°v@dR,anti_homophones
300,1,34,0,3,1,-4.614231909660915,4.614231909660915,bat,anti_homophones
301,1,0,0,7,3,-6.076670884381551,6.076670884381551,b@d°lje,anti_homophones
302,1,0,0,11,5,-9.417289897079181,9.417289897079181,kReditamine,anti_homophones
303,1,0,0,9,4,-7.842561452873466,7.842561452873466,fotoskOpe,anti_homophones
304,1,0,0,7,3,-7.939158387862701,7.939158387862701,dogamES,anti_homophones
305,1,1,0,5,3,-6.020375587577279,6.020375587577279,vane5,anti_homophones
306,1,0,0,16,8,-13.784896932529048,13.784896932529048,syRanofORmakaot@,anti_homophones
307,1,2,0,6,2,-6.488412007373063,6.488412007373063,dORmin,anti_homophones
308,1,19,2,4,1,-4.051120073039245,4.051120073039245,vizm,anti_homophones
309,1,2,0,6,3,-5.042194467314686,5.042194467314686,kopine,anti_homophones
310,1,0,0,7,3,-8.483508450953614,8.483508450953614,5s§bRaj,anti_homophones
311,1,4,0,5,2,-5.109758141557981,5.109758141557981,katoz,anti_homophones
312,1,0,0,9,3,-8.523969015439762,8.523969015439762,EkskapitS,anti_homophones
313,1,13,1,5,2,-4.2319265576552425,4.2319265576552425,plase,anti_homophones
314,1,16,2,4,2,-4.280043475095911,4.280043475095911,solE,anti_homophones
315,1,7,1,3,1,-4.215039291447578,4.215039291447578,Ops,anti_homophones
316,1,18,3,5,2,-3.6605501950634176,3.6605501950634176,gasj§,anti_homophones
317,1,7,1,3,2,-4.521478289940641,4.521478289940641,5s§,anti_homophones
318,1,1,0,5,2,-5.56721987464047,5.56721987464047,adZin,anti_homophones
319,1,20,1,4,2,-4.569704337944866,4.569704337944866,galo,anti_homophones
320,1,2,0,6,3,-5.608604021104305,5.608604021104305,pap°Ra,anti_homophones
321,1,4,0,5,2,-5.787635068799505,5.787635068799505,boZik,anti_homophones
322,1,0,0,13,5,-11.991653594484442,11.991653594484442,egRostalinjER,anti_homophones
323,1,1,0,6,3,-6.883068109447279,6.883068109447279,talino,anti_homophones
324,1,0,0,7,3,-7.911419789296842,7.911419789296842,t5pasiR,anti_homophones
325,1,13,2,4,1,-4.427763590350566,4.427763590350566,skal,anti_homophones
326,1,6,1,4,1,-4.567464803636563,4.567464803636563,flaS,anti_homophones
327,1,0,0,9,4,-7.053224363065432,7.053224363065432,dev°nifje,anti_homophones
328,1,5,0,6,2,-5.9145201532568095,5.9145201532568095,ponist,anti_homophones
329,1,0,0,7,3,-8.0304157468867,8.0304157468867,ofElabl,anti_homophones
330,1,1,0,5,2,-5.00856780218973,5.00856780218973,k§pRE,anti_homophones
331,1,0,0,17,8,-16.999938429525326,16.999938429525326,lepaROtivileZitaj,anti_homophones
332,1,0,0,8,3,-7.313494081072638,7.313494081072638,inOstabl,anti_homophones
333,1,1,0,5,2,-6.506325581123929,6.506325581123929,veR@p,anti_homophones
334,1,0,0,11,4,-9.240581935117865,9.240581935117865,spORtiREk9R,anti_homophones
335,1,25,2,3,1,-3.811218246978494,3.811218246978494,m9R,anti_homophones
336,1,1,0,7,3,-6.915269883135204,6.915269883135204,tap°lin,anti_homophones
337,1,2,0,6,2,-6.439328377747973,6.439328377747973,kRatEm,anti_homophones
338,1,41,3,3,1,-3.5209193884386565,3.5209193884386565,mal,anti_homophones
339,1,5,0,6,3,-5.019611775230099,5.019611775230099,bEt°Ri,anti_homophones
340,1,0,0,10,3,-10.51935952440448,10.51935952440448,gudRapsist,anti_homophones
341,1,24,3,3,1,-4.141927423082076,4.141927423082076,sEn,anti_homophones
342,1,2,0,7,3,-5.981334773963246,5.981334773963246,telisj§,anti_homophones
343,1,16,0,4,2,-4.494205403868982,4.494205403868982,koRE,anti_homophones
344,1,12,1,3,1,-4.2832026951226,4.2832026951226,sk@,anti_homophones
345,1,18,2,4,2,-4.529496918288372,4.529496918288372,sim@,anti_homophones
346,1,17,3,3,1,-3.9481018387266285,3.9481018387266285,sta,anti_homophones
347,1,1,0,6,3,-5.437137396234555,5.437137396234555,koleRe,anti_homophones
348,1,0,0,9,4,-9.841152624062772,9.841152624062772,kyb5dORle,anti_homophones
349,1,0,0,7,3,-6.636827175635713,6.636827175635713,miZonad,anti_homophones
350,1,0,0,10,5,-10.004342711170503,10.004342711170503,5diNiteROp,anti_homophones
351,1,0,0,10,4,-7.239163729726091,7.239163729726091,mERljER°m@,anti_homophones
352,1,3,0,5,2,-6.825186049267328,6.825186049267328,kosim,anti_homophones
353,1,0,0,10,4,-8.373141568408553,8.373141568408553,totabatwaR,anti_homophones
354,1,24,1,4,2,-4.532010507886215,4.532010507886215,kal@,anti_homophones
355,1,4,0,5,1,-4.8955333522870985,4.8955333522870985,fRwaR,anti_homophones
356,1,0,0,8,4,-9.73434909308946,9.73434909308946,epERneti,anti_homophones
357,1,0,0,7,4,-8.521990430795535,8.521990430795535,@kik§tE,anti_homophones
358,1,1,0,8,4,-5.470706806249476,5.470706806249476,l@gis°m@,anti_homophones
359,1,0,0,9,4,-6.527301007725406,6.527301007725406,Re5tRasj§,anti_homophones
360,1,0,0,9,4,-8.339707514610877,8.339707514610877,kotomit9R,anti_homophones
361,1,8,0,4,2,-5.089850182345356,5.089850182345356,SeRi,anti_homophones
362,1,0,0,10,4,-7.765328021845583,7.765328021845583,s5kRe@psj§,anti_homophones
363,1,0,0,6,2,-5.941227564509481,5.941227564509481,dRwas@,anti_homophones
364,1,2,0,4,2,-5.143620667461785,5.143620667461785,puZa,anti_homophones
365,1,8,0,4,2,-5.265517408874865,5.265517408874865,jeRi,anti_homophones
366,1,0,0,10,5,-10.077791655596924,10.077791655596924,yRokypaRte,anti_homophones
367,1,1,0,6,2,-5.646070748924553,5.646070748924553,pRodiz,anti_homophones
368,1,29,5,3,2,-3.1957967001689433,3.1957967001689433,ine,anti_homophones
369,1,5,0,4,2,-5.544395986221321,5.544395986221321,Zife,anti_homophones
370,1,1,0,6,2,-6.160652509006679,6.160652509006679,taplas,anti_homophones
371,1,8,1,5,2,-4.327899653089476,4.327899653089476,byt9R,anti_homophones
372,1,0,0,9,4,-10.110659414203093,10.110659414203093,isERtijOt,anti_homophones
373,1,1,0,8,3,-6.3542827606031285,6.3542827606031285,Esklat9R,anti_homophones
374,1,0,0,10,5,-10.315528479842209,10.315528479842209,f@talopaty,anti_homophones
375,1,0,0,8,3,-6.705986400257697,6.705986400257697,stypeRal,anti_homophones
376,1,18,7,4,1,-3.3940271035134413,3.3940271035134413,sabl,anti_homophones
377,1,0,0,12,5,-11.448273878655215,11.448273878655215,slipOstalop5,anti_homophones
378,1,35,5,3,1,-3.283869885394755,3.283869885394755,man,anti_homophones
379,1,25,1,3,2,-4.318389788894525,4.318389788894525,abo,anti_homophones
380,1,2,0,6,3,-5.766264697942947,5.766264697942947,avaZ9R,anti_homophones
381,1,6,0,7,4,-5.4154150311893305,5.4154150311893305,amEl°m@,anti_homophones
382,1,0,0,8,4,-8.01155629970773,8.01155629970773,asEpsize,anti_homophones
383,1,6,0,5,2,-5.280577771162852,5.280577771162852,mitRe,anti_homophones
384,1,18,0,3,1,-4.3635010731307995,4.3635010731307995,swa,anti_homophones
385,1,23,2,4,1,-4.077372195416508,4.077372195416508,kaRd,anti_homophones
386,1,2,0,6,3,-6.4695059047772725,6.4695059047772725,abORd§,anti_homophones
387,1,0,0,8,3,-6.801906726584873,6.801906726584873,kolybRik,anti_homophones
388,1,1,0,6,3,-5.805703024313021,5.805703024313021,p5p@ze,anti_homophones
389,1,0,0,9,4,-6.7088114555820475,6.7088114555820475,R°konotaZ,anti_homophones
390,1,0,0,7,3,-5.568997805836984,5.568997805836984,def°niR,anti_homophones
391,1,4,0,4,2,-4.665515182599289,4.665515182599289,zigo,anti_homophones
392,1,7,1,7,3,-4.579929942587967,4.579929942587967,aplasj§,anti_homophones
393,1,6,1,4,2,-4.884465593550999,4.884465593550999,fana,anti_homophones
394,1,0,0,8,4,-7.140729588828515,7.140729588828515,5pRovij§,anti_homophones
395,1,0,0,8,3,-7.412700526093386,7.412700526093386,defENabl,anti_homophones
396,1,16,0,3,1,-4.3820832572739405,4.3820832572739405,pjo,anti_homophones
397,1,0,0,8,3,-6.773980766051029,6.773980766051029,pROzeliR,anti_homophones
398,1,0,0,10,4,-9.46467394810615,9.46467394810615,buRsisitOs,anti_homophones
399,1,0,0,9,3,-9.615991297809336,9.615991297809336,vilistROm,anti_homophones
400,1,0,0,16,6,-11.667306235461565,11.667306235461565,siRk§f§dispEkabl,anti_homophones
401,1,1,0,5,2,-5.38374534248235,5.38374534248235,n§bR2,anti_homophones
402,1,0,0,10,5,-7.760450436979187,7.760450436979187,admisiz°m@,anti_homophones
403,1,0,0,7,3,-7.469334456949046,7.469334456949046,iRefl9S,anti_homophones
404,1,39,4,3,1,-3.49074747101979,3.49074747101979,sER,anti_homophones
405,1,12,0,5,2,-4.529246440787462,4.529246440787462,benik,anti_homophones
406,1,0,0,12,5,-11.948183532000598,11.948183532000598,faRubligaRas,anti_homophones
407,1,0,0,8,4,-6.350575412639985,6.350575412639985,R°kEl°m@,anti_homophones
408,1,5,0,5,2,-5.934917969298958,5.934917969298958,misik,anti_homophones
409,1,5,1,6,3,-5.685182333436618,5.685182333436618,5tERp5,anti_homophones
410,1,0,0,13,5,-9.514550996259668,9.514550996259668,peRapst@tasj§,anti_homophones
411,1,0,0,8,4,-6.043362649477164,6.043362649477164,maNOn°m@,anti_homophones
412,1,12,0,4,2,-4.735099541204806,4.735099541204806,elEm,anti_homophones
413,1,18,1,4,1,-4.566199358302153,4.566199358302153,tist,anti_homophones
414,1,0,0,8,4,-8.706136006963025,8.706136006963025,oRistEj§,anti_homophones
415,1,0,0,10,4,-8.931920768438621,8.931920768438621,eZERboRizm,anti_homophones
416,1,0,0,14,6,-12.492767037984873,12.492767037984873,ptogRamelokyte,anti_homophones
417,1,0,0,9,4,-9.913139531849342,9.913139531849342,ReZwiRab@,anti_homophones
418,1,14,0,3,1,-4.73944683711112,4.73944683711112,Z@t,anti_homophones
419,1,12,1,4,1,-4.86966902153897,4.86966902153897,bRus,anti_homophones
420,1,1,0,6,3,-6.020111130212915,6.020111130212915,@menER,anti_homophones
421,1,0,0,9,4,-8.730805093166952,8.730805093166952,daktisime,anti_homophones
422,1,0,0,8,4,-9.664812631783708,9.664812631783708,fikaResi,anti_homophones
423,1,15,1,3,1,-4.711673101587717,4.711673101587717,gEd,anti_homophones
424,1,1,1,5,1,-5.390878229136316,5.390878229136316,sekst,anti_homophones
425,1,14,2,4,2,-5.170833322272852,5.170833322272852,pula,anti_homophones
426,1,0,0,6,3,-5.426954073260057,5.426954073260057,@tisid,anti_homophones
427,1,21,0,2,1,-4.574322639665233,4.574322639665233,Se,anti_homophones
428,1,0,0,16,6,-14.169710681695745,14.169710681695745,gR°nabOskORtatyR,anti_homophones
429,1,5,0,5,2,-5.256708816480324,5.256708816480324,pl§b5,anti_homophones
430,1,0,0,8,4,-8.094007482293826,8.094007482293826,papautSo,anti_homophones
431,1,9,1,5,2,-4.006197833759011,4.006197833759011,medje,anti_homophones
432,1,8,0,6,3,-4.886025018146433,4.886025018146433,myR°m@,anti_homophones
433,1,0,0,12,5,-10.138139324422012,10.138139324422012,filtRasitoRe,anti_homophones
434,1,11,0,4,2,-4.7900332977168825,4.7900332977168825,pit2,anti_homophones
435,1,0,0,8,2,-6.759117105287659,6.759117105287659,skEjts9R,anti_homophones
436,1,0,0,9,4,-8.997549042328684,8.997549042328684,ORtilikyl,anti_homophones
437,1,0,0,17,7,-15.924355600010799,15.924355600010799,abZEktRoak§tRazif,anti_homophones
438,1,0,0,23,9,-21.989599156531263,21.989599156531263,nazodikaRotERpRetRisk2m,anti_homophones
439,1,0,0,6,2,-6.4809602938289785,6.4809602938289785,fRazal,anti_homophones
440,1,0,0,8,3,-7.410318360588602,7.410318360588602,defistje,anti_homophones
441,1,24,4,3,2,-3.60726371033664,3.60726371033664,afi,anti_homophones
442,1,0,0,10,4,-9.36661067597618,9.36661067597618,saboRjalis,anti_homophones
443,1,0,0,16,7,-15.690027063239318,15.690027063239318,pwanadekRijoloZi,anti_homophones
444,1,0,0,15,7,-12.136577554847303,12.136577554847303,silizasjal°tuSe,anti_homophones
445,1,6,1,7,3,-4.795256525141724,4.795256525141724,R°pasj§,anti_homophones
446,1,22,2,3,1,-4.530539644420136,4.530539644420136,kip,anti_homophones
447,1,9,0,3,1,-4.70453883290255,4.70453883290255,k@S,anti_homophones
448,1,8,0,4,1,-5.148482602256964,5.148482602256964,Zakt,anti_homophones
449,1,1,1,7,3,-4.726095722193033,4.726095722193033,Egzisj5,anti_homophones
450,1,0,0,9,3,-6.857741498892453,6.857741498892453,debluzabl,anti_homophones
451,1,0,0,8,3,-6.449494058891225,6.449494058891225,k§feRjal,anti_homophones
452,1,0,0,15,7,-12.494886846596595,12.494886846596595,ROdotaZjokOk°te,anti_homophones
453,1,0,0,9,4,-8.433926770521676,8.433926770521676,sinokRake,anti_homophones
454,1,0,0,7,2,-6.544920024091357,6.544920024091357,myltRav,anti_homophones
455,1,3,0,5,2,-5.935126332747261,5.935126332747261,pjet5,anti_homophones
456,1,19,0,3,1,-5.244976603596146,5.244976603596146,R9R,anti_homophones
457,1,17,1,4,2,-4.076900556139911,4.076900556139911,@tin,anti_homophones
458,1,2,0,6,3,-5.177803171204914,5.177803171204914,ast°m@,anti_homophones
459,1,5,2,5,2,-4.643502051998128,4.643502051998128,val8e,anti_homophones
460,1,0,0,12,6,-8.751384898390214,8.751384898390214,5f@teRabl°m@,anti_homophones
461,1,0,0,7,3,-8.940869259176049,8.940869259176049,dokysaZ,anti_homophones
462,1,1,0,6,3,-5.8783514457538715,5.8783514457538715,adZydo,anti_homophones
463,1,0,0,16,6,-16.19078555141391,16.19078555141391,papaRtERgOlikORv,anti_homophones
464,1,4,1,3,1,-4.681012064583987,4.681012064583987,j@b,anti_homophones
465,1,18,2,4,2,-4.493532956248544,4.493532956248544,mam@,anti_homophones
466,1,0,0,14,5,-13.832319657993004,13.832319657993004,s5glav@tipsjal,anti_homophones
467,1,11,1,3,1,-4.600485175508604,4.600485175508604,guZ,anti_homophones
468,1,0,0,7,4,-8.179117887464471,8.179117887464471,@somano,anti_homophones
469,1,0,0,9,4,-8.32715816890993,8.32715816890993,deval@dEs,anti_homophones
470,1,8,1,4,2,-4.974720512818465,4.974720512818465,@bje,anti_homophones
471,1,32,3,3,1,-3.5162085121301208,3.5162085121301208,diR,anti_homophones
472,1,7,0,4,2,-5.362635134786989,5.362635134786989,oR@s,anti_homophones
473,1,0,0,6,2,-6.069623748112377,6.069623748112377,syRkwa,anti_homophones
474,1,0,0,7,3,-4.801544787974362,4.801544787974362,fEbl°m@,anti_homophones
475,1,0,0,7,4,-6.351497625480121,6.351497625480121,alegeje,anti_homophones
476,1,0,0,8,3,-6.848707556316964,6.848707556316964,RydEtabl,anti_homophones
477,1,0,0,7,3,-7.8948622380462625,7.8948622380462625,@bwindi,anti_homophones
478,1,1,0,9,4,-8.81131275600528,8.81131275600528,Ravitasja,anti_homophones
479,1,13,5,4,1,-3.4590411738504545,3.4590411738504545,fl9R,anti_homophones
480,1,0,0,7,3,-8.656422555940988,8.656422555940988,labReRa,anti_homophones
481,1,0,0,10,3,-9.050198835173633,9.050198835173633,5spEkspRER,anti_homophones
482,1,15,1,4,2,-4.636535662104846,4.636535662104846,kyRi,anti_homophones
483,1,0,0,20,8,-17.887570463287435,17.887570463287435,Z@ZilikolastR@sgRafi,anti_homophones
484,1,0,0,6,3,-6.0826059195795,6.0826059195795,des@ti,anti_homophones
485,1,0,0,13,5,-12.781949497078342,12.781949497078342,EkstiRitwalaZ,anti_homophones
486,1,0,0,7,4,-7.00306333768102,7.00306333768102,@f§s9le,anti_homophones
487,1,28,5,3,1,-3.7430673416009004,3.7430673416009004,dER,anti_homophones
488,1,0,0,7,3,-6.926173897693518,6.926173897693518,bipalj5,anti_homophones
489,1,0,0,9,3,-8.874586149865097,8.874586149865097,pwaRf°lyR,anti_homophones
490,1,2,0,5,2,-5.416565531562743,5.416565531562743,piRat,anti_homophones
491,1,0,1,5,1,-5.922933612430454,5.922933612430454,tERdR,anti_homophones
492,1,27,2,3,1,-3.9947313326397995,3.9947313326397995,sak,anti_homophones
493,1,0,0,11,4,-9.67116242159589,9.67116242159589,RepystRoSaZ,anti_homophones
494,1,0,0,7,3,-7.55348287274106,7.55348287274106,SeRyman,anti_homophones
495,1,29,2,4,2,-4.2590371027714635,4.2590371027714635,kane,anti_homophones
496,1,0,0,9,4,-7.738134581533889,7.738134581533889,faRf°liZ@,anti_homophones
497,1,0,0,10,4,-7.868499954346043,7.868499954346043,pReselefOR,anti_homophones
498,1,0,0,7,3,-7.90399963316309,7.90399963316309,nagREn@,anti_homophones
499,1,18,2,4,2,-4.110856224073117,4.110856224073117,lim@,anti_homophones
500,1,1,0,6,2,-6.265303025989519,6.265303025989519,Zolizm,anti_homophones
501,1,0,1,6,2,-6.091445148454944,6.091445148454944,bERniS,anti_homophones
502,1,0,0,10,4,-9.460379862393706,9.460379862393706,maR@g§sabl,anti_homophones
503,1,0,0,11,4,-12.232801414807632,12.232801414807632,futERkleRad,anti_homophones
504,1,0,0,8,3,-6.384120437144893,6.384120437144893,Resjonal,anti_homophones
505,1,0,0,8,3,-5.8917776099648345,5.8917776099648345,disponik,anti_homophones
506,1,0,0,9,4,-9.07464941659218,9.07464941659218,baREstoR@,anti_homophones
507,1,6,0,4,1,-5.42653487160734,5.42653487160734,nOks,anti_homophones
508,1,0,0,9,4,-7.589341156906157,7.589341156906157,glasES°m@,anti_homophones
509,1,0,0,12,6,-12.960265443488503,12.960265443488503,gazodenabyl@,anti_homophones
510,1,0,0,7,3,-7.078707265106023,7.078707265106023,p§sonaZ,anti_homophones
511,1,2,1,6,2,-5.139527377885024,5.139527377885024,klavyR,anti_homophones
512,1,5,1,5,2,-5.012665278718923,5.012665278718923,kl@Se,anti_homophones
513,1,1,0,6,2,-7.208628259194361,7.208628259194361,Sumist,anti_homophones
514,1,0,0,8,4,-8.184964158461584,8.184964158461584,aRbRy@de,anti_homophones
515,1,12,1,3,1,-4.579682129211077,4.579682129211077,noz,anti_homophones
516,1,0,0,6,3,-8.125664981280377,8.125664981280377,s5m@ke,anti_homophones
517,1,0,0,7,3,-6.367461187589317,6.367461187589317,sitwaje,anti_homophones
518,1,9,1,4,2,-4.64407897292065,4.64407897292065,foni,anti_homophones
519,1,4,0,4,1,-6.7366847050151435,6.7366847050151435,kybl,anti_homophones
520,1,0,0,8,4,-7.569333840986648,7.569333840986648,lymidate,anti_homophones
521,1,12,0,3,1,-4.381627075031301,4.381627075031301,k5t,anti_homophones
522,1,3,0,6,3,-5.146774327733199,5.146774327733199,dezage,anti_homophones
523,1,0,0,11,4,-11.219409937823201,11.219409937823201,lEktilEktR§,anti_homophones
524,1,2,0,5,2,-5.888813661118849,5.888813661118849,vaRiR,anti_homophones
525,1,6,0,5,2,-5.193961757618204,5.193961757618204,fRem@,anti_homophones
526,1,17,3,3,1,-3.9486004862900086,3.9486004862900086,dje,anti_homophones
527,1,11,2,6,3,-4.237813622555313,4.237813622555313,pEl°m@,anti_homophones
528,1,16,2,4,1,-4.079556392570969,4.079556392570969,lizm,anti_homophones
529,1,1,0,6,3,-6.41379838509545,6.41379838509545,@tuREt,anti_homophones
530,1,1,0,7,3,-6.819785726678712,6.819785726678712,tiR@ble,anti_homophones
531,1,0,0,7,3,-6.552803420187741,6.552803420187741,adustik,anti_homophones
532,1,32,0,3,1,-4.193750392645438,4.193750392645438,sis,anti_homophones
533,1,0,0,7,3,-6.834315019739758,6.834315019739758,pRydiz@,anti_homophones
534,1,0,0,7,3,-7.218076102387983,7.218076102387983,gOnalis,anti_homophones
535,1,1,0,8,3,-6.506807004090069,6.506807004090069,kRedisj5,anti_homophones
536,1,0,0,7,4,-6.528671153057266,6.528671153057266,omolize,anti_homophones
537,1,0,0,10,4,-9.242968738732733,9.242968738732733,matyRoklOR,anti_homophones
538,1,12,0,5,3,-5.518709787609721,5.518709787609721,am°m@,anti_homophones
539,1,1,0,6,2,-6.657351817489998,6.657351817489998,egl@dR,anti_homophones
540,1,0,0,7,3,-5.656562948076445,5.656562948076445,faS2mik,anti_homophones
541,1,17,1,4,1,-4.334662912747563,4.334662912747563,gwaR,anti_homophones
542,1,0,0,15,7,-14.268201413347587,14.268201413347587,utadOptERjetize,anti_homophones
543,1,3,0,6,2,-5.1384259647006925,5.1384259647006925,gRupEt,anti_homophones
544,1,14,1,4,2,-4.910791766435454,4.910791766435454,baRE,anti_homophones
545,1,0,0,7,3,-6.5045233136768195,6.5045233136768195,peRitme,anti_homophones
546,1,0,0,8,4,-7.074378201599518,7.074378201599518,Semat°le,anti_homophones
547,1,14,3,4,2,-4.3457642606636515,4.3457642606636515,vene,anti_homophones
548,1,8,1,5,2,-4.7373416881617985,4.7373416881617985,gaRne,anti_homophones
549,1,12,1,4,1,-4.514940791704012,4.514940791704012,gRad,anti_homophones
550,1,0,0,7,3,-6.852895599988319,6.852895599988319,deSikoz,anti_homophones
551,1,3,0,4,1,-5.077723674276253,5.077723674276253,luRd,anti_homophones
552,1,31,2,3,2,-4.10161310975755,4.10161310975755,ama,anti_homophones
553,1,2,0,7,2,-6.0034996476457865,6.0034996476457865,kwaksj§,anti_homophones
554,1,3,0,6,3,-5.767635180348146,5.767635180348146,palyte,anti_homophones
555,1,0,0,8,3,-7.615518940768445,7.615518940768445,puRpasad,anti_homophones
556,1,0,0,9,4,-8.081319142346699,8.081319142346699,sERtinaZe,anti_homophones
557,1,0,0,13,5,-11.900593602435572,11.900593602435572,fositaRjoskOp,anti_homophones
558,1,0,0,12,6,-9.785998283335056,9.785998283335056,dozaZin2z°m@,anti_homophones
559,1,7,1,3,1,-4.626562536059651,4.626562536059651,nwe,anti_homophones
560,1,5,0,5,2,-5.0785585476518404,5.0785585476518404,odjOm,anti_homophones
561,1,3,0,6,2,-5.616481506151241,5.616481506151241,mORfil,anti_homophones
562,1,9,1,4,2,-4.925665361562553,4.925665361562553,viSi,anti_homophones
563,1,19,3,3,1,-4.04481606304834,4.04481606304834,lOk,anti_homophones
564,1,0,0,7,2,-6.403927051721787,6.403927051721787,snifj@s,anti_homophones
565,1,0,0,7,3,-7.835158733722945,7.835158733722945,videmij,anti_homophones
566,1,0,0,8,3,-7.836604988136351,7.836604988136351,kabisjal,anti_homophones
567,1,0,0,7,3,-8.544693600181553,8.544693600181553,pRObeSe,anti_homophones
568,1,13,1,4,2,-4.191799947340059,4.191799947340059,ak9R,anti_homophones
569,1,0,0,13,4,-12.63218998761575,12.63218998761575,taskyltaRtabl,anti_homophones
570,1,1,0,6,3,-5.534660050047355,5.534660050047355,kanoni,anti_homophones
571,1,17,1,4,2,-4.9349803102409,4.9349803102409,dena,anti_homophones
572,1,0,0,6,2,-7.28413493959695,7.28413493959695,safRag,anti_homophones
573,1,0,0,10,4,-10.181686541000966,10.181686541000966,buftizm°Ri,anti_homophones
574,1,0,0,6,3,-5.899836907746221,5.899836907746221,panoSe,anti_homophones
575,1,0,0,12,6,-12.490210716501501,12.490210716501501,Rekim@tEl°te,anti_homophones
576,1,3,1,5,2,-5.565681046682377,5.565681046682377,kR2zE,anti_homophones
577,1,25,5,4,2,-3.8775549427090685,3.8775549427090685,kam@,anti_homophones
578,1,0,0,10,5,-9.929542266581334,9.929542266581334,ekORpideEn,anti_homophones
579,1,0,0,16,7,-14.660517732339697,14.660517732339697,eflokaRadjol§tEz,anti_homophones
580,1,2,0,7,3,-5.788039559230116,5.788039559230116,tRibuje,anti_homophones
581,1,33,4,5,2,-3.2810841660726187,3.2810841660726187,Rasj§,anti_homophones
582,1,28,3,3,1,-3.731157647203864,3.731157647203864,pOR,anti_homophones
583,1,53,4,3,1,-3.4912689602795166,3.4912689602795166,maR,anti_homophones
584,1,0,0,11,5,-9.093527432216366,9.093527432216366,ekyltROn°m@,anti_homophones
585,1,0,0,7,3,-6.374750085578205,6.374750085578205,idRopEt,anti_homophones
586,1,15,0,4,1,-4.690170865325139,4.690170865325139,fRak,anti_homophones
587,1,1,0,6,2,-6.833971047425141,6.833971047425141,suRn@s,anti_homophones
588,1,1,0,6,2,-4.883809960039398,4.883809960039398,tR@zim,anti_homophones
589,1,8,0,4,2,-4.872843934433776,4.872843934433776,anOm,anti_homophones
590,1,1,0,9,3,-6.79026962690278,6.79026962690278,spEkteRik,anti_homophones
591,1,1,0,6,3,-6.198233393949894,6.198233393949894,patiNe,anti_homophones
592,1,2,1,5,2,-4.7720178598609175,4.7720178598609175,R°d5g,anti_homophones
593,1,5,1,5,2,-4.24750421175696,4.24750421175696,R°s@s,anti_homophones
594,1,21,4,4,1,-3.354993011821834,3.354993011821834,tabl,anti_homophones
595,1,0,0,10,5,-9.441374873217804,9.441374873217804,amotematif,anti_homophones
596,1,2,0,9,4,-6.044848673734517,6.044848673734517,Optabl°m@,anti_homophones
597,1,1,0,6,3,-7.362460778407672,7.362460778407672,senisi,anti_homophones
598,1,0,0,6,3,-6.220313251108754,6.220313251108754,Ruvaje,anti_homophones
599,1,29,0,3,1,-4.389224350890922,4.389224350890922,maS,anti_homophones
600,1,0,0,6,2,-8.228964391929498,8.228964391929498,tRid8i,anti_homophones
601,1,1,0,6,2,-5.022415221250376,5.022415221250376,poSwaR,anti_homophones
602,1,25,5,4,1,-3.3479679301780534,3.3479679301780534,Rabl,anti_homophones
603,1,1,0,8,3,-6.378854707541215,6.378854707541215,k§stRyke,anti_homophones
604,1,4,1,8,3,-5.063779214715515,5.063779214715515,p8izasj§,anti_homophones
605,1,19,2,4,2,-4.131607303790788,4.131607303790788,kyle,anti_homophones
606,1,0,0,9,3,-8.953115644951433,8.953115644951433,vitasmEtR,anti_homophones
607,1,3,1,5,3,-5.156036535209745,5.156036535209745,omoZe,anti_homophones
608,1,11,3,4,2,-3.801615187729602,3.801615187729602,d°m@,anti_homophones
609,1,0,1,5,3,-4.6407713949442035,4.6407713949442035,in5te,anti_homophones
610,1,0,0,8,3,-9.447219188412637,9.447219188412637,S°v@djEz,anti_homophones
611,1,5,0,6,3,-5.0119572493703926,5.0119572493703926,aRd°m@,anti_homophones
612,1,13,0,4,1,-4.683330811135128,4.683330811135128,glER,anti_homophones
613,1,0,0,6,3,-7.895500276292312,7.895500276292312,l@tuRi,anti_homophones
614,1,1,0,6,3,-6.853347949421413,6.853347949421413,ORf°le,anti_homophones
615,1,0,0,12,5,-11.630823651963977,11.630823651963977,vaRj@tipRoze,anti_homophones
616,1,1,0,5,2,-6.692668758594837,6.692668758594837,bjeni,anti_homophones
617,1,0,0,10,4,-9.402482381264322,9.402482381264322,lObyl@sjal,anti_homophones
618,1,0,0,11,4,-9.60788325056132,9.60788325056132,mitogRavizm,anti_homophones
619,1,17,0,3,2,-4.0786080874019035,4.0786080874019035,ot@,anti_homophones
620,1,0,0,5,2,-7.5739174911502305,7.5739174911502305,R2k8@,anti_homophones
621,1,0,0,8,3,-6.642524538923361,6.642524538923361,sovatizm,anti_homophones
622,1,0,0,12,6,-12.799758447313735,12.799758447313735,@bj@timilOpi,anti_homophones
623,1,0,0,10,4,-9.838835121997018,9.838835121997018,SERgiNonaZ,anti_homophones
624,1,0,0,10,4,-7.0475292320820095,7.0475292320820095,klasjOn°Ri,anti_homophones
625,1,0,0,7,3,-6.864449033724016,6.864449033724016,snipyl@,anti_homophones
626,1,1,0,6,2,-6.014339365851614,6.014339365851614,sebORd,anti_homophones
627,1,0,0,10,5,-6.577271015177111,6.577271015177111,epatizasj§,anti_homophones
628,1,0,1,7,3,-5.48008962279508,5.48008962279508,5dystik,anti_homophones
629,1,0,0,9,4,-10.481981375395177,10.481981375395177,bugRebeZe,anti_homophones
630,1,1,1,5,2,-5.366498773936339,5.366498773936339,dopaZ,anti_homophones
631,1,2,1,6,2,-4.959815545010779,4.959815545010779,pwaNaR,anti_homophones
632,1,1,0,5,2,-5.704411025897726,5.704411025897726,napEt,anti_homophones
633,1,0,0,11,5,-9.955050177414773,9.955050177414773,fOtotaRisEl,anti_homophones
634,1,0,0,8,4,-5.479867090580639,5.479867090580639,k§siNite,anti_homophones
635,1,3,1,4,2,-5.4236662324506115,5.4236662324506115,5san,anti_homophones
636,1,1,0,6,2,-7.170424022701334,7.170424022701334,sakRab,anti_homophones
637,1,3,1,5,2,-4.757692789103306,4.757692789103306,dul9R,anti_homophones
638,1,0,0,11,4,-10.066314696442852,10.066314696442852,pyblifORsal,anti_homophones
639,1,0,0,14,5,-10.032032276549984,10.032032276549984,detEktRonisabl,anti_homophones
640,1,0,0,7,3,-6.577110544006226,6.577110544006226,fek§daZ,anti_homophones
641,1,1,2,7,3,-5.110114321549735,5.110114321549735,5fEkt9R,anti_homophones
642,1,0,0,9,4,-7.359529227305202,7.359529227305202,n2Ropisj§,anti_homophones
643,1,0,0,8,4,-8.466067662245667,8.466067662245667,likaR@te,anti_homophones
644,1,7,0,4,2,-4.530872749696503,4.530872749696503,koS§,anti_homophones
645,1,0,0,6,3,-6.581794705054441,6.581794705054441,desapi,anti_homophones
646,1,0,0,10,4,-10.552483589274852,10.552483589274852,badisgR°lE,anti_homophones
647,1,15,2,6,3,-4.36030584061118,4.36030584061118,kolite,anti_homophones
648,1,0,0,6,3,-8.426614558961559,8.426614558961559,2REkso,anti_homophones
649,1,0,0,10,5,-10.371121081045706,10.371121081045706,ekRemonoto,anti_homophones
650,1,0,0,11,4,-12.73827782227061,12.73827782227061,b@ktERkylER,anti_homophones
651,1,4,0,5,2,-5.407667339525848,5.407667339525848,altif,anti_homophones
652,1,3,0,5,3,-5.624345843711356,5.624345843711356,aduje,anti_homophones
653,1,17,1,5,2,-4.122338715198914,4.122338715198914,polik,anti_homophones
654,1,25,2,4,2,-4.066265183400594,4.066265183400594,paje,anti_homophones
655,1,0,0,11,5,-6.374427438577467,6.374427438577467,apsikoloZik,anti_homophones
656,1,0,0,20,8,-15.980886137605092,15.980886137605092,tR@sfeREzonoklamaRme,anti_homophones
657,1,0,0,12,5,-7.664326183806644,7.664326183806644,S85t@poRasj§,anti_homophones
658,1,33,2,3,2,-3.7902699923653307,3.7902699923653307,ane,anti_homophones
659,1,4,0,6,2,-4.874891748431695,4.874891748431695,patRik,anti_homophones
660,1,0,0,12,5,-11.311595381116705,11.311595381116705,kaRsEptizasE,anti_homophones
661,1,38,2,3,1,-3.4332104730400874,3.4332104730400874,sin,anti_homophones
662,1,2,0,5,2,-4.661584907948145,4.661584907948145,b2gle,anti_homophones
663,1,1,1,10,4,-4.7609828287276255,4.7609828287276255,gRafikasj§,anti_homophones
664,1,0,0,7,3,-7.4845660264766645,7.4845660264766645,likOtOm,anti_homophones
665,1,31,4,3,1,-3.80601420922014,3.80601420922014,kaZ,anti_homophones
666,1,0,0,9,3,-7.103735853708006,7.103735853708006,medjalism,anti_homophones
667,1,0,1,6,3,-5.989703977033053,5.989703977033053,@RiSik,anti_homophones
668,1,6,2,4,2,-4.544507148611152,4.544507148611152,ylte,anti_homophones
669,1,0,0,8,4,-7.929148234555452,7.929148234555452,@tifReje,anti_homophones
670,1,0,0,6,2,-7.213132464257345,7.213132464257345,stetiv,anti_homophones
671,1,9,1,5,2,-4.386063267194812,4.386063267194812,matyR,anti_homophones
672,1,0,0,8,3,-5.839208545840014,5.839208545840014,plyvjol@,anti_homophones
673,1,0,0,12,6,-10.371840222199527,10.371840222199527,kuv@sabOn°m@,anti_homophones
674,1,0,0,13,6,-9.213763488401387,9.213763488401387,5pRizotizasj§,anti_homophones
675,1,23,0,3,1,-4.525158800313013,4.525158800313013,pli,anti_homophones
676,1,0,0,7,3,-7.320677172761133,7.320677172761133,abasibl,anti_homophones
677,1,8,1,7,3,-4.338552431650293,4.338552431650293,paRt°m@,anti_homophones
678,1,1,0,7,3,-7.037931753041826,7.037931753041826,bavajaZ,anti_homophones
679,1,0,0,10,5,-7.9096368953620315,7.9096368953620315,b5zodilite,anti_homophones
680,1,12,2,4,2,-4.623871872084373,4.623871872084373,et9R,anti_homophones
681,1,2,0,7,3,-5.885077214371221,5.885077214371221,demon9R,anti_homophones
682,1,2,0,8,4,-6.192561748694527,6.192561748694527,fotik°m@,anti_homophones
683,1,26,7,5,2,-3.173447471700722,3.173447471700722,kasj§,anti_homophones
684,1,0,0,9,4,-9.532626444444855,9.532626444444855,l2kostiSo,anti_homophones
685,1,7,0,6,3,-4.763307999035057,4.763307999035057,taRize,anti_homophones
686,1,0,0,8,4,-7.761297848075078,7.761297848075078,kaRyside,anti_homophones
687,1,6,0,4,1,-5.815177982332129,5.815177982332129,skav,anti_homophones
688,1,0,0,5,2,-7.283978040670886,7.283978040670886,nabam,anti_homophones
689,1,8,0,6,2,-5.09192839971562,5.09192839971562,koRist,anti_homophones
690,1,0,0,10,4,-7.344030789468061,7.344030789468061,vizasjasj§,anti_homophones
691,1,5,0,4,1,-5.168317165076914,5.168317165076914,gREb,anti_homophones
692,1,0,0,10,5,-6.974203924529017,6.974203924529017,dekanEl°m@,anti_homophones
693,1,0,1,5,2,-5.778675705836086,5.778675705836086,b@dos,anti_homophones
694,1,0,0,10,4,-9.135189451079844,9.135189451079844,byR5t@sjOm,anti_homophones
695,1,0,0,7,3,-8.05482312945809,8.05482312945809,dep°R5g,anti_homophones
696,1,8,0,5,2,-4.966065434071796,4.966065434071796,pRoti,anti_homophones
697,1,6,0,4,1,-5.643823196288028,5.643823196288028,smEt,anti_homophones
698,1,13,1,4,2,-4.022624496297684,4.022624496297684,R°lE,anti_homophones
699,1,2,2,7,3,-4.440585521546602,4.440585521546602,Eksjone,anti_homophones
700,1,42,3,3,1,-3.6711181956961894,3.6711181956961894,Ral,anti_homophones
701,1,1,0,5,2,-6.357152744661212,6.357152744661212,@dRil,anti_homophones
702,1,2,0,7,3,-5.845616581783868,5.845616581783868,kakonEl,anti_homophones
703,1,12,0,4,2,-5.266885504338701,5.266885504338701,nyte,anti_homophones
704,1,0,0,6,2,-5.786743913793598,5.786743913793598,OpskyR,anti_homophones
705,1,20,4,3,1,-3.4113391630459193,3.4113391630459193,s@s,anti_homophones
706,1,0,0,10,4,-8.663089169614127,8.663089169614127,dispolEkte,anti_homophones
707,1,26,2,3,1,-3.7855966012337565,3.7855966012337565,sEl,anti_homophones
708,1,16,1,5,3,-4.28025702754151,4.28025702754151,oRize,anti_homophones
709,1,0,0,9,4,-10.579642568525337,10.579642568525337,lodakaRja,anti_homophones
710,1,0,0,12,6,-11.965395881672643,11.965395881672643,R2foRideRize,anti_homophones
711,1,0,0,9,4,-8.111674699861267,8.111674699861267,venegalaZ,anti_homophones
712,1,0,0,8,3,-10.858685204143114,10.858685204143114,ROtRoniG,anti_homophones
713,1,0,0,17,8,-17.951584185184583,17.951584185184583,opjemikolOtalinj5,anti_homophones
714,1,8,0,4,2,-5.2337181494549885,5.2337181494549885,ekOp,anti_homophones
715,1,6,1,5,2,-4.88005325654732,4.88005325654732,pitER,anti_homophones
716,1,4,1,5,2,-4.7248471660413855,4.7248471660413855,pwas@,anti_homophones
717,1,6,2,4,1,-4.384508926337859,4.384508926337859,dypl,anti_homophones
718,1,0,0,11,5,-11.422323598903613,11.422323598903613,biRotEksesi,anti_homophones
719,1,1,0,7,3,-7.4905458622823415,7.4905458622823415,R°dORma,anti_homophones
720,1,8,1,4,1,-5.076585761446433,5.076585761446433,vREs,anti_homophones
721,1,14,1,4,2,-4.656313572352781,4.656313572352781,ReZi,anti_homophones
722,1,1,1,5,2,-5.065952488847783,5.065952488847783,sysm@,anti_homophones
723,1,21,0,3,1,-4.148895888574186,4.148895888574186,t@t,anti_homophones
724,1,0,0,8,4,-6.749113754530639,6.749113754530639,Ov9Rd°Ri,anti_homophones
725,1,0,0,8,3,-8.51815069212951,8.51815069212951,Zystinis,anti_homophones
726,1,0,0,7,3,-5.995446657423417,5.995446657423417,R°t°nEt,anti_homophones
727,1,0,0,7,4,-6.570647812274025,6.570647812274025,5v5kyle,anti_homophones
728,1,1,1,6,2,-4.652156495414006,4.652156495414006,p§sabl,anti_homophones
729,1,7,0,4,2,-4.439144402883495,4.439144402883495,5fle,anti_homophones
730,1,29,4,3,1,-3.5735481689746456,3.5735481689746456,maZ,anti_homophones
731,1,0,0,6,2,-5.8748572310985585,5.8748572310985585,pERt82,anti_homophones
732,1,1,0,7,3,-5.321938003223112,5.321938003223112,dokysj§,anti_homophones
733,1,3,0,6,3,-5.82652361906873,5.82652361906873,@tR°p5,anti_homophones
734,1,1,0,8,4,-5.504961963673277,5.504961963673277,maSin°m@,anti_homophones
735,1,0,0,11,4,-8.998045740407518,8.998045740407518,sERkyltin@s,anti_homophones
736,1,1,0,7,3,-5.769585675066599,5.769585675066599,sufly@s,anti_homophones
737,1,23,9,4,2,-2.9234650183840034,2.9234650183840034,5tER,anti_homophones
738,1,23,2,4,1,-4.369722739248192,4.369722739248192,tREl,anti_homophones
739,1,0,0,8,3,-8.023675360668141,8.023675360668141,ivREskle,anti_homophones
740,1,0,0,7,3,-7.760402567142167,7.760402567142167,RozijaR,anti_homophones
741,1,0,0,16,7,-13.040042421803104,13.040042421803104,dekup°zegylastOt,anti_homophones
742,1,1,0,7,3,-6.920547109987694,6.920547109987694,tapitwa,anti_homophones
743,1,3,0,5,2,-5.367338337378548,5.367338337378548,maNaZ,anti_homophones
744,1,10,2,5,2,-4.430973934486383,4.430973934486383,pERs@,anti_homophones
745,1,0,0,18,8,-13.021396569359265,13.021396569359265,floRalisitamizasj§,anti_homophones
746,1,0,0,7,3,-6.434210009799677,6.434210009799677,5tRadje,anti_homophones
747,1,0,0,20,9,-16.002584736138832,16.002584736138832,kapasinaplasiNObl°m@,anti_homophones
748,1,4,0,5,2,-6.6007599987830865,6.6007599987830865,EpjER,anti_homophones
749,1,30,2,4,2,-3.4897004807489247,3.4897004807489247,vite,anti_homophones
750,1,16,0,3,1,-4.670656992242163,4.670656992242163,kij,anti_homophones
751,1,0,0,8,4,-5.549449189484439,5.549449189484439,monalite,anti_homophones
752,1,9,1,6,3,-4.0752787391570475,4.0752787391570475,siv°m@,anti_homophones
753,1,2,0,6,2,-5.479406894060741,5.479406894060741,destaZ,anti_homophones
754,1,26,1,3,2,-4.532803100575147,4.532803100575147,@le,anti_homophones
755,1,10,1,3,1,-4.617133876286101,4.617133876286101,dyp,anti_homophones
756,1,29,0,3,2,-4.428644292168903,4.428644292168903,aki,anti_homophones
757,1,0,0,18,8,-16.111109776348005,16.111109776348005,etRijanEks@t@d@taZ,anti_homophones
758,1,0,0,9,4,-8.13618237828279,8.13618237828279,deRem@sj2,anti_homophones
759,1,1,1,5,2,-4.849865681038034,4.849865681038034,syzR5,anti_homophones
760,1,0,0,5,3,-6.381557623698319,6.381557623698319,@s°R5,anti_homophones
761,1,0,0,7,3,-7.710792565754289,7.710792565754289,agaRnOm,anti_homophones
762,1,0,0,9,4,-9.114344307318955,9.114344307318955,m@dislase,anti_homophones
763,1,12,1,4,2,-4.449444874285973,4.449444874285973,leZi,anti_homophones
764,1,0,0,6,3,-7.045057887301894,7.045057887301894,atikys,anti_homophones
765,1,3,0,4,2,-5.102109796809278,5.102109796809278,guZa,anti_homophones
766,1,0,0,15,6,-10.833465769336097,10.833465769336097,sylfabeist@sjEl,anti_homophones
767,1,18,2,4,2,-4.043668912155615,4.043668912155615,Rezi,anti_homophones
768,1,0,0,8,4,-7.654004463346367,7.654004463346367,apl§Z°R§,anti_homophones
769,1,0,0,6,2,-6.312759079484757,6.312759079484757,s5dikt,anti_homophones
770,1,0,0,7,3,-7.379318523741783,7.379318523741783,dusaRde,anti_homophones
771,1,3,0,7,2,-5.39413433208125,5.39413433208125,pREstj§,anti_homophones
772,1,2,1,5,2,-4.802009314535722,4.802009314535722,kutym,anti_homophones
773,1,1,0,6,3,-6.145573754781232,6.145573754781232,bekote,anti_homophones
774,1,4,0,4,1,-4.872678416581767,4.872678416581767,SEvR,anti_homophones
775,1,0,0,11,5,-11.126558459716827,11.126558459716827,alkasEptaZe,anti_homophones
776,1,0,0,10,4,-9.507961385005096,9.507961385005096,Rabl2m@tat,anti_homophones
777,1,0,0,12,6,-12.006020827692037,12.006020827692037,etasjonitij§,anti_homophones
778,1,0,0,6,2,-6.660821789867477,6.660821789867477,fi1kER,anti_homophones
779,1,0,0,8,3,-7.458956216264899,7.458956216264899,fRufRut§,anti_homophones
780,1,6,0,4,2,-5.919779390147501,5.919779390147501,aRdE,anti_homophones
781,1,25,2,3,2,-4.814903368635595,4.814903368635595,eRa,anti_homophones
782,1,0,0,8,3,-7.241928386907395,7.241928386907395,k§fyst9R,anti_homophones
783,1,26,5,5,2,-3.4077366889914384,3.4077366889914384,pasj§,anti_homophones
784,1,0,0,9,5,-8.034764042412599,8.034764042412599,ypefal°m@,anti_homophones
785,1,16,2,5,1,-3.9028053965253786,3.9028053965253786,tRist,anti_homophones
786,1,0,0,11,5,-13.390107159130338,13.390107159130338,RimoRotolik,anti_homophones
787,1,0,0,13,5,-11.7003801379966,11.7003801379966,k§sERsisilj@s,anti_homophones
788,1,0,0,9,4,-7.302782968821815,7.302782968821815,tRijEv°Ri,anti_homophones
789,1,4,0,5,3,-5.557623553559904,5.557623553559904,5vile,anti_homophones
790,1,0,0,5,2,-8.330484514336584,8.330484514336584,dwuma,anti_homophones
791,1,0,0,11,4,-11.703131828328392,11.703131828328392,bReRatigabl,anti_homophones
792,1,4,0,5,3,-4.78306098000116,4.78306098000116,de@Se,anti_homophones
793,1,4,2,5,2,-4.0504219535268655,4.0504219535268655,fyzj§,anti_homophones
794,1,24,3,4,1,-3.9099726234849155,3.9099726234849155,tRaZ,anti_homophones
795,1,0,0,8,3,-6.7225249531633375,6.7225249531633375,R°kaRtik,anti_homophones
796,1,4,0,6,3,-5.111076406987344,5.111076406987344,limite,anti_homophones
797,1,0,0,10,4,-7.711544570763044,7.711544570763044,5vREsjonaZ,anti_homophones
798,1,2,0,6,3,-6.646486355790074,6.646486355790074,sedis@,anti_homophones
799,1,1,0,6,2,-5.755072743252669,5.755072743252669,sosjOm,anti_homophones
800,1,8,0,4,2,-5.692743889824994,5.692743889824994,bena,anti_homophones
801,1,0,0,9,4,-9.060243020887098,9.060243020887098,paRabuGj§,anti_homophones
802,1,11,1,4,2,-4.952628213016072,4.952628213016072,mada,anti_homophones
803,1,1,0,8,3,-6.55069948895896,6.55069948895896,topomEtR,anti_homophones
804,1,4,0,6,3,-6.4948663777087345,6.4948663777087345,@tRise,anti_homophones
805,1,0,0,8,3,-5.994488203948532,5.994488203948532,Zakylt9R,anti_homophones
806,1,5,1,4,2,-4.361263346207983,4.361263346207983,sypo,anti_homophones
807,1,1,0,6,3,-5.368628764036621,5.368628764036621,S°nije,anti_homophones
808,1,8,1,6,2,-4.541680487325159,4.541680487325159,pResif,anti_homophones
809,1,1,2,6,2,-4.435550167857057,4.435550167857057,tEknik,anti_homophones
810,1,0,0,6,2,-7.8470532931224595,7.8470532931224595,deSw9j,anti_homophones
811,1,0,0,6,3,-8.17126740725405,8.17126740725405,otyRby,anti_homophones
812,1,1,1,5,2,-5.002145699589589,5.002145699589589,swete,anti_homophones
813,1,29,2,4,2,-3.629591845910721,3.629591845910721,syRe,anti_homophones
814,1,2,2,5,2,-4.4359959198446095,4.4359959198446095,fly@s,anti_homophones
815,1,13,0,4,2,-4.900111444720915,4.900111444720915,bata,anti_homophones
816,1,24,1,3,1,-4.456683648579899,4.456683648579899,bRE,anti_homophones
817,1,27,1,3,2,-4.4925664174887725,4.4925664174887725,abe,anti_homophones
818,1,7,0,4,2,-4.6301195682650995,4.6301195682650995,alba,anti_homophones
819,1,22,2,4,2,-4.165056258308934,4.165056258308934,mile,anti_homophones
820,1,9,1,4,1,-4.380699433925322,4.380699433925322,fR@s,anti_homophones
821,1,15,2,6,2,-3.9650080574896287,3.9650080574896287,gRasj§,anti_homophones
822,1,0,1,8,3,-6.311715481817969,6.311715481817969,senomEtR,anti_homophones
823,1,12,0,4,2,-5.224316064910518,5.224316064910518,taRa,anti_homophones
824,1,0,0,10,4,-8.40810671631402,8.40810671631402,myskytinal,anti_homophones
825,1,39,5,3,1,-3.7657648215452397,3.7657648215452397,mak,anti_homophones
826,1,4,0,7,3,-5.202922742824518,5.202922742824518,ZiRasj§,anti_homophones
827,1,4,0,5,3,-4.83718223188355,4.83718223188355,5tije,anti_homophones
828,1,3,0,7,3,-5.376619480496511,5.376619480496511,fR@Z°Ri,anti_homophones
829,1,31,4,3,1,-3.744730775416656,3.744730775416656,sil,anti_homophones
830,1,6,0,7,3,-5.209067574051733,5.209067574051733,spozite,anti_homophones
831,1,12,1,3,1,-3.908135149790104,3.908135149790104,d@s,anti_homophones
832,1,3,0,6,3,-5.832913344545503,5.832913344545503,m@dim@,anti_homophones
833,1,0,0,8,4,-8.724227182037676,8.724227182037676,@s@sibit,anti_homophones
834,1,0,0,8,3,-6.09877005937027,6.09877005937027,papaRtik,anti_homophones
835,1,2,0,6,3,-6.488082390402376,6.488082390402376,Zak°t@,anti_homophones
836,1,9,1,5,2,-4.311695018982486,4.311695018982486,susje,anti_homophones
837,1,0,0,11,5,-6.9761744500728735,6.9761744500728735,5vEstoloZik,anti_homophones
838,1,13,1,4,2,-4.206880855609849,4.206880855609849,semi,anti_homophones
839,1,19,4,5,2,-3.747626269180962,3.747626269180962,basj§,anti_homophones
840,1,20,2,4,1,-3.9590875702945962,3.9590875702945962,fwaR,anti_homophones
841,1,7,1,5,2,-4.761952184337772,4.761952184337772,syREt,anti_homophones
842,1,1,0,7,3,-5.949283504945995,5.949283504945995,lobysj§,anti_homophones
843,1,0,0,8,3,-7.485048500389361,7.485048500389361,elEskRik,anti_homophones
844,1,1,0,7,3,-7.089188677627515,7.089188677627515,Sakynj§,anti_homophones
845,1,1,0,6,3,-9.00212554111673,9.00212554111673,neRide,anti_homophones
846,1,22,2,3,1,-4.380652783983102,4.380652783983102,ROl,anti_homophones
847,1,1,1,5,1,-4.903813129925192,4.903813129925192,pjEgl,anti_homophones
848,1,10,0,4,2,-5.175417998710547,5.175417998710547,vOle,anti_homophones
849,1,1,0,5,3,-5.63337173549888,5.63337173549888,abet§,anti_homophones
850,1,0,0,9,4,-8.3867590366775,8.3867590366775,asdikanal,anti_homophones
851,1,4,0,5,2,-4.991919916589205,4.991919916589205,Radzo,anti_homophones
852,1,3,1,6,3,-5.31579796609834,5.31579796609834,anisj§,anti_homophones
853,1,0,0,5,2,-7.020730182758827,7.020730182758827,gast2,anti_homophones
854,1,0,0,7,4,-7.511667237691683,7.511667237691683,esoRaje,anti_homophones
855,1,0,0,14,6,-10.082591328660419,10.082591328660419,aRmonotin8at9R,anti_homophones
856,1,16,1,6,3,-4.156797471393285,4.156797471393285,@tasj§,anti_homophones
857,1,0,0,8,3,-7.301397748029322,7.301397748029322,k§seksin,anti_homophones
858,1,1,0,5,2,-5.105821442016571,5.105821442016571,dest5,anti_homophones
859,1,0,0,11,5,-12.209499491867337,12.209499491867337,salidjoRaZ2,anti_homophones
860,1,0,0,10,4,-8.39611066397101,8.39611066397101,ORtisfatik,anti_homophones
861,1,0,0,12,5,-13.360291263895,13.360291263895,5fOsidRoljEs,anti_homophones
862,1,3,0,6,2,-5.1429500508554815,5.1429500508554815,pRodaZ,anti_homophones
863,1,1,0,7,2,-7.5366076816044005,7.5366076816044005,taRtitR,anti_homophones
864,1,0,0,8,4,-5.89540019953526,5.89540019953526,alSis°m@,anti_homophones
865,1,0,0,11,5,-6.725757678777921,6.725757678777921,Egzistik°m@,anti_homophones
866,1,7,0,3,2,-4.909252581286267,4.909252581286267,OkE,anti_homophones
867,1,7,0,3,2,-5.345268387671857,5.345268387671857,ny@,anti_homophones
868,1,1,1,6,2,-5.0328144103466395,5.0328144103466395,RuZwaR,anti_homophones
869,1,17,6,4,2,-3.4706146086035314,3.4706146086035314,s°m@,anti_homophones
870,1,3,1,8,3,-4.655020175465764,4.655020175465764,djabl°m@,anti_homophones
871,1,0,0,13,5,-7.950507948662026,7.950507948662026,tR@sfENabl°m@,anti_homophones
872,1,0,0,9,4,-6.486122494293612,6.486122494293612,l@ginasj§,anti_homophones
873,1,0,0,11,5,-10.381396327913254,10.381396327913254,djosij§feRe,anti_homophones
874,1,0,0,19,8,-18.823217433477847,18.823217433477847,enavwajadzaRonORm9R,anti_homophones
875,1,6,0,5,2,-4.438955027011775,4.438955027011775,Estj§,anti_homophones
876,1,0,0,10,4,-10.676550361751717,10.676550361751717,sakRik°myz,anti_homophones
877,1,0,0,10,4,-9.632639514283335,9.632639514283335,fyRtuS°maR,anti_homophones
878,1,0,0,9,4,-7.109350245308695,7.109350245308695,selef@tal,anti_homophones
879,1,3,0,3,1,-4.733785857156302,4.733785857156302,gnu,anti_homophones
880,1,3,0,5,2,-5.149152458026342,5.149152458026342,R°vOl,anti_homophones
881,1,23,2,5,2,-4.260744393263718,4.260744393263718,kRite,anti_homophones
882,1,7,0,4,1,-4.534124286918362,4.534124286918362,klOp,anti_homophones
883,1,6,1,4,2,-5.276577391790923,5.276577391790923,m§t5,anti_homophones
884,1,1,0,6,3,-5.4371050047241125,5.4371050047241125,apRim@,anti_homophones
885,1,11,0,4,2,-5.141078995873958,5.141078995873958,pyR@,anti_homophones
886,1,5,1,5,2,-4.992060530490161,4.992060530490161,RevOl,anti_homophones
887,1,12,0,4,2,-5.512797643706297,5.512797643706297,eRin,anti_homophones
888,1,1,0,6,3,-5.941607732715758,5.941607732715758,aktiv@,anti_homophones
889,1,8,1,4,2,-4.909045316394104,4.909045316394104,apOt,anti_homophones
890,1,0,0,10,4,-10.050299213978212,10.050299213978212,balkylat8i,anti_homophones
891,1,4,0,5,2,-5.316941646835136,5.316941646835136,RekyR,anti_homophones
892,1,0,0,11,4,-8.19525540665021,8.19525540665021,mORfistityd,anti_homophones
893,1,0,0,9,4,-7.558583128028124,7.558583128028124,idRolisj5,anti_homophones
894,1,0,0,14,7,-12.48790803989725,12.48790803989725,monegoSim@s°m@,anti_homophones
895,1,15,1,4,2,-4.504219979500606,4.504219979500606,liNe,anti_homophones
896,1,0,0,8,4,-8.257632888094555,8.257632888094555,diviteik,anti_homophones
897,1,0,0,7,3,-8.129250044476237,8.129250044476237,b@datEN,anti_homophones
898,1,0,0,9,4,-9.439377374304186,9.439377374304186,en§bR°bik,anti_homophones
899,1,18,0,3,1,-4.606640349907416,4.606640349907416,suk,anti_homophones
900,1,3,0,6,3,-5.351470705954138,5.351470705954138,5sonEl,anti_homophones
901,1,13,1,2,1,-4.579748539874381,4.579748539874381,Of,anti_homophones
902,1,1,0,7,3,-6.166573671385619,6.166573671385619,filysj§,anti_homophones
903,1,0,0,7,2,-7.090279760931397,7.090279760931397,pastitR,anti_homophones
904,1,1,0,8,4,-6.066550989874278,6.066550989874278,ekyzat9R,anti_homophones
905,1,13,1,4,2,-4.46303906460016,4.46303906460016,fiz@,anti_homophones
906,1,1,0,6,3,-6.810383937791751,6.810383937791751,epaROs,anti_homophones
907,1,1,0,5,3,-5.566871826451899,5.566871826451899,ot°lE,anti_homophones
908,1,2,0,8,4,-4.980246665776357,4.980246665776357,5tERn°m@,anti_homophones
909,1,6,0,4,2,-4.724428771968046,4.724428771968046,R°fy,anti_homophones
910,1,5,0,5,2,-5.235772112079157,5.235772112079157,lig9R,anti_homophones
911,1,27,0,2,1,-5.0631539228315,5.0631539228315,je,anti_homophones
912,1,0,0,7,3,-7.229992024156982,7.229992024156982,s@tRaOR,anti_homophones
913,1,0,0,8,4,-7.532569579842136,7.532569579842136,@dRolite,anti_homophones
914,1,3,0,5,2,-5.416255848779748,5.416255848779748,spij§,anti_homophones
915,1,0,0,16,7,-14.136588724944813,14.136588724944813,fylmonoReselefOR,anti_homophones
916,1,4,0,6,3,-5.4332147264439845,5.4332147264439845,filone,anti_homophones
917,1,0,0,11,5,-10.927300663315362,10.927300663315362,Oksasjonolo,anti_homophones
918,1,0,0,10,4,-9.15583154348731,9.15583154348731,pw5tigRem@,anti_homophones
919,1,0,0,8,3,-8.708079015363523,8.708079015363523,mEskatin,anti_homophones
920,1,8,1,4,2,-4.3234442868257705,4.3234442868257705,@pEt,anti_homophones
921,1,1,0,6,4,-4.75534638962345,4.75534638962345,aeRoid,anti_homophones
922,1,0,0,8,3,-6.515174695338102,6.515174695338102,deposfER,anti_homophones
923,1,0,0,8,3,-10.185525490274241,10.185525490274241,natR°sin,anti_homophones
924,1,33,1,3,1,-3.646624538915363,3.646624538915363,sal,anti_homophones
925,1,10,0,4,2,-4.792775271168633,4.792775271168633,R°p§,anti_homophones
926,1,12,1,4,2,-4.546757926184652,4.546757926184652,epin,anti_homophones
927,1,6,0,5,2,-4.984837516136947,4.984837516136947,dekad,anti_homophones
928,1,0,0,7,2,-5.54757870520211,5.54757870520211,steRabl,anti_homophones
929,1,1,0,6,2,-6.197526308977187,6.197526308977187,sOlvad,anti_homophones
930,1,1,0,8,3,-5.442346517379212,5.442346517379212,devjat9R,anti_homophones
931,1,4,0,4,2,-4.882088665463377,4.882088665463377,tSao,anti_homophones
932,1,4,0,4,2,-6.662762940592973,6.662762940592973,gij2,anti_homophones
933,1,0,0,6,3,-6.875790060416022,6.875790060416022,muZ5be,anti_homophones
934,1,0,0,7,3,-5.877606288487275,5.877606288487275,k§st@dy,anti_homophones
935,1,7,1,4,2,-4.49030126408311,4.49030126408311,figy,anti_homophones
936,1,6,0,4,1,-4.844672594277922,4.844672594277922,sm9R,anti_homophones
937,1,1,0,7,3,-5.2148961923024,5.2148961923024,pyNasj§,anti_homophones
938,1,3,0,5,2,-6.379254161855639,6.379254161855639,@guRb,anti_homophones
939,1,6,0,5,2,-6.1121367529603035,6.1121367529603035,ekliv,anti_homophones
940,1,1,1,4,2,-4.782048142261999,4.782048142261999,Z@R2,anti_homophones
941,1,0,0,6,3,-5.273824254496917,5.273824254496917,egoizm,anti_homophones
942,1,1,0,6,3,-6.591817870554406,6.591817870554406,maR@Se,anti_homophones
943,1,10,2,3,1,-4.592397058741371,4.592397058741371,Rj5,anti_homophones
944,1,0,0,8,3,-5.772289669840106,5.772289669840106,gRafikaZ,anti_homophones
945,1,20,0,3,1,-4.897708765723432,4.897708765723432,ROk,anti_homophones
946,1,0,0,5,2,-5.582466161713753,5.582466161713753,viROS,anti_homophones
947,1,1,0,8,4,-6.6699059208112335,6.6699059208112335,pavelite,anti_homophones
948,1,5,1,6,3,-5.157764842647646,5.157764842647646,teleje,anti_homophones
949,1,12,0,3,2,-4.7033933185114165,4.7033933185114165,piu,anti_homophones
950,1,22,2,5,3,-3.788429364322397,3.788429364322397,al°m@,anti_homophones
951,1,39,2,3,1,-3.7863294056561796,3.7863294056561796,bER,anti_homophones
952,1,2,0,5,2,-5.131106226044375,5.131106226044375,fibys,anti_homophones
953,1,0,0,9,3,-10.619466593860686,10.619466593860686,lostaRjoz,anti_homophones
954,1,0,0,11,5,-10.222831973978625,10.222831973978625,RekRiaRSiti,anti_homophones
955,1,0,0,13,5,-9.55642819054952,9.55642819054952,desEpsistat9R,anti_homophones
956,1,0,0,18,7,-15.053574015827838,15.053574015827838,bOksiklemaRsEptiz@,anti_homophones
957,1,0,0,12,4,-9.995921482092252,9.995921482092252,plER°m§djabl,anti_homophones
958,1,8,1,4,1,-4.571864624104792,4.571864624104792,buRZ,anti_homophones
959,1,0,0,7,3,-6.956051142093788,6.956051142093788,5t8ij9l,anti_homophones
960,1,3,0,5,2,-5.57665730884966,5.57665730884966,sp§te,anti_homophones
961,1,0,0,7,2,-5.52333866207178,5.52333866207178,mORfizm,anti_homophones
962,1,1,0,10,4,-6.004935991966494,6.004935991966494,pERkylasj§,anti_homophones
963,1,0,0,9,4,-6.404608060836165,6.404608060836165,s5dikat9R,anti_homophones
964,1,0,0,11,5,-8.516587522811692,8.516587522811692,dERlytilite,anti_homophones
965,1,0,0,11,4,-11.97533433000864,11.97533433000864,sibelEktRaZ,anti_homophones
966,1,0,0,7,3,-6.507169261728156,6.507169261728156,5fORsEl,anti_homophones
967,1,1,0,5,2,-6.164274485920169,6.164274485920169,Zibli,anti_homophones
968,1,0,0,6,3,-6.585862775963363,6.585862775963363,ekom@d,anti_homophones
969,1,0,0,9,4,-7.774560750991248,7.774560750991248,aR@tRat9R,anti_homophones
970,1,0,0,7,3,-7.366698078014888,7.366698078014888,vokasin,anti_homophones
971,1,0,0,15,7,-15.433936874416256,15.433936874416256,abalabilabulEvR,anti_homophones
972,1,20,2,4,2,-3.848471601103965,3.848471601103965,k§se,anti_homophones
973,1,0,0,10,4,-9.32211712577408,9.32211712577408,vERsOnOtEl,anti_homophones
974,1,1,0,6,3,-6.321169845924014,6.321169845924014,lokume,anti_homophones
975,1,24,4,4,1,-3.7636813221345333,3.7636813221345333,pist,anti_homophones
976,1,7,0,7,3,-5.156924049462504,5.156924049462504,badasj§,anti_homophones
977,1,0,0,7,2,-7.243681548878552,7.243681548878552,Z8ivREm,anti_homophones
978,1,1,1,5,3,-5.671572916846732,5.671572916846732,edib§,anti_homophones
979,1,0,0,10,5,-11.273262700166727,11.273262700166727,akijetitaR,anti_homophones
980,1,0,0,9,4,-8.161156753510161,8.161156753510161,totomanj5,anti_homophones
981,1,1,0,6,3,-6.622323696763421,6.622323696763421,aptize,anti_homophones
982,1,3,0,6,3,-5.371058653373687,5.371058653373687,5gRafi,anti_homophones
983,1,21,2,3,1,-3.9529518895068394,3.9529518895068394,Est,anti_homophones
984,1,48,3,3,2,-3.9264592421666284,3.9264592421666284,aRo,anti_homophones
985,1,0,0,11,5,-9.846717135385703,9.846717135385703,s@tRavaZ°Ro,anti_homophones
986,1,0,0,9,4,-7.116049001374231,7.116049001374231,evokalist,anti_homophones
987,1,2,1,6,2,-4.2198997448143425,4.2198997448143425,pRoZEn,anti_homophones
988,1,20,2,3,1,-4.167827829626228,4.167827829626228,dOk,anti_homophones
989,1,0,0,8,4,-6.984041057088297,6.984041057088297,tatalize,anti_homophones
990,1,0,0,12,5,-11.101191884622605,11.101191884622605,pRekometRemi,anti_homophones
991,1,3,0,5,2,-4.9792038360509245,4.9792038360509245,5fRaZ,anti_homophones
992,1,0,0,10,4,-7.431696272022803,7.431696272022803,R°kopinjOm,anti_homophones
993,1,0,0,10,5,-9.4316292487403,9.4316292487403,latematon2,anti_homophones
994,1,1,0,5,2,-5.354056219203644,5.354056219203644,buzuk,anti_homophones
995,1,24,2,3,1,-4.053956982993797,4.053956982993797,R@s,anti_homophones
996,1,1,1,7,3,-6.42991470880532,6.42991470880532,ekoRizm,anti_homophones
997,1,1,0,6,3,-5.061491565676668,5.061491565676668,Zydam@,anti_homophones
998,1,8,2,4,2,-4.940869344343935,4.940869344343935,meto,anti_homophones
999,1,0,0,16,6,-11.24907018417073,11.24907018417073,pResERvERn2mot9R,anti_homophones
1000,1,0,0,21,8,-17.480053339618383,17.480053339618383,biskRediREktoRj@taliS,anti_homophones
1001,1,0,0,8,3,-7.390687827731664,7.390687827731664,dekRutj5,anti_homophones
1002,1,16,5,3,1,-3.681775925554412,3.681775925554412,psi,anti_homophones
1003,1,5,2,4,2,-4.183140381881855,4.183140381881855,l°ve,anti_homophones
1004,1,0,0,8,3,-8.78033365858573,8.78033365858573,EstpRoZi,anti_homophones
1005,1,3,0,5,2,-5.600420033562186,5.600420033562186,dekOt,anti_homophones
1006,1,1,0,6,3,-5.0806986409132335,5.0806986409132335,k§t5Z@,anti_homophones
1007,1,15,1,4,2,-4.234446244954689,4.234446244954689,vote,anti_homophones
1008,1,0,0,8,4,-6.60345217107996,6.60345217107996,R°k§vOke,anti_homophones
1009,1,0,0,12,5,-5.680547383431148,5.680547383431148,sybZEktiv°m@,anti_homophones
1010,1,1,1,5,2,-5.661845600353106,5.661845600353106,s5div,anti_homophones
1011,1,3,1,4,2,-5.053517838059889,5.053517838059889,nivo,anti_homophones
1012,1,20,2,3,1,-4.205852760211604,4.205852760211604,kaN,anti_homophones
1013,1,0,0,7,3,-6.639280524113645,6.639280524113645,imiljaZ,anti_homophones
1014,1,0,0,8,4,-7.630671676220462,7.630671676220462,5pR§p9Re,anti_homophones
1015,1,0,0,11,4,-10.410190137337233,10.410190137337233,filjaRk@tER,anti_homophones
1016,1,22,1,3,1,-4.393804382120843,4.393804382120843,kaf,anti_homophones
1017,1,3,0,6,3,-4.803118901981745,4.803118901981745,Egzote,anti_homophones
1018,1,0,0,7,3,-6.300755388066563,6.300755388066563,deb@daR,anti_homophones
1019,1,5,1,4,2,-4.558799314235399,4.558799314235399,odaZ,anti_homophones
1020,1,0,0,13,6,-10.871592116023367,10.871592116023367,ReziR2p8isam@,anti_homophones
1021,1,18,1,4,2,-4.576198869020038,4.576198869020038,edik,anti_homophones
1022,1,9,1,5,2,-4.796279022525677,4.796279022525677,fuRbe,anti_homophones
1023,1,0,0,7,2,-6.665143038595011,6.665143038595011,poplasm,anti_homophones
1024,1,4,1,7,3,-4.358110611552568,4.358110611552568,vjoloZi,anti_homophones
1025,1,1,0,6,2,-6.156278446835337,6.156278446835337,pReNaR,anti_homophones
1026,1,0,0,7,3,-9.319345805028176,9.319345805028176,dEg°m§d,anti_homophones
1027,1,3,0,5,2,-6.219828749255262,6.219828749255262,selEz,anti_homophones
1028,1,0,0,9,4,-7.585318142409966,7.585318142409966,RatikylOm,anti_homophones
1029,1,1,0,9,4,-6.61885153804691,6.61885153804691,mitwaR°m@,anti_homophones
1030,1,2,0,6,3,-6.412592202375157,6.412592202375157,b@dem@,anti_homophones
1031,1,0,0,11,5,-10.862139598429438,10.862139598429438,dez5teREv2z,anti_homophones
1032,1,1,0,5,2,-5.015257478184152,5.015257478184152,etjOl,anti_homophones
1033,1,0,0,6,3,-7.423095345991603,7.423095345991603,abREzi,anti_homophones
1034,1,0,0,7,2,-8.289269087115995,8.289269087115995,bilbyst,anti_homophones
1035,1,1,0,7,3,-7.143676808170701,7.143676808170701,pn2mope,anti_homophones
1036,1,14,0,4,2,-5.114518130357353,5.114518130357353,kan@,anti_homophones
1037,1,33,7,3,2,-3.4483318600185413,3.4483318600185413,@te,anti_homophones
1038,1,0,0,10,4,-8.816838054538326,8.816838054538326,epilasnObl,anti_homophones
1039,1,4,0,5,1,-5.030006873534362,5.030006873534362,stibl,anti_homophones
1040,1,0,0,7,3,-7.40630071119579,7.40630071119579,l§bon9R,anti_homophones
1041,1,24,0,3,1,-4.65096198495743,4.65096198495743,lap,anti_homophones
1042,1,0,0,7,3,-6.72534208236743,6.72534208236743,Elm5tj5,anti_homophones
1043,1,0,0,16,6,-11.512767966714822,11.512767966714822,5pRedyksjoniflOt,anti_homophones
1044,1,0,0,8,4,-8.076949731834416,8.076949731834416,detuRise,anti_homophones
1045,1,0,0,9,3,-7.416239585214499,7.416239585214499,fil9Rnist,anti_homophones
1046,1,1,1,5,2,-4.774008293557196,4.774008293557196,R2t8e,anti_homophones
1047,1,0,0,14,6,-9.659579904019772,9.659579904019772,m°naRSitizasj§,anti_homophones
1048,1,1,0,9,5,-7.060648809326805,7.060648809326805,elabilize,anti_homophones
1049,1,0,0,13,4,-11.39397218141289,11.39397218141289,EkspliskuRtif,anti_homophones
1050,1,0,0,6,2,-6.417764592425424,6.417764592425424,petR9j,anti_homophones
1051,1,0,0,8,3,-5.711448258922974,5.711448258922974,5tERmEtR,anti_homophones
1052,1,42,0,2,1,-4.568434352545072,4.568434352545072,at,anti_homophones
1053,1,0,0,16,7,-13.618642656375632,13.618642656375632,syRezid@tifj@tik,anti_homophones
1054,1,0,0,6,3,-6.557067040057024,6.557067040057024,deidOl,anti_homophones
1055,1,0,0,8,3,-7.27494731233087,7.27494731233087,tetRoman,anti_homophones
1056,1,9,0,3,1,-4.941361540632752,4.941361540632752,tuG,anti_homophones
1057,1,8,1,4,2,-4.72865090953701,4.72865090953701,desE,anti_homophones
1058,1,0,1,7,3,-5.885142566918027,5.885142566918027,paRazif,anti_homophones
1059,1,1,0,9,4,-7.853963224961534,7.853963224961534,fysjal°m@,anti_homophones
1060,1,18,1,4,2,-4.618587770866879,4.618587770866879,aval,anti_homophones
1061,1,3,0,6,2,-5.555733549945883,5.555733549945883,pERsin,anti_homophones
1062,1,0,0,14,6,-11.27467773333535,11.27467773333535,siNifisjonalOg,anti_homophones
1063,1,0,0,6,3,-6.767471146981202,6.767471146981202,ReanOS,anti_homophones
1064,1,0,0,12,5,-10.98346588401078,10.98346588401078,dez@kRet@dik,anti_homophones
1065,1,0,0,11,5,-6.711700540140348,6.711700540140348,myskyl2z°m@,anti_homophones
1066,1,8,0,6,3,-4.796236912126934,4.796236912126934,p@t°Ri,anti_homophones
1067,1,0,0,9,4,-5.8757008789556835,5.8757008789556835,Eksizasj§,anti_homophones
1068,1,1,0,5,2,-5.524005272529081,5.524005272529081,sybil,anti_homophones
1069,1,0,0,12,6,-11.204275333492745,11.204275333492745,alisyRfasone,anti_homophones
1070,1,4,1,4,2,-5.247853605723823,5.247853605723823,idj§,anti_homophones
1071,1,9,1,5,3,-4.077426383092875,4.077426383092875,@s°m@,anti_homophones
1072,1,1,0,6,3,-7.312747554326812,7.312747554326812,talipi,anti_homophones
1073,1,0,0,7,4,-7.009687591693722,7.009687591693722,amazyRe,anti_homophones
1074,1,29,1,3,1,-4.229871109019969,4.229871109019969,kiR,anti_homophones
1075,1,0,0,7,3,-8.16084523028039,8.16084523028039,fikasas,anti_homophones
1076,1,0,0,12,5,-12.144991226025533,12.144991226025533,seleZimnoizm,anti_homophones
1077,1,0,0,7,4,-7.919476610392972,7.919476610392972,afleon5,anti_homophones
1078,1,0,0,10,4,-8.033332316027023,8.033332316027023,paRtityRbe,anti_homophones
1079,1,6,0,6,3,-6.366479917568626,6.366479917568626,somize,anti_homophones
1080,1,15,2,3,1,-4.735624052749471,4.735624052749471,pR§,anti_homophones
1081,1,0,0,14,6,-11.60485265619551,11.60485265619551,kRalinimylasj§,anti_homophones
1082,1,11,1,4,2,-5.1062416634583325,5.1062416634583325,kili,anti_homophones
1083,1,1,0,7,4,-5.880380730567832,5.880380730567832,amin°Ri,anti_homophones
1084,1,0,0,9,4,-8.037143439528757,8.037143439528757,gRafinitu,anti_homophones
1085,1,1,0,5,2,-6.074155195895928,6.074155195895928,penOn,anti_homophones
1086,1,1,0,4,2,-7.263376272412542,7.263376272412542,OgaZ,anti_homophones
1087,1,0,0,10,5,-8.358348353777414,8.358348353777414,ReekRaSote,anti_homophones
1088,1,4,0,6,3,-5.758992557925229,5.758992557925229,av@t9R,anti_homophones
1089,1,28,1,2,1,-4.568606362555922,4.568606362555922,Ro,anti_homophones
1090,1,0,0,6,2,-6.888145728753172,6.888145728753172,RevjEj,anti_homophones
1091,1,1,0,8,3,-6.864477665866987,6.864477665866987,dekutEjk,anti_homophones
1092,1,0,0,7,4,-8.589889437961148,8.589889437961148,aRit@si,anti_homophones
1093,1,34,3,4,2,-4.017178262712545,4.017178262712545,kate,anti_homophones
1094,1,0,0,13,5,-11.565810374980924,11.565810374980924,desufR°mEdzik,anti_homophones
1095,1,0,0,7,2,-5.577134986869445,5.577134986869445,myltjER,anti_homophones
1096,1,2,2,5,3,-4.433247037451631,4.433247037451631,@vute,anti_homophones
1097,1,1,0,5,2,-5.577285258141103,5.577285258141103,deZad,anti_homophones
1098,1,0,0,8,3,-8.733267279008427,8.733267279008427,vwateR5t,anti_homophones
1099,1,0,1,5,2,-4.648963080286629,4.648963080286629,k9jiR,anti_homophones
1100,1,1,0,6,3,-5.923772299799781,5.923772299799781,kymyl@,anti_homophones
1101,1,0,0,7,2,-5.267312827085622,5.267312827085622,skEjtiG,anti_homophones
1102,1,0,0,17,7,-10.570366814193116,10.570366814193116,fORmaskylpabil°m@,anti_homophones
1103,1,32,0,3,1,-4.003506967105504,4.003506967105504,gRi,anti_homophones
1104,1,0,0,6,3,-7.483023986580539,7.483023986580539,@kaske,anti_homophones
1105,1,2,0,5,2,-5.789999338771509,5.789999338771509,ivREs,anti_homophones
1106,1,0,0,14,6,-15.004560792106204,15.004560792106204,t@poRabalkyzj§,anti_homophones
1107,1,7,1,5,2,-5.081934843694921,5.081934843694921,pulin,anti_homophones
1108,1,9,0,5,2,-4.927842054325614,4.927842054325614,melje,anti_homophones
1109,1,0,0,13,7,-11.028844104090425,11.028844104090425,Re5v@sefalomi,anti_homophones
1110,1,12,1,3,1,-4.399296747315556,4.399296747315556,Soz,anti_homophones
1111,1,0,0,7,3,-6.587137726879371,6.587137726879371,R°b@dOR,anti_homophones
1112,1,0,0,12,4,-9.615521502626626,9.615521502626626,stERmist@sj2,anti_homophones
1113,1,21,0,4,1,-5.803736698907557,5.803736698907557,b@dR,anti_homophones
1114,1,12,1,3,1,-5.01461107566637,5.01461107566637,R@Z,anti_homophones
1115,1,12,1,4,2,-5.079836636071368,5.079836636071368,etil,anti_homophones
1116,1,1,0,7,3,-6.2958512150464285,6.2958512150464285,dispEka,anti_homophones
1117,1,2,0,8,3,-6.233819754369011,6.233819754369011,palpabil,anti_homophones
1118,1,3,0,6,3,-5.480967687102467,5.480967687102467,akside,anti_homophones
1119,1,0,0,11,5,-10.601082057804868,10.601082057804868,tRokypeRyl@,anti_homophones
1120,1,1,0,6,3,-5.351500239395776,5.351500239395776,dep°R§,anti_homophones
1121,1,6,0,5,2,-4.969662444588494,4.969662444588494,tR@si,anti_homophones
1122,1,6,0,5,2,-5.709877940101005,5.709877940101005,matiS,anti_homophones
1123,1,16,1,4,2,-4.622130924434385,4.622130924434385,inat,anti_homophones
1124,1,16,3,6,3,-3.538406840098941,3.538406840098941,koloZi,anti_homophones
1125,1,0,0,6,3,-6.945046336366952,6.945046336366952,gadOp@,anti_homophones
1126,1,0,0,7,3,-6.646938383619803,6.646938383619803,k§pozaR,anti_homophones
1127,1,1,0,4,2,-6.181771363591559,6.181771363591559,im8E,anti_homophones
1128,1,0,0,13,6,-12.845198399170481,12.845198399170481,poligabazilEl,anti_homophones
1129,1,7,2,4,2,-5.039310814671013,5.039310814671013,Es@s,anti_homophones
1130,1,0,0,11,5,-7.966665075407782,7.966665075407782,balaktilite,anti_homophones
1131,1,24,1,4,2,-3.9363438120097016,3.9363438120097016,etik,anti_homophones
1132,1,0,0,10,4,-10.28994893155469,10.28994893155469,ponidinabl,anti_homophones
1133,1,4,0,7,2,-5.409249163749196,5.409249163749196,kaRnabl,anti_homophones
1134,1,17,3,3,2,-3.9543272407588406,3.9543272407588406,@dy,anti_homophones
1135,1,20,1,2,1,-4.568785940401385,4.568785940401385,fo,anti_homophones
1136,1,0,0,9,4,-12.237444744216342,12.237444744216342,biN§valwE,anti_homophones
1137,1,0,0,6,2,-5.480002818390093,5.480002818390093,kaldiG,anti_homophones
1138,1,1,0,6,3,-5.53482472009154,5.53482472009154,pOlike,anti_homophones
1139,1,23,5,4,1,-3.553685461742279,3.553685461742279,klER,anti_homophones
1140,1,1,0,6,3,-6.40037328371482,6.40037328371482,delibE,anti_homophones
1141,1,0,0,7,2,-6.483210443374707,6.483210443374707,s8ivR@s,anti_homophones
1142,1,2,0,5,3,-6.203025355976487,6.203025355976487,esot@,anti_homophones
1143,1,0,0,8,4,-8.590035753736736,8.590035753736736,talis°R2,anti_homophones
1144,1,0,0,10,5,-10.200592769715959,10.200592769715959,inputSaoni,anti_homophones
1145,1,11,0,5,2,-4.559288292959793,4.559288292959793,bot9R,anti_homophones
1146,1,0,0,7,3,-6.945797057380667,6.945797057380667,asfERme,anti_homophones
1147,1,0,0,9,4,-7.964565140921463,7.964565140921463,pik§sylER,anti_homophones
1148,1,5,1,4,2,-4.874756616078241,4.874756616078241,kagu,anti_homophones
1149,1,0,0,7,3,-7.663649555538815,7.663649555538815,sovasil,anti_homophones
1150,1,0,0,7,4,-7.080927725135941,7.080927725135941,id@tij§,anti_homophones
1151,1,3,1,5,2,-5.022299827062112,5.022299827062112,suRdi,anti_homophones
1152,1,2,0,5,2,-5.41316705887379,5.41316705887379,bRymo,anti_homophones
1153,1,3,0,8,3,-5.283246336339017,5.283246336339017,pRotasj§,anti_homophones
1154,1,0,0,7,3,-9.15562199171239,9.15562199171239,Zamajit,anti_homophones
1155,1,0,0,13,6,-8.30040522191941,8.30040522191941,Zim@sjonEl°m@,anti_homophones
1156,1,2,1,9,4,-5.360122855945989,5.360122855945989,demoloZik,anti_homophones
1157,1,0,0,15,6,-10.883382154558884,10.883382154558884,pRodyktyRaniz9R,anti_homophones
1158,1,0,0,10,5,-9.687009310398249,9.687009310398249,am§titydje,anti_homophones
1159,1,1,0,7,3,-6.996988281529125,6.996988281529125,f§ktive,anti_homophones
1160,1,0,0,10,4,-7.27796420941166,7.27796420941166,5tegRafist,anti_homophones
1161,1,5,0,5,2,-5.7579968496377205,5.7579968496377205,kORn2,anti_homophones
1162,1,0,0,5,2,-6.666317126485177,6.666317126485177,fasEv,anti_homophones
1163,1,0,0,10,4,-7.432343930373651,7.432343930373651,fosibilizm,anti_homophones
1164,1,9,1,4,2,-4.519162618580323,4.519162618580323,avOR,anti_homophones
1165,1,0,0,9,4,-9.009532779019759,9.009532779019759,klabative,anti_homophones
1166,1,33,1,3,1,-3.9397364693154677,3.9397364693154677,pRe,anti_homophones
1167,1,2,0,7,3,-7.769844926001889,7.769844926001889,ZiRab9R,anti_homophones
1168,1,2,0,5,2,-5.2722704098283515,5.2722704098283515,pReEl,anti_homophones
1169,1,5,0,5,3,-5.726197744676248,5.726197744676248,amoRe,anti_homophones
1170,1,1,0,7,3,-5.750798485734145,5.750798485734145,n2tR°m@,anti_homophones
1171,1,14,2,3,1,-4.3474712539558045,4.3474712539558045,dR5,anti_homophones
1172,1,0,0,10,4,-7.744160284069577,7.744160284069577,fRiZidulje,anti_homophones
1173,1,6,2,3,1,-4.846611309989962,4.846611309989962,2st,anti_homophones
1174,1,0,0,13,5,-12.51484789238215,12.51484789238215,m@didaltRal@s,anti_homophones
1175,1,0,0,9,4,-7.794301053575095,7.794301053575095,golw5t°m@,anti_homophones
1176,1,0,0,8,3,-8.179330389993178,8.179330389993178,f§Zistim,anti_homophones
1177,1,0,0,8,3,-10.481053073113987,10.481053073113987,w§baltEn,anti_homophones
1178,1,29,2,3,2,-4.030251031916665,4.030251031916665,aba,anti_homophones
1179,1,35,4,3,1,-3.3255607603709847,3.3255607603709847,siR,anti_homophones
1180,1,0,0,7,3,-8.274544977221163,8.274544977221163,lavwaz5,anti_homophones
1181,1,0,0,13,5,-11.39500491710468,11.39500491710468,vizwaRoteRj9R,anti_homophones
1182,1,2,0,5,2,-5.371421992377838,5.371421992377838,m°nad,anti_homophones
1183,1,0,0,9,5,-6.2058572850007465,6.2058572850007465,de@bylite,anti_homophones
1184,1,4,0,7,3,-5.260789250516994,5.260789250516994,jogRafi,anti_homophones
1185,1,6,1,4,2,-4.7609173768450015,4.7609173768450015,vag§,anti_homophones
1186,1,0,0,8,4,-6.883208712853411,6.883208712853411,pat@t°m@,anti_homophones
1187,1,0,0,7,3,-6.212331469883197,6.212331469883197,eklyzEt,anti_homophones
1188,1,1,0,7,4,-6.5502882030155165,6.5502882030155165,emoRoze,anti_homophones
1189,1,0,0,15,6,-12.094705078342015,12.094705078342015,RetRomaRsizasj§,anti_homophones
1190,1,0,0,6,3,-6.831777524340411,6.831777524340411,peRilE,anti_homophones
1191,1,0,0,16,6,-14.691806044568175,14.691806044568175,R°k§spitatistRaf,anti_homophones
1192,1,8,0,6,2,-4.880647477208371,4.880647477208371,gRatik,anti_homophones
1193,1,0,0,8,2,-6.991303062377707,6.991303062377707,klaRdizm,anti_homophones
1194,1,2,0,6,3,-5.670004666879811,5.670004666879811,abyzj§,anti_homophones
1195,1,17,0,4,1,-4.954132074178767,4.954132074178767,pREl,anti_homophones
1196,1,4,1,4,2,-5.452034922785025,5.452034922785025,tim§,anti_homophones
1197,1,0,0,7,3,-5.488149531688409,5.488149531688409,malf°z@,anti_homophones
1198,1,0,0,5,2,-8.128571316455478,8.128571316455478,likOS,anti_homophones
1199,1,9,1,5,2,-4.732625388178613,4.732625388178613,masaZ,anti_homophones
1200,1,0,0,9,4,-6.587497584586555,6.587497584586555,kolatasj§,anti_homophones
1201,1,33,1,2,1,-4.569007681398804,4.569007681398804,iR,anti_homophones
1202,1,0,0,6,2,-6.521137435718933,6.521137435718933,aRkuRt,anti_homophones
1203,1,3,0,5,2,-5.432595359119644,5.432595359119644,tyniR,anti_homophones
1204,1,0,0,8,3,-6.38112611795796,6.38112611795796,EgzORb9R,anti_homophones
1205,1,0,0,8,4,-7.171282719309086,7.171282719309086,epys°lje,anti_homophones
1206,1,18,0,4,2,-4.844739690035025,4.844739690035025,paj§,anti_homophones
1207,1,0,0,6,2,-6.322197636828225,6.322197636828225,piSnER,anti_homophones
1208,1,1,0,7,3,-5.873940293327049,5.873940293327049,abORd9R,anti_homophones
1209,1,6,1,3,1,-4.468966355510966,4.468966355510966,z5g,anti_homophones
1210,1,2,0,5,3,-6.27889245884918,6.27889245884918,idose,anti_homophones
1211,1,1,1,8,4,-5.83450342679065,5.83450342679065,ebR@S°m@,anti_homophones
1212,1,0,0,7,2,-7.7611886255979154,7.7611886255979154,nOpsist,anti_homophones
1213,1,11,0,5,2,-4.633140627237401,4.633140627237401,pedik,anti_homophones
1214,1,0,0,9,4,-10.439976909387319,10.439976909387319,sofORfidi,anti_homophones
1215,1,19,1,4,2,-4.655308154109665,4.655308154109665,koke,anti_homophones
1216,1,0,0,7,3,-7.555173416210156,7.555173416210156,tRonoRE,anti_homophones
1217,1,11,1,5,2,-4.754844413478745,4.754844413478745,kuRje,anti_homophones
1218,1,7,2,4,2,-4.516449380430387,4.516449380430387,Eks@,anti_homophones
1219,1,0,0,7,3,-5.904604379691187,5.904604379691187,tjEm°Ri,anti_homophones
1220,1,4,0,6,3,-4.903668249819711,4.903668249819711,kin°Ri,anti_homophones
1221,1,8,2,6,2,-4.000885679936653,4.000885679936653,pResj§,anti_homophones
1222,1,10,1,4,1,-4.597842712817173,4.597842712817173,tRuj,anti_homophones
1223,1,0,0,6,3,-7.110454190719783,7.110454190719783,ytilEl,anti_homophones
1224,1,18,2,3,1,-4.347159865198236,4.347159865198236,l@d,anti_homophones
1225,1,5,1,5,2,-4.619820153252267,4.619820153252267,m@gaZ,anti_homophones
1226,1,0,0,11,6,-10.17992762000533,10.17992762000533,avitativis@,anti_homophones
1227,1,0,0,8,3,-8.367441851256844,8.367441851256844,peneRakt,anti_homophones
1228,1,0,0,7,3,-6.87904336623575,6.87904336623575,akseswa,anti_homophones
1229,1,8,0,7,2,-5.303890246982308,5.303890246982308,pRatwaR,anti_homophones
1230,1,0,0,9,4,-7.521797036945603,7.521797036945603,5f@teRj9R,anti_homophones
1231,1,0,0,8,3,-6.933699347823898,6.933699347823898,notEstj§,anti_homophones
1232,1,8,0,5,3,-5.2843039792132895,5.2843039792132895,abine,anti_homophones
1233,1,0,0,9,3,-7.05330912781373,7.05330912781373,sitEknist,anti_homophones
1234,1,1,0,5,2,-5.508511165947953,5.508511165947953,adZyR,anti_homophones
1235,1,5,0,5,2,-4.9267245554445545,4.9267245554445545,ORk9R,anti_homophones
1236,1,3,0,4,2,-4.749710868356427,4.749710868356427,@vj2,anti_homophones
1237,1,1,2,4,2,-5.027821263903552,5.027821263903552,teOR,anti_homophones
1238,1,0,0,8,4,-4.683476689156483,4.683476689156483,guR2z°m@,anti_homophones
1239,1,5,0,6,3,-5.70846454499244,5.70846454499244,abl2m@,anti_homophones
1240,1,1,0,6,2,-6.335970028252244,6.335970028252244,Rapjan,anti_homophones
1241,1,0,0,7,3,-7.006849360992534,7.006849360992534,lakylt@,anti_homophones
1242,1,0,0,7,3,-6.55608375505446,6.55608375505446,fl@bije,anti_homophones
1243,1,0,0,8,3,-6.646364849942388,6.646364849942388,k@bwaj9R,anti_homophones
1244,1,5,1,5,2,-5.7452478000840745,5.7452478000840745,setal,anti_homophones
1245,1,14,1,4,2,-4.354092174588231,4.354092174588231,anaR,anti_homophones
1246,1,19,1,5,2,-4.376390249871004,4.376390249871004,katik,anti_homophones
1247,1,9,0,6,3,-4.810596509383073,4.810596509383073,dEt°m@,anti_homophones
1248,1,26,4,3,1,-4.025802840212624,4.025802840212624,tRE,anti_homophones
1249,1,0,0,17,7,-16.596473645548922,16.596473645548922,syblikistRokEl5ge,anti_homophones
1250,1,8,1,3,1,-4.57736796499399,4.57736796499399,vjo,anti_homophones
1251,1,4,1,6,2,-5.040444735256205,5.040444735256205,maSist,anti_homophones
1252,1,13,1,3,1,-4.620628850030334,4.620628850030334,duS,anti_homophones
1253,1,2,0,7,3,-6.575101844961165,6.575101844961165,R°pl°m@,anti_homophones
1254,1,9,1,5,2,-4.553414996679815,4.553414996679815,poliR,anti_homophones
1255,1,0,0,7,4,-7.539416125647675,7.539416125647675,5siNone,anti_homophones
1256,1,15,1,4,2,-4.588060128134449,4.588060128134449,fiSe,anti_homophones
1257,1,14,1,5,2,-4.688114280511907,4.688114280511907,faRde,anti_homophones
1258,1,0,0,11,5,-9.13164034675297,9.13164034675297,kRotamid°m@,anti_homophones
1259,1,0,0,10,4,-7.627682466385797,7.627682466385797,@nivERsjER,anti_homophones
1260,1,0,0,6,3,-5.357144162544038,5.357144162544038,R°late,anti_homophones
1261,1,0,0,6,2,-5.967196836577898,5.967196836577898,kiRjEl,anti_homophones
1262,1,0,0,7,3,-8.536243816876743,8.536243816876743,volaROm,anti_homophones
1263,1,0,0,6,3,-6.6926826402864235,6.6926826402864235,pupada,anti_homophones
1264,1,36,4,3,1,-3.489902749634211,3.489902749634211,Rad,anti_homophones
1265,1,0,0,9,4,-6.6295582650697265,6.6295582650697265,deRujasj§,anti_homophones
1266,1,0,0,8,3,-7.7822561645114545,7.7822561645114545,dek§fjEl,anti_homophones
1267,1,3,0,5,2,-5.68160874502811,5.68160874502811,syR9j,anti_homophones
1268,1,0,0,10,5,-9.164031016745112,9.164031016745112,otopRoRite,anti_homophones
1269,1,0,0,16,7,-14.754101521169606,14.754101521169606,p§pilokaZenistER,anti_homophones
1270,1,5,1,5,2,-4.459514053769131,4.459514053769131,fEsj§,anti_homophones
1271,1,12,1,5,1,-4.782587535737014,4.782587535737014,p8ist,anti_homophones
1272,1,0,0,6,2,-6.869294794992472,6.869294794992472,lEskif,anti_homophones
1273,1,14,1,4,1,-5.5201579296997645,5.5201579296997645,SaRt,anti_homophones
1274,1,0,0,8,4,-6.12013779827503,6.12013779827503,ZeR§t°m@,anti_homophones
1275,1,15,1,3,1,-4.264893624300819,4.264893624300819,dOg,anti_homophones
1276,1,4,1,4,2,-4.522338874865106,4.522338874865106,t§be,anti_homophones
1277,1,1,0,5,2,-6.270688505914315,6.270688505914315,gulaj,anti_homophones
1278,1,6,0,7,3,-5.434756898077526,5.434756898077526,tylasj§,anti_homophones
1279,1,22,1,3,1,-4.435932344809078,4.435932344809078,bEk,anti_homophones
1280,1,4,0,5,2,-4.921078846634557,4.921078846634557,plani,anti_homophones
1281,1,0,0,7,4,-10.18003987538862,10.18003987538862,EmataRi,anti_homophones
1282,1,0,0,9,4,-7.271368489132038,7.271368489132038,@kORdonal,anti_homophones
1283,1,7,1,4,1,-4.6492908207539925,4.6492908207539925,flan,anti_homophones
1284,1,0,0,8,4,-8.182294673148064,8.182294673148064,teoRomje,anti_homophones
1285,1,2,1,8,4,-4.6295185478920295,4.6295185478920295,peizasj§,anti_homophones
1286,1,26,4,3,1,-3.7616901350249563,3.7616901350249563,bEl,anti_homophones
1287,1,0,0,8,4,-8.405435066085486,8.405435066085486,ekapinik,anti_homophones
1288,1,0,0,11,5,-12.399699930201912,12.399699930201912,mikaZuRsite,anti_homophones
1289,1,2,0,6,3,-6.218701791504714,6.218701791504714,d5done,anti_homophones
1290,1,1,0,5,2,-5.459329080804742,5.459329080804742,igwan,anti_homophones
1291,1,0,0,13,6,-11.047438930681787,11.047438930681787,emaRboROksite,anti_homophones
1292,1,0,0,7,3,-6.311658414993171,6.311658414993171,pRobat@,anti_homophones
1293,1,0,0,6,2,-5.630986339638788,5.630986339638788,R°pORt,anti_homophones
1294,1,8,1,5,2,-4.490210688512124,4.490210688512124,leZik,anti_homophones
1295,1,0,1,5,2,-5.776092336895934,5.776092336895934,Zolj5,anti_homophones
1296,1,3,0,5,2,-5.726456081943835,5.726456081943835,glyt§,anti_homophones
1297,1,2,0,5,2,-6.750284747900782,6.750284747900782,danoz,anti_homophones
1298,1,7,0,4,2,-5.160402618416096,5.160402618416096,tuRo,anti_homophones
1299,1,9,0,6,2,-5.778904878689804,5.778904878689804,paRtiz,anti_homophones
1300,1,0,0,8,4,-10.310082313752634,10.310082313752634,tonanisi,anti_homophones
1301,1,0,0,7,4,-7.677264536326475,7.677264536326475,an§s9le,anti_homophones
1302,1,0,0,9,4,-9.342251378669438,9.342251378669438,SaRiminje,anti_homophones
1303,1,19,3,4,1,-3.8479536871240527,3.8479536871240527,bRik,anti_homophones
1304,1,20,1,4,1,-4.454347059564859,4.454347059564859,kaRp,anti_homophones
1305,1,6,0,4,1,-6.4723952709253325,6.4723952709253325,skon,anti_homophones
1306,1,3,1,5,2,-5.7022517850670225,5.7022517850670225,m@did,anti_homophones
1307,1,0,0,13,5,-10.511980500130296,10.511980500130296,k§binEkspymEk,anti_homophones
1308,1,0,0,7,4,-6.101375415809222,6.101375415809222,Zeomize,anti_homophones
1309,1,3,0,5,2,-5.102218630758888,5.102218630758888,kapOt,anti_homophones
1310,1,0,0,8,4,-8.657682186939473,8.657682186939473,inysinad,anti_homophones
1311,1,10,1,5,3,-4.232411064973085,4.232411064973085,5vite,anti_homophones
1312,1,2,0,8,4,-6.099546726845322,6.099546726845322,Refalite,anti_homophones
1313,1,0,0,6,2,-6.82523420965283,6.82523420965283,bRibuj,anti_homophones
1314,1,0,0,7,3,-6.579808493893716,6.579808493893716,Rozofil,anti_homophones
1315,1,18,1,4,2,-4.354361781278222,4.354361781278222,deZe,anti_homophones
1316,1,32,5,3,1,-3.4323894564323063,3.4323894564323063,pik,anti_homophones
1317,1,11,1,5,1,-4.251352869338863,4.251352869338863,glist,anti_homophones
1318,1,5,1,6,2,-4.835392364071971,4.835392364071971,pERmik,anti_homophones
1319,1,0,0,8,3,-8.610834379477073,8.610834379477073,f§Zistan,anti_homophones
1320,1,0,0,6,2,-7.114408588936889,7.114408588936889,p@dj2z,anti_homophones
1321,1,0,0,10,4,-7.963280390321153,7.963280390321153,defERl@d9R,anti_homophones
1322,1,0,0,9,3,-7.0160372171639365,7.0160372171639365,syRfEktyR,anti_homophones
1323,1,3,0,3,1,-5.059009591959703,5.059009591959703,sk°,anti_homophones
1324,1,0,0,9,5,-6.951058831271128,6.951058831271128,imynisite,anti_homophones
1325,1,12,0,3,2,-4.9399402054171055,4.9399402054171055,onE,anti_homophones
1326,1,2,0,8,4,-6.4074130755347145,6.4074130755347145,baRisite,anti_homophones
1327,1,13,2,5,2,-4.418563396592456,4.418563396592456,metRe,anti_homophones
1328,1,11,0,4,1,-4.8849843250023905,4.8849843250023905,bakt,anti_homophones
1329,1,2,0,5,3,-8.705063903965861,8.705063903965861,2Ripu,anti_homophones
1330,1,0,0,9,4,-6.054760938814839,6.054760938814839,@tif§ksj§,anti_homophones
1331,1,0,0,7,3,-7.128861176000294,7.128861176000294,psofone,anti_homophones
1332,1,0,0,13,4,-12.801392617630366,12.801392617630366,skun9vR°maRbR,anti_homophones
1333,1,5,2,6,2,-4.392947314312878,4.392947314312878,tR@sj§,anti_homophones
1334,1,9,2,4,1,-4.456208451815801,4.456208451815801,faks,anti_homophones
1335,1,1,0,5,2,-5.271124173895341,5.271124173895341,p5gw5,anti_homophones
1336,1,0,0,9,4,-9.213527484025619,9.213527484025619,ZeR@tEnEt,anti_homophones
1337,1,2,0,5,3,-6.274201413552906,6.274201413552906,epuRi,anti_homophones
1338,1,1,0,7,3,-5.278288766735191,5.278288766735191,R°t°niR,anti_homophones
1339,1,0,0,8,4,-6.823416436478252,6.823416436478252,ipnotike,anti_homophones
1340,1,1,0,6,2,-5.964091144538577,5.964091144538577,gloR9R,anti_homophones
1341,1,1,0,8,3,-7.608804118370955,7.608804118370955,sypORnER,anti_homophones
1342,1,3,0,5,2,-5.4575381150916185,5.4575381150916185,opjER,anti_homophones
1343,1,0,0,8,3,-6.280389187967253,6.280389187967253,k§tR°lin,anti_homophones
1344,1,8,1,6,2,-4.556068162298317,4.556068162298317,balizm,anti_homophones
1345,1,0,0,8,3,-6.863938609699629,6.863938609699629,debERtik,anti_homophones
1346,1,10,1,5,2,-4.564048949017492,4.564048949017492,tERne,anti_homophones
1347,1,16,2,6,3,-4.295824858680376,4.295824858680376,anasj§,anti_homophones
1348,1,15,3,3,2,-3.7852399874639224,3.7852399874639224,Ree,anti_homophones
1349,1,0,0,10,5,-8.288401624111629,8.288401624111629,Rek§dOl°m@,anti_homophones
1350,1,0,0,9,4,-7.733986979637056,7.733986979637056,Egzavjote,anti_homophones
1351,1,1,0,9,4,-7.20372933113015,7.20372933113015,gatyRasj§,anti_homophones
1352,1,0,1,9,4,-5.946081207403841,5.946081207403841,ResjOn°m@,anti_homophones
1353,1,0,0,8,3,-7.303719626853662,7.303719626853662,klaksiZe,anti_homophones
1354,1,1,0,9,4,-7.637838126889635,7.637838126889635,d°v°nifER,anti_homophones
1355,1,0,0,9,4,-6.421173242443221,6.421173242443221,5tERmanik,anti_homophones
1356,1,0,0,13,6,-9.788689250178214,9.788689250178214,fekadjonEl°m@,anti_homophones
1357,1,0,0,8,3,-6.681950832725973,6.681950832725973,dekRwaj2,anti_homophones
1358,1,1,0,7,3,-5.700127859540565,5.700127859540565,R°k§diR,anti_homophones
1359,1,15,0,3,2,-6.100663727613822,6.100663727613822,oge,anti_homophones
1360,1,13,1,5,2,-3.653322015272982,3.653322015272982,disj§,anti_homophones
1361,1,0,0,9,4,-11.95748825410109,11.95748825410109,liz°lavat,anti_homophones
1362,1,20,0,4,2,-5.267298960899057,5.267298960899057,sise,anti_homophones
1363,1,0,0,11,5,-6.499959886473828,6.499959886473828,k§tRativ°m@,anti_homophones
1364,1,0,0,11,5,-7.934687287134018,7.934687287134018,ynikt82z°m@,anti_homophones
1365,1,1,0,5,2,-6.100481310726995,6.100481310726995,nit@s,anti_homophones
1366,1,7,0,5,2,-5.580555245834594,5.580555245834594,skate,anti_homophones
1367,1,0,0,12,4,-9.658584457776664,9.658584457776664,pERklybRijad,anti_homophones
1368,1,0,0,8,3,-6.9565071344135605,6.9565071344135605,syRvEjaR,anti_homophones
1369,1,28,2,3,1,-3.9897667955619838,3.9897667955619838,dil,anti_homophones
1370,1,25,2,3,1,-4.103917878157929,4.103917878157929,dOl,anti_homophones
1371,1,0,0,10,4,-10.505419153480759,10.505419153480759,galatapitS,anti_homophones
1372,1,7,1,3,1,-4.534627957648556,4.534627957648556,l8i,anti_homophones
1373,1,0,0,7,4,-8.252138594881087,8.252138594881087,alEjyRE,anti_homophones
1374,1,15,1,4,2,-4.797692831920625,4.797692831920625,lem@,anti_homophones
1375,1,2,1,6,3,-4.915506842820078,4.915506842820078,aRS°Ri,anti_homophones
1376,1,7,0,4,2,-5.247427123440233,5.247427123440233,koRO,anti_homophones
1377,1,0,0,9,4,-10.172736510750736,10.172736510750736,skusinopi,anti_homophones
1378,1,0,0,8,3,-9.684474169372912,9.684474169372912,avR@span,anti_homophones
1379,1,0,0,9,5,-12.640200634354207,12.640200634354207,ROtetyne5,anti_homophones
1380,1,2,1,5,2,-5.2297783244491285,5.2297783244491285,Zyd@s,anti_homophones
1381,1,1,0,7,2,-6.619267236599369,6.619267236599369,tuRnEtR,anti_homophones
1382,1,15,1,6,3,-4.171870278326737,4.171870278326737,moloZi,anti_homophones
1383,1,6,0,5,2,-4.747152372668161,4.747152372668161,p°lyR,anti_homophones
1384,1,17,3,6,3,-3.6979407713687538,3.6979407713687538,dis°m@,anti_homophones
1385,1,0,0,15,7,-15.087052630769618,15.087052630769618,pResizinovipane,anti_homophones
1386,1,0,1,6,2,-5.372643175685841,5.372643175685841,bRaizm,anti_homophones
1387,1,0,0,12,5,-11.316326175539439,11.316326175539439,notipaRsitER,anti_homophones
1388,1,0,0,7,3,-7.641639954145538,7.641639954145538,flagalo,anti_homophones
1389,1,0,0,8,3,-6.278131122628758,6.278131122628758,sypERkOl,anti_homophones
1390,1,11,0,3,1,-4.318658151491123,4.318658151491123,b@k,anti_homophones
1391,1,4,1,5,2,-4.425494338619936,4.425494338619936,bR§ze,anti_homophones
1392,1,13,4,6,2,-3.9562625540694167,3.9562625540694167,paRabl,anti_homophones
1393,1,0,0,11,5,-7.817287793255002,7.817287793255002,pRetiSis°m@,anti_homophones
1394,1,0,0,14,6,-12.26934173272917,12.26934173272917,@vOltiploR@tje,anti_homophones
1395,1,0,0,10,3,-9.622990626999696,9.622990626999696,tRosaRdjak,anti_homophones
1396,1,0,0,7,4,-6.226688612450239,6.226688612450239,@Zelize,anti_homophones
1397,1,2,0,6,2,-5.557477309707629,5.557477309707629,tOksim,anti_homophones
1398,1,0,0,11,4,-7.8628532116796315,7.8628532116796315,apsylfyRj@s,anti_homophones
1399,1,11,0,5,2,-4.623333021336181,4.623333021336181,pERme,anti_homophones
1400,1,0,0,8,4,-7.136479611188747,7.136479611188747,iRel°vyR,anti_homophones
1401,1,0,0,7,3,-6.508016090723377,6.508016090723377,lEpt2m@,anti_homophones
1402,1,0,0,10,5,-10.424773190365968,10.424773190365968,eRolORitje,anti_homophones
1403,1,2,0,5,2,-4.9255892573644395,4.9255892573644395,S°vES,anti_homophones
1404,1,0,0,11,5,-9.444178599161951,9.444178599161951,s§ZEktRo@te,anti_homophones
1405,1,3,0,5,2,-5.245923631826306,5.245923631826306,ReZja,anti_homophones
1406,1,11,1,7,3,-4.4939101494637095,4.4939101494637095,sizasj§,anti_homophones
1407,1,3,0,5,2,-5.8420078344136295,5.8420078344136295,EstRE,anti_homophones
1408,1,10,1,4,2,-4.484109650742063,4.484109650742063,adOR,anti_homophones
1409,1,1,0,8,4,-6.855395771204532,6.855395771204532,libeRik5,anti_homophones
1410,1,3,1,6,2,-5.1701030529551115,5.1701030529551115,m§stik,anti_homophones
1411,1,0,0,10,5,-9.369363438487014,9.369363438487014,meditERog@,anti_homophones
1412,1,0,0,7,3,-6.319065619810478,6.319065619810478,kalEz@s,anti_homophones
1413,1,0,0,8,3,-8.017426384829324,8.017426384829324,tRwadyle,anti_homophones
1414,1,43,4,3,1,-3.57150786904728,3.57150786904728,laR,anti_homophones
1415,1,0,0,8,3,-7.4699380084309785,7.4699380084309785,R°bwajak,anti_homophones
1416,1,0,0,8,3,-9.778050074854052,9.778050074854052,bERnijan,anti_homophones
1417,1,0,0,9,3,-9.556813569600433,9.556813569600433,blyRZilik,anti_homophones
1418,1,0,0,7,2,-6.797515196508641,6.797515196508641,spERtin,anti_homophones
1419,1,16,3,4,1,-3.9001912612293146,3.9001912612293146,psik,anti_homophones
1420,1,0,0,14,5,-14.208842416922717,14.208842416922717,fulbokRokymylt,anti_homophones
1421,1,3,1,6,2,-4.834693956390611,4.834693956390611,delizm,anti_homophones
1422,1,0,0,9,3,-7.253881440648954,7.253881440648954,foseks8El,anti_homophones
1423,1,5,0,5,2,-5.843681801956631,5.843681801956631,toRat,anti_homophones
1424,1,0,0,8,4,-6.278514925389246,6.278514925389246,deful°ve,anti_homophones
1425,1,0,0,11,5,-9.726072890300172,9.726072890300172,5siR5t@psj§,anti_homophones
1426,1,3,1,5,2,-5.187739952107345,5.187739952107345,RotEk,anti_homophones
1427,1,3,0,6,3,-5.42655669032368,5.42655669032368,deboS§,anti_homophones
1428,1,10,2,5,3,-4.263532928040517,4.263532928040517,otone,anti_homophones
1429,1,25,0,2,1,-4.56954062570946,4.56954062570946,gu,anti_homophones
1430,1,8,3,3,1,-4.17262943361564,4.17262943361564,ism,anti_homophones
1431,1,0,0,9,4,-8.113671418871414,8.113671418871414,salyminEz,anti_homophones
1432,1,2,0,5,2,-5.933977156759458,5.933977156759458,tRidy,anti_homophones
1433,1,0,0,15,5,-12.527308931418697,12.527308931418697,bRikyRsifletizm,anti_homophones
1434,1,12,2,5,2,-4.164683004128434,4.164683004128434,bRuje,anti_homophones
1435,1,5,0,5,2,-4.643050559140392,4.643050559140392,S°vEt,anti_homophones
1436,1,0,1,7,2,-5.467721231978269,5.467721231978269,plEzabl,anti_homophones
1437,1,0,0,14,5,-11.754767723699823,11.754767723699823,pERmafRak§dabl,anti_homophones
1438,1,0,1,7,3,-6.632852526657627,6.632852526657627,titylin,anti_homophones
1439,1,0,0,13,5,-10.831096533556737,10.831096533556737,maRkadRagduje,anti_homophones
1440,1,0,0,6,3,-5.031639746083679,5.031639746083679,5duizm,anti_homophones
1441,1,2,0,6,3,-6.213265943130126,6.213265943130126,galide,anti_homophones
1442,1,0,0,8,4,-8.669588205327406,8.669588205327406,imastERi,anti_homophones
1443,1,4,1,4,2,-4.601244773567735,4.601244773567735,veik,anti_homophones
1444,1,1,0,7,3,-5.619079186316456,5.619079186316456,adaptik,anti_homophones
1445,1,1,0,7,3,-5.758579901819536,5.758579901819536,kabl°Ri,anti_homophones
1446,1,0,0,11,5,-11.161772031873115,11.161772031873115,etinadminje,anti_homophones
1447,1,0,0,8,4,-8.243860014111537,8.243860014111537,epylERj5,anti_homophones
1448,1,0,0,12,6,-10.667388686100482,10.667388686100482,idROnidis°m@,anti_homophones
1449,1,7,1,4,2,-4.984636424773274,4.984636424773274,fel§,anti_homophones
1450,1,0,0,13,6,-13.146389006784473,13.146389006784473,pROk@tabibole,anti_homophones
1451,1,10,0,5,2,-4.378376567294446,4.378376567294446,REsj§,anti_homophones
1452,1,6,0,5,2,-5.376586654129324,5.376586654129324,apROp,anti_homophones
1453,1,0,0,13,5,-9.95949619112973,9.95949619112973,RadinEkspREs@,anti_homophones
1454,1,5,0,6,2,-4.886561250934401,4.886561250934401,manjER,anti_homophones
1455,1,0,0,9,3,-7.563182515619024,7.563182515619024,klodRyzj§,anti_homophones
1456,1,0,0,7,2,-7.589255629912882,7.589255629912882,pOstwaR,anti_homophones
1457,1,66,3,3,2,-3.9203900558744755,3.9203900558744755,aRe,anti_homophones
1458,1,5,1,5,2,-4.823811127837543,4.823811127837543,RavyR,anti_homophones
1459,1,7,0,5,2,-4.690873915239534,4.690873915239534,fav9R,anti_homophones
1460,1,10,0,4,2,-5.220432527950731,5.220432527950731,luse,anti_homophones
1461,1,5,0,4,2,-5.019991953714671,5.019991953714671,EnEt,anti_homophones
1462,1,0,0,10,3,-6.8244239473728205,6.8244239473728205,distRyktif,anti_homophones
1463,1,17,1,4,2,-4.608000102059232,4.608000102059232,mino,anti_homophones
1464,1,22,1,3,2,-3.925380446866785,3.925380446866785,ano,anti_homophones
1465,1,4,0,6,2,-5.280583971993757,5.280583971993757,maRSit,anti_homophones
1466,1,0,0,7,3,-6.690359475919342,6.690359475919342,laveRik,anti_homophones
1467,1,0,0,7,3,-5.982190378263298,5.982190378263298,k§d8iz@,anti_homophones
1468,1,0,1,7,3,-5.942910871689992,5.942910871689992,l5ZEkte,anti_homophones
1469,1,1,0,6,3,-5.701751594544091,5.701751594544091,5teRER,anti_homophones
1470,1,4,0,4,2,-5.342849022036727,5.342849022036727,saSE,anti_homophones
1471,1,0,0,7,3,-6.751379030688148,6.751379030688148,kol5Zj5,anti_homophones
1472,1,1,0,5,2,-5.762848326583151,5.762848326583151,t@pEs,anti_homophones
1473,1,0,0,11,5,-11.205373575774201,11.205373575774201,podERmatEN@,anti_homophones
1474,1,0,0,9,5,-8.867122026794002,8.867122026794002,eSamis°m@,anti_homophones
1475,1,0,0,10,4,-11.269989056323347,11.269989056323347,val@dRibak,anti_homophones
1476,1,1,0,7,3,-6.267957245213292,6.267957245213292,k§kasje,anti_homophones
1477,1,15,3,4,2,-4.17857236810288,4.17857236810288,aSaZ,anti_homophones
1478,1,6,1,6,2,-4.790994930098026,4.790994930098026,pReziR,anti_homophones
1479,1,1,0,5,2,-6.953677218920404,6.953677218920404,§tORt,anti_homophones
1480,1,2,0,6,2,-5.5537971854790475,5.5537971854790475,vajd9R,anti_homophones
1481,1,7,0,9,4,-5.025625046796452,5.025625046796452,valizasj§,anti_homophones
1482,1,14,2,4,2,-4.579143860178024,4.579143860178024,val@,anti_homophones
1483,1,0,0,7,3,-6.047388335441732,6.047388335441732,idRolik,anti_homophones
1484,1,1,0,7,2,-6.396436965887786,6.396436965887786,pwazjEm,anti_homophones
1485,1,0,0,7,3,-5.473582994438753,5.473582994438753,deg2lad,anti_homophones
1486,1,0,0,13,7,-11.34991235684886,11.34991235684886,5ZeneRatomij@,anti_homophones
1487,1,8,2,4,2,-4.872211954916755,4.872211954916755,5fil,anti_homophones
1488,1,0,0,11,4,-8.33561593843334,8.33561593843334,disgRafilaZ,anti_homophones
1489,1,1,0,6,3,-5.2472382688060835,5.2472382688060835,ilyzje,anti_homophones
1490,1,0,0,7,3,-6.985508397621313,6.985508397621313,aps5taZ,anti_homophones
1491,1,16,2,4,2,-5.025073968026302,5.025073968026302,mORe,anti_homophones
1492,1,0,0,9,4,-9.889369035197447,9.889369035197447,iRogastal,anti_homophones
1493,1,0,0,7,3,-7.919220310763486,7.919220310763486,pitin8e,anti_homophones
1494,1,0,1,9,3,-6.062487914707975,6.062487914707975,pERkytabl,anti_homophones
1495,1,0,0,15,6,-12.604725130550717,12.604725130550717,k§sjablijobjol@,anti_homophones
1496,1,0,0,15,6,-15.390528024917518,15.390528024917518,evEkspylEREptik,anti_homophones
1497,1,2,1,6,2,-4.688416759095599,4.688416759095599,monjER,anti_homophones
1498,1,5,1,6,3,-4.509634379021863,4.509634379021863,agRafi,anti_homophones
1499,1,0,0,8,3,-7.72046724812702,7.72046724812702,lapsonik,anti_homophones
1500,1,0,0,14,6,-9.721904130907388,9.721904130907388,tagORZ°m@tasj§,anti_homophones
1501,1,0,0,10,4,-9.149209707989183,9.149209707989183,R@ntuRbido,anti_homophones
1502,1,0,0,7,3,-6.816014626872247,6.816014626872247,pekyniR,anti_homophones
1503,1,1,0,5,3,-5.6339042018888135,5.6339042018888135,5sOl@,anti_homophones
1504,1,0,0,7,3,-6.341791815836209,6.341791815836209,tR@ziR@,anti_homophones
1505,1,15,1,4,2,-4.677062630382158,4.677062630382158,bose,anti_homophones
1506,1,0,0,11,4,-10.71023413821396,10.71023413821396,selEkswajas,anti_homophones
1507,1,26,2,4,2,-3.897691905072967,3.897691905072967,poli,anti_homophones
1508,1,10,1,4,1,-4.536250936850427,4.536250936850427,plEz,anti_homophones
1509,1,0,0,7,3,-5.329512415344101,5.329512415344101,siRk§se,anti_homophones
1510,1,0,0,6,3,-5.2596443205218755,5.2596443205218755,R°d§d§,anti_homophones
1511,1,0,0,13,6,-11.638544117713115,11.638544117713115,aZutaRist@sj§,anti_homophones
1512,1,1,0,7,3,-6.559726027394558,6.559726027394558,tR@sem@,anti_homophones
1513,1,17,1,6,3,-4.174481404333254,4.174481404333254,salite,anti_homophones
1514,1,11,1,6,3,-5.096353882658794,5.096353882658794,vit°m@,anti_homophones
1515,1,0,0,7,2,-5.899174591398521,5.899174591398521,nORmist,anti_homophones
1516,1,0,0,11,5,-9.279892687171143,9.279892687171143,depwaN@N@N@,anti_homophones
1517,1,5,0,4,2,-5.769053126625865,5.769053126625865,Sozi,anti_homophones
1518,1,6,1,4,2,-4.720296363136177,4.720296363136177,azyR,anti_homophones
1519,1,0,0,9,3,-7.945489500809287,7.945489500809287,fuRSEtl@d,anti_homophones
1520,1,1,0,7,3,-6.248560855314656,6.248560855314656,Opsikje,anti_homophones
1521,1,8,1,5,2,-4.530393629243756,4.530393629243756,mylte,anti_homophones
1522,1,0,0,9,4,-6.561403025065128,6.561403025065128,makadasj§,anti_homophones
1523,1,0,0,9,4,-5.785137561188735,5.785137561188735,fl9R2z°m@,anti_homophones
1524,1,0,0,14,6,-13.36510888370973,13.36510888370973,medivORtogR°lE,anti_homophones
1525,1,1,0,8,3,-6.657263750991227,6.657263750991227,teteRj9R,anti_homophones
1526,1,3,0,5,1,-5.129954166846627,5.129954166846627,pROst,anti_homophones
1527,1,2,0,5,2,-6.268953848806926,6.268953848806926,lesit,anti_homophones
1528,1,30,1,3,1,-3.99307078008181,3.99307078008181,paZ,anti_homophones
1529,1,2,0,7,3,-5.434814843220596,5.434814843220596,bREm°m@,anti_homophones
1530,1,4,0,6,3,-5.312456489080232,5.312456489080232,dekut2,anti_homophones
1531,1,17,2,4,2,-4.310117154169186,4.310117154169186,@tis,anti_homophones
1532,1,34,1,4,2,-4.056051951473848,4.056051951473848,mase,anti_homophones
1533,1,1,0,6,3,-5.455904629421009,5.455904629421009,pupon@,anti_homophones
1534,1,0,0,7,3,-7.334001595178833,7.334001595178833,sikoRja,anti_homophones
1535,1,0,0,10,5,-10.439854278947495,10.439854278947495,katafORtye,anti_homophones
1536,1,0,0,17,7,-12.299850032027429,12.299850032027429,RepifeR@sfeR@sfik,anti_homophones
1537,1,0,0,9,5,-7.989964345373539,7.989964345373539,etuR@t°Ri,anti_homophones
1538,1,0,0,9,3,-8.396061975773101,8.396061975773101,tRomiswaR,anti_homophones
1539,1,0,0,11,5,-10.701768239012782,10.701768239012782,silikselem@,anti_homophones
1540,1,3,1,5,2,-4.827247644012041,4.827247644012041,s8iv@,anti_homophones
1541,1,0,1,6,3,-5.400028747075133,5.400028747075133,monoid,anti_homophones
1542,1,3,0,6,3,-5.491871380108189,5.491871380108189,5k§taZ,anti_homophones
1543,1,8,0,6,3,-4.601564123278723,4.601564123278723,dezam@,anti_homophones
1544,1,0,0,16,7,-15.127034335903256,15.127034335903256,teleRapiRanizalt,anti_homophones
1545,1,0,0,11,5,-9.87863879788588,9.87863879788588,zodjomedite,anti_homophones
1546,1,1,0,6,3,-5.754948975153465,5.754948975153465,5dos9R,anti_homophones
1547,1,5,0,4,2,-5.9252783851037485,5.9252783851037485,Zema,anti_homophones
1548,1,21,3,4,1,-4.117415512373734,4.117415512373734,bRaZ,anti_homophones
1549,1,0,0,10,4,-8.5814669101593,8.5814669101593,pERvERasj§,anti_homophones
1550,1,0,0,10,5,-12.805998957969294,12.805998957969294,asonaduRne,anti_homophones
1551,1,0,0,12,5,-12.411319149141491,12.411319149141491,Espesjon@tiZ,anti_homophones
1552,1,31,0,3,1,-4.652320403335618,4.652320403335618,dit,anti_homophones
1553,1,3,0,6,2,-5.267861766862461,5.267861766862461,valwaR,anti_homophones
1554,1,4,0,6,3,-5.021106256233853,5.021106256233853,monome,anti_homophones
1555,1,4,1,6,3,-5.078817169681745,5.078817169681745,kom@se,anti_homophones
1556,1,4,0,5,2,-6.830654501358736,6.830654501358736,jaRke,anti_homophones
1557,1,0,0,14,6,-12.618335892579328,12.618335892579328,bavasabORdinas,anti_homophones
1558,1,1,0,6,3,-6.303299503360223,6.303299503360223,ORtin@,anti_homophones
1559,1,0,0,8,4,-6.408930743287205,6.408930743287205,ekonisj§,anti_homophones
1560,1,0,0,12,5,-9.844206037804266,9.844206037804266,iRekRifiksj§,anti_homophones
1561,1,0,0,9,4,-7.444941203043741,7.444941203043741,denalitif,anti_homophones
1562,1,20,2,5,2,-4.152441203420686,4.152441203420686,metik,anti_homophones
1563,1,3,0,4,2,-5.9136002764128,5.9136002764128,uRdE,anti_homophones
1564,1,0,0,9,4,-7.2238582274440954,7.2238582274440954,pRediRite,anti_homophones
1565,1,34,1,3,1,-4.021750127703643,4.021750127703643,Raj,anti_homophones
1566,1,0,0,6,3,-6.07656700394933,6.07656700394933,amilj§,anti_homophones
1567,1,0,0,7,3,-6.4037278105977835,6.4037278105977835,nazaRde,anti_homophones
1568,1,0,0,13,5,-13.728831475285888,13.728831475285888,nebRyN§bRis9R,anti_homophones
1569,1,0,0,6,2,-6.2846225907922255,6.2846225907922255,plEndo,anti_homophones
1570,1,3,0,6,3,-5.7965780618294,5.7965780618294,pap°te,anti_homophones
1571,1,5,1,6,3,-4.34161831738889,4.34161831738889,ilyzj§,anti_homophones
1572,1,8,1,4,2,-5.040321250058652,5.040321250058652,fERa,anti_homophones
1573,1,40,4,3,1,-3.4291642428410296,3.4291642428410296,fil,anti_homophones
1574,1,10,2,3,1,-4.496093638465751,4.496093638465751,lyZ,anti_homophones
1575,1,9,0,5,2,-4.4413551382826375,4.4413551382826375,klam@,anti_homophones
1576,1,8,1,4,2,-4.430514988598402,4.430514988598402,etj5,anti_homophones
1577,1,0,0,11,5,-9.60500512607708,9.60500512607708,imonokRazim,anti_homophones
1578,1,0,0,6,3,-6.975210111079499,6.975210111079499,m@din2,anti_homophones
1579,1,1,0,7,3,-6.5842539818183,6.5842539818183,5t@sabl,anti_homophones
1580,1,0,0,6,2,-6.937298214393725,6.937298214393725,gRapj@,anti_homophones
1581,1,1,0,4,2,-6.135755230326213,6.135755230326213,lylo,anti_homophones
1582,1,0,0,9,4,-8.878796745814299,8.878796745814299,ovERsEkte,anti_homophones
1583,1,0,0,10,4,-9.474072656557976,9.474072656557976,depostRal§,anti_homophones
1584,1,0,0,9,4,-6.207550992263743,6.207550992263743,spiROn°m@,anti_homophones
1585,1,0,0,8,3,-7.399313417629654,7.399313417629654,SatRonik,anti_homophones
1586,1,0,0,6,2,-7.185034778329065,7.185034778329065,bimEnt,anti_homophones
1587,1,0,0,12,6,-7.954129603216229,7.954129603216229,@tifisjOn°m@,anti_homophones
1588,1,12,1,4,2,-4.222462391463985,4.222462391463985,zone,anti_homophones
1589,1,3,0,4,2,-5.6422405092177375,5.6422405092177375,em§d,anti_homophones
1590,1,11,1,5,2,-4.727161904462637,4.727161904462637,p@sj§,anti_homophones
1591,1,5,0,5,2,-4.8480009846459655,4.8480009846459655,kRyEl,anti_homophones
1592,1,4,0,5,2,-5.42175753947428,5.42175753947428,sist@,anti_homophones
1593,1,3,0,6,2,-5.7759601994184155,5.7759601994184155,s5pliR,anti_homophones
1594,1,10,1,4,2,-4.794787874781014,4.794787874781014,ROte,anti_homophones
1595,1,1,0,7,3,-6.671567898575657,6.671567898575657,@paktiv,anti_homophones
1596,1,15,1,4,2,-4.488026222224958,4.488026222224958,k§be,anti_homophones
1597,1,0,0,5,3,-6.840103879319329,6.840103879319329,od§si,anti_homophones
1598,1,0,0,14,6,-12.726293549578156,12.726293549578156,daRnakR2tik°m@,anti_homophones
1599,1,6,0,5,2,-5.556774277238988,5.556774277238988,kORdE,anti_homophones
1600,1,0,0,8,3,-7.377482399532156,7.377482399532156,gRaminim,anti_homophones
1601,1,0,0,11,4,-9.070928807788377,9.070928807788377,skopjanolOg,anti_homophones
1602,1,0,0,9,3,-9.104795107098465,9.104795107098465,SastRaf9R,anti_homophones
1603,1,0,0,9,4,-8.018364289031373,8.018364289031373,ZaRdis°Ri,anti_homophones
1604,1,1,0,5,2,-5.691709812771683,5.691709812771683,viv@s,anti_homophones
1605,1,8,0,4,2,-4.556431421693956,4.556431421693956,bege,anti_homophones
1606,1,21,2,3,1,-4.325904298048199,4.325904298048199,fad,anti_homophones
1607,1,6,1,6,3,-5.037761679479816,5.037761679479816,@kylER,anti_homophones
1608,1,12,0,4,2,-4.977775756662556,4.977775756662556,sonE,anti_homophones
1609,1,0,0,8,3,-8.614501110515269,8.614501110515269,faRfyZOt,anti_homophones
1610,1,3,0,5,2,-5.1200563627026305,5.1200563627026305,fyman,anti_homophones
1611,1,0,0,9,4,-7.535162418824499,7.535162418824499,gaRsit°m@,anti_homophones
1612,1,9,2,4,1,-4.345151875060464,4.345151875060464,vERs,anti_homophones
1613,1,15,1,4,2,-4.1786850484671705,4.1786850484671705,note,anti_homophones
1614,1,22,2,5,3,-4.333654849267695,4.333654849267695,at°m@,anti_homophones
1615,1,0,0,8,3,-8.029101577833359,8.029101577833359,siRpasje,anti_homophones
1616,1,1,0,6,3,-6.002355038685346,6.002355038685346,aRdine,anti_homophones
1617,1,20,0,3,1,-4.532988970900567,4.532988970900567,kon,anti_homophones
1618,1,25,1,3,1,-4.20255606138242,4.20255606138242,Zik,anti_homophones
1619,1,0,0,10,5,-8.170942142654257,8.170942142654257,pifamidite,anti_homophones
1620,1,0,0,6,2,-6.34983505612992,6.34983505612992,tERfOn,anti_homophones
1621,1,10,1,4,2,-4.630087210339221,4.630087210339221,5sin,anti_homophones
1622,1,2,0,5,2,-5.794964292233094,5.794964292233094,pan§s,anti_homophones
1623,1,0,0,8,3,-8.422364310467165,8.422364310467165,REfyzikl,anti_homophones
1624,1,0,0,7,2,-5.688880470188933,5.688880470188933,syRsibl,anti_homophones
1625,1,0,0,9,4,-9.677256969642066,9.677256969642066,p@teRitim,anti_homophones
1626,1,0,0,15,7,-16.18289990179512,16.18289990179512,keS@s°mEskaREN@,anti_homophones
1627,1,3,0,7,3,-5.212419350973258,5.212419350973258,5k§stik,anti_homophones
1628,1,0,0,8,3,-6.406800398927148,6.406800398927148,5tERtizm,anti_homophones
1629,1,0,0,7,3,-6.64743864848418,6.64743864848418,paREz9R,anti_homophones
1630,1,0,0,9,3,-5.95512651216432,5.95512651216432,puRvwaj9R,anti_homophones
1631,1,4,0,6,3,-5.549564727344471,5.549564727344471,mesite,anti_homophones
1632,1,8,0,4,3,-5.624663666680852,5.624663666680852,aleo,anti_homophones
1633,1,7,0,5,2,-5.319509388016685,5.319509388016685,EstaZ,anti_homophones
1634,1,22,1,3,1,-5.094412957291133,5.094412957291133,bli,anti_homophones
1635,1,0,0,9,5,-8.718293673637417,8.718293673637417,oRodid°m@,anti_homophones
1636,1,5,0,4,2,-6.023405650040477,6.023405650040477,todi,anti_homophones
1637,1,18,0,4,2,-4.442623775024589,4.442623775024589,dema,anti_homophones
1638,1,27,0,3,1,-4.640907869486263,4.640907869486263,pRa,anti_homophones
1639,1,0,0,10,4,-7.627401658115935,7.627401658115935,t@poREzjEm,anti_homophones
1640,1,0,0,15,7,-15.225367558726694,15.225367558726694,mynifeneRafinat,anti_homophones
1641,1,5,2,5,2,-4.427883288545114,4.427883288545114,pusje,anti_homophones
1642,1,10,3,4,2,-4.399070720618657,4.399070720618657,m@Ze,anti_homophones
1643,1,0,0,5,2,-6.78638594044156,6.78638594044156,R2tOn,anti_homophones
1644,1,0,0,11,5,-11.895854701114121,11.895854701114121,etReflijole,anti_homophones
1645,1,3,0,5,2,-5.282598495752595,5.282598495752595,k§bl§,anti_homophones
1646,1,0,0,7,4,-7.3633179417038255,7.3633179417038255,apologe,anti_homophones
1647,1,2,0,7,3,-6.182744913217315,6.182744913217315,gOskOpi,anti_homophones
1648,1,15,3,3,1,-4.376654365675999,4.376654365675999,v@t,anti_homophones
1649,1,18,5,4,1,-3.194404385064054,3.194404385064054,tR@s,anti_homophones
1650,1,0,0,8,3,-8.57084053168526,8.57084053168526,kOlkol§Z,anti_homophones
1651,1,7,0,5,2,-5.015660199003314,5.015660199003314,tERaZ,anti_homophones
1652,1,0,0,8,4,-8.756559051272223,8.756559051272223,R°kaz°li,anti_homophones
1653,1,24,3,4,1,-3.7671524835962122,3.7671524835962122,stik,anti_homophones
1654,1,0,0,7,3,-4.703198742486425,4.703198742486425,b2gl°m@,anti_homophones
1655,1,20,1,3,2,-4.875986452245767,4.875986452245767,asy,anti_homophones
1656,1,24,1,3,1,-4.019449422986227,4.019449422986227,bOR,anti_homophones
1657,1,0,0,10,4,-7.124719009681571,7.124719009681571,spiRamasj§,anti_homophones
1658,1,0,0,15,6,-13.158862481597781,13.158862481597781,laRd2zjoneREsj§,anti_homophones
1659,1,0,0,14,5,-14.543611148506196,14.543611148506196,dekw5stRoplabo,anti_homophones
1660,1,2,0,6,3,-6.018550875472755,6.018550875472755,R°kope,anti_homophones
1661,1,0,0,4,1,-5.320293070106537,5.320293070106537,Zuks,anti_homophones
1662,1,0,0,6,3,-7.770182843066758,7.770182843066758,debaZu,anti_homophones
1663,1,0,0,11,5,-9.365509319491617,9.365509319491617,syRv°linit@,anti_homophones
1664,1,20,2,4,1,-4.019397432262788,4.019397432262788,bizm,anti_homophones
1665,1,0,0,7,3,-6.912339065522357,6.912339065522357,b@but9R,anti_homophones
1666,1,0,0,7,3,-6.885574728761809,6.885574728761809,kanativ,anti_homophones
1667,1,0,0,6,3,-6.8415207638923095,6.8415207638923095,kRe@ba,anti_homophones
1668,1,21,2,4,2,-3.97537892250997,3.97537892250997,tone,anti_homophones
1669,1,24,2,4,2,-4.166164423657819,4.166164423657819,sele,anti_homophones
1670,1,1,0,7,3,-6.568470961288178,6.568470961288178,5k§tRad,anti_homophones
1671,1,0,0,10,4,-8.409565996957594,8.409565996957594,OksikleRik,anti_homophones
1672,1,26,3,5,2,-3.886820375627314,3.886820375627314,patik,anti_homophones
1673,1,3,1,5,3,-4.776409106941215,4.776409106941215,5k§se,anti_homophones
1674,1,0,0,16,7,-12.839716232520077,12.839716232520077,5fORmeabORdiskut,anti_homophones
1675,1,0,0,7,3,-6.053207877929814,6.053207877929814,pys°laZ,anti_homophones
1676,1,12,2,6,2,-3.9450092570008937,3.9450092570008937,klasj§,anti_homophones
1677,1,26,5,3,1,-3.571602856282012,3.571602856282012,pje,anti_homophones
1678,1,27,0,3,1,-4.667872206755636,4.667872206755636,pip,anti_homophones
1679,1,4,0,5,2,-4.6402643259003655,4.6402643259003655,5tR@s,anti_homophones
1680,1,1,0,7,3,-6.788851925001511,6.788851925001511,savwaRe,anti_homophones
1681,1,0,0,7,4,-6.954566721396426,6.954566721396426,amasone,anti_homophones
1682,1,0,0,10,5,-9.081541830844156,9.081541830844156,naRitin°m@,anti_homophones
1683,1,0,0,8,3,-8.034936075717056,8.034936075717056,paRtenys,anti_homophones
1684,1,22,2,3,1,-4.696935378075022,4.696935378075022,sES,anti_homophones
1685,1,6,0,4,2,-5.31214824661436,5.31214824661436,jeje,anti_homophones
1686,1,1,0,6,2,-7.092563003190891,7.092563003190891,nyltiR,anti_homophones
1687,1,1,0,4,2,-5.165281470778045,5.165281470778045,d5d§,anti_homophones
1688,1,10,2,6,3,-4.719797663014984,4.719797663014984,valite,anti_homophones
1689,1,0,0,9,4,-7.629584686690898,7.629584686690898,vapozasj§,anti_homophones
1690,1,0,0,12,5,-10.62545229428555,10.62545229428555,ep§Zjonimist,anti_homophones
1691,1,0,0,6,2,-5.903155083996112,5.903155083996112,siRkyR,anti_homophones
1692,1,2,0,5,3,-4.982842340115986,4.982842340115986,5tEz§,anti_homophones
1693,1,0,0,7,2,-6.720255422606251,6.720255422606251,k@fRizm,anti_homophones
1694,1,1,0,7,3,-6.120858466185959,6.120858466185959,bidifje,anti_homophones
1695,1,8,1,5,2,-4.5745696168872545,4.5745696168872545,dezaZ,anti_homophones
1696,1,14,1,3,1,-4.210262419826018,4.210262419826018,ORn,anti_homophones
1697,1,0,0,6,2,-5.902069418552516,5.902069418552516,pRij@s,anti_homophones
1698,1,30,4,3,2,-3.4550991270722977,3.4550991270722977,iRe,anti_homophones
1699,1,0,0,17,6,-13.487829095044972,13.487829095044972,Zig@gstOlOgRamwaR,anti_homophones
1700,1,3,1,6,3,-5.5215261359070755,5.5215261359070755,at@d@s,anti_homophones
1701,1,4,0,7,3,-5.371620984631364,5.371620984631364,efEksj§,anti_homophones
1702,1,0,0,10,4,-7.37704860518516,7.37704860518516,steREgl°m@,anti_homophones
1703,1,1,0,5,2,-5.2156271662157705,5.2156271662157705,sit8e,anti_homophones
1704,1,0,0,9,4,-10.297050929348519,10.297050929348519,foRamiliz,anti_homophones
1705,1,0,0,10,5,-12.775747515290464,12.775747515290464,ivRevelit@,anti_homophones
1706,1,3,0,7,3,-6.994928756123889,6.994928756123889,tapatif,anti_homophones
1707,1,2,0,6,2,-5.708563947090885,5.708563947090885,lORNEt,anti_homophones
1708,1,0,0,7,3,-5.840045561843611,5.840045561843611,R°lotje,anti_homophones
1709,1,2,0,7,4,-5.532767064565299,5.532767064565299,emEl°m@,anti_homophones
1710,1,15,1,3,1,-4.585095215091728,4.585095215091728,diG,anti_homophones
1711,1,3,1,4,2,-4.94601945477345,4.94601945477345,d5ge,anti_homophones
1712,1,24,3,3,1,-3.886229141798111,3.886229141798111,naZ,anti_homophones
1713,1,16,1,4,2,-4.474846452702628,4.474846452702628,piR@,anti_homophones
1714,1,3,1,5,2,-5.352526865544993,5.352526865544993,pwal2,anti_homophones
1715,1,11,1,4,1,-4.394404632668914,4.394404632668914,sism,anti_homophones
1716,1,9,0,5,2,-4.749196186626928,4.749196186626928,maRja,anti_homophones
1717,1,0,0,11,4,-9.166677041113436,9.166677041113436,penaRSizabl,anti_homophones
1718,1,0,0,14,6,-11.790945023473105,11.790945023473105,egRaviR@buRZwa,anti_homophones
1719,1,2,0,6,3,-4.68106818911763,4.68106818911763,poetik,anti_homophones
1720,1,0,0,11,6,-12.17314822661525,12.17314822661525,5pavalEt§be,anti_homophones
1721,1,19,1,6,3,-4.1717181275353825,4.1717181275353825,mal°m@,anti_homophones
1722,1,22,1,3,2,-4.162971174752127,4.162971174752127,em@,anti_homophones
1723,1,4,0,4,2,-5.294702228599368,5.294702228599368,imys,anti_homophones
1724,1,0,0,15,6,-17.02267988714614,17.02267988714614,plomegRis°mujEl,anti_homophones
1725,1,0,0,11,4,-8.221341433030824,8.221341433030824,sykRetRasj§,anti_homophones
1726,1,0,0,7,2,-6.101421860317138,6.101421860317138,badmist,anti_homophones
1727,1,8,0,6,3,-5.569565466244398,5.569565466244398,lat°Ri,anti_homophones
1728,1,2,0,7,2,-4.978779810564971,4.978779810564971,maRSizm,anti_homophones
1729,1,0,1,6,3,-5.4319194257138435,5.4319194257138435,aRk°te,anti_homophones
1730,1,6,0,6,2,-4.648173551270343,4.648173551270343,dekwaR,anti_homophones
1731,1,2,0,5,2,-5.845906544285052,5.845906544285052,pReto,anti_homophones
1732,1,0,0,7,3,-6.090174539750265,6.090174539750265,def§daZ,anti_homophones
1733,1,0,0,8,4,-7.71744422136712,7.71744422136712,makaRape,anti_homophones
1734,1,2,0,6,2,-6.883574191780154,6.883574191780154,daksEl,anti_homophones
1735,1,22,2,4,2,-4.071200836513649,4.071200836513649,sote,anti_homophones
1736,1,18,2,4,2,-4.54747331472337,4.54747331472337,buli,anti_homophones
1737,1,0,0,15,5,-11.908312758489798,11.908312758489798,gRawnsjaligatik,anti_homophones
1738,1,0,0,8,3,-6.748655245853985,6.748655245853985,bal@t8El,anti_homophones
1739,1,0,0,12,6,-8.021822793437252,8.021822793437252,5k§gRegal°m@,anti_homophones
1740,1,2,0,6,2,-6.181885668399498,6.181885668399498,plasil,anti_homophones
1741,1,10,0,5,2,-5.295153746038112,5.295153746038112,adist,anti_homophones
1742,1,1,0,5,2,-7.01151039601626,7.01151039601626,bjomi,anti_homophones
1743,1,38,2,3,1,-4.002705824711595,4.002705824711595,bRe,anti_homophones
1744,1,40,2,3,2,-4.105436385753185,4.105436385753185,ole,anti_homophones
1745,1,1,0,4,1,-4.835704064271816,4.835704064271816,lajn,anti_homophones
1746,1,12,1,4,2,-4.635934161091668,4.635934161091668,boni,anti_homophones
1747,1,14,2,3,1,-4.139474892919839,4.139474892919839,vje,anti_homophones
1748,1,5,3,4,1,-4.27020382344424,4.27020382344424,vOlt,anti_homophones
1749,1,0,0,13,6,-10.783340747390584,10.783340747390584,m@daRmanyt°Ri,anti_homophones
1750,1,5,0,7,2,-5.874675153925557,5.874675153925557,klEksj§,anti_homophones
1751,1,25,1,4,2,-4.11574193237534,4.11574193237534,Rese,anti_homophones
1752,1,0,0,16,7,-13.573138848733265,13.573138848733265,evid8alivRakolER,anti_homophones
1753,1,5,1,4,2,-4.428840241813414,4.428840241813414,imaZ,anti_homophones
1754,1,1,0,5,2,-5.547377079649712,5.547377079649712,bRynE,anti_homophones
1755,1,0,0,14,6,-9.817455533399942,9.817455533399942,balEksilizasj§,anti_homophones
1756,1,14,2,3,1,-4.473774383052269,4.473774383052269,l@p,anti_homophones
1757,1,20,1,3,1,-4.055320271699168,4.055320271699168,vOl,anti_homophones
1758,1,0,0,10,4,-6.897427509041581,6.897427509041581,depRuvaj9R,anti_homophones
1759,1,0,0,7,3,-6.2574529683609,6.2574529683609,gRup°Ro,anti_homophones
1760,1,0,0,9,3,-10.105653022391513,10.105653022391513,s9nkERmEl,anti_homophones
1761,1,0,0,9,3,-11.488176176045528,11.488176176045528,p8ispyRaZ,anti_homophones
1762,1,4,0,6,2,-5.114469675244298,5.114469675244298,kwadR@,anti_homophones
1763,1,24,2,4,2,-3.7628480966584634,3.7628480966584634,dese,anti_homophones
1764,1,1,0,9,4,-6.475658722009831,6.475658722009831,paRakylER,anti_homophones
1765,1,12,2,3,1,-4.532421627965474,4.532421627965474,spe,anti_homophones
1766,1,0,0,7,4,-6.7382882637210315,6.7382882637210315,agReese,anti_homophones
1767,1,0,0,11,4,-9.407377666562105,9.407377666562105,RetRopORizm,anti_homophones
1768,1,22,5,4,2,-3.579399695025311,3.579399695025311,R°te,anti_homophones
1769,1,0,0,9,3,-8.364252333147983,8.364252333147983,malmanjak,anti_homophones
1770,1,0,0,11,5,-12.103959012009073,12.103959012009073,atobastatin,anti_homophones
1771,1,0,0,7,3,-6.140675924697894,6.140675924697894,tRakyle,anti_homophones
1772,1,23,1,2,1,-4.589718881001663,4.589718881001663,n@,anti_homophones
1773,1,13,0,4,2,-5.921094050730954,5.921094050730954,Ripi,anti_homophones
1774,1,0,0,9,4,-7.400251100202774,7.400251100202774,ipopolist,anti_homophones
1775,1,1,0,8,3,-6.424510337540511,6.424510337540511,dypleZik,anti_homophones
1776,1,3,1,7,3,-5.199931402756946,5.199931402756946,R°vwaje,anti_homophones
1777,1,0,0,11,5,-10.94382601565621,10.94382601565621,g°nodRonis@,anti_homophones
1778,1,0,0,9,4,-8.539628287932997,8.539628287932997,ezoloZizm,anti_homophones
1779,1,0,0,11,4,-11.246582788770516,11.246582788770516,l§bj5fERakm,anti_homophones
1780,1,0,0,10,3,-10.935498746313886,10.935498746313886,djafm@sifl,anti_homophones
1781,1,8,0,5,2,-4.463448809732813,4.463448809732813,bERZe,anti_homophones
1782,1,29,2,3,2,-3.8401025742339745,3.8401025742339745,ile,anti_homophones
1783,1,4,1,5,2,-4.745971201187144,4.745971201187144,fyz9R,anti_homophones
1784,1,0,0,11,5,-10.880216159095776,10.880216159095776,kalkozaisti,anti_homophones
1785,1,0,0,9,3,-8.625060222970486,8.625060222970486,tR@zZenat,anti_homophones
1786,1,2,0,4,2,-4.69886478223521,4.69886478223521,t2t§,anti_homophones
1787,1,19,1,5,3,-4.411171157283632,4.411171157283632,ilite,anti_homophones
1788,1,13,1,4,2,-4.354095113914385,4.354095113914385,anEl,anti_homophones
1789,1,0,0,8,4,-7.127473694558434,7.127473694558434,zoolonEt,anti_homophones
1790,1,0,0,15,6,-10.952792685288427,10.952792685288427,batRaksjonEZ°m@,anti_homophones
1791,1,12,0,5,2,-5.755960909561314,5.755960909561314,jatik,anti_homophones
1792,1,0,0,6,3,-5.926345134209145,5.926345134209145,emeRiR,anti_homophones
1793,1,3,0,5,2,-5.651754662678451,5.651754662678451,belin,anti_homophones
1794,1,0,0,10,3,-8.760381402603086,8.760381402603086,SjuRt2Rman,anti_homophones
1795,1,1,0,7,2,-6.550822805980318,6.550822805980318,flEktys,anti_homophones
1796,1,1,0,7,3,-8.877887258123355,8.877887258123355,p@Zwis@,anti_homophones
1797,1,3,1,5,2,-5.024228892796397,5.024228892796397,bRoS@,anti_homophones
1798,1,2,0,6,2,-5.729437075184927,5.729437075184927,s5glOt,anti_homophones
1799,1,4,0,5,2,-5.632942850945405,5.632942850945405,RinER,anti_homophones
1800,1,1,0,6,2,-6.271546208125946,6.271546208125946,kafaRd,anti_homophones
1801,1,0,0,7,3,-7.959599753948809,7.959599753948809,evalast,anti_homophones
1802,1,1,0,7,2,-5.844051502423462,5.844051502423462,klonizm,anti_homophones
1803,1,0,0,18,7,-14.201903948434783,14.201903948434783,ZeneR2bObslEptisaZ,anti_homophones
1804,1,4,1,6,2,-5.528409960606831,5.528409960606831,deblik,anti_homophones
1805,1,2,1,7,2,-5.233858959647721,5.233858959647721,pRotizm,anti_homophones
1806,1,2,0,6,2,-5.8177968973445315,5.8177968973445315,tORtje,anti_homophones
1807,1,0,0,16,6,-14.686532716311634,14.686532716311634,bjotidjonERv°naR,anti_homophones
1808,1,18,0,3,1,-4.741642839794936,4.741642839794936,j9R,anti_homophones
1809,1,14,2,4,2,-4.517841872345437,4.517841872345437,R°se,anti_homophones
1810,1,7,0,3,1,-4.6199045040396625,4.6199045040396625,t8@,anti_homophones
1811,1,0,0,7,3,-6.853493380158483,6.853493380158483,d°buRiR,anti_homophones
1812,1,6,0,5,2,-4.568490984480785,4.568490984480785,Res9R,anti_homophones
1813,1,20,4,3,1,-3.9850981858610854,3.9850981858610854,@bR,anti_homophones
1814,1,0,0,7,3,-6.449490786358241,6.449490786358241,pRim@t5,anti_homophones
1815,1,2,0,9,4,-6.017333270949606,6.017333270949606,kanogRafi,anti_homophones
1816,1,3,0,5,2,-4.936626997427656,4.936626997427656,Z9nEt,anti_homophones
1817,1,0,0,6,2,-6.028490030374111,6.028490030374111,depaRk,anti_homophones
1818,1,26,2,3,1,-3.916536269364346,3.916536269364346,taj,anti_homophones
1819,1,7,1,5,2,-5.198311514437221,5.198311514437221,mosje,anti_homophones
1820,1,3,0,5,2,-5.296923249089696,5.296923249089696,klop@,anti_homophones
1821,1,9,0,3,1,-5.226993324340304,5.226993324340304,atS,anti_homophones
1822,1,0,0,8,4,-10.823530839689019,10.823530839689019,vokajylo,anti_homophones
1823,1,0,0,9,4,-6.9255119459441055,6.9255119459441055,R2k§bat9R,anti_homophones
1824,1,0,0,15,7,-13.083328739680852,13.083328739680852,5peR@smytiliNit,anti_homophones
1825,1,0,0,9,3,-6.608240381986868,6.608240381986868,EgzyltjER,anti_homophones
1826,1,0,0,11,5,-12.521583641443629,12.521583641443629,bwatabijoto,anti_homophones
1827,1,0,0,7,3,-5.812648967280312,5.812648967280312,dekotje,anti_homophones
1828,1,3,0,6,3,-5.639378488603433,5.639378488603433,ymanik,anti_homophones
1829,1,9,1,4,2,-4.616633681598582,4.616633681598582,melo,anti_homophones
1830,1,0,0,12,5,-14.391736234400499,14.391736234400499,akofRilaflaZ,anti_homophones
1831,1,5,0,6,2,-6.223621659444855,6.223621659444855,glatik,anti_homophones
1832,1,0,0,8,3,-8.530622825207171,8.530622825207171,aRbuzjat,anti_homophones
1833,1,3,0,5,2,-5.6968769623820865,5.6968769623820865,madOR,anti_homophones
1834,1,1,0,6,3,-6.869737113514847,6.869737113514847,vagaja,anti_homophones
1835,1,4,1,4,2,-4.952998420447593,4.952998420447593,t§bo,anti_homophones
1836,1,0,0,10,4,-8.906584426712223,8.906584426712223,ZakaRtEjaZ,anti_homophones
1837,1,7,1,6,3,-5.329388616956616,5.329388616956616,ipERSe,anti_homophones
1838,1,3,0,5,2,-5.779613542310976,5.779613542310976,Zemin,anti_homophones
1839,1,5,1,7,3,-5.102883857240984,5.102883857240984,senasj§,anti_homophones
1840,1,0,0,6,3,-8.697691280083228,8.697691280083228,Okt@b5,anti_homophones
1841,1,17,1,3,2,-4.940156819056933,4.940156819056933,ak2,anti_homophones
1842,1,0,0,5,2,-5.845221626639067,5.845221626639067,latwa,anti_homophones
1843,1,0,0,6,2,-7.139407549869398,7.139407549869398,Olfakt,anti_homophones
1844,1,0,0,6,2,-5.5334569551847235,5.5334569551847235,kORSyR,anti_homophones
1845,1,9,0,4,1,-4.6347051549422025,4.6347051549422025,psid,anti_homophones
1846,1,0,0,13,5,-14.933411605222638,14.933411605222638,azbodROmnolOg,anti_homophones
1847,1,0,0,10,4,-8.906028958887376,8.906028958887376,kaRkalisid,anti_homophones
1848,1,29,3,3,1,-3.848316671449796,3.848316671449796,lin,anti_homophones
1849,1,11,0,4,2,-4.356217583950727,4.356217583950727,ORde,anti_homophones
1850,1,2,1,6,2,-5.433172513794171,5.433172513794171,kRonaZ,anti_homophones
1851,1,0,0,10,4,-8.523060269468777,8.523060269468777,pRobaRd2Ri,anti_homophones
1852,1,0,0,10,4,-9.801510413896436,9.801510413896436,floRofetuR,anti_homophones
1853,1,0,0,9,4,-6.540855964628847,6.540855964628847,sypRatize,anti_homophones
1854,1,0,0,7,4,-6.5015920354584535,6.5015920354584535,Re5kaj§,anti_homophones
1855,1,1,0,8,4,-5.833498668463543,5.833498668463543,v@tis°m@,anti_homophones
1856,1,6,0,4,2,-4.980919997926225,4.980919997926225,fiSE,anti_homophones
1857,1,2,0,5,3,-6.296514816067927,6.296514816067927,eleko,anti_homophones
1858,1,7,1,5,1,-5.160170666258908,5.160170666258908,pERts,anti_homophones
1859,1,1,1,6,2,-5.712431489688642,5.712431489688642,fabR9R,anti_homophones
1860,1,29,1,2,1,-4.573314010010595,4.573314010010595,kE,anti_homophones
1861,1,17,2,3,1,-4.458707231927977,4.458707231927977,p@s,anti_homophones
1862,1,2,0,7,3,-7.818420000936196,7.818420000936196,baklyRe,anti_homophones
1863,1,0,0,6,2,-6.3645722540114456,6.3645722540114456,stol9R,anti_homophones
1864,1,0,0,7,3,-6.815715268610895,6.815715268610895,@s8iv9R,anti_homophones
1865,1,0,0,7,3,-8.170473220554426,8.170473220554426,fRizOne,anti_homophones
1866,1,0,0,9,4,-8.318006253591816,8.318006253591816,navaZilER,anti_homophones
1867,1,0,0,10,5,-6.472082600715706,6.472082600715706,adminal°m@,anti_homophones
1868,1,0,0,7,2,-7.496287064229469,7.496287064229469,kOkastR,anti_homophones
1869,1,0,0,11,6,-13.052315353589796,13.052315353589796,akiaminak§t,anti_homophones
1870,1,0,0,8,4,-8.852493558458585,8.852493558458585,adiskaR§,anti_homophones
1871,1,0,0,10,4,-8.123923256463428,8.123923256463428,ilystatizm,anti_homophones
1872,1,0,0,7,3,-7.18212316661674,7.18212316661674,Oksimat,anti_homophones
1873,1,32,2,4,2,-4.116149166259005,4.116149166259005,kaRo,anti_homophones
1874,1,10,0,4,2,-4.69984887677636,4.69984887677636,leje,anti_homophones
1875,1,9,0,4,1,-5.772105599281126,5.772105599281126,dRis,anti_homophones
1876,1,13,1,4,2,-4.571741664826346,4.571741664826346,deni,anti_homophones
1877,1,0,0,15,6,-16.917098110453978,16.917098110453978,ksabatERnitRemi,anti_homophones
1878,1,2,0,5,3,-5.936728704514003,5.936728704514003,eRot§,anti_homophones
1879,1,1,0,6,2,-6.081454442869779,6.081454442869779,l@guRd,anti_homophones
1880,1,0,0,8,3,-7.850468267105688,7.850468267105688,paREskOt,anti_homophones
1881,1,31,2,4,2,-4.250760763935458,4.250760763935458,gale,anti_homophones
1882,1,3,0,5,3,-5.6089644689053415,5.6089644689053415,init@,anti_homophones
1883,1,1,0,7,4,-5.720413179866911,5.720413179866911,alymine,anti_homophones
1884,1,0,0,7,3,-7.620667715830369,7.620667715830369,R°paRly,anti_homophones
1885,1,0,0,9,4,-9.114355936148064,9.114355936148064,R2k§pylEt,anti_homophones
1886,1,0,0,7,2,-6.263165672701899,6.263165672701899,kaRmwan,anti_homophones
1887,1,0,0,6,2,-5.527314193995263,5.527314193995263,lEdabl,anti_homophones
1888,1,0,0,7,4,-6.936497163635648,6.936497163635648,efalonE,anti_homophones
1889,1,0,0,7,3,-5.965039743371677,5.965039743371677,klER°Ri,anti_homophones
1890,1,30,1,4,2,-3.914923605054451,3.914923605054451,peRe,anti_homophones
1891,1,21,0,3,1,-5.0937990629736305,5.0937990629736305,daz,anti_homophones
1892,1,0,0,8,5,-7.76563861517108,7.76563861517108,aeRogama,anti_homophones
1893,1,0,0,8,3,-6.362443411087303,6.362443411087303,vylgaS9R,anti_homophones
1894,1,0,0,10,3,-9.135476618773875,9.135476618773875,pRopReplik,anti_homophones
1895,1,10,3,6,2,-4.284481845136009,4.284481845136009,k§stik,anti_homophones
1896,1,1,1,7,2,-5.294143065164989,5.294143065164989,floRizm,anti_homophones
1897,1,0,0,9,3,-7.687130929849858,7.687130929849858,gRis°mEtR,anti_homophones
1898,1,0,0,13,5,-11.458358210568246,11.458358210568246,flamadiskysj§,anti_homophones
1899,1,2,0,5,2,-5.959985946110329,5.959985946110329,tyRj@,anti_homophones
1900,1,0,0,13,5,-10.67784189182382,10.67784189182382,R°pRivwak°taZ,anti_homophones
1901,1,0,0,13,6,-13.45174082281271,13.45174082281271,al§Zibidokylt,anti_homophones
1902,1,20,3,3,1,-3.7387892262474316,3.7387892262474316,l@s,anti_homophones
1903,1,3,0,5,2,-5.8979146711363715,5.8979146711363715,sebOl,anti_homophones
1904,1,0,0,10,4,-6.685995494913044,6.685995494913044,bOksibl°m@,anti_homophones
1905,1,4,3,4,1,-4.52003205237508,4.52003205237508,@pR1,anti_homophones
1906,1,6,0,5,2,-4.478055035155077,4.478055035155077,sufle,anti_homophones
1907,1,19,2,4,1,-4.289576143349993,4.289576143349993,plER,anti_homophones
1908,1,0,0,6,2,-6.3619264004719716,6.3619264004719716,spiRja,anti_homophones
1909,1,6,1,3,2,-4.3359181421166495,4.3359181421166495,ymo,anti_homophones
1910,1,1,0,7,3,-7.118274039675158,7.118274039675158,sal@tER,anti_homophones
1911,1,0,0,8,2,-7.477859720181487,7.477859720181487,tR§pRist,anti_homophones
1912,1,22,1,3,1,-4.052040562407791,4.052040562407791,byR,anti_homophones
1913,1,0,0,9,4,-7.918422274978031,7.918422274978031,solEs@s9R,anti_homophones
1914,1,12,1,3,2,-4.53118154785191,4.53118154785191,5be,anti_homophones
1915,1,5,0,5,2,-5.085753017510835,5.085753017510835,mORdo,anti_homophones
1916,1,0,0,15,6,-16.008264340489863,16.008264340489863,menilistaSaRjEn,anti_homophones
1917,1,1,0,5,2,-5.277028634035907,5.277028634035907,ORnik,anti_homophones
1918,1,7,1,6,2,-4.965703354444787,4.965703354444787,baRdaZ,anti_homophones
1919,1,18,2,4,1,-4.438000718393883,4.438000718393883,kRik,anti_homophones
1920,1,28,3,3,1,-3.7822477785462136,3.7822477785462136,buR,anti_homophones
1921,1,0,0,11,4,-9.972719402699992,9.972719402699992,desiglOdibl,anti_homophones
1922,1,0,0,9,5,-6.662961189681267,6.662961189681267,ateRik°m@,anti_homophones
1923,1,0,0,8,3,-6.576702196288794,6.576702196288794,RevERtaZ,anti_homophones
1924,1,13,3,5,1,-4.096322124774815,4.096322124774815,stabl,anti_homophones
1925,1,4,0,4,2,-4.8098105706148075,4.8098105706148075,byv@,anti_homophones
1926,1,4,0,5,2,-4.444248296774305,4.444248296774305,desif,anti_homophones
1927,1,0,0,7,3,-9.420971060174166,9.420971060174166,zidil9R,anti_homophones
1928,1,3,0,5,2,-6.0623567875744895,6.0623567875744895,REspa,anti_homophones
1929,1,2,0,6,3,-5.340612836813604,5.340612836813604,R°sote,anti_homophones
1930,1,0,0,6,3,-7.985749138548623,7.985749138548623,debyko,anti_homophones
1931,1,25,1,4,2,-4.5396095538593775,4.5396095538593775,RaSe,anti_homophones
1932,1,25,1,3,1,-4.79581715404929,4.79581715404929,gat,anti_homophones
1933,1,6,1,5,2,-4.72833600954085,4.72833600954085,negal,anti_homophones
1934,1,9,1,4,2,-4.467514733682788,4.467514733682788,v@Ze,anti_homophones
1935,1,0,0,11,4,-7.8873383363752705,7.8873383363752705,disp@salist,anti_homophones
1936,1,1,0,7,3,-5.888655630407775,5.888655630407775,tuRdite,anti_homophones
1937,1,8,1,4,1,-4.531629612306645,4.531629612306645,sikl,anti_homophones
1938,1,0,0,7,2,-5.760803162335794,5.760803162335794,gRifj@s,anti_homophones
1939,1,1,0,6,3,-5.6718679016929645,5.6718679016929645,@bomje,anti_homophones
1940,1,1,0,8,3,-5.971914366229629,5.971914366229629,ZERmatik,anti_homophones
1941,1,1,0,7,3,-6.146439695918869,6.146439695918869,fRaz°Ri,anti_homophones
1942,1,15,2,5,2,-4.349934520848004,4.349934520848004,pRije,anti_homophones
1943,1,0,0,12,4,-11.236795518002276,11.236795518002276,saRmOtERnjER,anti_homophones
1944,1,0,0,10,5,-7.311296891497097,7.311296891497097,dekut@S°m@,anti_homophones
1945,1,10,0,5,2,-4.536666404172851,4.536666404172851,malad,anti_homophones
1946,1,7,3,6,3,-4.095210554585994,4.095210554585994,Reasj§,anti_homophones
1947,1,1,0,6,2,-5.653092239760941,5.653092239760941,tSatje,anti_homophones
1948,1,0,0,7,2,-6.214612946269386,6.214612946269386,REspEkt,anti_homophones
1949,1,13,2,7,3,-4.634769554829715,4.634769554829715,seRasj§,anti_homophones
1950,1,0,0,9,4,-6.7246895414402506,6.7246895414402506,bjogOn°m@,anti_homophones
1951,1,0,0,5,2,-5.7220922612698555,5.7220922612698555,RObEt,anti_homophones
1952,1,1,0,7,3,-7.005111520193299,7.005111520193299,deposif,anti_homophones
1953,1,4,0,4,2,-4.552917230302313,4.552917230302313,bid§,anti_homophones
1954,1,0,0,9,3,-7.14072594830826,7.14072594830826,elEkspOjl,anti_homophones
1955,1,4,0,5,3,-5.852078651590725,5.852078651590725,asoni,anti_homophones
1956,1,9,1,8,3,-4.970081719192354,4.970081719192354,bRizasj§,anti_homophones
1957,1,0,0,7,3,-6.110385154682117,6.110385154682117,asupjER,anti_homophones
1958,1,4,0,5,3,-5.629665317175343,5.629665317175343,evise,anti_homophones
1959,1,1,0,7,3,-5.592774901601403,5.592774901601403,RuZwaje,anti_homophones
1960,1,0,0,7,3,-7.014388705174571,7.014388705174571,avonabl,anti_homophones
1961,1,0,1,8,3,-6.515687936264974,6.515687936264974,k§paktik,anti_homophones
1962,1,6,0,6,3,-4.992291465914672,4.992291465914672,etRije,anti_homophones
1963,1,0,0,7,3,-7.690606535632733,7.690606535632733,alpasj5,anti_homophones
1964,1,33,1,3,1,-4.417434714058184,4.417434714058184,kam,anti_homophones
1965,1,0,0,8,3,-8.427800017561903,8.427800017561903,SaRablik,anti_homophones
1966,1,0,0,9,5,-8.702933701730277,8.702933701730277,apaR@tise,anti_homophones
1967,1,25,3,3,1,-3.899476131807592,3.899476131807592,lOR,anti_homophones
1968,1,3,0,4,2,-5.624544670503692,5.624544670503692,@pjo,anti_homophones
1969,1,7,1,5,2,-5.299058140785945,5.299058140785945,bazad,anti_homophones
1970,1,39,2,3,1,-3.6224054463372615,3.6224054463372615,pal,anti_homophones
1971,1,0,0,6,2,-6.791932852348916,6.791932852348916,R°mORn,anti_homophones
1972,1,3,0,6,3,-5.915210032602022,5.915210032602022,m§tine,anti_homophones
1973,1,0,0,11,4,-11.25872686596786,11.25872686596786,bodRolERtin,anti_homophones
1974,1,35,0,2,1,-4.567968637201188,4.567968637201188,fi,anti_homophones
1975,1,0,0,10,4,-7.63867235608517,7.63867235608517,modikasabl,anti_homophones
1976,1,0,0,11,5,-7.794871473091891,7.794871473091891,makRonalite,anti_homophones
1977,1,1,1,6,2,-4.91767025402941,4.91767025402941,myzwaR,anti_homophones
1978,1,5,2,4,2,-5.272879620163969,5.272879620163969,Esk§,anti_homophones
1979,1,0,0,10,4,-7.845699698826401,7.845699698826401,polinatwaR,anti_homophones
1980,1,9,2,4,2,-4.3112555711226985,4.3112555711226985,inys,anti_homophones
1981,1,5,0,4,2,-4.746766140512605,4.746766140512605,R°ga,anti_homophones
1982,1,0,0,6,3,-6.607714581533703,6.607714581533703,me@dR°,anti_homophones
1983,1,0,0,11,4,-7.719672642266417,7.719672642266417,siRk§sERvER,anti_homophones
1984,1,2,0,5,2,-5.92561014112582,5.92561014112582,t5tal,anti_homophones
1985,1,1,1,8,4,-5.898472637233067,5.898472637233067,aspiRite,anti_homophones
1986,1,1,0,6,2,-5.6570015991166605,5.6570015991166605,siNObl,anti_homophones
1987,1,0,0,13,6,-10.116217910529045,10.116217910529045,kabolinelylER,anti_homophones
1988,1,0,0,10,4,-11.243194685557931,11.243194685557931,fosk°myzEt,anti_homophones
1989,1,1,0,5,2,-7.299991878155672,7.299991878155672,sk@k@,anti_homophones
1990,1,7,1,5,2,-4.724786951390799,4.724786951390799,big9R,anti_homophones
1991,1,0,0,8,2,-7.6560866231291875,7.6560866231291875,klaRsibl,anti_homophones
1992,1,0,0,15,7,-13.816474350175966,13.816474350175966,telegakominofR5,anti_homophones
1993,1,6,0,5,2,-5.362026652364288,5.362026652364288,deRam,anti_homophones
1994,1,0,0,9,4,-7.69518491781022,7.69518491781022,efal@twaR,anti_homophones
1995,1,26,1,3,1,-4.169339633765021,4.169339633765021,sOR,anti_homophones
1996,1,0,0,7,3,-6.390740908679873,6.390740908679873,RetRija,anti_homophones
1997,1,0,0,7,3,-8.298096340266055,8.298096340266055,kovisil,anti_homophones
1998,1,21,1,3,1,-4.366740080256816,4.366740080256816,R@t,anti_homophones
1999,1,1,0,7,4,-5.9778072721371025,5.9778072721371025,avid°m@,anti_homophones
2000,1,0,0,10,5,-10.047124324185676,10.047124324185676,biseRomine,anti_homophones
2001,1,0,0,7,3,-10.286577145150252,10.286577145150252,Ostsige,anti_homophones
2002,1,0,0,11,4,-7.717506985469687,7.717506985469687,sysp@sajd9R,anti_homophones
2003,1,15,1,4,2,-3.972167406368427,3.972167406368427,poze,anti_homophones
2004,1,12,1,3,1,-4.28924277845794,4.28924277845794,bl2,anti_homophones
2005,1,18,1,3,1,-4.791440253443683,4.791440253443683,ful,anti_homophones
2006,1,0,0,6,3,-7.967016730720257,7.967016730720257,emEliz,anti_homophones
2007,1,31,1,2,1,-4.568235534977532,4.568235534977532,an,anti_homophones
2008,1,0,0,13,6,-13.66287314318086,13.66287314318086,tyRinekReotEz,anti_homophones
2009,1,1,0,8,4,-5.704268388601261,5.704268388601261,5divasj§,anti_homophones
2010,1,0,0,8,3,-6.781008047645457,6.781008047645457,pR5s@s9R,anti_homophones
2011,1,1,0,7,3,-7.32793285109943,7.32793285109943,mORfida,anti_homophones
2012,1,19,1,3,2,-4.0852214620988665,4.0852214620988665,av@,anti_homophones
2013,1,9,0,6,2,-4.437856352939059,4.437856352939059,pORtaZ,anti_homophones
2014,1,0,0,6,2,-7.197553838876217,7.197553838876217,bl§dim,anti_homophones
2015,1,0,0,10,5,-7.055374299145575,7.055374299145575,taminalite,anti_homophones
2016,1,0,0,12,5,-8.98373111658152,8.98373111658152,kamagneRasj§,anti_homophones
2017,1,0,0,11,5,-8.210918134154753,8.210918134154753,kanatwaz°Ri,anti_homophones
2018,1,11,0,4,1,-4.440905656007991,4.440905656007991,fRER,anti_homophones
2019,1,0,0,8,4,-9.28642524024777,9.28642524024777,aklaRise,anti_homophones
2020,1,0,0,6,3,-6.430350575154732,6.430350575154732,@tRaOk,anti_homophones
2021,1,2,0,5,3,-6.758182799606931,6.758182799606931,5fule,anti_homophones
2022,1,13,0,4,2,-5.023757860017488,5.023757860017488,faR§,anti_homophones
2023,1,8,0,5,2,-5.218099490452737,5.218099490452737,vERni,anti_homophones
2024,1,2,0,5,2,-5.023241604537761,5.023241604537761,buZwa,anti_homophones
2025,1,0,0,9,4,-6.994938255914522,6.994938255914522,fR5gOs°m@,anti_homophones
2026,1,0,0,12,5,-13.033676820795362,13.033676820795362,masizaspatEs,anti_homophones
2027,1,0,0,7,3,-6.467710693727744,6.467710693727744,vibRuje,anti_homophones
2028,1,1,0,5,2,-5.8956163988310735,5.8956163988310735,gaRoz,anti_homophones
2029,1,3,0,8,4,-4.979266341593656,4.979266341593656,inizasj§,anti_homophones
2030,1,0,0,7,3,-7.216009428697928,7.216009428697928,sRypyte,anti_homophones
2031,1,4,0,7,4,-5.133801638487864,5.133801638487864,izOt°m@,anti_homophones
2032,1,0,0,6,2,-7.510012236341238,7.510012236341238,fEldka,anti_homophones
2033,1,5,2,7,3,-4.5662390918427676,4.5662390918427676,dinasj§,anti_homophones
2034,1,0,1,6,2,-4.917235642832381,4.917235642832381,bOsnj5,anti_homophones
2035,1,2,0,5,2,-6.073456926639651,6.073456926639651,mitiG,anti_homophones
2036,1,15,2,4,1,-4.512923559191718,4.512923559191718,bRaj,anti_homophones
2037,1,2,0,6,2,-7.210305556840872,7.210305556840872,zanj9R,anti_homophones
2038,1,12,1,4,2,-4.663137361956337,4.663137361956337,koR§,anti_homophones
2039,1,4,0,5,2,-5.343466147201933,5.343466147201933,sutiR,anti_homophones
2040,1,0,0,10,3,-7.7634411046790746,7.7634411046790746,k§stRotizm,anti_homophones
2041,1,0,0,9,4,-8.26038096804692,8.26038096804692,petRofOne,anti_homophones
2042,1,7,1,5,2,-4.690277663796478,4.690277663796478,glase,anti_homophones
2043,1,1,0,5,2,-6.300207088798319,6.300207088798319,imaRk,anti_homophones
2044,1,0,0,17,7,-12.33757718688551,12.33757718688551,flanEs@sjalitasj§,anti_homophones
2045,1,0,0,14,6,-12.812054224668262,12.812054224668262,valopadusist@s,anti_homophones
2046,1,1,0,6,3,-5.635693659550854,5.635693659550854,agonal,anti_homophones
2047,1,7,1,4,1,-4.662367702983799,4.662367702983799,tR@p,anti_homophones
2048,1,12,1,5,2,-4.882135490656093,4.882135490656093,katje,anti_homophones
2049,1,5,0,4,2,-5.5104542300601755,5.5104542300601755,NolE,anti_homophones
2050,1,0,0,10,4,-12.110707251012924,12.110707251012924,dekaS2lEtR,anti_homophones
2051,1,12,0,4,2,-5.890741633325176,5.890741633325176,paZi,anti_homophones
2052,1,12,1,3,1,-5.562260087661949,5.562260087661949,k§g,anti_homophones
2053,1,2,0,4,2,-7.093381994000974,7.093381994000974,beEN,anti_homophones
2054,1,1,0,5,2,-6.03066552231832,6.03066552231832,@djak,anti_homophones
2055,1,0,0,8,4,-7.906174574669411,7.906174574669411,@faRgote,anti_homophones
2056,1,3,0,5,3,-5.068399444984758,5.068399444984758,ekive,anti_homophones
2057,1,32,6,3,1,-3.302071825720564,3.302071825720564,syR,anti_homophones
2058,1,3,0,5,3,-6.353985037610985,6.353985037610985,5kOpe,anti_homophones
2059,1,15,2,4,2,-4.273065808634393,4.273065808634393,Roze,anti_homophones
2060,1,0,0,9,3,-8.204504808821033,8.204504808821033,senERZizm,anti_homophones
2061,1,0,0,13,4,-10.400290780362873,10.400290780362873,alkylbystRabl,anti_homophones
2062,1,7,0,8,3,-5.057623027622356,5.057623027622356,dekRasj§,anti_homophones
2063,1,0,0,8,4,-10.432920334899157,10.432920334899157,ovinegRe,anti_homophones
2064,1,0,0,8,4,-6.764807759122202,6.764807759122202,asyZetal,anti_homophones
2065,1,0,0,7,3,-7.268613068077828,7.268613068077828,teleSEl,anti_homophones
2066,1,15,2,4,2,-4.105953912707683,4.105953912707683,av9R,anti_homophones
2067,1,0,0,17,7,-14.241971782755254,14.241971782755254,in5tERkylpas@bl@s,anti_homophones
2068,1,7,1,7,3,-5.084093910790737,5.084093910790737,takasj§,anti_homophones
2069,1,1,0,7,3,-5.648862434902422,5.648862434902422,gRegyle,anti_homophones
2070,1,8,1,4,2,-4.508467991767835,4.508467991767835,kakE,anti_homophones
2071,1,0,0,7,3,-7.585483944080092,7.585483944080092,sigaRdy,anti_homophones
2072,1,17,1,2,1,-4.600011683979298,4.600011683979298,us,anti_homophones
2073,1,31,2,3,1,-4.286885597114917,4.286885597114917,kap,anti_homophones
2074,1,0,0,11,4,-9.641881541582833,9.641881541582833,kabl2tRatik,anti_homophones
2075,1,0,0,9,5,-7.396114996919996,7.396114996919996,autSik°m@,anti_homophones
2076,1,0,0,10,5,-10.064138220508225,10.064138220508225,imotizatik,anti_homophones
2077,1,0,0,12,5,-10.000615751836857,10.000615751836857,pRopERtij°Ri,anti_homophones
2078,1,29,2,3,1,-4.134598199145392,4.134598199145392,biS,anti_homophones
2079,1,3,1,6,2,-4.875219942267822,4.875219942267822,kuvRiR,anti_homophones
2080,1,0,0,7,2,-6.863430923206236,6.863430923206236,gR@dRij,anti_homophones
2081,1,0,0,11,5,-9.434189010494748,9.434189010494748,etRinEst°m@,anti_homophones
2082,1,0,0,6,3,-9.22865408793769,9.22865408793769,Rafyl2,anti_homophones
2083,1,1,0,9,4,-6.323726092491301,6.323726092491301,t@plik°m@,anti_homophones
2084,1,4,0,6,2,-6.268457127754506,6.268457127754506,daRdaZ,anti_homophones
2085,1,12,2,4,2,-4.318279120290831,4.318279120290831,deko,anti_homophones
2086,1,0,0,7,3,-7.227307695981331,7.227307695981331,mORofik,anti_homophones
2087,1,6,1,5,2,-5.2126823055556155,5.2126823055556155,lylER,anti_homophones
2088,1,5,0,7,2,-5.3949626449191666,5.3949626449191666,fRomEtR,anti_homophones
2089,1,0,0,9,5,-7.440838505407377,7.440838505407377,neopat°le,anti_homophones
2090,1,0,0,9,4,-10.914164064471056,10.914164064471056,ipEdzobli,anti_homophones
2091,1,5,0,5,2,-5.619211736114602,5.619211736114602,motEl,anti_homophones
2092,1,26,1,3,1,-4.023899705187548,4.023899705187548,gRe,anti_homophones
2093,1,0,0,7,3,-10.303767225198902,10.303767225198902,m§m°l2z,anti_homophones
2094,1,0,0,7,3,-6.548107888117513,6.548107888117513,ZigOtOn,anti_homophones
2095,1,2,1,5,1,-4.950153116355954,4.950153116355954,b1zEn,anti_homophones
2096,1,4,1,6,2,-5.811414343460319,5.811414343460319,delibR,anti_homophones
2097,1,0,0,11,5,-10.669573060275491,10.669573060275491,R5balitiviG,anti_homophones
2098,1,0,0,11,5,-7.675412842271218,7.675412842271218,sim@sibl°m@,anti_homophones
2099,1,26,5,3,1,-3.3765794294922435,3.3765794294922435,tyR,anti_homophones
2100,1,0,0,8,3,-6.760469650296982,6.760469650296982,EkspiRal,anti_homophones
2101,1,0,0,11,4,-11.084860095436037,11.084860095436037,dedwaRsist5,anti_homophones
2102,1,5,0,5,2,-5.329557367968418,5.329557367968418,SaRd§,anti_homophones
2103,1,0,0,11,5,-7.806269602296633,7.806269602296633,RenetwaR°m@,anti_homophones
2104,1,26,1,2,1,-4.5756913372418335,4.5756913372418335,ik,anti_homophones
2105,1,1,0,6,2,-5.738020627619806,5.738020627619806,tRikOl,anti_homophones
2106,1,4,0,4,1,-5.069663425106686,5.069663425106686,fjOl,anti_homophones
2107,1,15,1,5,2,-4.208745654334666,4.208745654334666,kORde,anti_homophones
2108,1,0,0,15,6,-12.92000060163593,12.92000060163593,psikopinaglotje,anti_homophones
2109,1,0,0,6,2,-6.222833605025653,6.222833605025653,sOmnaz,anti_homophones
2110,1,5,2,7,4,-4.177929495150851,4.177929495150851,5tER°m@,anti_homophones
2111,1,0,0,6,3,-7.472193175591984,7.472193175591984,Estak5,anti_homophones
2112,1,10,2,4,2,-4.415459297820069,4.415459297820069,ipER,anti_homophones
2113,1,0,0,14,6,-12.68750682442476,12.68750682442476,sypERvatetajaR,anti_homophones
2114,1,18,2,3,2,-3.995866887546498,3.995866887546498,oR@,anti_homophones
2115,1,0,0,7,3,-8.403713090634497,8.403713090634497,iktilOR,anti_homophones
2116,1,5,0,5,3,-5.560293602677851,5.560293602677851,aloge,anti_homophones
2117,1,4,0,6,3,-5.240265365160844,5.240265365160844,filoSe,anti_homophones
2118,1,14,1,4,2,-4.7713103923606415,4.7713103923606415,R°l§,anti_homophones
2119,1,19,0,3,1,-5.479596392212675,5.479596392212675,nEk,anti_homophones
2120,1,0,0,8,3,-8.334146182507666,8.334146182507666,tReminos,anti_homophones
2121,1,1,0,8,4,-7.784877973193929,7.784877973193929,aplodomi,anti_homophones
2122,1,0,0,6,3,-6.512876456137017,6.512876456137017,totije,anti_homophones
2123,1,0,0,11,4,-10.807944144072687,10.807944144072687,fijEstRijaZ,anti_homophones
2124,1,0,1,7,3,-5.3792078786671444,5.3792078786671444,of@sibl,anti_homophones
2125,1,0,0,7,3,-8.079805784811697,8.079805784811697,ast2nyl,anti_homophones
2126,1,0,0,12,6,-11.98815668264271,11.98815668264271,ped@tipoaliN,anti_homophones
2127,1,5,1,4,2,-4.566175436228356,4.566175436228356,abw5,anti_homophones
2128,1,22,1,3,1,-4.407020823703734,4.407020823703734,pEn,anti_homophones
2129,1,0,0,8,4,-6.6301144856771295,6.6301144856771295,kopid°m@,anti_homophones
2130,1,0,0,10,3,-9.643203153536046,9.643203153536046,R@smERsibl,anti_homophones
2131,1,0,0,8,4,-6.013046038008513,6.013046038008513,topik°m@,anti_homophones
2132,1,1,0,6,3,-6.091088017371195,6.091088017371195,pep5go,anti_homophones
2133,1,2,0,6,2,-4.370897175941066,4.370897175941066,djat9R,anti_homophones
2134,1,0,0,14,7,-15.20572081257178,15.20572081257178,Ranisid@tyRbai,anti_homophones
2135,1,20,2,4,2,-4.387638058012264,4.387638058012264,bise,anti_homophones
2136,1,8,0,4,1,-5.544929750865255,5.544929750865255,pREj,anti_homophones
2137,1,17,1,4,1,-4.020851411960146,4.020851411960146,k§tR,anti_homophones
2138,1,0,0,14,6,-10.717719439805613,10.717719439805613,5tRikaten8at9R,anti_homophones
2139,1,6,0,5,3,-5.305334654849026,5.305334654849026,5kyRi,anti_homophones
2140,1,27,3,4,1,-3.781680437882417,3.781680437882417,kwaR,anti_homophones
2141,1,20,2,4,2,-3.9847408648138725,3.9847408648138725,kapi,anti_homophones
2142,1,1,0,5,2,-6.56705185079024,6.56705185079024,dOlOm,anti_homophones
2143,1,22,1,4,2,-4.496878800542723,4.496878800542723,bone,anti_homophones
2144,1,2,0,5,2,-6.39386411501574,6.39386411501574,papiv,anti_homophones
2145,1,0,0,8,3,-7.425662769594989,7.425662769594989,RipotwaR,anti_homophones
2146,1,2,0,8,3,-5.886767229390772,5.886767229390772,bR§SitER,anti_homophones
2147,1,0,0,7,3,-5.519576829971731,5.519576829971731,Egzamik,anti_homophones
2148,1,21,0,4,2,-4.589753697787955,4.589753697787955,pije,anti_homophones
2149,1,3,1,6,2,-4.871204986323658,4.871204986323658,RevwaR,anti_homophones
2150,1,9,2,4,2,-3.9128339881744907,3.9128339881744907,k§Ze,anti_homophones
2151,1,16,3,5,2,-3.490190724202593,3.490190724202593,gRafi,anti_homophones
2152,1,0,0,10,4,-9.818121871833192,9.818121871833192,Z8ijER°taZ,anti_homophones
2153,1,2,1,4,2,-4.910467494759785,4.910467494759785,lulu,anti_homophones
2154,1,0,0,8,3,-7.576852531224448,7.576852531224448,vylkRote,anti_homophones
2155,1,33,4,3,1,-3.573703287049821,3.573703287049821,Ram,anti_homophones
2156,1,0,0,16,7,-13.852958150779072,13.852958150779072,onogRafikat@taRd,anti_homophones
2157,1,4,2,4,2,-4.595274649915468,4.595274649915468,on9R,anti_homophones
2158,1,11,1,4,2,-4.355247864452028,4.355247864452028,dem§,anti_homophones
2159,1,0,1,7,3,-5.966026306910434,5.966026306910434,pRofizi,anti_homophones
2160,1,30,1,3,1,-4.245098493957408,4.245098493957408,bad,anti_homophones
2161,1,25,4,3,1,-3.866874249994366,3.866874249994366,ZER,anti_homophones
2162,1,0,0,6,2,-5.731346005772935,5.731346005772935,kRunEt,anti_homophones
2163,1,0,0,12,6,-10.067885815855329,10.067885815855329,EksEsteozite,anti_homophones
2164,1,3,0,5,3,-7.016223072992883,7.016223072992883,Read5,anti_homophones
2165,1,0,0,15,6,-13.635537148095063,13.635537148095063,tOksidRogRabuj@,anti_homophones
2166,1,1,0,6,3,-6.232009300694454,6.232009300694454,bibile,anti_homophones
2167,1,1,0,5,3,-7.298041858532527,7.298041858532527,ibut2,anti_homophones
2168,1,1,1,7,3,-5.126301204456477,5.126301204456477,Espasj§,anti_homophones
2169,1,20,2,5,2,-4.051189358856241,4.051189358856241,pRote,anti_homophones
2170,1,8,0,4,2,-4.968417432454166,4.968417432454166,kop5,anti_homophones
2171,1,6,0,6,3,-4.859439161347936,4.859439161347936,egl°m@,anti_homophones
2172,1,8,1,7,3,-5.218991229704515,5.218991229704515,nwaz°m@,anti_homophones
2173,1,0,0,5,3,-7.919266824261484,7.919266824261484,Ryaso,anti_homophones
2174,1,0,0,10,5,-9.615428675023043,9.615428675023043,OktERifeRe,anti_homophones
2175,1,0,0,9,3,-8.591308836770471,8.591308836770471,fystitabl,anti_homophones
2176,1,0,0,7,4,-7.831317858878187,7.831317858878187,5t°nEs@,anti_homophones
2177,1,0,0,13,6,-11.390288643997133,11.390288643997133,pet@tiditwaje,anti_homophones
2178,1,0,0,6,3,-4.888651081289075,4.888651081289075,of@s9R,anti_homophones
2179,1,2,0,5,2,-5.637818897938931,5.637818897938931,kanja,anti_homophones
2180,1,12,1,3,1,-4.704727487210687,4.704727487210687,ubl,anti_homophones
2181,1,22,2,4,2,-4.514920312522203,4.514920312522203,mule,anti_homophones
2182,1,32,3,4,2,-4.075792922556547,4.075792922556547,male,anti_homophones
2183,1,0,0,11,5,-11.651955989701097,11.651955989701097,bimetRakof@,anti_homophones
2184,1,1,0,7,3,-5.394764436815575,5.394764436815575,tR@zym@,anti_homophones
2185,1,7,1,4,2,-4.994231277807882,4.994231277807882,Zyd@,anti_homophones
2186,1,0,0,9,4,-8.297830983543115,8.297830983543115,ORgaRnOmi,anti_homophones
2187,1,9,1,5,2,-4.601731001533578,4.601731001533578,vwaj@,anti_homophones
2188,1,0,0,8,4,-7.007473541220054,7.007473541220054,5sumisid,anti_homophones
2189,1,1,0,9,4,-5.966179686182406,5.966179686182406,paRtisite,anti_homophones
2190,1,0,0,10,4,-11.020131524362448,11.020131524362448,fRenitOtEn,anti_homophones
2191,1,0,0,10,5,-8.322705486124727,8.322705486124727,5divERt°lE,anti_homophones
2192,1,0,0,5,2,-6.365873846587066,6.365873846587066,S@dij,anti_homophones
2193,1,26,2,4,2,-3.8846418989732103,3.8846418989732103,@tiR,anti_homophones
2194,1,0,0,9,4,-8.308617390178437,8.308617390178437,demERkom@,anti_homophones
2195,1,1,0,6,3,-5.92603316130765,5.92603316130765,emosje,anti_homophones
2196,1,3,0,6,2,-4.994429408249908,4.994429408249908,bORdaZ,anti_homophones
2197,1,0,0,8,3,-9.404228413963407,9.404228413963407,Z@bRujal,anti_homophones
2198,1,10,2,4,2,-4.285815306999069,4.285815306999069,5tEl,anti_homophones
2199,1,10,1,4,2,-4.70629444958313,4.70629444958313,Sute,anti_homophones
2200,1,0,0,8,4,-8.268746865502479,8.268746865502479,@dOktERa,anti_homophones
2201,1,0,0,20,7,-15.509594284434748,15.509594284434748,gRifeRikastEknoklabl,anti_homophones
2202,1,3,0,5,2,-5.811403934509085,5.811403934509085,fosEs,anti_homophones
2203,1,7,0,5,2,-5.514056189398994,5.514056189398994,fRija,anti_homophones
2204,1,7,1,6,2,-4.536558508671623,4.536558508671623,metabl,anti_homophones
2205,1,0,0,12,5,-9.900006302988288,9.900006302988288,apsyltRaside,anti_homophones
2206,1,0,0,10,5,-9.908709402097069,9.908709402097069,ekanaliz°n,anti_homophones
2207,1,0,0,6,3,-7.218510686454137,7.218510686454137,paveli,anti_homophones
2208,1,0,0,9,3,-8.834789556416297,8.834789556416297,kRoSaRtER,anti_homophones
2209,1,36,2,3,2,-3.8669844138930087,3.8669844138930087,oRe,anti_homophones
2210,1,6,1,4,2,-4.678209709956057,4.678209709956057,nEs@,anti_homophones
2211,1,23,2,4,2,-4.38731305055946,4.38731305055946,kaSe,anti_homophones
2212,1,0,1,7,3,-6.075161799569676,6.075161799569676,d°v@SaZ,anti_homophones
2213,1,0,0,10,5,-10.79424338043129,10.79424338043129,id2vwam@ta,anti_homophones
2214,1,0,0,9,5,-10.136404648518837,10.136404648518837,ikotonym@,anti_homophones
2215,1,0,0,7,4,-6.425239648339364,6.425239648339364,evEn°te,anti_homophones
2216,1,0,0,8,3,-8.066571380493519,8.066571380493519,z§binERZ,anti_homophones
2217,1,0,0,6,3,-6.033846987834193,6.033846987834193,kalade,anti_homophones
2218,1,0,0,6,3,-6.995272828920866,6.995272828920866,ezilER,anti_homophones
2219,1,7,1,5,2,-4.218066401612054,4.218066401612054,@ksj§,anti_homophones
2220,1,1,0,6,3,-5.817403529897705,5.817403529897705,bagulE,anti_homophones
2221,1,0,0,8,4,-5.885418518507531,5.885418518507531,otoRat9R,anti_homophones
2222,1,0,0,10,4,-7.051453166954541,7.051453166954541,k§fesjasj§,anti_homophones
2223,1,4,0,5,2,-5.522060507499244,5.522060507499244,Ridit,anti_homophones
2224,1,33,3,3,2,-3.683492845050666,3.683492845050666,ade,anti_homophones
2225,1,46,6,3,1,-3.186248669758985,3.186248669758985,kal,anti_homophones
2226,1,0,0,13,6,-10.936214439313646,10.936214439313646,RepaRatifidER,anti_homophones
2227,1,0,0,7,2,-6.192348642964399,6.192348642964399,skRibys,anti_homophones
2228,1,0,0,9,4,-7.3870595994251795,7.3870595994251795,ipERkyR9R,anti_homophones
2229,1,7,0,4,2,-4.460389118864087,4.460389118864087,vag@,anti_homophones
2230,1,14,0,4,2,-5.231915315523537,5.231915315523537,m°m@,anti_homophones
2231,1,1,0,9,3,-6.795331817069576,6.795331817069576,RetRatwaR,anti_homophones
2232,1,0,0,7,3,-8.226192969513814,8.226192969513814,dolokEt,anti_homophones
2233,1,25,2,3,1,-4.076549293865712,4.076549293865712,tit,anti_homophones
2234,1,1,0,7,3,-5.983792498873285,5.983792498873285,babat9R,anti_homophones
2235,1,4,0,6,2,-5.854855910156785,5.854855910156785,ipERts,anti_homophones
2236,1,0,0,9,3,-7.57793739746016,7.57793739746016,saksjOnER,anti_homophones
2237,1,1,0,8,4,-7.340215987685326,7.340215987685326,n2RotEz§,anti_homophones
2238,1,6,1,6,3,-5.186434777543127,5.186434777543127,demaje,anti_homophones
2239,1,0,0,6,2,-7.903123985406946,7.903123985406946,istuRd,anti_homophones
2240,1,0,0,6,3,-5.922146639687308,5.922146639687308,asEzj5,anti_homophones
2241,1,0,0,10,4,-6.991872418816951,6.991872418816951,platinasj§,anti_homophones
2242,1,0,0,15,7,-11.403610276503148,11.403610276503148,R@paNifikadRije,anti_homophones
2243,1,8,1,4,2,-4.563619606532697,4.563619606532697,vak@,anti_homophones
2244,1,1,0,5,2,-5.434685271573309,5.434685271573309,mytaj,anti_homophones
2245,1,0,0,11,6,-10.063304837242825,10.063304837242825,alEgm@tane5,anti_homophones
2246,1,15,2,3,2,-4.4287600149279935,4.4287600149279935,@ba,anti_homophones
2247,1,0,0,7,3,-7.48104123973533,7.48104123973533,daRinj5,anti_homophones
2248,1,0,0,10,5,-12.470504259891271,12.470504259891271,Ramilob@d§,anti_homophones
2249,1,12,2,3,1,-4.122742631158884,4.122742631158884,idR,anti_homophones
2250,1,0,0,8,3,-8.076857438225185,8.076857438225185,pikadjOm,anti_homophones
2251,1,0,0,6,2,-7.227237744171478,7.227237744171478,bjoSaR,anti_homophones
2252,1,6,1,4,2,-5.204218039429414,5.204218039429414,sis§,anti_homophones
2253,1,0,0,7,3,-6.305031808247772,6.305031808247772,apw5tif,anti_homophones
2254,1,8,1,5,2,-4.2946850563306285,4.2946850563306285,vizj§,anti_homophones
2255,1,0,0,10,3,-10.100522092113778,10.100522092113778,pORtRaRjal,anti_homophones
2256,1,0,0,8,4,-6.739817731952827,6.739817731952827,aZystije,anti_homophones
2257,1,5,0,6,3,-4.859149651350161,4.859149651350161,bOs°m@,anti_homophones
2258,1,0,0,16,7,-11.514637122885338,11.514637122885338,SagRedyRalizasj§,anti_homophones
2259,1,0,0,9,3,-8.71871504124449,8.71871504124449,k§vERspaz,anti_homophones
2260,1,1,0,5,2,-5.455993002785099,5.455993002785099,gos@s,anti_homophones
2261,1,0,0,9,5,-8.282837204988136,8.282837204988136,uigudRije,anti_homophones
2262,1,1,0,9,3,-6.5322116297093356,6.5322116297093356,paRafjabl,anti_homophones
2263,1,0,0,13,5,-15.92426110042038,15.92426110042038,puRfosiRkizik,anti_homophones
2264,1,0,0,9,4,-7.757327774478813,7.757327774478813,@fuRm@daZ,anti_homophones
2265,1,0,0,11,4,-9.198535863556343,9.198535863556343,solist@dabl,anti_homophones
2266,1,1,0,6,2,-6.356729434732962,6.356729434732962,malvaj,anti_homophones
2267,1,0,0,8,3,-7.232403811078068,7.232403811078068,klaboRik,anti_homophones
2268,1,14,1,3,1,-4.636170605657697,4.636170605657697,p§s,anti_homophones
2269,1,1,0,7,3,-6.679171096121779,6.679171096121779,imalsj§,anti_homophones
2270,1,0,0,8,3,-7.984207358605066,7.984207358605066,plem@SaZ,anti_homophones
2271,1,11,1,4,2,-4.334556214686491,4.334556214686491,dife,anti_homophones
2272,1,7,0,5,2,-5.175288303906805,5.175288303906805,moz9R,anti_homophones
2273,1,0,0,9,3,-9.243267982363713,9.243267982363713,d8odekRut,anti_homophones
2274,1,0,0,16,7,-13.710196508079575,13.710196508079575,g@bERsek@toRatik,anti_homophones
2275,1,0,0,7,3,-7.503103067587087,7.503103067587087,aRtRis§,anti_homophones
2276,1,6,0,6,2,-4.664257371092975,4.664257371092975,polizm,anti_homophones
2277,1,1,0,6,3,-6.757388400198481,6.757388400198481,bufadi,anti_homophones
2278,1,9,1,3,1,-4.436166442807599,4.436166442807599,l5S,anti_homophones
2279,1,12,6,3,1,-3.253759883687403,3.253759883687403,Esk,anti_homophones
2280,1,30,1,2,1,-4.570204009982062,4.570204009982062,lE,anti_homophones
2281,1,0,0,7,3,-7.118605803252104,7.118605803252104,muS°man,anti_homophones
2282,1,9,0,4,2,-5.7194021691609604,5.7194021691609604,kopo,anti_homophones
2283,1,0,0,9,4,-9.13008081038085,9.13008081038085,k§sERt°ni,anti_homophones
2284,1,0,0,13,5,-11.692070745693652,11.692070745693652,5sipERSmERsj§,anti_homophones
2285,1,0,0,14,5,-11.29279342474859,11.29279342474859,vEstatRoloZist,anti_homophones
2286,1,5,1,6,3,-5.050773256605017,5.050773256605017,monote,anti_homophones
2287,1,22,1,3,2,-3.8394650871972393,3.8394650871972393,oto,anti_homophones
2288,1,0,0,6,3,-7.6883900880013645,7.6883900880013645,uvERvi,anti_homophones
2289,1,2,1,4,2,-4.420214274934789,4.420214274934789,S@s2,anti_homophones
2290,1,9,0,4,1,-4.926675335153308,4.926675335153308,pORs,anti_homophones
2291,1,0,0,7,3,-6.7125357321319985,6.7125357321319985,medOkt@,anti_homophones
2292,1,3,0,4,2,-5.063857451039978,5.063857451039978,ilOt,anti_homophones
2293,1,0,0,7,4,-7.0326760286070265,7.0326760286070265,epesize,anti_homophones
2294,1,0,1,7,2,-4.936007244716424,4.936007244716424,Eksplwa,anti_homophones
2295,1,0,0,10,4,-11.657740053487421,11.657740053487421,plytoRib8i,anti_homophones
2296,1,0,0,13,5,-10.963991812575468,10.963991812575468,pRezERsiRot9R,anti_homophones
2297,1,0,0,9,4,-8.108908874353874,8.108908874353874,RekokijaZ,anti_homophones
2298,1,1,0,6,2,-7.331211831934314,7.331211831934314,klodan,anti_homophones
2299,1,0,0,5,2,-7.232769317393851,7.232769317393851,imEks,anti_homophones
2300,1,3,0,5,2,-5.760570618714182,5.760570618714182,S@tuR,anti_homophones
2301,1,16,1,5,2,-4.547500035888102,4.547500035888102,taRde,anti_homophones
2302,1,26,2,3,2,-4.316926560737053,4.316926560737053,ule,anti_homophones
2303,1,0,0,7,4,-7.190313637604353,7.190313637604353,inal°s§,anti_homophones
2304,1,32,3,3,1,-3.828435852126461,3.828435852126461,mit,anti_homophones
2305,1,1,0,6,2,-7.48174356524931,7.48174356524931,bReZja,anti_homophones
2306,1,7,1,5,2,-4.660377828995663,4.660377828995663,k§sje,anti_homophones
2307,1,0,0,5,2,-5.8648342131680495,5.8648342131680495,livR2,anti_homophones
2308,1,0,0,9,4,-9.741821538823757,9.741821538823757,sagazuRje,anti_homophones
2309,1,16,1,6,3,-4.549473512065347,4.549473512065347,agasj§,anti_homophones
2310,1,1,0,7,2,-6.247818551384909,6.247818551384909,plijwaR,anti_homophones
2311,1,19,1,4,2,-4.421994123839281,4.421994123839281,kine,anti_homophones
2312,1,1,0,8,3,-6.7828031100722646,6.7828031100722646,k@bylist,anti_homophones
2313,1,8,2,4,2,-4.532616091319117,4.532616091319117,kude,anti_homophones
2314,1,0,0,12,5,-9.011399375692164,9.011399375692164,akRopopylsif,anti_homophones
2315,1,0,0,8,3,-6.138586654635097,6.138586654635097,eklEptik,anti_homophones
2316,1,0,0,7,3,-7.202265392974791,7.202265392974791,d°v°nad,anti_homophones
2317,1,1,0,6,3,-5.513735095404448,5.513735095404448,ipolje,anti_homophones
2318,1,0,0,11,4,-11.597392021169654,11.597392021169654,pusiRdastRe,anti_homophones
2319,1,0,0,11,6,-13.517002744037722,13.517002744037722,simikoleata,anti_homophones
2320,1,0,0,13,5,-11.641485545198158,11.641485545198158,sEkfigyR@Sizm,anti_homophones
2321,1,22,1,4,2,-4.457396372527264,4.457396372527264,Rake,anti_homophones
2322,1,5,0,5,2,-6.160431301184719,6.160431301184719,kuz9R,anti_homophones
2323,1,0,0,9,4,-8.339928710876825,8.339928710876825,SukaRk°m@,anti_homophones
2324,1,15,0,4,2,-4.766345302483464,4.766345302483464,etaR,anti_homophones
2325,1,0,0,7,3,-6.902722451258352,6.902722451258352,epERlOt,anti_homophones
2326,1,13,2,4,1,-4.184266712876869,4.184266712876869,pROk,anti_homophones
2327,1,5,1,6,2,-5.186366506979779,5.186366506979779,sORtaZ,anti_homophones
2328,1,4,1,5,3,-4.899292352895431,4.899292352895431,evEj@,anti_homophones
2329,1,1,0,6,2,-5.486449699001175,5.486449699001175,defibR,anti_homophones
2330,1,1,0,6,3,-5.380827714251655,5.380827714251655,R°fly@,anti_homophones
2331,1,0,0,7,2,-5.114849668618171,5.114849668618171,bl@Sist,anti_homophones
2332,1,4,0,4,1,-5.320068241399589,5.320068241399589,fisk,anti_homophones
2333,1,1,0,7,3,-6.163413652842628,6.163413652842628,gwin°m@,anti_homophones
2334,1,12,0,6,3,-4.310700402640465,4.310700402640465,5tERne,anti_homophones
2335,1,0,0,9,4,-8.718449201778297,8.718449201778297,Rigolativ,anti_homophones
2336,1,6,0,5,2,-5.375418919498411,5.375418919498411,pjote,anti_homophones
2337,1,0,0,11,5,-7.581556340300903,7.581556340300903,k§gRyZilite,anti_homophones
2338,1,2,0,7,3,-5.204371742088668,5.204371742088668,k§kysj§,anti_homophones
2339,1,0,0,7,3,-9.417104221548744,9.417104221548744,viktENe,anti_homophones
2340,1,0,0,11,5,-7.478152413398258,7.478152413398258,tRijOnal°m@,anti_homophones
2341,1,4,1,7,3,-4.697574704979633,4.697574704979633,bRik°m@,anti_homophones
2342,1,0,0,11,5,-10.887333525458406,10.887333525458406,ytilitORSER,anti_homophones
2343,1,0,0,7,3,-6.298069201074154,6.298069201074154,babiliG,anti_homophones
2344,1,2,0,5,2,-4.933370756630428,4.933370756630428,salZi,anti_homophones
2345,1,0,0,8,3,-7.291942179793429,7.291942179793429,gRavigOl,anti_homophones
2346,1,0,0,8,3,-8.476249651546592,8.476249651546592,tERmon2z,anti_homophones
2347,1,3,1,5,3,-5.145133094495271,5.145133094495271,Reada,anti_homophones
2348,1,13,1,5,2,-4.664608683792156,4.664608683792156,sERte,anti_homophones
2349,1,0,0,7,2,-5.87236530763844,5.87236530763844,damw5dR,anti_homophones
2350,1,1,0,6,2,-6.104667349195472,6.104667349195472,sEzjEn,anti_homophones
2351,1,2,0,4,2,-5.317964509602517,5.317964509602517,duRo,anti_homophones
2352,1,10,1,5,3,-4.548370675253506,4.548370675253506,@S°m@,anti_homophones
2353,1,6,1,5,2,-5.733563372439839,5.733563372439839,pERlE,anti_homophones
2354,1,0,0,14,6,-12.26633907805026,12.26633907805026,telepRivalvite,anti_homophones
2355,1,0,0,6,3,-6.743574757057739,6.743574757057739,yRolER,anti_homophones
2356,1,3,1,7,3,-4.578550156079336,4.578550156079336,sosjone,anti_homophones
2357,1,0,0,10,4,-8.356191850391385,8.356191850391385,kRibORdon@,anti_homophones
2358,1,0,0,7,2,-6.806320669819863,6.806320669819863,vERglas,anti_homophones
2359,1,1,0,6,3,-6.406355679817645,6.406355679817645,efiRm@,anti_homophones
2360,1,0,0,12,5,-11.199478771277894,11.199478771277894,floRakutyman,anti_homophones
2361,1,5,0,3,1,-4.715043461325489,4.715043461325489,vuZ,anti_homophones
2362,1,0,0,9,4,-7.602567066817532,7.602567066817532,k@byl@sj§,anti_homophones
2363,1,0,0,9,3,-5.445714066004069,5.445714066004069,sybZ§ksj§,anti_homophones
2364,1,0,0,13,6,-12.944296484818613,12.944296484818613,kaRtuSOk°nij§,anti_homophones
2365,1,11,0,4,2,-5.323278901852484,5.323278901852484,aRb@,anti_homophones
2366,1,9,0,5,2,-5.287390214311126,5.287390214311126,komaZ,anti_homophones
2367,1,0,0,7,3,-5.914991344066793,5.914991344066793,madapte,anti_homophones
2368,1,0,0,11,5,-12.55498445763079,12.55498445763079,viv°luzalin,anti_homophones
2369,1,1,0,6,3,-7.078902479848227,7.078902479848227,nakuSe,anti_homophones
2370,1,8,0,5,1,-4.801728931422514,4.801728931422514,stRal,anti_homophones
2371,1,0,0,14,6,-15.29588489744146,15.29588489744146,muSaRl9balonim,anti_homophones
2372,1,15,1,4,1,-4.079316676584004,4.079316676584004,stER,anti_homophones
2373,1,0,0,10,4,-8.131085406128769,8.131085406128769,djaRdij°m@,anti_homophones
2374,1,3,0,4,1,-5.382573806944745,5.382573806944745,Sift,anti_homophones
2375,1,21,0,3,1,-4.995421824138723,4.995421824138723,pim,anti_homophones
2376,1,6,2,6,2,-4.74881030839964,4.74881030839964,batizm,anti_homophones
2377,1,1,0,6,2,-5.684386820069342,5.684386820069342,s2ljER,anti_homophones
2378,1,12,2,3,1,-4.497394983327956,4.497394983327956,ZEz,anti_homophones
2379,1,18,1,4,2,-4.607520424918405,4.607520424918405,veRe,anti_homophones
2380,1,0,0,5,3,-8.222492078211394,8.222492078211394,5bEzo,anti_homophones
2381,1,0,0,7,3,-5.269521667914582,5.269521667914582,ilyzwaR,anti_homophones
2382,1,28,1,4,2,-4.615911615723071,4.615911615723071,kala,anti_homophones
2383,1,0,0,11,5,-11.204932014523683,11.204932014523683,dispneiteit,anti_homophones
2384,1,0,0,8,5,-6.5198893801543445,6.5198893801543445,maoisite,anti_homophones
2385,1,0,0,5,3,-5.808749230364823,5.808749230364823,@gani,anti_homophones
2386,1,0,0,8,4,-6.860493075810422,6.860493075810422,kalis°le,anti_homophones
2387,1,5,0,6,2,-5.510301887534628,5.510301887534628,toRist,anti_homophones
2388,1,0,0,10,5,-10.47244893858773,10.47244893858773,aRamoREk9R,anti_homophones
2389,1,3,0,6,2,-5.272921802383078,5.272921802383078,flEkte,anti_homophones
2390,1,3,0,6,2,-5.612262052641404,5.612262052641404,R@bl@S,anti_homophones
2391,1,3,1,5,2,-4.61178069479359,4.61178069479359,myzEt,anti_homophones
2392,1,0,0,8,3,-7.987879513879866,7.987879513879866,g@gloRja,anti_homophones
2393,1,5,1,4,2,-4.990766496506831,4.990766496506831,5vit,anti_homophones
2394,1,0,0,10,4,-9.067896364611661,9.067896364611661,debR@kokER,anti_homophones
2395,1,20,1,3,1,-4.095758005767655,4.095758005767655,mut,anti_homophones
2396,1,1,0,6,2,-5.370907592795131,5.370907592795131,tENwaR,anti_homophones
2397,1,6,1,5,3,-4.331669072321284,4.331669072321284,otomi,anti_homophones
2398,1,0,1,6,3,-5.5692200927186235,5.5692200927186235,epiNuf,anti_homophones
2399,1,0,0,16,7,-12.183952628367814,12.183952628367814,5tRavitasiljasj§,anti_homophones
2400,1,0,0,11,6,-11.386477313479604,11.386477313479604,5solimat@d@,anti_homophones
2401,1,1,0,7,2,-5.865437869486262,5.865437869486262,kaRtibl,anti_homophones
2402,1,1,0,11,5,-6.818072973120828,6.818072973120828,speRabilite,anti_homophones
2403,1,0,0,12,5,-10.051222117726908,10.051222117726908,apR@dOktoRam,anti_homophones
2404,1,1,0,7,3,-6.087688166230853,6.087688166230853,mazonje,anti_homophones
2405,1,1,0,5,2,-5.50413509977286,5.50413509977286,toRut,anti_homophones
2406,1,1,0,7,3,-6.02975748238045,6.02975748238045,R°kolER,anti_homophones
2407,1,3,2,5,2,-4.753978634415568,4.753978634415568,t5tyR,anti_homophones
2408,1,9,0,4,2,-7.808530419620158,7.808530419620158,b@dO,anti_homophones
2409,1,3,0,6,3,-4.6609967307846345,4.6609967307846345,k§siNe,anti_homophones
2410,1,0,0,7,3,-7.774325031611122,7.774325031611122,fElasin,anti_homophones
2411,1,1,0,6,3,-5.441042792161072,5.441042792161072,kanaje,anti_homophones
2412,1,2,0,5,2,-6.523145032754394,6.523145032754394,nitEl,anti_homophones
2413,1,0,0,7,3,-6.704540905293785,6.704540905293785,sEsibil,anti_homophones
2414,1,14,1,4,2,-4.133453156678627,4.133453156678627,@tRe,anti_homophones
2415,1,0,0,9,5,-6.5722550396802175,6.5722550396802175,otoRis°m@,anti_homophones
2416,1,0,0,11,4,-8.533951093568259,8.533951093568259,mogRasjonER,anti_homophones
2417,1,1,0,6,2,-6.36210293421523,6.36210293421523,f@tjal,anti_homophones
2418,1,0,0,12,5,-11.371973188163759,11.371973188163759,RalibeRjEl2z,anti_homophones
2419,1,15,1,4,2,-4.0209345953045075,4.0209345953045075,alte,anti_homophones
2420,1,0,0,5,1,-4.816818932641869,4.816818932641869,mjEvR,anti_homophones
2421,1,0,0,9,4,-6.651169681930463,6.651169681930463,mobiliz9R,anti_homophones
2422,1,8,1,4,2,-4.97829021211868,4.97829021211868,Esta,anti_homophones
2423,1,2,0,6,2,-6.7861507535952645,6.7861507535952645,Radzj5,anti_homophones
2424,1,0,0,7,3,-7.325879871692346,7.325879871692346,albinas,anti_homophones
2425,1,10,0,4,2,-4.9327997268015285,4.9327997268015285,R@Ze,anti_homophones
2426,1,10,0,5,3,-4.696278849460563,4.696278849460563,5dis@,anti_homophones
2427,1,12,1,4,2,-5.080411793883094,5.080411793883094,Suje,anti_homophones
2428,1,5,0,7,2,-4.759756142716778,4.759756142716778,pRomEtR,anti_homophones
2429,1,4,0,7,3,-5.884534760246947,5.884534760246947,kypasj§,anti_homophones
2430,1,0,0,10,4,-8.321005779079789,8.321005779079789,deZyZybist,anti_homophones
2431,1,25,1,3,2,-3.911645866711616,3.911645866711616,emi,anti_homophones
2432,1,0,0,8,4,-7.77049253103156,7.77049253103156,ReaZiROl,anti_homophones
2433,1,0,0,9,4,-9.012148981783291,9.012148981783291,5stR°b@de,anti_homophones
2434,1,5,0,4,2,-5.228390606711192,5.228390606711192,asEj,anti_homophones
2435,1,3,0,5,2,-6.105104469100448,6.105104469100448,tORnE,anti_homophones
2436,1,5,0,4,2,-4.749567583533681,4.749567583533681,syda,anti_homophones
2437,1,1,0,8,2,-6.341156103276331,6.341156103276331,syRplist,anti_homophones
2438,1,14,4,4,1,-3.887885607887344,3.887885607887344,pjER,anti_homophones
2439,1,0,0,11,6,-9.87931438532336,9.87931438532336,emoRogamize,anti_homophones
2440,1,7,1,6,2,-5.186918807812608,5.186918807812608,palabl,anti_homophones
2441,1,0,0,8,4,-5.913910126236511,5.913910126236511,f§Zis°m@,anti_homophones
2442,1,0,0,10,4,-9.081913713202107,9.081913713202107,dobERZinik,anti_homophones
2443,1,3,0,5,2,-5.756039154315862,5.756039154315862,aRnj5,anti_homophones
2444,1,6,0,5,2,-5.974818452215813,5.974818452215813,eklit,anti_homophones
2445,1,1,0,6,3,-5.547154099395133,5.547154099395133,ayRizm,anti_homophones
2446,1,30,3,4,2,-3.277187926858857,3.277187926858857,lite,anti_homophones
2447,1,1,0,7,2,-7.248759945128199,7.248759945128199,mOnistR,anti_homophones
2448,1,16,2,3,1,-4.903652341917181,4.903652341917181,jOR,anti_homophones
2449,1,0,0,7,3,-8.255511298491907,8.255511298491907,ZakORal,anti_homophones
2450,1,21,0,4,2,-5.058123137887067,5.058123137887067,lipe,anti_homophones
2451,1,1,0,8,4,-6.264569988893596,6.264569988893596,k§pozit§,anti_homophones
2452,1,0,0,9,4,-7.1687964483068,7.1687964483068,koRozofaZ,anti_homophones
2453,1,17,1,4,2,-4.950183447657992,4.950183447657992,etiR,anti_homophones
2454,1,3,0,5,2,-5.736077281224065,5.736077281224065,spOte,anti_homophones
2455,1,4,0,5,2,-5.680623173115764,5.680623173115764,sykRy,anti_homophones
2456,1,2,0,6,2,-5.425047505608976,5.425047505608976,plafm@,anti_homophones
2457,1,35,3,3,1,-3.6035760031735036,3.6035760031735036,miR,anti_homophones
2458,1,0,0,14,5,-11.878144194683989,11.878144194683989,kRetR@ssibeRER,anti_homophones
2459,1,2,1,5,2,-5.212574744989675,5.212574744989675,dafne,anti_homophones
2460,1,0,0,8,3,-7.258855032826617,7.258855032826617,REstalje,anti_homophones
2461,1,6,1,4,2,-5.34223115034443,5.34223115034443,R@dE,anti_homophones
2462,1,11,0,6,3,-4.75517144147456,4.75517144147456,valize,anti_homophones
2463,1,2,0,6,2,-5.633949894399767,5.633949894399767,mERdiR,anti_homophones
2464,1,6,0,5,2,-5.455336861058581,5.455336861058581,5tRak,anti_homophones
2465,1,0,0,14,7,-12.77824940205312,12.77824940205312,epananitolonj5,anti_homophones
2466,1,0,0,14,7,-11.617786115062572,11.617786115062572,@bRizotomisite,anti_homophones
2467,1,5,0,5,1,-5.270778876283291,5.270778876283291,spORt,anti_homophones
2468,1,0,1,6,3,-5.827524409388315,5.827524409388315,5k§gRe,anti_homophones
2469,1,0,0,7,3,-5.780743796033088,5.780743796033088,desufle,anti_homophones
2470,1,2,2,4,2,-4.403161257402562,4.403161257402562,n2Ro,anti_homophones
2471,1,0,0,9,4,-9.556177097022436,9.556177097022436,5deplytR5,anti_homophones
2472,1,11,1,4,1,-4.009607142899987,4.009607142899987,Zibl,anti_homophones
2473,1,0,0,11,5,-10.119169122543504,10.119169122543504,ilysitOpsj§,anti_homophones
2474,1,3,1,5,2,-5.746569356539315,5.746569356539315,RozoR,anti_homophones
2475,1,22,2,3,2,-4.328899666593719,4.328899666593719,ago,anti_homophones
2476,1,19,1,3,1,-4.437027287705701,4.437027287705701,gul,anti_homophones
2477,1,0,0,7,2,-6.536748885326228,6.536748885326228,pROdabl,anti_homophones
2478,1,0,0,8,4,-7.339509250687771,7.339509250687771,@tRupij§,anti_homophones
2479,1,0,0,9,4,-8.243643335188526,8.243643335188526,kadjosij§,anti_homophones
2480,1,9,1,4,1,-4.863058200599193,4.863058200599193,tROf,anti_homophones
2481,1,0,0,9,3,-8.865116715279921,8.865116715279921,maRtedist,anti_homophones
2482,1,0,0,8,4,-5.725650382459709,5.725650382459709,petOn°m@,anti_homophones
2483,1,0,0,12,6,-10.74461465375105,10.74461465375105,militeRopon@,anti_homophones
2484,1,2,1,5,2,-5.170096814664036,5.170096814664036,sumEn,anti_homophones
2485,1,27,3,4,2,-3.815707629278615,3.815707629278615,koRe,anti_homophones
2486,1,30,2,3,1,-3.761896062126037,3.761896062126037,viR,anti_homophones
2487,1,0,0,9,4,-8.314937356983778,8.314937356983778,floteRote,anti_homophones
2488,1,0,1,7,2,-5.641643087201583,5.641643087201583,fRiptik,anti_homophones
2489,1,0,0,9,3,-7.213307093670162,7.213307093670162,kadR9mp9R,anti_homophones
2490,1,25,1,4,2,-4.230458386986175,4.230458386986175,Rape,anti_homophones
2491,1,0,0,15,7,-13.203819360758615,13.203819360758615,k§pyteRodiZonal,anti_homophones
2492,1,11,1,6,3,-5.14167033365899,5.14167033365899,iRat9R,anti_homophones
2493,1,8,2,4,1,-4.394081099103605,4.394081099103605,bl@S,anti_homophones
2494,1,0,0,9,4,-8.894871818819293,8.894871818819293,5pliklike,anti_homophones
2495,1,0,0,5,2,-6.137807045741418,6.137807045741418,Zol@s,anti_homophones
2496,1,3,1,6,3,-5.596922683815918,5.596922683815918,s@t°le,anti_homophones
2497,1,0,0,8,3,-7.5550515078076685,7.5550515078076685,kRezyman,anti_homophones
2498,1,15,0,6,2,-4.470148984219246,4.470148984219246,tRat9R,anti_homophones
2499,1,3,0,5,2,-5.534057399153815,5.534057399153815,atl@t,anti_homophones
2500,1,0,0,7,2,-6.254668255024983,6.254668255024983,gR5sjal,anti_homophones
2501,1,7,2,4,2,-4.212589627081579,4.212589627081579,fly@,anti_homophones
2502,1,2,1,7,3,-5.3954338546607135,5.3954338546607135,maRZ°Ri,anti_homophones
2503,1,0,0,8,3,-7.154817425234334,7.154817425234334,R°fuRabl,anti_homophones
2504,1,3,1,5,3,-5.071537862578003,5.071537862578003,5kyb5,anti_homophones
2505,1,0,0,12,4,-11.300195028858598,11.300195028858598,ROstistRyzj§,anti_homophones
2506,1,0,0,10,4,-6.170604189541819,6.170604189541819,tR@gylasj§,anti_homophones
2507,1,11,1,7,3,-4.948257082097647,4.948257082097647,kaRl°m@,anti_homophones
2508,1,0,0,6,2,-6.975288712987421,6.975288712987421,takatR,anti_homophones
2509,1,0,0,10,5,-9.129643215288528,9.129643215288528,RealinelyR,anti_homophones
2510,1,12,2,3,1,-4.357470946080827,4.357470946080827,duj,anti_homophones
2511,1,1,0,6,3,-5.6468365100904245,5.6468365100904245,teleZi,anti_homophones
2512,1,1,0,4,2,-5.309657498625746,5.309657498625746,et82,anti_homophones
2513,1,0,0,6,2,-7.264646841242601,7.264646841242601,opRagm,anti_homophones
2514,1,0,0,7,4,-6.152783817289345,6.152783817289345,@titybe,anti_homophones
2515,1,0,0,11,5,-9.968651269828067,9.968651269828067,s5kRytanimi,anti_homophones
2516,1,3,1,5,2,-5.952871160788107,5.952871160788107,fRumi,anti_homophones
2517,1,0,0,7,3,-5.7792466173006165,5.7792466173006165,k8isite,anti_homophones
2518,1,0,0,10,4,-7.778497577137336,7.778497577137336,f§tEst@sj§,anti_homophones
2519,1,0,0,8,4,-7.8028856762401455,7.8028856762401455,dem@tER§,anti_homophones
2520,1,15,2,4,2,-4.222102413563022,4.222102413563022,aRme,anti_homophones
2521,1,0,0,7,3,-7.575281030651776,7.575281030651776,kotomEl,anti_homophones
2522,1,2,0,8,4,-5.826742187307537,5.826742187307537,dezilite,anti_homophones
2523,1,0,0,11,4,-7.440041703780575,7.440041703780575,paRtogRatik,anti_homophones
2524,1,0,0,11,5,-12.270009598629468,12.270009598629468,kyRalizalyS,anti_homophones
2525,1,28,2,3,1,-4.3818089879078865,4.3818089879078865,kaS,anti_homophones
2526,1,0,0,9,4,-9.104046850980161,9.104046850980161,styRal°t5,anti_homophones
2527,1,2,0,6,2,-5.806281001602168,5.806281001602168,likabl,anti_homophones
2528,1,7,0,4,2,-4.8745620623872945,4.8745620623872945,fid@,anti_homophones
2529,1,0,0,6,2,-5.5431947938671335,5.5431947938671335,pRydik,anti_homophones
2530,1,3,0,6,2,-5.6293472486065275,5.6293472486065275,RaSizm,anti_homophones
2531,1,0,0,7,3,-7.0096758674169966,7.0096758674169966,pRopini,anti_homophones
2532,1,0,0,11,5,-9.459386924780857,9.459386924780857,oREspERs°le,anti_homophones
2533,1,19,1,4,1,-3.9542204174431035,3.9542204174431035,sizm,anti_homophones
2534,1,4,1,4,2,-4.498079259321509,4.498079259321509,k§Z§,anti_homophones
2535,1,0,0,8,3,-7.7725879006651875,7.7725879006651875,SokotjER,anti_homophones
2536,1,0,0,8,3,-8.729140397785407,8.729140397785407,ipnotORs,anti_homophones
2537,1,0,0,7,3,-6.832251442801322,6.832251442801322,detR@s§,anti_homophones
2538,1,7,1,6,3,-4.791362769467889,4.791362769467889,alysj§,anti_homophones
2539,1,0,0,15,7,-11.977454459976837,11.977454459976837,koRipliseR2z°m@,anti_homophones
2540,1,0,0,15,7,-13.498783296936828,13.498783296936828,psik°m@taRinome,anti_homophones
2541,1,0,0,7,3,-6.112389738301446,6.112389738301446,patSine,anti_homophones
2542,1,1,0,5,3,-5.535845594125391,5.535845594125391,otogo,anti_homophones
2543,1,0,0,10,5,-10.153791390466436,10.153791390466436,odoRasjEl2,anti_homophones
2544,1,0,0,7,3,-6.971597801667167,6.971597801667167,melenik,anti_homophones
2545,1,0,0,8,4,-10.699533155009306,10.699533155009306,vapon2m@,anti_homophones
2546,1,2,1,6,3,-5.874181346951593,5.874181346951593,@nivEt,anti_homophones
2547,1,0,0,9,4,-6.896429047186116,6.896429047186116,plasaZ°m@,anti_homophones
2548,1,6,1,5,2,-4.517727383784242,4.517727383784242,fuRSe,anti_homophones
2549,1,9,1,5,2,-4.368801708512687,4.368801708512687,aRtik,anti_homophones
2550,1,0,0,8,3,-8.648949405242956,8.648949405242956,pylfit9R,anti_homophones
2551,1,2,0,5,2,-5.92144069748638,5.92144069748638,vRaZe,anti_homophones
2552,1,0,0,7,3,-6.411320121497513,6.411320121497513,kuRsuj§,anti_homophones
2553,1,15,1,5,2,-4.495507565575471,4.495507565575471,deRal,anti_homophones
2554,1,0,0,9,5,-6.476109309783371,6.476109309783371,eveRik°m@,anti_homophones
2555,1,0,0,10,4,-8.741618878568998,8.741618878568998,syspiRidOm,anti_homophones
2556,1,0,0,8,3,-7.512337697610936,7.512337697610936,Romjelik,anti_homophones
2557,1,0,0,10,4,-8.57433099649078,8.57433099649078,pRemjeloke,anti_homophones
2558,1,0,0,11,4,-9.916893428015443,9.916893428015443,tEknokEstik,anti_homophones
2559,1,1,0,6,3,-4.93365598749455,4.93365598749455,@f§s9R,anti_homophones
2560,1,0,0,8,2,-5.869455268887319,5.869455268887319,tR@spOjl,anti_homophones
2561,1,0,0,10,5,-10.537832192259469,10.537832192259469,tap°z@t°f2,anti_homophones
2562,1,4,2,5,2,-4.209044789739603,4.209044789739603,djam@,anti_homophones
2563,1,2,0,6,3,-5.837700108772915,5.837700108772915,ymisj§,anti_homophones
2564,1,2,0,6,3,-6.210492748983778,6.210492748983778,gut°le,anti_homophones
2565,1,29,2,4,2,-4.002727418164315,4.002727418164315,pote,anti_homophones
2566,1,0,0,8,4,-8.196484530286156,8.196484530286156,akodinaZ,anti_homophones
2567,1,0,0,7,3,-6.165054205579748,6.165054205579748,deRasaZ,anti_homophones
2568,1,6,0,5,2,-4.915723080464369,4.915723080464369,eklin,anti_homophones
2569,1,19,0,2,1,-4.569318784046679,4.569318784046679,Zy,anti_homophones
2570,1,0,0,9,3,-7.542989298195292,7.542989298195292,pastRij9R,anti_homophones
2571,1,0,0,16,6,-13.987233607891286,13.987233607891286,R@fleSaRpelabRaZ,anti_homophones
2572,1,0,0,10,4,-9.402975787913585,9.402975787913585,fR@kliNite,anti_homophones
2573,1,0,0,8,3,-8.34328147644634,8.34328147644634,sOlvanif,anti_homophones
2574,1,0,0,12,4,-11.728675740243895,11.728675740243895,balpitEkskly,anti_homophones
2575,1,0,0,10,4,-8.113056366029115,8.113056366029115,laRmatiz9R,anti_homophones
2576,1,23,0,3,2,-4.475444402072628,4.475444402072628,asE,anti_homophones
2577,1,4,0,7,4,-8.079641167644903,8.079641167644903,ydik°m@,anti_homophones
2578,1,23,2,3,1,-4.087074539563568,4.087074539563568,kRo,anti_homophones
2579,1,0,0,7,3,-7.627268168317698,7.627268168317698,bugRip§,anti_homophones
2580,1,14,0,4,1,-4.329470508265778,4.329470508265778,styR,anti_homophones
2581,1,0,0,7,3,-6.175315893509222,6.175315893509222,glEt°Ri,anti_homophones
2582,1,13,0,3,1,-4.684547672585078,4.684547672585078,gij,anti_homophones
2583,1,0,0,6,2,-6.443171146959924,6.443171146959924,f8ijEm,anti_homophones
2584,1,10,1,4,2,-4.748659909684234,4.748659909684234,5kaZ,anti_homophones
2585,1,2,1,6,2,-5.162271342300988,5.162271342300988,sp§saZ,anti_homophones
2586,1,0,0,6,3,-7.041551892319986,7.041551892319986,lak@ti,anti_homophones
2587,1,2,0,5,2,-4.425494338619936,4.425494338619936,bR§z@,anti_homophones
2588,1,0,0,9,4,-8.575183516099475,8.575183516099475,seanOsmik,anti_homophones
2589,1,0,0,8,4,-5.963721998897045,5.963721998897045,adylat9R,anti_homophones
2590,1,0,0,12,5,-9.981256009808934,9.981256009808934,sypozaERtabl,anti_homophones
2591,1,3,1,6,3,-5.24561251534637,5.24561251534637,vapote,anti_homophones
2592,1,0,0,8,3,-5.907425618548841,5.907425618548841,syRpRese,anti_homophones
2593,1,0,0,14,6,-14.349837131830597,14.349837131830597,besenogyRZivOt,anti_homophones
2594,1,0,0,5,2,-7.630177208492595,7.630177208492595,mutEj,anti_homophones
2595,1,8,0,5,2,-4.775413730936722,4.775413730936722,klote,anti_homophones
2596,1,10,0,5,3,-4.7155754981316464,4.7155754981316464,akyle,anti_homophones
2597,1,2,0,7,3,-6.1530536185626366,6.1530536185626366,k@tR°Ri,anti_homophones
2598,1,16,3,4,2,-3.992155927571519,3.992155927571519,m@de,anti_homophones
2599,1,9,1,4,2,-5.105286426125042,5.105286426125042,fuly,anti_homophones
2600,1,0,0,6,3,-6.377203241605507,6.377203241605507,ZuZuRe,anti_homophones
2601,1,0,0,8,3,-8.767154027009163,8.767154027009163,bEzukidn,anti_homophones
2602,1,0,0,10,4,-9.675061896598885,9.675061896598885,bikORtityR,anti_homophones
2603,1,0,0,10,4,-9.76590645413772,9.76590645413772,stalitRote,anti_homophones
2604,1,0,1,6,3,-6.204568226113981,6.204568226113981,etjOne,anti_homophones
2605,1,2,0,7,3,-5.713692033315259,5.713692033315259,avwaj@s,anti_homophones
2606,1,6,1,4,2,-4.9025703713235425,4.9025703713235425,vazo,anti_homophones
2607,1,15,0,2,1,-4.702944762578338,4.702944762578338,Ev,anti_homophones
2608,1,0,0,11,5,-8.613210443241767,8.613210443241767,stopeRalite,anti_homophones
2609,1,5,0,5,2,-5.132534941010262,5.132534941010262,kadR@,anti_homophones
2610,1,9,0,5,3,-4.90371772214218,4.90371772214218,ekije,anti_homophones
2611,1,0,0,13,6,-11.601999902449252,11.601999902449252,koRysinOplozo,anti_homophones
2612,1,0,0,9,5,-10.40086868609,10.40086868609,oRikofina,anti_homophones
2613,1,0,0,9,3,-8.273142575711043,8.273142575711043,klas@sjER,anti_homophones
2614,1,5,1,5,2,-5.475173509014941,5.475173509014941,l@Z9R,anti_homophones
2615,1,0,0,10,4,-8.520014849854906,8.520014849854906,R°t§baRabl,anti_homophones
2616,1,2,0,5,2,-5.472872423261622,5.472872423261622,dezj§,anti_homophones
2617,1,0,0,10,4,-7.903423538901156,7.903423538901156,gaRizjonER,anti_homophones
2618,1,5,0,4,2,-5.103797221393654,5.103797221393654,budy,anti_homophones
2619,1,1,0,7,4,-6.052566398076642,6.052566398076642,5vazone,anti_homophones
2620,1,0,0,12,6,-11.872367642125342,11.872367642125342,difeR5timali,anti_homophones
2621,1,0,0,8,4,-5.487201915806013,5.487201915806013,k§fid°m@,anti_homophones
2622,1,7,0,5,2,-5.419642392863203,5.419642392863203,OstaZ,anti_homophones
2623,1,0,0,14,6,-12.663603976968618,12.663603976968618,pjeRadjatin°m@,anti_homophones
2624,1,2,0,7,3,-5.928445330990361,5.928445330990361,k§kiSOk,anti_homophones
2625,1,0,0,5,2,-7.121292108696248,7.121292108696248,leZuR,anti_homophones
2626,1,0,0,8,4,-8.052619060774303,8.052619060774303,5fERakte,anti_homophones
2627,1,0,0,13,6,-14.55821929279582,14.55821929279582,@finismosjeZe,anti_homophones
2628,1,0,0,8,3,-6.022228847048902,6.022228847048902,bR§zaj9R,anti_homophones
2629,1,0,0,11,5,-13.439204572537493,13.439204572537493,pytaten8eZe,anti_homophones
2630,1,2,0,6,2,-6.846928325972666,6.846928325972666,kRwato,anti_homophones
2631,1,0,0,7,3,-6.923632398481275,6.923632398481275,pRotole,anti_homophones
2632,1,2,0,4,2,-6.065078511357095,6.065078511357095,g°ni,anti_homophones
2633,1,7,2,5,2,-4.240660272220478,4.240660272220478,dis9R,anti_homophones
2634,1,2,0,9,4,-6.380517423506263,6.380517423506263,R@dikasj§,anti_homophones
2635,1,0,0,13,5,-13.891410496414386,13.891410496414386,timylt°RavERb,anti_homophones
2636,1,26,2,3,1,-3.878153958258561,3.878153958258561,fik,anti_homophones
2637,1,19,1,4,2,-4.815575208529542,4.815575208529542,lape,anti_homophones
2638,1,3,0,8,4,-5.409179997842968,5.409179997842968,@tRik°m@,anti_homophones
2639,1,0,0,11,5,-10.968628566317372,10.968628566317372,filomORdane,anti_homophones
2640,1,17,0,4,1,-6.184624364266828,6.184624364266828,kREl,anti_homophones
2641,1,0,0,10,4,-8.984276875727577,8.984276875727577,demORfoRin,anti_homophones
2642,1,1,0,7,3,-5.390638562659558,5.390638562659558,k§ZEste,anti_homophones
2643,1,0,0,13,5,-9.149677229040327,9.149677229040327,defilizasjabl,anti_homophones
2644,1,2,0,4,2,-5.8044399028384674,5.8044399028384674,fein,anti_homophones
2645,1,0,0,13,6,-7.9556928673283736,7.9556928673283736,balneRatik°m@,anti_homophones
2646,1,0,0,10,5,-6.809282853370834,6.809282853370834,R°duj9R°m@,anti_homophones
2647,1,0,0,8,3,-7.618034798984372,7.618034798984372,Romn9vEn,anti_homophones
2648,1,0,0,6,3,-6.879374729018374,6.879374729018374,meRose,anti_homophones
2649,1,2,0,5,2,-5.924566837099569,5.924566837099569,kofOb,anti_homophones
2650,1,5,0,7,4,-5.940149096323957,5.940149096323957,yRis°m@,anti_homophones
2651,1,0,0,11,5,-8.296374371764829,8.296374371764829,pyRymoRasj§,anti_homophones
2652,1,0,0,8,4,-8.567553278747933,8.567553278747933,pol°REne,anti_homophones
2653,1,2,0,8,3,-6.376413410575443,6.376413410575443,kROS°tje,anti_homophones
2654,1,0,1,8,4,-6.2662187564903125,6.2662187564903125,bEN2z°m@,anti_homophones
2655,1,3,0,6,3,-5.398834118099509,5.398834118099509,piRoid,anti_homophones
2656,1,0,0,10,3,-5.690525867248323,5.690525867248323,seks8alizm,anti_homophones
2657,1,5,0,5,2,-5.523656047001071,5.523656047001071,kRut2,anti_homophones
2658,1,19,2,5,2,-3.7571555421755605,3.7571555421755605,nasj§,anti_homophones
2659,1,0,0,10,4,-8.661521407497208,8.661521407497208,polibakt9R,anti_homophones
2660,1,0,0,5,2,-5.460061623931381,5.460061623931381,R2kRy,anti_homophones
2661,1,20,4,4,1,-3.3613633957414004,3.3613633957414004,kabl,anti_homophones
2662,1,9,1,6,3,-5.626408132143264,5.626408132143264,paRakE,anti_homophones
2663,1,3,0,6,3,-5.351138247947565,5.351138247947565,k§v°m@,anti_homophones
2664,1,1,0,7,3,-6.415941538689054,6.415941538689054,dezapid,anti_homophones
2665,1,21,1,3,1,-4.04757547813889,4.04757547813889,Rwa,anti_homophones
2666,1,0,0,8,4,-7.76870498343378,7.76870498343378,kymeRije,anti_homophones
2667,1,0,0,8,3,-6.547396570095062,6.547396570095062,dokRatif,anti_homophones
2668,1,0,0,10,4,-7.9137690592584065,7.9137690592584065,pRoSElat9R,anti_homophones
2669,1,0,0,6,3,-6.582172228998702,6.582172228998702,SatElo,anti_homophones
2670,1,2,0,6,2,-5.468782035532793,5.468782035532793,listik,anti_homophones
2671,1,0,0,6,2,-6.405709635878135,6.405709635878135,R°tRav,anti_homophones
2672,1,0,0,5,2,-6.629133649448273,6.629133649448273,f§s9l,anti_homophones
2673,1,0,0,8,3,-6.3613303265480665,6.3613303265480665,aRt°fwaR,anti_homophones
2674,1,10,2,5,2,-3.9896596373060165,3.9896596373060165,monje,anti_homophones
2675,1,1,0,7,3,-5.595565137120846,5.595565137120846,mEgR°m@,anti_homophones
2676,1,0,0,13,6,-13.160955468103294,13.160955468103294,@RuspelodiZEn,anti_homophones
2677,1,10,2,4,2,-4.20117987174206,4.20117987174206,veZe,anti_homophones
2678,1,0,0,7,3,-7.30887712976824,7.30887712976824,sonERv@,anti_homophones
2679,1,3,0,5,2,-5.3403063407586435,5.3403063407586435,sekys,anti_homophones
2680,1,0,0,7,3,-6.919378554980022,6.919378554980022,papaRka,anti_homophones
2681,1,0,0,8,3,-7.632396427804808,7.632396427804808,k§pRelaR,anti_homophones
2682,1,0,1,5,3,-5.833694613982829,5.833694613982829,5deli,anti_homophones
2683,1,1,0,6,3,-6.302700623290585,6.302700623290585,alkylE,anti_homophones
2684,1,10,1,4,2,-4.71133197912392,4.71133197912392,tiR@,anti_homophones
2685,1,1,0,8,3,-6.810133350615865,6.810133350615865,s5syfizm,anti_homophones
2686,1,0,0,9,4,-6.297929901045618,6.297929901045618,k§vERZ°m@,anti_homophones
2687,1,0,0,9,4,-8.431021936191932,8.431021936191932,sosj@tin@,anti_homophones
2688,1,0,0,9,4,-8.366253283122209,8.366253283122209,limaZenER,anti_homophones
2689,1,37,2,3,1,-3.9129314434303613,3.9129314434303613,pas,anti_homophones
2690,1,11,1,4,2,-4.494938895870808,4.494938895870808,supi,anti_homophones
2691,1,42,0,2,1,-4.567582099988127,4.567582099988127,si,anti_homophones
2692,1,25,12,4,2,-3.0191226288841624,3.0191226288841624,R°m@,anti_homophones
2693,1,0,0,8,4,-8.641088039631871,8.641088039631871,pitaZeRe,anti_homophones
2694,1,0,0,9,3,-8.092710872974193,8.092710872974193,koREsbjad,anti_homophones
2695,1,0,0,11,5,-9.198018898565753,9.198018898565753,bipalpEl°Ri,anti_homophones
2696,1,7,0,5,2,-4.7598415911587795,4.7598415911587795,son9R,anti_homophones
2697,1,0,0,5,2,-5.386704546595543,5.386704546595543,l9f9R,anti_homophones
2698,1,20,2,4,1,-4.112622981985937,4.112622981985937,vist,anti_homophones
2699,1,16,1,4,2,-4.239722056551123,4.239722056551123,apaZ,anti_homophones
2700,1,0,0,7,3,-6.5233708357910825,6.5233708357910825,l5g8ij§,anti_homophones
2701,1,0,0,8,3,-9.014523653926306,9.014523653926306,dZOgibOt,anti_homophones
2702,1,2,0,5,2,-5.173000296453243,5.173000296453243,Okt@s,anti_homophones
2703,1,0,0,8,4,-7.9720691514758375,7.9720691514758375,aglobyR@,anti_homophones
2704,1,1,0,5,3,-5.972656656720217,5.972656656720217,aR@gE,anti_homophones
2705,1,0,0,9,4,-6.101333975561216,6.101333975561216,plutOn°m@,anti_homophones
2706,1,0,0,9,4,-6.9646483397556205,6.9646483397556205,paR@gl°m@,anti_homophones
2707,1,14,1,6,3,-4.209855182792829,4.209855182792829,salize,anti_homophones
2708,1,1,0,6,3,-6.238148864755022,6.238148864755022,5t8ij§,anti_homophones
2709,1,0,0,10,3,-6.632695594875811,6.632695594875811,tR@sjonist,anti_homophones
2710,1,0,0,10,4,-9.108085607612207,9.108085607612207,dez@twalyS,anti_homophones
2711,1,25,1,4,2,-4.167036763199341,4.167036763199341,alEt,anti_homophones
2712,1,0,0,13,4,-13.105950446974637,13.105950446974637,pR°mERsiRkabl,anti_homophones
2713,1,0,0,11,4,-9.98957827802397,9.98957827802397,mERklEptomi,anti_homophones
2714,1,10,0,5,2,-5.067136176596066,5.067136176596066,kRuje,anti_homophones
2715,1,0,0,8,4,-6.632049634705378,6.632049634705378,magazone,anti_homophones
2716,1,0,0,12,4,-12.759130696692532,12.759130696692532,naRklEjozibl,anti_homophones
2717,1,0,0,9,4,-6.358543248061409,6.358543248061409,5dEksjone,anti_homophones
2718,1,1,0,6,3,-5.724367269393304,5.724367269393304,emin@s,anti_homophones
2719,1,2,0,6,3,-5.8089697379222835,5.8089697379222835,@tRoni,anti_homophones
2720,1,0,0,7,3,-7.445015837634652,7.445015837634652,s5fizEt,anti_homophones
2721,1,0,0,8,4,-8.873081581678164,8.873081581678164,m§taRika,anti_homophones
2722,1,0,0,11,5,-11.69482702975354,11.69482702975354,aminotERsiG,anti_homophones
2723,1,5,0,4,1,-7.237513055948607,7.237513055948607,RalZ,anti_homophones
2724,1,0,0,8,4,-7.346280496357405,7.346280496357405,R°byzem@,anti_homophones
2725,1,1,1,5,2,-5.124103405371508,5.124103405371508,5flik,anti_homophones
2726,1,0,0,9,3,-7.5969815135464955,7.5969815135464955,fR5Z@bj@s,anti_homophones
2727,1,2,0,5,1,-5.498041615571875,5.498041615571875,fl@bR,anti_homophones
2728,1,5,3,5,2,-4.349171776652476,4.349171776652476,nuRiR,anti_homophones
2729,1,0,0,7,3,-9.08634067596427,9.08634067596427,geSasik,anti_homophones
2730,1,0,0,13,6,-12.64365166910718,12.64365166910718,apR°negoist@g,anti_homophones
2731,1,12,1,4,2,-4.687299594526693,4.687299594526693,abEl,anti_homophones
2732,1,1,0,7,4,-6.657987215341813,6.657987215341813,abanite,anti_homophones
2733,1,0,0,12,6,-11.465612409794483,11.465612409794483,5tEloRefytyR,anti_homophones
2734,1,4,2,6,2,-4.354772808382549,4.354772808382549,myltyR,anti_homophones
2735,1,3,0,5,2,-4.92501092148386,4.92501092148386,Ribys,anti_homophones
2736,1,0,0,8,3,-5.340859375431511,5.340859375431511,dekuvRiR,anti_homophones
2737,1,4,1,4,1,-4.629293592830512,4.629293592830512,mufl,anti_homophones
2738,1,0,0,7,3,-9.373025183031675,9.373025183031675,aZnukER,anti_homophones
2739,1,3,1,6,3,-4.825761818361791,4.825761818361791,lEd°m@,anti_homophones
2740,1,1,0,5,2,-6.718530587112707,6.718530587112707,liks5,anti_homophones
2741,1,1,0,5,2,-6.399066896468515,6.399066896468515,eguRd,anti_homophones
2742,1,6,0,5,2,-5.4494188284992475,5.4494188284992475,eblEm,anti_homophones
2743,1,3,0,6,3,-5.275485343249498,5.275485343249498,ipERsi,anti_homophones
2744,1,21,0,4,2,-4.446822873873762,4.446822873873762,kata,anti_homophones
2745,1,1,0,7,3,-7.332520072343466,7.332520072343466,gal@dEz,anti_homophones
2746,1,0,0,12,5,-10.629349844102693,10.629349844102693,obylbyRgRafi,anti_homophones
2747,1,0,0,5,2,-5.875190421182135,5.875190421182135,RimEn,anti_homophones
2748,1,37,1,2,1,-4.567912979866735,4.567912979866735,bi,anti_homophones
2749,1,39,0,3,2,-4.35778949491058,4.35778949491058,alo,anti_homophones
2750,1,6,0,5,2,-4.944113384568349,4.944113384568349,senj5,anti_homophones
2751,1,0,0,9,4,-9.047957140551386,9.047957140551386,polivaRid,anti_homophones
2752,1,0,0,8,3,-8.941485789679273,8.941485789679273,S°vERkOt,anti_homophones
2753,1,4,0,4,2,-4.869364284840345,4.869364284840345,yRly,anti_homophones
2754,1,0,0,10,4,-8.064465166570448,8.064465166570448,SimidSip9R,anti_homophones
2755,1,0,0,9,4,-9.329155664344208,9.329155664344208,pyRylot@s,anti_homophones
2756,1,0,0,8,3,-7.627861497567916,7.627861497567916,RotogRav,anti_homophones
2757,1,0,0,7,3,-8.741075920840913,8.741075920840913,moRadEm,anti_homophones
2758,1,1,0,8,4,-5.644879667940936,5.644879667940936,opeRasj§,anti_homophones
2759,1,0,0,8,3,-8.124205192186857,8.124205192186857,RanEstj§,anti_homophones
2760,1,4,1,4,2,-4.795152833574791,4.795152833574791,s°R§,anti_homophones
2761,1,0,0,8,3,-8.976838440450566,8.976838440450566,pasjenit,anti_homophones
2762,1,0,0,5,2,-6.227330454103929,6.227330454103929,ElvEj,anti_homophones
2763,1,5,1,5,2,-4.754797629838819,4.754797629838819,RadOR,anti_homophones
2764,1,0,0,8,4,-8.761221302455608,8.761221302455608,silabijo,anti_homophones
2765,1,5,1,6,3,-4.997698534533051,4.997698534533051,pan°Ri,anti_homophones
2766,1,0,0,11,5,-9.658207837583669,9.658207837583669,apR@dOktote,anti_homophones
2767,1,24,2,4,1,-3.924282178437606,3.924282178437606,patR,anti_homophones
2768,1,2,1,7,2,-5.1711991842817575,5.1711991842817575,deplist,anti_homophones
2769,1,1,1,7,2,-5.344245108800202,5.344245108800202,statizm,anti_homophones
2770,1,9,2,4,1,-4.286730947392529,4.286730947392529,pROS,anti_homophones
2771,1,0,0,7,3,-6.94991469647824,6.94991469647824,R2defj@,anti_homophones
2772,1,5,0,4,2,-4.683779639148229,4.683779639148229,@dOk,anti_homophones
2773,1,0,0,8,3,-8.707486920586128,8.707486920586128,k§ZystaR,anti_homophones
2774,1,31,3,3,1,-3.638733157300332,3.638733157300332,kOl,anti_homophones
2775,1,2,0,6,2,-5.5549576698271155,5.5549576698271155,baRkaZ,anti_homophones
2776,1,0,0,13,6,-10.980731396604464,10.980731396604464,enistetRal°m@,anti_homophones
2777,1,0,0,8,3,-9.106181898863792,9.106181898863792,SatROfal,anti_homophones
2778,1,0,0,15,6,-13.356085452706731,13.356085452706731,katRinopORtamuR,anti_homophones
2779,1,6,0,4,1,-5.1912825041636,5.1912825041636,spat,anti_homophones
2780,1,21,1,5,2,-4.263607874456056,4.263607874456056,tRite,anti_homophones
2781,1,0,0,7,3,-6.869786350993381,6.869786350993381,RepilaR,anti_homophones
2782,1,1,0,5,2,-6.445224251933358,6.445224251933358,sk°t§,anti_homophones
2783,1,2,0,7,3,-5.30432859951518,5.30432859951518,sypERSe,anti_homophones
2784,1,2,1,6,2,-5.664309870865477,5.664309870865477,Romn9R,anti_homophones
2785,1,0,0,5,2,-4.7036149323594785,4.7036149323594785,Sofm@,anti_homophones
2786,1,0,0,8,4,-9.529881703538358,9.529881703538358,5sezabik,anti_homophones
2787,1,0,0,16,7,-15.488916069421764,15.488916069421764,paleRopozofilutR,anti_homophones
2788,1,13,0,4,2,-4.952169104076467,4.952169104076467,pij§,anti_homophones
2789,1,24,2,3,1,-3.8880723990123855,3.8880723990123855,bl@,anti_homophones
2790,1,7,1,5,2,-4.66047429659777,4.66047429659777,kopik,anti_homophones
2791,1,11,1,5,2,-4.5410228145420914,4.5410228145420914,dekal,anti_homophones
2792,1,0,0,14,6,-10.673802452685537,10.673802452685537,R°devj@dERm°m@,anti_homophones
2793,1,17,1,4,2,-4.685448676242224,4.685448676242224,falo,anti_homophones
2794,1,0,0,9,4,-9.59885780664408,9.59885780664408,syRRedyka,anti_homophones
2795,1,14,1,3,2,-4.163995450428856,4.163995450428856,@s@,anti_homophones
2796,1,29,1,3,2,-4.309437526826344,4.309437526826344,one,anti_homophones
2797,1,0,0,9,4,-9.772886142713418,9.772886142713418,av@dyRjaZ,anti_homophones
2798,1,0,0,10,4,-11.200554185721582,11.200554185721582,2stRybanal,anti_homophones
2799,1,16,1,3,1,-4.387578383410035,4.387578383410035,tEz,anti_homophones
2800,1,2,0,5,2,-7.991614934310192,7.991614934310192,REkaZ,anti_homophones
2801,1,4,1,4,2,-4.267867720257597,4.267867720257597,@pj§,anti_homophones
2802,1,1,0,6,3,-6.036878702753416,6.036878702753416,@pulbe,anti_homophones
2803,1,33,3,3,1,-3.97190975916787,3.97190975916787,tik,anti_homophones
2804,1,0,0,7,3,-6.933108447304225,6.933108447304225,depRizo,anti_homophones
2805,1,0,0,9,4,-11.70250044406245,11.70250044406245,b5bEk°REt,anti_homophones
2806,1,3,0,5,3,-6.859197376815419,6.859197376815419,aRes@,anti_homophones
2807,1,0,0,6,3,-6.299671573550076,6.299671573550076,ERmono,anti_homophones
2808,1,5,0,7,4,-4.748278474306249,4.748278474306249,inalize,anti_homophones
2809,1,17,1,4,1,-3.9190485284201437,3.9190485284201437,gRam,anti_homophones
2810,1,0,0,14,5,-9.731524150424223,9.731524150424223,tRyktisjabl°m@,anti_homophones
2811,1,0,0,7,3,-6.971379855914943,6.971379855914943,emERlOp,anti_homophones
2812,1,1,0,5,2,-6.326740749924553,6.326740749924553,kulak,anti_homophones
2813,1,0,0,5,2,-6.3435179958247625,6.3435179958247625,ekROb,anti_homophones
2814,1,7,1,5,2,-4.805477648358307,4.805477648358307,pjone,anti_homophones
2815,1,8,0,4,2,-5.104890736986554,5.104890736986554,kede,anti_homophones
2816,1,0,0,11,4,-9.093274359855569,9.093274359855569,k5k§pREstj§,anti_homophones
2817,1,0,0,14,6,-11.20393517506653,11.20393517506653,ZelistjonEt°m@,anti_homophones
2818,1,14,2,7,3,-4.157193892948901,4.157193892948901,dezasj§,anti_homophones
2819,1,0,0,11,4,-12.552351607149964,12.552351607149964,skRimERZ@t2,anti_homophones
2820,1,0,0,8,4,-8.175122722291116,8.175122722291116,ekapit8@,anti_homophones
2821,1,4,1,5,3,-4.996341122282233,4.996341122282233,afly@,anti_homophones
2822,1,0,0,8,3,-8.855219696153569,8.855219696153569,silaps@s,anti_homophones
2823,1,0,0,9,4,-8.165580832336836,8.165580832336836,tuRbik°m@,anti_homophones
2824,1,22,1,3,2,-4.414096774062363,4.414096774062363,am§,anti_homophones
2825,1,7,1,5,2,-4.660827036752876,4.660827036752876,toRj5,anti_homophones
2826,1,5,0,3,1,-5.394310576770669,5.394310576770669,yRf,anti_homophones
2827,1,5,0,8,3,-5.355379431214921,5.355379431214921,stoloZik,anti_homophones
2828,1,0,0,7,3,-7.196393922782967,7.196393922782967,Sikolje,anti_homophones
2829,1,8,1,4,2,-4.851605024661862,4.851605024661862,ebEl,anti_homophones
2830,1,9,1,3,2,-4.703460533568709,4.703460533568709,moo,anti_homophones
2831,1,0,0,11,5,-9.276681078173102,9.276681078173102,syplikatapi,anti_homophones
2832,1,14,0,5,2,-4.762234873908261,4.762234873908261,natik,anti_homophones
2833,1,0,0,8,3,-8.291716121530403,8.291716121530403,kREvasif,anti_homophones
2834,1,12,0,3,1,-4.700569955938998,4.700569955938998,lOf,anti_homophones
2835,1,0,0,7,3,-7.9516538120727915,7.9516538120727915,t§kajyR,anti_homophones
2836,1,1,0,8,4,-7.218711386366613,7.218711386366613,amizasje,anti_homophones
2837,1,6,0,4,1,-4.909470343243736,4.909470343243736,tEsk,anti_homophones
2838,1,29,1,3,1,-4.078171055781395,4.078171055781395,bis,anti_homophones
2839,1,1,1,7,3,-5.396215641544106,5.396215641544106,deg2lin,anti_homophones
2840,1,0,0,10,4,-6.692186578111503,6.692186578111503,viRt8alite,anti_homophones
2841,1,4,0,5,2,-5.7784025602767075,5.7784025602767075,koRiZ,anti_homophones
2842,1,12,1,4,1,-4.860096812697116,4.860096812697116,SaRp,anti_homophones
2843,1,0,0,6,3,-7.063573703860886,7.063573703860886,in5bys,anti_homophones
2844,1,0,0,10,5,-10.288742897211526,10.288742897211526,fenoRabale,anti_homophones
2845,1,0,1,6,2,-5.165366933600629,5.165366933600629,b§swaR,anti_homophones
2846,1,6,0,5,2,-4.448393314822697,4.448393314822697,ylt9R,anti_homophones
2847,1,0,0,11,5,-14.925094982143706,14.925094982143706,kupataloRut,anti_homophones
2848,1,1,0,6,2,-5.596104652564173,5.596104652564173,akwadR,anti_homophones
2849,1,2,1,4,2,-4.616196251016438,4.616196251016438,uvR@,anti_homophones
2850,1,6,0,4,2,-5.649375640473413,5.649375640473413,moly,anti_homophones
2851,1,0,0,11,5,-8.162335079627876,8.162335079627876,k9jEtnik°m@,anti_homophones
2852,1,5,1,5,2,-5.052870058620718,5.052870058620718,tuRnE,anti_homophones
2853,1,0,0,10,4,-8.535481897464335,8.535481897464335,mesist@sj§,anti_homophones
2854,1,0,0,11,4,-10.24737822720349,10.24737822720349,pReveRiksiR,anti_homophones
2855,1,7,0,4,2,-5.506753013829653,5.506753013829653,fijE,anti_homophones
2856,1,11,0,4,2,-4.754800177194743,4.754800177194743,gide,anti_homophones
2857,1,0,0,10,5,-9.938091020077623,9.938091020077623,5klijoZEn@,anti_homophones
2858,1,0,0,8,4,-7.724271683729681,7.724271683729681,molateRe,anti_homophones
2859,1,0,0,6,2,-5.763349965242703,5.763349965242703,k§plEb,anti_homophones
2860,1,29,3,3,1,-3.7942258449958706,3.7942258449958706,val,anti_homophones
2861,1,7,0,4,2,-4.433484737666678,4.433484737666678,foto,anti_homophones
2862,1,0,0,6,2,-7.82722425337131,7.82722425337131,stROga,anti_homophones
2863,1,13,0,4,2,-5.040968460829645,5.040968460829645,ajaZ,anti_homophones
2864,1,15,2,6,3,-4.000380330801965,4.000380330801965,gal°m@,anti_homophones
2865,1,0,0,14,5,-15.962506842807452,15.962506842807452,mERkRanatiRast,anti_homophones
2866,1,0,0,9,4,-9.162364098317452,9.162364098317452,kadepot9R,anti_homophones
2867,1,2,0,6,2,-6.539028149536656,6.539028149536656,deSwaz,anti_homophones
2868,1,0,0,7,3,-6.826541663274681,6.826541663274681,polataZ,anti_homophones
2869,1,12,1,6,3,-4.908762699292338,4.908762699292338,goloZi,anti_homophones
2870,1,15,2,4,1,-4.249544242134398,4.249544242134398,pRoz,anti_homophones
2871,1,0,0,13,6,-12.402429130003144,12.402429130003144,neokostRon°le,anti_homophones
2872,1,5,1,4,2,-4.627031156041804,4.627031156041804,kyve,anti_homophones
2873,1,0,0,6,2,-6.75382501057585,6.75382501057585,R2kaRp,anti_homophones
2874,1,0,0,12,5,-8.25627509022785,8.25627509022785,nevRij@gylER,anti_homophones
2875,1,0,0,6,2,-6.866404865577115,6.866404865577115,pRokon,anti_homophones
2876,1,0,0,7,3,-6.438525011764285,6.438525011764285,spiRiz@,anti_homophones
2877,1,1,0,6,3,-7.055962529023372,7.055962529023372,abRyli,anti_homophones
2878,1,3,0,5,2,-7.082620367300673,7.082620367300673,jinEt,anti_homophones
2879,1,0,0,13,6,-11.495880078770243,11.495880078770243,otokRetRotije,anti_homophones
2880,1,3,0,5,2,-5.09705251946165,5.09705251946165,visaZ,anti_homophones
2881,1,4,0,3,1,-4.776245544091294,4.776245544091294,v9f,anti_homophones
2882,1,19,0,4,2,-4.663358235260175,4.663358235260175,pola,anti_homophones
2883,1,0,0,16,6,-15.19661843759029,15.19661843759029,R°fRwazivORsalEt,anti_homophones
2884,1,4,1,5,3,-4.927691321504813,4.927691321504813,5dese,anti_homophones
2885,1,0,0,8,4,-7.823447512963843,7.823447512963843,@timonja,anti_homophones
2886,1,6,1,4,2,-4.819989552253015,4.819989552253015,p§t5,anti_homophones
2887,1,1,0,6,2,-6.299177605624436,6.299177605624436,laRjEn,anti_homophones
2888,1,0,0,8,3,-8.661259102312524,8.661259102312524,lystijal,anti_homophones
2889,1,13,1,3,1,-4.840264766148363,4.840264766148363,pEp,anti_homophones
2890,1,0,1,6,3,-6.5104679147813584,6.5104679147813584,dyR°t@,anti_homophones
2891,1,0,0,13,6,-13.07660565719107,13.07660565719107,@tR°kuv2zozje,anti_homophones
2892,1,0,0,8,4,-9.303006081837403,9.303006081837403,emolosiR,anti_homophones
2893,1,18,0,4,2,-4.897822764732029,4.897822764732029,sina,anti_homophones
2894,1,0,0,7,3,-7.542749499793441,7.542749499793441,OpsEsjo,anti_homophones
2895,1,0,0,9,4,-8.421048142686931,8.421048142686931,delesid@s,anti_homophones
2896,1,0,0,10,5,-9.41124065678384,9.41124065678384,5patRemate,anti_homophones
2897,1,22,0,3,1,-4.493017770091932,4.493017770091932,l@t,anti_homophones
2898,1,5,0,6,2,-5.530138316570163,5.530138316570163,maRZEt,anti_homophones
2899,1,1,0,7,3,-5.996284381965617,5.996284381965617,5disjER,anti_homophones
2900,1,12,0,3,1,-5.91442075600412,5.91442075600412,k9l,anti_homophones
2901,1,0,0,7,3,-8.478089964581606,8.478089964581606,k§dyRiz,anti_homophones
2902,1,1,0,6,3,-7.5696107678061715,7.5696107678061715,Sasij§,anti_homophones
2903,1,18,2,6,3,-4.175694546153988,4.175694546153988,delite,anti_homophones
2904,1,4,1,7,3,-4.898251048110831,4.898251048110831,k§fORme,anti_homophones
2905,1,16,1,4,2,-4.182007537623335,4.182007537623335,kokE,anti_homophones
2906,1,2,0,6,3,-5.969896828628232,5.969896828628232,imonj2,anti_homophones
2907,1,19,2,4,2,-4.24848190729868,4.24848190729868,oRik,anti_homophones
2908,1,24,0,3,2,-4.466502114932194,4.466502114932194,oRa,anti_homophones
2909,1,28,2,4,2,-3.79115927202987,3.79115927202987,kote,anti_homophones
2910,1,40,3,3,1,-3.5151735636449457,3.5151735636449457,taR,anti_homophones
2911,1,2,1,5,2,-5.129700743654839,5.129700743654839,debul,anti_homophones
2912,1,24,0,3,1,-4.394319998598978,4.394319998598978,bag,anti_homophones
2913,1,0,0,11,5,-8.705176771888619,8.705176771888619,EskanOlOZik,anti_homophones
2914,1,2,0,5,2,-6.5547079483784225,6.5547079483784225,lagyl,anti_homophones
2915,1,1,0,8,4,-6.718277845310295,6.718277845310295,taminize,anti_homophones
2916,1,25,2,3,1,-4.0644525331537915,4.0644525331537915,dRa,anti_homophones
2917,1,1,0,5,2,-5.8499073371621035,5.8499073371621035,emERs,anti_homophones
2918,1,5,1,5,2,-5.438182075383103,5.438182075383103,deZ@s,anti_homophones
2919,1,0,0,6,3,-6.979476542705307,6.979476542705307,kloze2,anti_homophones
2920,1,0,0,6,2,-6.568543520091421,6.568543520091421,sablyR,anti_homophones
2921,1,0,0,9,4,-9.30978212364193,9.30978212364193,kOkaRiz@s,anti_homophones
2922,1,7,1,7,3,-5.005674004818136,5.005674004818136,pinasj§,anti_homophones
2923,1,1,0,5,2,-5.510195554417609,5.510195554417609,kOlOZ,anti_homophones
2924,1,21,1,3,2,-4.0955948027984315,4.0955948027984315,@Ze,anti_homophones
2925,1,1,0,8,3,-7.30999009092925,7.30999009092925,keliZibl,anti_homophones
2926,1,0,0,9,4,-9.959412883007552,9.959412883007552,tositR°m@,anti_homophones
2927,1,0,0,8,4,-8.049386840575265,8.049386840575265,biR5g°RE,anti_homophones
2928,1,5,1,4,2,-5.602130615252483,5.602130615252483,obuR,anti_homophones
2929,1,10,1,6,3,-5.021131552221494,5.021131552221494,masite,anti_homophones
2930,1,7,1,5,2,-5.122439352174575,5.122439352174575,Raval,anti_homophones
2931,1,15,1,4,1,-4.544427531676507,4.544427531676507,Ribl,anti_homophones
2932,1,0,0,12,4,-8.330409178684041,8.330409178684041,kElk°fwajabl,anti_homophones
2933,1,1,0,9,3,-5.760353966538124,5.760353966538124,spRizasj§,anti_homophones
2934,1,9,1,6,3,-4.829378652765026,4.829378652765026,5tERn@,anti_homophones
2935,1,11,2,4,2,-4.942795221038683,4.942795221038683,5pRe,anti_homophones
2936,1,0,0,10,5,-8.796477252682779,8.796477252682779,5k§p5gl°m@,anti_homophones
2937,1,1,0,5,1,-5.583564173837918,5.583564173837918,pl2tR,anti_homophones
2938,1,0,0,10,5,-8.049168714987198,8.049168714987198,ZenikOl°m@,anti_homophones
2939,1,6,0,5,2,-5.449538559090044,5.449538559090044,ustik,anti_homophones
2940,1,0,0,13,5,-13.396026929488826,13.396026929488826,stamatORtygla,anti_homophones
2941,1,4,0,5,2,-5.534303243073559,5.534303243073559,alvEt,anti_homophones
2942,1,7,1,6,3,-5.211292493044689,5.211292493044689,emoRal,anti_homophones
2943,1,6,0,4,2,-5.242920652059469,5.242920652059469,ymEl,anti_homophones
2944,1,1,1,7,3,-4.8658214916537155,4.8658214916537155,pl§Z°m@,anti_homophones
2945,1,1,1,7,2,-5.2428637229620705,5.2428637229620705,dyplist,anti_homophones
2946,1,16,1,3,1,-4.247073153217746,4.247073153217746,muj,anti_homophones
2947,1,0,0,8,4,-6.053763112116084,6.053763112116084,denuajEn,anti_homophones
2948,1,2,0,6,2,-4.900446626925409,4.900446626925409,syRZik,anti_homophones
2949,1,2,0,5,2,-5.900129788777932,5.900129788777932,desko,anti_homophones
2950,1,10,1,4,2,-5.030530333924452,5.030530333924452,Rez@,anti_homophones
2951,1,0,0,9,3,-10.516800433209639,10.516800433209639,taklaRv9R,anti_homophones
2952,1,0,0,6,3,-5.224164656763675,5.224164656763675,lysite,anti_homophones
2953,1,1,0,11,5,-6.847327874092197,6.847327874092197,@tRyktiv°m@,anti_homophones
2954,1,0,0,9,4,-10.051584993604951,10.051584993604951,kom@kavja,anti_homophones
2955,1,2,0,6,3,-6.072140857811635,6.072140857811635,5k§pak,anti_homophones
2956,1,2,0,5,1,-6.355588019467885,6.355588019467885,bostR,anti_homophones
2957,1,0,0,7,3,-6.665192059694007,6.665192059694007,fORlOZi,anti_homophones
2958,1,0,0,8,3,-7.859928441712329,7.859928441712329,Rastityl,anti_homophones
2959,1,2,0,6,2,-6.043814988180723,6.043814988180723,piROpR,anti_homophones
2960,1,8,0,4,2,-4.673611360797588,4.673611360797588,aRm@,anti_homophones
2961,1,0,0,16,7,-14.191299116474527,14.191299116474527,inEkst5galitizj5,anti_homophones
2962,1,0,0,13,5,-11.457433302410934,11.457433302410934,debRusped§dEn,anti_homophones
2963,1,0,0,7,3,-6.597289531612822,6.597289531612822,pozitEn,anti_homophones
2964,1,0,0,10,4,-10.168091986223947,10.168091986223947,bORdZaisj5,anti_homophones
2965,1,5,1,4,2,-4.727182599808575,4.727182599808575,ym9R,anti_homophones
2966,1,5,1,5,2,-4.4127544492194195,4.4127544492194195,myz9R,anti_homophones
2967,1,12,1,5,2,-4.436698857703988,4.436698857703988,patyR,anti_homophones
2968,1,11,1,5,2,-4.879147880249781,4.879147880249781,lisj§,anti_homophones
2969,1,2,0,6,2,-6.288200952687795,6.288200952687795,kR5tif,anti_homophones
2970,1,13,4,4,2,-3.708968242815581,3.708968242815581,tele,anti_homophones
2971,1,0,0,14,7,-11.864509670944068,11.864509670944068,inisideasORt9R,anti_homophones
2972,1,1,0,8,4,-7.195480636150759,7.195480636150759,Zalozite,anti_homophones
2973,1,33,1,2,1,-4.567698250760406,4.567698250760406,sa,anti_homophones
2974,1,11,1,2,1,-4.7054079484901115,4.7054079484901115,§s,anti_homophones
2975,1,9,1,5,2,-4.2752770484003735,4.2752770484003735,kuRaZ,anti_homophones
2976,1,8,0,5,2,-5.393988064853133,5.393988064853133,kusje,anti_homophones
2977,1,16,2,6,3,-4.551573753380724,4.551573753380724,oRasj§,anti_homophones
2978,1,3,0,6,3,-6.03915140430242,6.03915140430242,diRize,anti_homophones
2979,1,3,1,5,2,-4.811388420783845,4.811388420783845,gRupi,anti_homophones
2980,1,0,0,10,5,-7.411891789796648,7.411891789796648,ot@sjOn°Ri,anti_homophones
2981,1,0,0,14,6,-12.365711497304897,12.365711497304897,degalEktoRizyt,anti_homophones
2982,1,2,1,5,2,-4.608976594050591,4.608976594050591,bydZe,anti_homophones
2983,1,14,1,3,1,-4.219658058278837,4.219658058278837,buz,anti_homophones
2984,1,3,0,6,3,-5.997326417312095,5.997326417312095,alenik,anti_homophones
2985,1,0,0,8,3,-6.4878866521214285,6.4878866521214285,tRusat9R,anti_homophones
2986,1,0,0,7,3,-5.998850254954996,5.998850254954996,sinOlOg,anti_homophones
2987,1,5,1,6,2,-4.510765396434357,4.510765396434357,monizm,anti_homophones
2988,1,2,0,5,2,-4.7512247651019655,4.7512247651019655,pudRe,anti_homophones
2989,1,0,0,7,3,-6.3119182176042505,6.3119182176042505,aksidj5,anti_homophones
2990,1,6,0,4,2,-5.441395046192244,5.441395046192244,ylys,anti_homophones
2991,1,0,0,8,3,-5.871918216340869,5.871918216340869,pRobysj§,anti_homophones
2992,1,0,1,7,3,-5.365557073169546,5.365557073169546,butonje,anti_homophones
2993,1,2,0,7,3,-6.147247482854543,6.147247482854543,ERmonje,anti_homophones
2994,1,0,0,15,7,-10.97970718511609,10.97970718511609,makogRafOnik°m@,anti_homophones
2995,1,20,2,2,1,-4.574211482895742,4.574211482895742,g§,anti_homophones
2996,1,27,2,4,1,-3.8753880207948335,3.8753880207948335,bist,anti_homophones
2997,1,0,0,10,4,-7.505329872499235,7.505329872499235,Egzakudwan,anti_homophones
2998,1,0,0,9,3,-6.447005588398825,6.447005588398825,kRoloZist,anti_homophones
2999,1,0,0,12,5,-10.805644034170177,10.805644034170177,RadjotERkym@,anti_homophones
3000,1,15,1,6,3,-4.664782817836689,4.664782817836689,mis°m@,anti_homophones
3001,1,1,0,6,3,-5.390288356671268,5.390288356671268,ev@tal,anti_homophones
3002,1,9,1,5,2,-4.638071546048904,4.638071546048904,Radjo,anti_homophones
3003,1,10,0,7,3,-5.120654925308028,5.120654925308028,melasj§,anti_homophones
3004,1,13,1,4,2,-4.623469828023451,4.623469828023451,al@s,anti_homophones
3005,1,0,0,9,4,-10.429141792559479,10.429141792559479,@b§ponjER,anti_homophones
3006,1,0,0,8,4,-8.981583394843224,8.981583394843224,agabRijE,anti_homophones
3007,1,0,0,8,3,-7.430038467327665,7.430038467327665,apREsp§s,anti_homophones
3008,1,0,0,15,6,-15.179174511598406,15.179174511598406,tak§pRel°vjORme,anti_homophones
3009,1,0,0,6,3,-7.132281462679748,7.132281462679748,byboRe,anti_homophones
3010,1,0,0,6,3,-8.54802500291059,8.54802500291059,asEjOm,anti_homophones
3011,1,5,1,5,2,-4.981847870727956,4.981847870727956,myzaR,anti_homophones
3012,1,12,0,4,2,-5.392292600154349,5.392292600154349,sik@,anti_homophones
3013,1,9,0,6,2,-4.656808971591357,4.656808971591357,pRotaZ,anti_homophones
3014,1,13,1,4,2,-4.833796627926964,4.833796627926964,pope,anti_homophones
3015,1,0,0,15,6,-15.161634728734684,15.161634728734684,pRimakobZygylje,anti_homophones
3016,1,0,0,10,4,-7.784277564298197,7.784277564298197,sybvERdite,anti_homophones
3017,1,4,1,8,3,-5.308792974552566,5.308792974552566,mORtasj§,anti_homophones
3018,1,8,0,3,1,-4.673690059607105,4.673690059607105,kyv,anti_homophones
3019,1,0,0,13,7,-14.936572518491655,14.936572518491655,5desaZeRoses@,anti_homophones
3020,1,0,0,6,3,-6.714148830042614,6.714148830042614,etjaze,anti_homophones
3021,1,2,1,6,3,-5.043894281729548,5.043894281729548,etuf9R,anti_homophones
3022,1,0,0,8,4,-8.440107742178183,8.440107742178183,in5flyRe,anti_homophones
3023,1,3,0,6,3,-5.471865319728755,5.471865319728755,SiS°m@,anti_homophones
3024,1,2,0,6,3,-5.723667084984419,5.723667084984419,afeR@s,anti_homophones
3025,1,4,0,6,2,-5.489841427117828,5.489841427117828,buZwaR,anti_homophones
3026,1,0,0,8,4,-6.9893108933187005,6.9893108933187005,R2S@s°m@,anti_homophones
3027,1,0,0,6,2,-7.618505838204459,7.618505838204459,watmos,anti_homophones
3028,1,0,0,8,4,-7.664821794394848,7.664821794394848,syspideo,anti_homophones
3029,1,1,0,5,2,-5.6984389114022,5.6984389114022,R°Zaj,anti_homophones
3030,1,0,0,15,6,-13.519690154929489,13.519690154929489,tuRnwazodiskage,anti_homophones
3031,1,0,0,6,2,-7.259073748619999,7.259073748619999,blemin,anti_homophones
3032,1,2,0,5,3,-5.702089749663142,5.702089749663142,eveRi,anti_homophones
3033,1,2,0,6,2,-5.4343721014327695,5.4343721014327695,plEjaZ,anti_homophones
3034,1,9,1,5,3,-4.981634413644612,4.981634413644612,alone,anti_homophones
3035,1,4,0,5,2,-5.839125970824826,5.839125970824826,madaZ,anti_homophones
3036,1,5,0,5,3,-5.052621068569761,5.052621068569761,agote,anti_homophones
3037,1,0,0,9,3,-6.467242006771512,6.467242006771512,pOstatizm,anti_homophones
3038,1,3,0,6,2,-4.789562283584006,4.789562283584006,kaRjOm,anti_homophones
3039,1,0,0,9,4,-10.194752973106954,10.194752973106954,fuRSyREne,anti_homophones
3040,1,0,0,10,4,-7.112921196843715,7.112921196843715,SaRdjal°m@,anti_homophones
3041,1,26,1,5,2,-3.8753907518802695,3.8753907518802695,matik,anti_homophones
3042,1,4,1,6,3,-4.858216303633022,4.858216303633022,veRite,anti_homophones
3043,1,2,0,5,3,-5.17696963059325,5.17696963059325,iNoR@,anti_homophones
3044,1,27,1,3,1,-4.5779650669768746,4.5779650669768746,pad,anti_homophones
3045,1,0,0,7,3,-7.401688181902833,7.401688181902833,aRbylaR,anti_homophones
3046,1,0,0,7,4,-6.1896088965669955,6.1896088965669955,@tiloZi,anti_homophones
3047,1,8,0,4,2,-5.211338728486471,5.211338728486471,pRie,anti_homophones
3048,1,0,0,12,5,-8.752170283612227,8.752170283612227,ZEsteneRat9R,anti_homophones
3049,1,0,0,15,6,-12.121992798433197,12.121992798433197,palmipsOmnoloZi,anti_homophones
3050,1,0,0,11,5,-6.992157580480181,6.992157580480181,libERZik°m@,anti_homophones
3051,1,0,0,8,3,-6.8550743126700215,6.8550743126700215,bR§zjone,anti_homophones
3052,1,0,0,9,4,-7.895105259171646,7.895105259171646,Rek§feRiR,anti_homophones
3053,1,0,0,8,4,-8.322985455605883,8.322985455605883,dozitive,anti_homophones
3054,1,10,2,5,2,-4.483240013064102,4.483240013064102,malje,anti_homophones
3055,1,2,0,7,3,-5.52634954673637,5.52634954673637,5divizm,anti_homophones
3056,1,6,0,4,2,-4.749141743938782,4.749141743938782,@tOS,anti_homophones
3057,1,0,0,13,6,-9.756331021490062,9.756331021490062,malfanylozite,anti_homophones
3058,1,10,2,6,3,-4.3188284821670395,4.3188284821670395,galize,anti_homophones
3059,1,0,0,9,4,-8.467809656917682,8.467809656917682,adystRine,anti_homophones
3060,1,2,0,6,2,-5.18288152574373,5.18288152574373,vjat9R,anti_homophones
3061,1,0,0,8,3,-6.555113642854603,6.555113642854603,pROpOlin,anti_homophones
3062,1,0,0,9,4,-6.679860401753332,6.679860401753332,pRopatize,anti_homophones
3063,1,16,1,4,2,-4.623901208281537,4.623901208281537,mini,anti_homophones
3064,1,0,0,6,2,-6.996276922757176,6.996276922757176,sigman,anti_homophones
3065,1,11,1,4,2,-4.3953435848917,4.3953435848917,abil,anti_homophones
3066,1,21,2,3,1,-4.070636245128684,4.070636245128684,vEl,anti_homophones
3067,1,1,0,9,4,-7.103852676602746,7.103852676602746,5peR@sjEl,anti_homophones
3068,1,10,0,4,2,-5.79335114225099,5.79335114225099,s°lo,anti_homophones
3069,1,0,0,16,6,-13.829299842032917,13.829299842032917,adOnEkspRimotizm,anti_homophones
3070,1,0,0,6,3,-7.578085429281237,7.578085429281237,Zaloz@,anti_homophones
3071,1,0,0,8,4,-9.493259101870589,9.493259101870589,Rozitalu,anti_homophones
3072,1,0,0,6,3,-5.31846775644777,5.31846775644777,ipofaZ,anti_homophones
3073,1,0,0,8,3,-6.414790194448471,6.414790194448471,devERnaZ,anti_homophones
3074,1,2,0,7,3,-6.135395908773674,6.135395908773674,k@tasje,anti_homophones
3075,1,22,2,6,3,-3.9070548002736847,3.9070548002736847,kalite,anti_homophones
3076,1,1,0,7,3,-6.1601352522597095,6.1601352522597095,kovwaje,anti_homophones
3077,1,7,1,3,2,-4.180679406599454,4.180679406599454,yni,anti_homophones
3078,1,0,0,8,3,-6.912395694890821,6.912395694890821,lamastik,anti_homophones
3079,1,0,0,12,5,-9.78129277993236,9.78129277993236,R°sez5vOltiR,anti_homophones
3080,1,0,0,9,4,-6.622135045923277,6.622135045923277,miRoloZik,anti_homophones
3081,1,0,0,11,5,-12.006063569166068,12.006063569166068,R°lotodEtaZ,anti_homophones
3082,1,3,0,6,3,-5.567116627863948,5.567116627863948,5f@taZ,anti_homophones
3083,1,17,3,4,2,-3.659014922511119,3.659014922511119,inER,anti_homophones
3084,1,11,2,5,2,-4.484004514463059,4.484004514463059,maRSe,anti_homophones
3085,1,2,1,7,4,-4.689785604129292,4.689785604129292,5divite,anti_homophones
3086,1,1,0,7,3,-6.708173073165442,6.708173073165442,vaSidER,anti_homophones
3087,1,10,2,3,1,-4.33729492767967,4.33729492767967,gys,anti_homophones
3088,1,21,2,4,2,-3.9427367931147743,3.9427367931147743,anal,anti_homophones
3089,1,0,0,6,2,-5.299570533696463,5.299570533696463,s@ktyR,anti_homophones
3090,1,11,1,4,2,-4.915655865852905,4.915655865852905,Ras@,anti_homophones
3091,1,0,0,7,3,-6.382963151897385,6.382963151897385,debobik,anti_homophones
3092,1,0,0,13,6,-13.872768884069458,13.872768884069458,s@djofinodim@,anti_homophones
3093,1,0,0,9,4,-7.052223912033334,7.052223912033334,koabitabl,anti_homophones
3094,1,0,0,6,2,-5.927573509816938,5.927573509816938,gRift§,anti_homophones
3095,1,4,0,7,4,-4.934424623167365,4.934424623167365,5tEl°m@,anti_homophones
3096,1,2,1,7,4,-5.021254938396856,5.021254938396856,yziv°m@,anti_homophones
3097,1,3,0,5,2,-6.366076478399762,6.366076478399762,glyty,anti_homophones
3098,1,4,1,6,3,-4.817007213345075,4.817007213345075,debule,anti_homophones
3099,1,11,1,4,1,-4.906122988365586,4.906122988365586,pEst,anti_homophones
3100,1,0,0,8,4,-6.580531779235958,6.580531779235958,poloRize,anti_homophones
3101,1,0,0,10,4,-9.596152586121914,9.596152586121914,k8isimatiR,anti_homophones
3102,1,1,0,9,4,-6.18973173742369,6.18973173742369,livitasj§,anti_homophones
3103,1,13,3,4,2,-4.17471288807275,4.17471288807275,R°di,anti_homophones
3104,1,7,0,8,4,-5.173645319596621,5.173645319596621,labilite,anti_homophones
3105,1,0,0,10,3,-8.44147684234762,8.44147684234762,gastREksj§,anti_homophones
3106,1,10,1,4,2,-4.526330449539417,4.526330449539417,sulo,anti_homophones
3107,1,0,0,15,6,-13.926194815060423,13.926194815060423,dezafR2diREksta,anti_homophones
3108,1,0,0,5,1,-5.785191410574338,5.785191410574338,RyptR,anti_homophones
3109,1,22,2,3,1,-4.600152402885454,4.600152402885454,fEn,anti_homophones
3110,1,0,0,10,4,-11.321264445255862,11.321264445255862,EstipRotiz,anti_homophones
3111,1,0,0,7,3,-6.646939816242988,6.646939816242988,kyRaliz,anti_homophones
3112,1,2,2,5,2,-4.423725139172189,4.423725139172189,OptER,anti_homophones
3113,1,1,0,6,3,-6.512413181026634,6.512413181026634,sotive,anti_homophones
3114,1,7,1,3,2,-4.432288454520274,4.432288454520274,5du,anti_homophones
3115,1,0,0,8,3,-6.787085959808089,6.787085959808089,kyR@tjER,anti_homophones
3116,1,0,0,8,4,-9.153613739324443,9.153613739324443,ynistosi,anti_homophones
3117,1,0,0,11,4,-9.144121107286882,9.144121107286882,k§tRasEptim,anti_homophones
3118,1,0,0,8,4,-8.333485129544368,8.333485129544368,veZenOl@,anti_homophones
3119,1,1,1,6,2,-5.777518210481324,5.777518210481324,aRSism,anti_homophones
3120,1,0,0,9,4,-7.197197326494435,7.197197326494435,psikologe,anti_homophones
3121,1,0,0,10,5,-6.876150673559279,6.876150673559279,detalis°m@,anti_homophones
3122,1,0,0,6,2,-7.085806848229144,7.085806848229144,mORakt,anti_homophones
3123,1,7,2,3,1,-4.081381453096939,4.081381453096939,m§d,anti_homophones
3124,1,15,3,6,3,-4.13561647623958,4.13561647623958,poloZi,anti_homophones
3125,1,9,0,5,2,-5.127007628852791,5.127007628852791,detaR,anti_homophones
3126,1,0,0,10,4,-7.951072919532445,7.951072919532445,Regastifje,anti_homophones
3127,1,8,0,2,1,-4.5873282832715185,4.5873282832715185,§k,anti_homophones
3128,1,0,0,9,3,-7.97933331512225,7.97933331512225,fuRnitRik,anti_homophones
3129,1,29,4,3,1,-3.5391695872474127,3.5391695872474127,vER,anti_homophones
3130,1,6,1,4,1,-4.372874973711072,4.372874973711072,k§kl,anti_homophones
3131,1,3,0,7,2,-5.730834424730913,5.730834424730913,kRupabl,anti_homophones
3132,1,7,0,5,2,-5.382903057585556,5.382903057585556,vaRjo,anti_homophones
3133,1,0,0,13,5,-10.656812101983412,10.656812101983412,glistRomis°m@,anti_homophones
3134,1,0,0,7,3,-8.847747634256356,8.847747634256356,danakas,anti_homophones
3135,1,0,0,9,5,-10.147145145595514,10.147145145595514,RyZeneize,anti_homophones
3136,1,28,1,2,1,-4.568310612023499,4.568310612023499,su,anti_homophones
3137,1,23,0,2,1,-4.568882065365342,4.568882065365342,fu,anti_homophones
3138,1,46,0,3,1,-4.13418260525069,4.13418260525069,kat,anti_homophones
3139,1,0,0,9,4,-10.108776565795306,10.108776565795306,RamamaRki,anti_homophones
3140,1,0,0,8,3,-6.4592263438932696,6.4592263438932696,syRplEz@,anti_homophones
3141,1,0,0,8,3,-6.855430554510584,6.855430554510584,@tistist,anti_homophones
3142,1,1,0,6,3,-6.593054043693527,6.593054043693527,t5tyRa,anti_homophones
3143,1,0,0,9,4,-6.893724388340204,6.893724388340204,@R°Zw5t9R,anti_homophones
3144,1,0,0,9,4,-9.825650280053264,9.825650280053264,g°n§somOd,anti_homophones
3145,1,1,0,5,2,-6.237347490963414,6.237347490963414,akl9b,anti_homophones
3146,1,0,0,8,4,-6.916426872813938,6.916426872813938,imyneRal,anti_homophones
3147,1,0,0,10,4,-8.447504683100718,8.447504683100718,puRisbiNOl,anti_homophones
3148,1,2,1,5,2,-4.913101973782675,4.913101973782675,muSEt,anti_homophones
3149,1,11,0,4,1,-4.76781086207856,4.76781086207856,palm,anti_homophones
3150,1,7,0,4,2,-5.5784273395944135,5.5784273395944135,liR@,anti_homophones
3151,1,1,0,5,2,-6.586114009638295,6.586114009638295,dep9l,anti_homophones
3152,1,0,0,6,3,-7.594958119610577,7.594958119610577,evERaj,anti_homophones
3153,1,2,0,6,2,-5.34847729591099,5.34847729591099,palmik,anti_homophones
3154,1,26,2,4,2,-3.7444905004632267,3.7444905004632267,mine,anti_homophones
3155,1,32,2,4,2,-4.26839435317585,4.26839435317585,maRi,anti_homophones
3156,1,0,0,13,6,-11.600488122950896,11.600488122950896,buliglapid°m@,anti_homophones
3157,1,0,0,7,3,-8.118066398559899,8.118066398559899,sERmen5,anti_homophones
3158,1,31,1,3,1,-4.138768809490008,4.138768809490008,lit,anti_homophones
3159,1,10,1,4,2,-4.77036303446645,4.77036303446645,bEze,anti_homophones
3160,1,5,0,6,2,-5.4995144130041735,5.4995144130041735,sEkt9R,anti_homophones
3161,1,1,0,6,3,-7.681332718047395,7.681332718047395,f@t°ni,anti_homophones
3162,1,6,0,5,2,-5.093612062292452,5.093612062292452,v@tik,anti_homophones
3163,1,1,0,6,2,-6.6677031673695,6.6677031673695,RwEk9R,anti_homophones
3164,1,3,0,6,3,-4.930067707204328,4.930067707204328,R°dute,anti_homophones
3165,1,10,2,5,2,-4.293326704479001,4.293326704479001,pRofe,anti_homophones
3166,1,0,0,8,3,-7.580791749873764,7.580791749873764,blEdisj§,anti_homophones
3167,1,26,2,3,2,-3.757660410938766,3.757660410938766,ide,anti_homophones
3168,1,2,0,5,3,-5.773708663515362,5.773708663515362,ekOpi,anti_homophones
3169,1,5,1,5,2,-4.734615465867189,4.734615465867189,aRjOm,anti_homophones
3170,1,5,1,5,2,-4.810903312467727,4.810903312467727,Rul9R,anti_homophones
3171,1,26,2,3,2,-4.051989313500833,4.051989313500833,apo,anti_homophones
3172,1,0,0,8,4,-8.726640120568977,8.726640120568977,@baRuzEl,anti_homophones
3173,1,0,0,11,5,-8.606309590605235,8.606309590605235,botoRjalite,anti_homophones
3174,1,13,1,4,2,-4.650576887133953,4.650576887133953,maga,anti_homophones
3175,1,24,2,4,2,-4.068038752984284,4.068038752984284,vize,anti_homophones
3176,1,0,0,4,2,-4.652425883125193,4.652425883125193,SuSu,anti_homophones
3177,1,0,0,8,3,-6.638534326271887,6.638534326271887,eglyksj§,anti_homophones
3178,1,0,0,8,4,-7.643818701985277,7.643818701985277,S@pat°m@,anti_homophones
3179,1,0,0,9,4,-9.030790935864186,9.030790935864186,papabinad,anti_homophones
3180,1,0,0,9,4,-8.893114989570082,8.893114989570082,kopRolete,anti_homophones
3181,1,3,1,5,2,-4.40184620937667,4.40184620937667,EgzaZ,anti_homophones
3182,1,1,0,8,3,-5.693612774103014,5.693612774103014,5flEksj§,anti_homophones
3183,1,1,0,7,2,-5.06359173703186,5.06359173703186,djalizm,anti_homophones
3184,1,1,0,8,3,-5.926568653421533,5.926568653421533,elEkstER,anti_homophones
3185,1,0,0,10,5,-9.20362674187021,9.20362674187021,divaR5g°Ri,anti_homophones
3186,1,12,2,3,1,-4.380359838984189,4.380359838984189,lup,anti_homophones
3187,1,22,1,3,1,-4.189396919853691,4.189396919853691,tip,anti_homophones
3188,1,0,0,10,5,-9.975101552011177,9.975101552011177,5kleminezi,anti_homophones
3189,1,2,1,4,2,-5.498359281563395,5.498359281563395,liN2,anti_homophones
3190,1,0,0,7,4,-11.64100687598789,11.64100687598789,oaRNeto,anti_homophones
3191,1,7,1,5,2,-4.723295573360392,4.723295573360392,miz9R,anti_homophones
3192,1,0,0,8,3,-8.738010924031345,8.738010924031345,sERtynys,anti_homophones
3193,1,0,0,6,2,-7.548956990653309,7.548956990653309,fRenav,anti_homophones
3194,1,1,0,6,3,-5.49238979685431,5.49238979685431,2nolOg,anti_homophones
3195,1,0,0,10,4,-8.689595331305748,8.689595331305748,gaRnj2z°Ri,anti_homophones
3196,1,12,2,3,1,-4.150602859403632,4.150602859403632,s5t,anti_homophones
3197,1,18,1,3,1,-5.000844754547306,5.000844754547306,apt,anti_homophones
3198,1,2,0,6,3,-5.56823375318613,5.56823375318613,seziNe,anti_homophones
3199,1,0,0,8,3,-6.278791011630741,6.278791011630741,aRnalizm,anti_homophones
3200,1,5,0,5,2,-5.334617384500479,5.334617384500479,aRsje,anti_homophones
3201,1,0,0,10,4,-10.904324100469102,10.904324100469102,paRjopOst@,anti_homophones
3202,1,0,0,7,3,-7.735084154255235,7.735084154255235,fyneREk,anti_homophones
3203,1,3,0,6,3,-7.028878805075178,7.028878805075178,tev@Ze,anti_homophones
3204,1,10,0,6,3,-4.485121238503065,4.485121238503065,talite,anti_homophones
3205,1,2,0,6,3,-6.684560620913386,6.684560620913386,inekRe,anti_homophones
3206,1,0,0,10,4,-7.58797416275541,7.58797416275541,R°ZistoRj5,anti_homophones
3207,1,0,0,11,5,-9.276033307332739,9.276033307332739,paliz°liZ@s,anti_homophones
3208,1,1,0,7,3,-7.006464759333321,7.006464759333321,godRoZe,anti_homophones
3209,1,2,1,5,3,-5.912068685729423,5.912068685729423,adika,anti_homophones
3210,1,20,1,1,1,-4.567849212144928,4.567849212144928,y,anti_homophones
3211,1,0,0,7,2,-6.16527445061774,6.16527445061774,buRbjER,anti_homophones
3212,1,11,0,5,2,-4.518798837699639,4.518798837699639,plate,anti_homophones
3213,1,1,0,6,3,-5.629547424238136,5.629547424238136,kokume,anti_homophones
3214,1,0,1,7,2,-5.930861307344785,5.930861307344785,gRyZist,anti_homophones
3215,1,0,0,13,6,-10.242465688620019,10.242465688620019,kamolibdEn°m@,anti_homophones
3216,1,0,0,10,4,-9.413406096439056,9.413406096439056,SifR°tuREt,anti_homophones
3217,1,15,0,4,2,-4.736109928322236,4.736109928322236,saSe,anti_homophones
3218,1,0,0,19,7,-16.565910835247738,16.565910835247738,k§vERgulaRfEkspRiz§,anti_homophones
3219,1,9,1,4,2,-4.483702801393614,4.483702801393614,otom,anti_homophones
3220,1,26,0,3,1,-4.577009242068262,4.577009242068262,Sin,anti_homophones
3221,1,1,1,7,3,-5.527060905175043,5.527060905175043,aRmonje,anti_homophones
3222,1,1,0,6,2,-4.853903567827336,4.853903567827336,SaRZ9R,anti_homophones
3223,1,9,0,5,2,-4.3361807601604925,4.3361807601604925,dez@s,anti_homophones
3224,1,1,0,5,2,-6.070248955952457,6.070248955952457,m2zj§,anti_homophones
3225,1,23,2,3,1,-3.960632238065837,3.960632238065837,SiR,anti_homophones
3226,1,0,0,10,4,-7.0076222420648815,7.0076222420648815,syRpatifje,anti_homophones
3227,1,0,0,8,4,-9.96185886724015,9.96185886724015,atopakEt,anti_homophones
3228,1,13,1,4,2,-4.207643794190771,4.207643794190771,syR@,anti_homophones
3229,1,0,0,8,3,-6.921355496687199,6.921355496687199,kolanist,anti_homophones
3230,1,4,0,5,2,-5.5673496428819265,5.5673496428819265,asism,anti_homophones
3231,1,1,1,5,2,-5.469464145676822,5.469464145676822,agREl,anti_homophones
3232,1,2,0,6,2,-6.024505342834427,6.024505342834427,apstER,anti_homophones
3233,1,0,0,7,3,-7.141530926530785,7.141530926530785,mwal2R@,anti_homophones
3234,1,0,0,9,4,-9.932224798967008,9.932224798967008,5fibROm@s,anti_homophones
3235,1,0,0,7,3,-6.881275088922016,6.881275088922016,syRm§t5,anti_homophones
3236,1,4,1,4,2,-4.677579332767727,4.677579332767727,foS§,anti_homophones
3237,1,0,0,12,4,-9.678463266582973,9.678463266582973,pREskaRboRj5,anti_homophones
3238,1,2,0,6,3,-5.187208348542847,5.187208348542847,dod°m@,anti_homophones
3239,1,0,0,10,4,-9.587276442417874,9.587276442417874,R°dREfat9R,anti_homophones
3240,1,2,0,6,3,-4.828983369720047,4.828983369720047,mus°Ri,anti_homophones
3241,1,0,0,11,5,-6.759348467470297,6.759348467470297,EkspeRis°m@,anti_homophones
3242,1,8,1,5,2,-4.742506639100137,4.742506639100137,dekwa,anti_homophones
3243,1,13,0,4,2,-5.048528624022867,5.048528624022867,elit,anti_homophones
3244,1,6,0,4,2,-4.671350243304294,4.671350243304294,vEj@,anti_homophones
3245,1,4,0,6,3,-5.259227535300741,5.259227535300741,fajote,anti_homophones
3246,1,6,1,6,2,-4.611784458615433,4.611784458615433,deRabl,anti_homophones
3247,1,0,0,8,3,-7.063389476972148,7.063389476972148,kOltanik,anti_homophones
3248,1,0,0,13,6,-15.235085488668046,15.235085488668046,am@tivaRsElEn,anti_homophones
3249,1,0,0,9,5,-7.621094923511508,7.621094923511508,@tidivize,anti_homophones
3250,1,0,0,12,5,-10.938179818659842,10.938179818659842,maRksiZinit@,anti_homophones
3251,1,12,3,5,2,-4.349124171750344,4.349124171750344,Radje,anti_homophones
3252,1,7,0,4,2,-5.7480633642036665,5.7480633642036665,iRaf,anti_homophones
3253,1,0,0,16,7,-14.171371292157191,14.171371292157191,deZeneRazistRase,anti_homophones
3254,1,7,1,5,2,-4.928315849521298,4.928315849521298,taRin,anti_homophones
3255,1,0,0,8,3,-6.9954907448558155,6.9954907448558155,Zenalist,anti_homophones
3256,1,0,0,9,4,-7.754571309463752,7.754571309463752,fERmanyle,anti_homophones
3257,1,4,1,6,3,-5.87458578416901,5.87458578416901,RifeRe,anti_homophones
3258,1,0,0,11,5,-9.332705058824965,9.332705058824965,Elm5tjOl°m@,anti_homophones
3259,1,0,0,8,4,-5.998235518634921,5.998235518634921,disil°m@,anti_homophones
3260,1,7,0,4,2,-6.402878912224587,6.402878912224587,vaz5,anti_homophones
3261,1,0,0,8,3,-7.266737539314733,7.266737539314733,@gl@t8El,anti_homophones
3262,1,0,0,8,4,-6.319949664680977,6.319949664680977,@pwat°Ri,anti_homophones
3263,1,11,1,4,2,-4.279199442621002,4.279199442621002,bulo,anti_homophones
3264,1,0,0,6,3,-6.616138319902621,6.616138319902621,5tRadi,anti_homophones
3265,1,0,0,9,4,-7.765534328150572,7.765534328150572,panofilaZ,anti_homophones
3266,1,11,0,4,2,-4.719170124886123,4.719170124886123,peNe,anti_homophones
3267,1,21,0,4,2,-4.349484301367346,4.349484301367346,bal@,anti_homophones
3268,1,0,0,8,4,-8.89183718341504,8.89183718341504,5sinatiz,anti_homophones
3269,1,0,0,10,4,-10.466011016188236,10.466011016188236,em@stREnaR,anti_homophones
3270,1,8,0,5,2,-5.41500472884818,5.41500472884818,gREse,anti_homophones
3271,1,7,3,4,2,-4.132862096242512,4.132862096242512,m°ne,anti_homophones
3272,1,4,0,4,2,-5.392066790764893,5.392066790764893,REn2,anti_homophones
3273,1,2,0,8,4,-4.922696136215868,4.922696136215868,monoloZi,anti_homophones
3274,1,0,0,7,3,-5.872622277522809,5.872622277522809,dezyniR,anti_homophones
3275,1,0,0,13,6,-10.565311843298995,10.565311843298995,des@salist°Ri,anti_homophones
3276,1,0,0,16,7,-15.407235429132978,15.407235429132978,fibR°tispaibl°m@,anti_homophones
3277,1,0,0,8,4,-10.072832408016383,10.072832408016383,apaRibiS,anti_homophones
3278,1,2,0,6,3,-6.424496320265601,6.424496320265601,5d@sje,anti_homophones
3279,1,2,0,4,2,-4.680592702885282,4.680592702885282,fug2,anti_homophones
3280,1,0,0,7,3,-6.066968991874304,6.066968991874304,difyZje,anti_homophones
3281,1,0,0,16,5,-11.97675354944967,11.97675354944967,maRmOtEktRiptibl,anti_homophones
3282,1,3,0,5,3,-7.295021161963666,7.295021161963666,asale,anti_homophones
3283,1,6,0,5,2,-5.368307001914758,5.368307001914758,vaRj@,anti_homophones
3284,1,0,0,12,5,-8.940668498310593,8.940668498310593,selyktivizje,anti_homophones
3285,1,1,1,5,2,-4.660027520543873,4.660027520543873,kleER,anti_homophones
3286,1,12,2,6,3,-4.099562324313885,4.099562324313885,divite,anti_homophones
3287,1,0,0,9,4,-9.71819667569105,9.71819667569105,ORfilitRi,anti_homophones
3288,1,6,1,4,2,-5.105000425937777,5.105000425937777,myR5,anti_homophones
3289,1,0,0,8,4,-7.403461227852784,7.403461227852784,5pyneRER,anti_homophones
3290,1,5,0,7,4,-5.778256123951511,5.778256123951511,@kolite,anti_homophones
3291,1,15,1,4,2,-4.67449822446628,4.67449822446628,deza,anti_homophones
3292,1,7,1,6,3,-4.777833658857347,4.777833658857347,aRm°m@,anti_homophones
3293,1,16,2,4,2,-4.003149688456036,4.003149688456036,alje,anti_homophones
3294,1,0,0,8,4,-7.287287029924952,7.287287029924952,anatRite,anti_homophones
3295,1,3,0,6,3,-6.817628635527756,6.817628635527756,siliza,anti_homophones
3296,1,1,0,7,3,-7.082634938593915,7.082634938593915,@fERlOt,anti_homophones
3297,1,0,0,8,4,-7.01537718293586,7.01537718293586,sofin°Ri,anti_homophones
3298,1,0,0,7,3,-7.411457425742936,7.411457425742936,klopika,anti_homophones
3299,1,2,0,6,3,-5.031050867978039,5.031050867978039,ipnote,anti_homophones
3300,1,1,0,5,2,-5.580591247956656,5.580591247956656,djaf@,anti_homophones
3301,1,3,0,5,3,-5.545076191652085,5.545076191652085,inaSe,anti_homophones
3302,1,0,0,10,4,-6.200398184991567,6.200398184991567,pORt8ozite,anti_homophones
3303,1,10,1,3,1,-4.620628850030334,4.620628850030334,duz,anti_homophones
3304,1,5,0,5,2,-5.579073725641294,5.579073725641294,makj§,anti_homophones
3305,1,0,0,10,5,-8.636465381584886,8.636465381584886,fyteRil°m@,anti_homophones
3306,1,1,0,8,3,-6.387048739648862,6.387048739648862,degRiv9R,anti_homophones
3307,1,13,1,5,2,-4.808333488181058,4.808333488181058,kalaZ,anti_homophones
3308,1,24,2,3,1,-3.9342476449343327,3.9342476449343327,saZ,anti_homophones
3309,1,0,0,9,4,-7.872830522770174,7.872830522770174,sikoRyRZe,anti_homophones
3310,1,0,0,6,3,-5.892474271545002,5.892474271545002,5flane,anti_homophones
3311,1,0,0,10,5,-8.69349142801143,8.69349142801143,5peRivaRj5,anti_homophones
3312,1,1,0,6,2,-5.894882262009008,5.894882262009008,kOsmOg,anti_homophones
3313,1,0,0,8,4,-7.575175977443113,7.575175977443113,s@tialke,anti_homophones
3314,1,0,0,10,5,-8.169779303835464,8.169779303835464,tap@toloZi,anti_homophones
3315,1,2,1,5,2,-4.5461685831128875,4.5461685831128875,R°vyR,anti_homophones
3316,1,36,3,3,1,-3.6394220299456874,3.6394220299456874,naR,anti_homophones
3317,1,2,1,6,2,-4.6274882379797635,4.6274882379797635,R°fRwa,anti_homophones
3318,1,0,0,7,3,-6.853759553190482,6.853759553190482,pjetis@,anti_homophones
3319,1,0,0,14,6,-14.789998031974259,14.789998031974259,pROvjoliteRoze,anti_homophones
3320,1,8,3,5,2,-4.114501657254455,4.114501657254455,inabl,anti_homophones
3321,1,13,5,3,1,-3.346821858757632,3.346821858757632,Eks,anti_homophones
3322,1,3,0,5,2,-5.485021549287756,5.485021549287756,R°t§b,anti_homophones
3323,1,9,2,4,1,-4.1810727216148384,4.1810727216148384,sjal,anti_homophones
3324,1,0,0,8,3,-9.903274771482778,9.903274771482778,moglikse,anti_homophones
3325,1,1,0,5,2,-6.007048372530387,6.007048372530387,v°nad,anti_homophones
3326,1,0,0,6,2,-5.732053126841267,5.732053126841267,flyvj§,anti_homophones
3327,1,0,0,7,3,-7.5528675536134635,7.5528675536134635,fl@kEse,anti_homophones
3328,1,0,0,9,3,-7.315490954707442,7.315490954707442,pResjonit,anti_homophones
3329,1,2,1,5,2,-4.7029578533176,4.7029578533176,dusEt,anti_homophones
3330,1,0,0,9,3,-8.703626305238746,8.703626305238746,fylistibl,anti_homophones
3331,1,1,0,7,2,-6.89499613214458,6.89499613214458,SeSjatR,anti_homophones
3332,1,1,0,8,3,-7.395062436625377,7.395062436625377,dematS9p,anti_homophones
3333,1,0,0,7,2,-7.157652259113663,7.157652259113663,baRkmEk,anti_homophones
3334,1,3,0,4,2,-5.583399327876504,5.583399327876504,ynjo,anti_homophones
3335,1,11,1,4,2,-4.4498913320021884,4.4498913320021884,et@s,anti_homophones
3336,1,10,0,4,2,-4.393010908143649,4.393010908143649,R°sy,anti_homophones
3337,1,0,0,6,3,-7.4322147229390545,7.4322147229390545,SokaRi,anti_homophones
3338,1,0,0,9,5,-6.731940646445169,6.731940646445169,epizOt°m@,anti_homophones
3339,1,6,0,4,1,-4.338388566466655,4.338388566466655,futR,anti_homophones
3340,1,12,3,3,1,-3.9409938323701046,3.9409938323701046,pw5,anti_homophones
3341,1,0,0,10,4,-8.065871487884221,8.065871487884221,pRev@tasje,anti_homophones
3342,1,0,0,7,3,-7.685283011323045,7.685283011323045,fEstame,anti_homophones
3343,1,20,3,4,2,-3.843569899284244,3.843569899284244,inaZ,anti_homophones
3344,1,0,0,8,3,-8.04704297157008,8.04704297157008,molEstaZ,anti_homophones
3345,1,0,0,9,4,-7.115098938787933,7.115098938787933,skajEn°m@,anti_homophones
3346,1,8,0,9,4,-4.7909486222845326,4.7909486222845326,talizasj§,anti_homophones
3347,1,14,0,4,2,-4.656458209603762,4.656458209603762,deNe,anti_homophones
3348,1,0,0,7,3,-6.258833473667481,6.258833473667481,5stafje,anti_homophones
3349,1,0,0,12,6,-8.208501054927224,8.208501054927224,efek§Zygasj§,anti_homophones
3350,1,0,0,11,4,-7.962961306577086,7.962961306577086,miRwadRasj§,anti_homophones
3351,1,0,0,5,2,-6.260424911062753,6.260424911062753,taRby,anti_homophones
3352,1,8,2,4,2,-4.57024164032042,4.57024164032042,amEn,anti_homophones
3353,1,1,0,7,3,-8.30235734168697,8.30235734168697,peaRizm,anti_homophones
3354,1,2,1,4,2,-5.200854494430269,5.200854494430269,fyga,anti_homophones
3355,1,5,0,6,3,-5.342814881941949,5.342814881941949,solyte,anti_homophones
3356,1,6,0,5,2,-4.924002633911809,4.924002633911809,syRde,anti_homophones
3357,1,0,0,5,2,-6.24202193439305,6.24202193439305,yRfal,anti_homophones
3358,1,2,0,5,2,-4.811595786186856,4.811595786186856,Z§gle,anti_homophones
3359,1,31,3,3,1,-3.6474345825487435,3.6474345825487435,lEt,anti_homophones
3360,1,25,4,3,1,-3.98002920540199,3.98002920540199,diz,anti_homophones
3361,1,0,0,10,4,-7.639508453620033,7.639508453620033,SifRatwaje,anti_homophones
3362,1,1,1,6,2,-4.850025042017,4.850025042017,Ekspl@,anti_homophones
3363,1,6,0,7,3,-5.3461909674363195,5.3461909674363195,savwaje,anti_homophones
3364,1,0,0,7,3,-5.952422173390705,5.952422173390705,tegRafi,anti_homophones
3365,1,15,2,3,1,-4.306923099528678,4.306923099528678,nje,anti_homophones
3366,1,32,6,3,1,-3.2624767253855578,3.2624767253855578,tRe,anti_homophones
3367,1,30,3,3,1,-3.733990341506208,3.733990341506208,kOR,anti_homophones
3368,1,9,0,4,2,-5.119511145358351,5.119511145358351,ORbe,anti_homophones
3369,1,3,0,5,2,-5.569064760152008,5.569064760152008,klORe,anti_homophones
3370,1,12,1,7,3,-4.137227349550474,4.137227349550474,bizasj§,anti_homophones
3371,1,0,0,7,3,-5.746402909429032,5.746402909429032,t@poRER,anti_homophones
3372,1,0,0,10,4,-8.638883448344897,8.638883448344897,kazaRwatyR,anti_homophones
3373,1,0,0,11,5,-9.428941846875713,9.428941846875713,lesesoRasj§,anti_homophones
3374,1,2,0,5,2,-5.909642670371037,5.909642670371037,podEs,anti_homophones
3375,1,0,0,6,2,-6.278908518611371,6.278908518611371,fEstER,anti_homophones
3376,1,0,0,10,3,-7.611503155117269,7.611503155117269,seksjOnizm,anti_homophones
3377,1,0,1,6,2,-4.946866877959121,4.946866877959121,Rad8El,anti_homophones
3378,1,10,2,6,3,-4.498916412403032,4.498916412403032,elEkte,anti_homophones
3379,1,15,0,2,1,-5.126329683870747,5.126329683870747,ze,anti_homophones
3380,1,22,3,4,2,-3.7980583556179135,3.7980583556179135,mize,anti_homophones
3381,1,2,0,6,2,-5.318367236037691,5.318367236037691,pRofis,anti_homophones
3382,1,6,1,3,1,-4.330251534694925,4.330251534694925,g@b,anti_homophones
3383,1,1,0,8,3,-6.596654696233696,6.596654696233696,pOsteRj2,anti_homophones
3384,1,23,0,3,1,-4.070197248896923,4.070197248896923,pwa,anti_homophones
3385,1,16,2,6,3,-4.336136646587623,4.336136646587623,balite,anti_homophones
3386,1,8,0,4,2,-4.691533451289062,4.691533451289062,ovaZ,anti_homophones
3387,1,3,0,6,3,-5.8080625620781205,5.8080625620781205,R°fuly,anti_homophones
3388,1,15,0,2,1,-5.529943778704193,5.529943778704193,@b,anti_homophones
3389,1,0,0,7,3,-7.284607393000593,7.284607393000593,istiZEn,anti_homophones
3390,1,3,0,5,3,-5.665296111347902,5.665296111347902,alOne,anti_homophones
3391,1,0,0,11,5,-6.280529810345421,6.280529810345421,fEsjonEl°m@,anti_homophones
3392,1,0,0,6,3,-6.331248468759752,6.331248468759752,novij§,anti_homophones
3393,1,4,0,5,2,-4.99766223584504,4.99766223584504,plyS§,anti_homophones
3394,1,4,0,4,1,-5.436655935466224,5.436655935466224,t@bR,anti_homophones
3395,1,1,0,8,3,-5.7696039005722035,5.7696039005722035,nekRat9R,anti_homophones
3396,1,2,1,4,2,-4.601676787228971,4.601676787228971,n2R2,anti_homophones
3397,1,1,0,7,3,-5.834786468385459,5.834786468385459,matisj5,anti_homophones
3398,1,14,0,4,1,-5.743656737784748,5.743656737784748,psj§,anti_homophones
3399,1,17,2,4,2,-4.4214349051674,4.4214349051674,dyRe,anti_homophones
3400,1,0,0,7,3,-8.018893743158122,8.018893743158122,akRitiR,anti_homophones
3401,1,10,2,4,1,-3.8984572151739196,3.8984572151739196,njER,anti_homophones
3402,1,4,2,4,2,-4.40382544264282,4.40382544264282,v°n@,anti_homophones
3403,1,2,0,5,2,-6.363748808857174,6.363748808857174,ERmis,anti_homophones
3404,1,5,0,3,1,-6.405286259459054,6.405286259459054,Ebl,anti_homophones
3405,1,0,0,10,5,-9.020953207660918,9.020953207660918,komeRimize,anti_homophones
3406,1,0,0,9,4,-7.230867626816997,7.230867626816997,magRegyle,anti_homophones
3407,1,0,0,6,2,-5.95943951658356,5.95943951658356,sEptOn,anti_homophones
3408,1,1,0,7,4,-8.337983860541891,8.337983860541891,uRoseRe,anti_homophones
3409,1,6,1,5,2,-4.554367228970794,4.554367228970794,buR9R,anti_homophones
3410,1,0,0,13,6,-14.763705050752927,14.763705050752927,gliabomitimER,anti_homophones
3411,1,0,0,12,5,-10.168213748604696,10.168213748604696,tRifikabORdi,anti_homophones
3412,1,1,0,7,3,-7.44121766338361,7.44121766338361,bR5gal@,anti_homophones
3413,1,1,1,7,3,-5.822348837975831,5.822348837975831,g@bERZe,anti_homophones
3414,1,8,0,3,1,-5.206091885842982,5.206091885842982,bof,anti_homophones
3415,1,12,6,6,2,-3.440079398972002,3.440079398972002,plasj§,anti_homophones
3416,1,0,0,8,4,-7.539029554604171,7.539029554604171,aRanonik,anti_homophones
3417,1,0,0,8,3,-7.945413178063951,7.945413178063951,petRofEl,anti_homophones
3418,1,3,0,6,3,-5.216231047464332,5.216231047464332,@baRde,anti_homophones
3419,1,0,0,14,7,-10.462711102575884,10.462711102575884,Reekipjetin°Ri,anti_homophones
3420,1,0,0,9,4,-7.699586943999426,7.699586943999426,in5foskOp,anti_homophones
3421,1,27,3,3,1,-3.801351774593762,3.801351774593762,nER,anti_homophones
3422,1,0,0,9,4,-6.782118236798142,6.782118236798142,mERd2z°m@,anti_homophones
3423,1,3,1,6,2,-4.691336421825419,4.691336421825419,vuswaR,anti_homophones
3424,1,1,1,8,3,-5.7983495493950725,5.7983495493950725,kaRpasj§,anti_homophones
3425,1,0,0,7,3,-7.273981300931482,7.273981300931482,RapaRNe,anti_homophones
3426,1,32,2,3,1,-4.233179022730206,4.233179022730206,pEt,anti_homophones
3427,1,0,0,11,4,-10.645220428299554,10.645220428299554,tyRfakseswa,anti_homophones
3428,1,0,0,7,3,-6.184387723426633,6.184387723426633,kan°bEl,anti_homophones
3429,1,4,2,5,2,-4.529042337468976,4.529042337468976,k§tR2,anti_homophones
3430,1,0,0,10,3,-7.056276070677185,7.056276070677185,fR@spORt9R,anti_homophones
3431,1,0,0,12,6,-10.077246088969039,10.077246088969039,Rodinaliz°Ri,anti_homophones
3432,1,0,0,8,3,-6.457952450185871,6.457952450185871,polatizm,anti_homophones
3433,1,3,1,5,3,-4.8056827887615485,4.8056827887615485,@Z°Ri,anti_homophones
3434,1,1,0,6,3,-5.241377398084386,5.241377398084386,Esk°m@,anti_homophones
3435,1,2,0,6,2,-5.280937311251858,5.280937311251858,pREste,anti_homophones
3436,1,5,0,5,2,-4.882675765759753,4.882675765759753,vylse,anti_homophones
3437,1,15,2,4,2,-3.850661938466022,3.850661938466022,Rafi,anti_homophones
3438,1,0,0,10,5,-10.751217608280905,10.751217608280905,@myRmatoZi,anti_homophones
3439,1,2,0,5,2,-6.503661052237272,6.503661052237272,apnEt,anti_homophones
3440,1,3,0,5,2,-6.300733017023665,6.300733017023665,SERme,anti_homophones
3441,1,6,0,4,2,-6.265862452402004,6.265862452402004,syb5,anti_homophones
3442,1,1,0,8,4,-8.08506317496528,8.08506317496528,Espinite,anti_homophones
3443,1,0,0,7,3,-6.0020743397093215,6.0020743397093215,dezaRd2,anti_homophones
3444,1,0,0,8,3,-8.219869419186608,8.219869419186608,pOstRap2,anti_homophones
3445,1,1,2,5,2,-4.45885597603096,4.45885597603096,pn2m@,anti_homophones
3446,1,0,0,6,3,-7.556747767079985,7.556747767079985,egoRab,anti_homophones
3447,1,5,0,4,2,-4.766779678333391,4.766779678333391,p§d@,anti_homophones
3448,1,8,1,4,2,-4.059538664425613,4.059538664425613,Re@s,anti_homophones
3449,1,2,0,7,3,-6.0367116241850605,6.0367116241850605,def@dR5,anti_homophones
3450,1,5,0,5,2,-5.122083206966006,5.122083206966006,Eksje,anti_homophones
3451,1,0,0,10,5,-9.819099510792952,9.819099510792952,OmeOtERnEz,anti_homophones
3452,1,16,0,4,2,-4.710731990596818,4.710731990596818,RiSe,anti_homophones
3453,1,0,0,6,2,-7.211180019172403,7.211180019172403,nOsmOl,anti_homophones
3454,1,23,2,4,2,-4.432254168743087,4.432254168743087,peRi,anti_homophones
3455,1,0,0,8,4,-8.275681287413635,8.275681287413635,lokaRani,anti_homophones
3456,1,32,4,4,2,-3.620736717611341,3.620736717611341,mite,anti_homophones
3457,1,7,1,5,2,-5.381342652356057,5.381342652356057,vERje,anti_homophones
3458,1,0,0,11,5,-8.81842236841548,8.81842236841548,5tERnalidEl,anti_homophones
3459,1,0,0,9,3,-8.270660672212136,8.270660672212136,fRaglisj§,anti_homophones
3460,1,0,0,9,4,-7.457029402330404,7.457029402330404,k§p@senik,anti_homophones
3461,1,0,0,8,5,-8.05110785052245,8.05110785052245,Eleinyme,anti_homophones
3462,1,20,0,3,1,-4.874433486232247,4.874433486232247,adR,anti_homophones
3463,1,10,1,6,2,-4.718271162720585,4.718271162720585,monist,anti_homophones
3464,1,0,0,8,4,-8.90134644589676,8.90134644589676,Reev@sje,anti_homophones
3465,1,0,0,6,3,-5.025224862822981,5.025224862822981,tyb°m@,anti_homophones
3466,1,16,1,3,1,-4.363851697473512,4.363851697473512,bib,anti_homophones
3467,1,0,0,6,3,-6.938575171249064,6.938575171249064,golise,anti_homophones
3468,1,0,0,13,6,-12.66781204356996,12.66781204356996,fyZitysjonika,anti_homophones
3469,1,17,0,4,2,-4.781808029059685,4.781808029059685,Repi,anti_homophones
3470,1,0,0,12,5,-8.843171553188194,8.843171553188194,pERseRjOlOZi,anti_homophones
3471,1,0,0,7,3,-6.357022158917547,6.357022158917547,Sal@s9R,anti_homophones
3472,1,26,1,4,2,-4.443923134637878,4.443923134637878,aRje,anti_homophones
3473,1,1,0,6,2,-4.9597061341944135,4.9597061341944135,futwaR,anti_homophones
3474,1,1,0,7,3,-5.908325870204288,5.908325870204288,eliZibl,anti_homophones
3475,1,5,1,4,2,-4.779276406977603,4.779276406977603,pEn§,anti_homophones
3476,1,0,0,12,5,-10.511652372763802,10.511652372763802,kapaRpoRifik,anti_homophones
3477,1,7,2,4,3,-3.895781429533511,3.895781429533511,aeRo,anti_homophones
3478,1,9,1,4,2,-4.624708306119044,4.624708306119044,fyne,anti_homophones
3479,1,1,0,6,3,-5.722740022492088,5.722740022492088,Eks@d@,anti_homophones
3480,1,0,0,10,4,-9.942880709224218,9.942880709224218,ekR@plebOm,anti_homophones
3481,1,0,0,12,4,-10.266360320294158,10.266360320294158,pl@tivjalizm,anti_homophones
3482,1,2,0,6,2,-6.661065269674493,6.661065269674493,valgaR,anti_homophones
3483,1,5,0,5,2,-5.223147544820973,5.223147544820973,ReSiR,anti_homophones
3484,1,0,0,10,4,-9.061673853599416,9.061673853599416,R2pavERtyn,anti_homophones
3485,1,3,0,7,4,-5.976222985071326,5.976222985071326,akolite,anti_homophones
3486,1,0,0,10,4,-8.993108687877513,8.993108687877513,kyRistRij§,anti_homophones
3487,1,37,3,4,2,-4.337407762553064,4.337407762553064,kaRa,anti_homophones
3488,1,0,0,8,4,-9.315095866113207,9.315095866113207,klikalie,anti_homophones
3489,1,8,0,4,1,-5.0431405062815475,5.0431405062815475,tREN,anti_homophones
3490,1,0,0,9,4,-6.348853077160525,6.348853077160525,dep@dat9R,anti_homophones
3491,1,7,0,5,2,-5.266020678945035,5.266020678945035,maRgE,anti_homophones
3492,1,8,0,5,2,-5.005298129354716,5.005298129354716,m§t9R,anti_homophones
3493,1,8,1,6,3,-4.486676645287686,4.486676645287686,imasj§,anti_homophones
3494,1,0,0,6,3,-6.594157607741905,6.594157607741905,fEsoR2,anti_homophones
3495,1,0,0,8,3,-7.817588577017828,7.817588577017828,SiljOfaZ,anti_homophones
3496,1,3,0,5,3,-5.854805379010363,5.854805379010363,5soni,anti_homophones
3497,1,29,1,4,2,-3.9392510709870914,3.9392510709870914,paRa,anti_homophones
3498,1,2,0,7,3,-5.150828865833126,5.150828865833126,R@bl°m@,anti_homophones
3499,1,21,2,4,2,-4.2362698796834355,4.2362698796834355,paR@,anti_homophones
3500,1,6,0,6,2,-5.147760393933432,5.147760393933432,Retist,anti_homophones
3501,1,0,0,5,2,-6.734168708108458,6.734168708108458,vj@d@,anti_homophones
3502,1,0,0,6,3,-7.150551392080276,7.150551392080276,s@tOni,anti_homophones
3503,1,9,1,5,3,-4.673088211139599,4.673088211139599,is°m@,anti_homophones
3504,1,0,0,6,2,-6.635471180913837,6.635471180913837,putSad,anti_homophones
3505,1,20,1,4,1,-4.458749681357446,4.458749681357446,kist,anti_homophones
3506,1,0,0,9,3,-6.850417878849553,6.850417878849553,glometabl,anti_homophones
3507,1,8,1,5,2,-4.9067915770628385,4.9067915770628385,pl§be,anti_homophones
3508,1,0,0,7,3,-7.505560098232598,7.505560098232598,SapERt5,anti_homophones
3509,1,0,0,7,3,-7.6147243571615135,7.6147243571615135,liREsj§,anti_homophones
3510,1,3,0,4,2,-6.17911579009495,6.17911579009495,abod,anti_homophones
3511,1,0,0,12,4,-8.579683148207543,8.579683148207543,kuvR@smiksj§,anti_homophones
3512,1,0,0,13,5,-13.284921447511568,13.284921447511568,SEksp@s@belj5,anti_homophones
3513,1,0,0,10,4,-9.953252500958294,9.953252500958294,nafaRdjone,anti_homophones
3514,1,0,0,11,5,-9.002863433887535,9.002863433887535,bukidokysj§,anti_homophones
3515,1,19,2,3,1,-5.020328148817892,5.020328148817892,mol,anti_homophones
3516,1,1,0,6,3,-5.690232556036284,5.690232556036284,ipolOg,anti_homophones
3517,1,5,0,5,2,-4.77963882147319,4.77963882147319,mwam@,anti_homophones
3518,1,1,0,6,2,-5.640711317639275,5.640711317639275,paRliG,anti_homophones
3519,1,5,0,4,1,-5.091075282680538,5.091075282680538,ploz,anti_homophones
3520,1,3,1,6,2,-5.676882773276819,5.676882773276819,koSizm,anti_homophones
3521,1,0,0,12,6,-7.76052862579812,7.76052862579812,pedomativ°m@,anti_homophones
3522,1,1,0,7,3,-5.967141659417119,5.967141659417119,fRap°m@,anti_homophones
3523,1,2,0,7,3,-6.002704971052516,6.002704971052516,poliste,anti_homophones
3524,1,9,0,7,3,-5.034933909877782,5.034933909877782,aRtasj§,anti_homophones
3525,1,2,0,5,3,-7.989622936691134,7.989622936691134,@k§pa,anti_homophones
3526,1,3,0,5,2,-6.321075393746913,6.321075393746913,dRola,anti_homophones
3527,1,1,0,7,3,-5.730768964375273,5.730768964375273,puRsite,anti_homophones
3528,1,0,0,7,3,-7.101231158298871,7.101231158298871,vERbala,anti_homophones
3529,1,0,0,13,6,-10.286826537694644,10.286826537694644,leZis°g§dat9R,anti_homophones
3530,1,0,0,8,4,-6.346617400641103,6.346617400641103,ev@Zelje,anti_homophones
3531,1,7,0,5,2,-4.866679139777322,4.866679139777322,b@daZ,anti_homophones
3532,1,0,0,11,4,-13.364128740862903,13.364128740862903,pOmistaRdit,anti_homophones
3533,1,24,1,2,1,-4.56883876219426,4.56883876219426,ne,anti_homophones
3534,1,18,1,3,2,-4.39616872703323,4.39616872703323,eZe,anti_homophones
3535,1,36,0,3,1,-4.297238806138146,4.297238806138146,kak,anti_homophones
3536,1,6,0,6,3,-6.0395725000941916,6.0395725000941916,5tERpi,anti_homophones
3537,1,9,1,7,4,-4.961886121735824,4.961886121735824,@tij°m@,anti_homophones
3538,1,6,0,6,2,-5.073160617444065,5.073160617444065,kORt9R,anti_homophones
3539,1,0,0,8,3,-8.782634924131356,8.782634924131356,psismase,anti_homophones
3540,1,10,1,5,2,-4.116000252886044,4.116000252886044,lysj§,anti_homophones
3541,1,4,0,6,3,-6.587452265973529,6.587452265973529,fetite,anti_homophones
3542,1,0,0,6,2,-5.974481856994608,5.974481856994608,plifik,anti_homophones
3543,1,12,1,5,2,-4.295473031088773,4.295473031088773,fot9R,anti_homophones
3544,1,3,0,5,2,-4.9806052445746545,4.9806052445746545,ekRwa,anti_homophones
3545,1,0,0,8,4,-6.631727016951456,6.631727016951456,ReabijaZ,anti_homophones
3546,1,18,0,3,1,-6.5523063834367035,6.5523063834367035,Ryl,anti_homophones
3547,1,1,0,5,2,-5.6354924127990325,5.6354924127990325,ak§dR,anti_homophones
3548,1,0,0,13,6,-14.28454694684968,14.28454694684968,mORkijazik°te,anti_homophones
3549,1,0,0,7,3,-8.676458095134716,8.676458095134716,k§kin8e,anti_homophones
3550,1,0,0,10,5,-8.191051237803118,8.191051237803118,EstagOn°m@,anti_homophones
3551,1,3,1,6,2,-5.056106913969655,5.056106913969655,st@sj§,anti_homophones
3552,1,1,1,8,4,-5.470372076542256,5.470372076542256,Eskalite,anti_homophones
3553,1,6,0,5,3,-5.4081706755673675,5.4081706755673675,oRik5,anti_homophones
3554,1,5,1,6,2,-4.458367770613685,4.458367770613685,tRijaZ,anti_homophones
3555,1,7,1,6,3,-4.595421294077327,4.595421294077327,pasite,anti_homophones
3556,1,1,0,7,2,-7.20454085651527,7.20454085651527,bERmwaR,anti_homophones
3557,1,0,0,15,7,-13.010081997407267,13.010081997407267,tistiReneRalite,anti_homophones
3558,1,0,0,9,3,-7.021296379955942,7.021296379955942,diskolabl,anti_homophones
3559,1,3,0,7,3,-5.077504616279316,5.077504616279316,stalize,anti_homophones
3560,1,0,0,6,4,-6.73536231885656,6.73536231885656,epyse5,anti_homophones
3561,1,0,0,8,3,-6.9538676248441105,6.9538676248441105,at@sjabl,anti_homophones
3562,1,35,3,3,1,-3.8609393113699855,3.8609393113699855,bik,anti_homophones
3563,1,0,0,9,4,-6.982101435817151,6.982101435817151,n2RobylER,anti_homophones
3564,1,0,0,6,4,-5.400842855971003,5.400842855971003,aneite,anti_homophones
3565,1,4,0,7,3,-4.71479965423146,4.71479965423146,5tERnEl,anti_homophones
3566,1,1,0,6,3,-5.655219282888931,5.655219282888931,tetike,anti_homophones
3567,1,8,1,4,2,-5.070751434997148,5.070751434997148,kapy,anti_homophones
3568,1,4,1,7,3,-4.9633483288313185,4.9633483288313185,pRevite,anti_homophones
3569,1,0,0,6,3,-7.8965013355708535,7.8965013355708535,oletis,anti_homophones
3570,1,1,0,5,2,-6.646806862164594,6.646806862164594,@twid,anti_homophones
3571,1,1,0,6,3,-7.121000064739378,7.121000064739378,Run°Ri,anti_homophones
3572,1,2,1,5,3,-4.886750598978728,4.886750598978728,otod§,anti_homophones
3573,1,11,1,3,1,-4.684643521807956,4.684643521807956,5fR,anti_homophones
3574,1,0,0,5,2,-5.6074466586804,5.6074466586804,kj@te,anti_homophones
3575,1,3,1,7,4,-5.328954124047711,5.328954124047711,ekilize,anti_homophones
3576,1,13,1,5,2,-4.285116554377669,4.285116554377669,batif,anti_homophones
3577,1,5,0,4,2,-5.617391845029803,5.617391845029803,beN@,anti_homophones
3578,1,1,0,7,3,-6.116523324410844,6.116523324410844,@plifje,anti_homophones
3579,1,0,0,5,2,-6.108562695336044,6.108562695336044,matOp,anti_homophones
3580,1,0,0,6,3,-7.489056912745003,7.489056912745003,eglytE,anti_homophones
3581,1,0,0,7,3,-6.645771622550034,6.645771622550034,k§f§s9R,anti_homophones
3582,1,0,0,12,5,-9.756271597352457,9.756271597352457,m§gOlpORtil@,anti_homophones
3583,1,12,1,6,2,-4.354419245635389,4.354419245635389,kaRabl,anti_homophones
3584,1,5,0,5,2,-5.693507960239552,5.693507960239552,Rid@s,anti_homophones
3585,1,28,6,4,1,-3.308647246251661,3.308647246251661,dist,anti_homophones
3586,1,15,1,3,1,-4.471901861872491,4.471901861872491,gRy,anti_homophones
3587,1,0,0,10,4,-7.812968642864882,7.812968642864882,EkstRovoke,anti_homophones
3588,1,33,1,3,1,-4.105050801075011,4.105050801075011,Rin,anti_homophones
3589,1,0,0,10,5,-9.629697377340637,9.629697377340637,tRi§pak°m@,anti_homophones
3590,1,1,0,9,4,-5.592332404054065,5.592332404054065,pERtik°m@,anti_homophones
3591,1,6,0,4,2,-5.417728783302637,5.417728783302637,ubl§,anti_homophones
3592,1,4,0,5,2,-4.977753908970474,4.977753908970474,tyRal,anti_homophones
3593,1,1,0,6,3,-6.400268122754274,6.400268122754274,idRagE,anti_homophones
3594,1,2,0,5,2,-5.135670587004981,5.135670587004981,b§baR,anti_homophones
3595,1,0,0,8,3,-6.730851361200789,6.730851361200789,plasonaZ,anti_homophones
3596,1,4,0,5,2,-5.60311294809253,5.60311294809253,moniG,anti_homophones
3597,1,2,0,9,4,-6.249231520600486,6.249231520600486,pResidite,anti_homophones
3598,1,13,1,6,3,-4.543501337530933,4.543501337530933,fin°m@,anti_homophones
3599,1,0,0,10,5,-8.591103302643766,8.591103302643766,aN2linOZEn,anti_homophones
3600,1,1,1,5,2,-6.578942661053107,6.578942661053107,tin@t,anti_homophones
3601,1,23,2,5,2,-3.732193378337156,3.732193378337156,tasj§,anti_homophones
3602,1,0,0,13,5,-11.916438982502397,11.916438982502397,metaRmatyRbaZ,anti_homophones
3603,1,0,0,9,4,-8.755371343598847,8.755371343598847,kal@bwat@,anti_homophones
3604,1,1,0,8,3,-6.199977424649879,6.199977424649879,koRizabl,anti_homophones
3605,1,0,0,11,5,-11.14563488742056,11.14563488742056,gzekypanidi,anti_homophones
3606,1,4,0,4,2,-5.681067628180922,5.681067628180922,ERby,anti_homophones
3607,1,1,0,8,3,-5.8082375342350865,5.8082375342350865,baRbujaR,anti_homophones
3608,1,0,0,11,4,-8.65782974285384,8.65782974285384,vak8ibystik,anti_homophones
3609,1,0,0,16,6,-11.340388743795454,11.340388743795454,dezemstERnwaz°m@,anti_homophones
3610,1,6,0,5,2,-5.542113880758692,5.542113880758692,delOm,anti_homophones
3611,1,2,0,7,2,-7.48776351840354,7.48776351840354,fRwaRje,anti_homophones
3612,1,18,1,4,2,-4.533283094059988,4.533283094059988,@tiS,anti_homophones
3613,1,0,0,14,6,-13.833120813652581,13.833120813652581,EskopRefalistu,anti_homophones
3614,1,0,0,8,3,-8.69740421185404,8.69740421185404,kORpysEt,anti_homophones
3615,1,1,1,5,2,-4.869946005658647,4.869946005658647,R°kRE,anti_homophones
3616,1,0,0,11,5,-12.503107926771378,12.503107926771378,av9glatinas,anti_homophones
3617,1,12,0,4,2,-5.032397756042052,5.032397756042052,gode,anti_homophones
3618,1,4,0,5,2,-7.2474117213124325,7.2474117213124325,gamje,anti_homophones
3619,1,0,1,6,3,-5.6287657544432275,5.6287657544432275,RepyN@,anti_homophones
3620,1,0,0,9,4,-8.638484263657288,8.638484263657288,bidivERde,anti_homophones
3621,1,0,0,6,3,-6.967769891579588,6.967769891579588,odjOse,anti_homophones
3622,1,13,0,4,2,-4.710860904547639,4.710860904547639,sol@,anti_homophones
3623,1,0,0,11,5,-8.918656807818882,8.918656807818882,fERlipik°m@,anti_homophones
3624,1,0,0,7,3,-6.987356274106524,6.987356274106524,p@saSER,anti_homophones
3625,1,1,0,7,3,-5.460893433995341,5.460893433995341,syplite,anti_homophones
3626,1,2,0,5,2,-4.9082598058241445,4.9082598058241445,pet8e,anti_homophones
3627,1,1,0,6,2,-6.049438773050366,6.049438773050366,kRedj@,anti_homophones
3628,1,0,0,11,5,-11.829422838936296,11.829422838936296,RikodinolOg,anti_homophones
3629,1,0,0,10,4,-8.169022898109919,8.169022898109919,maZisjasj§,anti_homophones
3630,1,2,2,4,2,-5.16134676699624,5.16134676699624,etjo,anti_homophones
3631,1,0,0,10,4,-8.417969999256592,8.417969999256592,R°dREspiR@,anti_homophones
3632,1,0,0,11,4,-9.919607068744593,9.919607068744593,EgzamORdjat,anti_homophones
3633,1,0,0,12,6,-10.575745944907826,10.575745944907826,batylatOn°m@,anti_homophones
3634,1,0,0,9,5,-8.29125970454567,8.29125970454567,@buRisine,anti_homophones
3635,1,1,0,5,2,-7.488071450432134,7.488071450432134,gaR9s,anti_homophones
3636,1,12,2,4,1,-4.03990750081209,4.03990750081209,klOR,anti_homophones
3637,1,0,0,9,4,-9.966927488322767,9.966927488322767,epilosjas,anti_homophones
3638,1,0,0,8,2,-6.191576942323631,6.191576942323631,tRiptizm,anti_homophones
3639,1,22,1,3,1,-4.349186944469719,4.349186944469719,miz,anti_homophones
3640,1,0,0,11,5,-10.801890630959697,10.801890630959697,etatwazid@s,anti_homophones
3641,1,29,0,2,1,-4.568229398145802,4.568229398145802,va,anti_homophones
3642,1,8,0,4,2,-4.823360521084511,4.823360521084511,REj§,anti_homophones
3643,1,4,1,4,2,-4.823425728729865,4.823425728729865,@mEl,anti_homophones
3644,1,1,1,5,2,-4.688978262470549,4.688978262470549,foSaZ,anti_homophones
3645,1,0,0,8,3,-6.887547927876503,6.887547927876503,siklinik,anti_homophones
3646,1,0,0,8,3,-9.714199548894992,9.714199548894992,walysj9R,anti_homophones
3647,1,9,0,5,2,-4.729508471536039,4.729508471536039,disit,anti_homophones
3648,1,0,0,6,3,-7.432167506603499,7.432167506603499,iRanEs,anti_homophones
3649,1,0,0,8,3,-7.442734029978654,7.442734029978654,paRfuRne,anti_homophones
3650,1,0,0,11,4,-11.337222505452244,11.337222505452244,s@blepjeZak,anti_homophones
3651,1,1,0,7,3,-5.430151025268944,5.430151025268944,pyblijo,anti_homophones
3652,1,15,0,4,1,-4.856245062379464,4.856245062379464,gREl,anti_homophones
3653,1,33,4,3,1,-3.446181395191567,3.446181395191567,tiR,anti_homophones
3654,1,0,0,17,7,-13.974704436169713,13.974704436169713,dezapReR°pudRisj§,anti_homophones
3655,1,0,0,12,6,-10.225064632848534,10.225064632848534,Repigofonite,anti_homophones
3656,1,2,0,6,2,-5.351440532737362,5.351440532737362,pERfik,anti_homophones
3657,1,0,0,7,4,-7.31380581749925,7.31380581749925,aeRonOs,anti_homophones
3658,1,0,0,11,4,-8.23336321492959,8.23336321492959,R°fERmonizm,anti_homophones
3659,1,0,0,11,4,-10.74147898243902,10.74147898243902,kOtOtEstjaR,anti_homophones
3660,1,0,0,6,2,-7.745152690266795,7.745152690266795,menost,anti_homophones
3661,1,0,0,12,6,-8.445683677732696,8.445683677732696,5pekymylylER,anti_homophones
3662,1,4,1,5,2,-5.509390418565419,5.509390418565419,laist,anti_homophones
3663,1,0,0,6,2,-6.85303232353701,6.85303232353701,lwatva,anti_homophones
3664,1,18,1,3,1,-4.130801449611928,4.130801449611928,dam,anti_homophones
3665,1,0,0,13,5,-10.733602420115508,10.733602420115508,mytilitERmask,anti_homophones
3666,1,0,1,6,3,-5.470813240135539,5.470813240135539,evEj9R,anti_homophones
3667,1,0,0,10,4,-8.659315530531071,8.659315530531071,tRitifikal,anti_homophones
3668,1,22,1,2,1,-4.570609570183451,4.570609570183451,m§,anti_homophones
3669,1,6,0,6,2,-4.655536184344537,4.655536184344537,sEpt9R,anti_homophones
3670,1,4,0,5,2,-6.1962231233824285,6.1962231233824285,dem@d,anti_homophones
3671,1,0,0,7,3,-6.116455174156789,6.116455174156789,fyminER,anti_homophones
3672,1,8,1,4,2,-4.704542649178149,4.704542649178149,pufe,anti_homophones
3673,1,14,1,4,2,-4.409114917536054,4.409114917536054,R°l@,anti_homophones
3674,1,0,0,7,3,-7.783370275525198,7.783370275525198,s5pal@d,anti_homophones
3675,1,20,2,3,2,-4.232166654272756,4.232166654272756,aSa,anti_homophones
3676,1,0,0,14,5,-11.780029534366754,11.780029534366754,nist°REsp§sabl,anti_homophones
3677,1,0,0,9,4,-8.197721712200261,8.197721712200261,Egzot@tin,anti_homophones
3678,1,15,2,4,2,-4.103725704436127,4.103725704436127,syR5,anti_homophones
3679,1,13,1,3,1,-4.8404720876723495,4.8404720876723495,slo,anti_homophones
3680,1,0,0,16,6,-14.491251260434298,14.491251260434298,katiskRipasiljaR,anti_homophones
3681,1,0,0,9,3,-8.857710541815788,8.857710541815788,R°sORtast,anti_homophones
3682,1,6,0,5,3,-5.621358137626854,5.621358137626854,anoRe,anti_homophones
3683,1,2,0,5,2,-5.153278132691999,5.153278132691999,deplo,anti_homophones
3684,1,16,0,7,3,-4.642346389303784,4.642346389303784,delasj§,anti_homophones
3685,1,8,1,4,1,-5.333066453801333,5.333066453801333,blEz,anti_homophones
3686,1,0,0,8,4,-7.745273439322804,7.745273439322804,finiz@te,anti_homophones
3687,1,12,1,3,2,-4.703406848853002,4.703406848853002,pe§,anti_homophones
3688,1,35,0,2,1,-4.569851800164614,4.569851800164614,ER,anti_homophones
3689,1,25,1,2,1,-4.570619729100072,4.570619729100072,b@,anti_homophones
3690,1,12,1,6,3,-4.813228475252256,4.813228475252256,bEl°m@,anti_homophones
3691,1,0,0,8,3,-7.070096752446836,7.070096752446836,filastif,anti_homophones
3692,1,0,0,7,3,-5.917094607360461,5.917094607360461,deSofm@,anti_homophones
3693,1,4,0,9,4,-5.258280513773291,5.258280513773291,laRizasj§,anti_homophones
3694,1,0,0,9,4,-7.015003910528635,7.015003910528635,s°kREm°Ri,anti_homophones
3695,1,0,0,8,4,-7.3702601964275924,7.3702601964275924,v°lut°m@,anti_homophones
3696,1,0,0,12,4,-11.343032224078271,11.343032224078271,stRonosij@dR,anti_homophones
3697,1,4,0,8,3,-5.820796293981953,5.820796293981953,RekRasj§,anti_homophones
3698,1,0,0,6,3,-6.717750838663103,6.717750838663103,meabOn,anti_homophones
3699,1,13,1,3,1,-5.056291878088296,5.056291878088296,sty,anti_homophones
3700,1,0,0,6,2,-5.4567877657013515,5.4567877657013515,k8izEt,anti_homophones
3701,1,6,0,7,4,-5.236043800868461,5.236043800868461,@tim°m@,anti_homophones
3702,1,0,0,11,4,-12.32802549702585,12.32802549702585,baldEntRika,anti_homophones
3703,1,2,1,7,3,-4.810341747154917,4.810341747154917,selylER,anti_homophones
3704,1,2,0,5,2,-6.570412767838949,6.570412767838949,sERm5,anti_homophones
3705,1,0,0,7,3,-6.966483911434848,6.966483911434848,b5zodiz,anti_homophones
3706,1,0,0,8,3,-6.499541967892794,6.499541967892794,salmukEt,anti_homophones
3707,1,0,0,10,4,-7.770427784431215,7.770427784431215,dezakOskOp,anti_homophones
3708,1,0,0,8,4,-5.575515633241389,5.575515633241389,gazOn°m@,anti_homophones
3709,1,1,0,6,2,-6.143321674102252,6.143321674102252,mERZEt,anti_homophones
3710,1,12,1,3,1,-4.362716503122038,4.362716503122038,sOm,anti_homophones
3711,1,0,0,7,3,-6.246307652122241,6.246307652122241,sigyRal,anti_homophones
3712,1,3,0,5,2,-6.0549397506820055,6.0549397506820055,v°nim,anti_homophones
3713,1,0,0,7,4,-6.611746865533821,6.611746865533821,Re5v@t2,anti_homophones
3714,1,8,1,4,2,-4.427272945013088,4.427272945013088,lupe,anti_homophones
3715,1,2,0,8,4,-5.518238187900271,5.518238187900271,k§tis°m@,anti_homophones
3716,1,31,1,3,1,-4.340982021163539,4.340982021163539,mad,anti_homophones
3717,1,6,1,7,3,-5.14023146070766,5.14023146070766,gitasj§,anti_homophones
3718,1,0,0,7,4,-8.235534446888698,8.235534446888698,Re5s§de,anti_homophones
3719,1,0,0,9,4,-7.822824526484985,7.822824526484985,k§sidemEl,anti_homophones
3720,1,0,0,8,2,-5.668167100885421,5.668167100885421,diskRist,anti_homophones
3721,1,28,2,3,2,-4.207928485860335,4.207928485860335,ose,anti_homophones
3722,1,7,2,4,2,-4.937791300159468,4.937791300159468,f°Ri,anti_homophones
3723,1,0,0,9,4,-10.293775056453855,10.293775056453855,madusk°Ri,anti_homophones
3724,1,5,0,4,1,-5.3153587813185785,5.3153587813185785,tSEk,anti_homophones
3725,1,0,0,11,4,-9.066508420401206,9.066508420401206,biznEskadR@,anti_homophones
3726,1,4,0,5,2,-5.331588081234992,5.331588081234992,plySa,anti_homophones
3727,1,30,2,3,1,-4.113632831401669,4.113632831401669,maj,anti_homophones
3728,1,0,0,7,3,-5.885648731478467,5.885648731478467,toRj@te,anti_homophones
3729,1,0,0,7,3,-7.653095519505342,7.653095519505342,Re5tROf,anti_homophones
3730,1,0,0,14,7,-10.177710009247948,10.177710009247948,eZadisponEl°m@,anti_homophones
3731,1,0,0,11,5,-7.387598275870017,7.387598275870017,dekapoRasj§,anti_homophones
3732,1,0,0,7,3,-9.356363392498025,9.356363392498025,RafR§t@,anti_homophones
3733,1,22,1,5,2,-4.470258226152703,4.470258226152703,paRde,anti_homophones
3734,1,2,1,6,3,-4.689879514590116,4.689879514590116,k§fede,anti_homophones
3735,1,0,0,7,3,-8.8049698972536,8.8049698972536,p§sonit,anti_homophones
3736,1,0,0,11,5,-8.65721185298785,8.65721185298785,leZjatilite,anti_homophones
3737,1,0,0,7,3,-7.1718941642175436,7.1718941642175436,ZemediR,anti_homophones
3738,1,6,1,7,3,-5.148895020056542,5.148895020056542,fRis°m@,anti_homophones
3739,1,0,0,12,5,-11.593525082152238,11.593525082152238,5vaRjOlibdEn,anti_homophones
3740,1,5,1,6,3,-4.675752702156701,4.675752702156701,k§p@se,anti_homophones
3741,1,1,0,6,3,-7.1925701318172806,7.1925701318172806,ES°mit,anti_homophones
3742,1,0,0,8,4,-7.544188445333904,7.544188445333904,otOksike,anti_homophones
3743,1,29,2,3,1,-3.7379501261154595,3.7379501261154595,ble,anti_homophones
3744,1,8,0,4,2,-5.138753358137536,5.138753358137536,5sis,anti_homophones
3745,1,10,0,4,2,-4.541052506679116,4.541052506679116,@mER,anti_homophones
3746,1,0,0,16,6,-14.265063294883474,14.265063294883474,deklamsin89Rd°m@,anti_homophones
3747,1,0,0,10,4,-7.480951363220532,7.480951363220532,piktoRasj§,anti_homophones
3748,1,0,0,16,7,-11.922510542850675,11.922510542850675,R°pRemetRonoloZi,anti_homophones
3749,1,13,0,4,2,-4.432200947365794,4.432200947365794,mem@,anti_homophones
3750,1,2,0,5,2,-6.116716225153969,6.116716225153969,sizin,anti_homophones
3751,1,3,0,5,2,-4.710012225006359,4.710012225006359,R°gaR,anti_homophones
3752,1,0,0,8,3,-7.079894879399526,7.079894879399526,odjEnwaR,anti_homophones
3753,1,3,0,6,2,-4.890068141414724,4.890068141414724,kaRdiR,anti_homophones
3754,1,0,0,4,2,-6.254390660595173,6.254390660595173,Etmi,anti_homophones
3755,1,3,2,4,2,-4.886709351148172,4.886709351148172,adZo,anti_homophones
3756,1,0,0,7,3,-8.05689332864197,8.05689332864197,maROtR§,anti_homophones
3757,1,5,1,4,2,-5.228041665316721,5.228041665316721,RyS§,anti_homophones
3758,1,0,0,11,4,-9.480922997240926,9.480922997240926,paR@tERdizm,anti_homophones
3759,1,0,0,9,4,-8.277408540643252,8.277408540643252,5siblis9R,anti_homophones
3760,1,0,0,8,3,-7.080176905267496,7.080176905267496,k§plebR@,anti_homophones
3761,1,2,0,3,1,-4.8189504443141535,4.8189504443141535,g2z,anti_homophones
3762,1,0,0,11,4,-9.775382685473376,9.775382685473376,idjogRadjOd,anti_homophones
3763,1,0,0,8,4,-7.5605735475271105,7.5605735475271105,seboRite,anti_homophones
3764,1,0,0,6,2,-8.492398503718263,8.492398503718263,dekosn,anti_homophones
3765,1,16,1,3,1,-4.704765565704904,4.704765565704904,fEz,anti_homophones
3766,1,17,2,4,2,-4.409986163553216,4.409986163553216,pit@,anti_homophones
3767,1,5,0,5,3,-6.184151323924311,6.184151323924311,@buke,anti_homophones
3768,1,19,2,4,2,-3.883931102984734,3.883931102984734,k§te,anti_homophones
3769,1,6,0,7,3,-5.337155834191759,5.337155834191759,R°vasj§,anti_homophones
3770,1,0,0,8,4,-7.030982975779863,7.030982975779863,Re5stije,anti_homophones
3771,1,4,1,4,2,-4.771409068381866,4.771409068381866,eS@Z,anti_homophones
3772,1,1,0,6,3,-5.5183491266150435,5.5183491266150435,ZER°Ri,anti_homophones
3773,1,0,0,8,3,-6.916192368321775,6.916192368321775,despORt@,anti_homophones
3774,1,16,1,4,1,-4.80698644646036,4.80698644646036,gRal,anti_homophones
3775,1,0,0,13,6,-8.093459745414442,8.093459745414442,pERmal2R2z°m@,anti_homophones
3776,1,0,0,8,3,-7.567054263104322,7.567054263104322,vOltitif,anti_homophones
3777,1,0,0,10,3,-10.942662356121856,10.942662356121856,tRapsonjOR,anti_homophones
3778,1,0,0,13,6,-11.279307609515204,11.279307609515204,ekRiptomitolo,anti_homophones
3779,1,0,0,7,3,-8.544445824790968,8.544445824790968,badZEko,anti_homophones
3780,1,0,0,9,4,-11.956757757093726,11.956757757093726,iRifj@glu,anti_homophones
3781,1,0,0,8,4,-7.553727535334279,7.553727535334279,mydais9R,anti_homophones
3782,1,1,0,6,2,-7.37652092376302,7.37652092376302,giblik,anti_homophones
3783,1,0,0,15,6,-12.572964929603398,12.572964929603398,fRyksesij@gylje,anti_homophones
3784,1,0,0,7,3,-7.249687079318705,7.249687079318705,tRal°f5,anti_homophones
3785,1,0,0,7,2,-7.262026541600628,7.262026541600628,gRw5t9R,anti_homophones
3786,1,1,0,8,3,-5.545210074528755,5.545210074528755,kataksj§,anti_homophones
3787,1,1,0,10,5,-4.989987013620158,4.989987013620158,elEktiv°m@,anti_homophones
3788,1,1,0,7,3,-5.401496512608051,5.401496512608051,navat9R,anti_homophones
3789,1,1,0,9,3,-6.646615930212716,6.646615930212716,saRkizibl,anti_homophones
3790,1,2,0,6,3,-7.551814814390019,7.551814814390019,filos@,anti_homophones
3791,1,0,0,13,6,-12.908663286725055,12.908663286725055,lotelefOtoSaR,anti_homophones
3792,1,0,0,7,3,-7.228257333256392,7.228257333256392,nymaj9R,anti_homophones
3793,1,0,0,7,4,-5.334508753704217,5.334508753704217,niilite,anti_homophones
3794,1,25,2,3,1,-4.342238055509804,4.342238055509804,REk,anti_homophones
3795,1,0,0,10,5,-9.316226574788278,9.316226574788278,idRomeoplE,anti_homophones
3796,1,0,0,8,3,-5.488154268405102,5.488154268405102,kalsifje,anti_homophones
3797,1,4,0,7,3,-5.43115519782417,5.43115519782417,k§tRake,anti_homophones
3798,1,3,0,6,3,-6.003687924873739,6.003687924873739,Rydam@,anti_homophones
3799,1,13,2,4,1,-4.372697980886527,4.372697980886527,f@dR,anti_homophones
3800,1,0,0,5,2,-6.604964116058642,6.604964116058642,bytad,anti_homophones
3801,1,4,1,4,2,-5.121024523263371,5.121024523263371,puji,anti_homophones
3802,1,3,0,5,2,-6.136543743294472,6.136543743294472,plyve,anti_homophones
3803,1,1,0,6,3,-4.978484948914325,4.978484948914325,dekule,anti_homophones
3804,1,11,0,4,2,-5.295056512479652,5.295056512479652,Ruti,anti_homophones
3805,1,0,0,8,3,-6.703155069650262,6.703155069650262,sypytRik,anti_homophones
3806,1,2,0,5,2,-6.066448765038553,6.066448765038553,Rasti,anti_homophones
3807,1,3,0,6,2,-5.346487550326558,5.346487550326558,dERmik,anti_homophones
3808,1,0,0,10,4,-9.645008326001626,9.645008326001626,kREptElite,anti_homophones
3809,1,2,1,4,2,-5.069163391462373,5.069163391462373,byfE,anti_homophones
3810,1,4,1,7,4,-5.1450845370241325,5.1450845370241325,emoloZi,anti_homophones
3811,1,2,0,7,3,-6.023558297322437,6.023558297322437,Zemot9R,anti_homophones
3812,1,0,0,9,4,-8.51159718113132,8.51159718113132,yltimin8e,anti_homophones
3813,1,0,0,5,2,-6.650163335631894,6.650163335631894,pik9j,anti_homophones
3814,1,2,0,6,3,-6.585268063054205,6.585268063054205,debEta,anti_homophones
3815,1,8,1,6,3,-5.035247510993504,5.035247510993504,5tERpe,anti_homophones
3816,1,0,0,8,4,-7.340050252098221,7.340050252098221,5pRekyl@,anti_homophones
3817,1,30,2,3,1,-4.018289325319856,4.018289325319856,mOR,anti_homophones
3818,1,10,0,4,2,-4.986052091608135,4.986052091608135,amOR,anti_homophones
3819,1,18,1,3,1,-4.689775564373827,4.689775564373827,fiz,anti_homophones
3820,1,0,0,5,2,-6.67849918967959,6.67849918967959,flyky,anti_homophones
3821,1,0,0,6,3,-5.979736010809658,5.979736010809658,neonal,anti_homophones
3822,1,0,0,6,3,-6.39502952774214,6.39502952774214,azaRme,anti_homophones
3823,1,7,0,5,2,-5.167408614214983,5.167408614214983,topik,anti_homophones
3824,1,0,0,10,3,-10.469288111838203,10.469288111838203,spiswaRtEz,anti_homophones
3825,1,6,0,5,2,-4.8904300292784475,4.8904300292784475,balEn,anti_homophones
3826,1,0,0,8,4,-8.655707378806,8.655707378806,akRatiSe,anti_homophones
3827,1,26,0,3,1,-4.0837156224694136,4.0837156224694136,nEt,anti_homophones
3828,1,0,0,7,4,-6.747173133008884,6.747173133008884,epaRaZe,anti_homophones
3829,1,0,0,11,5,-7.576858423127467,7.576858423127467,fRijotik°m@,anti_homophones
3830,1,0,0,8,4,-8.749578427684467,8.749578427684467,idjoSimi,anti_homophones
3831,1,0,0,13,6,-10.210402913974148,10.210402913974148,RoteRitwaR°m@,anti_homophones
3832,1,0,0,9,3,-8.310906664356864,8.310906664356864,tamj@tibl,anti_homophones
3833,1,1,0,7,3,-5.717987485158121,5.717987485158121,m§golOg,anti_homophones
3834,1,0,0,10,4,-8.964595914955847,8.964595914955847,pn2mokRavE,anti_homophones
3835,1,4,0,7,3,-4.817465865930039,4.817465865930039,syblije,anti_homophones
3836,1,32,1,3,1,-3.841248235259024,3.841248235259024,kad,anti_homophones
3837,1,0,0,11,4,-11.270619493567699,11.270619493567699,RatiltREpaZ,anti_homophones
3838,1,0,0,10,4,-8.946542656880256,8.946542656880256,dosjal°taZ,anti_homophones
3839,1,0,0,7,2,-7.105371598856044,7.105371598856044,mORsjEs,anti_homophones
3840,1,0,0,13,5,-11.626332888950019,11.626332888950019,bRaniflOkat9R,anti_homophones
3841,1,0,0,7,3,-9.549647375072755,9.549647375072755,napez@t,anti_homophones
3842,1,1,0,6,3,-7.233650434855653,7.233650434855653,alogRe,anti_homophones
3843,1,0,0,10,4,-9.311580988757205,9.311580988757205,piREktRop@,anti_homophones
3844,1,0,0,6,3,-7.439073482521011,7.439073482521011,suSut2,anti_homophones
3845,1,9,0,4,2,-4.837519681815127,4.837519681815127,gum@,anti_homophones
3846,1,18,1,5,2,-4.53281778158727,4.53281778158727,paRad,anti_homophones
3847,1,22,1,3,2,-4.3383421971743115,4.3383421971743115,@pe,anti_homophones
3848,1,1,0,5,3,-6.138360110254568,6.138360110254568,ORlea,anti_homophones
3849,1,19,1,4,2,-4.839988185678287,4.839988185678287,avaR,anti_homophones
3850,1,21,0,4,2,-4.709396229217727,4.709396229217727,balo,anti_homophones
3851,1,0,0,11,4,-9.814107035595974,9.814107035595974,fySjalisjER,anti_homophones
3852,1,3,0,6,3,-5.498167172815943,5.498167172815943,figyRa,anti_homophones
3853,1,12,0,5,2,-4.880557295680558,4.880557295680558,taRit,anti_homophones
3854,1,0,0,15,7,-11.524281689471298,11.524281689471298,@tR°b§batinat9R,anti_homophones
3855,1,9,1,6,3,-4.694219071403476,4.694219071403476,ZaR°m@,anti_homophones
3856,1,0,0,12,6,-11.079584169546454,11.079584169546454,teopozitim§d,anti_homophones
3857,1,5,0,5,2,-4.820457396061885,4.820457396061885,syR9R,anti_homophones
3858,1,0,0,5,2,-6.639891053667427,6.639891053667427,Rupjo,anti_homophones
3859,1,9,1,7,3,-4.679732576442949,4.679732576442949,metasj§,anti_homophones
3860,1,0,0,7,3,-6.877002161778434,6.877002161778434,depaRaR,anti_homophones
3861,1,0,0,11,5,-8.998542335290395,8.998542335290395,yzyltyRetik,anti_homophones
3862,1,2,1,4,2,-4.967687771945172,4.967687771945172,oRj2,anti_homophones
3863,1,0,0,7,4,-7.101016840378547,7.101016840378547,alaboRe,anti_homophones
3864,1,9,2,7,3,-4.1730087414035415,4.1730087414035415,Rabl°m@,anti_homophones
3865,1,1,0,8,3,-7.9590552915984105,7.9590552915984105,R°Sastal,anti_homophones
3866,1,0,0,6,3,-7.390398669183773,7.390398669183773,olimin,anti_homophones
3867,1,1,0,5,2,-5.986341964977881,5.986341964977881,felip,anti_homophones
3868,1,0,0,7,3,-6.668851612148098,6.668851612148098,kRaSis@,anti_homophones
3869,1,3,0,4,1,-5.477419282352506,5.477419282352506,Sjan,anti_homophones
3870,1,15,0,4,2,-4.453519740241029,4.453519740241029,R°lo,anti_homophones
3871,1,5,0,4,2,-4.908206779308708,4.908206779308708,l@p5,anti_homophones
3872,1,3,1,4,2,-4.384162195097556,4.384162195097556,f°z@,anti_homophones
3873,1,9,0,3,1,-4.9421679957662645,4.9421679957662645,Z@d,anti_homophones
3874,1,0,0,11,4,-8.592965998346413,8.592965998346413,vEltasjonEt,anti_homophones
3875,1,2,0,7,3,-8.665750997359687,8.665750997359687,panit8e,anti_homophones
3876,1,5,0,3,1,-4.659926081216179,4.659926081216179,ulk,anti_homophones
3877,1,19,1,4,2,-4.1991840290430265,4.1991840290430265,s@te,anti_homophones
3878,1,25,3,5,2,-3.33772495323477,3.33772495323477,masj§,anti_homophones
3879,1,1,0,7,3,-8.182107111917379,8.182107111917379,SypylER,anti_homophones
3880,1,0,0,10,5,-9.326398837744687,9.326398837744687,g§familite,anti_homophones
3881,1,0,0,8,4,-8.735398243346715,8.735398243346715,sapodomi,anti_homophones
3882,1,5,0,5,2,-5.4714935079922045,5.4714935079922045,efEkt,anti_homophones
3883,1,0,0,9,3,-7.263076824598807,7.263076824598807,s@tR°pEtR,anti_homophones
3884,1,0,0,8,4,-8.933475744465149,8.933475744465149,piRitEta,anti_homophones
3885,1,0,0,13,6,-13.71720101387778,13.71720101387778,djetodis°m°l2,anti_homophones
3886,1,0,0,7,3,-6.937601030977476,6.937601030977476,kypeRje,anti_homophones
3887,1,4,0,5,3,-5.086611592579239,5.086611592579239,an§se,anti_homophones
3888,1,1,0,6,3,-6.654385894075416,6.654385894075416,5soniR,anti_homophones
3889,1,0,0,16,6,-14.537206896074581,14.537206896074581,pRijobaskaRsEpt@,anti_homophones
3890,1,1,0,7,3,-6.020474650441697,6.020474650441697,5fORmal,anti_homophones
3891,1,3,0,6,2,-5.0460758779199875,5.0460758779199875,Z§kt9R,anti_homophones
3892,1,4,0,6,2,-5.522519031760642,5.522519031760642,pERk9R,anti_homophones
3893,1,5,1,6,2,-4.716857946172944,4.716857946172944,pERs9R,anti_homophones
3894,1,3,1,6,3,-5.023875230726612,5.023875230726612,5pORte,anti_homophones
3895,1,0,0,6,2,-7.579007365933794,7.579007365933794,fanalt,anti_homophones
3896,1,0,0,5,2,-5.78393625744517,5.78393625744517,b°nwi,anti_homophones
3897,1,0,0,8,3,-8.486796574499696,8.486796574499696,muZatREt,anti_homophones
3898,1,2,0,5,2,-5.517188161082048,5.517188161082048,monys,anti_homophones
3899,1,18,1,3,1,-3.8224436637999486,3.8224436637999486,fje,anti_homophones
3900,1,7,0,6,3,-6.3840494068925295,6.3840494068925295,myZ°m@,anti_homophones
3901,1,0,0,7,3,-6.401353717099729,6.401353717099729,Egzalad,anti_homophones
3902,1,0,0,7,3,-7.212932079945661,7.212932079945661,m@gaRgo,anti_homophones
3903,1,5,0,5,2,-5.294901204863386,5.294901204863386,pRoZ@,anti_homophones
3904,1,1,1,5,2,-4.9963365424389625,4.9963365424389625,klu9R,anti_homophones
3905,1,0,0,11,4,-9.937011586981685,9.937011586981685,somastRavje,anti_homophones
3906,1,7,0,5,2,-5.253520484164538,5.253520484164538,mekal,anti_homophones
3907,1,0,0,8,4,-10.297627859440942,10.297627859440942,edRapat§,anti_homophones
3908,1,0,0,6,2,-6.504659051917267,6.504659051917267,RoklyR,anti_homophones
3909,1,0,0,6,2,-6.2201931086463365,6.2201931086463365,flytin,anti_homophones
3910,1,20,1,5,2,-3.9593760784593766,3.9593760784593766,nat9R,anti_homophones
3911,1,2,0,6,3,-5.769599405927567,5.769599405927567,Rusote,anti_homophones
3912,1,25,5,5,2,-3.4409564831739874,3.4409564831739874,kat9R,anti_homophones
3913,1,5,0,5,2,-5.514972196597856,5.514972196597856,RaRja,anti_homophones
3914,1,11,0,5,2,-4.816503130444823,4.816503130444823,fyt9R,anti_homophones
3915,1,5,1,5,2,-4.588271055625296,4.588271055625296,medj5,anti_homophones
3916,1,6,1,6,3,-4.6021775924181885,4.6021775924181885,k§tine,anti_homophones
3917,1,0,0,6,3,-6.4662060210286745,6.4662060210286745,5syRb5,anti_homophones
3918,1,2,0,4,2,-6.196120036273919,6.196120036273919,s2do,anti_homophones
3919,1,11,0,3,1,-6.178229778638258,6.178229778638258,xwa,anti_homophones
3920,1,0,0,12,5,-9.907517196432272,9.907517196432272,EksjOnitonaZ,anti_homophones
3921,1,10,0,6,2,-4.631693889560191,4.631693889560191,paRtiR,anti_homophones
3922,1,2,0,5,2,-5.8229821844237435,5.8229821844237435,pasta,anti_homophones
3923,1,12,0,4,1,-5.4187091750657075,5.4187091750657075,stip,anti_homophones
3924,1,2,0,6,2,-5.615180751332434,5.615180751332434,bRyman,anti_homophones
3925,1,0,0,8,3,-6.140384922655442,6.140384922655442,vylneRER,anti_homophones
3926,1,0,0,9,4,-6.933928696570022,6.933928696570022,dezamj@te,anti_homophones
3927,1,1,0,6,3,-7.4688555386064435,7.4688555386064435,ROb°lE,anti_homophones
3928,1,0,0,11,5,-9.762992305605936,9.762992305605936,kybitatyRal,anti_homophones
3929,1,2,0,6,3,-5.940726006369597,5.940726006369597,Rafiz@,anti_homophones
3930,1,0,0,14,6,-13.783745467947664,13.783745467947664,pesiRk§stiR°Ri,anti_homophones
3931,1,2,0,7,3,-5.107100426731669,5.107100426731669,mOlOZik,anti_homophones
3932,1,0,0,13,6,-10.722647398402717,10.722647398402717,elEktasin8aZe,anti_homophones
3933,1,5,0,5,2,-5.033524959233925,5.033524959233925,femik,anti_homophones
3934,1,34,3,3,1,-3.6835922198131787,3.6835922198131787,lik,anti_homophones
3935,1,0,0,12,5,-11.870076966146517,11.870076966146517,kRatilisipyl,anti_homophones
3936,1,0,0,8,4,-6.929069648558799,6.929069648558799,Egzosite,anti_homophones
3937,1,0,0,10,4,-9.205740401252577,9.205740401252577,njER°mElaZ,anti_homophones
3938,1,0,0,13,5,-10.298936153398582,10.298936153398582,spanylt8El°m@,anti_homophones
3939,1,0,0,9,4,-6.228947924885679,6.228947924885679,5sOmn@byl,anti_homophones
3940,1,5,1,4,2,-5.350243860903372,5.350243860903372,buso,anti_homophones
3941,1,1,0,8,4,-6.797367089587264,6.797367089587264,dekaSone,anti_homophones
3942,1,0,0,6,2,-6.084542694232854,6.084542694232854,kylasm,anti_homophones
3943,1,0,0,8,4,-7.501042030820552,7.501042030820552,komotin@,anti_homophones
3944,1,0,0,9,3,-9.869216794976532,9.869216794976532,dRastElEt,anti_homophones
3945,1,2,0,6,3,-6.1952560570728155,6.1952560570728155,akatik,anti_homophones
3946,1,11,1,5,2,-4.598956380905313,4.598956380905313,anabl,anti_homophones
3947,1,0,0,12,5,-10.162996028690593,10.162996028690593,fuZEstRoloZi,anti_homophones
3948,1,0,0,7,4,-8.520898326995992,8.520898326995992,inalot2,anti_homophones
3949,1,3,0,4,2,-6.402245559319649,6.402245559319649,zikE,anti_homophones
3950,1,0,0,16,6,-13.587152970045137,13.587152970045137,R°nadaptistin8El,anti_homophones
3951,1,0,0,11,5,-10.425808720767549,10.425808720767549,S°vaRapitER,anti_homophones
3952,1,1,0,7,3,-6.722811193553859,6.722811193553859,R°baske,anti_homophones
3953,1,2,0,6,2,-5.7378914175781,5.7378914175781,opRizm,anti_homophones
3954,1,0,0,13,6,-10.608921208136323,10.608921208136323,R2depERkyl°m@,anti_homophones
3955,1,1,0,7,2,-5.075426071153721,5.075426071153721,fR@Sist,anti_homophones
3956,1,0,0,6,3,-7.307120351695174,7.307120351695174,epRevy,anti_homophones
3957,1,0,0,14,6,-11.968972516934505,11.968972516934505,buRleavikyltik,anti_homophones
3958,1,2,1,4,1,-4.450580991467776,4.450580991467776,tjEm,anti_homophones
3959,1,24,1,3,1,-4.257741592537784,4.257741592537784,muR,anti_homophones
3960,1,0,0,8,3,-6.213383437258822,6.213383437258822,k§kyRabl,anti_homophones
3961,1,6,0,4,2,-4.6823686472828046,4.6823686472828046,d°v@,anti_homophones
3962,1,0,0,8,3,-7.986811501208527,7.986811501208527,pROgly@s,anti_homophones
3963,1,6,0,6,2,-4.9964879318040145,4.9964879318040145,peRizm,anti_homophones
3964,1,0,0,11,4,-11.901623210161754,11.901623210161754,pREs9nbaRdi,anti_homophones
3965,1,0,0,13,5,-16.276004480972464,16.276004480972464,vadiskaRt8aZ2,anti_homophones
3966,1,3,0,5,2,-5.551150614691375,5.551150614691375,fanje,anti_homophones
3967,1,0,0,8,3,-8.579494523220422,8.579494523220422,tRuvRoze,anti_homophones
3968,1,3,0,7,3,-5.470655754508063,5.470655754508063,kaloZik,anti_homophones
3969,1,0,0,7,4,-7.643851587197898,7.643851587197898,emylas5,anti_homophones
3970,1,0,0,9,4,-9.33487867029456,9.33487867029456,momylat9R,anti_homophones
3971,1,1,0,12,5,-6.550761063487321,6.550761063487321,sovjalizasj§,anti_homophones
3972,1,5,2,3,1,-4.658500673866982,4.658500673866982,Zyb,anti_homophones
3973,1,18,0,3,2,-4.6657134353952605,4.6657134353952605,ido,anti_homophones
3974,1,0,0,9,4,-8.560941044651084,8.560941044651084,Zeosk°lyS,anti_homophones
3975,1,34,1,3,2,-4.19687081122585,4.19687081122585,ele,anti_homophones
3976,1,0,0,13,6,-15.041178151044708,15.041178151044708,betolat°RadiS,anti_homophones
3977,1,0,0,10,4,-7.863289536488781,7.863289536488781,madERmisj5,anti_homophones
3978,1,4,1,5,2,-5.07805412615959,5.07805412615959,R°p@t,anti_homophones
3979,1,21,4,3,1,-3.8899692554405387,3.8899692554405387,sOl,anti_homophones
3980,1,0,0,11,5,-11.429477816021906,11.429477816021906,dokabRikane,anti_homophones
3981,1,7,1,3,2,-4.918512014141728,4.918512014141728,ova,anti_homophones
3982,1,0,0,11,5,-12.234621768444121,12.234621768444121,piRetofilj5,anti_homophones
3983,1,4,0,4,2,-4.921216653356302,4.921216653356302,tyl@,anti_homophones
3984,1,1,0,7,3,-7.8443071667781705,7.8443071667781705,bomist@,anti_homophones
3985,1,0,0,9,4,-7.68042320757118,7.68042320757118,@timyt8ER,anti_homophones
3986,1,3,1,8,3,-5.184219838249971,5.184219838249971,pERkasj§,anti_homophones
3987,1,8,1,4,2,-4.192608444930995,4.192608444930995,k§so,anti_homophones
3988,1,4,0,6,2,-5.801478780045929,5.801478780045929,SiswaR,anti_homophones
3989,1,1,0,8,3,-5.90310399984746,5.90310399984746,degORZ9R,anti_homophones
3990,1,20,2,4,2,-4.473778811281372,4.473778811281372,pipe,anti_homophones
3991,1,0,0,10,4,-8.249509127428333,8.249509127428333,afR@kaRabl,anti_homophones
3992,1,9,1,7,3,-5.217832368266635,5.217832368266635,kwaz°m@,anti_homophones
3993,1,0,0,9,4,-12.46556771676085,12.46556771676085,pynid@Rum,anti_homophones
3994,1,1,0,9,4,-5.504250280844543,5.504250280844543,vERtik°m@,anti_homophones
3995,1,0,0,8,3,-7.968982837360288,7.968982837360288,k§tRaguz,anti_homophones
3996,1,47,4,3,2,-3.4542299401422873,3.4542299401422873,ase,anti_homophones
3997,1,0,0,12,5,-10.140053497963219,10.140053497963219,feden§sj@sj§,anti_homophones
3998,1,2,0,6,2,-5.624719354960962,5.624719354960962,pREv9R,anti_homophones
3999,1,0,0,9,4,-10.344081916176464,10.344081916176464,fibRoS2te,anti_homophones
4000,1,0,0,11,5,-6.832873607825321,6.832873607825321,m2n8it2z°m@,anti_homophones
4001,1,0,0,8,4,-6.664999094005055,6.664999094005055,tetin°Ri,anti_homophones
4002,1,0,0,8,4,-8.284989065331704,8.284989065331704,gam@tEz§,anti_homophones
4003,1,8,0,5,2,-4.952548935046779,4.952548935046779,galEt,anti_homophones
4004,1,0,0,14,6,-10.1163133833558,10.1163133833558,deg2laRZiRasj§,anti_homophones
4005,1,0,0,9,3,-7.183778799580166,7.183778799580166,kRakomEtR,anti_homophones
4006,1,0,0,9,4,-8.328693221850964,8.328693221850964,devjetin@,anti_homophones
4007,1,7,1,7,4,-4.831014805618397,4.831014805618397,5pozite,anti_homophones
4008,1,2,0,4,2,-5.9778930049591965,5.9778930049591965,@byt,anti_homophones
4009,1,0,0,5,2,-5.570739903811944,5.570739903811944,zozOt,anti_homophones
4010,1,1,0,5,2,-5.822670529948644,5.822670529948644,RityR,anti_homophones
4011,1,9,0,4,2,-6.2169356115079,6.2169356115079,paNi,anti_homophones
4012,1,3,0,5,2,-5.7642796525003694,5.7642796525003694,aRdij,anti_homophones
4013,1,0,0,10,4,-9.262830527491733,9.262830527491733,RegRafR2d@,anti_homophones
4014,1,13,1,6,2,-4.6253275312766355,4.6253275312766355,vaksj§,anti_homophones
4015,1,0,0,12,5,-11.01325182605986,11.01325182605986,l@bikOksid@s,anti_homophones
4016,1,0,0,9,4,-8.101933809124585,8.101933809124585,5tEResizm,anti_homophones
4017,1,8,0,6,3,-5.073044653731079,5.073044653731079,vaZ°m@,anti_homophones
4018,1,0,0,10,4,-9.608246812993594,9.608246812993594,ResyRpReRo,anti_homophones
4019,1,1,0,6,3,-7.01561469724469,7.01561469724469,apatit,anti_homophones
4020,1,0,0,7,3,-10.328034265138056,10.328034265138056,kyR°bER,anti_homophones
4021,1,7,2,7,3,-4.444830262367135,4.444830262367135,moloZik,anti_homophones
4022,1,0,0,10,5,-8.637286738983697,8.637286738983697,kok5kizite,anti_homophones
4023,1,3,0,5,2,-5.5011619611148745,5.5011619611148745,gR5pe,anti_homophones
4024,1,0,0,10,4,-8.111135968538314,8.111135968538314,ps2dobyz9R,anti_homophones
4025,1,10,1,4,2,-4.528723814928749,4.528723814928749,k§t5,anti_homophones
4026,1,0,0,10,4,-7.93599048096558,7.93599048096558,kRedifeRj5,anti_homophones
4027,1,6,1,6,3,-4.8736263271785685,4.8736263271785685,t5t°m@,anti_homophones
4028,1,19,2,3,1,-4.378549004525505,4.378549004525505,niS,anti_homophones
4029,1,9,0,4,1,-4.743981345089267,4.743981345089267,bisk,anti_homophones
4030,1,3,0,5,2,-5.696673851959322,5.696673851959322,Rapin,anti_homophones
4031,1,0,0,11,5,-12.583654991892423,12.583654991892423,kynikOlEREl,anti_homophones
4032,1,0,0,13,5,-14.420662013914402,14.420662013914402,pREsabilaflan,anti_homophones
4033,1,7,0,5,2,-4.600725863057769,4.600725863057769,s8ite,anti_homophones
4034,1,3,0,5,2,-4.996892187120047,4.996892187120047,t@pEt,anti_homophones
4035,1,0,0,6,3,-5.934973408809564,5.934973408809564,inos@s,anti_homophones
4036,1,17,2,4,2,-4.133028591911147,4.133028591911147,kano,anti_homophones
4037,1,0,0,9,4,-9.056142279978491,9.056142279978491,mez5sEkt@,anti_homophones
4038,1,0,0,7,2,-7.208850966455253,7.208850966455253,postjOm,anti_homophones
4039,1,0,0,16,7,-15.257992239973648,15.257992239973648,spiRim@tatoRal9R,anti_homophones
4040,1,11,0,4,2,-4.783176353828955,4.783176353828955,b@d§,anti_homophones
4041,1,0,0,8,3,-7.177380996313585,7.177380996313585,apR@tjEm,anti_homophones
4042,1,35,2,3,1,-4.056489216473914,4.056489216473914,kas,anti_homophones
4043,1,1,0,6,3,-7.546627987865153,7.546627987865153,edenj5,anti_homophones
4044,1,0,0,9,4,-10.256388981971348,10.256388981971348,zenaRakEt,anti_homophones
4045,1,8,2,4,2,-4.407877175974505,4.407877175974505,fas§,anti_homophones
4046,1,0,0,15,6,-13.350982091613856,13.350982091613856,plaskyltivitafi,anti_homophones
4047,1,0,0,11,5,-7.9026491972112485,7.9026491972112485,kap@tuRn°m@,anti_homophones
4048,1,0,0,10,5,-10.352077603151006,10.352077603151006,t@Z@demeSe,anti_homophones
4049,1,0,0,12,5,-9.66225521447412,9.66225521447412,glabEtabl°m@,anti_homophones
4050,1,5,0,6,2,-7.266845769368657,7.266845769368657,pRifje,anti_homophones
4051,1,0,0,12,5,-6.9590008922914945,6.9590008922914945,pRezisjOn°m@,anti_homophones
4052,1,1,0,7,3,-6.233963644508008,6.233963644508008,mOnasj§,anti_homophones
4053,1,4,0,5,3,-6.0697594679991775,6.0697594679991775,imina,anti_homophones
4054,1,1,0,5,2,-5.124614420187485,5.124614420187485,v@daR,anti_homophones
4055,1,19,1,3,1,-4.470757504893312,4.470757504893312,guR,anti_homophones
4056,1,5,0,5,2,-5.0498795746591885,5.0498795746591885,k@pEt,anti_homophones
4057,1,0,0,9,4,-8.639670385680974,8.639670385680974,gRibidite,anti_homophones
4058,1,0,0,8,3,-7.330950485115096,7.330950485115096,s8ijonaZ,anti_homophones
4059,1,17,4,4,2,-3.8498206948051896,3.8498206948051896,Zene,anti_homophones
4060,1,0,0,5,2,-7.813602790573949,7.813602790573949,@pluk,anti_homophones
4061,1,0,0,8,3,-6.474887444849878,6.474887444849878,k§spiRit,anti_homophones
4062,1,0,0,9,4,-9.515441100905406,9.515441100905406,idnapokOk,anti_homophones
4063,1,21,1,4,2,-4.454013604853625,4.454013604853625,sije,anti_homophones
4064,1,2,0,8,3,-6.015158917832041,6.015158917832041,sygZEst§,anti_homophones
4065,1,0,0,9,4,-8.18010217455213,8.18010217455213,tREnEs°m@,anti_homophones
4066,1,8,2,5,2,-4.577297354450621,4.577297354450621,fisj5,anti_homophones
4067,1,0,0,9,4,-9.288084695281578,9.288084695281578,olibERmik,anti_homophones
4068,1,0,0,8,3,-7.447227563214751,7.447227563214751,R°sOsjal,anti_homophones
4069,1,0,0,10,5,-10.862677021864924,10.862677021864924,5tikofilaZ,anti_homophones
4070,1,0,0,15,7,-15.272890292143932,15.272890292143932,EstyRjet5Z@t°Ri,anti_homophones
4071,1,0,0,17,7,-16.97139552996571,16.97139552996571,inEkstR°blijomEj2,anti_homophones
4072,1,8,1,3,1,-4.701001141801684,4.701001141801684,fwE,anti_homophones
4073,1,2,0,6,3,-5.8429218489485715,5.8429218489485715,petane,anti_homophones
4074,1,23,1,4,1,-4.690469262610434,4.690469262610434,gRik,anti_homophones
4075,1,16,2,4,2,-4.389818027239908,4.389818027239908,pana,anti_homophones
4076,1,1,0,8,4,-5.667853081553549,5.667853081553549,gudEn°m@,anti_homophones
4077,1,11,1,3,2,-4.549036339256551,4.549036339256551,@S@,anti_homophones
4078,1,0,0,13,7,-8.555482436250594,8.555482436250594,5telepativ°m@,anti_homophones
4079,1,0,1,6,3,-5.337676856440397,5.337676856440397,d@Reje,anti_homophones
4080,1,0,0,7,3,-5.660799875531835,5.660799875531835,dev°lyR,anti_homophones
4081,1,0,0,6,2,-5.32363022232443,5.32363022232443,akt8El,anti_homophones
4082,1,4,2,4,2,-3.9260801872828925,3.9260801872828925,nyme,anti_homophones
4083,1,0,0,13,5,-9.186225051051123,9.186225051051123,pyRganiminist,anti_homophones
4084,1,9,1,4,2,-4.295418344045579,4.295418344045579,fyme,anti_homophones
4085,1,0,0,7,3,-7.222863585896619,7.222863585896619,sykyRas,anti_homophones
4086,1,1,0,6,3,-5.897353174380411,5.897353174380411,n5feRe,anti_homophones
4087,1,2,0,5,2,-5.909906358137603,5.909906358137603,asfig,anti_homophones
4088,1,0,0,14,6,-11.966448746406524,11.966448746406524,efEktoRikRat9R,anti_homophones
4089,1,0,0,8,3,-6.9323262955890925,6.9323262955890925,makResj§,anti_homophones
4090,1,5,1,5,2,-4.728998672135741,4.728998672135741,gutje,anti_homophones
4091,1,0,0,7,3,-8.324303589290103,8.324303589290103,kasetEs,anti_homophones
4092,1,0,0,7,3,-7.357437783224945,7.357437783224945,t@potEz,anti_homophones
4093,1,0,0,8,3,-6.363737306099611,6.363737306099611,k§pet@dR,anti_homophones
4094,1,10,1,4,2,-4.9684916723283115,4.9684916723283115,azif,anti_homophones
4095,1,0,0,13,5,-13.144042390303381,13.144042390303381,pREstERmaRado,anti_homophones
4096,1,2,0,5,3,-6.593611312785299,6.593611312785299,@gRee,anti_homophones
4097,1,0,0,13,6,-10.46845970755245,10.46845970755245,oblabRaj9R°m@,anti_homophones
4098,1,8,1,5,3,-4.199566912331397,4.199566912331397,Em°m@,anti_homophones
4099,1,0,0,8,3,-7.970882002995223,7.970882002995223,linovizm,anti_homophones
4100,1,0,0,7,3,-7.739288160548236,7.739288160548236,m§goizm,anti_homophones
4101,1,1,0,6,2,-6.28877693850818,6.28877693850818,5stRaj,anti_homophones
4102,1,0,0,16,6,-13.509757624180514,13.509757624180514,pREspjanoRadinal,anti_homophones
4103,1,12,0,3,1,-4.940326591050749,4.940326591050749,@fR,anti_homophones
4104,1,0,0,9,5,-6.982292048233052,6.982292048233052,idRiaj°Ri,anti_homophones
4105,1,0,0,7,3,-6.3278261236715645,6.3278261236715645,mERvite,anti_homophones
4106,1,6,0,5,2,-4.576960962562631,4.576960962562631,pRot5,anti_homophones
4107,1,1,0,6,3,-7.247258377456212,7.247258377456212,imig§d,anti_homophones
4108,1,0,0,10,5,-9.259434795133734,9.259434795133734,k§ZedikaZu,anti_homophones
4109,1,0,0,8,3,-6.264023349480427,6.264023349480427,paRteRj5,anti_homophones
4110,1,7,1,6,3,-5.3564516615799,5.3564516615799,suk°m@,anti_homophones
4111,1,0,0,9,4,-7.5797852933324465,7.5797852933324465,R°dek§fOR,anti_homophones
4112,1,31,2,3,1,-4.0915083803696035,4.0915083803696035,pis,anti_homophones
4113,1,0,0,7,3,-7.356039338892829,7.356039338892829,ORfisin,anti_homophones
4114,1,2,0,5,3,-5.41662803035212,5.41662803035212,abaSe,anti_homophones
4115,1,0,0,15,7,-10.59174150509556,10.59174150509556,tybeOlOZistoRje,anti_homophones
4116,1,1,0,8,3,-7.865112287363051,7.865112287363051,R°vORtif,anti_homophones
4117,1,0,0,9,4,-8.880310925793367,8.880310925793367,boROm@tER,anti_homophones
4118,1,0,0,7,3,-8.784330266554031,8.784330266554031,vidik@s,anti_homophones
4119,1,2,0,5,2,-5.012052079860452,5.012052079860452,sosj@,anti_homophones
4120,1,16,1,2,1,-4.598164372867587,4.598164372867587,t2,anti_homophones
4121,1,0,0,9,4,-9.209944208237891,9.209944208237891,biEbdoRja,anti_homophones
4122,1,0,0,9,4,-6.823735179623641,6.823735179623641,R2bOb°lEt,anti_homophones
4123,1,0,0,11,4,-7.584106054036767,7.584106054036767,sypsjonisj§,anti_homophones
4124,1,1,0,9,4,-8.108463077039639,8.108463077039639,meRik°tje,anti_homophones
4125,1,2,1,5,2,-5.095213193069852,5.095213193069852,k§kys,anti_homophones
4126,1,1,0,6,3,-5.84770450025506,5.84770450025506,emativ,anti_homophones
4127,1,0,0,4,2,-5.014466308351409,5.014466308351409,ZeOd,anti_homophones
4128,1,0,0,10,3,-9.521986191648878,9.521986191648878,siRsyltyRn,anti_homophones
4129,1,1,0,6,2,-6.099939615901505,6.099939615901505,bRasin,anti_homophones
4130,1,11,1,4,2,-4.757257370102517,4.757257370102517,bife,anti_homophones
4131,1,0,0,9,4,-9.34498497176516,9.34498497176516,tagOdabl2,anti_homophones
4132,1,10,0,5,2,-4.803585169634426,4.803585169634426,kazaR,anti_homophones
4133,1,2,0,5,2,-5.348211340514809,5.348211340514809,p5SaZ,anti_homophones
4134,1,0,0,14,6,-16.054119199999363,16.054119199999363,disl@divOditEs,anti_homophones
4135,1,2,0,6,3,-6.340570487049431,6.340570487049431,kaRij@,anti_homophones
4136,1,0,0,7,4,-7.438350462180048,7.438350462180048,abaRaze,anti_homophones
4137,1,0,0,10,5,-9.278663639821438,9.278663639821438,steoRiNot@,anti_homophones
4138,1,5,0,2,1,-5.21244020517442,5.21244020517442,2Z,anti_homophones
4139,1,7,2,4,2,-4.829510285990133,4.829510285990133,biz§,anti_homophones
4140,1,0,0,8,4,-7.278372859615512,7.278372859615512,aRkaj°Ri,anti_homophones
4141,1,0,0,8,4,-7.822191180034002,7.822191180034002,n2Ronol@,anti_homophones
4142,1,0,0,7,3,-6.273917862514108,6.273917862514108,akRisaZ,anti_homophones
4143,1,0,0,14,6,-10.07023054496951,10.07023054496951,malimatoloZist,anti_homophones
4144,1,0,0,6,3,-5.67420592848202,5.67420592848202,seZuRe,anti_homophones
4145,1,1,0,6,3,-5.233212958164709,5.233212958164709,piZot2,anti_homophones
4146,1,6,1,3,1,-4.6494325169350255,4.6494325169350255,t§g,anti_homophones
4147,1,17,3,5,2,-3.885342296741071,3.885342296741071,detER,anti_homophones
4148,1,0,0,14,6,-11.09328715241476,11.09328715241476,pip°RotEknokEt,anti_homophones
4149,1,3,0,5,2,-5.406182747814208,5.406182747814208,kuRt@,anti_homophones
4150,1,0,0,6,3,-6.211802261312964,6.211802261312964,eklute,anti_homophones
4151,1,2,1,8,3,-5.109855016951092,5.109855016951092,k§tRat9R,anti_homophones
4152,1,0,0,8,3,-8.860510065549077,8.860510065549077,vEstokEn,anti_homophones
4153,1,4,0,5,2,-6.172795058036519,6.172795058036519,atREn,anti_homophones
4154,1,1,0,6,2,-5.911670092431804,5.911670092431804,sk@diz,anti_homophones
4155,1,0,0,10,4,-8.510566882795208,8.510566882795208,detan9vjER,anti_homophones
4156,1,3,0,5,1,-6.0964554990390365,6.0964554990390365,kwaks,anti_homophones
4157,1,0,0,18,7,-19.168984331561717,19.168984331561717,lamERtygystRavEtaZ,anti_homophones
4158,1,0,0,11,5,-8.855058746004204,8.855058746004204,sakRonotaZe,anti_homophones
4159,1,2,0,6,3,-7.593569184563657,7.593569184563657,j@buRe,anti_homophones
4160,1,30,1,3,1,-4.811008215477553,4.811008215477553,Ris,anti_homophones
4161,1,0,0,7,3,-7.4032206733441095,7.4032206733441095,lisitje,anti_homophones
4162,1,0,0,12,6,-11.454949775002296,11.454949775002296,Rajotominomi,anti_homophones
4163,1,3,0,6,2,-6.129252782743028,6.129252782743028,pRozER,anti_homophones
4164,1,6,0,4,2,-6.497267748938232,6.497267748938232,vaSo,anti_homophones
4165,1,10,0,3,1,-4.241225399175392,4.241225399175392,luf,anti_homophones
4166,1,1,0,7,3,-7.3359372380807635,7.3359372380807635,REks@d@,anti_homophones
4167,1,0,0,6,3,-7.022907027973902,7.022907027973902,RuZ°R§,anti_homophones
4168,1,0,0,8,4,-6.830748364592901,6.830748364592901,otom@d9R,anti_homophones
4169,1,0,0,7,3,-6.895911935132701,6.895911935132701,aRsonad,anti_homophones
4170,1,0,0,7,3,-9.184108828281737,9.184108828281737,avadRap,anti_homophones
4171,1,12,2,7,3,-4.165452260641742,4.165452260641742,lizasj§,anti_homophones
4172,1,1,0,6,3,-6.387279501104075,6.387279501104075,5sOl@s,anti_homophones
4173,1,7,0,4,1,-4.988746415385891,4.988746415385891,plEd,anti_homophones
4174,1,0,0,7,3,-8.765948844159796,8.765948844159796,mjabet5,anti_homophones
4175,1,0,0,9,3,-8.209450058109015,8.209450058109015,sElveRizm,anti_homophones
4176,1,0,0,7,3,-5.474559221894989,5.474559221894989,f9j°taZ,anti_homophones
4177,1,15,1,4,2,-3.9916137048951144,3.9916137048951144,enER,anti_homophones
4178,1,10,1,3,1,-4.343184013241464,4.343184013241464,EtR,anti_homophones
4179,1,0,0,9,4,-9.969097830152563,9.969097830152563,lokOm@d9R,anti_homophones
4180,1,3,0,6,2,-5.409962644332832,5.409962644332832,bEstj§,anti_homophones
4181,1,4,0,5,2,-5.069582124384288,5.069582124384288,dalje,anti_homophones
4182,1,0,0,13,6,-10.247417605160738,10.247417605160738,5kRoSimetat9R,anti_homophones
4183,1,15,1,4,2,-4.720619618378366,4.720619618378366,kaj§,anti_homophones
4184,1,14,1,2,1,-4.599622403193017,4.599622403193017,zu,anti_homophones
4185,1,3,0,5,3,-6.590399733149378,6.590399733149378,@din@,anti_homophones
4186,1,10,0,4,2,-5.759364937465479,5.759364937465479,R°f§,anti_homophones
4187,1,0,0,10,4,-11.356379853228379,11.356379853228379,medibRazja,anti_homophones
4188,1,1,0,7,4,-6.274821362292104,6.274821362292104,epilize,anti_homophones
4189,1,0,0,8,3,-6.838866622654285,6.838866622654285,f§dyktiv,anti_homophones
4190,1,0,0,9,4,-10.764412303101551,10.764412303101551,pl§boREm@,anti_homophones
4191,1,0,0,10,5,-8.547163380377764,8.547163380377764,kutymEn°t§,anti_homophones
4192,1,10,1,3,1,-4.29361598772638,4.29361598772638,lj2,anti_homophones
4193,1,0,0,7,4,-7.758189166762557,7.758189166762557,5tERaky,anti_homophones
4194,1,0,0,8,3,-7.6200761128311285,7.6200761128311285,k§kaskEt,anti_homophones
4195,1,0,0,9,4,-11.03010975468117,11.03010975468117,RipOtOplo,anti_homophones
4196,1,19,0,3,1,-4.918084505848588,4.918084505848588,wER,anti_homophones
4197,1,20,2,3,2,-4.2872158219708,4.2872158219708,ini,anti_homophones
4198,1,0,0,9,4,-8.710606337376907,8.710606337376907,velasonER,anti_homophones
4199,1,0,0,8,3,-9.05517884681206,9.05517884681206,S@kReSEl,anti_homophones
4200,1,0,0,9,3,-7.385830692057299,7.385830692057299,speRikt9R,anti_homophones
4201,1,0,0,8,4,-7.502168434213363,7.502168434213363,5petRiko,anti_homophones
4202,1,8,0,6,3,-5.434303072520954,5.434303072520954,kalise,anti_homophones
4203,1,5,0,5,2,-5.630760280525899,5.630760280525899,Rimik,anti_homophones
4204,1,4,1,5,2,-4.405767629229056,4.405767629229056,syREl,anti_homophones
4205,1,0,0,11,5,-11.232312821164069,11.232312821164069,t@taksofiz@,anti_homophones
4206,1,0,0,7,3,-6.844229735108606,6.844229735108606,deglane,anti_homophones
4207,1,0,0,9,4,-8.093523480946066,8.093523480946066,paRavasje,anti_homophones
4208,1,0,0,8,4,-8.378175909780559,8.378175909780559,fason@se,anti_homophones
4209,1,6,0,4,2,-5.288146337533862,5.288146337533862,5kal,anti_homophones
4210,1,6,0,8,4,-5.696682661657656,5.696682661657656,Sabilite,anti_homophones
4211,1,8,1,3,1,-4.720215331014716,4.720215331014716,k9f,anti_homophones
4212,1,27,1,4,2,-4.134773014872861,4.134773014872861,buRe,anti_homophones
4213,1,0,0,9,5,-10.103424070159358,10.103424070159358,@balagani,anti_homophones
4214,1,0,0,9,3,-6.736616146429288,6.736616146429288,pERvjasj§,anti_homophones
4215,1,0,0,12,6,-12.036037711218016,12.036037711218016,eRonitEREs@s,anti_homophones
4216,1,6,0,5,1,-5.652690077404343,5.652690077404343,pERtR,anti_homophones
4217,1,0,0,9,4,-6.024049120105843,6.024049120105843,kRipOn°m@,anti_homophones
4218,1,0,0,8,4,-9.050705592178431,9.050705592178431,m°nat@dy,anti_homophones
4219,1,8,2,6,3,-4.177266436899406,4.177266436899406,disite,anti_homophones
4220,1,2,0,5,2,-5.447973087538179,5.447973087538179,k§vil,anti_homophones
4221,1,1,0,7,2,-5.375758821456347,5.375758821456347,syblist,anti_homophones
4222,1,0,0,9,3,-8.500568451092418,8.500568451092418,sp§Zilist,anti_homophones
4223,1,0,0,7,4,-7.930426962679205,7.930426962679205,ug@d°Ri,anti_homophones
4224,1,0,0,12,5,-12.007222607755827,12.007222607755827,imidifistREt,anti_homophones
4225,1,1,0,6,3,-6.615151993473844,6.615151993473844,meZis@,anti_homophones
4226,1,0,0,9,5,-7.267691037979617,7.267691037979617,depaneite,anti_homophones
4227,1,0,0,6,3,-6.250851482239627,6.250851482239627,@sORb@,anti_homophones
4228,1,0,0,11,5,-9.490526002263381,9.490526002263381,es8ifenisj§,anti_homophones
4229,1,0,0,7,4,-6.651053645239435,6.651053645239435,epizole,anti_homophones
4230,1,0,0,9,4,-8.79020549836698,8.79020549836698,Rezitinal,anti_homophones
4231,1,6,0,5,2,-5.57441734518397,5.57441734518397,aktER,anti_homophones
4232,1,0,0,9,4,-9.88406130654466,9.88406130654466,R2kaltize,anti_homophones
4233,1,1,0,7,4,-5.1955825742523265,5.1955825742523265,@nEZ°m@,anti_homophones
4234,1,1,0,5,2,-5.008125810274436,5.008125810274436,R°nEz,anti_homophones
4235,1,17,2,3,2,-3.9865485961507545,3.9865485961507545,ime,anti_homophones
4236,1,6,0,7,3,-4.860189222591523,4.860189222591523,edyksj§,anti_homophones
4237,1,2,0,6,2,-6.250522578356383,6.250522578356383,kORdid,anti_homophones
4238,1,12,0,4,2,-4.76024210420564,4.76024210420564,l@se,anti_homophones
4239,1,1,0,6,2,-6.435651737466826,6.435651737466826,gaRnak,anti_homophones
4240,1,1,0,5,2,-5.8644590399609715,5.8644590399609715,RotOS,anti_homophones
4241,1,7,0,5,2,-5.329387573648256,5.329387573648256,panj5,anti_homophones
4242,1,0,0,10,4,-7.542528972057379,7.542528972057379,fleSiRysif,anti_homophones
4243,1,0,0,6,2,-4.726766213668711,4.726766213668711,sybmER,anti_homophones
4244,1,2,0,3,1,-6.375864071440784,6.375864071440784,Oll,anti_homophones
4245,1,0,0,6,2,-6.265907270907773,6.265907270907773,syRsw5,anti_homophones
4246,1,30,1,5,2,-3.832802780086307,3.832802780086307,Rat9R,anti_homophones
4247,1,7,0,4,2,-5.241977258343327,5.241977258343327,Sopi,anti_homophones
4248,1,0,0,9,3,-7.498746437294651,7.498746437294651,pRimonjOm,anti_homophones
4249,1,0,0,8,3,-6.428924754629789,6.428924754629789,OktoRabl,anti_homophones
4250,1,0,0,13,5,-6.6970351245582656,6.6970351245582656,Eksplwaj2z°m@,anti_homophones
4251,1,6,0,3,1,-6.932505356039728,6.932505356039728,d8a,anti_homophones
4252,1,0,0,14,5,-11.580570882669456,11.580570882669456,s5kRObR°destik,anti_homophones
4253,1,0,1,5,3,-5.931776089913793,5.931776089913793,teOdO,anti_homophones
4254,1,1,0,7,3,-6.814147647339627,6.814147647339627,otokROn,anti_homophones
4255,1,11,1,4,2,-4.606129545104394,4.606129545104394,@ble,anti_homophones
4256,1,1,0,5,2,-5.288456490582823,5.288456490582823,sutEz,anti_homophones
4257,1,2,0,5,2,-6.237993941888416,6.237993941888416,RekOm,anti_homophones
4258,1,0,0,8,3,-6.862498196611319,6.862498196611319,maRZol9R,anti_homophones
4259,1,0,0,13,5,-15.188073141893987,15.188073141893987,gojEstRapalyv,anti_homophones
4260,1,5,1,4,2,-4.612849301310875,4.612849301310875,Sama,anti_homophones
4261,1,14,1,4,1,-4.554770366183273,4.554770366183273,gREs,anti_homophones
4262,1,30,3,3,1,-3.7282315380106463,3.7282315380106463,atR,anti_homophones
4263,1,0,0,9,3,-10.17812969302069,10.17812969302069,stOksilim,anti_homophones
4264,1,4,0,6,2,-5.7194914674852715,5.7194914674852715,gRap9R,anti_homophones
4265,1,8,0,6,2,-5.4438791782538996,5.4438791782538996,paRakt,anti_homophones
4266,1,0,0,9,3,-8.150755112406443,8.150755112406443,paRkalsEn,anti_homophones
4267,1,0,0,14,6,-14.983301437905496,14.983301437905496,figmatiRustata,anti_homophones
4268,1,1,0,6,2,-6.452856442466822,6.452856442466822,naRdiz,anti_homophones
4269,1,6,1,4,2,-4.982532197001512,4.982532197001512,biSy,anti_homophones
4270,1,2,0,5,2,-5.372132745905808,5.372132745905808,Oktif,anti_homophones
4271,1,1,0,8,3,-6.263089895625514,6.263089895625514,minaksj§,anti_homophones
4272,1,2,0,7,3,-5.569032078040931,5.569032078040931,k§tinal,anti_homophones
4273,1,1,0,7,3,-5.831595746737667,5.831595746737667,balis9R,anti_homophones
4274,1,0,0,10,5,-7.81068128678256,7.81068128678256,kopatalize,anti_homophones
4275,1,50,0,2,1,-4.567556147941755,4.567556147941755,Ra,anti_homophones
4276,1,8,0,5,3,-4.98165402462466,4.98165402462466,akije,anti_homophones
4277,1,0,0,9,4,-5.0353364851413325,5.0353364851413325,k§Zygasj§,anti_homophones
4278,1,0,0,9,4,-9.675510479489853,9.675510479489853,p@dRisiko,anti_homophones
4279,1,0,0,11,6,-8.947477075855785,8.947477075855785,asyRReabite,anti_homophones
4280,1,0,0,12,6,-12.569068130415468,12.569068130415468,egRegalEn°le,anti_homophones
4281,1,0,0,7,3,-7.430493922591778,7.430493922591778,skoped@,anti_homophones
4282,1,15,1,5,1,-4.362024665618161,4.362024665618161,pRizm,anti_homophones
4283,1,6,0,6,2,-5.319344486876017,5.319344486876017,astabl,anti_homophones
4284,1,1,0,7,3,-5.541897740973435,5.541897740973435,dezagRe,anti_homophones
4285,1,1,1,8,4,-5.412612182578811,5.412612182578811,metalize,anti_homophones
4286,1,0,0,6,3,-7.555853695724063,7.555853695724063,eRataj,anti_homophones
4287,1,3,0,6,3,-6.291690395713526,6.291690395713526,kanide,anti_homophones
4288,1,0,0,12,6,-11.806649867789215,11.806649867789215,asomeopatR2z,anti_homophones
4289,1,2,0,7,2,-6.675907714613626,6.675907714613626,kRatjEm,anti_homophones
4290,1,3,0,6,3,-5.183106441063012,5.183106441063012,ep8iz@,anti_homophones
4291,1,0,0,10,5,-6.65184544886652,6.65184544886652,maEstik°m@,anti_homophones
4292,1,7,0,4,1,-4.903050601889074,4.903050601889074,Rubl,anti_homophones
4293,1,28,2,3,1,-4.117733219384978,4.117733219384978,baz,anti_homophones
4294,1,0,0,5,2,-6.750037474228303,6.750037474228303,R°tSE,anti_homophones
4295,1,0,0,7,3,-6.025179298860949,6.025179298860949,kyRsone,anti_homophones
4296,1,2,0,5,3,-6.431151595699904,6.431151595699904,epaZe,anti_homophones
4297,1,3,0,6,2,-5.589476563136242,5.589476563136242,kRuj9R,anti_homophones
4298,1,1,0,6,4,-5.664549108804438,5.664549108804438,aeRode,anti_homophones
4299,1,5,1,5,2,-4.744173211347733,4.744173211347733,R°fER,anti_homophones
4300,1,0,0,7,3,-6.809020901442768,6.809020901442768,maRisEl,anti_homophones
4301,1,6,0,5,2,-4.768469140993641,4.768469140993641,kORno,anti_homophones
4302,1,2,0,6,2,-5.825161384228389,5.825161384228389,bisizm,anti_homophones
4303,1,0,0,8,3,-8.030520955704473,8.030520955704473,R§petRin,anti_homophones
4304,1,0,0,11,4,-8.985406028965988,8.985406028965988,pROtOnjonEl,anti_homophones
4305,1,0,0,11,5,-7.781239133008835,7.781239133008835,dematomat9R,anti_homophones
4306,1,0,0,7,3,-6.626688089621088,6.626688089621088,papaRak,anti_homophones
4307,1,11,1,5,2,-4.613338862752659,4.613338862752659,maRge,anti_homophones
4308,1,6,0,4,2,-5.298501868215434,5.298501868215434,@pw5,anti_homophones
4309,1,0,0,7,4,-7.502381654984067,7.502381654984067,@lymid@,anti_homophones
4310,1,0,0,7,3,-8.298209362675927,8.298209362675927,peZovja,anti_homophones
4311,1,0,0,8,4,-8.575509093896914,8.575509093896914,@glob@d§,anti_homophones
4312,1,2,0,7,4,-5.397998379810145,5.397998379810145,Zydaiz@,anti_homophones
4313,1,8,1,5,3,-5.0798151634319355,5.0798151634319355,osije,anti_homophones
4314,1,3,0,5,2,-6.16599553241598,6.16599553241598,k§vOl,anti_homophones
4315,1,7,0,4,1,-4.718283382669886,4.718283382669886,vaks,anti_homophones
4316,1,0,0,17,7,-13.962846725807214,13.962846725807214,pRe@pRiminEstysj§,anti_homophones
4317,1,0,0,11,5,-7.611931981673253,7.611931981673253,Sal@sjEl°m@,anti_homophones
4318,1,3,1,3,1,-4.569744584832692,4.569744584832692,ylt,anti_homophones
4319,1,1,0,7,3,-6.529949620187066,6.529949620187066,Zeniste,anti_homophones
4320,1,4,0,4,1,-4.159048780746497,4.159048780746497,pudR,anti_homophones
4321,1,0,0,7,3,-7.2368925707886795,7.2368925707886795,eRyzj9R,anti_homophones
4322,1,2,0,5,2,-5.627737421562239,5.627737421562239,s@tRo,anti_homophones
4323,1,0,0,8,4,-8.39526557113593,8.39526557113593,defoniRi,anti_homophones
4324,1,1,0,4,2,-5.967556545748824,5.967556545748824,EmaR,anti_homophones
4325,1,1,0,6,2,-5.871024936310116,5.871024936310116,voRizm,anti_homophones
4326,1,1,0,6,2,-5.903753343530278,5.903753343530278,sefabl,anti_homophones
4327,1,2,1,6,2,-5.825868391713991,5.825868391713991,faksEl,anti_homophones
4328,1,0,0,11,5,-8.127443948454838,8.127443948454838,EgzenofEs9R,anti_homophones
4329,1,6,0,5,2,-4.678167675413398,4.678167675413398,speRe,anti_homophones
4330,1,16,2,4,1,-3.603648060496963,3.603648060496963,sibl,anti_homophones
4331,1,0,0,6,2,-6.52010701762994,6.52010701762994,puRval,anti_homophones
4332,1,0,0,7,3,-6.45059838109985,6.45059838109985,avizwaR,anti_homophones
4333,1,3,0,4,1,-4.494102010703951,4.494102010703951,djys,anti_homophones
4334,1,2,1,6,2,-5.434715255555875,5.434715255555875,sERnal,anti_homophones
4335,1,0,0,16,7,-16.178508593924917,16.178508593924917,desEloRegRosteRi,anti_homophones
4336,1,0,0,11,5,-7.149132131098965,7.149132131098965,m§tanizasj§,anti_homophones
4337,1,7,0,2,1,-4.598793761944071,4.598793761944071,yp,anti_homophones
4338,1,0,0,8,4,-9.266723286793171,9.266723286793171,ZeolemiR,anti_homophones
4339,1,46,4,3,1,-3.3990293367459747,3.3990293367459747,baR,anti_homophones
4340,1,2,1,6,2,-5.548447288164267,5.548447288164267,d°vabl,anti_homophones
4341,1,19,3,3,1,-4.061077286657607,4.061077286657607,fly,anti_homophones
4342,1,0,0,10,4,-8.762328217361759,8.762328217361759,lisipaRtaZ,anti_homophones
4343,1,2,0,6,2,-4.5555555626373305,4.5555555626373305,pRofil,anti_homophones
4344,1,0,0,14,5,-12.886322178889841,12.886322178889841,djagnORgatyRbe,anti_homophones
4345,1,0,0,6,3,-6.465150096357805,6.465150096357805,@bylat,anti_homophones
4346,1,3,1,6,2,-5.0105686177013204,5.0105686177013204,kaptaZ,anti_homophones
4347,1,7,0,6,2,-4.86168805464499,4.86168805464499,Zenist,anti_homophones
4348,1,0,0,6,3,-5.641676808832463,5.641676808832463,k§kype,anti_homophones
4349,1,5,0,4,2,-5.254451979293194,5.254451979293194,tema,anti_homophones
4350,1,1,0,6,2,-6.0525290307632655,6.0525290307632655,EstREn,anti_homophones
4351,1,32,1,3,1,-4.004573593435596,4.004573593435596,ple,anti_homophones
4352,1,0,0,8,4,-8.486209457453272,8.486209457453272,piRepigo,anti_homophones
4353,1,0,0,15,6,-10.088685111966134,10.088685111966134,seks8adekwat°Ri,anti_homophones
4354,1,10,0,3,1,-4.714078468411824,4.714078468411824,d§g,anti_homophones
4355,1,17,1,4,2,-4.804077008499827,4.804077008499827,baze,anti_homophones
4356,1,0,0,6,2,-6.056074629843546,6.056074629843546,bik8it,anti_homophones
4357,1,0,0,6,3,-6.632511610946414,6.632511610946414,REv°n5,anti_homophones
4358,1,13,1,5,2,-4.5489582435680065,4.5489582435680065,kodaZ,anti_homophones
4359,1,5,0,5,1,-6.325840611492599,6.325840611492599,skRal,anti_homophones
4360,1,16,1,5,3,-4.16491589731129,4.16491589731129,alize,anti_homophones
4361,1,0,0,14,6,-14.021036514294005,14.021036514294005,b8@d°RivaRjete,anti_homophones
4362,1,0,0,8,4,-6.94853983262917,6.94853983262917,aeRod8it,anti_homophones
4363,1,2,0,7,3,-5.491620980282984,5.491620980282984,5pyls9R,anti_homophones
4364,1,17,2,4,1,-4.203108352067666,4.203108352067666,dizm,anti_homophones
4365,1,1,0,7,3,-7.065548707437228,7.065548707437228,5dyls9R,anti_homophones
4366,1,9,1,5,2,-4.504260583795795,4.504260583795795,sutje,anti_homophones
4367,1,14,0,5,2,-4.501271718904527,4.501271718904527,vERne,anti_homophones
4368,1,14,1,4,1,-4.198834372084572,4.198834372084572,gRiR,anti_homophones
4369,1,0,0,16,7,-12.483811869165534,12.483811869165534,@baREktRofEsjonE,anti_homophones
4370,1,0,0,18,7,-16.229218554484678,16.229218554484678,bjoelEktObRosistaz,anti_homophones
4371,1,14,2,5,3,-4.410215886977899,4.410215886977899,anize,anti_homophones
4372,1,7,0,6,3,-5.110581359462008,5.110581359462008,panize,anti_homophones
4373,1,0,0,8,4,-6.831067500472273,6.831067500472273,balitize,anti_homophones
4374,1,1,0,10,4,-7.332158609753011,7.332158609753011,nORmidasj§,anti_homophones
4375,1,4,0,7,2,-5.156726304513706,5.156726304513706,flEksj§,anti_homophones
4376,1,0,0,9,4,-9.305021696532725,9.305021696532725,oR§pRediR,anti_homophones
4377,1,0,0,6,2,-6.019160323391796,6.019160323391796,9ndEjl,anti_homophones
4378,1,0,0,9,5,-6.580871726232082,6.580871726232082,epilER°m@,anti_homophones
4379,1,1,1,7,3,-4.588069129703116,4.588069129703116,dezap9R,anti_homophones
4380,1,0,0,6,3,-7.656158096698177,7.656158096698177,piZ@te,anti_homophones
4381,1,1,0,7,3,-6.532692732868083,6.532692732868083,magosj§,anti_homophones
4382,1,0,0,7,3,-7.095221995776069,7.095221995776069,5pReZ@s,anti_homophones
4383,1,0,0,8,3,-10.18159242456197,10.18159242456197,filwaj2z,anti_homophones
4384,1,0,1,8,3,-6.825454450358814,6.825454450358814,bRysk°m@,anti_homophones
4385,1,14,0,3,1,-4.637701015242636,4.637701015242636,Ruk,anti_homophones
4386,1,16,2,4,2,-4.554646081663507,4.554646081663507,inas,anti_homophones
4387,1,0,0,6,3,-6.816109573117472,6.816109573117472,Rig@ti,anti_homophones
4388,1,8,1,4,2,-5.115577068013343,5.115577068013343,bRuE,anti_homophones
4389,1,30,2,3,1,-3.980637048304769,3.980637048304769,dis,anti_homophones
4390,1,9,0,4,2,-4.915849942287522,4.915849942287522,g9le,anti_homophones
4391,1,1,1,9,4,-4.9256961185413255,4.9256961185413255,EksjOn°m@,anti_homophones
4392,1,0,0,14,7,-13.35214320574312,13.35214320574312,id2kosometablo,anti_homophones
4393,1,0,0,10,4,-9.1572202321003,9.1572202321003,s8isosilje,anti_homophones
4394,1,0,0,11,5,-11.718802342740958,11.718802342740958,kalkylodim@,anti_homophones
4395,1,2,0,5,2,-5.862837106532556,5.862837106532556,konad,anti_homophones
4396,1,0,0,7,3,-5.668758822772158,5.668758822772158,glus°Ri,anti_homophones
4397,1,0,0,9,3,-7.793327498396632,7.793327498396632,bRytiltRe,anti_homophones
4398,1,40,2,3,1,-4.128583880319856,4.128583880319856,Rat,anti_homophones
4399,1,32,1,3,1,-4.47139883807692,4.47139883807692,Zin,anti_homophones
4400,1,0,0,10,5,-9.672745244021005,9.672745244021005,asEtRalite,anti_homophones
4401,1,15,1,4,2,-5.236888803554905,5.236888803554905,n@te,anti_homophones
4402,1,14,0,5,2,-5.995171856656923,5.995171856656923,vRite,anti_homophones
4403,1,1,0,8,4,-5.653330780886073,5.653330780886073,peRalize,anti_homophones
4404,1,0,0,10,4,-7.964409850743005,7.964409850743005,kEstRavite,anti_homophones
4405,1,0,0,10,4,-9.562071001171828,9.562071001171828,diswailism,anti_homophones
4406,1,0,0,9,4,-9.91521610117272,9.91521610117272,senonjone,anti_homophones
4407,1,32,3,3,1,-3.9329561394995554,3.9329561394995554,liR,anti_homophones
4408,1,1,0,7,2,-6.147166115243733,6.147166115243733,Raktizm,anti_homophones
4409,1,3,0,5,2,-5.779781560381108,5.779781560381108,kROne,anti_homophones
4410,1,13,3,5,2,-3.9226026584383815,3.9226026584383815,mot9R,anti_homophones
4411,1,0,0,6,2,-7.246896498204265,7.246896498204265,tRilam,anti_homophones
4412,1,19,4,4,2,-3.5452885012943773,3.5452885012943773,@tif,anti_homophones
4413,1,0,0,8,4,-6.002015020271163,6.002015020271163,Optilite,anti_homophones
4414,1,0,0,17,7,-12.761153352861507,12.761153352861507,devolystRalizajbi,anti_homophones
4415,1,0,1,5,2,-4.888838903892901,4.888838903892901,b2zON,anti_homophones
4416,1,1,0,7,3,-6.179826292687436,6.179826292687436,@g§sj@s,anti_homophones
4417,1,0,0,12,5,-13.52238012041833,13.52238012041833,kapavR@spoli,anti_homophones
4418,1,0,0,11,5,-13.289744327700667,13.289744327700667,mORavyRt°m@,anti_homophones
4419,1,3,1,5,2,-5.150937511594855,5.150937511594855,k§kOR,anti_homophones
4420,1,0,0,8,3,-9.477376665005167,9.477376665005167,R°ZtORde,anti_homophones
4421,1,13,3,4,1,-3.9945586699367137,3.9945586699367137,tjER,anti_homophones
4422,1,4,0,7,3,-5.5820968371289785,5.5820968371289785,5tERn9R,anti_homophones
4423,1,0,0,14,6,-10.400501665907825,10.400501665907825,syRv°linizasje,anti_homophones
4424,1,5,0,5,2,-5.246896842782322,5.246896842782322,domin,anti_homophones
4425,1,0,0,11,5,-11.082647251152661,11.082647251152661,padOpsikoti,anti_homophones
4426,1,4,1,6,2,-5.12175504495509,5.12175504495509,gRijER,anti_homophones
4427,1,0,0,9,4,-7.796497610408099,7.796497610408099,eRostat9R,anti_homophones
4428,1,0,0,8,3,-6.719387101315092,6.719387101315092,deklERj5,anti_homophones
4429,1,0,0,8,4,-7.290492629611083,7.290492629611083,@Zelitik,anti_homophones
4430,1,1,0,9,4,-7.217640180675927,7.217640180675927,emasjonEl,anti_homophones
4431,1,2,0,5,2,-5.004690599074833,5.004690599074833,kloS§,anti_homophones
4432,1,3,0,6,2,-5.03382022702991,5.03382022702991,@glist,anti_homophones
4433,1,4,1,5,2,-4.41728855895039,4.41728855895039,R°duj,anti_homophones
4434,1,9,0,5,2,-5.049362419358165,5.049362419358165,senje,anti_homophones
4435,1,0,1,6,2,-5.595216813900387,5.595216813900387,Z§ktif,anti_homophones
4436,1,1,0,8,3,-5.588635646787478,5.588635646787478,bobilizm,anti_homophones
4437,1,1,0,7,3,-6.514859778547008,6.514859778547008,dekabEl,anti_homophones
4438,1,13,2,5,2,-4.6769095408773715,4.6769095408773715,minik,anti_homophones
4439,1,0,0,16,7,-14.699602242579012,14.699602242579012,dekonisjetetisyR,anti_homophones
4440,1,0,0,7,3,-8.2257048093299,8.2257048093299,syRv°ga,anti_homophones
4441,1,1,0,5,3,-5.4820892741801,5.4820892741801,keSua,anti_homophones
4442,1,3,1,6,3,-4.998344853537325,4.998344853537325,otoRj5,anti_homophones
4443,1,7,0,4,1,-5.107572611807457,5.107572611807457,fROk,anti_homophones
4444,1,0,1,7,2,-5.0606768557453,5.0606768557453,sypstik,anti_homophones
4445,1,9,2,5,2,-4.571538389653992,4.571538389653992,senaZ,anti_homophones
4446,1,0,0,11,4,-11.030813654607607,11.030813654607607,masaksesjam,anti_homophones
4447,1,0,0,8,2,-8.492740948522837,8.492740948522837,bRijaRkl,anti_homophones
4448,1,1,0,6,3,-5.076108339534121,5.076108339534121,kan°te,anti_homophones
4449,1,0,0,7,3,-6.693502538350283,6.693502538350283,R°taRit,anti_homophones
4450,1,9,0,4,2,-4.7550702226463475,4.7550702226463475,buSi,anti_homophones
4451,1,0,0,6,2,-6.780008459938903,6.780008459938903,fR§tj5,anti_homophones
4452,1,0,0,9,4,-8.885876866971463,8.885876866971463,fabRad°Ri,anti_homophones
4453,1,2,0,7,2,-4.94653575336514,4.94653575336514,tRipt9R,anti_homophones
4454,1,1,0,6,2,-5.80832429408306,5.80832429408306,k§vivR,anti_homophones
4455,1,0,0,10,4,-7.16987826870044,7.16987826870044,tetRogRafi,anti_homophones
4456,1,3,1,6,3,-6.159436761327051,6.159436761327051,Rekym2,anti_homophones
4457,1,10,0,4,2,-4.402868753962062,4.402868753962062,muly,anti_homophones
4458,1,10,0,7,3,-5.544105025964053,5.544105025964053,tREs°m@,anti_homophones
4459,1,15,1,5,3,-4.355699473844733,4.355699473844733,avite,anti_homophones
4460,1,24,1,3,2,-3.7438263954034663,3.7438263954034663,at@,anti_homophones
4461,1,20,1,4,2,-4.190539625317729,4.190539625317729,kame,anti_homophones
4462,1,0,0,11,6,-6.484056957859739,6.484056957859739,abilitiv°m@,anti_homophones
4463,1,15,0,4,2,-5.0415140664028035,5.0415140664028035,eRit,anti_homophones
4464,1,0,0,11,4,-8.584461228236309,8.584461228236309,pReliZinabl,anti_homophones
4465,1,1,0,7,2,-6.153070124498957,6.153070124498957,st5kt9R,anti_homophones
4466,1,0,0,8,3,-7.386012785455885,7.386012785455885,gREswaje,anti_homophones
4467,1,0,0,10,4,-8.605521053825216,8.605521053825216,b2zofildj5,anti_homophones
4468,1,2,0,6,2,-5.63438501701423,5.63438501701423,baRbij,anti_homophones
4469,1,0,0,6,2,-6.355803378702638,6.355803378702638,defERt,anti_homophones
4470,1,31,0,4,2,-4.397955061067886,4.397955061067886,kase,anti_homophones
4471,1,10,1,6,3,-5.10079540511214,5.10079540511214,v@t°m@,anti_homophones
4472,1,0,0,9,4,-10.301287848331025,10.301287848331025,sibistiva,anti_homophones
4473,1,0,0,11,5,-8.760234382381908,8.760234382381908,abdivitasje,anti_homophones
4474,1,4,1,5,2,-4.904583194988432,4.904583194988432,alpEt,anti_homophones
4475,1,1,0,5,2,-5.935091743955079,5.935091743955079,mEls§,anti_homophones
4476,1,0,0,7,3,-6.336549585034647,6.336549585034647,papasaZ,anti_homophones
4477,1,4,1,5,2,-4.739958816700259,4.739958816700259,@tRaZ,anti_homophones
4478,1,25,3,3,1,-3.739947529740655,3.739947529740655,aks,anti_homophones
4479,1,9,0,5,2,-5.1708765324407,5.1708765324407,avist,anti_homophones
4480,1,3,0,5,2,-4.798279034840139,4.798279034840139,mesaZ,anti_homophones
4481,1,0,0,8,3,-7.164102863434841,7.164102863434841,kataktil,anti_homophones
4482,1,0,0,6,3,-6.369262416381604,6.369262416381604,m@t°ny,anti_homophones
4483,1,4,1,5,2,-4.65918495745218,4.65918495745218,volys,anti_homophones
4484,1,1,0,7,3,-6.104725771736897,6.104725771736897,blOt°Ri,anti_homophones
4485,1,0,0,8,3,-7.8999529924244545,7.8999529924244545,R5sERvas,anti_homophones
4486,1,14,1,6,2,-4.1394005535937595,4.1394005535937595,kRat9R,anti_homophones
4487,1,0,0,11,4,-12.806183599522535,12.806183599522535,StaRtElymin,anti_homophones
4488,1,2,0,5,2,-5.032833010896836,5.032833010896836,tR§Se,anti_homophones
4489,1,0,0,10,5,-9.178472950394859,9.178472950394859,av9glenit2,anti_homophones
4490,1,11,1,4,2,-4.319350869554207,4.319350869554207,inEl,anti_homophones
4491,1,1,0,8,4,-6.697324303838181,6.697324303838181,pOlisite,anti_homophones
4492,1,4,0,5,2,-4.804352828789109,4.804352828789109,debR@,anti_homophones
4493,1,3,0,5,3,-6.229074269762594,6.229074269762594,av@da,anti_homophones
4494,1,2,0,6,2,-5.891557746693946,5.891557746693946,pRez@t,anti_homophones
4495,1,0,0,15,7,-13.15216497985057,13.15216497985057,f5tim@tERsytyRe,anti_homophones
4496,1,5,0,4,2,-4.554987221444445,4.554987221444445,Esk5,anti_homophones
4497,1,1,0,6,3,-6.581568153239804,6.581568153239804,@kynjo,anti_homophones
4498,1,0,0,9,4,-6.431103004158959,6.431103004158959,pResesite,anti_homophones
4499,1,0,0,10,5,-7.1854937844310385,7.1854937844310385,5k§sERv°ny,anti_homophones
4500,1,7,1,6,2,-4.198380284243794,4.198380284243794,pERsj§,anti_homophones
4501,1,1,0,5,2,-5.1644152636916365,5.1644152636916365,sybik,anti_homophones
4502,1,1,0,7,3,-6.960753327540356,6.960753327540356,sed@tiv,anti_homophones
4503,1,39,2,3,1,-3.7583729564241852,3.7583729564241852,REs,anti_homophones
4504,1,0,0,12,5,-10.287303410989445,10.287303410989445,bR°dutSal2R2,anti_homophones
4505,1,0,0,6,3,-8.613215230942453,8.613215230942453,amibiS,anti_homophones
4506,1,26,2,3,1,-3.954504117546017,3.954504117546017,lEn,anti_homophones
4507,1,0,0,15,7,-16.507521526439003,16.507521526439003,akymwalevitRoSe,anti_homophones
4508,1,2,0,6,3,-6.460876647687432,6.460876647687432,solyti,anti_homophones
4509,1,8,0,5,2,-4.240888353157537,4.240888353157537,monj5,anti_homophones
4510,1,0,0,15,6,-12.907838607200658,12.907838607200658,R°batyRbuSaRist,anti_homophones
4511,1,0,0,7,4,-7.297669445234605,7.297669445234605,imynidi,anti_homophones
4512,1,0,0,9,3,-6.510450882652269,6.510450882652269,vERganizm,anti_homophones
4513,1,3,0,7,4,-5.775410880802659,5.775410880802659,av@t°m@,anti_homophones
4514,1,10,0,3,1,-5.093870130804175,5.093870130804175,tOf,anti_homophones
4515,1,0,0,10,4,-8.702220191739999,8.702220191739999,v°lopEpsj§,anti_homophones
4516,1,0,0,13,5,-11.413653634465588,11.413653634465588,mepRezORmitif,anti_homophones
4517,1,3,1,4,2,-4.238548565034142,4.238548565034142,yzyR,anti_homophones
4518,1,0,0,7,3,-8.494678798201742,8.494678798201742,alEgzOd,anti_homophones
4519,1,0,0,8,4,-5.708403888567172,5.708403888567172,s@siv°m@,anti_homophones
4520,1,0,0,6,3,-6.909390044489673,6.909390044489673,g@ton2,anti_homophones
4521,1,0,0,9,4,-9.05883176020143,9.05883176020143,epolastER,anti_homophones
4522,1,0,0,10,5,-6.128218034992573,6.128218034992573,eviz8El°m@,anti_homophones
4523,1,0,0,14,7,-13.239986122666071,13.239986122666071,eklap°loteReni,anti_homophones
4524,1,0,0,12,6,-10.87120928506696,10.87120928506696,ynidRof§d°lE,anti_homophones
4525,1,0,0,8,3,-7.829883774626968,7.829883774626968,floRodyl,anti_homophones
4526,1,0,0,5,2,-5.300248005764061,5.300248005764061,pyZil,anti_homophones
4527,1,0,0,13,6,-9.977189863143886,9.977189863143886,ZeneseleRasj§,anti_homophones
4528,1,0,0,12,5,-13.66282055355565,13.66282055355565,lwaR°b@doman,anti_homophones
4529,1,32,1,3,1,-4.013205520297979,4.013205520297979,kEt,anti_homophones
4530,1,0,0,12,5,-9.877161144325623,9.877161144325623,RadORmytisj§,anti_homophones
4531,1,0,0,7,3,-7.979963088596666,7.979963088596666,emjozOt,anti_homophones
4532,1,0,0,13,5,-10.812646023890755,10.812646023890755,tuRn°m@taRdj5,anti_homophones
4533,1,1,0,6,3,-6.546189659724245,6.546189659724245,pagase,anti_homophones
4534,1,11,1,4,2,-4.88142587319147,4.88142587319147,ElER,anti_homophones
4535,1,1,0,8,3,-6.635206356723053,6.635206356723053,sikatwaR,anti_homophones
4536,1,2,0,7,3,-5.688532350568781,5.688532350568781,mwaR°m@,anti_homophones
4537,1,0,0,9,4,-9.649942520192045,9.649942520192045,ROn§s@tRe,anti_homophones
4538,1,0,0,8,3,-6.004435880315814,6.004435880315814,pORt8ite,anti_homophones
4539,1,0,0,8,3,-6.361860123375623,6.361860123375623,sekEstik,anti_homophones
4540,1,0,0,6,2,-5.481379738653557,5.481379738653557,tEtjER,anti_homophones
4541,1,13,2,6,2,-4.132891523417745,4.132891523417745,manizm,anti_homophones
4542,1,0,0,10,3,-8.777757860223648,8.777757860223648,spREsbRuEt,anti_homophones
4543,1,5,1,6,2,-5.1739302772491325,5.1739302772491325,kaRniR,anti_homophones
4544,1,28,2,3,1,-3.6789222964160806,3.6789222964160806,nik,anti_homophones
4545,1,0,0,8,4,-6.842452900759995,6.842452900759995,inatonik,anti_homophones
4546,1,2,1,5,2,-5.820972982778354,5.820972982778354,sovaj,anti_homophones
4547,1,20,2,4,2,-3.9494776629759047,3.9494776629759047,mete,anti_homophones
4548,1,0,0,8,3,-6.800868489676636,6.800868489676636,sORbijaR,anti_homophones
4549,1,9,2,3,1,-4.2152469575786435,4.2152469575786435,Oks,anti_homophones
4550,1,0,0,13,5,-12.123398136816514,12.123398136816514,abdivylastREn,anti_homophones
4551,1,1,0,6,2,-5.403579508414509,5.403579508414509,EstwaR,anti_homophones
4552,1,0,0,10,4,-9.840228177073001,9.840228177073001,deliZinwat,anti_homophones
4553,1,3,0,6,2,-4.973841347433995,4.973841347433995,dRoZEn,anti_homophones
4554,1,1,0,4,2,-5.201230690994452,5.201230690994452,eZEp,anti_homophones
4555,1,2,1,6,3,-4.87838093296735,4.87838093296735,RefeR@,anti_homophones
4556,1,0,0,10,3,-10.666120063185124,10.666120063185124,pRatORnjEn,anti_homophones
4557,1,9,1,4,2,-5.145548403451516,5.145548403451516,abaR,anti_homophones
4558,1,0,0,9,3,-10.569325070548578,10.569325070548578,sf5ZyRjaz,anti_homophones
4559,1,0,0,10,4,-8.560072951653556,8.560072951653556,gzekj2z°m@,anti_homophones
4560,1,0,0,9,4,-9.451291069685654,9.451291069685654,vokatRati,anti_homophones
4561,1,0,0,7,2,-8.404027443854147,8.404027443854147,kwadROp,anti_homophones
4562,1,3,0,5,2,-4.904007413398762,4.904007413398762,val@s,anti_homophones
4563,1,0,0,10,4,-9.369660225917967,9.369660225917967,flikidn°m@,anti_homophones
4564,1,0,0,7,3,-6.098719719870261,6.098719719870261,sosjali,anti_homophones
4565,1,0,0,8,2,-7.244430123764809,7.244430123764809,sekspl@t,anti_homophones
4566,1,0,0,8,3,-8.110760940655151,8.110760940655151,fRiSizEn,anti_homophones
4567,1,11,1,3,1,-4.776245544091294,4.776245544091294,vl@,anti_homophones
4568,1,6,0,4,2,-5.244405242018387,5.244405242018387,ERb@,anti_homophones
4569,1,0,0,7,3,-7.729138280344911,7.729138280344911,gomet@s,anti_homophones
4570,1,0,0,7,2,-9.129366352340858,9.129366352340858,paktRom,anti_homophones
4571,1,1,0,6,3,-6.278822005468614,6.278822005468614,tiRane,anti_homophones
4572,1,1,0,8,4,-6.070939179983535,6.070939179983535,polER°m@,anti_homophones
4573,1,7,1,5,2,-4.528290045449306,4.528290045449306,bR@Se,anti_homophones
4574,1,0,0,11,5,-11.39005340180286,11.39005340180286,apoteRisyRf,anti_homophones
4575,1,0,0,7,2,-6.332916125842148,6.332916125842148,sypRakt,anti_homophones
4576,1,10,1,4,2,-4.764289341543674,4.764289341543674,k@pe,anti_homophones
4577,1,0,0,9,4,-7.167627942507501,7.167627942507501,sypERbone,anti_homophones
4578,1,4,1,5,3,-4.796828051395251,4.796828051395251,imyle,anti_homophones
4579,1,0,0,7,3,-8.3286120294271,8.3286120294271,Etmosj5,anti_homophones
4580,1,0,0,14,5,-9.119251194283335,9.119251194283335,tR@sdykasjonER,anti_homophones
4581,1,0,0,8,3,-5.190449685219692,5.190449685219692,disjonEl,anti_homophones
4582,1,0,0,8,3,-6.1380300355253965,6.1380300355253965,pORt°n9R,anti_homophones
4583,1,0,0,8,3,-6.815691744230446,6.815691744230446,debaktyR,anti_homophones
4584,1,2,0,7,3,-5.4768519961969915,5.4768519961969915,paREjaZ,anti_homophones
4585,1,0,0,8,4,-7.1954860853976506,7.1954860853976506,afR@S°Ri,anti_homophones
4586,1,23,1,4,2,-4.496373690483008,4.496373690483008,syRi,anti_homophones
4587,1,13,1,4,1,-4.993332629863932,4.993332629863932,pERl,anti_homophones
4588,1,10,1,5,2,-4.50359410311938,4.50359410311938,mas9R,anti_homophones
4589,1,1,0,8,3,-6.434745859896859,6.434745859896859,Rematizm,anti_homophones
4590,1,0,0,6,2,-5.6090633123253415,5.6090633123253415,S°vRON,anti_homophones
4591,1,0,0,7,4,-6.326832236132419,6.326832236132419,inoz°m@,anti_homophones
4592,1,1,1,6,3,-4.71350131187168,4.71350131187168,saudj5,anti_homophones
4593,1,32,2,3,2,-3.8384945678889126,3.8384945678889126,am@,anti_homophones
4594,1,10,0,7,2,-5.553470188040675,5.553470188040675,skRasj§,anti_homophones
4595,1,0,0,8,4,-7.518174162766573,7.518174162766573,moRalis§,anti_homophones
4596,1,0,0,10,4,-8.619632592982319,8.619632592982319,kaRbl@Size,anti_homophones
4597,1,0,0,8,3,-6.756233966963054,6.756233966963054,pROspone,anti_homophones
4598,1,0,0,9,4,-5.929470511309776,5.929470511309776,tR@zis°m@,anti_homophones
4599,1,1,0,6,3,-7.599958325713922,7.599958325713922,@tR@ze,anti_homophones
4600,1,0,1,6,3,-4.8370533837723455,4.8370533837723455,kokije,anti_homophones
4601,1,0,0,13,6,-9.999085202369745,9.999085202369745,paRaSytiviz9R,anti_homophones
4602,1,24,3,3,1,-3.7254136512218947,3.7254136512218947,tR@,anti_homophones
4603,1,5,0,5,2,-4.751749235733667,4.751749235733667,Regys,anti_homophones
4604,1,0,0,6,3,-4.888455768529258,4.888455768529258,zoolOg,anti_homophones
4605,1,9,0,5,2,-4.765986931384519,4.765986931384519,bRaje,anti_homophones
4606,1,3,1,6,3,-4.839767867975809,4.839767867975809,s°g§de,anti_homophones
4607,1,18,2,4,2,-4.441437255971558,4.441437255971558,ataZ,anti_homophones
4608,1,5,1,4,2,-4.653123328314754,4.653123328314754,ZiR§,anti_homophones
4609,1,0,0,13,6,-12.072650369751305,12.072650369751305,ezekyltaikabl,anti_homophones
4610,1,0,0,11,5,-11.884814114398257,11.884814114398257,iRostR°tuSe,anti_homophones
4611,1,4,0,4,1,-4.79678379496175,4.79678379496175,kR2z,anti_homophones
4612,1,0,0,8,4,-5.668994531456521,5.668994531456521,aRbOn°m@,anti_homophones
4613,1,0,0,8,4,-7.825908159485707,7.825908159485707,koekital,anti_homophones
4614,1,0,0,9,4,-10.998247282439433,10.998247282439433,konibReSe,anti_homophones
4615,1,0,0,8,3,-6.798852636937811,6.798852636937811,sputSute,anti_homophones
4616,1,0,0,7,2,-6.832225688810103,6.832225688810103,pReklaZ,anti_homophones
4617,1,1,0,6,3,-6.008178189717047,6.008178189717047,evERbe,anti_homophones
4618,1,1,0,5,2,-6.377172720870974,6.377172720870974,ERpij,anti_homophones
4619,1,1,0,5,2,-5.251357024953422,5.251357024953422,fuRSa,anti_homophones
4620,1,3,0,7,3,-5.564080607529633,5.564080607529633,kRaS°te,anti_homophones
4621,1,9,1,5,1,-3.829979364240276,3.829979364240276,djabl,anti_homophones
4622,1,0,0,10,5,-10.965845045672335,10.965845045672335,astufaj°Ri,anti_homophones
4623,1,4,0,5,2,-5.886336152077039,5.886336152077039,dadEl,anti_homophones
4624,1,0,0,12,6,-12.464130582261246,12.464130582261246,5paleogRezER,anti_homophones
4625,1,17,2,6,3,-4.043006133088831,4.043006133088831,pal°m@,anti_homophones
4626,1,1,0,7,3,-7.152520689906546,7.152520689906546,5posjEl,anti_homophones
4627,1,11,3,4,2,-4.003886977582131,4.003886977582131,Real,anti_homophones
4628,1,0,1,8,3,-5.251870601224988,5.251870601224988,k§p@sabl,anti_homophones
4629,1,12,3,7,3,-3.811366824139338,3.811366824139338,koloZik,anti_homophones
4630,1,1,0,9,4,-5.8103030171810985,5.8103030171810985,mORfin°m@,anti_homophones
4631,1,6,0,5,2,-5.177519247795552,5.177519247795552,tRigo,anti_homophones
4632,1,0,0,8,3,-7.706985542031581,7.706985542031581,pRobaRko,anti_homophones
4633,1,0,0,14,6,-10.2329319770424,10.2329319770424,elinOpskylasj§,anti_homophones
4634,1,10,0,3,1,-5.245586675284946,5.245586675284946,dEZ,anti_homophones
4635,1,0,0,9,4,-8.893570668214,8.893570668214,R@fuRn°Ri,anti_homophones
4636,1,6,0,6,2,-5.279434659378567,5.279434659378567,mynizm,anti_homophones
4637,1,0,0,9,3,-8.285331968926881,8.285331968926881,destResim,anti_homophones
4638,1,1,0,7,3,-6.148538223079083,6.148538223079083,pynivER,anti_homophones
4639,1,0,0,16,7,-11.973862746686661,11.973862746686661,dezORbijofilokal,anti_homophones
4640,1,0,0,9,4,-8.436778352664431,8.436778352664431,sysofilOk,anti_homophones
4641,1,10,1,4,1,-5.1993592039371945,5.1993592039371945,pwat,anti_homophones
4642,1,0,0,11,5,-6.150400792653643,6.150400792653643,k§fEktiv°m@,anti_homophones
4643,1,6,0,4,1,-4.612919135873738,4.612919135873738,gl@d,anti_homophones
4644,1,2,1,6,2,-4.889346946879973,4.889346946879973,deplwa,anti_homophones
4645,1,0,0,10,5,-8.888721744336106,8.888721744336106,desipalyS§,anti_homophones
4646,1,0,0,6,3,-6.615517927000775,6.615517927000775,k@pad5,anti_homophones
4647,1,0,0,9,4,-6.7902219287516505,6.7902219287516505,RadjEn°Ri,anti_homophones
4648,1,0,0,7,3,-6.921306669496232,6.921306669496232,fRiZam5,anti_homophones
4649,1,0,0,12,6,-12.058638164314821,12.058638164314821,ZeneRaseinyt,anti_homophones
4650,1,2,0,6,2,-5.527335656458488,5.527335656458488,eglist,anti_homophones
4651,1,0,0,8,3,-6.070230395878315,6.070230395878315,syRpRuve,anti_homophones
4652,1,0,0,13,6,-11.885748106558342,11.885748106558342,mekReORbityl@,anti_homophones
4653,1,5,0,4,1,-4.882213449310384,4.882213449310384,lEtR,anti_homophones
4654,1,0,0,9,4,-6.021093713411336,6.021093713411336,pRofis°m@,anti_homophones
4655,1,0,0,10,5,-7.558141967162037,7.558141967162037,SematEl°m@,anti_homophones
4656,1,0,0,8,4,-7.477728240668363,7.477728240668363,@tisotje,anti_homophones
4657,1,3,0,5,2,-5.143206660213679,5.143206660213679,etR@s,anti_homophones
4658,1,27,0,3,1,-4.5405843247201085,4.5405843247201085,lEs,anti_homophones
4659,1,13,0,7,3,-4.921884592204622,4.921884592204622,kakasj§,anti_homophones
4660,1,0,0,18,7,-13.318598784411398,13.318598784411398,epustispEktif§ksj§,anti_homophones
4661,1,9,0,5,2,-5.375704366210519,5.375704366210519,sedik,anti_homophones
4662,1,17,1,3,1,-4.24176392399025,4.24176392399025,REv,anti_homophones
4663,1,2,0,7,3,-7.1685674171157965,7.1685674171157965,manjER2,anti_homophones
4664,1,0,0,7,3,-9.780011396676828,9.780011396676828,lotipOl,anti_homophones
4665,1,19,2,6,3,-4.4353487606568285,4.4353487606568285,palite,anti_homophones
4666,1,2,0,6,2,-5.301169776051924,5.301169776051924,syRtaZ,anti_homophones
4667,1,0,0,6,2,-8.294713922274267,8.294713922274267,REjsba,anti_homophones
4668,1,7,0,5,2,-4.559558979987388,4.559558979987388,@tRik,anti_homophones
4669,1,0,0,11,5,-9.548623986582152,9.548623986582152,amikRopORto,anti_homophones
4670,1,0,0,9,4,-10.192114464256345,10.192114464256345,@buRgijOt,anti_homophones
4671,1,6,0,4,2,-6.91023881199621,6.91023881199621,muk@,anti_homophones
4672,1,29,0,3,2,-4.385181973507553,4.385181973507553,@de,anti_homophones
4673,1,25,2,4,2,-4.007627474596357,4.007627474596357,mone,anti_homophones
4674,1,26,1,4,2,-4.2193579753691415,4.2193579753691415,maSe,anti_homophones
4675,1,0,0,10,5,-8.612226942771143,8.612226942771143,otogREv°ny,anti_homophones
4676,1,0,0,11,5,-12.115746066741298,12.115746066741298,ekRapelefOl,anti_homophones
4677,1,0,0,9,4,-7.676644100030838,7.676644100030838,guNafRize,anti_homophones
4678,1,0,0,10,4,-4.875786527827017,4.875786527827017,seks8El°m@,anti_homophones
4679,1,0,0,14,6,-11.788846134832758,11.788846134832758,paRabisbifikas,anti_homophones
4680,1,6,1,5,2,-4.948390776065328,4.948390776065328,gRime,anti_homophones
4681,1,0,0,4,2,-6.692273101246776,6.692273101246776,elwE,anti_homophones
4682,1,14,1,3,2,-4.838519518554651,4.838519518554651,2Ri,anti_homophones
4683,1,1,1,10,5,-5.855131938673785,5.855131938673785,imalizasj§,anti_homophones
4684,1,7,2,4,2,-4.300202987583118,4.300202987583118,medi,anti_homophones
4685,1,0,0,8,2,-8.723780412848283,8.723780412848283,taRtROst,anti_homophones
4686,1,11,2,4,2,-4.340474992110389,4.340474992110389,mime,anti_homophones
4687,1,16,1,3,1,-4.637800949812763,4.637800949812763,diN,anti_homophones
4688,1,4,0,5,2,-6.042488467490148,6.042488467490148,jutaZ,anti_homophones
4689,1,2,0,7,3,-6.041035907263366,6.041035907263366,defilje,anti_homophones
4690,1,10,0,6,3,-5.2428440830409855,5.2428440830409855,kad°m@,anti_homophones
4691,1,0,0,10,5,-9.95572381021095,9.95572381021095,balabRaik5,anti_homophones
4692,1,3,0,5,2,-5.614567006812008,5.614567006812008,amORs,anti_homophones
4693,1,2,0,8,3,-6.186280074791592,6.186280074791592,segRasj§,anti_homophones
4694,1,21,1,3,1,-4.617462130137534,4.617462130137534,ZEt,anti_homophones
4695,1,2,0,7,3,-6.878252082660084,6.878252082660084,Zemon9R,anti_homophones
4696,1,0,0,9,3,-7.448653851823049,7.448653851823049,5dEksklyR,anti_homophones
4697,1,0,0,8,4,-8.946628312427173,8.946628312427173,l§dolaje,anti_homophones
4698,1,1,0,7,3,-5.217139900690859,5.217139900690859,dezakte,anti_homophones
4699,1,6,1,5,2,-4.326459543226923,4.326459543226923,k§sER,anti_homophones
4700,1,11,3,4,2,-4.295627578106846,4.295627578106846,k§py,anti_homophones
4701,1,1,0,5,2,-6.494868751538288,6.494868751538288,laROk,anti_homophones
4702,1,0,0,11,5,-7.900325501546839,7.900325501546839,m@syRZik°m@,anti_homophones
4703,1,9,2,4,1,-4.516113985259814,4.516113985259814,puRs,anti_homophones
4704,1,2,0,6,3,-6.295913812167088,6.295913812167088,k§sonE,anti_homophones
4705,1,2,0,4,2,-4.820586893424647,4.820586893424647,naiv,anti_homophones
4706,1,8,0,4,2,-4.856635063064517,4.856635063064517,mony,anti_homophones
4707,1,0,0,8,4,-7.594283091037348,7.594283091037348,@jem§dj2,anti_homophones
4708,1,1,0,6,3,-6.909072142157618,6.909072142157618,aksEle,anti_homophones
4709,1,0,0,7,4,-7.322008803960741,7.322008803960741,adiREz§,anti_homophones
4710,1,0,0,5,2,-4.938398637388934,4.938398637388934,k8ize,anti_homophones
4711,1,0,0,8,4,-7.797961265575566,7.797961265575566,syZetij@,anti_homophones
4712,1,1,0,7,2,-5.1497409575027655,5.1497409575027655,Eksploz,anti_homophones
4713,1,0,0,6,3,-8.027379580470994,8.027379580470994,uRavan,anti_homophones
4714,1,11,3,6,3,-3.669274117063171,3.669274117063171,inasj§,anti_homophones
4715,1,0,0,14,7,-12.095894558826854,12.095894558826854,paRtiv°m@te§to,anti_homophones
4716,1,4,0,6,3,-5.420441279855511,5.420441279855511,k§pile,anti_homophones
4717,1,14,0,4,1,-4.257512902080667,4.257512902080667,fRiR,anti_homophones
4718,1,0,0,12,4,-10.154795381909569,10.154795381909569,ObZEks8ozizm,anti_homophones
4719,1,0,0,13,5,-10.597013683068624,10.597013683068624,gRafRenofil9R,anti_homophones
4720,1,0,0,5,1,-5.796427226051013,5.796427226051013,blabR,anti_homophones
4721,1,0,0,7,3,-7.375597305409683,7.375597305409683,m@taRd§,anti_homophones
4722,1,11,0,4,2,-4.189434372119059,4.189434372119059,t@pe,anti_homophones
4723,1,1,0,7,2,-5.359314864167963,5.359314864167963,pl@twaR,anti_homophones
4724,1,3,0,6,2,-5.412846200635984,5.412846200635984,nonist,anti_homophones
4725,1,10,1,5,2,-4.284510835839424,4.284510835839424,ynist,anti_homophones
4726,1,0,0,10,3,-8.820295713839394,8.820295713839394,tetR@svElt,anti_homophones
4727,1,1,0,8,3,-6.395074576395473,6.395074576395473,ikt8asj§,anti_homophones
4728,1,5,1,5,2,-5.004343218320249,5.004343218320249,lezj§,anti_homophones
4729,1,19,1,3,2,-4.494906792955955,4.494906792955955,lao,anti_homophones
4730,1,11,0,3,1,-4.8848337047839125,4.8848337047839125,ost,anti_homophones
4731,1,1,0,6,3,-5.8701270324525625,5.8701270324525625,t§syme,anti_homophones
4732,1,4,0,5,1,-5.495303489687117,5.495303489687117,skRil,anti_homophones
4733,1,0,0,14,6,-13.288248926195712,13.288248926195712,ematik§baRtizm,anti_homophones
4734,1,0,0,8,3,-9.944882459958823,9.944882459958823,R@gORnuf,anti_homophones
4735,1,4,1,6,2,-5.024294085405154,5.024294085405154,detERn,anti_homophones
4736,1,11,1,7,3,-4.6056470147126,4.6056470147126,dikasj§,anti_homophones
4737,1,0,0,10,4,-9.745614524507376,9.745614524507376,ERs°nEtwaR,anti_homophones
4738,1,1,0,4,2,-6.46051020813538,6.46051020813538,t2ny,anti_homophones
4739,1,3,0,5,2,-5.606481116315707,5.606481116315707,kal@d,anti_homophones
4740,1,1,0,7,3,-6.141905471157441,6.141905471157441,R@plike,anti_homophones
4741,1,1,1,7,2,-4.4851734487289265,4.4851734487289265,seks8El,anti_homophones
4742,1,6,1,6,2,-5.346320761996734,5.346320761996734,toRabl,anti_homophones
4743,1,2,0,6,2,-5.737866208862267,5.737866208862267,p°nabl,anti_homophones
4744,1,1,0,7,3,-5.55076142855104,5.55076142855104,dezonje,anti_homophones
4745,1,5,0,5,2,-4.6810052826050015,4.6810052826050015,g°niR,anti_homophones
4746,1,3,0,5,2,-5.359948870938501,5.359948870938501,R°pla,anti_homophones
4747,1,0,0,10,5,-10.892048777301175,10.892048777301175,adik§tuRiR,anti_homophones
4748,1,14,1,4,2,-4.3532536071953505,4.3532536071953505,5tRe,anti_homophones
4749,1,0,0,9,3,-8.419084494426444,8.419084494426444,dOktoplan,anti_homophones
4750,1,0,0,15,6,-11.776816263067428,11.776816263067428,pRagw5fR@SeRike,anti_homophones
4751,1,4,0,5,2,-5.438805883276972,5.438805883276972,faRne,anti_homophones
4752,1,2,0,6,2,-5.23290768937193,5.23290768937193,sistik,anti_homophones
4753,1,2,0,7,2,-6.776793129618402,6.776793129618402,pRozizm,anti_homophones
4754,1,4,0,5,2,-5.007357244088533,5.007357244088533,kuvER,anti_homophones
4755,1,0,0,7,3,-7.2769175163668,7.2769175163668,laRizik,anti_homophones
4756,1,0,0,8,3,-7.331860437456349,7.331860437456349,EkstRiby,anti_homophones
4757,1,2,0,4,1,-4.869360882093372,4.869360882093372,SjOt,anti_homophones
4758,1,1,1,7,3,-6.125930370450346,6.125930370450346,k§s@sj§,anti_homophones
4759,1,12,1,3,1,-4.222346331603288,4.222346331603288,ERb,anti_homophones
4760,1,0,0,8,3,-7.805677676174027,7.805677676174027,kRij@tif,anti_homophones
4761,1,8,1,5,2,-4.8851645690901115,4.8851645690901115,aktik,anti_homophones
4762,1,18,3,3,1,-3.910690568359725,3.910690568359725,Roz,anti_homophones
4763,1,0,0,5,2,-5.671127158757986,5.671127158757986,kipj@,anti_homophones
4764,1,0,0,11,5,-9.95308288806885,9.95308288806885,eRimidaktif,anti_homophones
4765,1,32,3,3,1,-3.825776907873955,3.825776907873955,piR,anti_homophones
4766,1,0,0,9,3,-8.660762548119571,8.660762548119571,swipsikal,anti_homophones
4767,1,0,0,8,3,-8.468217557230284,8.468217557230284,bezaktyR,anti_homophones
4768,1,0,0,10,4,-9.17180898782494,9.17180898782494,flam@talaR,anti_homophones
4769,1,0,0,5,2,-7.271119255657743,7.271119255657743,RakR2,anti_homophones
4770,1,2,2,4,2,-4.569724702246431,4.569724702246431,@Z@s,anti_homophones
4771,1,1,0,5,3,-6.384616153083504,6.384616153083504,aREno,anti_homophones
4772,1,8,1,4,1,-4.54958324940151,4.54958324940151,vibl,anti_homophones
4773,1,11,2,6,2,-4.433694598182048,4.433694598182048,matizm,anti_homophones
4774,1,1,0,5,2,-5.784151346684023,5.784151346684023,fulad,anti_homophones
4775,1,2,0,5,2,-5.165413203627819,5.165413203627819,tuREl,anti_homophones
4776,1,0,0,5,2,-6.984238686728972,6.984238686728972,m5tOm,anti_homophones
4777,1,0,0,10,5,-7.83405603304974,7.83405603304974,bokumutone,anti_homophones
4778,1,22,1,2,1,-4.568620275800573,4.568620275800573,ot,anti_homophones
4779,1,0,0,10,4,-9.49978618284542,9.49978618284542,@dokRas§bR,anti_homophones
4780,1,3,0,5,2,-4.9638944910941944,4.9638944910941944,takse,anti_homophones
4781,1,0,0,11,6,-8.997929543731306,8.997929543731306,etuRisOt°m@,anti_homophones
4782,1,0,0,14,7,-11.489373602571092,11.489373602571092,dek§fedisEl°m@,anti_homophones
4783,1,16,0,3,1,-4.860019663583558,4.860019663583558,nOs,anti_homophones
4784,1,57,4,3,1,-3.294975314987711,3.294975314987711,kaR,anti_homophones
4785,1,0,0,12,5,-10.812122924637574,10.812122924637574,buf°zabilabl,anti_homophones
4786,1,18,2,3,1,-4.207613183994301,4.207613183994301,mEd,anti_homophones
4787,1,0,0,7,2,-6.496119342079669,6.496119342079669,dREstif,anti_homophones
4788,1,7,2,3,1,-4.324630092835369,4.324630092835369,t§b,anti_homophones
4789,1,3,0,5,3,-5.920659217957229,5.920659217957229,@bome,anti_homophones
4790,1,2,0,7,2,-6.046732154754845,6.046732154754845,tRimabl,anti_homophones
4791,1,0,0,8,4,-9.915424241489653,9.915424241489653,veZitomi,anti_homophones
4792,1,0,0,8,3,-7.480551905950979,7.480551905950979,v5tjObj5,anti_homophones
4793,1,3,0,5,1,-5.88549871647428,5.88549871647428,spliR,anti_homophones
4794,1,10,1,4,1,-5.397530182539782,5.397530182539782,Ript,anti_homophones
4795,1,2,0,4,2,-5.076154793695364,5.076154793695364,fymE,anti_homophones
4796,1,11,1,4,2,-4.442474063990272,4.442474063990272,buki,anti_homophones
4797,1,0,0,6,2,-7.3231080917106715,7.3231080917106715,kOtS9R,anti_homophones
4798,1,1,0,5,2,-7.0100840969483995,7.0100840969483995,pylv@,anti_homophones
4799,1,8,0,4,2,-5.119067270294548,5.119067270294548,pyla,anti_homophones
4800,1,0,0,10,4,-8.236692448097344,8.236692448097344,Semagmatif,anti_homophones
4801,1,0,0,4,2,-5.154431279885719,5.154431279885719,vusy,anti_homophones
4802,1,9,1,4,2,-4.82743604100452,4.82743604100452,toR@,anti_homophones
4803,1,0,0,9,3,-7.541879428039504,7.541879428039504,paRatSist,anti_homophones
4804,1,10,1,5,2,-4.648316696002948,4.648316696002948,tonik,anti_homophones
4805,1,0,0,7,4,-4.687175317901347,4.687175317901347,zooloZi,anti_homophones
4806,1,2,0,7,3,-5.8846695197795835,5.8846695197795835,R°kRete,anti_homophones
4807,1,15,1,4,2,-5.069607861435074,5.069607861435074,b@d@,anti_homophones
4808,1,2,1,7,3,-4.660939875724738,4.660939875724738,s@tR°m@,anti_homophones
4809,1,0,0,5,2,-6.662192581201062,6.662192581201062,byRli,anti_homophones
4810,1,13,1,4,2,-4.7135146826360765,4.7135146826360765,buze,anti_homophones
4811,1,0,0,6,3,-8.558036038271421,8.558036038271421,Zyven5,anti_homophones
4812,1,25,2,3,2,-3.8812480502216045,3.8812480502216045,ado,anti_homophones
4813,1,1,0,5,2,-5.15917580951802,5.15917580951802,t§b9R,anti_homophones
4814,1,1,0,6,2,-6.207515671008426,6.207515671008426,k§stad,anti_homophones
4815,1,0,0,12,5,-12.248454796188359,12.248454796188359,mutaRtimoRER,anti_homophones
4816,1,4,0,8,3,-6.61152549523276,6.61152549523276,paRfasj§,anti_homophones
4817,1,0,0,13,6,-12.490648542899946,12.490648542899946,eminediksimik,anti_homophones
4818,1,0,0,7,3,-6.907207261558421,6.907207261558421,gazwaRe,anti_homophones
4819,1,18,2,3,1,-4.068426614976618,4.068426614976618,mwa,anti_homophones
4820,1,6,4,4,2,-4.135280050302998,4.135280050302998,5tEz,anti_homophones
4821,1,12,1,4,2,-5.275482593670339,5.275482593670339,vidi,anti_homophones
4822,1,1,1,5,2,-4.751931191457663,4.751931191457663,bufOn,anti_homophones
4823,1,0,0,9,3,-11.683820836056983,11.683820836056983,tyS9RtwaR,anti_homophones
4824,1,5,1,8,3,-4.747862444402958,4.747862444402958,pRogRafi,anti_homophones
4825,1,0,0,6,2,-7.869270747892427,7.869270747892427,tEslip,anti_homophones
4826,1,0,0,8,3,-9.195351209153467,9.195351209153467,kORb@bEt,anti_homophones
4827,1,13,1,4,2,-4.805565965613916,4.805565965613916,diZe,anti_homophones
4828,1,13,1,4,2,-4.293425791934678,4.293425791934678,p@se,anti_homophones
4829,1,3,0,5,2,-5.153213380823113,5.153213380823113,pitys,anti_homophones
4830,1,29,2,3,2,-4.5782082594338975,4.5782082594338975,aSe,anti_homophones
4831,1,1,0,9,4,-7.867516082548673,7.867516082548673,@ksgivit@,anti_homophones
4832,1,0,0,8,3,-6.197093255994527,6.197093255994527,Re5plist,anti_homophones
4833,1,0,0,10,4,-9.431300463038031,9.431300463038031,s5fibREjaZ,anti_homophones
4834,1,0,0,7,3,-6.732806672200371,6.732806672200371,knOR°Ri,anti_homophones
4835,1,3,0,5,2,-4.8517684111583765,4.8517684111583765,gR°n§,anti_homophones
4836,1,14,1,4,2,-3.839090811221207,3.839090811221207,des@,anti_homophones
4837,1,0,0,16,7,-11.69933633215968,11.69933633215968,mEgR°dut@sjEl°m@,anti_homophones
4838,1,13,2,4,2,-4.8259573340512,4.8259573340512,paly,anti_homophones
4839,1,11,2,3,1,-4.31103140634371,4.31103140634371,ERg,anti_homophones
4840,1,4,2,4,1,-4.438936336472583,4.438936336472583,dubl,anti_homophones
4841,1,1,0,6,3,-5.446827245996856,5.446827245996856,gab§de,anti_homophones
4842,1,11,3,4,1,-3.7418764423107054,3.7418764423107054,bibl,anti_homophones
4843,1,24,5,3,1,-3.455233348588997,3.455233348588997,ist,anti_homophones
4844,1,13,0,4,2,-4.913036310893709,4.913036310893709,disi,anti_homophones
4845,1,4,0,6,2,-4.662610600507959,4.662610600507959,Z§ksj§,anti_homophones
4846,1,19,2,3,1,-4.153069155869533,4.153069155869533,m@s,anti_homophones
4847,1,0,0,10,5,-6.877901422776275,6.877901422776275,deseizasj§,anti_homophones
4848,1,15,0,4,2,-4.78804834228379,4.78804834228379,soRe,anti_homophones
4849,1,0,0,10,3,-8.617469493437325,8.617469493437325,flyksesist,anti_homophones
4850,1,0,0,6,3,-7.924873198377929,7.924873198377929,tekyve,anti_homophones
4851,1,0,0,8,3,-6.2307934067704025,6.2307934067704025,OpsEksj§,anti_homophones
4852,1,3,0,6,2,-5.6465775494893835,5.6465775494893835,tRes@s,anti_homophones
4853,1,0,0,6,2,-5.96621412861173,5.96621412861173,paRwaz,anti_homophones
4854,1,2,0,5,2,-5.265781180560186,5.265781180560186,myRj2,anti_homophones
4855,1,9,0,3,1,-4.791762746469091,4.791762746469091,bod,anti_homophones
4856,1,0,0,8,4,-7.922033221240029,7.922033221240029,djoelem@,anti_homophones
4857,1,0,0,10,4,-7.263225321397991,7.263225321397991,tRaZabl°m@,anti_homophones
4858,1,5,0,4,2,-4.836875490807815,4.836875490807815,imal,anti_homophones
4859,1,8,1,4,1,-4.388876430414253,4.388876430414253,dRam,anti_homophones
4860,1,1,1,5,2,-6.080248139580274,6.080248139580274,RifOn,anti_homophones
4861,1,8,2,3,1,-4.172581628318247,4.172581628318247,t5t,anti_homophones
4862,1,0,1,4,2,-5.256300668682529,5.256300668682529,iRsy,anti_homophones
4863,1,0,0,10,4,-10.054840756764252,10.054840756764252,k§vwaletiG,anti_homophones
4864,1,12,1,4,2,-5.006819143463206,5.006819143463206,paki,anti_homophones
4865,1,16,2,3,2,-3.982417482252741,3.982417482252741,ipo,anti_homophones
4866,1,1,0,7,3,-6.056932198985851,6.056932198985851,s°kupaZ,anti_homophones
4867,1,0,0,9,4,-7.31785609051617,7.31785609051617,S°vRijote,anti_homophones
4868,1,14,0,4,1,-4.720902778194802,4.720902778194802,Rakt,anti_homophones
4869,1,0,0,8,2,-6.3855517554638865,6.3855517554638865,bRwajabl,anti_homophones
4870,1,7,1,4,1,-4.722625249022145,4.722625249022145,tR9j,anti_homophones
4871,1,0,0,9,3,-8.979532645385449,8.979532645385449,glositR9R,anti_homophones
4872,1,0,0,7,3,-6.480099001988537,6.480099001988537,5tRaksi,anti_homophones
4873,1,3,0,6,3,-5.607191991151511,5.607191991151511,dekola,anti_homophones
4874,1,1,1,6,3,-5.3657841046004675,5.3657841046004675,R°byte,anti_homophones
4875,1,23,1,5,3,-4.186947741391716,4.186947741391716,elite,anti_homophones
4876,1,0,0,10,5,-11.238277064489921,11.238277064489921,ilitas°Roz,anti_homophones
4877,1,8,1,5,2,-4.6091250365500915,4.6091250365500915,pulaZ,anti_homophones
4878,1,1,0,5,3,-5.1677961977053055,5.1677961977053055,5komi,anti_homophones
4879,1,0,0,13,6,-11.967117082751692,11.967117082751692,EspeRemoRabij,anti_homophones
4880,1,5,1,6,3,-4.908986975351556,4.908986975351556,gaZ°m@,anti_homophones
4881,1,7,0,5,3,-4.936499532826465,4.936499532826465,5dike,anti_homophones
4882,1,0,0,8,3,-7.454397075676177,7.454397075676177,mORbidit,anti_homophones
4883,1,0,0,7,3,-6.838438066982843,6.838438066982843,disjole,anti_homophones
4884,1,0,0,8,3,-8.12963522360576,8.12963522360576,g§flEtOn,anti_homophones
4885,1,28,2,3,1,-4.142385216778222,4.142385216778222,lad,anti_homophones
4886,1,0,0,9,4,-7.555796802658621,7.555796802658621,nylatasj§,anti_homophones
4887,1,0,0,7,3,-8.226214786654584,8.226214786654584,bikolab,anti_homophones
4888,1,12,0,4,2,-4.7420736638593315,4.7420736638593315,peRo,anti_homophones
4889,1,0,0,8,3,-6.914162053133745,6.914162053133745,dyplijOm,anti_homophones
4890,1,12,1,3,1,-4.839911281659214,4.839911281659214,syd,anti_homophones
4891,1,4,1,4,2,-4.845817219720837,4.845817219720837,5kyb,anti_homophones
4892,1,0,0,9,4,-6.681688257206392,6.681688257206392,k§ploRite,anti_homophones
4893,1,3,1,7,3,-5.1425947410658095,5.1425947410658095,ZakylER,anti_homophones
4894,1,1,0,7,3,-6.058687281560229,6.058687281560229,sypERj5,anti_homophones
4895,1,10,0,7,3,-4.488271910347807,4.488271910347807,pikasj§,anti_homophones
4896,1,0,0,11,4,-8.529097303090731,8.529097303090731,bR@kofRat9R,anti_homophones
4897,1,0,0,8,4,-6.881503102552414,6.881503102552414,5kybatik,anti_homophones
4898,1,0,0,6,3,-7.074250882116504,7.074250882116504,5galj5,anti_homophones
4899,1,1,0,7,3,-8.15463159676895,8.15463159676895,totReje,anti_homophones
4900,1,2,1,6,2,-5.503572279292393,5.503572279292393,RiSist,anti_homophones
4901,1,13,0,4,1,-4.791295084978136,4.791295084978136,plEn,anti_homophones
4902,1,3,0,5,2,-5.253026841443619,5.253026841443619,kefj@,anti_homophones
4903,1,0,0,8,4,-9.520120123085446,9.520120123085446,apodjazi,anti_homophones
4904,1,0,0,10,5,-8.397567562406007,8.397567562406007,patyRasine,anti_homophones
4905,1,1,0,7,3,-6.793382461569062,6.793382461569062,n8alite,anti_homophones
4906,1,16,1,4,2,-4.751165589458453,4.751165589458453,gal§,anti_homophones
4907,1,0,0,12,5,-8.176305267225198,8.176305267225198,pRofanadasj§,anti_homophones
4908,1,0,0,15,6,-13.90863424579489,13.90863424579489,stRoSim@tozitif,anti_homophones
4909,1,6,1,4,2,-5.097475093906265,5.097475093906265,k@di,anti_homophones
4910,1,28,0,3,1,-4.1401773601572165,4.1401773601572165,aRk,anti_homophones
4911,1,0,0,14,6,-12.369315991737153,12.369315991737153,sust§petalizj§,anti_homophones
4912,1,0,0,5,2,-6.645953072575607,6.645953072575607,ZeRwE,anti_homophones
4913,1,0,0,14,5,-12.785535916426564,12.785535916426564,sikatolEkspjEt,anti_homophones
4914,1,4,0,5,2,-4.911726691309104,4.911726691309104,kopEt,anti_homophones
4915,1,1,0,8,4,-7.09925879515704,7.09925879515704,5faminEt,anti_homophones
4916,1,0,0,7,3,-6.912818670550122,6.912818670550122,napElOS,anti_homophones
4917,1,0,0,7,3,-7.196077503002418,7.196077503002418,depopj2,anti_homophones
4918,1,13,1,5,2,-4.371908036938262,4.371908036938262,akt9R,anti_homophones
4919,1,0,0,8,4,-5.871445541256213,5.871445541256213,s5pas°m@,anti_homophones
4920,1,5,0,5,2,-4.483546474540367,4.483546474540367,desaZ,anti_homophones
4921,1,0,0,9,3,-9.065032893299158,9.065032893299158,bRutj5tER,anti_homophones
4922,1,0,0,12,4,-8.439293889171367,8.439293889171367,spEktRodasj§,anti_homophones
4923,1,0,0,9,4,-6.383327818634169,6.383327818634169,pRotOn°Ri,anti_homophones
4924,1,0,0,8,4,-6.894531900440949,6.894531900440949,otokolaZ,anti_homophones
4925,1,0,0,16,7,-12.216085060699982,12.216085060699982,aRbujaRemokRasj§,anti_homophones
4926,1,0,0,8,4,-6.638040573666464,6.638040573666464,5susjete,anti_homophones
4927,1,4,1,6,2,-5.19449682625699,5.19449682625699,k§pist,anti_homophones
4928,1,0,0,9,5,-8.1826104284777,8.1826104284777,@filalite,anti_homophones
4929,1,11,0,8,3,-4.625734875005261,4.625734875005261,pRizasj§,anti_homophones
4930,1,6,1,5,2,-4.706430647231747,4.706430647231747,paREl,anti_homophones
4931,1,4,0,4,2,-6.028536337923106,6.028536337923106,giSa,anti_homophones
4932,1,3,0,6,3,-5.287435310449887,5.287435310449887,diNite,anti_homophones
4933,1,17,1,3,1,-4.624980791817683,4.624980791817683,ROs,anti_homophones
4934,1,0,0,11,5,-11.812100736847803,11.812100736847803,R°t@t@tORSe,anti_homophones
4935,1,0,0,7,4,-6.765654195043571,6.765654195043571,@tRaiz@,anti_homophones
4936,1,0,0,8,4,-6.3532937804893885,6.3532937804893885,miliN°m@,anti_homophones
4937,1,0,1,7,3,-6.11368112996637,6.11368112996637,ynivERn,anti_homophones
4938,1,0,0,9,3,-7.676241817301693,7.676241817301693,klERZes@s,anti_homophones
4939,1,1,1,6,3,-6.041294733263554,6.041294733263554,k§taRi,anti_homophones
4940,1,0,0,9,4,-9.308486320386843,9.308486320386843,dineveRik,anti_homophones
4941,1,2,0,5,3,-6.6527983494925955,6.6527983494925955,egaR@,anti_homophones
4942,1,0,0,7,3,-7.171327148469825,7.171327148469825,k@bRakE,anti_homophones
4943,1,20,1,4,1,-4.077052802882316,4.077052802882316,tRER,anti_homophones
4944,1,0,0,10,4,-7.467158212633617,7.467158212633617,kataksjonE,anti_homophones
4945,1,5,0,7,4,-5.862558784090526,5.862558784090526,mais°m@,anti_homophones
4946,1,24,2,4,1,-4.0015781427630985,4.0015781427630985,tRal,anti_homophones
4947,1,20,2,4,2,-4.015859295835296,4.015859295835296,kolE,anti_homophones
4948,1,4,0,6,3,-4.830569259295354,4.830569259295354,fin°Ri,anti_homophones
4949,1,10,0,7,3,-5.017838010305632,5.017838010305632,magasj§,anti_homophones
4950,1,0,0,4,2,-4.723353507512851,4.723353507512851,zume,anti_homophones
4951,1,1,0,6,3,-6.703299534521868,6.703299534521868,p@tyRi,anti_homophones
4952,1,0,0,13,6,-12.144202972192996,12.144202972192996,depotinadinaZ,anti_homophones
4953,1,0,0,11,4,-7.414659362152099,7.414659362152099,altERnalizm,anti_homophones
4954,1,1,0,5,3,-6.636311075092959,6.636311075092959,obino,anti_homophones
4955,1,0,0,10,5,-8.285059691614928,8.285059691614928,monoRin°m@,anti_homophones
4956,1,9,0,4,2,-4.547017327744417,4.547017327744417,soly,anti_homophones
4957,1,0,0,12,6,-8.083348267078044,8.083348267078044,deliZeR§t°m@,anti_homophones
4958,1,0,0,10,4,-9.150911823459886,9.150911823459886,lytERvwaje,anti_homophones
4959,1,1,0,6,3,-6.044457235666376,6.044457235666376,kanafi,anti_homophones
4960,1,15,1,4,2,-4.826551093446464,4.826551093446464,faRo,anti_homophones
4961,1,0,0,7,3,-8.175705898459563,8.175705898459563,OpR°taZ,anti_homophones
4962,1,0,0,12,6,-12.69078560121807,12.69078560121807,beRoteRedone,anti_homophones
4963,1,12,1,5,2,-4.6480474638415155,4.6480474638415155,maRte,anti_homophones
4964,1,12,0,6,3,-4.955014172711387,4.955014172711387,bis°m@,anti_homophones
4965,1,0,0,11,5,-9.486683577608598,9.486683577608598,supiRiZidER,anti_homophones
4966,1,0,0,6,3,-6.923201491212407,6.923201491212407,fRete5,anti_homophones
4967,1,10,0,5,3,-4.95686671871231,4.95686671871231,@buRe,anti_homophones
4968,1,0,0,8,3,-9.749208732141707,9.749208732141707,amanyltR,anti_homophones
4969,1,0,0,7,3,-7.3623621396645085,7.3623621396645085,bOksesi,anti_homophones
4970,1,31,3,3,1,-3.5907102641932225,3.5907102641932225,fle,anti_homophones
4971,1,3,0,6,3,-5.081867326196168,5.081867326196168,R°done,anti_homophones
4972,1,4,0,6,3,-5.302799246625916,5.302799246625916,k@tone,anti_homophones
4973,1,0,0,7,3,-7.6926739954093915,7.6926739954093915,opRimuz,anti_homophones
4974,1,0,0,8,4,-8.52626165505035,8.52626165505035,akonotOk,anti_homophones
4975,1,0,0,14,7,-14.154563294314867,14.154563294314867,5kizofis@gl@dE,anti_homophones
4976,1,1,2,6,3,-4.894454760052389,4.894454760052389,R°peSe,anti_homophones
4977,1,0,0,9,3,-8.096148638752181,8.096148638752181,pegRamabl,anti_homophones
4978,1,0,0,6,2,-6.811227714315256,6.811227714315256,muskin,anti_homophones
4979,1,0,0,6,2,-8.215773275670326,8.215773275670326,liSaRm,anti_homophones
4980,1,3,0,4,2,-4.600435096403316,4.600435096403316,deg2,anti_homophones
4981,1,6,0,5,2,-5.301428320488202,5.301428320488202,t°nEt,anti_homophones
4982,1,5,1,4,2,-4.5212504898224495,4.5212504898224495,R°p5,anti_homophones
4983,1,4,0,5,2,-5.0710307558882874,5.0710307558882874,tuf9R,anti_homophones
4984,1,0,0,7,4,-7.53118423932371,7.53118423932371,odiZite,anti_homophones
4985,1,0,0,10,5,-9.316230501514433,9.316230501514433,sykybeRati,anti_homophones
4986,1,0,0,16,7,-14.256359590376993,14.256359590376993,lOkamometRimat9R,anti_homophones
4987,1,2,0,5,2,-5.306191144643975,5.306191144643975,idRoz,anti_homophones
4988,1,0,0,15,6,-13.262592044699378,13.262592044699378,bazjonaZeneRabl,anti_homophones
4989,1,25,1,4,2,-4.647520241295919,4.647520241295919,lase,anti_homophones
4990,1,0,0,15,6,-16.706024599141557,16.706024599141557,stosybyR@skaRto,anti_homophones
4991,1,2,0,5,2,-5.01309920055082,5.01309920055082,@dORm,anti_homophones
4992,1,1,0,9,4,-7.3978516046527885,7.3978516046527885,metik°tje,anti_homophones
4993,1,0,0,15,6,-15.488078289911225,15.488078289911225,paRmOlastividik,anti_homophones
4994,1,17,1,3,1,-4.338847378444076,4.338847378444076,mOd,anti_homophones
4995,1,0,0,7,4,-5.39542376530513,5.39542376530513,ameRite,anti_homophones
4996,1,1,0,7,4,-6.58318284036891,6.58318284036891,eR5t@dy,anti_homophones
4997,1,0,0,6,3,-5.715591162809913,5.715591162809913,ROm°Ri,anti_homophones
4998,1,12,0,4,2,-5.139988687236499,5.139988687236499,doze,anti_homophones
4999,1,8,0,4,2,-5.279868288974642,5.279868288974642,gulo,anti_homophones
5000,1,2,0,8,4,-5.890712914015975,5.890712914015975,waj2z°m@,anti_homophones
5001,1,7,0,6,2,-4.580762845963699,4.580762845963699,matwaR,anti_homophones
5002,1,3,0,5,2,-5.7162327660641346,5.7162327660641346,seNOl,anti_homophones
5003,1,31,0,3,1,-4.435462229469424,4.435462229469424,REn,anti_homophones
5004,1,0,0,9,4,-7.306072083671049,7.306072083671049,dezageRik,anti_homophones
5005,1,0,0,11,5,-8.804917886464173,8.804917886464173,5Zyst@sjon2,anti_homophones
5006,1,2,0,6,3,-4.974810021466136,4.974810021466136,k§fyze,anti_homophones
5007,1,0,0,8,4,-7.516456157644433,7.516456157644433,5tERsim@,anti_homophones
5008,1,7,1,4,1,-4.192361586644129,4.192361586644129,bl9R,anti_homophones
5009,1,1,1,8,4,-5.72948632066011,5.72948632066011,pasis°m@,anti_homophones
5010,1,0,0,10,5,-9.024225339880228,9.024225339880228,sezym@tase,anti_homophones
5011,1,5,0,6,2,-4.92838700357443,4.92838700357443,pRefje,anti_homophones
5012,1,3,0,5,2,-5.227361714093403,5.227361714093403,nuRik,anti_homophones
5013,1,11,0,4,2,-4.30341985013512,4.30341985013512,m§te,anti_homophones
5014,1,0,0,10,4,-9.276490380492609,9.276490380492609,§klyzjonit,anti_homophones
5015,1,0,0,10,4,-8.261014500410022,8.261014500410022,peRasjonaR,anti_homophones
5016,1,1,0,5,3,-5.915519888915822,5.915519888915822,ynil5,anti_homophones
5017,1,6,0,3,1,-4.40857053461931,4.40857053461931,goS,anti_homophones
5018,1,1,0,9,4,-6.112727353668601,6.112727353668601,R2kabl°m@,anti_homophones
5019,1,4,1,4,2,-5.594236124658519,5.594236124658519,giSE,anti_homophones
5020,1,2,0,7,3,-6.0407251576655625,6.0407251576655625,malkyle,anti_homophones
5021,1,0,0,5,2,-5.705386062571506,5.705386062571506,Z5daZ,anti_homophones
5022,1,1,1,8,4,-5.386002091807411,5.386002091807411,solik°m@,anti_homophones
5023,1,1,0,6,3,-6.798313157113413,6.798313157113413,katogi,anti_homophones
5024,1,0,0,11,5,-9.974107578654854,9.974107578654854,EspaRateRje,anti_homophones
5025,1,0,0,14,7,-13.809980492911459,13.809980492911459,emogoRifonaliR,anti_homophones
5026,1,0,0,8,3,-7.4494439763957265,7.4494439763957265,kORnakte,anti_homophones
5027,1,0,0,9,4,-10.979826622982674,10.979826622982674,fikamakso,anti_homophones
5028,1,2,1,7,4,-5.271395519618409,5.271395519618409,@figyRe,anti_homophones
5029,1,5,1,5,3,-4.738897152416458,4.738897152416458,abili,anti_homophones
5030,1,16,3,4,1,-3.4734315926419073,3.4734315926419073,gRaf,anti_homophones
5031,1,6,1,5,2,-4.6347033730587395,4.6347033730587395,pERSe,anti_homophones
5032,1,2,0,7,3,-6.765917768276937,6.765917768276937,ZyRaj9R,anti_homophones
5033,1,0,0,9,4,-8.042964104737475,8.042964104737475,vERtiZene,anti_homophones
5034,1,5,0,5,2,-5.488800975224902,5.488800975224902,skad@,anti_homophones
5035,1,9,1,4,2,-4.445992786233656,4.445992786233656,k§sy,anti_homophones
5036,1,3,0,6,3,-5.066381208953666,5.066381208953666,k§fite,anti_homophones
5037,1,0,0,7,3,-7.8282425234091475,7.8282425234091475,laR5kEl,anti_homophones
5038,1,1,0,7,3,-6.9198336773648075,6.9198336773648075,SaRnij§,anti_homophones
5039,1,2,0,5,2,-5.810626290924015,5.810626290924015,akwER,anti_homophones
5040,1,13,2,5,2,-4.4394150643159245,4.4394150643159245,metal,anti_homophones
5041,1,5,1,6,3,-5.260272278540641,5.260272278540641,polim@,anti_homophones
5042,1,1,0,8,3,-7.879834391867011,7.879834391867011,vOltiZER,anti_homophones
5043,1,0,1,6,3,-6.919908411718069,6.919908411718069,@dyRas,anti_homophones
5044,1,6,1,7,3,-4.382720914533659,4.382720914533659,elEksj§,anti_homophones
5045,1,0,0,9,3,-11.83398780423588,11.83398780423588,v@d@pRwaR,anti_homophones
5046,1,11,1,5,2,-4.838137945428614,4.838137945428614,kasje,anti_homophones
5047,1,0,0,11,5,-11.144785535832243,11.144785535832243,pRobliReati,anti_homophones
5048,1,1,0,7,3,-6.833698853959455,6.833698853959455,malizje,anti_homophones
5049,1,9,4,4,1,-3.8836033926641145,3.8836033926641145,djal,anti_homophones
5050,1,3,1,5,2,-4.883776049492787,4.883776049492787,ZakEt,anti_homophones
5051,1,5,0,5,2,-5.275175605519127,5.275175605519127,gR@di,anti_homophones
5052,1,0,0,7,3,-7.951295295007355,7.951295295007355,kasimit,anti_homophones
5053,1,2,0,5,2,-5.2996801565300045,5.2996801565300045,s5taZ,anti_homophones
5054,1,0,0,7,3,-7.14708463139341,7.14708463139341,R°bEloz,anti_homophones
5055,1,0,0,8,3,-9.465142539134753,9.465142539134753,sitSutaZ,anti_homophones
5056,1,0,0,12,5,-11.611695210259219,11.611695210259219,famaRk°bataR,anti_homophones
5057,1,0,0,10,5,-9.15528783261545,9.15528783261545,5defRakote,anti_homophones
5058,1,0,0,9,4,-7.876607603199958,7.876607603199958,k§stiSis@,anti_homophones
5059,1,0,0,5,2,-5.722878228842515,5.722878228842515,livaZ,anti_homophones
5060,1,21,0,3,2,-4.35363063462642,4.35363063462642,omi,anti_homophones
5061,1,0,0,8,4,-8.4952642888054,8.4952642888054,valOk°le,anti_homophones
5062,1,2,0,6,3,-6.339781556164288,6.339781556164288,@filEn,anti_homophones
5063,1,3,0,7,4,-5.442220868557282,5.442220868557282,kaOt°Ri,anti_homophones
5064,1,0,0,6,3,-6.9026879499320195,6.9026879499320195,sitOpi,anti_homophones
5065,1,0,0,7,4,-8.04049295125669,8.04049295125669,5dikoZi,anti_homophones
5066,1,0,0,7,4,-8.164646904959962,8.164646904959962,epopon@,anti_homophones
5067,1,2,0,6,2,-5.26732480693607,5.26732480693607,klav9R,anti_homophones
5068,1,0,0,10,4,-10.11308928223172,10.11308928223172,akRopRevEn,anti_homophones
5069,1,1,0,6,2,-6.182294899497221,6.182294899497221,djonER,anti_homophones
5070,1,1,0,7,3,-7.104344828614016,7.104344828614016,RivwajE,anti_homophones
5071,1,2,0,6,3,-5.526710412058568,5.526710412058568,S°vize,anti_homophones
5072,1,5,0,6,3,-5.764025278592447,5.764025278592447,yRolOg,anti_homophones
5073,1,4,0,4,1,-5.320168367271594,5.320168367271594,pwik,anti_homophones
5074,1,26,1,2,1,-4.56879268076459,4.56879268076459,m@,anti_homophones
5075,1,36,3,3,1,-3.663902800913532,3.663902800913532,gaR,anti_homophones
5076,1,0,0,10,5,-6.744850113562381,6.744850113562381,def°nuj°m@,anti_homophones
5077,1,0,0,11,6,-10.790004226815048,10.790004226815048,esedeRanite,anti_homophones
5078,1,0,0,17,7,-14.992633517331708,14.992633517331708,pERsonadjasmatoZi,anti_homophones
5079,1,18,1,4,1,-4.520528332132274,4.520528332132274,maRZ,anti_homophones
5080,1,6,2,7,3,-4.793728204391815,4.793728204391815,5tRasj§,anti_homophones
5081,1,0,0,7,3,-5.894165359378747,5.894165359378747,aRganik,anti_homophones
5082,1,3,0,5,2,-5.160092646186763,5.160092646186763,R°tuS,anti_homophones
5083,1,0,0,9,4,-7.387966618969897,7.387966618969897,R°vilitik,anti_homophones
5084,1,15,1,4,1,-4.80083623758061,4.80083623758061,kRas,anti_homophones
5085,1,7,3,4,1,-4.290198777193105,4.290198777193105,fjEl,anti_homophones
5086,1,30,0,3,1,-4.370088131316884,4.370088131316884,bil,anti_homophones
5087,1,0,0,8,4,-7.386474037713879,7.386474037713879,demyzeOl,anti_homophones
5088,1,0,0,10,4,-8.082245666686191,8.082245666686191,m§tR°batif,anti_homophones
5089,1,1,0,6,3,-5.5712843683328215,5.5712843683328215,p5s°le,anti_homophones
5090,1,0,0,11,5,-9.972764839979734,9.972764839979734,ksas5tik°m@,anti_homophones
5091,1,22,1,3,1,-5.342183310559712,5.342183310559712,dyl,anti_homophones
5092,1,0,0,12,5,-12.104921302330336,12.104921302330336,demiRosilvil,anti_homophones
5093,1,4,0,5,2,-6.050545858726831,6.050545858726831,midik,anti_homophones
5094,1,10,0,4,2,-4.993861945195453,4.993861945195453,m@di,anti_homophones
5095,1,9,2,9,4,-4.480308788114721,4.480308788114721,salizasj§,anti_homophones
5096,1,23,1,3,2,-4.578580018364383,4.578580018364383,ede,anti_homophones
5097,1,3,0,7,2,-5.063818359613427,5.063818359613427,plEksj§,anti_homophones
5098,1,5,1,4,1,-4.823689604739311,4.823689604739311,kOks,anti_homophones
5099,1,4,0,5,2,-5.118009136024879,5.118009136024879,glis@,anti_homophones
5100,1,0,0,7,3,-7.461791480283791,7.461791480283791,ZERbole,anti_homophones
5101,1,7,0,5,2,-5.911906274150441,5.911906274150441,matij,anti_homophones
5102,1,0,0,9,4,-9.10011675333867,9.10011675333867,bag°lERZe,anti_homophones
5103,1,2,0,8,3,-5.633794541538543,5.633794541538543,distasj§,anti_homophones
5104,1,0,0,8,3,-8.264337810422052,8.264337810422052,5pROptoz,anti_homophones
5105,1,0,0,11,4,-9.836838873423169,9.836838873423169,globaskizin,anti_homophones
5106,1,1,0,4,2,-7.251299412038793,7.251299412038793,vijE,anti_homophones
5107,1,0,0,6,3,-6.459200520740241,6.459200520740241,fizEm@,anti_homophones
5108,1,0,0,7,3,-6.652708287038741,6.652708287038741,5d8itje,anti_homophones
5109,1,7,3,5,2,-4.259159051947629,4.259159051947629,k§sid,anti_homophones
5110,1,0,0,7,3,-5.061235934409188,5.061235934409188,disp@se,anti_homophones
5111,1,18,0,4,1,-4.5888106527178785,4.5888106527178785,bRal,anti_homophones
5112,1,0,0,7,3,-8.778088751676403,8.778088751676403,@tRogEn,anti_homophones
5113,1,0,0,13,6,-11.750547443404034,11.750547443404034,konj2z°maRone,anti_homophones
5114,1,1,0,8,3,-5.654727370442812,5.654727370442812,sovjasj§,anti_homophones
5115,1,0,0,9,4,-7.2881563882568505,7.2881563882568505,tRibul°Ri,anti_homophones
5116,1,32,2,3,2,-3.8531969891932962,3.8531969891932962,as@,anti_homophones
5117,1,0,0,10,3,-7.161810762690437,7.161810762690437,tRadaptabl,anti_homophones
5118,1,0,0,7,3,-7.851824447714948,7.851824447714948,s@tikEl,anti_homophones
5119,1,0,0,17,7,-10.919601272386673,10.919601272386673,pResinistoRj2z°m@,anti_homophones
5120,1,9,0,4,2,-5.3639724743234725,5.3639724743234725,alES,anti_homophones
5121,1,0,0,7,3,-7.580407539736314,7.580407539736314,@bigRam,anti_homophones
5122,1,0,0,10,4,-9.940777188761547,9.940777188761547,klimasinaR,anti_homophones
5123,1,0,0,11,5,-11.242589340379661,11.242589340379661,fytabisimOm,anti_homophones
5124,1,0,0,10,4,-9.17761298675898,9.17761298675898,spek5toist,anti_homophones
5125,1,0,0,8,4,-6.250656188263889,6.250656188263889,ek8id°m@,anti_homophones
5126,1,1,0,5,2,-5.3770105519580245,5.3770105519580245,m§Zw5,anti_homophones
5127,1,0,0,7,3,-7.635935673125925,7.635935673125925,@ZolEpR,anti_homophones
5128,1,0,0,12,5,-9.706961290512472,9.706961290512472,natogRadisj§,anti_homophones
5129,1,0,0,9,4,-7.795801795901326,7.795801795901326,eklamaRke,anti_homophones
5130,1,6,1,4,2,-4.786919618551043,4.786919618551043,bizu,anti_homophones
5131,1,19,0,4,1,-4.385821505594593,4.385821505594593,bwaR,anti_homophones
5132,1,21,0,3,1,-4.2417703537912335,4.2417703537912335,vis,anti_homophones
5133,1,0,0,5,2,-5.077976500695924,5.077976500695924,tR§py,anti_homophones
5134,1,9,0,4,1,-4.627506195242744,4.627506195242744,pRyR,anti_homophones
5135,1,1,0,7,4,-5.930390831960664,5.930390831960664,kaRaoke,anti_homophones
5136,1,3,1,4,2,-4.984476784599223,4.984476784599223,Sok@,anti_homophones
5137,1,10,1,4,2,-4.149113002933897,4.149113002933897,ek9R,anti_homophones
5138,1,3,0,5,2,-4.778086158794824,4.778086158794824,Opst@,anti_homophones
5139,1,2,0,6,2,-6.759460082785516,6.759460082785516,skopid,anti_homophones
5140,1,3,0,5,2,-5.127469272923998,5.127469272923998,RujaR,anti_homophones
5141,1,0,0,8,4,-7.95694526401898,7.95694526401898,alopataZ,anti_homophones
5142,1,0,0,9,3,-7.998088344265116,7.998088344265116,aRtRwatyR,anti_homophones
5143,1,1,0,6,2,-7.360797736467424,7.360797736467424,divalk,anti_homophones
5144,1,0,0,7,3,-6.363790447877369,6.363790447877369,fRijoZe,anti_homophones
5145,1,0,0,15,6,-11.991634499577286,11.991634499577286,d°vizjatRubl°m@,anti_homophones
5146,1,0,0,10,4,-8.211010890438065,8.211010890438065,pateZimnaz,anti_homophones
5147,1,0,0,7,3,-6.358360862117408,6.358360862117408,vjEjonE,anti_homophones
5148,1,14,1,4,2,-4.431803148812217,4.431803148812217,mal5,anti_homophones
5149,1,4,0,6,3,-5.674354118150217,5.674354118150217,fil°Ri,anti_homophones
5150,1,1,0,6,3,-5.710143883968674,5.710143883968674,ipnoti,anti_homophones
5151,1,6,2,5,2,-4.219035369358276,4.219035369358276,loZik,anti_homophones
5152,1,0,0,11,4,-8.828463562236823,8.828463562236823,pERklORyRZi,anti_homophones
5153,1,0,0,7,3,-7.291807668820989,7.291807668820989,kosaRke,anti_homophones
5154,1,0,0,8,4,-6.458732663967767,6.458732663967767,idRomate,anti_homophones
5155,1,0,0,14,6,-12.690076267507518,12.690076267507518,baRbanatERonom,anti_homophones
5156,1,1,0,7,4,-5.604484336554559,5.604484336554559,al§Z°m@,anti_homophones
5157,1,0,0,12,5,-12.25657327727057,12.25657327727057,nOksitRasij§,anti_homophones
5158,1,0,0,8,3,-8.86499452508438,8.86499452508438,ERmatORn,anti_homophones
5159,1,0,0,13,5,-13.523013265152045,13.523013265152045,pOld°v@dRwam@,anti_homophones
5160,1,0,0,6,3,-5.9889543325542896,5.9889543325542896,s5pale,anti_homophones
5161,1,0,0,10,4,-8.90869501729421,8.90869501729421,benetRopin,anti_homophones
5162,1,1,0,5,2,-6.333980096659755,6.333980096659755,Sb°m@,anti_homophones
5163,1,9,1,5,2,-4.145043245398386,4.145043245398386,tuRne,anti_homophones
5164,1,20,1,3,2,-4.146699255856595,4.146699255856595,5pe,anti_homophones
5165,1,0,0,7,4,-7.699219937204547,7.699219937204547,@Rulon2,anti_homophones
5166,1,1,0,7,2,-7.044563237948784,7.044563237948784,bORdjaR,anti_homophones
5167,1,16,2,5,2,-4.0924892843204566,4.0924892843204566,fRize,anti_homophones
5168,1,0,0,6,3,-6.624981247200255,6.624981247200255,opazj§,anti_homophones
5169,1,0,0,8,4,-9.052079967087787,9.052079967087787,etisyRZ@,anti_homophones
5170,1,2,0,6,3,-5.139306852321369,5.139306852321369,eg8is@,anti_homophones
5171,1,0,0,14,6,-11.984395238491757,11.984395238491757,myskamatemwaje,anti_homophones
5172,1,0,0,6,2,-6.8299418486022825,6.8299418486022825,kORbak,anti_homophones
5173,1,2,2,4,2,-4.14000151651753,4.14000151651753,idj5,anti_homophones
5174,1,0,0,9,4,-9.489778906716335,9.489778906716335,pjometaj§,anti_homophones
5175,1,0,0,7,3,-7.337135456161121,7.337135456161121,kRaniS§,anti_homophones
5176,1,16,0,4,2,-4.264905897912262,4.264905897912262,siko,anti_homophones
5177,1,1,0,7,3,-5.165153292809601,5.165153292809601,k§p@s9R,anti_homophones
5178,1,4,0,8,4,-6.040340610230451,6.040340610230451,aRd2z°m@,anti_homophones
5179,1,30,1,3,1,-4.498324637138311,4.498324637138311,sEs,anti_homophones
5180,1,0,0,6,2,-7.170965172869603,7.170965172869603,sublje,anti_homophones
5181,1,0,0,14,6,-12.273760411265712,12.273760411265712,asiklOnOktatif,anti_homophones
5182,1,19,1,5,2,-3.9814304679071206,3.9814304679071206,patif,anti_homophones
5183,1,1,0,6,3,-6.879462128876513,6.879462128876513,kaS°vi,anti_homophones
5184,1,7,0,3,2,-4.891880204844055,4.891880204844055,yma,anti_homophones
5185,1,0,1,5,2,-4.2759386110128315,4.2759386110128315,Etnik,anti_homophones
5186,1,2,0,6,3,-5.845119356619119,5.845119356619119,anaj9R,anti_homophones
5187,1,1,0,6,2,-6.450620118965783,6.450620118965783,kRasil,anti_homophones
5188,1,5,1,4,2,-5.4003934501950015,5.4003934501950015,etup,anti_homophones
5189,1,2,0,9,4,-6.4694923645759275,6.4694923645759275,kRonalize,anti_homophones
5190,1,0,0,8,3,-7.348674979664879,7.348674979664879,bR§kylpe,anti_homophones
5191,1,4,0,3,1,-4.6966807797959955,4.6966807797959955,dob,anti_homophones
5192,1,2,0,5,2,-5.7109934802488675,5.7109934802488675,pR5si,anti_homophones
5193,1,0,0,14,6,-10.822719387128291,10.822719387128291,lezisjonetwaje,anti_homophones
5194,1,13,2,3,2,-4.7113178756922744,4.7113178756922744,@dE,anti_homophones
5195,1,1,0,7,4,-6.653179913958044,6.653179913958044,ap°Roze,anti_homophones
5196,1,0,0,8,3,-6.831300658969856,6.831300658969856,gRafaRme,anti_homophones
5197,1,0,0,5,2,-6.550241469016289,6.550241469016289,tezif,anti_homophones
5198,1,1,0,9,4,-7.2533774796264545,7.2533774796264545,dez5tERje,anti_homophones
5199,1,1,1,6,3,-5.707635713268946,5.707635713268946,Ren°m@,anti_homophones
5200,1,0,0,9,3,-6.96367316977828,6.96367316977828,tRublat9R,anti_homophones
5201,1,20,1,4,2,-4.2660128896043785,4.2660128896043785,myRe,anti_homophones
5202,1,1,0,8,3,-7.43729420410826,7.43729420410826,nanimizm,anti_homophones
5203,1,0,0,7,3,-8.432243257076111,8.432243257076111,papospE,anti_homophones
5204,1,0,0,7,3,-9.012307997987099,9.012307997987099,aRituRm,anti_homophones
5205,1,0,0,6,2,-7.953323745282374,7.953323745282374,zibl9S,anti_homophones
5206,1,8,1,6,3,-4.572763752844631,4.572763752844631,nik°m@,anti_homophones
5207,1,0,0,7,3,-7.139053283754346,7.139053283754346,aspiREn,anti_homophones
5208,1,0,0,6,3,-7.8226301374319345,7.8226301374319345,takoly,anti_homophones
5209,1,27,1,3,1,-3.8472796949986336,3.8472796949986336,Sik,anti_homophones
5210,1,1,0,5,3,-5.669002995008397,5.669002995008397,@bada,anti_homophones
5211,1,1,0,6,3,-6.174920217717458,6.174920217717458,abRose,anti_homophones
5212,1,8,2,4,2,-4.411052450428713,4.411052450428713,Z°le,anti_homophones
5213,1,0,0,10,4,-10.186522152698215,10.186522152698215,saksatR°m@,anti_homophones
5214,1,0,0,8,4,-9.007630841391578,9.007630841391578,ekymwas2,anti_homophones
5215,1,0,0,13,6,-11.140982095757275,11.140982095757275,ekonEkteRasje,anti_homophones
5216,1,10,1,4,2,-4.891261286308463,4.891261286308463,sito,anti_homophones
5217,1,0,0,16,7,-13.030172502836104,13.030172502836104,gRijOmn@bylasaZe,anti_homophones
5218,1,7,0,5,2,-7.682827738322763,7.682827738322763,panav,anti_homophones
5219,1,1,0,8,3,-6.000330229521495,6.000330229521495,pRez@SEt,anti_homophones
5220,1,0,0,8,3,-7.231395628947628,7.231395628947628,katisibl,anti_homophones
5221,1,4,0,6,2,-5.952659816180361,5.952659816180361,bRit8e,anti_homophones
5222,1,0,0,7,2,-5.294354481085429,5.294354481085429,fRiZibl,anti_homophones
5223,1,1,1,7,3,-4.063147570364606,4.063147570364606,Egzasj§,anti_homophones
5224,1,2,1,6,2,-5.713076112783873,5.713076112783873,biglOt,anti_homophones
5225,1,0,0,6,3,-8.038239753285287,8.038239753285287,EfR@Ze,anti_homophones
5226,1,3,0,5,2,-5.07329078787787,5.07329078787787,k§dyk,anti_homophones
5227,1,8,0,6,2,-5.219485481782902,5.219485481782902,kwasj§,anti_homophones
5228,1,0,0,6,2,-6.786566885176111,6.786566885176111,vRuman,anti_homophones
5229,1,8,0,3,1,-4.810686120265177,4.810686120265177,fwi,anti_homophones
5230,1,1,1,5,2,-5.033401226004308,5.033401226004308,amnEd,anti_homophones
5231,1,0,0,8,4,-10.356492449330013,10.356492449330013,patilak§,anti_homophones
5232,1,5,1,4,1,-4.845071671044427,4.845071671044427,fRom,anti_homophones
5233,1,25,2,3,1,-4.548276160450305,4.548276160450305,ban,anti_homophones
5234,1,1,0,8,4,-6.395239176251929,6.395239176251929,pRoedite,anti_homophones
5235,1,0,0,10,4,-10.089672767898946,10.089672767898946,tORsERpet§,anti_homophones
5236,1,0,0,6,3,-7.453079684274341,7.453079684274341,l°s§de,anti_homophones
5237,1,5,0,5,2,-5.623911121223195,5.623911121223195,5tRam,anti_homophones
5238,1,4,1,6,2,-5.164072094202872,5.164072094202872,dedwaR,anti_homophones
5239,1,19,1,3,1,-4.282252868613068,4.282252868613068,lOt,anti_homophones
5240,1,0,0,6,3,-6.949402700447688,6.949402700447688,Rybyko,anti_homophones
5241,1,2,0,5,2,-5.174878635204774,5.174878635204774,Zydik,anti_homophones
5242,1,10,3,3,1,-4.382122979445063,4.382122979445063,p8e,anti_homophones
5243,1,0,0,10,3,-8.793600898063577,8.793600898063577,motEktRizm,anti_homophones
5244,1,0,0,10,4,-11.516777139870205,11.516777139870205,EkspiR@sov,anti_homophones
5245,1,4,1,6,3,-4.812852390120833,4.812852390120833,navite,anti_homophones
5246,1,0,0,8,3,-6.995788651644756,6.995788651644756,djatwaj@,anti_homophones
5247,1,3,0,5,2,-5.274665205593252,5.274665205593252,nOksi,anti_homophones
5248,1,13,0,3,1,-4.598825693936696,4.598825693936696,buZ,anti_homophones
5249,1,0,0,13,5,-11.651147162321292,11.651147162321292,meliteRognist,anti_homophones
5250,1,0,0,8,3,-7.868330833091966,7.868330833091966,k§t@tREn,anti_homophones
5251,1,2,0,8,4,-6.464272416531311,6.464272416531311,paRap°Ri,anti_homophones
5252,1,3,0,7,3,-4.847450055075734,4.847450055075734,dezisj§,anti_homophones
5253,1,0,0,13,5,-10.375728391226415,10.375728391226415,sepetRijomEtR,anti_homophones
5254,1,11,0,4,1,-5.441856661418835,5.441856661418835,pRan,anti_homophones
5255,1,2,0,7,3,-5.736478312165641,5.736478312165641,m@dat9R,anti_homophones
5256,1,14,1,6,3,-4.242188973028475,4.242188973028475,mik°m@,anti_homophones
5257,1,7,1,5,2,-4.522242305404531,4.522242305404531,Radj5,anti_homophones
5258,1,11,2,6,2,-4.35321716413676,4.35321716413676,paRtik,anti_homophones
5259,1,0,0,8,4,-8.02461104874859,8.02461104874859,deZipaje,anti_homophones
5260,1,8,1,4,2,-5.391943481334901,5.391943481334901,ORfe,anti_homophones
5261,1,0,0,6,3,-7.6666739370383326,7.6666739370383326,lipisu,anti_homophones
5262,1,6,1,3,1,-4.498490297560456,4.498490297560456,mwE,anti_homophones
5263,1,0,0,9,4,-6.158597765122572,6.158597765122572,R2s°vwaje,anti_homophones
5264,1,21,1,3,1,-4.10921969761921,4.10921969761921,vaZ,anti_homophones
5265,1,0,0,8,3,-6.082251069121144,6.082251069121144,k8izat9R,anti_homophones
5266,1,0,0,6,3,-7.270535203317404,7.270535203317404,ilokaj,anti_homophones
5267,1,0,0,10,4,-9.167978206457505,9.167978206457505,peRinOstik,anti_homophones
5268,1,3,0,5,2,-6.082200825055407,6.082200825055407,melEs,anti_homophones
5269,1,0,0,8,3,-6.095602777784492,6.095602777784492,kRomatif,anti_homophones
5270,1,19,2,3,1,-3.5033979514830564,3.5033979514830564,ste,anti_homophones
5271,1,0,0,9,4,-6.075527635908552,6.075527635908552,fORmis°m@,anti_homophones
5272,1,0,0,9,3,-6.967672043163279,6.967672043163279,byRlyksj§,anti_homophones
5273,1,0,0,10,4,-7.782257275687221,7.782257275687221,apw5t@sjEl,anti_homophones
5274,1,0,0,9,5,-6.664749624646408,6.664749624646408,5peRas°m@,anti_homophones
5275,1,21,1,4,2,-4.061946982937234,4.061946982937234,nite,anti_homophones
5276,1,0,0,7,3,-7.142421737976108,7.142421737976108,5taktyR,anti_homophones
5277,1,1,0,7,3,-5.1936426922573915,5.1936426922573915,kapij9R,anti_homophones
5278,1,0,0,9,4,-8.821767370252374,8.821767370252374,kapijozit,anti_homophones
5279,1,0,0,10,4,-9.652402194015284,9.652402194015284,omonjakudR,anti_homophones
5280,1,2,0,6,3,-5.785270422803072,5.785270422803072,Rapine,anti_homophones
5281,1,4,0,6,3,-5.326346403048055,5.326346403048055,@tRite,anti_homophones
5282,1,0,0,11,5,-12.698046037544396,12.698046037544396,ORjOgRiNole,anti_homophones
5283,1,0,0,10,5,-10.783821034488472,10.783821034488472,av@sjeRoto,anti_homophones
5284,1,0,0,7,4,-5.343561985790917,5.343561985790917,ReOlOZi,anti_homophones
5285,1,21,1,4,2,-5.370412400161431,5.370412400161431,taRe,anti_homophones
5286,1,9,4,5,2,-3.172935764770047,3.172935764770047,Eksj§,anti_homophones
5287,1,1,0,6,3,-6.135179350751395,6.135179350751395,evERt5,anti_homophones
5288,1,0,0,6,3,-6.304148933330883,6.304148933330883,miRas@,anti_homophones
5289,1,0,0,11,5,-12.93974373627766,12.93974373627766,@SEtlEtaRZe,anti_homophones
5290,1,5,0,6,3,-4.959105298965762,4.959105298965762,pol°m@,anti_homophones
5291,1,1,0,4,2,-4.919265882538078,4.919265882538078,kuz5,anti_homophones
5292,1,3,0,7,4,-5.406717660977981,5.406717660977981,iReasj§,anti_homophones
5293,1,0,0,8,4,-7.904058740305948,7.904058740305948,bobilisi,anti_homophones
5294,1,0,0,8,3,-8.930374819957287,8.930374819957287,saltivis,anti_homophones
5295,1,0,0,11,5,-9.309359086229039,9.309359086229039,amilikylt9R,anti_homophones
5296,1,0,0,7,3,-7.175619067395781,7.175619067395781,pRemylo,anti_homophones
5297,1,4,0,5,3,-5.780624309713839,5.780624309713839,5dyke,anti_homophones
5298,1,0,0,9,3,-6.5968448308170435,6.5968448308170435,monjomEtR,anti_homophones
5299,1,0,0,8,5,-8.558742858278347,8.558742858278347,5posedy5,anti_homophones
5300,1,12,1,3,1,-4.223631640250963,4.223631640250963,fj@,anti_homophones
5301,1,3,2,7,3,-4.8656128270403585,4.8656128270403585,k8is°m@,anti_homophones
5302,1,0,0,12,5,-11.855880899384392,11.855880899384392,utR°Zt§baRke,anti_homophones
5303,1,0,0,9,3,-12.500686246318931,12.500686246318931,tR§s2nuRs,anti_homophones
5304,1,17,0,5,2,-4.861391275361092,4.861391275361092,deRik,anti_homophones
5305,1,0,0,7,3,-6.118727653683095,6.118727653683095,stal°Ri,anti_homophones
5306,1,0,0,8,4,-7.303063944240177,7.303063944240177,5val@Z9R,anti_homophones
5307,1,1,0,7,3,-6.097863445061441,6.097863445061441,@plwaze,anti_homophones
5308,1,0,0,10,4,-11.261432808844154,11.261432808844154,bodetRijOn,anti_homophones
5309,1,14,1,4,1,-4.755375122560521,4.755375122560521,kapt,anti_homophones
5310,1,29,2,4,2,-3.637628426969815,3.637628426969815,sine,anti_homophones
5311,1,0,0,12,5,-9.235471611467093,9.235471611467093,elEstRakylER,anti_homophones
5312,1,21,2,3,1,-4.032186401465791,4.032186401465791,dyR,anti_homophones
5313,1,0,0,12,5,-11.665451220247494,11.665451220247494,k§pilOtEkski,anti_homophones
5314,1,0,0,11,4,-10.089686116746574,10.089686116746574,pRetononizm,anti_homophones
5315,1,0,0,16,7,-14.747712798293032,14.747712798293032,gavalometatwaRja,anti_homophones
5316,1,0,0,6,3,-6.787136511300325,6.787136511300325,@m°naj,anti_homophones
5317,1,0,0,7,2,-6.555420524426931,6.555420524426931,Riptist,anti_homophones
5318,1,3,2,9,4,-4.750153239163748,4.750153239163748,polizasj§,anti_homophones
5319,1,0,0,9,4,-10.630519711628033,10.630519711628033,Sos@teROt,anti_homophones
5320,1,3,0,6,2,-5.554073665804657,5.554073665804657,sovjEl,anti_homophones
5321,1,0,0,6,2,-6.351381971901402,6.351381971901402,d8OpOm,anti_homophones
5322,1,6,1,5,2,-5.237122601160344,5.237122601160344,nit9R,anti_homophones
5323,1,2,1,6,2,-4.683467704862838,4.683467704862838,medjak,anti_homophones
5324,1,0,0,10,5,-8.005262409300919,8.005262409300919,iRefREt°m@,anti_homophones
5325,1,0,0,8,2,-6.5388827700140855,6.5388827700140855,pReplwaR,anti_homophones
5326,1,6,1,4,2,-5.002983505603402,5.002983505603402,elEv,anti_homophones
5327,1,0,0,8,4,-7.6250137833764065,7.6250137833764065,g2lin°Ri,anti_homophones
5328,1,11,1,6,3,-4.661634687949544,4.661634687949544,akylER,anti_homophones
5329,1,0,0,11,5,-8.677293283108957,8.677293283108957,nekRijalize,anti_homophones
5330,1,5,0,4,2,-5.478462241264339,5.478462241264339,dyka,anti_homophones
5331,1,0,0,6,2,-5.58749297072115,5.58749297072115,mulist,anti_homophones
5332,1,0,0,7,3,-7.927711447368574,7.927711447368574,gwaneZe,anti_homophones
5333,1,1,0,7,2,-5.6806107444809,5.6806107444809,bRypsj§,anti_homophones
5334,1,10,1,5,2,-4.1497353221199,4.1497353221199,vERse,anti_homophones
5335,1,20,2,3,2,-3.7183760563168047,3.7183760563168047,5te,anti_homophones
5336,1,0,0,15,7,-14.059351757757142,14.059351757757142,safinitOmEt@sj§,anti_homophones
5337,1,3,0,5,2,-6.070116726827152,6.070116726827152,p@sal,anti_homophones
5338,1,0,0,7,2,-6.880098056000802,6.880098056000802,spediks,anti_homophones
5339,1,1,0,7,3,-5.817329306525452,5.817329306525452,difikal,anti_homophones
5340,1,0,0,8,3,-8.808678106482567,8.808678106482567,otROksit,anti_homophones
5341,1,7,0,4,2,-5.225631301223983,5.225631301223983,nivE,anti_homophones
5342,1,18,1,4,2,-4.336032175918179,4.336032175918179,ZyRe,anti_homophones
5343,1,0,0,8,3,-7.321163581007194,7.321163581007194,limoRizm,anti_homophones
5344,1,0,0,8,4,-9.157205307736819,9.157205307736819,apaRsati,anti_homophones
5345,1,0,0,9,4,-11.016254964420872,11.016254964420872,konolOgRi,anti_homophones
5346,1,0,0,16,7,-12.649308888082361,12.649308888082361,5timetRispaRl°m@,anti_homophones
5347,1,0,0,8,3,-7.2033724326628095,7.2033724326628095,tR8inem@,anti_homophones
5348,1,0,0,6,3,-6.7214844284303705,6.7214844284303705,kaRapa,anti_homophones
5349,1,10,0,5,2,-4.8738555053778185,4.8738555053778185,kanaR,anti_homophones
5350,1,4,1,5,2,-4.737506639042072,4.737506639042072,bonaZ,anti_homophones
5351,1,0,0,13,6,-10.161387333272925,10.161387333272925,asteteRjEl°m@,anti_homophones
5352,1,4,0,7,4,-5.538117487682908,5.538117487682908,iRik°m@,anti_homophones
5353,1,0,0,6,3,-6.801880916389411,6.801880916389411,@tiSiR,anti_homophones
5354,1,1,0,6,3,-5.90478898883307,5.90478898883307,5feRik,anti_homophones
5355,1,16,1,5,2,-4.254254169920979,4.254254169920979,tetik,anti_homophones
5356,1,1,0,5,3,-6.328667050919571,6.328667050919571,Robei,anti_homophones
5357,1,0,0,8,4,-7.5666936096502475,7.5666936096502475,R°basiko,anti_homophones
5358,1,0,0,14,5,-11.350361940700255,11.350361940700255,dezafR@kaRdwaR,anti_homophones
5359,1,1,0,7,3,-6.1916297561838105,6.1916297561838105,imatist,anti_homophones
5360,1,16,3,4,1,-3.6897171777032995,3.6897171777032995,flaZ,anti_homophones
5361,1,9,1,4,2,-5.374533721026074,5.374533721026074,@tR5,anti_homophones
5362,1,0,0,8,3,-8.785450340794048,8.785450340794048,stRateme,anti_homophones
5363,1,0,0,9,5,-7.448503098655179,7.448503098655179,egoRiZeRe,anti_homophones
5364,1,8,1,7,3,-4.423399695116951,4.423399695116951,kORn°m@,anti_homophones
5365,1,2,0,6,2,-5.413938403735335,5.413938403735335,dezORb,anti_homophones
5366,1,13,0,5,2,-5.393758306951847,5.393758306951847,avizm,anti_homophones
5367,1,0,0,9,4,-9.919415039553371,9.919415039553371,eRitRakEt,anti_homophones
5368,1,0,0,6,3,-6.507457348856958,6.507457348856958,@kil5g,anti_homophones
5369,1,0,0,8,3,-7.9030067835715325,7.9030067835715325,tOksityl,anti_homophones
5370,1,7,1,4,1,-4.991739703832292,4.991739703832292,k8El,anti_homophones
5371,1,2,0,5,2,-5.692869153000491,5.692869153000491,d@tyR,anti_homophones
5372,1,7,0,5,2,-4.656509219664077,4.656509219664077,tRik5,anti_homophones
5373,1,0,0,9,3,-8.43825018517036,8.43825018517036,islEksp@s,anti_homophones
5374,1,0,0,9,4,-7.535920365914844,7.535920365914844,egRatifje,anti_homophones
5375,1,9,2,4,1,-4.507245717046053,4.507245717046053,flag,anti_homophones
5376,1,0,0,8,4,-8.742243972601973,8.742243972601973,kal5tive,anti_homophones
5377,1,0,0,8,3,-6.8538944224414236,6.8538944224414236,bigaRd9R,anti_homophones
5378,1,4,1,6,2,-4.656732357501311,4.656732357501311,dykt9R,anti_homophones
5379,1,1,0,6,3,-6.134246582636913,6.134246582636913,pitaje,anti_homophones
5380,1,0,0,7,2,-7.408429911663614,7.408429911663614,mjol@dR,anti_homophones
5381,1,0,0,9,3,-6.266400476443685,6.266400476443685,takt8asj§,anti_homophones
5382,1,23,0,3,1,-4.603946854066648,4.603946854066648,lag,anti_homophones
5383,1,2,0,9,4,-7.999762195479797,7.999762195479797,kanogRasi,anti_homophones
5384,1,0,0,7,4,-7.510494595364137,7.510494595364137,omatin@,anti_homophones
5385,1,1,0,8,3,-7.698049019116814,7.698049019116814,tenEstik,anti_homophones
5386,1,0,0,10,5,-11.260888628616303,11.260888628616303,teOtERmala,anti_homophones
5387,1,0,0,10,5,-6.364545990285086,6.364545990285086,5ZyRizasj§,anti_homophones
5388,1,0,0,12,4,-10.288337417431517,10.288337417431517,tRipjeRikabl,anti_homophones
5389,1,9,1,4,2,-4.623240114529285,4.623240114529285,kuRi,anti_homophones
5390,1,10,0,6,2,-4.584465436921798,4.584465436921798,natwaR,anti_homophones
5391,1,5,0,6,2,-5.434369330257681,5.434369330257681,R°kuRt,anti_homophones
5392,1,9,0,3,1,-4.774226879943898,4.774226879943898,fjo,anti_homophones
5393,1,1,0,5,2,-6.183846733187152,6.183846733187152,emaRZ,anti_homophones
5394,1,3,0,5,2,-6.056236780125216,6.056236780125216,basto,anti_homophones
5395,1,1,0,6,3,-6.501979464727199,6.501979464727199,k§bis@,anti_homophones
5396,1,11,2,3,1,-4.2374674951103,4.2374674951103,tym,anti_homophones
5397,1,0,0,10,4,-11.902728942593011,11.902728942593011,sopRoRijys,anti_homophones
5398,1,8,0,4,1,-5.188934570219152,5.188934570219152,tism,anti_homophones
5399,1,21,2,4,2,-4.362361071049773,4.362361071049773,sule,anti_homophones
5400,1,9,0,4,2,-5.798037493756263,5.798037493756263,mizo,anti_homophones
5401,1,0,0,9,4,-11.618166229845524,11.618166229845524,wal@tiz°n,anti_homophones
5402,1,0,0,9,3,-8.510117461583757,8.510117461583757,pl2vwalam,anti_homophones
5403,1,30,3,3,1,-4.331225413052266,4.331225413052266,aRd,anti_homophones
5404,1,3,1,4,2,-4.910386692270524,4.910386692270524,@maj,anti_homophones
5405,1,0,0,6,3,-6.130657510103072,6.130657510103072,et@dyR,anti_homophones
5406,1,1,0,6,2,-5.036780050477158,5.036780050477158,pERfoz,anti_homophones
5407,1,14,2,4,2,-4.188168652413198,4.188168652413198,R°la,anti_homophones
5408,1,0,0,8,3,-7.171818394597635,7.171818394597635,pERmenaR,anti_homophones
5409,1,3,0,5,2,-5.333906783751592,5.333906783751592,s5kRy,anti_homophones
5410,1,1,1,5,3,-4.904384385884281,4.904384385884281,inEz§,anti_homophones
5411,1,8,1,5,2,-5.342153476778474,5.342153476778474,kozaZ,anti_homophones
5412,1,6,1,4,2,-5.514388260972667,5.514388260972667,avja,anti_homophones
5413,1,3,0,5,2,-5.12931370136602,5.12931370136602,OftaZ,anti_homophones
5414,1,1,0,6,3,-6.244621359387224,6.244621359387224,s@sibi,anti_homophones
5415,1,1,0,7,2,-6.208028514269312,6.208028514269312,plistik,anti_homophones
5416,1,1,0,6,3,-5.866518661880143,5.866518661880143,etuRnE,anti_homophones
5417,1,0,0,8,3,-11.589359529134633,11.589359529134633,tot5patR,anti_homophones
5418,1,0,0,6,3,-6.541938678207358,6.541938678207358,dypeRi,anti_homophones
5419,1,4,1,4,2,-5.4535569362803376,5.4535569362803376,fEsy,anti_homophones
5420,1,0,0,11,5,-11.26066046533078,11.26066046533078,ybikalimEtR,anti_homophones
5421,1,0,0,8,4,-6.725092611229347,6.725092611229347,mitoRize,anti_homophones
5422,1,0,0,8,3,-6.392425091851156,6.392425091851156,k§vERnEt,anti_homophones
5423,1,2,0,5,3,-5.110565414913694,5.110565414913694,Zeote,anti_homophones
5424,1,0,0,9,4,-9.398218772031628,9.398218772031628,l@pelesif,anti_homophones
5425,1,0,0,9,4,-8.165717535825129,8.165717535825129,REspedib§,anti_homophones
5426,1,0,0,7,3,-7.533695318012149,7.533695318012149,smOl°R§,anti_homophones
5427,1,0,0,11,5,-10.949003194221422,10.949003194221422,telebil@tEs,anti_homophones
5428,1,11,2,4,1,-4.19662994499258,4.19662994499258,s@dR,anti_homophones
5429,1,8,0,4,1,-5.007447726591865,5.007447726591865,pR5s,anti_homophones
5430,1,0,1,9,3,-5.691853783602895,5.691853783602895,pRopORtaZ,anti_homophones
5431,1,0,0,12,5,-10.230351131823108,10.230351131823108,pytasjOnalj5,anti_homophones
5432,1,0,0,12,5,-12.397830591136696,12.397830591136696,RakRomatiZEn,anti_homophones
5433,1,4,0,4,1,-4.749750712073196,4.749750712073196,bjOt,anti_homophones
5434,1,0,0,8,3,-5.706405276933598,5.706405276933598,sypERfoz,anti_homophones
5435,1,0,0,8,3,-6.076759801409098,6.076759801409098,pwas@ble,anti_homophones
5436,1,0,0,9,4,-7.734255172053856,7.734255172053856,m@dikas9R,anti_homophones
5437,1,0,0,12,5,-10.978941594790165,10.978941594790165,sydam@tERkal,anti_homophones
5438,1,15,0,4,2,-4.762408316465649,4.762408316465649,monE,anti_homophones
5439,1,6,0,5,2,-5.253294199804322,5.253294199804322,b§daZ,anti_homophones
5440,1,0,0,9,4,-7.824706087097922,7.824706087097922,k5kaRdije,anti_homophones
5441,1,16,1,6,2,-4.126986315984379,4.126986315984379,kalizm,anti_homophones
5442,1,36,0,3,1,-4.358341923356587,4.358341923356587,sEt,anti_homophones
5443,1,0,0,7,3,-7.383912223503684,7.383912223503684,Rabl@Se,anti_homophones
5444,1,16,1,3,1,-4.272114317218219,4.272114317218219,st@,anti_homophones
5445,1,9,1,3,1,-4.646073404907783,4.646073404907783,sw5,anti_homophones
5446,1,0,0,6,3,-7.049171548279744,7.049171548279744,naniz§,anti_homophones
5447,1,6,0,5,2,-4.833176882190629,4.833176882190629,koRne,anti_homophones
5448,1,0,0,5,2,-5.581503114350694,5.581503114350694,fEblE,anti_homophones
5449,1,0,0,8,3,-6.95349106964751,6.95349106964751,sOmnityd,anti_homophones
5450,1,0,0,10,4,-8.975884278122432,8.975884278122432,flametRijo,anti_homophones
5451,1,16,2,4,1,-3.895033213575692,3.895033213575692,kRiR,anti_homophones
5452,1,5,0,6,2,-5.352334057365484,5.352334057365484,skolOg,anti_homophones
5453,1,0,0,8,4,-8.018999917199324,8.018999917199324,panoRati,anti_homophones
5454,1,1,0,9,4,-6.513643171408781,6.513643171408781,laboRasj§,anti_homophones
5455,1,2,0,7,3,-7.047702295043059,7.047702295043059,lanisj§,anti_homophones
5456,1,3,0,5,2,-5.109557382480671,5.109557382480671,medj2,anti_homophones
5457,1,3,0,4,2,-5.565620799082036,5.565620799082036,5v@d,anti_homophones
5458,1,0,0,17,7,-15.369087673950846,15.369087673950846,bagaltERminopedik,anti_homophones
5459,1,2,0,5,2,-5.547886510509253,5.547886510509253,pejER,anti_homophones
5460,1,12,1,4,2,-4.150119936837503,4.150119936837503,k§si,anti_homophones
5461,1,0,0,9,4,-8.284031636676861,8.284031636676861,vwaR°m@te,anti_homophones
5462,1,17,1,4,2,-4.059884144012949,4.059884144012949,R°t§,anti_homophones
5463,1,0,0,10,5,-9.565193846971452,9.565193846971452,aminjul°m@,anti_homophones
5464,1,14,2,3,1,-4.149468680948042,4.149468680948042,k§k,anti_homophones
5465,1,53,3,3,2,-3.6412193142203377,3.6412193142203377,ale,anti_homophones
5466,1,6,1,6,3,-4.307949692910001,4.307949692910001,k§poze,anti_homophones
5467,1,8,1,7,3,-5.216651261051801,5.216651261051801,ZeRasj§,anti_homophones
5468,1,11,0,4,2,-5.921881453667566,5.921881453667566,Zele,anti_homophones
5469,1,0,0,7,3,-7.353970412997427,7.353970412997427,RepaRom,anti_homophones
5470,1,0,0,7,3,-7.077413401270992,7.077413401270992,5fatwaR,anti_homophones
5471,1,0,0,12,4,-10.609367671237093,10.609367671237093,fjEvR°fERtaZ,anti_homophones
5472,1,0,0,8,3,-7.8399014304318815,7.8399014304318815,apRivjaR,anti_homophones
5473,1,6,0,4,1,-7.192293792991062,7.192293792991062,gRuZ,anti_homophones
5474,1,0,0,11,4,-10.136290308969869,10.136290308969869,kw@tOnjOnal,anti_homophones
5475,1,1,0,7,3,-6.442404163454244,6.442404163454244,debRaik,anti_homophones
5476,1,0,0,10,5,-10.737564244277653,10.737564244277653,sERanim@ta,anti_homophones
5477,1,0,0,9,4,-7.28802296490636,7.28802296490636,dekRupis@,anti_homophones
5478,1,5,0,5,3,-5.506372166233543,5.506372166233543,@son@,anti_homophones
5479,1,0,0,11,5,-10.988551653094646,10.988551653094646,dispatyf°t@,anti_homophones
5480,1,8,2,3,1,-4.157915147494393,4.157915147494393,b§b,anti_homophones
5481,1,0,0,12,6,-9.887020009324967,9.887020009324967,ZaboteRik°m@,anti_homophones
5482,1,0,0,10,5,-6.291602527616836,6.291602527616836,kalitik°m@,anti_homophones
5483,1,0,0,9,4,-8.836586588772843,8.836586588772843,Zemomat9R,anti_homophones
5484,1,0,0,14,6,-13.039882286129128,13.039882286129128,R°k§sORtitanim,anti_homophones
5485,1,14,1,4,1,-4.574721749076408,4.574721749076408,gaRd,anti_homophones
5486,1,9,1,3,1,-4.864323135909372,4.864323135909372,nos,anti_homophones
5487,1,2,0,6,2,-6.51228781958405,6.51228781958405,sabist,anti_homophones
5488,1,0,0,13,5,-11.94832372784394,11.94832372784394,laboRaksEstj§,anti_homophones
5489,1,32,1,3,1,-4.14026742180379,4.14026742180379,bin,anti_homophones
5490,1,3,0,5,1,-5.644717413029332,5.644717413029332,flaks,anti_homophones
5491,1,0,0,8,3,-7.475744301292691,7.475744301292691,EkstORve,anti_homophones
5492,1,3,1,6,3,-4.762311652626287,4.762311652626287,5tERaZ,anti_homophones
5493,1,0,0,15,6,-14.815540553301078,14.815540553301078,zodjokaRboRiZEl,anti_homophones
5494,1,0,0,10,5,-10.543673407410521,10.543673407410521,akybitydje,anti_homophones
5495,1,0,0,10,5,-9.788744564109983,9.788744564109983,tomaZolime,anti_homophones
5496,1,0,0,6,2,-6.56546883947309,6.56546883947309,k§pR@d,anti_homophones
5497,1,0,0,7,3,-7.775555978925909,7.775555978925909,kudRape,anti_homophones
5498,1,0,0,12,6,-10.917083598857497,10.917083598857497,yzyfRatelege,anti_homophones
5499,1,12,0,4,2,-4.983782957743478,4.983782957743478,aman,anti_homophones
5500,1,3,0,5,2,-5.141550100842673,5.141550100842673,kuple,anti_homophones
5501,1,4,0,4,2,-5.792611099201335,5.792611099201335,Zil2,anti_homophones
5502,1,0,0,10,4,-8.864165860999867,8.864165860999867,R2depResj5,anti_homophones
5503,1,3,1,6,3,-4.748346486183647,4.748346486183647,ekonEl,anti_homophones
5504,1,0,0,7,3,-6.20402277181343,6.20402277181343,sEpt@te,anti_homophones
5505,1,0,0,9,3,-8.666906540618495,8.666906540618495,flEktolaZ,anti_homophones
5506,1,23,1,3,1,-4.2125306463238505,4.2125306463238505,pOt,anti_homophones
5507,1,0,0,14,7,-11.959003883271238,11.959003883271238,iRsytyRetOn°Ri,anti_homophones
5508,1,6,0,5,2,-6.045559630604394,6.045559630604394,kaRif,anti_homophones
5509,1,5,1,5,2,-4.717339368091666,4.717339368091666,kazj§,anti_homophones
5510,1,0,0,8,3,-6.65793683669701,6.65793683669701,RapiswaR,anti_homophones
5511,1,0,0,18,7,-17.21729177600002,17.21729177600002,epRimEstuRnavwazOS,anti_homophones
5512,1,0,0,19,7,-15.324785107674785,15.324785107674785,navaRjodiktRofOnist,anti_homophones
5513,1,17,0,4,2,-4.882718708459345,4.882718708459345,majo,anti_homophones
5514,1,0,0,13,6,-15.064880149467319,15.064880149467319,aveRebyskRoke,anti_homophones
5515,1,4,0,6,2,-5.881507780726301,5.881507780726301,sEstj§,anti_homophones
5516,1,0,0,10,4,-10.451516936157333,10.451516936157333,vEksis°g§d,anti_homophones
5517,1,5,1,5,2,-4.412437441231278,4.412437441231278,k§vER,anti_homophones
5518,1,10,1,4,2,-4.436508255447014,4.436508255447014,Zeni,anti_homophones
5519,1,0,0,7,2,-8.205300039103626,8.205300039103626,gREnS9p,anti_homophones
5520,1,0,0,6,2,-5.781788412748273,5.781788412748273,gRizEt,anti_homophones
5521,1,3,0,6,2,-5.363065957324079,5.363065957324079,matibl,anti_homophones
5522,1,0,0,8,3,-6.051051641375756,6.051051641375756,gRymasj§,anti_homophones
5523,1,1,0,8,3,-5.421260145560604,5.421260145560604,sypylsj§,anti_homophones
5524,1,7,1,4,1,-5.0661419221494794,5.0661419221494794,skje,anti_homophones
5525,1,0,0,9,4,-9.79427866440908,9.79427866440908,nobaRbita,anti_homophones
5526,1,1,0,6,3,-5.817788619250335,5.817788619250335,efajiR,anti_homophones
5527,1,0,0,11,4,-10.662396544971303,10.662396544971303,sEmtEktizaR,anti_homophones
5528,1,3,1,6,2,-4.60810983056324,4.60810983056324,tR@sje,anti_homophones
5529,1,1,0,7,3,-7.09119588103217,7.09119588103217,sakReme,anti_homophones
5530,1,20,0,3,1,-4.731760949513278,4.731760949513278,Sit,anti_homophones
5531,1,1,0,5,2,-6.010164373683436,6.010164373683436,plazE,anti_homophones
5532,1,0,0,9,4,-9.696017374251909,9.696017374251909,osistatoz,anti_homophones
5533,1,0,0,6,3,-8.677630962821599,8.677630962821599,baloZo,anti_homophones
5534,1,14,1,4,2,-4.692498245422476,4.692498245422476,egal,anti_homophones
5535,1,0,0,6,3,-5.684782802821347,5.684782802821347,agREs@,anti_homophones
5536,1,7,1,5,3,-4.737863958317753,4.737863958317753,inase,anti_homophones
5537,1,0,0,7,3,-7.088384951777614,7.088384951777614,pusinEt,anti_homophones
5538,1,13,2,3,2,-4.220032437389149,4.220032437389149,5do,anti_homophones
5539,1,0,0,12,6,-13.000216384611294,13.000216384611294,@tufwaRakyme,anti_homophones
5540,1,9,2,5,2,-4.353090275344933,4.353090275344933,difik,anti_homophones
5541,1,16,1,4,2,-4.130407913358136,4.130407913358136,Rule,anti_homophones
5542,1,0,0,14,6,-13.200056969979734,13.200056969979734,domw5dRifuj°Ri,anti_homophones
5543,1,6,0,4,2,-6.047643675146686,6.047643675146686,@gRi,anti_homophones
5544,1,14,1,5,2,-4.2707173177019975,4.2707173177019975,manje,anti_homophones
5545,1,0,0,7,3,-6.606634246613242,6.606634246613242,k@bRazi,anti_homophones
5546,1,3,0,7,3,-6.20478906836506,6.20478906836506,fORmina,anti_homophones
5547,1,21,2,3,1,-4.116296570557228,4.116296570557228,gRo,anti_homophones
5548,1,17,1,3,1,-4.256846794537144,4.256846794537144,buj,anti_homophones
5549,1,1,0,6,2,-5.841614401266189,5.841614401266189,nORdaZ,anti_homophones
5550,1,8,0,5,2,-5.089117247809182,5.089117247809182,Zwaje,anti_homophones
5551,1,0,0,10,5,-9.928413225768926,9.928413225768926,RegoRaside,anti_homophones
5552,1,34,4,3,1,-3.3475565601513635,3.3475565601513635,fER,anti_homophones
5553,1,0,0,7,3,-8.23900692359016,8.23900692359016,RatylaZ,anti_homophones
5554,1,0,0,6,3,-6.684751397599372,6.684751397599372,S°v°nE,anti_homophones
5555,1,1,0,5,2,-5.282536627988902,5.282536627988902,fOtOn,anti_homophones
5556,1,0,0,8,3,-7.905662350383039,7.905662350383039,debRazaN,anti_homophones
5557,1,0,0,8,4,-7.303867093637888,7.303867093637888,5sERtyRe,anti_homophones
5558,1,0,0,16,7,-11.362298071334337,11.362298071334337,solysid@tim@tabl,anti_homophones
5559,1,0,0,12,5,-11.79607346601209,11.79607346601209,bRyskopatoZi,anti_homophones
5560,1,0,0,8,4,-6.731850511198313,6.731850511198313,5bibl2m@,anti_homophones
5561,1,15,0,4,2,-5.894652662286702,5.894652662286702,Ral5,anti_homophones
5562,1,37,3,3,1,-3.547297898699754,3.547297898699754,tal,anti_homophones
5563,1,39,2,3,2,-3.8332594858318507,3.8332594858318507,ape,anti_homophones
5564,1,0,0,10,4,-8.738363766133334,8.738363766133334,defistenj5,anti_homophones
5565,1,0,0,9,3,-9.33874670578991,9.33874670578991,tORtaRtis,anti_homophones
5566,1,0,0,11,5,-9.616316819985876,9.616316819985876,plisefajote,anti_homophones
5567,1,0,0,7,3,-6.98221301105138,6.98221301105138,bOlinje,anti_homophones
5568,1,14,0,3,2,-4.4557847678541895,4.4557847678541895,5so,anti_homophones
5569,1,0,0,12,6,-12.566179889420512,12.566179889420512,Real°mEskave,anti_homophones
5570,1,1,0,8,3,-7.319735653463165,7.319735653463165,apaRkwaR,anti_homophones
5571,1,2,0,7,3,-5.206640148959128,5.206640148959128,k§t°n9R,anti_homophones
5572,1,1,0,5,2,-6.388744088970437,6.388744088970437,syRSi,anti_homophones
5573,1,0,0,7,2,-6.119942286066844,6.119942286066844,tR@spEk,anti_homophones
5574,1,21,1,3,1,-4.275809539419326,4.275809539419326,fyR,anti_homophones
5575,1,0,0,14,5,-11.578337950644368,11.578337950644368,ReakudRwatRibl,anti_homophones
5576,1,0,0,11,4,-11.036299157824981,11.036299157824981,glozistuRb§,anti_homophones
5577,1,7,1,5,2,-4.820318375322232,4.820318375322232,kadRe,anti_homophones
5578,1,3,0,5,2,-5.9568547644530945,5.9568547644530945,dekot,anti_homophones
5579,1,7,2,5,3,-5.078028889695802,5.078028889695802,emyle,anti_homophones
5580,1,0,0,7,3,-9.276806503024677,9.276806503024677,tomiziG,anti_homophones
5581,1,0,0,7,3,-6.678750416232205,6.678750416232205,iktwaje,anti_homophones
5582,1,1,0,7,3,-4.897452755137763,4.897452755137763,dez@t9R,anti_homophones
5583,1,4,0,5,2,-6.663722048973053,6.663722048973053,gaRbi,anti_homophones
5584,1,4,1,5,2,-5.073620231552384,5.073620231552384,sikoz,anti_homophones
5585,1,0,0,6,3,-6.432707519784544,6.432707519784544,katoR@,anti_homophones
5586,1,0,0,6,4,-8.164455064676526,8.164455064676526,@myle5,anti_homophones
5587,1,0,0,15,6,-14.01624414355965,14.01624414355965,wal@gustimedjal,anti_homophones
5588,1,13,0,4,2,-4.798640833598383,4.798640833598383,koka,anti_homophones
5589,1,0,0,13,6,-9.938836905243898,9.938836905243898,difORmaNOn°m@,anti_homophones
5590,1,0,0,8,3,-6.111461766499017,6.111461766499017,somatwaR,anti_homophones
5591,1,2,0,6,2,-6.006411977782744,6.006411977782744,sodjOm,anti_homophones
5592,1,3,0,6,2,-6.099026277408878,6.099026277408878,bomist,anti_homophones
5593,1,0,0,6,3,-7.56476030297976,7.56476030297976,s@dEta,anti_homophones
5594,1,1,0,6,3,-6.634510378130913,6.634510378130913,ven°ly,anti_homophones
5595,1,1,0,5,3,-6.915518055179195,6.915518055179195,@peRE,anti_homophones
5596,1,1,0,6,3,-7.2121470899820155,7.2121470899820155,5v5sj5,anti_homophones
5597,1,3,0,5,2,-5.298641523363216,5.298641523363216,tuSEt,anti_homophones
5598,1,1,0,6,3,-6.887325294724594,6.887325294724594,oRikan,anti_homophones
5599,1,0,0,8,4,-9.579534624064472,9.579534624064472,sikoR§bo,anti_homophones
5600,1,0,0,19,7,-17.830147060500533,17.830147060500533,kORnjenazdaktilofOb,anti_homophones
5601,1,0,0,6,3,-5.928943254498892,5.928943254498892,R°demi,anti_homophones
5602,1,1,0,6,2,-7.019965685780976,7.019965685780976,gRoNaZ,anti_homophones
5603,1,1,0,6,3,-5.480856155098491,5.480856155098491,otoRj2,anti_homophones
5604,1,4,0,5,3,-5.559523628988259,5.559523628988259,2RoSe,anti_homophones
5605,1,0,0,11,4,-11.943699324394574,11.943699324394574,altEsk5kaRn,anti_homophones
5606,1,13,1,4,2,-4.065535793379007,4.065535793379007,@dOR,anti_homophones
5607,1,1,0,7,4,-6.740966017322519,6.740966017322519,emyz°le,anti_homophones
5608,1,16,2,4,1,-4.087025593308161,4.087025593308161,plaZ,anti_homophones
5609,1,2,0,6,3,-6.26963330163406,6.26963330163406,polisi,anti_homophones
5610,1,21,1,4,1,-4.661880791614019,4.661880791614019,paRd,anti_homophones
5611,1,5,0,6,2,-5.118901235543758,5.118901235543758,Resizm,anti_homophones
5612,1,0,0,13,5,-12.407167329593891,12.407167329593891,fRolenifleSiR,anti_homophones
5613,1,6,0,4,2,-5.292038919305423,5.292038919305423,leSi,anti_homophones
5614,1,0,0,9,4,-8.864079527474846,8.864079527474846,ymidivitR,anti_homophones
5615,1,10,0,4,2,-5.338562421703079,5.338562421703079,peta,anti_homophones
5616,1,0,0,7,3,-6.733897282564561,6.733897282564561,kodikal,anti_homophones
5617,1,0,0,6,3,-5.929776213424329,5.929776213424329,gytyRe,anti_homophones
5618,1,0,0,9,4,-8.345855668418869,8.345855668418869,magmatyle,anti_homophones
5619,1,0,0,12,5,-10.129077296784988,10.129077296784988,moRaklinasj§,anti_homophones
5620,1,8,2,5,2,-4.3896810050482395,4.3896810050482395,defje,anti_homophones
5621,1,22,1,3,2,-3.872979426264173,3.872979426264173,afe,anti_homophones
5622,1,0,0,11,5,-7.4801502087175304,7.4801502087175304,bRytatik°m@,anti_homophones
5623,1,1,0,8,4,-5.636970161252319,5.636970161252319,SokoloZi,anti_homophones
5624,1,4,0,7,3,-5.526633992521189,5.526633992521189,bRalite,anti_homophones
5625,1,0,0,7,3,-6.354377545503166,6.354377545503166,@n8itER,anti_homophones
5626,1,0,0,9,3,-7.487907597843581,7.487907597843581,RegRifj@s,anti_homophones
5627,1,1,0,6,3,-6.518052889670324,6.518052889670324,EstikE,anti_homophones
5628,1,0,0,10,4,-9.959545668331335,9.959545668331335,l5toteRj9R,anti_homophones
5629,1,1,0,5,2,-7.350009915584492,7.350009915584492,gavOR,anti_homophones
5630,1,0,0,9,3,-7.569965592888345,7.569965592888345,myRmanizm,anti_homophones
5631,1,0,0,8,4,-7.797681080371614,7.797681080371614,akymEt9R,anti_homophones
5632,1,2,0,6,3,-5.5625643349724,5.5625643349724,R°p@t5,anti_homophones
5633,1,1,1,6,3,-5.132059997788658,5.132059997788658,komyte,anti_homophones
5634,1,10,0,4,1,-5.523414976337638,5.523414976337638,pREz,anti_homophones
5635,1,0,0,9,4,-8.792271733390512,8.792271733390512,defeREsiG,anti_homophones
5636,1,1,0,9,4,-7.187663049432116,7.187663049432116,Oksj2z°m@,anti_homophones
5637,1,0,0,7,3,-6.474753297970199,6.474753297970199,fRodyla,anti_homophones
5638,1,6,0,4,2,-5.54754146760728,5.54754146760728,bEZe,anti_homophones
5639,1,7,0,4,2,-4.4403502229701735,4.4403502229701735,5dys,anti_homophones
5640,1,0,0,16,7,-11.935008396055933,11.935008396055933,gRafiRm@tasit°Ri,anti_homophones
5641,1,0,0,7,3,-5.5164871056980065,5.5164871056980065,k§gl°m@,anti_homophones
5642,1,14,0,4,2,-4.339822178281606,4.339822178281606,abRe,anti_homophones
5643,1,3,1,7,3,-5.205980752963823,5.205980752963823,kaliz9R,anti_homophones
5644,1,0,0,8,4,-8.462386802277397,8.462386802277397,Ret@dala,anti_homophones
5645,1,0,0,9,3,-8.214903659823326,8.214903659823326,medjanORm,anti_homophones
5646,1,5,2,6,2,-4.672869098641945,4.672869098641945,tEksj§,anti_homophones
5647,1,0,0,6,3,-7.077653455693298,7.077653455693298,galak2,anti_homophones
5648,1,0,0,12,4,-10.475969136609514,10.475969136609514,d2zjEnwanizm,anti_homophones
5649,1,31,2,3,2,-3.565712833512379,3.565712833512379,ame,anti_homophones
5650,1,3,0,5,2,-6.069315098347548,6.069315098347548,ORtOR,anti_homophones
5651,1,1,0,6,3,-6.226520105573667,6.226520105573667,solym2,anti_homophones
5652,1,0,0,7,3,-6.773666271091096,6.773666271091096,kopRima,anti_homophones
5653,1,3,0,6,3,-5.667787808998063,5.667787808998063,alitik,anti_homophones
5654,1,8,1,5,2,-4.520538911859985,4.520538911859985,k§tRa,anti_homophones
5655,1,9,0,4,2,-5.517606445493788,5.517606445493788,@pat,anti_homophones
5656,1,14,1,3,1,-4.071184789305066,4.071184789305066,k8i,anti_homophones
5657,1,0,0,10,4,-8.756284266045878,8.756284266045878,maZistolje,anti_homophones
5658,1,0,0,8,4,-6.938391008633753,6.938391008633753,5peRaj9R,anti_homophones
5659,1,0,0,7,4,-6.834757068976,6.834757068976,elit°Ri,anti_homophones
5660,1,2,0,5,2,-6.275226387359855,6.275226387359855,skina,anti_homophones
5661,1,0,0,6,3,-7.134829327666094,7.134829327666094,vaZit§,anti_homophones
5662,1,0,0,15,7,-13.748761083186844,13.748761083186844,@pORtisinilatik,anti_homophones
5663,1,6,1,5,3,-5.662498894843069,5.662498894843069,ipolE,anti_homophones
5664,1,3,0,7,3,-5.412158463160305,5.412158463160305,fasasj§,anti_homophones
5665,1,4,0,5,2,-5.272427741098128,5.272427741098128,kapyS,anti_homophones
5666,1,2,0,7,4,-6.132440378350064,6.132440378350064,ekaS°m@,anti_homophones
5667,1,11,1,4,2,-4.97490876551621,4.97490876551621,ekRe,anti_homophones
5668,1,12,0,4,2,-4.809979206552251,4.809979206552251,sena,anti_homophones
5669,1,3,0,4,2,-5.100749083477914,5.100749083477914,Zib2,anti_homophones
5670,1,13,0,3,1,-4.709701577830358,4.709701577830358,fos,anti_homophones
5671,1,1,0,6,3,-5.662450576002617,5.662450576002617,@s5tER,anti_homophones
5672,1,0,0,8,3,-6.030963276969055,6.030963276969055,Egzisabl,anti_homophones
5673,1,11,0,3,2,-5.013023532869636,5.013023532869636,Ede,anti_homophones
5674,1,15,1,5,2,-4.687598337335404,4.687598337335404,kRute,anti_homophones
5675,1,2,0,5,2,-6.158088382690121,6.158088382690121,fRyso,anti_homophones
5676,1,16,2,3,2,-4.201355782573436,4.201355782573436,@to,anti_homophones
5677,1,0,0,14,6,-10.047324941277829,10.047324941277829,pedikRoSizasj§,anti_homophones
5678,1,0,0,6,3,-7.019332189500784,7.019332189500784,obit9R,anti_homophones
5679,1,2,0,5,2,-5.999427296271087,5.999427296271087,bRav@,anti_homophones
5680,1,7,1,5,2,-4.910368316822395,4.910368316822395,panik,anti_homophones
5681,1,0,0,10,4,-9.65615674934732,9.65615674934732,fil@sk§tRa,anti_homophones
5682,1,20,0,3,1,-4.471907579822016,4.471907579822016,tut,anti_homophones
5683,1,1,0,6,2,-6.284732288485805,6.284732288485805,dR8it2,anti_homophones
5684,1,0,0,12,5,-12.72260486533447,12.72260486533447,fwEdsapEz°m@,anti_homophones
5685,1,0,0,8,4,-6.590127394988543,6.590127394988543,5depRuve,anti_homophones
5686,1,0,0,9,3,-7.082187272765744,7.082187272765744,klodomEtR,anti_homophones
5687,1,2,1,6,2,-4.400729126241851,4.400729126241851,bRujaZ,anti_homophones
5688,1,0,0,5,2,-5.250037964433643,5.250037964433643,aRtuz,anti_homophones
5689,1,26,1,3,1,-4.062435225523855,4.062435225523855,tEl,anti_homophones
5690,1,12,1,4,1,-4.552408929778254,4.552408929778254,pERm,anti_homophones
5691,1,3,1,6,3,-4.881786700510165,4.881786700510165,aksite,anti_homophones
5692,1,17,0,3,2,-4.8489803453286155,4.8489803453286155,amy,anti_homophones
5693,1,0,0,9,4,-7.265968255676833,7.265968255676833,k§seksyda,anti_homophones
5694,1,1,0,6,3,-6.498028996745129,6.498028996745129,neoRoz,anti_homophones
5695,1,0,1,6,2,-5.046111947369539,5.046111947369539,disZw5,anti_homophones
5696,1,0,0,9,3,-7.007241841390443,7.007241841390443,metR@sfOR,anti_homophones
5697,1,12,1,6,3,-5.698551297276011,5.698551297276011,mEn°m@,anti_homophones
5698,1,0,0,13,6,-13.737062239854794,13.737062239854794,mam°nataS°miS,anti_homophones
5699,1,0,0,10,5,-8.152818895785105,8.152818895785105,afR2d2vine,anti_homophones
5700,1,6,1,4,2,-4.922361044210211,4.922361044210211,apw5,anti_homophones
5701,1,1,0,6,3,-5.059938654277986,5.059938654277986,agiSaZ,anti_homophones
5702,1,3,0,6,3,-5.28569322166161,5.28569322166161,dezam5,anti_homophones
5703,1,13,2,5,2,-4.004884529279311,4.004884529279311,pERse,anti_homophones
5704,1,15,2,5,2,-4.438420963064394,4.438420963064394,paRti,anti_homophones
5705,1,2,0,8,4,-5.766248026209807,5.766248026209807,gaRis°m@,anti_homophones
5706,1,7,0,6,3,-5.201099672196457,5.201099672196457,polis@,anti_homophones
5707,1,4,1,4,2,-4.5374595901283055,4.5374595901283055,R§d5,anti_homophones
5708,1,0,0,6,2,-8.947823179168903,8.947823179168903,psakas,anti_homophones
5709,1,12,0,5,2,-5.356693130415818,5.356693130415818,debER,anti_homophones
5710,1,0,0,12,5,-9.629625108453146,9.629625108453146,tRosiljEn°m@,anti_homophones
5711,1,2,0,5,2,-5.155695022551004,5.155695022551004,@pl9R,anti_homophones
5712,1,6,1,6,3,-5.04452981520362,5.04452981520362,anatyR,anti_homophones
5713,1,0,0,15,6,-12.758674904782934,12.758674904782934,kokulinEkstElER,anti_homophones
5714,1,0,0,15,6,-13.158758272300876,13.158758272300876,siljaminis@sabl,anti_homophones
5715,1,3,0,4,2,-4.795725423960927,4.795725423960927,bug§,anti_homophones
5716,1,0,0,7,3,-8.446878006680059,8.446878006680059,akOljom,anti_homophones
5717,1,6,0,5,2,-5.637578229407858,5.637578229407858,dekRy,anti_homophones
5718,1,19,0,4,2,-4.53693627972541,4.53693627972541,late,anti_homophones
5719,1,4,0,5,2,-5.333325708149575,5.333325708149575,fajit,anti_homophones
5720,1,0,0,7,3,-8.681109668914434,8.681109668914434,SERtisi,anti_homophones
5721,1,17,0,4,2,-5.467144869583062,5.467144869583062,fele,anti_homophones
5722,1,0,0,10,4,-7.271313884425278,7.271313884425278,lapitalizm,anti_homophones
5723,1,3,1,7,4,-4.691624448370559,4.691624448370559,ekilite,anti_homophones
5724,1,4,1,5,2,-4.580388645831467,4.580388645831467,uvRiR,anti_homophones
5725,1,0,0,8,4,-6.991021103405828,6.991021103405828,t@poREse,anti_homophones
5726,1,0,0,6,2,-6.361595212646947,6.361595212646947,senibl,anti_homophones
5727,1,12,0,4,2,-5.0679984893675565,5.0679984893675565,taj§,anti_homophones
5728,1,0,0,10,3,-11.007189458041449,11.007189458041449,pRakRupisk,anti_homophones
5729,1,4,1,5,2,-4.794801030831712,4.794801030831712,fifik,anti_homophones
5730,1,10,0,4,1,-5.5795790456511085,5.5795790456511085,SaRl,anti_homophones
5731,1,5,0,4,2,-4.861362421566876,4.861362421566876,Rein,anti_homophones
5732,1,6,1,4,1,-4.404790892052328,4.404790892052328,f§dR,anti_homophones
5733,1,0,0,13,6,-13.406851799009676,13.406851799009676,despoRik@tim§,anti_homophones
5734,1,0,0,9,4,-7.96680694211206,7.96680694211206,m§sekyt9R,anti_homophones
5735,1,0,0,8,3,-7.866787769219704,7.866787769219704,bR5batEl,anti_homophones
5736,1,1,0,5,2,-5.936134480770101,5.936134480770101,pjon@,anti_homophones
5737,1,6,0,5,2,-4.970467351305505,4.970467351305505,kulje,anti_homophones
5738,1,1,0,7,3,-6.277401537146672,6.277401537146672,bazijaZ,anti_homophones
5739,1,0,0,8,3,-5.023926830521311,5.023926830521311,pjEgl°m@,anti_homophones
5740,1,0,0,12,5,-9.281633288862581,9.281633288862581,pERmaskal°Ri,anti_homophones
5741,1,13,2,4,2,-4.3707262988367095,4.3707262988367095,Z@te,anti_homophones
5742,1,8,0,4,2,-5.2137085081901295,5.2137085081901295,SEz§,anti_homophones
5743,1,0,0,12,6,-14.35816499720643,14.35816499720643,patEZapoligo,anti_homophones
5744,1,0,0,14,6,-14.30724120443644,14.30724120443644,gR§dERm@tEz2te,anti_homophones
5745,1,0,0,12,4,-12.919781323408465,12.919781323408465,pERsjolymast,anti_homophones
5746,1,0,0,9,4,-8.446734303386267,8.446734303386267,ekloRas9R,anti_homophones
5747,1,6,1,6,3,-4.4699563485122455,4.4699563485122455,vaz°m@,anti_homophones
5748,1,0,0,10,4,-8.014616437695068,8.014616437695068,vERdiREkte,anti_homophones
5749,1,3,1,7,3,-4.687642249690026,4.687642249690026,pj2z°m@,anti_homophones
5750,1,10,1,4,2,-5.093158422781506,5.093158422781506,s§de,anti_homophones
5751,1,0,0,11,4,-10.380959592786784,10.380959592786784,dekaftaRdin,anti_homophones
5752,1,0,0,12,6,-13.651959162077082,13.651959162077082,byRosadolEj@,anti_homophones
5753,1,0,0,8,3,-6.19539222788385,6.19539222788385,lysjonik,anti_homophones
5754,1,5,1,6,2,-4.635352741915927,4.635352741915927,pREs9R,anti_homophones
5755,1,5,0,3,2,-6.659731641982557,6.659731641982557,@Go,anti_homophones
5756,1,1,0,6,2,-6.406850860054448,6.406850860054448,puRsim,anti_homophones
5757,1,0,0,9,3,-11.571454223529757,11.571454223529757,Zyl@skaRd,anti_homophones
5758,1,9,1,5,2,-4.767045866787174,4.767045866787174,baS9R,anti_homophones
5759,1,0,0,9,4,-8.642613663220667,8.642613663220667,ZenidRoZe,anti_homophones
5760,1,0,0,11,5,-9.922253452907977,9.922253452907977,R°k§symozEf,anti_homophones
5761,1,0,0,10,5,-8.504301033269092,8.504301033269092,balEzamize,anti_homophones
5762,1,6,0,4,1,-5.217827435380403,5.217827435380403,kRES,anti_homophones
5763,1,12,0,4,2,-5.125319919456077,5.125319919456077,deik,anti_homophones
5764,1,0,0,5,3,-7.2171656444585945,7.2171656444585945,@f5l@,anti_homophones
5765,1,0,0,6,3,-6.87137174627028,6.87137174627028,ERbake,anti_homophones
5766,1,9,0,4,2,-5.173849792369268,5.173849792369268,leni,anti_homophones
5767,1,5,1,6,2,-4.422838826818158,4.422838826818158,pRofOn,anti_homophones
5768,1,4,0,5,1,-5.783425090817842,5.783425090817842,blasm,anti_homophones
5769,1,0,0,8,3,-7.842801993205614,7.842801993205614,famikROb,anti_homophones
5770,1,0,0,9,4,-8.56010077083677,8.56010077083677,volystaNE,anti_homophones
5771,1,2,0,6,2,-5.738003874175157,5.738003874175157,dezapR,anti_homophones
5772,1,0,0,8,3,-7.912298753165855,7.912298753165855,maRtijiR,anti_homophones
5773,1,6,1,3,1,-4.618909773135103,4.618909773135103,s5Z,anti_homophones
5774,1,12,1,5,3,-4.66138941437722,4.66138941437722,elize,anti_homophones
5775,1,0,0,7,3,-6.562138915074405,6.562138915074405,Ragm@t5,anti_homophones
5776,1,0,0,9,5,-7.116194095916694,7.116194095916694,elegas°m@,anti_homophones
5777,1,10,1,5,2,-4.580110931791546,4.580110931791546,s@t9R,anti_homophones
5778,1,10,0,5,3,-5.154000529309951,5.154000529309951,ekine,anti_homophones
5779,1,0,0,7,3,-7.167329318100953,7.167329318100953,byS°min,anti_homophones
5780,1,1,0,10,4,-8.26459927666266,8.26459927666266,kalkoRatik,anti_homophones
5781,1,8,0,4,2,-4.983307696420891,4.983307696420891,buj§,anti_homophones
5782,1,0,0,7,3,-6.5562928644036855,6.5562928644036855,@p°RjOm,anti_homophones
5783,1,0,0,13,6,-11.987458862233071,11.987458862233071,demusk°naZ°Ri,anti_homophones
5784,1,0,0,7,3,-6.193976758489709,6.193976758489709,kanizaZ,anti_homophones
5785,1,3,0,6,2,-5.002263583456672,5.002263583456672,tRijOt,anti_homophones
5786,1,0,0,6,2,-5.814039162248251,5.814039162248251,taklin,anti_homophones
5787,1,3,1,7,3,-5.17081798204042,5.17081798204042,vERn°m@,anti_homophones
5788,1,0,0,11,4,-6.743034750323767,6.743034750323767,deplwabl°m@,anti_homophones
5789,1,0,0,11,4,-12.112374715359163,12.112374715359163,detRabjosEs,anti_homophones
5790,1,13,1,4,2,-4.719907038384398,4.719907038384398,beNe,anti_homophones
5791,1,0,0,7,3,-6.114302302929395,6.114302302929395,poloZj5,anti_homophones
5792,1,0,0,8,3,-8.387917771321588,8.387917771321588,OsmokRal,anti_homophones
5793,1,0,0,8,3,-7.21982907554291,7.21982907554291,klak2tER,anti_homophones
5794,1,18,2,5,2,-4.197358740023798,4.197358740023798,baRde,anti_homophones
5795,1,1,0,6,3,-4.829831382004008,4.829831382004008,dezav2,anti_homophones
5796,1,0,0,9,4,-7.332774489750128,7.332774489750128,s°Rjalite,anti_homophones
5797,1,1,0,7,2,-5.651299857162798,5.651299857162798,syRZist,anti_homophones
5798,1,0,0,6,3,-7.324582726135142,7.324582726135142,kylomi,anti_homophones
5799,1,1,0,6,2,-6.409110884412843,6.409110884412843,pERplE,anti_homophones
5800,1,9,1,7,3,-4.660589123442117,4.660589123442117,@tRasj§,anti_homophones
5801,1,9,1,6,2,-5.231856280047475,5.231856280047475,pResit,anti_homophones
5802,1,0,0,13,5,-10.005111311690463,10.005111311690463,telEktRoleRit,anti_homophones
5803,1,2,0,5,2,-5.858689813897524,5.858689813897524,kROn5,anti_homophones
5804,1,1,0,8,4,-6.944206103221829,6.944206103221829,ReZyZybe,anti_homophones
5805,1,2,0,5,2,-5.274101003511282,5.274101003511282,5fRwa,anti_homophones
5806,1,14,1,5,2,-4.47766587796045,4.47766587796045,polin,anti_homophones
5807,1,1,0,6,2,-6.107608760710757,6.107608760710757,pedjEn,anti_homophones
5808,1,1,0,5,1,-5.759193987603767,5.759193987603767,stasm,anti_homophones
5809,1,2,0,5,2,-6.1971968090539695,6.1971968090539695,buSid,anti_homophones
5810,1,3,0,6,2,-5.833614972577512,5.833614972577512,sistif,anti_homophones
5811,1,0,0,13,6,-12.803312462600514,12.803312462600514,nevelipERp@te,anti_homophones
5812,1,2,0,6,2,-6.215147171716344,6.215147171716344,gliS9R,anti_homophones
5813,1,27,0,3,1,-4.202669182831571,4.202669182831571,mOl,anti_homophones
5814,1,0,0,7,3,-7.530521612648754,7.530521612648754,lamaRko,anti_homophones
5815,1,0,0,14,6,-14.230219769430711,14.230219769430711,ZenetaligadRam,anti_homophones
5816,1,5,0,4,2,-5.091477641299115,5.091477641299115,aduR,anti_homophones
5817,1,0,0,10,4,-9.219238053474244,9.219238053474244,vEsoRoRizm,anti_homophones
5818,1,19,0,3,1,-4.856255873599666,4.856255873599666,fli,anti_homophones
5819,1,23,1,4,2,-4.487049936202437,4.487049936202437,fine,anti_homophones
5820,1,0,0,6,2,-5.517364357839389,5.517364357839389,kOlpOR,anti_homophones
5821,1,24,0,3,2,-4.656250327649325,4.656250327649325,@di,anti_homophones
5822,1,15,2,3,1,-4.159690540780424,4.159690540780424,glo,anti_homophones
5823,1,3,0,6,2,-6.005526133288018,6.005526133288018,kRomik,anti_homophones
5824,1,0,0,10,4,-11.051580208020683,11.051580208020683,apsk§tyRj@,anti_homophones
5825,1,7,1,4,2,-5.540075386036779,5.540075386036779,goRi,anti_homophones
5826,1,0,0,13,5,-10.668206988155797,10.668206988155797,RegylaRfyzj9R,anti_homophones
5827,1,0,0,8,4,-7.220932039969065,7.220932039969065,Zelodite,anti_homophones
5828,1,0,0,11,5,-6.114930941230746,6.114930941230746,deliZj2z°m@,anti_homophones
5829,1,6,1,3,1,-4.652040771772478,4.652040771772478,pn2,anti_homophones
5830,1,0,0,9,5,-10.176985291749082,10.176985291749082,@tabizole,anti_homophones
5831,1,0,0,14,6,-14.213899631416915,14.213899631416915,lEkspitERoRiGo,anti_homophones
5832,1,2,1,4,2,-4.112922685240429,4.112922685240429,ipEd,anti_homophones
5833,1,0,0,5,3,-5.557282698369252,5.557282698369252,@tase,anti_homophones
5834,1,2,1,6,2,-4.182557972854721,4.182557972854721,dezabl,anti_homophones
5835,1,7,0,4,2,-4.757142442004419,4.757142442004419,poSE,anti_homophones
5836,1,0,0,9,4,-6.863844061231413,6.863844061231413,osedykt9R,anti_homophones
5837,1,1,0,5,2,-5.243658152486619,5.243658152486619,gofOn,anti_homophones
5838,1,0,1,8,3,-5.636638463165743,5.636638463165743,sybv@sje,anti_homophones
5839,1,0,0,16,6,-14.237602857161491,14.237602857161491,s5sEpsidystRakte,anti_homophones
5840,1,1,0,6,2,-6.801364114521091,6.801364114521091,djanoz,anti_homophones
5841,1,0,0,10,4,-9.394668755434738,9.394668755434738,Opskyzadam,anti_homophones
5842,1,0,0,10,4,-8.537745414438305,8.537745414438305,bR§kybisj§,anti_homophones
5843,1,0,0,8,4,-7.8114807916925475,7.8114807916925475,Regalok@,anti_homophones
5844,1,1,0,5,3,-5.941665570982129,5.941665570982129,El°te,anti_homophones
5845,1,0,0,9,4,-7.583221309323577,7.583221309323577,imateRabl,anti_homophones
5846,1,4,2,5,2,-4.434134075695951,4.434134075695951,fuRm@,anti_homophones
5847,1,4,0,3,2,-6.363110877435099,6.363110877435099,oS§,anti_homophones
5848,1,12,0,4,2,-6.056997320295269,6.056997320295269,laRa,anti_homophones
5849,1,0,0,8,4,-7.706118348784562,7.706118348784562,teleotOk,anti_homophones
5850,1,6,1,6,3,-4.5842156876283395,4.5842156876283395,kul°m@,anti_homophones
5851,1,0,0,15,6,-13.842217338956866,13.842217338956866,apsk§tRimetaRj5,anti_homophones
5852,1,1,0,7,4,-6.812933159921138,6.812933159921138,kateis@,anti_homophones
5853,1,0,0,8,4,-5.19912184336069,5.19912184336069,difik°m@,anti_homophones
5854,1,0,0,13,5,-9.674150680457428,9.674150680457428,filoZisteRjOm,anti_homophones
5855,1,0,0,8,4,-9.087500410847149,9.087500410847149,olanetik,anti_homophones
5856,1,2,0,4,2,-4.844163163095885,4.844163163095885,tutu,anti_homophones
5857,1,2,0,5,2,-4.921148634614509,4.921148634614509,Z°nuj,anti_homophones
5858,1,9,0,4,1,-4.440635839935564,4.440635839935564,fwEt,anti_homophones
5859,1,0,0,12,5,-9.828171411575445,9.828171411575445,vERnivERZ°Ri,anti_homophones
5860,1,31,2,3,1,-3.834034858719466,3.834034858719466,fRe,anti_homophones
5861,1,22,1,4,2,-5.200283500360488,5.200283500360488,pize,anti_homophones
5862,1,0,0,11,5,-9.257329592080302,9.257329592080302,RodyktyREz§,anti_homophones
5863,1,0,0,12,6,-9.401784694565771,9.401784694565771,kodelegal°m@,anti_homophones
5864,1,6,1,5,2,-5.247434348937666,5.247434348937666,paRl5,anti_homophones
5865,1,21,2,3,1,-3.900275303577691,3.900275303577691,s9R,anti_homophones
5866,1,0,0,6,3,-6.21930786587766,6.21930786587766,f§dyl2,anti_homophones
5867,1,9,0,4,2,-5.541529727916106,5.541529727916106,bEz§,anti_homophones
5868,1,10,0,4,2,-6.465564385284567,6.465564385284567,gaj@,anti_homophones
5869,1,7,0,5,2,-4.976584046142784,4.976584046142784,mis9R,anti_homophones
5870,1,8,1,5,2,-4.772725376141547,4.772725376141547,paRyR,anti_homophones
5871,1,0,0,16,6,-14.445779660407053,14.445779660407053,5konEkspREv9glaZ,anti_homophones
5872,1,3,0,5,2,-5.628041991704337,5.628041991704337,R2fOR,anti_homophones
5873,1,19,2,4,2,-3.833066253644238,3.833066253644238,inal,anti_homophones
5874,1,1,0,7,2,-5.520041744222656,5.520041744222656,baRdizm,anti_homophones
5875,1,1,0,6,2,-5.28637267684579,5.28637267684579,Radjom,anti_homophones
5876,1,1,0,6,3,-6.035362773543966,6.035362773543966,5pRopi,anti_homophones
5877,1,0,0,10,5,-8.31279240914298,8.31279240914298,keminaZ°m@,anti_homophones
5878,1,0,0,6,2,-5.690436479513274,5.690436479513274,sin8Om,anti_homophones
5879,1,0,0,12,6,-8.301221730224768,8.301221730224768,R°kalonEl°m@,anti_homophones
5880,1,19,1,4,2,-4.503157800855107,4.503157800855107,gam@,anti_homophones
5881,1,0,0,9,4,-6.836925431905997,6.836925431905997,R2s°v°n@s,anti_homophones
5882,1,0,0,8,3,-7.612290482328321,7.612290482328321,vwatyRZe,anti_homophones
5883,1,7,0,6,2,-4.4526075707793416,4.4526075707793416,pORt9R,anti_homophones
5884,1,0,0,7,3,-6.558301242924773,6.558301242924773,RabityR,anti_homophones
5885,1,0,0,7,3,-8.610281405843038,8.610281405843038,noREks@,anti_homophones
5886,1,21,1,3,2,-4.645225203097362,4.645225203097362,oSe,anti_homophones
5887,1,10,0,4,2,-4.50001319503081,4.50001319503081,alyS,anti_homophones
5888,1,0,1,5,2,-4.528174666579789,4.528174666579789,s@kt§,anti_homophones
5889,1,4,1,4,2,-4.692611700875989,4.692611700875989,b§d@,anti_homophones
5890,1,0,0,9,4,-8.55157957170165,8.55157957170165,@glominEt,anti_homophones
5891,1,1,0,6,3,-6.105388972778097,6.105388972778097,k5kaZe,anti_homophones
5892,1,1,1,10,5,-4.551123325784023,4.551123325784023,koloZik°m@,anti_homophones
5893,1,11,1,4,2,-4.842184812398771,4.842184812398771,l@pe,anti_homophones
5894,1,0,0,8,4,-8.574177451879033,8.574177451879033,l@bis°le,anti_homophones
5895,1,19,2,3,1,-4.158673139088709,4.158673139088709,sut,anti_homophones
5896,1,0,0,14,6,-10.933908341344901,10.933908341344901,skopatRikOt°Ri,anti_homophones
5897,1,0,0,10,4,-6.993088292252681,6.993088292252681,in5tegRizm,anti_homophones
5898,1,0,0,11,4,-6.673699732154469,6.673699732154469,tEknokRasj§,anti_homophones
5899,1,26,2,4,2,-4.564064258607503,4.564064258607503,kali,anti_homophones
5900,1,0,0,8,4,-8.82105809458878,8.82105809458878,aspitime,anti_homophones
5901,1,0,0,8,3,-6.920214724627872,6.920214724627872,dekonEks,anti_homophones
5902,1,0,0,15,6,-13.233765134802171,13.233765134802171,kRaksimetRopOte,anti_homophones
5903,1,13,1,3,1,-4.581524431984585,4.581524431984585,p§p,anti_homophones
5904,1,0,0,11,5,-7.4488687259766175,7.4488687259766175,R°pRizOn°m@,anti_homophones
5905,1,0,0,7,3,-7.090356068832773,7.090356068832773,tiRasEt,anti_homophones
5906,1,10,1,4,2,-5.314551478388392,5.314551478388392,kula,anti_homophones
5907,1,10,0,6,2,-5.619490240349037,5.619490240349037,moRist,anti_homophones
5908,1,2,0,6,2,-5.273443714833123,5.273443714833123,pERS9R,anti_homophones
5909,1,0,0,8,4,-9.828563956932996,9.828563956932996,taRakasE,anti_homophones
5910,1,1,0,6,3,-7.801925631641835,7.801925631641835,izamik,anti_homophones
5911,1,3,0,5,2,-6.1274516703413555,6.1274516703413555,kwaR§,anti_homophones
5912,1,6,1,4,2,-4.711206150407854,4.711206150407854,k§fy,anti_homophones
5913,1,0,0,13,6,-13.762686332290725,13.762686332290725,l5fogotopedit,anti_homophones
5914,1,6,0,4,2,-5.084243462064215,5.084243462064215,k@be,anti_homophones
5915,1,5,0,4,2,-4.976426158093052,4.976426158093052,enOm,anti_homophones
5916,1,2,0,5,3,-7.076735043167612,7.076735043167612,Ze@si,anti_homophones
5917,1,0,0,10,5,-7.995800869284654,7.995800869284654,RepaRabote,anti_homophones
5918,1,1,0,6,3,-5.852096680922975,5.852096680922975,aRs°le,anti_homophones
5919,1,0,0,12,4,-10.023263502701601,10.023263502701601,fl9RtRobat9R,anti_homophones
5920,1,0,0,13,5,-7.840851588772639,7.840851588772639,RadjoelEktibl,anti_homophones
5921,1,1,0,6,3,-6.304360590273788,6.304360590273788,kaZole,anti_homophones
5922,1,4,1,7,4,-4.486045805533383,4.486045805533383,Realite,anti_homophones
5923,1,0,0,9,4,-9.265420923691305,9.265420923691305,aplizisj§,anti_homophones
5924,1,2,0,5,3,-5.000927078278598,5.000927078278598,em2te,anti_homophones
5925,1,6,0,5,2,-5.298575646456748,5.298575646456748,kij9R,anti_homophones
5926,1,1,0,5,2,-6.180463381355315,6.180463381355315,njER2,anti_homophones
5927,1,0,0,13,5,-8.93237684139189,8.93237684139189,panEksplik°m@,anti_homophones
5928,1,0,0,12,5,-12.583977742130466,12.583977742130466,totamakaRdoz,anti_homophones
5929,1,2,0,4,2,-7.280414938359167,7.280414938359167,emEj,anti_homophones
5930,1,0,1,8,3,-6.287125575260839,6.287125575260839,kals@ble,anti_homophones
5931,1,8,0,4,2,-5.321865096039436,5.321865096039436,dyke,anti_homophones
5932,1,0,0,11,5,-9.629263551689787,9.629263551689787,futyRbabili,anti_homophones
5933,1,0,0,12,6,-11.22963848854168,11.22963848854168,balinytilize,anti_homophones
5934,1,7,1,5,2,-4.661394628984779,4.661394628984779,kaRj5,anti_homophones
5935,1,4,0,6,2,-5.103159294639944,5.103159294639944,mynist,anti_homophones
5936,1,0,0,8,3,-6.615579474616547,6.615579474616547,RevOltip,anti_homophones
5937,1,1,0,7,3,-8.420500107713938,8.420500107713938,R°tElam,anti_homophones
5938,1,4,0,5,2,-4.940171657391447,4.940171657391447,detEs,anti_homophones
5939,1,0,0,11,5,-9.319628321145789,9.319628321145789,tiRpabiliz@,anti_homophones
5940,1,29,1,3,1,-4.831339313241418,4.831339313241418,maz,anti_homophones
5941,1,9,1,4,2,-4.814508412165506,4.814508412165506,dek§,anti_homophones
5942,1,0,0,10,5,-7.809258472313774,7.809258472313774,Reysilasj§,anti_homophones
5943,1,21,1,3,1,-4.225171232524941,4.225171232524941,bwa,anti_homophones
5944,1,31,1,3,2,-4.4644950568127415,4.4644950568127415,api,anti_homophones
5945,1,5,1,5,2,-5.242128575709626,5.242128575709626,kaRb§,anti_homophones
5946,1,0,0,5,2,-6.241806565827252,6.241806565827252,Eskus,anti_homophones
5947,1,1,0,8,4,-6.497545572946111,6.497545572946111,5k§s@tik,anti_homophones
5948,1,0,0,12,5,-11.06475180995995,11.06475180995995,ogyRZakyzabl,anti_homophones
5949,1,0,0,6,2,-6.290880545256288,6.290880545256288,stikER,anti_homophones
5950,1,0,0,6,3,-5.886890164089639,5.886890164089639,keSum@,anti_homophones
5951,1,0,0,9,4,-7.283863232286786,7.283863232286786,Zybilis9R,anti_homophones
5952,1,8,0,5,2,-4.966005456238496,4.966005456238496,deSaR,anti_homophones
5953,1,0,0,10,4,-9.240287332484431,9.240287332484431,EskRiminEs,anti_homophones
5954,1,3,1,6,3,-5.291735729615066,5.291735729615066,syt°Ri,anti_homophones
5955,1,1,0,5,2,-5.839299927805415,5.839299927805415,adZwa,anti_homophones
5956,1,28,2,2,1,-4.569113301322141,4.569113301322141,mE,anti_homophones
5957,1,6,0,5,2,-4.973815371725789,4.973815371725789,petRi,anti_homophones
5958,1,7,1,4,2,-4.867997635963706,4.867997635963706,pus@,anti_homophones
5959,1,2,1,6,2,-4.896334378152463,4.896334378152463,Opst@s,anti_homophones
5960,1,0,0,10,4,-8.769800073171163,8.769800073171163,kudwajutiR,anti_homophones
5961,1,0,0,6,3,-6.624404479823053,6.624404479823053,gaR@Z5,anti_homophones
5962,1,0,1,6,3,-5.936387632165629,5.936387632165629,ZeosaZ,anti_homophones
5963,1,20,1,3,1,-4.64950008456329,4.64950008456329,Rum,anti_homophones
5964,1,0,0,15,6,-12.313816214290187,12.313816214290187,5pRofaZiklinizm,anti_homophones
5965,1,18,0,5,2,-4.535373348396242,4.535373348396242,patER,anti_homophones
5966,1,30,1,3,2,-4.150505986148144,4.150505986148144,oRi,anti_homophones
5967,1,0,0,13,6,-12.651947650929056,12.651947650929056,dubRizabilite,anti_homophones
5968,1,7,0,4,2,-5.039458734497603,5.039458734497603,Rik5,anti_homophones
5969,1,1,0,5,3,-6.329611919554456,6.329611919554456,el@ko,anti_homophones
5970,1,1,0,6,3,-6.428822350128307,6.428822350128307,bonime,anti_homophones
5971,1,24,2,3,1,-4.057961951643646,4.057961951643646,dEl,anti_homophones
5972,1,0,0,8,3,-7.11467080927281,7.11467080927281,otRyktiv,anti_homophones
5973,1,38,2,3,1,-4.241025423760393,4.241025423760393,Ras,anti_homophones
5974,1,0,0,12,6,-11.434840598753599,11.434840598753599,R°voS°manEs@,anti_homophones
5975,1,0,0,10,5,-7.806776237592708,7.806776237592708,deikyltyRe,anti_homophones
5976,1,0,0,9,4,-9.044762548320909,9.044762548320909,mjOpajyan,anti_homophones
5977,1,0,0,7,3,-7.885827646751604,7.885827646751604,lyksEs@,anti_homophones
5978,1,0,0,9,4,-7.79306853300304,7.79306853300304,tRaviRoid,anti_homophones
5979,1,16,1,3,1,-4.639297083443177,4.639297083443177,mEj,anti_homophones
5980,1,11,1,3,1,-4.651704672731468,4.651704672731468,wiS,anti_homophones
5981,1,0,0,9,4,-7.676758481827157,7.676758481827157,apaRatibl,anti_homophones
5982,1,5,0,6,3,-5.204375960123129,5.204375960123129,eviz9R,anti_homophones
5983,1,1,0,6,3,-5.633485234000514,5.633485234000514,iReabl,anti_homophones
5984,1,2,0,5,3,-5.27522583792973,5.27522583792973,agRee,anti_homophones
5985,1,1,0,7,3,-7.223107293839794,7.223107293839794,elykt82,anti_homophones
5986,1,0,0,10,4,-8.487892569063398,8.487892569063398,divERspiRo,anti_homophones
5987,1,0,0,8,3,-7.69240080469632,7.69240080469632,moRjEnto,anti_homophones
5988,1,19,2,5,2,-4.4205981163572545,4.4205981163572545,Ratif,anti_homophones
5989,1,4,0,6,3,-5.279008461493592,5.279008461493592,alwaje,anti_homophones
5990,1,0,0,10,4,-9.321495284791245,9.321495284791245,syspiRatR2,anti_homophones
5991,1,0,0,9,4,-7.220279555943658,7.220279555943658,sukupl°m@,anti_homophones
5992,1,8,1,4,1,-4.930184757544176,4.930184757544176,salm,anti_homophones
5993,1,24,3,5,2,-3.855673082612679,3.855673082612679,lasj§,anti_homophones
5994,1,3,0,5,2,-5.716937246834729,5.716937246834729,pajak,anti_homophones
5995,1,0,0,9,4,-8.444632237957846,8.444632237957846,@baluRd5g,anti_homophones
5996,1,0,0,9,5,-9.156676902228481,9.156676902228481,esoRikyl2,anti_homophones
5997,1,0,0,12,5,-12.53769485031675,12.53769485031675,pOltimisiliz,anti_homophones
5998,1,0,0,7,4,-6.530855847963902,6.530855847963902,5tERasi,anti_homophones
5999,1,0,0,10,5,-8.891276431496706,8.891276431496706,almatifika,anti_homophones
6000,1,0,0,5,3,-6.512720866711736,6.512720866711736,5g@dE,anti_homophones
6001,1,0,0,8,3,-6.502066475289467,6.502066475289467,kuRbijaZ,anti_homophones
6002,1,0,0,9,5,-10.825564840908697,10.825564840908697,kaleinevy,anti_homophones
6003,1,0,0,6,2,-5.979317656057709,5.979317656057709,fift§g,anti_homophones
6004,1,0,0,10,4,-10.813093870523439,10.813093870523439,Sisamasabl,anti_homophones
6005,1,6,0,3,1,-6.356310177236633,6.356310177236633,nuz,anti_homophones
6006,1,7,0,5,2,-4.511228746568919,4.511228746568919,S@t9R,anti_homophones
6007,1,16,2,4,1,-4.083327442784351,4.083327442784351,nwaR,anti_homophones
6008,1,8,0,6,2,-4.873805036982094,4.873805036982094,maRsj§,anti_homophones
6009,1,0,0,9,4,-6.994310828628716,6.994310828628716,vjotiv°m@,anti_homophones
6010,1,0,0,10,4,-8.284599489446835,8.284599489446835,Opt@bRuj9R,anti_homophones
6011,1,26,3,3,2,-3.9731003245112104,3.9731003245112104,ina,anti_homophones
6012,1,1,0,6,2,-6.24450005501587,6.24450005501587,tREjEt,anti_homophones
6013,1,0,0,9,3,-8.761040735229306,8.761040735229306,destRopaz,anti_homophones
6014,1,16,1,4,2,-4.713572544183018,4.713572544183018,kot5,anti_homophones
6015,1,2,0,6,3,-6.258927823300626,6.258927823300626,makabo,anti_homophones
6016,1,0,0,11,5,-9.559436609592304,9.559436609592304,yltik°m@tEn,anti_homophones
6017,1,0,0,7,3,-7.504124496156667,7.504124496156667,mefakse,anti_homophones
6018,1,0,0,8,3,-7.761725734334157,7.761725734334157,detRepik,anti_homophones
6019,1,0,0,9,3,-9.038952534787107,9.038952534787107,tREtREtaZ,anti_homophones
6020,1,3,0,4,1,-5.886386205939362,5.886386205939362,ljEd,anti_homophones
6021,1,2,0,5,2,-5.678555963623687,5.678555963623687,kaNOn,anti_homophones
6022,1,6,0,5,2,-6.091272066003795,6.091272066003795,g8is@,anti_homophones
6023,1,2,0,6,2,-6.407943830274614,6.407943830274614,dRopOd,anti_homophones
6024,1,0,0,6,3,-5.00407520752554,5.00407520752554,b5zOat,anti_homophones
6025,1,11,2,5,2,-3.812599669986123,3.812599669986123,kolOg,anti_homophones
6026,1,0,0,9,4,-8.874968119983503,8.874968119983503,deSikatEs,anti_homophones
6027,1,2,1,6,2,-5.762603585999017,5.762603585999017,sektaZ,anti_homophones
6028,1,4,1,6,3,-4.837927616300227,4.837927616300227,Reat9R,anti_homophones
6029,1,8,1,5,2,-5.42829948725622,5.42829948725622,panyR,anti_homophones
6030,1,0,0,7,3,-7.330634117474165,7.330634117474165,R°kusta,anti_homophones
6031,1,3,0,5,2,-6.290029729640871,6.290029729640871,labyl,anti_homophones
6032,1,0,0,7,3,-6.7169024233614465,6.7169024233614465,Opsekyn,anti_homophones
6033,1,5,0,5,2,-5.133468610876392,5.133468610876392,vERgo,anti_homophones
6034,1,0,0,12,5,-11.111349263870329,11.111349263870329,sbisineRasj§,anti_homophones
6035,1,0,0,9,4,-9.45677005281102,9.45677005281102,biz§talOn,anti_homophones
6036,1,0,0,7,3,-6.292689852484049,6.292689852484049,metanal,anti_homophones
6037,1,1,1,5,2,-5.069033453592373,5.069033453592373,pOl8e,anti_homophones
6038,1,18,1,5,2,-3.9700008441600763,3.9700008441600763,matif,anti_homophones
6039,1,3,0,5,2,-5.852344542690492,5.852344542690492,vERZ§,anti_homophones
6040,1,0,0,13,5,-12.65486288890492,12.65486288890492,SeRil°fRwadys,anti_homophones
6041,1,12,0,3,1,-4.497394983327956,4.497394983327956,ZEm,anti_homophones
6042,1,0,0,10,4,-10.640401633949562,10.640401633949562,g°nim@sjEm,anti_homophones
6043,1,6,0,4,2,-4.934423747305952,4.934423747305952,anEz,anti_homophones
6044,1,0,0,12,5,-13.046041026656058,13.046041026656058,toRosisatizm,anti_homophones
6045,1,3,0,6,2,-4.659396093958811,4.659396093958811,k§twaR,anti_homophones
6046,1,2,0,6,3,-5.880846676742601,5.880846676742601,alyvj5,anti_homophones
6047,1,13,1,6,3,-4.371510425047198,4.371510425047198,balize,anti_homophones
6048,1,19,2,3,1,-4.440055788556274,4.440055788556274,Rym,anti_homophones
6049,1,5,1,5,2,-4.800786376161765,4.800786376161765,volaZ,anti_homophones
6050,1,4,0,5,2,-6.056447612694065,6.056447612694065,tuRti,anti_homophones
6051,1,8,1,5,2,-4.944350543494769,4.944350543494769,buRje,anti_homophones
6052,1,6,1,5,2,-4.82237105022459,4.82237105022459,aplik,anti_homophones
6053,1,0,0,8,3,-8.016059982382359,8.016059982382359,stigR@di,anti_homophones
6054,1,1,0,6,2,-5.651479357423736,5.651479357423736,pOstyk,anti_homophones
6055,1,0,0,8,4,-8.584849489224228,8.584849489224228,paRaeliR,anti_homophones
6056,1,0,0,9,3,-8.54105951828564,8.54105951828564,glomORbje,anti_homophones
6057,1,8,1,6,2,-4.774137480658138,4.774137480658138,kaRtif,anti_homophones
6058,1,0,0,5,2,-5.995161194531898,5.995161194531898,abOlZ,anti_homophones
6059,1,0,0,7,3,-5.973360714700337,5.973360714700337,ERgonik,anti_homophones
6060,1,3,0,5,2,-5.176999689287813,5.176999689287813,eflEt,anti_homophones
6061,1,0,0,13,5,-12.09080530344203,12.09080530344203,k§tRaftaRinER,anti_homophones
6062,1,0,0,8,4,-7.758340358435852,7.758340358435852,yzikylte,anti_homophones
6063,1,0,0,7,3,-8.208621382638986,8.208621382638986,dEs@sj5,anti_homophones
6064,1,10,1,3,2,-4.736814068216974,4.736814068216974,es5,anti_homophones
6065,1,0,0,7,4,-6.97329484990509,6.97329484990509,@tiS°R§,anti_homophones
6066,1,6,0,5,1,-5.293447913183627,5.293447913183627,bRakt,anti_homophones
6067,1,12,1,5,2,-4.611919482409066,4.611919482409066,pRoze,anti_homophones
6068,1,7,0,4,2,-4.710166048784758,4.710166048784758,myt@,anti_homophones
6069,1,5,1,4,2,-4.989685034274279,4.989685034274279,fEla,anti_homophones
6070,1,12,0,4,2,-4.818573773908354,4.818573773908354,alys,anti_homophones
6071,1,1,0,6,2,-7.407428521976637,7.407428521976637,aRbylb,anti_homophones
6072,1,30,1,4,2,-4.625065087139131,4.625065087139131,paRi,anti_homophones
6073,1,3,0,5,2,-6.064601808340312,6.064601808340312,labRi,anti_homophones
6074,1,0,0,8,4,-6.172838675584577,6.172838675584577,Z°nEt°m@,anti_homophones
6075,1,1,0,6,3,-6.596970918060256,6.596970918060256,m5tam@,anti_homophones
6076,1,7,0,5,2,-5.346519843292492,5.346519843292492,ReZim,anti_homophones
6077,1,0,0,7,3,-6.226267628356235,6.226267628356235,5tERsiG,anti_homophones
6078,1,0,0,10,4,-10.15731321322182,10.15731321322182,gastRykaga,anti_homophones
6079,1,1,0,10,5,-5.128402619098678,5.128402619098678,analizasj§,anti_homophones
6080,1,10,0,5,3,-4.845626411880545,4.845626411880545,kaote,anti_homophones
6081,1,3,0,6,3,-6.467681127611956,6.467681127611956,v@d°Ri,anti_homophones
6082,1,1,0,6,2,-6.086968729639656,6.086968729639656,feRjal,anti_homophones
6083,1,5,0,5,3,-5.361143995090109,5.361143995090109,anade,anti_homophones
6084,1,0,0,10,5,-10.8740145067789,10.8740145067789,5feR@tibwa,anti_homophones
6085,1,0,0,13,6,-10.823074524485621,10.823074524485621,baSonokRal°m@,anti_homophones
6086,1,0,0,6,3,-6.536312889320893,6.536312889320893,fyn@bu,anti_homophones
6087,1,0,0,9,5,-6.531775203181725,6.531775203181725,iRativ°m@,anti_homophones
6088,1,0,0,7,3,-5.910784943185622,5.910784943185622,kataj9R,anti_homophones
6089,1,0,0,7,3,-7.065986154830641,7.065986154830641,aplikoz,anti_homophones
6090,1,9,0,7,3,-5.234192694961719,5.234192694961719,litasj§,anti_homophones
6091,1,0,0,8,3,-6.97125297753867,6.97125297753867,sikloRit,anti_homophones
6092,1,0,0,8,4,-7.382705970323417,7.382705970323417,fymanime,anti_homophones
6093,1,18,1,3,1,-4.706393646983779,4.706393646983779,dES,anti_homophones
6094,1,0,0,13,5,-11.894817050270033,11.894817050270033,aRbalatRitmik,anti_homophones
6095,1,0,0,14,6,-13.247147423695422,13.247147423695422,p5gOkOktopRofe,anti_homophones
6096,1,0,0,11,5,-7.182238050765348,7.182238050765348,apRodikasj§,anti_homophones
6097,1,7,0,4,2,-4.911796487077488,4.911796487077488,pet2,anti_homophones
6098,1,3,0,6,3,-5.630797992469309,5.630797992469309,odifje,anti_homophones
6099,1,28,1,3,1,-4.366575485176836,4.366575485176836,vik,anti_homophones
6100,1,0,0,8,4,-7.773673850292084,7.773673850292084,kaORitER,anti_homophones
6101,1,1,1,7,3,-4.875949368216978,4.875949368216978,Egzos9R,anti_homophones
6102,1,10,1,4,1,-4.910101468088839,4.910101468088839,fRut,anti_homophones
6103,1,1,1,7,3,-6.917558576089299,6.917558576089299,bataRj5,anti_homophones
6104,1,3,1,6,2,-4.811812100180695,4.811812100180695,desizm,anti_homophones
6105,1,0,0,7,3,-8.680980104796708,8.680980104796708,Rygolaj,anti_homophones
6106,1,0,0,10,4,-10.082385968679244,10.082385968679244,topeRikald,anti_homophones
6107,1,18,2,4,1,-4.63277369871199,4.63277369871199,nist,anti_homophones
6108,1,0,0,7,3,-6.083913583723389,6.083913583723389,5kRoS9R,anti_homophones
6109,1,0,0,14,6,-10.872421825714042,10.872421825714042,sypERsalitalaZ,anti_homophones
6110,1,14,2,5,2,-4.201876161046409,4.201876161046409,vwaje,anti_homophones
6111,1,0,0,6,3,-7.396115058570035,7.396115058570035,sisita,anti_homophones
6112,1,1,0,6,3,-7.146722681922737,7.146722681922737,simik@,anti_homophones
6113,1,0,0,9,4,-9.366923447754163,9.366923447754163,monaj°Rin,anti_homophones
6114,1,0,0,7,3,-6.16741920418965,6.16741920418965,kalital,anti_homophones
6115,1,0,0,12,6,-11.792368698921099,11.792368698921099,bidozomORfe§,anti_homophones
6116,1,1,1,7,2,-5.307790229921831,5.307790229921831,tR@Sizm,anti_homophones
6117,1,0,0,5,2,-5.405070456314849,5.405070456314849,kOlp5,anti_homophones
6118,1,1,0,5,2,-5.318977245168756,5.318977245168756,sypyl,anti_homophones
6119,1,1,0,6,2,-7.90822221970596,7.90822221970596,palpos,anti_homophones
6120,1,1,0,6,3,-5.327198258546991,5.327198258546991,akORne,anti_homophones
6121,1,4,0,6,2,-5.189718877598146,5.189718877598146,Radabl,anti_homophones
6122,1,0,0,8,4,-7.008699215687431,7.008699215687431,Rikan°Ri,anti_homophones
6123,1,23,1,2,1,-4.573418033753038,4.573418033753038,g@,anti_homophones
6124,1,0,0,6,3,-5.988913143967716,5.988913143967716,agly@s,anti_homophones
6125,1,0,0,9,5,-8.588577161564741,8.588577161564741,eSof°REs2,anti_homophones
6126,1,0,0,6,2,-5.96898148221935,5.96898148221935,defRiS,anti_homophones
6127,1,2,0,7,3,-6.524064180707425,6.524064180707425,RazijaZ,anti_homophones
6128,1,0,0,10,5,-9.39616384054672,9.39616384054672,k@REjOn°m@,anti_homophones
6129,1,0,0,10,4,-9.833411731090187,9.833411731090187,depatEstat,anti_homophones
6130,1,0,0,13,5,-11.620658066694846,11.620658066694846,balkolatakabl,anti_homophones
6131,1,0,0,10,3,-8.378325506559854,8.378325506559854,pleZipsjal,anti_homophones
6132,1,0,0,8,3,-7.036006467965766,7.036006467965766,syR@tjEm,anti_homophones
6133,1,2,0,6,2,-5.964483752238695,5.964483752238695,kemist,anti_homophones
6134,1,0,0,7,3,-7.729048419991125,7.729048419991125,g9Rlite,anti_homophones
6135,1,18,1,4,2,-4.420300420371565,4.420300420371565,tote,anti_homophones
6136,1,0,0,10,4,-8.801865227111513,8.801865227111513,pRep§dil9R,anti_homophones
6137,1,1,0,7,2,-7.548925883311021,7.548925883311021,pRepROm,anti_homophones
6138,1,0,0,14,5,-13.487093049050305,13.487093049050305,bebEkspaRtit9R,anti_homophones
6139,1,0,0,15,6,-15.016706896176949,15.016706896176949,R°kom@SEtlomEtR,anti_homophones
6140,1,1,0,6,2,-6.572718832667082,6.572718832667082,p@kROk,anti_homophones
6141,1,0,0,10,5,-8.759382752134202,8.759382752134202,omobitalj5,anti_homophones
6142,1,4,0,5,2,-5.076616714806193,5.076616714806193,pwaNa,anti_homophones
6143,1,0,0,10,4,-8.12588460576814,8.12588460576814,pROpR°taje,anti_homophones
6144,1,21,2,4,1,-4.114087990280387,4.114087990280387,lwaR,anti_homophones
6145,1,0,0,9,4,-6.897471153242176,6.897471153242176,5finatwaR,anti_homophones
6146,1,0,0,13,5,-11.36702167971231,11.36702167971231,metinokRanjOm,anti_homophones
6147,1,15,0,4,2,-4.928231927108373,4.928231927108373,eRER,anti_homophones
6148,1,6,0,4,2,-4.9570299747705535,4.9570299747705535,Sal2,anti_homophones
6149,1,1,0,7,3,-6.450314000399542,6.450314000399542,kabijaR,anti_homophones
6150,1,3,0,5,2,-4.706595597774176,4.706595597774176,l°v9R,anti_homophones
6151,1,1,0,6,2,-6.720874894522725,6.720874894522725,filats,anti_homophones
6152,1,0,0,10,5,-9.461678775182044,9.461678775182044,elEktazika,anti_homophones
6153,1,7,1,5,2,-5.352547566417899,5.352547566417899,somER,anti_homophones
6154,1,1,1,8,4,-4.882975755457473,4.882975755457473,p2R2z°m@,anti_homophones
6155,1,4,3,6,2,-3.8343151321674855,3.8343151321674855,f§ksj§,anti_homophones
6156,1,1,0,8,3,-5.992195967220956,5.992195967220956,floRifje,anti_homophones
6157,1,0,0,11,4,-8.727012485741776,8.727012485741776,pResigl2tER,anti_homophones
6158,1,0,0,9,4,-7.5063688637598975,7.5063688637598975,sj@tas°m@,anti_homophones
6159,1,0,0,7,3,-6.251890939500042,6.251890939500042,p§d@sj§,anti_homophones
6160,1,0,0,12,5,-10.338302042541848,10.338302042541848,kRepyteRjone,anti_homophones
6161,1,4,0,5,2,-5.178500755415082,5.178500755415082,vEnaZ,anti_homophones
6162,1,6,0,5,2,-4.7852965529481075,4.7852965529481075,apsik,anti_homophones
6163,1,17,2,4,2,-4.203687643716444,4.203687643716444,8ite,anti_homophones
6164,1,13,1,4,2,-4.826263198953756,4.826263198953756,biNe,anti_homophones
6165,1,1,0,6,2,-4.62364617968248,4.62364617968248,miljER,anti_homophones
6166,1,2,0,5,2,-6.380345940732364,6.380345940732364,sERby,anti_homophones
6167,1,33,4,3,2,-3.5901419474835814,3.5901419474835814,@ti,anti_homophones
6168,1,0,0,11,5,-10.914593704560316,10.914593704560316,p8@tisekym5,anti_homophones
6169,1,0,0,10,4,-9.031465916734616,9.031465916734616,k§sjanybik,anti_homophones
6170,1,6,0,3,2,-4.901240561699286,4.901240561699286,ov5,anti_homophones
6171,1,9,0,4,2,-4.860554124466187,4.860554124466187,k@t5,anti_homophones
6172,1,0,0,11,4,-10.596325048231455,10.596325048231455,klipyblijad,anti_homophones
6173,1,0,0,10,3,-8.832561366265214,8.832561366265214,dEkstetRik,anti_homophones
6174,1,0,0,10,4,-9.137409237663983,9.137409237663983,mORtOtos@s,anti_homophones
6175,1,6,1,5,2,-4.414317977351543,4.414317977351543,5stik,anti_homophones
6176,1,0,0,8,4,-7.462607724925934,7.462607724925934,ob5sosj§,anti_homophones
6177,1,0,0,9,5,-9.280497828521186,9.280497828521186,soReotine,anti_homophones
6178,1,0,0,14,6,-12.339395505431943,12.339395505431943,dezORbElistope,anti_homophones
6179,1,0,0,7,3,-7.940231673381561,7.940231673381561,sek9ste,anti_homophones
6180,1,3,0,7,3,-5.24376109819819,5.24376109819819,divERse,anti_homophones
6181,1,7,1,4,2,-4.4131517251962284,4.4131517251962284,p@dy,anti_homophones
6182,1,3,0,5,2,-4.904595502565713,4.904595502565713,viv9R,anti_homophones
6183,1,2,0,7,3,-6.244189520514128,6.244189520514128,pRopis@,anti_homophones
6184,1,0,0,9,5,-10.87041307015037,10.87041307015037,5gReadOlE,anti_homophones
6185,1,0,0,5,2,-5.099637074278096,5.099637074278096,pElOS,anti_homophones
6186,1,0,0,7,3,-6.341363332323857,6.341363332323857,demynil,anti_homophones
6187,1,0,0,14,6,-11.937343038439005,11.937343038439005,fRispodinal°m@,anti_homophones
6188,1,5,0,4,2,-5.447958206383377,5.447958206383377,s°v@,anti_homophones
6189,1,2,0,7,4,-5.768384115742523,5.768384115742523,5tOlOZi,anti_homophones
6190,1,0,0,6,2,-6.528396075492863,6.528396075492863,bR5dz5,anti_homophones
6191,1,0,0,12,5,-6.574430439857702,6.574430439857702,k§fORminasj§,anti_homophones
6192,1,0,0,15,5,-14.937151559390006,14.937151559390006,fRatRopn2s°vRaZ,anti_homophones
6193,1,5,0,5,2,-5.621316509780383,5.621316509780383,maRid,anti_homophones
6194,1,0,0,9,4,-7.459743521291011,7.459743521291011,aspedit9R,anti_homophones
6195,1,1,0,7,3,-6.562230003162352,6.562230003162352,malityd,anti_homophones
6196,1,20,2,3,2,-3.922662105886107,3.922662105886107,inE,anti_homophones
6197,1,1,0,7,3,-6.6571449379387415,6.6571449379387415,defERaj,anti_homophones
6198,1,0,0,6,3,-6.62494571455044,6.62494571455044,pytani,anti_homophones
6199,1,1,0,6,3,-6.9313432957989995,6.9313432957989995,Rezome,anti_homophones
6200,1,1,0,7,3,-6.1888100697752755,6.1888100697752755,platine,anti_homophones
6201,1,0,0,10,4,-8.461278575850422,8.461278575850422,stok§fyzj§,anti_homophones
6202,1,0,0,13,5,-11.576379633214986,11.576379633214986,damazyblimEtR,anti_homophones
6203,1,3,0,4,2,-5.476841783630405,5.476841783630405,ofR5,anti_homophones
6204,1,0,0,13,6,-12.51159134271309,12.51159134271309,akRoSERkuRite,anti_homophones
6205,1,19,1,4,2,-4.011856622467986,4.011856622467986,dezi,anti_homophones
6206,1,2,0,4,2,-5.591976825157661,5.591976825157661,@Rym,anti_homophones
6207,1,0,0,9,4,-6.33968565399969,6.33968565399969,ReZwaz°m@,anti_homophones
6208,1,2,0,5,2,-4.909445363823145,4.909445363823145,g@bEl,anti_homophones
6209,1,6,0,5,2,-5.870832780867715,5.870832780867715,pwaRe,anti_homophones
6210,1,0,0,7,3,-5.906319146643913,5.906319146643913,biguRm@,anti_homophones
6211,1,1,0,5,2,-6.012475197227387,6.012475197227387,lEkt@,anti_homophones
6212,1,13,0,3,1,-4.356974790049264,4.356974790049264,p5s,anti_homophones
6213,1,4,0,5,2,-6.143303471530812,6.143303471530812,saRj@,anti_homophones
6214,1,0,0,10,4,-9.550588441618121,9.550588441618121,nOvRijalit,anti_homophones
6215,1,6,0,6,2,-5.756181160959987,5.756181160959987,pRatyR,anti_homophones
6216,1,0,0,8,3,-6.031033307395407,6.031033307395407,p@tkotje,anti_homophones
6217,1,4,0,9,4,-5.970897734193141,5.970897734193141,depitasj§,anti_homophones
6218,1,0,0,8,4,-7.883937103885836,7.883937103885836,5teRj@t2,anti_homophones
6219,1,0,0,15,6,-13.790704388519435,13.790704388519435,dalibeRanoblist,anti_homophones
6220,1,1,1,6,3,-4.715777112666724,4.715777112666724,kaf°t§,anti_homophones
6221,1,0,0,8,3,-7.244203217511832,7.244203217511832,Egz@tizm,anti_homophones
6222,1,0,0,8,4,-9.585021049887368,9.585021049887368,Olekoldo,anti_homophones
6223,1,1,1,5,2,-5.7378002931638035,5.7378002931638035,gad5g,anti_homophones
6224,1,0,0,11,5,-9.58864125456915,9.58864125456915,asupsofilin,anti_homophones
6225,1,3,0,5,2,-6.872387618368047,6.872387618368047,gityd,anti_homophones
6226,1,0,1,6,2,-5.23214288070411,5.23214288070411,mEdzEl,anti_homophones
6227,1,15,0,4,1,-4.50078168753004,4.50078168753004,m@dR,anti_homophones
6228,1,15,1,4,2,-4.472095112298805,4.472095112298805,sin@,anti_homophones
6229,1,0,0,10,4,-9.799372927942027,9.799372927942027,R§fl°baj9R,anti_homophones
6230,1,0,0,9,4,-8.592214863595798,8.592214863595798,paRkan°t§,anti_homophones
6231,1,10,1,5,2,-4.96124721101547,4.96124721101547,vRije,anti_homophones
6232,1,4,0,4,2,-7.3082878307860115,7.3082878307860115,8in2,anti_homophones
6233,1,0,0,15,6,-11.27491087100903,11.27491087100903,ebEkfigyRZinjER,anti_homophones
6234,1,2,0,11,5,-6.423416127469421,6.423416127469421,spiRabilite,anti_homophones
6235,1,12,2,5,2,-4.077666493608685,4.077666493608685,kylER,anti_homophones
6236,1,0,0,14,6,-13.923184027582767,13.923184027582767,RazilyskyRasid,anti_homophones
6237,1,12,1,3,2,-5.157263984322601,5.157263984322601,@ga,anti_homophones
6238,1,0,0,8,3,-8.476357246006243,8.476357246006243,klokosje,anti_homophones
6239,1,2,0,6,3,-5.375986444001976,5.375986444001976,5sat9R,anti_homophones
6240,1,0,0,10,4,-10.437795797001348,10.437795797001348,RapitOtism,anti_homophones
6241,1,1,0,7,3,-6.9437185826778745,6.9437185826778745,RuspeRo,anti_homophones
6242,1,0,0,7,3,-8.529241362375007,8.529241362375007,Egzakit,anti_homophones
6243,1,0,0,10,4,-9.422486096240126,9.422486096240126,inatRifist,anti_homophones
6244,1,0,0,6,2,-6.022270218098234,6.022270218098234,syRpij,anti_homophones
6245,1,0,0,10,4,-9.057746470044448,9.057746470044448,mod°baRabl,anti_homophones
6246,1,0,0,7,3,-7.536752070723701,7.536752070723701,fabRyni,anti_homophones
6247,1,13,0,6,3,-5.003189187663284,5.003189187663284,vin°m@,anti_homophones
6248,1,14,0,3,1,-5.083750975866317,5.083750975866317,tOp,anti_homophones
6249,1,0,0,7,2,-7.214679772856136,7.214679772856136,tRatwaz,anti_homophones
6250,1,0,0,11,4,-10.900357029881174,10.900357029881174,spEktidjota,anti_homophones
6251,1,0,0,9,3,-8.560027165671142,8.560027165671142,skopinjat,anti_homophones
6252,1,4,1,5,3,-5.083544600308336,5.083544600308336,5kyR@,anti_homophones
6253,1,15,1,3,1,-4.619894968918394,4.619894968918394,sOk,anti_homophones
6254,1,0,1,6,3,-4.8973605615042635,4.8973605615042635,av9gle,anti_homophones
6255,1,0,0,8,3,-8.512270608283526,8.512270608283526,SaRkaREt,anti_homophones
6256,1,0,0,15,6,-8.908120208804794,8.908120208804794,siRk§sERvivasj§,anti_homophones
6257,1,2,1,6,3,-5.443135870709922,5.443135870709922,5fEsj§,anti_homophones
6258,1,4,0,8,4,-4.818118245984474,4.818118245984474,aktiv°m@,anti_homophones
6259,1,1,0,6,2,-5.639967291643088,5.639967291643088,R2ljER,anti_homophones
6260,1,0,0,11,6,-12.827092373811357,12.827092373811357,Zeos5konEl2,anti_homophones
6261,1,15,1,3,1,-4.645616459156994,4.645616459156994,SEm,anti_homophones
6262,1,0,0,6,3,-6.153560629615927,6.153560629615927,et@tif,anti_homophones
6263,1,0,0,10,4,-5.995108210023548,5.995108210023548,fotokRasj§,anti_homophones
6264,1,0,2,7,3,-4.276715897733881,4.276715897733881,tR@zite,anti_homophones
6265,1,0,0,7,3,-6.39653953395483,6.39653953395483,Redomik,anti_homophones
6266,1,1,0,9,4,-6.786069270189854,6.786069270189854,skatik°m@,anti_homophones
6267,1,0,0,8,4,-8.635721415517501,8.635721415517501,pulajEn@,anti_homophones
6268,1,0,0,13,5,-10.635654225814076,10.635654225814076,pOStR2megal@s,anti_homophones
6269,1,0,0,15,6,-13.05153764632738,13.05153764632738,pERtisteministe,anti_homophones
6270,1,8,0,5,2,-5.181892570491243,5.181892570491243,kaRni,anti_homophones
6271,1,0,0,11,4,-9.727821701075584,9.727821701075584,RetERpRez@s,anti_homophones
6272,1,0,0,5,2,-7.911517236874132,7.911517236874132,v2lja,anti_homophones
6273,1,1,0,6,2,-5.706979062322487,5.706979062322487,ORt8El,anti_homophones
6274,1,0,0,9,4,-9.530046414060132,9.530046414060132,suplaZoRa,anti_homophones
6275,1,2,0,6,2,-5.001251223763375,5.001251223763375,vuvwaR,anti_homophones
6276,1,9,0,5,2,-4.502024971582238,4.502024971582238,bRij§,anti_homophones
6277,1,12,1,3,1,-4.547928999028984,4.547928999028984,kw5,anti_homophones
6278,1,9,0,5,2,-4.965533314147469,4.965533314147469,Raz9R,anti_homophones
6279,1,1,0,6,2,-5.273026077011217,5.273026077011217,pRezj5,anti_homophones
6280,1,5,0,6,2,-5.448527712847361,5.448527712847361,saRdaZ,anti_homophones
6281,1,17,0,4,1,-5.591567314593961,5.591567314593961,maRn,anti_homophones
6282,1,7,0,4,2,-5.407124836740346,5.407124836740346,gam5,anti_homophones
6283,1,0,0,11,5,-11.012479842456834,11.012479842456834,anaRkadREsy,anti_homophones
6284,1,0,0,12,5,-11.715831633042635,11.715831633042635,palpitRetive,anti_homophones
6285,1,0,0,8,3,-7.208093017280527,7.208093017280527,maRikt9R,anti_homophones
6286,1,0,0,8,3,-6.404806852571596,6.404806852571596,k§tR5dj5,anti_homophones
6287,1,0,0,9,4,-6.382262233984707,6.382262233984707,depozitif,anti_homophones
6288,1,3,1,5,2,-4.966838140913471,4.966838140913471,inEtR,anti_homophones
6289,1,2,0,6,3,-6.0124098980670855,6.0124098980670855,5pasin,anti_homophones
6290,1,0,0,9,4,-8.136170794771875,8.136170794771875,vadResite,anti_homophones
6291,1,0,0,7,3,-7.9832069246224115,7.9832069246224115,fokolon,anti_homophones
6292,1,3,0,5,2,-5.58303705025937,5.58303705025937,@bRil,anti_homophones
6293,1,2,0,6,3,-5.842858803913223,5.842858803913223,kanam@,anti_homophones
6294,1,3,0,8,4,-5.47823307246199,5.47823307246199,devis°m@,anti_homophones
6295,1,0,0,6,3,-6.256064851374136,6.256064851374136,lisipe,anti_homophones
6296,1,5,2,6,3,-3.9906674647492912,3.9906674647492912,@tR°m@,anti_homophones
6297,1,0,0,7,3,-6.439927397907124,6.439927397907124,ORnat9R,anti_homophones
6298,1,4,0,5,2,-6.415222772644205,6.415222772644205,RadZi,anti_homophones
6299,1,1,0,6,2,-5.981323700409104,5.981323700409104,spiRan,anti_homophones
6300,1,18,2,3,2,-4.144804430788089,4.144804430788089,aZ@,anti_homophones
6301,1,10,1,6,3,-4.872511417325471,4.872511417325471,f@t°m@,anti_homophones
6302,1,13,1,4,2,-4.195471386979153,4.195471386979153,Ekse,anti_homophones
6303,1,11,2,5,2,-4.575847378697277,4.575847378697277,silje,anti_homophones
6304,1,19,1,4,2,-4.29486672303298,4.29486672303298,pyRe,anti_homophones
6305,1,2,0,5,2,-6.629828702371223,6.629828702371223,kytiR,anti_homophones
6306,1,3,0,5,3,-5.395576039100464,5.395576039100464,@Rum@,anti_homophones
6307,1,6,1,4,1,-4.169422268334683,4.169422268334683,skOp,anti_homophones
6308,1,20,2,4,2,-4.354387729462267,4.354387729462267,alyR,anti_homophones
6309,1,6,0,9,4,-5.1148179611792965,5.1148179611792965,taRizasj§,anti_homophones
6310,1,6,1,6,2,-5.810369529787058,5.810369529787058,kRetif,anti_homophones
6311,1,0,0,7,3,-7.845484710317176,7.845484710317176,vodet@s,anti_homophones
6312,1,16,1,6,3,-4.219012672422693,4.219012672422693,bal°m@,anti_homophones
6313,1,0,0,9,4,-6.098464913938244,6.098464913938244,devokat9R,anti_homophones
6314,1,1,1,6,3,-4.991710764470649,4.991710764470649,dek§Ze,anti_homophones
6315,1,30,2,3,1,-4.4084459208750175,4.4084459208750175,kav,anti_homophones
6316,1,0,0,10,4,-9.68230714510355,9.68230714510355,mezaREstil,anti_homophones
6317,1,0,0,7,3,-7.980720058069852,7.980720058069852,v@tRoZi,anti_homophones
6318,1,0,0,9,3,-8.471076503521346,8.471076503521346,tR@skRyme,anti_homophones
6319,1,3,0,7,3,-4.98365503511612,4.98365503511612,bigasj§,anti_homophones
6320,1,0,0,12,6,-10.896136987079155,10.896136987079155,aspiRabOnite,anti_homophones
6321,1,0,0,6,3,-6.111979033462315,6.111979033462315,t@dyl2,anti_homophones
6322,1,0,0,8,4,-7.6282326877264355,7.6282326877264355,sepydis@,anti_homophones
6323,1,0,0,8,4,-8.529522871615791,8.529522871615791,emyniRil,anti_homophones
6324,1,5,1,5,2,-5.0449572785794885,5.0449572785794885,paREm,anti_homophones
6325,1,0,0,9,4,-8.43274402849408,8.43274402849408,etERkyRje,anti_homophones
6326,1,11,1,6,3,-4.443006583736261,4.443006583736261,waz°m@,anti_homophones
6327,1,0,0,11,4,-11.422064846355038,11.422064846355038,fytatyRbROm,anti_homophones
6328,1,1,0,6,3,-6.405621719194753,6.405621719194753,bisiko,anti_homophones
6329,1,0,0,5,2,-5.603972634127611,5.603972634127611,pufja,anti_homophones
6330,1,0,0,9,4,-7.308158374320454,7.308158374320454,n2RotEkni,anti_homophones
6331,1,0,0,7,3,-7.08735512987104,7.08735512987104,tabin9R,anti_homophones
6332,1,2,0,5,2,-5.405103218575087,5.405103218575087,letER,anti_homophones
6333,1,3,1,5,2,-4.64970235032983,4.64970235032983,lynEt,anti_homophones
6334,1,1,0,5,2,-5.5453098239356855,5.5453098239356855,pRyni,anti_homophones
6335,1,0,2,7,2,-4.652957414877211,4.652957414877211,tR@smik,anti_homophones
6336,1,5,0,5,2,-5.873140723494184,5.873140723494184,Z@sj§,anti_homophones
6337,1,2,0,8,3,-5.625176552542726,5.625176552542726,kanatwaR,anti_homophones
6338,1,0,0,9,4,-9.038579508551006,9.038579508551006,kRijomeRi,anti_homophones
6339,1,0,0,7,3,-7.063247408932957,7.063247408932957,@bR°dEn,anti_homophones
6340,1,0,0,10,4,-7.905300696073522,7.905300696073522,etERklasj§,anti_homophones
6341,1,0,0,5,2,-6.455398562235956,6.455398562235956,@vERZ,anti_homophones
6342,1,0,0,7,3,-7.040024289120183,7.040024289120183,tRafin@,anti_homophones
6343,1,10,2,4,2,-4.051943188461021,4.051943188461021,loke,anti_homophones
6344,1,0,0,8,4,-9.22379741242349,9.22379741242349,R2s°l9RE,anti_homophones
6345,1,7,2,5,2,-4.421580708979965,4.421580708979965,etabl,anti_homophones
6346,1,0,0,8,3,-5.744574208748829,5.744574208748829,tR@smyte,anti_homophones
6347,1,0,0,7,3,-6.324102766940452,6.324102766940452,RezudRe,anti_homophones
6348,1,0,0,10,5,-6.768274833209138,6.768274833209138,ipERp@t°m@,anti_homophones
6349,1,0,0,7,2,-6.098343495712137,6.098343495712137,Ekspist,anti_homophones
6350,1,3,0,5,2,-5.138750094095997,5.138750094095997,buRs@,anti_homophones
6351,1,0,0,9,5,-8.359088450736158,8.359088450736158,alyRal°Ri,anti_homophones
6352,1,0,0,7,3,-7.435580173551648,7.435580173551648,RikotER,anti_homophones
6353,1,0,0,7,4,-7.357047339065429,7.357047339065429,izof@si,anti_homophones
6354,1,0,0,8,4,-7.375006939492167,7.375006939492167,SazyRize,anti_homophones
6355,1,0,0,10,4,-8.503033817521066,8.503033817521066,pn2moponwa,anti_homophones
6356,1,0,0,7,3,-7.578085366538012,7.578085366538012,aglosaZ,anti_homophones
6357,1,0,0,7,3,-7.535081565815815,7.535081565815815,ovatabl,anti_homophones
6358,1,5,0,3,2,-4.705752206348613,4.705752206348613,@f5,anti_homophones
6359,1,20,1,2,1,-4.583055979555392,4.583055979555392,l2,anti_homophones
6360,1,0,0,7,3,-5.579392528206292,5.579392528206292,kokijaZ,anti_homophones
6361,1,5,2,4,2,-5.021658780557093,5.021658780557093,odj§,anti_homophones
6362,1,0,0,7,2,-5.646184304598999,5.646184304598999,bjoSizm,anti_homophones
6363,1,14,3,4,1,-4.248905302188006,4.248905302188006,bREt,anti_homophones
6364,1,2,0,7,2,-5.895713312092444,5.895713312092444,debRabl,anti_homophones
6365,1,1,0,11,4,-6.534574008682629,6.534574008682629,gRafiksasj§,anti_homophones
6366,1,0,0,9,4,-8.967810779797999,8.967810779797999,@menazjER,anti_homophones
6367,1,0,0,7,3,-6.322624014154366,6.322624014154366,teledit,anti_homophones
6368,1,1,0,7,3,-6.5862757431818,6.5862757431818,tytyREl,anti_homophones
6369,1,1,0,6,3,-5.391294097363114,5.391294097363114,5s@s9R,anti_homophones
6370,1,13,0,3,1,-5.305946650590641,5.305946650590641,vuR,anti_homophones
6371,1,2,0,5,2,-5.75229963990956,5.75229963990956,astEm,anti_homophones
6372,1,0,0,15,6,-9.868950317636028,9.868950317636028,ipopylsjonalist,anti_homophones
6373,1,0,0,7,2,-6.048301485012368,6.048301485012368,pERstER,anti_homophones
6374,1,3,0,4,2,-4.779815734281122,4.779815734281122,leg@,anti_homophones
6375,1,0,0,12,6,-13.545622388434987,13.545622388434987,ZeomalesimER,anti_homophones
6376,1,0,0,8,4,-6.955307352779581,6.955307352779581,aRSidyle,anti_homophones
6377,1,2,1,6,2,-4.868931971150976,4.868931971150976,kuRtje,anti_homophones
6378,1,9,0,4,2,-5.690492215705945,5.690492215705945,naRa,anti_homophones
6379,1,0,0,9,4,-8.850108101485583,8.850108101485583,ganizanal,anti_homophones
6380,1,0,0,7,3,-9.181926681584512,9.181926681584512,lajutiR,anti_homophones
6381,1,15,1,4,2,-4.37422275945401,4.37422275945401,Reje,anti_homophones
6382,1,9,0,3,1,-4.797235342066899,4.797235342066899,sj2,anti_homophones
6383,1,3,0,5,2,-5.233395864636652,5.233395864636652,guRd5,anti_homophones
6384,1,0,0,14,5,-14.583574757732826,14.583574757732826,RistuRlinEstij,anti_homophones
6385,1,0,0,12,5,-9.238361957198874,9.238361957198874,k§tRav@tonje,anti_homophones
6386,1,0,0,7,2,-7.067876967819582,7.067876967819582,klORpj5,anti_homophones
6387,1,0,0,6,2,-7.2095358345224465,7.2095358345224465,tobyst,anti_homophones
6388,1,6,1,4,2,-4.45935509543929,4.45935509543929,@dOm,anti_homophones
6389,1,1,0,7,3,-6.518067275023305,6.518067275023305,kOmatik,anti_homophones
6390,1,32,2,4,2,-3.8008704322157847,3.8008704322157847,kole,anti_homophones
6391,1,0,0,13,6,-13.648243804011292,13.648243804011292,fokolifjeReme,anti_homophones
6392,1,5,0,6,2,-4.648304281536643,4.648304281536643,faktif,anti_homophones
6393,1,0,0,10,4,-8.331007880898566,8.331007880898566,aRsektasj§,anti_homophones
6394,1,4,2,5,2,-4.23829717580981,4.23829717580981,R°lje,anti_homophones
6395,1,2,0,7,4,-5.211727938096355,5.211727938096355,@bEt°m@,anti_homophones
6396,1,0,0,11,6,-11.385654905824648,11.385654905824648,5sesilitij§,anti_homophones
6397,1,6,0,6,3,-5.805235860892736,5.805235860892736,mas°Ri,anti_homophones
6398,1,23,2,4,1,-3.576633240837091,3.576633240837091,swaR,anti_homophones
6399,1,9,1,6,2,-4.629138994092947,4.629138994092947,flat9R,anti_homophones
6400,1,0,0,9,4,-7.253343942833973,7.253343942833973,R°kopRime,anti_homophones
6401,1,0,0,11,6,-8.032903012865583,8.032903012865583,5koRiZid°m@,anti_homophones
6402,1,9,0,4,2,-6.25133573615927,6.25133573615927,eRj5,anti_homophones
6403,1,6,1,6,3,-4.968879082899725,4.968879082899725,buk°m@,anti_homophones
6404,1,1,1,6,3,-5.507044214522709,5.507044214522709,demoke,anti_homophones
6405,1,0,0,8,3,-8.109047637843084,8.109047637843084,yltivjER,anti_homophones
6406,1,0,0,7,2,-6.375329672870301,6.375329672870301,k85t@dR,anti_homophones
6407,1,3,1,6,3,-5.69126402387549,5.69126402387549,Zezite,anti_homophones
6408,1,8,0,5,2,-4.563053856275183,4.563053856275183,mitik,anti_homophones
6409,1,0,0,10,5,-8.148054466423508,8.148054466423508,5k§paN9RiR,anti_homophones
6410,1,1,0,7,3,-5.8102502400002916,5.8102502400002916,gRegym@,anti_homophones
6411,1,18,3,5,2,-3.9060849875631307,3.9060849875631307,pRese,anti_homophones
6412,1,0,0,8,3,-6.765043017777551,6.765043017777551,syRdizEt,anti_homophones
6413,1,0,0,8,3,-7.790111204420517,7.790111204420517,sk@dalad,anti_homophones
6414,1,5,0,7,3,-5.244533799783277,5.244533799783277,vibl°m@,anti_homophones
6415,1,3,0,6,2,-5.825391227743529,5.825391227743529,bROksi,anti_homophones
6416,1,0,0,8,3,-8.041185602059077,8.041185602059077,kORdigma,anti_homophones
6417,1,7,1,4,2,-4.634728627242019,4.634728627242019,pup§,anti_homophones
6418,1,0,0,12,4,-10.238324898789578,10.238324898789578,sustRakyzabl,anti_homophones
6419,1,3,0,5,2,-5.591480144516648,5.591480144516648,swaNa,anti_homophones
6420,1,1,0,6,2,-6.395452752257062,6.395452752257062,vjERZe,anti_homophones
6421,1,8,0,6,3,-4.644735844360907,4.644735844360907,monomi,anti_homophones
6422,1,10,1,3,2,-4.6706924395491285,4.6706924395491285,ego,anti_homophones
6423,1,1,0,6,3,-5.560780398154344,5.560780398154344,5tERyR,anti_homophones
6424,1,0,0,8,3,-6.366220371455113,6.366220371455113,kwadRijE,anti_homophones
6425,1,1,0,6,3,-6.6540136133432926,6.6540136133432926,folOZi,anti_homophones
6426,1,1,0,5,2,-5.930726792955447,5.930726792955447,RaZEn,anti_homophones
6427,1,0,0,6,3,-7.464463534909151,7.464463534909151,ORj2ze,anti_homophones
6428,1,17,1,3,2,-4.4630502155222525,4.4630502155222525,yRo,anti_homophones
6429,1,0,0,8,3,-5.673769206809962,5.673769206809962,k§plEkte,anti_homophones
6430,1,2,0,7,3,-5.652615636570305,5.652615636570305,flOt°Ri,anti_homophones
6431,1,8,1,6,3,-4.910759932273673,4.910759932273673,viN°m@,anti_homophones
6432,1,2,0,5,2,-6.122635428948468,6.122635428948468,RafaR,anti_homophones
6433,1,1,0,6,2,-5.940000433283621,5.940000433283621,deklOS,anti_homophones
6434,1,8,2,6,3,-4.335732741447598,4.335732741447598,ZER°m@,anti_homophones
6435,1,0,0,7,3,-6.4382208270316585,6.4382208270316585,@tRijEm,anti_homophones
6436,1,4,1,6,3,-4.424166467547488,4.424166467547488,k§v°ny,anti_homophones
6437,1,0,0,11,5,-11.075762715463723,11.075762715463723,t5balORpone,anti_homophones
6438,1,16,0,3,1,-4.156850344046361,4.156850344046361,doz,anti_homophones
6439,1,1,0,9,4,-7.910799929614268,7.910799929614268,amatifist,anti_homophones
6440,1,0,0,11,4,-10.286255285873661,10.286255285873661,malibRil5dR,anti_homophones
6441,1,2,0,6,2,-5.598810678474972,5.598810678474972,kRokEt,anti_homophones
6442,1,0,0,8,3,-6.387534016153732,6.387534016153732,@bRytabl,anti_homophones
6443,1,7,0,7,3,-5.583661675941604,5.583661675941604,bekasj§,anti_homophones
6444,1,0,0,8,4,-8.515343038938678,8.515343038938678,@dokROke,anti_homophones
6445,1,0,0,10,5,-10.374668176637645,10.374668176637645,ybakwad°lE,anti_homophones
6446,1,7,1,4,2,-4.576190313971918,4.576190313971918,as@s,anti_homophones
6447,1,40,2,3,1,-4.0174892302636405,4.0174892302636405,mat,anti_homophones
6448,1,0,0,8,3,-8.748282556606526,8.748282556606526,plEjonEZ,anti_homophones
6449,1,0,0,12,5,-14.531652952934815,14.531652952934815,papabl@t°Rje,anti_homophones
6450,1,2,0,5,2,-5.448391806808971,5.448391806808971,kaRuz,anti_homophones
6451,1,3,1,6,3,-4.987228265519397,4.987228265519397,dub°m@,anti_homophones
6452,1,0,0,6,3,-6.582137273538587,6.582137273538587,g5dose,anti_homophones
6453,1,6,0,4,1,-5.095647105609222,5.095647105609222,tROn,anti_homophones
6454,1,1,0,6,3,-6.346164746952797,6.346164746952797,5sElyR,anti_homophones
6455,1,0,0,5,2,-4.87588131148913,4.87588131148913,biduj,anti_homophones
6456,1,0,0,8,4,-5.516934298285972,5.516934298285972,Egzalite,anti_homophones
6457,1,0,0,7,3,-8.478296544819042,8.478296544819042,vig9lER,anti_homophones
6458,1,1,0,6,2,-5.669321708098215,5.669321708098215,alSist,anti_homophones
6459,1,2,0,5,2,-6.1641220762798525,6.1641220762798525,akORb,anti_homophones
6460,1,1,0,7,4,-6.036498395922085,6.036498395922085,5disone,anti_homophones
6461,1,4,0,6,2,-5.504476323234387,5.504476323234387,maZizm,anti_homophones
6462,1,3,0,5,2,-5.990661258679119,5.990661258679119,5sitR,anti_homophones
6463,1,0,0,7,3,-6.407049617198279,6.407049617198279,babwaj@,anti_homophones
6464,1,0,0,7,3,-6.744215791704482,6.744215791704482,fet°l9R,anti_homophones
6465,1,17,2,4,2,-4.209338589955895,4.209338589955895,S@te,anti_homophones
6466,1,0,0,10,5,-10.993546814105489,10.993546814105489,iRedonetaZ,anti_homophones
6467,1,0,0,7,3,-6.4614330467874685,6.4614330467874685,aRbRije,anti_homophones
6468,1,7,0,4,2,-5.120094638800385,5.120094638800385,aZwa,anti_homophones
6469,1,22,0,4,2,-4.863141166692765,4.863141166692765,Remi,anti_homophones
6470,1,0,0,9,4,-12.297634344428367,12.297634344428367,aRkafanEZ,anti_homophones
6471,1,0,0,8,3,-8.411796515220312,8.411796515220312,kRapjolo,anti_homophones
6472,1,8,1,4,1,-4.760237884150874,4.760237884150874,fR@k,anti_homophones
6473,1,0,0,11,3,-6.472135169787972,6.472135169787972,sypstRyksj§,anti_homophones
6474,1,15,1,4,2,-4.9344880752448255,4.9344880752448255,Sole,anti_homophones
6475,1,7,0,4,1,-4.7210950182698745,4.7210950182698745,kR5t,anti_homophones
6476,1,1,1,6,2,-5.537881222950225,5.537881222950225,maljOm,anti_homophones
6477,1,0,0,8,4,-6.962552641036657,6.962552641036657,fOlivite,anti_homophones
6478,1,0,0,12,5,-11.044758714879766,11.044758714879766,skutymaZoREs,anti_homophones
6479,1,15,2,7,3,-4.489092803563301,4.489092803563301,Rizasj§,anti_homophones
6480,1,10,1,5,2,-5.246665237763344,5.246665237763344,kotER,anti_homophones
6481,1,1,0,6,2,-6.205968010688347,6.205968010688347,dsap9R,anti_homophones
6482,1,3,0,5,2,-6.2547946618659545,6.2547946618659545,beg9n,anti_homophones
6483,1,9,1,4,2,-4.813716449690756,4.813716449690756,aRp§,anti_homophones
6484,1,3,0,6,2,-5.188290633862251,5.188290633862251,kRaz9R,anti_homophones
6485,1,0,0,14,6,-10.693551926374282,10.693551926374282,tR@spiRakas°Ri,anti_homophones
6486,1,17,1,4,2,-4.553825018970396,4.553825018970396,pato,anti_homophones
6487,1,0,0,10,5,-7.372003813972171,7.372003813972171,aplisOn°m@,anti_homophones
6488,1,0,0,17,6,-14.21501289792242,14.21501289792242,kRosaRkOmEsteRist,anti_homophones
6489,1,5,0,4,2,-5.755584146117476,5.755584146117476,s°la,anti_homophones
6490,1,0,0,9,4,-6.75674949003184,6.75674949003184,ORfoZ2nEt,anti_homophones
6491,1,3,0,5,2,-6.955492566852654,6.955492566852654,RosER,anti_homophones
6492,1,0,0,9,4,-8.710289565670669,8.710289565670669,emasjOnER,anti_homophones
6493,1,0,0,9,3,-9.528451197881607,9.528451197881607,dyRsinysk,anti_homophones
6494,1,0,0,7,3,-7.092056343779305,7.092056343779305,p@d@til,anti_homophones
6495,1,6,0,5,2,-5.662402352210076,5.662402352210076,kokEn,anti_homophones
6496,1,2,0,5,2,-5.022208385125468,5.022208385125468,pw5te,anti_homophones
6497,1,0,0,9,4,-6.5646334847902486,6.5646334847902486,kan9vR°m@,anti_homophones
6498,1,0,0,12,5,-11.51705936990853,11.51705936990853,pResiplakopi,anti_homophones
6499,1,6,0,4,2,-5.553430091949873,5.553430091949873,adad,anti_homophones
6500,1,0,0,8,3,-7.1547005461004725,7.1547005461004725,syRetist,anti_homophones
6501,1,13,1,5,2,-4.731983112717106,4.731983112717106,polis,anti_homophones
6502,1,1,0,8,4,-6.2428214402789735,6.2428214402789735,ZavEl°m@,anti_homophones
6503,1,6,0,5,2,-5.30239362413549,5.30239362413549,baRdo,anti_homophones
6504,1,38,0,3,1,-4.217076449633408,4.217076449633408,Rit,anti_homophones
6505,1,13,0,3,1,-4.766529929509117,4.766529929509117,l§g,anti_homophones
6506,1,6,1,5,2,-5.865897906094734,5.865897906094734,sinak,anti_homophones
6507,1,0,0,8,3,-8.808664334912942,8.808664334912942,plymERv2,anti_homophones
6508,1,12,0,4,2,-5.226677349659976,5.226677349659976,vese,anti_homophones
6509,1,0,0,8,4,-8.502666514111436,8.502666514111436,biminize,anti_homophones
6510,1,0,0,7,4,-7.53223179531345,7.53223179531345,neofaR5,anti_homophones
6511,1,0,0,10,4,-10.30648619866098,10.30648619866098,apsORbolip,anti_homophones
6512,1,0,0,6,3,-5.081446318740758,5.081446318740758,god°lE,anti_homophones
6513,1,3,1,6,2,-4.847595828401419,4.847595828401419,R°nabl,anti_homophones
6514,1,0,0,5,3,-5.191175219977617,5.191175219977617,adyl2,anti_homophones
6515,1,0,0,8,3,-6.363677435975767,6.363677435975767,EspEkabl,anti_homophones
6516,1,25,2,5,2,-3.9702934876309808,3.9702934876309808,sasj§,anti_homophones
6517,1,33,3,3,1,-3.769123522083736,3.769123522083736,fal,anti_homophones
6518,1,0,0,8,3,-8.085581394956636,8.085581394956636,stRikati,anti_homophones
6519,1,0,0,7,2,-7.866076942521133,7.866076942521133,fRetR9s,anti_homophones
6520,1,1,0,7,3,-6.707602152935381,6.707602152935381,jidifje,anti_homophones
6521,1,18,2,2,1,-4.57567858768598,4.57567858768598,vy,anti_homophones
6522,1,6,0,4,2,-5.189800220125624,5.189800220125624,fEta,anti_homophones
6523,1,0,0,12,6,-9.246814761020438,9.246814761020438,aeRodyktisj5,anti_homophones
6524,1,1,0,5,2,-6.024028342716294,6.024028342716294,megRE,anti_homophones
6525,1,1,0,7,2,-6.093084433417441,6.093084433417441,dOksist,anti_homophones
6526,1,10,1,4,2,-4.68017693003139,4.68017693003139,opik,anti_homophones
6527,1,0,0,7,2,-6.056900681282123,6.056900681282123,k§pORt1,anti_homophones
6528,1,0,0,8,3,-6.519936138406351,6.519936138406351,speRifik,anti_homophones
6529,1,4,0,4,1,-4.698130748342688,4.698130748342688,s5kR,anti_homophones
6530,1,0,0,12,5,-11.574328827962061,11.574328827962061,maRonoRalbin,anti_homophones
6531,1,0,0,10,5,-9.300767582993094,9.300767582993094,pelomeRite,anti_homophones
6532,1,0,0,12,5,-10.30070464611309,10.30070464611309,papitSpilata,anti_homophones
6533,1,1,0,7,3,-6.519275993420446,6.519275993420446,kataRja,anti_homophones
6534,1,0,0,12,6,-8.48413814492122,8.48413814492122,devazonaZ°m@,anti_homophones
6535,1,1,0,6,2,-7.873116582141151,7.873116582141151,kaRlOS,anti_homophones
6536,1,2,0,6,2,-5.308836182173844,5.308836182173844,bRij9R,anti_homophones
6537,1,0,0,9,5,-8.643941207459038,8.643941207459038,yfOl°tuSe,anti_homophones
6538,1,5,0,6,3,-5.2365325709418284,5.2365325709418284,vidite,anti_homophones
6539,1,0,0,8,4,-6.235500096406179,6.235500096406179,degaZ°m@,anti_homophones
6540,1,5,0,6,2,-4.950715676773763,4.950715676773763,dekRiR,anti_homophones
6541,1,8,0,4,2,-5.341398423181633,5.341398423181633,lip@,anti_homophones
6542,1,4,1,6,3,-5.192496048446753,5.192496048446753,k§sid@,anti_homophones
6543,1,14,2,4,2,-4.275166309764902,4.275166309764902,REs@,anti_homophones
6544,1,0,0,9,5,-7.308876218585659,7.308876218585659,lakealize,anti_homophones
6545,1,0,0,15,6,-9.886593082770402,9.886593082770402,myltyR5vEstasj§,anti_homophones
6546,1,0,0,9,4,-7.888289814430273,7.888289814430273,5vEstREn2,anti_homophones
6547,1,6,1,4,2,-4.840897580091936,4.840897580091936,wis@,anti_homophones
6548,1,3,0,7,2,-6.075042771885495,6.075042771885495,stERnal,anti_homophones
6549,1,17,2,3,1,-4.730943106608915,4.730943106608915,fl§,anti_homophones
6550,1,20,0,4,1,-4.3752628667321645,4.3752628667321645,tRis,anti_homophones
6551,1,0,0,11,4,-10.238751835470303,10.238751835470303,bekwadRapij,anti_homophones
6552,1,0,0,7,3,-6.569700466137555,6.569700466137555,kRazaZe,anti_homophones
6553,1,0,0,8,3,-5.568295694330862,5.568295694330862,ZERzat9R,anti_homophones
6554,1,0,0,7,4,-9.81079036781207,9.81079036781207,Sefale§,anti_homophones
6555,1,5,1,4,2,-5.125310049627231,5.125310049627231,@sEs,anti_homophones
6556,1,1,0,6,3,-6.9116100013223996,6.9116100013223996,5susiv,anti_homophones
6557,1,0,0,13,5,-10.588337553360972,10.588337553360972,linisERvERsj§,anti_homophones
6558,1,4,0,6,3,-5.356722923268076,5.356722923268076,etRij§,anti_homophones
6559,1,0,0,6,2,-8.848512538935278,8.848512538935278,m@bEkt,anti_homophones
6560,1,0,0,7,3,-8.7193075148818,8.7193075148818,tuZwas@,anti_homophones
6561,1,0,0,9,3,-8.558750790098257,8.558750790098257,R@sfORnal,anti_homophones
6562,1,0,0,10,4,-7.662395585748448,7.662395585748448,denogRamik,anti_homophones
6563,1,0,0,8,4,-6.567684532230991,6.567684532230991,vosEl°m@,anti_homophones
6564,1,0,0,11,4,-10.192349239145356,10.192349239145356,busbitR§bOl,anti_homophones
6565,1,0,0,9,4,-8.085383108011555,8.085383108011555,dekonOkle,anti_homophones
6566,1,0,0,8,3,-6.477647172712757,6.477647172712757,tRalitik,anti_homophones
6567,1,0,0,13,5,-8.967904067405346,8.967904067405346,desiRk§sjat9R,anti_homophones
6568,1,21,0,4,2,-4.935259127020404,4.935259127020404,aRad,anti_homophones
6569,1,17,0,4,1,-4.844501423929174,4.844501423929174,kaRm,anti_homophones
6570,1,1,0,7,3,-5.665183187285481,5.665183187285481,makonEl,anti_homophones
6571,1,0,0,9,4,-7.955633351546635,7.955633351546635,Ravaneizm,anti_homophones
6572,1,3,0,5,2,-6.153764947026199,6.153764947026199,putRa,anti_homophones
6573,1,1,1,5,2,-5.018321088762384,5.018321088762384,kiROl,anti_homophones
6574,1,8,0,5,2,-5.266046966747289,5.266046966747289,metRo,anti_homophones
6575,1,0,0,6,2,-7.522810756971968,7.522810756971968,mjamid,anti_homophones
6576,1,13,0,3,1,-5.548408419401049,5.548408419401049,tuz,anti_homophones
6577,1,23,1,3,1,-3.844928829610156,3.844928829610156,tEk,anti_homophones
6578,1,3,0,4,1,-5.483629956958793,5.483629956958793,sOtR,anti_homophones
6579,1,0,0,6,3,-5.166320955901023,5.166320955901023,iNifik,anti_homophones
6580,1,0,0,9,4,-9.462916484851322,9.462916484851322,RotaRimik,anti_homophones
6581,1,12,1,7,3,-4.346991121150533,4.346991121150533,vizasj§,anti_homophones
6582,1,0,0,13,6,-12.186584917376841,12.186584917376841,gijolasetaj9R,anti_homophones
6583,1,15,0,5,2,-5.029530827557752,5.029530827557752,gatik,anti_homophones
6584,1,0,0,11,4,-7.333327513136066,7.333327513136066,k§tR°S@pjER,anti_homophones
6585,1,6,1,7,3,-4.815588189469964,4.815588189469964,kanasj§,anti_homophones
6586,1,0,0,10,5,-6.537006791382824,6.537006791382824,veneRal°m@,anti_homophones
6587,1,0,0,11,5,-9.438364983110004,9.438364983110004,likasj@s°m@,anti_homophones
6588,1,0,0,8,3,-7.825791238836596,7.825791238836596,dRameRin,anti_homophones
6589,1,0,0,5,2,-7.568500749754556,7.568500749754556,fjula,anti_homophones
6590,1,0,0,7,3,-8.882015850106553,8.882015850106553,bREtabe,anti_homophones
6591,1,0,0,8,4,-6.912829001678637,6.912829001678637,k2tER°m@,anti_homophones
6592,1,0,0,8,4,-9.572996164694837,9.572996164694837,SaRalySa,anti_homophones
6593,1,0,0,9,4,-6.172512621264362,6.172512621264362,idRogat9R,anti_homophones
6594,1,14,1,3,1,-4.713923783159009,4.713923783159009,@pR,anti_homophones
6595,1,2,1,5,2,-5.161485684119553,5.161485684119553,modyk,anti_homophones
6596,1,0,0,10,4,-7.234022983816109,7.234022983816109,depRofisj§,anti_homophones
6597,1,7,0,5,2,-5.252034334705401,5.252034334705401,Zemik,anti_homophones
6598,1,9,0,4,2,-5.040067583125815,5.040067583125815,tOR§,anti_homophones
6599,1,13,1,4,2,-4.693485943195977,4.693485943195977,sati,anti_homophones
6600,1,0,0,11,4,-10.936587107347123,10.936587107347123,navR°fR5Zil,anti_homophones
6601,1,0,0,12,5,-10.896224252097928,10.896224252097928,pRemiRpetize,anti_homophones
6602,1,4,0,5,2,-5.419126741172031,5.419126741172031,lazaR,anti_homophones
6603,1,14,1,4,2,-4.447558139751211,4.447558139751211,seNe,anti_homophones
6604,1,5,0,5,2,-5.112626113460756,5.112626113460756,Oksj§,anti_homophones
6605,1,18,1,4,2,-4.268578235847001,4.268578235847001,anad,anti_homophones
6606,1,1,0,6,3,-6.934200118781332,6.934200118781332,piRamo,anti_homophones
6607,1,3,0,5,2,-6.421685293035207,6.421685293035207,aRtOR,anti_homophones
6608,1,5,0,5,2,-5.473164352637779,5.473164352637779,fRum@,anti_homophones
6609,1,0,0,11,5,-11.688100145381831,11.688100145381831,peResimajal,anti_homophones
6610,1,1,0,7,3,-6.291348735238129,6.291348735238129,@viRabl,anti_homophones
6611,1,0,0,11,5,-9.718289938222291,9.718289938222291,5falizasjOn,anti_homophones
6612,1,2,0,6,2,-5.225055746925985,5.225055746925985,EkstyR,anti_homophones
6613,1,2,0,6,3,-5.9033647264827325,5.9033647264827325,gOb°lo,anti_homophones
6614,1,6,0,4,2,-4.746415070785737,4.746415070785737,lufe,anti_homophones
6615,1,0,0,9,4,-8.96200734897448,8.96200734897448,fOlkanako,anti_homophones
6616,1,0,0,9,4,-8.20075996565494,8.20075996565494,aRtablote,anti_homophones
6617,1,0,0,10,4,-7.761472032210369,7.761472032210369,REstilasj§,anti_homophones
6618,1,0,0,6,2,-5.769230572592402,5.769230572592402,buSabl,anti_homophones
6619,1,7,1,4,2,-4.714962608188016,4.714962608188016,devo,anti_homophones
6620,1,9,3,3,1,-4.142107392440227,4.142107392440227,jOt,anti_homophones
6621,1,1,1,6,3,-4.666982783161706,4.666982783161706,k§feR@,anti_homophones
6622,1,7,1,4,2,-4.906114935616162,4.906114935616162,sat5,anti_homophones
6623,1,0,0,11,5,-11.5003814211553,11.5003814211553,Radilabjano,anti_homophones
6624,1,4,0,6,3,-5.780388994486963,5.780388994486963,baRote,anti_homophones
6625,1,1,0,6,3,-6.029679539294664,6.029679539294664,imilj5,anti_homophones
6626,1,4,0,5,2,-5.327259081106491,5.327259081106491,sifle,anti_homophones
6627,1,0,0,9,3,-6.315483886744123,6.315483886744123,pRotEkt9R,anti_homophones
6628,1,18,3,3,1,-3.8241819741723573,3.8241819741723573,koz,anti_homophones
6629,1,0,0,13,6,-13.156976150944553,13.156976150944553,baobabilatalm,anti_homophones
6630,1,12,1,4,2,-5.37056199649796,5.37056199649796,dik@,anti_homophones
6631,1,0,0,11,5,-11.246125690934747,11.246125690934747,agloRikefik,anti_homophones
6632,1,16,1,4,2,-4.348062821978731,4.348062821978731,kode,anti_homophones
6633,1,23,1,5,2,-3.848774625108782,3.848774625108782,tRije,anti_homophones
6634,1,5,0,4,2,-5.106795423207574,5.106795423207574,5sto,anti_homophones
6635,1,0,0,11,5,-10.406473783822571,10.406473783822571,@volybligle,anti_homophones
6636,1,0,0,7,3,-7.242256977063058,7.242256977063058,epigRON,anti_homophones
6637,1,0,0,9,4,-8.588187269073952,8.588187269073952,RaZabl°Ri,anti_homophones
6638,1,2,0,7,3,-5.4979093616135435,5.4979093616135435,maRisj§,anti_homophones
6639,1,9,1,4,2,-4.400940980760076,4.400940980760076,alke,anti_homophones
6640,1,4,0,5,2,-4.763446665560405,4.763446665560405,monj2,anti_homophones
6641,1,0,0,11,5,-11.739959534371266,11.739959534371266,aRp5gRafola,anti_homophones
6642,1,0,0,8,4,-6.651619314191309,6.651619314191309,5k§vERso,anti_homophones
6643,1,0,0,10,4,-9.894935230127675,9.894935230127675,§komORdist,anti_homophones
6644,1,0,0,7,3,-7.833482641798219,7.833482641798219,Okysj@s,anti_homophones
6645,1,16,1,5,2,-3.8934047563480583,3.8934047563480583,dezaR,anti_homophones
6646,1,6,1,4,2,-4.572713063291372,4.572713063291372,byRo,anti_homophones
6647,1,4,0,7,2,-6.118853487460484,6.118853487460484,kaRpabl,anti_homophones
6648,1,3,1,5,3,-4.790321823707124,4.790321823707124,@f§se,anti_homophones
6649,1,0,0,8,4,-8.730223022955439,8.730223022955439,RomodykE,anti_homophones
6650,1,0,0,7,3,-7.534528872821808,7.534528872821808,Re5stom,anti_homophones
6651,1,0,0,6,2,-5.637435303613099,5.637435303613099,R@blOk,anti_homophones
6652,1,7,1,6,2,-4.985353487488375,4.985353487488375,kaRdiz,anti_homophones
6653,1,7,1,7,3,-4.544162946024997,4.544162946024997,moRasj§,anti_homophones
6654,1,0,0,9,4,-7.532840865315389,7.532840865315389,paRluz°Ri,anti_homophones
6655,1,2,0,7,3,-5.272577680997532,5.272577680997532,detERne,anti_homophones
6656,1,9,1,5,2,-4.8338075354850245,4.8338075354850245,kolje,anti_homophones
6657,1,18,0,3,1,-4.126825092796584,4.126825092796584,bab,anti_homophones
6658,1,27,4,4,2,-3.512893927331651,3.512893927331651,@tik,anti_homophones
6659,1,2,0,6,3,-6.715175661725999,6.715175661725999,selibe,anti_homophones
6660,1,12,0,4,1,-5.1015373423165435,5.1015373423165435,kalv,anti_homophones
6661,1,0,0,8,4,-8.616646302246577,8.616646302246577,saRodije,anti_homophones
6662,1,10,1,3,1,-4.395586393804693,4.395586393804693,Zw5,anti_homophones
6663,1,0,0,6,2,-5.421601900911409,5.421601900911409,fymEtR,anti_homophones
6664,1,3,2,5,2,-4.946426851324451,4.946426851324451,debOR,anti_homophones
6665,1,4,0,5,2,-4.861197277060083,4.861197277060083,ZERmi,anti_homophones
6666,1,2,0,6,3,-6.2671828176839774,6.2671828176839774,egORno,anti_homophones
6667,1,0,0,5,3,-6.1300226557387365,6.1300226557387365,ole@s,anti_homophones
6668,1,3,0,4,1,-5.2281352742741936,5.2281352742741936,slav,anti_homophones
6669,1,3,1,5,3,-5.0049201046509175,5.0049201046509175,elem@,anti_homophones
6670,1,1,0,7,3,-6.390032818978279,6.390032818978279,Somatif,anti_homophones
6671,1,4,0,5,2,-5.3525287861512485,5.3525287861512485,t°nEz,anti_homophones
6672,1,1,0,7,3,-6.072795020495835,6.072795020495835,kodat9R,anti_homophones
6673,1,3,0,5,2,-5.914843944599632,5.914843944599632,gwal2,anti_homophones
6674,1,0,0,8,3,-8.501782177170913,8.501782177170913,bib5dikt,anti_homophones
6675,1,0,0,6,2,-5.989470584443404,5.989470584443404,stagOg,anti_homophones
6676,1,0,0,8,4,-5.507292403506797,5.507292403506797,R°vEt°m@,anti_homophones
6677,1,10,1,4,2,-4.6618111226271965,4.6618111226271965,@pje,anti_homophones
6678,1,20,0,4,2,-4.522441080344078,4.522441080344078,line,anti_homophones
6679,1,5,1,5,2,-4.819379386798656,4.819379386798656,folje,anti_homophones
6680,1,1,0,5,2,-5.528113214969443,5.528113214969443,p5s§d,anti_homophones
6681,1,0,0,8,4,-8.825447966696647,8.825447966696647,vEn°miSe,anti_homophones
6682,1,9,0,6,2,-4.765352229865999,4.765352229865999,maRabl,anti_homophones
6683,1,39,2,3,2,-3.761143090113625,3.761143090113625,ate,anti_homophones
6684,1,0,0,13,6,-12.537189722317253,12.537189722317253,nEsabRasiz°m@,anti_homophones
6685,1,0,0,11,4,-10.526344488542733,10.526344488542733,d8odisERviR,anti_homophones
6686,1,2,0,4,2,-4.993621170050102,4.993621170050102,pek5,anti_homophones
6687,1,2,0,7,4,-5.470844114073927,5.470844114073927,@bolite,anti_homophones
6688,1,2,0,5,2,-4.92317923028014,4.92317923028014,budj5,anti_homophones
6689,1,5,0,5,2,-5.130544557318464,5.130544557318464,kodal,anti_homophones
6690,1,0,0,8,4,-9.548554815965423,9.548554815965423,meRozais,anti_homophones
6691,1,0,0,9,4,-10.089969269992354,10.089969269992354,tamelilaZ,anti_homophones
6692,1,0,0,9,5,-11.752966644754991,11.752966644754991,akadabOli,anti_homophones
6693,1,11,0,4,1,-5.110375837648575,5.110375837648575,kRav,anti_homophones
6694,1,0,0,12,4,-9.707668776477815,9.707668776477815,mefj5fEktRik,anti_homophones
6695,1,0,0,10,4,-10.28485347995746,10.28485347995746,kodelyst9R,anti_homophones
6696,1,0,0,12,5,-9.781897260571988,9.781897260571988,kaRonopORt@s,anti_homophones
6697,1,0,0,10,5,-11.420835622249534,11.420835622249534,eteRinofRE,anti_homophones
6698,1,7,0,4,1,-4.493702219658725,4.493702219658725,mjEn,anti_homophones
6699,1,0,0,6,2,-10.284485712620343,10.284485712620343,wdsapo,anti_homophones
6700,1,1,0,5,2,-5.634089973340078,5.634089973340078,Rek8i,anti_homophones
6701,1,0,0,14,6,-12.524090807811174,12.524090807811174,viRanylomenist,anti_homophones
6702,1,0,0,8,3,-7.186800556715772,7.186800556715772,lygastik,anti_homophones
6703,1,14,2,3,1,-4.648436679058079,4.648436679058079,zip,anti_homophones
6704,1,1,0,6,3,-6.063708606213391,6.063708606213391,silase,anti_homophones
6705,1,2,0,6,2,-6.533868771920398,6.533868771920398,s5plat,anti_homophones
6706,1,5,0,5,2,-5.414782940874122,5.414782940874122,pl§ba,anti_homophones
6707,1,4,0,4,2,-5.78806307633189,5.78806307633189,azOm,anti_homophones
6708,1,0,0,14,6,-8.959104879493424,8.959104879493424,Ekskytwaj2z°m@,anti_homophones
6709,1,0,0,9,4,-9.212524875412353,9.212524875412353,nOvasazje,anti_homophones
6710,1,0,0,12,4,-13.538638276546077,13.538638276546077,baREksplijOp,anti_homophones
6711,1,25,0,3,1,-4.573150997207471,4.573150997207471,nad,anti_homophones
6712,1,4,0,4,2,-6.013154135264159,6.013154135264159,l@ga,anti_homophones
6713,1,0,0,8,3,-8.679512504016103,8.679512504016103,devwalaf,anti_homophones
6714,1,8,1,4,1,-4.289474647055365,4.289474647055365,mORf,anti_homophones
6715,1,0,0,6,3,-7.798574426161653,7.798574426161653,aRal@Z,anti_homophones
6716,1,0,0,6,3,-6.859175974740707,6.859175974740707,SeRil2,anti_homophones
6717,1,1,0,7,3,-6.0498861734607345,6.0498861734607345,syfiz@s,anti_homophones
6718,1,0,0,9,3,-5.827878536067345,5.827878536067345,detEknist,anti_homophones
6719,1,0,0,6,3,-5.440547334177295,5.440547334177295,deZene,anti_homophones
6720,1,0,0,9,4,-7.289987252228866,7.289987252228866,k§sekyRal,anti_homophones
6721,1,1,0,5,2,-5.950761006184868,5.950761006184868,fevRe,anti_homophones
6722,1,20,0,3,1,-4.339075501269199,4.339075501269199,bje,anti_homophones
6723,1,0,0,9,5,-7.4899918666522245,7.4899918666522245,otos@t@dy,anti_homophones
6724,1,0,0,5,2,-6.377621044214551,6.377621044214551,golab,anti_homophones
6725,1,16,0,4,2,-4.813251761411779,4.813251761411779,avER,anti_homophones
6726,1,25,1,3,1,-4.05190340968631,4.05190340968631,pl@,anti_homophones
6727,1,0,0,9,4,-7.721828339580509,7.721828339580509,n2Rom@dje,anti_homophones
6728,1,2,0,6,2,-6.085251599930713,6.085251599930713,s5glOR,anti_homophones
6729,1,6,0,5,2,-5.412316742908854,5.412316742908854,basje,anti_homophones
6730,1,0,0,14,6,-14.435859592142458,14.435859592142458,vakiaRtoRpReNe,anti_homophones
6731,1,0,0,5,3,-6.146293483681362,6.146293483681362,ebet5,anti_homophones
6732,1,7,0,5,3,-5.06900606369887,5.06900606369887,@sone,anti_homophones
6733,1,0,0,13,5,-11.583624093488522,11.583624093488522,fRekRibyl°taZ,anti_homophones
6734,1,0,0,11,4,-9.482030306808527,9.482030306808527,pRogatisjOm,anti_homophones
6735,1,0,0,7,3,-7.024252686269519,7.024252686269519,makopje,anti_homophones
6736,1,8,1,4,2,-4.221502626346148,4.221502626346148,ipEt,anti_homophones
6737,1,16,0,3,1,-4.88010319643896,4.88010319643896,ald,anti_homophones
6738,1,0,0,6,3,-6.354385928667367,6.354385928667367,yzyRj5,anti_homophones
6739,1,0,0,11,5,-9.202325129850637,9.202325129850637,k§pRovideR@,anti_homophones
6740,1,0,0,9,4,-9.14254584207941,9.14254584207941,veROmOfOn,anti_homophones
6741,1,23,1,2,1,-4.570798192429703,4.570798192429703,is,anti_homophones
6742,1,14,1,2,1,-4.598514272803307,4.598514272803307,Od,anti_homophones
6743,1,3,0,4,1,-5.118786536118653,5.118786536118653,tSad,anti_homophones
6744,1,0,0,11,5,-10.027212696081321,10.027212696081321,pelabomisj5,anti_homophones
6745,1,8,1,4,2,-4.304457453910136,4.304457453910136,feR@,anti_homophones
6746,1,0,0,6,3,-6.875537961038119,6.875537961038119,sital§,anti_homophones
6747,1,0,0,8,3,-9.461880468589081,9.461880468589081,komERd2t,anti_homophones
6748,1,1,0,5,3,-7.159372627078316,7.159372627078316,obot5,anti_homophones
6749,1,0,0,8,3,-7.920868419794577,7.920868419794577,tRykybRe,anti_homophones
6750,1,16,1,4,2,-4.432767947284513,4.432767947284513,buke,anti_homophones
6751,1,0,0,6,3,-5.364094112468161,5.364094112468161,pedim@,anti_homophones
6752,1,0,0,7,3,-10.546478199283762,10.546478199283762,t5gaRaf,anti_homophones
6753,1,0,0,14,5,-12.891979243182,12.891979243182,mitOksjonaRd9R,anti_homophones
6754,1,0,0,12,4,-9.37757206792029,9.37757206792029,kapostRaktif,anti_homophones
6755,1,1,1,5,2,-4.745093999001238,4.745093999001238,R°Zw5,anti_homophones
6756,1,0,0,11,5,-11.129325408132182,11.129325408132182,k§sek§Z§kte,anti_homophones
6757,1,9,1,4,2,-6.111966347629031,6.111966347629031,man§,anti_homophones
6758,1,2,0,6,3,-4.837721141439886,4.837721141439886,fym°Ri,anti_homophones
6759,1,2,0,5,2,-5.142967135251664,5.142967135251664,k§kOk,anti_homophones
6760,1,0,0,7,3,-5.856945934858938,5.856945934858938,Robotje,anti_homophones
6761,1,26,0,3,1,-4.606590950356017,4.606590950356017,gRa,anti_homophones
6762,1,2,0,7,2,-5.882847295276179,5.882847295276179,pRimist,anti_homophones
6763,1,3,0,8,4,-6.307902875527278,6.307902875527278,anitasj§,anti_homophones
6764,1,0,0,7,3,-7.838500429961783,7.838500429961783,makalki,anti_homophones
6765,1,0,0,9,4,-7.9455509097006045,7.9455509097006045,R°vwal2Re,anti_homophones
6766,1,5,1,4,1,-5.157331886550032,5.157331886550032,gRuz,anti_homophones
6767,1,0,0,10,4,-9.597245049752614,9.597245049752614,d°RasjonEt,anti_homophones
6768,1,3,0,6,3,-5.775254892045189,5.775254892045189,kanike,anti_homophones
6769,1,2,0,4,2,-4.939939839903558,4.939939839903558,k@d§,anti_homophones
6770,1,13,0,3,1,-4.4941955753482,4.4941955753482,RyS,anti_homophones
6771,1,0,0,13,6,-11.351851219751609,11.351851219751609,tRitalalisite,anti_homophones
6772,1,6,0,5,2,-5.087592243295791,5.087592243295791,tetRe,anti_homophones
6773,1,6,0,4,2,-5.377275742129729,5.377275742129729,asES,anti_homophones
6774,1,6,0,5,2,-4.949527682423374,4.949527682423374,mwaz§,anti_homophones
6775,1,2,1,5,3,-6.038014546510692,6.038014546510692,emyne,anti_homophones
6776,1,10,0,5,2,-4.686646478465193,4.686646478465193,mynik,anti_homophones
6777,1,0,0,10,4,-8.242811514597257,8.242811514597257,bRaktivaje,anti_homophones
6778,1,0,0,10,4,-10.67981302155543,10.67981302155543,venebRiz°n,anti_homophones
6779,1,0,0,6,3,-6.778729546110239,6.778729546110239,R°sEta,anti_homophones
6780,1,12,0,5,2,-4.642594461211396,4.642594461211396,senik,anti_homophones
6781,1,22,1,4,2,-4.790370199854033,4.790370199854033,Ripe,anti_homophones
6782,1,0,0,11,4,-7.885314829183106,7.885314829183106,daktivid8El,anti_homophones
6783,1,5,0,4,2,-5.496098924831875,5.496098924831875,tavo,anti_homophones
6784,1,0,0,9,4,-9.039426409920633,9.039426409920633,b@bobiliN,anti_homophones
6785,1,23,3,3,2,-4.050430819957536,4.050430819957536,eSe,anti_homophones
6786,1,0,0,9,3,-7.703896623626894,7.703896623626894,klabRijaR,anti_homophones
6787,1,0,0,6,3,-6.445488959817533,6.445488959817533,kometa,anti_homophones
6788,1,11,1,7,3,-4.470705435045782,4.470705435045782,k@tasj§,anti_homophones
6789,1,0,0,5,2,-6.540055954622558,6.540055954622558,nanOd,anti_homophones
6790,1,6,1,6,2,-4.617908216936133,4.617908216936133,kRetik,anti_homophones
6791,1,0,0,13,6,-12.769948815173338,12.769948815173338,nanajalifEs9R,anti_homophones
6792,1,0,0,6,3,-6.509302705289087,6.509302705289087,kazana,anti_homophones
6793,1,0,0,8,3,-7.249457713340416,7.249457713340416,ORgaRdiz,anti_homophones
6794,1,20,0,4,1,-4.475343620887217,4.475343620887217,flyR,anti_homophones
6795,1,4,0,5,2,-5.501635701127604,5.501635701127604,R°taj,anti_homophones
6796,1,19,1,4,2,-4.371424089714659,4.371424089714659,pede,anti_homophones
6797,1,0,0,9,4,-10.34584014227865,10.34584014227865,aRbuklidi,anti_homophones
6798,1,0,0,10,4,-8.62321432451433,8.62321432451433,t@poRadj@s,anti_homophones
6799,1,0,0,8,3,-7.035715349444572,7.035715349444572,syRk§sje,anti_homophones
6800,1,5,0,5,1,-4.805384043563555,4.805384043563555,glabl,anti_homophones
6801,1,0,0,7,3,-6.241750065991114,6.241750065991114,@dosjal,anti_homophones
6802,1,24,2,4,2,-3.8017048230704895,3.8017048230704895,bule,anti_homophones
6803,1,0,0,15,6,-13.580926160722086,13.580926160722086,fR@k§tRofinabOl,anti_homophones
6804,1,12,1,3,1,-4.6596605773265205,4.6596605773265205,loz,anti_homophones
6805,1,0,0,11,5,-9.403516767271615,9.403516767271615,aRtenoRat9R,anti_homophones
6806,1,3,0,6,2,-5.350005130424817,5.350005130424817,fENabl,anti_homophones
6807,1,0,0,7,2,-6.819278665862831,6.819278665862831,pERSwaZ,anti_homophones
6808,1,3,0,5,2,-5.973175881959143,5.973175881959143,lenj@,anti_homophones
6809,1,0,0,13,6,-10.261725684785693,10.261725684785693,RadaZilizasj§,anti_homophones
6810,1,0,0,13,6,-11.847139440666645,11.847139440666645,iRepilastiZj2,anti_homophones
6811,1,11,3,4,1,-3.675164224521459,3.675164224521459,pl9R,anti_homophones
6812,1,0,0,8,3,-9.64544205549827,9.64544205549827,kutREjEs,anti_homophones
6813,1,0,0,11,5,-5.446182387948886,5.446182387948886,ORganizasj§,anti_homophones
6814,1,10,0,4,1,-5.237261289367413,5.237261289367413,gRip,anti_homophones
6815,1,0,0,6,3,-6.704340745059963,6.704340745059963,Reokys,anti_homophones
6816,1,3,0,6,3,-5.1795591039018385,5.1795591039018385,aRguji,anti_homophones
6817,1,2,0,6,3,-6.259986495725039,6.259986495725039,livide,anti_homophones
6818,1,5,0,5,2,-5.374754585915588,5.374754585915588,Rezig,anti_homophones
6819,1,6,0,7,4,-5.012425044467791,5.012425044467791,@til°m@,anti_homophones
6820,1,14,1,4,2,-4.236574090776329,4.236574090776329,R°ve,anti_homophones
6821,1,0,0,10,5,-6.753425033829566,6.753425033829566,5koRj2z°m@,anti_homophones
6822,1,0,0,7,4,-7.613940708515886,7.613940708515886,@tineZ2,anti_homophones
6823,1,3,0,6,3,-5.752757521964176,5.752757521964176,peRis@,anti_homophones
6824,1,0,0,8,3,-8.13793665665926,8.13793665665926,dez9vREl,anti_homophones
6825,1,10,1,4,2,-4.0633772915645565,4.0633772915645565,Oksi,anti_homophones
6826,1,2,0,9,4,-6.628171377771123,6.628171377771123,tRonalize,anti_homophones
6827,1,8,1,6,3,-4.4803238632907165,4.4803238632907165,anat9R,anti_homophones
6828,1,0,0,8,3,-9.844307574310305,9.844307574310305,m§gl§tEs,anti_homophones
6829,1,0,0,12,5,-8.530064924470137,8.530064924470137,Rek§fORmafje,anti_homophones
6830,1,0,0,9,4,-7.0357470867802165,7.0357470867802165,panwaR°m@,anti_homophones
6831,1,0,0,15,6,-11.532755502993922,11.532755502993922,vulwaRit8aliz9R,anti_homophones
6832,1,0,0,10,4,-7.647258639958046,7.647258639958046,agRegystj§,anti_homophones
6833,1,26,4,3,1,-3.730347049627058,3.730347049627058,tuR,anti_homophones
6834,1,4,0,4,1,-5.673869462695052,5.673869462695052,nOtR,anti_homophones
6835,1,6,0,5,1,-4.778953656811959,4.778953656811959,vjabl,anti_homophones
6836,1,7,1,4,2,-4.191650425785578,4.191650425785578,nym@,anti_homophones
6837,1,3,0,7,4,-5.326355017467295,5.326355017467295,5koloZi,anti_homophones
6838,1,12,1,3,1,-4.94437998602535,4.94437998602535,gOd,anti_homophones
6839,1,0,0,10,5,-7.267988545248737,7.267988545248737,solEjEt°m@,anti_homophones
6840,1,0,0,8,3,-6.311186113210225,6.311186113210225,Egzenist,anti_homophones
6841,1,23,1,4,2,-4.540276209464462,4.540276209464462,gaRe,anti_homophones
6842,1,0,0,13,6,-11.425249165891818,11.425249165891818,elEktoRizitiR,anti_homophones
6843,1,0,0,7,3,-8.513394430779828,8.513394430779828,pRog@ba,anti_homophones
6844,1,4,1,5,3,-4.702079863083156,4.702079863083156,@v°le,anti_homophones
6845,1,3,0,5,2,-5.633594381774143,5.633594381774143,ismik,anti_homophones
6846,1,13,0,3,2,-5.82782472064179,5.82782472064179,5fi,anti_homophones
6847,1,0,0,10,4,-9.389925432629374,9.389925432629374,dokynjOnEl,anti_homophones
6848,1,7,1,4,2,-4.979698913594113,4.979698913594113,Rupi,anti_homophones
6849,1,2,0,8,4,-5.793847450210493,5.793847450210493,s5tij°m@,anti_homophones
6850,1,6,1,6,3,-4.900195074972924,4.900195074972924,f@t°Ri,anti_homophones
6851,1,0,0,8,4,-6.576024188203102,6.576024188203102,inamot9R,anti_homophones
6852,1,0,0,10,4,-7.933619071817731,7.933619071817731,degRafitys,anti_homophones
6853,1,0,0,7,3,-8.271678388710086,8.271678388710086,@demizm,anti_homophones
6854,1,0,0,12,5,-8.742486121248422,8.742486121248422,p8isjonik°m@,anti_homophones
6855,1,10,0,4,2,-4.837264261773421,4.837264261773421,p§pe,anti_homophones
6856,1,0,0,7,3,-7.450057420253911,7.450057420253911,s@sisj5,anti_homophones
6857,1,0,0,9,4,-8.236341478835046,8.236341478835046,eljogRama,anti_homophones
6858,1,1,0,7,3,-5.984266144779979,5.984266144779979,kaRtike,anti_homophones
6859,1,8,2,5,2,-4.680931086923001,4.680931086923001,tRem@,anti_homophones
6860,1,0,0,9,4,-7.226546221787281,7.226546221787281,5pRevizj5,anti_homophones
6861,1,3,1,5,2,-4.906761371951613,4.906761371951613,R°fOR,anti_homophones
6862,1,2,0,6,3,-6.677415935406911,6.677415935406911,k§sisi,anti_homophones
6863,1,0,0,10,5,-9.350296074792862,9.350296074792862,ideoskolik,anti_homophones
6864,1,0,0,9,4,-7.098710252729766,7.098710252729766,aktivizj5,anti_homophones
6865,1,0,0,7,3,-7.303976415772849,7.303976415772849,kaliN9l,anti_homophones
6866,1,0,0,8,3,-7.428112864553644,7.428112864553644,fifRazin,anti_homophones
6867,1,0,0,9,4,-7.007366228285072,7.007366228285072,zoRjalite,anti_homophones
6868,1,0,0,12,5,-10.207548347103176,10.207548347103176,skonos@tR°m@,anti_homophones
6869,1,4,1,7,3,-4.932836211557368,4.932836211557368,inalizm,anti_homophones
6870,1,17,1,4,2,-4.242677762531591,4.242677762531591,fone,anti_homophones
6871,1,0,0,9,3,-7.913492375262685,7.913492375262685,megRanjOm,anti_homophones
6872,1,10,1,5,1,-4.5364078319020384,4.5364078319020384,bRist,anti_homophones
6873,1,4,0,5,2,-5.3420271227138265,5.3420271227138265,gR°nE,anti_homophones
6874,1,0,0,4,1,-4.685483007148321,4.685483007148321,zEbR,anti_homophones
6875,1,9,1,4,2,-4.903395076671868,4.903395076671868,gem@,anti_homophones
6876,1,1,0,6,2,-6.1327864622231045,6.1327864622231045,kRutiR,anti_homophones
6877,1,0,0,12,5,-10.960563179043659,10.960563179043659,Rekilosijabl,anti_homophones
6878,1,19,0,4,1,-4.015154869016857,4.015154869016857,tREt,anti_homophones
6879,1,16,1,4,2,-4.1366428013974,4.1366428013974,papi,anti_homophones
6880,1,0,0,9,4,-10.088718845268902,10.088718845268902,itORpRuve,anti_homophones
6881,1,1,0,7,3,-5.3618927913917895,5.3618927913917895,5pRes9R,anti_homophones
6882,1,0,0,6,3,-7.227298316296292,7.227298316296292,batiRa,anti_homophones
6883,1,0,0,11,4,-13.066008102056408,13.066008102056408,flykozekRit,anti_homophones
6884,1,3,0,5,3,-5.521674884355425,5.521674884355425,ep°R§,anti_homophones
6885,1,1,0,5,3,-5.593061582055032,5.593061582055032,@kil§,anti_homophones
6886,1,0,1,6,2,-5.658186236973643,5.658186236973643,fisjal,anti_homophones
6887,1,0,0,12,4,-10.664930025214016,10.664930025214016,SilitEkspREs,anti_homophones
6888,1,10,2,3,1,-4.603732127623016,4.603732127623016,dek,anti_homophones
6889,1,0,0,10,4,-9.771721659631316,9.771721659631316,Ragwaplik5,anti_homophones
6890,1,1,0,6,2,-6.388681333430082,6.388681333430082,gaRdwa,anti_homophones
6891,1,1,0,6,3,-6.473437940484807,6.473437940484807,@kRyEl,anti_homophones
6892,1,0,0,7,3,-7.3400767467207855,7.3400767467207855,kakinwa,anti_homophones
6893,1,3,0,6,2,-5.4356931308929735,5.4356931308929735,vylgaR,anti_homophones
6894,1,33,0,2,1,-4.569614971622314,4.569614971622314,l@,anti_homophones
6895,1,1,0,6,3,-6.2803792286268925,6.2803792286268925,puRis§,anti_homophones
6896,1,0,0,13,6,-11.1528359846595,11.1528359846595,salybERZyRize,anti_homophones
6897,1,4,0,5,2,-5.208995554209897,5.208995554209897,kynje,anti_homophones
6898,1,24,2,2,1,-4.5677347505660055,4.5677347505660055,me,anti_homophones
6899,1,0,0,7,3,-6.5265673791558045,6.5265673791558045,pRynike,anti_homophones
6900,1,7,0,4,2,-4.6676775196772455,4.6676775196772455,Opse,anti_homophones
6901,1,16,0,3,1,-4.434414575162462,4.434414575162462,n@t,anti_homophones
6902,1,0,0,8,4,-6.6182391251394534,6.6182391251394534,otomatin,anti_homophones
6903,1,8,0,2,1,-6.181893183345606,6.181893183345606,5k,anti_homophones
6904,1,0,0,7,3,-6.952477456411941,6.952477456411941,@tasj@s,anti_homophones
6905,1,0,0,10,4,-7.064801903387277,7.064801903387277,devERs°l9R,anti_homophones
6906,1,0,0,11,5,-9.263211280188674,9.263211280188674,pERkyteRis@,anti_homophones
6907,1,0,0,6,3,-7.622593316430826,7.622593316430826,malynE,anti_homophones
6908,1,0,0,8,4,-6.943363529940905,6.943363529940905,defavoR@,anti_homophones
6909,1,0,0,8,3,-7.927608422167156,7.927608422167156,maRbyRl@,anti_homophones
6910,1,2,0,6,3,-5.92761982993606,5.92761982993606,5floRe,anti_homophones
6911,1,3,0,9,4,-6.131765402243399,6.131765402243399,nevizasj§,anti_homophones
6912,1,0,0,5,3,-7.437538855901158,7.437538855901158,@kok§,anti_homophones
6913,1,0,0,7,4,-7.858014185126606,7.858014185126606,afeRika,anti_homophones
6914,1,10,0,4,2,-4.878877289175002,4.878877289175002,pOli,anti_homophones
6915,1,10,0,4,1,-5.17493197439059,5.17493197439059,lasm,anti_homophones
6916,1,10,1,4,1,-4.43919348264063,4.43919348264063,blEm,anti_homophones
6917,1,1,0,6,2,-5.574329240687116,5.574329240687116,mezkal,anti_homophones
6918,1,3,0,6,2,-5.010831519388671,5.010831519388671,tR@sj2,anti_homophones
6919,1,7,1,5,2,-4.55642922525082,4.55642922525082,pjete,anti_homophones
6920,1,1,0,9,4,-5.60729086604439,5.60729086604439,destik°m@,anti_homophones
6921,1,11,1,3,1,-5.14970016921669,5.14970016921669,gOn,anti_homophones
6922,1,2,0,5,3,-5.811202091092978,5.811202091092978,maiz§,anti_homophones
6923,1,0,0,10,4,-8.558381172825204,8.558381172825204,pOksikolaZ,anti_homophones
6924,1,0,0,9,3,-7.543862768366578,7.543862768366578,pRoRozabl,anti_homophones
6925,1,8,0,4,1,-5.288078102918259,5.288078102918259,l@bR,anti_homophones
6926,1,1,0,7,3,-5.724389222351667,5.724389222351667,difyz9R,anti_homophones
6927,1,0,0,7,3,-7.775418913935109,7.775418913935109,kom@dRo,anti_homophones
6928,1,0,0,7,3,-7.277203115313295,7.277203115313295,litekER,anti_homophones
6929,1,0,0,13,6,-10.263503383243549,10.263503383243549,R°diREktRiole,anti_homophones
6930,1,0,0,8,3,-9.440160477192988,9.440160477192988,moRisilv,anti_homophones
6931,1,7,1,4,2,-5.221611201996918,5.221611201996918,k@ta,anti_homophones
6932,1,22,0,3,1,-4.4315699422932,4.4315699422932,syl,anti_homophones
6933,1,1,0,8,3,-6.4629418170000426,6.4629418170000426,detaRizm,anti_homophones
6934,1,1,1,6,2,-5.64882043828551,5.64882043828551,tR@zZe,anti_homophones
6935,1,0,0,6,2,-7.980601346551898,7.980601346551898,sEgREn,anti_homophones
6936,1,0,0,9,4,-9.57359454135177,9.57359454135177,viSitinik,anti_homophones
6937,1,0,0,9,3,-7.511632720129034,7.511632720129034,R°gRemist,anti_homophones
6938,1,3,0,5,1,-4.720235365324231,4.720235365324231,pROpR,anti_homophones
6939,1,0,0,8,4,-9.074277505736253,9.074277505736253,inomulaZ,anti_homophones
6940,1,0,0,15,5,-16.059125985477333,16.059125985477333,beglOdZjonERpij,anti_homophones
6941,1,10,0,4,2,-4.325758006182383,4.325758006182383,Este,anti_homophones
6942,1,27,1,2,1,-4.567546169147395,4.567546169147395,sy,anti_homophones
6943,1,0,0,7,4,-7.065399589134609,7.065399589134609,kazeine,anti_homophones
6944,1,0,0,8,4,-9.893073196071171,9.893073196071171,odjoamne,anti_homophones
6945,1,7,0,4,2,-5.343335876156757,5.343335876156757,alw5,anti_homophones
6946,1,7,1,5,2,-4.671851449653859,4.671851449653859,Rafje,anti_homophones
6947,1,0,0,8,3,-7.23968060562123,7.23968060562123,gRadit9R,anti_homophones
6948,1,0,0,13,6,-11.479115223763198,11.479115223763198,epERl5gRat°m@,anti_homophones
6949,1,0,0,14,6,-12.168088110046675,12.168088110046675,bekonisabliZ@s,anti_homophones
6950,1,2,0,5,2,-6.133200018498666,6.133200018498666,t@tid,anti_homophones
6951,1,8,1,7,3,-4.298598610878729,4.298598610878729,sibl°m@,anti_homophones
6952,1,21,2,4,2,-4.064586727886202,4.064586727886202,mani,anti_homophones
6953,1,0,0,13,6,-14.128496380394566,14.128496380394566,ZiRamaikyRjER,anti_homophones
6954,1,0,0,9,3,-8.471344285318775,8.471344285318775,magnosjER,anti_homophones
6955,1,7,2,5,2,-4.005240924089979,4.005240924089979,R°laZ,anti_homophones
6956,1,2,0,5,2,-5.653470745087994,5.653470745087994,9mp9R,anti_homophones
6957,1,11,1,7,3,-4.444723324484968,4.444723324484968,katasj§,anti_homophones
6958,1,0,0,11,5,-10.886784298240057,10.886784298240057,ekRomaksike,anti_homophones
6959,1,0,0,12,5,-12.123268598699662,12.123268598699662,k§v5kR°dujEs,anti_homophones
6960,1,12,0,4,2,-4.773730609421549,4.773730609421549,some,anti_homophones
6961,1,10,1,4,2,-3.9608986167934646,3.9608986167934646,5t@s,anti_homophones
6962,1,0,0,7,4,-5.9365329968691425,5.9365329968691425,ipot@te,anti_homophones
6963,1,12,0,3,2,-4.683296883672021,4.683296883672021,es@,anti_homophones
6964,1,0,0,7,3,-7.991559891285046,7.991559891285046,bibloka,anti_homophones
6965,1,0,0,10,5,-8.307398076250138,8.307398076250138,tuSebEt°Ri,anti_homophones
6966,1,0,0,12,5,-10.764879862121937,10.764879862121937,kaRloZinisj§,anti_homophones
6967,1,1,0,6,2,-4.820870855309568,4.820870855309568,s@sibl,anti_homophones
6968,1,0,0,12,5,-12.102481675582046,12.102481675582046,5pRimoRjazij,anti_homophones
6969,1,0,0,12,5,-12.889308917265666,12.889308917265666,abZEktaReizm,anti_homophones
6970,1,0,0,7,3,-7.063014570120272,7.063014570120272,navinj5,anti_homophones
6971,1,0,0,8,3,-6.676910191804232,6.676910191804232,bEl8asj§,anti_homophones
6972,1,21,0,4,2,-5.476279309277453,5.476279309277453,sase,anti_homophones
6973,1,0,0,7,3,-6.562911591441693,6.562911591441693,teliZEn,anti_homophones
6974,1,3,1,6,3,-4.63962255990407,4.63962255990407,deg2le,anti_homophones
6975,1,1,0,8,3,-6.530855818108124,6.530855818108124,Retanizm,anti_homophones
6976,1,1,0,6,2,-6.425519172635912,6.425519172635912,djabl°,anti_homophones
6977,1,30,1,2,1,-4.569345340809677,4.569345340809677,ki,anti_homophones
6978,1,2,0,7,3,-6.889564946696453,6.889564946696453,Zivizj§,anti_homophones
6979,1,16,1,6,3,-4.795845430281951,4.795845430281951,itasj§,anti_homophones
6980,1,16,1,5,2,-4.336108398157872,4.336108398157872,paRal,anti_homophones
6981,1,18,1,3,1,-4.143211257326509,4.143211257326509,lys,anti_homophones
6982,1,0,0,7,4,-8.074321370383648,8.074321370383648,odiREze,anti_homophones
6983,1,2,0,4,2,-5.431894751934902,5.431894751934902,tygE,anti_homophones
6984,1,19,0,4,2,-4.549876715531232,4.549876715531232,kato,anti_homophones
6985,1,2,0,7,3,-5.971552070117986,5.971552070117986,RavaRj5,anti_homophones
6986,1,16,2,4,2,-4.156276779424725,4.156276779424725,desi,anti_homophones
6987,1,0,0,7,4,-6.233588491704004,6.233588491704004,ipotine,anti_homophones
6988,1,1,0,8,3,-6.9190349097485235,6.9190349097485235,pOdOmEtR,anti_homophones
6989,1,1,0,9,4,-6.19594216223803,6.19594216223803,k§tRis°m@,anti_homophones
6990,1,3,1,5,2,-4.72697238492285,4.72697238492285,Zig9R,anti_homophones
6991,1,1,0,4,2,-4.577359990418858,4.577359990418858,Omni,anti_homophones
6992,1,0,0,8,3,-6.158421393252626,6.158421393252626,k§p@sjal,anti_homophones
6993,1,0,0,7,3,-10.092577274445409,10.092577274445409,tutible,anti_homophones
6994,1,8,1,3,2,-5.362877862060111,5.362877862060111,yly,anti_homophones
6995,1,3,0,6,2,-5.563387767817156,5.563387767817156,pRetin,anti_homophones
6996,1,0,0,10,4,-9.243101793767035,9.243101793767035,RokOsmosje,anti_homophones
6997,1,0,0,10,4,-11.83762838288332,11.83762838288332,gosjatimil,anti_homophones
6998,1,0,0,8,4,-6.253917973335499,6.253917973335499,volyside,anti_homophones
6999,1,12,1,5,2,-4.174969765070358,4.174969765070358,k§taZ,anti_homophones
7000,1,0,0,7,3,-8.627704120780775,8.627704120780775,pleonin,anti_homophones
7001,1,0,0,11,5,-9.726709520489466,9.726709520489466,5dEstatisj2,anti_homophones
7002,1,0,0,12,5,-9.138792749795119,9.138792749795119,k§pReRoRasj§,anti_homophones
7003,1,17,2,3,1,-3.877515259243915,3.877515259243915,gR@,anti_homophones
7004,1,0,0,8,4,-10.03066726143269,10.03066726143269,folekanE,anti_homophones
7005,1,0,0,12,5,-10.62736232268187,10.62736232268187,ped§kyRsjona,anti_homophones
7006,1,1,0,6,2,-6.106414135091445,6.106414135091445,demjys,anti_homophones
7007,1,0,0,7,3,-7.2456138512771275,7.2456138512771275,RadzeRo,anti_homophones
7008,1,0,0,5,3,-6.532159264236271,6.532159264236271,imoR§,anti_homophones
7009,1,7,1,4,2,-4.926243898560414,4.926243898560414,guly,anti_homophones
7010,1,0,0,6,3,-6.342133570484896,6.342133570484896,bOdib§,anti_homophones
7011,1,0,0,11,4,-8.903508385631797,8.903508385631797,pOstjolasj§,anti_homophones
7012,1,1,0,5,2,-4.787055043151291,4.787055043151291,SofaZ,anti_homophones
7013,1,0,0,11,4,-7.590699900181569,7.590699900181569,k§tEst@sjEl,anti_homophones
7014,1,0,0,6,2,-5.027017631108109,5.027017631108109,f°zabl,anti_homophones
7015,1,3,0,6,2,-5.419619468562919,5.419619468562919,fuRbje,anti_homophones
7016,1,0,0,15,6,-14.221561505849321,14.221561505849321,ERgolajtSvag@dE,anti_homophones
7017,1,0,0,12,5,-7.969403745619044,7.969403745619044,apRopogRasj§,anti_homophones
7018,1,1,0,5,2,-6.04339547727467,6.04339547727467,SERSi,anti_homophones
7019,1,1,0,5,3,-5.712571256275142,5.712571256275142,asup@,anti_homophones
7020,1,0,0,10,3,-9.502753314787348,9.502753314787348,sedykstR@s,anti_homophones
7021,1,0,0,10,4,-8.263053238706046,8.263053238706046,pRofObinad,anti_homophones
7022,1,0,0,12,4,-11.719856637996312,11.719856637996312,modetEstRast,anti_homophones
7023,1,13,0,6,3,-4.754973004112604,4.754973004112604,tis°m@,anti_homophones
7024,1,1,0,6,3,-6.790822836676379,6.790822836676379,peRat@,anti_homophones
7025,1,2,1,8,3,-5.86295494267612,5.86295494267612,stitysj§,anti_homophones
7026,1,0,0,9,4,-8.427546466285115,8.427546466285115,dedykalme,anti_homophones
7027,1,0,0,10,4,-8.008330235928595,8.008330235928595,blonjal°m@,anti_homophones
7028,1,0,0,8,4,-7.7091853817795375,7.7091853817795375,demenase,anti_homophones
7029,1,0,0,10,4,-9.845525293049839,9.845525293049839,RakteRotiv,anti_homophones
7030,1,12,2,5,2,-4.586290095410549,4.586290095410549,pas9R,anti_homophones
7031,1,0,0,6,2,-6.1200976801293105,6.1200976801293105,pRedom,anti_homophones
7032,1,4,0,5,1,-5.877160342331535,5.877160342331535,bistR,anti_homophones
7033,1,0,0,12,6,-7.8641738224265465,7.8641738224265465,k§feR@sEN°m@,anti_homophones
7034,1,0,0,7,3,-8.696184655545055,8.696184655545055,pulajEm,anti_homophones
7035,1,0,0,13,6,-12.571241646601809,12.571241646601809,5fORmasOnaRme,anti_homophones
7036,1,6,0,5,1,-5.178919290014708,5.178919290014708,ljabl,anti_homophones
7037,1,0,0,7,3,-7.273601406226906,7.273601406226906,lokajad,anti_homophones
7038,1,4,1,4,1,-5.90415828190615,5.90415828190615,twaZ,anti_homophones
7039,1,5,0,5,1,-5.28923396226102,5.28923396226102,pOstR,anti_homophones
7040,1,0,0,12,5,-10.914537201351393,10.914537201351393,es8ivREstami,anti_homophones
7041,1,0,0,12,5,-9.280164682987431,9.280164682987431,pRofiziblem@,anti_homophones
7042,1,16,1,3,1,-4.798311591030354,4.798311591030354,mos,anti_homophones
7043,1,0,0,6,3,-6.887564535629402,6.887564535629402,pat§bo,anti_homophones
7044,1,8,1,5,2,-4.327625203679796,4.327625203679796,pRezi,anti_homophones
7045,1,0,0,13,6,-11.230151018831842,11.230151018831842,gap°titydjam@,anti_homophones
7046,1,0,0,7,3,-7.78084794706764,7.78084794706764,debRet@,anti_homophones
7047,1,5,0,5,2,-5.344998602775211,5.344998602775211,ZinaZ,anti_homophones
7048,1,0,0,10,4,-6.798721075921876,6.798721075921876,vERdyRasj§,anti_homophones
7049,1,0,0,12,5,-10.865446468088619,10.865446468088619,gRatanetityd,anti_homophones
7050,1,4,0,5,2,-6.167460328467395,6.167460328467395,sekaZ,anti_homophones
7051,1,1,0,7,3,-5.86952984449373,5.86952984449373,maSujaR,anti_homophones
7052,1,18,2,3,1,-4.2953274929240095,4.2953274929240095,kl5,anti_homophones
7053,1,4,0,5,1,-7.807199201834979,7.807199201834979,kRitS,anti_homophones
7054,1,8,0,4,1,-4.883298306809166,4.883298306809166,stat,anti_homophones
7055,1,0,1,8,3,-7.044771666093936,7.044771666093936,mamORtaZ,anti_homophones
7056,1,0,0,13,6,-9.121986497597439,9.121986497597439,deblokypid°m@,anti_homophones
7057,1,0,0,15,6,-14.361279050286548,14.361279050286548,b@kaRnogRamEtR§,anti_homophones
7058,1,0,0,8,3,-8.631164549996695,8.631164549996695,makabylb,anti_homophones
7059,1,4,0,4,2,-5.2210568344194375,5.2210568344194375,lyde,anti_homophones
7060,1,0,0,10,4,-10.18702682132001,10.18702682132001,gRonORgaZe,anti_homophones
7061,1,4,1,6,2,-4.771380172405772,4.771380172405772,vizibl,anti_homophones
7062,1,1,1,7,3,-4.799257509909283,4.799257509909283,dekonEl,anti_homophones
7063,1,0,0,9,3,-9.163776668105342,9.163776668105342,oREksklak,anti_homophones
7064,1,2,0,6,2,-5.808779344892755,5.808779344892755,tRinEt,anti_homophones
7065,1,24,0,3,1,-4.430337048087157,4.430337048087157,liS,anti_homophones
7066,1,8,0,5,2,-5.002226738568244,5.002226738568244,gRese,anti_homophones
7067,1,6,0,4,1,-5.257182953518419,5.257182953518419,bREg,anti_homophones
7068,1,0,0,8,4,-7.179121899996105,7.179121899996105,Rasisite,anti_homophones
7069,1,1,0,7,3,-6.936545537522628,6.936545537522628,afERlOt,anti_homophones
7070,1,13,0,3,2,-4.6854681253826564,4.6854681253826564,Ose,anti_homophones
7071,1,0,0,7,3,-8.362974245725786,8.362974245725786,kyladiz,anti_homophones
7072,1,0,0,9,4,-5.058283144028971,5.058283144028971,pResiv°m@,anti_homophones
7073,1,0,0,8,2,-6.663858746025876,6.663858746025876,pastRabl,anti_homophones
7074,1,0,0,10,4,-8.492343652800344,8.492343652800344,sakRonalik,anti_homophones
7075,1,0,0,9,4,-6.4163707004466985,6.4163707004466985,opylsifje,anti_homophones
7076,1,0,0,16,6,-11.624950327438622,11.624950327438622,puRsiREksplik°m@,anti_homophones
7077,1,1,0,7,3,-6.036026089071879,6.036026089071879,pedOksi,anti_homophones
7078,1,0,0,6,3,-6.5045089175481134,6.5045089175481134,sagut@,anti_homophones
7079,1,3,0,4,2,-6.695799246042135,6.695799246042135,aRuZ,anti_homophones
7080,1,15,2,5,3,-4.377322419931618,4.377322419931618,ap°m@,anti_homophones
7081,1,0,0,7,3,-9.516871827935404,9.516871827935404,vezaRne,anti_homophones
7082,1,2,0,5,2,-5.774206758284125,5.774206758284125,ZolEt,anti_homophones
7083,1,0,0,13,5,-12.016790781338134,12.016790781338134,diskolysjamik,anti_homophones
7084,1,2,0,7,4,-5.46832468634212,5.46832468634212,evEn°m@,anti_homophones
7085,1,0,0,13,6,-8.606120093316314,8.606120093316314,id2kopRizasj§,anti_homophones
7086,1,1,0,4,2,-5.205997159296767,5.205997159296767,t@bu,anti_homophones
7087,1,0,0,8,4,-7.113523474951704,7.113523474951704,@vwaz°le,anti_homophones
7088,1,0,0,8,3,-7.877492251546054,7.877492251546054,gRibOtOn,anti_homophones
7089,1,0,0,5,1,-7.350501292013892,7.350501292013892,stRub,anti_homophones
7090,1,16,2,4,2,-4.314870455243286,4.314870455243286,deR@,anti_homophones
7091,1,7,0,4,2,-5.625974526480302,5.625974526480302,m@s@,anti_homophones
7092,1,1,0,7,3,-6.149990046001706,6.149990046001706,elEksin,anti_homophones
7093,1,0,0,9,3,-8.617738104288273,8.617738104288273,mjokOks9R,anti_homophones
7094,1,0,0,8,4,-7.580569481488293,7.580569481488293,egaluRd5,anti_homophones
7095,1,1,0,8,3,-7.403505832281684,7.403505832281684,fl@k§bRe,anti_homophones
7096,1,1,0,7,3,-7.114381947998809,7.114381947998809,kolenj5,anti_homophones
7097,1,0,0,8,3,-6.657543929690725,6.657543929690725,lytilist,anti_homophones
7098,1,2,0,6,3,-6.3212060148338285,6.3212060148338285,aRtiZe,anti_homophones
7099,1,0,0,9,3,-5.988667042614912,5.988667042614912,pRe@pR1te,anti_homophones
7100,1,6,1,6,2,-4.696036005988971,4.696036005988971,salist,anti_homophones
7101,1,11,0,6,2,-4.646668762110394,4.646668762110394,patwaR,anti_homophones
7102,1,0,0,6,3,-5.65197684851159,5.65197684851159,koRyp5,anti_homophones
7103,1,7,0,5,2,-4.767001985875846,4.767001985875846,filje,anti_homophones
7104,1,0,0,8,3,-7.925326248984933,7.925326248984933,izofRist,anti_homophones
7105,1,5,0,7,3,-4.6032667714854005,4.6032667714854005,k§kasj§,anti_homophones
7106,1,12,1,4,2,-4.525547867608574,4.525547867608574,@tyR,anti_homophones
7107,1,20,0,4,2,-4.261523285942542,4.261523285942542,baje,anti_homophones
7108,1,3,0,5,2,-4.959773398526455,4.959773398526455,kRe@s,anti_homophones
7109,1,2,0,7,3,-5.8594311755492905,5.8594311755492905,R°s°vwa,anti_homophones
7110,1,6,0,5,1,-4.749196263699606,4.749196263699606,plwaR,anti_homophones
7111,1,7,1,7,4,-5.36167298297343,5.36167298297343,oRis°m@,anti_homophones
7112,1,0,0,5,3,-5.860239823731058,5.860239823731058,@ziZ@,anti_homophones
7113,1,0,0,7,2,-7.488243702028029,7.488243702028029,pORtilm,anti_homophones
7114,1,0,0,16,5,-11.672790766351506,11.672790766351506,bORdyRsypst@sjER,anti_homophones
7115,1,2,0,6,3,-5.315081050098335,5.315081050098335,5fiRm@,anti_homophones
7116,1,1,0,6,3,-5.995251743134491,5.995251743134491,velone,anti_homophones
7117,1,7,2,4,2,-4.455562257173787,4.455562257173787,ERbe,anti_homophones
7118,1,0,0,6,2,-6.996928497317986,6.996928497317986,k@kwER,anti_homophones
7119,1,3,0,6,2,-5.35013585903993,5.35013585903993,mORtyR,anti_homophones
7120,1,0,0,7,4,-7.180051949415636,7.180051949415636,eRof§de,anti_homophones
7121,1,11,0,3,1,-4.4876744213711905,4.4876744213711905,SOk,anti_homophones
7122,1,8,0,4,1,-4.9968967345718065,4.9968967345718065,pEtR,anti_homophones
7123,1,25,2,3,1,-3.7317721021299533,3.7317721021299533,sif,anti_homophones
7124,1,0,0,13,6,-11.820050147432383,11.820050147432383,doRiZidulutaZ,anti_homophones
7125,1,0,0,9,4,-8.665406695861341,8.665406695861341,byRol§Z9R,anti_homophones
7126,1,0,0,8,3,-7.390015584418369,7.390015584418369,pRosekj2,anti_homophones
7127,1,26,2,3,1,-4.06084113331485,4.06084113331485,paj,anti_homophones
7128,1,0,0,7,3,-7.137058374075217,7.137058374075217,OmnityR,anti_homophones
7129,1,1,0,6,2,-5.449106649246593,5.449106649246593,modEst,anti_homophones
7130,1,34,0,2,1,-4.568223843466968,4.568223843466968,sE,anti_homophones
7131,1,0,0,10,4,-9.421660042030563,9.421660042030563,kopjolonaR,anti_homophones
7132,1,1,0,7,3,-6.558932748173388,6.558932748173388,Radisit,anti_homophones
7133,1,1,0,6,2,-5.957345859991556,5.957345859991556,plazER,anti_homophones
7134,1,0,0,6,3,-6.478220953898804,6.478220953898804,agREto,anti_homophones
7135,1,3,0,6,3,-4.56726127563946,4.56726127563946,deboSe,anti_homophones
7136,1,0,0,10,4,-8.90796629599286,8.90796629599286,flebaRbone,anti_homophones
7137,1,12,0,5,2,-4.4335647647530445,4.4335647647530445,palje,anti_homophones
7138,1,5,0,5,2,-5.170449947081061,5.170449947081061,mwaj5,anti_homophones
7139,1,5,0,3,1,-6.023662950139907,6.023662950139907,OgR,anti_homophones
7140,1,0,0,11,5,-8.943215326163994,8.943215326163994,deRatin@sj§,anti_homophones
7141,1,0,0,8,4,-6.185213542420618,6.185213542420618,syREt°Ri,anti_homophones
7142,1,0,0,9,4,-9.516545056222018,9.516545056222018,ERmEtRike,anti_homophones
7143,1,3,1,7,3,-4.185525664402349,4.185525664402349,kR2z°m@,anti_homophones
7144,1,2,0,7,3,-6.272785745227791,6.272785745227791,otomism,anti_homophones
7145,1,15,1,4,2,-4.5551140831447485,4.5551140831447485,kad@,anti_homophones
7146,1,0,0,10,4,-8.199194731446443,8.199194731446443,tRiskyl°m@,anti_homophones
7147,1,0,0,5,3,-5.191248646132437,5.191248646132437,asyZE,anti_homophones
7148,1,0,0,9,4,-6.658816890100436,6.658816890100436,disj2z°Ri,anti_homophones
7149,1,2,0,5,2,-4.948289811147492,4.948289811147492,R°Zte,anti_homophones
7150,1,1,0,6,2,-5.451859578003244,5.451859578003244,fl9RiR,anti_homophones
7151,1,0,0,7,3,-7.8916405222102135,7.8916405222102135,d°v5dik,anti_homophones
7152,1,0,0,8,4,-7.588554419475112,7.588554419475112,pusOt°m@,anti_homophones
7153,1,1,0,6,3,-6.992357557411183,6.992357557411183,gaRaSo,anti_homophones
7154,1,28,1,2,1,-4.570220770257203,4.570220770257203,dy,anti_homophones
7155,1,0,0,7,3,-5.987493513996177,5.987493513996177,budinaZ,anti_homophones
7156,1,0,0,10,5,-9.505678697697467,9.505678697697467,Robylysine,anti_homophones
7157,1,14,0,4,1,-4.905178513270936,4.905178513270936,pRat,anti_homophones
7158,1,0,0,10,5,-9.723321915228919,9.723321915228919,iReklavij§,anti_homophones
7159,1,4,0,5,2,-5.134628976636356,5.134628976636356,sERaZ,anti_homophones
7160,1,0,0,10,5,-10.987397492225321,10.987397492225321,jup5se@sit,anti_homophones
7161,1,3,0,5,2,-6.232355046017771,6.232355046017771,§bR@l,anti_homophones
7162,1,2,0,6,3,-4.991572318649898,4.991572318649898,R°dut2,anti_homophones
7163,1,0,0,10,4,-8.151474073556079,8.151474073556079,fuZERminik,anti_homophones
7164,1,9,0,4,1,-4.5748060513089905,4.5748060513089905,gRuj,anti_homophones
7165,1,0,0,6,3,-5.777209788680942,5.777209788680942,2zofaZ,anti_homophones
7166,1,5,0,4,2,-5.036068890693475,5.036068890693475,@sOR,anti_homophones
7167,1,0,0,10,4,-7.120339085624946,7.120339085624946,patSinasj§,anti_homophones
7168,1,18,0,3,1,-4.531037220166009,4.531037220166009,lOp,anti_homophones
7169,1,0,0,8,4,-8.244478973791242,8.244478973791242,emikside,anti_homophones
7170,1,0,0,14,5,-10.428533091441762,10.428533091441762,5dispREsbitabl,anti_homophones
7171,1,0,0,6,3,-6.865481976173764,6.865481976173764,5f°zyR,anti_homophones
7172,1,9,0,3,2,-4.894901279546992,4.894901279546992,@sE,anti_homophones
7173,1,2,0,5,2,-6.6789434937201655,6.6789434937201655,kinyR,anti_homophones
7174,1,2,0,6,2,-5.4861627903012105,5.4861627903012105,gaRnaZ,anti_homophones
7175,1,8,1,4,1,-4.3952315777223046,4.3952315777223046,sykR,anti_homophones
7176,1,0,0,7,3,-6.972076573242144,6.972076573242144,devjate,anti_homophones
7177,1,6,1,5,2,-4.818831327191916,4.818831327191916,tR@Ze,anti_homophones
7178,1,1,0,8,3,-6.258223026811643,6.258223026811643,pROS°niR,anti_homophones
7179,1,0,0,15,6,-12.17235571131632,12.17235571131632,vjOkaRganitasj§,anti_homophones
7180,1,0,0,16,6,-13.56163094651087,13.56163094651087,disk8ivROtROk°te,anti_homophones
7181,1,0,1,5,2,-5.465905288402062,5.465905288402062,f°zad,anti_homophones
7182,1,0,0,7,2,-7.000699350936226,7.000699350936226,flamatR,anti_homophones
7183,1,0,0,10,5,-8.961862618514,8.961862618514,baReORd°Ri,anti_homophones
7184,1,0,0,8,3,-10.434866115559702,10.434866115559702,peRiftij,anti_homophones
7185,1,1,0,5,3,-5.202019557045376,5.202019557045376,@m°ne,anti_homophones
7186,1,0,0,12,5,-11.740945994832806,11.740945994832806,depRepatifaR,anti_homophones
7187,1,4,0,5,2,-5.6325654313085955,5.6325654313085955,fRomi,anti_homophones
7188,1,0,0,13,5,-12.059285808345425,12.059285808345425,avivjEtnatizm,anti_homophones
7189,1,0,0,14,5,-14.891999614550818,14.891999614550818,sOstibjoteRjOd,anti_homophones
7190,1,4,0,4,1,-5.2750200507260185,5.2750200507260185,fORZ,anti_homophones
7191,1,0,0,8,4,-8.425743706409934,8.425743706409934,EfRikyl@,anti_homophones
7192,1,0,0,7,3,-7.124356031979593,7.124356031979593,@bRymEn,anti_homophones
7193,1,4,0,7,3,-5.75438259985123,5.75438259985123,bRav°m@,anti_homophones
7194,1,4,1,6,2,-4.918322543968745,4.918322543968745,kloSaZ,anti_homophones
7195,1,34,1,3,1,-3.8380895250555063,3.8380895250555063,kaj,anti_homophones
7196,1,7,0,4,2,-5.445912536525083,5.445912536525083,Zit@,anti_homophones
7197,1,3,0,4,2,-4.646742564223325,4.646742564223325,tOmi,anti_homophones
7198,1,0,0,9,4,-7.430219230720759,7.430219230720759,lyminytRe,anti_homophones
7199,1,1,0,5,2,-5.509744949303905,5.509744949303905,fleOl,anti_homophones
7200,1,0,0,7,3,-6.52081717703535,6.52081717703535,dep@dad,anti_homophones
7201,1,25,2,5,2,-3.922159290947495,3.922159290947495,bat9R,anti_homophones
7202,1,16,1,3,1,-3.9158746565135645,3.9158746565135645,mys,anti_homophones
7203,1,0,0,8,3,-8.386762648134246,8.386762648134246,pelegRif,anti_homophones
7204,1,0,0,10,4,-10.536180925653749,10.536180925653749,bigatyRint,anti_homophones
7205,1,2,0,6,2,-6.696362369985224,6.696362369985224,napsj§,anti_homophones
7206,1,1,0,6,2,-6.301196782826311,6.301196782826311,fRysj5,anti_homophones
7207,1,0,0,11,5,-9.646083164233671,9.646083164233671,tamuRavat9R,anti_homophones
7208,1,0,0,10,4,-8.55586452268018,8.55586452268018,sERvomisil,anti_homophones
7209,1,0,0,11,5,-12.394603800918015,12.394603800918015,5besesjagon,anti_homophones
7210,1,32,2,4,2,-4.378534013914383,4.378534013914383,Rase,anti_homophones
7211,1,31,2,3,1,-3.6355691468644356,3.6355691468644356,ZiR,anti_homophones
7212,1,0,0,8,4,-8.674092357729196,8.674092357729196,ev@pl°m@,anti_homophones
7213,1,0,0,6,2,-6.48853074879664,6.48853074879664,smaS9R,anti_homophones
7214,1,1,0,6,3,-5.2918284204932995,5.2918284204932995,butije,anti_homophones
7215,1,22,2,3,1,-4.339902980365395,4.339902980365395,taS,anti_homophones
7216,1,1,0,6,3,-6.395181181438971,6.395181181438971,tybERe,anti_homophones
7217,1,0,0,11,5,-11.25467115878343,11.25467115878343,Esp§sisosif,anti_homophones
7218,1,1,0,6,2,-5.931474219558488,5.931474219558488,dispRi,anti_homophones
7219,1,25,1,4,2,-4.54737276527595,4.54737276527595,elER,anti_homophones
7220,1,4,0,6,2,-5.251519426491619,5.251519426491619,faSizm,anti_homophones
7221,1,2,0,6,3,-5.965169076804197,5.965169076804197,5sinaZ,anti_homophones
7222,1,4,0,5,2,-5.229983732754363,5.229983732754363,fadEl,anti_homophones
7223,1,3,0,5,2,-6.023640285148284,6.023640285148284,dRolo,anti_homophones
7224,1,2,0,5,2,-5.144166001161177,5.144166001161177,gR5go,anti_homophones
7225,1,0,0,6,2,-6.027255603583697,6.027255603583697,libR9j,anti_homophones
7226,1,0,0,9,4,-9.37714006900365,9.37714006900365,emiRwajyR,anti_homophones
7227,1,1,0,6,3,-4.997949721445326,4.997949721445326,@tR°te,anti_homophones
7228,1,0,0,7,3,-8.097421709744792,8.097421709744792,dedalgo,anti_homophones
7229,1,0,0,12,6,-10.236848164275887,10.236848164275887,tagenetik°m@,anti_homophones
7230,1,0,0,7,3,-7.241965180414035,7.241965180414035,naRk°t§,anti_homophones
7231,1,0,0,7,3,-7.3837134800128235,7.3837134800128235,anOptif,anti_homophones
7232,1,0,0,8,3,-7.331929828339189,7.331929828339189,delisOld,anti_homophones
7233,1,7,0,4,2,-5.095486407051501,5.095486407051501,ERne,anti_homophones
7234,1,0,0,7,4,-8.73152048237417,8.73152048237417,jugOesi,anti_homophones
7235,1,0,0,10,5,-10.39556565720821,10.39556565720821,RegoRizike,anti_homophones
7236,1,11,1,3,1,-4.591970878289762,4.591970878289762,v@d,anti_homophones
7237,1,0,0,7,3,-6.419060518695279,6.419060518695279,iReflEt,anti_homophones
7238,1,1,0,6,3,-7.64442768989217,7.64442768989217,mitom@,anti_homophones
7239,1,3,0,5,2,-6.579526014655341,6.579526014655341,skat5,anti_homophones
7240,1,0,0,11,5,-12.150044492340887,12.150044492340887,kOsmozalOni,anti_homophones
7241,1,0,0,7,3,-6.204862632503185,6.204862632503185,buRZ°le,anti_homophones
7242,1,32,2,3,1,-3.8861738821743286,3.8861738821743286,kan,anti_homophones
7243,1,0,0,15,6,-11.94675589612774,11.94675589612774,s°kuvERspanatyR,anti_homophones
7244,1,0,0,9,4,-7.1250803944998475,7.1250803944998475,inasjat9R,anti_homophones
7245,1,0,0,6,2,-7.918051478911051,7.918051478911051,lamEks,anti_homophones
7246,1,1,0,7,3,-6.4402105360174,6.4402105360174,R@vERnE,anti_homophones
7247,1,3,1,6,2,-4.3230246023141765,4.3230246023141765,Egzist,anti_homophones
7248,1,22,0,3,1,-4.696032986740084,4.696032986740084,pte,anti_homophones
7249,1,7,1,4,1,-4.723110441055133,4.723110441055133,kliS,anti_homophones
7250,1,0,0,11,4,-7.626924630366055,7.626924630366055,dopsERvat9R,anti_homophones
7251,1,0,0,9,4,-9.357110366586946,9.357110366586946,@Roblwaze,anti_homophones
7252,1,1,0,5,2,-4.932057049980641,4.932057049980641,siRk§,anti_homophones
7253,1,5,1,5,2,-4.775285721774018,4.775285721774018,eklEt,anti_homophones
7254,1,10,0,5,2,-5.3453984798661685,5.3453984798661685,kRave,anti_homophones
7255,1,0,0,8,3,-6.826634110458968,6.826634110458968,suvijabl,anti_homophones
7256,1,1,0,6,3,-5.992272233907686,5.992272233907686,kalOpe,anti_homophones
7257,1,0,0,9,4,-6.740352102752764,6.740352102752764,Egzen§sj@,anti_homophones
7258,1,1,0,6,3,-5.705792146401171,5.705792146401171,kolEj§,anti_homophones
7259,1,7,1,4,1,-5.365518613013821,5.365518613013821,tjaZ,anti_homophones
7260,1,2,0,6,2,-5.556071656585971,5.556071656585971,Opsikl,anti_homophones
7261,1,16,2,3,1,-3.7799809163629616,3.7799809163629616,nwa,anti_homophones
7262,1,0,0,13,6,-10.647358265222547,10.647358265222547,5fR@k§tREv°m@,anti_homophones
7263,1,4,1,5,2,-5.260344204577998,5.260344204577998,depOl,anti_homophones
7264,1,0,0,12,6,-9.297350294103303,9.297350294103303,@f§s°vabot9R,anti_homophones
7265,1,0,1,6,2,-5.131788868645325,5.131788868645325,bunkER,anti_homophones
7266,1,4,0,5,2,-5.528035844361884,5.528035844361884,Ralis,anti_homophones
7267,1,0,0,7,3,-6.484086891762294,6.484086891762294,alkadRe,anti_homophones
7268,1,0,0,6,3,-6.349694135242924,6.349694135242924,gam°dy,anti_homophones
7269,1,0,0,9,4,-7.151310163961627,7.151310163961627,d@dikylER,anti_homophones
7270,1,0,0,10,4,-10.081664938522271,10.081664938522271,steReboS9R,anti_homophones
7271,1,0,0,11,5,-9.831250254973822,9.831250254973822,R°tElylinje,anti_homophones
7272,1,12,0,5,2,-4.691929493394292,4.691929493394292,anist,anti_homophones
7273,1,0,0,11,5,-8.683388394808292,8.683388394808292,mORfid@Z°v5,anti_homophones
7274,1,2,0,7,3,-6.069747544768007,6.069747544768007,R°dub9R,anti_homophones
7275,1,3,0,4,1,-7.034950193460326,7.034950193460326,pOtl,anti_homophones
7276,1,8,0,5,2,-4.820715138533681,4.820715138533681,l@d9R,anti_homophones
7277,1,0,0,9,4,-7.165651711533255,7.165651711533255,paRatityR,anti_homophones
7278,1,0,0,11,5,-12.881469569336904,12.881469569336904,5pl@tomadOp,anti_homophones
7279,1,0,0,10,4,-8.701642874418287,8.701642874418287,lamyskytaZ,anti_homophones
7280,1,3,0,5,3,-5.2355809529735575,5.2355809529735575,alyS§,anti_homophones
7281,1,1,0,7,3,-6.493382219803491,6.493382219803491,kRupEto,anti_homophones
7282,1,0,0,12,6,-13.42877749174241,13.42877749174241,ikofilmin°le,anti_homophones
7283,1,7,0,4,2,-4.88522907986861,4.88522907986861,dep5,anti_homophones
7284,1,0,0,9,4,-9.901340480651646,9.901340480651646,RivERpone,anti_homophones
7285,1,2,0,5,3,-6.373298743913961,6.373298743913961,is°le,anti_homophones
7286,1,1,0,9,4,-7.803204116329709,7.803204116329709,epylveR@s,anti_homophones
7287,1,5,0,4,1,-4.625478393649416,4.625478393649416,bjOm,anti_homophones
7288,1,0,0,9,4,-9.358911681046559,9.358911681046559,alopORtwa,anti_homophones
7289,1,13,0,4,2,-4.631291528587107,4.631291528587107,pupe,anti_homophones
7290,1,0,0,11,5,-7.804262440823166,7.804262440823166,R°dREfyzeOl,anti_homophones
7291,1,2,0,6,2,-4.970042976542283,4.970042976542283,pERsEl,anti_homophones
7292,1,0,0,8,3,-7.613073368915415,7.613073368915415,l@dEmnip,anti_homophones
7293,1,0,0,7,3,-6.532563848828846,6.532563848828846,imatRik,anti_homophones
7294,1,1,0,5,2,-6.841335977871851,6.841335977871851,sapj2,anti_homophones
7295,1,4,0,5,1,-5.61034767111604,5.61034767111604,skwat,anti_homophones
7296,1,5,0,6,2,-5.013599092385403,5.013599092385403,dipsj§,anti_homophones
7297,1,0,0,8,3,-9.60109992696286,9.60109992696286,Zaglan9R,anti_homophones
7298,1,0,0,16,6,-14.96907351691531,14.96907351691531,R°g§dEltanOskRis,anti_homophones
7299,1,0,0,12,6,-10.572082409121327,10.572082409121327,eRobabjol°m@,anti_homophones
7300,1,17,1,4,2,-4.647990267704382,4.647990267704382,m@se,anti_homophones
7301,1,3,0,7,4,-5.834839805261318,5.834839805261318,yRalite,anti_homophones
7302,1,0,0,12,5,-7.204506787440623,7.204506787440623,pRofaZitasj§,anti_homophones
7303,1,5,0,4,2,-5.289135050000724,5.289135050000724,laSa,anti_homophones
7304,1,1,0,7,3,-5.832177269698928,5.832177269698928,nylat9R,anti_homophones
7305,1,0,0,5,1,-6.656984679592743,6.656984679592743,@pwnd,anti_homophones
7306,1,4,1,4,2,-4.216617423528294,4.216617423528294,S°ve,anti_homophones
7307,1,0,0,10,4,-8.54682256412573,8.54682256412573,S5Sif§Zist,anti_homophones
7308,1,10,1,4,1,-4.429893601877507,4.429893601877507,bRys,anti_homophones
7309,1,1,0,7,3,-6.566147776575555,6.566147776575555,EkspoRe,anti_homophones
7310,1,0,0,7,3,-5.961838972558286,5.961838972558286,kameRiR,anti_homophones
7311,1,0,0,8,4,-7.223179816564769,7.223179816564769,5kybilis,anti_homophones
7312,1,0,0,11,5,-10.536858096954935,10.536858096954935,akyltimynj5,anti_homophones
7313,1,1,0,7,3,-6.926932827221126,6.926932827221126,t@bRij§,anti_homophones
7314,1,0,0,6,3,-6.525656778828322,6.525656778828322,Rinomi,anti_homophones
7315,1,10,1,5,2,-4.370521394191222,4.370521394191222,Ekste,anti_homophones
7316,1,10,1,4,2,-4.464421189868019,4.464421189868019,pano,anti_homophones
7317,1,0,0,6,2,-4.970432277941337,4.970432277941337,kwiz9R,anti_homophones
7318,1,1,0,8,4,-7.079925187335143,7.079925187335143,kidalite,anti_homophones
7319,1,0,0,12,5,-10.611670064958115,10.611670064958115,malgam°sezj5,anti_homophones
7320,1,0,0,10,5,-9.010922874798315,9.010922874798315,dekuliSOfe,anti_homophones
7321,1,1,0,5,2,-4.839449594116884,4.839449594116884,R°sOl,anti_homophones
7322,1,7,0,4,2,-4.8074907298357425,4.8074907298357425,5sER,anti_homophones
7323,1,0,0,12,5,-10.745036776364833,10.745036776364833,telegRosEsti,anti_homophones
7324,1,1,0,6,2,-5.477262985540669,5.477262985540669,lEptik,anti_homophones
7325,1,2,0,5,2,-5.833529010545487,5.833529010545487,viNOt,anti_homophones
7326,1,0,0,8,4,-9.29994705711228,9.29994705711228,R°p@tena,anti_homophones
7327,1,0,0,10,4,-10.489769088723797,10.489769088723797,ReZuRnalZi,anti_homophones
7328,1,2,0,7,3,-5.655533023158147,5.655533023158147,peRisj§,anti_homophones
7329,1,0,0,12,4,-8.232220563640526,8.232220563640526,myflEgmatizm,anti_homophones
7330,1,0,0,10,4,-9.110301109852939,9.110301109852939,t@timORtaZ,anti_homophones
7331,1,9,1,5,2,-5.725457489543127,5.725457489543127,gl°m@,anti_homophones
7332,1,8,1,5,2,-4.536671138104669,4.536671138104669,SaRZe,anti_homophones
7333,1,0,0,5,2,-6.016899946493675,6.016899946493675,bipat,anti_homophones
7334,1,4,0,4,2,-5.65876298390832,5.65876298390832,ZEne,anti_homophones
7335,1,11,0,6,3,-4.534087318853515,4.534087318853515,bEt°m@,anti_homophones
7336,1,2,0,7,3,-6.449959882764481,6.449959882764481,Rynisj§,anti_homophones
7337,1,0,0,8,3,-6.632711829406317,6.632711829406317,dezamjEl,anti_homophones
7338,1,10,1,5,2,-4.804143971220985,4.804143971220985,kas9R,anti_homophones
7339,1,19,0,4,2,-5.0088181478993645,5.0088181478993645,boSe,anti_homophones
7340,1,1,0,6,2,-6.35900246664411,6.35900246664411,buRdER,anti_homophones
7341,1,1,0,5,2,-4.923003961439274,4.923003961439274,EgjER,anti_homophones
7342,1,0,0,8,4,-8.096459057097732,8.096459057097732,am5sinOp,anti_homophones
7343,1,0,0,7,3,-7.276620058561606,7.276620058561606,mikRog@,anti_homophones
7344,1,1,0,7,3,-6.073177853408477,6.073177853408477,despoz@,anti_homophones
7345,1,15,1,3,2,-4.383849840317336,4.383849840317336,imi,anti_homophones
7346,1,2,0,4,1,-4.998052514073778,4.998052514073778,gOlf,anti_homophones
7347,1,4,0,6,2,-5.300491879789999,5.300491879789999,k§tRam,anti_homophones
7348,1,0,0,12,5,-10.009711297207652,10.009711297207652,5suskyR@Sist,anti_homophones
7349,1,0,0,12,4,-10.200522877045664,10.200522877045664,bR2viROgnist,anti_homophones
7350,1,3,0,7,3,-5.5249266439631475,5.5249266439631475,tematik,anti_homophones
7351,1,2,1,6,3,-5.20425079313545,5.20425079313545,degote,anti_homophones
7352,1,0,0,9,4,-7.517164693313217,7.517164693313217,siNifjeRe,anti_homophones
7353,1,2,0,7,3,-4.767413029413562,4.767413029413562,d8El°m@,anti_homophones
7354,1,0,0,11,5,-9.529368367467963,9.529368367467963,kol§ZenenER,anti_homophones
7355,1,0,0,9,4,-8.66103674104696,8.66103674104696,kolib°lin,anti_homophones
7356,1,0,0,6,3,-7.109542085427194,7.109542085427194,ROtase,anti_homophones
7357,1,0,0,11,5,-9.728935441902243,9.728935441902243,k§ZygastER2,anti_homophones
7358,1,1,0,5,3,-6.454626206771274,6.454626206771274,@fyze,anti_homophones
7359,1,0,0,11,5,-11.164666275805493,11.164666275805493,askafaRafje,anti_homophones
7360,1,0,0,9,4,-7.128483453290121,7.128483453290121,sORbit°Ri,anti_homophones
7361,1,1,0,7,3,-6.206410592866479,6.206410592866479,paRadin,anti_homophones
7362,1,0,0,6,3,-7.325635322308921,7.325635322308921,5futiG,anti_homophones
7363,1,0,0,13,6,-8.955233869605806,8.955233869605806,sedyktivisite,anti_homophones
7364,1,2,0,5,2,-6.2912923915971355,6.2912923915971355,mykys,anti_homophones
7365,1,1,1,6,2,-5.149194327266101,5.149194327266101,dek§dR,anti_homophones
7366,1,1,0,7,4,-6.441515712295151,6.441515712295151,apos°Ri,anti_homophones
7367,1,0,0,8,4,-7.012308210905324,7.012308210905324,t@timite,anti_homophones
7368,1,1,0,5,2,-6.420588922426766,6.420588922426766,kleoz,anti_homophones
7369,1,7,0,5,3,-5.391268509857158,5.391268509857158,5pyle,anti_homophones
7370,1,16,2,4,2,-4.286615272577254,4.286615272577254,asaZ,anti_homophones
7371,1,16,0,4,2,-4.542348362681816,4.542348362681816,p§te,anti_homophones
7372,1,13,1,3,2,-4.595412437898905,4.595412437898905,5p@,anti_homophones
7373,1,0,0,8,4,-7.269107339318458,7.269107339318458,ekReOlOg,anti_homophones
7374,1,2,1,6,2,-4.550189308092338,4.550189308092338,S°vabl,anti_homophones
7375,1,0,0,14,5,-12.768808749126588,12.768808749126588,defOlkman°lj9R,anti_homophones
7376,1,11,0,5,2,-4.720257562353998,4.720257562353998,papaZ,anti_homophones
7377,1,0,0,12,5,-9.700909587153173,9.700909587153173,pRonisikotje,anti_homophones
7378,1,0,0,7,3,-6.866521044384252,6.866521044384252,mateZit,anti_homophones
7379,1,25,1,3,1,-4.169964019588052,4.169964019588052,Rys,anti_homophones
7380,1,4,0,4,2,-5.257000546303882,5.257000546303882,kipu,anti_homophones
7381,1,2,0,5,2,-5.676979939525204,5.676979939525204,sigas,anti_homophones
7382,1,1,0,6,2,-4.782197635222449,4.782197635222449,bENwaR,anti_homophones
7383,1,0,0,6,2,-6.047705042647263,6.047705042647263,filjak,anti_homophones
7384,1,1,0,6,2,-6.051171693674115,6.051171693674115,safRik,anti_homophones
7385,1,0,0,7,3,-6.897904903786129,6.897904903786129,mykOnEt,anti_homophones
7386,1,5,0,4,2,-7.17717051260394,7.17717051260394,baf5,anti_homophones
7387,1,0,0,7,3,-7.278570236379101,7.278570236379101,RomyRje,anti_homophones
7388,1,3,1,3,2,-4.645815259919844,4.645815259919844,@Z2,anti_homophones
7389,1,6,0,4,1,-5.503701647815808,5.503701647815808,tR5k,anti_homophones
7390,1,27,0,3,1,-4.2480559122826715,4.2480559122826715,vit,anti_homophones
7391,1,1,1,7,4,-6.267951474352514,6.267951474352514,imat°Ri,anti_homophones
7392,1,0,0,8,3,-7.495793705725683,7.495793705725683,fuRvwazo,anti_homophones
7393,1,1,1,8,3,-6.076639825770635,6.076639825770635,lEptasj§,anti_homophones
7394,1,7,0,4,2,-5.795780052472777,5.795780052472777,@gul,anti_homophones
7395,1,0,0,9,4,-9.570285511486922,9.570285511486922,emuvwatyf,anti_homophones
7396,1,1,0,8,3,-6.908573592797364,6.908573592797364,R°latabl,anti_homophones
7397,1,0,0,7,3,-7.541821037508786,7.541821037508786,slip9Re,anti_homophones
7398,1,1,1,4,2,-4.3217872642728095,4.3217872642728095,atl§,anti_homophones
7399,1,3,2,7,4,-4.673105617471549,4.673105617471549,ZeoloZi,anti_homophones
7400,1,6,0,6,3,-5.907573277272088,5.907573277272088,R§bine,anti_homophones
7401,1,1,0,5,1,-5.131322278217498,5.131322278217498,paRf1,anti_homophones
7402,1,4,1,6,2,-4.770401036274462,4.770401036274462,Sjasj§,anti_homophones
7403,1,1,0,7,4,-8.192510624966367,8.192510624966367,5veRoik,anti_homophones
7404,1,17,1,3,1,-4.270601494133836,4.270601494133836,b@d,anti_homophones
7405,1,10,1,3,2,-4.606717403380383,4.606717403380383,de§,anti_homophones
7406,1,1,1,4,1,-5.468330971896257,5.468330971896257,nigm,anti_homophones
7407,1,13,0,5,2,-5.01756252709259,5.01756252709259,amizm,anti_homophones
7408,1,0,0,9,5,-8.559772918340625,8.559772918340625,5tERil°m@,anti_homophones
7409,1,0,0,11,6,-10.271185349516056,10.271185349516056,5difyzilyzi,anti_homophones
7410,1,20,3,4,1,-4.085045761554446,4.085045761554446,tizm,anti_homophones
7411,1,4,1,7,3,-4.818299026607948,4.818299026607948,@bRasj§,anti_homophones
7412,1,0,0,10,5,-11.160208680821539,11.160208680821539,yblik°mus@,anti_homophones
7413,1,0,0,8,3,-6.751865368222604,6.751865368222604,EgzakORd,anti_homophones
7414,1,2,0,6,2,-6.386319484898006,6.386319484898006,debild,anti_homophones
7415,1,2,0,5,2,-6.340919982190518,6.340919982190518,pERna,anti_homophones
7416,1,2,0,8,3,-6.0867351145157915,6.0867351145157915,tRakylER,anti_homophones
7417,1,1,0,6,3,-6.214974326118961,6.214974326118961,S°vizi,anti_homophones
7418,1,3,0,6,3,-5.375174506174076,5.375174506174076,5k§ple,anti_homophones
7419,1,0,0,8,3,-7.766122574201182,7.766122574201182,myflipje,anti_homophones
7420,1,2,0,5,2,-5.852993212901573,5.852993212901573,sypty,anti_homophones
7421,1,1,0,4,2,-5.662462198135162,5.662462198135162,pRuE,anti_homophones
7422,1,5,0,2,1,-4.71065046090328,4.71065046090328,9f,anti_homophones
7423,1,5,1,4,2,-4.550000898789364,4.550000898789364,pivo,anti_homophones
7424,1,1,0,5,2,-6.569522013296757,6.569522013296757,bibla,anti_homophones
7425,1,0,0,14,6,-10.92525129311688,10.92525129311688,enaRSipokRasj§,anti_homophones
7426,1,0,0,6,3,-7.8683526824710786,7.8683526824710786,d°b§di,anti_homophones
7427,1,0,0,4,2,-5.259092505771341,5.259092505771341,egOs,anti_homophones
7428,1,1,0,7,3,-5.587986661169188,5.587986661169188,mORfeR@,anti_homophones
7429,1,2,0,6,2,-5.7400538683773865,5.7400538683773865,solism,anti_homophones
7430,1,1,0,5,2,-6.108707532666694,6.108707532666694,letan,anti_homophones
7431,1,0,0,7,3,-6.239900893189897,6.239900893189897,ORdinaZ,anti_homophones
7432,1,3,0,8,3,-7.425595450668791,7.425595450668791,pRytasj§,anti_homophones
7433,1,1,0,5,2,-6.598144001722565,6.598144001722565,ORtod,anti_homophones
7434,1,7,1,4,2,-4.962040937677606,4.962040937677606,num@,anti_homophones
7435,1,0,0,10,4,-10.02450176489323,10.02450176489323,kaRmuSaRZo,anti_homophones
7436,1,0,0,8,3,-7.130004109151076,7.130004109151076,deskRimi,anti_homophones
7437,1,0,0,6,2,-7.442618159391402,7.442618159391402,plym2t,anti_homophones
7438,1,0,0,9,4,-10.655229662140616,10.655229662140616,yRystim@S,anti_homophones
7439,1,0,0,9,5,-10.757331710131322,10.757331710131322,5panOsedi,anti_homophones
7440,1,5,0,6,3,-5.186609319252176,5.186609319252176,teleg@,anti_homophones
7441,1,0,0,8,3,-7.255080180816836,7.255080180816836,skRibyl@,anti_homophones
7442,1,0,0,8,4,-7.254679526769304,7.254679526769304,abRikyl@,anti_homophones
7443,1,0,0,8,4,-6.064893705846103,6.064893705846103,Regas°m@,anti_homophones
7444,1,7,1,7,3,-4.877367594413111,4.877367594413111,SaRl°m@,anti_homophones
7445,1,2,1,6,3,-5.623109147934661,5.623109147934661,denize,anti_homophones
7446,1,0,0,7,3,-8.804334509339737,8.804334509339737,RevwikE,anti_homophones
7447,1,0,0,9,5,-9.94844913163187,9.94844913163187,agneRame5,anti_homophones
7448,1,3,0,7,3,-4.912106817289241,4.912106817289241,bafuj9R,anti_homophones
7449,1,0,0,7,3,-6.471157392255114,6.471157392255114,pRenoid,anti_homophones
7450,1,5,0,5,2,-4.675336082372369,4.675336082372369,muS9R,anti_homophones
7451,1,0,0,7,3,-9.649945094605554,9.649945094605554,Otabl@S,anti_homophones
7452,1,25,2,3,2,-3.7644949888679404,3.7644949888679404,@se,anti_homophones
7453,1,0,0,9,4,-10.065573995146442,10.065573995146442,bolaks°m@,anti_homophones
7454,1,0,0,8,4,-7.329309253046676,7.329309253046676,dezapRie,anti_homophones
7455,1,0,0,12,5,-8.933690462755514,8.933690462755514,k§tR°s@t°n9R,anti_homophones
7456,1,16,1,4,2,-4.816760232943734,4.816760232943734,amin,anti_homophones
7457,1,2,0,5,2,-6.192444842607328,6.192444842607328,pyRaR,anti_homophones
7458,1,0,0,10,5,-9.594750577192238,9.594750577192238,5m@kilitif,anti_homophones
7459,1,0,0,9,4,-9.191800999306421,9.191800999306421,megoRjete,anti_homophones
7460,1,0,0,7,3,-7.5633877675740155,7.5633877675740155,apl@SEt,anti_homophones
7461,1,10,0,5,2,-5.261191382850398,5.261191382850398,pRoge,anti_homophones
7462,1,0,0,13,5,-12.241285824704837,12.241285824704837,baskyljeZenje,anti_homophones
7463,1,10,1,4,2,-4.658605907875029,4.658605907875029,fot§,anti_homophones
7464,1,1,0,6,3,-5.90499167054343,5.90499167054343,kalop5,anti_homophones
7465,1,38,4,3,1,-3.6627588763082284,3.6627588763082284,RaZ,anti_homophones
7466,1,8,0,4,2,-4.832361586280584,4.832361586280584,Read,anti_homophones
7467,1,0,0,9,4,-7.3440388533906,7.3440388533906,5telenizm,anti_homophones
7468,1,0,0,7,3,-7.558369403238095,7.558369403238095,motokRe,anti_homophones
7469,1,9,1,3,1,-4.374723415741158,4.374723415741158,puf,anti_homophones
7470,1,13,0,3,2,-4.472549559938233,4.472549559938233,@go,anti_homophones
7471,1,0,0,10,4,-11.915189857363384,11.915189857363384,elebiskins,anti_homophones
7472,1,0,0,11,5,-11.073444427262116,11.073444427262116,SipitatylER,anti_homophones
7473,1,0,0,6,3,-6.914169239027428,6.914169239027428,makeRo,anti_homophones
7474,1,0,0,11,4,-8.343239118943684,8.343239118943684,k§tRognasj§,anti_homophones
7475,1,0,0,9,4,-6.669909451308011,6.669909451308011,dezist°m@,anti_homophones
7476,1,0,0,9,4,-11.495950695732665,11.495950695732665,datER@l9R,anti_homophones
7477,1,0,0,7,3,-6.5693552684077385,6.5693552684077385,wazonaZ,anti_homophones
7478,1,0,0,6,2,-6.818571779245387,6.818571779245387,buRgma,anti_homophones
7479,1,1,0,6,2,-5.6290598165920755,5.6290598165920755,fyzizm,anti_homophones
7480,1,14,1,7,3,-4.180083491690668,4.180083491690668,paRasj§,anti_homophones
7481,1,0,0,7,3,-6.761489131742439,6.761489131742439,apRotEs,anti_homophones
7482,1,2,0,5,2,-5.718464330719791,5.718464330719791,dedyR,anti_homophones
7483,1,0,1,7,3,-5.626995147511933,5.626995147511933,R°tuRne,anti_homophones
7484,1,0,0,6,3,-7.763277886734809,7.763277886734809,@p8@de,anti_homophones
7485,1,1,0,6,2,-6.578120363017143,6.578120363017143,gRoniR,anti_homophones
7486,1,14,0,4,2,-4.931766771017886,4.931766771017886,aviR,anti_homophones
7487,1,14,1,4,2,-4.912250560048375,4.912250560048375,pito,anti_homophones
7488,1,3,0,6,3,-5.536463228556631,5.536463228556631,Rekone,anti_homophones
7489,1,0,0,6,3,-7.265660510423431,7.265660510423431,Romoto,anti_homophones
7490,1,1,0,5,2,-6.066750178084811,6.066750178084811,fotoS,anti_homophones
7491,1,23,2,4,1,-3.721720323357975,3.721720323357975,vwaR,anti_homophones
7492,1,9,1,4,2,-4.852782412620751,4.852782412620751,mil@,anti_homophones
7493,1,4,0,4,2,-4.6732318891178295,4.6732318891178295,@fit,anti_homophones
7494,1,13,2,5,2,-4.261038376144364,4.261038376144364,manik,anti_homophones
7495,1,0,0,9,3,-7.744583820585339,7.744583820585339,R§flytwaR,anti_homophones
7496,1,5,0,5,2,-4.746597694640188,4.746597694640188,pylse,anti_homophones
7497,1,0,0,7,3,-8.030441680451055,8.030441680451055,aks@tEz,anti_homophones
7498,1,12,0,2,1,-5.365917790952113,5.365917790952113,w§,anti_homophones
7499,1,3,0,5,2,-5.258303451650711,5.258303451650711,giSaZ,anti_homophones
7500,1,1,0,5,2,-6.153514973400247,6.153514973400247,mEtR2,anti_homophones
7501,1,2,0,4,2,-7.289465994872053,7.289465994872053,Z@Za,anti_homophones
7502,1,0,0,9,4,-9.031193170531326,9.031193170531326,akRipERp@,anti_homophones
7503,1,2,0,6,3,-5.439273684316874,5.439273684316874,pap°Ro,anti_homophones
7504,1,13,0,3,1,-4.821624463922259,4.821624463922259,pj@,anti_homophones
7505,1,5,1,5,2,-4.50245868202158,4.50245868202158,pip9R,anti_homophones
7506,1,0,0,8,3,-5.815093751151909,5.815093751151909,pl2vwaje,anti_homophones
7507,1,0,0,7,3,-7.283384873820748,7.283384873820748,k§kutyR,anti_homophones
7508,1,15,1,4,2,-4.26077512081072,4.26077512081072,muse,anti_homophones
7509,1,11,1,4,1,-4.163540888318399,4.163540888318399,plan,anti_homophones
7510,1,9,0,4,2,-5.118739691699598,5.118739691699598,imat,anti_homophones
7511,1,0,0,8,4,-7.55195608732061,7.55195608732061,Sap°Ras@,anti_homophones
7512,1,1,0,6,3,-6.99213153013447,6.99213153013447,paRikE,anti_homophones
7513,1,2,2,5,2,-4.424055262070908,4.424055262070908,myske,anti_homophones
7514,1,2,1,6,2,-5.22770705093485,5.22770705093485,Eksple,anti_homophones
7515,1,0,0,13,6,-11.074520521557693,11.074520521557693,afRemikRosije,anti_homophones
7516,1,22,4,3,1,-3.7133820266657316,3.7133820266657316,fOR,anti_homophones
7517,1,1,0,4,2,-6.851448559134189,6.851448559134189,bob@,anti_homophones
7518,1,0,0,7,3,-7.270959954806767,7.270959954806767,bulOtER,anti_homophones
7519,1,0,0,10,5,-11.344128376209788,11.344128376209788,ERsikoSize,anti_homophones
7520,1,0,0,12,6,-12.633894415703018,12.633894415703018,epigmom@t°t§,anti_homophones
7521,1,0,0,14,5,-10.918969534478505,10.918969534478505,kRetRij§falzam,anti_homophones
7522,1,0,0,9,5,-11.08844184393635,11.08844184393635,eRomekado,anti_homophones
7523,1,0,0,9,4,-10.251075699975331,10.251075699975331,apjesajER,anti_homophones
7524,1,0,0,9,4,-8.572414169967013,8.572414169967013,medjabEte,anti_homophones
7525,1,1,0,6,2,-5.734157329130499,5.734157329130499,velabl,anti_homophones
7526,1,22,1,3,1,-4.245628546546236,4.245628546546236,gam,anti_homophones
7527,1,0,0,6,3,-5.7052570264722196,5.7052570264722196,deSEz§,anti_homophones
7528,1,0,0,8,4,-8.227341307366347,8.227341307366347,@dominak,anti_homophones
7529,1,1,0,5,2,-6.4115371079637065,6.4115371079637065,lapyS,anti_homophones
7530,1,14,0,4,1,-5.231469591348603,5.231469591348603,bald,anti_homophones
7531,1,0,0,11,5,-8.57314591144193,8.57314591144193,RaktiliN°m@,anti_homophones
7532,1,2,0,6,3,-5.073640053588525,5.073640053588525,adylER,anti_homophones
7533,1,0,0,8,4,-7.20714740626847,7.20714740626847,R°kuR@t5,anti_homophones
7534,1,2,0,5,2,-4.7879210691028105,4.7879210691028105,sOs9R,anti_homophones
7535,1,0,1,5,2,-5.1871324929116565,5.1871324929116565,sOvj5,anti_homophones
7536,1,1,0,5,3,-6.1997078701582895,6.1997078701582895,veiko,anti_homophones
7537,1,0,0,13,6,-10.285439439805025,10.285439439805025,dep@dibylbyte,anti_homophones
7538,1,0,0,8,3,-6.752689449096335,6.752689449096335,kapitR9R,anti_homophones
7539,1,37,0,2,2,-4.7027578467493445,4.7027578467493445,a@,anti_homophones
7540,1,0,0,8,3,-6.4805517426096895,6.4805517426096895,dekRaSaZ,anti_homophones
7541,1,0,0,8,4,-8.46358271909046,8.46358271909046,eR5disj2,anti_homophones
7542,1,2,0,5,2,-5.934459508237971,5.934459508237971,aRbak,anti_homophones
7543,1,5,0,5,2,-5.306736457510961,5.306736457510961,RupEt,anti_homophones
7544,1,29,1,4,2,-4.3659355049742015,4.3659355049742015,pile,anti_homophones
7545,1,4,0,5,3,-5.844028715227292,5.844028715227292,osiNe,anti_homophones
7546,1,0,0,8,3,-6.880974263935684,6.880974263935684,biguRd5g,anti_homophones
7547,1,28,2,3,1,-4.310777989471235,4.310777989471235,ZaR,anti_homophones
7548,1,0,0,10,4,-7.3690301222858,7.3690301222858,kiROpR°niR,anti_homophones
7549,1,0,0,8,4,-7.726467967147751,7.726467967147751,kOk°t§bo,anti_homophones
7550,1,1,0,7,3,-6.69574425676977,6.69574425676977,aRZitik,anti_homophones
7551,1,1,0,10,4,-7.312453697448901,7.312453697448901,dezaRdinER,anti_homophones
7552,1,1,0,7,3,-5.199381199660937,5.199381199660937,dezapw5,anti_homophones
7553,1,3,0,5,2,-5.637610118873744,5.637610118873744,@bl@S,anti_homophones
7554,1,0,0,10,4,-9.214237593944931,9.214237593944931,gRadjoteZi,anti_homophones
7555,1,0,0,7,4,-8.255111628402952,8.255111628402952,epotiz§,anti_homophones
7556,1,1,0,6,2,-6.488800419669191,6.488800419669191,Rasikl,anti_homophones
7557,1,8,0,4,2,-6.217154158210985,6.217154158210985,meSa,anti_homophones
7558,1,1,0,7,3,-7.403856847686888,7.403856847686888,anjOnEl,anti_homophones
7559,1,0,0,12,5,-8.571161210161195,8.571161210161195,degRegylasje,anti_homophones
7560,1,1,0,6,3,-5.296038366559035,5.296038366559035,k§viv@,anti_homophones
7561,1,0,0,9,4,-8.913117164306806,8.913117164306806,tiR°mujaZ,anti_homophones
7562,1,1,0,6,3,-6.206802412807289,6.206802412807289,sezav@,anti_homophones
7563,1,2,0,6,2,-5.521299656220163,5.521299656220163,kloR9R,anti_homophones
7564,1,23,2,3,2,-3.8253023431738864,3.8253023431738864,ino,anti_homophones
7565,1,0,0,7,3,-6.044253409820155,6.044253409820155,mudZam@,anti_homophones
7566,1,1,0,6,2,-5.719111871909666,5.719111871909666,R§sj@s,anti_homophones
7567,1,0,0,9,3,-8.208295084386142,8.208295084386142,nEstRofOn,anti_homophones
7568,1,1,0,5,2,-5.689918593454061,5.689918593454061,difiG,anti_homophones
7569,1,1,0,7,3,-7.061873190092688,7.061873190092688,Eksin82,anti_homophones
7570,1,0,0,8,4,-8.033607117584431,8.033607117584431,Z@tiv°Ri,anti_homophones
7571,1,0,0,8,3,-6.836967193570781,6.836967193570781,EgzORsj5,anti_homophones
7572,1,4,0,5,2,-5.432814001536426,5.432814001536426,tip9R,anti_homophones
7573,1,0,0,9,4,-5.236738062082681,5.236738062082681,5st5kt°m@,anti_homophones
7574,1,1,1,4,2,-4.215841349513571,4.215841349513571,Ov9R,anti_homophones
7575,1,0,0,16,6,-13.526665082177145,13.526665082177145,destRykmyz°m@tER,anti_homophones
7576,1,0,0,6,2,-7.715751455177758,7.715751455177758,kyR@sm,anti_homophones
7577,1,0,1,6,2,-4.980792926478478,4.980792926478478,fOsZEn,anti_homophones
7578,1,1,0,6,3,-6.321625685495803,6.321625685495803,desyse,anti_homophones
7579,1,8,0,5,2,-5.771166181538593,5.771166181538593,kRit@,anti_homophones
7580,1,16,1,4,2,-4.1520797390959725,4.1520797390959725,kopi,anti_homophones
7581,1,3,1,6,3,-4.966649912000243,4.966649912000243,debaiR,anti_homophones
7582,1,13,0,4,2,-5.0437401942911,5.0437401942911,alse,anti_homophones
7583,1,11,0,6,3,-5.840289373309099,5.840289373309099,lut°m@,anti_homophones
7584,1,1,0,6,3,-7.038791137050344,7.038791137050344,5vizit,anti_homophones
7585,1,7,0,7,4,-4.953084421700414,4.953084421700414,anEl°m@,anti_homophones
7586,1,2,0,6,2,-5.352760822909596,5.352760822909596,sERvEt,anti_homophones
7587,1,0,0,13,5,-13.518660807589137,13.518660807589137,kaRublyskOlt@,anti_homophones
7588,1,29,1,4,2,-4.1714132462875115,4.1714132462875115,file,anti_homophones
7589,1,1,0,6,2,-5.38107544491609,5.38107544491609,klinER,anti_homophones
7590,1,32,3,3,1,-3.8407016188205003,3.8407016188205003,kRi,anti_homophones
7591,1,16,0,5,2,-4.274224912861021,4.274224912861021,pRize,anti_homophones
7592,1,0,0,6,3,-9.346781836342522,9.346781836342522,OpajEm,anti_homophones
7593,1,13,2,2,1,-4.704624846798748,4.704624846798748,uS,anti_homophones
7594,1,11,0,4,1,-5.302104203800881,5.302104203800881,RjER,anti_homophones
7595,1,2,0,5,3,-7.076016075996344,7.076016075996344,Reapo,anti_homophones
7596,1,0,1,7,3,-5.763307263899349,5.763307263899349,Reglije,anti_homophones
7597,1,0,0,11,5,-10.868268349161823,10.868268349161823,ZenopRe@gaZ,anti_homophones
7598,1,0,0,8,3,-6.003856028882773,6.003856028882773,pREsp§de,anti_homophones
7599,1,0,0,11,5,-8.803020212154975,8.803020212154975,delikidnapE,anti_homophones
7600,1,1,0,5,2,-5.753864553124133,5.753864553124133,tRup§,anti_homophones
7601,1,6,2,5,3,-5.103098308321884,5.103098308321884,ap°R§,anti_homophones
7602,1,3,0,5,2,-5.335295227117855,5.335295227117855,salOm,anti_homophones
7603,1,0,0,10,4,-9.387595892990301,9.387595892990301,S@pwavigad,anti_homophones
7604,1,1,0,6,3,-6.651269537979754,6.651269537979754,5kylad,anti_homophones
7605,1,3,1,4,2,-4.683567406190274,4.683567406190274,@viR,anti_homophones
7606,1,2,0,8,3,-5.867142621482504,5.867142621482504,bRizat9R,anti_homophones
7607,1,4,0,6,2,-5.447600299888119,5.447600299888119,kORtif,anti_homophones
7608,1,4,0,5,3,-6.182997942582013,6.182997942582013,Re@Se,anti_homophones
7609,1,1,0,5,2,-7.703806591646305,7.703806591646305,S@laZ,anti_homophones
7610,1,3,0,5,2,-4.544704226655599,4.544704226655599,tR@zi,anti_homophones
7611,1,5,1,4,2,-4.7487440293243885,4.7487440293243885,av@s,anti_homophones
7612,1,0,0,6,3,-6.93087819378823,6.93087819378823,Robaly,anti_homophones
7613,1,5,0,5,2,-5.609566235417149,5.609566235417149,kalam,anti_homophones
7614,1,0,0,10,4,-9.096016048965161,9.096016048965161,tRijamj@te,anti_homophones
7615,1,5,0,4,1,-5.032510690823013,5.032510690823013,s8iv,anti_homophones
7616,1,0,0,13,5,-11.715612103409322,11.715612103409322,pERfidb§ZuRne,anti_homophones
7617,1,0,0,15,6,-11.09264556809488,11.09264556809488,Ekspl@didatifje,anti_homophones
7618,1,2,0,5,3,-4.937424106437611,4.937424106437611,5pyd@,anti_homophones
7619,1,7,1,6,2,-4.554405552084257,4.554405552084257,metRik,anti_homophones
7620,1,0,0,12,4,-11.598813572673542,11.598813572673542,kOfRagaRsjER,anti_homophones
7621,1,0,0,13,5,-11.152612738747571,11.152612738747571,ekwadRaSinabl,anti_homophones
7622,1,0,0,12,5,-15.907039140615925,15.907039140615925,botitRivitje,anti_homophones
7623,1,7,1,5,2,-4.7211336550456755,4.7211336550456755,kazje,anti_homophones
7624,1,6,0,5,2,-4.700165612421146,4.700165612421146,k§diR,anti_homophones
7625,1,0,0,6,2,-7.639498714861936,7.639498714861936,Optilt,anti_homophones
7626,1,10,1,4,2,-4.533607281404572,4.533607281404572,5st@,anti_homophones
7627,1,4,0,5,2,-6.849789077385502,6.849789077385502,stybe,anti_homophones
7628,1,16,0,4,2,-4.566988627091197,4.566988627091197,vise,anti_homophones
7629,1,0,0,9,4,-8.091948827373526,8.091948827373526,libRav°ny,anti_homophones
7630,1,0,0,9,4,-7.087937937121449,7.087937937121449,tisjal°m@,anti_homophones
7631,1,0,0,8,4,-6.207543077894302,6.207543077894302,opylat9R,anti_homophones
7632,1,0,0,9,4,-7.31027241269667,7.31027241269667,kolekonEl,anti_homophones
7633,1,0,0,6,3,-6.497693189827196,6.497693189827196,beluga,anti_homophones
7634,1,3,0,4,2,-5.548543312743701,5.548543312743701,bEN@,anti_homophones
7635,1,0,0,11,5,-11.013982683706196,11.013982683706196,bipERlokyRe,anti_homophones
7636,1,0,0,10,5,-9.170622242697997,9.170622242697997,Estin@vize,anti_homophones
7637,1,3,1,6,3,-4.902419462799875,4.902419462799875,sikote,anti_homophones
7638,1,0,0,5,2,-5.653222827691917,5.653222827691917,yRbaZ,anti_homophones
7639,1,0,0,7,2,-7.835515589795136,7.835515589795136,spERZEn,anti_homophones
7640,1,0,0,9,4,-8.914484181025259,8.914484181025259,ReveRasad,anti_homophones
7641,1,1,0,8,3,-6.044822661494182,6.044822661494182,vERnat9R,anti_homophones
7642,1,3,1,7,2,-5.136257929409979,5.136257929409979,pResist,anti_homophones
7643,1,9,0,4,2,-5.020085470098,5.020085470098,epys,anti_homophones
7644,1,0,0,8,4,-7.7070018903205355,7.7070018903205355,@bRikano,anti_homophones
7645,1,0,0,12,5,-10.148499216330167,10.148499216330167,mORf§distuje,anti_homophones
7646,1,0,0,7,3,-6.733690247184458,6.733690247184458,paRatRi,anti_homophones
7647,1,16,0,3,1,-4.730477023165669,4.730477023165669,kR§,anti_homophones
7648,1,24,2,3,1,-3.9984166470687135,3.9984166470687135,kRE,anti_homophones
7649,1,4,1,4,2,-4.955887988412036,4.955887988412036,ebEm,anti_homophones
7650,1,0,0,8,3,-7.400217470151704,7.400217470151704,sefaksEl,anti_homophones
7651,1,0,0,7,4,-7.869133333978548,7.869133333978548,@bRevea,anti_homophones
7652,1,0,0,9,4,-7.148115360772619,7.148115360772619,dinalitik,anti_homophones
7653,1,5,0,3,1,-4.754585770696279,4.754585770696279,zOb,anti_homophones
7654,1,0,0,6,3,-7.071990963787511,7.071990963787511,diZiti,anti_homophones
7655,1,0,0,12,5,-12.425681975740847,12.425681975740847,s@tatRem@sje,anti_homophones
7656,1,0,1,7,3,-7.582428918585982,7.582428918585982,tytoRj2,anti_homophones
7657,1,6,1,4,2,-4.571654663983854,4.571654663983854,avwe,anti_homophones
7658,1,2,0,6,2,-5.827827793702257,5.827827793702257,sEptER,anti_homophones
7659,1,1,0,5,2,-8.088508300992755,8.088508300992755,domwi,anti_homophones
7660,1,0,0,8,3,-6.989220561816482,6.989220561816482,Eksizabl,anti_homophones
7661,1,0,0,6,3,-7.947179999653619,7.947179999653619,nodam@,anti_homophones
7662,1,13,2,6,3,-4.027179203008541,4.027179203008541,filite,anti_homophones
7663,1,10,3,7,4,-4.030916478209583,4.030916478209583,abilite,anti_homophones
7664,1,0,0,10,4,-8.917927001192279,8.917927001192279,ZEstematje,anti_homophones
7665,1,21,1,3,1,-4.137746303338737,4.137746303338737,fan,anti_homophones
7666,1,1,0,6,3,-6.795413042878807,6.795413042878807,ep@did,anti_homophones
7667,1,0,0,9,4,-5.302417982068451,5.302417982068451,paRtis°m@,anti_homophones
7668,1,7,0,3,1,-7.420761429135884,7.420761429135884,iRb,anti_homophones
7669,1,1,0,5,2,-5.604225762616109,5.604225762616109,takij,anti_homophones
7670,1,0,0,9,4,-7.159805252949205,7.159805252949205,papaRakte,anti_homophones
7671,1,2,0,6,2,-5.9187283233044115,5.9187283233044115,kl@SaZ,anti_homophones
7672,1,8,0,7,3,-5.413720908072538,5.413720908072538,mezasj§,anti_homophones
7673,1,0,0,10,4,-7.805277026975163,7.805277026975163,Ekspekynik,anti_homophones
7674,1,17,1,2,1,-4.617529775679932,4.617529775679932,k2,anti_homophones
7675,1,1,0,7,3,-7.08235983117539,7.08235983117539,RoskOpe,anti_homophones
7676,1,0,0,10,5,-10.735101840028468,10.735101840028468,av°linitEz,anti_homophones
7677,1,2,0,5,3,-5.552208246567541,5.552208246567541,@f§s2,anti_homophones
7678,1,3,0,6,2,-5.497797433637158,5.497797433637158,tRijak,anti_homophones
7679,1,14,0,4,2,-4.991235569755213,4.991235569755213,ebER,anti_homophones
7680,1,5,0,5,2,-6.271105660203841,6.271105660203841,peRiv,anti_homophones
7681,1,5,0,4,2,-5.339035106176449,5.339035106176449,agRy,anti_homophones
7682,1,8,1,5,3,-4.550383017574708,4.550383017574708,@Z°m@,anti_homophones
7683,1,1,0,6,2,-5.834537995113425,5.834537995113425,kadRaZ,anti_homophones
7684,1,0,0,9,4,-7.825113377623827,7.825113377623827,R°s°valOp,anti_homophones
7685,1,15,0,4,2,-4.642809862142791,4.642809862142791,seni,anti_homophones
7686,1,0,0,6,3,-6.618460167350403,6.618460167350403,agazje,anti_homophones
7687,1,13,1,5,3,-4.351929909781805,4.351929909781805,aS°m@,anti_homophones
7688,1,3,0,7,3,-5.586462521607645,5.586462521607645,kRalize,anti_homophones
7689,1,11,0,4,2,-5.1361559054489305,5.1361559054489305,R°vE,anti_homophones
7690,1,0,0,12,5,-10.576011960789714,10.576011960789714,emoRfEkspoze,anti_homophones
7691,1,0,0,9,3,-6.006287818645864,6.006287818645864,telEktibl,anti_homophones
7692,1,0,0,11,5,-12.42873326848287,12.42873326848287,egutasmatys,anti_homophones
7693,1,1,0,6,3,-5.530375513799587,5.530375513799587,5p8iz@,anti_homophones
7694,1,2,0,5,2,-5.696760357618825,5.696760357618825,minto,anti_homophones
7695,1,0,0,14,6,-10.304142275172488,10.304142275172488,pEnsERtinalite,anti_homophones
7696,1,1,0,5,2,-5.211029157353845,5.211029157353845,R2laZ,anti_homophones
7697,1,2,0,7,4,-5.713874052240479,5.713874052240479,epil°m@,anti_homophones
7698,1,12,0,4,2,-5.321033151926493,5.321033151926493,inaj,anti_homophones
7699,1,0,0,8,3,-7.123330302404643,7.123330302404643,maRlatje,anti_homophones
7700,1,0,0,8,3,-7.47551738942568,7.47551738942568,negaljal,anti_homophones
7701,1,9,0,5,2,-4.807551508663771,4.807551508663771,RetRe,anti_homophones
7702,1,0,0,8,4,-6.596695368360656,6.596695368360656,emikRone,anti_homophones
7703,1,0,0,11,4,-9.408460770786661,9.408460770786661,dORmasjOnal,anti_homophones
7704,1,5,0,6,3,-5.409975283647596,5.409975283647596,aRpij§,anti_homophones
7705,1,5,0,5,2,-5.075824145868153,5.075824145868153,nylER,anti_homophones
7706,1,0,0,9,4,-7.889766457806038,7.889766457806038,ZitaRt°m@,anti_homophones
7707,1,4,1,7,4,-5.297634382887153,5.297634382887153,etalize,anti_homophones
7708,1,0,0,9,4,-7.247948427665284,7.247948427665284,kRimasite,anti_homophones
7709,1,0,0,7,3,-6.22196974898116,6.22196974898116,man9vEn,anti_homophones
7710,1,6,0,4,1,-4.565634121524626,4.565634121524626,suRs,anti_homophones
7711,1,7,1,5,2,-4.653370444678935,4.653370444678935,gRose,anti_homophones
7712,1,1,0,8,3,-5.810105050814919,5.810105050814919,pOsteRj5,anti_homophones
7713,1,0,0,9,4,-7.140004794034969,7.140004794034969,p8eRisite,anti_homophones
7714,1,7,0,5,2,-5.250892660455654,5.250892660455654,solEn,anti_homophones
7715,1,0,0,11,5,-11.028054751276917,11.028054751276917,RepipERtiv@,anti_homophones
7716,1,3,0,7,3,-6.113975745107378,6.113975745107378,divERn@,anti_homophones
7717,1,0,0,6,2,-6.239261452453077,6.239261452453077,pR§toz,anti_homophones
7718,1,20,1,5,2,-4.121323267161098,4.121323267161098,tat9R,anti_homophones
7719,1,0,0,10,4,-6.960456214335714,6.960456214335714,disp@sjonE,anti_homophones
7720,1,27,1,2,1,-4.568037772726788,4.568037772726788,so,anti_homophones
7721,1,5,1,5,2,-4.9222004652591265,4.9222004652591265,pRovE,anti_homophones
7722,1,1,0,9,4,-6.194168678932559,6.194168678932559,fifikat9R,anti_homophones
7723,1,11,0,4,2,-5.4025444479436775,5.4025444479436775,aRj@,anti_homophones
7724,1,0,0,9,4,-8.52242206164548,8.52242206164548,floR@ZeRe,anti_homophones
7725,1,0,0,7,3,-6.737743128840014,6.737743128840014,s@tRakE,anti_homophones
7726,1,4,0,5,2,-5.704477681613355,5.704477681613355,kavit,anti_homophones
7727,1,1,0,7,3,-5.781735663252985,5.781735663252985,@RiSist,anti_homophones
7728,1,0,0,9,4,-7.470843216716876,7.470843216716876,benedifje,anti_homophones
7729,1,8,0,5,2,-5.256013357723171,5.256013357723171,blase,anti_homophones
7730,1,3,0,5,2,-4.882383603561341,4.882383603561341,vizj5,anti_homophones
7731,1,5,0,5,2,-5.367727318800966,5.367727318800966,apRim,anti_homophones
7732,1,15,0,4,1,-4.503530446674409,4.503530446674409,pRim,anti_homophones
7733,1,1,0,5,2,-7.285850093279317,7.285850093279317,iktRi,anti_homophones
7734,1,0,0,12,5,-11.808724351004692,11.808724351004692,ZeZimnopatRi,anti_homophones
7735,1,2,1,7,4,-5.265816368004306,5.265816368004306,koalite,anti_homophones
7736,1,5,1,4,2,-4.822661454585674,4.822661454585674,suj§,anti_homophones
7737,1,0,0,12,5,-11.925919226316264,11.925919226316264,memoptisman@,anti_homophones
7738,1,0,0,9,3,-7.963998487273299,7.963998487273299,R@plafl9R,anti_homophones
7739,1,5,0,5,2,-4.960754724064474,4.960754724064474,makij,anti_homophones
7740,1,0,0,8,4,-6.480817483085473,6.480817483085473,@REjonEl,anti_homophones
7741,1,0,0,7,3,-7.972878655900785,7.972878655900785,RymiZEs,anti_homophones
7742,1,2,0,5,2,-5.603577373603386,5.603577373603386,detRo,anti_homophones
7743,1,3,2,5,2,-4.605722418122616,4.605722418122616,k§fiR,anti_homophones
7744,1,22,1,4,2,-4.2471186200216495,4.2471186200216495,size,anti_homophones
7745,1,1,1,5,2,-4.3103094790000975,4.3103094790000975,sEN9R,anti_homophones
7746,1,7,0,6,3,-5.544312622153867,5.544312622153867,kiRite,anti_homophones
7747,1,3,0,5,3,-4.944478748867032,4.944478748867032,inem@,anti_homophones
7748,1,0,0,9,5,-9.336642572557526,9.336642572557526,evEn°mite,anti_homophones
7749,1,0,0,11,5,-11.251119111293288,11.251119111293288,onivotuRnaZ,anti_homophones
7750,1,0,0,7,3,-7.128128276826098,7.128128276826098,vERsyRe,anti_homophones
7751,1,0,0,8,4,-5.335292890280792,5.335292890280792,5diNifje,anti_homophones
7752,1,23,1,3,2,-4.5386953286923815,4.5386953286923815,ab@,anti_homophones
7753,1,0,0,9,4,-10.10815345664123,10.10815345664123,n2tivisaZ,anti_homophones
7754,1,5,1,4,1,-5.218341178212764,5.218341178212764,migR,anti_homophones
7755,1,0,0,8,3,-6.493961522574113,6.493961522574113,legoRizm,anti_homophones
7756,1,0,0,9,4,-7.133435572261033,7.133435572261033,dezematif,anti_homophones
7757,1,0,0,8,4,-9.84045524411732,9.84045524411732,inyflam@,anti_homophones
7758,1,0,0,9,5,-7.500789909349022,7.500789909349022,ap5diNite,anti_homophones
7759,1,2,1,5,2,-4.667031084385639,4.667031084385639,pRyd@,anti_homophones
7760,1,2,0,7,2,-5.30520817242248,5.30520817242248,fuRnwaR,anti_homophones
7761,1,10,0,3,2,-4.90122288155387,4.90122288155387,Elo,anti_homophones
7762,1,3,0,5,2,-5.137263357723656,5.137263357723656,RefER,anti_homophones
7763,1,3,1,7,3,-4.8071998539730245,4.8071998539730245,pRovize,anti_homophones
7764,1,0,0,8,3,-9.561101267038701,9.561101267038701,klemagOm,anti_homophones
7765,1,1,0,7,3,-6.196403442696864,6.196403442696864,def§sje,anti_homophones
7766,1,0,0,9,4,-6.713477013245527,6.713477013245527,R°k8it°Ri,anti_homophones
7767,1,0,0,7,3,-7.446645463888425,7.446645463888425,enERs9R,anti_homophones
7768,1,3,0,5,3,-5.712997322731933,5.712997322731933,5pet@,anti_homophones
7769,1,2,0,5,2,-5.929845762266322,5.929845762266322,pasma,anti_homophones
7770,1,1,0,8,3,-6.267096296160495,6.267096296160495,k§pOstik,anti_homophones
7771,1,1,0,4,1,-4.840901565454429,4.840901565454429,S@vR,anti_homophones
7772,1,5,1,4,1,-5.18864621055743,5.18864621055743,gRwa,anti_homophones
7773,1,1,0,8,4,-5.900413728836629,5.900413728836629,bilik°m@,anti_homophones
7774,1,1,0,9,4,-7.229924448753506,7.229924448753506,depaRZ°m@,anti_homophones
7775,1,8,0,3,2,-4.80097164080663,4.80097164080663,leo,anti_homophones
7776,1,0,0,12,5,-11.665688179999101,11.665688179999101,defeROsbilit,anti_homophones
7777,1,36,1,2,1,-4.567961936383995,4.567961936383995,in,anti_homophones
7778,1,0,0,5,2,-5.599939042727475,5.599939042727475,pagys,anti_homophones
7779,1,0,0,7,3,-7.008308768804533,7.008308768804533,sERZ°R§,anti_homophones
7780,1,8,0,4,2,-4.5951556637357704,4.5951556637357704,eSaR,anti_homophones
7781,1,4,0,8,3,-6.231333377846981,6.231333377846981,pRezasj§,anti_homophones
7782,1,5,0,6,2,-4.854674672610438,4.854674672610438,def@dR,anti_homophones
7783,1,1,0,6,3,-6.480658142158049,6.480658142158049,mezag@,anti_homophones
7784,1,0,0,10,5,-10.179904318686848,10.179904318686848,S@tatomine,anti_homophones
7785,1,0,0,11,4,-7.927120728280769,7.927120728280769,pERspaRasj§,anti_homophones
7786,1,16,2,5,2,-4.103070678603586,4.103070678603586,paRte,anti_homophones
7787,1,0,0,7,3,-8.694249305464508,8.694249305464508,klodiza,anti_homophones
7788,1,2,0,7,3,-6.251953579576632,6.251953579576632,manimit,anti_homophones
7789,1,0,0,6,3,-6.471617798659229,6.471617798659229,buZene,anti_homophones
7790,1,0,0,10,4,-10.93070787654249,10.93070787654249,taRj2z°tj5,anti_homophones
7791,1,0,0,11,6,-10.767595634190593,10.767595634190593,@bylER§bine,anti_homophones
7792,1,2,0,6,3,-6.741811331149685,6.741811331149685,meSape,anti_homophones
7793,1,3,0,6,3,-5.984002056267648,5.984002056267648,kaRoke,anti_homophones
7794,1,0,0,11,5,-8.520781710872535,8.520781710872535,dematwaz°le,anti_homophones
7795,1,0,0,7,3,-6.551980338102445,6.551980338102445,stRo@te,anti_homophones
7796,1,5,0,6,3,-5.448638990901667,5.448638990901667,dekani,anti_homophones
7797,1,7,0,5,2,-5.077597978028239,5.077597978028239,dez9R,anti_homophones
7798,1,7,2,5,3,-5.242878671667049,5.242878671667049,@dite,anti_homophones
7799,1,0,0,8,3,-7.787934839602268,7.787934839602268,mezyRizm,anti_homophones
7800,1,3,0,5,1,-4.592176579291876,4.592176579291876,tREtR,anti_homophones
7801,1,3,0,5,2,-5.324573595784441,5.324573595784441,R°pli,anti_homophones
7802,1,7,0,4,2,-5.1338161041548345,5.1338161041548345,p@to,anti_homophones
7803,1,5,1,6,3,-5.094784960628433,5.094784960628433,odasj§,anti_homophones
7804,1,0,0,7,3,-8.084759308633698,8.084759308633698,tenoliR,anti_homophones
7805,1,0,0,5,2,-5.783566421542388,5.783566421542388,5plom,anti_homophones
7806,1,0,0,11,5,-9.473642868708941,9.473642868708941,5tERmiRm°ne,anti_homophones
7807,1,1,0,7,3,-5.79723940592407,5.79723940592407,dekupEt,anti_homophones
7808,1,0,0,11,4,-10.363517912091018,10.363517912091018,adZetEkst@s,anti_homophones
7809,1,2,0,6,2,-5.969883564935268,5.969883564935268,bwin9R,anti_homophones
7810,1,4,0,3,2,-4.599550912355065,4.599550912355065,R2o,anti_homophones
7811,1,1,0,7,4,-6.765555976101207,6.765555976101207,kokinOa,anti_homophones
7812,1,0,0,8,3,-8.935913006565153,8.935913006565153,v@toRjoz,anti_homophones
7813,1,0,0,10,5,-6.659223899388696,6.659223899388696,afyblik°m@,anti_homophones
7814,1,0,0,12,5,-11.154891146146099,11.154891146146099,peR@s@swaf9R,anti_homophones
7815,1,37,2,3,1,-3.652393927474369,3.652393927474369,mER,anti_homophones
7816,1,0,0,11,5,-7.888825915405594,7.888825915405594,dEg°noblije,anti_homophones
7817,1,0,0,8,4,-8.983416813307581,8.983416813307581,alybaRbi,anti_homophones
7818,1,2,0,7,4,-6.299869897134733,6.299869897134733,animine,anti_homophones
7819,1,2,0,5,1,-5.665519399373927,5.665519399373927,bR5gl,anti_homophones
7820,1,10,1,6,3,-4.883396537942136,4.883396537942136,bolite,anti_homophones
7821,1,1,0,7,3,-5.320933136006028,5.320933136006028,Rez@t9R,anti_homophones
7822,1,11,1,5,2,-4.319163308937479,4.319163308937479,altER,anti_homophones
7823,1,2,0,6,3,-5.977434352881566,5.977434352881566,5k§pad,anti_homophones
7824,1,3,0,6,3,-5.777668586910624,5.777668586910624,S@pije,anti_homophones
7825,1,1,0,5,2,-5.350230120881324,5.350230120881324,kudwa,anti_homophones
7826,1,24,1,3,1,-4.072356297438679,4.072356297438679,abR,anti_homophones
7827,1,0,0,11,5,-11.092846253194969,11.092846253194969,desuflijonE,anti_homophones
7828,1,4,0,4,2,-6.291602768589911,6.291602768589911,davi,anti_homophones
7829,1,0,0,6,3,-7.004673176005936,7.004673176005936,5tROni,anti_homophones
7830,1,4,1,6,3,-5.475375077615988,5.475375077615988,@bRij§,anti_homophones
7831,1,0,0,13,5,-9.292499479613696,9.292499479613696,kwadRimatifje,anti_homophones
7832,1,3,1,6,3,-6.423274235431719,6.423274235431719,@tidim,anti_homophones
7833,1,0,0,10,5,-8.80938575118458,8.80938575118458,k§sidEm°m@,anti_homophones
7834,1,0,0,8,4,-6.597485723529865,6.597485723529865,molas°m@,anti_homophones
7835,1,0,0,17,6,-16.00677555450202,16.00677555450202,R@fRoleRjolEksibl,anti_homophones
7836,1,0,0,14,6,-11.662642156016691,11.662642156016691,mylsiblisOn°m@,anti_homophones
7837,1,1,0,6,3,-6.521694186834386,6.521694186834386,iRetER,anti_homophones
7838,1,2,0,6,3,-5.857837641065378,5.857837641065378,m§tane,anti_homophones
7839,1,7,1,7,3,-4.674077229983053,4.674077229983053,pRedite,anti_homophones
7840,1,0,0,11,5,-6.919234859182208,6.919234859182208,devokabl°m@,anti_homophones
7841,1,0,0,8,3,-6.84675372347416,6.84675372347416,dRagOZik,anti_homophones
7842,1,0,0,6,3,-6.2268340255727495,6.2268340255727495,novaZ5,anti_homophones
7843,1,1,0,7,3,-7.360401235987431,7.360401235987431,latwaja,anti_homophones
7844,1,0,0,8,3,-6.832388919556349,6.832388919556349,mus°RjOm,anti_homophones
7845,1,0,0,6,2,-9.92947096046535,9.92947096046535,gablEZ,anti_homophones
7846,1,3,0,5,1,-5.200394094467586,5.200394094467586,k8ivR,anti_homophones
7847,1,0,0,8,3,-7.232609488429405,7.232609488429405,S@bRysj§,anti_homophones
7848,1,0,0,8,4,-6.727927337855995,6.727927337855995,im8abili,anti_homophones
7849,1,12,1,5,2,-4.491222782698609,4.491222782698609,sifje,anti_homophones
7850,1,1,0,8,3,-6.406711377027077,6.406711377027077,flikylER,anti_homophones
7851,1,0,0,11,5,-8.477750135732794,8.477750135732794,k@bikylasj§,anti_homophones
7852,1,0,0,9,4,-9.933510252082057,9.933510252082057,veRatanj5,anti_homophones
7853,1,10,0,5,2,-4.669610747282003,4.669610747282003,monal,anti_homophones
7854,1,0,0,8,4,-7.862369795979593,7.862369795979593,R°vigone,anti_homophones
7855,1,7,0,4,1,-7.087185847113553,7.087185847113553,tapl,anti_homophones
7856,1,0,0,9,4,-7.064980190686634,7.064980190686634,f8ij9R°m@,anti_homophones
7857,1,1,0,9,3,-7.184639578258262,7.184639578258262,fREsjonEl,anti_homophones
7858,1,0,0,7,3,-6.056532479416269,6.056532479416269,fOtoZuR,anti_homophones
7859,1,0,0,11,5,-6.804977669779075,6.804977669779075,RevERnEl°m@,anti_homophones
7860,1,2,1,5,2,-5.126455872131223,5.126455872131223,SapaZ,anti_homophones
7861,1,0,0,7,3,-7.757158532469756,7.757158532469756,nOstale,anti_homophones
7862,1,0,0,8,3,-6.707393638590778,6.707393638590778,maRs2tik,anti_homophones
7863,1,2,2,5,2,-4.774902089157498,4.774902089157498,miRwa,anti_homophones
7864,1,0,0,8,3,-7.0254026504571865,7.0254026504571865,pytRisaZ,anti_homophones
7865,1,34,2,3,1,-3.8026817191348625,3.8026817191348625,kRe,anti_homophones
7866,1,14,1,4,2,-4.9474530127493255,4.9474530127493255,mon2,anti_homophones
7867,1,0,0,5,2,-5.936493105278764,5.936493105278764,lepOR,anti_homophones
7868,1,0,0,8,4,-7.135757192817378,7.135757192817378,Repanoid,anti_homophones
7869,1,0,0,7,2,-8.180939460594999,8.180939460594999,dRadjER,anti_homophones
7870,1,3,0,6,2,-6.55938208077775,6.55938208077775,skRit@,anti_homophones
7871,1,0,0,8,4,-11.044524641835801,11.044524641835801,gObylade,anti_homophones
7872,1,7,0,5,2,-5.068377553667296,5.068377553667296,venje,anti_homophones
7873,1,7,0,6,2,-5.273838410321226,5.273838410321226,kotwaR,anti_homophones
7874,1,10,1,3,2,-4.941154835287997,4.941154835287997,fea,anti_homophones
7875,1,0,0,8,3,-8.288807792309258,8.288807792309258,tRomifik,anti_homophones
7876,1,9,1,4,1,-5.765447786398796,5.765447786398796,baRg,anti_homophones
7877,1,14,0,5,3,-4.729270412503095,4.729270412503095,amine,anti_homophones
7878,1,7,0,5,2,-5.650929309638442,5.650929309638442,kosEt,anti_homophones
7879,1,0,0,9,4,-7.090539005756979,7.090539005756979,n§bRis°m@,anti_homophones
7880,1,0,0,7,4,-7.694263311478127,7.694263311478127,ipotRy@,anti_homophones
7881,1,2,0,7,3,-6.380516133160866,6.380516133160866,spER°m@,anti_homophones
7882,1,2,0,4,2,-6.975934189116803,6.975934189116803,k°n§,anti_homophones
7883,1,5,0,5,2,-5.300926929415843,5.300926929415843,maRiR,anti_homophones
7884,1,21,1,4,2,-4.616310965243914,4.616310965243914,mato,anti_homophones
7885,1,0,0,13,6,-11.947538005072134,11.947538005072134,akaRok@panizm,anti_homophones
7886,1,6,0,7,3,-5.546362756993691,5.546362756993691,spis°m@,anti_homophones
7887,1,0,0,11,4,-8.804809322723345,8.804809322723345,SakORsjasj§,anti_homophones
7888,1,0,0,7,3,-6.336184915710292,6.336184915710292,mORb°m@,anti_homophones
7889,1,0,0,6,2,-6.639342789890888,6.639342789890888,koZabl,anti_homophones
7890,1,0,0,13,6,-12.371935124438146,12.371935124438146,dekaR°tERvile,anti_homophones
7891,1,38,1,3,1,-4.403927818134308,4.403927818134308,RaR,anti_homophones
7892,1,0,0,13,5,-11.263132455687273,11.263132455687273,RakjetERmon9R,anti_homophones
7893,1,1,0,7,3,-5.209271838914009,5.209271838914009,k§silje,anti_homophones
7894,1,1,0,5,2,-5.532301766199918,5.532301766199918,d°vEt,anti_homophones
7895,1,0,0,6,3,-7.374827544484336,7.374827544484336,egloke,anti_homophones
7896,1,1,0,7,3,-5.930400429074344,5.930400429074344,floRiz@,anti_homophones
7897,1,21,0,2,1,-4.571289828128245,4.571289828128245,Os,anti_homophones
7898,1,0,0,7,2,-8.507797757761743,8.507797757761743,gRimEgR,anti_homophones
7899,1,0,0,8,3,-6.505542414899037,6.505542414899037,bl@S@t9R,anti_homophones
7900,1,0,0,8,4,-7.312949791765983,7.312949791765983,maRisam@,anti_homophones
7901,1,0,0,6,2,-5.858164835289391,5.858164835289391,R°pl§b,anti_homophones
7902,1,4,0,4,2,-5.17058079650985,5.17058079650985,lyt5,anti_homophones
7903,1,0,0,6,3,-7.142049913976961,7.142049913976961,sinabi,anti_homophones
7904,1,0,0,6,3,-6.639717592487794,6.639717592487794,RoSine,anti_homophones
7905,1,0,0,9,4,-8.067313812978586,8.067313812978586,nevRaliz@,anti_homophones
7906,1,0,0,9,3,-8.637991067291946,8.637991067291946,paRtuRnyR,anti_homophones
7907,1,1,0,6,2,-5.5684354703590095,5.5684354703590095,kadRwa,anti_homophones
7908,1,0,0,7,3,-6.2027343040930365,6.2027343040930365,ipERmij,anti_homophones
7909,1,1,0,7,3,-6.107270311754669,6.107270311754669,R°kaSER,anti_homophones
7910,1,18,1,3,1,-4.226374142214193,4.226374142214193,pl§,anti_homophones
7911,1,0,0,7,3,-6.455662756488651,6.455662756488651,k§venj5,anti_homophones
7912,1,0,0,8,4,-6.159327384843909,6.159327384843909,makalize,anti_homophones
7913,1,0,0,7,3,-6.552878430033671,6.552878430033671,otos@tR,anti_homophones
7914,1,0,0,9,4,-8.447459531629226,8.447459531629226,glokaRone,anti_homophones
7915,1,9,0,4,2,-4.944564642951301,4.944564642951301,panE,anti_homophones
7916,1,26,1,3,1,-4.064048691436267,4.064048691436267,pla,anti_homophones
7917,1,0,0,9,4,-8.835556530147302,8.835556530147302,nometajaR,anti_homophones
7918,1,2,1,4,2,-5.207273525398073,5.207273525398073,yRl@,anti_homophones
7919,1,0,0,12,5,-12.952744728096363,12.952744728096363,tizaRdij°taZ,anti_homophones
7920,1,17,1,3,1,-4.228656370613804,4.228656370613804,lwa,anti_homophones
7921,1,5,1,4,2,-5.122641048952711,5.122641048952711,ekyn,anti_homophones
7922,1,8,0,3,1,-4.588397442947425,4.588397442947425,foS,anti_homophones
7923,1,0,0,6,2,-6.967589245508036,6.967589245508036,Riv9gl,anti_homophones
7924,1,2,0,6,2,-4.739457382883949,4.739457382883949,syplik,anti_homophones
7925,1,1,0,6,3,-7.109795344797128,7.109795344797128,k§buje,anti_homophones
7926,1,0,0,10,4,-7.566687873799977,7.566687873799977,RetRomatik,anti_homophones
7927,1,0,0,10,4,-6.557732874356569,6.557732874356569,diskyzat9R,anti_homophones
7928,1,0,0,9,4,-8.99714593796983,8.99714593796983,OsteoREkt,anti_homophones
7929,1,0,0,9,3,-7.660354733606099,7.660354733606099,dRaklasj§,anti_homophones
7930,1,3,0,5,2,-5.799150530298425,5.799150530298425,ostaZ,anti_homophones
7931,1,5,0,5,3,-5.981115709886602,5.981115709886602,ekale,anti_homophones
7932,1,3,0,5,2,-5.02955868033626,5.02955868033626,pw5t5,anti_homophones
7933,1,9,0,4,2,-4.568142781898778,4.568142781898778,@vje,anti_homophones
7934,1,1,0,7,3,-6.313290154324849,6.313290154324849,R@buRse,anti_homophones
7935,1,15,2,4,2,-3.941691595986324,3.941691595986324,dam@,anti_homophones
7936,1,1,0,7,4,-6.110029535037655,6.110029535037655,iRefeRe,anti_homophones
7937,1,0,0,7,3,-6.412844737973322,6.412844737973322,maRibys,anti_homophones
7938,1,0,0,8,4,-11.33797043927631,11.33797043927631,@kiRitaj,anti_homophones
7939,1,13,1,3,1,-4.181708429315762,4.181708429315762,aps,anti_homophones
7940,1,1,0,7,3,-6.7919277998555065,6.7919277998555065,paRsime,anti_homophones
7941,1,6,0,5,3,-5.190984346756229,5.190984346756229,@v°m@,anti_homophones
7942,1,27,1,2,1,-4.568813494575302,4.568813494575302,OR,anti_homophones
7943,1,0,0,12,5,-9.487637788659157,9.487637788659157,R°suviskasj§,anti_homophones
7944,1,20,2,3,1,-4.100364388843418,4.100364388843418,fR@,anti_homophones
7945,1,0,0,8,4,-6.314192333520807,6.314192333520807,deg2l@se,anti_homophones
7946,1,16,1,4,2,-4.550854175940933,4.550854175940933,gazi,anti_homophones
7947,1,0,0,9,3,-6.476030823583598,6.476030823583598,baRd2zjEm,anti_homophones
7948,1,1,0,7,3,-7.721044392204245,7.721044392204245,afOsfER,anti_homophones
7949,1,6,0,8,4,-5.475230380808613,5.475230380808613,fatik°m@,anti_homophones
7950,1,16,0,3,2,-4.924540249502419,4.924540249502419,uli,anti_homophones
7951,1,1,0,9,5,-5.739770803369207,5.739770803369207,5sibilite,anti_homophones
7952,1,5,1,6,3,-5.0082226387908335,5.0082226387908335,RefeRe,anti_homophones
7953,1,1,0,5,2,-5.253903936804606,5.253903936804606,viRt5,anti_homophones
7954,1,1,0,6,2,-8.105043829836545,8.105043829836545,ZeR§bl,anti_homophones
7955,1,0,0,6,2,-6.318962783749495,6.318962783749495,stalme,anti_homophones
7956,1,0,0,6,3,-7.213055986286656,7.213055986286656,s@dij2,anti_homophones
7957,1,0,0,9,5,-6.275834438091255,6.275834438091255,otoRalize,anti_homophones
7958,1,0,0,7,4,-7.121179678506246,7.121179678506246,edykagu,anti_homophones
7959,1,26,2,4,2,-3.7852430237534977,3.7852430237534977,asj§,anti_homophones
7960,1,0,0,10,5,-9.321977877210033,9.321977877210033,seRikylati,anti_homophones
7961,1,4,1,5,2,-5.351741676432782,5.351741676432782,leZid,anti_homophones
7962,1,0,0,8,3,-6.8772424680760995,6.8772424680760995,soligRaf,anti_homophones
7963,1,0,0,10,5,-8.765205165119019,8.765205165119019,detalideRe,anti_homophones
7964,1,9,2,6,3,-4.905865464092285,4.905865464092285,myl°m@,anti_homophones
7965,1,2,0,5,2,-6.144389931566969,6.144389931566969,satEk,anti_homophones
7966,1,0,0,8,3,-7.932988665197705,7.932988665197705,debRufl§,anti_homophones
7967,1,6,0,4,2,-4.602211966794284,4.602211966794284,ytil,anti_homophones
7968,1,0,0,8,3,-7.207038881528583,7.207038881528583,pERmosaZ,anti_homophones
7969,1,0,0,6,2,-6.47118164778845,6.47118164778845,gRavuR,anti_homophones
7970,1,3,0,6,2,-6.24482008247016,6.24482008247016,bREk9R,anti_homophones
7971,1,1,0,6,3,-6.542141797714114,6.542141797714114,k@pajo,anti_homophones
7972,1,0,0,10,4,-9.619764818782002,9.619764818782002,afletRonEl,anti_homophones
7973,1,0,0,7,2,-7.378468326284691,7.378468326284691,dwERtEl,anti_homophones
7974,1,0,0,8,2,-7.05861602585727,7.05861602585727,sERv9RdR,anti_homophones
7975,1,0,0,9,4,-7.257361995496853,7.257361995496853,medik°t9R,anti_homophones
7976,1,0,0,9,4,-8.55567682727816,8.55567682727816,ostenetik,anti_homophones
7977,1,0,0,6,2,-6.895941495625927,6.895941495625927,fymigR,anti_homophones
7978,1,0,0,8,3,-8.231919751377768,8.231919751377768,syRvEtR2,anti_homophones
7979,1,3,0,5,2,-7.327072924511142,7.327072924511142,vRise,anti_homophones
7980,1,0,0,11,5,-9.270574808405621,9.270574808405621,pusiNaRd°Ri,anti_homophones
7981,1,0,0,10,4,-8.82424115349053,8.82424115349053,miksid@tik,anti_homophones
7982,1,0,0,12,5,-12.179767992236956,12.179767992236956,lOkyltyRZize,anti_homophones
7983,1,0,0,11,5,-9.083766204414188,9.083766204414188,kazolabl°m@,anti_homophones
7984,1,0,0,13,6,-11.241360161561563,11.241360161561563,fatividwanize,anti_homophones
7985,1,13,0,3,2,-4.639022544315296,4.639022544315296,ne@,anti_homophones
7986,1,10,1,5,2,-4.52358203037228,4.52358203037228,natyR,anti_homophones
7987,1,0,0,10,5,-7.889929611968592,7.889929611968592,patElozite,anti_homophones
7988,1,0,0,10,5,-9.603677793513329,9.603677793513329,deZetiRuje,anti_homophones
7989,1,4,0,7,4,-5.09731237169477,5.09731237169477,apozite,anti_homophones
7990,1,0,0,9,4,-10.694733401960049,10.694733401960049,RabyzeOlt,anti_homophones
7991,1,0,0,7,3,-8.186829897967684,8.186829897967684,sikotSa,anti_homophones
7992,1,0,0,8,4,-7.880871544244981,7.880871544244981,tiRan°le,anti_homophones
7993,1,3,0,5,2,-4.925778638984712,4.925778638984712,kosj§,anti_homophones
7994,1,0,0,7,4,-6.577259282879038,6.577259282879038,otopot@,anti_homophones
7995,1,2,0,7,4,-5.468157825250016,5.468157825250016,oRalize,anti_homophones
7996,1,0,1,6,2,-5.206959914662723,5.206959914662723,pRobys,anti_homophones
7997,1,1,0,5,3,-6.102339539279433,6.102339539279433,al@Se,anti_homophones
7998,1,45,3,3,1,-3.639767984150691,3.639767984150691,paR,anti_homophones
7999,1,0,0,7,3,-6.7829386265359135,6.7829386265359135,S°valit,anti_homophones
8000,1,0,0,5,1,-8.994999182304035,8.994999182304035,bjogl,anti_homophones
8001,1,0,0,12,6,-9.08545462617608,9.08545462617608,5dEstRyozite,anti_homophones
8002,1,8,1,5,2,-4.753697826069175,4.753697826069175,§ksj§,anti_homophones
8003,1,14,0,3,1,-4.331366244103142,4.331366244103142,lj§,anti_homophones
8004,1,0,1,6,3,-5.991845655016497,5.991845655016497,epuvwa,anti_homophones
8005,1,0,0,7,3,-6.169410985037985,6.169410985037985,maRmono,anti_homophones
8006,1,1,0,8,3,-8.28461132736541,8.28461132736541,guRdista,anti_homophones
8007,1,0,0,8,3,-5.82944136143871,5.82944136143871,komynjER,anti_homophones
8008,1,0,0,6,2,-6.440947652960396,6.440947652960396,stalEn,anti_homophones
8009,1,3,0,4,2,-5.117586973002644,5.117586973002644,feno,anti_homophones
8010,1,0,0,8,3,-6.013787542357757,6.013787542357757,faS2ljER,anti_homophones
8011,1,0,0,9,4,-6.748195678191154,6.748195678191154,sypERmit2,anti_homophones
8012,1,0,0,13,6,-13.405062934148301,13.405062934148301,nefifRazybeRe,anti_homophones
8013,1,15,1,3,2,-4.833401712174978,4.833401712174978,el5,anti_homophones
8014,1,0,0,12,5,-9.59380621133929,9.59380621133929,vERtiRaniz9R,anti_homophones
8015,1,0,0,10,4,-8.666792201531615,8.666792201531615,sikl9bawEt,anti_homophones
8016,1,0,0,5,3,-7.030293228909855,7.030293228909855,ab§b§,anti_homophones
8017,1,0,0,8,4,-7.780639947258189,7.780639947258189,debobEze,anti_homophones
8018,1,23,0,3,1,-4.618179920322563,4.618179920322563,mEk,anti_homophones
8019,1,11,0,5,2,-4.843221117809983,4.843221117809983,k@tik,anti_homophones
8020,1,1,0,8,3,-7.29526692333746,7.29526692333746,fl@k§tRe,anti_homophones
8021,1,0,0,15,6,-11.32502188184204,11.32502188184204,EkspERbysjOn°m@,anti_homophones
8022,1,18,1,5,2,-4.418663118588086,4.418663118588086,fRije,anti_homophones
8023,1,0,0,7,3,-6.527603196961622,6.527603196961622,detRip@,anti_homophones
8024,1,0,0,7,3,-5.862945706692076,5.862945706692076,dek§tik,anti_homophones
8025,1,0,0,10,4,-7.299587825261236,7.299587825261236,maRmOlOZik,anti_homophones
8026,1,8,1,5,2,-5.175299672070083,5.175299672070083,evist,anti_homophones
8027,1,0,0,7,4,-7.926305751001804,7.926305751001804,eRas°RE,anti_homophones
8028,1,1,0,6,2,-5.821705963012094,5.821705963012094,pRyRZe,anti_homophones
8029,1,0,0,10,4,-10.131766537050488,10.131766537050488,kRometabla,anti_homophones
8030,1,0,0,7,3,-6.620487524404288,6.620487524404288,lybasj§,anti_homophones
8031,1,0,0,13,5,-8.274331070799361,8.274331070799361,k§disp@sjonEl,anti_homophones
8032,1,5,0,5,2,-5.608237220455918,5.608237220455918,skada,anti_homophones
8033,1,0,0,7,2,-6.47975006908298,6.47975006908298,pREstiR,anti_homophones
8034,1,0,0,6,3,-7.479557317814034,7.479557317814034,akutEk,anti_homophones
8035,1,0,0,8,3,-6.673085458725942,6.673085458725942,pERspiR@,anti_homophones
8036,1,11,1,5,2,-4.76575954754718,4.76575954754718,kaliz,anti_homophones
8037,1,0,0,10,4,-9.35011416815285,9.35011416815285,salabizabl,anti_homophones
8038,1,0,0,7,3,-7.40178763316006,7.40178763316006,akRepin,anti_homophones
8039,1,1,0,7,3,-5.775625435203071,5.775625435203071,k§silit,anti_homophones
8040,1,0,0,11,4,-9.085811333428875,9.085811333428875,fRodykseRal,anti_homophones
8041,1,5,0,6,3,-4.537012235294847,4.537012235294847,oblije,anti_homophones
8042,1,11,0,5,2,-5.04778784287777,5.04778784287777,etist,anti_homophones
8043,1,1,0,6,2,-6.191486423350681,6.191486423350681,dROgaZ,anti_homophones
8044,1,3,0,4,2,-5.365831945209182,5.365831945209182,leoz,anti_homophones
8045,1,0,0,6,3,-8.430674320152947,8.430674320152947,s°v@S§,anti_homophones
8046,1,22,1,5,2,-4.184851582907179,4.184851582907179,fRite,anti_homophones
8047,1,3,0,7,3,-5.661766570612101,5.661766570612101,dekosj§,anti_homophones
8048,1,1,0,8,3,-5.549508780062456,5.549508780062456,kopylsj§,anti_homophones
8049,1,4,2,7,3,-4.782423358204232,4.782423358204232,klER°m@,anti_homophones
8050,1,2,0,5,2,-4.857368593468367,4.857368593468367,beg9l,anti_homophones
8051,1,13,1,5,2,-4.740619693665687,4.740619693665687,dekaR,anti_homophones
8052,1,0,0,11,5,-6.14603890694422,6.14603890694422,kom@sjEl°m@,anti_homophones
8053,1,0,0,8,4,-8.183286626253544,8.183286626253544,malinEte,anti_homophones
8054,1,2,0,5,2,-6.082469616423765,6.082469616423765,kiNOR,anti_homophones
8055,1,5,0,6,3,-5.454393421242572,5.454393421242572,k§dyle,anti_homophones
8056,1,0,0,9,4,-8.261766504159938,8.261766504159938,5fEktRoS2,anti_homophones
8057,1,0,0,7,3,-7.262548371083939,7.262548371083939,m5sipaZ,anti_homophones
8058,1,0,0,9,3,-8.740577931573684,8.740577931573684,tRagORn9R,anti_homophones
8059,1,12,1,3,2,-4.205937077097947,4.205937077097947,5Ze,anti_homophones
8060,1,0,0,9,4,-7.266559965786667,7.266559965786667,vak@tat9R,anti_homophones
8061,1,0,0,13,6,-12.255728834741484,12.255728834741484,S°valosistine,anti_homophones
8062,1,0,0,8,3,-7.809600633671288,7.809600633671288,k§tERmiG,anti_homophones
8063,1,15,0,4,2,-4.606447811267962,4.606447811267962,aRj5,anti_homophones
8064,1,0,0,7,3,-7.393125666645271,7.393125666645271,s@sotik,anti_homophones
8065,1,11,0,4,2,-5.349601024925617,5.349601024925617,aRd5,anti_homophones
8066,1,0,0,8,3,-7.2214115889273325,7.2214115889273325,kRatyRaZ,anti_homophones
8067,1,0,0,9,4,-7.935536723166152,7.935536723166152,R2sosijaZ,anti_homophones
8068,1,6,0,4,2,-5.935255165814976,5.935255165814976,omiz,anti_homophones
8069,1,0,0,8,3,-8.282972538737424,8.282972538737424,stomazER,anti_homophones
8070,1,0,0,6,3,-6.842771285388731,6.842771285388731,vaSERi,anti_homophones
8071,1,0,0,8,4,-7.441528243943076,7.441528243943076,felosite,anti_homophones
8072,1,16,2,3,1,-4.128615690389125,4.128615690389125,mje,anti_homophones
8073,1,0,0,12,5,-10.377280648768549,10.377280648768549,pesimatomEtR,anti_homophones
8074,1,7,0,6,3,-5.485932310858681,5.485932310858681,velize,anti_homophones
8075,1,0,0,14,6,-14.582622631780762,14.582622631780762,etapsyltigalOk,anti_homophones
8076,1,14,2,6,3,-4.65052077149337,4.65052077149337,maRize,anti_homophones
8077,1,6,0,4,2,-5.25762903925699,5.25762903925699,inEp,anti_homophones
8078,1,4,0,5,2,-5.555397308052885,5.555397308052885,aRk9R,anti_homophones
8079,1,0,0,11,5,-8.11038389997227,8.11038389997227,leZjenaZ°m@,anti_homophones
8080,1,1,0,8,4,-7.92423350635938,7.92423350635938,kanavite,anti_homophones
8081,1,7,0,4,1,-4.65098812262176,4.65098812262176,bR§z,anti_homophones
8082,1,0,0,11,5,-10.835319158014014,10.835319158014014,eRatwaRivaZ,anti_homophones
8083,1,5,1,5,2,-5.117649835942087,5.117649835942087,pR2m@,anti_homophones
8084,1,5,1,5,2,-4.6966007151540685,4.6966007151540685,viRZi,anti_homophones
8085,1,10,0,4,2,-6.065291258577341,6.065291258577341,Zon2,anti_homophones
8086,1,0,0,9,5,-9.555770981259212,9.555770981259212,apit§b°Ri,anti_homophones
8087,1,0,0,12,5,-7.484098808072425,7.484098808072425,metRiktiv°m@,anti_homophones
8088,1,1,0,7,3,-6.217212247922651,6.217212247922651,fRikase,anti_homophones
8089,1,2,1,7,3,-6.124467059357236,6.124467059357236,videRal,anti_homophones
8090,1,3,1,7,3,-5.297804566083812,5.297804566083812,pRofile,anti_homophones
8091,1,0,0,12,5,-7.368957313848584,7.368957313848584,petRonizasj§,anti_homophones
8092,1,0,0,11,4,-9.372715655355087,9.372715655355087,pleZjomEj9R,anti_homophones
8093,1,29,1,3,1,-4.195672669880947,4.195672669880947,pak,anti_homophones
8094,1,0,0,7,3,-9.848394841272258,9.848394841272258,b§bREse,anti_homophones
8095,1,8,0,5,2,-4.977069177932334,4.977069177932334,dinER,anti_homophones
8096,1,18,2,4,2,-4.375514319095108,4.375514319095108,maZe,anti_homophones
8097,1,1,0,7,3,-6.88609122781072,6.88609122781072,klok°m@,anti_homophones
8098,1,1,0,7,3,-5.559353257757726,5.559353257757726,R°pusj5,anti_homophones
8099,1,0,0,9,4,-9.89490654714882,9.89490654714882,akRoflaRi,anti_homophones
8100,1,10,1,3,1,-4.433499451844235,4.433499451844235,vRE,anti_homophones
8101,1,8,1,4,2,-4.980756826105581,4.980756826105581,azj§,anti_homophones
8102,1,2,0,5,2,-5.033661680777372,5.033661680777372,idROg,anti_homophones
8103,1,0,0,8,4,-9.436927559660363,9.436927559660363,venomit2,anti_homophones
8104,1,0,0,11,5,-8.46251244404586,8.46251244404586,vEltanal°m@,anti_homophones
8105,1,42,1,3,2,-3.929223939181574,3.929223939181574,eRe,anti_homophones
8106,1,6,0,3,1,-4.627872846725258,4.627872846725258,m8E,anti_homophones
8107,1,5,1,6,3,-4.614463985563546,4.614463985563546,@tityd,anti_homophones
8108,1,0,0,16,5,-13.975425892592897,13.975425892592897,k§ZEstokRotOpstR,anti_homophones
8109,1,0,0,7,4,-6.710309330358039,6.710309330358039,emoRiz@,anti_homophones
8110,1,0,0,8,3,-6.8555311488285335,6.8555311488285335,pERtezj5,anti_homophones
8111,1,0,0,9,4,-8.056753325399951,8.056753325399951,Robilisj5,anti_homophones
8112,1,1,0,5,3,-5.469300404513773,5.469300404513773,kame5,anti_homophones
8113,1,24,0,2,1,-4.56871398033997,4.56871398033997,fy,anti_homophones
8114,1,0,0,7,2,-7.355292716184712,7.355292716184712,gRiSism,anti_homophones
8115,1,0,0,11,6,-9.576640027712502,9.576640027712502,abileniNite,anti_homophones
8116,1,0,0,9,4,-9.391869094617396,9.391869094617396,maRatibRe,anti_homophones
8117,1,0,0,12,6,-9.88515873113695,9.88515873113695,5k§pat@dR°Ri,anti_homophones
8118,1,0,0,6,3,-5.97929040579823,5.97929040579823,5k§vwa,anti_homophones
8119,1,3,1,4,2,-4.756450481973866,4.756450481973866,gijo,anti_homophones
8120,1,0,0,10,4,-7.260774488309463,7.260774488309463,dedEstat9R,anti_homophones
8121,1,0,0,8,3,-8.789327673088422,8.789327673088422,polok@bR,anti_homophones
8122,1,15,0,3,1,-4.792610052763543,4.792610052763543,p§t,anti_homophones
8123,1,26,2,3,1,-4.124533341287433,4.124533341287433,pap,anti_homophones
8124,1,11,0,4,2,-4.9429963725283255,4.9429963725283255,tERi,anti_homophones
8125,1,3,0,7,3,-6.004317623598683,6.004317623598683,5tERnak,anti_homophones
8126,1,0,0,9,4,-9.913141552703602,9.913141552703602,sORtab°R§,anti_homophones
8127,1,4,0,4,1,-4.618519607208407,4.618519607208407,vibR,anti_homophones
8128,1,1,0,7,4,-7.835829866185049,7.835829866185049,@magaj2,anti_homophones
8129,1,0,0,8,4,-8.353044642598151,8.353044642598151,R2k§kato,anti_homophones
8130,1,0,0,9,4,-9.668198050408844,9.668198050408844,badizabl2,anti_homophones
8131,1,0,1,8,3,-6.1036051243562115,6.1036051243562115,paRad8iR,anti_homophones
8132,1,1,0,6,3,-7.421168076561653,7.421168076561653,syRido,anti_homophones
8133,1,4,0,6,2,-4.64768807006895,4.64768807006895,k§sjal,anti_homophones
8134,1,5,1,5,2,-5.141569109023605,5.141569109023605,Est9R,anti_homophones
8135,1,0,0,9,4,-8.2866642180856,8.2866642180856,alwazoSiR,anti_homophones
8136,1,16,0,4,1,-5.248255377624458,5.248255377624458,stis,anti_homophones
8137,1,0,0,14,5,-11.498045185573064,11.498045185573064,pRopRimetRitOR,anti_homophones
8138,1,1,0,7,4,-5.946350171651599,5.946350171651599,iReveR@,anti_homophones
8139,1,0,0,11,5,-7.626909433218453,7.626909433218453,S°vaRjalize,anti_homophones
8140,1,12,1,4,1,-4.6884551270589965,4.6884551270589965,flaR,anti_homophones
8141,1,4,1,5,2,-5.334506166494276,5.334506166494276,tREj§,anti_homophones
8142,1,0,0,7,4,-8.174167778702365,8.174167778702365,aRitana,anti_homophones
8143,1,0,0,8,3,-6.969453099826968,6.969453099826968,s§bRifje,anti_homophones
8144,1,1,0,6,3,-6.446190097868879,6.446190097868879,ekRafi,anti_homophones
8145,1,29,0,3,1,-4.4801153018233375,4.4801153018233375,RiS,anti_homophones
8146,1,4,1,4,2,-4.75827868578393,4.75827868578393,@RiS,anti_homophones
8147,1,2,0,5,1,-7.293768236444025,7.293768236444025,vjEgl,anti_homophones
8148,1,0,0,7,3,-7.248271030212152,7.248271030212152,5dEstaS,anti_homophones
8149,1,0,0,8,4,-7.312818696236184,7.312818696236184,amaskyl@,anti_homophones
8150,1,0,0,8,4,-8.184673262376208,8.184673262376208,eRyRZinE,anti_homophones
8151,1,11,3,6,2,-4.1686924149341875,4.1686924149341875,gRafik,anti_homophones
8152,1,1,0,5,3,-5.970914174526276,5.970914174526276,@p°n§,anti_homophones
8153,1,2,0,6,2,-5.0495611259705475,5.0495611259705475,b9mp9R,anti_homophones
8154,1,19,0,4,2,-4.385707957438434,4.385707957438434,deka,anti_homophones
8155,1,0,0,9,4,-8.882204884424413,8.882204884424413,kwaNetike,anti_homophones
8156,1,4,0,5,3,-6.996888509773234,6.996888509773234,ototi,anti_homophones
8157,1,4,1,4,1,-4.793448659389054,4.793448659389054,gR§d,anti_homophones
8158,1,1,0,7,3,-6.326993357493943,6.326993357493943,tROd°m@,anti_homophones
8159,1,0,0,11,5,-10.230645137809576,10.230645137809576,k§vwaziguje,anti_homophones
8160,1,20,2,3,1,-4.500159969229914,4.500159969229914,kEk,anti_homophones
8161,1,4,1,5,2,-4.844811305502772,4.844811305502772,pet@s,anti_homophones
8162,1,15,0,2,1,-4.5870162326512,4.5870162326512,oz,anti_homophones
8163,1,1,0,6,2,-6.514993325471278,6.514993325471278,dwanal,anti_homophones
8164,1,0,0,8,4,-10.89347019967173,10.89347019967173,in@tatlo,anti_homophones
8165,1,0,0,8,4,-7.270666017195826,7.270666017195826,akORdim@,anti_homophones
8166,1,3,0,4,1,-4.765717993801473,4.765717993801473,kl9b,anti_homophones
8167,1,0,0,13,6,-13.561568886804187,13.561568886804187,syRatRivem@s§,anti_homophones
8168,1,0,0,9,4,-8.529274866902327,8.529274866902327,RiSinwaze,anti_homophones
8169,1,0,0,7,3,-6.5580546136189,6.5580546136189,solikas,anti_homophones
8170,1,21,0,4,2,-5.9978834616015195,5.9978834616015195,maze,anti_homophones
8171,1,1,0,7,3,-6.866588916407591,6.866588916407591,kaRakj§,anti_homophones
8172,1,3,0,6,2,-4.842232366736693,4.842232366736693,vwaj9R,anti_homophones
8173,1,8,0,5,2,-5.111313147366699,5.111313147366699,yRabl,anti_homophones
8174,1,0,0,7,3,-6.875360919883727,6.875360919883727,fulaS9R,anti_homophones
8175,1,3,0,6,2,-5.903437102627371,5.903437102627371,tomabl,anti_homophones
8176,1,0,0,11,5,-10.095557662317749,10.095557662317749,afReSaRkete,anti_homophones
8177,1,0,0,8,4,-8.409421531756468,8.409421531756468,niil@sif,anti_homophones
8178,1,0,0,7,3,-9.578662416581858,9.578662416581858,k85fyze,anti_homophones
8179,1,0,0,7,3,-8.238787346392765,8.238787346392765,mOtidiR,anti_homophones
8180,1,0,0,10,4,-11.333126369480345,11.333126369480345,melosalibR,anti_homophones
8181,1,1,0,8,4,-5.3969865483905775,5.3969865483905775,negalize,anti_homophones
8182,1,0,0,8,3,-8.32522199452329,8.32522199452329,plijotEs,anti_homophones
8183,1,0,0,10,4,-11.880399140140982,11.880399140140982,ZynOskotEl,anti_homophones
8184,1,33,0,3,2,-6.285448991024157,6.285448991024157,ORe,anti_homophones
8185,1,10,0,6,2,-5.118719711694901,5.118719711694901,kanabl,anti_homophones
8186,1,1,0,7,3,-6.02337551342651,6.02337551342651,l5fatif,anti_homophones
8187,1,2,0,6,2,-6.63735569537279,6.63735569537279,gRatOR,anti_homophones
8188,1,2,0,5,2,-5.826312185350558,5.826312185350558,patOS,anti_homophones
8189,1,18,1,4,1,-3.790287917569318,3.790287917569318,twaR,anti_homophones
8190,1,19,0,4,2,-4.385197950820786,4.385197950820786,maki,anti_homophones
8191,1,0,0,12,4,-8.499331275053704,8.499331275053704,EkspREsteRiR,anti_homophones
8192,1,0,0,9,4,-8.109693020604427,8.109693020604427,fibRidife,anti_homophones
8193,1,0,0,10,5,-9.842546243863406,9.842546243863406,R°k§bEk°te,anti_homophones
8194,1,29,1,3,2,-4.0870745346022295,4.0870745346022295,alE,anti_homophones
8195,1,0,0,7,3,-8.431720049012501,8.431720049012501,balaski,anti_homophones
8196,1,0,0,8,3,-7.556067588528942,7.556067588528942,tRemaRke,anti_homophones
8197,1,0,0,8,3,-7.203110152228636,7.203110152228636,kaORdjOm,anti_homophones
8198,1,0,0,8,3,-6.899013519584437,6.899013519584437,gaRdonj5,anti_homophones
8199,1,0,0,7,3,-5.694340418618932,5.694340418618932,5fiRmje,anti_homophones
8200,1,0,0,10,4,-10.465294541053485,10.465294541053485,notoboRjaZ,anti_homophones
8201,1,6,0,6,2,-4.852767045031583,4.852767045031583,pytabl,anti_homophones
8202,1,1,0,8,4,-7.6019044856034865,7.6019044856034865,5kRep§d@,anti_homophones
8203,1,1,0,5,2,-6.145301691162832,6.145301691162832,Repoz,anti_homophones
8204,1,0,0,12,5,-9.614065194443512,9.614065194443512,debR@S°mizaj,anti_homophones
8205,1,0,0,15,6,-13.236745107135176,13.236745107135176,siRdaZinERZetik,anti_homophones
8206,1,0,0,7,3,-7.7278871442281005,7.7278871442281005,eseRabl,anti_homophones
8207,1,0,0,9,4,-6.5243741862426194,6.5243741862426194,adyktifje,anti_homophones
8208,1,3,0,5,2,-5.252249837668807,5.252249837668807,disaZ,anti_homophones
8209,1,5,0,4,3,-6.418053414259091,6.418053414259091,opei,anti_homophones
8210,1,4,0,6,2,-6.63705989165065,6.63705989165065,dORt9R,anti_homophones
8211,1,7,0,5,2,-5.169525617629619,5.169525617629619,folOg,anti_homophones
8212,1,0,0,8,4,-6.131704931535103,6.131704931535103,simik°m@,anti_homophones
8213,1,0,0,7,3,-6.773481689204211,6.773481689204211,pigR°m@,anti_homophones
8214,1,0,0,5,2,-5.504316676692336,5.504316676692336,kyRso,anti_homophones
8215,1,3,1,7,3,-5.301785693886926,5.301785693886926,pERmine,anti_homophones
8216,1,0,0,8,4,-7.03752270266164,7.03752270266164,inoses9R,anti_homophones
8217,1,0,0,8,4,-5.603470563799408,5.603470563799408,pEn2z°m@,anti_homophones
8218,1,16,2,3,1,-4.245391819606107,4.245391819606107,pyt,anti_homophones
8219,1,0,0,9,4,-8.254553419990843,8.254553419990843,p@tERmit@,anti_homophones
8220,1,1,0,6,2,-5.407229754272502,5.407229754272502,5Zw5dR,anti_homophones
8221,1,0,0,7,4,-7.5372992987319085,7.5372992987319085,otopit§,anti_homophones
8222,1,0,0,8,4,-7.812580933106871,7.812580933106871,sekyneRa,anti_homophones
8223,1,0,0,10,5,-8.391470101265824,8.391470101265824,deses@s°m@,anti_homophones
8224,1,10,2,5,2,-3.9856152335639186,3.9856152335639186,disj5,anti_homophones
8225,1,4,0,7,3,-5.659588961352218,5.659588961352218,pjEs°m@,anti_homophones
8226,1,0,0,8,4,-9.21182803263251,9.21182803263251,iRemORam,anti_homophones
8227,1,0,0,9,3,-7.913892180423909,7.913892180423909,pREstalaZ,anti_homophones
8228,1,1,0,6,3,-5.780567884297709,5.780567884297709,adRuje,anti_homophones
8229,1,0,0,9,4,-8.341780288343791,8.341780288343791,kutyRbit@,anti_homophones
8230,1,1,0,6,3,-6.203230929805061,6.203230929805061,sot°l2,anti_homophones
8231,1,1,0,7,3,-6.548419544634155,6.548419544634155,saSidj5,anti_homophones
8232,1,0,0,7,2,-5.513425941357706,5.513425941357706,pREswaR,anti_homophones
8233,1,15,2,3,2,-4.267368096565195,4.267368096565195,eko,anti_homophones
8234,1,0,0,6,3,-7.0343736948499185,7.0343736948499185,t5tati,anti_homophones
8235,1,0,0,11,5,-10.346091147993135,10.346091147993135,pal°b§disk§,anti_homophones
8236,1,0,0,6,3,-7.431468090070124,7.431468090070124,liniz§,anti_homophones
8237,1,2,0,6,3,-4.765625540414445,4.765625540414445,5t8ite,anti_homophones
8238,1,1,0,5,3,-6.091984979435553,6.091984979435553,aleZe,anti_homophones
8239,1,23,1,3,2,-4.45001681894194,4.45001681894194,ap§,anti_homophones
8240,1,2,0,7,3,-5.764742578808019,5.764742578808019,kakat9R,anti_homophones
8241,1,1,0,7,3,-7.457894805999669,7.457894805999669,ReatRiS,anti_homophones
8242,1,0,0,9,3,-6.21456231983068,6.21456231983068,spEktifik,anti_homophones
8243,1,0,0,7,3,-7.257975314076854,7.257975314076854,bR§Sal@,anti_homophones
8244,1,1,1,6,2,-5.999272777511948,5.999272777511948,s°kROm,anti_homophones
8245,1,0,0,14,4,-11.947699043212566,11.947699043212566,SaRkwadRistizm,anti_homophones
8246,1,0,0,5,2,-4.7558476788172594,4.7558476788172594,EgzEt,anti_homophones
8247,1,23,1,3,1,-4.309890703472517,4.309890703472517,lis,anti_homophones
8248,1,0,0,12,6,-10.505208053537949,10.505208053537949,5def@tomiste,anti_homophones
8249,1,0,0,6,3,-6.950727762386512,6.950727762386512,Rokyp§,anti_homophones
8250,1,0,0,6,3,-6.018613546413054,6.018613546413054,vag@de,anti_homophones
8251,1,9,1,8,4,-4.63176698968575,4.63176698968575,oRizasj§,anti_homophones
8252,1,2,0,5,2,-5.677657985183315,5.677657985183315,skipe,anti_homophones
8253,1,0,0,7,3,-5.846461119594542,5.846461119594542,dekuvEl,anti_homophones
8254,1,18,1,4,2,-4.27686582331759,4.27686582331759,done,anti_homophones
8255,1,1,0,6,2,-6.1145823586595975,6.1145823586595975,semjEl,anti_homophones
8256,1,0,0,7,3,-6.1218513356606215,6.1218513356606215,Ratwam@,anti_homophones
8257,1,3,1,6,3,-5.095199585582814,5.095199585582814,otonj5,anti_homophones
8258,1,16,1,6,3,-4.56263733895005,4.56263733895005,kaRite,anti_homophones
8259,1,2,0,7,3,-6.250635282758165,6.250635282758165,f8El°m@,anti_homophones
8260,1,6,0,5,3,-4.996258128347325,4.996258128347325,@vize,anti_homophones
8261,1,0,0,12,5,-8.016120973103773,8.016120973103773,lyptifikasj§,anti_homophones
8262,1,29,1,3,2,-4.480848419021083,4.480848419021083,ata,anti_homophones
8263,1,0,0,11,5,-10.662696892420847,10.662696892420847,kazaRmodim@,anti_homophones
8264,1,4,0,5,2,-5.253115053795929,5.253115053795929,kuRj5,anti_homophones
8265,1,19,0,3,1,-4.297635194271841,4.297635194271841,lES,anti_homophones
8266,1,0,0,11,6,-12.220155544317576,12.220155544317576,medisodaize,anti_homophones
8267,1,0,0,8,3,-9.199862053844807,9.199862053844807,fEbl@S9p,anti_homophones
8268,1,4,1,5,2,-5.421905313336661,5.421905313336661,R@gaZ,anti_homophones
8269,1,7,0,5,2,-5.460192787335117,5.460192787335117,paRis,anti_homophones
8270,1,0,0,11,5,-11.70932812692874,11.70932812692874,ReteRadonEt,anti_homophones
8271,1,5,0,6,2,-5.1693301283418185,5.1693301283418185,kORdiz,anti_homophones
8272,1,21,2,3,1,-4.0635929213707245,4.0635929213707245,tEs,anti_homophones
8273,1,3,0,5,3,-5.645228771699049,5.645228771699049,5paRE,anti_homophones
8274,1,0,0,8,3,-7.008697187546521,7.008697187546521,femERd9R,anti_homophones
8275,1,0,0,8,3,-7.221162033086155,7.221162033086155,sybORsje,anti_homophones
8276,1,0,0,10,5,-6.445177430177521,6.445177430177521,kopatik°m@,anti_homophones
8277,1,12,1,5,1,-4.447962323267292,4.447962323267292,tRizm,anti_homophones
8278,1,1,0,5,2,-5.390016160975489,5.390016160975489,pyske,anti_homophones
8279,1,1,0,5,3,-8.043882354087412,8.043882354087412,oagyR,anti_homophones
8280,1,0,0,9,4,-7.7544763452839005,7.7544763452839005,psikopik@,anti_homophones
8281,1,0,0,7,2,-7.623213384325718,7.623213384325718,apstRib,anti_homophones
8282,1,19,2,3,1,-3.835318109428614,3.835318109428614,k§t,anti_homophones
8283,1,6,1,6,2,-4.356501363181432,4.356501363181432,deklER,anti_homophones
8284,1,0,0,9,4,-6.784751601622339,6.784751601622339,Zolikasj§,anti_homophones
8285,1,11,0,2,1,-6.5663197850042625,6.5663197850042625,uv,anti_homophones
8286,1,0,0,7,3,-8.821675480600991,8.821675480600991,kem@tiv,anti_homophones
8287,1,6,1,4,2,-4.94895670259719,4.94895670259719,kaju,anti_homophones
8288,1,0,0,8,3,-6.151987210786086,6.151987210786086,palmolOg,anti_homophones
8289,1,0,0,8,3,-8.282184822686403,8.282184822686403,sERtyRf5,anti_homophones
8290,1,1,0,5,2,-6.301432334139214,6.301432334139214,faR§g,anti_homophones
8291,1,11,0,5,2,-5.3721748463889805,5.3721748463889805,aptik,anti_homophones
8292,1,41,2,3,1,-3.865676794779352,3.865676794779352,sik,anti_homophones
8293,1,0,0,5,3,-6.394617701457123,6.394617701457123,ekuRo,anti_homophones
8294,1,0,0,9,3,-5.559343339482757,5.559343339482757,tR@plasj§,anti_homophones
8295,1,0,0,8,3,-7.0504227335499925,7.0504227335499925,degwajaZ,anti_homophones
8296,1,8,1,5,2,-5.012678702959112,5.012678702959112,kORni,anti_homophones
8297,1,7,2,6,3,-4.596270074258496,4.596270074258496,sul°m@,anti_homophones
8298,1,0,0,10,4,-7.733111150609866,7.733111150609866,koRypyRabl,anti_homophones
8299,1,1,0,6,2,-4.911404716328702,4.911404716328702,Zystik,anti_homophones
8300,1,6,0,4,2,-5.89528321313902,5.89528321313902,ReEn,anti_homophones
8301,1,0,0,9,4,-7.91892035522818,7.91892035522818,pozitwaR§,anti_homophones
8302,1,0,0,9,4,-8.38146791938954,8.38146791938954,ebaRbRij§,anti_homophones
8303,1,1,0,7,3,-6.477229065865886,6.477229065865886,maRgul5,anti_homophones
8304,1,0,0,10,4,-10.433915582864707,10.433915582864707,ZyZygystif,anti_homophones
8305,1,0,0,8,4,-5.428399686498119,5.428399686498119,kiSOt°m@,anti_homophones
8306,1,2,0,4,1,-4.748077028573483,4.748077028573483,t89R,anti_homophones
8307,1,10,2,5,3,-4.503366175232427,4.503366175232427,@tine,anti_homophones
8308,1,6,0,5,2,-4.361831743446177,4.361831743446177,puRiR,anti_homophones
8309,1,0,0,7,3,-6.803983797683416,6.803983797683416,5disipl,anti_homophones
8310,1,4,0,4,2,-5.93087847064135,5.93087847064135,R2p@,anti_homophones
8311,1,12,0,3,1,-4.754457876018043,4.754457876018043,dos,anti_homophones
8312,1,0,0,10,5,-6.852545963469942,6.852545963469942,beaRizasj§,anti_homophones
8313,1,11,0,4,2,-4.825035666175393,4.825035666175393,uRaZ,anti_homophones
8314,1,2,1,6,3,-5.084693231198774,5.084693231198774,def§se,anti_homophones
8315,1,0,0,8,4,-8.157434342112664,8.157434342112664,bag°l°ve,anti_homophones
8316,1,6,2,4,2,-4.383217614109115,4.383217614109115,5kje,anti_homophones
8317,1,6,1,5,2,-4.816546400986952,4.816546400986952,fRiz@,anti_homophones
8318,1,2,0,5,2,-5.893353976540312,5.893353976540312,tRolo,anti_homophones
8319,1,0,0,6,3,-5.376262670452162,5.376262670452162,pOm°le,anti_homophones
8320,1,0,0,8,3,-6.743285343614235,6.743285343614235,t@butwaR,anti_homophones
8321,1,0,0,10,4,-10.804896080228906,10.804896080228906,kaRb2lOkdy,anti_homophones
8322,1,0,0,9,4,-9.572730307127008,9.572730307127008,tamanisti,anti_homophones
8323,1,0,0,13,6,-14.734418097254903,14.734418097254903,ORfil°vERbyt@,anti_homophones
8324,1,0,0,13,6,-11.47442931160757,11.47442931160757,kOlEstiledite,anti_homophones
8325,1,11,0,4,1,-5.164548629455112,5.164548629455112,psin,anti_homophones
8326,1,10,1,5,2,-5.127134670769681,5.127134670769681,l@sj§,anti_homophones
8327,1,0,0,6,3,-6.096638068406585,6.096638068406585,fiSEz§,anti_homophones
8328,1,0,0,9,3,-8.944353228821516,8.944353228821516,pRefRizad,anti_homophones
8329,1,2,1,6,3,-6.28112663843884,6.28112663843884,eRonaZ,anti_homophones
8330,1,10,0,5,2,-5.22705337520579,5.22705337520579,pRobe,anti_homophones
8331,1,1,1,7,3,-5.9303921297977595,5.9303921297977595,pRez@SE,anti_homophones
8332,1,4,0,5,2,-6.2046247579563465,6.2046247579563465,kaNOR,anti_homophones
8333,1,0,0,10,5,-8.508207134585529,8.508207134585529,paRenaliz@,anti_homophones
8334,1,3,0,6,2,-5.403322784899379,5.403322784899379,tRoZEn,anti_homophones
8335,1,8,1,4,2,-4.881976509587376,4.881976509587376,gaNe,anti_homophones
8336,1,1,0,8,3,-6.043980170229511,6.043980170229511,debaRizm,anti_homophones
8337,1,0,0,8,3,-7.036826379727131,7.036826379727131,kwEk°nuj,anti_homophones
8338,1,12,1,5,2,-4.663626684646847,4.663626684646847,maRZe,anti_homophones
8339,1,0,0,14,6,-12.85521936009375,12.85521936009375,koRiktwajonEZe,anti_homophones
8340,1,0,0,9,4,-11.441235706526188,11.441235706526188,jatysORik,anti_homophones
8341,1,5,0,5,1,-4.862253895171753,4.862253895171753,kwadR,anti_homophones
8342,1,2,0,8,3,-5.312345197414194,5.312345197414194,paRaksj§,anti_homophones
8343,1,3,0,4,1,-5.027127389876585,5.027127389876585,R2tR,anti_homophones
8344,1,0,0,11,5,-11.108472435359182,11.108472435359182,pw5t@pet°l5,anti_homophones
8345,1,5,0,5,2,-5.7313293399345095,5.7313293399345095,apROm,anti_homophones
8346,1,5,0,5,2,-5.470677614553052,5.470677614553052,kanER,anti_homophones
8347,1,1,0,7,3,-7.614207609712272,7.614207609712272,k§tORil,anti_homophones
8348,1,0,0,10,4,-9.339855842087422,9.339855842087422,telemodERn,anti_homophones
8349,1,1,0,7,3,-7.926091486693704,7.926091486693704,petRita,anti_homophones
8350,1,12,1,7,3,-4.815309674014217,4.815309674014217,tizasj§,anti_homophones
8351,1,19,0,4,2,-4.679142460859467,4.679142460859467,gaRi,anti_homophones
8352,1,9,0,5,2,-5.13840919481193,5.13840919481193,malaR,anti_homophones
8353,1,13,1,5,2,-4.457579755976468,4.457579755976468,vetik,anti_homophones
8354,1,5,0,4,2,-5.346603978515099,5.346603978515099,ozEt,anti_homophones
8355,1,0,0,9,4,-7.824844150940856,7.824844150940856,bigyRaj9R,anti_homophones
8356,1,0,0,9,4,-5.85814642390349,5.85814642390349,pwaN2z°m@,anti_homophones
8357,1,1,0,6,2,-5.963726575429071,5.963726575429071,pep5gl,anti_homophones
8358,1,11,2,6,2,-4.396736103631632,4.396736103631632,katwaR,anti_homophones
8359,1,13,1,4,2,-4.609923657890235,4.609923657890235,ap9R,anti_homophones
8360,1,0,0,8,3,-6.789466440699081,6.789466440699081,detuRdiR,anti_homophones
8361,1,1,0,6,2,-6.428046684412167,6.428046684412167,m@gROm,anti_homophones
8362,1,3,0,5,2,-5.93026354604233,5.93026354604233,vigOl,anti_homophones
8363,1,0,0,8,4,-6.745495599375912,6.745495599375912,Samad°m@,anti_homophones
8364,1,0,0,8,3,-8.651837988359121,8.651837988359121,RakmERsi,anti_homophones
8365,1,0,0,14,6,-15.004217257041134,15.004217257041134,menatwalatik§t,anti_homophones
8366,1,0,0,8,4,-8.493957489638504,8.493957489638504,potamuRo,anti_homophones
8367,1,17,0,4,2,-4.699578916797972,4.699578916797972,kap@,anti_homophones
8368,1,7,1,9,4,-5.010701997148384,5.010701997148384,kaRizasj§,anti_homophones
8369,1,21,1,3,1,-4.218458655376703,4.218458655376703,ROm,anti_homophones
8370,1,0,0,11,5,-10.88859706447635,10.88859706447635,buRdu@dok9R,anti_homophones
8371,1,12,2,4,1,-4.479589982535344,4.479589982535344,djER,anti_homophones
8372,1,1,1,4,2,-5.002248856969084,5.002248856969084,mez§,anti_homophones
8373,1,23,0,4,2,-4.679488671007823,4.679488671007823,mako,anti_homophones
8374,1,14,0,6,3,-4.843667289975369,4.843667289975369,foloZi,anti_homophones
8375,1,0,0,8,3,-8.034366619399961,8.034366619399961,5pRepatS,anti_homophones
8376,1,1,0,6,3,-5.965252132397437,5.965252132397437,fym°R§,anti_homophones
8377,1,0,0,12,5,-7.571725808967772,7.571725808967772,zoofiltRasj§,anti_homophones
8378,1,1,0,7,3,-5.568939816452268,5.568939816452268,aksjonE,anti_homophones
8379,1,2,0,6,3,-6.87943383814113,6.87943383814113,silika,anti_homophones
8380,1,0,0,7,2,-5.7479374482709895,5.7479374482709895,mORsjal,anti_homophones
8381,1,0,0,9,4,-10.31036682849898,10.31036682849898,§bRagutaR,anti_homophones
8382,1,0,0,13,6,-11.773292588371632,11.773292588371632,pEgR°negatise,anti_homophones
8383,1,0,0,13,6,-10.703389746278399,10.703389746278399,idROpR°n§sesi,anti_homophones
8384,1,0,0,4,1,-5.799612652330404,5.799612652330404,p@nz,anti_homophones
8385,1,6,0,3,1,-5.48784609030934,5.48784609030934,imn,anti_homophones
8386,1,7,0,5,2,-5.303687215926777,5.303687215926777,visj5,anti_homophones
8387,1,12,0,4,2,-4.625106430582877,4.625106430582877,Rot5,anti_homophones
8388,1,1,0,5,2,-5.881860048644681,5.881860048644681,belOS,anti_homophones
8389,1,19,0,3,1,-4.394438209400596,4.394438209400596,buk,anti_homophones
8390,1,0,0,12,6,-9.606387561759934,9.606387561759934,Egzekilityl@,anti_homophones
8391,1,5,0,4,1,-6.009126017723919,6.009126017723919,p8El,anti_homophones
8392,1,0,0,10,5,-10.199438707222452,10.199438707222452,sakylisine,anti_homophones
8393,1,7,1,4,2,-4.681446103380027,4.681446103380027,5tR5,anti_homophones
8394,1,1,0,7,3,-6.557591273370494,6.557591273370494,5tRofan,anti_homophones
8395,1,0,0,11,4,-10.075808763853592,10.075808763853592,degRiptidaZ,anti_homophones
8396,1,38,2,3,1,-3.720774053922192,3.720774053922192,pER,anti_homophones
8397,1,1,0,7,4,-6.003105743690784,6.003105743690784,5fajote,anti_homophones
8398,1,3,0,4,1,-4.9846439260339315,4.9846439260339315,fEld,anti_homophones
8399,1,0,0,7,3,-6.315784661820155,6.315784661820155,sinamik,anti_homophones
8400,1,1,0,7,2,-5.266154272418701,5.266154272418701,EkspREs,anti_homophones
8401,1,7,0,4,1,-4.376799950315471,4.376799950315471,d8El,anti_homophones
8402,1,0,0,6,3,-6.872232630503235,6.872232630503235,ORtole,anti_homophones
8403,1,0,0,10,5,-8.1066156807367,8.1066156807367,debulimite,anti_homophones
8404,1,0,0,7,3,-6.342583169340989,6.342583169340989,k@fR5ge,anti_homophones
8405,1,0,0,10,4,-6.4604891240317155,6.4604891240317155,R°tuRnasj§,anti_homophones
8406,1,7,0,3,1,-4.654935058741469,4.654935058741469,R8e,anti_homophones
8407,1,2,0,6,2,-6.241627624585512,6.241627624585512,S@buRs,anti_homophones
8408,1,3,1,6,3,-4.720717620691013,4.720717620691013,puj°m@,anti_homophones
8409,1,0,0,9,5,-7.928833982423654,7.928833982423654,5paRamize,anti_homophones
8410,1,0,0,6,2,-7.146212050271739,7.146212050271739,blikER,anti_homophones
8411,1,0,0,7,3,-5.09531571333576,5.09531571333576,ReatwaR,anti_homophones
8412,1,0,0,14,6,-12.614012459106181,12.614012459106181,flykovipERtij§,anti_homophones
8413,1,1,0,8,3,-6.956357245051607,6.956357245051607,sk@sasj§,anti_homophones
8414,1,6,0,4,2,-5.4722608335760565,5.4722608335760565,amj§,anti_homophones
8415,1,13,1,4,1,-4.896971697756278,4.896971697756278,fEst,anti_homophones
8416,1,0,0,6,3,-6.577957679952012,6.577957679952012,j@kiki,anti_homophones
8417,1,0,0,9,4,-10.071519421552967,10.071519421552967,ksaliton@,anti_homophones
8418,1,0,0,9,5,-10.712256237710893,10.712256237710893,anim@dilE,anti_homophones
8419,1,24,1,3,1,-3.833902806905336,3.833902806905336,Raf,anti_homophones
8420,1,0,0,11,4,-8.988451940217766,8.988451940217766,dispEktORal,anti_homophones
8421,1,6,0,4,2,-5.166351626159823,5.166351626159823,5dEk,anti_homophones
8422,1,0,0,11,5,-8.617977115986195,8.617977115986195,lEskOpik°m@,anti_homophones
8423,1,0,0,11,5,-9.31604983104686,9.31604983104686,fl@dyRalite,anti_homophones
8424,1,1,0,7,3,-5.851609005597857,5.851609005597857,lim@tER,anti_homophones
8425,1,22,0,3,1,-4.529370311779104,4.529370311779104,kot,anti_homophones
8426,1,39,2,3,1,-3.9387660151123143,3.9387660151123143,dik,anti_homophones
8427,1,0,0,8,3,-6.915204820839953,6.915204820839953,syRkonER,anti_homophones
8428,1,12,0,4,2,-5.583244342847612,5.583244342847612,selo,anti_homophones
8429,1,1,0,8,3,-7.157709800040948,7.157709800040948,epaRdjOm,anti_homophones
8430,1,0,0,10,5,-11.326471349955389,11.326471349955389,5filoksoR5,anti_homophones
8431,1,1,0,9,4,-7.579448546080534,7.579448546080534,Rotipasj§,anti_homophones
8432,1,1,0,8,3,-6.102714361179475,6.102714361179475,kRObl°m@,anti_homophones
8433,1,0,0,13,6,-10.918200545730322,10.918200545730322,@gylatafjasj§,anti_homophones
8434,1,0,0,8,3,-7.409499473042203,7.409499473042203,paRtista,anti_homophones
8435,1,10,1,4,2,-4.710819072343482,4.710819072343482,@tRa,anti_homophones
8436,1,4,0,4,2,-5.269844564674127,5.269844564674127,etOS,anti_homophones
8437,1,1,0,6,3,-5.491407052878149,5.491407052878149,tyf°Ri,anti_homophones
8438,1,20,0,1,1,-4.567264912081383,4.567264912081383,e,anti_homophones
8439,1,0,0,12,6,-8.371760894215486,8.371760894215486,defiZinal°m@,anti_homophones
8440,1,0,0,14,6,-12.34067307586129,12.34067307586129,k5tegREsemisit,anti_homophones
8441,1,4,1,5,2,-4.970033306633427,4.970033306633427,R°val,anti_homophones
8442,1,1,0,5,3,-5.524693904876788,5.524693904876788,anafi,anti_homophones
8443,1,0,0,8,3,-6.939512932615617,6.939512932615617,5pRonist,anti_homophones
8444,1,0,0,6,2,-7.09601216692976,7.09601216692976,fast@s,anti_homophones
8445,1,5,0,6,2,-4.930844008660709,4.930844008660709,kapist,anti_homophones
8446,1,3,0,7,3,-5.429648973624497,5.429648973624497,pRelite,anti_homophones
8447,1,2,0,6,3,-6.4184749344014564,6.4184749344014564,ekoRal,anti_homophones
8448,1,10,0,4,2,-5.043719948401578,5.043719948401578,efin,anti_homophones
8449,1,0,0,12,6,-12.272094089724568,12.272094089724568,imyniZidimik,anti_homophones
8450,1,2,0,9,4,-5.933690578121415,5.933690578121415,sam@tasj§,anti_homophones
8451,1,1,0,5,2,-5.329225258552993,5.329225258552993,5pybl,anti_homophones
8452,1,0,0,8,4,-8.008629959716053,8.008629959716053,deRutad5,anti_homophones
8453,1,0,0,13,5,-12.175190715252578,12.175190715252578,debuRbastenal,anti_homophones
8454,1,31,1,3,1,-4.117889450175058,4.117889450175058,Rav,anti_homophones
8455,1,0,0,13,6,-10.532531381823846,10.532531381823846,medikategRame,anti_homophones
8456,1,0,0,13,6,-11.732508092807208,11.732508092807208,bipaR@Z°vwaje,anti_homophones
8457,1,0,0,8,4,-7.669292212778186,7.669292212778186,inytiZ9R,anti_homophones
8458,1,5,0,5,2,-5.124851360728555,5.124851360728555,lynik,anti_homophones
8459,1,0,0,8,4,-7.3932680990165505,7.3932680990165505,neopakte,anti_homophones
8460,1,0,0,10,4,-7.836845614550402,7.836845614550402,megaERtabl,anti_homophones
8461,1,0,0,7,3,-7.3036193119544635,7.3036193119544635,sjalope,anti_homophones
8462,1,2,1,5,2,-5.076641248213209,5.076641248213209,k§tOl,anti_homophones
8463,1,0,0,9,4,-7.85150373872383,7.85150373872383,5pResivis,anti_homophones
8464,1,0,0,8,3,-8.82642249648538,8.82642249648538,R°paRmid,anti_homophones
8465,1,0,0,8,4,-6.513390290473079,6.513390290473079,dep°s9le,anti_homophones
8466,1,0,0,12,6,-8.919095014124682,8.919095014124682,emuligyRasj§,anti_homophones
8467,1,0,0,7,3,-6.534915613128989,6.534915613128989,R2pOst@,anti_homophones
8468,1,9,1,5,2,-4.529163629197615,4.529163629197615,Rafik,anti_homophones
8469,1,1,1,5,2,-5.940540621638437,5.940540621638437,somj§,anti_homophones
8470,1,1,0,6,3,-5.660945343475246,5.660945343475246,bative,anti_homophones
8471,1,0,0,10,5,-11.213130600495969,11.213130600495969,nen2tRaORe,anti_homophones
8472,1,2,0,6,3,-5.236581692225324,5.236581692225324,manim@,anti_homophones
8473,1,0,0,9,4,-6.466713112801433,6.466713112801433,demjelite,anti_homophones
8474,1,11,0,5,2,-5.313110023306706,5.313110023306706,Renik,anti_homophones
8475,1,0,0,8,3,-6.973910142932924,6.973910142932924,naRk°taZ,anti_homophones
8476,1,21,2,6,3,-3.81787634296592,3.81787634296592,kal°m@,anti_homophones
8477,1,25,0,3,1,-4.795295743436075,4.795295743436075,kul,anti_homophones
8478,1,0,0,9,4,-7.728272049753775,7.728272049753775,epatomEtR,anti_homophones
8479,1,12,0,4,2,-4.942460607936089,4.942460607936089,piRa,anti_homophones
8480,1,0,0,8,4,-5.740687084850793,5.740687084850793,R°s@t°m@,anti_homophones
8481,1,0,0,7,3,-8.121898132784356,8.121898132784356,vjatoni,anti_homophones
8482,1,0,0,13,5,-10.030213418229557,10.030213418229557,sineziRkyltyR,anti_homophones
8483,1,2,0,5,3,-6.114720081606103,6.114720081606103,autSe,anti_homophones
8484,1,0,0,8,4,-9.278252747533255,9.278252747533255,dolegal§,anti_homophones
8485,1,20,0,4,2,-4.516187748832571,4.516187748832571,Zone,anti_homophones
8486,1,1,0,6,3,-5.9368949141665945,5.9368949141665945,Estezi,anti_homophones
8487,1,5,1,7,3,-4.9844517123089,4.9844517123089,agRasj§,anti_homophones
8488,1,2,0,6,2,-5.440940911210696,5.440940911210696,Radzje,anti_homophones
8489,1,4,1,5,2,-5.1316452795512,5.1316452795512,dez@Z,anti_homophones
8490,1,0,0,8,3,-9.3858141762643,9.3858141762643,aRnetRiz,anti_homophones
8491,1,0,0,7,3,-7.259082465167612,7.259082465167612,aktatyR,anti_homophones
8492,1,0,0,14,6,-13.611372242874173,13.611372242874173,aRtikEl5dRijaR,anti_homophones
8493,1,0,0,9,4,-6.607450980762802,6.607450980762802,gRonik°m@,anti_homophones
8494,1,4,0,6,2,-5.177345063471216,5.177345063471216,bwaj9R,anti_homophones
8495,1,0,0,9,4,-9.643713920861183,9.643713920861183,komogoRaZ,anti_homophones
8496,1,0,0,9,4,-8.057377703185178,8.057377703185178,fRijofoni,anti_homophones
8497,1,2,0,5,1,-5.8230840140904565,5.8230840140904565,stR9j,anti_homophones
8498,1,0,0,8,2,-6.918814155186,6.918814155186,pRoplatR,anti_homophones
8499,1,0,0,10,3,-10.13399768266539,10.13399768266539,skystRijER,anti_homophones
8500,1,0,0,9,4,-6.713789456751109,6.713789456751109,Sikatasj§,anti_homophones
8501,1,0,0,6,2,-6.349954497387358,6.349954497387358,vizjas,anti_homophones
8502,1,0,0,8,4,-6.156953118192684,6.156953118192684,bajal°m@,anti_homophones
8503,1,15,1,4,2,-4.648538429175643,4.648538429175643,maZi,anti_homophones
8504,1,0,0,6,2,-7.501036307557015,7.501036307557015,fERn@t,anti_homophones
8505,1,1,0,8,4,-6.589809633086535,6.589809633086535,komynide,anti_homophones
8506,1,0,0,6,2,-5.715900333215851,5.715900333215851,RivjEt,anti_homophones
8507,1,13,2,6,3,-4.482779702767009,4.482779702767009,devite,anti_homophones
8508,1,0,0,7,3,-6.468363030202276,6.468363030202276,Re5staz,anti_homophones
8509,1,2,0,5,2,-6.182922180927769,6.182922180927769,godas,anti_homophones
8510,1,0,0,9,4,-7.483589973141666,7.483589973141666,depylsine,anti_homophones
8511,1,1,0,6,3,-6.068133718198043,6.068133718198043,RotyRe,anti_homophones
8512,1,3,0,6,3,-5.3077649580510275,5.3077649580510275,devide,anti_homophones
8513,1,8,1,5,2,-4.552161423592116,4.552161423592116,monom,anti_homophones
8514,1,0,0,7,3,-5.658938442241827,5.658938442241827,sybORne,anti_homophones
8515,1,0,0,13,5,-11.204741686979029,11.204741686979029,paRavjolasjOm,anti_homophones
8516,1,10,1,5,3,-4.665177858968929,4.665177858968929,deite,anti_homophones
8517,1,7,0,4,1,-4.857765013331027,4.857765013331027,pibl,anti_homophones
8518,1,0,0,9,4,-7.75209169323931,7.75209169323931,adOptifik,anti_homophones
8519,1,0,0,10,5,-6.258641101711698,6.258641101711698,dez5telem@,anti_homophones
8520,1,1,2,4,2,-4.573969946465033,4.573969946465033,dudu,anti_homophones
8521,1,0,0,9,4,-6.873879288202762,6.873879288202762,5sizjasj§,anti_homophones
8522,1,0,0,9,3,-10.126070591515868,10.126070591515868,v@tanSabl,anti_homophones
8523,1,0,0,12,5,-9.561939484727944,9.561939484727944,maSidERman@s,anti_homophones
8524,1,4,0,5,2,-5.704218914639199,5.704218914639199,fizin,anti_homophones
8525,1,0,0,10,5,-8.61677597270431,8.61677597270431,elEktilOpe,anti_homophones
8526,1,0,0,10,3,-7.563779994274432,7.563779994274432,puRpRod8iR,anti_homophones
8527,1,7,0,4,1,-4.345628979735575,4.345628979735575,vjEt,anti_homophones
8528,1,2,0,8,3,-7.50478963504989,7.50478963504989,vokRasj§,anti_homophones
8529,1,6,0,6,3,-4.725337165404049,4.725337165404049,pip°m@,anti_homophones
8530,1,0,0,9,5,-8.749631397428564,8.749631397428564,ekolikot§,anti_homophones
8531,1,0,0,8,4,-8.96369613751216,8.96369613751216,fyzabijo,anti_homophones
8532,1,0,0,9,4,-8.104682134567785,8.104682134567785,poljenit@,anti_homophones
8533,1,1,0,6,3,-5.975016275970254,5.975016275970254,k§s@gi,anti_homophones
8534,1,0,0,11,6,-9.218510968261103,9.218510968261103,Reedifenite,anti_homophones
8535,1,7,0,4,2,-4.682581904983026,4.682581904983026,p°l5,anti_homophones
8536,1,0,0,8,3,-8.219517533283794,8.219517533283794,bidOkt@s,anti_homophones
8537,1,0,0,6,3,-7.050539765819471,7.050539765819471,biRiZe,anti_homophones
8538,1,20,2,4,1,-4.019899335625477,4.019899335625477,mizm,anti_homophones
8539,1,0,0,11,6,-8.537676267108344,8.537676267108344,abatanEl°m@,anti_homophones
8540,1,5,0,4,2,-5.202518826216192,5.202518826216192,ZiRo,anti_homophones
8541,1,1,0,6,3,-6.583559936648594,6.583559936648594,adZydi,anti_homophones
8542,1,7,0,4,1,-5.413748828118395,5.413748828118395,sjEs,anti_homophones
8543,1,1,0,4,3,-5.030109427827015,5.030109427827015,5fea,anti_homophones
8544,1,6,0,4,1,-5.3945838860259805,5.3945838860259805,djEs,anti_homophones
8545,1,17,1,3,1,-4.348106530512277,4.348106530512277,fR§,anti_homophones
8546,1,6,0,7,3,-5.967306919720821,5.967306919720821,lezasj§,anti_homophones
8547,1,8,1,4,2,-4.461978487462976,4.461978487462976,flue,anti_homophones
8548,1,0,0,10,4,-8.189437962779412,8.189437962779412,kaval@Zist,anti_homophones
8549,1,1,0,5,2,-5.521624196419846,5.521624196419846,REs2z,anti_homophones
8550,1,0,0,6,2,-6.154613741148717,6.154613741148717,uvRizm,anti_homophones
8551,1,0,0,6,2,-5.245116914588467,5.245116914588467,bjotik,anti_homophones
8552,1,9,0,5,2,-5.189995767152323,5.189995767152323,kRane,anti_homophones
8553,1,14,1,5,2,-4.356652711007736,4.356652711007736,peRik,anti_homophones
8554,1,7,0,5,3,-5.577789603947174,5.577789603947174,ovize,anti_homophones
8555,1,0,0,9,4,-9.65335266881378,9.65335266881378,toposediR,anti_homophones
8556,1,11,0,3,2,-4.714225290205112,4.714225290205112,Eso,anti_homophones
8557,1,0,0,8,3,-6.964589801139631,6.964589801139631,sypyRgan,anti_homophones
8558,1,1,0,5,3,-6.425643355891168,6.425643355891168,amiko,anti_homophones
8559,1,0,0,6,2,-7.209756112729954,7.209756112729954,fl@bak,anti_homophones
8560,1,6,1,5,2,-5.06087563195291,5.06087563195291,tuS9R,anti_homophones
8561,1,3,0,4,1,-5.440813634521531,5.440813634521531,gwas,anti_homophones
8562,1,1,0,8,3,-6.1366447840313905,6.1366447840313905,kRonisj§,anti_homophones
8563,1,0,0,10,4,-9.78138445476592,9.78138445476592,pERviRajaR,anti_homophones
8564,1,0,0,7,3,-6.985206338677107,6.985206338677107,5falsj§,anti_homophones
8565,1,9,2,4,1,-4.392593916426128,4.392593916426128,mwan,anti_homophones
8566,1,0,0,9,4,-7.331486882044702,7.331486882044702,bib°lOtik,anti_homophones
8567,1,19,2,3,1,-4.002232087441937,4.002232087441937,fwa,anti_homophones
8568,1,0,0,9,3,-8.592441238988561,8.592441238988561,spik@tabl,anti_homophones
8569,1,5,1,4,2,-4.937181513154439,4.937181513154439,ozj§,anti_homophones
8570,1,5,1,7,3,-5.168436734443708,5.168436734443708,vagasj§,anti_homophones
8571,1,0,0,15,6,-11.6887736486262,11.6887736486262,tSEstalonj2z°m@,anti_homophones
8572,1,0,0,14,6,-12.83615616095046,12.83615616095046,ZydeZislokonER,anti_homophones
8573,1,1,0,5,2,-5.238276737158716,5.238276737158716,os8El,anti_homophones
8574,1,14,1,4,2,-4.537538812280231,4.537538812280231,@tRi,anti_homophones
8575,1,2,1,6,2,-6.121237715748686,6.121237715748686,spORty,anti_homophones
8576,1,2,0,5,2,-5.789231835756673,5.789231835756673,R8iz@,anti_homophones
8577,1,0,0,12,5,-9.829438569743681,9.829438569743681,meljoRikylt@,anti_homophones
8578,1,4,1,6,3,-4.521572729157873,4.521572729157873,@tifje,anti_homophones
8579,1,1,0,7,3,-6.871010364760777,6.871010364760777,pRosis@,anti_homophones
8580,1,1,0,6,2,-6.247217635171153,6.247217635171153,suRs@s,anti_homophones
8581,1,1,0,6,2,-5.6034335193299665,5.6034335193299665,pERkl2,anti_homophones
8582,1,0,0,6,2,-6.215492973966602,6.215492973966602,l§tjER,anti_homophones
8583,1,0,0,7,3,-6.060358243830546,6.060358243830546,gaRnize,anti_homophones
8584,1,0,0,7,3,-7.960518927092922,7.960518927092922,pinagRe,anti_homophones
8585,1,0,0,7,3,-6.7874980954828885,6.7874980954828885,val@taZ,anti_homophones
8586,1,1,0,8,4,-5.974326614679238,5.974326614679238,mekalite,anti_homophones
8587,1,0,0,9,4,-6.8165153864209245,6.8165153864209245,pOlikylER,anti_homophones
8588,1,0,0,11,5,-9.608396874620677,9.608396874620677,dez5fORZ2le,anti_homophones
8589,1,5,1,5,3,-5.080191371343405,5.080191371343405,5pote,anti_homophones
8590,1,3,0,5,2,-6.820328087249623,6.820328087249623,SuRne,anti_homophones
8591,1,20,1,3,1,-4.382531224560996,4.382531224560996,REj,anti_homophones
8592,1,1,0,6,3,-6.162313147075094,6.162313147075094,R2tike,anti_homophones
8593,1,0,0,5,2,-5.134710544272113,5.134710544272113,v°dEn,anti_homophones
8594,1,2,0,5,2,-5.884245950797618,5.884245950797618,st@se,anti_homophones
8595,1,0,0,8,4,-8.771250434564754,8.771250434564754,deminyt5,anti_homophones
8596,1,10,1,4,2,-4.962012045594183,4.962012045594183,koR2,anti_homophones
8597,1,0,0,8,3,-9.23362782157696,9.23362782157696,botylaRd,anti_homophones
8598,1,0,0,10,4,-7.35807200820818,7.35807200820818,ps2donisj§,anti_homophones
8599,1,5,1,5,2,-4.988589051516732,4.988589051516732,R°n@s,anti_homophones
8600,1,1,1,8,3,-5.123658213536984,5.123658213536984,paRlat9R,anti_homophones
8601,1,0,0,6,2,-6.487236697272177,6.487236697272177,tR@bad,anti_homophones
8602,1,0,0,6,3,-5.240575569146847,5.240575569146847,magoZi,anti_homophones
8603,1,0,0,11,5,-7.510708527638882,7.510708527638882,v@peRizasj§,anti_homophones
8604,1,0,0,8,3,-5.916750016803798,5.916750016803798,dep@sabl,anti_homophones
8605,1,0,0,10,5,-9.802823493331257,9.802823493331257,b2zofetikE,anti_homophones
8606,1,4,1,6,2,-5.124694146354281,5.124694146354281,paRjOm,anti_homophones
8607,1,7,0,5,2,-5.119872673323624,5.119872673323624,fizje,anti_homophones
8608,1,5,1,5,2,-5.441060258685596,5.441060258685596,b@dOR,anti_homophones
8609,1,0,0,14,6,-13.463488480627785,13.463488480627785,RinEskaRitoRj5,anti_homophones
8610,1,1,0,6,2,-6.736212809005973,6.736212809005973,segRad,anti_homophones
8611,1,8,0,4,2,-6.097927051272865,6.097927051272865,big@,anti_homophones
8612,1,0,0,7,3,-8.434782399565176,8.434782399565176,@blafuj,anti_homophones
8613,1,19,0,3,1,-4.849181241636697,4.849181241636697,Sim,anti_homophones
8614,1,0,0,7,3,-8.019461957081562,8.019461957081562,piplOik,anti_homophones
8615,1,13,0,4,2,-5.098490598888379,5.098490598888379,aRbi,anti_homophones
8616,1,36,2,3,1,-3.831980320903865,3.831980320903865,min,anti_homophones
8617,1,1,0,7,3,-6.815398965881779,6.815398965881779,selisj5,anti_homophones
8618,1,6,1,5,1,-4.619604221563261,4.619604221563261,kRwaR,anti_homophones
8619,1,0,0,14,5,-12.771583308646797,12.771583308646797,k5ktilitEknist,anti_homophones
8620,1,0,0,13,5,-12.19257839961401,12.19257839961401,tERZesjonaRde,anti_homophones
8621,1,1,1,5,3,-5.7185482561368834,5.7185482561368834,eRyze,anti_homophones
8622,1,0,0,15,6,-12.216656494128967,12.216656494128967,fedeNasjOlOZist,anti_homophones
8623,1,4,0,4,1,-6.204342141872855,6.204342141872855,Rits,anti_homophones
8624,1,0,0,8,4,-7.842415418740483,7.842415418740483,galilize,anti_homophones
8625,1,0,0,6,3,-7.021285681521627,7.021285681521627,petoRa,anti_homophones
8626,1,12,1,4,2,-5.000691220405564,5.000691220405564,Romi,anti_homophones
8627,1,0,0,9,4,-7.829174999564447,7.829174999564447,kloRabije,anti_homophones
8628,1,0,0,15,6,-12.620970345350274,12.620970345350274,dZinasjonabisj§,anti_homophones
8629,1,6,1,4,1,-5.506983275635851,5.506983275635851,RajS,anti_homophones
8630,1,0,0,10,4,-8.122662847909089,8.122662847909089,b§baRisabl,anti_homophones
8631,1,0,0,7,3,-7.112940271260268,7.112940271260268,Eksipje,anti_homophones
8632,1,0,0,11,5,-12.553054154527324,12.553054154527324,ZiRoneonjEz,anti_homophones
8633,1,0,0,9,3,-7.258388925457821,7.258388925457821,ZystRisj§,anti_homophones
8634,1,0,0,11,6,-10.031994255814489,10.031994255814489,@f@tasmaeRo,anti_homophones
8635,1,9,0,4,1,-5.440947111293193,5.440947111293193,stiZ,anti_homophones
8636,1,0,0,7,2,-5.9771035122952805,5.9771035122952805,plyvjoz,anti_homophones
8637,1,1,1,7,3,-5.1449409884755894,5.1449409884755894,flOt°m@,anti_homophones
8638,1,2,0,5,2,-5.187561164923181,5.187561164923181,ef5dR,anti_homophones
8639,1,0,0,9,4,-10.140940259857569,10.140940259857569,et5stazj5,anti_homophones
8640,1,0,0,6,3,-7.525191313947255,7.525191313947255,pipEle,anti_homophones
8641,1,0,0,12,6,-8.967702938299599,8.967702938299599,Samatinalite,anti_homophones
8642,1,0,0,9,4,-10.375895239852506,10.375895239852506,velofityl,anti_homophones
8643,1,1,0,6,2,-7.662612907418619,7.662612907418619,pladze,anti_homophones
8644,1,34,0,2,1,-4.568514237754525,4.568514237754525,R@,anti_homophones
8645,1,1,0,5,2,-6.261438386058387,6.261438386058387,R°nif,anti_homophones
8646,1,8,0,4,1,-4.422089641528265,4.422089641528265,bl@s,anti_homophones
8647,1,0,0,8,3,-5.641299982909131,5.641299982909131,5st5ktif,anti_homophones
8648,1,0,0,14,6,-14.39023927676145,14.39023927676145,deb@dolaRtadjo,anti_homophones
8649,1,16,0,6,3,-4.536847443520681,4.536847443520681,REs°m@,anti_homophones
8650,1,1,1,7,4,-6.220835123796023,6.220835123796023,SuSute§,anti_homophones
8651,1,1,0,7,3,-6.373270320636914,6.373270320636914,golwaj@,anti_homophones
8652,1,27,2,3,1,-4.16901998986126,4.16901998986126,lam,anti_homophones
8653,1,16,1,4,2,-4.67846795504815,4.67846795504815,mese,anti_homophones
8654,1,4,0,4,1,-5.230555240609981,5.230555240609981,StaR,anti_homophones
8655,1,10,2,3,1,-4.4210952099716545,4.4210952099716545,gw5,anti_homophones
8656,1,0,0,10,4,-10.184164811854098,10.184164811854098,fORdyRsonE,anti_homophones
8657,1,0,0,13,6,-11.142374587147478,11.142374587147478,@tonasupsonEt,anti_homophones
8658,1,2,0,7,3,-5.178801774906752,5.178801774906752,sovat9R,anti_homophones
8659,1,1,0,5,2,-5.7118206685573245,5.7118206685573245,fRagE,anti_homophones
8660,1,4,0,4,1,-4.893597349403028,4.893597349403028,pjaj,anti_homophones
8661,1,6,0,5,2,-5.644143727606714,5.644143727606714,polat,anti_homophones
8662,1,0,0,13,6,-10.961827535879099,10.961827535879099,ekOtSe5stasj§,anti_homophones
8663,1,0,0,6,2,-5.374166084842188,5.374166084842188,k§sp8e,anti_homophones
8664,1,5,1,3,2,-4.5752077514697,4.5752077514697,Zeo,anti_homophones
8665,1,0,0,8,4,-7.180652556001012,7.180652556001012,otopRote,anti_homophones
8666,1,2,0,5,2,-5.420750292272499,5.420750292272499,pitif,anti_homophones
8667,1,0,0,9,4,-8.040615317848495,8.040615317848495,R°Z5bRije,anti_homophones
8668,1,1,0,9,4,-6.8115540994373855,6.8115540994373855,fatibl°m@,anti_homophones
8669,1,0,0,10,5,-9.684035628381059,9.684035628381059,emodEstope,anti_homophones
8670,1,17,1,3,1,-4.696772375975649,4.696772375975649,ZaZ,anti_homophones
8671,1,3,0,6,2,-5.014537889979315,5.014537889979315,telist,anti_homophones
8672,1,0,0,7,3,-7.123839712909477,7.123839712909477,alteR5t,anti_homophones
8673,1,4,1,5,3,-4.856240281303478,4.856240281303478,5koRe,anti_homophones
8674,1,0,0,12,6,-10.54957040849755,10.54957040849755,sypoRozelize,anti_homophones
8675,1,0,0,12,5,-12.34459481054004,12.34459481054004,R°lavERs@dR5,anti_homophones
8676,1,0,1,7,3,-4.397440997141338,4.397440997141338,p2pl°m@,anti_homophones
8677,1,0,0,11,5,-10.551978487345393,10.551978487345393,s5pastim@S§,anti_homophones
8678,1,38,2,3,1,-3.5810647733080776,3.5810647733080776,saR,anti_homophones
8679,1,5,0,3,1,-7.056177583937675,7.056177583937675,dR°,anti_homophones
8680,1,0,0,8,3,-7.11834232262527,7.11834232262527,mefaktif,anti_homophones
8681,1,0,0,11,5,-10.36232749601942,10.36232749601942,apRimaZedja,anti_homophones
8682,1,0,0,9,4,-8.346697872470106,8.346697872470106,fokopat9R,anti_homophones
8683,1,0,0,5,2,-6.540747823389294,6.540747823389294,safRo,anti_homophones
8684,1,4,0,6,2,-5.069949012469945,5.069949012469945,fORtaZ,anti_homophones
8685,1,0,0,16,6,-12.100644553364853,12.100644553364853,buRsufletR@sk°m@,anti_homophones
8686,1,2,0,7,3,-6.2448493875750515,6.2448493875750515,kRos°m@,anti_homophones
8687,1,0,0,9,4,-9.303787748970079,9.303787748970079,vokaladOk,anti_homophones
8688,1,1,0,5,2,-6.129395959211525,6.129395959211525,magat,anti_homophones
8689,1,0,0,9,4,-8.996174801544727,8.996174801544727,matRapoze,anti_homophones
8690,1,19,1,3,2,-4.397197571953432,4.397197571953432,ad§,anti_homophones
8691,1,1,0,5,2,-5.395504121922721,5.395504121922721,tR@SE,anti_homophones
8692,1,0,0,11,5,-9.94943818215931,9.94943818215931,sekRapijone,anti_homophones
8693,1,19,2,3,1,-4.598105796600658,4.598105796600658,nil,anti_homophones
8694,1,2,0,6,3,-6.352734558266779,6.352734558266779,Rut°le,anti_homophones
8695,1,8,0,5,2,-5.004107562596504,5.004107562596504,degal,anti_homophones
8696,1,1,0,7,3,-7.497253703090822,7.497253703090822,tERnEt2,anti_homophones
8697,1,3,0,7,3,-5.643952294217227,5.643952294217227,denat9R,anti_homophones
8698,1,4,1,6,2,-4.157445200902984,4.157445200902984,buRZwa,anti_homophones
8699,1,0,0,6,3,-7.1089026205426,7.1089026205426,felef@,anti_homophones
8700,1,3,0,7,3,-6.708468490135653,6.708468490135653,fwaRite,anti_homophones
8701,1,0,0,8,4,-9.370515499283194,9.370515499283194,ZybilaZo,anti_homophones
8702,1,0,0,8,4,-6.621997309844348,6.621997309844348,aRbat°m@,anti_homophones
8703,1,0,0,8,4,-7.9195924071790404,7.9195924071790404,Revidate,anti_homophones
8704,1,0,0,13,5,-8.218258497406767,8.218258497406767,tROspEktivite,anti_homophones
8705,1,1,1,6,3,-5.343674139601455,5.343674139601455,bib°lE,anti_homophones
8706,1,23,1,3,1,-4.675032593107657,4.675032593107657,Rig,anti_homophones
8707,1,0,0,10,4,-8.052378667371961,8.052378667371961,paRav@sjER,anti_homophones
8708,1,1,0,7,2,-6.294759824858046,6.294759824858046,plastyR,anti_homophones
8709,1,7,0,7,3,-5.2660218687141835,5.2660218687141835,kotasj§,anti_homophones
8710,1,0,0,6,3,-5.828110416315012,5.828110416315012,eminER,anti_homophones
8711,1,0,0,9,5,-9.872992575552194,9.872992575552194,ameRiliGo,anti_homophones
8712,1,0,0,10,5,-6.9139659586657265,6.9139659586657265,vapolik°m@,anti_homophones
8713,1,0,0,9,4,-7.860163362105215,7.860163362105215,gamisjone,anti_homophones
8714,1,0,0,8,3,-7.7088204520833115,7.7088204520833115,5skRimat,anti_homophones
8715,1,0,0,8,3,-8.280448991844727,8.280448991844727,Revid8aZ,anti_homophones
8716,1,2,0,5,2,-4.729035968537315,4.729035968537315,k§pli,anti_homophones
8717,1,0,0,9,4,-6.688813365685123,6.688813365685123,k§fiRm°Ri,anti_homophones
8718,1,0,0,8,3,-8.693327097285557,8.693327097285557,kanapsyl,anti_homophones
8719,1,4,0,5,3,-4.972598465070231,4.972598465070231,5sipe,anti_homophones
8720,1,33,1,3,1,-4.510011651141929,4.510011651141929,las,anti_homophones
8721,1,0,0,11,5,-8.925367478234431,8.925367478234431,kaptamEl°m@,anti_homophones
8722,1,1,0,6,4,-5.911594062351132,5.911594062351132,@bRuaa,anti_homophones
8723,1,9,1,9,4,-4.212882184055152,4.212882184055152,kalizasj§,anti_homophones
8724,1,8,1,5,2,-4.175711973325672,4.175711973325672,k§tin,anti_homophones
8725,1,0,0,8,4,-8.272391690808215,8.272391690808215,RalEl°Ri,anti_homophones
8726,1,0,0,11,4,-6.611264735589435,6.611264735589435,kRwajabl°m@,anti_homophones
8727,1,0,0,10,4,-10.46752144908647,10.46752144908647,bizERtygEz,anti_homophones
8728,1,1,0,6,3,-6.166297248857544,6.166297248857544,t2ton2,anti_homophones
8729,1,6,0,6,3,-4.450539541326613,4.450539541326613,kOl°m@,anti_homophones
8730,1,2,0,6,3,-5.4052565367427645,5.4052565367427645,elEkse,anti_homophones
8731,1,4,1,4,2,-4.838696110719004,4.838696110719004,Esp5,anti_homophones
8732,1,7,0,5,3,-4.884823482931452,4.884823482931452,al°Ri,anti_homophones
8733,1,0,0,13,6,-12.359102659412416,12.359102659412416,ymEskizofin@s,anti_homophones
8734,1,0,0,9,4,-10.160980025088067,10.160980025088067,obyskadin,anti_homophones
8735,1,5,1,7,3,-4.807377153145494,4.807377153145494,R°nasj§,anti_homophones
8736,1,0,0,8,4,-8.028042173147826,8.028042173147826,5sEs@s9R,anti_homophones
8737,1,1,0,5,1,-5.481274674404889,5.481274674404889,tREnS,anti_homophones
8738,1,0,0,9,4,-8.814465238353066,8.814465238353066,ekOmkanal,anti_homophones
8739,1,12,1,4,2,-4.289969301464243,4.289969301464243,vaze,anti_homophones
8740,1,0,0,8,4,-9.30991726847064,9.30991726847064,bisikozi,anti_homophones
8741,1,9,0,4,2,-4.9129220420394475,4.9129220420394475,siR§,anti_homophones
8742,1,2,0,4,1,-5.242944460362538,5.242944460362538,bl5g,anti_homophones
8743,1,0,0,11,5,-8.907266336424996,8.907266336424996,batRemoloZi,anti_homophones
8744,1,0,0,13,6,-9.060542082635447,9.060542082635447,myfokalizasj§,anti_homophones
8745,1,1,0,8,4,-6.506805109950514,6.506805109950514,seRER°m@,anti_homophones
8746,1,0,0,10,5,-9.386835275343621,9.386835275343621,R°maSEv°n@,anti_homophones
8747,1,0,0,8,4,-6.471018186869605,6.471018186869605,piZonite,anti_homophones
8748,1,5,0,4,2,-4.626549696524191,4.626549696524191,guvE,anti_homophones
8749,1,3,1,7,3,-4.394958507511791,4.394958507511791,elEkt9R,anti_homophones
8750,1,2,0,7,3,-5.280233776807632,5.280233776807632,tRijote,anti_homophones
8751,1,0,0,6,2,-5.772426628239215,5.772426628239215,spiRil,anti_homophones
8752,1,3,0,6,3,-6.00018846101277,6.00018846101277,d°vile,anti_homophones
8753,1,0,0,9,4,-9.776392703558397,9.776392703558397,sykylt@d@,anti_homophones
8754,1,0,0,7,3,-7.280418943883294,7.280418943883294,eplyman,anti_homophones
8755,1,8,0,4,2,-5.1083331936496945,5.1083331936496945,@bRa,anti_homophones
8756,1,6,0,6,2,-5.0383176615319245,5.0383176615319245,kaRsj§,anti_homophones
8757,1,0,0,10,4,-11.24459251476624,11.24459251476624,bybj5n2tRe,anti_homophones
8758,1,24,0,3,1,-4.030376263412868,4.030376263412868,pyR,anti_homophones
8759,1,5,0,4,2,-4.971122938746158,4.971122938746158,utRe,anti_homophones
8760,1,0,0,15,5,-12.437586379319077,12.437586379319077,kRipERklwazinj5,anti_homophones
8761,1,0,0,6,3,-6.372232810969975,6.372232810969975,balEZe,anti_homophones
8762,1,0,0,12,5,-8.75261930250415,8.75261930250415,sovaZEstasj§,anti_homophones
8763,1,1,0,6,2,-5.47367056567395,5.47367056567395,milj@s,anti_homophones
8764,1,0,0,7,2,-6.031339590729817,6.031339590729817,vjalist,anti_homophones
8765,1,12,0,7,3,-5.018511792435869,5.018511792435869,balasj§,anti_homophones
8766,1,11,0,4,2,-4.543995652886482,4.543995652886482,etuR,anti_homophones
8767,1,0,0,9,4,-6.247770397746772,6.247770397746772,pRijoloZi,anti_homophones
8768,1,20,2,4,1,-3.964745080468311,3.964745080468311,pREs,anti_homophones
8769,1,4,0,6,2,-5.989851487424553,5.989851487424553,latist,anti_homophones
8770,1,16,3,3,1,-3.557668530880295,3.557668530880295,tR§,anti_homophones
8771,1,0,0,5,2,-7.365660415201672,7.365660415201672,medOg,anti_homophones
8772,1,9,1,3,2,-4.596387180888278,4.596387180888278,iR2,anti_homophones
8773,1,3,1,6,3,-5.058438980553846,5.058438980553846,minize,anti_homophones
8774,1,0,0,7,2,-7.252894489061242,7.252894489061242,tRoZist,anti_homophones
8775,1,0,0,6,3,-7.633763736992972,7.633763736992972,fatadE,anti_homophones
8776,1,0,0,9,4,-6.208680709752856,6.208680709752856,fymidasj§,anti_homophones
8777,1,5,0,5,2,-5.205721372560155,5.205721372560155,luRdi,anti_homophones
8778,1,0,0,14,5,-9.353447030242766,9.353447030242766,pRefORmonomEtR,anti_homophones
8779,1,0,0,9,4,-6.071109076323529,6.071109076323529,meditasj§,anti_homophones
8780,1,9,2,4,2,-4.642452296067998,4.642452296067998,syme,anti_homophones
8781,1,3,0,5,2,-5.629740106736575,5.629740106736575,futRa,anti_homophones
8782,1,0,0,10,5,-8.781021711230931,8.781021711230931,ZyR@tER°m@,anti_homophones
8783,1,0,0,10,5,-10.933397680668719,10.933397680668719,ametRonuRi,anti_homophones
8784,1,2,0,6,3,-5.77393397781466,5.77393397781466,at@t9R,anti_homophones
8785,1,13,0,4,2,-4.435933383792621,4.435933383792621,tize,anti_homophones
8786,1,3,0,5,2,-5.668379727617683,5.668379727617683,sibEl,anti_homophones
8787,1,0,0,7,3,-7.921538914126382,7.921538914126382,galidak,anti_homophones
8788,1,0,0,12,5,-9.709107592029776,9.709107592029776,fadapt@pl°m@,anti_homophones
8789,1,0,0,5,3,-6.016785780299248,6.016785780299248,ibuji,anti_homophones
8790,1,15,1,3,2,-3.9239079175500935,3.9239079175500935,@do,anti_homophones
8791,1,4,1,5,2,-5.564383295610524,5.564383295610524,tital,anti_homophones
8792,1,17,2,3,1,-4.459365184749111,4.459365184749111,mOt,anti_homophones
8793,1,0,0,6,3,-6.9819716773178,6.9819716773178,f°zaZa,anti_homophones
8794,1,6,0,5,2,-5.3689665833848395,5.3689665833848395,psine,anti_homophones
8795,1,21,0,3,1,-4.5807559505645585,4.5807559505645585,baf,anti_homophones
8796,1,1,0,5,2,-6.398379926613217,6.398379926613217,g9lwe,anti_homophones
8797,1,1,0,7,3,-6.659198310912394,6.659198310912394,@tRolik,anti_homophones
8798,1,0,0,14,6,-12.821052440532567,12.821052440532567,pR5t@poRatiliR,anti_homophones
8799,1,4,0,5,2,-5.075675290922692,5.075675290922692,pRoga,anti_homophones
8800,1,4,2,5,2,-4.533627881129407,4.533627881129407,k§kEt,anti_homophones
8801,1,5,1,5,3,-5.671583490813454,5.671583490813454,iRemi,anti_homophones
8802,1,5,0,5,2,-5.295638606785318,5.295638606785318,manja,anti_homophones
8803,1,0,0,8,3,-6.848435737975138,6.848435737975138,baRbityl,anti_homophones
8804,1,4,0,5,2,-5.875995972774913,5.875995972774913,metit,anti_homophones
8805,1,0,0,7,3,-6.314896645879584,6.314896645879584,balifik,anti_homophones
8806,1,0,0,6,3,-5.084911036237319,5.084911036237319,difyze,anti_homophones
8807,1,4,0,4,1,-5.7082004726565625,5.7082004726565625,nORg,anti_homophones
8808,1,0,0,14,6,-11.282195235885268,11.282195235885268,deplyminubaRbo,anti_homophones
8809,1,0,0,8,3,-6.994259450190936,6.994259450190936,k§stit8@,anti_homophones
8810,1,0,0,8,4,-9.358530329447353,9.358530329447353,salaloRE,anti_homophones
8811,1,0,0,8,3,-8.74196013412303,8.74196013412303,Zakpomje,anti_homophones
8812,1,3,0,5,2,-5.527363457209297,5.527363457209297,Rabin,anti_homophones
8813,1,0,0,8,3,-8.171525341479333,8.171525341479333,ispRijER,anti_homophones
8814,1,2,0,6,3,-5.312117341434891,5.312117341434891,inoZEn,anti_homophones
8815,1,4,0,6,2,-4.810715459291216,4.810715459291216,gR°niR,anti_homophones
8816,1,0,0,8,3,-6.137377889744163,6.137377889744163,maRSitEn,anti_homophones
8817,1,0,0,10,5,-9.358894356564466,9.358894356564466,5tERnas°la,anti_homophones
8818,1,2,0,6,3,-5.61572005382403,5.61572005382403,akRose,anti_homophones
8819,1,9,0,4,1,-5.83685266353761,5.83685266353761,fEtR,anti_homophones
8820,1,0,0,10,4,-9.53269764837468,9.53269764837468,skanigR°m@,anti_homophones
8821,1,4,0,6,2,-5.082520293858897,5.082520293858897,5plist,anti_homophones
8822,1,0,0,7,3,-6.126911270725615,6.126911270725615,@mERd9R,anti_homophones
8823,1,0,0,7,3,-7.0083449449181705,7.0083449449181705,fERl°Ri,anti_homophones
8824,1,1,0,7,2,-5.088304523828727,5.088304523828727,pERsibl,anti_homophones
8825,1,2,0,7,3,-5.6450187530686735,5.6450187530686735,s5kRoSe,anti_homophones
8826,1,0,0,11,5,-8.780809633706877,8.780809633706877,R°tRaikasj§,anti_homophones
8827,1,26,0,3,2,-4.851132174653764,4.851132174653764,al5,anti_homophones
8828,1,0,0,6,2,-6.618206373306613,6.618206373306613,mepRum,anti_homophones
8829,1,0,0,7,3,-6.278672289142957,6.278672289142957,klop9Re,anti_homophones
8830,1,1,0,7,3,-7.303451642052618,7.303451642052618,ptim°m@,anti_homophones
8831,1,3,0,6,3,-5.5192420037751,5.5192420037751,kologe,anti_homophones
8832,1,0,0,7,3,-11.073268538372979,11.073268538372979,pejEglo,anti_homophones
8833,1,0,0,10,4,-8.317463532295879,8.317463532295879,klikidat9R,anti_homophones
8834,1,1,0,5,2,-6.250283870666311,6.250283870666311,kRony,anti_homophones
8835,1,2,0,6,3,-5.569628799354097,5.569628799354097,@tidit,anti_homophones
8836,1,0,0,12,4,-9.077899188501997,9.077899188501997,stR8isizasj§,anti_homophones
8837,1,1,0,9,4,-5.796012799749965,5.796012799749965,R°tabl°m@,anti_homophones
8838,1,0,0,8,3,-7.877862993660404,7.877862993660404,@tRakl@S,anti_homophones
8839,1,30,0,3,1,-4.889383701907442,4.889383701907442,Rip,anti_homophones
8840,1,1,0,6,3,-5.884880602321937,5.884880602321937,5pynil,anti_homophones
8841,1,0,0,15,6,-14.466201588372952,14.466201588372952,laksEsteRim°tiG,anti_homophones
8842,1,8,0,5,1,-4.7593382907499135,4.7593382907499135,plasm,anti_homophones
8843,1,0,0,9,4,-7.9005940398617,7.9005940398617,polinwaze,anti_homophones
8844,1,0,0,14,6,-7.136597560332289,7.136597560332289,gRafikasj2z°m@,anti_homophones
8845,1,14,1,3,1,-4.582152885956065,4.582152885956065,vyl,anti_homophones
8846,1,0,0,7,3,-7.21442563182753,7.21442563182753,etERfoz,anti_homophones
8847,1,0,0,9,4,-10.100284951676297,10.100284951676297,p§dRikide,anti_homophones
8848,1,0,0,11,5,-7.309291488207929,7.309291488207929,biz§tabl°m@,anti_homophones
8849,1,0,0,11,5,-7.833247759069831,7.833247759069831,aRmisjOn°m@,anti_homophones
8850,1,0,0,11,5,-8.46906487108713,8.46906487108713,distamilite,anti_homophones
8851,1,16,1,5,3,-4.518062817038107,4.518062817038107,oRite,anti_homophones
8852,1,3,1,6,3,-5.732740821448427,5.732740821448427,admina,anti_homophones
8853,1,9,2,5,2,-4.385164514606322,4.385164514606322,kotje,anti_homophones
8854,1,0,0,10,4,-8.433901774605628,8.433901774605628,tR@buRd5ge,anti_homophones
8855,1,5,0,5,2,-5.011530105545462,5.011530105545462,gloRe,anti_homophones
8856,1,0,0,10,4,-10.609148426515647,10.609148426515647,Ostjaninwa,anti_homophones
8857,1,0,0,7,3,-7.24249032540333,7.24249032540333,amORj@s,anti_homophones
8858,1,4,0,5,2,-6.193034004644696,6.193034004644696,baRgE,anti_homophones
8859,1,0,0,15,6,-11.14733859225671,11.14733859225671,koRypt°nER°mEtR,anti_homophones
8860,1,0,0,9,4,-7.5067218410188,7.5067218410188,Zenilitik,anti_homophones
8861,1,2,1,5,2,-4.754237725292436,4.754237725292436,oblik,anti_homophones
8862,1,0,0,6,2,-6.199230363079361,6.199230363079361,t§dist,anti_homophones
8863,1,2,0,5,2,-5.93320055335183,5.93320055335183,8ilj5,anti_homophones
8864,1,3,0,5,2,-5.412231893537522,5.412231893537522,Rival,anti_homophones
8865,1,6,0,6,2,-5.704689416538649,5.704689416538649,dimEtR,anti_homophones
8866,1,1,0,6,3,-6.5786313488006405,6.5786313488006405,Ridike,anti_homophones
8867,1,4,1,5,2,-4.735569986835259,4.735569986835259,seROl,anti_homophones
8868,1,2,0,5,2,-5.363812113786501,5.363812113786501,@tROf,anti_homophones
8869,1,1,0,6,3,-6.467690261256839,6.467690261256839,avokal,anti_homophones
8870,1,0,0,10,5,-9.013163176066932,9.013163176066932,@tilyvjol@,anti_homophones
8871,1,7,1,5,2,-4.985511239834881,4.985511239834881,volOg,anti_homophones
8872,1,11,1,5,2,-4.517176069121959,4.517176069121959,pRes@,anti_homophones
8873,1,1,0,5,3,-5.995090550146688,5.995090550146688,amaR§,anti_homophones
8874,1,0,0,13,6,-8.427858505100978,8.427858505100978,dekapitwaz°m@,anti_homophones
8875,1,15,0,3,2,-5.251432663030814,5.251432663030814,oma,anti_homophones
8876,1,0,0,8,3,-6.083827253072964,6.083827253072964,siRk§sj@,anti_homophones
8877,1,0,0,9,3,-8.542238700597995,8.542238700597995,fR@kaRkiG,anti_homophones
8878,1,1,0,6,3,-7.467947399012188,7.467947399012188,nomoZe,anti_homophones
8879,1,4,1,4,2,-4.553507713769742,4.553507713769742,iNOl,anti_homophones
8880,1,3,1,5,2,-5.016911337908336,5.016911337908336,pusj2,anti_homophones
8881,1,8,0,4,2,-4.864821153079705,4.864821153079705,ful§,anti_homophones
8882,1,22,0,3,1,-4.673047155121177,4.673047155121177,viS,anti_homophones
8883,1,0,0,12,6,-11.873252012162267,11.873252012162267,amizOt°m@taR,anti_homophones
8884,1,3,0,6,3,-6.589198192418082,6.589198192418082,2RofOn,anti_homophones
8885,1,14,1,3,1,-4.757380286612294,4.757380286612294,sup,anti_homophones
8886,1,0,0,5,1,-5.857768830120817,5.857768830120817,SaRbR,anti_homophones
8887,1,3,1,5,2,-5.397626756067398,5.397626756067398,volER,anti_homophones
8888,1,4,0,5,2,-5.481137200442086,5.481137200442086,bavwe,anti_homophones
8889,1,12,0,4,1,-4.540038156448434,4.540038156448434,syRf,anti_homophones
8890,1,0,0,9,4,-8.165918672373785,8.165918672373785,asinamizm,anti_homophones
8891,1,4,0,7,2,-5.672300305942079,5.672300305942079,pRaksj§,anti_homophones
8892,1,0,0,10,4,-11.284962631841388,11.284962631841388,mytanevylv,anti_homophones
8893,1,0,0,8,3,-7.0767814403527245,7.0767814403527245,feseswaR,anti_homophones
8894,1,1,0,8,4,-5.7253789883260735,5.7253789883260735,@kylasj§,anti_homophones
8895,1,1,0,8,4,-6.913636628212217,6.913636628212217,avwazone,anti_homophones
8896,1,2,1,4,2,-4.438802438238728,4.438802438238728,m§go,anti_homophones
8897,1,21,0,3,1,-4.44054380102946,4.44054380102946,bEz,anti_homophones
8898,1,9,1,4,2,-4.394759631720887,4.394759631720887,Rigo,anti_homophones
8899,1,0,0,12,5,-7.255258794896329,7.255258794896329,naRkalizasj§,anti_homophones
8900,1,0,0,7,3,-7.029309267931138,7.029309267931138,bokside,anti_homophones
8901,1,0,0,10,4,-9.02715355918859,9.02715355918859,@pR5sonjal,anti_homophones
8902,1,3,0,6,3,-5.407346297962886,5.407346297962886,telese,anti_homophones
8903,1,2,0,6,2,-5.666242900335156,5.666242900335156,gR5gle,anti_homophones
8904,1,1,0,6,3,-5.6917586710234715,5.6917586710234715,peneR2,anti_homophones
8905,1,3,0,6,3,-5.954226409145213,5.954226409145213,RefeRi,anti_homophones
8906,1,0,0,11,5,-9.571782682725775,9.571782682725775,k§dilatiS9R,anti_homophones
8907,1,1,0,6,3,-5.9744528713145115,5.9744528713145115,@tiRal,anti_homophones
8908,1,12,0,4,2,-4.768800019347006,4.768800019347006,azaZ,anti_homophones
8909,1,0,0,8,4,-9.14097550208989,9.14097550208989,lot@taRi,anti_homophones
8910,1,7,0,5,2,-5.0073658538440515,5.0073658538440515,dekR@,anti_homophones
8911,1,2,1,5,2,-4.75010807028546,4.75010807028546,bigOt,anti_homophones
8912,1,19,0,3,1,-4.778760451100958,4.778760451100958,som,anti_homophones
8913,1,2,0,6,2,-6.774459252916197,6.774459252916197,t@plad,anti_homophones
8914,1,10,1,4,2,-4.459173358829566,4.459173358829566,flye,anti_homophones
8915,1,0,0,8,4,-8.925850186701666,8.925850186701666,R°vulaSe,anti_homophones
8916,1,3,0,5,2,-6.022014016193318,6.022014016193318,divOl,anti_homophones
8917,1,6,0,6,3,-4.630810721789004,4.630810721789004,sEN°m@,anti_homophones
8918,1,5,0,4,2,-4.737976193617146,4.737976193617146,b°ze,anti_homophones
8919,1,0,0,10,4,-10.207912380088533,10.207912380088533,putRemotaZ,anti_homophones
8920,1,22,2,4,1,-3.8241542943085904,3.8241542943085904,fRik,anti_homophones
8921,1,7,1,7,2,-4.83389338753868,4.83389338753868,kRatwaR,anti_homophones
8922,1,5,0,5,2,-4.631775105500771,4.631775105500771,s@s9R,anti_homophones
8923,1,2,2,7,3,-3.961798322681732,3.961798322681732,k§tR°m@,anti_homophones
8924,1,0,0,8,3,-7.825778101855638,7.825778101855638,2kstatif,anti_homophones
8925,1,0,0,8,4,-9.585626791403493,9.585626791403493,gatiRigo,anti_homophones
8926,1,21,2,3,1,-4.424521842470568,4.424521842470568,liv,anti_homophones
8927,1,22,0,4,2,-4.792090602905558,4.792090602905558,gole,anti_homophones
8928,1,5,1,3,1,-4.711588722867298,4.711588722867298,Rw@,anti_homophones
8929,1,3,0,6,3,-6.142393535351951,6.142393535351951,filog@,anti_homophones
8930,1,0,0,9,4,-8.950539901372306,8.950539901372306,ReaR@tREn,anti_homophones
8931,1,5,0,6,3,-6.350070928716011,6.350070928716011,ivERn@,anti_homophones
8932,1,0,0,8,3,-7.483673052402655,7.483673052402655,klamifyZ,anti_homophones
8933,1,9,0,4,2,-5.489025610186468,5.489025610186468,aRab,anti_homophones
8934,1,0,0,5,2,-6.7563449944061,6.7563449944061,badZE,anti_homophones
8935,1,3,0,5,2,-5.92178184683213,5.92178184683213,mykyl,anti_homophones
8936,1,7,2,4,2,-4.594135054379101,4.594135054379101,diso,anti_homophones
8937,1,0,0,6,3,-7.315420780741716,7.315420780741716,5kaRub,anti_homophones
8938,1,20,1,3,1,-4.229957930611349,4.229957930611349,Zim,anti_homophones
8939,1,0,0,13,6,-11.056710092062163,11.056710092062163,demoRyptimyl@,anti_homophones
8940,1,11,1,4,2,-4.810934260679186,4.810934260679186,k§bi,anti_homophones
8941,1,0,0,11,4,-7.6570470663472845,7.6570470663472845,sypERfastik,anti_homophones
8942,1,1,0,5,2,-5.514889127752593,5.514889127752593,m°naR,anti_homophones
8943,1,1,0,6,3,-6.264987485227411,6.264987485227411,kaS°ta,anti_homophones
8944,1,16,0,4,2,-5.5285036886219485,5.5285036886219485,Rid@,anti_homophones
8945,1,3,0,6,3,-5.846730018814329,5.846730018814329,@kORd@,anti_homophones
8946,1,13,1,4,2,-4.766141795755649,4.766141795755649,filu,anti_homophones
8947,1,10,0,4,2,-5.074784865283061,5.074784865283061,sepa,anti_homophones
8948,1,20,2,4,2,-4.079891724809578,4.079891724809578,R°le,anti_homophones
8949,1,3,0,8,4,-6.597016990888724,6.597016990888724,ER@tasj§,anti_homophones
8950,1,0,0,8,3,-7.301191120416853,7.301191120416853,myltikER,anti_homophones
8951,1,0,0,12,5,-10.41897882647836,10.41897882647836,madaptibOgaZ,anti_homophones
8952,1,0,1,8,4,-6.175920854502219,6.175920854502219,gaREn°m@,anti_homophones
8953,1,1,0,6,2,-5.720979255742152,5.720979255742152,baREtR,anti_homophones
8954,1,0,0,10,4,-9.218826169596646,9.218826169596646,vibRijaRSe,anti_homophones
8955,1,19,1,4,2,-4.36066581946961,4.36066581946961,k§pe,anti_homophones
8956,1,15,2,4,1,-4.367859766801794,4.367859766801794,stif,anti_homophones
8957,1,3,0,4,1,-5.3956968197266235,5.3956968197266235,d8al,anti_homophones
8958,1,15,0,3,1,-4.50229809033444,4.50229809033444,vEk,anti_homophones
8959,1,5,0,6,3,-5.57284765163669,5.57284765163669,tonite,anti_homophones
8960,1,6,0,5,2,-5.272350371836165,5.272350371836165,desin,anti_homophones
8961,1,8,1,5,2,-4.6317476452800035,4.6317476452800035,medit,anti_homophones
8962,1,12,1,4,2,-5.073229045428912,5.073229045428912,l@Ze,anti_homophones
8963,1,0,0,12,5,-11.244493675323675,11.244493675323675,astR°ZiskOpi,anti_homophones
8964,1,14,0,3,1,-4.606640349907416,4.606640349907416,suS,anti_homophones
8965,1,0,0,10,4,-8.465757147598092,8.465757147598092,s@tRuvable,anti_homophones
8966,1,0,0,6,3,-6.199173155458802,6.199173155458802,amERZe,anti_homophones
8967,1,0,0,10,4,-7.197646785745706,7.197646785745706,5tERkomEtR,anti_homophones
8968,1,14,2,5,2,-4.221732083116181,4.221732083116181,monik,anti_homophones
8969,1,0,0,7,3,-7.586097762373722,7.586097762373722,tokolje,anti_homophones
8970,1,4,1,5,2,-4.520164602256828,4.520164602256828,gORZe,anti_homophones
8971,1,0,0,7,3,-5.75964174722619,5.75964174722619,kolEkte,anti_homophones
8972,1,0,0,16,6,-14.925497339071718,14.925497339071718,R°pORt@bRogRafil,anti_homophones
8973,1,0,0,8,4,-7.4737275175877755,7.4737275175877755,matonomi,anti_homophones
8974,1,0,0,6,3,-7.2952124535860925,7.2952124535860925,@flety,anti_homophones
8975,1,2,0,5,3,-6.075351412634314,6.075351412634314,ekuze,anti_homophones
8976,1,0,0,8,3,-6.398292884795233,6.398292884795233,Radjonal,anti_homophones
8977,1,0,0,7,3,-5.476698321074782,5.476698321074782,Sjal°m@,anti_homophones
8978,1,12,0,5,2,-4.972565221486173,4.972565221486173,melik,anti_homophones
8979,1,0,0,8,4,-6.871532235073928,6.871532235073928,modEs°le,anti_homophones
8980,1,0,0,7,2,-6.437072462450588,6.437072462450588,astRaks,anti_homophones
8981,1,0,0,11,5,-8.004683509604467,8.004683509604467,Regaligasj§,anti_homophones
8982,1,0,0,7,3,-6.81109633588619,6.81109633588619,imORsje,anti_homophones
8983,1,0,0,5,2,-6.179364097315074,6.179364097315074,Opjad,anti_homophones
8984,1,0,0,6,3,-7.707997888844452,7.707997888844452,naZ°te,anti_homophones
8985,1,0,0,8,4,-7.441565915900846,7.441565915900846,R2kONyRe,anti_homophones
8986,1,0,0,8,3,-10.481127959224636,10.481127959224636,kazj§sid,anti_homophones
8987,1,2,0,5,2,-4.6954535619338005,4.6954535619338005,faj@s,anti_homophones
8988,1,0,0,7,3,-6.23933690872019,6.23933690872019,5Z§kt82,anti_homophones
8989,1,0,0,12,5,-11.013955384478573,11.013955384478573,@tinapR@dRwa,anti_homophones
8990,1,0,0,7,3,-5.681940288529285,5.681940288529285,f5l@d9R,anti_homophones
8991,1,8,1,4,2,-4.870090212522277,4.870090212522277,uble,anti_homophones
8992,1,0,0,7,4,-8.520560187276605,8.520560187276605,koOpati,anti_homophones
8993,1,0,0,8,3,-7.7816969651701156,7.7816969651701156,maRj@sje,anti_homophones
8994,1,13,1,3,2,-4.216050825194859,4.216050825194859,imo,anti_homophones
8995,1,0,0,8,3,-7.623173307719516,7.623173307719516,atlEktif,anti_homophones
8996,1,7,0,5,2,-4.898745040837272,4.898745040837272,aRSit,anti_homophones
8997,1,4,1,8,3,-4.736176873455357,4.736176873455357,pRoloZik,anti_homophones
8998,1,0,0,11,5,-9.691745901056711,9.691745901056711,menogRadeRe,anti_homophones
8999,1,1,0,5,2,-5.8754894891254725,5.8754894891254725,pivOl,anti_homophones
9000,1,11,1,4,2,-4.955145377544944,4.955145377544944,R°tu,anti_homophones
9001,1,1,1,5,2,-4.6846048867895895,4.6846048867895895,aRS9R,anti_homophones
9002,1,0,0,9,4,-9.084304854438553,9.084304854438553,ast@dR°Ri,anti_homophones
9003,1,14,1,5,2,-4.280458297792713,4.280458297792713,pRone,anti_homophones
9004,1,0,0,6,2,-5.375273478572891,5.375273478572891,fOsfat,anti_homophones
9005,1,5,0,5,2,-4.7356523385849805,4.7356523385849805,k§fje,anti_homophones
9006,1,0,0,8,4,-7.414616584219153,7.414616584219153,ekipRim@,anti_homophones
9007,1,0,0,9,4,-7.843074459848047,7.843074459848047,@n8iteRj5,anti_homophones
9008,1,0,0,11,4,-7.980353240140058,7.980353240140058,paRatEknist,anti_homophones
9009,1,3,0,6,2,-5.05412043848228,5.05412043848228,vERsif,anti_homophones
9010,1,21,1,4,2,-4.557238473026329,4.557238473026329,@tER,anti_homophones
9011,1,1,0,7,3,-6.875125932282207,6.875125932282207,moRityd,anti_homophones
9012,1,6,0,5,2,-4.740655653298401,4.740655653298401,REs@s,anti_homophones
9013,1,5,0,5,2,-5.310744363825698,5.310744363825698,bRiko,anti_homophones
9014,1,1,0,5,2,-6.954101877106396,6.954101877106396,kitOt,anti_homophones
9015,1,0,0,11,5,-9.5633319845537,9.5633319845537,iREspeR@sj§,anti_homophones
9016,1,6,0,5,2,-4.900055117637677,4.900055117637677,Repys,anti_homophones
9017,1,4,0,5,2,-4.896598657230359,4.896598657230359,dyple,anti_homophones
9018,1,3,0,5,2,-5.4041894092317015,5.4041894092317015,R2fil,anti_homophones
9019,1,9,2,3,1,-3.9707603996878107,3.9707603996878107,f9j,anti_homophones
9020,1,0,0,9,4,-9.421739475966646,9.421739475966646,memoRyst@,anti_homophones
9021,1,12,1,4,2,-4.926973564819675,4.926973564819675,vaRo,anti_homophones
9022,1,10,1,3,1,-4.509360722858254,4.509360722858254,afl,anti_homophones
9023,1,0,0,16,6,-13.660517243592432,13.660517243592432,dek§stRityRnatik,anti_homophones
9024,1,0,0,12,5,-11.179719595119714,11.179719595119714,byvabik§stik,anti_homophones
9025,1,0,0,6,3,-6.8047223602507465,6.8047223602507465,nataZe,anti_homophones
9026,1,0,0,6,2,-5.424079554726032,5.424079554726032,kan9vR,anti_homophones
9027,1,0,0,6,2,-7.92810027922355,7.92810027922355,letakt,anti_homophones
9028,1,23,1,3,1,-4.193063134786746,4.193063134786746,div,anti_homophones
9029,1,0,0,6,2,-5.443814542027912,5.443814542027912,Z@bj@s,anti_homophones
9030,1,0,0,8,3,-8.657767067346583,8.657767067346583,wakastik,anti_homophones
9031,1,1,0,6,3,-5.493782662179595,5.493782662179595,k§s@g5,anti_homophones
9032,1,1,0,5,2,-4.784225741073451,4.784225741073451,b°zEf,anti_homophones
9033,1,12,0,3,1,-4.6652547261329165,4.6652547261329165,R@g,anti_homophones
9034,1,29,1,3,1,-4.302991028709595,4.302991028709595,fat,anti_homophones
9035,1,0,0,8,4,-6.876575444390214,6.876575444390214,akRoakte,anti_homophones
9036,1,1,0,6,2,-6.322716173926112,6.322716173926112,batRis,anti_homophones
9037,1,6,1,6,3,-5.030795281718129,5.030795281718129,atRije,anti_homophones
9038,1,0,0,11,6,-8.80008020517061,8.80008020517061,el§gatOlOZi,anti_homophones
9039,1,9,1,5,2,-4.770351486008218,4.770351486008218,fEt9R,anti_homophones
9040,1,7,1,7,3,-4.408576460279978,4.408576460279978,poloZik,anti_homophones
9041,1,1,0,7,3,-5.5458735435104245,5.5458735435104245,R°dujaR,anti_homophones
9042,1,24,0,2,1,-4.568201626108786,4.568201626108786,my,anti_homophones
9043,1,1,1,6,2,-5.445016095844183,5.445016095844183,kORnuj,anti_homophones
9044,1,0,0,9,3,-7.828527043189065,7.828527043189065,lESfRiZid,anti_homophones
9045,1,0,0,7,3,-8.633123776359302,8.633123776359302,etR§s°t,anti_homophones
9046,1,2,0,5,3,-5.761825048120784,5.761825048120784,inimi,anti_homophones
9047,1,5,0,5,2,-4.855155554068513,4.855155554068513,solEt,anti_homophones
9048,1,0,0,10,3,-10.048260117077398,10.048260117077398,fRek8isEpt,anti_homophones
9049,1,2,0,8,3,-6.915435276412674,6.915435276412674,pResitaZ,anti_homophones
9050,1,8,0,4,2,-5.409010884714543,5.409010884714543,Ryma,anti_homophones
9051,1,7,0,5,2,-5.482152715526368,5.482152715526368,seRaZ,anti_homophones
9052,1,1,0,6,3,-6.656553636130285,6.656553636130285,petOne,anti_homophones
9053,1,8,1,4,2,-4.599070493133403,4.599070493133403,fami,anti_homophones
9054,1,3,1,5,2,-5.390800938332278,5.390800938332278,efRER,anti_homophones
9055,1,0,0,13,4,-8.253785960209818,8.253785960209818,k§plEksjonist,anti_homophones
9056,1,0,0,10,4,-8.56295687693766,8.56295687693766,aRtiRaktiv,anti_homophones
9057,1,0,0,11,5,-9.953733521872927,9.953733521872927,snakufEt°m@,anti_homophones
9058,1,4,0,4,1,-5.778285985504125,5.778285985504125,nEps,anti_homophones
9059,1,13,1,3,1,-4.943519205324302,4.943519205324302,kly,anti_homophones
9060,1,0,0,16,5,-16.76061261312307,16.76061261312307,fR@sbaskOpeRastR,anti_homophones
9061,1,4,0,5,2,-5.109607469638844,5.109607469638844,aksEl,anti_homophones
9062,1,4,1,5,2,-5.678890150940347,5.678890150940347,R°suR,anti_homophones
9063,1,6,1,6,3,-5.2176769828642735,5.2176769828642735,Ryd°m@,anti_homophones
9064,1,6,0,4,2,-4.660610569318352,4.660610569318352,veR2,anti_homophones
9065,1,4,0,5,2,-4.808588580625188,4.808588580625188,viNOl,anti_homophones
9066,1,0,0,9,4,-9.187007287501933,9.187007287501933,imidavRiR,anti_homophones
9067,1,0,0,13,6,-12.853983836340817,12.853983836340817,butokaRublat5,anti_homophones
9068,1,0,0,8,4,-8.478676732501695,8.478676732501695,ne@tisER,anti_homophones
9069,1,3,1,7,3,-5.233915248420911,5.233915248420911,vERt°m@,anti_homophones
9070,1,1,0,7,3,-6.329167799559264,6.329167799559264,Rek§sid,anti_homophones
9071,1,0,0,10,5,-8.540916365075171,8.540916365075171,utR°mygEz§,anti_homophones
9072,1,0,0,7,3,-8.914054599732161,8.914054599732161,sebuRik,anti_homophones
9073,1,0,0,9,4,-9.72849667444363,9.72849667444363,@djam@tEt,anti_homophones
9074,1,2,0,5,2,-5.647647289287375,5.647647289287375,bugRi,anti_homophones
9075,1,0,0,8,4,-7.800383321697688,7.800383321697688,inaploze,anti_homophones
9076,1,0,0,9,4,-11.58060612807965,11.58060612807965,taiRwElti,anti_homophones
9077,1,0,0,7,3,-6.747300755844757,6.747300755844757,toplake,anti_homophones
9078,1,1,0,6,2,-6.509464983940727,6.509464983940727,mORtim,anti_homophones
9079,1,16,0,3,1,-4.863361287940798,4.863361287940798,bRu,anti_homophones
9080,1,0,0,6,2,-7.062432228205098,7.062432228205098,gadjOl,anti_homophones
9081,1,0,0,8,4,-9.102270794362518,9.102270794362518,el°valER,anti_homophones
9082,1,54,1,3,2,-4.1099736699940745,4.1099736699940745,aRi,anti_homophones
9083,1,17,1,4,2,-4.043404340972286,4.043404340972286,dim@,anti_homophones
9084,1,0,0,9,4,-7.862500648838187,7.862500648838187,ekapit8El,anti_homophones
9085,1,1,0,7,3,-6.970619398614192,6.970619398614192,lim@tiR,anti_homophones
9086,1,0,0,7,3,-9.281553719992635,9.281553719992635,gablytE,anti_homophones
9087,1,1,0,6,2,-5.802276899942557,5.802276899942557,ResjEl,anti_homophones
9088,1,0,0,9,3,-7.749039969733758,7.749039969733758,kRetaRd9R,anti_homophones
9089,1,0,0,14,6,-12.24554964874636,12.24554964874636,bR9SipogRafiS@,anti_homophones
9090,1,0,0,8,3,-7.041123859127035,7.041123859127035,zOdjasj§,anti_homophones
9091,1,0,0,10,4,-8.458615903931214,8.458615903931214,afRetRisaZ,anti_homophones
9092,1,7,1,3,1,-4.216074518763632,4.216074518763632,ivR,anti_homophones
9093,1,5,0,4,2,-5.044709009984083,5.044709009984083,biSu,anti_homophones
9094,1,0,0,7,3,-6.860114247498894,6.860114247498894,5tRemik,anti_homophones
9095,1,0,0,8,4,-10.485980861700916,10.485980861700916,oRikylk@,anti_homophones
9096,1,0,0,10,4,-9.557547089159955,9.557547089159955,kokazisjOm,anti_homophones
9097,1,11,0,6,3,-4.952657069057229,4.952657069057229,REn°m@,anti_homophones
9098,1,9,0,5,2,-5.10176155811606,5.10176155811606,filEn,anti_homophones
9099,1,1,0,9,5,-6.138093884524759,6.138093884524759,@kabilite,anti_homophones
9100,1,8,2,4,1,-4.239901188599925,4.239901188599925,spiR,anti_homophones
9101,1,0,0,13,6,-12.33047633484538,12.33047633484538,anevizanalist,anti_homophones
9102,1,0,0,9,4,-5.70691068513392,5.70691068513392,divERs°m@,anti_homophones
9103,1,4,0,6,2,-5.385885849916003,5.385885849916003,disist,anti_homophones
9104,1,0,0,9,4,-8.370623559984319,8.370623559984319,OskRilite,anti_homophones
9105,1,0,0,7,3,-6.783419424135283,6.783419424135283,mERdis@,anti_homophones
9106,1,7,2,4,2,-4.514121700313741,4.514121700313741,faR5,anti_homophones
9107,1,3,2,7,4,-4.732215963434456,4.732215963434456,5diN°m@,anti_homophones
9108,1,0,0,9,4,-9.65127364256629,9.65127364256629,paZutR°m@,anti_homophones
9109,1,0,0,12,5,-11.271949584459588,11.271949584459588,islEgmatitun,anti_homophones
9110,1,13,0,4,2,-4.999397080328689,4.999397080328689,edyl,anti_homophones
9111,1,1,1,6,2,-4.859403172732063,4.859403172732063,fORm9R,anti_homophones
9112,1,4,1,7,2,-5.059623375336395,5.059623375336395,pRotwaR,anti_homophones
9113,1,0,0,12,6,-13.088694473792424,13.088694473792424,muR@tipitOmi,anti_homophones
9114,1,0,0,8,3,-7.656783984399467,7.656783984399467,libERs@s,anti_homophones
9115,1,0,0,11,5,-10.120754874249817,10.120754874249817,tORetRifeR@,anti_homophones
9116,1,5,0,5,2,-6.036983650666103,6.036983650666103,botaR,anti_homophones
9117,1,26,3,3,1,-3.8501803354690787,3.8501803354690787,dOR,anti_homophones
9118,1,0,0,12,5,-11.190836468132701,11.190836468132701,@dosekstag9R,anti_homophones
9119,1,0,0,15,6,-13.076085658091797,13.076085658091797,depERvjutaRdite,anti_homophones
9120,1,1,0,5,2,-6.031879114920297,6.031879114920297,biglu,anti_homophones
9121,1,0,0,9,3,-8.556607397597102,8.556607397597102,Opsk§tuRb,anti_homophones
9122,1,0,0,6,3,-6.812953942761356,6.812953942761356,efal@d,anti_homophones
9123,1,0,0,10,4,-9.805115331558909,9.805115331558909,teostRoSaZ,anti_homophones
9124,1,11,3,4,1,-4.032014486884013,4.032014486884013,klin,anti_homophones
9125,1,14,0,4,2,-4.813045417088847,4.813045417088847,gave,anti_homophones
9126,1,0,0,15,6,-10.623210952512865,10.623210952512865,bR5dispozitasj§,anti_homophones
9127,1,0,0,8,3,-8.72126503363511,8.72126503363511,vaSitEsk,anti_homophones
9128,1,1,0,6,3,-7.267179776289215,7.267179776289215,ReozoR,anti_homophones
9129,1,7,0,3,1,-4.6652335071193045,4.6652335071193045,tSo,anti_homophones
9130,1,0,0,12,5,-9.585370436254633,9.585370436254633,syRRenaRiz9R,anti_homophones
9131,1,0,0,8,3,-8.497643383100273,8.497643383100273,dalgoRiG,anti_homophones
9132,1,0,0,12,4,-9.82492645797632,9.82492645797632,negRawntl°m@,anti_homophones
9133,1,0,0,11,5,-7.7390181225756205,7.7390181225756205,istoRjal°m@,anti_homophones
9134,1,0,0,12,5,-9.417731637903755,9.417731637903755,maatmaRkasj§,anti_homophones
9135,1,0,0,12,5,-6.892672594038934,6.892672594038934,n2RopORtasj§,anti_homophones
9136,1,0,0,8,3,-7.0508713875909335,7.0508713875909335,sERb°kju,anti_homophones
9137,1,0,0,6,2,-5.990748958315004,5.990748958315004,fleSaR,anti_homophones
9138,1,0,0,12,5,-10.67775218953859,10.67775218953859,megatilonizm,anti_homophones
9139,1,5,1,5,2,-5.376948249118166,5.376948249118166,stoRe,anti_homophones
9140,1,0,0,8,3,-8.359608603971587,8.359608603971587,sudRokEt,anti_homophones
9141,1,19,0,4,1,-4.388981305485114,4.388981305485114,baRd,anti_homophones
9142,1,11,0,4,2,-4.843958153293181,4.843958153293181,5tRa,anti_homophones
9143,1,1,0,5,3,-5.16568124650354,5.16568124650354,edEN2,anti_homophones
9144,1,9,1,4,2,-4.705485425779967,4.705485425779967,imik,anti_homophones
9145,1,0,0,12,5,-9.244973257673227,9.244973257673227,def@d@ntuRbe,anti_homophones
9146,1,5,0,5,1,-4.711900399444692,4.711900399444692,bR5dR,anti_homophones
9147,1,0,0,8,3,-8.43336791309843,8.43336791309843,k§tenjyR,anti_homophones
9148,1,26,1,3,1,-4.442065684491718,4.442065684491718,lyR,anti_homophones
9149,1,7,0,4,2,-5.022796207946303,5.022796207946303,k2m@,anti_homophones
9150,1,0,0,7,3,-6.4714665562642955,6.4714665562642955,dek§pOt,anti_homophones
9151,1,0,0,8,4,-8.120480272207283,8.120480272207283,iRegalam,anti_homophones
9152,1,0,0,10,5,-9.119168387262095,9.119168387262095,Om§kysjOni,anti_homophones
9153,1,7,0,5,1,-4.6764080021432886,4.6764080021432886,fRabl,anti_homophones
9154,1,23,0,3,1,-4.434039839951643,4.434039839951643,vEt,anti_homophones
9155,1,0,0,12,5,-7.97895515463565,7.97895515463565,sypstitiv°m@,anti_homophones
9156,1,17,1,3,1,-4.471413533985868,4.471413533985868,mOs,anti_homophones
9157,1,0,0,15,6,-16.898276276131828,16.898276276131828,ZakpasteRit°Roz,anti_homophones
9158,1,1,0,7,3,-6.705468331599368,6.705468331599368,sapjone,anti_homophones
9159,1,0,0,10,5,-10.888588549502934,10.888588549502934,bilimideRa,anti_homophones
9160,1,1,0,5,2,-4.919647559967185,4.919647559967185,maNOl,anti_homophones
9161,1,2,2,5,2,-4.718769060091038,4.718769060091038,bukle,anti_homophones
9162,1,1,0,6,2,-7.481077885115229,7.481077885115229,Eksp§Z,anti_homophones
9163,1,0,0,8,3,-7.457636136952627,7.457636136952627,paRfaksi,anti_homophones
9164,1,14,2,3,1,-3.9924300282076324,3.9924300282076324,sj@,anti_homophones
9165,1,0,0,9,4,-8.681043214508506,8.681043214508506,maNOt°ROl,anti_homophones
9166,1,3,1,5,2,-5.35940892621758,5.35940892621758,dynER,anti_homophones
9167,1,13,0,4,2,-5.108253081903167,5.108253081903167,b@da,anti_homophones
9168,1,4,0,5,2,-5.80381282982707,5.80381282982707,@bR@l,anti_homophones
9169,1,1,0,6,2,-5.538175922893476,5.538175922893476,nORmik,anti_homophones
9170,1,0,0,8,4,-7.180632219645635,7.180632219645635,notEl°Ri,anti_homophones
9171,1,17,0,4,2,-4.448854332338529,4.448854332338529,like,anti_homophones
9172,1,15,1,3,2,-4.361906523581016,4.361906523581016,5to,anti_homophones
9173,1,0,0,10,4,-6.527778612116453,6.527778612116453,Egzaksjone,anti_homophones
9174,1,0,0,7,3,-8.318645554693125,8.318645554693125,imitRib,anti_homophones
9175,1,0,0,8,3,-7.072635035388253,7.072635035388253,RamaRjal,anti_homophones
9176,1,18,1,4,2,-4.159937063426717,4.159937063426717,deze,anti_homophones
9177,1,0,0,9,4,-6.671845522691672,6.671845522691672,devosjone,anti_homophones
9178,1,6,0,6,2,-5.88875657450626,5.88875657450626,nuvRiR,anti_homophones
9179,1,0,0,6,3,-6.956039839947681,6.956039839947681,pylozo,anti_homophones
9180,1,5,0,5,3,-5.323095473123636,5.323095473123636,anam@,anti_homophones
9181,1,4,0,6,3,-6.0938810628355355,6.0938810628355355,otat9R,anti_homophones
9182,1,0,0,8,4,-7.514623075636042,7.514623075636042,demuv°te,anti_homophones
9183,1,2,0,7,3,-6.0975746494295855,6.0975746494295855,apylsj§,anti_homophones
9184,1,0,0,7,3,-5.966415583162108,5.966415583162108,@tRofaZ,anti_homophones
9185,1,1,0,6,3,-5.681279982590706,5.681279982590706,analiz,anti_homophones
9186,1,0,0,12,6,-13.725132549601641,13.725132549601641,otoelepResta,anti_homophones
9187,1,0,0,9,4,-6.596960806350409,6.596960806350409,maRdOn°m@,anti_homophones
9188,1,1,0,9,3,-6.874743187721214,6.874743187721214,R°paRtist,anti_homophones
9189,1,4,1,5,2,-4.617167752557232,4.617167752557232,R°nuj,anti_homophones
9190,1,0,0,6,2,-6.2341995285869585,6.2341995285869585,S9tnEs,anti_homophones
9191,1,1,0,7,3,-5.539374591858534,5.539374591858534,Esp§saZ,anti_homophones
9192,1,0,0,8,4,-7.212517034676939,7.212517034676939,epuvwaja,anti_homophones
9193,1,0,0,11,4,-10.943808446323631,10.943808446323631,zefEkspl@ti,anti_homophones
9194,1,0,0,10,4,-8.05299197291321,8.05299197291321,debRikatyR,anti_homophones
9195,1,20,1,4,1,-3.881480863315848,3.881480863315848,mwaR,anti_homophones
9196,1,1,0,7,3,-6.80946758091995,6.80946758091995,patRale,anti_homophones
9197,1,6,1,7,3,-4.964035693891759,4.964035693891759,legasj§,anti_homophones
9198,1,2,0,5,2,-5.5726845084734515,5.5726845084734515,aRtiS,anti_homophones
9199,1,0,0,8,4,-7.037439745500176,7.037439745500176,ReedyRje,anti_homophones
9200,1,0,0,7,3,-7.438462447391238,7.438462447391238,salazaZ,anti_homophones
9201,1,18,1,4,2,-4.576825701576797,4.576825701576797,pise,anti_homophones
9202,1,0,0,14,5,-12.0412226482571,12.0412226482571,kRipsesedRat9R,anti_homophones
9203,1,2,0,6,2,-6.165902007108766,6.165902007108766,sinism,anti_homophones
9204,1,0,0,6,2,-6.0915955482064215,6.0915955482064215,k§klav,anti_homophones
9205,1,1,0,8,4,-5.630970677089389,5.630970677089389,5plozite,anti_homophones
9206,1,18,0,2,1,-4.582992075774124,4.582992075774124,f2,anti_homophones
9207,1,4,0,7,4,-5.042700632907129,5.042700632907129,egal°m@,anti_homophones
9208,1,0,0,7,4,-5.470777191385197,5.470777191385197,inyt°Ri,anti_homophones
9209,1,0,0,14,6,-12.499090845565163,12.499090845565163,kOk°dekonoRist,anti_homophones
9210,1,3,0,5,2,-5.708481821297479,5.708481821297479,tofOb,anti_homophones
9211,1,0,0,7,3,-5.976825093360451,5.976825093360451,fR@kilo,anti_homophones
9212,1,0,0,12,4,-10.819310638366623,10.819310638366623,bRyZiRiljabl,anti_homophones
9213,1,3,1,4,1,-4.539563960278896,4.539563960278896,mEgR,anti_homophones
9214,1,1,0,6,3,-5.643710704317649,5.643710704317649,imoz9R,anti_homophones
9215,1,0,0,8,4,-5.855779446136612,5.855779446136612,akwad°m@,anti_homophones
9216,1,26,1,3,1,-4.015762886838517,4.015762886838517,bEt,anti_homophones
9217,1,21,2,3,1,-4.213197460141395,4.213197460141395,Rom,anti_homophones
9218,1,0,0,9,4,-6.707916485989159,6.707916485989159,afEktifj@,anti_homophones
9219,1,0,0,7,3,-6.618882833078495,6.618882833078495,uRvwaj5,anti_homophones
9220,1,2,0,8,3,-6.136768930140836,6.136768930140836,fenetwaR,anti_homophones
9221,1,0,0,7,3,-8.037226142136536,8.037226142136536,mjokoli,anti_homophones
9222,1,0,0,7,3,-9.13954439902493,9.13954439902493,Radubib,anti_homophones
9223,1,0,0,7,3,-9.143145400637273,9.143145400637273,ybERgON,anti_homophones
9224,1,0,0,7,3,-7.642747707089946,7.642747707089946,tERZ°RE,anti_homophones
9225,1,1,0,5,2,-5.892307589108067,5.892307589108067,sjani,anti_homophones
9226,1,11,0,6,3,-4.479699633841856,4.479699633841856,polize,anti_homophones
9227,1,1,0,6,2,-5.95235986892163,5.95235986892163,tRos9R,anti_homophones
9228,1,0,0,9,3,-7.338876736628403,7.338876736628403,bOskORdaZ,anti_homophones
9229,1,7,1,4,1,-5.052934213340347,5.052934213340347,tSER,anti_homophones
9230,1,14,1,3,1,-4.60680947641892,4.60680947641892,lOg,anti_homophones
9231,1,16,0,4,1,-4.8388168283394615,4.8388168283394615,gRiz,anti_homophones
9232,1,0,0,9,3,-7.5670942025021315,7.5670942025021315,pROstezin,anti_homophones
9233,1,1,1,5,3,-4.67193762799006,4.67193762799006,oz°Ri,anti_homophones
9234,1,3,0,5,2,-5.273025775163033,5.273025775163033,astyR,anti_homophones
9235,1,2,1,6,3,-4.796824488985189,4.796824488985189,k§feRe,anti_homophones
9236,1,10,1,5,2,-4.643367083608499,4.643367083608499,misj5,anti_homophones
9237,1,4,0,5,2,-4.900723068345709,4.900723068345709,susj2,anti_homophones
9238,1,3,1,6,2,-4.771425444125504,4.771425444125504,demEtR,anti_homophones
9239,1,7,1,5,3,-5.288734143830412,5.288734143830412,5k§pe,anti_homophones
9240,1,3,0,5,2,-5.607841029615106,5.607841029615106,5fibR,anti_homophones
9241,1,25,2,4,2,-3.649868570521826,3.649868570521826,dem@,anti_homophones
9242,1,6,1,3,1,-3.7732040435758996,3.7732040435758996,bj5,anti_homophones
9243,1,0,0,13,5,-10.091355415375807,10.091355415375807,k§stRastimite,anti_homophones
9244,1,0,0,13,6,-10.109265498395557,10.109265498395557,RigoRaligasj§,anti_homophones
9245,1,5,1,4,1,-4.861057891060874,4.861057891060874,spas,anti_homophones
9246,1,0,0,10,5,-9.288224116639572,9.288224116639572,5pRoboReal,anti_homophones
9247,1,0,0,8,4,-5.936074334592835,5.936074334592835,kiSOt°Ri,anti_homophones
9248,1,0,0,11,6,-11.023396359952239,11.023396359952239,anuv°liZam5,anti_homophones
9249,1,0,0,7,4,-6.017747905140831,6.017747905140831,5k§dite,anti_homophones
9250,1,3,0,5,2,-5.61918539576239,5.61918539576239,astis,anti_homophones
9251,1,0,0,7,3,-7.824362080182008,7.824362080182008,s@didaR,anti_homophones
9252,1,0,0,10,5,-7.292266948209605,7.292266948209605,apsikozite,anti_homophones
9253,1,2,0,7,2,-6.054718264032529,6.054718264032529,paRkwaR,anti_homophones
9254,1,0,0,12,5,-7.647920871502679,7.647920871502679,k§stitabl°m@,anti_homophones
9255,1,2,0,6,2,-5.231064667589165,5.231064667589165,tRud9R,anti_homophones
9256,1,1,1,5,3,-5.3569659878068245,5.3569659878068245,alde5,anti_homophones
9257,1,0,0,10,4,-7.336462140421036,7.336462140421036,madjogRafi,anti_homophones
9258,1,0,0,9,3,-10.655009682362492,10.655009682362492,ZitatREtR,anti_homophones
9259,1,12,0,4,2,-4.47411664821009,4.47411664821009,gute,anti_homophones
9260,1,2,0,6,2,-5.464448477007848,5.464448477007848,kRonEl,anti_homophones
9261,1,23,1,4,2,-4.611827861615249,4.611827861615249,kaRE,anti_homophones
9262,1,4,1,5,2,-5.402955782293651,5.402955782293651,sepaR,anti_homophones
9263,1,5,0,4,2,-6.4932372344740505,6.4932372344740505,pupu,anti_homophones
9264,1,0,0,9,3,-8.379484230918212,8.379484230918212,maRmwazon,anti_homophones
9265,1,0,0,9,4,-6.437009043969513,6.437009043969513,syRpys°le,anti_homophones
9266,1,0,0,6,3,-7.450881851452861,7.450881851452861,vinibi,anti_homophones
9267,1,0,0,10,4,-8.849471074003088,8.849471074003088,fReSofazOn,anti_homophones
9268,1,1,0,7,2,-5.848995316095384,5.848995316095384,klORNEt,anti_homophones
9269,1,0,0,12,5,-10.436168072350329,10.436168072350329,vibRoSERn°m@,anti_homophones
9270,1,2,0,6,3,-6.4100079971505535,6.4100079971505535,teleka,anti_homophones
9271,1,26,3,4,2,-4.009244248361589,4.009244248361589,bale,anti_homophones
9272,1,25,2,3,1,-4.277960428152971,4.277960428152971,sEk,anti_homophones
9273,1,8,1,4,2,-5.123438939392733,5.123438939392733,@pR5,anti_homophones
9274,1,0,0,9,4,-7.240664061477261,7.240664061477261,R°d°v°lyR,anti_homophones
9275,1,1,0,7,3,-7.80157381195032,7.80157381195032,k§tORis,anti_homophones
9276,1,0,0,8,4,-7.138472575223208,7.138472575223208,Egzekij2,anti_homophones
9277,1,0,0,7,3,-8.576400226154815,8.576400226154815,limEkt§,anti_homophones
9278,1,4,1,7,3,-5.14112955027189,5.14112955027189,sjalite,anti_homophones
9279,1,0,0,7,3,-5.950088271016113,5.950088271016113,mutOnik,anti_homophones
9280,1,0,0,11,5,-11.38524578268453,11.38524578268453,zodisinykle,anti_homophones
9281,1,20,0,3,2,-4.384354393002942,4.384354393002942,eR5,anti_homophones
9282,1,0,0,11,5,-5.776199460323723,5.776199460323723,Eskalizasj§,anti_homophones
9283,1,3,0,6,3,-4.843505327744953,4.843505327744953,debaid,anti_homophones
9284,1,0,0,11,5,-9.083516676595426,9.083516676595426,kRavanimite,anti_homophones
9285,1,6,1,4,1,-4.8853691803896515,4.8853691803896515,aRtR,anti_homophones
9286,1,1,0,8,3,-4.766468268097317,4.766468268097317,sERvasj§,anti_homophones
9287,1,0,0,7,3,-6.788755588607861,6.788755588607861,kamamuR,anti_homophones
9288,1,0,0,8,4,-10.140256473553386,10.140256473553386,afilabon,anti_homophones
9289,1,1,0,7,3,-6.257890280516788,6.257890280516788,debitaR,anti_homophones
9290,1,0,0,12,5,-11.361579922359532,11.361579922359532,mEkteRez@gaZ,anti_homophones
9291,1,9,1,5,2,-4.791969606693064,4.791969606693064,p8is@,anti_homophones
9292,1,12,0,4,2,-5.205488703766921,5.205488703766921,iREn,anti_homophones
9293,1,0,0,12,5,-13.548529729922311,13.548529729922311,lOktomalinwa,anti_homophones
9294,1,14,1,4,2,-4.2909179269919,4.2909179269919,depe,anti_homophones
9295,1,11,0,4,1,-4.605269491776876,4.605269491776876,5stR,anti_homophones
9296,1,1,0,6,2,-6.917049688925582,6.917049688925582,Eknist,anti_homophones
9297,1,6,1,6,3,-5.372779817893734,5.372779817893734,devale,anti_homophones
9298,1,0,0,6,3,-6.3373233688217,6.3373233688217,vokaid,anti_homophones
9299,1,14,1,3,1,-4.622585764204783,4.622585764204783,SEd,anti_homophones
9300,1,16,0,4,1,-4.786814192996483,4.786814192996483,l@dR,anti_homophones
9301,1,0,0,8,3,-8.078715103057261,8.078715103057261,stRakype,anti_homophones
9302,1,0,0,13,4,-12.373595550587916,12.373595550587916,biskRipsyltRe,anti_homophones
9303,1,6,0,6,3,-4.66169611620008,4.66169611620008,dus°m@,anti_homophones
9304,1,9,1,4,2,-4.234011779279512,4.234011779279512,R°k5,anti_homophones
9305,1,26,0,3,1,-4.410819889177315,4.410819889177315,lip,anti_homophones
9306,1,0,0,7,3,-6.243453181025073,6.243453181025073,lezid@s,anti_homophones
9307,1,4,0,6,2,-4.891935958940354,4.891935958940354,detRik,anti_homophones
9308,1,0,0,13,5,-11.130969882423035,11.130969882423035,monokRepRuvRe,anti_homophones
9309,1,0,0,9,4,-8.837910073428347,8.837910073428347,subROd°Ri,anti_homophones
9310,1,8,1,5,2,-4.428980617871802,4.428980617871802,REs9R,anti_homophones
9311,1,9,1,4,1,-5.139462971551415,5.139462971551415,sORt,anti_homophones
9312,1,9,1,4,2,-4.673041067969397,4.673041067969397,k§do,anti_homophones
9313,1,0,0,8,3,-8.63023167356098,8.63023167356098,deblotaS,anti_homophones
9314,1,5,0,5,2,-5.013879486879286,5.013879486879286,dERne,anti_homophones
9315,1,0,0,15,5,-15.523059783790533,15.523059783790533,faRdjORnEjabORd,anti_homophones
9316,1,5,1,5,2,-5.179340677724311,5.179340677724311,Ryman,anti_homophones
9317,1,0,0,8,3,-7.917114657349134,7.917114657349134,pybliZEs,anti_homophones
9318,1,3,1,5,2,-4.9917936027352905,4.9917936027352905,dem§d,anti_homophones
9319,1,0,0,6,3,-6.195112456967528,6.195112456967528,inytaZ,anti_homophones
9320,1,0,0,9,4,-9.439169190784575,9.439169190784575,fOtosadyk,anti_homophones
9321,1,0,0,8,3,-7.9679019477253705,7.9679019477253705,tiRaZizm,anti_homophones
9322,1,9,0,4,2,-4.635002937287784,4.635002937287784,det@,anti_homophones
9323,1,2,0,5,2,-5.666121148143339,5.666121148143339,yRZin,anti_homophones
9324,1,0,0,7,3,-7.0095804386441545,7.0095804386441545,nOblijo,anti_homophones
9325,1,1,0,7,3,-8.60809701379528,8.60809701379528,mofilEn,anti_homophones
9326,1,12,1,4,2,-5.1396526949795085,5.1396526949795085,alj§,anti_homophones
9327,1,3,1,5,3,-5.3586120132145565,5.3586120132145565,Reedi,anti_homophones
9328,1,16,1,4,2,-4.103740255702454,4.103740255702454,fase,anti_homophones
9329,1,0,0,5,2,-6.22173395231532,6.22173395231532,RizOt,anti_homophones
9330,1,0,0,11,5,-12.12534594442692,12.12534594442692,fOlkoRe5pRu,anti_homophones
9331,1,0,0,11,4,-7.579323095460483,7.579323095460483,sybmERs°l9R,anti_homophones
9332,1,0,0,11,5,-10.100074414600694,10.100074414600694,boZOlpORase,anti_homophones
9333,1,1,0,6,3,-5.242276817082712,5.242276817082712,tORite,anti_homophones
9334,1,12,0,3,1,-5.337234203537279,5.337234203537279,ERs,anti_homophones
9335,1,11,0,4,2,-5.405899879663713,5.405899879663713,amad,anti_homophones
9336,1,5,0,4,1,-4.996064916798815,4.996064916798815,djad,anti_homophones
9337,1,6,0,5,3,-5.123844439931881,5.123844439931881,ason@,anti_homophones
9338,1,0,0,6,1,-6.158230056874586,6.158230056874586,pRostR,anti_homophones
9339,1,0,0,11,5,-10.305008928697236,10.305008928697236,R2peRisElyR,anti_homophones
9340,1,0,0,11,5,-10.329147672715804,10.329147672715804,ligR@Zeliko,anti_homophones
9341,1,23,0,3,1,-4.645225438711767,4.645225438711767,t9R,anti_homophones
9342,1,0,0,13,5,-11.68309289994659,11.68309289994659,kORnitRokRati,anti_homophones
9343,1,16,0,5,2,-4.688202658929533,4.688202658929533,dezik,anti_homophones
9344,1,1,0,4,2,-5.775260235806782,5.775260235806782,lobo,anti_homophones
9345,1,12,1,4,1,-4.277337663451698,4.277337663451698,k§pR,anti_homophones
9346,1,2,2,5,2,-4.869590065191921,4.869590065191921,Z9niR,anti_homophones
9347,1,24,1,3,2,-4.506405602433188,4.506405602433188,ap@,anti_homophones
9348,1,2,0,5,2,-5.517694320587603,5.517694320587603,5st@t,anti_homophones
9349,1,16,0,5,2,-4.449016410873108,4.449016410873108,paj9R,anti_homophones
9350,1,0,0,7,3,-7.415275652684508,7.415275652684508,ZiRokys,anti_homophones
9351,1,0,0,7,3,-8.967494331027117,8.967494331027117,kofikt§,anti_homophones
9352,1,0,0,11,5,-10.077191466523963,10.077191466523963,R@kik§fizj5,anti_homophones
9353,1,0,0,8,3,-6.690902952780798,6.690902952780798,gRyozist,anti_homophones
9354,1,17,2,5,1,-4.075087257846399,4.075087257846399,kRist,anti_homophones
9355,1,12,1,4,2,-4.806196602515123,4.806196602515123,kem@,anti_homophones
9356,1,0,0,7,2,-6.994627505044847,6.994627505044847,kaRbROk,anti_homophones
9357,1,0,0,6,2,-6.774080321479114,6.774080321479114,flinik,anti_homophones
9358,1,2,0,6,3,-5.555825826771217,5.555825826771217,k§taZe,anti_homophones
9359,1,0,0,6,2,-6.112136119600935,6.112136119600935,glisim,anti_homophones
9360,1,0,0,13,5,-12.229728944049223,12.229728944049223,deplEktaRigaR,anti_homophones
9361,1,19,0,3,1,-4.939515989613965,4.939515989613965,dOm,anti_homophones
9362,1,8,1,5,2,-4.101792548910688,4.101792548910688,gR°m@,anti_homophones
9363,1,0,0,10,4,-10.720340835437657,10.720340835437657,apsOmkw5s§,anti_homophones
9364,1,5,0,5,3,-5.1475000015578285,5.1475000015578285,5dole,anti_homophones
9365,1,16,2,4,2,-4.53800042801784,4.53800042801784,RoSe,anti_homophones
9366,1,2,1,3,2,-4.607165417793374,4.607165417793374,yz@,anti_homophones
9367,1,2,0,6,2,-4.868181962620986,4.868181962620986,fonizm,anti_homophones
9368,1,7,0,4,2,-5.659372629865985,5.659372629865985,Roty,anti_homophones
9369,1,0,0,6,2,-5.991518045988114,5.991518045988114,@gStR2,anti_homophones
9370,1,0,0,7,2,-6.553008525618288,6.553008525618288,mORgjOl,anti_homophones
9371,1,0,0,7,3,-6.613137824028159,6.613137824028159,telepaZ,anti_homophones
9372,1,0,0,11,5,-11.820220654279144,11.820220654279144,5depyskatEZ,anti_homophones
9373,1,25,2,3,1,-3.9170333322504787,3.9170333322504787,pEl,anti_homophones
9374,1,16,0,4,2,-4.625510636875229,4.625510636875229,leZe,anti_homophones
9375,1,2,0,4,2,-4.735441411539263,4.735441411539263,bENE,anti_homophones
9376,1,7,1,5,2,-4.586465525632556,4.586465525632556,fil9R,anti_homophones
9377,1,0,0,7,3,-8.001613684040572,8.001613684040572,R@d°laR,anti_homophones
9378,1,15,1,4,2,-4.28485641651904,4.28485641651904,byte,anti_homophones
9379,1,0,0,8,4,-8.349694183337215,8.349694183337215,NOkinOmi,anti_homophones
9380,1,0,0,12,5,-9.608313884008965,9.608313884008965,tekElk§kylER,anti_homophones
9381,1,1,0,6,2,-5.770563772502806,5.770563772502806,syRdin,anti_homophones
9382,1,8,1,3,1,-4.8337319261328915,4.8337319261328915,dR2,anti_homophones
9383,1,0,0,10,4,-7.548750354658873,7.548750354658873,5ploRypt9R,anti_homophones
9384,1,0,0,7,3,-7.811882274432033,7.811882274432033,mOskuRu,anti_homophones
9385,1,1,0,4,2,-5.937893846054471,5.937893846054471,nibi,anti_homophones
9386,1,0,0,12,5,-10.890749666986567,10.890749666986567,gupiRadizabl,anti_homophones
9387,1,0,0,11,5,-7.004641094374904,7.004641094374904,dekaptik°m@,anti_homophones
9388,1,0,0,7,3,-6.255933689614632,6.255933689614632,EgzaRde,anti_homophones
9389,1,0,0,8,2,-7.531090918384713,7.531090918384713,deskRyst,anti_homophones
9390,1,0,0,6,3,-8.754725309399722,8.754725309399722,@t°nak,anti_homophones
9391,1,0,0,8,3,-7.528186618587355,7.528186618587355,gOnjOnEl,anti_homophones
9392,1,0,0,8,3,-7.110786515248031,7.110786515248031,5sEkstER,anti_homophones
9393,1,0,0,10,5,-8.709106305144413,8.709106305144413,oazibilizm,anti_homophones
9394,1,1,0,5,2,-5.442563536477937,5.442563536477937,iktyR,anti_homophones
9395,1,8,0,6,3,-5.1845776556744445,5.1845776556744445,RaS°m@,anti_homophones
9396,1,1,0,5,2,-7.150440173086332,7.150440173086332,lenOp,anti_homophones
9397,1,9,0,5,1,-4.870615701991514,4.870615701991514,kRizm,anti_homophones
9398,1,0,0,14,6,-10.231484318367203,10.231484318367203,t@petRyktik°m@,anti_homophones
9399,1,1,0,5,1,-8.039027729498573,8.039027729498573,bRObl,anti_homophones
9400,1,0,0,11,6,-9.399654575285702,9.399654575285702,5deSisidite,anti_homophones
9401,1,26,0,3,1,-5.105075531350334,5.105075531350334,dat,anti_homophones
9402,1,0,0,10,3,-6.470595139944973,6.470595139944973,fEldspasj§,anti_homophones
9403,1,0,0,13,6,-13.620111739620368,13.620111739620368,etik§kyR@ptik,anti_homophones
9404,1,0,0,8,3,-6.489977353344373,6.489977353344373,k§post9R,anti_homophones
9405,1,2,0,6,2,-5.319673198729706,5.319673198729706,vaRjER,anti_homophones
9406,1,0,0,15,6,-11.726767847958694,11.726767847958694,sygZEstoRiz@sje,anti_homophones
9407,1,0,0,7,3,-6.811739627780084,6.811739627780084,aRj@t9R,anti_homophones
9408,1,0,0,10,5,-7.698828838637669,7.698828838637669,epEstiv°m@,anti_homophones
9409,1,0,0,7,3,-8.09014959001097,8.09014959001097,efl§bje,anti_homophones
9410,1,13,0,4,1,-4.924949315177402,4.924949315177402,gRas,anti_homophones
9411,1,2,0,6,3,-5.799438900409019,5.799438900409019,medito,anti_homophones
9412,1,7,0,6,3,-5.27679760750839,5.27679760750839,sozite,anti_homophones
9413,1,1,0,7,3,-6.290194952775552,6.290194952775552,maRmize,anti_homophones
9414,1,0,0,10,5,-9.433593349752362,9.433593349752362,5tegoRinik,anti_homophones
9415,1,0,0,6,2,-5.8212467038734115,5.8212467038734115,klamid,anti_homophones
9416,1,2,0,4,2,-5.318927880874911,5.318927880874911,mOik,anti_homophones
9417,1,0,0,10,4,-10.250086314439788,10.250086314439788,mElwam@tEz,anti_homophones
9418,1,17,0,3,1,-4.501500813589278,4.501500813589278,8it,anti_homophones
9419,1,0,0,7,2,-6.334634895075478,6.334634895075478,sf5ktik,anti_homophones
9420,1,3,1,4,2,-4.938549012471676,4.938549012471676,niS§,anti_homophones
9421,1,5,1,6,3,-4.472487115510364,4.472487115510364,bOn°m@,anti_homophones
9422,1,0,0,10,4,-8.472448602231239,8.472448602231239,R2kORnetik,anti_homophones
9423,1,4,0,5,2,-5.473126408858323,5.473126408858323,gR°na,anti_homophones
9424,1,3,0,7,3,-7.141396601778452,7.141396601778452,kamitik,anti_homophones
9425,1,1,0,7,3,-8.133229550540642,8.133229550540642,misEl@t,anti_homophones
9426,1,6,0,6,2,-5.188366167331737,5.188366167331737,pResiG,anti_homophones
9427,1,4,0,5,2,-5.362749917747323,5.362749917747323,5fEks,anti_homophones
9428,1,7,0,5,2,-5.516599261382084,5.516599261382084,kaRb@,anti_homophones
9429,1,0,0,11,6,-12.794635215765904,12.794635215765904,elipylisizi,anti_homophones
9430,1,0,0,8,3,-6.952329587072634,6.952329587072634,tRavijaZ,anti_homophones
9431,1,1,0,6,3,-7.445600659774094,7.445600659774094,lip@de,anti_homophones
9432,1,29,0,3,1,-4.450357924077036,4.450357924077036,kin,anti_homophones
9433,1,1,0,6,3,-6.5048190337335186,6.5048190337335186,akut@s,anti_homophones
9434,1,0,0,9,4,-7.485290039644664,7.485290039644664,leZipatif,anti_homophones
9435,1,0,0,8,3,-6.535845443656379,6.535845443656379,val@twaR,anti_homophones
9436,1,0,0,11,5,-7.137081166380698,7.137081166380698,5vEstibl°m@,anti_homophones
9437,1,2,0,5,2,-5.78276268725291,5.78276268725291,bavwa,anti_homophones
9438,1,1,0,9,4,-7.481316090283623,7.481316090283623,Rapolasj§,anti_homophones
9439,1,0,0,8,3,-8.201947628488197,8.201947628488197,matRajaZ,anti_homophones
9440,1,5,0,5,2,-6.236534060785548,6.236534060785548,tERas,anti_homophones
9441,1,12,1,3,2,-5.2720392305899075,5.2720392305899075,kO5,anti_homophones
9442,1,3,0,5,2,-5.2572374133436455,5.2572374133436455,amORf,anti_homophones
9443,1,2,0,5,2,-5.485478349193534,5.485478349193534,Z@vj2,anti_homophones
9444,1,8,0,4,2,-5.215054929388675,5.215054929388675,akOl,anti_homophones
9445,1,0,0,12,5,-9.815530297571216,9.815530297571216,EkspRem@site,anti_homophones
9446,1,2,0,7,3,-6.372963885396138,6.372963885396138,depisaZ,anti_homophones
9447,1,0,0,8,4,-6.801171097042715,6.801171097042715,l@guR2ze,anti_homophones
9448,1,0,0,10,4,-9.96187287741574,9.96187287741574,apikyltRal,anti_homophones
9449,1,20,0,2,1,-4.588378973516679,4.588378973516679,8i,anti_homophones
9450,1,4,0,7,3,-5.455630669723655,5.455630669723655,sepasj§,anti_homophones
9451,1,0,0,9,3,-5.538877682346558,5.538877682346558,dispEkt9R,anti_homophones
9452,1,0,0,7,2,-6.5242817230861565,6.5242817230861565,tRes@dR,anti_homophones
9453,1,2,0,5,2,-5.925175102635807,5.925175102635807,akORs,anti_homophones
9454,1,5,0,5,3,-5.501287269114071,5.501287269114071,apaR@,anti_homophones
9455,1,0,0,10,4,-9.797308314632616,9.797308314632616,altERosk2m,anti_homophones
9456,1,0,0,7,2,-6.809083603037513,6.809083603037513,m§stERn,anti_homophones
9457,1,2,0,7,3,-5.806138382003593,5.806138382003593,skaj°m@,anti_homophones
9458,1,0,0,14,6,-12.19228454593261,12.19228454593261,evalwaNezid8El,anti_homophones
9459,1,0,0,13,6,-12.60116090767311,12.60116090767311,memElitElylER,anti_homophones
9460,1,21,2,3,1,-3.908371286640535,3.908371286640535,naz,anti_homophones
9461,1,21,1,3,1,-4.328953563005678,4.328953563005678,5tR,anti_homophones
9462,1,0,0,9,3,-6.136857220002051,6.136857220002051,pRefEkt9R,anti_homophones
9463,1,1,0,6,2,-6.780160531053545,6.780160531053545,R°blab,anti_homophones
9464,1,0,0,10,4,-8.874299107777293,8.874299107777293,tORdjofone,anti_homophones
9465,1,0,0,13,6,-11.30720743549412,11.30720743549412,betyvenalitik,anti_homophones
9466,1,4,0,5,2,-4.976637607490394,4.976637607490394,pl9Re,anti_homophones
9467,1,1,0,9,4,-7.937717499724184,7.937717499724184,5tERstite,anti_homophones
9468,1,0,0,7,3,-7.800822789573179,7.800822789573179,Sipodj@,anti_homophones
9469,1,0,0,9,3,-6.773578927625531,6.773578927625531,gR@diksj§,anti_homophones
9470,1,0,0,9,4,-7.803723019247968,7.803723019247968,sebORdam@,anti_homophones
9471,1,2,0,4,2,-5.152751612479929,5.152751612479929,fam2,anti_homophones
9472,1,0,0,9,4,-8.884544049618128,8.884544049618128,imiljatsu,anti_homophones
9473,1,1,0,7,3,-6.403034930310592,6.403034930310592,elEksit,anti_homophones
9474,1,0,0,9,4,-8.458780918936311,8.458780918936311,k§v@tRoS@,anti_homophones
9475,1,8,1,5,2,-4.846259854470976,4.846259854470976,delin,anti_homophones
9476,1,15,1,4,2,-3.988710459220349,3.988710459220349,mode,anti_homophones
9477,1,3,0,5,2,-6.288664075011723,6.288664075011723,galja,anti_homophones
9478,1,12,0,4,2,-4.346509085197949,4.346509085197949,alto,anti_homophones
9479,1,0,0,7,3,-7.8070384245212665,7.8070384245212665,sodaZik,anti_homophones
9480,1,0,0,7,3,-6.590042518017918,6.590042518017918,piktyRe,anti_homophones
9481,1,0,0,7,3,-7.694182423721697,7.694182423721697,afRegyl,anti_homophones
9482,1,15,0,3,2,-4.964105208401246,4.964105208401246,5ti,anti_homophones
9483,1,2,0,6,3,-6.6093970246193505,6.6093970246193505,tel@se,anti_homophones
9484,1,11,1,3,1,-4.70490960417119,4.70490960417119,bOf,anti_homophones
9485,1,29,2,3,1,-4.382260177742649,4.382260177742649,bit,anti_homophones
9486,1,0,0,9,3,-9.334445939662844,9.334445939662844,fRemjauRt,anti_homophones
9487,1,1,0,8,3,-6.555620291815038,6.555620291815038,manimizm,anti_homophones
9488,1,1,1,5,2,-5.1349003914740186,5.1349003914740186,g5gEt,anti_homophones
9489,1,5,0,6,2,-5.22371001269934,5.22371001269934,paswaR,anti_homophones
9490,1,0,0,13,6,-16.07411123996186,16.07411123996186,ypERZibwibyle,anti_homophones
9491,1,0,0,8,3,-7.753951639417168,7.753951639417168,modisabl,anti_homophones
9492,1,2,0,4,2,-5.527503446656452,5.527503446656452,f§s2,anti_homophones
9493,1,0,0,8,3,-7.554409427282513,7.554409427282513,pRotEREt,anti_homophones
9494,1,0,0,9,4,-8.39001373524093,8.39001373524093,koteRikal,anti_homophones
9495,1,12,0,5,2,-4.516538250889295,4.516538250889295,paR9R,anti_homophones
9496,1,8,0,5,1,-5.256409473525322,5.256409473525322,pORts,anti_homophones
9497,1,0,0,6,3,-8.069801614254988,8.069801614254988,alad9j,anti_homophones
9498,1,0,0,11,5,-8.75213776899654,8.75213776899654,@bolist@sje,anti_homophones
9499,1,0,0,7,3,-7.855478576035946,7.855478576035946,R°twane,anti_homophones
9500,1,0,0,9,3,-6.063099694435629,6.063099694435629,dekRomEtR,anti_homophones
9501,1,2,0,8,4,-5.3616127699310026,5.3616127699310026,negalite,anti_homophones
9502,1,7,1,7,3,-4.561044560074071,4.561044560074071,mytasj§,anti_homophones
9503,1,0,0,7,3,-4.971379594155736,4.971379594155736,pozisj§,anti_homophones
9504,1,6,1,4,2,-4.628153914326464,4.628153914326464,bufo,anti_homophones
9505,1,0,0,11,5,-8.282583325372094,8.282583325372094,sOnadj2z°m@,anti_homophones
9506,1,3,1,5,2,-6.201524059719457,6.201524059719457,lezim,anti_homophones
9507,1,0,0,11,5,-8.878408924484171,8.878408924484171,5tERoZ°nEtR,anti_homophones
9508,1,0,0,10,5,-9.90874765799544,9.90874765799544,pOlOZ°nEs@,anti_homophones
9509,1,0,0,12,5,-9.593782952013864,9.593782952013864,savwateRatik,anti_homophones
9510,1,0,0,6,1,-5.969124579375902,5.969124579375902,spastR,anti_homophones
9511,1,0,0,9,4,-8.082311593282933,8.082311593282933,R2demofOn,anti_homophones
9512,1,1,1,5,2,-5.529627267335716,5.529627267335716,gR2n@,anti_homophones
9513,1,0,0,10,5,-7.0643017914833495,7.0643017914833495,Rivabilite,anti_homophones
9514,1,1,0,7,3,-5.8244881322272715,5.8244881322272715,balisj§,anti_homophones
9515,1,30,0,2,1,-4.568534844804823,4.568534844804823,ti,anti_homophones
9516,1,1,0,8,3,-6.373091521017941,6.373091521017941,tRibl2m@,anti_homophones
9517,1,6,0,4,2,-5.193441636974936,5.193441636974936,ebuR,anti_homophones
9518,1,0,0,12,5,-10.566439320071126,10.566439320071126,5difORmadERn,anti_homophones
9519,1,7,0,5,2,-4.860128168806739,4.860128168806739,tRaZe,anti_homophones
9520,1,0,0,7,2,-7.396176941067817,7.396176941067817,pOstjaz,anti_homophones
9521,1,24,1,4,2,-4.43429915973362,4.43429915973362,feRe,anti_homophones
9522,1,1,0,5,3,-5.04411899520286,5.04411899520286,izOmi,anti_homophones
9523,1,1,0,9,4,-7.888131869146903,7.888131869146903,kOksizite,anti_homophones
9524,1,0,0,8,3,-6.711813896473901,6.711813896473901,kapidabl,anti_homophones
9525,1,0,0,8,4,-5.652386320095818,5.652386320095818,dekOl°m@,anti_homophones
9526,1,0,0,8,3,-5.343501479380178,5.343501479380178,R°fRwaje,anti_homophones
9527,1,0,0,6,3,-5.820185945278003,5.820185945278003,katon2,anti_homophones
9528,1,4,0,5,2,-4.9388935831549885,4.9388935831549885,R°SaR,anti_homophones
9529,1,7,0,4,2,-4.89793960646368,4.89793960646368,R°ZE,anti_homophones
9530,1,0,0,7,3,-6.962663514880989,6.962663514880989,viRyRj2,anti_homophones
9531,1,16,1,3,2,-4.572648828786559,4.572648828786559,uti,anti_homophones
9532,1,15,0,4,1,-4.633847651257838,4.633847651257838,tRav,anti_homophones
9533,1,0,0,11,4,-9.098107991268268,9.098107991268268,nekR@pORsj§,anti_homophones
9534,1,2,0,6,3,-6.518039877004807,6.518039877004807,felate,anti_homophones
9535,1,0,0,10,4,-7.876234793613545,7.876234793613545,mylteRjote,anti_homophones
9536,1,13,0,4,1,-4.972956406124406,4.972956406124406,bREz,anti_homophones
9537,1,0,0,9,4,-8.957079285754672,8.957079285754672,nipROk°t§,anti_homophones
9538,1,0,0,11,5,-8.380073149474047,8.380073149474047,5tegozitizm,anti_homophones
9539,1,5,0,5,2,-5.48668121998431,5.48668121998431,pot@t,anti_homophones
9540,1,0,0,8,4,-7.5035190253041675,7.5035190253041675,m2g§d°m@,anti_homophones
9541,1,0,0,7,3,-9.842673134946821,9.842673134946821,uskupaR,anti_homophones
9542,1,6,0,5,2,-4.944943544131656,4.944943544131656,gRaf5,anti_homophones
9543,1,4,0,5,2,-5.825803727881007,5.825803727881007,bRut2,anti_homophones
9544,1,0,0,11,5,-7.543159206713046,7.543159206713046,vERtitik°m@,anti_homophones
9545,1,18,1,3,1,-4.260697006511732,4.260697006511732,blo,anti_homophones
9546,1,0,1,7,3,-5.198799190994127,5.198799190994127,k§d8ite,anti_homophones
9547,1,4,0,6,3,-5.5821186418733335,5.5821186418733335,5gylER,anti_homophones
9548,1,0,0,7,3,-6.672268067055702,6.672268067055702,tybeRje,anti_homophones
9549,1,31,1,3,1,-4.192529546191618,4.192529546191618,mEl,anti_homophones
9550,1,2,0,6,3,-5.8232996023713675,5.8232996023713675,R°t§b@,anti_homophones
9551,1,0,0,11,5,-7.2471329608077415,7.2471329608077415,komynifEs9R,anti_homophones
9552,1,0,0,10,5,-7.903191062324886,7.903191062324886,velipOn°m@,anti_homophones
9553,1,0,0,10,4,-8.276530741833827,8.276530741833827,inEksiklik,anti_homophones
9554,1,0,0,6,3,-7.159069482383846,7.159069482383846,enERpe,anti_homophones
9555,1,25,3,4,1,-3.676476650104989,3.676476650104989,sist,anti_homophones
9556,1,5,0,5,2,-5.456586152212602,5.456586152212602,emwaR,anti_homophones
9557,1,0,0,12,6,-12.99191865000391,12.99191865000391,5sibisteom@s,anti_homophones
9558,1,9,1,5,2,-4.229955395397634,4.229955395397634,5dist,anti_homophones
9559,1,4,1,5,3,-5.132710121945354,5.132710121945354,deis@,anti_homophones
9560,1,1,2,8,3,-4.857864160766285,4.857864160766285,fORmasj§,anti_homophones
9561,1,13,1,4,2,-4.618607319089092,4.618607319089092,REse,anti_homophones
9562,1,2,0,6,2,-5.38431490364265,5.38431490364265,pRevOl,anti_homophones
9563,1,0,0,10,3,-11.773503443369192,11.773503443369192,tisjeRjEkl,anti_homophones
9564,1,3,0,6,3,-5.503441651847773,5.503441651847773,fyzite,anti_homophones
9565,1,6,1,5,2,-4.764368002336292,4.764368002336292,deR@s,anti_homophones
9566,1,10,2,6,3,-4.225516989280757,4.225516989280757,pas°m@,anti_homophones
9567,1,0,0,9,3,-7.787990131478025,7.787990131478025,SukRakt9R,anti_homophones
9568,1,0,0,12,5,-9.14052634620891,9.14052634620891,tuRdinatolOg,anti_homophones
9569,1,3,0,5,2,-6.405806949389372,6.405806949389372,tORtE,anti_homophones
9570,1,0,0,7,2,-7.900059160615686,7.900059160615686,vjORdoz,anti_homophones
9571,1,3,0,4,2,-4.360676578271237,4.360676578271237,t°n@,anti_homophones
9572,1,0,0,9,4,-9.390283976304922,9.390283976304922,atakaRnER,anti_homophones
9573,1,2,0,4,2,-5.91231858360232,5.91231858360232,impo,anti_homophones
9574,1,6,0,4,1,-5.528333598062492,5.528333598062492,naRs,anti_homophones
9575,1,0,0,8,4,-6.962892403115142,6.962892403115142,siliz°m@,anti_homophones
9576,1,0,0,11,5,-9.96534946267099,9.96534946267099,fenigmateZi,anti_homophones
9577,1,4,1,6,3,-4.643523651668124,4.643523651668124,sypoze,anti_homophones
9578,1,5,0,5,2,-5.5906457594745556,5.5906457594745556,kafaZ,anti_homophones
9579,1,2,0,4,2,-5.574682312617151,5.574682312617151,moza,anti_homophones
9580,1,4,0,4,2,-6.099216906998154,6.099216906998154,siva,anti_homophones
9581,1,0,0,8,4,-8.116398421776218,8.116398421776218,ykagulaZ,anti_homophones
9582,1,0,0,4,2,-6.3638236071677525,6.3638236071677525,koag,anti_homophones
9583,1,0,0,7,4,-6.912893102220619,6.912893102220619,iRepeSe,anti_homophones
9584,1,0,0,6,3,-7.951886570718316,7.951886570718316,p§titu,anti_homophones
9585,1,0,0,11,5,-10.13488959323063,10.13488959323063,kaRbaRadoR@,anti_homophones
9586,1,2,0,6,2,-5.620748010903557,5.620748010903557,tR@bl@,anti_homophones
9587,1,1,0,6,2,-6.001411206663616,6.001411206663616,tRofit,anti_homophones
9588,1,2,0,6,2,-5.6336144202331075,5.6336144202331075,siR5ks,anti_homophones
9589,1,0,0,10,4,-7.502938511145586,7.502938511145586,k§pREsjon@,anti_homophones
9590,1,0,0,9,4,-8.43661503654431,8.43661503654431,sERviROpi,anti_homophones
9591,1,0,0,8,3,-8.416854525238193,8.416854525238193,SnOksimo,anti_homophones
9592,1,0,0,9,4,-8.905390531974772,8.905390531974772,akRisambo,anti_homophones
9593,1,7,0,5,2,-4.788341566636589,4.788341566636589,kanad,anti_homophones
9594,1,7,0,5,1,-5.16806939169199,5.16806939169199,plaks,anti_homophones
9595,1,2,0,5,1,-5.977260893757617,5.977260893757617,bROks,anti_homophones
9596,1,0,0,10,5,-8.853508554907041,8.853508554907041,2nofilolOg,anti_homophones
9597,1,16,0,4,1,-4.374457733020601,4.374457733020601,tRiR,anti_homophones
9598,1,32,1,3,1,-4.167143926340133,4.167143926340133,bRa,anti_homophones
9599,1,18,1,3,1,-4.681500323182103,4.681500323182103,vaj,anti_homophones
9600,1,2,0,4,2,-5.465221647315242,5.465221647315242,@dR§,anti_homophones
9601,1,1,0,7,3,-6.364881633062499,6.364881633062499,luRdiz@,anti_homophones
9602,1,1,0,5,2,-5.527544835392057,5.527544835392057,eg8in,anti_homophones
9603,1,10,1,5,2,-5.123139505384672,5.123139505384672,kRoke,anti_homophones
9604,1,0,0,5,2,-5.2356219636392884,5.2356219636392884,bigin,anti_homophones
9605,1,7,0,5,2,-5.291810958417978,5.291810958417978,kaRbi,anti_homophones
9606,1,2,0,5,3,-5.83042434789339,5.83042434789339,osed@,anti_homophones
9607,1,0,0,10,4,-10.729743171500736,10.729743171500736,pasafiRist,anti_homophones
9608,1,12,1,3,1,-4.620497817557104,4.620497817557104,b8i,anti_homophones
9609,1,4,1,6,3,-6.001099763131762,6.001099763131762,kavize,anti_homophones
9610,1,0,0,11,5,-9.116961922800254,9.116961922800254,EgzORd°liZ@,anti_homophones
9611,1,8,0,5,2,-4.946818223109664,4.946818223109664,tRese,anti_homophones
9612,1,0,0,9,5,-8.527451351573026,8.527451351573026,kaniilame,anti_homophones
9613,1,1,0,5,2,-8.614585666279943,8.614585666279943,tRyEm,anti_homophones
9614,1,0,0,8,4,-11.683489138814814,11.683489138814814,t§kOk°nu,anti_homophones
9615,1,0,0,6,3,-6.151893702282033,6.151893702282033,islami,anti_homophones
9616,1,4,0,5,2,-4.8390413696129215,4.8390413696129215,R°Zwe,anti_homophones
9617,1,0,0,15,6,-11.759555440987883,11.759555440987883,papatRoSiminist,anti_homophones
9618,1,0,0,9,4,-8.161112209155304,8.161112209155304,saaRjoRik,anti_homophones
9619,1,0,0,7,2,-6.353617464571096,6.353617464571096,klopEtR,anti_homophones
9620,1,6,0,5,1,-4.710123412144331,4.710123412144331,stRaZ,anti_homophones
9621,1,14,1,4,1,-3.928613039615366,3.928613039615366,fRaZ,anti_homophones
9622,1,0,0,6,3,-6.44755301940506,6.44755301940506,piZoRa,anti_homophones
9623,1,20,2,3,1,-4.274480808719075,4.274480808719075,flE,anti_homophones
9624,1,26,0,3,2,-4.805757234054772,4.805757234054772,ad@,anti_homophones
9625,1,0,0,12,5,-11.737891311714801,11.737891311714801,autSundRajEn,anti_homophones
9626,1,3,0,5,2,-5.850045259017294,5.850045259017294,buliS,anti_homophones
9627,1,0,0,10,4,-9.628787846164634,9.628787846164634,pERbeatwaR,anti_homophones
9628,1,1,0,6,2,-6.202041545423059,6.202041545423059,laRm9R,anti_homophones
9629,1,0,0,14,6,-11.95511643438246,11.95511643438246,k§kybitybyldEn,anti_homophones
9630,1,0,0,8,4,-6.358779127577429,6.358779127577429,l@g9l°m@,anti_homophones
9631,1,0,0,14,5,-12.19382729576632,12.19382729576632,R°bERnjometizm,anti_homophones
9632,1,0,0,7,3,-6.94578902077914,6.94578902077914,s5paRaf,anti_homophones
9633,1,3,1,5,2,-4.939681516592138,4.939681516592138,kokin,anti_homophones
9634,1,0,0,9,4,-9.352040559647143,9.352040559647143,skopeRapa,anti_homophones
9635,1,2,0,6,3,-6.5062600511817,6.5062600511817,Re@dER,anti_homophones
9636,1,2,0,6,3,-6.443596611187501,6.443596611187501,agl@de,anti_homophones
9637,1,1,0,7,3,-6.409860932952254,6.409860932952254,opolizm,anti_homophones
9638,1,0,0,7,2,-7.559253035659674,7.559253035659674,sklavER,anti_homophones
9639,1,12,1,3,1,-4.592871871763578,4.592871871763578,Som,anti_homophones
9640,1,0,0,6,3,-6.777580696208717,6.777580696208717,mesesi,anti_homophones
9641,1,12,0,3,2,-5.116151742810435,5.116151742810435,aju,anti_homophones
9642,1,0,0,9,5,-7.071444055156151,7.071444055156151,ol5pik°m@,anti_homophones
9643,1,0,0,8,3,-7.2665572523452155,7.2665572523452155,iR2p8izm,anti_homophones
9644,1,0,0,6,3,-5.56914923594735,5.56914923594735,@bReje,anti_homophones
9645,1,0,0,7,3,-6.015275362941468,6.015275362941468,enypsj§,anti_homophones
9646,1,0,0,7,3,-5.969747653801076,5.969747653801076,kapysj§,anti_homophones
9647,1,6,0,4,2,-4.662318986259395,4.662318986259395,d2te,anti_homophones
9648,1,0,0,13,4,-10.777041972390064,10.777041972390064,pRydwaRistwaR,anti_homophones
9649,1,0,0,11,5,-9.440714749041542,9.440714749041542,sakRezOl°m@,anti_homophones
9650,1,3,0,6,3,-6.455162893389745,6.455162893389745,R@fene,anti_homophones
9651,1,0,0,9,4,-6.9096525444271215,6.9096525444271215,idRoZ°nER,anti_homophones
9652,1,5,0,5,2,-4.86876652565747,4.86876652565747,k§sEt,anti_homophones
9653,1,5,1,4,1,-4.769356331086636,4.769356331086636,njOm,anti_homophones
9654,1,0,0,10,5,-7.200396714960292,7.200396714960292,5pot@tasj§,anti_homophones
9655,1,1,0,6,3,-6.268119556983633,6.268119556983633,val@t5,anti_homophones
9656,1,12,1,4,1,-4.558623867677646,4.558623867677646,sERv,anti_homophones
9657,1,1,0,8,4,-8.483429034774737,8.483429034774737,@kOskOpi,anti_homophones
9658,1,0,0,9,4,-8.34702251648915,8.34702251648915,5siploRoz,anti_homophones
9659,1,10,0,4,1,-4.44618286936714,4.44618286936714,skEt,anti_homophones
9660,1,6,1,6,2,-4.9088670975859285,4.9088670975859285,blat9R,anti_homophones
9661,1,0,0,12,5,-9.641411773356383,9.641411773356383,tRublabEl°m@,anti_homophones
9662,1,3,0,5,2,-5.53812322671094,5.53812322671094,glasi,anti_homophones
9663,1,24,1,3,2,-4.09157178289988,4.09157178289988,ope,anti_homophones
9664,1,0,0,11,4,-9.144029783163555,9.144029783163555,vwajometabl,anti_homophones
9665,1,2,1,7,3,-5.520473980389782,5.520473980389782,sibilit,anti_homophones
9666,1,1,0,6,3,-5.383761148039607,5.383761148039607,deRase,anti_homophones
9667,1,0,0,6,3,-7.3757005094108425,7.3757005094108425,egRify,anti_homophones
9668,1,9,0,6,3,-4.677350751652447,4.677350751652447,s5t°m@,anti_homophones
9669,1,0,0,11,4,-10.598424803438082,10.598424803438082,tutuRt@sjEl,anti_homophones
9670,1,0,0,12,5,-9.193101702179362,9.193101702179362,sysyRvizat9R,anti_homophones
9671,1,2,0,5,3,-6.783303897963854,6.783303897963854,ideER,anti_homophones
9672,1,0,0,11,5,-10.349765332750003,10.349765332750003,dezORpetod§,anti_homophones
9673,1,0,0,6,3,-6.22765496872584,6.22765496872584,ymidas,anti_homophones
9674,1,2,0,5,1,-6.1426820173396495,6.1426820173396495,t8itR,anti_homophones
9675,1,0,0,7,3,-5.789973973975164,5.789973973975164,R2fasj§,anti_homophones
9676,1,1,0,5,2,-6.015779884497627,6.015779884497627,giNOt,anti_homophones
9677,1,13,1,4,2,-4.834133899191813,4.834133899191813,fyRi,anti_homophones
9678,1,2,0,5,3,-5.168584955707303,5.168584955707303,2loZi,anti_homophones
9679,1,0,0,7,3,-7.077097034430335,7.077097034430335,gwas@d@,anti_homophones
9680,1,4,0,5,2,-5.790399108968355,5.790399108968355,RozER,anti_homophones
9681,1,0,0,10,4,-6.961708061923517,6.961708061923517,pekyp§kt9R,anti_homophones
9682,1,0,0,7,4,-7.195162158577327,7.195162158577327,@kylaRi,anti_homophones
9683,1,0,0,8,4,-8.796620901228323,8.796620901228323,Retanano,anti_homophones
9684,1,15,1,4,2,-4.687632412488537,4.687632412488537,pim@,anti_homophones
9685,1,0,0,9,4,-5.560237441137749,5.560237441137749,Omnj2z°m@,anti_homophones
9686,1,4,0,4,1,-5.18007461058409,5.18007461058409,1tEl,anti_homophones
9687,1,5,0,4,2,-5.1998452166143965,5.1998452166143965,nat@,anti_homophones
9688,1,0,0,7,3,-6.71419609248602,6.71419609248602,mesamuR,anti_homophones
9689,1,0,0,10,4,-10.990611407638658,10.990611407638658,tuRbidikam,anti_homophones
9690,1,11,0,5,2,-4.651615813786673,4.651615813786673,solER,anti_homophones
9691,1,0,0,10,4,-6.445453561146826,6.445453561146826,k§figyRZik,anti_homophones
9692,1,0,1,7,3,-4.807359945273017,4.807359945273017,siNifje,anti_homophones
9693,1,2,0,5,2,-5.418457787070903,5.418457787070903,piRwa,anti_homophones
9694,1,2,0,6,3,-5.853920977315167,5.853920977315167,fov°ny,anti_homophones
9695,1,0,0,11,5,-13.099482641800412,13.099482641800412,ZeosateREnS,anti_homophones
9696,1,9,1,6,3,-4.733508959914644,4.733508959914644,baj°m@,anti_homophones
9697,1,15,0,4,2,-4.3852660425041305,4.3852660425041305,b@de,anti_homophones
9698,1,0,0,10,4,-10.879966781162048,10.879966781162048,deblagalva,anti_homophones
9699,1,0,0,13,6,-9.938350514142893,9.938350514142893,k§dREsifik°m@,anti_homophones
9700,1,5,1,4,2,-4.8781510702779025,4.8781510702779025,asp5,anti_homophones
9701,1,0,0,9,4,-9.598185181374491,9.598185181374491,galad5dol,anti_homophones
9702,1,0,0,13,5,-8.858399676083913,8.858399676083913,gospEktogRafi,anti_homophones
9703,1,0,0,9,3,-7.289350810539918,7.289350810539918,t@g§sjabl,anti_homophones
9704,1,1,0,9,4,-5.638237046728445,5.638237046728445,palizat9R,anti_homophones
9705,1,0,0,10,4,-9.065297554982513,9.065297554982513,tegRavERte,anti_homophones
9706,1,0,0,9,5,-8.599542324945103,8.599542324945103,elibeRat§,anti_homophones
9707,1,7,1,5,3,-4.794646180650824,4.794646180650824,5t°m@,anti_homophones
9708,1,0,0,12,5,-11.868547916003639,11.868547916003639,tRaZibuk°taZ,anti_homophones
9709,1,10,0,4,1,-5.13002874133479,5.13002874133479,pERv,anti_homophones
9710,1,0,0,6,3,-6.646691814078286,6.646691814078286,bugote,anti_homophones
9711,1,0,0,9,4,-7.196713971897706,7.196713971897706,ipok§dabl,anti_homophones
9712,1,0,0,10,4,-8.437760764387097,8.437760764387097,pRopataRde,anti_homophones
9713,1,0,0,7,3,-5.467940154211812,5.467940154211812,R°s@s9R,anti_homophones
9714,1,4,1,5,2,-4.628428366687713,4.628428366687713,p§d9R,anti_homophones
9715,1,0,0,9,4,-9.113637821573414,9.113637821573414,geRidOlbi,anti_homophones
9716,1,0,0,12,5,-9.104835581301852,9.104835581301852,dez5fEktabyl,anti_homophones
9717,1,2,0,7,2,-6.737676588606401,6.737676588606401,tERnEtR,anti_homophones
9718,1,0,0,14,5,-12.258390643627502,12.258390643627502,fl@b9RnogRapaZ,anti_homophones
9719,1,3,0,5,2,-5.820298762829704,5.820298762829704,kivOR,anti_homophones
9720,1,0,1,7,3,-6.017013194992527,6.017013194992527,telEkto,anti_homophones
9721,1,0,0,9,4,-9.660665074677688,9.660665074677688,Opsistoma,anti_homophones
9722,1,0,0,12,5,-8.554696497994613,8.554696497994613,libRikyltyRe,anti_homophones
9723,1,1,0,6,3,-6.067155852000329,6.067155852000329,akijaR,anti_homophones
9724,1,2,0,4,2,-4.935117448918431,4.935117448918431,Sov5,anti_homophones
9725,1,0,0,14,6,-8.778451772664571,8.778451772664571,k§st@silizasj§,anti_homophones
9726,1,1,0,8,4,-7.152955841802332,7.152955841802332,ebalasj§,anti_homophones
9727,1,0,0,12,6,-11.495791512960245,11.495791512960245,Rezoik°mORfe,anti_homophones
9728,1,11,2,4,1,-3.982001650737137,3.982001650737137,kRwa,anti_homophones
9729,1,0,0,8,4,-5.622211648238632,5.622211648238632,mutOn°Ri,anti_homophones
9730,1,0,0,11,5,-8.28878784079076,8.28878784079076,R2medjat°m@,anti_homophones
9731,1,5,0,4,1,-4.790508828333428,4.790508828333428,plym,anti_homophones
9732,1,0,0,7,4,-7.913159299963715,7.913159299963715,ot@tiR@,anti_homophones
9733,1,16,0,3,1,-4.345933333143247,4.345933333143247,kOS,anti_homophones
9734,1,7,0,5,2,-5.298445983792545,5.298445983792545,pOtik,anti_homophones
9735,1,0,0,8,4,-8.532141264469118,8.532141264469118,apeRikER,anti_homophones
9736,1,0,0,12,5,-10.538796865962835,10.538796865962835,pOstetalonEt,anti_homophones
9737,1,0,0,6,2,-6.318241466639211,6.318241466639211,balyst,anti_homophones
9738,1,0,0,11,4,-7.378396081631139,7.378396081631139,selEkspEkte,anti_homophones
9739,1,0,0,13,5,-8.95306493323829,8.95306493323829,gRibORdizasj§,anti_homophones
9740,1,6,0,5,2,-5.890037121526452,5.890037121526452,mORni,anti_homophones
9741,1,0,0,6,3,-6.471770948607165,6.471770948607165,Sipok§,anti_homophones
9742,1,4,0,5,2,-5.597258552350194,5.597258552350194,mERve,anti_homophones
9743,1,0,0,6,3,-7.287740300010469,7.287740300010469,tetofe,anti_homophones
9744,1,0,0,11,4,-8.260038460456693,8.260038460456693,penetEknist,anti_homophones
9745,1,1,0,7,2,-6.669929878119646,6.669929878119646,pRostaZ,anti_homophones
9746,1,11,1,5,2,-4.430545791920618,4.430545791920618,kul9R,anti_homophones
9747,1,0,0,8,3,-6.034872503668347,6.034872503668347,Ekspl@Se,anti_homophones
9748,1,0,0,12,4,-9.83087702213588,9.83087702213588,dest5ktimizm,anti_homophones
9749,1,3,1,6,2,-4.855310634124034,4.855310634124034,sovjER,anti_homophones
9750,1,23,1,4,2,-4.444687027842873,4.444687027842873,baSe,anti_homophones
9751,1,0,0,6,2,-6.416101279651211,6.416101279651211,djosEt,anti_homophones
9752,1,0,0,10,4,-8.904553672525072,8.904553672525072,myfl°tonal,anti_homophones
9753,1,0,0,8,3,-6.039637749911377,6.039637749911377,seks8ety,anti_homophones
9754,1,1,0,8,4,-5.849147877497011,5.849147877497011,R°vil°m@,anti_homophones
9755,1,23,0,3,2,-4.335362491450129,4.335362491450129,azi,anti_homophones
9756,1,0,0,6,3,-6.256408151144295,6.256408151144295,tuSaje,anti_homophones
9757,1,4,0,5,2,-5.554085993270113,5.554085993270113,apRom,anti_homophones
9758,1,0,0,6,3,-7.158346183468683,7.158346183468683,vigaR@,anti_homophones
9759,1,0,0,10,4,-10.71928680387244,10.71928680387244,alkotEstoR,anti_homophones
9760,1,1,0,6,2,-6.142930312744736,6.142930312744736,saR5ks,anti_homophones
9761,1,17,2,5,2,-3.8784875270961616,3.8784875270961616,vasj§,anti_homophones
9762,1,4,0,5,2,-5.39003826093038,5.39003826093038,deSEk,anti_homophones
9763,1,0,0,8,3,-6.306453407366528,6.306453407366528,savoRizm,anti_homophones
9764,1,0,0,7,4,-7.989218594483687,7.989218594483687,yReliZ@,anti_homophones
9765,1,2,1,5,3,-5.110096146013314,5.110096146013314,aliz@,anti_homophones
9766,1,9,1,3,1,-4.5454809306302995,4.5454809306302995,5gR,anti_homophones
9767,1,10,0,4,1,-4.470206097597341,4.470206097597341,buRs,anti_homophones
9768,1,1,0,6,3,-7.687068151261733,7.687068151261733,obydZe,anti_homophones
9769,1,0,0,11,5,-8.38255631823162,8.38255631823162,aRSisabl2m@,anti_homophones
9770,1,0,0,13,6,-11.215479724288945,11.215479724288945,olinistRy@daZ,anti_homophones
9771,1,0,0,7,3,-9.15075694700985,9.15075694700985,migazif,anti_homophones
9772,1,16,1,3,1,-4.06255693397435,4.06255693397435,Zwa,anti_homophones
9773,1,13,2,4,1,-3.690370061483093,3.690370061483093,fORm,anti_homophones
9774,1,0,0,14,5,-13.216566537740416,13.216566537740416,tRaksimilj§sil,anti_homophones
9775,1,0,0,12,5,-11.57091582701261,11.57091582701261,k§s@tRam°duj,anti_homophones
9776,1,11,0,5,2,-5.124818434761092,5.124818434761092,kaRat,anti_homophones
9777,1,0,0,14,5,-11.025776090370595,11.025776090370595,destamikRoSabl,anti_homophones
9778,1,0,0,7,3,-9.088236454507738,9.088236454507738,RON°f9j,anti_homophones
9779,1,1,0,6,3,-5.92320261342733,5.92320261342733,inanik,anti_homophones
9780,1,0,0,7,3,-6.496560604655357,6.496560604655357,sinezj5,anti_homophones
9781,1,1,0,5,2,-5.7310340654653045,5.7310340654653045,legys,anti_homophones
9782,1,0,0,13,5,-12.14044040536733,12.14044040536733,S@pw5t@sjonaS,anti_homophones
9783,1,0,0,8,3,-8.906445451012917,8.906445451012917,k§kORdR§,anti_homophones
9784,1,0,0,7,3,-8.424562788147146,8.424562788147146,Regymaj,anti_homophones
9785,1,11,0,5,2,-4.739955124930461,4.739955124930461,mit9R,anti_homophones
9786,1,0,0,7,3,-7.1051087845850915,7.1051087845850915,somazin,anti_homophones
9787,1,2,0,7,3,-4.733759154114841,4.733759154114841,gORZ°m@,anti_homophones
9788,1,1,0,6,3,-6.237792369579981,6.237792369579981,evak8e,anti_homophones
9789,1,0,0,8,3,-9.643048905475766,9.643048905475766,ponitR9s,anti_homophones
9790,1,0,0,5,2,-6.568153757416162,6.568153757416162,nOvOR,anti_homophones
9791,1,2,1,7,3,-5.774494329472124,5.774494329472124,gaRdite,anti_homophones
9792,1,1,0,6,2,-5.95894564970554,5.95894564970554,fR°lin,anti_homophones
9793,1,17,1,4,2,-4.550219787953037,4.550219787953037,tole,anti_homophones
9794,1,0,0,6,3,-6.828381854425405,6.828381854425405,adoRis,anti_homophones
9795,1,3,0,5,2,-5.353465863385674,5.353465863385674,depoz,anti_homophones
9796,1,4,0,5,2,-5.520090059779904,5.520090059779904,tenj5,anti_homophones
9797,1,3,0,5,3,-6.028342435884142,6.028342435884142,@pate,anti_homophones
9798,1,0,0,8,4,-8.2377829397998,8.2377829397998,dOkin°m@,anti_homophones
9799,1,0,0,9,3,-9.222412512602041,9.222412512602041,fRwatijaZ,anti_homophones
9800,1,2,0,5,1,-4.458192772258693,4.458192772258693,bR8iR,anti_homophones
9801,1,0,0,10,4,-10.387158174951113,10.387158174951113,bolemajliG,anti_homophones
9802,1,0,0,8,4,-7.380371268046101,7.380371268046101,devaz°R§,anti_homophones
9803,1,0,0,15,6,-12.597277774891978,12.597277774891978,kRiplOm@SeRyRZi,anti_homophones
9804,1,3,0,5,2,-5.91585706223946,5.91585706223946,bit@s,anti_homophones
9805,1,1,0,6,3,-6.261267178206762,6.261267178206762,filoSE,anti_homophones
9806,1,2,0,4,2,-5.275514655026078,5.275514655026078,dybi,anti_homophones
9807,1,0,0,8,4,-10.014961122523369,10.014961122523369,veRanami,anti_homophones
9808,1,0,0,8,4,-6.772094654981598,6.772094654981598,ameRisaZ,anti_homophones
9809,1,0,0,7,3,-6.125420492472655,6.125420492472655,wiSbone,anti_homophones
9810,1,6,0,5,1,-4.617122864379224,4.617122864379224,skwaR,anti_homophones
9811,1,0,0,11,4,-12.244637502550253,12.244637502550253,gRisp5glise,anti_homophones
9812,1,0,0,7,2,-7.816084400748124,7.816084400748124,baRk°bl,anti_homophones
9813,1,0,0,8,3,-10.810970802309624,10.810970802309624,sim@tRuz,anti_homophones
9814,1,3,0,7,3,-6.948891571434765,6.948891571434765,gamitik,anti_homophones
9815,1,0,0,11,4,-10.060287583294068,10.060287583294068,tastERmatif,anti_homophones
9816,1,0,1,6,3,-5.431173240108561,5.431173240108561,amolOg,anti_homophones
9817,1,0,0,10,5,-10.923978765707494,10.923978765707494,oROsmanite,anti_homophones
9818,1,1,0,5,2,-5.922243218216134,5.922243218216134,p§dwa,anti_homophones
9819,1,1,0,8,3,-7.36203902154906,7.36203902154906,fatifist,anti_homophones
9820,1,1,0,8,4,-6.36577447480422,6.36577447480422,badisite,anti_homophones
9821,1,0,0,11,4,-8.757302137978794,8.757302137978794,pw5solystik,anti_homophones
9822,1,3,0,7,3,-5.493186527111493,5.493186527111493,pitat9R,anti_homophones
9823,1,0,0,9,3,-7.648801659409196,7.648801659409196,sosjanjOm,anti_homophones
9824,1,0,0,6,3,-6.388750464779549,6.388750464779549,tapise,anti_homophones
9825,1,0,0,6,3,-7.818512891124079,7.818512891124079,itORve,anti_homophones
9826,1,0,0,11,4,-10.41584537560805,10.41584537560805,selanjomEtR,anti_homophones
9827,1,0,0,8,4,-6.342387403253417,6.342387403253417,5tOksine,anti_homophones
9828,1,3,0,6,2,-6.179016301987782,6.179016301987782,RuvRiR,anti_homophones
9829,1,0,0,11,5,-7.885391920695928,7.885391920695928,dek§plEn°m@,anti_homophones
9830,1,5,0,4,2,-5.774433376930489,5.774433376930489,ORoz,anti_homophones
9831,1,0,0,12,6,-10.868626883227018,10.868626883227018,osedyksyalid,anti_homophones
9832,1,8,0,5,2,-4.877443838992438,4.877443838992438,aljER,anti_homophones
9833,1,0,0,10,5,-9.758305749620705,9.758305749620705,sinemagul5,anti_homophones
9834,1,13,0,3,1,-5.181092817188652,5.181092817188652,nig,anti_homophones
9835,1,13,1,4,2,-4.7014276224866975,4.7014276224866975,sino,anti_homophones
9836,1,0,0,10,5,-8.892388503229503,8.892388503229503,5tRomativ@,anti_homophones
9837,1,0,0,9,4,-9.569329172814733,9.569329172814733,koR5dOmaZ,anti_homophones
9838,1,3,1,6,3,-6.119564788357559,6.119564788357559,esoRal,anti_homophones
9839,1,1,0,5,3,-5.395363194332851,5.395363194332851,of@se,anti_homophones
9840,1,5,1,4,1,-4.802011988299316,4.802011988299316,stRy,anti_homophones
9841,1,27,0,2,1,-4.584677263418147,4.584677263418147,R5,anti_homophones
9842,1,0,0,5,3,-6.702053605946645,6.702053605946645,aSidy,anti_homophones
9843,1,19,1,2,1,-4.5793937407717955,4.5793937407717955,b2,anti_homophones
9844,1,1,0,6,3,-6.450780737842592,6.450780737842592,poloRi,anti_homophones
9845,1,3,0,5,1,-5.411562760223722,5.411562760223722,tR8in,anti_homophones
9846,1,0,0,11,5,-9.124627794224402,9.124627794224402,s°vRijoloZi,anti_homophones
9847,1,11,0,3,2,-4.6933591266286765,4.6933591266286765,5pa,anti_homophones
9848,1,24,1,4,1,-4.474548385963314,4.474548385963314,kRit,anti_homophones
9849,1,1,0,7,2,-6.29673938615028,6.29673938615028,taRzjEm,anti_homophones
9850,1,0,0,11,4,-8.43585781210559,8.43585781210559,miRaksjon9R,anti_homophones
9851,1,3,0,6,2,-5.691850412013227,5.691850412013227,tRakaZ,anti_homophones
9852,1,0,0,8,3,-8.72360427161682,8.72360427161682,R@ntuZuR,anti_homophones
9853,1,0,0,8,3,-8.456654957039653,8.456654957039653,valistaS,anti_homophones
9854,1,0,0,6,3,-6.880396028400569,6.880396028400569,iRaj9l,anti_homophones
9855,1,0,0,12,5,-11.170354259335916,11.170354259335916,depOksinokly,anti_homophones
9856,1,0,0,5,2,-5.951635872937645,5.951635872937645,S5SaR,anti_homophones
9857,1,0,0,10,5,-9.96868765292038,9.96868765292038,v@t2Rol°m@,anti_homophones
9858,1,0,0,10,4,-6.905320844550686,6.905320844550686,Ost@sjonEl,anti_homophones
9859,1,0,0,9,4,-6.851772714843554,6.851772714843554,ineRatwaR,anti_homophones
9860,1,0,0,7,3,-6.416773995601232,6.416773995601232,SatuS9R,anti_homophones
9861,1,13,1,6,3,-4.005661024634767,4.005661024634767,bilite,anti_homophones
9862,1,1,0,6,3,-6.59025518851011,6.59025518851011,salon@,anti_homophones
9863,1,0,0,7,3,-6.533900620319936,6.533900620319936,l5k@t9R,anti_homophones
9864,1,0,0,9,4,-7.497372138346786,7.497372138346786,@tikasabl,anti_homophones
9865,1,0,0,9,5,-10.596025127875533,10.596025127875533,ReEl2kote,anti_homophones
9866,1,0,0,13,6,-8.375657536842459,8.375657536842459,matoloZabl°m@,anti_homophones
9867,1,0,0,7,3,-8.745069227808912,8.745069227808912,sik°myR,anti_homophones
9868,1,1,0,6,3,-4.544182471294792,4.544182471294792,SySone,anti_homophones
9869,1,3,0,6,3,-5.510980549866564,5.510980549866564,aminaZ,anti_homophones
9870,1,0,1,7,3,-4.899857937831569,4.899857937831569,m9bl°m@,anti_homophones
9871,1,0,0,7,3,-6.616064136853612,6.616064136853612,dekoRys,anti_homophones
9872,1,0,0,9,3,-7.216269310040963,7.216269310040963,gw5fRatik,anti_homophones
9873,1,6,0,5,2,-4.568349470438852,4.568349470438852,disje,anti_homophones
9874,1,4,0,5,2,-5.463833844473181,5.463833844473181,@tRav,anti_homophones
9875,1,1,1,6,3,-5.685767046349637,5.685767046349637,SiS°te,anti_homophones
9876,1,2,0,5,2,-5.853474552528182,5.853474552528182,damwa,anti_homophones
9877,1,0,0,12,5,-12.46009441304695,12.46009441304695,5tR@sjonatja,anti_homophones
9878,1,0,0,8,4,-6.4337891167961585,6.4337891167961585,otoplate,anti_homophones
9879,1,0,0,9,4,-6.302205425321589,6.302205425321589,k§tRap°m@,anti_homophones
9880,1,12,0,4,2,-5.026005816693388,5.026005816693388,giSe,anti_homophones
9881,1,0,0,6,3,-5.190229416059207,5.190229416059207,@dok9R,anti_homophones
9882,1,0,0,9,4,-7.680682324077472,7.680682324077472,p5taRis9R,anti_homophones
9883,1,8,0,4,2,-4.6717035033837755,4.6717035033837755,Opsi,anti_homophones
9884,1,0,0,5,2,-4.697264541464911,4.697264541464911,R°SOk,anti_homophones
9885,1,0,0,9,4,-8.923415346537212,8.923415346537212,edifORtyR,anti_homophones
9886,1,0,0,15,6,-10.788900604271793,10.788900604271793,ofilmOpskyltyRe,anti_homophones
9887,1,1,0,6,2,-6.2288141770555185,6.2288141770555185,vERbl2,anti_homophones
9888,1,0,0,7,3,-6.210011791865852,6.210011791865852,REdisj§,anti_homophones
9889,1,0,0,6,3,-6.300259000503656,6.300259000503656,@tRoZe,anti_homophones
9890,1,2,1,5,2,-4.564483992851541,4.564483992851541,k§tEs,anti_homophones
9891,1,0,1,5,2,-5.281177278843876,5.281177278843876,fuRg§,anti_homophones
9892,1,40,1,3,1,-4.158158794328481,4.158158794328481,Rak,anti_homophones
9893,1,2,0,7,3,-5.775637606574214,5.775637606574214,Eksjon2,anti_homophones
9894,1,3,0,4,1,-4.56281116197989,4.56281116197989,m9bl,anti_homophones
9895,1,12,1,7,3,-4.872349501957998,4.872349501957998,sikasj§,anti_homophones
9896,1,4,0,5,2,-5.528884631544239,5.528884631544239,f@tER,anti_homophones
9897,1,0,0,7,3,-6.470451111567207,6.470451111567207,fetydj@,anti_homophones
9898,1,1,0,8,3,-5.706515934174504,5.706515934174504,sypORtik,anti_homophones
9899,1,0,0,5,2,-5.037204190460895,5.037204190460895,sypka,anti_homophones
9900,1,0,1,7,3,-5.23183390388165,5.23183390388165,m8Et°m@,anti_homophones
9901,1,0,0,6,2,-6.590751322206211,6.590751322206211,tRimba,anti_homophones
9902,1,2,0,5,2,-5.188520673630421,5.188520673630421,oRjEl,anti_homophones
9903,1,1,0,7,2,-5.511551242982547,5.511551242982547,speRj9R,anti_homophones
9904,1,0,0,7,3,-8.443446449694761,8.443446449694761,sujomje,anti_homophones
9905,1,0,0,11,4,-12.480431054705909,12.480431054705909,nes@tRopjat,anti_homophones
9906,1,4,0,6,3,-5.979009506428834,5.979009506428834,ibilit,anti_homophones
9907,1,2,0,5,2,-6.076367313657807,6.076367313657807,mOlt@,anti_homophones
9908,1,17,0,4,2,-5.322613633867667,5.322613633867667,filE,anti_homophones
9909,1,33,3,4,2,-3.7481059177390175,3.7481059177390175,deRe,anti_homophones
9910,1,0,0,9,4,-9.617284769878589,9.617284769878589,apsORytil,anti_homophones
9911,1,16,2,3,1,-4.101978888285662,4.101978888285662,k@s,anti_homophones
9912,1,0,0,8,3,-6.310118047049464,6.310118047049464,mjEv°niR,anti_homophones
9913,1,0,0,9,4,-7.1032908595466235,7.1032908595466235,lEktivize,anti_homophones
9914,1,0,0,8,4,-8.423135328325811,8.423135328325811,ReaRaRje,anti_homophones
9915,1,0,0,8,4,-10.231682273270133,10.231682273270133,@suskRie,anti_homophones
9916,1,0,0,8,4,-9.686762378262754,9.686762378262754,faleZEla,anti_homophones
9917,1,4,0,4,2,-5.039444723978118,5.039444723978118,t@po,anti_homophones
9918,1,0,0,7,3,-8.336603095472158,8.336603095472158,lytORSy,anti_homophones
9919,1,0,0,6,2,-7.130643929976987,7.130643929976987,ERmylt,anti_homophones
9920,1,0,0,9,3,-7.689634146797899,7.689634146797899,negRifORm,anti_homophones
9921,1,0,0,6,3,-7.401794676788273,7.401794676788273,5SilOp,anti_homophones
9922,1,16,0,3,1,-4.342612884320113,4.342612884320113,muS,anti_homophones
9923,1,7,1,4,2,-4.916082815761448,4.916082815761448,ORto,anti_homophones
9924,1,0,0,8,4,-8.046833161594712,8.046833161594712,mOgOlike,anti_homophones
9925,1,1,0,5,2,-5.419742654054425,5.419742654054425,s8ade,anti_homophones
9926,1,0,0,10,4,-8.447431489129213,8.447431489129213,altRagasj§,anti_homophones
9927,1,18,0,3,2,-4.851723625879648,4.851723625879648,aid,anti_homophones
9928,1,3,0,6,2,-5.44807534147999,5.44807534147999,gitabl,anti_homophones
9929,1,0,0,6,3,-6.34778794373674,6.34778794373674,azando,anti_homophones
9930,1,1,1,7,3,-4.908224429582307,4.908224429582307,afEkt9R,anti_homophones
9931,1,5,0,5,2,-5.371819336767657,5.371819336767657,kaRyR,anti_homophones
9932,1,3,1,7,2,-5.368501236575959,5.368501236575959,skalizm,anti_homophones
9933,1,0,0,10,4,-9.588789576465988,9.588789576465988,gRalZebRue,anti_homophones
9934,1,1,0,5,2,-5.737879751524824,5.737879751524824,admEt,anti_homophones
9935,1,0,0,10,5,-9.793655899236706,9.793655899236706,5difeREkto,anti_homophones
9936,1,8,0,7,3,-4.866255550675657,4.866255550675657,soloZik,anti_homophones
9937,1,40,0,2,1,-4.567421612011252,4.567421612011252,pa,anti_homophones
9938,1,0,0,8,4,-7.5971632572584635,7.5971632572584635,mazonade,anti_homophones
9939,1,0,0,10,3,-8.045534088092934,8.045534088092934,bR8iRanizm,anti_homophones
9940,1,0,0,8,4,-6.4873250121337005,6.4873250121337005,Romatize,anti_homophones
9941,1,35,1,3,1,-4.08831320785593,4.08831320785593,pil,anti_homophones
9942,1,0,0,7,2,-9.084750467399326,9.084750467399326,k§pRadZ,anti_homophones
9943,1,5,0,4,2,-5.763797431578302,5.763797431578302,lida,anti_homophones
9944,1,0,0,10,4,-9.658155389651624,9.658155389651624,oREsp5gRam,anti_homophones
9945,1,6,0,4,2,-5.333496154775002,5.333496154775002,not@,anti_homophones
9946,1,7,1,8,3,-4.594164771821735,4.594164771821735,gRizasj§,anti_homophones
9947,1,10,0,5,2,-4.977378239743618,4.977378239743618,s@sje,anti_homophones
9948,1,0,0,7,3,-7.7616395121083475,7.7616395121083475,5t8itiG,anti_homophones
9949,1,0,0,12,5,-10.309547788938119,10.309547788938119,kOlEskagulaZ,anti_homophones
9950,1,6,0,5,2,-5.473585616156134,5.473585616156134,bezik,anti_homophones
9951,1,3,0,7,3,-6.800203657721351,6.800203657721351,dalat9R,anti_homophones
9952,1,3,0,5,2,-4.791576578124174,4.791576578124174,yltik,anti_homophones
9953,1,2,0,6,2,-5.103041772078906,5.103041772078906,m@s8El,anti_homophones
9954,1,22,1,3,2,-4.182212388893668,4.182212388893668,aga,anti_homophones
9955,1,0,0,9,4,-8.453221110707355,8.453221110707355,malifj@te,anti_homophones
9956,1,1,0,5,2,-7.09910717815816,7.09910717815816,talbi,anti_homophones
9957,1,4,0,5,1,-4.90635874734653,4.90635874734653,stREt,anti_homophones
9958,1,5,0,4,1,-6.472136792857099,6.472136792857099,kawt,anti_homophones
9959,1,0,0,6,3,-7.002601217004329,7.002601217004329,bud°le,anti_homophones
9960,1,25,1,3,1,-4.55974045706715,4.55974045706715,laz,anti_homophones
9961,1,0,0,10,4,-10.813692839861243,10.813692839861243,islovERgle,anti_homophones
9962,1,0,0,7,3,-5.759401441755693,5.759401441755693,myltim@,anti_homophones
9963,1,0,0,9,4,-7.387448378618522,7.387448378618522,glomeopaZ,anti_homophones
9964,1,5,0,6,2,-6.205126095339933,6.205126095339933,pORk9R,anti_homophones
9965,1,0,0,9,4,-6.473917487364784,6.473917487364784,negORZ°Ri,anti_homophones
9966,1,0,0,13,6,-12.150811247800206,12.150811247800206,R@m°nabilaRme,anti_homophones
9967,1,0,0,13,6,-11.795075736515539,11.795075736515539,moRelebR@Suje,anti_homophones
9968,1,0,0,10,4,-8.013842835427306,8.013842835427306,tOptibl°m@,anti_homophones
9969,1,7,1,5,2,-4.815205941348849,4.815205941348849,bulin,anti_homophones
9970,1,3,1,5,2,-4.84103414215,4.84103414215,k§p@s,anti_homophones
9971,1,18,1,4,1,-3.7851370746701902,3.7851370746701902,labl,anti_homophones
9972,1,7,0,4,2,-4.759411757249671,4.759411757249671,R°S@,anti_homophones
9973,1,3,0,5,2,-5.053416371627306,5.053416371627306,twis@,anti_homophones
9974,1,7,0,5,3,-5.664381920981164,5.664381920981164,afyRe,anti_homophones
9975,1,14,2,4,2,-4.401689100341505,4.401689100341505,R°t@,anti_homophones
9976,1,0,0,13,5,-11.986521945813173,11.986521945813173,apsylinigmatR,anti_homophones
9977,1,5,1,5,2,-4.8405799360695365,4.8405799360695365,dekOl,anti_homophones
9978,1,3,0,5,2,-5.113706444997145,5.113706444997145,patoz,anti_homophones
9979,1,0,0,10,5,-10.984311939261197,10.984311939261197,paRatikydo,anti_homophones
9980,1,0,0,7,3,-8.475592267538085,8.475592267538085,5kyRalt,anti_homophones
9981,1,0,0,7,3,-5.171919735707783,5.171919735707783,eS@Zabl,anti_homophones
9982,1,26,0,3,1,-4.886690144264786,4.886690144264786,nak,anti_homophones
9983,1,6,0,4,2,-5.031211840780184,5.031211840780184,Rag§,anti_homophones
9984,1,0,0,9,4,-8.028960107949963,8.028960107949963,@toRj@tif,anti_homophones
9985,1,0,0,11,5,-10.396171564040493,10.396171564040493,delEktatisE,anti_homophones
9986,1,0,0,7,4,-8.02848788932955,8.02848788932955,@semati,anti_homophones
9987,1,0,0,9,5,-7.090960239790991,7.090960239790991,Re@R°Z5be,anti_homophones
9988,1,1,0,8,4,-6.729088017828991,6.729088017828991,SaREt°m@,anti_homophones
9989,1,1,0,6,2,-5.855410727793447,5.855410727793447,kRosje,anti_homophones
9990,1,0,0,9,4,-6.485256486378269,6.485256486378269,pERfEt°Ri,anti_homophones
9991,1,7,1,5,2,-4.619999967411017,4.619999967411017,kloSe,anti_homophones
9992,1,3,0,5,2,-4.8877700529845844,4.8877700529845844,R°tEl,anti_homophones
9993,1,0,0,7,3,-7.171362191685186,7.171362191685186,g§falza,anti_homophones
9994,1,1,0,6,3,-6.702626480221555,6.702626480221555,5valOS,anti_homophones
9995,1,11,0,4,2,-4.719915129914726,4.719915129914726,gije,anti_homophones
9996,1,0,0,11,5,-8.734106754762674,8.734106754762674,b§bofitasj§,anti_homophones
9997,1,0,0,9,4,-8.137855931215785,8.137855931215785,iReviz8ER,anti_homophones
9998,1,5,0,5,2,-5.086046123330429,5.086046123330429,R°v@s,anti_homophones
9999,1,23,2,3,1,-3.7975472478311643,3.7975472478311643,myR,anti_homophones
10000,1,0,0,9,5,-8.000614468464317,8.000614468464317,@fenOn°m@,anti_homophones
10001,1,24,0,1,1,-4.5690671341801545,4.5690671341801545,u,anti_homophones
10002,1,11,0,5,2,-4.547712791032311,4.547712791032311,pRoZe,anti_homophones
10003,1,0,0,9,5,-9.225491758416263,9.225491758416263,anoidalto,anti_homophones
10004,1,0,0,10,4,-6.7479509960687,6.7479509960687,syRkizasj§,anti_homophones
10005,1,1,0,7,2,-5.6630606833834225,5.6630606833834225,fRimEtR,anti_homophones
10006,1,1,0,5,2,-6.628987868549833,6.628987868549833,s5tyb,anti_homophones
10007,1,8,1,5,2,-5.208817708675933,5.208817708675933,mosj§,anti_homophones
10008,1,0,0,6,3,-7.1936528756943705,7.1936528756943705,k5k§sy,anti_homophones
10009,1,0,0,9,4,-12.610855471031096,12.610855471031096,lozislupe,anti_homophones
10010,1,0,0,12,5,-9.75727434773454,9.75727434773454,s5tijiGmanje,anti_homophones
10011,1,1,1,7,3,-4.800868232741669,4.800868232741669,idRoZEn,anti_homophones
10012,1,8,1,6,3,-4.725841943319192,4.725841943319192,avat9R,anti_homophones
10013,1,0,0,8,3,-7.48356722900905,7.48356722900905,sezilj@s,anti_homophones
10014,1,1,0,6,2,-6.771604801270157,6.771604801270157,Rublab,anti_homophones
10015,1,0,0,5,2,-5.569965884964806,5.569965884964806,RagEt,anti_homophones
10016,1,0,0,6,3,-7.231389435755949,7.231389435755949,5pESaZ,anti_homophones
10017,1,2,0,7,3,-5.870279944471447,5.870279944471447,R°s@tRe,anti_homophones
10018,1,9,2,6,3,-4.173768629166727,4.173768629166727,bul°m@,anti_homophones
10019,1,13,1,4,2,-4.79454025961147,4.79454025961147,syRE,anti_homophones
10020,1,1,0,6,3,-5.647563601462656,5.647563601462656,epigme,anti_homophones
10021,1,6,0,5,2,-5.708065704868929,5.708065704868929,syRid,anti_homophones
10022,1,0,0,7,2,-5.9879847784862426,5.9879847784862426,plasist,anti_homophones
10023,1,4,1,7,3,-5.114990556313084,5.114990556313084,syplije,anti_homophones
10024,1,1,0,9,4,-6.689088538355333,6.689088538355333,p@p°Rasj§,anti_homophones
10025,1,3,0,4,2,-5.47322686367491,5.47322686367491,etOd,anti_homophones
10026,1,1,1,4,2,-4.839329203763918,4.839329203763918,SauS,anti_homophones
10027,1,0,0,9,5,-9.717886314454312,9.717886314454312,ipotityR@,anti_homophones
10028,1,0,0,11,5,-7.3853097280692035,7.3853097280692035,Retisabl°m@,anti_homophones
10029,1,0,0,8,3,-8.249982042907655,8.249982042907655,REktilj5,anti_homophones
10030,1,0,0,11,5,-10.72812487739695,10.72812487739695,deZeneRakso,anti_homophones
10031,1,5,1,5,3,-5.019867937339566,5.019867937339566,ikote,anti_homophones
10032,1,5,1,5,2,-5.004168824945365,5.004168824945365,p@daZ,anti_homophones
10033,1,7,1,6,3,-5.089110521584507,5.089110521584507,deliZe,anti_homophones
10034,1,3,0,5,1,-5.835729584450755,5.835729584450755,p8ism,anti_homophones
10035,1,0,0,8,4,-8.120400348632677,8.120400348632677,sebeneR@,anti_homophones
10036,1,2,0,5,2,-5.763128162876012,5.763128162876012,OmnEz,anti_homophones
10037,1,2,0,4,1,-7.341712085601179,7.341712085601179,p8if,anti_homophones
10038,1,0,0,8,4,-9.185098558245578,9.185098558245578,etjofone,anti_homophones
10039,1,6,1,4,2,-4.393878585824361,4.393878585824361,agR@,anti_homophones
10040,1,0,0,8,4,-8.133795777334187,8.133795777334187,pameRik5,anti_homophones
10041,1,0,0,9,4,-10.318550401870228,10.318550401870228,k§bRamuRE,anti_homophones
10042,1,0,0,10,5,-7.8079629316732575,7.8079629316732575,ebaRizat9R,anti_homophones
10043,1,8,0,5,2,-5.5351053928644465,5.5351053928644465,SaRit,anti_homophones
10044,1,0,0,7,3,-6.786569597701392,6.786569597701392,pR@dij§,anti_homophones
10045,1,21,2,4,1,-3.777409026392851,3.777409026392851,mist,anti_homophones
10046,1,0,0,7,3,-7.3922033405023235,7.3922033405023235,uRluzaj,anti_homophones
10047,1,0,0,5,3,-7.1387544688268525,7.1387544688268525,ovin2,anti_homophones
10048,1,0,0,6,3,-5.911111496485293,5.911111496485293,kORne5,anti_homophones
10049,1,0,0,13,6,-11.016040992403493,11.016040992403493,d@tifikatajga,anti_homophones
10050,1,0,0,11,3,-8.98084791599552,8.98084791599552,tiRpwinds9R,anti_homophones
10051,1,0,0,6,2,-8.526335062023758,8.526335062023758,ljasko,anti_homophones
10052,1,14,1,4,2,-4.550420610861484,4.550420610861484,5tyR,anti_homophones
10053,1,0,0,7,2,-5.607457828485399,5.607457828485399,kRwajaZ,anti_homophones
10054,1,0,0,6,3,-7.663781106320486,7.663781106320486,Rebeka,anti_homophones
10055,1,0,0,12,4,-10.288511806163227,10.288511806163227,biskRoniswaR,anti_homophones
10056,1,0,0,7,3,-5.59121393949624,5.59121393949624,kol§tEn,anti_homophones
10057,1,0,0,10,4,-12.270196682116435,12.270196682116435,vaSablEzj§,anti_homophones
10058,1,9,0,5,2,-5.404992251030029,5.404992251030029,alsj§,anti_homophones
10059,1,1,0,5,2,-5.533703524134744,5.533703524134744,sefas,anti_homophones
10060,1,0,0,7,3,-7.110595373403862,7.110595373403862,s@glis§,anti_homophones
10061,1,2,0,6,3,-5.41792823778764,5.41792823778764,mon°m@,anti_homophones
10062,1,0,0,14,6,-13.741416487340937,13.741416487340937,bObinERZivREs2,anti_homophones
10063,1,0,0,9,5,-6.555964425054646,6.555964425054646,5diZilite,anti_homophones
10064,1,0,0,9,3,-8.256679358497157,8.256679358497157,sakRwadin,anti_homophones
10065,1,1,0,6,3,-5.655812640702471,5.655812640702471,inEksi,anti_homophones
10066,1,0,0,8,4,-6.595313181644502,6.595313181644502,5tERs°l@,anti_homophones
10067,1,26,1,3,1,-4.162654871433676,4.162654871433676,k9R,anti_homophones
10068,1,0,0,10,3,-9.050073359562525,9.050073359562525,taktOpskyl,anti_homophones
10069,1,1,0,6,2,-5.148569006368714,5.148569006368714,sybORd,anti_homophones
10070,1,0,0,9,3,-7.274182897379656,7.274182897379656,gReZipsj§,anti_homophones
10071,1,15,0,3,1,-4.831022835146825,4.831022835146825,wan,anti_homophones
10072,1,0,0,6,3,-5.9223198841279485,5.9223198841279485,R°kade,anti_homophones
10073,1,0,0,8,3,-7.451051930734591,7.451051930734591,maRSidyR,anti_homophones
10074,1,6,0,5,2,-5.389108171282436,5.389108171282436,mylse,anti_homophones
10075,1,0,0,6,3,-7.932554515420449,7.932554515420449,kaotOS,anti_homophones
10076,1,10,0,5,2,-4.586808608031109,4.586808608031109,koRER,anti_homophones
10077,1,0,0,6,2,-6.119813114360653,6.119813114360653,fuRbij,anti_homophones
10078,1,0,0,7,4,-7.1693768549661865,7.1693768549661865,neopeRo,anti_homophones
10079,1,0,0,7,3,-8.092158813788357,8.092158813788357,maRnaba,anti_homophones
10080,1,10,2,4,2,-3.8257573709115507,3.8257573709115507,s°Ri,anti_homophones
10081,1,6,0,4,2,-5.0862332767559,5.0862332767559,Zeme,anti_homophones
10082,1,0,0,6,3,-6.052660928650893,6.052660928650893,luv°n@,anti_homophones
10083,1,2,0,6,3,-5.73906602210402,5.73906602210402,Reytin,anti_homophones
10084,1,0,0,10,4,-6.991991392429387,6.991991392429387,maNetizabl,anti_homophones
10085,1,0,0,9,4,-8.371221403345587,8.371221403345587,bigatisj2,anti_homophones
10086,1,13,1,4,2,-4.314244387086256,4.314244387086256,REz§,anti_homophones
10087,1,18,1,4,2,-3.9563462862399223,3.9563462862399223,demi,anti_homophones
10088,1,0,0,13,5,-12.33674149658685,12.33674149658685,Z@dRatERvatik,anti_homophones
10089,1,0,0,7,3,-5.957790271958417,5.957790271958417,devEjaZ,anti_homophones
10090,1,20,1,6,3,-4.478748869632289,4.478748869632289,atasj§,anti_homophones
10091,1,22,1,4,1,-4.323999107433382,4.323999107433382,fizm,anti_homophones
10092,1,3,0,5,3,-5.7881345850045465,5.7881345850045465,anese,anti_homophones
10093,1,6,1,4,2,-4.554969377172684,4.554969377172684,laR5,anti_homophones
10094,1,0,0,6,2,-6.074323053425806,6.074323053425806,l5g8it,anti_homophones
10095,1,0,0,8,4,-8.054091532010661,8.054091532010661,kapiRot5,anti_homophones
10096,1,0,0,6,3,-8.200487604752986,8.200487604752986,baluse,anti_homophones
10097,1,1,0,7,3,-5.9363789669607385,5.9363789669607385,lobeist,anti_homophones
10098,1,0,0,13,4,-9.71958160247625,9.71958160247625,pastRadaptibl,anti_homophones
10099,1,0,0,12,5,-11.525658504265664,11.525658504265664,detERpReokym,anti_homophones
10100,1,8,0,7,3,-4.929789970494838,4.929789970494838,gabl°m@,anti_homophones
10101,1,0,0,7,3,-4.921672207585009,4.921672207585009,R°bl2m@,anti_homophones
10102,1,0,0,7,4,-6.467734801486484,6.467734801486484,agap°m@,anti_homophones
10103,1,1,0,6,3,-5.036850757037525,5.036850757037525,sek@se,anti_homophones
10104,1,0,0,11,5,-14.322853419769634,14.322853419769634,ZezamelodRe,anti_homophones
10105,1,1,0,6,2,-7.477761656797657,7.477761656797657,gRonEs,anti_homophones
10106,1,6,1,4,2,-4.554628312521002,4.554628312521002,ynje,anti_homophones
10107,1,3,2,6,3,-5.343562181702552,5.343562181702552,apot9R,anti_homophones
10108,1,2,1,8,3,-4.631070595592965,4.631070595592965,vjoloZik,anti_homophones
10109,1,9,0,4,2,-5.1644825342325085,5.1644825342325085,viRi,anti_homophones
10110,1,0,0,10,5,-7.390824250976372,7.390824250976372,R2pavis°m@,anti_homophones
10111,1,20,1,4,2,-4.186052495112411,4.186052495112411,myte,anti_homophones
10112,1,1,0,7,3,-6.2017422697767595,6.2017422697767595,k§ZyRik,anti_homophones
10113,1,3,0,6,3,-4.764848310108832,4.764848310108832,ZEN°m@,anti_homophones
10114,1,14,0,4,2,-5.036842646550871,5.036842646550871,bede,anti_homophones
10115,1,5,1,4,1,-4.811391618608555,4.811391618608555,guRm,anti_homophones
10116,1,10,1,3,1,-4.046438120693044,4.046438120693044,utR,anti_homophones
10117,1,0,0,12,5,-10.984604437883915,10.984604437883915,vERnalikatin,anti_homophones
10118,1,0,0,10,4,-9.939546731885489,9.939546731885489,fonizjatif,anti_homophones
10119,1,0,0,10,5,-7.926945872096094,7.926945872096094,Eks@talize,anti_homophones
10120,1,0,0,8,3,-8.533977938382531,8.533977938382531,pwal§tEn,anti_homophones
10121,1,0,0,11,4,-8.033621670072169,8.033621670072169,selEksplijo,anti_homophones
10122,1,0,0,15,6,-12.006606631321642,12.006606631321642,vjoloRizostatif,anti_homophones
10123,1,0,0,12,5,-11.434624236479905,11.434624236479905,fiS@piRwaj9R,anti_homophones
10124,1,0,0,11,4,-9.050002694138168,9.050002694138168,deplozoRjys,anti_homophones
10125,1,1,0,6,2,-6.001201856332201,6.001201856332201,sudEns,anti_homophones
10126,1,0,0,9,4,-7.852593320084629,7.852593320084629,ogm@talaZ,anti_homophones
10127,1,0,0,7,3,-11.325216813147277,11.325216813147277,dalt°l5,anti_homophones
10128,1,0,0,11,5,-5.98924879986272,5.98924879986272,k§p@sj2z°m@,anti_homophones
10129,1,3,0,6,3,-5.687228279452361,5.687228279452361,b@boSe,anti_homophones
10130,1,6,2,4,2,-4.737723999010246,4.737723999010246,idRo,anti_homophones
10131,1,0,0,6,2,-5.828701771164568,5.828701771164568,bR5gaZ,anti_homophones
10132,1,30,0,3,1,-4.630798844454867,4.630798844454867,RaS,anti_homophones
10133,1,1,0,7,3,-5.625109698104046,5.625109698104046,goSimik,anti_homophones
10134,1,0,0,14,5,-13.15372686211146,13.15372686211146,stRym@taREskOp,anti_homophones
10135,1,1,0,7,4,-5.298553256345817,5.298553256345817,abEs°m@,anti_homophones
10136,1,0,0,11,5,-7.245161836010203,7.245161836010203,sakRoSimite,anti_homophones
10137,1,1,0,7,2,-6.252833372524489,6.252833372524489,stRijOt,anti_homophones
10138,1,0,0,6,2,-6.578288915271067,6.578288915271067,navikt,anti_homophones
10139,1,0,0,12,5,-12.016215426716368,12.016215426716368,R°liZjafRago,anti_homophones
10140,1,0,0,7,2,-5.962969111573237,5.962969111573237,tR@spl@,anti_homophones
10141,1,0,0,11,5,-11.79370650282647,11.79370650282647,nofilmateno,anti_homophones
10142,1,9,1,7,3,-4.180033823047323,4.180033823047323,tabl°m@,anti_homophones
10143,1,4,0,7,3,-4.775099738669116,4.775099738669116,5stasj§,anti_homophones
10144,1,26,1,3,1,-4.159293510820241,4.159293510820241,kEl,anti_homophones
10145,1,23,2,3,1,-4.035071708767479,4.035071708767479,sad,anti_homophones
10146,1,0,0,8,4,-7.423703469908411,7.423703469908411,5fORm@se,anti_homophones
10147,1,22,0,2,1,-4.586545181580156,4.586545181580156,ul,anti_homophones
10148,1,1,1,6,3,-5.0800576128476616,5.0800576128476616,saudju,anti_homophones
10149,1,3,0,5,2,-4.934891517193332,4.934891517193332,tOlOg,anti_homophones
10150,1,4,0,5,1,-5.366822692738185,5.366822692738185,klaks,anti_homophones
10151,1,0,0,15,6,-13.745941207172024,13.745941207172024,s@satisfERmatuj,anti_homophones
10152,1,6,0,6,2,-5.183407142787521,5.183407142787521,Zakt9R,anti_homophones
10153,1,0,0,11,5,-10.896838083675858,10.896838083675858,RatSoRizeRo,anti_homophones
10154,1,0,0,10,4,-7.317680359904477,7.317680359904477,baRodyktyR,anti_homophones
10155,1,0,0,10,4,-11.517139247110167,11.517139247110167,mazimylgyl,anti_homophones
10156,1,16,0,4,2,-5.520508584499038,5.520508584499038,apRe,anti_homophones
10157,1,0,0,9,3,-6.998894841025729,6.998894841025729,pudRatwaR,anti_homophones
10158,1,0,0,8,3,-7.2939474325595075,7.2939474325595075,plazalto,anti_homophones
10159,1,0,0,9,4,-7.292117516291801,7.292117516291801,s°vwajote,anti_homophones
10160,1,0,0,12,5,-12.657979066382417,12.657979066382417,klineRifERmi,anti_homophones
10161,1,0,0,8,4,-8.421896662200902,8.421896662200902,sypEt°Ra,anti_homophones
10162,1,1,1,7,3,-5.6854908771442965,5.6854908771442965,ZERmize,anti_homophones
10163,1,8,0,4,2,-5.063403296186012,5.063403296186012,vEle,anti_homophones
10164,1,0,0,13,5,-11.693046552689015,11.693046552689015,malgaRnjomeRi,anti_homophones
10165,1,0,0,9,4,-7.932857113416687,7.932857113416687,d§dj2z°m@,anti_homophones
10166,1,5,1,5,2,-5.192541554868837,5.192541554868837,tREz§,anti_homophones
10167,1,0,0,6,3,-6.972825429231651,6.972825429231651,R°leg@,anti_homophones
10168,1,0,0,9,4,-7.651423900434487,7.651423900434487,RostoloZi,anti_homophones
10169,1,0,0,8,3,-7.957339034104215,7.957339034104215,tiRpwaso,anti_homophones
10170,1,0,0,6,2,-5.99991538547523,5.99991538547523,myltaz,anti_homophones
10171,1,4,0,5,2,-5.354637809871717,5.354637809871717,demoR,anti_homophones
10172,1,7,2,5,2,-3.927759056042097,3.927759056042097,des@s,anti_homophones
10173,1,0,0,7,4,-8.800097121566544,8.800097121566544,el5faj@,anti_homophones
10174,1,0,0,7,3,-5.9964839684790165,5.9964839684790165,djak°te,anti_homophones
10175,1,0,0,13,6,-9.198490557643337,9.198490557643337,pipERloZik°m@,anti_homophones
10176,1,17,1,3,1,-4.574829185839374,4.574829185839374,izm,anti_homophones
10177,1,0,0,7,2,-6.354402690132218,6.354402690132218,sp§dwan,anti_homophones
10178,1,5,1,5,2,-5.2527631538024835,5.2527631538024835,palp5,anti_homophones
10179,1,0,0,10,4,-9.350190326549896,9.350190326549896,REsp5tatik,anti_homophones
10180,1,0,0,9,4,-8.266998414013276,8.266998414013276,tR@SiR°v@,anti_homophones
10181,1,1,0,7,3,-5.291713327658921,5.291713327658921,alzasj§,anti_homophones
10182,1,1,0,6,2,-5.508361354930943,5.508361354930943,S°vist,anti_homophones
10183,1,3,0,6,2,-5.489518827562141,5.489518827562141,kORdj5,anti_homophones
10184,1,1,0,5,1,-5.7817087415655335,5.7817087415655335,spRin,anti_homophones
10185,1,0,0,10,5,-10.18853408647568,10.18853408647568,patek@tane,anti_homophones
10186,1,1,0,7,3,-6.170801230617119,6.170801230617119,k@talje,anti_homophones
10187,1,0,0,8,3,-7.265857486232779,7.265857486232779,R°seksj§,anti_homophones
10188,1,0,0,6,2,-7.046752502749664,7.046752502749664,detROt,anti_homophones
10189,1,0,0,10,4,-10.754194105515737,10.754194105515737,semigReski,anti_homophones
10190,1,0,0,10,4,-9.653218659202901,9.653218659202901,skaRbivOke,anti_homophones
10191,1,4,0,6,2,-5.907630566316302,5.907630566316302,mafl9R,anti_homophones
10192,1,0,0,8,3,-8.167970253866494,8.167970253866494,tRotEkne,anti_homophones
10193,1,0,0,13,6,-11.374510552498547,11.374510552498547,EskaRakt@buR5,anti_homophones
10194,1,0,0,7,3,-5.888086725830194,5.888086725830194,eklEj9R,anti_homophones
10195,1,0,0,9,3,-7.433742165291586,7.433742165291586,R@plisabl,anti_homophones
10196,1,12,1,3,2,-4.8653086622623904,4.8653086622623904,ezi,anti_homophones
10197,1,0,0,7,3,-7.979811478528726,7.979811478528726,EksidOs,anti_homophones
10198,1,0,0,12,5,-12.492292258764227,12.492292258764227,akORnabalkal,anti_homophones
10199,1,1,0,6,2,-5.476844367711125,5.476844367711125,talZik,anti_homophones
10200,1,8,0,4,2,-5.507595756887783,5.507595756887783,s°te,anti_homophones
10201,1,0,0,11,5,-12.256535322189954,12.256535322189954,momeRyzilEn,anti_homophones
10202,1,0,0,10,3,-7.840591399072122,7.840591399072122,toplEktabl,anti_homophones
10203,1,0,0,7,3,-6.683544032915534,6.683544032915534,idRot9R,anti_homophones
10204,1,31,2,3,2,-4.14246474638411,4.14246474638411,al§,anti_homophones
10205,1,1,0,5,1,-6.385378706040555,6.385378706040555,pystR,anti_homophones
10206,1,0,0,7,2,-5.650386652283083,5.650386652283083,s§pt8El,anti_homophones
10207,1,3,0,6,2,-5.426218482660807,5.426218482660807,pERmEl,anti_homophones
10208,1,3,0,6,2,-4.567766498336165,4.567766498336165,plyvj5,anti_homophones
10209,1,16,1,6,2,-3.8771097592983863,3.8771097592983863,bRasj§,anti_homophones
10210,1,0,0,7,3,-6.827056485595467,6.827056485595467,ekivORt,anti_homophones
10211,1,3,1,7,3,-4.674509755735751,4.674509755735751,sypERse,anti_homophones
10212,1,2,0,5,2,-5.208007669948205,5.208007669948205,budin,anti_homophones
10213,1,1,0,8,3,-7.127338618628052,7.127338618628052,bibitabl,anti_homophones
10214,1,0,0,7,3,-7.19232029457522,7.19232029457522,kuRjeRo,anti_homophones
10215,1,6,0,5,3,-5.091702489661919,5.091702489661919,@kyle,anti_homophones
10216,1,0,0,8,4,-6.848387282264262,6.848387282264262,anaS°taZ,anti_homophones
10217,1,0,0,12,6,-11.797556381239687,11.797556381239687,afoRifR°duje,anti_homophones
10218,1,0,0,7,4,-6.574546693322673,6.574546693322673,neopag@,anti_homophones
10219,1,1,0,7,3,-7.349300350663503,7.349300350663503,5tERpis,anti_homophones
10220,1,3,0,6,3,-6.351859677656289,6.351859677656289,baRakE,anti_homophones
10221,1,0,0,6,3,-5.992527760244665,5.992527760244665,idRoZo,anti_homophones
10222,1,0,0,9,4,-6.880533743792575,6.880533743792575,matomatik,anti_homophones
10223,1,0,0,8,4,-7.19262543970697,7.19262543970697,5k§pl5to,anti_homophones
10224,1,2,0,5,3,-6.401914817247999,6.401914817247999,obein,anti_homophones
10225,1,1,0,6,2,-6.738632758394604,6.738632758394604,deplw5,anti_homophones
10226,1,1,0,9,4,-6.740441873265599,6.740441873265599,vilikasj§,anti_homophones
10227,1,0,0,12,5,-11.117638118364635,11.117638118364635,bezistezitif,anti_homophones
10228,1,0,0,16,6,-15.701794392898357,15.701794392898357,ZOlSimiljamj@tif,anti_homophones
10229,1,0,0,8,4,-8.476084776652174,8.476084776652174,taR@teRe,anti_homophones
10230,1,8,1,5,2,-4.875587341439121,4.875587341439121,kRij§,anti_homophones
10231,1,1,0,7,3,-7.160806494774505,7.160806494774505,5divORt,anti_homophones
10232,1,1,0,8,3,-6.262035676896564,6.262035676896564,stematik,anti_homophones
10233,1,12,1,4,2,-4.440815132530231,4.440815132530231,baj§,anti_homophones
10234,1,7,0,5,2,-5.250380470937571,5.250380470937571,gaREt,anti_homophones
10235,1,0,0,10,4,-9.234634976390439,9.234634976390439,R°l°velizm,anti_homophones
10236,1,5,0,6,3,-5.450612911290606,5.450612911290606,aeRabl,anti_homophones
10237,1,0,0,9,4,-6.608177978038366,6.608177978038366,kOlpolite,anti_homophones
10238,1,1,0,8,3,-7.601140998973484,7.601140998973484,floRisti,anti_homophones
10239,1,2,0,6,2,-5.9866899387792465,5.9866899387792465,pRekOR,anti_homophones
10240,1,2,0,7,3,-5.0961047592902755,5.0961047592902755,Eksasj§,anti_homophones
10241,1,0,0,8,3,-8.491926698732728,8.491926698732728,stR5s9le,anti_homophones
10242,1,0,0,10,5,-9.248317209829759,9.248317209829759,R°sasajis@,anti_homophones
10243,1,0,0,9,3,-8.692451033799879,8.692451033799879,RefleRist,anti_homophones
10244,1,14,0,4,2,-4.693821135063241,4.693821135063241,balE,anti_homophones
10245,1,0,0,10,5,-6.751286721111586,6.751286721111586,kuROnik°m@,anti_homophones
10246,1,1,0,8,4,-6.371159785162115,6.371159785162115,filOt°Ri,anti_homophones
10247,1,3,0,6,2,-5.802453063634085,5.802453063634085,ZERmje,anti_homophones
10248,1,25,1,3,1,-4.203999966301577,4.203999966301577,Rap,anti_homophones
10249,1,0,0,9,3,-9.434092255308169,9.434092255308169,k@patSw9l,anti_homophones
10250,1,0,0,9,3,-9.237173066562853,9.237173066562853,gRapitEsk,anti_homophones
10251,1,0,0,5,2,-6.361057362708479,6.361057362708479,Zibin,anti_homophones
10252,1,1,0,7,3,-6.096902416793422,6.096902416793422,kRep§d@,anti_homophones
10253,1,9,0,4,2,-5.364815301054504,5.364815301054504,tuti,anti_homophones
10254,1,0,0,8,3,-6.081959345249124,6.081959345249124,m§gOlgOt,anti_homophones
10255,1,0,0,8,3,-7.33227166776845,7.33227166776845,tRoglis@,anti_homophones
10256,1,9,1,5,2,-4.396074432146345,4.396074432146345,syRal,anti_homophones
10257,1,0,0,10,6,-12.223058090447882,12.223058090447882,am@taseoni,anti_homophones
10258,1,0,0,8,3,-5.717170946670419,5.717170946670419,koREktif,anti_homophones
10259,1,1,0,5,2,-5.409666303983661,5.409666303983661,tsyna,anti_homophones
10260,1,0,0,8,4,-8.427703621945351,8.427703621945351,pavanima,anti_homophones
10261,1,0,0,6,3,-7.820151346261701,7.820151346261701,dyn°le,anti_homophones
10262,1,0,0,9,4,-7.997659456067873,7.997659456067873,seRediZEn,anti_homophones
10263,1,0,0,10,4,-10.88000477296926,10.88000477296926,bRufiN§diR,anti_homophones
10264,1,0,0,11,5,-10.419508210609916,10.419508210609916,gRafin°leje,anti_homophones
10265,1,18,1,3,1,-4.092248653243216,4.092248653243216,klo,anti_homophones
10266,1,8,0,4,2,-5.577993596328781,5.577993596328781,epyl,anti_homophones
10267,1,4,0,4,1,-5.182339979293541,5.182339979293541,skoz,anti_homophones
10268,1,12,0,4,1,-5.1064688953335535,5.1064688953335535,stiS,anti_homophones
10269,1,0,0,9,4,-8.861771209824568,8.861771209824568,fet°lotik,anti_homophones
10270,1,0,0,7,3,-7.886231031643158,7.886231031643158,kulikal,anti_homophones
10271,1,0,0,9,4,-7.388680422198838,7.388680422198838,pRekyR°te,anti_homophones
10272,1,23,1,3,2,-4.60392701936726,4.60392701936726,@Ri,anti_homophones
10273,1,0,0,15,6,-13.561820957986827,13.561820957986827,blakomynodOksil,anti_homophones
10274,1,0,0,7,3,-7.690605912307193,7.690605912307193,kyRviRe,anti_homophones
10275,1,7,0,4,1,-4.711455952209018,4.711455952209018,skwa,anti_homophones
10276,1,4,1,4,2,-4.479831383775024,4.479831383775024,pEje,anti_homophones
10277,1,0,0,6,3,-5.753635547191961,5.753635547191961,5pEjm@,anti_homophones
10278,1,21,0,3,1,-5.38650758088047,5.38650758088047,lEk,anti_homophones
10279,1,0,0,7,3,-7.637647272397041,7.637647272397041,EskubiN,anti_homophones
10280,1,4,1,6,3,-4.409504164863782,4.409504164863782,S@s°m@,anti_homophones
10281,1,0,0,10,4,-7.119087578374624,7.119087578374624,skalizasje,anti_homophones
10282,1,0,0,9,4,-8.308289697969744,8.308289697969744,Reabik8it,anti_homophones
10283,1,0,0,14,5,-13.688921845166648,13.688921845166648,vEstegospERtR2,anti_homophones
10284,1,7,0,5,2,-4.856577742527292,4.856577742527292,s5tyR,anti_homophones
10285,1,0,0,6,3,-6.853325463685752,6.853325463685752,labut2,anti_homophones
10286,1,2,1,6,3,-5.417324954232194,5.417324954232194,epigma,anti_homophones
10287,1,0,0,12,5,-10.66864993903398,10.66864993903398,kotiR9steRj5,anti_homophones
10288,1,0,0,10,3,-6.75797337322931,6.75797337322931,pROtRykt9R,anti_homophones
10289,1,0,0,8,4,-8.140450645315228,8.140450645315228,eklivase,anti_homophones
10290,1,0,0,8,3,-6.0694878165167685,6.0694878165167685,dezaRjOm,anti_homophones
10291,1,0,1,6,3,-6.3236696303516995,6.3236696303516995,oR@tje,anti_homophones
10292,1,11,0,3,1,-5.2214789600644975,5.2214789600644975,ust,anti_homophones
10293,1,12,0,3,1,-4.797098943231069,4.797098943231069,nOS,anti_homophones
10294,1,0,0,15,6,-11.373926727150684,11.373926727150684,fwiRt8ozitik°m@,anti_homophones
10295,1,9,0,5,2,-4.742156526061676,4.742156526061676,m@tal,anti_homophones
10296,1,3,0,5,2,-5.480904260771899,5.480904260771899,5stin,anti_homophones
10297,1,0,0,11,5,-10.320408313852386,10.320408313852386,tanimatatik,anti_homophones
10298,1,2,0,5,2,-5.251382436686319,5.251382436686319,piloz,anti_homophones
10299,1,4,1,6,2,-5.608725737133886,5.608725737133886,kipsj§,anti_homophones
10300,1,0,0,9,4,-9.929637933709495,9.929637933709495,muligalOn,anti_homophones
10301,1,14,0,3,1,-4.843887166764056,4.843887166764056,R@b,anti_homophones
10302,1,2,0,6,2,-5.777525377169003,5.777525377169003,mesjal,anti_homophones
10303,1,15,1,3,1,-4.421417745165832,4.421417745165832,pj2,anti_homophones
10304,1,0,0,8,3,-7.74499402632637,7.74499402632637,maRjOlOm,anti_homophones
10305,1,3,0,5,1,-5.6239561932365065,5.6239561932365065,flEtR,anti_homophones
10306,1,1,0,5,1,-5.2585110093276395,5.2585110093276395,sp§dR,anti_homophones
10307,1,1,0,5,2,-4.937518250800998,4.937518250800998,k§fEs,anti_homophones
10308,1,0,0,7,4,-6.799176118466658,6.799176118466658,5lasite,anti_homophones
10309,1,2,0,8,4,-5.533863427639757,5.533863427639757,polisite,anti_homophones
10310,1,0,0,6,3,-6.525605687908676,6.525605687908676,5s5sin,anti_homophones
10311,1,18,1,4,2,-4.575884297466182,4.575884297466182,aRZe,anti_homophones
10312,1,0,0,6,3,-6.873848465795463,6.873848465795463,velok5,anti_homophones
10313,1,3,0,4,2,-5.007889462952249,5.007889462952249,t@go,anti_homophones
10314,1,5,0,5,2,-5.128057274348046,5.128057274348046,bilik,anti_homophones
10315,1,3,1,4,1,-4.796565340094663,4.796565340094663,bROS,anti_homophones
10316,1,2,0,7,3,-6.3274398486588135,6.3274398486588135,@kaRist,anti_homophones
10317,1,4,1,4,1,-4.563955591879868,4.563955591879868,n§bR,anti_homophones
10318,1,0,0,7,3,-7.316289231930499,7.316289231930499,depRuti,anti_homophones
10319,1,19,1,4,1,-4.23632403656226,4.23632403656226,tREn,anti_homophones
10320,1,0,0,8,4,-7.450855600883504,7.450855600883504,safinize,anti_homophones
10321,1,0,0,14,5,-10.419700297530825,10.419700297530825,kRonisbit8asj§,anti_homophones
10322,1,0,0,11,5,-8.490683949351764,8.490683949351764,pajp9z9l°m@,anti_homophones
10323,1,1,0,7,3,-7.8404146797929695,7.8404146797929695,t@buRli,anti_homophones
10324,1,1,0,7,3,-7.128628119992849,7.128628119992849,mERtij§,anti_homophones
10325,1,0,0,9,4,-7.3539390436659025,7.3539390436659025,manifisj5,anti_homophones
10326,1,3,0,8,4,-5.335523775504246,5.335523775504246,delis°m@,anti_homophones
10327,1,5,1,5,2,-4.808415362124878,4.808415362124878,kuRbe,anti_homophones
10328,1,0,0,8,3,-7.2559203247102255,7.2559203247102255,totaZjEn,anti_homophones
10329,1,1,0,6,3,-7.209585689970042,7.209585689970042,pEj°Ri,anti_homophones
10330,1,8,1,5,2,-4.926958256186241,4.926958256186241,dezid,anti_homophones
10331,1,1,1,7,3,-5.223309633033745,5.223309633033745,fORmite,anti_homophones
10332,1,5,0,6,2,-4.716783503657922,4.716783503657922,EkstER,anti_homophones
10333,1,0,1,6,3,-5.827350334268916,5.827350334268916,fenome,anti_homophones
10334,1,1,1,7,2,-6.028253428600718,6.028253428600718,spEktys,anti_homophones
10335,1,9,0,4,2,-4.566881217273204,4.566881217273204,apsi,anti_homophones
10336,1,26,0,3,1,-4.970597570779767,4.970597570779767,sip,anti_homophones
10337,1,0,0,9,3,-8.85988965831562,8.85988965831562,tRidOptil,anti_homophones
10338,1,0,0,6,2,-8.702176671058677,8.702176671058677,OftatR,anti_homophones
10339,1,0,0,16,6,-13.754543590582605,13.754543590582605,matigaRdjogatizm,anti_homophones
10340,1,8,0,3,1,-4.72031935475716,4.72031935475716,g9n,anti_homophones
10341,1,0,0,9,3,-7.1613363412591236,7.1613363412591236,tRuvERsif,anti_homophones
10342,1,5,0,5,2,-5.410068022637544,5.410068022637544,vizin,anti_homophones
10343,1,2,1,5,2,-5.335320063895437,5.335320063895437,pomOd,anti_homophones
10344,1,2,0,8,3,-5.703662371120026,5.703662371120026,s@plasj§,anti_homophones
10345,1,0,0,9,4,-9.603335709993784,9.603335709993784,f5l@dilin,anti_homophones
10346,1,10,0,3,1,-5.228897915165737,5.228897915165737,p2t,anti_homophones
10347,1,23,0,3,2,-4.576093012585147,4.576093012585147,yRi,anti_homophones
10348,1,0,0,8,4,-9.57053102993148,9.57053102993148,bas°lEt§,anti_homophones
10349,1,1,0,6,3,-6.328810686092925,6.328810686092925,iRek@s,anti_homophones
10350,1,0,0,11,5,-10.628932030512159,10.628932030512159,ekyltyRinga,anti_homophones
10351,1,20,0,4,2,-4.609349384957096,4.609349384957096,aRit,anti_homophones
10352,1,0,0,6,3,-6.62381942692921,6.62381942692921,Sikopi,anti_homophones
10353,1,27,0,4,2,-4.86733069510552,4.86733069510552,beRe,anti_homophones
10354,1,0,0,6,3,-6.401254442756171,6.401254442756171,aZuRnE,anti_homophones
10355,1,0,0,8,3,-9.033229980023243,9.033229980023243,plenizm°,anti_homophones
10356,1,5,1,5,2,-4.596220110201714,4.596220110201714,REd9R,anti_homophones
10357,1,0,0,10,3,-7.904901338298083,7.904901338298083,pERviRt8ER,anti_homophones
10358,1,0,0,10,4,-8.7273136304754,8.7273136304754,5patERmizm,anti_homophones
10359,1,1,0,7,3,-6.5471601380038225,6.5471601380038225,alpEs9R,anti_homophones
10360,1,3,0,8,3,-5.765647541181914,5.765647541181914,fRikylER,anti_homophones
10361,1,3,1,5,2,-5.13748259233863,5.13748259233863,R°lad,anti_homophones
10362,1,1,0,8,4,-6.421683327701866,6.421683327701866,EsoRasj§,anti_homophones
10363,1,1,0,6,2,-5.772957282281698,5.772957282281698,Rydist,anti_homophones
10364,1,0,0,13,6,-12.99519443129359,12.99519443129359,muft@sefalifi,anti_homophones
10365,1,2,0,5,2,-5.4624148459876505,5.4624148459876505,apovR,anti_homophones
10366,1,0,0,7,3,-7.555625188268368,7.555625188268368,pavaRj§,anti_homophones
10367,1,0,0,9,4,-6.07600947308333,6.07600947308333,adZytasj§,anti_homophones
10368,1,7,0,5,2,-5.225891510037196,5.225891510037196,gRote,anti_homophones
10369,1,0,0,9,4,-9.092700240514423,9.092700240514423,RipleZip@,anti_homophones
10370,1,1,0,5,2,-5.000270188235499,5.000270188235499,sysp@,anti_homophones
10371,1,0,0,11,5,-10.39348668202339,10.39348668202339,paRegym@tiS,anti_homophones
10372,1,4,0,4,2,-5.106343877411183,5.106343877411183,p5p§,anti_homophones
10373,1,12,0,5,2,-5.33958112446926,5.33958112446926,aSizm,anti_homophones
10374,1,21,1,3,1,-4.20057362304498,4.20057362304498,pR5,anti_homophones
10375,1,0,0,7,3,-7.098992808713059,7.098992808713059,b@daRik,anti_homophones
10376,1,0,0,6,3,-6.572995785928598,6.572995785928598,et@kEt,anti_homophones
10377,1,0,0,11,5,-8.482799280429155,8.482799280429155,dek@taRt°m@,anti_homophones
10378,1,0,0,7,3,-6.450142309834582,6.450142309834582,s85tele,anti_homophones
10379,1,0,0,11,5,-10.95343758014132,10.95343758014132,k§sORtOtise,anti_homophones
10380,1,4,0,5,2,-5.113227830694607,5.113227830694607,gumje,anti_homophones
10381,1,1,0,8,4,-8.432963510945278,8.432963510945278,5sekosj§,anti_homophones
10382,1,2,0,5,2,-5.830820704114295,5.830820704114295,R@diG,anti_homophones
10383,1,0,0,7,3,-9.982684143233447,9.982684143233447,fuj@dik,anti_homophones
10384,1,10,1,5,3,-4.423803527048337,4.423803527048337,@tize,anti_homophones
10385,1,4,1,5,2,-5.264401974136672,5.264401974136672,f9jER,anti_homophones
10386,1,0,0,6,2,-6.587824302200518,6.587824302200518,mERsEk,anti_homophones
10387,1,7,1,5,2,-4.9590357457384595,4.9590357457384595,@tREt,anti_homophones
10388,1,0,0,10,4,-8.392748329029756,8.392748329029756,desEptifOR,anti_homophones
10389,1,2,0,6,2,-5.692534866734211,5.692534866734211,Zenj9R,anti_homophones
10390,1,6,0,4,2,-4.797239579694587,4.797239579694587,bezi,anti_homophones
10391,1,4,0,5,2,-5.492959994794741,5.492959994794741,megaZ,anti_homophones
10392,1,0,0,14,5,-11.61426893374309,11.61426893374309,R°peREkteRjabl,anti_homophones
10393,1,0,0,14,5,-9.21156534737871,9.21156534737871,pReselEksjonal,anti_homophones
10394,1,0,0,8,3,-7.466731605891576,7.466731605891576,lapivwaR,anti_homophones
10395,1,0,0,6,3,-6.2728288591024,6.2728288591024,difemi,anti_homophones
10396,1,30,2,3,2,-4.394963014314004,4.394963014314004,kao,anti_homophones
10397,1,16,1,3,1,-4.212894533209879,4.212894533209879,ZuR,anti_homophones
10398,1,15,0,4,2,-4.629502941490449,4.629502941490449,tapi,anti_homophones
10399,1,0,0,9,4,-6.980773718772184,6.980773718772184,5tERmiste,anti_homophones
10400,1,0,0,6,2,-7.257265747650754,7.257265747650754,ZwajEl,anti_homophones
10401,1,12,0,3,1,-4.072097992608889,4.072097992608889,bOs,anti_homophones
10402,1,0,0,6,3,-7.153440293193414,7.153440293193414,@tEnER,anti_homophones
10403,1,0,0,7,3,-7.432705617593472,7.432705617593472,musyR9R,anti_homophones
10404,1,0,0,8,3,-5.58562041573826,5.58562041573826,demyltyR,anti_homophones
10405,1,0,0,6,3,-7.478550636624195,7.478550636624195,5dusaR,anti_homophones
10406,1,0,0,7,3,-6.9404828359205135,6.9404828359205135,tRavEla,anti_homophones
10407,1,0,0,5,2,-6.236099513065591,6.236099513065591,kadav,anti_homophones
10408,1,0,0,11,5,-8.442157324442375,8.442157324442375,didaktik°m@,anti_homophones
10409,1,0,0,8,3,-8.283205439109135,8.283205439109135,seZERmEd,anti_homophones
10410,1,0,0,10,5,-11.499338947479522,11.499338947479522,akeistERfE,anti_homophones
10411,1,0,0,11,5,-10.480092600478581,10.480092600478581,pRovitanemi,anti_homophones
10412,1,6,0,4,2,-5.200490994621266,5.200490994621266,et@t,anti_homophones
10413,1,2,0,7,3,-5.684355827054199,5.684355827054199,klim°m@,anti_homophones
10414,1,0,0,10,5,-10.384625763945081,10.384625763945081,ReZenadam@,anti_homophones
10415,1,0,0,7,3,-6.12267908639746,6.12267908639746,visjone,anti_homophones
10416,1,6,0,3,1,-4.706743918467404,4.706743918467404,sju,anti_homophones
10417,1,8,0,5,2,-5.519456261846683,5.519456261846683,panER,anti_homophones
10418,1,3,1,5,2,-4.7714832589804,4.7714832589804,atlEt,anti_homophones
10419,1,0,0,10,5,-9.58485064423605,9.58485064423605,aeRogonjak,anti_homophones
10420,1,5,0,5,1,-5.67824897164169,5.67824897164169,sistR,anti_homophones
10421,1,0,0,12,5,-9.05447742485795,9.05447742485795,dekognosifik,anti_homophones
10422,1,9,0,4,2,-4.72002320273622,4.72002320273622,R°su,anti_homophones
10423,1,0,0,12,5,-9.528246388102106,9.528246388102106,pReom@sjonaZ,anti_homophones
10424,1,1,0,6,2,-6.483253056247837,6.483253056247837,klutik,anti_homophones
10425,1,0,0,10,4,-7.199777708237624,7.199777708237624,fifikalizm,anti_homophones
10426,1,0,0,7,4,-7.180519947570384,7.180519947570384,@g2lasi,anti_homophones
10427,1,0,0,9,4,-8.943951492775138,8.943951492775138,mylaRenaZ,anti_homophones
10428,1,4,0,5,2,-4.967404533846191,4.967404533846191,spoze,anti_homophones
10429,1,8,0,5,2,-5.023894271207732,5.023894271207732,tomik,anti_homophones
10430,1,0,0,10,4,-9.346467761036438,9.346467761036438,diplikasil,anti_homophones
10431,1,1,0,6,2,-5.837181615190085,5.837181615190085,kaRitm,anti_homophones
10432,1,0,0,7,4,-8.43948324243167,8.43948324243167,5denEZi,anti_homophones
10433,1,2,0,5,2,-5.292074900376416,5.292074900376416,k§kRe,anti_homophones
10434,1,4,1,5,2,-5.118374938091704,5.118374938091704,R2lje,anti_homophones
10435,1,23,0,4,2,-4.60355695079551,4.60355695079551,eRik,anti_homophones
10436,1,1,0,5,2,-4.767164951854011,4.767164951854011,fwine,anti_homophones
10437,1,0,0,8,3,-8.681414692058201,8.681414692058201,poSERSit,anti_homophones
10438,1,0,0,8,4,-8.574073392488424,8.574073392488424,kaligyRi,anti_homophones
10439,1,4,0,4,2,-5.575720933841245,5.575720933841245,@pl5,anti_homophones
10440,1,3,0,4,2,-5.34049720522658,5.34049720522658,fed§,anti_homophones
10441,1,0,0,14,6,-15.104091497908865,15.104091497908865,otRoskytwat°te,anti_homophones
10442,1,2,1,6,3,-4.975844772023776,4.975844772023776,imynik,anti_homophones
10443,1,8,0,5,2,-5.313430296126431,5.313430296126431,pRiz§,anti_homophones
10444,1,3,0,4,2,-5.312700820198132,5.312700820198132,agl@,anti_homophones
10445,1,8,0,5,2,-5.711920800926257,5.711920800926257,feRal,anti_homophones
10446,1,0,0,8,4,-7.633395353641306,7.633395353641306,balOk°Ri,anti_homophones
10447,1,0,0,15,6,-14.377994364612633,14.377994364612633,blazisyRablotje,anti_homophones
10448,1,1,0,7,4,-5.712998196460945,5.712998196460945,pOliyRe,anti_homophones
10449,1,5,1,4,2,-4.39457021204997,4.39457021204997,sumi,anti_homophones
10450,1,0,0,7,3,-8.330625452228501,8.330625452228501,aglosj5,anti_homophones
10451,1,1,0,6,2,-5.875204584825788,5.875204584825788,pReliR,anti_homophones
10452,1,4,1,5,2,-4.56715595716512,4.56715595716512,koRyR,anti_homophones
10453,1,7,0,6,2,-5.2518096849481015,5.2518096849481015,dRolOg,anti_homophones
10454,1,0,0,11,5,-12.5259039070388,12.5259039070388,koaksimylt5,anti_homophones
10455,1,2,0,5,2,-5.857646692266651,5.857646692266651,Zyst5,anti_homophones
10456,1,0,0,7,3,-7.132017398973397,7.132017398973397,egRis9R,anti_homophones
10457,1,10,0,7,3,-4.417612710883124,4.417612710883124,m@tasj§,anti_homophones
10458,1,0,0,12,6,-12.903087945790483,12.903087945790483,sepalagadoR@,anti_homophones
10459,1,4,0,5,2,-5.332746872052957,5.332746872052957,tyRZe,anti_homophones
10460,1,0,0,9,4,-7.247222728690355,7.247222728690355,5tERS@Z9R,anti_homophones
10461,1,1,0,6,2,-6.366400467901425,6.366400467901425,suRdid,anti_homophones
10462,1,0,0,12,5,-12.070824626886886,12.070824626886886,butEnsEptyRe,anti_homophones
10463,1,0,0,12,5,-10.242060002412105,10.242060002412105,koROmaZEstj§,anti_homophones
10464,1,7,1,5,2,-4.077287340921439,4.077287340921439,sosj§,anti_homophones
10465,1,0,0,6,2,-7.044010741784353,7.044010741784353,S@kRut,anti_homophones
10466,1,9,1,3,1,-4.2961844619960114,4.2961844619960114,§bR,anti_homophones
10467,1,4,0,5,2,-5.530720558886458,5.530720558886458,alwEt,anti_homophones
10468,1,0,0,9,4,-7.737372571739471,7.737372571739471,nanjOn°m@,anti_homophones
10469,1,0,0,8,3,-7.222160305073309,7.222160305073309,s5plikOl,anti_homophones
10470,1,0,1,8,3,-6.17131749896359,6.17131749896359,pRoZEkte,anti_homophones
10471,1,0,0,6,3,-7.2012801067806205,7.2012801067806205,osij§f,anti_homophones
10472,1,0,0,9,4,-5.9723164745668385,5.9723164745668385,Revizjone,anti_homophones
10473,1,1,0,7,4,-6.298491294283436,6.298491294283436,kaORite,anti_homophones
10474,1,1,1,8,3,-6.281019603143961,6.281019603143961,gasjonER,anti_homophones
10475,1,0,0,6,2,-5.2790098458854615,5.2790098458854615,tRusaZ,anti_homophones
10476,1,1,0,7,3,-6.951639526410519,6.951639526410519,R5sonEl,anti_homophones
10477,1,0,0,8,3,-9.54832604955916,9.54832604955916,SabERZEt,anti_homophones
10478,1,0,0,8,4,-8.241951578757364,8.241951578757364,ibeRjodi,anti_homophones
10479,1,12,1,6,3,-4.461251418783977,4.461251418783977,manize,anti_homophones
10480,1,0,0,8,3,-5.8385712835286565,5.8385712835286565,vEltasj§,anti_homophones
10481,1,0,0,10,4,-9.972330654101874,9.972330654101874,S85t@pjote,anti_homophones
10482,1,1,1,5,3,-6.1105071312290224,6.1105071312290224,aRabo,anti_homophones
10483,1,0,0,16,6,-10.102296814080566,10.102296814080566,paspEktoRj@tasj§,anti_homophones
10484,1,2,0,6,2,-5.7947241458935235,5.7947241458935235,pERsja,anti_homophones
10485,1,8,0,4,2,-5.115035785526726,5.115035785526726,5ple,anti_homophones
10486,1,6,1,5,2,-4.708698317633517,4.708698317633517,imEtR,anti_homophones
10487,1,21,0,4,2,-4.418402938767511,4.418402938767511,vole,anti_homophones
10488,1,6,0,5,2,-5.027552187341165,5.027552187341165,baRit,anti_homophones
10489,1,0,0,6,3,-6.20191267699576,6.20191267699576,ORfid@,anti_homophones
10490,1,9,0,4,1,-7.116494759164557,7.116494759164557,gatR,anti_homophones
10491,1,10,1,4,2,-4.683309499439229,4.683309499439229,l@dE,anti_homophones
10492,1,0,0,8,3,-7.584417726755932,7.584417726755932,vOltimid,anti_homophones
10493,1,13,0,7,3,-5.207703701613408,5.207703701613408,bakasj§,anti_homophones
10494,1,0,0,10,5,-9.923272794987055,9.923272794987055,@tisilalOg,anti_homophones
10495,1,0,0,12,5,-9.296502278739267,9.296502278739267,nObliZitasj§,anti_homophones
10496,1,0,0,7,3,-7.647848921484498,7.647848921484498,RabuREt,anti_homophones
10497,1,0,0,7,3,-7.427465690528374,7.427465690528374,bOt°l9R,anti_homophones
10498,1,0,0,8,3,-6.3619233914287845,6.3619233914287845,EskaRd9R,anti_homophones
10499,1,0,0,11,5,-10.984440697035945,10.984440697035945,felibetwaj2,anti_homophones
10500,1,0,0,14,6,-12.243842652761156,12.243842652761156,metRem@tenumEn,anti_homophones
10501,1,0,0,7,3,-5.831364154986476,5.831364154986476,piSnuiR,anti_homophones
10502,1,3,0,5,2,-4.928797602879084,4.928797602879084,EswaR,anti_homophones
10503,1,1,0,6,2,-5.694682825195329,5.694682825195329,sORsje,anti_homophones
10504,1,4,0,5,2,-5.400585454992253,5.400585454992253,Radzi,anti_homophones
10505,1,0,0,9,4,-9.660585209636636,9.660585209636636,demom@tiS,anti_homophones
10506,1,17,1,4,2,-5.195602949549854,5.195602949549854,peti,anti_homophones
10507,1,0,0,10,4,-5.863459459672929,5.863459459672929,devjabl°m@,anti_homophones
10508,1,5,0,6,3,-5.469915929975971,5.469915929975971,OkylER,anti_homophones
10509,1,0,0,9,4,-7.7638802708484205,7.7638802708484205,dodelat9R,anti_homophones
10510,1,3,0,4,2,-5.035247717422467,5.035247717422467,g@t5,anti_homophones
10511,1,5,0,4,1,-7.197235136409848,7.197235136409848,dRES,anti_homophones
10512,1,0,0,9,3,-7.379082650431269,7.379082650431269,stilatwaR,anti_homophones
10513,1,0,0,7,3,-7.046191972529427,7.046191972529427,@kyltan,anti_homophones
10514,1,2,0,6,2,-5.413653021125599,5.413653021125599,k§sERn,anti_homophones
10515,1,4,0,4,2,-5.1141097257653145,5.1141097257653145,muR2,anti_homophones
10516,1,15,1,6,3,-4.593295566635259,4.593295566635259,soloZi,anti_homophones
10517,1,0,0,9,4,-7.474719162217747,7.474719162217747,pERkylaRi,anti_homophones
10518,1,13,0,4,2,-5.388548181665713,5.388548181665713,avat,anti_homophones
10519,1,4,0,5,2,-5.327622532866177,5.327622532866177,fwaz§,anti_homophones
10520,1,0,0,6,3,-6.408410546030145,6.408410546030145,minaZ@,anti_homophones
10521,1,0,0,6,3,-6.106870378281991,6.106870378281991,Rab@de,anti_homophones
10522,1,29,1,3,2,-4.168162555267213,4.168162555267213,as§,anti_homophones
10523,1,0,0,8,3,-7.680757824387487,7.680757824387487,l5fataks,anti_homophones
10524,1,2,0,5,2,-5.333412105375112,5.333412105375112,§kt82,anti_homophones
10525,1,0,0,7,3,-6.568231379897586,6.568231379897586,viZidit,anti_homophones
10526,1,4,0,4,1,-5.265990058254785,5.265990058254785,f@fR,anti_homophones
10527,1,0,0,14,6,-14.085608404492598,14.085608404492598,Egzem@bR5k°tER,anti_homophones
10528,1,0,0,7,3,-7.978254491756968,7.978254491756968,aRtilbo,anti_homophones
10529,1,13,0,5,2,-4.618571757048114,4.618571757048114,bRize,anti_homophones
10530,1,24,1,3,1,-3.9473596001767755,3.9473596001767755,@tR,anti_homophones
10531,1,3,1,4,1,-4.571544063484433,4.571544063484433,SwEt,anti_homophones
10532,1,0,0,9,4,-11.68671550314197,11.68671550314197,alERnatam,anti_homophones
10533,1,1,0,8,3,-5.3653920119880425,5.3653920119880425,pERsjone,anti_homophones
10534,1,0,0,11,5,-11.291555520418228,11.291555520418228,flaZilitika,anti_homophones
10535,1,1,0,5,2,-6.800480110876514,6.800480110876514,nObin,anti_homophones
10536,1,0,0,8,3,-5.879455641581118,5.879455641581118,Egzistik,anti_homophones
10537,1,12,2,6,3,-4.364294273415273,4.364294273415273,izasj§,anti_homophones
10538,1,0,0,9,4,-5.376323585530315,5.376323585530315,popylasj§,anti_homophones
10539,1,3,0,4,1,-4.894666291335091,4.894666291335091,Sjad,anti_homophones
10540,1,0,1,7,3,-5.169160842927344,5.169160842927344,EgzoZEn,anti_homophones
10541,1,1,0,5,2,-5.8578792093091705,5.8578792093091705,sedwa,anti_homophones
10542,1,5,0,5,3,-4.92118916893345,4.92118916893345,5size,anti_homophones
10543,1,4,0,6,3,-5.8229923661929055,5.8229923661929055,kolim@,anti_homophones
10544,1,0,0,10,4,-9.35866580029268,9.35866580029268,s°kRepRuse,anti_homophones
10545,1,6,0,5,2,-4.807045580052266,4.807045580052266,tonj5,anti_homophones
10546,1,0,0,10,4,-9.245371454744797,9.245371454744797,ekyp§ksjal,anti_homophones
10547,1,6,1,5,2,-5.015121616963126,5.015121616963126,pozit,anti_homophones
10548,1,0,0,10,4,-7.590030493216631,7.590030493216631,matysjonEl,anti_homophones
10549,1,0,0,8,3,-7.596247400537588,7.596247400537588,pistonEl,anti_homophones
10550,1,0,0,15,6,-15.864943646057464,15.864943646057464,kamoloskopastRy,anti_homophones
10551,1,0,0,4,2,-4.83899656937474,4.83899656937474,bubu,anti_homophones
10552,1,1,0,6,2,-6.395912038861001,6.395912038861001,ekR5dR,anti_homophones
10553,1,3,0,5,2,-5.8371402124416,5.8371402124416,kRoka,anti_homophones
10554,1,3,0,6,2,-5.7482154086449935,5.7482154086449935,kaRnit,anti_homophones
10555,1,1,0,9,3,-6.40634370499826,6.40634370499826,metRatwaR,anti_homophones
10556,1,2,0,5,2,-6.4294816735218046,6.4294816735218046,bRas5,anti_homophones
10557,1,0,0,7,4,-8.113988738590116,8.113988738590116,@pijoti,anti_homophones
10558,1,5,0,4,2,-4.845059443274265,4.845059443274265,fiN§,anti_homophones
10559,1,1,0,7,3,-7.165359441954187,7.165359441954187,ovid8iR,anti_homophones
10560,1,4,0,5,2,-4.92336222266537,4.92336222266537,koRoz,anti_homophones
10561,1,0,0,6,3,-7.2465321847033906,7.2465321847033906,SebRue,anti_homophones
10562,1,1,0,8,4,-7.618303696001442,7.618303696001442,f2tOn°m@,anti_homophones
10563,1,0,0,6,2,-7.792108784245473,7.792108784245473,OkEjts,anti_homophones
10564,1,4,0,5,2,-5.13904821650491,5.13904821650491,R°mEl,anti_homophones
10565,1,1,0,6,3,-6.749645390886134,6.749645390886134,d°g§do,anti_homophones
10566,1,0,0,14,6,-12.758591752333695,12.758591752333695,besedikasEzjER,anti_homophones
10567,1,12,0,4,2,-4.871385259971803,4.871385259971803,kaSo,anti_homophones
10568,1,0,0,12,5,-10.368668597369638,10.368668597369638,deS@s2lasmik,anti_homophones
10569,1,0,0,10,4,-10.028286859772393,10.028286859772393,vaZinsosj§,anti_homophones
10570,1,0,0,14,6,-11.459648624796833,11.459648624796833,pRodisitysjon@,anti_homophones
10571,1,18,1,4,2,-4.7077106021857125,4.7077106021857125,tape,anti_homophones
10572,1,7,0,4,2,-4.4297063165251505,4.4297063165251505,in@s,anti_homophones
10573,1,11,0,5,1,-4.6941538219426375,4.6941538219426375,gRist,anti_homophones
10574,1,0,0,8,3,-6.806556764728182,6.806556764728182,dekRanj5,anti_homophones
10575,1,0,0,10,5,-9.493788173169973,9.493788173169973,apsORysid@,anti_homophones
10576,1,0,0,10,5,-6.3981355411996,6.3981355411996,ZeORj2z°m@,anti_homophones
10577,1,2,1,6,3,-5.5075485201530485,5.5075485201530485,EsteRe,anti_homophones
10578,1,1,0,6,2,-6.6904329139591665,6.6904329139591665,RusatR,anti_homophones
10579,1,4,0,6,2,-5.561640255108686,5.561640255108686,kamjER,anti_homophones
10580,1,0,0,4,2,-4.704318989310523,4.704318989310523,Z§SE,anti_homophones
10581,1,0,0,9,4,-8.372381055287551,8.372381055287551,metisonER,anti_homophones
10582,1,1,0,4,2,-5.466146946496281,5.466146946496281,tufy,anti_homophones
10583,1,0,0,10,4,-6.756161455450364,6.756161455450364,dez5telist,anti_homophones
10584,1,1,0,7,3,-6.945024529105397,6.945024529105397,kRal°te,anti_homophones
10585,1,0,0,12,5,-9.65497110640609,9.65497110640609,bRigoloZ2nEz,anti_homophones
10586,1,6,0,4,2,-4.631636312746802,4.631636312746802,es9R,anti_homophones
10587,1,0,0,11,4,-10.755063509682364,10.755063509682364,oblifORsjas,anti_homophones
10588,1,13,0,5,2,-4.415523324275316,4.415523324275316,kRone,anti_homophones
10589,1,7,2,4,1,-4.119595611331968,4.119595611331968,sjEl,anti_homophones
10590,1,4,0,4,2,-4.996386301709345,4.996386301709345,@bOS,anti_homophones
10591,1,0,0,8,4,-6.607212080076259,6.607212080076259,omofizj§,anti_homophones
10592,1,11,0,4,2,-5.070562264617699,5.070562264617699,al8e,anti_homophones
10593,1,1,0,7,3,-5.487820618123461,5.487820618123461,ERmasj§,anti_homophones
10594,1,5,0,3,1,-4.637363003059416,4.637363003059416,m@g,anti_homophones
10595,1,0,0,8,4,-6.221063357705101,6.221063357705101,S@bEt°Ri,anti_homophones
10596,1,0,0,7,3,-7.1832404643251975,7.1832404643251975,dOlOZEn,anti_homophones
10597,1,0,0,7,3,-6.320235708639641,6.320235708639641,gRupeEm,anti_homophones
10598,1,1,0,7,4,-5.658112571040137,5.658112571040137,enEZ°m@,anti_homophones
10599,1,0,0,11,4,-10.767987612905642,10.767987612905642,R°ZtablikOz,anti_homophones
10600,1,0,0,13,5,-11.369391039947386,11.369391039947386,fRis°g§dOlbin,anti_homophones
10601,1,22,2,3,1,-3.8760135257122115,3.8760135257122115,kwa,anti_homophones
10602,1,0,0,10,5,-6.6348238201655185,6.6348238201655185,sinabilite,anti_homophones
10603,1,2,0,5,2,-5.6407912351623,5.6407912351623,R°nwe,anti_homophones
10604,1,0,0,9,5,-9.419725550218866,9.419725550218866,Olefavon2,anti_homophones
10605,1,2,0,5,2,-5.313460358423263,5.313460358423263,flume,anti_homophones
10606,1,2,0,5,2,-4.845324632096629,4.845324632096629,R°saZ,anti_homophones
10607,1,1,1,6,3,-6.491637704417707,6.491637704417707,5doS9R,anti_homophones
10608,1,2,0,6,3,-6.128258465186027,6.128258465186027,likate,anti_homophones
10609,1,0,0,7,3,-6.489541596153521,6.489541596153521,amenist,anti_homophones
10610,1,10,0,3,1,-4.646972214142028,4.646972214142028,fOs,anti_homophones
10611,1,8,1,5,2,-5.306965327726201,5.306965327726201,majEn,anti_homophones
10612,1,0,0,11,4,-8.84009092321598,8.84009092321598,myltyRbaRb§,anti_homophones
10613,1,6,1,4,1,-5.2214244244095624,5.2214244244095624,ljaZ,anti_homophones
10614,1,0,0,6,2,-7.027357176925907,7.027357176925907,skRin2,anti_homophones
10615,1,0,0,11,4,-10.852286896488925,10.852286896488925,tROspozeRal,anti_homophones
10616,1,2,0,6,3,-5.71362859404065,5.71362859404065,sezije,anti_homophones
10617,1,10,1,3,1,-4.608211898499897,4.608211898499897,mun,anti_homophones
10618,1,5,2,4,1,-4.161209295103703,4.161209295103703,sj@s,anti_homophones
10619,1,0,0,8,3,-7.759129162970547,7.759129162970547,sebekabl,anti_homophones
10620,1,0,0,10,4,-10.005649738825511,10.005649738825511,kozERvwajo,anti_homophones
10621,1,6,0,4,1,-4.867450664123471,4.867450664123471,dakt,anti_homophones
10622,1,1,0,7,3,-5.474507702970267,5.474507702970267,peRatik,anti_homophones
10623,1,0,0,14,6,-12.871911487515883,12.871911487515883,R2k§tamaRkotEk,anti_homophones
10624,1,0,0,11,5,-6.5784493646841,6.5784493646841,deRatizasj§,anti_homophones
10625,1,0,0,9,3,-9.66922426965066,9.66922426965066,fibR8eRiR,anti_homophones
10626,1,5,0,5,2,-5.44666510813639,5.44666510813639,RekOR,anti_homophones
10627,1,0,0,9,4,-7.547878437517684,7.547878437517684,t5timatik,anti_homophones
10628,1,0,0,10,4,-8.545388220905267,8.545388220905267,apsylfanaZ,anti_homophones
10629,1,0,0,9,4,-10.061936334659373,10.061936334659373,RalimalEZ,anti_homophones
10630,1,0,0,8,4,-8.678049136441457,8.678049136441457,ZEtis°Ri,anti_homophones
10631,1,0,0,6,2,-8.407539689772822,8.407539689772822,laSint,anti_homophones
10632,1,7,0,4,2,-5.068621242593699,5.068621242593699,an8e,anti_homophones
10633,1,0,0,12,5,-13.063921690486586,13.063921690486586,suRdu@tolajn,anti_homophones
10634,1,1,0,7,3,-7.053724732855967,7.053724732855967,blijonE,anti_homophones
10635,1,0,0,9,4,-6.986563012425856,6.986563012425856,taktOn°m@,anti_homophones
10636,1,18,1,4,1,-4.226077733696467,4.226077733696467,maRk,anti_homophones
10637,1,0,0,9,4,-11.021508384079882,11.021508384079882,t5dRos°RE,anti_homophones
10638,1,1,0,6,3,-5.400429139752889,5.400429139752889,5flam@,anti_homophones
10639,1,0,0,6,3,-7.054972989237321,7.054972989237321,enERvo,anti_homophones
10640,1,1,1,6,3,-6.267983803943715,6.267983803943715,dedife,anti_homophones
10641,1,0,0,8,3,-8.647832834163845,8.647832834163845,buRlup5s,anti_homophones
10642,1,0,0,8,4,-8.175391192746828,8.175391192746828,k§kaS°m@,anti_homophones
10643,1,0,0,7,3,-7.651801113076692,7.651801113076692,teljOni,anti_homophones
10644,1,1,0,7,3,-6.217696118809382,6.217696118809382,R°sasje,anti_homophones
10645,1,0,0,8,4,-7.894252159768889,7.894252159768889,inevizj5,anti_homophones
10646,1,12,1,6,3,-4.687305725842818,4.687305725842818,SaR°m@,anti_homophones
10647,1,0,0,7,3,-6.303748739020005,6.303748739020005,siklam@,anti_homophones
10648,1,2,0,7,4,-5.968913139071125,5.968913139071125,5las°m@,anti_homophones
10649,1,0,0,13,6,-12.664674676106316,12.664674676106316,5pORsenigolwa,anti_homophones
10650,1,2,1,4,2,-4.702448031030854,4.702448031030854,lObi,anti_homophones
10651,1,0,0,7,3,-6.460543112928846,6.460543112928846,psikony,anti_homophones
10652,1,10,0,4,2,-5.612681438098243,5.612681438098243,alid,anti_homophones
10653,1,6,2,7,3,-4.43088064296157,4.43088064296157,paRat9R,anti_homophones
10654,1,2,0,4,2,-5.504454140481362,5.504454140481362,eZak,anti_homophones
10655,1,0,0,13,6,-9.751183523729884,9.751183523729884,komynitoloZj5,anti_homophones
10656,1,0,0,6,3,-7.183655703904417,7.183655703904417,RepRe@,anti_homophones
10657,1,0,0,10,5,-10.323684951861862,10.323684951861862,5syRatwalE,anti_homophones
10658,1,0,0,9,4,-6.230353903009374,6.230353903009374,klamilite,anti_homophones
10659,1,0,0,11,5,-8.139042649286502,8.139042649286502,admonoRifje,anti_homophones
10660,1,0,0,6,2,-6.102114275493068,6.102114275493068,gyljER,anti_homophones
10661,1,0,0,6,3,-9.30527506748481,9.30527506748481,@talmy,anti_homophones
10662,1,0,0,15,6,-13.048709086765404,13.048709086765404,R@fleOptisfemik,anti_homophones
10663,1,0,0,10,4,-8.933703652195133,8.933703652195133,kRibisjone,anti_homophones
10664,1,1,0,4,1,-4.895256768458543,4.895256768458543,vj@s,anti_homophones
10665,1,0,0,9,4,-7.280889071345228,7.280889071345228,pERseRem@,anti_homophones
10666,1,1,0,6,3,-6.451549123342734,6.451549123342734,viRyRi,anti_homophones
10667,1,6,1,5,2,-5.3952664971595325,5.3952664971595325,syble,anti_homophones
10668,1,0,0,11,3,-10.261411385333554,10.261411385333554,pRognOstibl,anti_homophones
10669,1,0,0,7,3,-7.2731808203050345,7.2731808203050345,sOm°luk,anti_homophones
10670,1,1,0,5,2,-5.6615481871629685,5.6615481871629685,EgzyR,anti_homophones
10671,1,8,1,4,2,-5.380483464154507,5.380483464154507,ebRi,anti_homophones
10672,1,2,0,5,3,-6.23293211790402,6.23293211790402,aRtye,anti_homophones
10673,1,0,0,6,3,-6.835012134664662,6.835012134664662,filobo,anti_homophones
10674,1,0,0,11,5,-8.7434351308305,8.7434351308305,R@panatasj§,anti_homophones
10675,1,0,0,13,6,-13.299583198159667,13.299583198159667,onokymetonjak,anti_homophones
10676,1,0,0,7,4,-7.442537299632759,7.442537299632759,5k§bif5,anti_homophones
10677,1,1,0,6,2,-6.450849101279092,6.450849101279092,p8iste,anti_homophones
10678,1,1,0,7,3,-6.452913901250982,6.452913901250982,petRij2,anti_homophones
10679,1,0,0,11,4,-9.857860343298622,9.857860343298622,R°s°vwaRdOn,anti_homophones
10680,1,16,1,3,2,-4.641966949368706,4.641966949368706,bee,anti_homophones
10681,1,0,0,8,3,-6.514506450244156,6.514506450244156,Snikasj§,anti_homophones
10682,1,4,0,5,2,-5.123916910796678,5.123916910796678,divOR,anti_homophones
10683,1,11,1,4,1,-4.753678339043049,4.753678339043049,pwas,anti_homophones
10684,1,7,0,5,2,-4.953898813213426,4.953898813213426,tRij2,anti_homophones
10685,1,0,0,7,3,-6.452501078791014,6.452501078791014,awajabl,anti_homophones
10686,1,2,0,6,3,-6.666191938055208,6.666191938055208,imOnEl,anti_homophones
10687,1,10,1,4,2,-4.264646234529986,4.264646234529986,kuSe,anti_homophones
10688,1,1,0,9,3,-6.073430441946055,6.073430441946055,Ekspl@tje,anti_homophones
10689,1,0,0,4,2,-6.075877896035424,6.075877896035424,Zypi,anti_homophones
10690,1,0,0,7,3,-7.4147441966788605,7.4147441966788605,tRipan§,anti_homophones
10691,1,0,0,10,5,-9.409431677446848,9.409431677446848,k@bonisite,anti_homophones
10692,1,0,0,10,4,-8.309239610214341,8.309239610214341,misERvERse,anti_homophones
10693,1,1,1,4,1,-5.224523911005235,5.224523911005235,RObR,anti_homophones
10694,1,6,1,4,2,-4.205495479164636,4.205495479164636,tybe,anti_homophones
10695,1,0,0,11,6,-11.876480129607346,11.876480129607346,ane5sem@taZ,anti_homophones
10696,1,1,0,5,3,-6.735708448151607,6.735708448151607,adosi,anti_homophones
10697,1,0,0,8,3,-6.082073533121992,6.082073533121992,bR2lasj§,anti_homophones
10698,1,10,0,4,2,-4.984056450703458,4.984056450703458,lyZe,anti_homophones
10699,1,0,0,10,4,-6.677788194896467,6.677788194896467,pERtinasj§,anti_homophones
10700,1,35,3,3,1,-3.802722349241394,3.802722349241394,faR,anti_homophones
10701,1,3,0,4,2,-5.183392393559746,5.183392393559746,an8E,anti_homophones
10702,1,6,0,5,2,-5.6371886245475435,5.6371886245475435,minEz,anti_homophones
10703,1,25,1,4,2,-4.352912092392652,4.352912092392652,Rave,anti_homophones
10704,1,0,0,7,3,-7.14803826986559,7.14803826986559,megRane,anti_homophones
10705,1,1,0,5,2,-6.583270454790132,6.583270454790132,aSaRk,anti_homophones
10706,1,0,0,8,4,-8.27171762612341,8.27171762612341,foRizeR2,anti_homophones
10707,1,0,0,14,6,-12.776915485628601,12.776915485628601,ovoklOR@slysj§,anti_homophones
10708,1,5,1,6,3,-4.47612084303896,4.47612084303896,@tisj§,anti_homophones
10709,1,0,0,7,3,-6.031749502317405,6.031749502317405,dek§tal,anti_homophones
10710,1,0,0,8,3,-8.148603526027436,8.148603526027436,stemonaZ,anti_homophones
10711,1,3,0,7,3,-6.245219505629203,6.245219505629203,kal@sj§,anti_homophones
10712,1,4,1,5,2,-5.101902264495277,5.101902264495277,tuRno,anti_homophones
10713,1,26,0,3,2,-4.818017750190519,4.818017750190519,iRo,anti_homophones
10714,1,0,0,6,2,-6.617263231495312,6.617263231495312,Zelasm,anti_homophones
10715,1,0,0,8,3,-7.745599227034956,7.745599227034956,faRsjon@,anti_homophones
10716,1,0,0,11,5,-10.740843426085554,10.740843426085554,EkstifeRis@,anti_homophones
10717,1,36,0,3,1,-3.880832879128139,3.880832879128139,tRa,anti_homophones
10718,1,0,0,7,3,-6.285759428494134,6.285759428494134,patinal,anti_homophones
10719,1,5,0,6,3,-5.701266684242001,5.701266684242001,t@S°m@,anti_homophones
10720,1,1,0,5,2,-6.334354322024025,6.334354322024025,ubl9S,anti_homophones
10721,1,2,0,6,3,-5.791277727238178,5.791277727238178,kolive,anti_homophones
10722,1,1,0,9,4,-5.919979216831524,5.919979216831524,pap°Rasj§,anti_homophones
10723,1,6,0,7,3,-5.0781412274783015,5.0781412274783015,skoloZi,anti_homophones
10724,1,7,0,4,2,-4.830119085229841,4.830119085229841,bagu,anti_homophones
10725,1,0,0,7,4,-7.731410353029899,7.731410353029899,5desis§,anti_homophones
10726,1,38,2,4,2,-3.9122744551632205,3.9122744551632205,pale,anti_homophones
10727,1,25,1,3,1,-4.060140037304784,4.060140037304784,nOR,anti_homophones
10728,1,4,0,4,2,-4.8652670332603085,4.8652670332603085,div5,anti_homophones
10729,1,0,0,6,3,-6.757550706834858,6.757550706834858,2klunE,anti_homophones
10730,1,3,0,4,2,-7.720142410056322,7.720142410056322,oR@S,anti_homophones
10731,1,0,0,6,3,-7.3321615785852385,7.3321615785852385,ebalit,anti_homophones
10732,1,20,1,4,2,-4.512107202702689,4.512107202702689,baRo,anti_homophones
10733,1,7,0,5,2,-5.462039041697517,5.462039041697517,katRe,anti_homophones
10734,1,0,0,8,4,-8.573520902357648,8.573520902357648,ORmalote,anti_homophones
10735,1,1,0,6,2,-6.904103906996211,6.904103906996211,k§stap,anti_homophones
10736,1,0,0,13,5,-13.083692213919054,13.083692213919054,RidOlbanEspad,anti_homophones
10737,1,7,0,4,1,-5.241997856460591,5.241997856460591,blag,anti_homophones
10738,1,1,0,8,4,-5.381193619234492,5.381193619234492,Eskal°m@,anti_homophones
10739,1,11,0,6,3,-4.910636809402556,4.910636809402556,paRite,anti_homophones
10740,1,1,0,6,2,-5.839071210273004,5.839071210273004,deglis,anti_homophones
10741,1,0,0,10,4,-9.195841249131528,9.195841249131528,gR@vERs°m@,anti_homophones
10742,1,0,0,6,3,-6.165677244515834,6.165677244515834,kiSOpe,anti_homophones
10743,1,0,0,9,5,-7.21226092853135,7.21226092853135,epigalite,anti_homophones
10744,1,1,0,7,3,-6.635863911842452,6.635863911842452,bRis°Ri,anti_homophones
10745,1,1,0,6,3,-6.475481096019065,6.475481096019065,5kapid,anti_homophones
10746,1,8,0,4,1,-5.419299126629223,5.419299126629223,fRid,anti_homophones
10747,1,14,1,4,1,-5.106445437975639,5.106445437975639,paRp,anti_homophones
10748,1,1,0,7,3,-7.025322748233421,7.025322748233421,laRZ@se,anti_homophones
10749,1,1,0,7,4,-6.803915520422075,6.803915520422075,@dokyme,anti_homophones
10750,1,3,0,5,1,-5.169001123073527,5.169001123073527,pERkl,anti_homophones
10751,1,1,0,6,2,-7.273794984618699,7.273794984618699,kOstR§,anti_homophones
10752,1,0,0,11,5,-10.152615360433291,10.152615360433291,memonokORp5,anti_homophones
10753,1,15,1,4,2,-4.713247019620787,4.713247019620787,toni,anti_homophones
10754,1,0,0,11,5,-8.051331897024488,8.051331897024488,ZydokyRasj§,anti_homophones
10755,1,0,0,8,3,-8.84116730409164,8.84116730409164,venydabl,anti_homophones
10756,1,0,0,9,3,-8.325695766967279,8.325695766967279,k§stam9bl,anti_homophones
10757,1,11,0,4,2,-5.24343115112891,5.24343115112891,Sipi,anti_homophones
10758,1,3,0,6,3,-5.661644466184093,5.661644466184093,epaRal,anti_homophones
10759,1,4,0,4,2,-5.276777391493425,5.276777391493425,bodo,anti_homophones
10760,1,0,0,14,6,-15.736528268949769,15.736528268949769,menozemaRtynim,anti_homophones
10761,1,0,0,13,6,-8.729547041697236,8.729547041697236,finalizibl°m@,anti_homophones
10762,1,6,0,4,1,-4.770408433450396,4.770408433450396,pitS,anti_homophones
10763,1,3,0,5,2,-6.819638816857529,6.819638816857529,koRos,anti_homophones
10764,1,8,0,5,2,-4.88678890032629,4.88678890032629,pilEn,anti_homophones
10765,1,0,0,9,4,-10.83656411760153,10.83656411760153,wikatatER,anti_homophones
10766,1,0,0,15,6,-11.334729360211464,11.334729360211464,patogRafikaskys,anti_homophones
10767,1,20,0,3,1,-4.846924926294331,4.846924926294331,sEj,anti_homophones
10768,1,5,0,7,3,-5.019565880946564,5.019565880946564,5tERniR,anti_homophones
10769,1,6,0,6,2,-4.60584431394285,4.60584431394285,pRes@s,anti_homophones
10770,1,0,0,9,4,-6.45198481500557,6.45198481500557,satizat9R,anti_homophones
10771,1,0,1,6,3,-6.361043562977796,6.361043562977796,5fatOl,anti_homophones
10772,1,0,1,6,2,-5.374384010527588,5.374384010527588,maRguj,anti_homophones
10773,1,1,0,4,1,-6.767118775134254,6.767118775134254,gw5t,anti_homophones
10774,1,0,0,7,3,-6.254542861798208,6.254542861798208,diZonal,anti_homophones
10775,1,0,0,11,4,-8.082559724859298,8.082559724859298,sakRonatwaR,anti_homophones
10776,1,0,0,10,5,-8.891807007939805,8.891807007939805,neokypilOt,anti_homophones
10777,1,9,0,5,2,-4.52708054179306,4.52708054179306,buj9R,anti_homophones
10778,1,10,1,5,1,-4.424459684695401,4.424459684695401,fRist,anti_homophones
10779,1,0,0,8,3,-5.907692709381929,5.907692709381929,lysjonER,anti_homophones
10780,1,0,0,11,5,-9.246766836073169,9.246766836073169,asosjonERse,anti_homophones
10781,1,0,0,8,4,-6.153307739259846,6.153307739259846,R2baj°m@,anti_homophones
10782,1,0,0,7,3,-7.211040342180739,7.211040342180739,patRuja,anti_homophones
10783,1,0,0,7,2,-8.541983555061012,8.541983555061012,nOstkot,anti_homophones
10784,1,0,0,8,3,-8.048538904295379,8.048538904295379,mikastRa,anti_homophones
10785,1,0,0,7,3,-7.423742326253666,7.423742326253666,glokopi,anti_homophones
10786,1,0,0,11,5,-10.016389029165419,10.016389029165419,faseswafein,anti_homophones
10787,1,14,1,4,2,-4.998326284510894,4.998326284510894,tati,anti_homophones
10788,1,0,0,13,6,-11.714909878356764,11.714909878356764,Rigomisizjole,anti_homophones
10789,1,0,0,8,4,-6.390406595713118,6.390406595713118,depal°m@,anti_homophones
10790,1,0,0,8,3,-7.250652039598021,7.250652039598021,Zyditabl,anti_homophones
10791,1,0,0,6,3,-7.466266428886019,7.466266428886019,etiske,anti_homophones
10792,1,38,1,3,2,-4.152402950892499,4.152402950892499,aR§,anti_homophones
10793,1,0,0,7,3,-7.563134602883023,7.563134602883023,kapilik,anti_homophones
10794,1,0,0,7,3,-8.320535755868512,8.320535755868512,syltone,anti_homophones
10795,1,0,0,11,5,-11.643629612719199,11.643629612719199,fotopeRytje,anti_homophones
10796,1,5,0,4,2,-6.687035401510156,6.687035401510156,tus@,anti_homophones
10797,1,1,0,7,3,-6.800398356097404,6.800398356097404,d@tit8e,anti_homophones
10798,1,2,1,7,3,-4.798505697763339,4.798505697763339,p@sasj§,anti_homophones
10799,1,0,0,9,5,-9.125297294171844,9.125297294171844,Repaname5,anti_homophones
10800,1,0,0,12,4,-10.805464187556842,10.805464187556842,kORmyltRavER,anti_homophones
10801,1,0,0,10,3,-11.592215305323842,11.592215305323842,modjOpsEps,anti_homophones
10802,1,1,1,4,2,-4.8933095953870165,4.8933095953870165,g°no,anti_homophones
10803,1,3,0,4,1,-4.784222634463918,4.784222634463918,dROg,anti_homophones
10804,1,0,0,10,4,-8.503463879138556,8.503463879138556,solifORsaZ,anti_homophones
10805,1,0,0,7,4,-6.963488880948407,6.963488880948407,inabine,anti_homophones
10806,1,0,0,8,3,-9.089720373777507,9.089720373777507,f@tERval,anti_homophones
10807,1,0,0,8,3,-8.121263875620798,8.121263875620798,ZipsofOb,anti_homophones
10808,1,0,0,13,6,-12.417723332765018,12.417723332765018,sekomosatRije,anti_homophones
10809,1,3,0,6,2,-5.309085587610714,5.309085587610714,klonEl,anti_homophones
10810,1,0,0,8,5,-5.221038376635399,5.221038376635399,@vais°m@,anti_homophones
10811,1,4,0,4,2,-4.776864787798947,4.776864787798947,poEt,anti_homophones
10812,1,3,0,7,2,-4.9679815642055525,4.9679815642055525,pERsist,anti_homophones
10813,1,0,0,12,5,-10.843798400338727,10.843798400338727,mogRafl9Ris@,anti_homophones
10814,1,0,0,7,3,-6.716504954563837,6.716504954563837,pRolEj§,anti_homophones
10815,1,1,0,5,2,-6.409071563111257,6.409071563111257,dRaSo,anti_homophones
10816,1,9,0,4,1,-4.622191717088684,4.622191717088684,bERn,anti_homophones
10817,1,1,0,8,4,-6.9157715396366495,6.9157715396366495,Rotomize,anti_homophones
10818,1,4,0,6,2,-6.315302654397735,6.315302654397735,kaRtEt,anti_homophones
10819,1,3,1,5,2,-4.808587363347306,4.808587363347306,pEj9R,anti_homophones
10820,1,2,1,6,3,-4.676381233655255,4.676381233655255,det°Ri,anti_homophones
10821,1,1,0,6,2,-5.982826592651901,5.982826592651901,medjOd,anti_homophones
10822,1,0,0,7,3,-7.52698657380236,7.52698657380236,agREn@s,anti_homophones
10823,1,0,0,11,5,-7.214125713611142,7.214125713611142,p5tagORZ°m@,anti_homophones
10824,1,0,0,10,4,-7.092380387581027,7.092380387581027,dez5teRjOl,anti_homophones
10825,1,9,0,4,2,-5.9576042483532525,5.9576042483532525,fySe,anti_homophones
10826,1,9,1,5,2,-4.703030219653708,4.703030219653708,mORte,anti_homophones
10827,1,0,0,7,4,-6.284907878976146,6.284907878976146,evaloZi,anti_homophones
10828,1,6,0,7,3,-6.522185807280925,6.522185807280925,vRis°m@,anti_homophones
10829,1,3,0,6,3,-5.480585284769965,5.480585284769965,fosije,anti_homophones
10830,1,2,0,6,3,-5.485270479046505,5.485270479046505,f@zite,anti_homophones
10831,1,9,0,5,2,-4.969449114859934,4.969449114859934,pativ,anti_homophones
10832,1,2,0,5,2,-5.558039943765396,5.558039943765396,diZon,anti_homophones
10833,1,4,0,6,2,-5.100861231467333,5.100861231467333,fRatik,anti_homophones
10834,1,0,0,6,3,-8.329479312551289,8.329479312551289,l@SEn§,anti_homophones
10835,1,5,0,4,2,-5.159927825737765,5.159927825737765,m§t@,anti_homophones
10836,1,9,1,6,3,-4.972753569141437,4.972753569141437,koRite,anti_homophones
10837,1,6,0,6,3,-4.690715439710184,4.690715439710184,kom@de,anti_homophones
10838,1,1,0,6,2,-5.172955753844555,5.172955753844555,aktibl,anti_homophones
10839,1,1,0,8,4,-6.07760684849999,6.07760684849999,Sut2z°m@,anti_homophones
10840,1,0,0,12,5,-12.06977957258188,12.06977957258188,maRtiRekR@p@,anti_homophones
10841,1,0,0,6,3,-7.431737574868292,7.431737574868292,sup°la,anti_homophones
10842,1,2,0,6,3,-5.726242364988848,5.726242364988848,Egzis@,anti_homophones
10843,1,0,0,6,3,-8.140313989080404,8.140313989080404,@taRom,anti_homophones
10844,1,4,0,5,2,-5.337098130001213,5.337098130001213,l@tje,anti_homophones
10845,1,0,0,7,3,-7.256768162628257,7.256768162628257,k§sekyp,anti_homophones
10846,1,0,0,11,4,-9.171115386983775,9.171115386983775,depResERt9R,anti_homophones
10847,1,2,0,6,2,-6.317765479274931,6.317765479274931,vERsiv,anti_homophones
10848,1,0,0,5,2,-7.052173831298613,7.052173831298613,mydis,anti_homophones
10849,1,0,0,9,4,-9.923133240769245,9.923133240769245,vwalEz@SE,anti_homophones
10850,1,11,2,3,1,-4.304840590555602,4.304840590555602,tSe,anti_homophones
10851,1,8,0,4,2,-6.6577696388659335,6.6577696388659335,Roid,anti_homophones
10852,1,18,1,4,2,-4.1994144559192454,4.1994144559192454,ZeRe,anti_homophones
10853,1,2,0,5,2,-6.431754477852268,6.431754477852268,plede,anti_homophones
10854,1,1,0,6,2,-5.6707638952011985,5.6707638952011985,n§sj@s,anti_homophones
10855,1,0,0,9,5,-7.785660283275995,7.785660283275995,iReEgzak5,anti_homophones
10856,1,1,0,5,2,-4.91478494724527,4.91478494724527,S°vRe,anti_homophones
10857,1,0,0,6,2,-6.562762034931226,6.562762034931226,fygasm,anti_homophones
10858,1,1,0,6,3,-6.513620325169341,6.513620325169341,inatRe,anti_homophones
10859,1,8,0,5,3,-5.301191723435611,5.301191723435611,paRa§,anti_homophones
10860,1,0,0,5,2,-7.3640608053350505,7.3640608053350505,siglE,anti_homophones
10861,1,5,1,4,1,-4.7426339387681775,4.7426339387681775,sufR,anti_homophones
10862,1,0,0,8,3,-8.372384609274949,8.372384609274949,akRolEtR,anti_homophones
10863,1,2,0,6,2,-5.310255509153099,5.310255509153099,dyRsj§,anti_homophones
10864,1,0,0,9,4,-7.422043486001293,7.422043486001293,p§ktyaRje,anti_homophones
10865,1,0,0,11,5,-10.014359379513746,10.014359379513746,eklEktOmEs@,anti_homophones
10866,1,8,1,5,2,-5.0602318636661066,5.0602318636661066,kRipu,anti_homophones
10867,1,1,0,6,2,-6.58589433865334,6.58589433865334,mjolaR,anti_homophones
10868,1,31,1,3,1,-4.3250722718905905,4.3250722718905905,Rid,anti_homophones
10869,1,9,0,5,2,-4.915039273027222,4.915039273027222,ekRiR,anti_homophones
10870,1,11,1,4,2,-5.418411818903301,5.418411818903301,kOli,anti_homophones
10871,1,1,0,7,4,-5.3155308704695985,5.3155308704695985,5vEs°m@,anti_homophones
10872,1,0,0,7,3,-6.950811249236818,6.950811249236818,depaR@g,anti_homophones
10873,1,0,0,7,4,-7.860072415574783,7.860072415574783,asifide,anti_homophones
10874,1,0,0,9,4,-7.936797305080544,7.936797305080544,laRistine,anti_homophones
10875,1,2,0,6,3,-5.563314557031457,5.563314557031457,dekaj§,anti_homophones
10876,1,1,0,5,2,-5.283439645885754,5.283439645885754,pilOm,anti_homophones
10877,1,0,0,13,5,-7.2316578831782135,7.2316578831782135,pRedykt8El°m@,anti_homophones
10878,1,1,0,5,2,-5.211874698972136,5.211874698972136,vERdy,anti_homophones
10879,1,2,0,7,2,-4.863891769934438,4.863891769934438,spEktif,anti_homophones
10880,1,6,0,4,2,-5.052409259189956,5.052409259189956,byS@,anti_homophones
10881,1,2,0,6,2,-5.424241618828985,5.424241618828985,falsif,anti_homophones
10882,1,0,0,7,3,-6.666145032403465,6.666145032403465,big8ijE,anti_homophones
10883,1,10,0,4,2,-4.885582979102001,4.885582979102001,fij@,anti_homophones
10884,1,1,0,7,3,-6.8762538027359295,6.8762538027359295,gRatane,anti_homophones
10885,1,4,1,5,2,-4.653445866302173,4.653445866302173,pEnaZ,anti_homophones
10886,1,0,0,6,4,-6.394099662392335,6.394099662392335,neope5,anti_homophones
10887,1,1,0,7,3,-6.240707456336288,6.240707456336288,n2RofOb,anti_homophones
10888,1,2,0,4,2,-5.2923792802093015,5.2923792802093015,akiG,anti_homophones
10889,1,0,0,11,4,-10.281381161052279,10.281381161052279,ERgRamaRtif,anti_homophones
10890,1,4,0,5,2,-5.001742616765411,5.001742616765411,byS9R,anti_homophones
10891,1,4,1,4,1,-4.332322116357616,4.332322116357616,djyR,anti_homophones
10892,1,12,1,5,2,-4.866357716921963,4.866357716921963,kyt9R,anti_homophones
10893,1,3,1,4,2,-4.706777975091519,4.706777975091519,g5Se,anti_homophones
10894,1,0,0,9,4,-11.034106968453479,11.034106968453479,pOlamalwe,anti_homophones
10895,1,9,1,4,2,-4.745807580166437,4.745807580166437,5sta,anti_homophones
10896,1,4,0,4,1,-5.564875119939076,5.564875119939076,stOp,anti_homophones
10897,1,0,1,10,5,-6.071137331492015,6.071137331492015,dek§dis°m@,anti_homophones
10898,1,0,0,6,3,-6.238391939147563,6.238391939147563,sil5go,anti_homophones
10899,1,0,0,13,6,-13.37757871116948,13.37757871116948,abRokERmoRaZe,anti_homophones
10900,1,8,1,6,3,-4.4737660511072885,4.4737660511072885,oloZik,anti_homophones
10901,1,0,0,10,4,-9.458531477343822,9.458531477343822,litotogRaf,anti_homophones
10902,1,1,0,6,2,-7.3256002523763,7.3256002523763,Rekliv,anti_homophones
10903,1,14,0,3,1,-4.854594245733864,4.854594245733864,tRu,anti_homophones
10904,1,20,0,3,1,-4.574084341058254,4.574084341058254,mon,anti_homophones
10905,1,1,0,5,2,-5.356989083019684,5.356989083019684,totOn,anti_homophones
10906,1,0,0,8,3,-8.613179946246056,8.613179946246056,baRamitR,anti_homophones
10907,1,0,0,8,3,-8.349563050510616,8.349563050510616,nekoRjEl,anti_homophones
10908,1,0,0,17,6,-14.714918766066443,14.714918766066443,tR@zatlEtaRdenjOm,anti_homophones
10909,1,0,0,9,5,-6.297750766435442,6.297750766435442,tybeOlOZi,anti_homophones
10910,1,0,0,10,5,-7.868109270457717,7.868109270457717,5divag°niR,anti_homophones
10911,1,0,0,9,4,-6.962963318656448,6.962963318656448,saRsis°m@,anti_homophones
10912,1,6,1,6,3,-4.741826196434049,4.741826196434049,ORt°m@,anti_homophones
10913,1,0,0,8,4,-9.66684035917155,9.66684035917155,Simenigo,anti_homophones
10914,1,2,0,5,2,-7.483559841748637,7.483559841748637,SisaR,anti_homophones
10915,1,11,1,4,2,-4.619468528962059,4.619468528962059,asti,anti_homophones
10916,1,0,0,11,5,-10.01768433512057,10.01768433512057,R§fl@boSase,anti_homophones
10917,1,0,0,8,3,-7.923753024281053,7.923753024281053,kRystafi,anti_homophones
10918,1,0,0,7,3,-6.841178579316612,6.841178579316612,koRwas@,anti_homophones
10919,1,0,0,5,1,-6.0572664080588225,6.0572664080588225,g@gst,anti_homophones
10920,1,0,0,8,4,-8.56549327031661,8.56549327031661,s5sid@t2,anti_homophones
10921,1,3,0,5,2,-5.726026936851001,5.726026936851001,sk@da,anti_homophones
10922,1,3,1,5,2,-5.183483259905062,5.183483259905062,yltif,anti_homophones
10923,1,2,0,6,2,-5.915935686722303,5.915935686722303,kaRtEk,anti_homophones
10924,1,0,0,7,3,-7.118043080096289,7.118043080096289,paRaban,anti_homophones
10925,1,10,0,4,2,-5.430430449568457,5.430430449568457,inam,anti_homophones
10926,1,3,0,4,2,-5.21176135123494,5.21176135123494,enys,anti_homophones
10927,1,3,0,6,3,-5.479263686496691,5.479263686496691,Reedik,anti_homophones
10928,1,0,0,8,3,-6.870759648913364,6.870759648913364,pROspoz@,anti_homophones
10929,1,0,0,10,4,-8.158949304785748,8.158949304785748,bl@SeRyRZe,anti_homophones
10930,1,1,0,6,2,-6.481742457335108,6.481742457335108,sERbaR,anti_homophones
10931,1,0,0,11,4,-7.872805426559734,7.872805426559734,k§tRep§sabl,anti_homophones
10932,1,10,0,4,1,-4.801786741290733,4.801786741290733,must,anti_homophones
10933,1,0,0,8,3,-6.758239927341714,6.758239927341714,pRofitoz,anti_homophones
10934,1,4,0,4,2,-4.795880990578976,4.795880990578976,Z°nE,anti_homophones
10935,1,0,0,6,2,-7.05435016374142,7.05435016374142,t8iz@s,anti_homophones
10936,1,0,0,11,5,-7.969102218825383,7.969102218825383,ORganematif,anti_homophones
10937,1,8,1,6,3,-4.091399340553225,4.091399340553225,Sik°m@,anti_homophones
10938,1,0,0,13,5,-11.498778756814037,11.498778756814037,EldspaRavalj5,anti_homophones
10939,1,0,0,10,4,-12.07027179424414,12.07027179424414,dekoktOpte,anti_homophones
10940,1,8,0,4,2,-5.357089363081908,5.357089363081908,g@de,anti_homophones
10941,1,10,0,4,2,-5.12151319922286,5.12151319922286,sufi,anti_homophones
10942,1,21,0,3,1,-4.25803048559673,4.25803048559673,gEt,anti_homophones
10943,1,0,0,8,3,-6.6590412262955905,6.6590412262955905,EstjonaZ,anti_homophones
10944,1,2,0,7,3,-6.552874149867255,6.552874149867255,m@dit9R,anti_homophones
10945,1,4,0,7,3,-5.460568253674695,5.460568253674695,militik,anti_homophones
10946,1,0,0,8,3,-6.392021681432623,6.392021681432623,k§pRijER,anti_homophones
10947,1,0,0,14,6,-8.813077764101246,8.813077764101246,baRkylpabilite,anti_homophones
10948,1,0,0,12,6,-10.97111775379705,10.97111775379705,inibilitabin,anti_homophones
10949,1,0,0,11,4,-10.871617199012842,10.871617199012842,pok§fleSizm,anti_homophones
10950,1,2,0,5,2,-5.832182436347363,5.832182436347363,lypid,anti_homophones
10951,1,0,0,8,4,-7.981470921716503,7.981470921716503,igRafil@,anti_homophones
10952,1,0,0,10,4,-10.3394853974777,10.3394853974777,psidozifje,anti_homophones
10953,1,4,0,5,2,-6.692486505541687,6.692486505541687,vERga,anti_homophones
10954,1,3,0,5,2,-5.088187125291092,5.088187125291092,sityd,anti_homophones
10955,1,2,0,6,2,-5.513848315519794,5.513848315519794,paREsk,anti_homophones
10956,1,7,0,4,2,-4.605931942265592,4.605931942265592,oRja,anti_homophones
10957,1,3,0,4,2,-5.8693108295448635,5.8693108295448635,5tym,anti_homophones
10958,1,0,0,7,3,-6.433499480314044,6.433499480314044,v@tolOg,anti_homophones
10959,1,0,0,7,3,-6.779539922053951,6.779539922053951,kaRikEt,anti_homophones
10960,1,11,0,5,2,-5.371836497576042,5.371836497576042,delER,anti_homophones
10961,1,0,0,11,5,-7.845187018269396,7.845187018269396,RepyblijoZe,anti_homophones
10962,1,0,0,9,4,-7.957178479620038,7.957178479620038,d°vigotik,anti_homophones
10963,1,9,0,4,2,-5.109750892925974,5.109750892925974,epus,anti_homophones
10964,1,2,0,5,3,-6.0175460715162465,6.0175460715162465,amada,anti_homophones
10965,1,0,0,11,5,-9.308118304680733,9.308118304680733,vibRokil°m@,anti_homophones
10966,1,0,0,7,2,-5.605212352851841,5.605212352851841,pl§bjER,anti_homophones
10967,1,0,0,7,4,-6.698641566372477,6.698641566372477,obEk°te,anti_homophones
10968,1,8,0,5,2,-4.67305519843425,4.67305519843425,Radik,anti_homophones
10969,1,19,1,3,1,-4.5996150590104445,4.5996150590104445,SEk,anti_homophones
10970,1,0,0,11,3,-9.548740204372285,9.548740204372285,pORtEkskRys,anti_homophones
10971,1,22,1,2,1,-4.640767949595767,4.640767949595767,Ed,anti_homophones
10972,1,0,0,12,4,-11.952132366206715,11.952132366206715,bal@dvEks8El,anti_homophones
10973,1,0,0,7,3,-7.408842201568145,7.408842201568145,pRes@da,anti_homophones
10974,1,20,0,2,1,-4.57615147562309,4.57615147562309,iv,anti_homophones
10975,1,0,0,10,4,-11.288898321663348,11.288898321663348,salkanaliR,anti_homophones
10976,1,20,0,4,2,-4.300140414221429,4.300140414221429,anaZ,anti_homophones
10977,1,9,1,5,2,-4.089822578351888,4.089822578351888,difje,anti_homophones
10978,1,21,1,4,2,-4.3464511944272255,4.3464511944272255,fule,anti_homophones
10979,1,3,0,4,2,-6.9120435587508435,6.9120435587508435,im9s,anti_homophones
10980,1,7,0,3,2,-5.770496087803056,5.770496087803056,2m@,anti_homophones
10981,1,0,0,8,4,-8.465225295805926,8.465225295805926,R°mOREj§,anti_homophones
10982,1,1,0,6,2,-6.021304865843723,6.021304865843723,kwatEl,anti_homophones
10983,1,22,1,3,1,-4.1143983533802535,4.1143983533802535,bul,anti_homophones
10984,1,6,0,4,1,-6.099549065907477,6.099549065907477,nasm,anti_homophones
10985,1,0,0,10,5,-10.979487258788774,10.979487258788774,l5SaRmyle5,anti_homophones
10986,1,0,0,9,3,-7.085741894468212,7.085741894468212,mnezjasj§,anti_homophones
10987,1,3,1,7,3,-5.001615035214851,5.001615035214851,makylER,anti_homophones
10988,1,7,0,5,2,-4.676631360025803,4.676631360025803,bazaR,anti_homophones
10989,1,8,0,4,1,-5.762275079802689,5.762275079802689,ksik,anti_homophones
10990,1,0,0,7,4,-8.76403852390568,8.76403852390568,neolibE,anti_homophones
10991,1,0,0,9,4,-6.911364929435256,6.911364929435256,pRofOnite,anti_homophones
10992,1,0,0,7,3,-6.714063559631703,6.714063559631703,tEknidi,anti_homophones
10993,1,0,0,8,4,-6.646949639580091,6.646949639580091,inegat9R,anti_homophones
10994,1,1,0,9,4,-6.9222418935363415,6.9222418935363415,dek§tR°v@,anti_homophones
10995,1,8,0,6,2,-4.474788627107633,4.474788627107633,domEtR,anti_homophones
10996,1,2,0,10,5,-5.998677212465306,5.998677212465306,poloZis°m@,anti_homophones
10997,1,2,0,6,3,-5.644325877208354,5.644325877208354,Oksid@,anti_homophones
10998,1,4,0,5,3,-6.0367207281481,6.0367207281481,oniz@,anti_homophones
10999,1,15,0,4,2,-5.30262002252529,5.30262002252529,Ris@,anti_homophones
11000,1,0,0,11,5,-6.060609510241261,6.060609510241261,elEktabl°m@,anti_homophones
11001,1,0,0,10,4,-10.640619293875469,10.640619293875469,v@piREks°t,anti_homophones
11002,1,0,0,6,2,-5.547660363212303,5.547660363212303,fOjlER,anti_homophones
11003,1,0,0,8,3,-7.8219067989730044,7.8219067989730044,k§fRanik,anti_homophones
11004,1,0,0,8,4,-6.990829592813181,6.990829592813181,maRonOmi,anti_homophones
11005,1,0,0,12,5,-12.415011071229129,12.415011071229129,vakaSOpenism,anti_homophones
11006,1,6,1,5,2,-4.6532235169273,4.6532235169273,figyR,anti_homophones
11007,1,0,0,6,2,-5.992784357088303,5.992784357088303,vwazif,anti_homophones
11008,1,0,0,7,3,-5.472747624428171,5.472747624428171,Rez@b8e,anti_homophones
11009,1,1,0,7,3,-6.337452875892696,6.337452875892696,dekol§b,anti_homophones
11010,1,0,0,9,4,-7.332684679328231,7.332684679328231,sakR§s°m@,anti_homophones
11011,1,24,1,2,1,-4.567400541934824,4.567400541934824,k§,anti_homophones
11012,1,1,1,8,3,-4.841765805716465,4.841765805716465,miljasj§,anti_homophones
11013,1,1,0,6,2,-6.973282153488227,6.973282153488227,nobliZ,anti_homophones
11014,1,4,0,6,3,-5.473785829407591,5.473785829407591,dekoRe,anti_homophones
11015,1,0,0,8,4,-6.630983538400662,6.630983538400662,koloZ2nE,anti_homophones
11016,1,0,0,7,3,-5.996438797740616,5.996438797740616,pRedon@,anti_homophones
11017,1,1,0,6,3,-7.657327977231398,7.657327977231398,8iloZi,anti_homophones
11018,1,4,0,5,2,-5.4894654247712,5.4894654247712,Raman,anti_homophones
11019,1,0,0,8,4,-6.226664252263502,6.226664252263502,fR@Zeite,anti_homophones
11020,1,0,0,11,5,-9.718018773811307,9.718018773811307,jukRipOn°m@,anti_homophones
11021,1,2,1,4,2,-5.046150201456442,5.046150201456442,Sayt,anti_homophones
11022,1,0,0,11,4,-8.533583128922887,8.533583128922887,EkstinatwaR,anti_homophones
11023,1,0,0,11,4,-10.19979081702681,10.19979081702681,tR§bijoRabl,anti_homophones
11024,1,1,0,7,3,-7.088641359468117,7.088641359468117,@bRust§,anti_homophones
11025,1,2,0,7,3,-5.743033785372869,5.743033785372869,degR°m@,anti_homophones
11026,1,7,0,6,2,-5.038786007003769,5.038786007003769,kamabl,anti_homophones
11027,1,0,0,11,4,-9.442913455550395,9.442913455550395,k§tRadiZEns,anti_homophones
11028,1,0,0,12,5,-9.639456400859963,9.639456400859963,fenogRafinaz,anti_homophones
11029,1,0,0,7,3,-7.949234128331078,7.949234128331078,k5kenit,anti_homophones
11030,1,1,0,7,3,-6.467249560243165,6.467249560243165,buRl5go,anti_homophones
11031,1,0,0,8,4,-6.748151197455914,6.748151197455914,R°fyzeOl,anti_homophones
11032,1,0,0,9,3,-7.940280684269816,7.940280684269816,5stRemist,anti_homophones
11033,1,8,0,9,4,-4.914768919280967,4.914768919280967,Ralizasj§,anti_homophones
11034,1,0,0,7,3,-7.566878265870907,7.566878265870907,dilaR5k,anti_homophones
11035,1,17,1,4,2,-4.631208791410577,4.631208791410577,Rad5,anti_homophones
11036,1,2,0,6,3,-5.858270556773901,5.858270556773901,selega,anti_homophones
11037,1,12,1,4,2,-5.270930888154534,5.270930888154534,R°z§,anti_homophones
11038,1,0,0,10,4,-9.384184936550641,9.384184936550641,kRobaskad@,anti_homophones
11039,1,16,1,3,1,-4.045563482225115,4.045563482225115,tif,anti_homophones
11040,1,0,0,10,6,-8.839048458336185,8.839048458336185,OkainoloZi,anti_homophones
11041,1,5,0,4,2,-5.435299205472478,5.435299205472478,Sobi,anti_homophones
11042,1,0,0,13,5,-11.402606018704574,11.402606018704574,apoRtEknisjOl,anti_homophones
11043,1,8,0,5,2,-5.493974676729182,5.493974676729182,manj§,anti_homophones
11044,1,0,0,11,5,-13.232344475662789,13.232344475662789,kOljotodana,anti_homophones
11045,1,1,0,6,3,-5.79477506439877,5.79477506439877,asuvis,anti_homophones
11046,1,1,0,6,3,-6.244843972182267,6.244843972182267,famij§,anti_homophones
11047,1,1,0,7,3,-5.598246593672736,5.598246593672736,nORasj§,anti_homophones
11048,1,0,0,13,6,-12.254669695758219,12.254669695758219,kREp°loteROni,anti_homophones
11049,1,0,0,14,5,-11.505325400608955,11.505325400608955,sekR@petRipt9R,anti_homophones
11050,1,30,1,4,2,-4.139602847590951,4.139602847590951,aRde,anti_homophones
11051,1,2,0,7,3,-7.191236346296375,7.191236346296375,defuRaj,anti_homophones
11052,1,11,1,3,1,-4.511423738783561,4.511423738783561,ORg,anti_homophones
11053,1,0,0,11,4,-10.768126738796807,10.768126738796807,disjonaglad,anti_homophones
11054,1,0,0,9,3,-7.120947640881223,7.120947640881223,apstRyfje,anti_homophones
11055,1,0,0,6,3,-6.575230575358112,6.575230575358112,@RolEt,anti_homophones
11056,1,0,0,10,4,-8.141024214087365,8.141024214087365,bufonistER,anti_homophones
11057,1,1,0,6,3,-5.297751760552874,5.297751760552874,yRl°m@,anti_homophones
11058,1,7,1,4,2,-5.01016391723194,5.01016391723194,ekl5,anti_homophones
11059,1,4,1,7,3,-5.44207855069328,5.44207855069328,tORS°m@,anti_homophones
11060,1,0,0,7,3,-6.946992107875535,6.946992107875535,kOnOksi,anti_homophones
11061,1,1,0,5,2,-7.112809351503297,7.112809351503297,lulun,anti_homophones
11062,1,22,2,3,1,-4.470773690827588,4.470773690827588,nEs,anti_homophones
11063,1,1,0,6,3,-5.22028883854586,5.22028883854586,dezyme,anti_homophones
11064,1,0,0,9,4,-9.31936489609596,9.31936489609596,bavelOsit,anti_homophones
11065,1,1,0,8,3,-6.287518875654762,6.287518875654762,tRijonal,anti_homophones
11066,1,0,0,13,6,-15.046630592051887,15.046630592051887,abRylisjopome,anti_homophones
11067,1,14,1,4,2,-5.019362145558608,5.019362145558608,R°ti,anti_homophones
11068,1,1,0,6,3,-6.045766125446624,6.045766125446624,etafOn,anti_homophones
11069,1,5,1,5,2,-5.137171663962085,5.137171663962085,sinik,anti_homophones
11070,1,0,0,7,3,-7.490974189516513,7.490974189516513,pEktivi,anti_homophones
11071,1,15,1,6,3,-4.608532896763542,4.608532896763542,min°m@,anti_homophones
11072,1,0,0,9,3,-8.824122521920044,8.824122521920044,flasEpt82,anti_homophones
11073,1,0,0,7,3,-5.515774551608425,5.515774551608425,5pynist,anti_homophones
11074,1,2,0,4,2,-4.8072450748417515,4.8072450748417515,p§p2,anti_homophones
11075,1,4,0,7,3,-5.722240710689754,5.722240710689754,ZiRat9R,anti_homophones
11076,1,10,0,4,2,-4.671991311866762,4.671991311866762,fasi,anti_homophones
11077,1,0,0,7,3,-8.103287501412977,8.103287501412977,nazikl§,anti_homophones
11078,1,0,0,12,4,-9.522732190098333,9.522732190098333,bERkOmkwiz9R,anti_homophones
11079,1,23,0,3,1,-4.5077709026697885,4.5077709026697885,kl@,anti_homophones
11080,1,9,0,4,2,-4.5105081071408994,4.5105081071408994,Zute,anti_homophones
11081,1,10,0,5,2,-5.037275428785139,5.037275428785139,delit,anti_homophones
11082,1,1,0,8,3,-8.466962329685428,8.466962329685428,pRysitaZ,anti_homophones
11083,1,0,0,8,3,-10.666748440239799,10.666748440239799,kafkOtOR,anti_homophones
11084,1,0,0,10,3,-9.948175262677566,9.948175262677566,EkskRospad,anti_homophones
11085,1,0,0,9,4,-8.56298563344708,8.56298563344708,k§sylfEta,anti_homophones
11086,1,0,0,10,5,-7.798842486171059,7.798842486171059,fabelis°m@,anti_homophones
11087,1,0,0,8,3,-6.127290316925271,6.127290316925271,v°dEtabl,anti_homophones
11088,1,21,0,3,2,-4.978004879205842,4.978004879205842,el@,anti_homophones
11089,1,5,0,6,3,-5.275944611054185,5.275944611054185,@tRij§,anti_homophones
11090,1,6,0,5,2,-5.112427415340181,5.112427415340181,total,anti_homophones
11091,1,0,0,8,3,-8.692009558715963,8.692009558715963,myflag9l,anti_homophones
11092,1,0,2,7,3,-4.984875749033417,4.984875749033417,S@s2lje,anti_homophones
11093,1,2,0,7,3,-5.53344264930047,5.53344264930047,k§dylER,anti_homophones
11094,1,0,0,8,3,-8.965355947904428,8.965355947904428,babwazid,anti_homophones
11095,1,16,0,4,2,-4.794166780157459,4.794166780157459,fene,anti_homophones
11096,1,22,1,4,2,-4.301101255186571,4.301101255186571,elik,anti_homophones
11097,1,0,0,9,4,-8.60893476377107,8.60893476377107,v@tinamik,anti_homophones
11098,1,3,0,4,2,-4.855094780639666,4.855094780639666,@Zw5,anti_homophones
11099,1,0,0,10,5,-8.860607263718185,8.860607263718185,ipoteRod8i,anti_homophones
11100,1,0,0,8,4,-6.441200815598439,6.441200815598439,R°kuvRi5,anti_homophones
11101,1,9,1,5,2,-4.493952516322429,4.493952516322429,monEl,anti_homophones
11102,1,10,0,4,2,-4.643812196493941,4.643812196493941,mega,anti_homophones
11103,1,2,0,8,3,-6.976893555410784,6.976893555410784,sypORnEl,anti_homophones
11104,1,0,0,10,4,-10.920508662205492,10.920508662205492,klositomOd,anti_homophones
11105,1,0,0,8,4,-9.345492196586871,9.345492196586871,baREm@to,anti_homophones
11106,1,1,0,7,3,-8.925046365658245,8.925046365658245,Oplafm@,anti_homophones
11107,1,1,0,6,2,-6.936463035005196,6.936463035005196,laplan,anti_homophones
11108,1,11,0,5,2,-4.63723764761229,4.63723764761229,oRist,anti_homophones
11109,1,1,0,6,2,-5.539323886705406,5.539323886705406,fuRmik,anti_homophones
11110,1,1,0,6,2,-7.465909152786168,7.465909152786168,REfl9R,anti_homophones
11111,1,0,0,5,2,-7.188965379961225,7.188965379961225,zaREj,anti_homophones
11112,1,0,0,7,3,-6.717492346874747,6.717492346874747,s5sEkte,anti_homophones
11113,1,0,0,15,6,-15.602187567032272,15.602187567032272,tRopROsedeREzim,anti_homophones
11114,1,2,0,7,3,-4.836528523003141,4.836528523003141,pROs°m@,anti_homophones
11115,1,0,0,8,4,-7.362175626021044,7.362175626021044,5vERasj§,anti_homophones
11116,1,15,2,4,1,-4.094417967501252,4.094417967501252,plas,anti_homophones
11117,1,0,0,6,2,-6.557613892518781,6.557613892518781,g@gROg,anti_homophones
11118,1,0,0,12,6,-10.778561639215184,10.778561639215184,R°nuvolypana,anti_homophones
11119,1,1,0,6,3,-6.981418913680092,6.981418913680092,k5pete,anti_homophones
11120,1,1,0,7,3,-5.635373137344299,5.635373137344299,paREnaZ,anti_homophones
11121,1,0,0,7,3,-5.579734905388046,5.579734905388046,guvERte,anti_homophones
11122,1,0,0,6,2,-5.760332839423549,5.760332839423549,RadjOk,anti_homophones
11123,1,0,0,6,3,-6.7924782749318995,6.7924782749318995,in5fle,anti_homophones
11124,1,0,0,9,4,-9.645458579629095,9.645458579629095,eZadikasm,anti_homophones
11125,1,0,0,10,5,-7.399801885104899,7.399801885104899,RepaR@Z°Ri,anti_homophones
11126,1,4,1,5,2,-5.033146173659557,5.033146173659557,asibl,anti_homophones
11127,1,0,0,8,4,-8.83908835747612,8.83908835747612,d@tiRat§,anti_homophones
11128,1,0,0,14,6,-12.488926125209991,12.488926125209991,neflotiplikyle,anti_homophones
11129,1,4,0,7,2,-5.832173732014727,5.832173732014727,paRdjOm,anti_homophones
11130,1,3,0,7,3,-5.179691250212345,5.179691250212345,divizj§,anti_homophones
11131,1,5,0,6,3,-5.46675216140649,5.46675216140649,@kORde,anti_homophones
11132,1,0,0,8,4,-8.991558473851633,8.991558473851633,eRomodit,anti_homophones
11133,1,0,0,15,6,-10.251542841904845,10.251542841904845,gRafinasj@tasj§,anti_homophones
11134,1,1,0,6,3,-6.088657898529606,6.088657898529606,kebaid,anti_homophones
11135,1,4,0,7,2,-5.388805779953234,5.388805779953234,kalpabl,anti_homophones
11136,1,0,0,6,2,-6.20616085205323,6.20616085205323,gR@ZER,anti_homophones
11137,1,0,0,5,2,-6.8319936292391485,6.8319936292391485,t2tOk,anti_homophones
11138,1,4,1,6,2,-5.320723974552517,5.320723974552517,R2vabl,anti_homophones
11139,1,0,0,9,4,-7.790821872623782,7.790821872623782,paRateRj2,anti_homophones
11140,1,20,1,4,2,-3.7749707003145887,3.7749707003145887,dis@,anti_homophones
11141,1,4,0,7,3,-7.04993157001546,7.04993157001546,Z8is°m@,anti_homophones
11142,1,6,1,5,2,-4.942364573283387,4.942364573283387,kOste,anti_homophones
11143,1,0,0,9,4,-7.847688133777956,7.847688133777956,kuvERseve,anti_homophones
11144,1,2,0,6,3,-5.3925495944188615,5.3925495944188615,ERmite,anti_homophones
11145,1,0,0,7,3,-7.132038107078789,7.132038107078789,begERik,anti_homophones
11146,1,16,1,4,2,-4.891391515902092,4.891391515902092,Zole,anti_homophones
11147,1,0,0,7,3,-7.5087630326699575,7.5087630326699575,Ostim9R,anti_homophones
11148,1,0,0,8,3,-7.566653731280531,7.566653731280531,pesjOnaZ,anti_homophones
11149,1,10,1,6,3,-4.69698994251168,4.69698994251168,sivite,anti_homophones
11150,1,2,0,6,3,-6.865130400966488,6.865130400966488,semik@,anti_homophones
11151,1,6,1,4,2,-4.754632723889005,4.754632723889005,R°ki,anti_homophones
11152,1,3,0,6,2,-5.5426117564037,5.5426117564037,kaRtij,anti_homophones
11153,1,1,0,8,4,-6.738654961035352,6.738654961035352,de@byS9R,anti_homophones
11154,1,0,0,10,5,-5.556814887616734,5.556814887616734,komynoloZi,anti_homophones
11155,1,0,0,9,5,-9.874953393420885,9.874953393420885,gRyoteiny,anti_homophones
11156,1,1,0,7,3,-6.2636316027270125,6.2636316027270125,telegaR,anti_homophones
11157,1,0,0,8,3,-6.708693789992637,6.708693789992637,k§tRifik,anti_homophones
11158,1,1,0,5,2,-6.361759189757876,6.361759189757876,mustu,anti_homophones
11159,1,3,0,6,2,-5.136717692781411,5.136717692781411,snifje,anti_homophones
11160,1,0,0,10,4,-7.598264504922062,7.598264504922062,deZetalist,anti_homophones
11161,1,0,0,9,4,-6.7989662657718615,6.7989662657718615,b@dokylER,anti_homophones
11162,1,0,0,6,3,-7.368079959730201,7.368079959730201,baRozi,anti_homophones
11163,1,1,1,10,4,-6.437871231315306,6.437871231315306,afRodykt9R,anti_homophones
11164,1,0,0,14,5,-11.347558952325693,11.347558952325693,puRkwadRepyRin,anti_homophones
11165,1,7,1,4,2,-4.810861201505294,4.810861201505294,b@ke,anti_homophones
11166,1,19,0,3,1,-4.8035498923999125,4.8035498923999125,wat,anti_homophones
11167,1,0,0,9,3,-8.740590747716235,8.740590747716235,spesegRaf,anti_homophones
11168,1,1,0,7,3,-6.73573339188046,6.73573339188046,kalitin,anti_homophones
11169,1,1,0,8,3,-6.669432764703906,6.669432764703906,RadjopaZ,anti_homophones
11170,1,7,1,5,3,-4.169710827422639,4.169710827422639,ipote,anti_homophones
11171,1,0,0,9,4,-8.241077047712384,8.241077047712384,peRatyt9R,anti_homophones
11172,1,0,0,8,3,-6.384402805821469,6.384402805821469,k§plEksi,anti_homophones
11173,1,0,0,10,4,-7.788861528305264,7.788861528305264,myRm°zyREl,anti_homophones
11174,1,0,1,5,2,-4.977925239018045,4.977925239018045,dil8@,anti_homophones
11175,1,0,0,9,5,-8.65666623885684,8.65666623885684,at°REt°Ri,anti_homophones
11176,1,0,0,7,3,-6.087705302003546,6.087705302003546,R°tuRm@,anti_homophones
11177,1,0,0,7,3,-7.738485585295067,7.738485585295067,maRibOt,anti_homophones
11178,1,0,0,6,2,-7.936830061498263,7.936830061498263,pik@tR,anti_homophones
11179,1,0,0,9,4,-8.934842225610362,8.934842225610362,lykRatyRe,anti_homophones
11180,1,0,0,7,2,-6.622416527794414,6.622416527794414,plyzjOm,anti_homophones
11181,1,0,0,10,5,-9.651489643834834,9.651489643834834,sipanyloid,anti_homophones
11182,1,7,0,4,2,-6.1745497309228075,6.1745497309228075,itEl,anti_homophones
11183,1,0,0,8,2,-8.664039756753521,8.664039756753521,plistERm,anti_homophones
11184,1,0,0,7,3,-7.787367159506472,7.787367159506472,pal@Swa,anti_homophones
11185,1,0,0,9,3,-7.442517223919942,7.442517223919942,kRaSotabl,anti_homophones
11186,1,0,1,6,3,-5.308778272512504,5.308778272512504,maNeto,anti_homophones
11187,1,9,2,4,1,-4.167229413296049,4.167229413296049,sypl,anti_homophones
11188,1,0,0,14,5,-12.302189071748575,12.302189071748575,ZaspEpsikotR@s,anti_homophones
11189,1,11,0,4,2,-5.307683787944928,5.307683787944928,5kRe,anti_homophones
11190,1,0,0,7,3,-5.766863819148603,5.766863819148603,pl2vite,anti_homophones
11191,1,0,0,8,3,-6.932873220440246,6.932873220440246,m5tOksim,anti_homophones
11192,1,2,0,8,4,-6.9192401759965625,6.9192401759965625,ezikasj§,anti_homophones
11193,1,1,0,9,3,-6.411687600471934,6.411687600471934,pRedjasj§,anti_homophones
11194,1,11,1,4,2,-4.609227616688892,4.609227616688892,fini,anti_homophones
11195,1,20,2,3,1,-4.524935947993304,4.524935947993304,wal,anti_homophones
11196,1,6,0,6,2,-5.220148402179729,5.220148402179729,kilizm,anti_homophones
11197,1,0,0,9,4,-9.659325471197645,9.659325471197645,oRjozijaZ,anti_homophones
11198,1,0,0,7,3,-6.589106834162553,6.589106834162553,butiR9R,anti_homophones
11199,1,0,0,7,3,-6.565998324072172,6.565998324072172,wawaj@s,anti_homophones
11200,1,1,0,7,3,-5.319125523871241,5.319125523871241,devERse,anti_homophones
11201,1,0,0,9,4,-8.871177466780212,8.871177466780212,sediskyl2,anti_homophones
11202,1,0,0,6,2,-6.24675027245667,6.24675027245667,Sjanik,anti_homophones
11203,1,9,0,4,2,-5.582293623481526,5.582293623481526,iRas,anti_homophones
11204,1,10,1,4,2,-4.3208519946660315,4.3208519946660315,@kEt,anti_homophones
11205,1,0,0,10,4,-7.480646333927781,7.480646333927781,fymjeliZ@s,anti_homophones
11206,1,2,0,6,3,-5.9351156409056385,5.9351156409056385,evit9R,anti_homophones
11207,1,0,0,10,4,-12.031138625649785,12.031138625649785,piRaZibj@s,anti_homophones
11208,1,0,0,7,3,-7.688495219116119,7.688495219116119,p8izit§,anti_homophones
11209,1,10,1,4,1,-4.866260123042268,4.866260123042268,skle,anti_homophones
11210,1,0,0,8,4,-8.284021637645166,8.284021637645166,ezid@tEz,anti_homophones
11211,1,0,0,9,4,-8.482680765973312,8.482680765973312,pRotanaje,anti_homophones
11212,1,4,0,5,2,-6.633444993117509,6.633444993117509,wakyl,anti_homophones
11213,1,0,0,13,5,-11.027775920625475,11.027775920625475,tR@s@glanat9R,anti_homophones
11214,1,4,0,5,2,-5.833360699384844,5.833360699384844,R§daZ,anti_homophones
11215,1,3,0,8,4,-5.498570327683721,5.498570327683721,ep8is°m@,anti_homophones
11216,1,5,1,5,2,-4.897913697524745,4.897913697524745,f§daZ,anti_homophones
11217,1,11,1,4,2,-4.052090641177517,4.052090641177517,5dik,anti_homophones
11218,1,0,0,6,3,-6.582852873794415,6.582852873794415,f@timi,anti_homophones
11219,1,0,0,7,4,-5.798939678533122,5.798939678533122,azij°m@,anti_homophones
11220,1,0,0,11,5,-10.802044888814727,10.802044888814727,5pikyl°tabl,anti_homophones
11221,1,0,0,8,4,-8.639083231008797,8.639083231008797,aRodRomi,anti_homophones
11222,1,24,0,2,1,-4.569105957358882,4.569105957358882,tu,anti_homophones
11223,1,25,0,3,1,-4.312478680893833,4.312478680893833,myl,anti_homophones
11224,1,3,1,5,2,-4.421289141456201,4.421289141456201,R°n9R,anti_homophones
11225,1,13,1,4,2,-4.343589935733077,4.343589935733077,buti,anti_homophones
11226,1,0,0,10,4,-10.855542945445668,10.855542945445668,syRd°vERti,anti_homophones
11227,1,0,0,10,5,-7.440118882443857,7.440118882443857,@tifikatER,anti_homophones
11228,1,1,0,7,2,-5.899467104495098,5.899467104495098,kResibl,anti_homophones
11229,1,31,3,4,1,-3.496820451395389,3.496820451395389,tRik,anti_homophones
11230,1,0,0,10,4,-8.75388733459538,8.75388733459538,OpstezjOne,anti_homophones
11231,1,7,0,4,2,-4.783286414602154,4.783286414602154,5div,anti_homophones
11232,1,5,0,5,2,-4.3724523628667455,4.3724523628667455,medj@,anti_homophones
11233,1,0,0,13,6,-10.618311930298272,10.618311930298272,ekopj9vREm°m@,anti_homophones
11234,1,0,0,10,4,-11.462193098940592,11.462193098940592,sam@bRosOl,anti_homophones
11235,1,0,0,7,3,-5.92879004625476,5.92879004625476,k§sisaZ,anti_homophones
11236,1,2,0,6,2,-5.775832925976361,5.775832925976361,bwatER,anti_homophones
11237,1,0,0,7,3,-7.780288692284131,7.780288692284131,sagaRdo,anti_homophones
11238,1,0,0,7,4,-7.258272683907117,7.258272683907117,elisid@,anti_homophones
11239,1,2,0,6,2,-5.6945028706317995,5.6945028706317995,medjat,anti_homophones
11240,1,3,0,5,3,-6.175362494991564,6.175362494991564,5finE,anti_homophones
11241,1,2,1,6,3,-4.97454393376673,4.97454393376673,demate,anti_homophones
11242,1,0,0,10,5,-8.486660752189824,8.486660752189824,afliZib°Ro,anti_homophones
11243,1,9,0,4,2,-5.059532630794692,5.059532630794692,ekly,anti_homophones
11244,1,0,0,12,5,-10.630956298581946,10.630956298581946,kRatigastike,anti_homophones
11245,1,0,0,13,4,-13.463947592448129,13.463947592448129,ktuRbalystjOm,anti_homophones
11246,1,0,0,8,4,-8.189651315038434,8.189651315038434,avelis9R,anti_homophones
11247,1,0,0,14,6,-14.352539371151307,14.352539371151307,R°baRefEksp@Se,anti_homophones
11248,1,0,0,7,3,-6.666129142835141,6.666129142835141,ps2dOme,anti_homophones
11249,1,0,0,12,6,-11.47535143021945,11.47535143021945,aRSik§kavoSe,anti_homophones
11250,1,0,0,11,5,-10.77187042078002,10.77187042078002,kepifikaRin,anti_homophones
11251,1,9,1,4,2,-4.575676176065072,4.575676176065072,Sose,anti_homophones
11252,1,0,0,4,2,-7.949975593074672,7.949975593074672,@Zoz,anti_homophones
11253,1,1,0,9,4,-6.382948260725248,6.382948260725248,pn2matize,anti_homophones
11254,1,0,0,10,4,-8.22131319736519,8.22131319736519,fabylbyt@s,anti_homophones
11255,1,0,0,7,3,-6.657835591062365,6.657835591062365,gRomani,anti_homophones
11256,1,0,0,7,3,-9.966361753624206,9.966361753624206,ElvaSEm,anti_homophones
11257,1,0,0,8,3,-7.819691911625373,7.819691911625373,lokamabl,anti_homophones
11258,1,7,0,4,2,-5.008667233752835,5.008667233752835,fERo,anti_homophones
11259,1,1,1,4,2,-4.914327935162931,4.914327935162931,En2z,anti_homophones
11260,1,1,1,6,2,-4.569347816190361,4.569347816190361,k§plik,anti_homophones
11261,1,20,1,3,2,-4.288881258905329,4.288881258905329,ol@,anti_homophones
11262,1,0,0,11,6,-11.19287376183521,11.19287376183521,@kReab§daba,anti_homophones
11263,1,1,0,8,4,-5.379414436261524,5.379414436261524,5pORt°m@,anti_homophones
11264,1,11,1,3,1,-4.168840926760369,4.168840926760369,zig,anti_homophones
11265,1,2,0,5,2,-5.758501556010387,5.758501556010387,venja,anti_homophones
11266,1,0,0,7,3,-7.942320702219195,7.942320702219195,kogRadi,anti_homophones
11267,1,0,0,16,6,-14.868383089518217,14.868383089518217,vylneRaflyOptERn,anti_homophones
11268,1,0,0,9,3,-8.049278848441688,8.049278848441688,mepR2mjEl,anti_homophones
11269,1,1,0,6,3,-5.761996443101175,5.761996443101175,@sElyR,anti_homophones
11270,1,0,0,11,5,-11.28601512884084,11.28601512884084,v@dalganite,anti_homophones
11271,1,0,0,6,3,-5.721784256944538,5.721784256944538,alEnje,anti_homophones
11272,1,0,0,9,5,-10.916553406206498,10.916553406206498,5seanotEk,anti_homophones
11273,1,15,0,3,1,-4.641343574517925,4.641343574517925,kOb,anti_homophones
11274,1,15,0,4,2,-4.940464162041282,4.940464162041282,gali,anti_homophones
11275,1,0,0,5,3,-6.420996126308775,6.420996126308775,abOnE,anti_homophones
11276,1,0,0,9,4,-5.590698477683232,5.590698477683232,Revokasj§,anti_homophones
11277,1,25,0,2,1,-4.57556009846949,4.57556009846949,s§,anti_homophones
11278,1,0,0,8,3,-7.722279184583515,7.722279184583515,tonastik,anti_homophones
11279,1,0,0,8,3,-5.903115390467922,5.903115390467922,poplat9R,anti_homophones
11280,1,3,0,6,3,-6.037595104919457,6.037595104919457,5tRese,anti_homophones
11281,1,2,0,5,3,-5.690501143580385,5.690501143580385,2Raze,anti_homophones
11282,1,0,0,9,4,-9.932085594376192,9.932085594376192,vakabRysi,anti_homophones
11283,1,0,0,11,5,-9.487467087029792,9.487467087029792,vol§ZeneRaj,anti_homophones
11284,1,5,0,4,2,-4.877677665606738,4.877677665606738,fyt§,anti_homophones
11285,1,7,0,5,2,-5.458076276360811,5.458076276360811,vakaZ,anti_homophones
11286,1,4,0,5,2,-5.804946266526025,5.804946266526025,falyR,anti_homophones
11287,1,0,0,8,2,-9.202892527158626,9.202892527158626,fluglabl,anti_homophones
11288,1,4,0,5,2,-6.01833585571691,6.01833585571691,5tROl,anti_homophones
11289,1,1,0,7,2,-5.009984663820482,5.009984663820482,tEknist,anti_homophones
11290,1,0,1,7,3,-6.802505685509385,6.802505685509385,enyRist,anti_homophones
11291,1,7,1,5,2,-4.572974259446283,4.572974259446283,sifik,anti_homophones
11292,1,0,0,10,5,-10.20875923060393,10.20875923060393,lyminaloze,anti_homophones
11293,1,0,0,13,6,-12.543285209341775,12.543285209341775,tiRezos°R5gle,anti_homophones
11294,1,17,1,4,2,-3.8110960202873243,3.8110960202873243,inEt,anti_homophones
11295,1,8,0,4,2,-4.3665157709282685,4.3665157709282685,R°so,anti_homophones
11296,1,0,0,9,3,-8.989630958571514,8.989630958571514,destORtOp,anti_homophones
11297,1,0,0,8,3,-9.176317806097325,9.176317806097325,bReSEnEl,anti_homophones
11298,1,0,0,10,5,-7.794768209282069,7.794768209282069,kofobij°m@,anti_homophones
11299,1,5,1,7,3,-5.040466932672053,5.040466932672053,kRup°m@,anti_homophones
11300,1,0,0,8,4,-5.3575112003634295,5.3575112003634295,de@bylER,anti_homophones
11301,1,2,0,7,3,-5.700571830660768,5.700571830660768,EgzoRja,anti_homophones
11302,1,1,0,5,2,-5.349785358143909,5.349785358143909,tapky,anti_homophones
11303,1,0,0,6,3,-6.092759712959589,6.092759712959589,5k§s@t,anti_homophones
11304,1,7,1,7,3,-5.267759648024756,5.267759648024756,maRm°m@,anti_homophones
11305,1,0,0,11,5,-8.862549103522053,8.862549103522053,R°v@dist°m@,anti_homophones
11306,1,0,0,9,4,-8.159550680501228,8.159550680501228,kadERmito,anti_homophones
11307,1,0,0,13,6,-12.29912869022938,12.29912869022938,aspeditotabil,anti_homophones
11308,1,0,0,10,5,-7.728494301595267,7.728494301595267,Sapatis°m@,anti_homophones
11309,1,25,1,3,1,-3.90042615166076,3.90042615166076,fl@,anti_homophones
11310,1,0,0,6,2,-6.757387414878407,6.757387414878407,pwazit,anti_homophones
11311,1,7,0,6,3,-5.376196989303689,5.376196989303689,R@S°m@,anti_homophones
11312,1,0,0,13,6,-11.794628960453913,11.794628960453913,ganORmanik°m@,anti_homophones
11313,1,0,0,10,5,-9.035630000606474,9.035630000606474,geRalis°m@,anti_homophones
11314,1,4,2,7,3,-4.658295821110537,4.658295821110537,vokasj§,anti_homophones
11315,1,0,0,9,4,-9.820167019301627,9.820167019301627,5saRbatyR,anti_homophones
11316,1,0,0,6,3,-6.03292891898857,6.03292891898857,seRafi,anti_homophones
11317,1,0,0,7,3,-6.376979507575607,6.376979507575607,ORl§Z9R,anti_homophones
11318,1,5,1,4,2,-4.402139972406352,4.402139972406352,t°ny,anti_homophones
11319,1,9,2,3,2,-4.047402132607882,4.047402132607882,Re5,anti_homophones
11320,1,0,0,10,4,-10.38578173628206,10.38578173628206,fabRisemin,anti_homophones
11321,1,0,0,11,5,-12.042205764008889,12.042205764008889,kometomERti,anti_homophones
11322,1,1,0,5,2,-5.426793509675413,5.426793509675413,k85t§,anti_homophones
11323,1,0,0,6,3,-7.067003598051834,7.067003598051834,saRit5,anti_homophones
11324,1,7,1,5,2,-4.60723886277153,4.60723886277153,eSwaR,anti_homophones
11325,1,5,0,5,3,-5.118108956827551,5.118108956827551,5fine,anti_homophones
11326,1,4,0,4,1,-5.423509947153331,5.423509947153331,Sinz,anti_homophones
11327,1,0,0,12,5,-9.986312829222326,9.986312829222326,d5doloZitizm,anti_homophones
11328,1,31,1,3,1,-4.375972831434195,4.375972831434195,aRt,anti_homophones
11329,1,4,1,6,3,-5.6327271389120375,5.6327271389120375,pal°te,anti_homophones
11330,1,0,0,7,3,-6.672174293779443,6.672174293779443,demobit,anti_homophones
11331,1,5,1,5,2,-4.639574812149767,4.639574812149767,pedje,anti_homophones
11332,1,0,1,7,3,-5.499225122720452,5.499225122720452,medifje,anti_homophones
11333,1,0,0,6,2,-6.78443775553717,6.78443775553717,kwatan,anti_homophones
11334,1,4,0,6,2,-5.126510498166867,5.126510498166867,Establ,anti_homophones
11335,1,5,0,6,3,-4.6632036808714545,4.6632036808714545,ilysj§,anti_homophones
11336,1,1,0,6,3,-5.634224824244473,5.634224824244473,emok9R,anti_homophones
11337,1,0,0,14,5,-13.330404620238756,13.330404620238756,kROtasjastRake,anti_homophones
11338,1,0,0,6,3,-7.16541601104804,7.16541601104804,mekaga,anti_homophones
11339,1,1,0,6,3,-6.091792163215063,6.091792163215063,tabij§,anti_homophones
11340,1,3,0,8,3,-5.531714446007002,5.531714446007002,mORgasj§,anti_homophones
11341,1,7,0,6,3,-5.290100799573878,5.290100799573878,pavite,anti_homophones
11342,1,9,0,4,2,-5.461586085119683,5.461586085119683,baSi,anti_homophones
11343,1,26,0,3,2,-4.954500859586108,4.954500859586108,akE,anti_homophones
11344,1,5,0,6,3,-5.108994170685803,5.108994170685803,5tERZe,anti_homophones
11345,1,1,0,7,3,-7.080703532533333,7.080703532533333,lodRoZe,anti_homophones
11346,1,2,0,5,2,-5.682695589026844,5.682695589026844,fizjo,anti_homophones
11347,1,0,0,6,2,-6.029733822661589,6.029733822661589,g§flER,anti_homophones
11348,1,0,0,6,3,-7.3858711967863755,7.3858711967863755,tim°R@,anti_homophones
11349,1,0,0,7,3,-6.582091040108719,6.582091040108719,mepRijo,anti_homophones
11350,1,1,0,7,3,-6.254183623476388,6.254183623476388,fibRik5,anti_homophones
11351,1,8,1,6,2,-4.576837092842164,4.576837092842164,batwaR,anti_homophones
11352,1,18,0,3,1,-4.323191764346632,4.323191764346632,lje,anti_homophones
11353,1,1,0,6,3,-6.168368576623534,6.168368576623534,deviz§,anti_homophones
11354,1,5,0,5,2,-4.567073886428907,4.567073886428907,pol8e,anti_homophones
11355,1,0,0,7,3,-7.678657651258715,7.678657651258715,Eks@dEz,anti_homophones
11356,1,0,0,15,6,-12.487196485037176,12.487196485037176,eRikolEkspeRjEl,anti_homophones
11357,1,9,1,6,2,-4.607675987476192,4.607675987476192,fRat9R,anti_homophones
11358,1,0,0,10,5,-10.050550604993335,10.050550604993335,@bl@sEt°Ri,anti_homophones
11359,1,7,0,6,2,-5.355649123794719,5.355649123794719,pResil,anti_homophones
11360,1,1,0,6,3,-4.818861017680196,4.818861017680196,Reakte,anti_homophones
11361,1,5,0,5,2,-5.910470227616818,5.910470227616818,lynil,anti_homophones
11362,1,1,1,7,3,-5.2699822924624495,5.2699822924624495,Opskyle,anti_homophones
11363,1,0,0,7,2,-6.451325823690966,6.451325823690966,glan9vR,anti_homophones
11364,1,0,0,8,3,-7.603122857300427,7.603122857300427,mORdanal,anti_homophones
11365,1,1,0,7,3,-6.126700594267188,6.126700594267188,katanik,anti_homophones
11366,1,4,0,6,3,-5.369205016987,5.369205016987,apolik,anti_homophones
11367,1,5,0,5,2,-4.761348034107142,4.761348034107142,R2tik,anti_homophones
11368,1,0,0,8,3,-7.444520724685169,7.444520724685169,Regystys,anti_homophones
11369,1,0,0,6,2,-7.307448810775243,7.307448810775243,tiplEs,anti_homophones
11370,1,2,0,6,3,-6.890062141950347,6.890062141950347,miZon2,anti_homophones
11371,1,0,0,9,4,-8.432710635095738,8.432710635095738,Repastij§,anti_homophones
11372,1,9,0,4,2,-5.306145732856517,5.306145732856517,elaZ,anti_homophones
11373,1,5,0,5,2,-5.020562630601347,5.020562630601347,gwam@,anti_homophones
11374,1,0,0,10,4,-10.326119139353139,10.326119139353139,paRapostid,anti_homophones
11375,1,1,0,7,4,-4.596345310793394,4.596345310793394,naiv°m@,anti_homophones
11376,1,5,1,4,2,-5.1043377880876415,5.1043377880876415,nEZe,anti_homophones
11377,1,0,0,6,2,-5.394084915513941,5.394084915513941,deskOp,anti_homophones
11378,1,23,1,3,2,-4.0734433581474345,4.0734433581474345,eRo,anti_homophones
11379,1,0,0,7,3,-6.499459513755747,6.499459513755747,vjoloke,anti_homophones
11380,1,11,0,5,2,-5.527551609447915,5.527551609447915,meRal,anti_homophones
11381,1,12,0,4,2,-5.453636868571067,5.453636868571067,Salo,anti_homophones
11382,1,16,0,3,2,-4.644481750809004,4.644481750809004,aZ§,anti_homophones
11383,1,0,0,14,6,-15.162900206404824,15.162900206404824,kuskanadERvise,anti_homophones
11384,1,0,0,10,4,-9.615823255028609,9.615823255028609,saltRaZute,anti_homophones
11385,1,0,0,12,5,-9.2419634359535,9.2419634359535,RakaRtikylER,anti_homophones
11386,1,0,0,8,3,-11.737652149228655,11.737652149228655,twiREtaZ,anti_homophones
11387,1,1,0,7,3,-6.902328960151483,6.902328960151483,alteatR,anti_homophones
11388,1,1,0,6,2,-6.211276939665643,6.211276939665643,paRkij,anti_homophones
11389,1,2,0,5,2,-5.589468982654573,5.589468982654573,tRon@,anti_homophones
11390,1,0,0,7,3,-7.853447486184282,7.853447486184282,R°k§bag,anti_homophones
11391,1,0,0,9,4,-10.81367650747636,10.81367650747636,t5ktikyl5,anti_homophones
11392,1,0,0,8,4,-7.788056031238744,7.788056031238744,paRasis@,anti_homophones
11393,1,0,0,11,4,-11.638043716230541,11.638043716230541,kaRwas@skyl,anti_homophones
11394,1,7,0,5,3,-5.8139706277544025,5.8139706277544025,elibe,anti_homophones
11395,1,0,0,11,5,-10.829348775801765,10.829348775801765,kRatikeseid,anti_homophones
11396,1,12,0,6,3,-5.905026433738635,5.905026433738635,voloZi,anti_homophones
11397,1,29,1,3,2,-4.593374090389068,4.593374090389068,mao,anti_homophones
11398,1,1,0,7,3,-5.883237188316693,5.883237188316693,k@tonje,anti_homophones
11399,1,1,0,6,3,-5.397805894351451,5.397805894351451,5v5sje,anti_homophones
11400,1,0,0,6,3,-5.7708020785785425,5.7708020785785425,pomete,anti_homophones
11401,1,4,0,6,3,-4.9061096636788735,4.9061096636788735,k§poz@,anti_homophones
11402,1,1,0,6,3,-5.397944534305346,5.397944534305346,eg8is§,anti_homophones
11403,1,16,0,6,3,-5.165325827586064,5.165325827586064,paR°m@,anti_homophones
11404,1,2,0,4,2,-5.047193435735494,5.047193435735494,iNaR,anti_homophones
11405,1,0,0,5,2,-5.424798935856477,5.424798935856477,Ezbj5,anti_homophones
11406,1,0,0,10,4,-8.64032220266569,8.64032220266569,sekynjosEl,anti_homophones
11407,1,0,0,9,3,-8.61817171427684,8.61817171427684,bROSkOksi,anti_homophones
11408,1,0,0,6,2,-6.148219786386258,6.148219786386258,fel5ks,anti_homophones
11409,1,0,0,7,3,-6.460607000219126,6.460607000219126,ivREs9R,anti_homophones
11410,1,0,0,10,5,-7.543184355777822,7.543184355777822,sefaloRize,anti_homophones
11411,1,4,0,5,2,-4.73519893191727,4.73519893191727,mefj@,anti_homophones
11412,1,21,1,3,1,-3.9694977926554627,3.9694977926554627,bOl,anti_homophones
11413,1,0,0,9,4,-8.80605492547209,8.80605492547209,depotanit,anti_homophones
11414,1,1,0,6,2,-7.300892336188237,7.300892336188237,tRomit,anti_homophones
11415,1,0,0,13,6,-9.907159944942569,9.907159944942569,Egzam5sepaREt,anti_homophones
11416,1,0,0,8,4,-6.989030691701367,6.989030691701367,vomOd°k5,anti_homophones
11417,1,6,1,5,3,-4.971879767327618,4.971879767327618,@byl@,anti_homophones
11418,1,13,0,6,3,-5.474428638897925,5.474428638897925,dEn°m@,anti_homophones
11419,1,0,0,8,3,-6.9701849335046,6.9701849335046,kRupiRaj,anti_homophones
11420,1,0,0,12,5,-9.761041511724333,9.761041511724333,bRez@guRd°m@,anti_homophones
11421,1,0,0,8,4,-10.236834854643892,10.236834854643892,f9letaj@,anti_homophones
11422,1,0,0,9,4,-9.047781385531163,9.047781385531163,5statikaR,anti_homophones
11423,1,1,0,7,3,-7.156586802565737,7.156586802565737,@dimEtR,anti_homophones
11424,1,1,0,6,2,-5.580176215062079,5.580176215062079,soRjal,anti_homophones
11425,1,10,1,3,1,-4.391470561997454,4.391470561997454,m5t,anti_homophones
11426,1,0,0,11,4,-7.788478493075903,7.788478493075903,kRystRal°m@,anti_homophones
11427,1,0,0,7,3,-6.6226034079331555,6.6226034079331555,kapORt@,anti_homophones
11428,1,0,0,9,3,-7.347291901160975,7.347291901160975,klot@sjEl,anti_homophones
11429,1,0,0,8,4,-8.049706954006284,8.049706954006284,aSaRnaSe,anti_homophones
11430,1,0,0,10,5,-10.621273885462168,10.621273885462168,p5sOmataZe,anti_homophones
11431,1,0,0,9,3,-6.015376006206498,6.015376006206498,pRes@sibl,anti_homophones
11432,1,3,0,7,3,-6.264762451472254,6.264762451472254,yltyREt,anti_homophones
11433,1,1,0,7,3,-6.770944787768425,6.770944787768425,petisit,anti_homophones
11434,1,0,0,6,3,-6.198626462955625,6.198626462955625,RON°RE,anti_homophones
11435,1,0,0,14,6,-13.761469788683836,13.761469788683836,stomiRatityRb@,anti_homophones
11436,1,0,0,7,3,-6.53834576916866,6.53834576916866,debaRko,anti_homophones
11437,1,19,1,2,1,-4.593229801456988,4.593229801456988,g2,anti_homophones
11438,1,0,0,6,3,-7.464147158029541,7.464147158029541,inesj2,anti_homophones
11439,1,0,0,11,5,-8.50667291295972,8.50667291295972,Som°dykat9R,anti_homophones
11440,1,0,0,7,3,-7.6365011892395085,7.6365011892395085,lokapte,anti_homophones
11441,1,0,0,10,3,-7.254988471174221,7.254988471174221,stRyktyRbe,anti_homophones
11442,1,0,0,9,4,-8.444597332250835,8.444597332250835,kOlemenal,anti_homophones
11443,1,1,0,7,3,-5.286007886311895,5.286007886311895,R°kuRaZ,anti_homophones
11444,1,1,2,6,3,-4.938457499931808,4.938457499931808,5fly@s,anti_homophones
11445,1,0,0,8,4,-5.477692075276291,5.477692075276291,sysEl°m@,anti_homophones
11446,1,0,0,9,3,-6.317873066565108,6.317873066565108,pn2mOnist,anti_homophones
11447,1,0,0,12,5,-7.817017669956189,7.817017669956189,pRefek§tR°m@,anti_homophones
11448,1,1,0,6,3,-5.823419934346695,5.823419934346695,aploze,anti_homophones
11449,1,3,0,5,2,-5.237024493441097,5.237024493441097,Zydas,anti_homophones
11450,1,0,0,7,3,-5.874691644281893,5.874691644281893,paR@ble,anti_homophones
11451,1,0,0,12,5,-9.807752591305086,9.807752591305086,sERvaskeRite,anti_homophones
11452,1,0,0,9,4,-7.704802873919257,7.704802873919257,gRasim°m@,anti_homophones
11453,1,15,0,5,3,-4.970437486830939,4.970437486830939,abite,anti_homophones
11454,1,1,0,6,3,-5.956614782097736,5.956614782097736,paR@gE,anti_homophones
11455,1,4,0,6,3,-5.849309393978774,5.849309393978774,v@pije,anti_homophones
11456,1,9,1,3,1,-4.657900162687166,4.657900162687166,sov,anti_homophones
11457,1,19,0,4,2,-4.395908125310249,4.395908125310249,fyte,anti_homophones
11458,1,0,0,14,6,-14.017826352306464,14.017826352306464,jamaRm°zyREkiG,anti_homophones
11459,1,0,0,14,6,-9.930696418078092,9.930696418078092,koRogRadinasj§,anti_homophones
11460,1,0,0,6,3,-8.004198609393912,8.004198609393912,soZape,anti_homophones
11461,1,2,0,5,2,-5.5012160319879095,5.5012160319879095,ORtal,anti_homophones
11462,1,0,0,10,5,-7.592559826700324,7.592559826700324,l@binalite,anti_homophones
11463,1,0,0,11,5,-11.072195527172143,11.072195527172143,peR@tilitiv,anti_homophones
11464,1,0,0,11,4,-10.319530681533648,10.319530681533648,modjOpskyl@,anti_homophones
11465,1,3,0,6,3,-6.119753338380748,6.119753338380748,k§dile,anti_homophones
11466,1,0,0,8,2,-10.039782775981008,10.039782775981008,syRZjaft,anti_homophones
11467,1,0,0,5,2,-5.743264199466796,5.743264199466796,gudiG,anti_homophones
11468,1,0,0,8,3,-8.34184914506525,8.34184914506525,RaklynEt,anti_homophones
11469,1,0,0,12,5,-11.245573861343301,11.245573861343301,gRanylERSive,anti_homophones
11470,1,0,0,9,4,-9.07476381252021,9.07476381252021,se@sjalER,anti_homophones
11471,1,0,0,7,3,-7.484028375557023,7.484028375557023,balazif,anti_homophones
11472,1,3,0,7,3,-6.743245884372864,6.743245884372864,maNasj§,anti_homophones
11473,1,1,0,7,3,-6.614855148106461,6.614855148106461,RezORbE,anti_homophones
11474,1,0,0,14,6,-12.230506305580203,12.230506305580203,aZystRapEz@taR,anti_homophones
11475,1,17,1,5,2,-4.254292229485079,4.254292229485079,gRije,anti_homophones
11476,1,0,0,5,2,-6.350665402457958,6.350665402457958,kapso,anti_homophones
11477,1,2,0,5,2,-5.686023815086818,5.686023815086818,ljone,anti_homophones
11478,1,16,2,3,2,-4.382354372451952,4.382354372451952,iko,anti_homophones
11479,1,8,0,3,1,-5.921163161446236,5.921163161446236,m8@,anti_homophones
11480,1,21,1,3,1,-4.035330839606233,4.035330839606233,gl@,anti_homophones
11481,1,0,0,12,5,-11.835088034697703,11.835088034697703,peRasyRkan9R,anti_homophones
11482,1,0,0,7,3,-7.324974669457605,7.324974669457605,piReflE,anti_homophones
11483,1,0,0,10,5,-7.511233436797962,7.511233436797962,RameRal°m@,anti_homophones
11484,1,1,1,4,1,-4.664600487785632,4.664600487785632,kwiz,anti_homophones
11485,1,5,0,5,2,-5.534159598497896,5.534159598497896,balam,anti_homophones
11486,1,0,0,7,3,-6.082895531333911,6.082895531333911,sapjete,anti_homophones
11487,1,0,0,13,6,-10.440688666302755,10.440688666302755,dezeReofonist,anti_homophones
11488,1,6,0,5,2,-5.359397097092366,5.359397097092366,Repis,anti_homophones
11489,1,0,0,7,3,-5.723460789421069,5.723460789421069,k§tyzje,anti_homophones
11490,1,9,0,4,2,-5.195133747131515,5.195133747131515,teti,anti_homophones
11491,1,1,0,6,2,-6.48979932875831,6.48979932875831,pORtam,anti_homophones
11492,1,21,0,4,2,-4.506705777527499,4.506705777527499,pal5,anti_homophones
11493,1,0,0,12,4,-9.904752366005171,9.904752366005171,spundRagylER,anti_homophones
11494,1,4,0,5,2,-5.282002591935707,5.282002591935707,altEs,anti_homophones
11495,1,8,0,6,2,-4.809810999917116,4.809810999917116,pRot9R,anti_homophones
11496,1,11,1,5,2,-5.075259223913387,5.075259223913387,p@tER,anti_homophones
11497,1,1,0,6,3,-6.4519640311014115,6.4519640311014115,polonE,anti_homophones
11498,1,5,0,5,2,-5.183937419050732,5.183937419050732,kuRte,anti_homophones
11499,1,0,0,11,4,-8.54734335678266,8.54734335678266,Zemisjonist,anti_homophones
11500,1,0,0,9,4,-7.272645493396208,7.272645493396208,gRibozite,anti_homophones
11501,1,9,0,5,2,-4.709292672969951,4.709292672969951,minj5,anti_homophones
11502,1,10,1,3,1,-4.314932897238787,4.314932897238787,ORk,anti_homophones
11503,1,17,1,3,1,-4.538491607295943,4.538491607295943,luR,anti_homophones
11504,1,1,0,5,2,-6.034893073444963,6.034893073444963,sman@,anti_homophones
11505,1,0,0,9,4,-8.501605145682712,8.501605145682712,RadekaRte,anti_homophones
11506,1,0,0,7,3,-5.748566139665885,5.748566139665885,fibRij§,anti_homophones
11507,1,0,0,7,3,-6.501392442271002,6.501392442271002,debanj5,anti_homophones
11508,1,0,0,8,3,-7.622855799855077,7.622855799855077,5pERmwan,anti_homophones
11509,1,3,0,4,2,-4.70333310452365,4.70333310452365,vol§,anti_homophones
11510,1,3,0,4,2,-6.233916643660675,6.233916643660675,ebus,anti_homophones
11511,1,17,1,4,2,-4.684870586535512,4.684870586535512,ekER,anti_homophones
11512,1,0,0,5,3,-5.504836193392037,5.504836193392037,eSafo,anti_homophones
11513,1,1,0,5,2,-6.212429347552221,6.212429347552221,aRisk,anti_homophones
11514,1,1,0,9,4,-5.896777211974426,5.896777211974426,k§fORmite,anti_homophones
11515,1,2,0,6,3,-5.710021932453066,5.710021932453066,fuRaje,anti_homophones
11516,1,2,0,4,2,-5.862209088537625,5.862209088537625,l5to,anti_homophones
11517,1,8,0,3,1,-5.567201259966669,5.567201259966669,bOZ,anti_homophones
11518,1,0,0,9,4,-9.429225520207593,9.429225520207593,palosijaR,anti_homophones
11519,1,0,0,10,4,-10.479549151136403,10.479549151136403,fRiZibozEf,anti_homophones
11520,1,13,0,4,2,-4.991123001482866,4.991123001482866,alit,anti_homophones
11521,1,12,2,3,1,-4.317169115338862,4.317169115338862,RuZ,anti_homophones
11522,1,8,1,5,2,-4.333722580263079,4.333722580263079,mefje,anti_homophones
11523,1,0,0,6,3,-7.19502849009032,7.19502849009032,jeRoti,anti_homophones
11524,1,3,0,5,2,-4.834938905956454,4.834938905956454,Egzif,anti_homophones
11525,1,8,0,3,1,-4.70576139384209,4.70576139384209,p§S,anti_homophones
11526,1,0,0,13,5,-11.78806006738705,11.78806006738705,plyvjomanatRi,anti_homophones
11527,1,0,0,9,5,-7.0027630665843175,7.0027630665843175,etRoas°m@,anti_homophones
11528,1,6,1,4,1,-4.378307141710245,4.378307141710245,fibR,anti_homophones
11529,1,0,0,11,5,-7.940236856888163,7.940236856888163,staminalize,anti_homophones
11530,1,13,1,4,2,-4.413564944577577,4.413564944577577,beke,anti_homophones
11531,1,2,0,7,2,-5.4135340650039865,5.4135340650039865,k§stRik,anti_homophones
11532,1,4,1,5,2,-5.22171153861286,5.22171153861286,S°nER,anti_homophones
11533,1,16,0,4,2,-4.450623423048207,4.450623423048207,Rym@,anti_homophones
11534,1,0,0,10,4,-8.021665244569078,8.021665244569078,akRaksjone,anti_homophones
11535,1,0,0,8,4,-6.964888196081645,6.964888196081645,k§kOk°R§,anti_homophones
11536,1,4,1,4,1,-4.8967680468302905,4.8967680468302905,dREZ,anti_homophones
11537,1,6,0,6,3,-4.854205410731647,4.854205410731647,S@t°Ri,anti_homophones
11538,1,5,1,4,2,-5.01933171596316,5.01933171596316,Sap§,anti_homophones
11539,1,2,0,4,2,-5.256675754673347,5.256675754673347,m°z@,anti_homophones
11540,1,8,1,3,1,-5.282602071454052,5.282602071454052,m9s,anti_homophones
11541,1,0,0,13,6,-12.205883989647628,12.205883989647628,mepRumanimyle,anti_homophones
11542,1,7,0,4,2,-5.521516924524315,5.521516924524315,oRoz,anti_homophones
11543,1,0,0,10,5,-7.37315431209837,7.37315431209837,EskylER°m@,anti_homophones
11544,1,0,0,10,5,-7.770481620997493,7.770481620997493,pen5syfizi,anti_homophones
11545,1,6,1,3,1,-4.7761098788553955,4.7761098788553955,Z9n,anti_homophones
11546,1,0,0,9,4,-9.85511982561134,9.85511982561134,kymEsk5t2,anti_homophones
11547,1,0,0,10,4,-7.224477856460531,7.224477856460531,ResiRkasj§,anti_homophones
11548,1,0,0,12,6,-11.333184003320925,11.333184003320925,poligotiRuje,anti_homophones
11549,1,3,0,5,2,-5.255131967242223,5.255131967242223,R°blo,anti_homophones
11550,1,0,0,7,2,-5.886266060523881,5.886266060523881,Eksklav,anti_homophones
11551,1,0,0,11,5,-9.941957324800228,9.941957324800228,apsolateRje,anti_homophones
11552,1,0,0,11,4,-10.839600288688656,10.839600288688656,R2metRiktik,anti_homophones
11553,1,6,0,6,2,-5.795364817314053,5.795364817314053,pRotaR,anti_homophones
11554,1,0,0,11,5,-8.216517029367168,8.216517029367168,taligyRasj§,anti_homophones
11555,1,6,1,4,2,-5.7132779747788325,5.7132779747788325,taky,anti_homophones
11556,1,0,0,7,3,-6.060064559061935,6.060064559061935,Re5ZEkt,anti_homophones
11557,1,0,0,15,5,-11.588566198885207,11.588566198885207,pR5sEpsiklonabl,anti_homophones
11558,1,0,0,8,4,-9.559735005820441,9.559735005820441,Rub°Rone,anti_homophones
11559,1,0,0,13,6,-10.483146733068367,10.483146733068367,R°k§t@poREj9R,anti_homophones
11560,1,1,0,6,2,-5.330511558824234,5.330511558824234,deSifR,anti_homophones
11561,1,3,0,5,2,-5.514948203294866,5.514948203294866,fofil,anti_homophones
11562,1,7,0,5,2,-4.832228012624935,4.832228012624935,k§t@s,anti_homophones
11563,1,5,0,5,2,-5.187985942340881,5.187985942340881,ReZit,anti_homophones
11564,1,10,0,6,3,-4.880184302819802,4.880184302819802,dER°m@,anti_homophones
11565,1,10,0,5,2,-4.907409532405997,4.907409532405997,deSik,anti_homophones
11566,1,0,0,11,5,-11.048224062495706,11.048224062495706,Obazibilizm,anti_homophones
11567,1,0,0,8,3,-6.116423379129402,6.116423379129402,baRbij9R,anti_homophones
11568,1,0,0,11,5,-7.395577327733476,7.395577327733476,syRpetik°m@,anti_homophones
11569,1,1,1,5,3,-4.238051769103396,4.238051769103396,koope,anti_homophones
11570,1,5,0,4,2,-5.705707050291845,5.705707050291845,tapu,anti_homophones
11571,1,0,0,10,5,-8.398925595780133,8.398925595780133,dek§dispai,anti_homophones
11572,1,0,0,5,2,-5.547069067464971,5.547069067464971,Ebdom,anti_homophones
11573,1,0,0,7,4,-7.602737391665892,7.602737391665892,apozale,anti_homophones
11574,1,10,0,4,1,-4.244993020468862,4.244993020468862,kRys,anti_homophones
11575,1,5,1,5,2,-4.573580533082636,4.573580533082636,elEkt,anti_homophones
11576,1,42,1,4,2,-4.24389615218622,4.24389615218622,kaRe,anti_homophones
11577,1,0,0,5,3,-5.7092986134309225,5.7092986134309225,om°dy,anti_homophones
11578,1,0,0,10,5,-11.46985942448897,11.46985942448897,fet°lakyli,anti_homophones
11579,1,0,0,10,4,-9.102142814173783,9.102142814173783,melodEstER,anti_homophones
11580,1,20,2,5,2,-4.138082501734145,4.138082501734145,astik,anti_homophones
11581,1,0,0,8,3,-6.940529870834175,6.940529870834175,pOstiZEn,anti_homophones
11582,1,0,0,8,3,-7.852578724822913,7.852578724822913,pRof§dRo,anti_homophones
11583,1,0,0,5,3,-6.405672467868132,6.405672467868132,egako,anti_homophones
11584,1,0,0,6,3,-5.838028661971268,5.838028661971268,@glob@,anti_homophones
11585,1,0,0,10,5,-10.527802629846118,10.527802629846118,ReziZid°m5,anti_homophones
11586,1,6,0,5,2,-5.499053652347592,5.499053652347592,@gist,anti_homophones
11587,1,23,1,6,2,-3.8408949798928353,3.8408949798928353,kRasj§,anti_homophones
11588,1,15,1,5,2,-5.086906699077452,5.086906699077452,plite,anti_homophones
11589,1,4,0,5,2,-4.954962787145987,4.954962787145987,dezEt,anti_homophones
11590,1,0,0,15,5,-14.82256215434813,14.82256215434813,pRod@distRopnoz,anti_homophones
11591,1,1,0,7,2,-6.1177825867562765,6.1177825867562765,psikliS,anti_homophones
11592,1,0,0,11,6,-8.06086032372268,8.06086032372268,5volymin°Ri,anti_homophones
11593,1,3,0,4,2,-5.39646712704098,5.39646712704098,edEn,anti_homophones
11594,1,8,0,6,2,-4.976505438694423,4.976505438694423,takt9R,anti_homophones
11595,1,0,0,12,5,-10.89176039836898,10.89176039836898,pRemagapERse,anti_homophones
11596,1,3,0,6,3,-5.459801409261699,5.459801409261699,fotoZe,anti_homophones
11597,1,0,0,10,5,-5.458908980049602,5.458908980049602,Egzibilite,anti_homophones
11598,1,7,0,4,2,-4.888796999592283,4.888796999592283,v2le,anti_homophones
11599,1,2,0,5,2,-5.365220448964754,5.365220448964754,gOmje,anti_homophones
11600,1,2,0,6,3,-5.2332712825439245,5.2332712825439245,n2RoS@,anti_homophones
11601,1,0,0,6,2,-6.686322328500698,6.686322328500698,ZERbOn,anti_homophones
11602,1,11,0,4,1,-5.097690572874634,5.097690572874634,kjEt,anti_homophones
11603,1,0,0,8,3,-7.51619136238831,7.51619136238831,SaRZelik,anti_homophones
11604,1,4,1,4,2,-4.738531817840218,4.738531817840218,Opt@,anti_homophones
11605,1,3,0,5,2,-5.766498724062513,5.766498724062513,Rafja,anti_homophones
11606,1,0,0,10,5,-7.987420364212816,7.987420364212816,5volatasj§,anti_homophones
11607,1,7,0,4,1,-5.462388397220186,5.462388397220186,laRg,anti_homophones
11608,1,0,0,8,2,-6.389668522635988,6.389668522635988,plastRik,anti_homophones
11609,1,4,0,4,2,-5.5396097517320335,5.5396097517320335,p5so,anti_homophones
11610,1,7,1,4,2,-4.736337654759409,4.736337654759409,gaz§,anti_homophones
11611,1,2,0,4,1,-4.771719663755836,4.771719663755836,gR5S,anti_homophones
11612,1,12,0,4,2,-5.176788224684471,5.176788224684471,Riz§,anti_homophones
11613,1,3,0,5,2,-5.628434501538721,5.628434501538721,d@diz,anti_homophones
11614,1,1,0,7,2,-6.889523802951031,6.889523802951031,nebRabl,anti_homophones
11615,1,3,1,7,3,-4.773770352885723,4.773770352885723,kORd°m@,anti_homophones
11616,1,2,0,6,3,-7.1132470698135934,7.1132470698135934,v°dute,anti_homophones
11617,1,1,0,5,2,-5.567747021452672,5.567747021452672,lupj§,anti_homophones
11618,1,0,0,8,3,-8.955602314607498,8.955602314607498,ORgatOlt,anti_homophones
11619,1,4,1,5,3,-4.911031061989129,4.911031061989129,ineER,anti_homophones
11620,1,0,0,9,4,-8.87443319564058,8.87443319564058,Sunizasj§,anti_homophones
11621,1,0,0,11,5,-7.594774339738888,7.594774339738888,R@vERsalite,anti_homophones
11622,1,1,0,8,4,-6.672328128573654,6.672328128573654,5vEstine,anti_homophones
11623,1,6,1,5,2,-5.052595390736195,5.052595390736195,kataS,anti_homophones
11624,1,12,1,5,2,-4.504129302748542,4.504129302748542,Refje,anti_homophones
11625,1,14,0,4,1,-5.000282630687629,5.000282630687629,kliR,anti_homophones
11626,1,9,1,3,1,-4.777062694190574,4.777062694190574,5pl,anti_homophones
11627,1,3,0,9,4,-5.490129462776657,5.490129462776657,Redikasj§,anti_homophones
11628,1,0,0,9,4,-8.206045331110712,8.206045331110712,Egzyltano,anti_homophones
11629,1,3,0,6,3,-5.882856803717086,5.882856803717086,Rifone,anti_homophones
11630,1,1,0,6,3,-5.618129949009197,5.618129949009197,Rap°le,anti_homophones
11631,1,0,0,8,4,-6.7615321029263855,6.7615321029263855,adoskOpi,anti_homophones
11632,1,5,0,4,2,-5.556780535855696,5.556780535855696,lid§,anti_homophones
11633,1,2,0,8,3,-4.819860647491083,4.819860647491083,bjoloZik,anti_homophones
11634,1,3,0,5,2,-5.677900287694584,5.677900287694584,sORt@,anti_homophones
11635,1,2,0,5,1,-5.412014102177916,5.412014102177916,stRad,anti_homophones
11636,1,2,0,7,3,-6.496155769104236,6.496155769104236,R°t°naj,anti_homophones
11637,1,11,1,3,1,-4.609164770303999,4.609164770303999,b8e,anti_homophones
11638,1,0,0,9,4,-7.569915473998372,7.569915473998372,anadjotik,anti_homophones
11639,1,15,1,4,2,-4.6313998974612565,4.6313998974612565,piNe,anti_homophones
11640,1,0,0,7,3,-8.769945565033627,8.769945565033627,s°RoRid,anti_homophones
11641,1,0,0,7,3,-7.385902618195486,7.385902618195486,eflamik,anti_homophones
11642,1,5,0,4,1,-6.0221272340299254,6.0221272340299254,dipt,anti_homophones
11643,1,0,0,11,4,-10.216797880126032,10.216797880126032,apsyltyRjat,anti_homophones
11644,1,0,0,11,4,-10.157706303100325,10.157706303100325,papaRpEstje,anti_homophones
11645,1,0,0,7,3,-7.302383224599597,7.302383224599597,pip9lEt,anti_homophones
11646,1,0,0,9,4,-8.714110172639156,8.714110172639156,degenetal,anti_homophones
11647,1,3,0,6,3,-5.019983165646376,5.019983165646376,depote,anti_homophones
11648,1,1,0,9,4,-6.287946047627092,6.287946047627092,dezapw5t5,anti_homophones
11649,1,5,0,5,2,-4.962842859013601,4.962842859013601,5disk,anti_homophones
11650,1,0,0,10,5,-6.711505698599167,6.711505698599167,k§pozitize,anti_homophones
11651,1,14,1,4,1,-4.7758809320841555,4.7758809320841555,sERt,anti_homophones
11652,1,12,2,7,3,-4.328520846837287,4.328520846837287,syRasj§,anti_homophones
11653,1,0,0,10,4,-9.421832910654501,9.421832910654501,iREktivikt,anti_homophones
11654,1,1,0,7,3,-5.359500488325318,5.359500488325318,k§t°n@s,anti_homophones
11655,1,0,0,11,5,-9.635563222829289,9.635563222829289,@tuzjasmozo,anti_homophones
11656,1,6,0,4,2,-5.237864727630376,5.237864727630376,Reka,anti_homophones
11657,1,0,0,7,3,-7.708280811171465,7.708280811171465,k°basaZ,anti_homophones
11658,1,0,0,9,4,-7.804297505657389,7.804297505657389,R°s@tRakE,anti_homophones
11659,1,9,0,3,1,-4.848775868191932,4.848775868191932,sof,anti_homophones
11660,1,0,0,6,2,-5.937249465357004,5.937249465357004,Slag9R,anti_homophones
11661,1,0,0,10,4,-7.89551713669183,7.89551713669183,k§pOsteRiR,anti_homophones
11662,1,0,0,10,4,-9.434118220432012,9.434118220432012,EksfilozOt,anti_homophones
11663,1,1,0,7,3,-6.851253946871579,6.851253946871579,menisaZ,anti_homophones
11664,1,1,0,8,3,-5.989651930626613,5.989651930626613,goloZist,anti_homophones
11665,1,2,0,6,3,-6.23737460098023,6.23737460098023,pipite,anti_homophones
11666,1,4,0,5,2,-5.53772147765741,5.53772147765741,efRiR,anti_homophones
11667,1,0,0,6,3,-8.442670681834022,8.442670681834022,kovRi5,anti_homophones
11668,1,3,0,6,3,-4.6781114503827235,4.6781114503827235,Regyle,anti_homophones
11669,1,6,0,5,2,-6.1511439700430435,6.1511439700430435,moist,anti_homophones
11670,1,7,1,4,2,-5.030235717397804,5.030235717397804,gome,anti_homophones
11671,1,1,0,7,3,-6.220143586733016,6.220143586733016,latifik,anti_homophones
11672,1,0,0,11,5,-9.327399430214887,9.327399430214887,eRem@sjasj§,anti_homophones
11673,1,6,0,5,2,-4.930718476988817,4.930718476988817,palme,anti_homophones
11674,1,0,0,7,3,-5.959827204861274,5.959827204861274,kaRtuze,anti_homophones
11675,1,4,0,5,3,-5.326176714882873,5.326176714882873,ekono,anti_homophones
11676,1,0,0,9,4,-8.728166492894246,8.728166492894246,5tEt°RjOm,anti_homophones
11677,1,0,0,8,4,-8.038550579809705,8.038550579809705,@tRepipe,anti_homophones
11678,1,1,0,5,2,-5.182084635541298,5.182084635541298,R°kup,anti_homophones
11679,1,11,0,4,2,-5.520031656247016,5.520031656247016,Raz5,anti_homophones
11680,1,0,0,13,5,-13.799657551030498,13.799657551030498,pwasazj@gwaso,anti_homophones
11681,1,0,0,9,4,-6.898369246770455,6.898369246770455,elEkteRje,anti_homophones
11682,1,7,0,5,2,-4.896384082018571,4.896384082018571,dekRi,anti_homophones
11683,1,0,0,5,2,-6.037766049304719,6.037766049304719,ERgEz,anti_homophones
11684,1,0,0,9,4,-7.211364280772108,7.211364280772108,telimatik,anti_homophones
11685,1,20,0,2,1,-5.816912824329029,5.816912824329029,ag,anti_homophones
11686,1,4,0,6,2,-5.059529437556245,5.059529437556245,d8asj§,anti_homophones
11687,1,0,0,16,6,-13.50033748040007,13.50033748040007,defutymylt8Elist,anti_homophones
11688,1,2,1,5,2,-4.8321081118783775,4.8321081118783775,5vEst,anti_homophones
11689,1,0,0,5,2,-5.462433955402968,5.462433955402968,Rasid,anti_homophones
11690,1,0,0,5,3,-6.771513828419574,6.771513828419574,ERoRi,anti_homophones
11691,1,0,0,7,3,-8.81565566695654,8.81565566695654,pelikit,anti_homophones
11692,1,7,2,6,3,-4.877438929780443,4.877438929780443,elat9R,anti_homophones
11693,1,3,1,5,2,-4.545762058476624,4.545762058476624,pl§Ze,anti_homophones
11694,1,4,0,5,2,-5.5528045493545015,5.5528045493545015,fORm§,anti_homophones
11695,1,1,0,7,2,-8.10325362778616,8.10325362778616,tORtilt,anti_homophones
11696,1,0,0,9,4,-11.466589971892722,11.466589971892722,dananagOl,anti_homophones
11697,1,11,0,5,2,-5.297151804630929,5.297151804630929,kavaR,anti_homophones
11698,1,0,0,11,4,-8.709550098676315,8.709550098676315,R@bwazjonEl,anti_homophones
11699,1,1,0,8,4,-5.954127184531659,5.954127184531659,b5gal°m@,anti_homophones
11700,1,13,0,4,2,-5.134062414827858,5.134062414827858,Rome,anti_homophones
11701,1,5,0,5,2,-5.644537118611602,5.644537118611602,vwaRe,anti_homophones
11702,1,0,0,15,6,-11.298690750145898,11.298690750145898,sybdiskolizasj§,anti_homophones
11703,1,0,0,6,2,-5.76036733686431,5.76036733686431,zigzEt,anti_homophones
11704,1,11,1,7,3,-5.200287829976744,5.200287829976744,depasj§,anti_homophones
11705,1,0,0,8,4,-7.716537598327521,7.716537598327521,nyminim@,anti_homophones
11706,1,0,0,9,3,-9.210457754881539,9.210457754881539,ZystRikyR,anti_homophones
11707,1,20,1,3,2,-4.171782372529592,4.171782372529592,opi,anti_homophones
11708,1,0,0,9,4,-7.757348974976432,7.757348974976432,fotok8iz@,anti_homophones
11709,1,1,0,8,4,-6.623870779172539,6.623870779172539,sakin°m@,anti_homophones
11710,1,15,1,3,1,-4.436749369111625,4.436749369111625,pR2,anti_homophones
11711,1,0,0,4,2,-4.839735137099959,4.839735137099959,afg@,anti_homophones
11712,1,17,1,5,2,-4.081855991611667,4.081855991611667,anizm,anti_homophones
11713,1,0,0,9,4,-9.844918621731194,9.844918621731194,anjatRofe,anti_homophones
11714,1,0,0,8,3,-8.26803285802432,8.26803285802432,gwan°lyS,anti_homophones
11715,1,0,0,6,3,-6.952210063698163,6.952210063698163,avikt5,anti_homophones
11716,1,9,1,6,3,-4.452712270415169,4.452712270415169,k§t°m@,anti_homophones
11717,1,3,0,5,2,-5.330073324625749,5.330073324625749,R2bOb,anti_homophones
11718,1,0,0,6,3,-6.1394189513375945,6.1394189513375945,omod@s,anti_homophones
11719,1,15,0,3,2,-4.613676083215297,4.613676083215297,@fi,anti_homophones
11720,1,17,1,3,1,-4.848173647992779,4.848173647992779,8aR,anti_homophones
11721,1,2,1,5,3,-4.859313061554129,4.859313061554129,@Zum@,anti_homophones
11722,1,0,0,8,3,-6.607259205882692,6.607259205882692,plan9vEn,anti_homophones
11723,1,0,0,7,3,-6.606986984717132,6.606986984717132,Omniste,anti_homophones
11724,1,2,0,6,2,-4.945080729486469,4.945080729486469,pORsj§,anti_homophones
11725,1,7,1,5,2,-5.613291767606753,5.613291767606753,ilist,anti_homophones
11726,1,2,0,6,3,-5.893452351441223,5.893452351441223,flyORi,anti_homophones
11727,1,0,0,7,3,-8.46234973104858,8.46234973104858,fotivin,anti_homophones
11728,1,7,1,6,3,-5.03213984681778,5.03213984681778,ymasj§,anti_homophones
11729,1,0,0,13,6,-11.184022720203123,11.184022720203123,sOsjomaZoRize,anti_homophones
11730,1,0,0,9,4,-9.033135977447342,9.033135977447342,5fORtiROp,anti_homophones
11731,1,7,1,6,3,-4.453033759345384,4.453033759345384,p2z°m@,anti_homophones
11732,1,0,0,7,3,-7.347868283286258,7.347868283286258,5t@plEt,anti_homophones
11733,1,10,0,4,1,-4.682009585332354,4.682009585332354,pRod,anti_homophones
11734,1,3,0,4,2,-6.658642934768475,6.658642934768475,SEn2,anti_homophones
11735,1,0,0,9,3,-8.025640265407542,8.025640265407542,fl9Ristif,anti_homophones
11736,1,10,0,4,2,-5.223945139054634,5.223945139054634,edER,anti_homophones
11737,1,0,0,10,4,-9.474579212503007,9.474579212503007,fleSiRysty,anti_homophones
11738,1,1,0,6,2,-6.428999044875944,6.428999044875944,klinil,anti_homophones
11739,1,0,0,8,4,-6.612873640563071,6.612873640563071,Eksalize,anti_homophones
11740,1,0,0,10,4,-9.90963501612308,9.90963501612308,sOmnOteizm,anti_homophones
11741,1,4,1,5,2,-4.290225041348137,4.290225041348137,S°niR,anti_homophones
11742,1,0,0,13,6,-11.18482664865836,11.18482664865836,defORmaleabOl,anti_homophones
11743,1,4,1,5,3,-5.421299112482887,5.421299112482887,@toni,anti_homophones
11744,1,3,1,3,1,-4.708466505375328,4.708466505375328,ok1,anti_homophones
11745,1,0,0,13,5,-11.545060849496751,11.545060849496751,paReOlEkspist,anti_homophones
11746,1,4,0,5,2,-5.671992807773821,5.671992807773821,ek8ER,anti_homophones
11747,1,2,0,5,2,-5.525536897822143,5.525536897822143,f9jys,anti_homophones
11748,1,1,0,4,2,-6.6597502073669865,6.6597502073669865,es5k,anti_homophones
11749,1,0,0,9,4,-6.870493232372104,6.870493232372104,gRotiv°m@,anti_homophones
11750,1,0,0,11,5,-11.77991061055469,11.77991061055469,tORideasjOn,anti_homophones
11751,1,0,0,9,4,-9.548195587289479,9.548195587289479,meRapijEl,anti_homophones
11752,1,9,1,4,2,-4.205607189186721,4.205607189186721,veR@,anti_homophones
11753,1,6,1,6,3,-4.938207683276544,4.938207683276544,makije,anti_homophones
11754,1,0,0,12,4,-11.424373878591599,11.424373878591599,pERklynEtt9R,anti_homophones
11755,1,22,1,3,1,-4.144847474414223,4.144847474414223,gOl,anti_homophones
11756,1,0,0,10,4,-9.210190410953249,9.210190410953249,velistok9R,anti_homophones
11757,1,2,0,5,2,-5.621601623851134,5.621601623851134,kalki,anti_homophones
11758,1,1,0,9,4,-6.361152788275947,6.361152788275947,palpEs°m@,anti_homophones
11759,1,0,0,7,3,-7.340321447719503,7.340321447719503,ORtital,anti_homophones
11760,1,8,0,6,3,-5.146263038749923,5.146263038749923,monite,anti_homophones
11761,1,0,0,15,6,-15.117403886327486,15.117403886327486,Sodepysklyzisje,anti_homophones
11762,1,0,0,9,4,-7.735244825637834,7.735244825637834,5pERviz9R,anti_homophones
11763,1,14,1,3,2,-4.162709434561849,4.162709434561849,5t@,anti_homophones
11764,1,0,0,7,2,-5.982909115369822,5.982909115369822,flEktOm,anti_homophones
11765,1,8,0,4,1,-5.092528590142538,5.092528590142538,klab,anti_homophones
11766,1,1,0,6,2,-5.44894995186695,5.44894995186695,deSism,anti_homophones
11767,1,14,1,4,2,-4.437260686400567,4.437260686400567,lave,anti_homophones
11768,1,0,0,10,5,-10.72006383624618,10.72006383624618,muZisitoRa,anti_homophones
11769,1,9,0,6,3,-5.051666272472954,5.051666272472954,bil°m@,anti_homophones
11770,1,0,0,11,5,-8.893324594819676,8.893324594819676,R°tonogRafi,anti_homophones
11771,1,0,0,8,4,-8.795472442053752,8.795472442053752,Raf9jEze,anti_homophones
11772,1,0,0,10,5,-6.134417682147466,6.134417682147466,5defikasj§,anti_homophones
11773,1,3,0,4,2,-5.519603499552208,5.519603499552208,beR2,anti_homophones
11774,1,2,0,5,2,-6.059601648107596,6.059601648107596,podEn,anti_homophones
11775,1,2,0,6,2,-6.78938236099582,6.78938236099582,Estasm,anti_homophones
11776,1,19,1,5,2,-4.289848059948842,4.289848059948842,delik,anti_homophones
11777,1,11,1,4,1,-5.008865302108825,5.008865302108825,bRis,anti_homophones
11778,1,0,0,11,4,-12.138490241528572,12.138490241528572,fRystafibRe,anti_homophones
11779,1,13,1,3,2,-4.632930082461683,4.632930082461683,ega,anti_homophones
11780,1,2,1,6,2,-4.671076178401859,4.671076178401859,tuRnwa,anti_homophones
11781,1,5,0,6,3,-4.839125291800589,4.839125291800589,monize,anti_homophones
11782,1,1,0,6,3,-6.063758700548,6.063758700548,aRtyRe,anti_homophones
11783,1,12,0,6,3,-4.5561053406989025,4.5561053406989025,vil°m@,anti_homophones
11784,1,0,0,10,5,-8.592229719680038,8.592229719680038,RekypeRale,anti_homophones
11785,1,0,0,10,4,-8.75508768180577,8.75508768180577,kuvERs@t9R,anti_homophones
11786,1,9,0,5,2,-5.156752868124614,5.156752868124614,l@t9R,anti_homophones
11787,1,5,1,7,3,-5.037087191241573,5.037087191241573,tRER°m@,anti_homophones
11788,1,2,0,8,3,-5.688366410647029,5.688366410647029,venetwaR,anti_homophones
11789,1,0,0,13,6,-12.173645132171675,12.173645132171675,subaRmemonomi,anti_homophones
11790,1,0,1,7,3,-5.988781683573564,5.988781683573564,nORgani,anti_homophones
11791,1,3,0,6,3,-5.315724027663731,5.315724027663731,abatif,anti_homophones
11792,1,25,0,3,1,-4.427147719196898,4.427147719196898,fEs,anti_homophones
11793,1,0,0,10,5,-8.188820956459875,8.188820956459875,5fatik°t9R,anti_homophones
11794,1,2,0,5,2,-5.384448228893144,5.384448228893144,pRevo,anti_homophones
11795,1,0,0,14,5,-11.595806615160406,11.595806615160406,plinometRyksj§,anti_homophones
11796,1,1,0,7,3,-7.447039757953273,7.447039757953273,ematS9p,anti_homophones
11797,1,0,0,6,3,-7.043837124871911,7.043837124871911,@kadj2,anti_homophones
11798,1,9,1,3,1,-4.502011581418173,4.502011581418173,glu,anti_homophones
11799,1,17,0,4,2,-4.436611423647712,4.436611423647712,koR@,anti_homophones
11800,1,9,0,5,2,-5.22411881103533,5.22411881103533,sikje,anti_homophones
11801,1,0,0,13,6,-8.778816457406492,8.778816457406492,5komynist@sje,anti_homophones
11802,1,5,0,6,3,-5.7117243636646,5.7117243636646,kautaZ,anti_homophones
11803,1,3,0,5,3,-5.164953857788969,5.164953857788969,otoR@,anti_homophones
11804,1,0,0,6,3,-7.192027597577673,7.192027597577673,kolERE,anti_homophones
11805,1,0,0,12,6,-9.105337750097302,9.105337750097302,Sik§feRik°m@,anti_homophones
11806,1,0,0,14,6,-13.931598560096068,13.931598560096068,idRagmom@bRute,anti_homophones
11807,1,2,0,5,3,-5.46669856252658,5.46669856252658,otoid,anti_homophones
11808,1,4,0,4,2,-7.118325089472598,7.118325089472598,g9je,anti_homophones
11809,1,1,0,6,3,-6.89553312599539,6.89553312599539,pasabi,anti_homophones
11810,1,0,1,6,3,-5.591636693249998,5.591636693249998,k§sEN@,anti_homophones
11811,1,0,0,14,6,-12.126570661010161,12.126570661010161,polER°mORtalje,anti_homophones
11812,1,1,0,6,3,-7.232008864449961,7.232008864449961,pasaze,anti_homophones
11813,1,0,0,9,4,-8.55644236745859,8.55644236745859,geRiZinik,anti_homophones
11814,1,0,0,13,5,-8.899120776436924,8.899120776436924,spORtodizasj§,anti_homophones
11815,1,0,0,11,4,-8.765631741454518,8.765631741454518,Ram2n8izabl,anti_homophones
11816,1,0,0,13,5,-11.163202931848113,11.163202931848113,dekRopRofEst§,anti_homophones
11817,1,0,0,6,2,-9.108371376224945,9.108371376224945,dun9vR,anti_homophones
11818,1,1,0,7,3,-6.126853507592318,6.126853507592318,m@dR°m@,anti_homophones
11819,1,6,0,5,2,-5.767184496895853,5.767184496895853,bifje,anti_homophones
11820,1,1,0,8,4,-6.487379092478443,6.487379092478443,5kROS°m@,anti_homophones
11821,1,32,1,2,2,-4.617550338814562,4.617550338814562,au,anti_homophones
11822,1,5,0,5,2,-5.173531669071616,5.173531669071616,pRek@,anti_homophones
11823,1,5,0,5,2,-5.366706287109601,5.366706287109601,Estin,anti_homophones
11824,1,1,0,5,2,-6.764434250548796,6.764434250548796,Sinin,anti_homophones
11825,1,1,0,7,2,-6.93961381936318,6.93961381936318,miRt8il,anti_homophones
11826,1,11,0,3,2,-4.704761449097212,4.704761449097212,day,anti_homophones
11827,1,2,1,5,2,-5.196078317480479,5.196078317480479,naRSe,anti_homophones
11828,1,1,0,5,2,-4.9554851321720275,4.9554851321720275,bufOk,anti_homophones
11829,1,1,0,4,2,-4.866799793253595,4.866799793253595,saib,anti_homophones
11830,1,0,0,11,4,-9.691958558160872,9.691958558160872,syRmElbysj§,anti_homophones
11831,1,3,0,4,3,-6.8363053071838635,6.8363053071838635,ene@,anti_homophones
11832,1,0,0,11,5,-9.288023707752274,9.288023707752274,sis@tibl°m@,anti_homophones
11833,1,2,0,5,3,-5.3152857699588,5.3152857699588,adyse,anti_homophones
11834,1,0,0,11,4,-8.348884531129558,8.348884531129558,afEkspozibl,anti_homophones
11835,1,1,0,9,4,-5.91495131843903,5.91495131843903,dRatik°m@,anti_homophones
11836,1,0,0,14,6,-10.712925250796204,10.712925250796204,abilizjonEkdEn,anti_homophones
11837,1,2,1,6,3,-4.791192240984859,4.791192240984859,kOk°te,anti_homophones
11838,1,0,0,11,5,-7.525708106585812,7.525708106585812,kaboRikasj§,anti_homophones
11839,1,2,0,6,2,-5.871585592321447,5.871585592321447,bERs9R,anti_homophones
11840,1,10,0,6,3,-4.441312426398557,4.441312426398557,fil°m@,anti_homophones
11841,1,1,0,7,3,-6.213743308586716,6.213743308586716,kavalj5,anti_homophones
11842,1,0,0,5,2,-5.390840895334421,5.390840895334421,SEdaR,anti_homophones
11843,1,0,0,6,3,-7.043109729947022,7.043109729947022,@RuliG,anti_homophones
11844,1,2,0,6,3,-6.166973184852668,6.166973184852668,idRij2,anti_homophones
11845,1,0,0,7,3,-6.592849967092499,6.592849967092499,pERkizi,anti_homophones
11846,1,0,0,7,3,-7.898378095404481,7.898378095404481,petalak,anti_homophones
11847,1,2,0,6,2,-6.49568906774329,6.49568906774329,Ristif,anti_homophones
11848,1,25,0,3,1,-4.462165041385141,4.462165041385141,miS,anti_homophones
11849,1,17,0,3,1,-4.8446694716049725,4.8446694716049725,sot,anti_homophones
11850,1,0,0,8,2,-8.46218552929444,8.46218552929444,fRostist,anti_homophones
11851,1,0,0,11,4,-8.71703471857058,8.71703471857058,deklavasabl,anti_homophones
11852,1,0,0,8,4,-8.62115903031501,8.62115903031501,RapaRino,anti_homophones
11853,1,0,0,12,6,-10.343421160077906,10.343421160077906,aRmOnikylote,anti_homophones
11854,1,0,0,11,5,-9.21663696064284,9.21663696064284,fyzin@pl°m@,anti_homophones
11855,1,4,0,5,2,-5.733611778829902,5.733611778829902,kijaR,anti_homophones
11856,1,2,0,8,4,-5.158620858635644,5.158620858635644,neoloZik,anti_homophones
11857,1,0,0,13,5,-11.229667729227547,11.229667729227547,tR@selizasjal,anti_homophones
11858,1,0,0,9,5,-10.627106026264716,10.627106026264716,boel@keRa,anti_homophones
11859,1,3,0,4,2,-5.37907142394921,5.37907142394921,@d5g,anti_homophones
11860,1,0,0,6,3,-6.40624228569104,6.40624228569104,dumani,anti_homophones
11861,1,0,0,7,3,-6.471444307249585,6.471444307249585,valitif,anti_homophones
11862,1,4,1,5,2,-4.647376450795602,4.647376450795602,Eksid,anti_homophones
11863,1,0,0,8,3,-8.641049823608334,8.641049823608334,fR@dolaZ,anti_homophones
11864,1,1,0,8,4,-6.536523903624078,6.536523903624078,lydik°m@,anti_homophones
11865,1,12,0,4,1,-4.733605036372515,4.733605036372515,k§bR,anti_homophones
11866,1,0,0,8,3,-7.570657676163849,7.570657676163849,fulwazER,anti_homophones
11867,1,0,0,14,6,-12.26682237023425,12.26682237023425,posekynjEn°t9R,anti_homophones
11868,1,0,0,8,4,-7.997865224552577,7.997865224552577,syRifike,anti_homophones
11869,1,0,0,7,3,-6.012419165573371,6.012419165573371,fly@sje,anti_homophones
11870,1,9,0,4,1,-5.604433955571977,5.604433955571977,tORm,anti_homophones
11871,1,7,0,4,2,-5.251742227885908,5.251742227885908,eman,anti_homophones
11872,1,2,0,6,2,-6.114936199726566,6.114936199726566,mafR9R,anti_homophones
11873,1,2,0,6,2,-5.535865418856144,5.535865418856144,depliR,anti_homophones
11874,1,0,0,8,4,-4.750740871565762,4.750740871565762,R°pozite,anti_homophones
11875,1,3,0,7,3,-5.681554022134096,5.681554022134096,kROk°m@,anti_homophones
11876,1,0,0,6,3,-6.346054093194673,6.346054093194673,5dift§,anti_homophones
11877,1,5,0,6,3,-5.372697859897199,5.372697859897199,efRize,anti_homophones
11878,1,0,1,7,3,-5.314206904266104,5.314206904266104,monotaZ,anti_homophones
11879,1,0,0,6,3,-5.667809367378088,5.667809367378088,am2tje,anti_homophones
11880,1,0,0,8,3,-9.322198470713671,9.322198470713671,ivwatRuf,anti_homophones
11881,1,1,0,6,2,-7.032202342632635,7.032202342632635,p@pt9R,anti_homophones
11882,1,0,1,6,2,-6.150421201191476,6.150421201191476,byRnaZ,anti_homophones
11883,1,0,0,9,3,-6.529540739550245,6.529540739550245,k§tR°k8iR,anti_homophones
11884,1,2,0,6,3,-6.138098911546448,6.138098911546448,moton@,anti_homophones
11885,1,2,0,6,2,-6.566516558061636,6.566516558061636,gastiS,anti_homophones
11886,1,0,0,13,6,-14.482487897585074,14.482487897585074,OstatilifeRap,anti_homophones
11887,1,1,0,5,2,-8.069124233168234,8.069124233168234,vElan,anti_homophones
11888,1,2,0,5,2,-5.373540155482091,5.373540155482091,k§vyR,anti_homophones
11889,1,3,0,4,2,-5.741048581477386,5.741048581477386,elos,anti_homophones
11890,1,13,1,5,2,-4.580191638547058,4.580191638547058,pERte,anti_homophones
11891,1,6,0,4,2,-5.1156206277317455,5.1156206277317455,m@d5,anti_homophones
11892,1,1,0,7,3,-6.535835503641555,6.535835503641555,tResipe,anti_homophones
11893,1,0,0,11,4,-12.019057369454949,12.019057369454949,tElERZimnip,anti_homophones
11894,1,0,0,7,3,-6.50595401151715,6.50595401151715,pRimala,anti_homophones
11895,1,0,0,10,5,-8.304200961211604,8.304200961211604,fofikalize,anti_homophones
11896,1,0,0,13,6,-10.94798193042083,10.94798193042083,debiSot@sjone,anti_homophones
11897,1,0,0,13,6,-10.619848342728691,10.619848342728691,libROS°nER°m@,anti_homophones
11898,1,0,1,8,3,-5.25344404010392,5.25344404010392,detEknik,anti_homophones
11899,1,12,0,4,1,-4.489844211979405,4.489844211979405,glEt,anti_homophones
11900,1,3,0,6,2,-5.297969077036677,5.297969077036677,kRipte,anti_homophones
11901,1,0,0,7,4,-6.8959713675317165,6.8959713675317165,inub°m@,anti_homophones
11902,1,16,0,5,2,-4.9403239872026665,4.9403239872026665,panaZ,anti_homophones
11903,1,7,0,4,2,-4.479916045013751,4.479916045013751,Rul@,anti_homophones
11904,1,0,0,9,3,-8.576183594120588,8.576183594120588,pERklamys,anti_homophones
11905,1,0,0,7,2,-6.432957442893261,6.432957442893261,m§stibl,anti_homophones
11906,1,3,0,5,2,-4.891315794666871,4.891315794666871,devwe,anti_homophones
11907,1,0,0,9,3,-7.54794185536629,7.54794185536629,Ekskolabl,anti_homophones
11908,1,0,0,7,3,-4.677543321689344,4.677543321689344,dem°zyR,anti_homophones
11909,1,8,1,5,2,-4.2665173024611995,4.2665173024611995,totaZ,anti_homophones
11910,1,9,1,4,2,-4.579737214412816,4.579737214412816,k°Ri,anti_homophones
11911,1,8,0,4,1,-4.868676643072098,4.868676643072098,kulp,anti_homophones
11912,1,10,0,4,2,-5.720163990961793,5.720163990961793,nide,anti_homophones
11913,1,0,0,10,5,-6.317965296680857,6.317965296680857,monomik°m@,anti_homophones
11914,1,3,1,5,2,-4.74707865799054,4.74707865799054,pRopo,anti_homophones
11915,1,5,0,5,3,-5.473059376022541,5.473059376022541,abete,anti_homophones
11916,1,1,0,6,3,-7.249906551401408,7.249906551401408,evolit,anti_homophones
11917,1,1,0,6,3,-5.350781053032591,5.350781053032591,dududu,anti_homophones
11918,1,0,0,8,3,-8.077011948622038,8.077011948622038,valdeRal,anti_homophones
11919,1,0,0,8,3,-6.618964910171675,6.618964910171675,aviktwaR,anti_homophones
11920,1,0,0,10,5,-5.822220594847657,5.822220594847657,5divizasj§,anti_homophones
11921,1,1,0,7,3,-7.382096085668113,7.382096085668113,R°komOn,anti_homophones
11922,1,2,0,6,3,-5.449053782690624,5.449053782690624,demin@,anti_homophones
11923,1,19,0,3,1,-4.238074239790875,4.238074239790875,gaS,anti_homophones
11924,1,0,0,6,3,-6.562331464839007,6.562331464839007,dokyRi,anti_homophones
11925,1,0,0,10,4,-8.20259872384584,8.20259872384584,RefERminaZ,anti_homophones
11926,1,3,0,6,3,-5.050426595715717,5.050426595715717,syR°Ri,anti_homophones
11927,1,0,0,11,5,-10.243217764054137,10.243217764054137,5komEskiziG,anti_homophones
11928,1,7,1,6,3,-4.530306693259216,4.530306693259216,Sap°m@,anti_homophones
11929,1,0,0,9,4,-8.645329420249645,8.645329420249645,@plaktyEl,anti_homophones
11930,1,6,1,6,3,-5.445972867330887,5.445972867330887,Rut°Ri,anti_homophones
11931,1,2,0,5,3,-6.687565660777267,6.687565660777267,ynisE,anti_homophones
11932,1,1,0,6,3,-5.843150461330444,5.843150461330444,nuRis@,anti_homophones
11933,1,0,0,8,4,-8.529211142575313,8.529211142575313,tiRamaj§,anti_homophones
11934,1,1,0,7,3,-8.325385997433335,8.325385997433335,kuRwato,anti_homophones
11935,1,6,0,5,2,-4.9894084435239225,4.9894084435239225,fRake,anti_homophones
11936,1,3,0,5,2,-5.8468908896207115,5.8468908896207115,k@bik,anti_homophones
11937,1,10,0,4,2,-4.814166172381689,4.814166172381689,tORa,anti_homophones
11938,1,0,0,9,4,-5.982619869831227,5.982619869831227,5ZenetwaR,anti_homophones
11939,1,6,1,5,2,-4.298964792541011,4.298964792541011,peizm,anti_homophones
11940,1,8,0,5,2,-5.192033145224753,5.192033145224753,molik,anti_homophones
11941,1,9,0,3,2,-6.5988958142280225,6.5988958142280225,uj2,anti_homophones
11942,1,3,0,5,1,-5.083428862303901,5.083428862303901,pl5dR,anti_homophones
11943,1,0,0,7,3,-6.662844598716923,6.662844598716923,s5balOm,anti_homophones
11944,1,0,0,9,4,-7.218371877240329,7.218371877240329,malfabySe,anti_homophones
11945,1,4,1,6,2,-5.0655218817469,5.0655218817469,k§tRik,anti_homophones
11946,1,4,0,5,2,-5.00756642704958,5.00756642704958,R°laS,anti_homophones
11947,1,10,0,5,2,-4.584629834658022,4.584629834658022,Rifje,anti_homophones
11948,1,0,1,8,3,-5.880526424820463,5.880526424820463,kaRatizm,anti_homophones
11949,1,3,0,5,2,-6.518690841760421,6.518690841760421,valab,anti_homophones
11950,1,1,0,9,3,-7.3638216234382625,7.3638216234382625,kaRditabl,anti_homophones
11951,1,0,0,10,4,-10.503396395951423,10.503396395951423,kRazimakis,anti_homophones
11952,1,2,0,5,2,-6.03713507227353,6.03713507227353,l@dEm,anti_homophones
11953,1,0,0,10,4,-7.1825885549207005,7.1825885549207005,piktibl°m@,anti_homophones
11954,1,0,0,11,4,-12.26725528906648,12.26725528906648,gR@dR°pikje,anti_homophones
11955,1,30,1,2,1,-4.567761932445681,4.567761932445681,se,anti_homophones
11956,1,0,0,9,4,-10.541903979736983,10.541903979736983,ZeRebet9R,anti_homophones
11957,1,1,0,5,2,-6.149825229323832,6.149825229323832,Savil,anti_homophones
11958,1,0,0,8,2,-7.211043821812664,7.211043821812664,pReflEgm,anti_homophones
11959,1,23,0,4,1,-3.948015985614089,3.948015985614089,pwaR,anti_homophones
11960,1,4,0,4,2,-5.302054905281451,5.302054905281451,Reb5,anti_homophones
11961,1,0,0,12,6,-9.908355784742179,9.908355784742179,kO5sibwaz°m@,anti_homophones
11962,1,0,0,9,4,-8.335080148281948,8.335080148281948,deRofit9R,anti_homophones
11963,1,0,0,8,3,-7.669856692119913,7.669856692119913,taRtujaR,anti_homophones
11964,1,0,0,8,3,-7.183080642693588,7.183080642693588,lokaRjal,anti_homophones
11965,1,1,0,7,3,-6.274293299949508,6.274293299949508,digRafi,anti_homophones
11966,1,0,0,6,1,-5.746651283974602,5.746651283974602,syRpR1,anti_homophones
11967,1,1,0,5,2,-5.672095196707401,5.672095196707401,abREt,anti_homophones
11968,1,0,0,15,6,-9.796946696634347,9.796946696634347,pRev@tRyktiv°m@,anti_homophones
11969,1,0,0,12,6,-12.406605216789993,12.406605216789993,ak§t@tomosaZ,anti_homophones
11970,1,0,0,6,3,-7.488086782181044,7.488086782181044,S@Zil@,anti_homophones
11971,1,10,2,4,1,-4.007475586357057,4.007475586357057,pROs,anti_homophones
11972,1,0,0,8,4,-7.346729169960887,7.346729169960887,dez@t@pe,anti_homophones
11973,1,0,0,9,5,-10.135435179154934,10.135435179154934,akleoRize,anti_homophones
11974,1,0,0,9,4,-8.881193723115187,8.881193723115187,5kapyRabl,anti_homophones
11975,1,0,0,10,5,-10.10559150817174,10.10559150817174,mEsab5zOat,anti_homophones
11976,1,2,1,5,2,-5.82924048351504,5.82924048351504,@blEm,anti_homophones
11977,1,6,0,5,2,-5.030327026559182,5.030327026559182,REj9R,anti_homophones
11978,1,0,0,12,5,-11.283217546527545,11.283217546527545,stalZebEk°n@,anti_homophones
11979,1,0,0,8,4,-8.468912485029486,8.468912485029486,anabylaZ,anti_homophones
11980,1,0,0,8,3,-6.6089770137371975,6.6089770137371975,R°planEl,anti_homophones
11981,1,2,0,7,3,-6.424459557451252,6.424459557451252,syRkyle,anti_homophones
11982,1,1,0,6,2,-6.343286151092964,6.343286151092964,S@buRZ,anti_homophones
11983,1,0,0,6,2,-6.711367311923524,6.711367311923524,fonitR,anti_homophones
11984,1,3,0,6,2,-4.462820102694787,4.462820102694787,pRofaZ,anti_homophones
11985,1,5,0,4,2,-5.228894157480829,5.228894157480829,pujo,anti_homophones
11986,1,4,0,5,2,-6.066261974346883,6.066261974346883,EktRi,anti_homophones
11987,1,2,1,5,2,-4.789798617723602,4.789798617723602,Sinwa,anti_homophones
11988,1,19,2,4,1,-4.128806197246155,4.128806197246155,tRin,anti_homophones
11989,1,1,1,7,3,-5.165843146991848,5.165843146991848,mjEl°m@,anti_homophones
11990,1,4,0,5,2,-5.575986078341633,5.575986078341633,pataS,anti_homophones
11991,1,1,0,8,3,-6.495411994488986,6.495411994488986,pepitabl,anti_homophones
11992,1,10,1,3,1,-4.641418672362811,4.641418672362811,soZ,anti_homophones
11993,1,0,0,7,3,-8.328927103434241,8.328927103434241,alamaRS,anti_homophones
11994,1,0,0,8,4,-6.548847482282091,6.548847482282091,senaliz@,anti_homophones
11995,1,0,0,9,4,-7.829965368770235,7.829965368770235,Ruskin°Ri,anti_homophones
11996,1,2,0,4,2,-5.356677313429365,5.356677313429365,Elze,anti_homophones
11997,1,16,1,6,3,-4.564754776751291,4.564754776751291,etasj§,anti_homophones
11998,1,0,0,10,4,-8.54172438428019,8.54172438428019,RibysteRal,anti_homophones
11999,1,0,0,9,4,-9.497584932189303,9.497584932189303,ekwat9Rni,anti_homophones
12000,1,16,1,4,2,-4.380580750945781,4.380580750945781,aRge,anti_homophones
12001,1,1,0,5,2,-6.3881710730332255,6.3881710730332255,kavij,anti_homophones
12002,1,0,0,6,3,-6.201146884476314,6.201146884476314,alv°ny,anti_homophones
12003,1,0,0,10,4,-8.275389097604897,8.275389097604897,degR5Silj§,anti_homophones
12004,1,0,0,11,4,-9.806134917210658,9.806134917210658,dekudRoglOt,anti_homophones
12005,1,1,0,7,3,-5.875953613841413,5.875953613841413,ipERd9R,anti_homophones
12006,1,0,0,8,4,-7.196599221669218,7.196599221669218,gOb°lute,anti_homophones
12007,1,0,0,8,3,-7.747966315838761,7.747966315838761,m§tRaliz,anti_homophones
12008,1,0,0,9,3,-8.48194196307497,8.48194196307497,fymEktist,anti_homophones
12009,1,0,0,9,4,-9.539945981473844,9.539945981473844,novalizal,anti_homophones
12010,1,0,0,12,5,-11.316117905475558,11.316117905475558,gRamagonikoz,anti_homophones
12011,1,9,1,5,2,-4.414230956666887,4.414230956666887,buRaZ,anti_homophones
12012,1,0,0,7,3,-7.340525852291393,7.340525852291393,Rul@tif,anti_homophones
12013,1,0,0,5,2,-7.341587560720886,7.341587560720886,asjan,anti_homophones
12014,1,1,0,7,3,-5.268478308118534,5.268478308118534,SaRZ°Ri,anti_homophones
12015,1,0,0,11,4,-9.204741663432285,9.204741663432285,pRynistoRje,anti_homophones
12016,1,0,0,9,4,-8.660889688095658,8.660889688095658,RepidivEl,anti_homophones
12017,1,0,0,8,4,-7.398309892624837,7.398309892624837,lobylase,anti_homophones
12018,1,7,0,5,2,-4.957635340778724,4.957635340778724,matje,anti_homophones
12019,1,15,1,4,2,-4.515582939525578,4.515582939525578,jeRe,anti_homophones
12020,1,0,0,10,5,-10.333695093001221,10.333695093001221,s5gaZ°n°vi,anti_homophones
12021,1,0,0,6,3,-6.773836018476426,6.773836018476426,paloni,anti_homophones
12022,1,0,0,7,3,-5.417476055460293,5.417476055460293,k§tRije,anti_homophones
12023,1,0,0,10,4,-9.00504281882514,9.00504281882514,sERvatRopi,anti_homophones
12024,1,0,0,10,5,-10.167829411861913,10.167829411861913,abZyRisOl@,anti_homophones
12025,1,0,0,11,5,-10.57398597256522,10.57398597256522,vopin@tasj§,anti_homophones
12026,1,2,0,6,3,-5.5382041678695915,5.5382041678695915,salySe,anti_homophones
12027,1,0,0,14,6,-13.206430995502963,13.206430995502963,vEstopeReminyR,anti_homophones
12028,1,8,0,5,2,-4.726372240537802,4.726372240537802,pRoid,anti_homophones
12029,1,0,0,14,6,-10.421901546898143,10.421901546898143,k§pROtetRik°m@,anti_homophones
12030,1,0,0,11,5,-12.382440870409264,12.382440870409264,dodyRsaloze,anti_homophones
12031,1,0,0,12,6,-10.86278201853851,10.86278201853851,RamaisinOZEn,anti_homophones
12032,1,0,0,13,5,-8.623482342081545,8.623482342081545,suskyltyRasj§,anti_homophones
12033,1,2,0,6,3,-5.270372531908445,5.270372531908445,5tERaj,anti_homophones
12034,1,0,0,10,3,-8.658490943854476,8.658490943854476,mORdjoRizm,anti_homophones
12035,1,0,1,5,2,-4.758292097459852,4.758292097459852,k5zEn,anti_homophones
12036,1,1,0,6,3,-5.192239267533456,5.192239267533456,inytRe,anti_homophones
12037,1,0,0,8,3,-7.417664734864061,7.417664734864061,deblEjEs,anti_homophones
12038,1,0,0,6,2,-7.572935836861575,7.572935836861575,psilOS,anti_homophones
12039,1,0,0,7,3,-7.450638611969341,7.450638611969341,mepRela,anti_homophones
12040,1,0,0,10,3,-10.54339073857432,10.54339073857432,vEkst8ijEl,anti_homophones
12041,1,0,0,8,4,-7.164633360669337,7.164633360669337,egRafiz@,anti_homophones
12042,1,0,0,6,3,-5.827645974154578,5.827645974154578,evid@s,anti_homophones
12043,1,0,0,7,2,-6.710338106045781,6.710338106045781,SatRibl,anti_homophones
12044,1,0,0,8,3,-7.5676369196407745,7.5676369196407745,pRelisid,anti_homophones
12045,1,10,1,5,2,-4.922052491230139,4.922052491230139,maizm,anti_homophones
12046,1,15,0,3,1,-4.149458978178053,4.149458978178053,bR2,anti_homophones
12047,1,13,1,5,2,-4.732926851261806,4.732926851261806,balaZ,anti_homophones
12048,1,0,0,6,3,-7.143899596192742,7.143899596192742,dilot@,anti_homophones
12049,1,0,0,6,2,-6.967797507868449,6.967797507868449,posjas,anti_homophones
12050,1,0,0,9,4,-10.148004881120839,10.148004881120839,fEstiZjau,anti_homophones
12051,1,4,0,7,3,-5.550066082706838,5.550066082706838,takylER,anti_homophones
12052,1,0,0,12,5,-12.0101990334589,12.0101990334589,altitiminEgR,anti_homophones
12053,1,4,0,6,2,-5.385099271518786,5.385099271518786,mORfiR,anti_homophones
12054,1,12,0,5,1,-4.180289037077597,4.180289037077597,fRizm,anti_homophones
12055,1,0,0,6,2,-6.993897345268976,6.993897345268976,vEltiv,anti_homophones
12056,1,4,0,6,3,-5.322140254523187,5.322140254523187,admin@,anti_homophones
12057,1,0,0,12,5,-10.995422884791441,10.995422884791441,pRofesezasj2,anti_homophones
12058,1,0,0,7,2,-6.072042386524258,6.072042386524258,kOmstER,anti_homophones
12059,1,0,0,12,6,-10.513735199006588,10.513735199006588,koez5kaRat9R,anti_homophones
12060,1,4,0,6,3,-5.699518222838778,5.699518222838778,§bRije,anti_homophones
12061,1,0,0,8,5,-10.050871730971673,10.050871730971673,inasike5,anti_homophones
12062,1,0,0,5,2,-5.98653278902157,5.98653278902157,kamys,anti_homophones
12063,1,2,0,4,2,-5.6145962776570455,5.6145962776570455,boid,anti_homophones
12064,1,5,1,6,2,-5.245199737688541,5.245199737688541,pRoz9R,anti_homophones
12065,1,0,0,6,3,-7.30026635137156,7.30026635137156,tak@t§,anti_homophones
12066,1,4,0,5,2,-5.222589982511997,5.222589982511997,bRijE,anti_homophones
12067,1,0,0,9,4,-12.690781240788054,12.690781240788054,ipsOl°t§b,anti_homophones
12068,1,0,0,10,4,-8.917579808925513,8.917579808925513,aRkizibisk,anti_homophones
12069,1,5,0,4,2,-6.252067938256032,6.252067938256032,al5t,anti_homophones
12070,1,1,0,6,3,-5.256023779455042,5.256023779455042,bEz°Ri,anti_homophones
12071,1,18,2,5,2,-3.646991678347404,3.646991678347404,aksj§,anti_homophones
12072,1,0,0,9,4,-9.3715317405758,9.3715317405758,ReZistodi,anti_homophones
12073,1,0,0,7,4,-7.118479214404489,7.118479214404489,emisim@,anti_homophones
12074,1,0,0,13,6,-11.349392249769718,11.349392249769718,gRasaboRilite,anti_homophones
12075,1,0,0,8,3,-6.875220973674776,6.875220973674776,degidabl,anti_homophones
12076,1,2,0,7,3,-6.58084307515828,6.58084307515828,betofOn,anti_homophones
12077,1,1,0,7,3,-6.266664274697704,6.266664274697704,faRsite,anti_homophones
12078,1,1,0,6,2,-5.607109881653391,5.607109881653391,idRist,anti_homophones
12079,1,1,0,6,3,-5.902316862918305,5.902316862918305,5vylse,anti_homophones
12080,1,0,0,10,4,-10.383492682707558,10.383492682707558,bodRilonal,anti_homophones
12081,1,1,0,7,2,-5.6509690689218814,5.6509690689218814,kwadR9R,anti_homophones
12082,1,1,0,6,2,-5.9562260033139,5.9562260033139,klavj§,anti_homophones
12083,1,1,0,7,2,-6.489557730095571,6.489557730095571,kRoskOt,anti_homophones
12084,1,8,0,4,1,-5.197536362671176,5.197536362671176,psis,anti_homophones
12085,1,5,1,5,2,-4.587752255259874,4.587752255259874,n8ite,anti_homophones
12086,1,0,0,13,6,-11.794357963174214,11.794357963174214,ekuRbiRmat°m@,anti_homophones
12087,1,11,0,4,2,-5.305414758395084,5.305414758395084,Raf5,anti_homophones
12088,1,17,1,4,2,-4.71782342425365,4.71782342425365,gaSe,anti_homophones
12089,1,5,0,4,1,-4.642950152047161,4.642950152047161,gudR,anti_homophones
12090,1,0,0,7,3,-7.658021949303961,7.658021949303961,mEstyme,anti_homophones
12091,1,0,0,7,4,-7.080594489064147,7.080594489064147,inokyl2,anti_homophones
12092,1,5,1,5,2,-4.683611880600987,4.683611880600987,glute,anti_homophones
12093,1,0,0,7,3,-6.319568060771547,6.319568060771547,kuv@sj§,anti_homophones
12094,1,0,0,6,2,-5.367592062291996,5.367592062291996,medibl,anti_homophones
12095,1,4,0,4,1,-5.082661739618651,5.082661739618651,kROf,anti_homophones
12096,1,0,0,8,3,-8.385838276240118,8.385838276240118,klapjeti,anti_homophones
12097,1,0,0,13,5,-10.385570814967634,10.385570814967634,dezobliZEstER,anti_homophones
12098,1,0,0,5,2,-5.062633215509877,5.062633215509877,uvR9j,anti_homophones
12099,1,0,0,7,2,-6.5886904643600905,6.5886904643600905,EkstROs,anti_homophones
12100,1,0,0,8,4,-8.487384184793717,8.487384184793717,l°sinase,anti_homophones
12101,1,4,0,6,3,-5.634816608456823,5.634816608456823,kolam@,anti_homophones
12102,1,0,0,7,3,-7.458966552504063,7.458966552504063,ibildj5,anti_homophones
12103,1,17,1,4,2,-4.239568152358679,4.239568152358679,maSi,anti_homophones
12104,1,0,0,7,3,-7.94699056553629,7.94699056553629,lagREf§,anti_homophones
12105,1,2,0,6,2,-5.727714557132813,5.727714557132813,syRl9R,anti_homophones
12106,1,0,0,5,2,-5.770406168164788,5.770406168164788,sul@Z,anti_homophones
12107,1,1,0,6,3,-5.936202273265179,5.936202273265179,k§ZyRa,anti_homophones
12108,1,6,0,5,3,-5.155397011293179,5.155397011293179,@buSe,anti_homophones
12109,1,13,0,4,2,-5.425420605294862,5.425420605294862,fil5,anti_homophones
12110,1,0,0,8,4,-9.149536967810667,9.149536967810667,gonikain,anti_homophones
12111,1,0,1,8,2,-4.699029900059664,4.699029900059664,stRykt9R,anti_homophones
12112,1,0,0,8,4,-9.817306361311337,9.817306361311337,eZaRgoto,anti_homophones
12113,1,0,0,9,4,-6.958291969909332,6.958291969909332,Egzaminje,anti_homophones
12114,1,6,0,5,2,-5.51703530843093,5.51703530843093,Repil,anti_homophones
12115,1,2,0,6,3,-5.991663297228078,5.991663297228078,R°leje,anti_homophones
12116,1,0,0,7,3,-7.7537007701767,7.7537007701767,fivERuj,anti_homophones
12117,1,0,0,8,3,-7.380177142770201,7.380177142770201,skjetize,anti_homophones
12118,1,8,0,4,2,-5.836881869295748,5.836881869295748,bisy,anti_homophones
12119,1,5,1,5,2,-4.7810032339158095,4.7810032339158095,fij9R,anti_homophones
12120,1,4,0,4,1,-5.271966748618038,5.271966748618038,pw5s,anti_homophones
12121,1,10,2,3,2,-4.0370299425999345,4.0370299425999345,5ky,anti_homophones
12122,1,29,1,3,1,-3.8347451969725346,3.8347451969725346,abl,anti_homophones
12123,1,9,1,5,2,-4.498450319738093,4.498450319738093,t8ite,anti_homophones
12124,1,0,0,10,4,-9.4792524864605,9.4792524864605,topedzujiR,anti_homophones
12125,1,0,0,13,5,-12.618486796840577,12.618486796840577,demelokROktyR,anti_homophones
12126,1,0,0,10,3,-9.164093634367472,9.164093634367472,disp@gl9Rn,anti_homophones
12127,1,1,0,5,2,-4.801140848169631,4.801140848169631,dez5g,anti_homophones
12128,1,1,0,6,2,-5.779483444566875,5.779483444566875,nazist,anti_homophones
12129,1,10,1,6,3,-4.681528992529904,4.681528992529904,kanize,anti_homophones
12130,1,2,0,4,2,-5.229878705290059,5.229878705290059,adOn,anti_homophones
12131,1,0,0,11,5,-10.5899450735532,10.5899450735532,aktifazilje,anti_homophones
12132,1,0,0,6,3,-7.937829685180307,7.937829685180307,RaS°l§,anti_homophones
12133,1,12,2,4,2,-4.088278870214874,4.088278870214874,asEt,anti_homophones
12134,1,1,0,6,2,-7.2584642776437915,7.2584642776437915,nyltim,anti_homophones
12135,1,0,1,7,3,-6.347576310312744,6.347576310312744,aRdon9R,anti_homophones
12136,1,12,0,5,1,-4.606351351724801,4.606351351724801,k8ist,anti_homophones
12137,1,0,0,8,3,-8.69349286588713,8.69349286588713,petRakRe,anti_homophones
12138,1,11,0,4,2,-4.863469419049379,4.863469419049379,Ravi,anti_homophones
12139,1,6,0,3,1,-4.908283235869054,4.908283235869054,§bl,anti_homophones
12140,1,8,0,4,1,-4.920737330775556,4.920737330775556,lEsk,anti_homophones
12141,1,15,0,4,1,-4.8982826860158175,4.8982826860158175,bRad,anti_homophones
12142,1,1,1,7,3,-5.566802964296121,5.566802964296121,ERbl2m@,anti_homophones
12143,1,2,1,7,3,-5.729784877535963,5.729784877535963,gaRs°m@,anti_homophones
12144,1,0,0,8,4,-6.439520060266327,6.439520060266327,5dybityd,anti_homophones
12145,1,8,0,5,2,-5.0329126020424315,5.0329126020424315,madER,anti_homophones
12146,1,0,0,10,4,-12.161709902732762,12.161709902732762,5pl@keRalZ,anti_homophones
12147,1,0,0,10,4,-8.157134177988592,8.157134177988592,denologRaf,anti_homophones
12148,1,0,0,7,4,-7.906799027903855,7.906799027903855,aZis@si,anti_homophones
12149,1,1,0,7,3,-4.7791771311282645,4.7791771311282645,ZuRn°m@,anti_homophones
12150,1,0,0,9,4,-9.5453202035692,9.5453202035692,kaRnabuso,anti_homophones
12151,1,0,0,12,5,-11.166760045890259,11.166760045890259,gR5gaZeneSaR,anti_homophones
12152,1,0,0,10,4,-12.919498230013808,12.919498230013808,epERboljal,anti_homophones
12153,1,0,0,7,4,-7.897679320839041,7.897679320839041,5pOliSE,anti_homophones
12154,1,0,0,11,3,-8.39115806939069,8.39115806939069,stRavERnabl,anti_homophones
12155,1,9,0,4,2,-4.810064344685206,4.810064344685206,modE,anti_homophones
12156,1,17,0,4,2,-5.046423773810526,5.046423773810526,miRe,anti_homophones
12157,1,15,0,4,2,-5.5630736333809905,5.5630736333809905,meRa,anti_homophones
12158,1,0,0,11,5,-7.485895848446967,7.485895848446967,deg§faloZik,anti_homophones
12159,1,0,0,9,4,-9.353482733207715,9.353482733207715,sykylER@t,anti_homophones
12160,1,3,1,4,1,-4.494655635656811,4.494655635656811,blOk,anti_homophones
12161,1,4,0,4,2,-4.6845704225023574,4.6845704225023574,sEN@,anti_homophones
12162,1,0,0,7,3,-5.9460910821229,5.9460910821229,syRvomi,anti_homophones
12163,1,0,0,10,5,-9.045870982338968,9.045870982338968,S°vitEl°m@,anti_homophones
12164,1,2,1,5,2,-4.433245719802768,4.433245719802768,m°zyR,anti_homophones
12165,1,0,0,7,2,-7.496346243513826,7.496346243513826,gRifERt,anti_homophones
12166,1,1,0,7,3,-4.96988458537323,4.96988458537323,k§fEsj§,anti_homophones
12167,1,0,0,11,5,-8.031630027754147,8.031630027754147,bj5f°z@t@dy,anti_homophones
12168,1,12,1,4,2,-4.793357947925664,4.793357947925664,aRka,anti_homophones
12169,1,0,0,9,4,-5.642735839455432,5.642735839455432,sypozisj§,anti_homophones
12170,1,11,0,5,2,-4.714365978201409,4.714365978201409,pRij§,anti_homophones
12171,1,0,0,12,5,-14.739716526304965,14.739716526304965,apatalpRozif,anti_homophones
12172,1,0,0,11,5,-10.156950783636578,10.156950783636578,gRegylasifi,anti_homophones
12173,1,2,0,6,2,-5.268303463908172,5.268303463908172,fORtik,anti_homophones
12174,1,2,0,5,3,-5.979809627035756,5.979809627035756,maane,anti_homophones
12175,1,1,0,5,2,-6.377393175703956,6.377393175703956,Estom,anti_homophones
12176,1,0,0,7,4,-8.183596441355318,8.183596441355318,oseativ,anti_homophones
12177,1,1,0,9,5,-5.9929911523638175,5.9929911523638175,imobilize,anti_homophones
12178,1,0,0,11,4,-7.399760172919218,7.399760172919218,elEkspEktOm,anti_homophones
12179,1,0,0,12,5,-10.331704224103415,10.331704224103415,finismikRom@,anti_homophones
12180,1,7,1,5,1,-4.55212938011285,4.55212938011285,pREsk,anti_homophones
12181,1,0,0,5,2,-4.953785228199654,4.953785228199654,b@dZo,anti_homophones
12182,1,1,0,6,3,-7.682637362267021,7.682637362267021,byRal2,anti_homophones
12183,1,1,0,7,3,-7.50392418569935,7.50392418569935,plodomi,anti_homophones
12184,1,3,0,6,3,-5.489947590934874,5.489947590934874,pap°ze,anti_homophones
12185,1,12,1,3,2,-4.950065644290274,4.950065644290274,@gi,anti_homophones
12186,1,1,0,7,2,-6.890672523542193,6.890672523542193,fuRnakl,anti_homophones
12187,1,0,0,12,5,-6.816421053725346,6.816421053725346,Ekspesjal°m@,anti_homophones
12188,1,0,0,10,4,-7.530226664146967,7.530226664146967,Rekysjon9R,anti_homophones
12189,1,0,0,6,2,-5.77798393470467,5.77798393470467,muft5g,anti_homophones
12190,1,7,0,4,1,-5.517207838932089,5.517207838932089,pR9R,anti_homophones
12191,1,0,0,10,4,-11.26357641885831,11.26357641885831,asbEsp§sis,anti_homophones
12192,1,14,1,4,1,-4.305646931740133,4.305646931740133,p@dR,anti_homophones
12193,1,0,0,10,4,-9.910217303641865,9.910217303641865,mataklyzif,anti_homophones
12194,1,3,0,5,2,-6.367092942598799,6.367092942598799,stina,anti_homophones
12195,1,0,0,16,6,-13.635532970420451,13.635532970420451,EpsiklospEktROmi,anti_homophones
12196,1,2,2,4,2,-4.3878866068175695,4.3878866068175695,iZj2,anti_homophones
12197,1,0,0,8,4,-10.228883662327862,10.228883662327862,R°memeti,anti_homophones
12198,1,9,0,4,1,-5.653261996298931,5.653261996298931,fibl,anti_homophones
12199,1,10,1,5,2,-4.462500123904363,4.462500123904363,kanal,anti_homophones
12200,1,0,0,7,2,-8.530153140883515,8.530153140883515,gaRgRip,anti_homophones
12201,1,0,0,8,3,-8.077959240467205,8.077959240467205,kOksesaZ,anti_homophones
12202,1,5,0,5,2,-5.449503782393999,5.449503782393999,glize,anti_homophones
12203,1,0,0,7,3,-7.4975634739252355,7.4975634739252355,k§tORkE,anti_homophones
12204,1,6,1,5,3,-4.929492739092268,4.929492739092268,abote,anti_homophones
12205,1,24,2,3,1,-4.762684423582947,4.762684423582947,gin,anti_homophones
12206,1,17,1,3,1,-4.820128759939282,4.820128759939282,biN,anti_homophones
12207,1,2,0,5,2,-4.975868939239324,4.975868939239324,RuZik,anti_homophones
12208,1,0,0,12,6,-13.08664090302069,13.08664090302069,ZeotopRonon5,anti_homophones
12209,1,3,0,5,3,-5.560149008678122,5.560149008678122,@f@t§,anti_homophones
12210,1,0,0,7,2,-5.386461147314038,5.386461147314038,flEktif,anti_homophones
12211,1,0,0,7,2,-5.774194510477021,5.774194510477021,viRZizm,anti_homophones
12212,1,0,0,7,3,-6.5992862731446715,6.5992862731446715,lokonEt,anti_homophones
12213,1,1,1,9,4,-5.195656120256266,5.195656120256266,monoloZik,anti_homophones
12214,1,11,0,4,2,-5.082422876265417,5.082422876265417,kaza,anti_homophones
12215,1,1,0,5,3,-7.9441487389013385,7.9441487389013385,ideEN,anti_homophones
12216,1,7,0,5,2,-5.0906621874522,5.0906621874522,ZakaZ,anti_homophones
12217,1,2,0,6,2,-5.022483584330735,5.022483584330735,muSwaR,anti_homophones
12218,1,1,0,6,2,-4.580034293497163,4.580034293497163,medjOm,anti_homophones
12219,1,1,0,6,3,-6.570360803774713,6.570360803774713,ebRiko,anti_homophones
12220,1,0,0,8,3,-7.04249441185822,7.04249441185822,komoptik,anti_homophones
12221,1,0,0,14,5,-14.610293605019171,14.610293605019171,makstylatENwaR,anti_homophones
12222,1,0,0,11,5,-8.647117933461502,8.647117933461502,OfsERv2z°m@,anti_homophones
12223,1,4,0,5,3,-5.988802766813361,5.988802766813361,5kope,anti_homophones
12224,1,0,0,12,5,-12.761378151164369,12.761378151164369,p5tetRopyste,anti_homophones
12225,1,0,0,6,3,-8.164210314632923,8.164210314632923,f§tElo,anti_homophones
12226,1,0,0,9,4,-7.067858562165761,7.067858562165761,f§danat9R,anti_homophones
12227,1,0,0,9,4,-6.906934043552774,6.906934043552774,Zenikat9R,anti_homophones
12228,1,0,0,10,4,-12.164224615535325,12.164224615535325,saks@sjami,anti_homophones
12229,1,0,0,9,5,-9.824335648624096,9.824335648624096,5kybikan5,anti_homophones
12230,1,3,0,6,3,-5.868150384782286,5.868150384782286,Z@boSe,anti_homophones
12231,1,0,0,8,3,-7.35243489904688,7.35243489904688,fEblisj5,anti_homophones
12232,1,7,0,5,2,-4.587278827457643,4.587278827457643,ORt9R,anti_homophones
12233,1,1,0,5,2,-6.238301697832649,6.238301697832649,kabas,anti_homophones
12234,1,7,0,3,1,-5.124217729688029,5.124217729688029,zuk,anti_homophones
12235,1,4,0,4,3,-5.35910495634145,5.35910495634145,edy5,anti_homophones
12236,1,0,0,10,5,-6.714762841267312,6.714762841267312,tepeizasj§,anti_homophones
12237,1,3,0,5,2,-5.054222520239754,5.054222520239754,vol8e,anti_homophones
12238,1,4,0,8,4,-6.225517696417945,6.225517696417945,deRilite,anti_homophones
12239,1,0,0,8,3,-6.36627081063272,6.36627081063272,Eksed8iR,anti_homophones
12240,1,0,0,5,2,-4.379621553146996,4.379621553146996,admiR,anti_homophones
12241,1,3,0,5,2,-5.387119996215128,5.387119996215128,pytal,anti_homophones
12242,1,0,0,9,3,-9.057690870753085,9.057690870753085,flaZERmiz,anti_homophones
12243,1,1,0,8,4,-5.99352359517753,5.99352359517753,Re@pl°m@,anti_homophones
12244,1,0,0,7,3,-7.1308051424300025,7.1308051424300025,sysofik,anti_homophones
12245,1,6,0,5,2,-5.184121074301501,5.184121074301501,dez@t,anti_homophones
12246,1,5,0,4,2,-5.0184756724440795,5.0184756724440795,jeRo,anti_homophones
12247,1,9,0,4,2,-5.554358876819465,5.554358876819465,vasi,anti_homophones
12248,1,0,0,7,3,-5.52137367441448,5.52137367441448,sybZyge,anti_homophones
12249,1,1,0,5,1,-5.954041677828682,5.954041677828682,dRajt,anti_homophones
12250,1,10,0,4,2,-5.233888505792546,5.233888505792546,@pOR,anti_homophones
12251,1,0,0,8,4,-6.983760164398019,6.983760164398019,k§v°nEZe,anti_homophones
12252,1,0,1,6,2,-5.708959840494641,5.708959840494641,pRuvaj,anti_homophones
12253,1,2,0,7,3,-6.90576359850015,6.90576359850015,klavaRo,anti_homophones
12254,1,3,0,5,2,-5.610673902960516,5.610673902960516,RyniR,anti_homophones
12255,1,0,0,16,6,-12.67709274090285,12.67709274090285,tRepRematRoloZik,anti_homophones
12256,1,10,0,3,1,-4.758189245971906,4.758189245971906,top,anti_homophones
12257,1,16,1,4,2,-4.306540960264915,4.306540960264915,ReZe,anti_homophones
12258,1,0,0,11,4,-9.542176703868948,9.542176703868948,tetRifisjal,anti_homophones
12259,1,1,0,8,3,-6.547721346858258,6.547721346858258,depEkt9R,anti_homophones
12260,1,0,0,9,3,-8.351222854747451,8.351222854747451,tR@svERpe,anti_homophones
12261,1,0,0,13,5,-10.585422183887124,10.585422183887124,aRibdEnsjasj§,anti_homophones
12262,1,10,1,6,3,-4.774519452658332,4.774519452658332,felite,anti_homophones
12263,1,0,0,8,4,-9.02958103817566,9.02958103817566,kavaisaZ,anti_homophones
12264,1,4,0,4,2,-4.568250940376113,4.568250940376113,Sofe,anti_homophones
12265,1,22,0,2,1,-4.574865243205371,4.574865243205371,ge,anti_homophones
12266,1,1,0,6,3,-6.179444446868957,6.179444446868957,fileZi,anti_homophones
12267,1,1,0,5,3,-5.798495759478402,5.798495759478402,alon2,anti_homophones
12268,1,3,1,7,4,-4.750069615316156,4.750069615316156,ReEl°m@,anti_homophones
12269,1,0,0,12,6,-10.468403479977859,10.468403479977859,elEktilOzOid,anti_homophones
12270,1,0,0,11,5,-9.875406947860132,9.875406947860132,sybv@tymyle,anti_homophones
12271,1,8,0,6,2,-4.73832052425051,4.73832052425051,maRizm,anti_homophones
12272,1,5,0,6,3,-5.1310958360140635,5.1310958360140635,syRize,anti_homophones
12273,1,0,0,8,4,-8.36703501292185,8.36703501292185,safERoZe,anti_homophones
12274,1,0,0,6,3,-5.668338667567099,5.668338667567099,R°pasi,anti_homophones
12275,1,10,1,4,2,-4.905385345128504,4.905385345128504,alEz,anti_homophones
12276,1,4,0,5,3,-6.131474441961429,6.131474441961429,5tyRi,anti_homophones
12277,1,3,0,5,2,-5.907524844753665,5.907524844753665,adjOm,anti_homophones
12278,1,5,0,5,2,-5.216028319226491,5.216028319226491,@bist,anti_homophones
12279,1,0,0,6,2,-5.888095418524178,5.888095418524178,sORtEl,anti_homophones
12280,1,0,0,9,4,-9.24654968209629,9.24654968209629,etaRjalif,anti_homophones
12281,1,0,0,8,4,-10.16293798000541,10.16293798000541,alavaREs,anti_homophones
12282,1,1,0,8,4,-5.966908803856878,5.966908803856878,kapOt°Ri,anti_homophones
12283,1,13,1,6,3,-4.567356401755482,4.567356401755482,dik°m@,anti_homophones
12284,1,0,0,7,3,-7.128579409099596,7.128579409099596,ZydamwE,anti_homophones
12285,1,0,0,7,3,-7.235574922607779,7.235574922607779,dekosij,anti_homophones
12286,1,0,0,9,4,-5.865249864800198,5.865249864800198,k§feRasj§,anti_homophones
12287,1,0,0,6,3,-6.132870045135086,6.132870045135086,teoRER,anti_homophones
12288,1,12,0,4,1,-4.809264245143296,4.809264245143296,paRN,anti_homophones
12289,1,1,0,6,2,-9.190298581639125,9.190298581639125,ktRomi,anti_homophones
12290,1,0,0,9,4,-8.770394581252157,8.770394581252157,ogysteRaZ,anti_homophones
12291,1,2,0,7,3,-6.941789639423318,6.941789639423318,kamutaZ,anti_homophones
12292,1,3,2,5,2,-4.728509198772234,4.728509198772234,titys,anti_homophones
12293,1,0,0,12,5,-10.390890815568232,10.390890815568232,man9vREstij@,anti_homophones
12294,1,22,1,3,1,-4.191362808274304,4.191362808274304,gRE,anti_homophones
12295,1,0,0,11,4,-8.717216969384292,8.717216969384292,sybv@sjeRal,anti_homophones
12296,1,0,0,7,3,-8.529943293753519,8.529943293753519,ulaRitm,anti_homophones
12297,1,0,0,8,3,-7.613467017313346,7.613467017313346,pistilit,anti_homophones
12298,1,7,1,6,3,-4.76507576102244,4.76507576102244,ematik,anti_homophones
12299,1,2,0,5,1,-6.428930384392704,6.428930384392704,kRypl,anti_homophones
12300,1,0,0,11,5,-11.862295559367288,11.862295559367288,baRk°tiledi,anti_homophones
12301,1,2,0,7,3,-5.0233756669569685,5.0233756669569685,Ekspoze,anti_homophones
12302,1,0,0,11,5,-10.323305746366414,10.323305746366414,asypERfasaZ,anti_homophones
12303,1,1,0,7,2,-6.746582101099503,6.746582101099503,nwazjEm,anti_homophones
12304,1,2,0,8,4,-7.679691907351309,7.679691907351309,aRs2z°m@,anti_homophones
12305,1,9,0,4,1,-5.119101117729633,5.119101117729633,bRum,anti_homophones
12306,1,11,0,6,3,-4.659786008198023,4.659786008198023,abl°m@,anti_homophones
12307,1,0,0,10,4,-7.87458038975101,7.87458038975101,k§sjalist@,anti_homophones
12308,1,2,0,5,1,-6.03857290274801,6.03857290274801,skalk,anti_homophones
12309,1,7,0,6,2,-5.0451843914544705,5.0451843914544705,taktif,anti_homophones
12310,1,0,0,9,4,-8.871911118016044,8.871911118016044,egRegyRZi,anti_homophones
12311,1,1,1,6,2,-5.619058558631331,5.619058558631331,kRetal,anti_homophones
12312,1,1,0,7,3,-6.58784952870882,6.58784952870882,pRopiz@,anti_homophones
12313,1,12,0,4,1,-4.137444884998924,4.137444884998924,pROt,anti_homophones
12314,1,0,0,6,3,-6.9859220898921865,6.9859220898921865,Zypile,anti_homophones
12315,1,0,0,9,4,-8.265331876292985,8.265331876292985,sosjalisa,anti_homophones
12316,1,6,0,4,1,-4.846755192629528,4.846755192629528,tEks,anti_homophones
12317,1,2,1,7,2,-4.624045023483052,4.624045023483052,buRZwaR,anti_homophones
12318,1,7,1,5,2,-4.716972563898727,4.716972563898727,solOg,anti_homophones
12319,1,4,0,6,3,-4.595562598524738,4.595562598524738,dez@te,anti_homophones
12320,1,0,0,8,4,-7.959438535507041,7.959438535507041,dolan°m@,anti_homophones
12321,1,4,0,5,2,-5.228869659392905,5.228869659392905,vwaz§,anti_homophones
12322,1,13,1,2,1,-4.599622403193017,4.599622403193017,z5,anti_homophones
12323,1,8,0,5,2,-4.915651211029994,4.915651211029994,sERti,anti_homophones
12324,1,11,0,5,2,-4.680133662623187,4.680133662623187,peRal,anti_homophones
12325,1,1,0,7,3,-5.781598970881029,5.781598970881029,koloZEn,anti_homophones
12326,1,0,0,9,4,-5.788194580651753,5.788194580651753,pORtEl°m@,anti_homophones
12327,1,22,1,3,1,-4.610487978956778,4.610487978956778,big,anti_homophones
12328,1,0,0,14,6,-12.559294312327333,12.559294312327333,kuvRijosEl@tif,anti_homophones
12329,1,8,2,4,1,-4.629058043825735,4.629058043825735,kROk,anti_homophones
12330,1,13,1,4,2,-4.786621417669498,4.786621417669498,k§ke,anti_homophones
12331,1,4,1,5,2,-4.901397060350365,4.901397060350365,Egzam,anti_homophones
12332,1,0,0,11,6,-9.815159733961114,9.815159733961114,ekOdabylite,anti_homophones
12333,1,0,0,7,2,-6.001239957972819,6.001239957972819,aRdjabl,anti_homophones
12334,1,9,1,5,2,-4.780674987020484,4.780674987020484,vap9R,anti_homophones
12335,1,5,0,5,2,-5.515642754967145,5.515642754967145,navaR,anti_homophones
12336,1,10,0,4,1,-5.094826798144147,5.094826798144147,glyR,anti_homophones
12337,1,0,0,8,3,-6.478671179661314,6.478671179661314,defEktaz,anti_homophones
12338,1,0,0,10,4,-7.892212980584942,7.892212980584942,pRedoman9R,anti_homophones
12339,1,0,0,12,5,-9.570758872407062,9.570758872407062,5tResERvEj9R,anti_homophones
12340,1,0,0,10,4,-11.203583287695528,11.203583287695528,RatORisbiR,anti_homophones
12341,1,37,2,3,2,-3.9412090024014628,3.9412090024014628,asi,anti_homophones
12342,1,0,0,9,4,-8.044853016150077,8.044853016150077,pitalizas,anti_homophones
12343,1,1,0,7,4,-5.863896219727765,5.863896219727765,Re5vEj@,anti_homophones
12344,1,0,0,10,4,-8.633610450840584,8.633610450840584,penitRijEt,anti_homophones
12345,1,0,0,11,4,-10.069309345000516,10.069309345000516,syplinomiks,anti_homophones
12346,1,3,0,7,3,-5.653669010716234,5.653669010716234,volytje,anti_homophones
12347,1,2,1,5,2,-4.880331178836766,4.880331178836766,eljOm,anti_homophones
12348,1,0,0,8,3,-7.502266852470336,7.502266852470336,5tRoplan,anti_homophones
12349,1,4,0,4,2,-5.483068318686321,5.483068318686321,lego,anti_homophones
12350,1,2,0,6,2,-5.351936298147342,5.351936298147342,filjOm,anti_homophones
12351,1,14,1,4,2,-4.836311030904167,4.836311030904167,Riv@,anti_homophones
12352,1,0,0,7,3,-6.459519226119738,6.459519226119738,ReynjEl,anti_homophones
12353,1,9,0,3,1,-4.360393863867097,4.360393863867097,l§Z,anti_homophones
12354,1,11,2,4,2,-3.9997648616509274,3.9997648616509274,Eksi,anti_homophones
12355,1,2,0,6,3,-6.362628268559112,6.362628268559112,@baRbE,anti_homophones
12356,1,16,0,4,2,-5.353947713233942,5.353947713233942,alEs,anti_homophones
12357,1,0,0,8,4,-8.864942144773616,8.864942144773616,pilobepi,anti_homophones
12358,1,2,0,6,2,-6.570583214959097,6.570583214959097,divORt,anti_homophones
12359,1,0,0,9,5,-7.682824178138484,7.682824178138484,5deliZam5,anti_homophones
12360,1,2,0,6,2,-5.797086605105808,5.797086605105808,devwaz,anti_homophones
12361,1,15,0,4,1,-4.944907867216055,4.944907867216055,fREl,anti_homophones
12362,1,0,0,14,6,-14.212174044884616,14.212174044884616,aZutRaviskRime,anti_homophones
12363,1,2,0,7,3,-6.588696600689471,6.588696600689471,bekosj§,anti_homophones
12364,1,0,0,11,5,-10.133909231829595,10.133909231829595,piZotelepid,anti_homophones
12365,1,25,0,3,1,-5.039896035485617,5.039896035485617,sas,anti_homophones
12366,1,1,0,4,2,-5.452401089466383,5.452401089466383,ajli,anti_homophones
12367,1,0,0,9,3,-8.857798875223917,8.857798875223917,djadERnik,anti_homophones
12368,1,0,0,15,6,-13.590414832487268,13.590414832487268,gaspistomaNetiR,anti_homophones
12369,1,0,0,10,4,-12.490739842209548,12.490739842209548,R@tjamiduj,anti_homophones
12370,1,0,0,11,4,-8.468076349552506,8.468076349552506,abdyksjon@s,anti_homophones
12371,1,0,0,6,2,-7.094260776826487,7.094260776826487,fRekit,anti_homophones
12372,1,2,1,5,2,-5.389095761575558,5.389095761575558,b9RaZ,anti_homophones
12373,1,0,0,9,3,-7.316704801955021,7.316704801955021,suRdonist,anti_homophones
12374,1,0,0,6,3,-6.712035424386183,6.712035424386183,sav°t§,anti_homophones
12375,1,0,0,8,4,-8.40502235277327,8.40502235277327,ekRep§so,anti_homophones
12376,1,0,0,10,5,-8.801426044095239,8.801426044095239,defekypide,anti_homophones
12377,1,2,1,5,2,-4.8327340021198415,4.8327340021198415,SukEt,anti_homophones
12378,1,0,0,9,3,-8.527921452667176,8.527921452667176,kuvERtROm,anti_homophones
12379,1,0,0,5,2,-4.686963455828513,4.686963455828513,d8ode,anti_homophones
12380,1,1,0,5,2,-5.443125612122601,5.443125612122601,sysif,anti_homophones
12381,1,17,0,6,3,-4.818211796364674,4.818211796364674,tik°m@,anti_homophones
12382,1,0,0,10,3,-7.013781772411785,7.013781772411785,dZazmanizm,anti_homophones
12383,1,2,0,5,2,-6.322830727634847,6.322830727634847,koRab,anti_homophones
12384,1,10,0,5,2,-5.856044305026434,5.856044305026434,menje,anti_homophones
12385,1,0,0,10,4,-7.054330551466115,7.054330551466115,plistik°m@,anti_homophones
12386,1,2,0,6,3,-5.13647804610253,5.13647804610253,volyte,anti_homophones
12387,1,0,0,5,2,-5.598748140024215,5.598748140024215,alfEZ,anti_homophones
12388,1,1,0,5,2,-6.707261262748597,6.707261262748597,gRez@,anti_homophones
12389,1,0,0,10,4,-7.716138507848261,7.716138507848261,paRavERnEl,anti_homophones
12390,1,0,0,7,3,-6.8973926162323,6.8973926162323,pERkada,anti_homophones
12391,1,5,1,6,2,-5.298845362717561,5.298845362717561,pRotyR,anti_homophones
12392,1,0,0,9,4,-8.912875356483024,8.912875356483024,id@tERl8e,anti_homophones
12393,1,0,0,16,6,-18.711932265014873,18.711932265014873,vOlystas5tR@skil,anti_homophones
12394,1,6,0,4,2,-4.8785225360415865,4.8785225360415865,golE,anti_homophones
12395,1,0,0,6,3,-6.47612134246572,6.47612134246572,§dykal,anti_homophones
12396,1,0,0,6,3,-5.888763999773381,5.888763999773381,Zuv@te,anti_homophones
12397,1,1,0,5,2,-5.871268476257209,5.871268476257209,diloz,anti_homophones
12398,1,0,0,7,3,-5.419038248319289,5.419038248319289,pozitik,anti_homophones
12399,1,0,0,6,3,-7.771403345508889,7.771403345508889,R°koz@,anti_homophones
12400,1,0,0,9,4,-7.747992778437952,7.747992778437952,Re5st@sif,anti_homophones
12401,1,0,0,8,4,-8.44703749311384,8.44703749311384,neolikOl,anti_homophones
12402,1,0,0,8,4,-6.122960580719207,6.122960580719207,Retikyle,anti_homophones
12403,1,0,0,12,5,-12.575830292360397,12.575830292360397,dev@tRip°naR,anti_homophones
12404,1,13,0,5,2,-5.360814178590254,5.360814178590254,matEl,anti_homophones
12405,1,4,0,5,2,-5.1631473299242225,5.1631473299242225,dif9R,anti_homophones
12406,1,19,0,3,1,-4.64536160655644,4.64536160655644,piv,anti_homophones
12407,1,16,2,3,1,-4.267956252117744,4.267956252117744,s@t,anti_homophones
12408,1,0,0,7,3,-5.924994700474664,5.924994700474664,bR@l°Ri,anti_homophones
12409,1,23,0,4,1,-4.492211586893539,4.492211586893539,tRak,anti_homophones
12410,1,0,0,12,5,-8.43502796053992,8.43502796053992,bERsonabl°m@,anti_homophones
12411,1,0,0,6,3,-5.613026449080756,5.613026449080756,koeROl,anti_homophones
12412,1,0,0,10,4,-9.116185662610402,9.116185662610402,tetRiptoko,anti_homophones
12413,1,8,1,5,3,-5.396317138874539,5.396317138874539,adeRe,anti_homophones
12414,1,5,0,6,2,-5.089387780034151,5.089387780034151,totabl,anti_homophones
12415,1,0,0,9,4,-9.129069350602133,9.129069350602133,Revidyst@,anti_homophones
12416,1,7,0,5,2,-4.7005843502574365,4.7005843502574365,geRik,anti_homophones
12417,1,0,0,10,4,-9.084466738963384,9.084466738963384,debilistR5,anti_homophones
12418,1,8,0,3,1,-4.649411909884727,4.649411909884727,Rwe,anti_homophones
12419,1,5,0,4,2,-5.124767354158992,5.124767354158992,idoz,anti_homophones
12420,1,0,0,10,4,-8.339269583557108,8.339269583557108,S°valatwaR,anti_homophones
12421,1,0,0,9,4,-10.153257499789698,10.153257499789698,sypiskaRe,anti_homophones
12422,1,0,0,8,3,-9.9508516723247,9.9508516723247,nublatSe,anti_homophones
12423,1,9,0,4,2,-4.644970087791334,4.644970087791334,suke,anti_homophones
12424,1,0,0,9,4,-9.219040991287207,9.219040991287207,momERlyde,anti_homophones
12425,1,12,1,3,2,-4.580608364954569,4.580608364954569,okE,anti_homophones
12426,1,0,0,9,3,-7.45888403829472,7.45888403829472,tuRm@sibl,anti_homophones
12427,1,32,1,4,2,-4.160955295338229,4.160955295338229,atik,anti_homophones
12428,1,8,1,4,2,-5.121717173335911,5.121717173335911,myti,anti_homophones
12429,1,0,0,9,4,-6.7633773065946174,6.7633773065946174,edyksesj§,anti_homophones
12430,1,23,1,2,1,-4.5686151465250875,4.5686151465250875,pu,anti_homophones
12431,1,0,0,10,5,-8.89369997741883,8.89369997741883,@f§s°l8idi,anti_homophones
12432,1,0,0,6,3,-6.03239270501878,6.03239270501878,kaR°lE,anti_homophones
12433,1,3,1,4,2,-4.736042888127198,4.736042888127198,guZ§,anti_homophones
12434,1,0,0,6,2,-7.303245847041871,7.303245847041871,simERk,anti_homophones
12435,1,0,0,7,3,-8.0380670515412,8.0380670515412,aREstiZ,anti_homophones
12436,1,6,0,4,2,-5.075519162740149,5.075519162740149,iRil,anti_homophones
12437,1,0,0,6,2,-7.670844454468638,7.670844454468638,indORs,anti_homophones
12438,1,0,0,7,3,-7.17869414786685,7.17869414786685,syRpylo,anti_homophones
12439,1,0,0,6,2,-5.51320872056089,5.51320872056089,dekRom,anti_homophones
12440,1,0,0,8,4,-9.95325672926189,9.95325672926189,5tRimot2,anti_homophones
12441,1,1,0,7,3,-6.761574331727305,6.761574331727305,Rukulis,anti_homophones
12442,1,2,0,5,3,-5.553608949112182,5.553608949112182,asEto,anti_homophones
12443,1,0,0,17,6,-19.373499630184632,19.373499630184632,pOpstafaRsiRadiks,anti_homophones
12444,1,0,0,11,5,-10.609594996647616,10.609594996647616,f§deRaZyste,anti_homophones
12445,1,0,0,10,5,-11.520908121017259,11.520908121017259,fatataRag§,anti_homophones
12446,1,0,0,6,2,-7.2931969325035455,7.2931969325035455,tRozad,anti_homophones
12447,1,1,0,8,3,-5.478803718784457,5.478803718784457,paRakt9R,anti_homophones
12448,1,18,1,4,2,-4.308081891054703,4.308081891054703,pave,anti_homophones
12449,1,6,0,6,3,-4.850889671602349,4.850889671602349,tOlOZi,anti_homophones
12450,1,0,0,12,5,-10.487640926977996,10.487640926977996,bRak°t@dRije,anti_homophones
12451,1,4,0,5,2,-5.539707080476062,5.539707080476062,wilEn,anti_homophones
12452,1,3,0,5,2,-6.789860217886571,6.789860217886571,losEt,anti_homophones
12453,1,17,0,3,1,-3.9878635697967733,3.9878635697967733,dja,anti_homophones
12454,1,0,0,10,3,-9.17161644619411,9.17161644619411,pOstRovibl,anti_homophones
12455,1,3,1,5,2,-4.831870962948603,4.831870962948603,ZajiR,anti_homophones
12456,1,0,0,10,5,-10.00837831925709,10.00837831925709,R°dutaRozo,anti_homophones
12457,1,0,0,6,3,-6.4184278463246995,6.4184278463246995,kutEz§,anti_homophones
12458,1,0,0,6,3,-6.872633310180995,6.872633310180995,akinto,anti_homophones
12459,1,0,0,15,6,-15.33661136336346,15.33661136336346,fisiplinamnEn9R,anti_homophones
12460,1,13,0,4,1,-5.892731781565624,5.892731781565624,galt,anti_homophones
12461,1,13,1,3,1,-4.73428591528416,4.73428591528416,nOb,anti_homophones
12462,1,3,0,7,2,-4.978032849647029,4.978032849647029,pResibl,anti_homophones
12463,1,0,0,9,3,-7.130364291808832,7.130364291808832,syRpRud9R,anti_homophones
12464,1,7,1,5,2,-5.46411489677523,5.46411489677523,pRoik,anti_homophones
12465,1,0,0,5,2,-6.092847011262094,6.092847011262094,p5saR,anti_homophones
12466,1,0,0,9,4,-7.33666805976147,7.33666805976147,konoRifje,anti_homophones
12467,1,0,0,6,3,-5.932821680055142,5.932821680055142,labot5,anti_homophones
12468,1,0,0,10,4,-9.00187136735539,9.00187136735539,pERfoRaZEn,anti_homophones
12469,1,0,0,7,3,-7.8562799355276205,7.8562799355276205,vetonwa,anti_homophones
12470,1,0,0,13,5,-11.548408958568668,11.548408958568668,RavERsyfizjOm,anti_homophones
12471,1,5,0,5,2,-5.77727668634797,5.77727668634797,R°taS,anti_homophones
12472,1,0,0,9,4,-7.526759127821293,7.526759127821293,gRibujone,anti_homophones
12473,1,0,0,8,3,-6.557441115849801,6.557441115849801,pRofitif,anti_homophones
12474,1,0,0,7,3,-7.109908256970177,7.109908256970177,somenER,anti_homophones
12475,1,0,0,8,3,-7.894059508327852,7.894059508327852,RevERvEj,anti_homophones
12476,1,0,0,11,5,-8.090579210326647,8.090579210326647,vERsikolite,anti_homophones
12477,1,5,0,5,2,-5.183590827101257,5.183590827101257,benil,anti_homophones
12478,1,0,0,13,6,-14.05716445231597,14.05716445231597,sitalafodefit,anti_homophones
12479,1,10,1,4,2,-4.488361613852504,4.488361613852504,Zyde,anti_homophones
12480,1,6,1,4,2,-5.056004220397234,5.056004220397234,magu,anti_homophones
12481,1,0,0,7,3,-5.3687729436184055,5.3687729436184055,R°k9jEt,anti_homophones
12482,1,0,0,8,3,-7.993220162937237,7.993220162937237,fRiZonal,anti_homophones
12483,1,2,0,6,2,-6.696428188914364,6.696428188914364,plist5,anti_homophones
12484,1,14,1,4,2,-4.883210063241089,4.883210063241089,iREt,anti_homophones
12485,1,0,0,10,4,-9.774715751324623,9.774715751324623,deskwativ@,anti_homophones
12486,1,1,0,4,2,-5.903949800586697,5.903949800586697,Z@bi,anti_homophones
12487,1,13,0,4,1,-4.9851624969828645,4.9851624969828645,pERd,anti_homophones
12488,1,0,0,14,6,-12.508838062064758,12.508838062064758,difyRjoRifyR9R,anti_homophones
12489,1,0,0,7,4,-7.750650969263983,7.750650969263983,2Roleje,anti_homophones
12490,1,0,0,16,6,-14.232001256403716,14.232001256403716,pRofystRadiskoni,anti_homophones
12491,1,1,0,6,3,-5.535004166537061,5.535004166537061,komEt@,anti_homophones
12492,1,0,0,16,6,-11.680348832384498,11.680348832384498,tetRistipRizasj§,anti_homophones
12493,1,0,0,9,4,-7.849581941984196,7.849581941984196,@bRikasaZ,anti_homophones
12494,1,10,1,7,3,-4.86792080439171,4.86792080439171,koRasj§,anti_homophones
12495,1,2,0,5,1,-7.213782995248457,7.213782995248457,kR5gl,anti_homophones
12496,1,3,0,5,2,-5.644663953864066,5.644663953864066,salto,anti_homophones
12497,1,0,0,11,5,-8.306902302538653,8.306902302538653,vjoloZinase,anti_homophones
12498,1,21,1,2,1,-4.576014710228993,4.576014710228993,p2,anti_homophones
12499,1,4,0,5,2,-5.19574280614511,5.19574280614511,fosEt,anti_homophones
12500,1,0,0,6,2,-6.489211326680639,6.489211326680639,totOpl,anti_homophones
12501,1,20,0,3,1,-4.5157904173141326,4.5157904173141326,klE,anti_homophones
12502,1,15,1,4,2,-4.724985641731332,4.724985641731332,Roke,anti_homophones
12503,1,0,0,5,2,-5.357872594333456,5.357872594333456,buNuf,anti_homophones
12504,1,4,0,6,3,-5.540476647961555,5.540476647961555,debale,anti_homophones
12505,1,0,0,15,5,-11.342871944447765,11.342871944447765,tR@spORs°lonabl,anti_homophones
12506,1,14,1,6,2,-4.567171477885029,4.567171477885029,saksj§,anti_homophones
12507,1,0,0,7,3,-7.360747413228571,7.360747413228571,polatis,anti_homophones
12508,1,0,0,11,5,-10.12706832759273,10.12706832759273,R°lotRid°m@,anti_homophones
12509,1,0,0,9,4,-8.850979504528025,8.850979504528025,5tRemajaZ,anti_homophones
12510,1,0,0,9,3,-7.954722308851501,7.954722308851501,f§d°mw5dR,anti_homophones
12511,1,2,0,6,3,-6.224454588369122,6.224454588369122,evizjo,anti_homophones
12512,1,0,0,14,6,-14.25204861168234,14.25204861168234,detalastolOgRE,anti_homophones
12513,1,0,0,11,5,-7.548005396299191,7.548005396299191,vibRijEl°m@,anti_homophones
12514,1,0,0,9,4,-9.004726317238667,9.004726317238667,pat§bonje,anti_homophones
12515,1,0,0,8,4,-7.336914312179598,7.336914312179598,symeRiz@,anti_homophones
12516,1,1,0,7,3,-5.679090847200662,5.679090847200662,5tERnOm,anti_homophones
12517,1,2,0,5,2,-5.393175362031471,5.393175362031471,bERgo,anti_homophones
12518,1,5,1,5,2,-4.6289119365781515,4.6289119365781515,tus9R,anti_homophones
12519,1,1,0,8,4,-6.376438610925662,6.376438610925662,RomaZ°m@,anti_homophones
12520,1,16,0,4,2,-4.976298514299386,4.976298514299386,aRdi,anti_homophones
12521,1,1,1,6,2,-5.1914028871656805,5.1914028871656805,p8eRik,anti_homophones
12522,1,3,0,6,3,-5.269258860603803,5.269258860603803,5peRj5,anti_homophones
12523,1,8,0,6,2,-4.9397291787256785,4.9397291787256785,valizm,anti_homophones
12524,1,0,0,11,4,-8.472371486403409,8.472371486403409,gRafikadapt,anti_homophones
12525,1,0,0,9,4,-9.134249999445414,9.134249999445414,5fRylasj§,anti_homophones
12526,1,0,0,6,3,-7.406572941447859,7.406572941447859,feRega,anti_homophones
12527,1,0,0,8,4,-6.79356020335527,6.79356020335527,mekaS°te,anti_homophones
12528,1,0,0,6,2,-5.706686630006937,5.706686630006937,vERsOn,anti_homophones
12529,1,8,1,4,2,-5.291113029473417,5.291113029473417,soRa,anti_homophones
12530,1,0,0,7,3,-6.543905132100684,6.543905132100684,t§disj§,anti_homophones
12531,1,0,0,6,3,-6.975795512088665,6.975795512088665,Reavja,anti_homophones
12532,1,9,1,6,2,-5.0579443204901935,5.0579443204901935,tRatif,anti_homophones
12533,1,0,0,12,5,-9.90221866469045,9.90221866469045,fEstyljER°m@,anti_homophones
12534,1,0,0,10,5,-9.24194921212359,9.24194921212359,savoRal@de,anti_homophones
12535,1,0,0,6,3,-9.024230749749844,9.024230749749844,kepyRo,anti_homophones
12536,1,0,0,10,5,-9.972811380222709,9.972811380222709,peRilitiRe,anti_homophones
12537,1,0,0,9,4,-5.856955034046724,5.856955034046724,Egzilyzj§,anti_homophones
12538,1,7,1,6,3,-4.791051567583605,4.791051567583605,p@S°m@,anti_homophones
12539,1,0,0,9,4,-7.688486156250309,7.688486156250309,sonomiz9R,anti_homophones
12540,1,0,0,5,2,-6.095331655316729,6.095331655316729,kReSo,anti_homophones
12541,1,0,0,9,4,-9.163771954435786,9.163771954435786,leSiR°mEn,anti_homophones
12542,1,1,0,8,2,-5.365516026673113,5.365516026673113,ROwdst9R,anti_homophones
12543,1,15,0,3,2,-4.723397985076338,4.723397985076338,abu,anti_homophones
12544,1,0,0,18,6,-14.95820064140187,14.95820064140187,m@demogREsklavjabl,anti_homophones
12545,1,0,0,10,5,-12.222901155200203,12.222901155200203,@nobatipl@,anti_homophones
12546,1,1,1,5,2,-4.736616735869374,4.736616735869374,b@kEt,anti_homophones
12547,1,15,0,3,1,-4.975443174476609,4.975443174476609,Ryt,anti_homophones
12548,1,0,0,12,6,-10.21320709430119,10.21320709430119,5pOstypityle,anti_homophones
12549,1,0,0,12,5,-8.306058441764705,8.306058441764705,psiklodij°m@,anti_homophones
12550,1,0,0,8,3,-7.3754819285879005,7.3754819285879005,logRamin,anti_homophones
12551,1,0,0,9,4,-11.507051966792371,11.507051966792371,5kalesj2z,anti_homophones
12552,1,5,0,6,3,-5.888634747506538,5.888634747506538,aRtite,anti_homophones
12553,1,0,0,9,4,-9.269936489789893,9.269936489789893,@bR°disk§,anti_homophones
12554,1,3,0,7,3,-5.297345773976563,5.297345773976563,maRS°Ri,anti_homophones
12555,1,9,0,6,2,-5.65622313641892,5.65622313641892,pREt9R,anti_homophones
12556,1,16,1,4,2,-4.39508211139804,4.39508211139804,@tit,anti_homophones
12557,1,10,2,6,2,-3.997310642622823,3.997310642622823,plat9R,anti_homophones
12558,1,4,0,6,2,-5.389275514327565,5.389275514327565,pERmin,anti_homophones
12559,1,0,0,10,5,-7.223265015660924,7.223265015660924,piRonoloZi,anti_homophones
12560,1,0,0,8,4,-5.485813794306748,5.485813794306748,kyl2z°m@,anti_homophones
12561,1,0,0,7,3,-5.774794518169677,5.774794518169677,dekulin,anti_homophones
12562,1,1,0,6,3,-5.121671826401949,5.121671826401949,R2fuje,anti_homophones
12563,1,41,0,2,1,-4.567427883670645,4.567427883670645,ma,anti_homophones
12564,1,0,0,6,2,-7.236966642209837,7.236966642209837,nERvoz,anti_homophones
12565,1,0,0,9,4,-9.921615693715832,9.921615693715832,Satinad9R,anti_homophones
12566,1,0,0,8,4,-6.262678253076513,6.262678253076513,5k§plike,anti_homophones
12567,1,31,0,3,1,-4.661287600779239,4.661287600779239,RER,anti_homophones
12568,1,0,0,8,4,-7.342386226132323,7.342386226132323,leZitaRi,anti_homophones
12569,1,5,0,6,3,-5.52692723131391,5.52692723131391,abRite,anti_homophones
12570,1,1,0,7,3,-6.1145473290157,6.1145473290157,5stRone,anti_homophones
12571,1,0,0,16,6,-13.810668849596478,13.810668849596478,tEkteRjofileZjoz,anti_homophones
12572,1,0,0,8,4,-8.098481453319087,8.098481453319087,ased@sj§,anti_homophones
12573,1,0,0,6,3,-6.783255235979084,6.783255235979084,yRbuj@,anti_homophones
12574,1,0,0,10,5,-7.682592209193669,7.682592209193669,paRabiliZe,anti_homophones
12575,1,0,0,9,5,-9.366991222954248,9.366991222954248,@aRist°m@,anti_homophones
12576,1,0,0,7,3,-6.9891487166035615,6.9891487166035615,delivaZ,anti_homophones
12577,1,0,0,9,3,-8.89818722106204,8.89818722106204,fyRjogRav,anti_homophones
12578,1,0,1,6,3,-6.049831850723995,6.049831850723995,k@p9Re,anti_homophones
12579,1,0,0,6,3,-6.786396126053544,6.786396126053544,@dOl@s,anti_homophones
12580,1,0,0,9,4,-6.727603161606593,6.727603161606593,sykylat9R,anti_homophones
12581,1,17,0,4,2,-4.72856902704392,4.72856902704392,pOte,anti_homophones
12582,1,11,0,4,1,-5.268222419307472,5.268222419307472,spis,anti_homophones
12583,1,4,0,5,2,-4.88339252500494,4.88339252500494,fymEn,anti_homophones
12584,1,0,0,8,3,-6.838840814455271,6.838840814455271,sepuswaR,anti_homophones
12585,1,0,0,7,4,-6.915615547983739,6.915615547983739,ep§ZaZa,anti_homophones
12586,1,2,0,7,3,-6.0968684927399615,6.0968684927399615,maks°m@,anti_homophones
12587,1,1,0,6,3,-7.366649772247058,7.366649772247058,albaje,anti_homophones
12588,1,0,0,11,4,-11.144331386356077,11.144331386356077,sablakbulaZ,anti_homophones
12589,1,0,0,8,3,-7.647817488941802,7.647817488941802,viRyskys,anti_homophones
12590,1,0,0,7,3,-6.136707240354147,6.136707240354147,pynis9R,anti_homophones
12591,1,0,0,12,5,-9.524173597902305,9.524173597902305,kRepRokal°m@,anti_homophones
12592,1,15,1,6,3,-4.982686162362694,4.982686162362694,mil°m@,anti_homophones
12593,1,0,0,10,4,-7.419120067459879,7.419120067459879,difenogRaf,anti_homophones
12594,1,0,0,8,3,-7.498091038159485,7.498091038159485,diplozj5,anti_homophones
12595,1,0,0,6,3,-4.791340422014844,4.791340422014844,dyv°te,anti_homophones
12596,1,9,0,5,3,-5.016802286326866,5.016802286326866,ekonE,anti_homophones
12597,1,0,0,8,3,-8.701238690303251,8.701238690303251,vagaljaR,anti_homophones
12598,1,2,0,8,4,-6.121734306508438,6.121734306508438,s@tij°m@,anti_homophones
12599,1,0,0,9,4,-7.127008205156843,7.127008205156843,systilite,anti_homophones
12600,1,0,0,9,4,-10.301532005894824,10.301532005894824,keRasitOn,anti_homophones
12601,1,1,1,6,2,-5.0993974612240915,5.0993974612240915,sybzis,anti_homophones
12602,1,2,0,8,4,-5.670924811013383,5.670924811013383,@bRik°m@,anti_homophones
12603,1,7,0,4,2,-6.092189151974725,6.092189151974725,Roz@,anti_homophones
12604,1,13,1,3,1,-4.298645735240033,4.298645735240033,l5g,anti_homophones
12605,1,1,0,6,2,-5.520345340367668,5.520345340367668,SaRnik,anti_homophones
12606,1,0,0,10,4,-7.709557789497613,7.709557789497613,detuflasj§,anti_homophones
12607,1,3,1,7,3,-5.59716865830589,5.59716865830589,komynit,anti_homophones
12608,1,0,0,9,4,-10.998971958099816,10.998971958099816,R°bikalaj,anti_homophones
12609,1,0,0,8,4,-11.01905983382956,11.01905983382956,yRaRSiaj,anti_homophones
12610,1,3,0,9,4,-6.545651540431791,6.545651540431791,Rajabl°m@,anti_homophones
12611,1,0,0,12,6,-9.305291296787784,9.305291296787784,paReistoloZi,anti_homophones
12612,1,14,0,3,2,-5.285925341038329,5.285925341038329,epy,anti_homophones
12613,1,0,0,9,4,-11.024171368906353,11.024171368906353,setakloR5,anti_homophones
12614,1,1,0,6,3,-6.659792108140104,6.659792108140104,alaRde,anti_homophones
12615,1,0,0,6,3,-7.57882612519723,7.57882612519723,Sofelo,anti_homophones
12616,1,0,0,10,4,-8.083261797867081,8.083261797867081,totosyksj§,anti_homophones
12617,1,3,0,6,3,-5.337523838412649,5.337523838412649,dekut@,anti_homophones
12618,1,0,0,9,4,-7.012084649918711,7.012084649918711,R°pasifje,anti_homophones
12619,1,35,1,4,2,-4.003272456933812,4.003272456933812,Rite,anti_homophones
12620,1,0,0,11,6,-10.357759135963915,10.357759135963915,5timileZjau,anti_homophones
12621,1,0,0,10,4,-11.487371490061157,11.487371490061157,inefRwalag,anti_homophones
12622,1,0,0,9,4,-8.971489423248524,8.971489423248524,fizibaRbo,anti_homophones
12623,1,0,0,11,6,-12.67871558000933,12.67871558000933,obinominuje,anti_homophones
12624,1,0,0,9,3,-7.417514181230481,7.417514181230481,EkstORtiR,anti_homophones
12625,1,16,0,3,2,-5.1965075428635,5.1965075428635,idi,anti_homophones
12626,1,8,1,5,2,-4.3790229343694005,4.3790229343694005,pOste,anti_homophones
12627,1,1,0,6,3,-6.210628471517658,6.210628471517658,pikoid,anti_homophones
12628,1,0,0,6,3,-6.439266577678117,6.439266577678117,opRive,anti_homophones
12629,1,0,0,15,6,-15.68607209005765,15.68607209005765,fundZaspiRin°m@,anti_homophones
12630,1,17,1,4,1,-4.823478813331886,4.823478813331886,blER,anti_homophones
12631,1,25,2,3,1,-3.93882715461123,3.93882715461123,SER,anti_homophones
12632,1,0,0,14,6,-11.87265546025225,11.87265546025225,fRataRj@tilite,anti_homophones
12633,1,13,1,6,3,-5.041185506072994,5.041185506072994,pat°Ri,anti_homophones
12634,1,0,0,11,5,-9.627043602856434,9.627043602856434,oblisiklote,anti_homophones
12635,1,0,0,8,3,-8.431117796614405,8.431117796614405,s@pl5tER,anti_homophones
12636,1,0,0,8,3,-8.324329893610434,8.324329893610434,R°kw5SaR,anti_homophones
12637,1,0,0,8,3,-9.076993155603274,9.076993155603274,tajm@tEn,anti_homophones
12638,1,17,1,5,2,-4.213206082462186,4.213206082462186,tRij§,anti_homophones
12639,1,1,0,7,4,-8.359663242497533,8.359663242497533,5besidy,anti_homophones
12640,1,0,0,7,3,-7.166526732536376,7.166526732536376,OpsikOp,anti_homophones
12641,1,0,0,9,4,-10.545042948482164,10.545042948482164,finalZeby,anti_homophones
12642,1,1,0,6,3,-6.1317290345190765,6.1317290345190765,etaRit,anti_homophones
12643,1,1,0,6,3,-5.925543467839163,5.925543467839163,f§duje,anti_homophones
12644,1,5,0,5,2,-5.732242318574152,5.732242318574152,skame,anti_homophones
12645,1,6,0,6,2,-5.959882722434743,5.959882722434743,maRjEt,anti_homophones
12646,1,0,0,11,4,-7.912208716113707,7.912208716113707,depReviz8El,anti_homophones
12647,1,2,0,5,2,-5.327373855111237,5.327373855111237,s@glo,anti_homophones
12648,1,22,0,3,1,-4.4394033340104375,4.4394033340104375,l9R,anti_homophones
12649,1,1,1,6,3,-5.048172684578972,5.048172684578972,myz°Ri,anti_homophones
12650,1,0,0,7,3,-7.347237035448973,7.347237035448973,ebRizj§,anti_homophones
12651,1,0,0,8,3,-7.468578048399492,7.468578048399492,EkspiRiz,anti_homophones
12652,1,4,1,5,2,-4.331741961796221,4.331741961796221,sovje,anti_homophones
12653,1,2,0,7,3,-5.552195650744726,5.552195650744726,matifj@,anti_homophones
12654,1,2,0,5,2,-5.7644632855291515,5.7644632855291515,bazuk,anti_homophones
12655,1,1,0,7,4,-8.224141766546396,8.224141766546396,emonise,anti_homophones
12656,1,4,0,6,2,-5.479219714944532,5.479219714944532,taRtiR,anti_homophones
12657,1,0,0,15,5,-13.206879350555983,13.206879350555983,p@kRist@sjEklER,anti_homophones
12658,1,1,0,9,3,-8.076074398201563,8.076074398201563,Ekspl@tj§,anti_homophones
12659,1,2,1,4,2,-4.637880650238982,4.637880650238982,R2os,anti_homophones
12660,1,10,1,3,1,-4.3525034014226005,4.3525034014226005,lw5,anti_homophones
12661,1,8,1,5,2,-4.875615691772707,4.875615691772707,k@tif,anti_homophones
12662,1,2,0,6,3,-7.642956398691948,7.642956398691948,@tRop5,anti_homophones
12663,1,9,2,3,1,-4.090946639383614,4.090946639383614,g9l,anti_homophones
12664,1,0,0,9,3,-7.446246960338974,7.446246960338974,pw5tERnal,anti_homophones
12665,1,2,0,7,3,-5.591330700157404,5.591330700157404,mekat9R,anti_homophones
12666,1,1,0,9,4,-5.7858518455667145,5.7858518455667145,fedeRasj§,anti_homophones
12667,1,1,0,6,3,-6.172341005307809,6.172341005307809,asom9R,anti_homophones
12668,1,1,0,10,5,-6.136183643119354,6.136183643119354,deRatik°m@,anti_homophones
12669,1,0,0,13,6,-12.545612724255545,12.545612724255545,EledivizjonEl,anti_homophones
12670,1,9,1,4,1,-4.71116441249035,4.71116441249035,fRil,anti_homophones
12671,1,0,0,10,4,-7.565454686218919,7.565454686218919,sERveZetER,anti_homophones
12672,1,0,0,7,3,-7.259859334441973,7.259859334441973,fyRk§si,anti_homophones
12673,1,0,0,13,6,-9.333306351242475,9.333306351242475,sybZEktivise5,anti_homophones
12674,1,20,1,4,2,-4.550096117888031,4.550096117888031,vine,anti_homophones
12675,1,0,0,6,3,-7.015895404130777,7.015895404130777,iskope,anti_homophones
12676,1,0,0,8,4,-9.632714941481092,9.632714941481092,sap°lam@,anti_homophones
12677,1,8,0,4,2,-5.075806079309224,5.075806079309224,susi,anti_homophones
12678,1,0,0,13,5,-9.512208185561166,9.512208185561166,Eksklyzikasje,anti_homophones
12679,1,0,0,11,5,-11.626862946313668,11.626862946313668,l@piRakakEl,anti_homophones
12680,1,0,0,9,4,-8.833189623380507,8.833189623380507,RepeRjoRi,anti_homophones
12681,1,0,0,10,4,-10.037435058407251,10.037435058407251,miRegl@t9R,anti_homophones
12682,1,8,1,5,2,-4.852871580724539,4.852871580724539,patRi,anti_homophones
12683,1,19,0,3,1,-4.235189662197333,4.235189662197333,SiS,anti_homophones
12684,1,16,1,4,2,-4.542972031312161,4.542972031312161,puse,anti_homophones
12685,1,2,1,4,1,-5.120763567005973,5.120763567005973,sOlv,anti_homophones
12686,1,0,0,9,4,-8.937700320636205,8.937700320636205,gap°n§s9R,anti_homophones
12687,1,33,1,3,1,-4.018748083823027,4.018748083823027,fin,anti_homophones
12688,1,6,0,6,3,-5.633970952440807,5.633970952440807,R°kuRi,anti_homophones
12689,1,8,0,4,2,-5.3207623571614775,5.3207623571614775,alyd,anti_homophones
12690,1,2,0,5,3,-5.631776440295441,5.631776440295441,akolE,anti_homophones
12691,1,0,0,10,4,-9.288939033537837,9.288939033537837,diskovizis,anti_homophones
12692,1,16,0,4,2,-4.097722316952479,4.097722316952479,tyRe,anti_homophones
12693,1,1,0,7,2,-5.503478499902901,5.503478499902901,k§pREsk,anti_homophones
12694,1,4,1,6,3,-4.8969514813403086,4.8969514813403086,dezav@,anti_homophones
12695,1,1,0,7,3,-7.886629675807951,7.886629675807951,monolim,anti_homophones
12696,1,0,0,9,4,-7.2984829673761835,7.2984829673761835,degRibuji,anti_homophones
12697,1,1,0,6,2,-6.713415018801864,6.713415018801864,fostaz,anti_homophones
12698,1,3,1,5,2,-5.004523930272439,5.004523930272439,lytil,anti_homophones
12699,1,0,0,12,6,-12.426825480000238,12.426825480000238,epES°vERtop5,anti_homophones
12700,1,0,0,9,4,-7.04442334562983,7.04442334562983,laosjonEt,anti_homophones
12701,1,0,0,6,3,-6.146762862775687,6.146762862775687,Sal@Ze,anti_homophones
12702,1,0,0,9,3,-7.216074813995915,7.216074813995915,REkspeRik,anti_homophones
12703,1,0,0,8,3,-7.3054077771156525,7.3054077771156525,tORtiRaZ,anti_homophones
12704,1,17,1,4,2,-5.042668751196857,5.042668751196857,lide,anti_homophones
12705,1,0,0,8,3,-9.491889525485913,9.491889525485913,tefloRig,anti_homophones
12706,1,2,0,5,2,-6.150361801724048,6.150361801724048,tanat,anti_homophones
12707,1,1,0,9,4,-8.490292813061014,8.490292813061014,Oflamifje,anti_homophones
12708,1,0,0,7,3,-7.741943210208217,7.741943210208217,anipylv,anti_homophones
12709,1,0,0,11,5,-9.691337469843319,9.691337469843319,EspeRitasj2,anti_homophones
12710,1,3,1,6,2,-5.538190272182347,5.538190272182347,skRim@,anti_homophones
12711,1,0,0,7,3,-6.8250521378841045,6.8250521378841045,pulonaZ,anti_homophones
12712,1,1,0,6,2,-6.65236546781024,6.65236546781024,mOst@s,anti_homophones
12713,1,3,0,4,2,-5.307896044076527,5.307896044076527,kEl§,anti_homophones
12714,1,0,0,6,3,-7.2356594541918176,7.2356594541918176,atRuj2,anti_homophones
12715,1,0,0,9,3,-11.04338084703344,11.04338084703344,Sal@dstEn,anti_homophones
12716,1,0,0,12,5,-10.916012390426511,10.916012390426511,EgzytalopEtR,anti_homophones
12717,1,0,0,8,3,-7.1729864387359275,7.1729864387359275,ZeziRabl,anti_homophones
12718,1,0,0,8,3,-6.902728521250198,6.902728521250198,k§tRaZEl,anti_homophones
12719,1,7,0,6,3,-5.266827945023218,5.266827945023218,kak°Ri,anti_homophones
12720,1,0,0,7,2,-7.281808307215125,7.281808307215125,vERtwan,anti_homophones
12721,1,29,1,4,2,-4.1629257814213885,4.1629257814213885,pole,anti_homophones
12722,1,5,0,5,1,-5.68967172663439,5.68967172663439,klatR,anti_homophones
12723,1,1,0,6,3,-5.657396280114361,5.657396280114361,legyle,anti_homophones
12724,1,12,0,3,1,-4.274402146733477,4.274402146733477,not,anti_homophones
12725,1,18,1,3,1,-4.492842221148684,4.492842221148684,suj,anti_homophones
12726,1,0,0,14,6,-14.916559728735319,14.916559728735319,faktibj5v°t2l@,anti_homophones
12727,1,3,0,7,2,-4.774778566546557,4.774778566546557,deplwaR,anti_homophones
12728,1,0,0,7,3,-7.1741864634554435,7.1741864634554435,atRadOR,anti_homophones
12729,1,0,0,11,5,-9.144083854405102,9.144083854405102,pORtidim@te,anti_homophones
12730,1,1,0,5,2,-5.913769856657253,5.913769856657253,kynj@,anti_homophones
12731,1,16,1,4,2,-4.5648858287821215,4.5648858287821215,buRi,anti_homophones
12732,1,0,0,6,2,-4.931642060840253,4.931642060840253,sybv@s,anti_homophones
12733,1,0,0,7,4,-6.243105787391795,6.243105787391795,akyzeOl,anti_homophones
12734,1,0,0,9,5,-6.878958304141014,6.878958304141014,ZeotOn°Ri,anti_homophones
12735,1,0,0,9,3,-7.65547889841224,7.65547889841224,5flEktROp,anti_homophones
12736,1,4,0,6,2,-5.74428710149055,5.74428710149055,sakRit,anti_homophones
12737,1,1,0,9,4,-6.698889071809657,6.698889071809657,yRokRasj§,anti_homophones
12738,1,7,1,5,2,-4.7380693496281845,4.7380693496281845,baRke,anti_homophones
12739,1,1,0,8,3,-6.2795912916463195,6.2795912916463195,skORn°m@,anti_homophones
12740,1,0,0,6,3,-6.349779330705979,6.349779330705979,domEje,anti_homophones
12741,1,28,2,4,2,-3.6320583391906074,3.6320583391906074,seRe,anti_homophones
12742,1,0,0,8,4,-9.008466968758075,9.008466968758075,kom@dEta,anti_homophones
12743,1,0,0,8,4,-8.861798549353978,8.861798549353978,eleRabEs,anti_homophones
12744,1,0,0,8,4,-9.012598601948953,9.012598601948953,RodeRyze,anti_homophones
12745,1,0,1,6,2,-4.809193152052531,4.809193152052531,devjal,anti_homophones
12746,1,2,0,6,3,-6.261904328464903,6.261904328464903,kapoZe,anti_homophones
12747,1,1,0,6,3,-5.610714176838056,5.610714176838056,debyl@,anti_homophones
12748,1,18,0,2,1,-4.574022078370616,4.574022078370616,nu,anti_homophones
12749,1,3,0,4,2,-5.03479802149516,5.03479802149516,fuga,anti_homophones
12750,1,0,0,11,5,-9.750256097831185,9.750256097831185,kalipOstyEl,anti_homophones
12751,1,0,0,13,6,-13.284986627785521,13.284986627785521,abildinablijo,anti_homophones
12752,1,0,0,14,6,-14.177235304982906,14.177235304982906,kok§pRodel5k@t,anti_homophones
12753,1,0,0,11,5,-7.748293723047512,7.748293723047512,magm@tEl°m@,anti_homophones
12754,1,0,0,6,3,-7.704989912545605,7.704989912545605,duRaj@,anti_homophones
12755,1,18,1,7,3,-4.286311300197843,4.286311300197843,deRasj§,anti_homophones
12756,1,0,0,12,5,-10.189530024751468,10.189530024751468,figyRakyltif,anti_homophones
12757,1,0,0,9,3,-7.272634590866678,7.272634590866678,k§stRalin,anti_homophones
12758,1,2,0,6,2,-5.612242554568948,5.612242554568948,luRdin,anti_homophones
12759,1,0,0,5,2,-5.887916320441027,5.887916320441027,mOROg,anti_homophones
12760,1,0,0,13,5,-10.774805136099651,10.774805136099651,pl@twaleatwaR,anti_homophones
12761,1,0,0,8,4,-7.833724589136352,7.833724589136352,ipERtino,anti_homophones
12762,1,0,0,12,6,-8.793348972175682,8.793348972175682,5peREzjEm°m@,anti_homophones
12763,1,2,0,6,2,-5.719312846110215,5.719312846110215,galism,anti_homophones
12764,1,39,1,3,2,-4.268045367654254,4.268045367654254,ake,anti_homophones
12765,1,3,1,5,2,-5.2111619468359125,5.2111619468359125,amnEz,anti_homophones
12766,1,23,0,3,1,-5.00791285729643,5.00791285729643,Zil,anti_homophones
12767,1,14,0,4,2,-4.6481099514542334,4.6481099514542334,kije,anti_homophones
12768,1,1,0,8,3,-7.158716402797974,7.158716402797974,djablite,anti_homophones
12769,1,2,0,6,2,-4.7483071726236,4.7483071726236,peRj9R,anti_homophones
12770,1,0,0,12,5,-8.875417599888127,8.875417599888127,maRmosjonize,anti_homophones
12771,1,3,1,5,3,-4.64001771984785,4.64001771984785,5Zene,anti_homophones
12772,1,0,0,9,3,-7.773881872873824,7.773881872873824,dRamonist,anti_homophones
12773,1,0,0,11,5,-12.012438176490901,12.012438176490901,apREsonagOg,anti_homophones
12774,1,0,0,8,4,-6.104357706686925,6.104357706686925,R°pozem@,anti_homophones
12775,1,0,0,11,5,-10.028661293169188,10.028661293169188,k§demERdym@,anti_homophones
12776,1,0,0,10,5,-8.954662469644047,8.954662469644047,maniilable,anti_homophones
12777,1,1,0,5,2,-6.316752200512225,6.316752200512225,baNOR,anti_homophones
12778,1,1,0,5,2,-7.195767010346391,7.195767010346391,sidos,anti_homophones
12779,1,0,0,6,2,-7.243092339004883,7.243092339004883,dResEl,anti_homophones
12780,1,0,0,11,5,-8.017907503218998,8.017907503218998,divylveOlOg,anti_homophones
12781,1,7,0,7,3,-4.4704443720519995,4.4704443720519995,fikasj§,anti_homophones
12782,1,0,0,9,3,-7.604433978352164,7.604433978352164,madRwadRe,anti_homophones
12783,1,0,0,11,5,-12.454639659994754,12.454639659994754,b§disimwas@,anti_homophones
12784,1,8,1,4,2,-5.064617674007384,5.064617674007384,nato,anti_homophones
12785,1,0,0,7,3,-5.883878059020674,5.883878059020674,EgzigOt,anti_homophones
12786,1,2,0,4,2,-5.344597954978612,5.344597954978612,goSo,anti_homophones
12787,1,0,0,9,4,-8.842619965714404,8.842619965714404,demetafiR,anti_homophones
12788,1,0,0,7,3,-6.825299091708742,6.825299091708742,tOnisj§,anti_homophones
12789,1,2,0,6,3,-5.261816951099555,5.261816951099555,RaSyte,anti_homophones
12790,1,7,0,5,2,-4.615733422680851,4.615733422680851,k8is@,anti_homophones
12791,1,0,0,6,2,-6.850101675806994,6.850101675806994,kRitEs,anti_homophones
12792,1,0,0,9,4,-5.599578569120012,5.599578569120012,k§kylasj§,anti_homophones
12793,1,0,0,7,3,-8.199443692781784,8.199443692781784,SipRede,anti_homophones
12794,1,1,0,9,4,-7.3799670324862,7.3799670324862,epasjonEl,anti_homophones
12795,1,0,0,9,4,-6.935715249965651,6.935715249965651,paRvil°m@,anti_homophones
12796,1,7,0,6,2,-5.81656923711693,5.81656923711693,mozist,anti_homophones
12797,1,4,0,6,3,-7.448458202603382,7.448458202603382,agylER,anti_homophones
12798,1,1,0,5,2,-6.044392530855822,6.044392530855822,susti,anti_homophones
12799,1,4,1,5,3,-6.246095460530893,6.246095460530893,ebuse,anti_homophones
12800,1,0,0,10,4,-6.14627067376421,6.14627067376421,Egziljasj§,anti_homophones
12801,1,8,1,4,2,-3.99483586858165,3.99483586858165,myze,anti_homophones
12802,1,8,1,5,2,-4.5602210191968595,4.5602210191968595,kokEt,anti_homophones
12803,1,0,0,7,3,-7.689249933832075,7.689249933832075,kokEnaZ,anti_homophones
12804,1,19,0,4,2,-6.548017228785489,6.548017228785489,pake,anti_homophones
12805,1,1,0,8,4,-7.304895318494694,7.304895318494694,5pedikyl,anti_homophones
12806,1,0,0,15,6,-11.594163268651506,11.594163268651506,k§plistilizatva,anti_homophones
12807,1,13,1,5,2,-4.420854660865253,4.420854660865253,medik,anti_homophones
12808,1,0,0,13,5,-11.024036221147282,11.024036221147282,metasmikRyt9R,anti_homophones
12809,1,0,0,12,5,-6.8478938736340815,6.8478938736340815,sypERt82z°m@,anti_homophones
12810,1,0,0,9,4,-10.267677210771183,10.267677210771183,ReaZinEtt,anti_homophones
12811,1,0,0,9,4,-7.729005205550771,7.729005205550771,R°dublise,anti_homophones
12812,1,10,0,5,2,-4.588723511742504,4.588723511742504,kORd@,anti_homophones
12813,1,0,0,12,5,-14.532892913720797,14.532892913720797,s@gl9bERtike,anti_homophones
12814,1,0,0,10,5,-9.651913930655805,9.651913930655805,biguROn°m@,anti_homophones
12815,1,0,0,9,4,-10.273989174195593,10.273989174195593,SaRalinEd,anti_homophones
12816,1,5,1,6,3,-4.7492665250223585,4.7492665250223585,niv°m@,anti_homophones
12817,1,0,0,6,3,-7.575935610855473,7.575935610855473,otR°di,anti_homophones
12818,1,0,0,8,3,-8.21677183018141,8.21677183018141,gROg°REt,anti_homophones
12819,1,6,1,5,2,-5.266033353313673,5.266033353313673,5tERk,anti_homophones
12820,1,0,0,10,4,-10.227373948550273,10.227373948550273,EksjEleizm,anti_homophones
12821,1,0,0,7,3,-6.1024658991621985,6.1024658991621985,pRe@bys,anti_homophones
12822,1,1,0,7,3,-7.044478678296478,7.044478678296478,stikate,anti_homophones
12823,1,0,0,10,4,-10.77349438360057,10.77349438360057,fuRbakabOS,anti_homophones
12824,1,1,0,7,3,-6.64748320748996,6.64748320748996,kokinOt,anti_homophones
12825,1,10,0,4,1,-4.393572785590096,4.393572785590096,SaRZ,anti_homophones
12826,1,6,1,7,3,-4.607154939755748,4.607154939755748,pORt°m@,anti_homophones
12827,1,3,0,5,2,-5.0154941004406215,5.0154941004406215,astRe,anti_homophones
12828,1,0,0,7,3,-6.107930532050794,6.107930532050794,leZ@daZ,anti_homophones
12829,1,0,0,8,4,-7.733499122212138,7.733499122212138,potiz°m@,anti_homophones
12830,1,0,0,7,3,-7.226115977112712,7.226115977112712,gabativ,anti_homophones
12831,1,1,1,7,2,-5.739266665372313,5.739266665372313,tRyktil,anti_homophones
12832,1,1,0,6,3,-6.2732531405632805,6.2732531405632805,p§pet@,anti_homophones
12833,1,0,0,8,3,-7.477093828885442,7.477093828885442,otokROks,anti_homophones
12834,1,3,0,6,3,-5.702438869130051,5.702438869130051,sepaRa,anti_homophones
12835,1,0,0,9,3,-13.330029156111644,13.330029156111644,foljoR2bl,anti_homophones
12836,1,0,0,7,3,-8.543278483238527,8.543278483238527,SEt°n9R,anti_homophones
12837,1,4,0,6,2,-5.958993710947023,5.958993710947023,kORtin,anti_homophones
12838,1,0,0,14,6,-14.287542626439134,14.287542626439134,opatalEftEnjER,anti_homophones
12839,1,0,0,8,3,-7.028660672180552,7.028660672180552,difisjal,anti_homophones
12840,1,23,1,3,1,-4.059787368629982,4.059787368629982,lav,anti_homophones
12841,1,13,1,3,1,-4.774931346810842,4.774931346810842,Ryd,anti_homophones
12842,1,0,0,9,5,-8.309591093060346,8.309591093060346,agReelylo,anti_homophones
12843,1,3,0,5,2,-5.778954023451568,5.778954023451568,skum@,anti_homophones
12844,1,0,0,10,5,-12.09622321089511,12.09622321089511,seRalenin@,anti_homophones
12845,1,0,0,9,4,-12.696624953539002,12.696624953539002,at@bRylte,anti_homophones
12846,1,1,0,8,4,-6.799794918380744,6.799794918380744,Renedite,anti_homophones
12847,1,0,0,6,2,-6.857842137848277,6.857842137848277,fRapyk,anti_homophones
12848,1,1,0,7,2,-6.478580734192482,6.478580734192482,mjonist,anti_homophones
12849,1,3,1,6,3,-5.5296124195902845,5.5296124195902845,k§v°n5,anti_homophones
12850,1,0,0,10,4,-9.935498233076467,9.935498233076467,lESfEktone,anti_homophones
12851,1,0,0,7,2,-8.159595712450965,8.159595712450965,mevRabl,anti_homophones
12852,1,10,2,4,2,-4.245130496128421,4.245130496128421,min@,anti_homophones
12853,1,1,0,6,3,-5.725205066665801,5.725205066665801,bal@ke,anti_homophones
12854,1,0,0,10,4,-9.249111665646247,9.249111665646247,EkspElis9R,anti_homophones
12855,1,4,0,6,2,-5.592200010297015,5.592200010297015,tRupEt,anti_homophones
12856,1,0,0,10,4,-9.93785165580831,9.93785165580831,efalbyzizm,anti_homophones
12857,1,30,1,4,2,-4.252425463549645,4.252425463549645,maRo,anti_homophones
12858,1,8,1,4,2,-4.724057964124327,4.724057964124327,R°ky,anti_homophones
12859,1,21,1,4,2,-4.090138293173022,4.090138293173022,bute,anti_homophones
12860,1,0,0,9,4,-6.57470720579871,6.57470720579871,aRjOlOZik,anti_homophones
12861,1,0,0,7,4,-6.1227101689615315,6.1227101689615315,@f@site,anti_homophones
12862,1,6,0,5,2,-5.565400261254466,5.565400261254466,alism,anti_homophones
12863,1,4,0,6,3,-5.569704589894559,5.569704589894559,emonik,anti_homophones
12864,1,0,0,9,4,-7.611316617409991,7.611316617409991,tokOk°tje,anti_homophones
12865,1,10,0,4,2,-4.608772499539603,4.608772499539603,pyl@,anti_homophones
12866,1,0,0,12,5,-12.035350851786678,12.035350851786678,m2zymefORsaZ,anti_homophones
12867,1,0,0,12,6,-13.988721435922729,13.988721435922729,aRezobelilas,anti_homophones
12868,1,0,0,10,5,-10.627936903716229,10.627936903716229,efaktisolE,anti_homophones
12869,1,0,0,10,5,-10.063560646749478,10.063560646749478,ipostagase,anti_homophones
12870,1,0,0,13,6,-11.419296888455088,11.419296888455088,efRazideRat9R,anti_homophones
12871,1,0,0,8,3,-7.645955876883966,7.645955876883966,k§gRym@t,anti_homophones
12872,1,0,0,12,5,-10.441393469089158,10.441393469089158,koloZizas@dR,anti_homophones
12873,1,3,0,5,2,-5.096331975842359,5.096331975842359,kolOR,anti_homophones
12874,1,0,0,6,3,-6.704374528712176,6.704374528712176,5f§duk,anti_homophones
12875,1,5,0,5,2,-5.273748356086424,5.273748356086424,deSEn,anti_homophones
12876,1,0,0,8,4,-8.073712852889054,8.073712852889054,ekRanoja,anti_homophones
12877,1,0,0,9,3,-5.924356951326596,5.924356951326596,plyvjolOg,anti_homophones
12878,1,0,0,8,4,-9.850244969181853,9.850244969181853,l@dalonE,anti_homophones
12879,1,0,0,6,3,-7.4608953020698365,7.4608953020698365,5tin8i,anti_homophones
12880,1,12,1,4,2,-4.83541385056185,4.83541385056185,R°ta,anti_homophones
12881,1,0,0,8,4,-8.305542945143353,8.305542945143353,emonosti,anti_homophones
12882,1,3,0,7,3,-4.738264258993696,4.738264258993696,dep@d9R,anti_homophones
12883,1,20,1,4,2,-4.513590007047396,4.513590007047396,fil@,anti_homophones
12884,1,0,0,8,3,-7.456720240831142,7.456720240831142,ZEstRape,anti_homophones
12885,1,3,0,6,3,-5.016888246334521,5.016888246334521,Revize,anti_homophones
12886,1,0,0,6,3,-7.114642994463882,7.114642994463882,anabit,anti_homophones
12887,1,0,0,10,4,-9.869254961615306,9.869254961615306,libistRake,anti_homophones
12888,1,1,0,8,3,-5.370609333404561,5.370609333404561,Redykt9R,anti_homophones
12889,1,8,0,3,1,-4.314821474359609,4.314821474359609,EgR,anti_homophones
12890,1,10,0,3,2,-4.645487937047613,4.645487937047613,in5,anti_homophones
12891,1,5,0,5,2,-5.534384446523282,5.534384446523282,agRad,anti_homophones
12892,1,0,0,8,4,-8.408104439400304,8.408104439400304,bobiteRe,anti_homophones
12893,1,0,0,5,2,-5.62072177095864,5.62072177095864,kOlza,anti_homophones
12894,1,0,0,7,3,-7.126786390005,7.126786390005,kuplani,anti_homophones
12895,1,10,0,4,1,-5.118504767569181,5.118504767569181,blas,anti_homophones
12896,1,6,0,4,1,-5.2947160775145425,5.2947160775145425,bust,anti_homophones
12897,1,2,0,6,3,-6.398516749502256,6.398516749502256,s5sipe,anti_homophones
12898,1,4,0,6,2,-5.1990357699899095,5.1990357699899095,kloRik,anti_homophones
12899,1,9,1,5,2,-4.6677316084706835,4.6677316084706835,@tabl,anti_homophones
12900,1,0,0,10,4,-9.039782174228288,9.039782174228288,fikatyRl9R,anti_homophones
12901,1,8,0,5,2,-4.6294141574599,4.6294141574599,aswaR,anti_homophones
12902,1,4,1,6,3,-4.97431470039196,4.97431470039196,difeRe,anti_homophones
12903,1,15,0,4,2,-4.684738887819107,4.684738887819107,afRe,anti_homophones
12904,1,0,0,5,2,-6.113338636062322,6.113338636062322,glokE,anti_homophones
12905,1,3,0,5,2,-5.906906931083807,5.906906931083807,stili,anti_homophones
12906,1,0,0,8,4,-8.00951771006998,8.00951771006998,§gRyZile,anti_homophones
12907,1,0,0,14,6,-11.087650808569213,11.087650808569213,Oksilfidbalize,anti_homophones
12908,1,0,0,10,4,-6.555951973524903,6.555951973524903,flotizasj§,anti_homophones
12909,1,0,0,13,6,-11.541640147829971,11.541640147829971,evalopOlisabl,anti_homophones
12910,1,1,0,5,2,-5.527941124766372,5.527941124766372,ORlOp,anti_homophones
12911,1,0,0,9,5,-7.303067688375323,7.303067688375323,kalaik°m@,anti_homophones
12912,1,0,0,11,4,-12.177234317782409,12.177234317782409,madjoRifjoz,anti_homophones
12913,1,11,0,4,2,-5.258516524246695,5.258516524246695,iREs,anti_homophones
12914,1,0,0,12,5,-9.645874849338234,9.645874849338234,Radyks@bl°m@,anti_homophones
12915,1,0,0,8,4,-6.46086753260829,6.46086753260829,debRuEte,anti_homophones
12916,1,1,0,8,4,-5.621179184903585,5.621179184903585,kakoloZi,anti_homophones
12917,1,9,0,5,2,-4.725650892192212,4.725650892192212,vERsi,anti_homophones
12918,1,1,0,6,2,-6.457644765131611,6.457644765131611,pOstRE,anti_homophones
12919,1,1,0,5,2,-5.359954634306211,5.359954634306211,k8idi,anti_homophones
12920,1,0,0,12,4,-13.54505393878119,13.54505393878119,floRat8ORnaj,anti_homophones
12921,1,0,0,7,3,-5.9972925645764965,5.9972925645764965,aRmafje,anti_homophones
12922,1,0,0,5,1,-4.9478945745538665,4.9478945745538665,fl8iR,anti_homophones
12923,1,11,1,4,2,-5.089408489245704,5.089408489245704,aRk@,anti_homophones
12924,1,0,0,8,3,-7.675378741587579,7.675378741587579,k§bj@sj§,anti_homophones
12925,1,0,0,9,4,-6.59256084005405,6.59256084005405,asERv°niR,anti_homophones
12926,1,0,0,12,5,-12.471926018762936,12.471926018762936,ev@ZistRig@g,anti_homophones
12927,1,12,0,4,2,-4.3747860214130325,4.3747860214130325,Rado,anti_homophones
12928,1,0,0,9,4,-9.561329428797388,9.561329428797388,kiliZibje,anti_homophones
12929,1,7,0,4,2,-5.04477694752096,5.04477694752096,algo,anti_homophones
12930,1,2,1,6,2,-5.696589372316694,5.696589372316694,vREsj§,anti_homophones
12931,1,1,0,7,3,-6.871618790579301,6.871618790579301,fRuteje,anti_homophones
12932,1,5,0,6,3,-5.151790286854732,5.151790286854732,poline,anti_homophones
12933,1,1,0,7,3,-6.632165235141623,6.632165235141623,ReZyZyb,anti_homophones
12934,1,1,0,6,3,-7.661282445438241,7.661282445438241,inegly,anti_homophones
12935,1,20,0,4,2,-4.706714297155786,4.706714297155786,kope,anti_homophones
12936,1,0,0,5,2,-6.067599247335611,6.067599247335611,sipal,anti_homophones
12937,1,0,0,8,4,-8.479273733725199,8.479273733725199,petatuj2,anti_homophones
12938,1,16,0,4,2,-4.814202217069442,4.814202217069442,puli,anti_homophones
12939,1,2,0,7,2,-6.400260826488687,6.400260826488687,kRapabl,anti_homophones
12940,1,1,0,5,2,-5.777653717377962,5.777653717377962,OktRo,anti_homophones
12941,1,7,0,4,1,-5.369875409336509,5.369875409336509,bERk,anti_homophones
12942,1,0,0,11,5,-9.672036301017128,9.672036301017128,disodoRitER,anti_homophones
12943,1,0,0,8,3,-6.823779461941332,6.823779461941332,sERv°niG,anti_homophones
12944,1,0,0,8,4,-7.796697710908605,7.796697710908605,epozisti,anti_homophones
12945,1,24,1,2,1,-4.570835934365185,4.570835934365185,dE,anti_homophones
12946,1,0,0,12,5,-7.942248283852286,7.942248283852286,R°kRyRZik°m@,anti_homophones
12947,1,1,0,7,3,-5.143312947866558,5.143312947866558,5syfizm,anti_homophones
12948,1,1,0,8,4,-6.307227901277068,6.307227901277068,aktiv°te,anti_homophones
12949,1,6,0,5,1,-5.11398499758248,5.11398499758248,kRips,anti_homophones
12950,1,23,1,4,2,-4.255565387618035,4.255565387618035,atif,anti_homophones
12951,1,0,0,9,4,-6.449306863755747,6.449306863755747,kRetOn°m@,anti_homophones
12952,1,8,0,6,2,-4.887314363300731,4.887314363300731,laRist,anti_homophones
12953,1,0,0,13,5,-13.888430278781309,13.888430278781309,fostabatRokEl,anti_homophones
12954,1,11,2,4,2,-3.8674283437568766,3.8674283437568766,maNe,anti_homophones
12955,1,3,0,6,2,-5.574140999145209,5.574140999145209,palpaZ,anti_homophones
12956,1,13,1,4,1,-4.545285560038891,4.545285560038891,kRin,anti_homophones
12957,1,6,1,5,2,-5.33498178297378,5.33498178297378,bab9R,anti_homophones
12958,1,0,0,6,2,-6.223771958047466,6.223771958047466,depRuf,anti_homophones
12959,1,0,0,13,6,-12.790474872869497,12.790474872869497,mitRamutonite,anti_homophones
12960,1,5,0,4,1,-5.708533252420482,5.708533252420482,sybs,anti_homophones
12961,1,1,0,6,2,-5.585118191359216,5.585118191359216,Rakt82,anti_homophones
12962,1,0,0,10,4,-11.415567804400078,11.415567804400078,bisbijOgRa,anti_homophones
12963,1,0,0,12,6,-11.173948920869,11.173948920869,@tiRepet@daZ,anti_homophones
12964,1,1,0,7,3,-5.042805939124147,5.042805939124147,dep°s9R,anti_homophones
12965,1,1,0,5,3,-6.347990757477472,6.347990757477472,abajo,anti_homophones
12966,1,1,0,7,3,-6.1332385343345726,6.1332385343345726,R@bl@Si,anti_homophones
12967,1,4,0,6,2,-5.077261344987036,5.077261344987036,piswaR,anti_homophones
12968,1,1,0,6,3,-5.078523856990325,5.078523856990325,buzije,anti_homophones
12969,1,0,0,13,6,-13.051777918896759,13.051777918896759,sav§kataSis9R,anti_homophones
12970,1,0,0,11,5,-8.5571227595368,8.5571227595368,@kolabRasj§,anti_homophones
12971,1,0,0,7,3,-7.254367189650996,7.254367189650996,l5ZenyR,anti_homophones
12972,1,0,0,8,3,-7.594250792665179,7.594250792665179,5tR5gOld,anti_homophones
12973,1,0,0,9,4,-8.366982602102615,8.366982602102615,nometetik,anti_homophones
12974,1,4,0,6,2,-4.998363617183443,4.998363617183443,simEtR,anti_homophones
12975,1,5,0,7,3,-5.1832589660726365,5.1832589660726365,skin°m@,anti_homophones
12976,1,0,0,12,5,-11.924115378157385,11.924115378157385,ipot@tR@buRs,anti_homophones
12977,1,5,1,5,2,-4.821303793157803,4.821303793157803,@bRik,anti_homophones
12978,1,0,0,12,5,-7.501529239615636,7.501529239615636,tRikatoloZik,anti_homophones
12979,1,11,0,4,2,-4.4399995747176035,4.4399995747176035,k§pa,anti_homophones
12980,1,0,0,7,2,-8.243833751494112,8.243833751494112,petRORk,anti_homophones
12981,1,0,0,15,6,-11.169579225594381,11.169579225594381,komytabORdonjER,anti_homophones
12982,1,0,0,12,6,-9.199199237169061,9.199199237169061,Regalitim°m@,anti_homophones
12983,1,0,0,7,3,-7.537644589740798,7.537644589740798,2stRij§,anti_homophones
12984,1,7,0,5,2,-5.336707779659762,5.336707779659762,pReZe,anti_homophones
12985,1,0,0,9,4,-9.255807684822246,9.255807684822246,syRalofOb,anti_homophones
12986,1,4,0,6,3,-5.381294051457871,5.381294051457871,bajote,anti_homophones
12987,1,0,0,7,3,-7.934242476876907,7.934242476876907,sylaR5k,anti_homophones
12988,1,9,0,4,2,-5.1105917073038425,5.1105917073038425,Rava,anti_homophones
12989,1,2,0,7,2,-6.389381415066471,6.389381415066471,R°s8ist,anti_homophones
12990,1,0,0,7,3,-5.269736172297332,5.269736172297332,SySon9R,anti_homophones
12991,1,0,0,14,6,-11.691166073895207,11.691166073895207,dekw5sosjaniS§,anti_homophones
12992,1,5,0,6,3,-5.521734715355599,5.521734715355599,5s@sj§,anti_homophones
12993,1,14,0,4,1,-4.77873313176082,4.77873313176082,bast,anti_homophones
12994,1,9,1,6,2,-4.508434352139305,4.508434352139305,pRetik,anti_homophones
12995,1,3,0,6,3,-6.078634327735995,6.078634327735995,aksone,anti_homophones
12996,1,5,0,5,2,-5.976649208909383,5.976649208909383,pulis,anti_homophones
12997,1,6,1,5,3,-5.166074874168824,5.166074874168824,iRoid,anti_homophones
12998,1,5,0,5,3,-5.666371015339048,5.666371015339048,ymyle,anti_homophones
12999,1,11,0,4,1,-4.72537007275605,4.72537007275605,stRi,anti_homophones
13000,1,7,1,4,2,-4.597889551621917,4.597889551621917,oR9R,anti_homophones
13001,1,0,0,9,3,-10.35177911900716,10.35177911900716,R°gRenjoz,anti_homophones
13002,1,2,0,5,2,-4.948371903891382,4.948371903891382,myzin,anti_homophones
13003,1,0,0,7,2,-7.239968525334505,7.239968525334505,stRoniG,anti_homophones
13004,1,2,0,5,2,-6.6514030652621825,6.6514030652621825,bOg9R,anti_homophones
13005,1,4,0,6,2,-4.641284175494945,4.641284175494945,k§tRal,anti_homophones
13006,1,0,0,8,3,-6.553363248266861,6.553363248266861,paRaRjOm,anti_homophones
13007,1,0,0,7,3,-6.811515451023559,6.811515451023559,b@d°lEn,anti_homophones
13008,1,10,0,4,2,-5.118492990779108,5.118492990779108,liko,anti_homophones
13009,1,0,0,16,5,-14.308150589190346,14.308150589190346,kORdjalideRajSsm,anti_homophones
13010,1,0,0,9,3,-7.7251701393452725,7.7251701393452725,st@plat9R,anti_homophones
13011,1,0,0,7,3,-6.605531461712735,6.605531461712735,telesiv,anti_homophones
13012,1,4,1,5,2,-5.3553591942490515,5.3553591942490515,Rezje,anti_homophones
13013,1,10,0,4,2,-5.421295630781547,5.421295630781547,oRiR,anti_homophones
13014,1,0,0,10,5,-7.146836525088086,7.146836525088086,demofil°m@,anti_homophones
13015,1,2,0,5,3,-6.240656402314683,6.240656402314683,5t@ti,anti_homophones
13016,1,1,0,6,3,-5.857577483560415,5.857577483560415,akynj§,anti_homophones
13017,1,0,0,15,6,-12.724055030920788,12.724055030920788,agRafleogRamabl,anti_homophones
13018,1,13,0,6,3,-5.088152775363312,5.088152775363312,selite,anti_homophones
13019,1,0,0,7,3,-6.451298109032233,6.451298109032233,devoRat,anti_homophones
13020,1,0,0,8,3,-8.03711412513075,8.03711412513075,deteREsk,anti_homophones
13021,1,21,0,3,1,-4.4227160933259215,4.4227160933259215,lab,anti_homophones
13022,1,0,0,7,3,-6.696239620127303,6.696239620127303,nivERt@,anti_homophones
13023,1,0,0,10,4,-10.577633490443201,10.577633490443201,sibletolOg,anti_homophones
13024,1,3,0,3,1,-4.718520993683855,4.718520993683855,d2S,anti_homophones
13025,1,7,2,6,2,-3.9779676630911585,3.9779676630911585,syksj§,anti_homophones
13026,1,0,0,6,3,-6.428363930886007,6.428363930886007,5dylas,anti_homophones
13027,1,0,0,7,3,-7.3936847681370494,7.3936847681370494,mosilje,anti_homophones
13028,1,7,1,4,1,-4.999248141948516,4.999248141948516,tjal,anti_homophones
13029,1,3,0,5,2,-5.936287454145658,5.936287454145658,flibe,anti_homophones
13030,1,12,0,6,3,-5.347467997613551,5.347467997613551,l@t°m@,anti_homophones
13031,1,11,1,6,3,-4.35413697602622,4.35413697602622,aRt°m@,anti_homophones
13032,1,0,0,9,3,-7.553001689679877,7.553001689679877,fRyktyRik,anti_homophones
13033,1,0,0,8,4,-8.948449594602545,8.948449594602545,gavagej@,anti_homophones
13034,1,3,0,6,3,-4.808414061329896,4.808414061329896,@tisj5,anti_homophones
13035,1,3,0,4,2,-5.276931361718932,5.276931361718932,tity,anti_homophones
13036,1,0,0,8,4,-7.406376563787807,7.406376563787807,buzij@de,anti_homophones
13037,1,0,0,11,4,-8.26581405546846,8.26581405546846,bR8inemasj§,anti_homophones
13038,1,0,0,10,4,-8.01434259534,8.01434259534,viRyl@sjEl,anti_homophones
13039,1,0,0,10,4,-7.2701372492444785,7.2701372492444785,saRkomynik,anti_homophones
13040,1,1,0,5,2,-5.773177667503606,5.773177667503606,bloko,anti_homophones
13041,1,4,0,5,2,-6.19589986738856,6.19589986738856,viS9R,anti_homophones
13042,1,10,0,3,2,-5.487499575372982,5.487499575372982,§di,anti_homophones
13043,1,0,0,13,6,-11.45065671219819,11.45065671219819,gepjeRopopyl@,anti_homophones
13044,1,0,0,5,2,-6.36890775450628,6.36890775450628,bidOm,anti_homophones
13045,1,1,1,5,2,-4.382742927303804,4.382742927303804,tRuve,anti_homophones
13046,1,9,0,4,2,-6.444678589372006,6.444678589372006,b§se,anti_homophones
13047,1,0,0,9,4,-11.301085115306059,11.301085115306059,akutR°f2Z,anti_homophones
13048,1,0,0,11,5,-9.686822577555818,9.686822577555818,sin@sjalis@,anti_homophones
13049,1,0,0,13,6,-11.838454318785814,11.838454318785814,k§paRtiRediZ§,anti_homophones
13050,1,0,0,13,6,-12.73858429233563,12.73858429233563,@v°lakElkolOk,anti_homophones
13051,1,2,0,5,2,-4.77505381000301,4.77505381000301,k§s@s,anti_homophones
13052,1,9,0,4,2,-5.199699919752327,5.199699919752327,kit@,anti_homophones
13053,1,3,0,5,2,-6.5566056557248436,6.5566056557248436,ketiR,anti_homophones
13054,1,0,0,7,3,-7.448989131769822,7.448989131769822,adykast,anti_homophones
13055,1,0,0,6,3,-7.154342574550217,7.154342574550217,ostaRi,anti_homophones
13056,1,7,1,4,2,-5.020357794392952,5.020357794392952,n§se,anti_homophones
13057,1,0,0,7,3,-5.804123846386267,5.804123846386267,@glofOn,anti_homophones
13058,1,8,0,5,2,-5.277014157937065,5.277014157937065,makje,anti_homophones
13059,1,4,0,5,2,-4.943310927777645,4.943310927777645,bloke,anti_homophones
13060,1,11,0,4,1,-4.628917518059658,4.628917518059658,skRi,anti_homophones
13061,1,2,0,6,3,-5.006840967029146,5.006840967029146,epusje,anti_homophones
13062,1,16,1,5,2,-4.471481519660841,4.471481519660841,paRaZ,anti_homophones
13063,1,2,0,7,3,-5.551219238453194,5.551219238453194,syblij@,anti_homophones
13064,1,8,0,4,1,-4.61098370597646,4.61098370597646,spOR,anti_homophones
13065,1,2,0,5,3,-5.265152952577992,5.265152952577992,apose,anti_homophones
13066,1,0,0,9,4,-7.02662868195262,7.02662868195262,Zazmanize,anti_homophones
13067,1,3,2,6,2,-4.976863661733428,4.976863661733428,kRysj§,anti_homophones
13068,1,10,0,5,2,-4.791449165092323,4.791449165092323,tRake,anti_homophones
13069,1,0,0,9,4,-10.470735156986514,10.470735156986514,gupidinER,anti_homophones
13070,1,0,0,11,5,-13.323759977699002,13.323759977699002,et@tiklutRe,anti_homophones
13071,1,20,2,4,1,-4.905365072296197,4.905365072296197,maRt,anti_homophones
13072,1,1,0,11,4,-6.827873894070017,6.827873894070017,plaksjOn°m@,anti_homophones
13073,1,0,0,11,6,-7.176789974852435,7.176789974852435,eloloZik°m@,anti_homophones
13074,1,4,0,5,2,-5.739229773476138,5.739229773476138,pylin,anti_homophones
13075,1,0,0,12,6,-12.059376300744638,12.059376300744638,emeditERpozi,anti_homophones
13076,1,7,0,4,2,-5.061733986768718,5.061733986768718,amOm,anti_homophones
13077,1,0,0,9,4,-8.496600613659245,8.496600613659245,pasikEt9R,anti_homophones
13078,1,0,0,13,5,-9.259122469243215,9.259122469243215,pERklem@sasj§,anti_homophones
13079,1,10,1,5,2,-4.892439323778875,4.892439323778875,patin,anti_homophones
13080,1,0,0,8,3,-7.101887722982153,7.101887722982153,gRavizj5,anti_homophones
13081,1,0,0,7,3,-7.226613321310731,7.226613321310731,tylaRde,anti_homophones
13082,1,14,2,5,2,-4.114128228999068,4.114128228999068,dat9R,anti_homophones
13083,1,0,0,9,4,-8.88826153004367,8.88826153004367,nomanit@s,anti_homophones
13084,1,0,0,9,4,-9.377916418483572,9.377916418483572,gaRnoviz§,anti_homophones
13085,1,0,0,9,5,-9.091754251544856,9.091754251544856,apaR@but§,anti_homophones
13086,1,0,0,8,4,-7.581911592450161,7.581911592450161,ometRole,anti_homophones
13087,1,1,0,8,4,-7.003964968943439,7.003964968943439,kokaloZi,anti_homophones
13088,1,1,0,7,2,-6.0274352147853,6.0274352147853,gRafR9R,anti_homophones
13089,1,1,0,5,1,-5.604783621481562,5.604783621481562,vwatR,anti_homophones
13090,1,3,0,4,2,-4.870976617021423,4.870976617021423,odj@,anti_homophones
13091,1,0,0,10,4,-5.934146838585296,5.934146838585296,monogRasj§,anti_homophones
13092,1,0,0,11,4,-9.484055330315224,9.484055330315224,R°gaRnozist,anti_homophones
13093,1,24,2,4,2,-4.315833572608404,4.315833572608404,pine,anti_homophones
13094,1,0,0,10,4,-9.365786568377324,9.365786568377324,debataRdOn,anti_homophones
13095,1,0,0,10,4,-8.376186873493563,8.376186873493563,pRov°gaRna,anti_homophones
13096,1,2,0,5,2,-6.9132052838728795,6.9132052838728795,nanj§,anti_homophones
13097,1,0,0,9,4,-10.573984176562183,10.573984176562183,deEstigal,anti_homophones
13098,1,0,0,8,4,-9.418832230488126,9.418832230488126,penybyl2,anti_homophones
13099,1,1,0,6,2,-7.023862890267835,7.023862890267835,laRsiG,anti_homophones
13100,1,5,0,5,2,-5.003817326151722,5.003817326151722,Oksin,anti_homophones
13101,1,9,0,4,1,-5.737612075901166,5.737612075901166,falt,anti_homophones
13102,1,7,0,4,1,-4.806448426209096,4.806448426209096,spad,anti_homophones
13103,1,10,1,3,2,-4.310233768271957,4.310233768271957,eS@,anti_homophones
13104,1,0,0,10,4,-10.641025942790623,10.641025942790623,syplatRipu,anti_homophones
13105,1,0,0,7,3,-6.403279996719217,6.403279996719217,ReditER,anti_homophones
13106,1,31,0,4,2,-4.3877021476816696,4.3877021476816696,kaR@,anti_homophones
13107,1,2,0,4,2,-5.600183022141997,5.600183022141997,vain,anti_homophones
13108,1,8,0,5,2,-5.497805426355032,5.497805426355032,RatEl,anti_homophones
13109,1,9,2,6,3,-4.76778735054663,4.76778735054663,R2z°m@,anti_homophones
13110,1,0,0,6,3,-5.8920790204134335,5.8920790204134335,kup°Ra,anti_homophones
13111,1,0,0,6,2,-6.2815583548858145,6.2815583548858145,R°d5dR,anti_homophones
13112,1,0,0,10,4,-8.708761628120575,8.708761628120575,deRul9baws,anti_homophones
13113,1,7,0,4,2,-4.960191520842655,4.960191520842655,kadE,anti_homophones
13114,1,0,0,10,3,-7.108930196840909,7.108930196840909,pRelEktabl,anti_homophones
13115,1,3,0,7,3,-5.1096252143582666,5.1096252143582666,§dyksj§,anti_homophones
13116,1,0,0,5,2,-7.376637080274762,7.376637080274762,dotis,anti_homophones
13117,1,5,0,4,2,-5.591593410537057,5.591593410537057,tuj2,anti_homophones
13118,1,7,1,6,3,-4.892497360840735,4.892497360840735,abilit,anti_homophones
13119,1,0,0,6,3,-5.601665219913444,5.601665219913444,ekliNe,anti_homophones
13120,1,0,0,8,3,-6.155684662014333,6.155684662014333,odjomEtR,anti_homophones
13121,1,0,0,13,5,-10.121749496950223,10.121749496950223,ovylkRon§sj@s,anti_homophones
13122,1,13,0,4,1,-4.90340028106183,4.90340028106183,kast,anti_homophones
13123,1,0,0,11,6,-10.726498185582223,10.726498185582223,@toRifERaje,anti_homophones
13124,1,3,0,5,2,-4.992517868234759,4.992517868234759,kokal,anti_homophones
13125,1,0,0,11,5,-7.372564300504495,7.372564300504495,puRpatik°m@,anti_homophones
13126,1,0,0,11,5,-11.323420026352704,11.323420026352704,manjalibiSy,anti_homophones
13127,1,0,0,15,6,-14.859440619965442,14.859440619965442,RukEstimediktiv,anti_homophones
13128,1,0,0,10,5,-8.418781267450514,8.418781267450514,Rinopolite,anti_homophones
13129,1,0,0,9,4,-7.922820179771792,7.922820179771792,k§feReist,anti_homophones
13130,1,0,0,8,3,-7.741720907916425,7.741720907916425,las§pt9R,anti_homophones
13131,1,3,1,7,3,-5.746045807923489,5.746045807923489,savwaj@,anti_homophones
13132,1,0,0,8,4,-6.51509220055087,6.51509220055087,egozisj§,anti_homophones
13133,1,2,0,4,1,-5.220923067127727,5.220923067127727,vluf,anti_homophones
13134,1,0,0,10,5,-8.52777176815267,8.52777176815267,koloRatine,anti_homophones
13135,1,0,0,9,4,-6.291010807671167,6.291010807671167,nydikasj§,anti_homophones
13136,1,0,0,8,4,-6.8082869250426805,6.8082869250426805,t°nEZ°m@,anti_homophones
13137,1,15,0,6,3,-4.216931481431746,4.216931481431746,sis°m@,anti_homophones
13138,1,1,0,5,2,-4.811280828552393,4.811280828552393,R2dj5,anti_homophones
13139,1,0,0,12,5,-11.547109761134575,11.547109761134575,kutonEkdOkto,anti_homophones
13140,1,11,1,5,2,-4.191071079612392,4.191071079612392,epist,anti_homophones
13141,1,6,0,4,2,-5.171070785284867,5.171070785284867,obEt,anti_homophones
13142,1,0,0,6,3,-6.017323651699697,6.017323651699697,abZEko,anti_homophones
13143,1,2,0,7,3,-6.054292832055449,6.054292832055449,mORtije,anti_homophones
13144,1,0,0,16,5,-14.832870666878483,14.832870666878483,pRefRwaseRabslEg,anti_homophones
13145,1,34,2,3,1,-3.9610490300158676,3.9610490300158676,din,anti_homophones
13146,1,0,0,6,3,-6.851331440399136,6.851331440399136,Estijo,anti_homophones
13147,1,0,0,8,4,-7.90289908896789,7.90289908896789,@plisito,anti_homophones
13148,1,7,1,5,2,-4.419816204325739,4.419816204325739,ZenER,anti_homophones
13149,1,13,1,6,2,-4.464166199039932,4.464166199039932,blasj§,anti_homophones
13150,1,0,0,9,5,-8.860151280766457,8.860151280766457,b2aRalite,anti_homophones
13151,1,0,0,6,1,-6.461362880994013,6.461362880994013,dR8izm,anti_homophones
13152,1,7,1,5,3,-4.592537251638127,4.592537251638127,@tim@,anti_homophones
13153,1,25,0,2,1,-4.569021372356279,4.569021372356279,ty,anti_homophones
13154,1,12,1,4,2,-4.989702713810871,4.989702713810871,ekle,anti_homophones
13155,1,0,0,10,4,-13.336451887456908,13.336451887456908,RezkafanaZ,anti_homophones
13156,1,0,0,7,3,-7.883395347743165,7.883395347743165,misfata,anti_homophones
13157,1,0,0,7,4,-7.779359893348773,7.779359893348773,@tiRoki,anti_homophones
13158,1,0,0,8,3,-7.091909181132728,7.091909181132728,gRifeRit,anti_homophones
13159,1,0,0,7,4,-7.855358941555153,7.855358941555153,ekupaRe,anti_homophones
13160,1,1,0,6,3,-5.171575966631941,5.171575966631941,Egzak5,anti_homophones
13161,1,0,0,9,5,-8.291859152023552,8.291859152023552,des@tieRo,anti_homophones
13162,1,0,0,10,4,-9.005738836503744,9.005738836503744,pRopRat°l5,anti_homophones
13163,1,0,0,9,3,-8.193131760781196,8.193131760781196,tR@skinit,anti_homophones
13164,1,0,0,8,4,-8.292795926841151,8.292795926841151,kamamin@,anti_homophones
13165,1,0,0,8,4,-6.783799788945814,6.783799788945814,mulin°Ri,anti_homophones
13166,1,0,0,13,5,-13.741635361342368,13.741635361342368,min9Rsifistwa,anti_homophones
13167,1,28,1,4,2,-4.274813499896445,4.274813499896445,Raje,anti_homophones
13168,1,17,1,6,3,-4.233348452523159,4.233348452523159,malite,anti_homophones
13169,1,0,0,8,3,-7.667051804600827,7.667051804600827,pERsjaty,anti_homophones
13170,1,0,0,12,4,-11.56902891138953,11.56902891138953,meRiREkstypl,anti_homophones
13171,1,0,0,9,4,-8.547330244835274,8.547330244835274,negResEje,anti_homophones
13172,1,3,0,4,2,-5.023613816147995,5.023613816147995,f°l5,anti_homophones
13173,1,11,1,4,2,-4.987400179356169,4.987400179356169,otER,anti_homophones
13174,1,0,0,8,4,-7.697795692649015,7.697795692649015,nominami,anti_homophones
13175,1,1,0,6,3,-5.11518840685039,5.11518840685039,ReadOR,anti_homophones
13176,1,3,0,6,2,-5.48158834571775,5.48158834571775,kaRj9R,anti_homophones
13177,1,0,0,9,4,-8.205652995492176,8.205652995492176,Reapakt9R,anti_homophones
13178,1,1,0,6,3,-6.606725450440865,6.606725450440865,@gwaze,anti_homophones
13179,1,0,0,9,4,-7.7056022166994795,7.7056022166994795,modeifORm,anti_homophones
13180,1,3,0,5,2,-5.658685564404485,5.658685564404485,5stRy,anti_homophones
13181,1,1,0,8,3,-5.89187719225401,5.89187719225401,k§p§ksj§,anti_homophones
13182,1,0,0,7,3,-8.223273320511407,8.223273320511407,d2teizm,anti_homophones
13183,1,0,0,14,6,-13.252055335164448,13.252055335164448,kanimintsajis@,anti_homophones
13184,1,1,0,7,3,-7.821520186334672,7.821520186334672,R@Z@bj@,anti_homophones
13185,1,6,0,7,3,-4.961633715403293,4.961633715403293,pjER°m@,anti_homophones
13186,1,2,1,6,2,-5.1192664900687905,5.1192664900687905,flot9R,anti_homophones
13187,1,0,0,11,5,-8.098995603079327,8.098995603079327,pERmanalize,anti_homophones
13188,1,1,0,5,2,-5.339259937517935,5.339259937517935,mepRi,anti_homophones
13189,1,1,1,7,3,-5.137161186238788,5.137161186238788,aplat9R,anti_homophones
13190,1,0,0,11,4,-9.309927591951816,9.309927591951816,pRobasinjER,anti_homophones
13191,1,16,1,5,2,-4.8467173862934825,4.8467173862934825,laRde,anti_homophones
13192,1,5,0,5,3,-5.4139861292036455,5.4139861292036455,ak°Ri,anti_homophones
13193,1,1,0,7,2,-5.635816336092824,5.635816336092824,s@tRist,anti_homophones
13194,1,0,0,8,5,-7.672587523122106,7.672587523122106,alydeis@,anti_homophones
13195,1,0,0,8,3,-7.006323101519784,7.006323101519784,fRodinaZ,anti_homophones
13196,1,20,0,3,1,-4.657395668347032,4.657395668347032,Sak,anti_homophones
13197,1,0,0,8,3,-7.943576800706774,7.943576800706774,meZynjoz,anti_homophones
13198,1,5,0,8,4,-5.480776682025116,5.480776682025116,epikasj§,anti_homophones
13199,1,6,0,5,2,-4.671061710388051,4.671061710388051,kRupi,anti_homophones
13200,1,0,0,7,3,-7.230317071102745,7.230317071102745,SaRpoRi,anti_homophones
13201,1,1,0,6,3,-7.645845370003509,7.645845370003509,5sizom,anti_homophones
13202,1,4,0,4,2,-4.773671713077995,4.773671713077995,@Zwe,anti_homophones
13203,1,0,0,7,3,-7.2607272505668465,7.2607272505668465,efEkspE,anti_homophones
13204,1,0,0,10,4,-11.013537467363708,11.013537467363708,pilaRbyRbe,anti_homophones
13205,1,2,0,5,2,-6.729219029021346,6.729219029021346,tufaR,anti_homophones
13206,1,1,0,6,2,-6.127066113167832,6.127066113167832,s5plas,anti_homophones
13207,1,0,0,9,4,-6.723568755007819,6.723568755007819,spiROS°te,anti_homophones
13208,1,5,0,4,2,-5.651865587772018,5.651865587772018,ORka,anti_homophones
13209,1,0,0,6,2,-5.552845227147049,5.552845227147049,kadRiR,anti_homophones
13210,1,0,0,7,2,-6.914801443201529,6.914801443201529,dREstaZ,anti_homophones
13211,1,5,0,4,2,-4.981065608106962,4.981065608106962,Zas@,anti_homophones
13212,1,5,0,7,3,-5.19141583592563,5.19141583592563,tORt°m@,anti_homophones
13213,1,0,0,6,2,-8.05757694864797,8.05757694864797,lips2z,anti_homophones
13214,1,16,0,3,1,-5.619182185878015,5.619182185878015,zEt,anti_homophones
13215,1,9,0,5,2,-5.492107328000006,5.492107328000006,matil,anti_homophones
13216,1,0,0,9,4,-7.919445153770632,7.919445153770632,5sERvatER,anti_homophones
13217,1,19,0,4,2,-4.751654918867103,4.751654918867103,syle,anti_homophones
13218,1,0,0,14,6,-13.605371443405565,13.605371443405565,R°fl8idim@taR@,anti_homophones
13219,1,12,0,4,2,-5.0626745444706485,5.0626745444706485,paty,anti_homophones
13220,1,2,0,5,2,-6.657168581584674,6.657168581584674,Zaman,anti_homophones
13221,1,14,2,4,1,-4.323508679214943,4.323508679214943,dabl,anti_homophones
13222,1,0,0,11,5,-9.949498767376987,9.949498767376987,aRkom@s°val,anti_homophones
13223,1,0,0,6,2,-5.580293150043335,5.580293150043335,bl@Ska,anti_homophones
13224,1,0,0,9,5,-8.387600175333429,8.387600175333429,kapideoni,anti_homophones
13225,1,6,1,6,2,-4.430280298644842,4.430280298644842,SatwaR,anti_homophones
13226,1,1,0,6,2,-5.42827068531784,5.42827068531784,pn2mOl,anti_homophones
13227,1,2,0,6,3,-6.26986159346503,6.26986159346503,SaRine,anti_homophones
13228,1,1,0,8,4,-6.474257298183913,6.474257298183913,k§s@s°m@,anti_homophones
13229,1,0,0,10,5,-8.201234717585622,8.201234717585622,finisEl°Ri,anti_homophones
13230,1,5,0,4,2,-5.33476306872301,5.33476306872301,nuvE,anti_homophones
13231,1,0,0,9,4,-6.071263642741477,6.071263642741477,paRatasj§,anti_homophones
13232,1,0,0,10,5,-8.761487587069533,8.761487587069533,volapySone,anti_homophones
13233,1,2,0,6,3,-6.027892220846663,6.027892220846663,5stafi,anti_homophones
13234,1,0,0,8,4,-8.535756474816733,8.535756474816733,@piRokyl,anti_homophones
13235,1,0,0,6,3,-6.200767104745779,6.200767104745779,av°tje,anti_homophones
13236,1,0,0,11,5,-5.821827833570963,5.821827833570963,k§silizasj§,anti_homophones
13237,1,0,0,7,2,-7.616487610632357,7.616487610632357,gustRik,anti_homophones
13238,1,3,0,5,2,-5.982598757188997,5.982598757188997,mORdE,anti_homophones
13239,1,2,0,6,3,-5.115190246776111,5.115190246776111,disone,anti_homophones
13240,1,0,0,13,5,-13.156720701171864,13.156720701171864,ev@tR°pjatRik,anti_homophones
13241,1,1,0,6,3,-5.590539505866537,5.590539505866537,@fuR9R,anti_homophones
13242,1,6,0,6,3,-5.39807587666146,5.39807587666146,buS°m@,anti_homophones
13243,1,1,1,6,2,-5.325324208631967,5.325324208631967,s°kRys,anti_homophones
13244,1,0,0,13,6,-10.896262248320895,10.896262248320895,k§sidRopOliS§,anti_homophones
13245,1,8,1,5,2,-4.519100695474952,4.519100695474952,maRSi,anti_homophones
13246,1,0,0,7,3,-7.149397953715546,7.149397953715546,aRpetil,anti_homophones
13247,1,9,0,7,3,-6.054094764254916,6.054094764254916,bREs°m@,anti_homophones
13248,1,0,0,7,3,-6.775728198111869,6.775728198111869,ibERlyR,anti_homophones
13249,1,0,0,13,5,-12.21472348229023,12.21472348229023,gROm°l§dRijaZ,anti_homophones
13250,1,0,0,13,6,-13.211344065070985,13.211344065070985,fosij§fanakEt,anti_homophones
13251,1,0,0,6,3,-7.186018392222355,7.186018392222355,peniN§,anti_homophones
13252,1,3,1,6,3,-4.598502366518703,4.598502366518703,k§syme,anti_homophones
13253,1,0,0,11,5,-11.20556540583822,11.20556540583822,ZenefR@kote,anti_homophones
13254,1,0,0,7,3,-6.569437722046704,6.569437722046704,R°blok@,anti_homophones
13255,1,17,2,4,2,-4.210002844338286,4.210002844338286,anik,anti_homophones
13256,1,0,0,7,3,-8.00950210027744,8.00950210027744,molaRmi,anti_homophones
13257,1,0,0,8,4,-8.2471720006406,8.2471720006406,desil@de,anti_homophones
13258,1,4,0,5,3,-5.4710037121561905,5.4710037121561905,epusi,anti_homophones
13259,1,0,0,6,3,-7.175524975523153,7.175524975523153,vidina,anti_homophones
13260,1,7,1,3,1,-4.631905152803252,4.631905152803252,dwe,anti_homophones
13261,1,0,0,13,6,-13.570816232873142,13.570816232873142,R°demERtyn°lE,anti_homophones
13262,1,0,0,9,4,-6.468664482037831,6.468664482037831,@dokRat9R,anti_homophones
13263,1,2,0,7,3,-5.679061966372218,5.679061966372218,5dyktif,anti_homophones
13264,1,2,0,6,3,-5.919973929221251,5.919973929221251,negoin,anti_homophones
13265,1,0,0,12,5,-11.288242893843822,11.288242893843822,ZERmemok2taR,anti_homophones
13266,1,0,0,7,4,-6.431449222605889,6.431449222605889,alefone,anti_homophones
13267,1,2,0,8,3,-5.718499904299653,5.718499904299653,kRibl°m@,anti_homophones
13268,1,0,0,8,4,-5.5906641217205175,5.5906641217205175,afEkt°m@,anti_homophones
13269,1,8,1,4,2,-4.2574663514171585,4.2574663514171585,@gle,anti_homophones
13270,1,23,1,3,1,-4.2376938330717495,4.2376938330717495,kR5,anti_homophones
13271,1,7,1,5,2,-4.632854466031819,4.632854466031819,pReNe,anti_homophones
13272,1,0,0,9,4,-10.912892698196007,10.912892698196007,kyplemOni,anti_homophones
13273,1,7,0,5,2,-5.110506850425335,5.110506850425335,kaRbo,anti_homophones
13274,1,0,0,8,4,-7.584579147382868,7.584579147382868,aksidemi,anti_homophones
13275,1,0,0,12,5,-10.150817322456039,10.150817322456039,modefEktilik,anti_homophones
13276,1,0,0,11,5,-10.515642731090402,10.515642731090402,vazoaRtRijE,anti_homophones
13277,1,0,0,7,3,-10.090529633436532,10.090529633436532,monEdzo,anti_homophones
13278,1,1,0,5,2,-4.91888420594931,4.91888420594931,sups§,anti_homophones
13279,1,0,0,7,3,-7.327766472699749,7.327766472699749,5pR°t9R,anti_homophones
13280,1,5,0,5,2,-6.27224954905712,6.27224954905712,malaf,anti_homophones
13281,1,1,0,8,3,-6.564248880975481,6.564248880975481,mitRat9R,anti_homophones
13282,1,0,0,11,5,-9.525550775123545,9.525550775123545,islipsEn°m@,anti_homophones
13283,1,0,0,7,3,-7.424650462914446,7.424650462914446,sfeRone,anti_homophones
13284,1,1,0,5,2,-8.177598517534006,8.177598517534006,SORaZ,anti_homophones
13285,1,5,0,8,4,-5.2293171074796705,5.2293171074796705,@koloZik,anti_homophones
13286,1,3,0,5,2,-5.807869583718268,5.807869583718268,RivaR,anti_homophones
13287,1,44,0,2,1,-4.567808355272589,4.567808355272589,al,anti_homophones
13288,1,5,0,5,2,-5.554091115484639,5.554091115484639,kRupE,anti_homophones
13289,1,0,0,9,3,-7.312497075534326,7.312497075534326,tR@skinwa,anti_homophones
13290,1,0,0,6,3,-6.18653384349159,6.18653384349159,alkomi,anti_homophones
13291,1,1,0,7,3,-6.2571163170202775,6.2571163170202775,minalit,anti_homophones
13292,1,9,0,4,2,-5.1331011552346615,5.1331011552346615,pety,anti_homophones
13293,1,1,0,6,2,-5.857257375389369,5.857257375389369,fEjdiz,anti_homophones
13294,1,7,0,4,1,-4.859526309933992,4.859526309933992,pROf,anti_homophones
13295,1,4,0,4,2,-5.581616276055994,5.581616276055994,@gly,anti_homophones
13296,1,0,0,6,3,-6.048825687953515,6.048825687953515,ZyZes@,anti_homophones
13297,1,0,0,6,2,-5.793948505665782,5.793948505665782,vR§bOl,anti_homophones
13298,1,0,0,7,3,-5.931108819047989,5.931108819047989,R°lotaZ,anti_homophones
13299,1,1,1,6,2,-5.444746536483406,5.444746536483406,dOptER,anti_homophones
13300,1,0,0,9,4,-7.243651863699695,7.243651863699695,dekol§bEl,anti_homophones
13301,1,0,0,8,4,-6.2862722138420475,6.2862722138420475,diOksite,anti_homophones
13302,1,0,0,6,3,-7.556065235476647,7.556065235476647,veRata,anti_homophones
13303,1,5,0,5,3,-5.629690417239789,5.629690417239789,ekoli,anti_homophones
13304,1,9,1,6,3,-4.292276109469821,4.292276109469821,medite,anti_homophones
13305,1,2,1,6,2,-4.954023634114533,4.954023634114533,medj@s,anti_homophones
13306,1,20,1,4,2,-4.648676274955849,4.648676274955849,maR@,anti_homophones
13307,1,3,0,6,3,-5.608335225906141,5.608335225906141,polone,anti_homophones
13308,1,1,0,6,2,-5.455466007836576,5.455466007836576,gRoNak,anti_homophones
13309,1,8,1,4,2,-4.404727531752386,4.404727531752386,mobi,anti_homophones
13310,1,1,0,6,3,-5.828552217775408,5.828552217775408,m§t5Z@,anti_homophones
13311,1,0,0,9,4,-8.913829959214574,8.913829959214574,5tEstaSaZ,anti_homophones
13312,1,0,0,7,3,-8.588962962472182,8.588962962472182,SopilEm,anti_homophones
13313,1,19,1,3,1,-4.029286379875968,4.029286379875968,kOp,anti_homophones
13314,1,0,0,8,3,-5.829379141720999,5.829379141720999,k§plis9R,anti_homophones
13315,1,0,0,7,3,-7.513761935240769,7.513761935240769,kaRmOti,anti_homophones
13316,1,1,0,7,3,-5.896618174703875,5.896618174703875,syRZine,anti_homophones
13317,1,21,0,3,1,-4.442408230312871,4.442408230312871,fOl,anti_homophones
13318,1,1,0,5,2,-5.248929491380883,5.248929491380883,albin,anti_homophones
13319,1,0,0,7,3,-5.45077289146818,5.45077289146818,glisite,anti_homophones
13320,1,1,1,8,4,-5.49727623651445,5.49727623651445,debyS°m@,anti_homophones
13321,1,23,1,3,1,-4.381401512437018,4.381401512437018,mim,anti_homophones
13322,1,0,0,14,6,-15.995551341603091,15.995551341603091,pRybRinotodite,anti_homophones
13323,1,4,1,5,2,-4.321978127608527,4.321978127608527,Reabl,anti_homophones
13324,1,3,0,4,2,-4.711081914878659,4.711081914878659,Ruk5,anti_homophones
13325,1,4,0,7,3,-6.180407214993688,6.180407214993688,igRat9R,anti_homophones
13326,1,10,0,4,1,-4.815901039820075,4.815901039820075,pRon,anti_homophones
13327,1,3,0,6,3,-5.8068027368242054,5.8068027368242054,apson@,anti_homophones
13328,1,0,0,8,3,-6.333577344715882,6.333577344715882,vaksesj§,anti_homophones
13329,1,8,0,6,2,-5.0418126908486665,5.0418126908486665,gaRist,anti_homophones
13330,1,13,0,3,1,-4.730857429884795,4.730857429884795,gaf,anti_homophones
13331,1,7,0,5,2,-4.615087391323264,4.615087391323264,sizj§,anti_homophones
13332,1,0,0,7,3,-5.902960802950475,5.902960802950475,fR§d°Ri,anti_homophones
13333,1,4,0,5,2,-5.39537155806626,5.39537155806626,kotin,anti_homophones
13334,1,0,1,6,3,-5.092018145829272,5.092018145829272,epifik,anti_homophones
13335,1,0,0,7,4,-7.4950624811984445,7.4950624811984445,Zeotise,anti_homophones
13336,1,8,0,4,2,-5.248212252218199,5.248212252218199,inyt,anti_homophones
13337,1,2,0,9,4,-5.388748694737447,5.388748694737447,Eks8El°m@,anti_homophones
13338,1,1,0,9,4,-8.439437566163267,8.439437566163267,viz8alige,anti_homophones
13339,1,2,0,5,2,-5.754551458289593,5.754551458289593,siZid,anti_homophones
13340,1,0,0,11,5,-12.664595788740233,12.664595788740233,RadZ§Sonezi,anti_homophones
13341,1,10,1,6,3,-4.213830446573968,4.213830446573968,pozite,anti_homophones
13342,1,0,0,15,6,-16.833832886738143,16.833832886738143,ploz@ZolEspasin,anti_homophones
13343,1,1,0,7,4,-5.639893473374699,5.639893473374699,@bul°m@,anti_homophones
13344,1,8,0,5,2,-5.233878364265283,5.233878364265283,liS9R,anti_homophones
13345,1,13,1,4,2,-4.137261764318468,4.137261764318468,aRSi,anti_homophones
13346,1,7,0,4,2,-4.846714982296036,4.846714982296036,paj5,anti_homophones
13347,1,3,0,5,2,-5.705265602073509,5.705265602073509,Sakyl,anti_homophones
13348,1,0,0,8,4,-6.633033835580216,6.633033835580216,monomina,anti_homophones
13349,1,26,0,2,1,-4.576115388969123,4.576115388969123,gE,anti_homophones
13350,1,0,0,10,5,-6.847531148698569,6.847531148698569,5famizasj§,anti_homophones
13351,1,1,0,5,2,-6.436966566888337,6.436966566888337,Regos,anti_homophones
13352,1,0,0,10,4,-7.0908381590631615,7.0908381590631615,pOstk§bine,anti_homophones
13353,1,0,0,7,3,-7.826581403231469,7.826581403231469,RipOsto,anti_homophones
13354,1,0,0,8,3,-7.958422147265784,7.958422147265784,sEptomiR,anti_homophones
13355,1,0,0,8,3,-7.026736070405413,7.026736070405413,bifyzj9R,anti_homophones
13356,1,7,0,3,1,-4.586488454622489,4.586488454622489,l5f,anti_homophones
13357,1,16,0,4,1,-5.018518540960372,5.018518540960372,klyR,anti_homophones
13358,1,12,0,5,2,-4.496073522819442,4.496073522819442,pRete,anti_homophones
13359,1,0,0,9,4,-8.255712211019103,8.255712211019103,sped@tis@,anti_homophones
13360,1,27,0,2,1,-4.56897294701687,4.56897294701687,id,anti_homophones
13361,1,13,0,4,2,-4.859086942619027,4.859086942619027,alwa,anti_homophones
13362,1,3,0,6,2,-4.9731586241088666,4.9731586241088666,buSwaR,anti_homophones
13363,1,16,1,4,2,-4.965773713603159,4.965773713603159,pat5,anti_homophones
13364,1,0,0,15,6,-13.74458336022383,13.74458336022383,baRbuzjaRkabij§,anti_homophones
13365,1,1,0,6,2,-5.942059322793595,5.942059322793595,pRodiS,anti_homophones
13366,1,1,0,7,2,-6.571914698014946,6.571914698014946,fR@svEl,anti_homophones
13367,1,2,0,5,2,-5.461419804960034,5.461419804960034,libil,anti_homophones
13368,1,4,0,6,2,-5.0875809144157405,5.0875809144157405,kRaS9R,anti_homophones
13369,1,10,0,4,2,-5.420708459838984,5.420708459838984,boRi,anti_homophones
13370,1,9,0,4,1,-4.84512675486961,4.84512675486961,bORn,anti_homophones
13371,1,2,0,6,3,-6.111302726701523,6.111302726701523,tel@Ze,anti_homophones
13372,1,0,0,11,4,-10.243965493109195,10.243965493109195,sapastigRaf,anti_homophones
13373,1,8,0,4,1,-5.334979515296296,5.334979515296296,mwaj,anti_homophones
13374,1,1,0,6,3,-5.7765694594125465,5.7765694594125465,kavane,anti_homophones
13375,1,0,0,7,3,-6.920806812649529,6.920806812649529,suk°nEz,anti_homophones
13376,1,0,0,11,5,-12.165538062320708,12.165538062320708,bataS§bR@Se,anti_homophones
13377,1,6,1,5,2,-5.0964448035003675,5.0964448035003675,kaR@t,anti_homophones
13378,1,0,0,14,6,-12.369781452875436,12.369781452875436,sypERsinykylOm,anti_homophones
13379,1,0,0,12,5,-10.106409714640717,10.106409714640717,mORfEktatikE,anti_homophones
13380,1,2,0,6,2,-4.858593494579775,4.858593494579775,sed8iR,anti_homophones
13381,1,0,0,12,5,-12.774233652542657,12.774233652542657,agavjolifisk,anti_homophones
13382,1,0,0,5,2,-5.868335876543955,5.868335876543955,Est§p,anti_homophones
13383,1,8,1,5,2,-4.889303363010755,4.889303363010755,mal9R,anti_homophones
13384,1,0,0,8,3,-5.942810468572139,5.942810468572139,divERtif,anti_homophones
13385,1,5,0,5,2,-5.480719739434461,5.480719739434461,medyl,anti_homophones
13386,1,7,0,4,2,-5.060359858786333,5.060359858786333,vaSa,anti_homophones
13387,1,1,0,5,3,-5.832286218919322,5.832286218919322,apide,anti_homophones
13388,1,0,0,6,2,-5.321643986612876,5.321643986612876,plymin,anti_homophones
13389,1,0,0,6,3,-7.576036594737867,7.576036594737867,maROti,anti_homophones
13390,1,0,0,9,4,-7.912830562544729,7.912830562544729,teROgRafi,anti_homophones
13391,1,12,0,7,3,-4.470937397245559,4.470937397245559,peRasj§,anti_homophones
13392,1,5,0,5,2,-5.147695451928324,5.147695451928324,metR§,anti_homophones
13393,1,0,0,7,3,-8.453715955077081,8.453715955077081,tyRelyZ,anti_homophones
13394,1,0,0,16,6,-16.1058793600247,16.1058793600247,kwasORpsablijole,anti_homophones
13395,1,0,0,10,4,-9.401359717095938,9.401359717095938,k§tEstapje,anti_homophones
13396,1,0,0,9,4,-9.767966792753375,9.767966792753375,ZERifikap,anti_homophones
13397,1,1,0,8,3,-5.317937891819485,5.317937891819485,diskylER,anti_homophones
13398,1,4,1,3,1,-4.518196737746234,4.518196737746234,Oft,anti_homophones
13399,1,0,0,8,3,-7.505557075226017,7.505557075226017,boglObin,anti_homophones
13400,1,7,0,5,2,-4.826990109913792,4.826990109913792,aZabl,anti_homophones
13401,1,3,1,4,1,-4.7047183165093935,4.7047183165093935,nObl,anti_homophones
13402,1,6,1,4,1,-4.977219032772263,4.977219032772263,s@bl,anti_homophones
13403,1,19,0,3,1,-5.7196857810047215,5.7196857810047215,gEs,anti_homophones
13404,1,0,0,6,2,-6.018818954014734,6.018818954014734,s8it9R,anti_homophones
13405,1,2,0,6,2,-5.530880079743808,5.530880079743808,R°pl@t,anti_homophones
13406,1,0,0,7,3,-7.399785197663916,7.399785197663916,fyRkole,anti_homophones
13407,1,0,0,9,4,-5.83266135231569,5.83266135231569,syzREn°m@,anti_homophones
13408,1,2,0,5,3,-5.830425667869984,5.830425667869984,@kise,anti_homophones
13409,1,0,0,6,3,-7.143644584268607,7.143644584268607,l§date,anti_homophones
13410,1,11,1,3,2,-4.857448373213066,4.857448373213066,epE,anti_homophones
13411,1,8,2,5,2,-4.095125916893129,4.095125916893129,eklER,anti_homophones
13412,1,13,1,3,1,-4.512994660567495,4.512994660567495,p8i,anti_homophones
13413,1,2,0,6,3,-6.523782136098084,6.523782136098084,meZim@,anti_homophones
13414,1,0,0,7,3,-6.581695685405285,6.581695685405285,kRimaZi,anti_homophones
13415,1,1,0,7,3,-7.73820750501181,7.73820750501181,5famint,anti_homophones
13416,1,1,0,7,3,-6.8620901907235705,6.8620901907235705,§g8ij9R,anti_homophones
13417,1,0,0,8,3,-7.469645439733465,7.469645439733465,ZeORjabl,anti_homophones
13418,1,5,1,5,2,-4.8543087778455085,4.8543087778455085,f@tal,anti_homophones
13419,1,0,0,7,3,-6.160417426158306,6.160417426158306,5stRyEl,anti_homophones
13420,1,2,0,6,3,-5.755885600736255,5.755885600736255,k§kyla,anti_homophones
13421,1,15,0,3,1,-4.396731856609549,4.396731856609549,fij,anti_homophones
13422,1,0,0,9,4,-7.431734162550248,7.431734162550248,RefigyRaZ,anti_homophones
13423,1,0,0,8,3,-6.236255436522989,6.236255436522989,libRoS9R,anti_homophones
13424,1,12,1,4,2,-4.453467140932736,4.453467140932736,debi,anti_homophones
13425,1,0,0,15,6,-13.439840344231737,13.439840344231737,vikysp@sefaktOd,anti_homophones
13426,1,0,0,10,4,-9.207566106523085,9.207566106523085,aspaRtijad,anti_homophones
13427,1,5,0,8,4,-5.875832864754555,5.875832864754555,gatik°m@,anti_homophones
13428,1,0,0,11,5,-10.714607439215627,10.714607439215627,aRabusbiNOn,anti_homophones
13429,1,0,0,9,4,-6.571608136875052,6.571608136875052,Ekspekyle,anti_homophones
13430,1,3,0,5,2,-5.6147736710555325,5.6147736710555325,skaRo,anti_homophones
13431,1,0,0,8,3,-8.160272113270722,8.160272113270722,k§pREzil,anti_homophones
13432,1,7,1,5,2,-4.535503889973293,4.535503889973293,R§d9R,anti_homophones
13433,1,3,0,5,2,-5.622387529725105,5.622387529725105,l@bRe,anti_homophones
13434,1,0,0,12,5,-8.99310885268194,8.99310885268194,tR5baRbOn°m@,anti_homophones
13435,1,0,1,6,2,-5.539418973590693,5.539418973590693,limist,anti_homophones
13436,1,0,0,8,4,-11.337148041397157,11.337148041397157,Sof°R§z§,anti_homophones
13437,1,1,1,6,3,-5.562886494999172,5.562886494999172,polik5,anti_homophones
13438,1,0,0,16,6,-17.739908644421817,17.739908644421817,tRoglOdEblimasj§,anti_homophones
13439,1,14,1,5,3,-4.73822214815379,4.73822214815379,ER°m@,anti_homophones
13440,1,1,0,5,2,-5.656341978927133,5.656341978927133,stis@,anti_homophones
13441,1,0,0,6,3,-7.991524629453859,7.991524629453859,waz§bi,anti_homophones
13442,1,4,1,5,2,-5.55888149012011,5.55888149012011,sysid,anti_homophones
13443,1,0,0,7,3,-6.635957831800397,6.635957831800397,gobilik,anti_homophones
13444,1,0,0,7,3,-7.176222691980278,7.176222691980278,jodoRal,anti_homophones
13445,1,9,0,3,1,-4.647592382531766,4.647592382531766,g§g,anti_homophones
13446,1,18,1,4,2,-4.475709795590416,4.475709795590416,piRe,anti_homophones
13447,1,1,0,5,2,-5.650600761127375,5.650600761127375,dOlin,anti_homophones
13448,1,0,0,11,6,-10.820500619431133,10.820500619431133,piupiRoloZi,anti_homophones
13449,1,6,0,5,2,-6.553053227403217,6.553053227403217,pERs§,anti_homophones
13450,1,0,0,7,3,-7.82028932284547,7.82028932284547,domiNOt,anti_homophones
13451,1,0,0,9,4,-7.391018247462493,7.391018247462493,patRijam@,anti_homophones
13452,1,0,0,9,4,-8.700533833693148,8.700533833693148,R°kuligaR,anti_homophones
13453,1,2,0,6,3,-6.293519196764229,6.293519196764229,aRZ@se,anti_homophones
13454,1,0,0,11,4,-9.045778999022705,9.045778999022705,divERdikt9R,anti_homophones
13455,1,4,0,5,2,-5.406637215494406,5.406637215494406,migRe,anti_homophones
13456,1,1,0,6,3,-7.09030596950554,7.09030596950554,tRine5,anti_homophones
13457,1,6,0,5,2,-5.960694313694954,5.960694313694954,balEs,anti_homophones
13458,1,0,0,13,5,-13.622428587288793,13.622428587288793,spERkylER°baR,anti_homophones
13459,1,2,1,4,1,-5.365949359580745,5.365949359580745,l8En,anti_homophones
13460,1,0,0,8,4,-7.617072969779695,7.617072969779695,k§patiR@,anti_homophones
13461,1,0,0,9,3,-8.667147802905504,8.667147802905504,EkspRoRit,anti_homophones
13462,1,3,0,5,2,-5.979970648509697,5.979970648509697,koRil,anti_homophones
13463,1,0,0,9,4,-9.439062003196529,9.439062003196529,@pajaltER,anti_homophones
13464,1,0,0,12,5,-9.791252980488201,9.791252980488201,etaRsiRkylER,anti_homophones
13465,1,0,0,9,3,-9.150089327220607,9.150089327220607,tR@tjagna,anti_homophones
13466,1,0,0,12,5,-9.335494752086591,9.335494752086591,delifORminal,anti_homophones
13467,1,0,0,14,6,-13.586621375920746,13.586621375920746,bagulaZERfwaze,anti_homophones
13468,1,4,0,6,3,-5.319920188904187,5.319920188904187,teat9R,anti_homophones
13469,1,0,0,11,5,-6.680789165351818,6.680789165351818,maRit8El°m@,anti_homophones
13470,1,1,0,5,2,-6.251783785618898,6.251783785618898,efERm,anti_homophones
13471,1,10,1,5,2,-4.5173385181585965,4.5173385181585965,asabl,anti_homophones
13472,1,4,0,5,2,-4.807240064260538,4.807240064260538,maZik,anti_homophones
13473,1,0,0,8,3,-7.8042009162992345,7.8042009162992345,s5kRozEj,anti_homophones
13474,1,1,0,5,3,-5.763140868128218,5.763140868128218,5v5ky,anti_homophones
13475,1,4,0,5,2,-5.822667538698047,5.822667538698047,elibR,anti_homophones
13476,1,1,0,7,3,-5.657713771575154,5.657713771575154,kReakte,anti_homophones
13477,1,0,0,11,4,-12.093086491028355,12.093086491028355,pavastREpt2,anti_homophones
13478,1,0,0,13,5,-10.867951149313413,10.867951149313413,ZaluzjastR°m@,anti_homophones
13479,1,0,0,11,4,-11.972829742651722,11.972829742651722,SaRkablesiR,anti_homophones
13480,1,2,0,6,3,-6.055251401342212,6.055251401342212,@k§taZ,anti_homophones
13481,1,0,0,10,5,-9.649898472298236,9.649898472298236,k§bagut°f2,anti_homophones
13482,1,13,1,4,2,-4.785808554819671,4.785808554819671,R°d§,anti_homophones
13483,1,3,0,5,2,-5.657540605529021,5.657540605529021,@k§bl,anti_homophones
13484,1,0,0,14,6,-13.138304301730308,13.138304301730308,modylataRtRose,anti_homophones
13485,1,4,1,7,3,-5.658038840194693,5.658038840194693,patat9R,anti_homophones
13486,1,10,0,4,2,-5.049744257111489,5.049744257111489,vaSi,anti_homophones
13487,1,3,0,5,2,-5.528821454375757,5.528821454375757,geRil,anti_homophones
13488,1,0,0,12,5,-9.776400818074986,9.776400818074986,n2RolEptityd,anti_homophones
13489,1,0,0,7,3,-5.8555969002935395,5.8555969002935395,kopylse,anti_homophones
13490,1,2,0,6,2,-5.881026407050441,5.881026407050441,sakROm,anti_homophones
13491,1,5,0,5,2,-6.137654432006219,6.137654432006219,lynit,anti_homophones
13492,1,1,0,5,2,-5.61209412563848,5.61209412563848,S@baZ,anti_homophones
13493,1,0,0,6,2,-7.334512889031673,7.334512889031673,Rok9Rl,anti_homophones
13494,1,0,0,8,4,-6.163082278520435,6.163082278520435,EgzakuSe,anti_homophones
13495,1,12,2,4,2,-4.209703624028346,4.209703624028346,pot@,anti_homophones
13496,1,0,0,8,3,-7.432207053010487,7.432207053010487,RepRisaZ,anti_homophones
13497,1,2,0,5,2,-6.345708138216297,6.345708138216297,fREni,anti_homophones
13498,1,0,0,6,3,-6.236419362197595,6.236419362197595,bagut2,anti_homophones
13499,1,0,0,12,5,-9.06466262114628,9.06466262114628,5tERnizasjOl,anti_homophones
13500,1,0,0,6,3,-7.309838943946508,7.309838943946508,etOfOR,anti_homophones
13501,1,0,0,12,5,-12.037630242599413,12.037630242599413,anaRkaRtuf9R,anti_homophones
13502,1,2,0,5,2,-5.955185602223113,5.955185602223113,Rajad,anti_homophones
13503,1,1,0,5,2,-4.90727737637443,4.90727737637443,gR5S2,anti_homophones
13504,1,10,1,4,2,-4.570798964136974,4.570798964136974,fERe,anti_homophones
13505,1,0,0,6,3,-5.7108941883631585,5.7108941883631585,RadoR@,anti_homophones
13506,1,0,1,7,2,-6.1985491906164745,6.1985491906164745,gRavjal,anti_homophones
13507,1,0,0,11,4,-9.884189433922893,9.884189433922893,EgzagRafEbl,anti_homophones
13508,1,2,0,5,2,-6.524517885492769,6.524517885492769,stino,anti_homophones
13509,1,3,0,6,3,-5.607843410167442,5.607843410167442,tav°m@,anti_homophones
13510,1,0,0,6,2,-6.299324314856389,6.299324314856389,tRwajo,anti_homophones
13511,1,1,0,6,3,-6.283235881375098,6.283235881375098,pagej@,anti_homophones
13512,1,0,0,7,3,-6.631990153427035,6.631990153427035,R°tRaZe,anti_homophones
13513,1,0,0,12,5,-7.096924346201837,7.096924346201837,pORsjonEl°m@,anti_homophones
13514,1,0,0,13,6,-11.881841872608243,11.881841872608243,kanomimeteRj2,anti_homophones
13515,1,2,0,6,3,-6.313827455862754,6.313827455862754,pezid@,anti_homophones
13516,1,11,1,4,2,-4.665569204412675,4.665569204412675,kat§,anti_homophones
13517,1,0,0,8,4,-6.23254969790544,6.23254969790544,bal@t°m@,anti_homophones
13518,1,1,0,6,2,-7.203750160757257,7.203750160757257,StRuso,anti_homophones
13519,1,12,1,4,2,-4.458369700793281,4.458369700793281,bySe,anti_homophones
13520,1,0,0,12,5,-8.490425972132662,8.490425972132662,oblEst82z°m@,anti_homophones
13521,1,3,0,5,2,-5.303411000944974,5.303411000944974,k9jEt,anti_homophones
13522,1,1,0,7,3,-6.690847367725048,6.690847367725048,Zenigm@,anti_homophones
13523,1,0,0,11,5,-6.244110836917009,6.244110836917009,fyn@bylasj§,anti_homophones
13524,1,4,0,4,2,-5.615467492620008,5.615467492620008,loz@,anti_homophones
13525,1,0,0,11,5,-8.429872922852569,8.429872922852569,finamitasj§,anti_homophones
13526,1,9,0,5,2,-5.423338224392335,5.423338224392335,pRota,anti_homophones
13527,1,0,0,9,3,-7.311050294410164,7.311050294410164,plyvjolEs,anti_homophones
13528,1,5,0,4,2,-5.152886319230239,5.152886319230239,fety,anti_homophones
13529,1,0,0,10,5,-11.241298353396354,11.241298353396354,biodRoloZi,anti_homophones
13530,1,0,0,7,3,-8.51804722285679,8.51804722285679,bigRupi,anti_homophones
13531,1,14,1,5,2,-4.221278447809721,4.221278447809721,dezER,anti_homophones
13532,1,0,0,11,5,-9.045568008243771,9.045568008243771,depwasoloZi,anti_homophones
13533,1,0,0,6,2,-6.334826066950694,6.334826066950694,mOskOl,anti_homophones
13534,1,22,0,4,2,-4.670684900748387,4.670684900748387,dole,anti_homophones
13535,1,0,0,13,5,-13.890721585053559,13.890721585053559,tiRjatRiS°lEv,anti_homophones
13536,1,0,0,7,3,-7.494168229532093,7.494168229532093,R°ZaRde,anti_homophones
13537,1,5,0,6,3,-4.818802622671815,4.818802622671815,piRite,anti_homophones
13538,1,0,0,9,4,-7.633437269465211,7.633437269465211,RegyldoR@,anti_homophones
13539,1,3,0,8,4,-5.8718716524485135,5.8718716524485135,Re@sjone,anti_homophones
13540,1,0,0,7,3,-7.426442507862115,7.426442507862115,dezOREs,anti_homophones
13541,1,0,0,14,6,-11.169873123122592,11.169873123122592,depaRak§pR°nuj,anti_homophones
13542,1,0,0,11,4,-9.70567377172148,9.70567377172148,fabyskyltip,anti_homophones
13543,1,0,0,10,5,-9.732788586105968,9.732788586105968,ReeS°vivRE,anti_homophones
13544,1,27,1,3,2,-4.425766698543977,4.425766698543977,ave,anti_homophones
13545,1,1,0,9,4,-8.593918921936313,8.593918921936313,ykRedasj§,anti_homophones
13546,1,4,0,5,2,-5.227799015560013,5.227799015560013,tRofe,anti_homophones
13547,1,8,1,3,1,-4.421414622668383,4.421414622668383,s§d,anti_homophones
13548,1,1,0,6,3,-5.775528189011137,5.775528189011137,ekodaZ,anti_homophones
13549,1,0,0,9,4,-6.001625204484181,6.001625204484181,ORdj2z°m@,anti_homophones
13550,1,1,0,6,2,-5.851939846835638,5.851939846835638,kOltaZ,anti_homophones
13551,1,2,0,5,2,-5.58824638984418,5.58824638984418,kaft@,anti_homophones
13552,1,0,0,5,2,-5.693350453561081,5.693350453561081,dORyR,anti_homophones
13553,1,0,0,5,3,-5.772776064420615,5.772776064420615,2foRa,anti_homophones
13554,1,0,0,11,5,-8.416595742155996,8.416595742155996,s@sefasasj§,anti_homophones
13555,1,4,0,6,3,-5.024367966394195,5.024367966394195,libeR@,anti_homophones
13556,1,8,0,5,2,-4.572527609617361,4.572527609617361,ORtaZ,anti_homophones
13557,1,4,0,6,3,-5.694213033116766,5.694213033116766,emotik,anti_homophones
13558,1,1,0,7,3,-6.474967310779606,6.474967310779606,polivit,anti_homophones
13559,1,0,0,6,3,-6.232188551616305,6.232188551616305,Rygale,anti_homophones
13560,1,0,0,11,5,-8.991992750719664,8.991992750719664,gREs°valize,anti_homophones
13561,1,1,1,6,2,-5.151748238766796,5.151748238766796,R°tREt,anti_homophones
13562,1,0,0,13,6,-11.433508186669494,11.433508186669494,nekonERgal°m@,anti_homophones
13563,1,0,0,9,3,-9.345014818922618,9.345014818922618,gRystityd,anti_homophones
13564,1,15,0,3,1,-6.122692670090053,6.122692670090053,guj,anti_homophones
13565,1,0,0,10,4,-9.202897422177404,9.202897422177404,klizatifje,anti_homophones
13566,1,2,0,7,3,-5.972668706750618,5.972668706750618,ipERsiG,anti_homophones
13567,1,6,0,4,1,-5.277816733173847,5.277816733173847,Ritm,anti_homophones
13568,1,2,0,6,3,-6.31757127316739,6.31757127316739,5pERl5,anti_homophones
13569,1,0,0,11,5,-10.035614206348367,10.035614206348367,R°s@sifonom,anti_homophones
13570,1,1,0,6,3,-5.286410212759191,5.286410212759191,den§se,anti_homophones
13571,1,2,0,5,2,-5.179821073064318,5.179821073064318,veZj5,anti_homophones
13572,1,0,0,7,2,-6.188795798962797,6.188795798962797,kRonabl,anti_homophones
13573,1,1,0,6,3,-6.6138999815783075,6.6138999815783075,Sakuf5,anti_homophones
13574,1,5,0,4,2,-5.200514237958288,5.200514237958288,ist@,anti_homophones
13575,1,0,0,10,4,-9.228262915577464,9.228262915577464,papilogRan,anti_homophones
13576,1,3,0,5,2,-7.04110669664696,7.04110669664696,kupl@,anti_homophones
13577,1,0,0,6,2,-5.496205832945638,5.496205832945638,oblabl,anti_homophones
13578,1,0,0,10,5,-7.679784695432887,7.679784695432887,inymeRis9R,anti_homophones
13579,1,10,0,6,3,-6.021913327255982,6.021913327255982,kol°m@,anti_homophones
13580,1,2,1,6,3,-4.767642594216499,4.767642594216499,5susje,anti_homophones
13581,1,0,0,5,2,-5.86366384628966,5.86366384628966,nebys,anti_homophones
13582,1,6,0,5,2,-5.207216611350213,5.207216611350213,dedwa,anti_homophones
13583,1,0,0,12,6,-11.7729543828979,11.7729543828979,Esp§deSifoni,anti_homophones
13584,1,0,0,11,5,-12.219424052058514,12.219424052058514,lim§dilat8i,anti_homophones
13585,1,1,0,5,2,-5.498554102408929,5.498554102408929,kliN§,anti_homophones
13586,1,1,0,6,3,-5.599127339887364,5.599127339887364,Rukuli,anti_homophones
13587,1,0,0,6,2,-6.2822937621491945,6.2822937621491945,s5plEn,anti_homophones
13588,1,1,0,6,3,-5.916547851350663,5.916547851350663,badike,anti_homophones
13589,1,8,0,3,1,-4.755484302370529,4.755484302370529,dj@,anti_homophones
13590,1,5,0,5,2,-4.7533795171102335,4.7533795171102335,fRaze,anti_homophones
13591,1,26,2,4,2,-4.129035454146214,4.129035454146214,kule,anti_homophones
13592,1,11,0,4,2,-5.0657456344218055,5.0657456344218055,sani,anti_homophones
13593,1,1,0,7,4,-5.759733569310758,5.759733569310758,iNOt°m@,anti_homophones
13594,1,1,0,4,2,-5.635116905740063,5.635116905740063,pyzi,anti_homophones
13595,1,1,1,6,2,-5.2372761337816245,5.2372761337816245,koRnEl,anti_homophones
13596,1,3,1,6,3,-4.6860592257768925,4.6860592257768925,ORZ°m@,anti_homophones
13597,1,0,0,8,2,-7.005432621863477,7.005432621863477,tERsjabl,anti_homophones
13598,1,11,0,4,2,-4.843776167839285,4.843776167839285,Syte,anti_homophones
13599,1,6,0,6,3,-7.264044596501635,7.264044596501635,osasj§,anti_homophones
13600,1,0,0,13,4,-8.55233292892737,8.55233292892737,fRygastRyksj§,anti_homophones
13601,1,0,0,11,5,-6.472246891611494,6.472246891611494,puponizasj§,anti_homophones
13602,1,0,0,10,4,-8.910414407702774,8.910414407702774,nekRepozit,anti_homophones
13603,1,3,0,5,2,-5.041710110985022,5.041710110985022,5dyst,anti_homophones
13604,1,7,0,5,2,-4.9793394484022855,4.9793394484022855,@vizm,anti_homophones
13605,1,0,0,12,6,-11.015304707839658,11.015304707839658,sil@tiRanize,anti_homophones
13606,1,0,0,7,3,-6.975287822890596,6.975287822890596,plet@Se,anti_homophones
13607,1,0,0,16,6,-16.157484765132462,16.157484765132462,pleZEktibutaRkaZ,anti_homophones
13608,1,5,0,4,2,-5.4709720090569,5.4709720090569,aniS,anti_homophones
13609,1,0,0,7,3,-8.519134854585234,8.519134854585234,@tiptER,anti_homophones
13610,1,0,0,9,5,-8.494018998485979,8.494018998485979,epaniil@s,anti_homophones
13611,1,0,0,8,4,-6.917487842055299,6.917487842055299,m§t@pone,anti_homophones
13612,1,10,1,3,2,-4.619077874571628,4.619077874571628,av2,anti_homophones
13613,1,6,0,7,4,-5.155377739828298,5.155377739828298,apEl°m@,anti_homophones
13614,1,7,0,4,2,-4.764952206734886,4.764952206734886,Zal§,anti_homophones
13615,1,0,0,7,3,-9.039636671332978,9.039636671332978,ORmElit,anti_homophones
13616,1,1,0,9,4,-6.3194372649169495,6.3194372649169495,paRtivite,anti_homophones
13617,1,0,0,11,5,-9.79516442210895,9.79516442210895,k§binapRij§,anti_homophones
13618,1,5,0,5,2,-5.596139120543362,5.596139120543362,aksje,anti_homophones
13619,1,6,0,4,2,-5.168125153315544,5.168125153315544,5sip,anti_homophones
13620,1,0,0,8,3,-5.987708717252746,5.987708717252746,definabl,anti_homophones
13621,1,2,0,5,2,-5.805349902486957,5.805349902486957,skolo,anti_homophones
13622,1,1,0,8,3,-6.4763246683454625,6.4763246683454625,pResipaZ,anti_homophones
13623,1,1,0,6,2,-5.640663540588641,5.640663540588641,nwaj@s,anti_homophones
13624,1,0,0,10,4,-7.281903344137099,7.281903344137099,dez5tegR5g,anti_homophones
13625,1,0,0,14,6,-14.958868974460222,14.958868974460222,posOmnik@bR@l@,anti_homophones
13626,1,3,0,5,2,-5.209318134693088,5.209318134693088,p°lEt,anti_homophones
13627,1,0,0,9,4,-5.959678474499672,5.959678474499672,pRevEn°m@,anti_homophones
13628,1,0,0,7,3,-7.146720326719289,7.146720326719289,fimot9R,anti_homophones
13629,1,3,0,5,3,-5.634520417026139,5.634520417026139,5kyla,anti_homophones
13630,1,0,0,10,5,-10.20376303639203,10.20376303639203,tylaR5gole,anti_homophones
13631,1,0,0,5,1,-5.583723650744705,5.583723650744705,kORt1,anti_homophones
13632,1,7,0,6,2,-4.681714099582441,4.681714099582441,baRabl,anti_homophones
13633,1,0,0,7,4,-6.559660970517954,6.559660970517954,@byz°m@,anti_homophones
13634,1,0,0,11,6,-8.88475348113094,8.88475348113094,otopofisite,anti_homophones
13635,1,3,0,5,2,-5.913654433147595,5.913654433147595,kRiby,anti_homophones
13636,1,11,1,7,3,-4.743219567564807,4.743219567564807,pREs°m@,anti_homophones
13637,1,0,0,9,4,-9.220918119569111,9.220918119569111,SokRanite,anti_homophones
13638,1,0,0,5,1,-5.174535153754964,5.174535153754964,Snawz,anti_homophones
13639,1,0,0,5,2,-6.788957989261468,6.788957989261468,visES,anti_homophones
13640,1,9,0,4,2,-4.753217967221662,4.753217967221662,zipe,anti_homophones
13641,1,0,0,8,3,-6.0977507314343145,6.0977507314343145,R°pusj@s,anti_homophones
13642,1,18,0,3,2,-4.7663060449108565,4.7663060449108565,ety,anti_homophones
13643,1,5,1,5,3,-4.933008318237374,4.933008318237374,eRoid,anti_homophones
13644,1,0,0,7,3,-5.427667325592725,5.427667325592725,R°bR°m@,anti_homophones
13645,1,11,1,5,2,-4.790377045488825,4.790377045488825,netik,anti_homophones
13646,1,2,0,10,5,-5.018732079628141,5.018732079628141,inalizasj§,anti_homophones
13647,1,0,0,8,2,-6.537334301464363,6.537334301464363,stemw5dR,anti_homophones
13648,1,0,0,11,5,-11.17843305060656,11.17843305060656,5telifjabin,anti_homophones
13649,1,1,0,8,4,-7.023054324489618,7.023054324489618,@twis°m@,anti_homophones
13650,1,0,0,7,3,-5.809528128355705,5.809528128355705,myz°lEt,anti_homophones
13651,1,1,0,6,2,-5.315964050172341,5.315964050172341,sOmnj2,anti_homophones
13652,1,8,0,4,1,-4.752906273116168,4.752906273116168,stys,anti_homophones
13653,1,0,0,6,3,-7.238904871850906,7.238904871850906,filana,anti_homophones
13654,1,0,0,10,5,-6.357039205180433,6.357039205180433,id@sj2z°m@,anti_homophones
13655,1,0,0,7,3,-6.309120185046989,6.309120185046989,bj5semi,anti_homophones
13656,1,0,0,9,4,-6.339282304097782,6.339282304097782,videalizm,anti_homophones
13657,1,0,0,9,5,-8.143256015833257,8.143256015833257,ZiRaneite,anti_homophones
13658,1,0,1,6,3,-4.997051002021572,4.997051002021572,k§t@pe,anti_homophones
13659,1,0,0,6,2,-6.321753864916197,6.321753864916197,kRoNaR,anti_homophones
13660,1,1,0,5,3,-5.738388518117265,5.738388518117265,etupi,anti_homophones
13661,1,5,0,4,2,-4.77233291635592,4.77233291635592,gaz2,anti_homophones
13662,1,12,1,6,2,-4.428609401929403,4.428609401929403,kalist,anti_homophones
13663,1,7,1,5,2,-4.449976850705178,4.449976850705178,pROte,anti_homophones
13664,1,6,0,6,3,-5.553299712214709,5.553299712214709,R5s°m@,anti_homophones
13665,1,1,0,6,3,-6.1222205339475355,6.1222205339475355,limin2,anti_homophones
13666,1,1,0,6,3,-6.122563420587386,6.122563420587386,abinEt,anti_homophones
13667,1,0,0,8,3,-14.194029374615882,14.194029374615882,bokaftEj,anti_homophones
13668,1,12,1,7,3,-4.556357721171609,4.556357721171609,mizasj§,anti_homophones
13669,1,1,0,6,2,-6.034059511703777,6.034059511703777,kRupad,anti_homophones
13670,1,0,0,12,6,-6.859616537407783,6.859616537407783,epigmativ°m@,anti_homophones
13671,1,1,0,6,2,-6.4199189907552885,6.4199189907552885,pR@diR,anti_homophones
13672,1,0,0,12,6,-10.272725099121791,10.272725099121791,5fORmanimas@,anti_homophones
13673,1,0,0,6,2,-6.290065988569822,6.290065988569822,bERZEl,anti_homophones
13674,1,0,0,11,5,-11.607548429773853,11.607548429773853,sijotokopj2,anti_homophones
13675,1,9,0,5,2,-4.85410716630672,4.85410716630672,bazaZ,anti_homophones
13676,1,2,1,6,3,-5.033139003981726,5.033139003981726,m°zyRe,anti_homophones
13677,1,1,0,6,3,-6.798489951381235,6.798489951381235,Rapufe,anti_homophones
13678,1,0,0,9,4,-6.149587589682336,6.149587589682336,Regyst°m@,anti_homophones
13679,1,2,1,5,2,-4.997297111636125,4.997297111636125,R°pRi,anti_homophones
13680,1,0,0,11,4,-11.155604838279332,11.155604838279332,kOlEstigaRg,anti_homophones
13681,1,5,0,4,2,-5.21166547846135,5.21166547846135,mER5,anti_homophones
13682,1,0,0,6,3,-6.217115217560755,6.217115217560755,dodyle,anti_homophones
13683,1,0,0,9,4,-8.425161404772215,8.425161404772215,sERvis°mE,anti_homophones
13684,1,2,0,6,2,-6.998869293803898,6.998869293803898,s5plim,anti_homophones
13685,1,0,0,8,4,-7.822716271220087,7.822716271220087,bigolem@,anti_homophones
13686,1,9,0,5,2,-4.321865145392199,4.321865145392199,polje,anti_homophones
13687,1,1,0,5,2,-7.3887624625157065,7.3887624625157065,wigje,anti_homophones
13688,1,2,0,6,3,-5.675771158212863,5.675771158212863,modyl2,anti_homophones
13689,1,11,0,5,2,-4.77221745413836,4.77221745413836,dezin,anti_homophones
13690,1,9,0,4,2,-5.186742814046952,5.186742814046952,tal§,anti_homophones
13691,1,5,0,5,2,-5.430762464327807,5.430762464327807,bajad,anti_homophones
13692,1,0,0,10,4,-6.420144758158889,6.420144758158889,fRizasjone,anti_homophones
13693,1,0,0,6,4,-6.619810544954487,6.619810544954487,ais°Ri,anti_homophones
13694,1,1,1,6,2,-5.175053853616827,5.175053853616827,Egz@pl,anti_homophones
13695,1,1,0,6,3,-5.670148504588104,5.670148504588104,ERgot5,anti_homophones
13696,1,1,0,7,3,-6.183840043101135,6.183840043101135,neoplan,anti_homophones
13697,1,0,0,8,3,-6.506593807887288,6.506593807887288,goS°mizm,anti_homophones
13698,1,0,0,10,5,-11.082680461279681,11.082680461279681,eSastofOni,anti_homophones
13699,1,0,0,12,4,-12.310866808446711,12.310866808446711,etjOnistjasm,anti_homophones
13700,1,1,0,8,3,-6.293403516120076,6.293403516120076,somanist,anti_homophones
13701,1,0,0,10,4,-9.00995656168002,9.00995656168002,aRguvERbl@,anti_homophones
13702,1,0,0,6,2,-7.299895305799338,7.299895305799338,stag9l,anti_homophones
13703,1,5,1,5,3,-4.907088138539534,4.907088138539534,@tin@,anti_homophones
13704,1,4,0,4,2,-4.856833878026651,4.856833878026651,obys,anti_homophones
13705,1,0,0,9,3,-7.610275731537913,7.610275731537913,gRipotabl,anti_homophones
13706,1,1,0,6,3,-6.709145464512872,6.709145464512872,okymyR,anti_homophones
13707,1,0,0,11,5,-8.411082667083798,8.411082667083798,monometRafi,anti_homophones
13708,1,0,0,11,5,-9.310180706514636,9.310180706514636,@panyfaktik,anti_homophones
13709,1,0,0,16,6,-14.334725676891834,14.334725676891834,dositRyksjOnist5,anti_homophones
13710,1,5,0,5,2,-4.820968647057322,4.820968647057322,minEt,anti_homophones
13711,1,5,0,4,2,-5.534372996744069,5.534372996744069,utiG,anti_homophones
13712,1,8,0,5,2,-5.281860192942905,5.281860192942905,gRiz§,anti_homophones
13713,1,0,0,8,2,-6.236968388474133,6.236968388474133,fEldZuks,anti_homophones
13714,1,0,0,10,5,-9.152305768251267,9.152305768251267,5k§sekyzal,anti_homophones
13715,1,17,0,4,2,-4.6566159650603245,4.6566159650603245,Rene,anti_homophones
13716,1,0,0,9,4,-7.2232445618758465,7.2232445618758465,kOlzevize,anti_homophones
13717,1,1,1,7,4,-5.899241728093767,5.899241728093767,@sEN°Ri,anti_homophones
13718,1,15,0,4,2,-6.561354037775783,6.561354037775783,olER,anti_homophones
13719,1,0,0,12,5,-9.422374894352187,9.422374894352187,RamaRogRat9R,anti_homophones
13720,1,32,2,3,1,-4.217522515790163,4.217522515790163,tak,anti_homophones
13721,1,0,0,13,6,-8.90631977702195,8.90631977702195,sufR°laZ2z°m@,anti_homophones
13722,1,4,0,5,2,-6.500252000315612,6.500252000315612,skonE,anti_homophones
13723,1,5,0,5,2,-5.015402445006031,5.015402445006031,Ekspe,anti_homophones
13724,1,2,0,6,3,-5.47203189223923,5.47203189223923,ef§s9R,anti_homophones
13725,1,4,0,5,2,-5.24230487749215,5.24230487749215,manys,anti_homophones
13726,1,0,0,16,6,-14.673949920749315,14.673949920749315,stominakRepR2nOt,anti_homophones
13727,1,0,0,12,5,-11.716400244718482,11.716400244718482,R@pERtynisti,anti_homophones
13728,1,12,0,5,2,-4.844993640646926,4.844993640646926,kaREt,anti_homophones
13729,1,0,0,8,4,-8.518002616006127,8.518002616006127,S°v°loka,anti_homophones
13730,1,6,0,6,3,-5.035974694823853,5.035974694823853,kuS°m@,anti_homophones
13731,1,0,0,7,3,-7.43464911351898,7.43464911351898,l§bReje,anti_homophones
13732,1,0,0,8,4,-5.659107000183234,5.659107000183234,lynEl°m@,anti_homophones
13733,1,0,0,9,4,-10.661485049659289,10.661485049659289,limoRibof,anti_homophones
13734,1,1,1,5,2,-4.790507421659431,4.790507421659431,mutOn,anti_homophones
13735,1,0,0,7,3,-7.044537286548464,7.044537286548464,maRkoni,anti_homophones
13736,1,15,1,4,2,-4.699455154866029,4.699455154866029,kul@,anti_homophones
13737,1,17,1,3,2,-4.288002860863566,4.288002860863566,@ke,anti_homophones
13738,1,0,0,7,3,-6.568071165240923,6.568071165240923,n2Rom@s,anti_homophones
13739,1,0,0,7,3,-6.760209940596837,6.760209940596837,iRanist,anti_homophones
13740,1,0,0,6,3,-6.565228393562322,6.565228393562322,tyREl§,anti_homophones
13741,1,0,0,7,3,-6.351049146042749,6.351049146042749,kaR@gaZ,anti_homophones
13742,1,0,0,10,5,-6.895721998848421,6.895721998848421,ezisj2z°m@,anti_homophones
13743,1,3,0,6,2,-5.768166890352575,5.768166890352575,kloRaZ,anti_homophones
13744,1,10,1,4,2,-4.472464673918879,4.472464673918879,ORZe,anti_homophones
13745,1,0,0,6,2,-6.253956905715038,6.253956905715038,bRavaR,anti_homophones
13746,1,0,0,8,3,-5.645972226774448,5.645972226774448,fR§tolOg,anti_homophones
13747,1,0,0,9,4,-9.226103834863117,9.226103834863117,kam°negR5,anti_homophones
13748,1,9,1,5,1,-5.252914849191461,5.252914849191461,fRakt,anti_homophones
13749,1,2,0,6,3,-5.626074958834672,5.626074958834672,kapito,anti_homophones
13750,1,0,0,14,6,-10.988761124379387,10.988761124379387,degoSimitwaRje,anti_homophones
13751,1,5,0,5,2,-6.17533659744477,6.17533659744477,5pRan,anti_homophones
13752,1,0,0,12,5,-12.130368192074789,12.130368192074789,sikoalistR9j,anti_homophones
13753,1,1,0,7,3,-6.275157273659586,6.275157273659586,medOksi,anti_homophones
13754,1,3,1,5,2,-5.380312205500372,5.380312205500372,igwaR,anti_homophones
13755,1,2,0,7,2,-6.2086328921555065,6.2086328921555065,laRdjOm,anti_homophones
13756,1,9,1,4,2,-4.5922669964505225,4.5922669964505225,@byl,anti_homophones
13757,1,1,0,6,4,-6.826974271897096,6.826974271897096,evale§,anti_homophones
13758,1,0,0,6,3,-6.979228147409517,6.979228147409517,yRal9R,anti_homophones
13759,1,1,0,8,3,-6.774151415601813,6.774151415601813,penetRik,anti_homophones
13760,1,7,0,5,2,-5.831245485592393,5.831245485592393,9Rizm,anti_homophones
13761,1,0,0,8,3,-6.6793770261309104,6.6793770261309104,kwavR°m@,anti_homophones
13762,1,30,2,2,1,-4.567314033934618,4.567314033934618,de,anti_homophones
13763,1,0,0,5,2,-5.78263682189117,5.78263682189117,vetyv,anti_homophones
13764,1,2,0,10,5,-5.1483329619246625,5.1483329619246625,poloZik°m@,anti_homophones
13765,1,0,0,10,4,-6.55102033136539,6.55102033136539,maksjOn°Ri,anti_homophones
13766,1,1,0,5,3,-7.362106175826594,7.362106175826594,2fote,anti_homophones
13767,1,7,0,5,2,-4.883708393751722,4.883708393751722,fORte,anti_homophones
13768,1,1,0,7,3,-7.237734798799298,7.237734798799298,takadOR,anti_homophones
13769,1,1,0,9,4,-5.95090902049924,5.95090902049924,kaRjalite,anti_homophones
13770,1,3,0,4,2,-5.26543251697116,5.26543251697116,sudy,anti_homophones
13771,1,5,0,6,3,-6.205452958891728,6.205452958891728,epERde,anti_homophones
13772,1,10,0,5,2,-4.979174788075118,4.979174788075118,Ram9R,anti_homophones
13773,1,11,0,5,2,-5.254763432242564,5.254763432242564,laRje,anti_homophones
13774,1,2,1,5,2,-4.686040381490359,4.686040381490359,Sof9R,anti_homophones
13775,1,1,0,5,2,-6.590259450231464,6.590259450231464,aRtOp,anti_homophones
13776,1,5,0,5,2,-5.669042980769978,5.669042980769978,fRago,anti_homophones
13777,1,0,0,11,4,-9.881857095956734,9.881857095956734,ReZemaRSizm,anti_homophones
13778,1,0,0,6,2,-6.713567281803384,6.713567281803384,naRS@Z,anti_homophones
13779,1,0,0,7,3,-6.655762961435587,6.655762961435587,ekl@Swa,anti_homophones
13780,1,3,0,5,2,-5.332492595348014,5.332492595348014,vitaZ,anti_homophones
13781,1,0,0,9,4,-8.76345904723128,8.76345904723128,megoS°nEz,anti_homophones
13782,1,9,1,2,1,-4.593515929722586,4.593515929722586,Ov,anti_homophones
13783,1,11,1,4,2,-4.776185807992788,4.776185807992788,geRi,anti_homophones
13784,1,0,0,11,5,-8.26020462194922,8.26020462194922,bitat8El°m@,anti_homophones
13785,1,3,0,6,3,-5.614961023489884,5.614961023489884,seleje,anti_homophones
13786,1,0,0,7,3,-7.441101553256329,7.441101553256329,Ralytje,anti_homophones
13787,1,3,0,6,3,-6.040818766781343,6.040818766781343,ap°lin,anti_homophones
13788,1,0,0,10,5,-8.678964674595969,8.678964674595969,fyR§kolate,anti_homophones
13789,1,0,0,11,6,-11.792052313242728,11.792052313242728,@tipoZinaZe,anti_homophones
13790,1,7,0,4,2,-6.02885828643078,6.02885828643078,k9je,anti_homophones
13791,1,0,1,9,4,-6.133522937922592,6.133522937922592,n2tRal°m@,anti_homophones
13792,1,3,1,6,3,-5.410464137562825,5.410464137562825,Rap°Ri,anti_homophones
13793,1,0,0,5,2,-5.968367239224025,5.968367239224025,tsaji,anti_homophones
13794,1,3,1,6,3,-5.304056737269018,5.304056737269018,dev°m@,anti_homophones
13795,1,0,0,7,3,-6.23178372807635,6.23178372807635,psikoZi,anti_homophones
13796,1,9,0,4,1,-4.881805024801407,4.881805024801407,fERm,anti_homophones
13797,1,0,0,10,5,-7.2450693923431775,7.2450693923431775,Etnamik°m@,anti_homophones
13798,1,2,1,5,3,-4.76102201918341,4.76102201918341,eS°Ri,anti_homophones
13799,1,0,0,11,5,-7.8540549975685785,7.8540549975685785,ekopRizasj§,anti_homophones
13800,1,0,0,8,3,-7.919672921289483,7.919672921289483,d@tjed9R,anti_homophones
13801,1,0,0,8,4,-8.16033368914302,8.16033368914302,k§vjeteo,anti_homophones
13802,1,0,0,11,4,-9.018820297015358,9.018820297015358,k§sORbjenaZ,anti_homophones
13803,1,3,0,6,3,-6.625407213326056,6.625407213326056,atiS9R,anti_homophones
13804,1,1,0,7,3,-6.186612338865254,6.186612338865254,demanje,anti_homophones
13805,1,0,0,8,5,-8.11866780811709,8.11866780811709,aeRodit@,anti_homophones
13806,1,12,0,5,2,-5.3030306026557765,5.3030306026557765,poliz,anti_homophones
13807,1,2,0,5,2,-5.301654393651964,5.301654393651964,dRoZe,anti_homophones
13808,1,0,0,7,3,-6.225723303338247,6.225723303338247,emylsj§,anti_homophones
13809,1,1,0,7,3,-5.90861391575138,5.90861391575138,pReveRi,anti_homophones
13810,1,5,0,5,2,-4.950176110022789,4.950176110022789,k§paR,anti_homophones
13811,1,0,0,8,3,-7.574297641986761,7.574297641986761,EskRilEn,anti_homophones
13812,1,0,0,8,3,-7.3921873310248305,7.3921873310248305,astRavaj,anti_homophones
13813,1,0,0,12,4,-9.228588636875404,9.228588636875404,R°gREstRonik,anti_homophones
13814,1,0,0,13,6,-12.60582237029029,12.60582237029029,temenistokain,anti_homophones
13815,1,1,0,8,4,-6.982692029073513,6.982692029073513,imaRl°m@,anti_homophones
13816,1,0,0,7,3,-5.728986835050112,5.728986835050112,k§s@gle,anti_homophones
13817,1,0,0,7,3,-6.940496289252499,6.940496289252499,savokaj,anti_homophones
13818,1,0,0,9,4,-6.992594717446297,6.992594717446297,myskOt°m@,anti_homophones
13819,1,8,0,5,2,-4.787997410218551,4.787997410218551,deist,anti_homophones
13820,1,0,0,8,4,-7.618891323777085,7.618891323777085,sedeRuly,anti_homophones
13821,1,0,0,8,3,-7.590985615361076,7.590985615361076,diZing9l,anti_homophones
13822,1,3,0,5,2,-4.684525766107541,4.684525766107541,5sibl,anti_homophones
13823,1,1,0,5,2,-6.3426425251370135,6.3426425251370135,sikan,anti_homophones
13824,1,13,1,4,2,-4.676536349186026,4.676536349186026,epil,anti_homophones
13825,1,4,1,6,3,-4.586045586982753,4.586045586982753,b@d°Ri,anti_homophones
13826,1,0,0,14,6,-14.039641412550697,14.039641412550697,syRbitalesis@s,anti_homophones
13827,1,2,0,7,3,-6.0672473084718925,6.0672473084718925,sERtij§,anti_homophones
13828,1,21,2,4,2,-4.1207152501458255,4.1207152501458255,bene,anti_homophones
13829,1,0,0,11,5,-9.71877227232632,9.71877227232632,delivERgEz§,anti_homophones
13830,1,13,1,4,2,-4.170847443443079,4.170847443443079,fede,anti_homophones
13831,1,0,0,9,4,-8.883410978763585,8.883410978763585,byRok@tip,anti_homophones
13832,1,5,1,5,3,-4.864232573372393,4.864232573372393,ymine,anti_homophones
13833,1,0,0,12,6,-9.160752114755766,9.160752114755766,abRazyREt°m@,anti_homophones
13834,1,0,0,9,5,-7.689656648182666,7.689656648182666,@kOSOp°m@,anti_homophones
13835,1,0,0,9,5,-9.110468123664653,9.110468123664653,Re5vivalo,anti_homophones
13836,1,0,0,11,5,-6.851535420137444,6.851535420137444,megRafik°m@,anti_homophones
13837,1,0,0,6,3,-7.337421494281805,7.337421494281805,OfilOm,anti_homophones
13838,1,5,1,4,2,-4.892047089387359,4.892047089387359,5ZEt,anti_homophones
13839,1,0,0,10,4,-10.024980958396668,10.024980958396668,vinekRoSEl,anti_homophones
13840,1,0,0,11,3,-10.133050520908185,10.133050520908185,k§pREsbR5dR,anti_homophones
13841,1,0,0,13,6,-10.931130866377428,10.931130866377428,kaRaSitERmit2,anti_homophones
13842,1,3,0,5,2,-5.8701415813491895,5.8701415813491895,tyRas,anti_homophones
13843,1,1,0,7,3,-6.297231868533686,6.297231868533686,depEs9R,anti_homophones
13844,1,0,0,10,4,-10.154488356312225,10.154488356312225,baldataliz,anti_homophones
13845,1,0,0,6,3,-6.1853699761088965,6.1853699761088965,5desim,anti_homophones
13846,1,2,0,6,2,-6.530501452745234,6.530501452745234,winabl,anti_homophones
13847,1,3,0,6,3,-4.597243924766388,4.597243924766388,f9j°te,anti_homophones
13848,1,0,0,8,4,-7.4899389659036055,7.4899389659036055,Rabutoni,anti_homophones
13849,1,11,1,5,2,-4.981149551497262,4.981149551497262,maREt,anti_homophones
13850,1,8,0,3,1,-5.704510513641514,5.704510513641514,d§z,anti_homophones
13851,1,0,0,12,4,-10.778734761125914,10.778734761125914,skRytismatyR,anti_homophones
13852,1,0,0,9,4,-5.151297116381306,5.151297116381306,Egzibl°m@,anti_homophones
13853,1,0,0,7,3,-7.671590937961165,7.671590937961165,aglasit,anti_homophones
13854,1,18,0,4,1,-4.2704458758992265,4.2704458758992265,fist,anti_homophones
13855,1,0,0,14,6,-12.313365482028509,12.313365482028509,kabag°mEs@s8El,anti_homophones
13856,1,13,2,5,3,-4.255811465061975,4.255811465061975,asite,anti_homophones
13857,1,5,0,5,2,-6.02945140673044,6.02945140673044,SaRki,anti_homophones
13858,1,0,0,8,3,-8.33402734184051,8.33402734184051,Rastalj5,anti_homophones
13859,1,2,1,4,2,-5.293934856235036,5.293934856235036,m@t2,anti_homophones
13860,1,22,0,2,1,-4.567756923540628,4.567756923540628,@t,anti_homophones
13861,1,0,0,10,5,-9.340405685570865,9.340405685570865,difik°man@,anti_homophones
13862,1,0,0,10,5,-9.924034126213646,9.924034126213646,atetRus°Ri,anti_homophones
13863,1,7,0,6,3,-5.215697069209199,5.215697069209199,p@d°m@,anti_homophones
13864,1,0,0,12,5,-8.057973792934606,8.057973792934606,suflyvjal°m@,anti_homophones
13865,1,22,1,4,1,-4.600796176270672,4.600796176270672,paRs,anti_homophones
13866,1,0,0,6,2,-6.891605808044735,6.891605808044735,fEbliS,anti_homophones
13867,1,0,0,12,4,-8.460264968744145,8.460264968744145,tR@sfORmyRm§,anti_homophones
13868,1,0,0,9,4,-9.627926311064586,9.627926311064586,fySjat°lo,anti_homophones
13869,1,0,0,9,5,-8.495417759514986,8.495417759514986,aRijEs°m@,anti_homophones
13870,1,0,0,8,4,-7.879033598297366,7.879033598297366,meZiduje,anti_homophones
13871,1,24,0,3,1,-5.7646230572921535,5.7646230572921535,nOl,anti_homophones
13872,1,0,0,13,5,-8.58143989992876,8.58143989992876,pwaNetRikasj§,anti_homophones
13873,1,6,0,6,2,-5.041639180281657,5.041639180281657,kaRnal,anti_homophones
13874,1,4,0,5,2,-5.0449151081036625,5.0449151081036625,klapi,anti_homophones
13875,1,1,0,7,3,-6.395861673730913,6.395861673730913,s@blOid,anti_homophones
13876,1,2,0,5,2,-5.010295166421512,5.010295166421512,mel@Z,anti_homophones
13877,1,12,0,4,2,-5.183098115004878,5.183098115004878,palu,anti_homophones
13878,1,0,0,13,6,-10.969927638720222,10.969927638720222,kalkanaminimi,anti_homophones
13879,1,0,0,7,4,-8.041350082704554,8.041350082704554,5tybyla,anti_homophones
13880,1,0,0,11,5,-9.187334382463343,9.187334382463343,dublokylase,anti_homophones
13881,1,0,0,8,4,-6.827100833625412,6.827100833625412,lisiv°m@,anti_homophones
13882,1,0,0,7,3,-6.158071895106448,6.158071895106448,mytin9R,anti_homophones
13883,1,0,0,6,2,-6.7958718466077,6.7958718466077,gijdiz,anti_homophones
13884,1,0,0,9,4,-9.313591906318297,9.313591906318297,sinamiRaj,anti_homophones
13885,1,4,0,6,3,-4.451308408659617,4.451308408659617,inat9R,anti_homophones
13886,1,0,0,8,3,-6.872805437410557,6.872805437410557,gazinjER,anti_homophones
13887,1,0,0,6,3,-9.147298623850974,9.147298623850974,Re5tas,anti_homophones
13888,1,0,0,12,5,-12.300200540312332,12.300200540312332,tymjEs°mat9R,anti_homophones
13889,1,0,0,10,5,-7.359579458780127,7.359579458780127,dilaRis°m@,anti_homophones
13890,1,0,0,11,4,-7.351119178657977,7.351119178657977,tRiptomat9R,anti_homophones
13891,1,0,0,8,3,-7.572731558515718,7.572731558515718,syRsalaZ,anti_homophones
13892,1,2,0,8,3,-7.069438144333972,7.069438144333972,syplisin,anti_homophones
13893,1,18,0,5,2,-4.631023834006424,4.631023834006424,bRite,anti_homophones
13894,1,0,0,6,3,-5.752996156752675,5.752996156752675,mus°le,anti_homophones
13895,1,11,1,4,2,-4.860707678272031,4.860707678272031,ekRi,anti_homophones
13896,1,5,0,5,2,-4.854231562445991,4.854231562445991,v@tyR,anti_homophones
13897,1,1,0,7,4,-6.411833649072232,6.411833649072232,anal°te,anti_homophones
13898,1,2,0,6,2,-5.422607977718329,5.422607977718329,sonabl,anti_homophones
13899,1,9,0,4,2,-5.057807702990802,5.057807702990802,efRe,anti_homophones
13900,1,14,0,3,1,-5.917357783098751,5.917357783098751,Saz,anti_homophones
13901,1,6,2,3,2,-4.364310447929212,4.364310447929212,neo,anti_homophones
13902,1,0,0,10,5,-6.718206566336715,6.718206566336715,mimobilite,anti_homophones
13903,1,7,0,4,2,-4.927484088896857,4.927484088896857,Ekte,anti_homophones
13904,1,0,0,10,5,-6.834516529861855,6.834516529861855,polikEt°m@,anti_homophones
13905,1,25,1,2,1,-4.569130692947809,4.569130692947809,Ru,anti_homophones
13906,1,23,0,2,1,-4.571037070577787,4.571037070577787,f@,anti_homophones
13907,1,0,0,10,4,-8.940507978169283,8.940507978169283,EkskaZol9R,anti_homophones
13908,1,2,1,5,2,-5.088990788446352,5.088990788446352,zozj§,anti_homophones
13909,1,2,0,6,3,-6.5911213224922145,6.5911213224922145,ivERno,anti_homophones
13910,1,0,0,10,4,-6.34851285406426,6.34851285406426,s5ptoloZik,anti_homophones
13911,1,4,1,5,2,-5.158527494658634,5.158527494658634,SiwaR,anti_homophones
13912,1,3,0,5,2,-5.248188850464417,5.248188850464417,pRima,anti_homophones
13913,1,4,0,6,3,-5.914820907918246,5.914820907918246,5tERl5,anti_homophones
13914,1,0,0,9,4,-5.694168681245091,5.694168681245091,vERsOn°m@,anti_homophones
13915,1,3,1,3,1,-4.624485638677792,4.624485638677792,zEf,anti_homophones
13916,1,1,0,6,2,-6.225094083321872,6.225094083321872,vwazje,anti_homophones
13917,1,4,0,5,2,-4.827643158119077,4.827643158119077,Radj@,anti_homophones
13918,1,1,1,7,2,-5.176720248620509,5.176720248620509,pRogRam,anti_homophones
13919,1,0,0,7,3,-6.332880171125746,6.332880171125746,depet@s,anti_homophones
13920,1,0,0,7,3,-8.065554588476058,8.065554588476058,fetupij,anti_homophones
13921,1,7,0,3,1,-5.093576446778968,5.093576446778968,k@Z,anti_homophones
13922,1,5,0,6,3,-5.476023044590946,5.476023044590946,k§pone,anti_homophones
13923,1,5,1,7,3,-5.232848537407646,5.232848537407646,sosjonE,anti_homophones
13924,1,0,0,10,4,-12.35638474460089,12.35638474460089,d°pl@dRofe,anti_homophones
13925,1,3,0,6,3,-5.426280454101428,5.426280454101428,idRij§,anti_homophones
13926,1,19,0,4,2,-4.897496928560571,4.897496928560571,koni,anti_homophones
13927,1,0,0,16,6,-12.444091572697852,12.444091572697852,figyRetRipOksibl,anti_homophones
13928,1,0,0,10,4,-7.269000107019912,7.269000107019912,sakasjonEl,anti_homophones
13929,1,1,0,7,3,-6.403928153435688,6.403928153435688,debuRaj,anti_homophones
13930,1,0,0,8,3,-8.211233430890797,8.211233430890797,mikRopal,anti_homophones
13931,1,2,0,6,3,-5.484611467977589,5.484611467977589,R°d°v@,anti_homophones
13932,1,2,1,7,3,-5.83850836506028,5.83850836506028,k§v°nEz,anti_homophones
13933,1,0,0,9,4,-9.601882451303563,9.601882451303563,bolidwaju,anti_homophones
13934,1,0,0,6,3,-6.740129164919503,6.740129164919503,p@daj§,anti_homophones
13935,1,0,0,6,2,-7.366273176315436,7.366273176315436,RuskyR,anti_homophones
13936,1,0,0,6,2,-6.266471725038626,6.266471725038626,klOnal,anti_homophones
13937,1,0,0,6,2,-6.467112338020483,6.467112338020483,senigm,anti_homophones
13938,1,0,0,8,3,-6.9849821871336655,6.9849821871336655,sERpResi,anti_homophones
13939,1,0,0,9,4,-9.885405258026026,9.885405258026026,nynyliZin,anti_homophones
13940,1,3,0,7,3,-5.542880070270336,5.542880070270336,gREt°m@,anti_homophones
13941,1,18,1,4,2,-4.11806493912317,4.11806493912317,lam@,anti_homophones
13942,1,0,0,10,5,-11.375854331104662,11.375854331104662,Edet@bylat,anti_homophones
13943,1,10,0,7,3,-4.865438477269753,4.865438477269753,bagasj§,anti_homophones
13944,1,0,0,9,4,-7.809088214960661,7.809088214960661,debal@sje,anti_homophones
13945,1,0,0,12,5,-12.792140911426525,12.792140911426525,Zakotoskolid,anti_homophones
13946,1,1,1,4,2,-4.7455262398768365,4.7455262398768365,R§R§,anti_homophones
13947,1,0,0,11,5,-10.601607300444359,10.601607300444359,syRpenetin2,anti_homophones
13948,1,0,0,9,3,-7.347453478106116,7.347453478106116,bR@djasj§,anti_homophones
13949,1,1,0,6,2,-6.452638210883437,6.452638210883437,ZakEnS,anti_homophones
13950,1,0,0,9,3,-7.944795225307999,7.944795225307999,sybORdmiR,anti_homophones
13951,1,0,0,9,4,-6.96498019315457,6.96498019315457,Reedikt9R,anti_homophones
13952,1,22,2,3,1,-3.941501191976454,3.941501191976454,kOk,anti_homophones
13953,1,11,0,5,2,-5.441641392535525,5.441641392535525,paRZe,anti_homophones
13954,1,19,1,4,2,-4.231179379482683,4.231179379482683,buSe,anti_homophones
13955,1,1,1,9,3,-5.120335403293208,5.120335403293208,pRodyksj§,anti_homophones
13956,1,15,1,6,3,-4.471113798584657,4.471113798584657,sER°m@,anti_homophones
13957,1,2,0,6,2,-5.791495280333554,5.791495280333554,wiljOm,anti_homophones
13958,1,0,0,11,5,-8.176527171592182,8.176527171592182,difeR§tolOg,anti_homophones
13959,1,0,0,9,3,-6.933126608567082,6.933126608567082,pjesEptik,anti_homophones
13960,1,2,0,6,2,-5.303132149612889,5.303132149612889,kals9R,anti_homophones
13961,1,0,0,9,4,-9.686474094512617,9.686474094512617,feROl9vRe,anti_homophones
13962,1,0,0,10,4,-11.501003509349223,11.501003509349223,falkatapOd,anti_homophones
13963,1,3,1,6,3,-5.636411040353564,5.636411040353564,5gl°m@,anti_homophones
13964,1,0,0,16,6,-13.452443851044045,13.452443851044045,t@poRat@tRiptabl,anti_homophones
13965,1,0,0,9,4,-8.764272059387345,8.764272059387345,pORtomolE,anti_homophones
13966,1,0,0,10,5,-10.757243875755915,10.757243875755915,f§datRaiz§,anti_homophones
13967,1,6,0,6,2,-4.678372873613422,4.678372873613422,pRotik,anti_homophones
13968,1,2,0,4,1,-4.792953380965626,4.792953380965626,Sak1,anti_homophones
13969,1,0,0,10,5,-12.322777035038147,12.322777035038147,R°gap@tuGa,anti_homophones
13970,1,0,0,12,5,-12.639114945210778,12.639114945210778,5difOlkmERl5,anti_homophones
13971,1,0,0,7,3,-7.944546759047084,7.944546759047084,albalde,anti_homophones
13972,1,0,0,8,4,-8.398453611099951,8.398453611099951,@tikaRja,anti_homophones
13973,1,0,0,8,3,-7.4397308806729985,7.4397308806729985,S2vitabl,anti_homophones
13974,1,0,0,7,3,-7.015951724468245,7.015951724468245,glomase,anti_homophones
13975,1,6,0,5,2,-5.986846282836304,5.986846282836304,basta,anti_homophones
13976,1,0,0,10,5,-9.01178160089852,9.01178160089852,ekosofizje,anti_homophones
13977,1,0,0,8,3,-8.65875620752221,8.65875620752221,notifizm,anti_homophones
13978,1,0,1,8,3,-5.934953924936514,5.934953924936514,disosjal,anti_homophones
13979,1,1,0,6,2,-6.096149135280793,6.096149135280793,fRil9R,anti_homophones
13980,1,24,1,5,2,-4.906979428892544,4.906979428892544,fat9R,anti_homophones
13981,1,0,0,9,4,-8.142251363599417,8.142251363599417,kOmetis9R,anti_homophones
13982,1,0,0,7,3,-7.215288147011559,7.215288147011559,sikolEm,anti_homophones
13983,1,0,0,7,3,-6.135405708141815,6.135405708141815,fizisj5,anti_homophones
13984,1,0,0,9,4,-6.507389381743159,6.507389381743159,k§paNifj@,anti_homophones
13985,1,10,0,4,2,-4.828921098742162,4.828921098742162,mena,anti_homophones
13986,1,0,0,16,6,-14.547056139093156,14.547056139093156,imytilipsEkstabl,anti_homophones
13987,1,4,2,6,2,-3.9971408921435443,3.9971408921435443,sypsj§,anti_homophones
13988,1,2,0,6,2,-5.282268245508841,5.282268245508841,tRuv9R,anti_homophones
13989,1,14,1,5,2,-4.878555002463243,4.878555002463243,m@t9R,anti_homophones
13990,1,1,0,9,4,-6.553249886598842,6.553249886598842,aRsjEl°m@,anti_homophones
13991,1,19,1,3,1,-4.289324253772573,4.289324253772573,bla,anti_homophones
13992,1,1,0,8,4,-6.11542973699791,6.11542973699791,Rep@S°m@,anti_homophones
13993,1,1,0,5,2,-5.583988158195833,5.583988158195833,akRon,anti_homophones
13994,1,0,0,9,4,-8.63438623699856,8.63438623699856,Egzos9lER,anti_homophones
13995,1,0,0,11,5,-10.220664034217098,10.220664034217098,5t8iladRije,anti_homophones
13996,1,2,0,6,2,-6.594528965325388,6.594528965325388,t@plak,anti_homophones
13997,1,0,0,11,5,-8.882115224149526,8.882115224149526,detodikasje,anti_homophones
13998,1,0,0,7,3,-7.589434153083751,7.589434153083751,REzilja,anti_homophones
13999,1,19,0,2,1,-5.592235648971322,5.592235648971322,@d,anti_homophones
14000,1,5,0,4,2,-4.628153914326463,4.628153914326463,buf@,anti_homophones
14001,1,0,0,12,5,-8.766192600509731,8.766192600509731,s5bjOksis°m@,anti_homophones
14002,1,0,0,10,4,-7.488475583566888,7.488475583566888,kotikylt9R,anti_homophones
14003,1,0,0,8,4,-5.994530620675726,5.994530620675726,5tegRije,anti_homophones
14004,1,0,0,9,4,-5.997174345461724,5.997174345461724,defeRasj§,anti_homophones
14005,1,1,0,6,4,-5.146934326227138,5.146934326227138,5koeR@,anti_homophones
14006,1,0,0,9,4,-5.855090773698211,5.855090773698211,pn2mOl°m@,anti_homophones
14007,1,4,0,6,2,-5.0590289530081405,5.0590289530081405,tRijEt,anti_homophones
14008,1,14,0,4,2,-4.955999414613354,4.955999414613354,ediR,anti_homophones
14009,1,0,0,8,3,-6.108771697395196,6.108771697395196,muvwaj9R,anti_homophones
14010,1,0,0,10,5,-6.947657340144324,6.947657340144324,Reem@tasj§,anti_homophones
14011,1,2,0,6,2,-5.663197683841435,5.663197683841435,sORtiR,anti_homophones
14012,1,0,0,14,6,-12.932026505592757,12.932026505592757,kuRsolypytasj§,anti_homophones
14013,1,1,0,4,2,-5.803893392264383,5.803893392264383,moiz,anti_homophones
14014,1,0,0,7,3,-8.877576890979379,8.877576890979379,titizjo,anti_homophones
14015,1,0,0,5,3,-6.552008567692461,6.552008567692461,eRab5,anti_homophones
14016,1,0,0,12,6,-9.7073666887698,9.7073666887698,Realizaspike,anti_homophones
14017,1,0,0,6,3,-7.4704016727774105,7.4704016727774105,gaelEk,anti_homophones
14018,1,6,1,5,2,-4.413714417138436,4.413714417138436,modER,anti_homophones
14019,1,1,0,6,3,-6.526319373568687,6.526319373568687,v°lute,anti_homophones
14020,1,0,0,10,4,-7.639161936809513,7.639161936809513,basmoloZik,anti_homophones
14021,1,1,0,6,3,-5.132453240598185,5.132453240598185,fufunE,anti_homophones
14022,1,0,0,15,6,-12.571373813416319,12.571373813416319,syspikpokRat°l5,anti_homophones
14023,1,0,0,9,4,-6.577090798287758,6.577090798287758,siRk§s@te,anti_homophones
14024,1,2,0,8,3,-5.324081840386068,5.324081840386068,patRasj§,anti_homophones
14025,1,0,0,9,4,-8.711951369054926,8.711951369054926,Rez@tRopo,anti_homophones
14026,1,0,0,8,3,-8.503004870258517,8.503004870258517,futRityd,anti_homophones
14027,1,7,0,6,3,-5.3431606677861785,5.3431606677861785,p§t°m@,anti_homophones
14028,1,0,0,9,4,-6.662110256415425,6.662110256415425,defeR@sje,anti_homophones
14029,1,1,0,7,3,-6.219856349098503,6.219856349098503,modinal,anti_homophones
14030,1,2,0,5,2,-6.05212808588488,6.05212808588488,ostEl,anti_homophones
14031,1,2,0,5,2,-5.432895956010513,5.432895956010513,buZik,anti_homophones
14032,1,37,2,3,1,-3.650177943317312,3.650177943317312,gal,anti_homophones
14033,1,0,0,9,4,-7.228763613383758,7.228763613383758,5poloZizm,anti_homophones
14034,1,0,0,8,3,-8.15143667667339,8.15143667667339,agRatwaz,anti_homophones
14035,1,0,0,12,5,-10.164929297066344,10.164929297066344,domEtR°pR°n§,anti_homophones
14036,1,8,0,3,1,-5.707825052448531,5.707825052448531,vw5,anti_homophones
14037,1,0,0,8,4,-7.89057459920169,7.89057459920169,ep5divit,anti_homophones
14038,1,10,0,4,2,-4.481341286571838,4.481341286571838,@tal,anti_homophones
14039,1,11,1,3,1,-4.48386778477021,4.48386778477021,g§d,anti_homophones
14040,1,2,0,6,3,-6.7532418290054865,6.7532418290054865,@disje,anti_homophones
14041,1,0,0,11,5,-8.664406640359338,8.664406640359338,d§Z§kiSOtik,anti_homophones
14042,1,13,2,3,2,-4.534184179355163,4.534184179355163,ep5,anti_homophones
14043,1,0,0,11,5,-10.405525504258458,10.405525504258458,Zenistaniz@,anti_homophones
14044,1,0,0,7,3,-6.800231530116802,6.800231530116802,ZenedR5,anti_homophones
14045,1,2,0,6,2,-7.1584619854955065,7.1584619854955065,wisizm,anti_homophones
14046,1,0,0,11,4,-12.508294475106943,12.508294475106943,@d8itRustiG,anti_homophones
14047,1,1,0,6,3,-5.670951188126591,5.670951188126591,REv°Ri,anti_homophones
14048,1,0,0,7,3,-6.672106559088709,6.672106559088709,R°pERSe,anti_homophones
14049,1,0,0,10,5,-7.075809269860915,7.075809269860915,sinativ°m@,anti_homophones
14050,1,3,0,5,2,-5.333243369588818,5.333243369588818,lamEn,anti_homophones
14051,1,0,0,6,3,-6.197114283279841,6.197114283279841,R°luze,anti_homophones
14052,1,0,0,10,5,-7.746909580756497,7.746909580756497,disoval°m@,anti_homophones
14053,1,0,0,9,4,-7.414016412708303,7.414016412708303,papijon9R,anti_homophones
14054,1,0,0,7,3,-6.051411697736259,6.051411697736259,pedon9R,anti_homophones
14055,1,0,0,9,4,-8.194404468082713,8.194404468082713,dezEspag@,anti_homophones
14056,1,6,0,6,2,-4.797132395796907,4.797132395796907,minabl,anti_homophones
14057,1,0,0,9,4,-8.202309187055352,8.202309187055352,paReSin9R,anti_homophones
14058,1,12,0,3,1,-4.426346433563929,4.426346433563929,klu,anti_homophones
14059,1,3,0,6,3,-4.928235505889575,4.928235505889575,f§d°m@,anti_homophones
14060,1,0,0,13,5,-9.526004973779388,9.526004973779388,sakRiptomaZik,anti_homophones
14061,1,0,0,11,5,-10.443360559625345,10.443360559625345,@tuRnalivEt,anti_homophones
14062,1,3,1,6,3,-5.78250851777768,5.78250851777768,b@bine,anti_homophones
14063,1,0,0,7,4,-8.26249033773894,8.26249033773894,inOSOne,anti_homophones
14064,1,0,0,7,3,-7.428083795302005,7.428083795302005,demiRme,anti_homophones
14065,1,7,0,4,1,-5.751812273706102,5.751812273706102,ftaZ,anti_homophones
14066,1,0,0,9,4,-7.311990687420295,7.311990687420295,fabRil°m@,anti_homophones
14067,1,0,0,8,3,-6.971428341930802,6.971428341930802,kaptikyl,anti_homophones
14068,1,0,0,8,4,-11.050033105159304,11.050033105159304,akabR°n@,anti_homophones
14069,1,2,0,5,2,-5.827753521760779,5.827753521760779,spit2,anti_homophones
14070,1,1,0,8,3,-6.830146904719672,6.830146904719672,mORtij9R,anti_homophones
14071,1,1,1,6,2,-4.956977311620199,4.956977311620199,mORfoz,anti_homophones
14072,1,4,0,7,4,-6.016565596580867,6.016565596580867,apis°m@,anti_homophones
14073,1,0,0,8,4,-8.112613083927167,8.112613083927167,alogRamo,anti_homophones
14074,1,0,0,7,3,-6.360331460133756,6.360331460133756,R°vaj9R,anti_homophones
14075,1,1,0,5,2,-6.211674551225295,6.211674551225295,suSid,anti_homophones
14076,1,0,0,6,2,-6.063133909545607,6.063133909545607,kuRj@s,anti_homophones
14077,1,0,0,17,6,-14.831100416750854,14.831100416750854,skRiskEjtmod°lap5,anti_homophones
14078,1,0,0,7,2,-5.508925397436595,5.508925397436595,k§tR5dR,anti_homophones
14079,1,0,0,9,4,-11.942899085180471,11.942899085180471,ynotRemij,anti_homophones
14080,1,8,0,3,1,-4.794928495943476,4.794928495943476,fEN,anti_homophones
14081,1,18,0,3,1,-4.186114262656,4.186114262656,fR5,anti_homophones
14082,1,11,1,3,1,-4.110506633925641,4.110506633925641,bl§,anti_homophones
14083,1,0,0,6,3,-6.366842074346844,6.366842074346844,ytinal,anti_homophones
14084,1,11,1,6,3,-4.3754269840095255,4.3754269840095255,sut°m@,anti_homophones
14085,1,6,0,4,1,-7.104878671523582,7.104878671523582,sitS,anti_homophones
14086,1,3,0,8,3,-5.777241271796621,5.777241271796621,Opst@sje,anti_homophones
14087,1,1,0,8,4,-6.364929586514665,6.364929586514665,5paRatik,anti_homophones
14088,1,3,0,5,2,-5.056653178581795,5.056653178581795,mel@k,anti_homophones
14089,1,0,0,12,6,-11.158244366200831,11.158244366200831,gliom@dikyle,anti_homophones
14090,1,14,1,4,2,-4.353395281532265,4.353395281532265,Sape,anti_homophones
14091,1,0,0,10,5,-9.412111120305456,9.412111120305456,ligonokyle,anti_homophones
14092,1,1,0,5,2,-6.75772680944992,6.75772680944992,vigul,anti_homophones
14093,1,0,0,11,6,-8.528551546788249,8.528551546788249,osefaRuS°m@,anti_homophones
14094,1,0,0,8,4,-7.88711412833598,7.88711412833598,5t8ijon@,anti_homophones
14095,1,2,0,6,3,-5.8506429397272415,5.8506429397272415,myzike,anti_homophones
14096,1,0,0,11,5,-10.72836114814023,10.72836114814023,pypitERmul5,anti_homophones
14097,1,3,0,5,2,-5.545576152859967,5.545576152859967,p@t@s,anti_homophones
14098,1,0,0,8,4,-7.686438236280449,7.686438236280449,eklopine,anti_homophones
14099,1,0,0,7,4,-9.451940643487111,9.451940643487111,2RosaRe,anti_homophones
14100,1,2,0,6,3,-6.264298822011309,6.264298822011309,lat°lE,anti_homophones
14101,1,0,0,10,4,-9.592065799494485,9.592065799494485,deboRaldju,anti_homophones
14102,1,5,0,5,2,-4.779100640078828,4.779100640078828,@vwaR,anti_homophones
14103,1,30,2,3,1,-3.9986892863371253,3.9986892863371253,sid,anti_homophones
14104,1,0,0,5,3,-5.722815022925628,5.722815022925628,5vazi,anti_homophones
14105,1,2,0,5,2,-4.98926498147454,4.98926498147454,5klin,anti_homophones
14106,1,0,0,10,5,-9.796936561470762,9.796936561470762,k§tamaRkai,anti_homophones
14107,1,0,0,7,3,-7.5671672479869105,7.5671672479869105,m§t@pOn,anti_homophones
14108,1,1,0,6,3,-5.356139796217794,5.356139796217794,fuEt9R,anti_homophones
14109,1,0,0,10,5,-9.899864634715398,9.899864634715398,teozORg@de,anti_homophones
14110,1,14,1,6,3,-4.325018127364445,4.325018127364445,toloZi,anti_homophones
14111,1,3,0,7,3,-5.261322885161677,5.261322885161677,kylat9R,anti_homophones
14112,1,7,0,8,4,-5.449523054099778,5.449523054099778,atizasj§,anti_homophones
14113,1,0,0,9,4,-8.48432509151315,8.48432509151315,pRekavaje,anti_homophones
14114,1,3,0,6,2,-5.006970987389484,5.006970987389484,m@sjEl,anti_homophones
14115,1,0,0,11,5,-9.322620016499377,9.322620016499377,m§sEptalite,anti_homophones
14116,1,5,0,5,2,-5.257913611278122,5.257913611278122,asfik,anti_homophones
14117,1,0,0,7,3,-7.490675503059809,7.490675503059809,tim9ble,anti_homophones
14118,1,3,0,5,2,-6.0803465995346375,6.0803465995346375,kadiz,anti_homophones
14119,1,0,0,5,2,-7.305582738940322,7.305582738940322,gobis,anti_homophones
14120,1,0,0,10,4,-9.514383994283056,9.514383994283056,fR2dep@dj@,anti_homophones
14121,1,36,0,2,1,-4.568684396617113,4.568684396617113,RE,anti_homophones
14122,1,6,0,6,3,-5.735977846249934,5.735977846249934,denyRe,anti_homophones
14123,1,2,0,7,4,-7.547337826832101,7.547337826832101,@Rup°m@,anti_homophones
14124,1,11,0,4,2,-4.74297218668743,4.74297218668743,5pER,anti_homophones
14125,1,2,1,6,2,-4.777561610100321,4.777561610100321,gRifik,anti_homophones
14126,1,0,0,9,4,-10.069694799162889,10.069694799162889,tRasekyt@,anti_homophones
14127,1,23,1,3,1,-4.890578276120058,4.890578276120058,kol,anti_homophones
14128,1,3,0,5,2,-5.462532048792857,5.462532048792857,misim,anti_homophones
14129,1,0,0,13,5,-8.813094713269852,8.813094713269852,sERvisefaksj§,anti_homophones
14130,1,0,0,10,3,-8.113830736707511,8.113830736707511,pR5sipRizm,anti_homophones
14131,1,1,0,5,2,-6.1616477023826866,6.1616477023826866,afERt,anti_homophones
14132,1,7,1,5,2,-4.537636242507009,4.537636242507009,val9R,anti_homophones
14133,1,2,0,5,2,-5.691739371297531,5.691739371297531,t@dR2,anti_homophones
14134,1,0,0,9,3,-10.594056471436133,10.594056471436133,pORtORt§t,anti_homophones
14135,1,0,0,9,3,-8.015859324541179,8.015859324541179,dElveRist,anti_homophones
14136,1,0,0,5,2,-5.740083258361292,5.740083258361292,R°s8i,anti_homophones
14137,1,27,1,5,2,-3.938388453282256,3.938388453282256,mat9R,anti_homophones
14138,1,4,0,5,3,-5.936037897101613,5.936037897101613,aRoNe,anti_homophones
14139,1,3,0,6,2,-5.025328750221656,5.025328750221656,tRakte,anti_homophones
14140,1,0,0,9,4,-8.51128592100212,8.51128592100212,k8isipite,anti_homophones
14141,1,1,0,8,4,-6.176406446130562,6.176406446130562,d@tER°m@,anti_homophones
14142,1,0,0,8,3,-8.26662769605581,8.26662769605581,memwazj5,anti_homophones
14143,1,0,0,6,3,-6.49979094830725,6.49979094830725,ORtomi,anti_homophones
14144,1,9,0,5,2,-4.827779858038407,4.827779858038407,gwaje,anti_homophones
14145,1,4,0,5,2,-4.840897288723947,4.840897288723947,manim,anti_homophones
14146,1,0,0,8,3,-8.12568964158625,8.12568964158625,vodwERte,anti_homophones
14147,1,4,0,6,2,-4.788688244709653,4.788688244709653,peRist,anti_homophones
14148,1,1,0,6,2,-6.067664029727649,6.067664029727649,skalis,anti_homophones
14149,1,1,0,7,3,-5.799592713617327,5.799592713617327,defigje,anti_homophones
14150,1,10,0,5,2,-4.768292339505063,4.768292339505063,sinaZ,anti_homophones
14151,1,0,0,7,3,-7.2224970532677695,7.2224970532677695,vOdk°m@,anti_homophones
14152,1,1,0,5,3,-5.842118499887537,5.842118499887537,om§te,anti_homophones
14153,1,0,0,11,4,-8.787590093224862,8.787590093224862,pRobabiksj§,anti_homophones
14154,1,1,0,6,2,-5.547301011336238,5.547301011336238,zytwaR,anti_homophones
14155,1,8,2,3,1,-4.711117811088084,4.711117811088084,s§g,anti_homophones
14156,1,0,0,7,3,-6.169130757135378,6.169130757135378,muSidj5,anti_homophones
14157,1,2,0,5,2,-5.134915818804468,5.134915818804468,begEn,anti_homophones
14158,1,0,0,8,4,-8.297209008196095,8.297209008196095,ilizable,anti_homophones
14159,1,8,1,5,2,-5.141395051501131,5.141395051501131,sezik,anti_homophones
14160,1,3,0,6,2,-5.978858771350741,5.978858771350741,statiR,anti_homophones
14161,1,2,0,8,4,-5.323863813355082,5.323863813355082,eklER°m@,anti_homophones
14162,1,13,0,2,1,-5.771621738683896,5.771621738683896,el,anti_homophones
14163,1,1,0,7,3,-8.839331764674165,8.839331764674165,k§p§kt§,anti_homophones
14164,1,3,0,5,2,-5.096899433210593,5.096899433210593,gavje,anti_homophones
14165,1,5,0,4,1,-5.286435044605433,5.286435044605433,mERl,anti_homophones
14166,1,0,0,9,3,-10.143466344305178,10.143466344305178,dRinOdl9R,anti_homophones
14167,1,0,0,12,5,-11.824980744361888,11.824980744361888,Ripopylasifl,anti_homophones
14168,1,6,1,5,2,-4.965720679954993,4.965720679954993,aSwaR,anti_homophones
14169,1,1,0,6,2,-7.045366561556591,7.045366561556591,sOlvas,anti_homophones
14170,1,13,0,4,2,-4.601792473807668,4.601792473807668,p@de,anti_homophones
14171,1,0,0,12,6,-9.266190118859184,9.266190118859184,R°k§siNifik@,anti_homophones
14172,1,0,0,7,3,-6.210437169886276,6.210437169886276,defiske,anti_homophones
14173,1,5,0,7,3,-5.321997371630433,5.321997371630433,pERt°m@,anti_homophones
14174,1,1,0,7,3,-6.376040581289422,6.376040581289422,astRafi,anti_homophones
14175,1,2,0,5,2,-5.046716849354153,5.046716849354153,savwe,anti_homophones
14176,1,32,2,4,2,-4.136836245952456,4.136836245952456,mate,anti_homophones
14177,1,0,0,15,5,-13.516849009411086,13.516849009411086,tRetEktRasjonal,anti_homophones
14178,1,1,0,8,4,-6.073092268764535,6.073092268764535,maNifika,anti_homophones
14179,1,2,0,5,3,-5.272183939107279,5.272183939107279,@vaze,anti_homophones
14180,1,8,0,3,1,-4.714951453390389,4.714951453390389,b9f,anti_homophones
14181,1,3,0,5,2,-5.000430934786028,5.000430934786028,blije,anti_homophones
14182,1,1,0,10,4,-6.26268569242274,6.26268569242274,sERt82z°m@,anti_homophones
14183,1,8,1,5,2,-4.85973369514876,4.85973369514876,meRik,anti_homophones
14184,1,1,0,10,5,-6.269772595039745,6.269772595039745,5k§plik°m@,anti_homophones
14185,1,0,0,5,2,-8.367509885330342,8.367509885330342,@dbEk,anti_homophones
14186,1,7,0,4,1,-5.350712964477299,5.350712964477299,gasm,anti_homophones
14187,1,0,0,6,3,-7.2434474965664135,7.2434474965664135,2Zenys,anti_homophones
14188,1,0,0,6,2,-8.122929550617048,8.122929550617048,pOskOR,anti_homophones
14189,1,0,0,14,6,-13.429506328589953,13.429506328589953,pRot@sinemOt9R,anti_homophones
14190,1,0,0,8,4,-7.706455870637252,7.706455870637252,pitalide,anti_homophones
14191,1,21,1,3,1,-4.879232140405454,4.879232140405454,saj,anti_homophones
14192,1,0,0,7,2,-6.9436748611288595,6.9436748611288595,pRobERZ,anti_homophones
14193,1,1,0,6,3,-6.02254429583317,6.02254429583317,ometal,anti_homophones
14194,1,1,0,6,3,-5.831829605742371,5.831829605742371,epilOk,anti_homophones
14195,1,0,0,8,3,-5.543708456956075,5.543708456956075,begizwaR,anti_homophones
14196,1,0,0,7,3,-8.417052047414476,8.417052047414476,SatRiSE,anti_homophones
14197,1,18,0,4,2,-4.439743638507523,4.439743638507523,sala,anti_homophones
14198,1,0,0,7,3,-7.334080417851628,7.334080417851628,litaliz,anti_homophones
14199,1,1,0,6,3,-5.331583645922378,5.331583645922378,@tit8e,anti_homophones
14200,1,2,0,6,2,-5.718530316698036,5.718530316698036,stifik,anti_homophones
14201,1,0,0,9,4,-9.483467147230034,9.483467147230034,kafonizm°,anti_homophones
14202,1,0,0,10,3,-10.116816172929596,10.116816172929596,tuRlipstif,anti_homophones
14203,1,0,0,9,3,-9.666033811103349,9.666033811103349,tRibanjat,anti_homophones
14204,1,1,0,6,3,-7.000898347497807,7.000898347497807,omotiz,anti_homophones
14205,1,5,1,5,2,-5.00500483759384,5.00500483759384,baRbi,anti_homophones
14206,1,0,0,7,3,-7.799372347987931,7.799372347987931,askasje,anti_homophones
14207,1,16,0,3,1,-5.058768095067468,5.058768095067468,Ziv,anti_homophones
14208,1,0,0,7,3,-7.73372770143487,7.73372770143487,goSos9R,anti_homophones
14209,1,0,0,15,5,-11.485930285891056,11.485930285891056,maRSivERsEptist,anti_homophones
14210,1,3,1,5,2,-5.27534393107036,5.27534393107036,suflE,anti_homophones
14211,1,0,0,8,3,-7.409466261770775,7.409466261770775,izOksizm,anti_homophones
14212,1,3,0,6,3,-5.348371486316018,5.348371486316018,gOb°lE,anti_homophones
14213,1,6,1,5,2,-5.405166493114348,5.405166493114348,debli,anti_homophones
14214,1,2,0,8,3,-5.600403016084707,5.600403016084707,REsjonEl,anti_homophones
14215,1,0,0,7,3,-7.550026442446044,7.550026442446044,av@typl,anti_homophones
14216,1,18,2,4,2,-4.721442540153691,4.721442540153691,ReSe,anti_homophones
14217,1,0,0,10,4,-7.869629223776054,7.869629223776054,dezafRotik,anti_homophones
14218,1,0,0,8,3,-6.367732999265147,6.367732999265147,metRofil,anti_homophones
14219,1,2,0,6,2,-5.915722804039368,5.915722804039368,EskRit,anti_homophones
14220,1,6,1,3,1,-4.531223671493518,4.531223671493518,vR§,anti_homophones
14221,1,20,1,3,1,-4.3977023685298855,4.3977023685298855,bES,anti_homophones
14222,1,0,0,7,4,-7.299824313688328,7.299824313688328,alboami,anti_homophones
14223,1,1,1,7,2,-5.448925325245245,5.448925325245245,R°pRizm,anti_homophones
14224,1,0,0,10,4,-9.259143375474878,9.259143375474878,RavaREstif,anti_homophones
14225,1,14,0,4,2,-4.454005507440321,4.454005507440321,aRti,anti_homophones
14226,1,12,0,7,3,-5.3761846679219465,5.3761846679219465,soRasj§,anti_homophones
14227,1,0,0,10,4,-8.425150836676476,8.425150836676476,tORnymeRik,anti_homophones
14228,1,1,1,7,3,-5.734274713346967,5.734274713346967,paliz9R,anti_homophones
14229,1,9,0,4,1,-5.05888740975097,5.05888740975097,spin,anti_homophones
14230,1,4,0,5,2,-5.492350674754263,5.492350674754263,megRe,anti_homophones
14231,1,0,0,10,4,-8.933111476576393,8.933111476576393,dikatwajad,anti_homophones
14232,1,5,0,6,2,-5.038825738859124,5.038825738859124,desist,anti_homophones
14233,1,0,0,8,3,-7.750543422324734,7.750543422324734,Retisj2z,anti_homophones
14234,1,3,1,6,2,-4.380783647371147,4.380783647371147,im8abl,anti_homophones
14235,1,0,0,13,4,-11.965752966910202,11.965752966910202,djamstERnokyl,anti_homophones
14236,1,1,0,5,3,-6.645748650034392,6.645748650034392,onEte,anti_homophones
14237,1,0,0,14,5,-12.753171066978881,12.753171066978881,RobR§zEspjonje,anti_homophones
14238,1,8,0,5,2,-5.5068730659008684,5.5068730659008684,kRiz@,anti_homophones
14239,1,0,0,9,5,-8.017270256478042,8.017270256478042,5siNifyR§,anti_homophones
14240,1,0,0,10,4,-8.617410885894452,8.617410885894452,ObZEktOnje,anti_homophones
14241,1,8,1,6,3,-4.504562075841969,4.504562075841969,pedite,anti_homophones
14242,1,1,0,6,3,-6.141863390497494,6.141863390497494,adenje,anti_homophones
14243,1,1,0,8,4,-6.783823528963479,6.783823528963479,solitize,anti_homophones
14244,1,4,0,5,2,-4.368886327749944,4.368886327749944,yltyR,anti_homophones
14245,1,0,0,12,5,-13.057713035538942,13.057713035538942,ROksEptyElyR,anti_homophones
14246,1,1,0,8,3,-7.159859345561861,7.159859345561861,pERminom,anti_homophones
14247,1,0,0,9,3,-11.240465591729306,11.240465591729306,l°vistOpl,anti_homophones
14248,1,1,1,6,2,-6.520591143393944,6.520591143393944,kj@tif,anti_homophones
14249,1,0,0,9,4,-9.145945999445473,9.145945999445473,d@disjete,anti_homophones
14250,1,20,0,3,1,-4.4959592605414604,4.4959592605414604,mES,anti_homophones
14251,1,5,1,6,2,-4.7442099764566175,4.7442099764566175,milizm,anti_homophones
14252,1,0,0,10,3,-7.071607094458736,7.071607094458736,EksploRjEl,anti_homophones
14253,1,0,0,9,4,-8.064297448683863,8.064297448683863,Zydiskyl2,anti_homophones
14254,1,0,0,11,5,-8.540398449064384,8.540398449064384,m@gustal°m@,anti_homophones
14255,1,0,0,7,3,-6.970790959965768,6.970790959965768,Estatwa,anti_homophones
14256,1,0,0,9,4,-9.29692477935145,9.29692477935145,p5tad5d§t,anti_homophones
14257,1,0,0,10,5,-9.251730441274129,9.251730441274129,demaNetodE,anti_homophones
14258,1,4,0,6,2,-5.313076834234963,5.313076834234963,planEl,anti_homophones
14259,1,0,0,11,4,-10.599687011294996,10.599687011294996,dutaRpozibl,anti_homophones
14260,1,19,0,4,2,-5.129103088628254,5.129103088628254,aRat,anti_homophones
14261,1,0,0,9,4,-8.49095290694109,8.49095290694109,ipERpRela,anti_homophones
14262,1,11,1,5,2,-4.959339851690029,4.959339851690029,motaZ,anti_homophones
14263,1,6,0,4,1,-5.3589943931694455,5.3589943931694455,b§dR,anti_homophones
14264,1,11,0,3,1,-4.438234227659518,4.438234227659518,t@k,anti_homophones
14265,1,3,0,5,2,-6.22394978622245,6.22394978622245,ORkER,anti_homophones
14266,1,0,0,7,4,-6.836045003235481,6.836045003235481,aeRobal,anti_homophones
14267,1,0,0,13,5,-10.338251893037814,10.338251893037814,k@beljoRitmik,anti_homophones
14268,1,31,0,3,1,-4.130198594234145,4.130198594234145,nat,anti_homophones
14269,1,1,0,6,2,-5.8563711471348725,5.8563711471348725,mjelik,anti_homophones
14270,1,4,0,4,2,-4.957001887851334,4.957001887851334,sav§,anti_homophones
14271,1,5,1,5,1,-4.892244205698145,4.892244205698145,b8ist,anti_homophones
14272,1,0,0,12,4,-9.40855194976085,9.40855194976085,talmogRatizm,anti_homophones
14273,1,0,0,10,3,-8.040640241296224,8.040640241296224,pREskinjOm,anti_homophones
14274,1,0,0,7,3,-8.260095781116593,8.260095781116593,p9tinj5,anti_homophones
14275,1,1,0,7,3,-6.285718144865552,6.285718144865552,waz°l9R,anti_homophones
14276,1,8,0,5,2,-5.106160542713553,5.106160542713553,sERt5,anti_homophones
14277,1,10,1,5,2,-4.682081576665904,4.682081576665904,kRupe,anti_homophones
14278,1,0,0,9,4,-8.189422065173273,8.189422065173273,swajak°m@,anti_homophones
14279,1,0,0,6,2,-4.927157589431731,4.927157589431731,pet8El,anti_homophones
14280,1,2,0,5,2,-5.803275516822579,5.803275516822579,aRmaZ,anti_homophones
14281,1,7,1,6,3,-4.784686852612868,4.784686852612868,5tERmi,anti_homophones
14282,1,0,0,11,4,-9.468823989854764,9.468823989854764,bj5fEtERniR,anti_homophones
14283,1,1,0,6,3,-8.792973691297359,8.792973691297359,tuRide,anti_homophones
14284,1,0,0,17,6,-17.67477185073574,17.67477185073574,skadonikaRtR@ssyd,anti_homophones
14285,1,10,0,3,2,-4.626356731094185,4.626356731094185,5ge,anti_homophones
14286,1,0,0,13,5,-11.00016012118744,11.00016012118744,folasjOnistik,anti_homophones
14287,1,12,0,4,2,-5.0189700878422645,5.0189700878422645,koma,anti_homophones
14288,1,0,0,7,3,-7.545381469070622,7.545381469070622,dip2zaj,anti_homophones
14289,1,0,0,11,4,-10.669206408954379,10.669206408954379,pRonisERmin,anti_homophones
14290,1,22,0,2,1,-4.570960208715599,4.570960208715599,om,anti_homophones
14291,1,6,0,5,2,-5.59819060570589,5.59819060570589,SaRti,anti_homophones
14292,1,7,1,4,2,-4.925807064705755,4.925807064705755,enEt,anti_homophones
14293,1,2,0,6,3,-5.987648946899139,5.987648946899139,v@piNe,anti_homophones
14294,1,1,0,5,2,-6.103983498436175,6.103983498436175,l5t@s,anti_homophones
14295,1,1,0,8,3,-6.403988465634042,6.403988465634042,k§stRyze,anti_homophones
14296,1,0,0,7,3,-7.000293856724017,7.000293856724017,mylyR9R,anti_homophones
14297,1,0,0,6,3,-5.1968740250948775,5.1968740250948775,pip°R§,anti_homophones
14298,1,8,0,6,2,-5.143763658800666,5.143763658800666,gRafit,anti_homophones
14299,1,0,0,10,4,-9.315575698060407,9.315575698060407,OkyltRaksi,anti_homophones
14300,1,0,0,7,3,-7.637895615900383,7.637895615900383,Zen8in2,anti_homophones
14301,1,0,0,10,3,-12.266998667080388,12.266998667080388,gostR°tREn,anti_homophones
14302,1,0,0,13,6,-10.51055529071967,10.51055529071967,visid@talasj§,anti_homophones
14303,1,0,0,8,3,-7.26488658137022,7.26488658137022,vokaRnaZ,anti_homophones
14304,1,2,0,9,4,-6.55371159421746,6.55371159421746,veRabl°m@,anti_homophones
14305,1,0,0,9,4,-10.183605879906796,10.183605879906796,ineglasto,anti_homophones
14306,1,0,0,8,4,-7.179466898356724,7.179466898356724,p5bolite,anti_homophones
14307,1,4,1,5,2,-4.386849605606412,4.386849605606412,k§fOR,anti_homophones
14308,1,17,1,4,2,-4.495862986373746,4.495862986373746,suje,anti_homophones
14309,1,0,0,9,4,-6.78039563416451,6.78039563416451,k§ZygalOg,anti_homophones
14310,1,3,0,5,2,-5.737243299937067,5.737243299937067,gl@di,anti_homophones
14311,1,0,0,6,3,-5.861716403770595,5.861716403770595,gojEz§,anti_homophones
14312,1,0,0,14,6,-11.761310901367077,11.761310901367077,R°suRdonEl°t9R,anti_homophones
14313,1,0,0,11,4,-9.00260800883272,9.00260800883272,debaRnetwaR,anti_homophones
14314,1,0,0,11,5,-12.068554723304661,12.068554723304661,belimotijEm,anti_homophones
14315,1,2,0,5,2,-5.533415956556622,5.533415956556622,vazER,anti_homophones
14316,1,0,1,7,3,-5.253614969274831,5.253614969274831,k§patif,anti_homophones
14317,1,30,1,3,2,-4.92420577197487,4.92420577197487,ak@,anti_homophones
14318,1,1,1,4,2,-5.425545389469429,5.425545389469429,pynE,anti_homophones
14319,1,0,0,8,4,-9.88296134711099,9.88296134711099,RabuSyR@,anti_homophones
14320,1,1,0,6,2,-6.162581134478721,6.162581134478721,dekROk,anti_homophones
14321,1,14,0,4,2,-4.614039106239156,4.614039106239156,kot§,anti_homophones
14322,1,0,0,9,5,-6.73058976608493,6.73058976608493,atRiaj°m@,anti_homophones
14323,1,22,0,3,1,-4.403344231461016,4.403344231461016,fiS,anti_homophones
14324,1,1,0,6,2,-4.8589299469561595,4.8589299469561595,fORman,anti_homophones
14325,1,0,0,8,4,-9.026251920127569,9.026251920127569,akRotaR2,anti_homophones
14326,1,0,0,8,3,-7.368965049269007,7.368965049269007,koRiktyR,anti_homophones
14327,1,4,1,5,2,-5.66842809511699,5.66842809511699,penis,anti_homophones
14328,1,10,1,4,1,-4.120524619732416,4.120524619732416,k8iR,anti_homophones
14329,1,1,0,5,3,-6.912243901013756,6.912243901013756,5tonE,anti_homophones
14330,1,0,0,12,5,-12.370855331369619,12.370855331369619,godomEtREpte,anti_homophones
14331,1,0,0,12,5,-12.962550186459243,12.962550186459243,atORjabElist,anti_homophones
14332,1,12,0,4,1,-4.315765353425114,4.315765353425114,tERn,anti_homophones
14333,1,3,0,7,3,-4.851774728382558,4.851774728382558,edykt9R,anti_homophones
14334,1,12,0,6,3,-5.882498483282908,5.882498483282908,pEt°m@,anti_homophones
14335,1,9,0,4,2,-5.624851713805235,5.624851713805235,vati,anti_homophones
14336,1,2,1,8,3,-4.786603939298867,4.786603939298867,val8asj§,anti_homophones
14337,1,0,1,9,4,-4.945862304577992,4.945862304577992,5tERnasj§,anti_homophones
14338,1,0,0,9,5,-6.347100167139158,6.347100167139158,5dikalize,anti_homophones
14339,1,0,0,9,4,-8.060336227762944,8.060336227762944,laRizajOt,anti_homophones
14340,1,0,0,13,4,-10.705297708317726,10.705297708317726,sERpRepybl5nd,anti_homophones
14341,1,27,1,3,1,-4.033075211512383,4.033075211512383,fas,anti_homophones
14342,1,1,0,6,3,-5.741065052940493,5.741065052940493,menomi,anti_homophones
14343,1,0,0,7,3,-7.566940104124699,7.566940104124699,nibaRb§,anti_homophones
14344,1,1,0,5,2,-5.746672383637777,5.746672383637777,f§duj,anti_homophones
14345,1,0,0,6,2,-6.013685424390665,6.013685424390665,k@bRj5,anti_homophones
14346,1,18,0,2,1,-4.642682326700069,4.642682326700069,jy,anti_homophones
14347,1,0,0,12,6,-11.485730432400182,11.485730432400182,5pElvanEl°Ri,anti_homophones
14348,1,0,0,7,2,-7.517169725901054,7.517169725901054,miksism,anti_homophones
14349,1,5,0,3,1,-4.601517864719104,4.601517864719104,v@p,anti_homophones
14350,1,0,0,10,4,-11.320721548510956,11.320721548510956,R2klutidj5,anti_homophones
14351,1,9,0,5,2,-5.578177244020176,5.578177244020176,kawaR,anti_homophones
14352,1,11,0,6,2,-4.353169097163671,4.353169097163671,kanizm,anti_homophones
14353,1,10,1,5,2,-4.559353763598869,4.559353763598869,m@sj§,anti_homophones
14354,1,0,0,8,3,-6.530577184764468,6.530577184764468,pOstezj§,anti_homophones
14355,1,5,0,5,2,-7.127446313149058,7.127446313149058,Repig,anti_homophones
14356,1,0,0,11,5,-8.816442582939628,8.816442582939628,sypleZ@dEz§,anti_homophones
14357,1,0,0,10,4,-8.341674242668887,8.341674242668887,menogRas9R,anti_homophones
14358,1,5,0,7,4,-5.522521932553591,5.522521932553591,aREt°m@,anti_homophones
14359,1,0,0,6,2,-6.520671682925267,6.520671682925267,bjotEs,anti_homophones
14360,1,0,0,11,5,-11.00752200455929,11.00752200455929,l@peRev@Z9R,anti_homophones
14361,1,0,0,9,4,-10.41075290648728,10.41075290648728,diRifomaZ,anti_homophones
14362,1,0,0,8,4,-5.92318447944892,5.92318447944892,degiz°m@,anti_homophones
14363,1,0,0,7,3,-6.848476410219522,6.848476410219522,vEsoRj5,anti_homophones
14364,1,0,0,10,4,-8.705391804067705,8.705391804067705,mustegRafi,anti_homophones
14365,1,0,0,7,3,-7.326901288798703,7.326901288798703,megapEl,anti_homophones
14366,1,8,0,4,2,-4.980673721204551,4.980673721204551,REj@,anti_homophones
14367,1,0,0,8,4,-8.339324712667855,8.339324712667855,@guRbyRo,anti_homophones
14368,1,8,0,6,3,-4.948413787025429,4.948413787025429,demine,anti_homophones
14369,1,1,0,7,3,-5.870558190072137,5.870558190072137,paRadj@,anti_homophones
14370,1,7,1,5,2,-5.163936531305955,5.163936531305955,dutaZ,anti_homophones
14371,1,0,0,9,4,-7.758185955225294,7.758185955225294,R°b§disj@,anti_homophones
14372,1,3,0,5,2,-5.401218372365719,5.401218372365719,madR@,anti_homophones
14373,1,6,0,5,2,-5.120681255735601,5.120681255735601,plute,anti_homophones
14374,1,11,0,4,1,-4.603381763629535,4.603381763629535,vERt,anti_homophones
14375,1,5,0,4,2,-7.286717975358232,7.286717975358232,mim§,anti_homophones
14376,1,2,0,9,4,-6.614888645515073,6.614888645515073,demyRasj§,anti_homophones
14377,1,0,0,7,3,-6.8035921223585625,6.8035921223585625,salytin,anti_homophones
14378,1,0,0,8,3,-6.520022195560089,6.520022195560089,b@kEkSoz,anti_homophones
14379,1,0,0,7,3,-5.952510440305653,5.952510440305653,debuRZ§,anti_homophones
14380,1,0,0,8,4,-7.42260185616124,7.42260185616124,RuZERite,anti_homophones
14381,1,1,0,7,3,-6.795537765374236,6.795537765374236,papasif,anti_homophones
14382,1,13,0,4,2,-4.627315997777546,4.627315997777546,inEz,anti_homophones
14383,1,20,1,4,1,-4.200301082219873,4.200301082219873,pERs,anti_homophones
14384,1,0,0,5,2,-5.976379136647296,5.976379136647296,Espid,anti_homophones
14385,1,0,0,6,2,-8.297393686168714,8.297393686168714,splasE,anti_homophones
14386,1,22,1,4,2,-4.5403728704458155,4.5403728704458155,pala,anti_homophones
14387,1,0,0,11,5,-7.746522867937185,7.746522867937185,pw5sonalize,anti_homophones
14388,1,0,0,8,3,-7.171754507656159,7.171754507656159,tRavjolE,anti_homophones
14389,1,4,0,5,1,-4.694085212511738,4.694085212511738,bl5dR,anti_homophones
14390,1,3,1,5,2,-4.996372409484647,4.996372409484647,patSe,anti_homophones
14391,1,0,0,7,3,-5.396196178048436,5.396196178048436,k§p@saZ,anti_homophones
14392,1,0,0,9,4,-9.090453345340867,9.090453345340867,5fEsteREs,anti_homophones
14393,1,1,1,4,2,-4.808664656372425,4.808664656372425,5fat,anti_homophones
14394,1,13,0,3,1,-4.657578594804073,4.657578594804073,Zon,anti_homophones
14395,1,2,0,7,3,-6.149598710984613,6.149598710984613,R°t°nad,anti_homophones
14396,1,5,0,5,2,-6.173910778944951,6.173910778944951,kab@s,anti_homophones
14397,1,0,0,6,3,-5.651919488661173,5.651919488661173,Siwawa,anti_homophones
14398,1,0,0,10,4,-8.759356918600298,8.759356918600298,keR@skRije,anti_homophones
14399,1,0,0,12,5,-12.274252826991802,12.274252826991802,mynodRofaR5k,anti_homophones
14400,1,2,0,5,2,-5.773608130780051,5.773608130780051,dERno,anti_homophones
14401,1,10,1,4,2,-4.473826221832665,4.473826221832665,koZi,anti_homophones
14402,1,0,0,11,5,-8.415656648721301,8.415656648721301,RepRinoloZi,anti_homophones
14403,1,0,0,11,5,-9.808939986285122,9.808939986285122,apRobastis@,anti_homophones
14404,1,0,0,11,5,-12.215760335223791,12.215760335223791,sinOktORnua,anti_homophones
14405,1,0,0,9,4,-7.816402691431613,7.816402691431613,f§dabylER,anti_homophones
14406,1,0,0,8,3,-8.107665996353731,8.107665996353731,RedyRsis,anti_homophones
14407,1,0,0,9,4,-10.304595117926297,10.304595117926297,galviR°lE,anti_homophones
14408,1,5,2,3,2,-4.52817359168798,4.52817359168798,En2,anti_homophones
14409,1,9,0,5,2,-4.574202337470512,4.574202337470512,tRone,anti_homophones
14410,1,1,0,6,3,-5.774266517174445,5.774266517174445,@pRime,anti_homophones
14411,1,0,0,6,3,-6.308344609546635,6.308344609546635,lidam@,anti_homophones
14412,1,25,2,3,1,-3.971580491384242,3.971580491384242,@dR,anti_homophones
14413,1,0,0,6,2,-5.888171962135418,5.888171962135418,RupjER,anti_homophones
14414,1,5,0,5,2,-5.699140296153558,5.699140296153558,stali,anti_homophones
14415,1,6,0,4,1,-5.457005670125698,5.457005670125698,istR,anti_homophones
14416,1,0,0,9,4,-8.137608064799473,8.137608064799473,5tERville,anti_homophones
14417,1,6,0,4,2,-4.869138087380582,4.869138087380582,itif,anti_homophones
14418,1,0,1,8,3,-5.398598188098235,5.398598188098235,definizm,anti_homophones
14419,1,1,0,6,3,-5.91993645114109,5.91993645114109,R°kaSE,anti_homophones
14420,1,17,0,4,2,-4.993146104921441,4.993146104921441,bali,anti_homophones
14421,1,1,0,7,3,-6.170795675247643,6.170795675247643,Zym°tje,anti_homophones
14422,1,0,0,15,6,-14.241293402002507,14.241293402002507,k@timEtREzjonER,anti_homophones
14423,1,0,0,9,3,-6.77170507773185,6.77170507773185,maRgildiG,anti_homophones
14424,1,1,1,7,3,-5.306271724794086,5.306271724794086,Reviz9R,anti_homophones
14425,1,0,0,7,3,-6.904211525163053,6.904211525163053,vizibis,anti_homophones
14426,1,0,0,7,4,-7.830875487532461,7.830875487532461,aleaZiR,anti_homophones
14427,1,6,1,5,2,-4.817770547055444,4.817770547055444,kapid,anti_homophones
14428,1,4,1,4,1,-4.66724213280107,4.66724213280107,s§bR,anti_homophones
14429,1,2,0,5,2,-7.281699692379697,7.281699692379697,5tR8i,anti_homophones
14430,1,0,0,9,4,-8.970706144044511,8.970706144044511,baRetRik5,anti_homophones
14431,1,0,0,8,4,-8.404516952650457,8.404516952650457,eRityRb5,anti_homophones
14432,1,1,0,8,4,-5.416387541196234,5.416387541196234,notik°m@,anti_homophones
14433,1,15,1,4,2,-4.164594416621327,4.164594416621327,vide,anti_homophones
14434,1,5,1,5,2,-4.767223414905263,4.767223414905263,k§s9R,anti_homophones
14435,1,1,0,8,3,-5.335150127409356,5.335150127409356,Eksplije,anti_homophones
14436,1,0,0,11,5,-10.965097202148863,10.965097202148863,@Rak§pREsj§,anti_homophones
14437,1,16,0,3,1,-4.573937113414977,4.573937113414977,fot,anti_homophones
14438,1,3,0,7,4,-5.579533367345569,5.579533367345569,avalize,anti_homophones
14439,1,0,0,11,4,-8.940820713571446,8.940820713571446,kRipalatwaR,anti_homophones
14440,1,0,0,14,6,-12.771715190933644,12.771715190933644,tyneRategRizli,anti_homophones
14441,1,3,0,5,3,-5.903072576408435,5.903072576408435,yRine,anti_homophones
14442,1,5,0,5,2,-5.18465798175847,5.18465798175847,puRs@,anti_homophones
14443,1,0,0,8,3,-7.031078899913948,7.031078899913948,psikomik,anti_homophones
14444,1,0,0,8,3,-5.972531332375315,5.972531332375315,kopjasj§,anti_homophones
14445,1,0,0,7,3,-7.439419868061086,7.439419868061086,mytiRaZ,anti_homophones
14446,1,0,0,11,4,-7.907560710074944,7.907560710074944,kRem@bRasj§,anti_homophones
14447,1,0,0,9,4,-5.703832500960124,5.703832500960124,ogm@tasj§,anti_homophones
14448,1,4,0,5,2,-5.240671797086991,5.240671797086991,mOnEl,anti_homophones
14449,1,0,0,8,4,-8.3474835307498,8.3474835307498,@tiRpagE,anti_homophones
14450,1,1,0,10,4,-6.739535574011409,6.739535574011409,Ravjabl°m@,anti_homophones
14451,1,0,0,9,4,-7.8669199035240105,7.8669199035240105,bitERs°m@,anti_homophones
14452,1,0,0,7,2,-7.910971964666758,7.910971964666758,lokRipl,anti_homophones
14453,1,0,0,9,4,-8.971400954213502,8.971400954213502,fOldEn°ve,anti_homophones
14454,1,3,0,4,2,-5.25161370747775,5.25161370747775,@Rul,anti_homophones
14455,1,0,0,11,4,-9.482029922298672,9.482029922298672,pRezopRezER,anti_homophones
14456,1,0,0,7,3,-5.480405469469682,5.480405469469682,mORf°l5,anti_homophones
14457,1,10,1,5,2,-4.072915904810162,4.072915904810162,@tizm,anti_homophones
14458,1,0,0,7,2,-5.791798001899402,5.791798001899402,fRyktys,anti_homophones
14459,1,0,0,6,3,-4.905244000654149,4.905244000654149,otoZEn,anti_homophones
14460,1,6,0,5,2,-5.5633953477470595,5.5633953477470595,kajEt,anti_homophones
14461,1,18,1,5,2,-4.190506462097862,4.190506462097862,batik,anti_homophones
14462,1,0,0,6,3,-6.900766747159242,6.900766747159242,iRefR§,anti_homophones
14463,1,0,0,7,3,-7.147237307802636,7.147237307802636,R°kotiR,anti_homophones
14464,1,6,1,5,2,-5.110440334347737,5.110440334347737,sakRi,anti_homophones
14465,1,0,0,11,5,-10.480661648956623,10.480661648956623,buRZOnitize,anti_homophones
14466,1,0,0,6,3,-9.086726688302798,9.086726688302798,onEjEt,anti_homophones
14467,1,0,0,13,5,-10.514113656337399,10.514113656337399,RaplikoREksj§,anti_homophones
14468,1,0,0,5,2,-5.366569799914653,5.366569799914653,nynyS,anti_homophones
14469,1,0,0,13,5,-10.2585436159487,10.2585436159487,sypERminaploz,anti_homophones
14470,1,0,0,6,3,-6.317131052565811,6.317131052565811,S@sote,anti_homophones
14471,1,0,0,9,4,-7.598339000561684,7.598339000561684,deklap°ze,anti_homophones
14472,1,0,0,8,3,-6.732112411360878,6.732112411360878,floRisaZ,anti_homophones
14473,1,8,1,5,2,-4.867357557846662,4.867357557846662,debit,anti_homophones
14474,1,2,0,6,3,-6.206671262413798,6.206671262413798,epaRak,anti_homophones
14475,1,0,0,11,4,-11.718187406687505,11.718187406687505,pRopRagOtaZ,anti_homophones
14476,1,0,0,10,4,-7.055686363738825,7.055686363738825,defEkt@sj§,anti_homophones
14477,1,2,0,5,2,-5.835592438283384,5.835592438283384,R2nik,anti_homophones
14478,1,0,0,9,4,-9.919460011730814,9.919460011730814,lORitOsin,anti_homophones
14479,1,0,0,8,3,-8.500814110140523,8.500814110140523,tRatakEl,anti_homophones
14480,1,0,0,7,3,-6.914842949416044,6.914842949416044,R@buRl5,anti_homophones
14481,1,11,1,6,3,-4.407192418797724,4.407192418797724,Sat°m@,anti_homophones
14482,1,6,1,5,1,-4.7458509832689355,4.7458509832689355,bR@dR,anti_homophones
14483,1,0,0,9,3,-8.015259611668593,8.015259611668593,spORtRize,anti_homophones
14484,1,0,0,11,4,-8.556825531583005,8.556825531583005,badikyltjER,anti_homophones
14485,1,0,0,11,5,-9.077777779823275,9.077777779823275,k@pylsivite,anti_homophones
14486,1,0,0,12,5,-9.76767897306315,9.76767897306315,k§stERmaton2,anti_homophones
14487,1,2,0,8,3,-6.034009934656297,6.034009934656297,mjogRafi,anti_homophones
14488,1,0,0,9,3,-8.135350308151377,8.135350308151377,k§Z§ktwaR,anti_homophones
14489,1,30,1,4,2,-3.9633775055916627,3.9633775055916627,pase,anti_homophones
14490,1,1,0,5,2,-5.99691608155545,5.99691608155545,SoviR,anti_homophones
14491,1,0,0,6,3,-7.301610994733569,7.301610994733569,tRoino,anti_homophones
14492,1,2,0,6,3,-5.5393029530464695,5.5393029530464695,apovRE,anti_homophones
14493,1,4,2,6,2,-4.638798258308413,4.638798258308413,sypt9R,anti_homophones
14494,1,4,0,5,2,-5.603991953708256,5.603991953708256,pat@t,anti_homophones
14495,1,7,0,4,1,-5.151710700618747,5.151710700618747,gl@t,anti_homophones
14496,1,1,0,5,2,-5.887386083496813,5.887386083496813,k@tOn,anti_homophones
14497,1,1,0,6,3,-6.606125487786008,6.606125487786008,aleZim,anti_homophones
14498,1,4,1,5,2,-4.687344831282654,4.687344831282654,Emabl,anti_homophones
14499,1,12,1,6,2,-4.743851810706736,4.743851810706736,taRist,anti_homophones
14500,1,0,0,8,3,-6.952388710578879,6.952388710578879,5diskRik,anti_homophones
14501,1,0,0,11,4,-10.623101176046202,10.623101176046202,flastijol9R,anti_homophones
14502,1,21,0,3,1,-4.321467325924215,4.321467325924215,pj§,anti_homophones
14503,1,0,0,8,4,-7.303788117115519,7.303788117115519,tyRalis@,anti_homophones
14504,1,4,1,5,2,-5.086242921799072,5.086242921799072,moniR,anti_homophones
14505,1,3,0,5,2,-5.720787902456692,5.720787902456692,f@tOS,anti_homophones
14506,1,12,1,4,1,-5.261708412586957,5.261708412586957,kRum,anti_homophones
14507,1,0,0,9,3,-7.1654830661117455,7.1654830661117455,pROspEkt§,anti_homophones
14508,1,3,1,6,3,-5.230549953326455,5.230549953326455,@kolOg,anti_homophones
14509,1,0,0,9,4,-9.17201102992479,9.17201102992479,kRepaR5go,anti_homophones
14510,1,0,0,10,4,-11.645595733388395,11.645595733388395,gR°las5diR,anti_homophones
14511,1,8,0,3,1,-4.711324119975952,4.711324119975952,Sus,anti_homophones
14512,1,6,0,6,3,-5.1249122358712125,5.1249122358712125,demoRa,anti_homophones
14513,1,10,0,4,2,-5.896770683508627,5.896770683508627,visi,anti_homophones
14514,1,13,1,4,2,-4.739480960540414,4.739480960540414,dane,anti_homophones
14515,1,2,0,5,1,-5.969204008095441,5.969204008095441,stREp,anti_homophones
14516,1,5,0,4,2,-4.236810978821221,4.236810978821221,alZi,anti_homophones
14517,1,1,0,8,4,-5.226993108414867,5.226993108414867,mok2z°m@,anti_homophones
14518,1,1,0,7,3,-6.507459530953904,6.507459530953904,k@t°n9R,anti_homophones
14519,1,0,0,9,4,-8.035610219937471,8.035610219937471,R2fulwaRe,anti_homophones
14520,1,0,0,10,4,-10.147663439712389,10.147663439712389,RevERbORN§,anti_homophones
14521,1,0,0,8,3,-7.819844299698947,7.819844299698947,vERtERm@,anti_homophones
14522,1,0,0,9,3,-7.281147975125907,7.281147975125907,vEstit8El,anti_homophones
14523,1,18,0,4,1,-3.998533191475005,3.998533191475005,plyR,anti_homophones
14524,1,2,0,5,2,-5.40981086296281,5.40981086296281,bOgaZ,anti_homophones
14525,1,0,0,6,3,-8.227085624378331,8.227085624378331,@tesj@,anti_homophones
14526,1,9,0,6,2,-4.763088434016135,4.763088434016135,RomEtR,anti_homophones
14527,1,18,0,4,2,-4.677922737508939,4.677922737508939,Sate,anti_homophones
14528,1,0,0,11,4,-10.597224762930567,10.597224762930567,ladjOskopEt,anti_homophones
14529,1,4,0,7,3,-6.229169241481128,6.229169241481128,dematiz,anti_homophones
14530,1,1,0,5,2,-5.396279166582011,5.396279166582011,REzj5,anti_homophones
14531,1,1,0,6,2,-6.185080071465159,6.185080071465159,Zystys,anti_homophones
14532,1,10,0,5,2,-5.203049008769687,5.203049008769687,RediR,anti_homophones
14533,1,0,0,14,6,-13.5551559900978,13.5551559900978,f°mEstomynotEk,anti_homophones
14534,1,0,0,6,3,-6.211512311920179,6.211512311920179,5divif,anti_homophones
14535,1,14,0,5,2,-4.680200907458416,4.680200907458416,vERZe,anti_homophones
14536,1,0,0,15,6,-12.641409730179467,12.641409730179467,detERoREkskyR@s,anti_homophones
14537,1,5,0,5,2,-6.105775554118473,6.105775554118473,sibOl,anti_homophones
14538,1,13,1,4,1,-4.910689983573391,4.910689983573391,mORn,anti_homophones
14539,1,0,0,7,2,-7.899015002423475,7.899015002423475,suskREN,anti_homophones
14540,1,6,0,5,2,-5.122292012708567,5.122292012708567,pRod@,anti_homophones
14541,1,37,0,4,2,-4.323306305434219,4.323306305434219,kale,anti_homophones
14542,1,1,1,4,2,-5.387722521118345,5.387722521118345,Sypo,anti_homophones
14543,1,0,0,7,3,-7.50217519346146,7.50217519346146,kRibuly,anti_homophones
14544,1,0,0,11,4,-11.22101082618995,11.22101082618995,gRamolym9Rs,anti_homophones
14545,1,0,0,10,5,-9.85678566381423,9.85678566381423,amogRal°te,anti_homophones
14546,1,0,0,9,4,-7.8021580087445495,7.8021580087445495,inalf°z@s,anti_homophones
14547,1,0,0,8,3,-6.696808521030057,6.696808521030057,d8alitif,anti_homophones
14548,1,0,0,8,3,-5.5505303266517,5.5505303266517,sybzid@s,anti_homophones
14549,1,0,0,10,5,-7.131706284554038,7.131706284554038,dim@tEn°m@,anti_homophones
14550,1,2,0,5,2,-6.076033153126601,6.076033153126601,pozig,anti_homophones
14551,1,0,0,8,3,-9.296151249879324,9.296151249879324,l@butwid,anti_homophones
14552,1,0,0,10,4,-5.635221710033003,5.635221710033003,vylneRasj§,anti_homophones
14553,1,0,0,15,5,-9.360085856077875,9.360085856077875,pRogRafiStRus9R,anti_homophones
14554,1,0,0,9,5,-9.008527374569544,9.008527374569544,otopalis@,anti_homophones
14555,1,0,0,7,3,-7.884266289708828,7.884266289708828,@blatin,anti_homophones
14556,1,4,0,7,3,-5.679426736265407,5.679426736265407,sikat9R,anti_homophones
14557,1,13,0,5,2,-4.546757961910477,4.546757961910477,pRose,anti_homophones
14558,1,0,0,7,3,-7.252509960422759,7.252509960422759,akustil,anti_homophones
14559,1,0,0,14,6,-12.682249188712225,12.682249188712225,ekatigmom@dabl,anti_homophones
14560,1,0,0,8,3,-7.392722256262453,7.392722256262453,demaRl5g,anti_homophones
14561,1,0,0,7,3,-7.402037943027832,7.402037943027832,dRozoid,anti_homophones
14562,1,6,1,5,2,-4.681959392812398,4.681959392812398,@tjER,anti_homophones
14563,1,0,0,10,5,-7.432051198999895,7.432051198999895,imyltyRize,anti_homophones
14564,1,0,0,11,5,-7.294173745079524,7.294173745079524,R°v@tabl°m@,anti_homophones
14565,1,1,0,8,3,-5.201746588582836,5.201746588582836,syRpasj§,anti_homophones
14566,1,0,0,12,6,-11.53757529890265,11.53757529890265,ekOlibozisj§,anti_homophones
14567,1,0,0,7,2,-7.546742439553572,7.546742439553572,pn2st@s,anti_homophones
14568,1,3,0,6,3,-6.265330479708216,6.265330479708216,vineER,anti_homophones
14569,1,1,0,7,3,-6.739055673945516,6.739055673945516,pynifOR,anti_homophones
14570,1,0,0,10,5,-9.391655544759377,9.391655544759377,@bylgERem@,anti_homophones
14571,1,4,1,4,1,-5.381322716469262,5.381322716469262,glOp,anti_homophones
14572,1,5,0,3,2,-5.188438962263664,5.188438962263664,uvE,anti_homophones
14573,1,26,0,3,2,-4.657764374964817,4.657764374964817,aZe,anti_homophones
14574,1,0,0,8,4,-8.139144797793225,8.139144797793225,votivize,anti_homophones
14575,1,0,0,8,4,-10.531592351345088,10.531592351345088,s5Zen°te,anti_homophones
14576,1,3,0,6,2,-5.575516932867075,5.575516932867075,klonaZ,anti_homophones
14577,1,18,0,3,1,-4.717785674555463,4.717785674555463,giS,anti_homophones
14578,1,7,0,6,3,-5.459901798224439,5.459901798224439,etisj§,anti_homophones
14579,1,0,0,13,6,-11.722150657263347,11.722150657263347,filabolifizj5,anti_homophones
14580,1,1,0,7,4,-6.355368846173313,6.355368846173313,@dokype,anti_homophones
14581,1,0,0,8,3,-7.207999328344363,7.207999328344363,psikul9R,anti_homophones
14582,1,0,0,8,3,-7.422939983464596,7.422939983464596,kalEjtiG,anti_homophones
14583,1,10,0,3,1,-4.770543562706173,4.770543562706173,Zut,anti_homophones
14584,1,1,0,6,3,-6.32109074387721,6.32109074387721,peRat5,anti_homophones
14585,1,9,0,6,3,-5.138028407520731,5.138028407520731,makite,anti_homophones
14586,1,6,0,7,4,-5.5430098996183474,5.5430098996183474,atEl°m@,anti_homophones
14587,1,5,0,5,2,-5.0065795111806155,5.0065795111806155,bRuj@,anti_homophones
14588,1,0,0,5,2,-5.170998484494007,5.170998484494007,majOt,anti_homophones
14589,1,7,0,5,2,-4.886255494760177,4.886255494760177,lis9R,anti_homophones
14590,1,4,0,5,1,-5.986480950897615,5.986480950897615,fRikt,anti_homophones
14591,1,0,0,7,3,-6.103944674093669,6.103944674093669,k§patje,anti_homophones
14592,1,14,1,5,2,-4.82614910913607,4.82614910913607,kalis,anti_homophones
14593,1,0,0,8,3,-7.763051513494372,7.763051513494372,2kylpabl,anti_homophones
14594,1,0,0,6,3,-5.905211987994085,5.905211987994085,evERso,anti_homophones
14595,1,0,0,10,4,-7.890822907009659,7.890822907009659,RefORmatiR,anti_homophones
14596,1,0,0,9,4,-10.214811668378609,10.214811668378609,@fletRiva,anti_homophones
14597,1,11,0,3,1,-5.285052650335022,5.285052650335022,Sj§,anti_homophones
14598,1,0,0,6,3,-5.334375275123434,5.334375275123434,Zigote,anti_homophones
14599,1,0,0,9,3,-9.280026445817592,9.280026445817592,k§tRapRES,anti_homophones
14600,1,0,0,8,4,-6.761803894308296,6.761803894308296,alvod°m@,anti_homophones
14601,1,0,0,10,5,-9.887691423881314,9.887691423881314,R°b2lOtity,anti_homophones
14602,1,2,0,6,3,-6.136458019218307,6.136458019218307,deminE,anti_homophones
14603,1,12,1,6,2,-3.8984305051132377,3.8984305051132377,glasj§,anti_homophones
14604,1,14,0,4,2,-4.6019326869603,4.6019326869603,kORe,anti_homophones
14605,1,0,0,9,3,-6.786235866697246,6.786235866697246,dEksjonER,anti_homophones
14606,1,0,0,9,4,-9.170804243174885,9.170804243174885,idjabijaZ,anti_homophones
14607,1,14,0,4,2,-4.505314881589991,4.505314881589991,koki,anti_homophones
14608,1,7,0,4,1,-4.8515943029322,4.8515943029322,tR@g,anti_homophones
14609,1,1,0,9,4,-6.135492843169647,6.135492843169647,bisabl°m@,anti_homophones
14610,1,0,0,7,3,-6.919705589544729,6.919705589544729,lEt@sj§,anti_homophones
14611,1,13,2,3,2,-4.218296727822238,4.218296727822238,@bo,anti_homophones
14612,1,2,0,5,2,-6.123585568342515,6.123585568342515,fORfo,anti_homophones
14613,1,5,0,5,3,-4.680184234020258,4.680184234020258,apot@,anti_homophones
14614,1,12,1,3,2,-5.194561526641431,5.194561526641431,2Ro,anti_homophones
14615,1,0,0,10,4,-8.911666036670372,8.911666036670372,satoZenist,anti_homophones
14616,1,19,1,4,2,-4.260804189598884,4.260804189598884,@til,anti_homophones
14617,1,1,0,8,4,-6.373681061059589,6.373681061059589,linoloZi,anti_homophones
14618,1,0,0,15,6,-13.272581770668506,13.272581770668506,katERmonofRakle,anti_homophones
14619,1,2,1,7,3,-4.916517190830687,4.916517190830687,otogRaf,anti_homophones
14620,1,6,0,7,3,-6.118778408906958,6.118778408906958,bilasj§,anti_homophones
14621,1,2,0,6,2,-5.358433323482654,5.358433323482654,Regl9R,anti_homophones
14622,1,1,0,5,2,-5.889615166382488,5.889615166382488,5tRyk,anti_homophones
14623,1,1,0,7,3,-5.496121165664937,5.496121165664937,bag°niR,anti_homophones
14624,1,6,1,6,2,-5.022117249108941,5.022117249108941,tORtaZ,anti_homophones
14625,1,17,0,5,2,-4.834001815124969,4.834001815124969,paRje,anti_homophones
14626,1,0,0,8,3,-7.05197351189307,7.05197351189307,vuvwaj9l,anti_homophones
14627,1,3,0,5,2,-6.082125297913155,6.082125297913155,aflin,anti_homophones
14628,1,5,0,6,2,-5.1912271210904795,5.1912271210904795,SatjER,anti_homophones
14629,1,0,0,5,3,-5.543197015317755,5.543197015317755,Zeogo,anti_homophones
14630,1,0,0,10,5,-10.64734428312685,10.64734428312685,Realibetaj,anti_homophones
14631,1,0,0,10,4,-8.0272150818325,8.0272150818325,monjonasj§,anti_homophones
14632,1,0,0,13,5,-12.367400578664673,12.367400578664673,RoseswipsolER,anti_homophones
14633,1,0,0,10,4,-10.852289869648557,10.852289869648557,5sylt8Esk§,anti_homophones
14634,1,41,2,3,1,-3.8797699662289147,3.8797699662289147,Rik,anti_homophones
14635,1,1,0,7,3,-5.60151485728666,5.60151485728666,pRez@t5,anti_homophones
14636,1,0,0,15,5,-12.12172037716698,12.12172037716698,mjOksinOplaktif,anti_homophones
14637,1,0,0,7,2,-6.533179916644131,6.533179916644131,syplizm,anti_homophones
14638,1,7,0,5,2,-5.259615035316286,5.259615035316286,tRiSe,anti_homophones
14639,1,0,0,10,3,-5.928744119796947,5.928744119796947,k§stRyktif,anti_homophones
14640,1,0,0,10,4,-7.4213607391990415,7.4213607391990415,fRomizasj§,anti_homophones
14641,1,0,1,8,3,-7.385999030496246,7.385999030496246,pRekOnik,anti_homophones
14642,1,2,0,5,2,-5.422432325576228,5.422432325576228,Rad@s,anti_homophones
14643,1,2,0,7,3,-7.287177936290261,7.287177936290261,k§solEg,anti_homophones
14644,1,3,0,5,2,-5.78271637684784,5.78271637684784,gonEt,anti_homophones
14645,1,5,0,6,3,-5.52802450058322,5.52802450058322,Retije,anti_homophones
14646,1,14,1,4,2,-4.47151049988522,4.47151049988522,miSe,anti_homophones
14647,1,0,0,10,4,-9.674630825997863,9.674630825997863,disinekRup,anti_homophones
14648,1,0,0,10,4,-7.699183743608176,7.699183743608176,baRagmatyR,anti_homophones
14649,1,2,1,7,3,-4.945161876795456,4.945161876795456,d8alite,anti_homophones
14650,1,19,0,3,1,-4.26078816145955,4.26078816145955,tOk,anti_homophones
14651,1,0,0,5,2,-6.407359244223428,6.407359244223428,Zyt2z,anti_homophones
14652,1,0,0,15,6,-16.914243435093482,16.914243435093482,nodjaboSaseks82,anti_homophones
14653,1,19,0,3,1,-4.584945914090385,4.584945914090385,f9R,anti_homophones
14654,1,17,0,2,1,-5.088351418120399,5.088351418120399,Sy,anti_homophones
14655,1,0,0,7,3,-7.909540349845667,7.909540349845667,avajvOR,anti_homophones
14656,1,0,0,13,6,-11.552595588734997,11.552595588734997,piZonatERmit2,anti_homophones
14657,1,0,0,13,4,-11.740011348452633,11.740011348452633,katRaRmalfabl,anti_homophones
14658,1,0,0,13,5,-10.609963478917544,10.609963478917544,kaREstjanifje,anti_homophones
14659,1,4,0,6,3,-5.4610513528783615,5.4610513528783615,nOn°m@,anti_homophones
14660,1,16,0,3,1,-5.7641504520875175,5.7641504520875175,5pR,anti_homophones
14661,1,2,0,6,3,-5.9012355854726515,5.9012355854726515,medyl2,anti_homophones
14662,1,0,0,8,3,-7.571545388444123,7.571545388444123,tSatENad,anti_homophones
14663,1,0,0,9,4,-10.247541763773045,10.247541763773045,sival8ety,anti_homophones
14664,1,0,0,6,2,-6.741452579602544,6.741452579602544,klinad,anti_homophones
14665,1,0,0,8,4,-7.541342465582377,7.541342465582377,epaRasj5,anti_homophones
14666,1,0,0,10,4,-7.842922562081865,7.842922562081865,aRmitRasj§,anti_homophones
14667,1,0,0,10,3,-9.336633166043164,9.336633166043164,skiskalist,anti_homophones
14668,1,0,0,8,4,-7.160260868524504,7.160260868524504,k§t°naZe,anti_homophones
14669,1,5,0,4,2,-5.122027893464404,5.122027893464404,5fim,anti_homophones
14670,1,1,0,6,2,-5.143548086071759,5.143548086071759,kwatyR,anti_homophones
14671,1,0,0,9,5,-9.004748110753177,9.004748110753177,eleaZysti,anti_homophones
14672,1,0,0,6,2,-6.420494284521626,6.420494284521626,katRit,anti_homophones
14673,1,0,0,6,3,-9.995683124198868,9.995683124198868,@SyRal,anti_homophones
14674,1,2,0,5,2,-5.257527811320777,5.257527811320777,l§Zik,anti_homophones
14675,1,2,0,6,3,-5.412653056555375,5.412653056555375,5fat9R,anti_homophones
14676,1,0,0,9,3,-7.98275744500059,7.98275744500059,kuvERt8it,anti_homophones
14677,1,5,0,5,3,-4.901140929340976,4.901140929340976,oton@,anti_homophones
14678,1,1,0,5,2,-6.993728487475927,6.993728487475927,b@d§k,anti_homophones
14679,1,0,0,8,4,-9.228564390233185,9.228564390233185,@tatylje,anti_homophones
14680,1,0,0,7,3,-7.830627112705448,7.830627112705448,sonaRis,anti_homophones
14681,1,1,1,7,3,-5.227715496095982,5.227715496095982,gRON°m@,anti_homophones
14682,1,0,0,7,3,-7.043340848838642,7.043340848838642,ebRidj5,anti_homophones
14683,1,12,1,4,2,-4.196060280392421,4.196060280392421,agRe,anti_homophones
14684,1,0,0,8,4,-8.665149562779328,8.665149562779328,libRadao,anti_homophones
14685,1,3,0,5,2,-4.698827908350432,4.698827908350432,vOlt@,anti_homophones
14686,1,3,0,5,2,-5.46172906527773,5.46172906527773,iljER,anti_homophones
14687,1,1,0,5,2,-6.838445187275273,6.838445187275273,estat,anti_homophones
14688,1,13,0,4,1,-4.911447095038193,4.911447095038193,gRum,anti_homophones
14689,1,4,0,6,3,-5.861851942741494,5.861851942741494,Zinite,anti_homophones
14690,1,19,0,4,2,-4.451785743092191,4.451785743092191,maR§,anti_homophones
14691,1,1,0,9,4,-6.54015330678588,6.54015330678588,RamoRasj§,anti_homophones
14692,1,2,0,8,3,-5.9007303438366225,5.9007303438366225,mEstasj§,anti_homophones
14693,1,0,0,12,4,-13.402888836641367,13.402888836641367,stRasiRviROl,anti_homophones
14694,1,11,0,5,2,-4.912106988306345,4.912106988306345,kopaZ,anti_homophones
14695,1,0,0,7,3,-5.134069247386665,5.134069247386665,k§plem@,anti_homophones
14696,1,1,0,5,1,-5.792645361412269,5.792645361412269,skEtS,anti_homophones
14697,1,0,0,7,3,-5.12131970930967,5.12131970930967,fR@Z°m@,anti_homophones
14698,1,0,0,8,3,-7.515699903155012,7.515699903155012,syfletyd,anti_homophones
14699,1,0,0,12,5,-10.005631992315562,10.005631992315562,ebekwadRibys,anti_homophones
14700,1,3,0,5,2,-5.610332664707197,5.610332664707197,RafiS,anti_homophones
14701,1,0,0,6,3,-6.80582030828151,6.80582030828151,Eksas5,anti_homophones
14702,1,1,0,7,3,-6.461523662491563,6.461523662491563,patifja,anti_homophones
14703,1,1,0,7,4,-4.82313233279902,4.82313233279902,epuj°m@,anti_homophones
14704,1,12,0,5,2,-4.98976798359328,4.98976798359328,lav9R,anti_homophones
14705,1,2,1,5,3,-5.467751720281429,5.467751720281429,@RaZe,anti_homophones
14706,1,0,0,9,3,-6.093448451085663,6.093448451085663,buRZwajaZ,anti_homophones
14707,1,7,0,4,2,-5.7953958668767545,5.7953958668767545,aRag,anti_homophones
14708,1,0,0,7,3,-6.244786539486665,6.244786539486665,@tRijOl,anti_homophones
14709,1,1,0,7,3,-5.796952807010417,5.796952807010417,k§kiSOt,anti_homophones
14710,1,1,0,7,3,-6.9204302664381165,6.9204302664381165,SuSutje,anti_homophones
14711,1,20,1,4,2,-4.596003463508055,4.596003463508055,inaR,anti_homophones
14712,1,0,0,7,3,-5.680546827710491,5.680546827710491,makijaZ,anti_homophones
14713,1,0,0,10,5,-10.694083686162527,10.694083686162527,@bwas5tim§,anti_homophones
14714,1,0,0,6,3,-7.578447987483457,7.578447987483457,RedaRi,anti_homophones
14715,1,2,0,5,2,-5.562001469741475,5.562001469741475,sudRe,anti_homophones
14716,1,14,0,4,2,-5.194440326882942,5.194440326882942,pafe,anti_homophones
14717,1,10,0,4,1,-4.529426261545482,4.529426261545482,bERZ,anti_homophones
14718,1,0,0,10,4,-9.541732011352053,9.541732011352053,ksasERvEj2,anti_homophones
14719,1,2,1,5,3,-6.101817854055058,6.101817854055058,omati,anti_homophones
14720,1,0,0,11,4,-9.645131762520847,9.645131762520847,pERmisipjOm,anti_homophones
14721,1,0,0,6,3,-6.813648054701165,6.813648054701165,@baRaS,anti_homophones
14722,1,2,0,6,3,-6.162197437771145,6.162197437771145,ko@zim,anti_homophones
14723,1,0,0,7,3,-7.6477317920525865,7.6477317920525865,niteRER,anti_homophones
14724,1,0,0,5,2,-5.21192686812324,5.21192686812324,g2g9l,anti_homophones
14725,1,1,0,8,3,-6.070116245934248,6.070116245934248,kloaksj§,anti_homophones
14726,1,0,0,11,4,-9.936328192974633,9.936328192974633,s@plas@blEm,anti_homophones
14727,1,0,0,10,3,-8.433801281524659,8.433801281524659,snasjonizm,anti_homophones
14728,1,4,0,4,1,-5.937303462400999,5.937303462400999,SEps,anti_homophones
14729,1,30,0,2,1,-4.5691918230035515,4.5691918230035515,Zi,anti_homophones
14730,1,5,1,4,2,-4.945399995813608,4.945399995813608,ORno,anti_homophones
14731,1,0,0,8,3,-8.489396889551088,8.489396889551088,fRimisEt,anti_homophones
14732,1,0,0,8,3,-8.5057747707966,8.5057747707966,desyRfiR,anti_homophones
14733,1,21,0,2,1,-4.56944936455212,4.56944936455212,go,anti_homophones
14734,1,0,0,13,5,-11.363693148236464,11.363693148236464,mjoloR@sfyzje,anti_homophones
14735,1,0,0,8,3,-7.367875692806067,7.367875692806067,tR@ziZje,anti_homophones
14736,1,0,0,8,3,-6.39973814266504,6.39973814266504,k§tRadjo,anti_homophones
14737,1,0,0,14,6,-11.378655188563986,11.378655188563986,sakReamORsk°le,anti_homophones
14738,1,0,0,8,3,-6.287976529966676,6.287976529966676,R°fRwazi,anti_homophones
14739,1,0,0,10,5,-6.823012819670055,6.823012819670055,5vERtis°m@,anti_homophones
14740,1,0,0,9,4,-9.710646064607104,9.710646064607104,@plwatifa,anti_homophones
14741,1,2,0,8,3,-5.3268178448506465,5.3268178448506465,pERmasj§,anti_homophones
14742,1,0,0,12,6,-8.389141938747919,8.389141938747919,ymidaktivite,anti_homophones
14743,1,1,1,5,3,-4.950565454204192,4.950565454204192,@m@Se,anti_homophones
14744,1,10,0,7,3,-4.765283802454943,4.765283802454943,kylasj§,anti_homophones
14745,1,14,0,2,1,-5.204709962445152,5.204709962445152,N@,anti_homophones
14746,1,1,0,6,2,-6.03664734290667,6.03664734290667,plEkto,anti_homophones
14747,1,10,1,4,1,-4.157996250306439,4.157996250306439,Ekst,anti_homophones
14748,1,0,0,12,5,-10.274688388360207,10.274688388360207,sORbij9R°m8e,anti_homophones
14749,1,0,0,12,6,-11.863469164735587,11.863469164735587,@balimatos@s,anti_homophones
14750,1,0,0,10,4,-9.897374538291368,9.897374538291368,dubligonit,anti_homophones
14751,1,0,0,7,4,-8.268612821378499,8.268612821378499,5depuzi,anti_homophones
14752,1,0,0,8,4,-6.474607175472667,6.474607175472667,vilEZ°m@,anti_homophones
14753,1,1,1,6,2,-4.612262041388579,4.612262041388579,byvabl,anti_homophones
14754,1,10,0,4,1,-4.724527958858724,4.724527958858724,mwaz,anti_homophones
14755,1,1,1,7,3,-5.662517662781705,5.662517662781705,5dEmnik,anti_homophones
14756,1,1,0,5,2,-5.322500775371563,5.322500775371563,fynEz,anti_homophones
14757,1,0,0,10,5,-9.770076455605965,9.770076455605965,5suRnEl°Ri,anti_homophones
14758,1,1,0,5,3,-5.667562627529866,5.667562627529866,izola,anti_homophones
14759,1,0,0,7,3,-6.657972800045163,6.657972800045163,bRavale,anti_homophones
14760,1,9,0,4,2,-4.720096631456725,4.720096631456725,akRo,anti_homophones
14761,1,0,1,6,3,-5.099496118468844,5.099496118468844,Rep§de,anti_homophones
14762,1,2,0,5,2,-6.548105321727167,6.548105321727167,S°vEz,anti_homophones
14763,1,20,1,2,1,-4.607631164947963,4.607631164947963,jE,anti_homophones
14764,1,10,1,3,1,-4.496254643069033,4.496254643069033,pju,anti_homophones
14765,1,0,0,9,3,-7.460341960781463,7.460341960781463,maRkadRwa,anti_homophones
14766,1,1,0,5,2,-5.277947777282347,5.277947777282347,s°ROl,anti_homophones
14767,1,0,0,14,5,-13.719821125378584,13.719821125378584,dedjamifjasman,anti_homophones
14768,1,1,0,6,3,-4.98579146021405,4.98579146021405,vaz°Ri,anti_homophones
14769,1,3,0,5,2,-6.1010344482855325,6.1010344482855325,bOnaZ,anti_homophones
14770,1,1,0,5,2,-4.9048651629877025,4.9048651629877025,kOsme,anti_homophones
14771,1,0,0,9,4,-7.527926754667395,7.527926754667395,pRofinis@,anti_homophones
14772,1,10,1,4,2,-4.4851764703840065,4.4851764703840065,oRj5,anti_homophones
14773,1,0,0,8,3,-8.741648709669992,8.741648709669992,ZytRepin,anti_homophones
14774,1,0,0,9,5,-8.494738222091955,8.494738222091955,§disOn°m@,anti_homophones
14775,1,0,0,15,6,-13.63294396470966,13.63294396470966,m@tak§dispesjal,anti_homophones
14776,1,4,0,5,2,-5.199329301496007,5.199329301496007,ost9R,anti_homophones
14777,1,0,0,6,2,-6.1082034882145875,6.1082034882145875,nORg9j,anti_homophones
14778,1,0,0,10,4,-5.261812580732986,5.261812580732986,syRp9pl°m@,anti_homophones
14779,1,8,1,5,3,-4.954158646304298,4.954158646304298,epile,anti_homophones
14780,1,2,1,4,2,-5.384759466103725,5.384759466103725,yzaZ,anti_homophones
14781,1,1,0,8,3,-5.673225161112819,5.673225161112819,Radyksj§,anti_homophones
14782,1,2,0,5,2,-5.7037806948423455,5.7037806948423455,kaR§d,anti_homophones
14783,1,0,0,7,3,-6.688624859091594,6.688624859091594,fokaizm,anti_homophones
14784,1,0,0,6,3,-7.028631295309363,7.028631295309363,tybyEt,anti_homophones
14785,1,2,0,5,2,-5.648447163680432,5.648447163680432,pjolo,anti_homophones
14786,1,6,2,4,2,-4.5719838841237825,4.5719838841237825,loge,anti_homophones
14787,1,13,0,3,1,-4.442606424760161,4.442606424760161,byS,anti_homophones
14788,1,1,0,7,3,-5.57066576284912,5.57066576284912,eljasj§,anti_homophones
14789,1,0,0,6,3,-6.697723908736508,6.697723908736508,kanema,anti_homophones
14790,1,0,0,9,4,-7.967057581859059,7.967057581859059,nastEl°m@,anti_homophones
14791,1,3,0,5,2,-5.262972491573001,5.262972491573001,vOlta,anti_homophones
14792,1,0,0,12,4,-10.379638461348705,10.379638461348705,@gRosiRk§stR,anti_homophones
14793,1,15,0,3,1,-4.6188064601443255,4.6188064601443255,pOS,anti_homophones
14794,1,1,1,4,1,-4.758600422574165,4.758600422574165,swiG,anti_homophones
14795,1,1,0,6,3,-8.642653407698077,8.642653407698077,bialik,anti_homophones
14796,1,2,0,5,3,-5.406004906858472,5.406004906858472,beati,anti_homophones
14797,1,5,0,4,2,-4.544198304707216,4.544198304707216,favo,anti_homophones
14798,1,0,0,8,3,-6.880311770770853,6.880311770770853,pERsinal,anti_homophones
14799,1,21,0,4,2,-4.349047204066564,4.349047204066564,avaZ,anti_homophones
14800,1,0,0,10,4,-9.53314009546295,9.53314009546295,kamegalvaj,anti_homophones
14801,1,0,0,6,2,-6.5929240151810244,6.5929240151810244,dREsj2,anti_homophones
14802,1,0,0,8,3,-6.90020713444548,6.90020713444548,kaRjatik,anti_homophones
14803,1,0,0,9,4,-7.447373729457876,7.447373729457876,diZERm°m@,anti_homophones
14804,1,1,1,7,3,-5.954190392603898,5.954190392603898,magulEt,anti_homophones
14805,1,2,0,5,2,-5.46253262373202,5.46253262373202,tapid,anti_homophones
14806,1,0,0,12,4,-14.88171500034356,14.88171500034356,ROdjal°bRund,anti_homophones
14807,1,0,0,8,3,-7.6886900021015885,7.6886900021015885,fjER°man,anti_homophones
14808,1,0,0,8,3,-6.528000167697883,6.528000167697883,dispaNOl,anti_homophones
14809,1,0,0,6,3,-5.985215903720131,5.985215903720131,bagEte,anti_homophones
14810,1,0,0,12,5,-10.496680232631158,10.496680232631158,k§vOkOkaRjEn,anti_homophones
14811,1,16,0,5,3,-4.447620317624606,4.447620317624606,edite,anti_homophones
14812,1,0,0,9,4,-8.398525598079239,8.398525598079239,idjonEs@s,anti_homophones
14813,1,0,0,8,3,-6.8154434697281685,6.8154434697281685,@tR°fulk,anti_homophones
14814,1,0,0,6,2,-7.624027409791124,7.624027409791124,mwalat,anti_homophones
14815,1,0,0,7,3,-7.756193775689685,7.756193775689685,maRapil,anti_homophones
14816,1,0,0,7,3,-7.896775608988318,7.896775608988318,eplezje,anti_homophones
14817,1,0,0,6,3,-10.686305239143417,10.686305239143417,saRyvE,anti_homophones
14818,1,0,0,10,4,-7.8097123827839505,7.8097123827839505,siNOblat9R,anti_homophones
14819,1,0,0,5,2,-7.9555897796876405,7.9555897796876405,m@gj@,anti_homophones
14820,1,2,0,7,3,-5.414252357715696,5.414252357715696,paRakte,anti_homophones
14821,1,7,1,4,2,-5.2099104002322685,5.2099104002322685,RaZ@,anti_homophones
14822,1,0,0,8,3,-8.066716961887275,8.066716961887275,balzaRdy,anti_homophones
14823,1,3,0,6,3,-5.501852571455045,5.501852571455045,R@pone,anti_homophones
14824,1,0,0,9,4,-8.17959391355934,8.17959391355934,k°REn°tje,anti_homophones
14825,1,20,0,2,1,-4.571180679227057,4.571180679227057,p5,anti_homophones
14826,1,0,0,6,2,-6.74322637211587,6.74322637211587,pERlOg,anti_homophones
14827,1,1,0,5,2,-5.422484699050757,5.422484699050757,kiSOt,anti_homophones
14828,1,0,0,12,5,-9.159863143512924,9.159863143512924,k§syltyRitmi,anti_homophones
14829,1,1,0,5,2,-5.46632166912584,5.46632166912584,biliz,anti_homophones
14830,1,17,1,4,1,-4.509304925614826,4.509304925614826,R@dR,anti_homophones
14831,1,37,1,3,2,-4.535372362184723,4.535372362184723,ala,anti_homophones
14832,1,0,0,9,3,-9.314411403092624,9.314411403092624,kRiplasma,anti_homophones
14833,1,0,0,9,3,-9.079158652232563,9.079158652232563,tR@taRtEl,anti_homophones
14834,1,0,0,9,3,-6.492748402846237,6.492748402846237,pERfakt9R,anti_homophones
14835,1,0,0,9,4,-6.022356239431485,6.022356239431485,detRis°m@,anti_homophones
14836,1,0,0,7,3,-5.910308707255039,5.910308707255039,aRtifik,anti_homophones
14837,1,0,0,11,5,-10.1779959307829,10.1779959307829,sepydisElyR,anti_homophones
14838,1,8,0,4,2,-4.972500213568027,4.972500213568027,5tEt,anti_homophones
14839,1,8,0,3,2,-4.72210289419875,4.72210289419875,ul2,anti_homophones
14840,1,0,0,8,4,-7.378538940434231,7.378538940434231,5tERibOl,anti_homophones
14841,1,0,0,10,5,-7.471152061864781,7.471152061864781,pulinik°m@,anti_homophones
14842,1,7,1,4,2,-5.422229968247547,5.422229968247547,afRE,anti_homophones
14843,1,3,0,6,3,-5.7927631140515565,5.7927631140515565,suflye,anti_homophones
14844,1,0,0,6,4,-7.32336786713768,7.32336786713768,ideofi,anti_homophones
14845,1,0,0,12,5,-13.647632844303917,13.647632844303917,SOpetRobalis,anti_homophones
14846,1,2,0,6,3,-6.70497711918199,6.70497711918199,ovalj5,anti_homophones
14847,1,0,0,8,4,-5.932376306248817,5.932376306248817,paRavite,anti_homophones
14848,1,0,0,7,3,-7.844374176993415,7.844374176993415,sybv@dE,anti_homophones
14849,1,1,0,7,3,-6.399098805577725,6.399098805577725,yminjER,anti_homophones
14850,1,6,1,5,2,-4.751392827581713,4.751392827581713,dezOR,anti_homophones
14851,1,0,0,8,4,-10.746492960888746,10.746492960888746,gaROSabo,anti_homophones
14852,1,0,0,6,2,-5.946478182128904,5.946478182128904,tuRlEt,anti_homophones
14853,1,0,0,6,2,-6.052478737594103,6.052478737594103,k§fRaz,anti_homophones
14854,1,0,0,12,5,-10.1694776936708,10.1694776936708,asfERasjonaZ,anti_homophones
14855,1,0,0,13,6,-15.12997226775141,15.12997226775141,ZymotodifiSj5,anti_homophones
14856,1,11,0,4,2,-4.814912978425398,4.814912978425398,R°b§,anti_homophones
14857,1,8,0,5,1,-4.414739740212488,4.414739740212488,k§stR,anti_homophones
14858,1,3,0,7,3,-5.591277379498492,5.591277379498492,patRij§,anti_homophones
14859,1,5,0,4,2,-6.130416108331598,6.130416108331598,tom§,anti_homophones
14860,1,0,0,5,2,-6.09087047716466,6.09087047716466,k@dj2,anti_homophones
14861,1,0,0,6,3,-6.856171166788786,6.856171166788786,@pakiG,anti_homophones
14862,1,1,0,6,2,-7.02334840947989,7.02334840947989,kiRSaZ,anti_homophones
14863,1,1,0,7,3,-5.328661710553604,5.328661710553604,fizjone,anti_homophones
14864,1,4,0,5,2,-5.259841871882609,5.259841871882609,kilit,anti_homophones
14865,1,0,0,9,4,-7.947625651783485,7.947625651783485,katam@tal,anti_homophones
14866,1,0,0,8,3,-7.250601043067046,7.250601043067046,kuRisjER,anti_homophones
14867,1,4,0,6,2,-5.02030353804665,5.02030353804665,notwaR,anti_homophones
14868,1,0,0,12,4,-10.14516876169855,10.14516876169855,stRisikloSaZ,anti_homophones
14869,1,13,2,4,2,-4.523074416381132,4.523074416381132,sype,anti_homophones
14870,1,0,0,9,4,-6.986448663019665,6.986448663019665,bisjonize,anti_homophones
14871,1,0,0,6,3,-7.111104961798208,7.111104961798208,kabySE,anti_homophones
14872,1,9,2,4,1,-4.345757256068724,4.345757256068724,REsk,anti_homophones
14873,1,5,1,3,1,-4.332406745540145,4.332406745540145,spE,anti_homophones
14874,1,0,0,13,6,-11.700747942984057,11.700747942984057,n2Robabwajabi,anti_homophones
14875,1,1,1,7,3,-5.242620154486635,5.242620154486635,fufunEt,anti_homophones
14876,1,0,0,9,3,-12.485618965240857,12.485618965240857,bRylkaRd2,anti_homophones
14877,1,0,0,7,3,-6.282050008720861,6.282050008720861,S°v°lin,anti_homophones
14878,1,0,0,4,2,-6.098078506444271,6.098078506444271,ob9g,anti_homophones
14879,1,0,0,5,2,-6.858589032818148,6.858589032818148,agwap,anti_homophones
14880,1,7,0,6,3,-4.932179043406309,4.932179043406309,fEt°m@,anti_homophones
14881,1,0,0,7,3,-6.3370907946044985,6.3370907946044985,glapije,anti_homophones
14882,1,2,0,7,3,-6.348675489750639,6.348675489750639,def@dR2,anti_homophones
14883,1,4,0,5,2,-6.242483098565813,6.242483098565813,R°v9R,anti_homophones
14884,1,2,0,5,3,-7.093385793024613,7.093385793024613,adaR5,anti_homophones
14885,1,0,0,11,5,-12.509494950846653,12.509494950846653,ibERsimul9R,anti_homophones
14886,1,22,1,3,1,-4.11021972929862,4.11021972929862,tan,anti_homophones
14887,1,0,0,8,3,-8.114516206363898,8.114516206363898,R@slysil,anti_homophones
14888,1,2,0,7,4,-5.613426402588758,5.613426402588758,abiliz@,anti_homophones
14889,1,8,1,5,2,-4.990544893960109,4.990544893960109,dezil,anti_homophones
14890,1,0,0,6,3,-7.870908606933763,7.870908606933763,tafiSa,anti_homophones
14891,1,0,0,9,4,-12.093931165321205,12.093931165321205,nyneRapt@,anti_homophones
14892,1,0,0,10,4,-10.343960619995963,10.343960619995963,akRomaZjOm,anti_homophones
14893,1,0,0,9,4,-11.150338635336265,11.150338635336265,deS°linj2,anti_homophones
14894,1,0,0,12,6,-12.90833146933054,12.90833146933054,SaposiNityR2,anti_homophones
14895,1,1,0,6,2,-5.9726355031972584,5.9726355031972584,kw@tOm,anti_homophones
14896,1,0,0,6,2,-6.087573817339343,6.087573817339343,fERl8e,anti_homophones
14897,1,7,0,6,3,-5.250520789647032,5.250520789647032,m@k°m@,anti_homophones
14898,1,0,0,6,3,-7.156084008486402,7.156084008486402,buRisi,anti_homophones
14899,1,0,0,8,4,-7.719038249161893,7.719038249161893,laviguRu,anti_homophones
14900,1,0,0,8,3,-7.333372693325194,7.333372693325194,kOstnami,anti_homophones
14901,1,1,0,6,2,-5.938378220029487,5.938378220029487,glanEl,anti_homophones
14902,1,0,0,9,4,-7.9098206161134925,7.9098206161134925,aRogRafiS,anti_homophones
14903,1,0,0,9,4,-5.26503870716251,5.26503870716251,Ekspozite,anti_homophones
14904,1,0,0,9,3,-7.439995209410842,7.439995209410842,pRedomabl,anti_homophones
14905,1,0,0,8,4,-7.646610506437645,7.646610506437645,poleRase,anti_homophones
14906,1,15,0,3,2,-4.471057145710998,4.471057145710998,5d@,anti_homophones
14907,1,0,0,10,4,-12.153989391977717,12.153989391977717,dilemopt9R,anti_homophones
14908,1,5,0,4,1,-4.9112521212847335,4.9112521212847335,R8El,anti_homophones
14909,1,0,0,9,4,-7.599855944358945,7.599855944358945,RekORS°R§,anti_homophones
14910,1,0,0,8,4,-10.17389244066767,10.17389244066767,etalveRy,anti_homophones
14911,1,1,0,5,2,-5.9762840328419395,5.9762840328419395,dozal,anti_homophones
14912,1,0,0,11,4,-11.249582160330394,11.249582160330394,aktyRkwat@t,anti_homophones
14913,1,0,0,7,4,-6.309838865110339,6.309838865110339,5diN°R§,anti_homophones
14914,1,0,0,9,4,-8.210934259044391,8.210934259044391,R°S@Z°lyR,anti_homophones
14915,1,8,1,5,2,-4.659928537560826,4.659928537560826,kORdo,anti_homophones
14916,1,0,0,6,3,-5.921944378133308,5.921944378133308,debuto,anti_homophones
14917,1,0,0,7,3,-6.2975759318476765,6.2975759318476765,5Zenjak,anti_homophones
14918,1,10,0,6,3,-5.044080142499195,5.044080142499195,REd°m@,anti_homophones
14919,1,0,0,7,3,-7.5228818062882965,7.5228818062882965,t@tagOg,anti_homophones
14920,1,0,0,8,4,-6.712668959842276,6.712668959842276,5plEt°m@,anti_homophones
14921,1,0,0,6,3,-5.634768553256922,5.634768553256922,epiNOl,anti_homophones
14922,1,13,0,5,2,-4.980756173175567,4.980756173175567,kRate,anti_homophones
14923,1,0,0,7,3,-7.036624435943221,7.036624435943221,tapot@t,anti_homophones
14924,1,8,1,4,2,-4.316836865126844,4.316836865126844,R°fE,anti_homophones
14925,1,0,1,4,2,-4.8103105929168954,4.8103105929168954,nunu,anti_homophones
14926,1,0,0,9,4,-8.278948614788169,8.278948614788169,den§sekEt,anti_homophones
14927,1,1,1,5,2,-5.0320225995313,5.0320225995313,Z2nEz,anti_homophones
14928,1,13,1,4,1,-4.048670519513526,4.048670519513526,vjER,anti_homophones
14929,1,11,1,3,2,-4.588197552278722,4.588197552278722,bea,anti_homophones
14930,1,0,0,7,2,-6.093394611432718,6.093394611432718,vEst8El,anti_homophones
14931,1,0,0,8,4,-9.889405860229289,9.889405860229289,sal@tedi,anti_homophones
14932,1,0,0,7,3,-5.960955412900891,5.960955412900891,miljase,anti_homophones
14933,1,3,0,8,4,-6.492485585805086,6.492485585805086,@tRap°m@,anti_homophones
14934,1,0,0,8,3,-7.455236691794812,7.455236691794812,pResERZi,anti_homophones
14935,1,7,1,5,2,-4.47356112577309,4.47356112577309,pRopi,anti_homophones
14936,1,3,1,6,3,-4.9287489696467155,4.9287489696467155,defeRe,anti_homophones
14937,1,22,0,3,2,-4.5782305668586485,4.5782305668586485,oke,anti_homophones
14938,1,2,0,5,3,-6.093063501424265,6.093063501424265,@tybe,anti_homophones
14939,1,0,0,8,4,-9.913352885702233,9.913352885702233,Zonizais,anti_homophones
14940,1,38,1,3,1,-4.056698164207372,4.056698164207372,mas,anti_homophones
14941,1,9,0,4,2,-4.783091543382481,4.783091543382481,inyR,anti_homophones
14942,1,0,0,8,3,-7.040241505991086,7.040241505991086,EkstEkte,anti_homophones
14943,1,21,0,3,1,-4.560273515621271,4.560273515621271,fid,anti_homophones
14944,1,0,0,8,3,-7.821014580627693,7.821014580627693,R2k8izEn,anti_homophones
14945,1,0,0,16,6,-14.161809801849992,14.161809801849992,pROskRimeRim9Rso,anti_homophones
14946,1,12,1,4,2,-5.239542698655451,5.239542698655451,alme,anti_homophones
14947,1,0,0,8,4,-7.691628219522308,7.691628219522308,ekutymyR,anti_homophones
14948,1,12,1,4,2,-4.408110185202369,4.408110185202369,R2m@,anti_homophones
14949,1,10,1,4,2,-4.421187933588846,4.421187933588846,bobi,anti_homophones
14950,1,0,0,7,3,-6.737982609467173,6.737982609467173,ZERmas§,anti_homophones
14951,1,0,0,12,5,-7.737908430377983,7.737908430377983,gRig@t8El°m@,anti_homophones
14952,1,0,0,9,4,-10.233842159004316,10.233842159004316,satiRabiz,anti_homophones
14953,1,0,0,11,5,-9.20276036831729,9.20276036831729,5k§tablat9R,anti_homophones
14954,1,0,0,11,4,-11.630948826970656,11.630948826970656,kaptivemizm,anti_homophones
14955,1,1,0,6,2,-6.028736142560885,6.028736142560885,systj§,anti_homophones
14956,1,0,0,12,6,-11.186916829114269,11.186916829114269,telek§feRij@,anti_homophones
14957,1,8,1,5,2,-4.488900606695659,4.488900606695659,aZist,anti_homophones
14958,1,0,0,11,4,-12.45825365587055,12.45825365587055,k5tyRnakatR,anti_homophones
14959,1,0,0,9,4,-7.145785695973882,7.145785695973882,5paRfyzj§,anti_homophones
14960,1,18,0,3,2,-5.0011428166124965,5.0011428166124965,obi,anti_homophones
14961,1,1,1,6,2,-5.970549161009141,5.970549161009141,pydizm,anti_homophones
14962,1,1,0,7,3,-6.324028743112561,6.324028743112561,5fibRik,anti_homophones
14963,1,3,0,5,2,-4.517691312647548,4.517691312647548,s°g§d,anti_homophones
14964,1,6,0,3,1,-4.762340377800395,4.762340377800395,R§S,anti_homophones
14965,1,2,0,4,1,-5.166206784483941,5.166206784483941,spun,anti_homophones
14966,1,0,0,6,2,-6.030743252091759,6.030743252091759,klamse,anti_homophones
14967,1,9,0,5,2,-4.967801271720597,4.967801271720597,sonER,anti_homophones
14968,1,14,0,3,1,-5.028841270335842,5.028841270335842,dOn,anti_homophones
14969,1,0,0,7,2,-6.754474048740602,6.754474048740602,kwatist,anti_homophones
14970,1,1,0,7,3,-5.693416888988716,5.693416888988716,vjEt°Ri,anti_homophones
14971,1,0,0,11,6,-8.070483677005392,8.070483677005392,komeopal°m@,anti_homophones
14972,1,1,0,5,2,-6.36477026978391,6.36477026978391,fotip,anti_homophones
14973,1,3,0,7,3,-5.801211278280421,5.801211278280421,d°vizj§,anti_homophones
14974,1,8,1,4,2,-5.02246366139815,5.02246366139815,buRE,anti_homophones
14975,1,1,0,6,2,-6.290730416798234,6.290730416798234,blonER,anti_homophones
14976,1,15,1,5,2,-4.2537089699755795,4.2537089699755795,pResi,anti_homophones
14977,1,3,0,6,3,-5.686171247581372,5.686171247581372,vapone,anti_homophones
14978,1,1,0,8,4,-6.656100833006461,6.656100833006461,vitaRite,anti_homophones
14979,1,4,1,4,2,-4.3755043012909995,4.3755043012909995,etyd,anti_homophones
14980,1,1,0,9,4,-8.92298094412425,8.92298094412425,ipistuf9R,anti_homophones
14981,1,2,1,4,2,-4.582137711621074,4.582137711621074,k5ke,anti_homophones
14982,1,0,0,8,4,-7.960876927896851,7.960876927896851,evizonaZ,anti_homophones
14983,1,5,0,5,2,-5.135978158077018,5.135978158077018,RaSaZ,anti_homophones
14984,1,1,0,6,2,-5.3729174063122,5.3729174063122,R°tREn,anti_homophones
14985,1,0,0,11,5,-9.34077580759179,9.34077580759179,ymikRogRafi,anti_homophones
14986,1,0,0,13,6,-11.048080404174714,11.048080404174714,EgzaminomERsi,anti_homophones
14987,1,6,0,6,2,-4.935984404708793,4.935984404708793,pResid,anti_homophones
14988,1,0,0,3,1,-4.718604583390279,4.718604583390279,g5p,anti_homophones
14989,1,0,0,10,3,-8.49615204356313,8.49615204356313,EkstRaskEt,anti_homophones
14990,1,0,0,7,3,-5.770930390423533,5.770930390423533,libRoSe,anti_homophones
14991,1,0,0,10,4,-12.400045931043877,12.400045931043877,tasj@tes@t,anti_homophones
14992,1,5,1,4,2,-4.284495187293184,4.284495187293184,Reys,anti_homophones
14993,1,16,0,3,2,-4.608131039333582,4.608131039333582,av§,anti_homophones
14994,1,19,0,4,2,-4.688496469827328,4.688496469827328,iRik,anti_homophones
14995,1,6,0,4,2,-5.687283258848266,5.687283258848266,§diR,anti_homophones
14996,1,2,0,6,3,-6.195859063318099,6.195859063318099,k5peRe,anti_homophones
14997,1,1,0,5,2,-6.0110116486685214,6.0110116486685214,smaSi,anti_homophones
14998,1,4,0,4,1,-5.614531109819232,5.614531109819232,fyst,anti_homophones
14999,1,11,1,4,2,-4.667868114412884,4.667868114412884,bado,anti_homophones
15000,1,0,0,8,3,-6.228132967904698,6.228132967904698,kameRist,anti_homophones
15001,1,21,0,4,2,-4.952501583752564,4.952501583752564,laRe,anti_homophones
15002,1,0,0,11,4,-8.825690734114296,8.825690734114296,EkstR5Zital,anti_homophones
15003,1,0,0,9,4,-11.610474626206729,11.610474626206729,smisyRat@,anti_homophones
15004,1,0,0,13,6,-14.155261617404662,14.155261617404662,RomitinamORdo,anti_homophones
15005,1,0,0,11,4,-10.386361125324814,10.386361125324814,dZObnybRijE,anti_homophones
15006,1,2,0,5,2,-7.5710239211081305,7.5710239211081305,mynij,anti_homophones
15007,1,0,0,7,3,-6.376289937487683,6.376289937487683,5tRyk9R,anti_homophones
15008,1,0,0,8,3,-7.74347176106722,7.74347176106722,RiS°ljyR,anti_homophones
15009,1,0,0,8,4,-10.24860574094811,10.24860574094811,ysilfidy,anti_homophones
15010,1,3,0,7,3,-5.4177476711990185,5.4177476711990185,metRize,anti_homophones
15011,1,22,1,5,2,-4.036316363065364,4.036316363065364,Retik,anti_homophones
15012,1,2,0,6,3,-5.984664472405898,5.984664472405898,gal2R2,anti_homophones
15013,1,0,0,14,5,-10.037876317255124,10.037876317255124,s5diskopRogRaf,anti_homophones
15014,1,4,0,5,2,-4.645834216646702,4.645834216646702,dis@s,anti_homophones
15015,1,0,0,10,3,-8.803829216004685,8.803829216004685,lEksplozj5,anti_homophones
15016,1,11,0,4,2,-5.023570226070483,5.023570226070483,toRi,anti_homophones
15017,1,0,0,9,4,-9.522658904286429,9.522658904286429,kalobit8e,anti_homophones
15018,1,6,0,5,2,-4.861970554542234,4.861970554542234,lavyR,anti_homophones
15019,1,0,1,6,2,-5.723350469237294,5.723350469237294,kliN9R,anti_homophones
15020,1,15,1,4,2,-4.116128505131951,4.116128505131951,kom@,anti_homophones
15021,1,0,0,11,5,-9.931172704075102,9.931172704075102,seRatERmis@,anti_homophones
15022,1,4,0,8,4,-5.139806773507918,5.139806773507918,detER°m@,anti_homophones
15023,1,0,0,9,4,-6.860233770828286,6.860233770828286,seZuRn°Ri,anti_homophones
15024,1,0,0,8,4,-6.61727520774344,6.61727520774344,moloZine,anti_homophones
15025,1,2,0,6,3,-5.242916457129099,5.242916457129099,d°vij§,anti_homophones
15026,1,5,0,4,2,-5.130578718517276,5.130578718517276,Sas@,anti_homophones
15027,1,1,0,7,3,-6.2268024863094515,6.2268024863094515,ovaksj§,anti_homophones
15028,1,1,0,7,4,-6.999481419908598,6.999481419908598,otodito,anti_homophones
15029,1,6,0,4,1,-6.383470531098419,6.383470531098419,svEt,anti_homophones
15030,1,1,1,5,2,-5.451147964415099,5.451147964415099,bujyR,anti_homophones
15031,1,0,0,11,5,-8.575925990119478,8.575925990119478,l@pj§solite,anti_homophones
15032,1,11,1,4,2,-5.093570724842619,5.093570724842619,pyRo,anti_homophones
15033,1,3,1,5,2,-5.0460447082175905,5.0460447082175905,f9jyR,anti_homophones
15034,1,8,0,5,2,-4.806210823019207,4.806210823019207,kavaZ,anti_homophones
15035,1,1,0,9,3,-7.226804294532156,7.226804294532156,5pEktRist,anti_homophones
15036,1,3,0,6,3,-5.396829387312601,5.396829387312601,efEkte,anti_homophones
15037,1,0,0,10,4,-7.018021558384672,7.018021558384672,syRpatasj§,anti_homophones
15038,1,13,0,5,3,-4.784928258477298,4.784928258477298,En°m@,anti_homophones
15039,1,4,0,6,3,-5.5402368471823005,5.5402368471823005,Rekym@,anti_homophones
15040,1,0,0,6,3,-5.995575610453373,5.995575610453373,anEtte,anti_homophones
15041,1,0,1,5,2,-4.95187410291412,4.95187410291412,mamma,anti_homophones
15042,1,12,1,4,1,-4.4964340649668655,4.4964340649668655,film,anti_homophones
15043,1,0,0,10,5,-11.188971255465619,11.188971255465619,amORdikami,anti_homophones
15044,1,6,1,5,3,-4.953262366346773,4.953262366346773,abije,anti_homophones
15045,1,14,0,3,1,-4.850771570788429,4.850771570788429,asp,anti_homophones
15046,1,0,0,12,5,-7.975421270310354,7.975421270310354,disp@dikasj§,anti_homophones
15047,1,0,0,7,3,-10.401335707765861,10.401335707765861,nidilap,anti_homophones
15048,1,3,0,3,1,-4.7187157401597695,4.7187157401597695,Sw@,anti_homophones
15049,1,1,0,9,3,-5.936443597419442,5.936443597419442,k§stRat9R,anti_homophones
15050,1,0,0,11,5,-10.025266251547208,10.025266251547208,aksenazisj5,anti_homophones
15051,1,0,0,7,3,-6.2829448218940245,6.2829448218940245,admonER,anti_homophones
15052,1,0,0,8,4,-8.026950498310347,8.026950498310347,tisek@se,anti_homophones
15053,1,14,0,4,2,-4.983502690056188,4.983502690056188,boli,anti_homophones
15054,1,0,0,9,4,-9.865727110844377,9.865727110844377,seZeRasaZ,anti_homophones
15055,1,0,0,8,3,-7.115266739092591,7.115266739092591,fibReziR,anti_homophones
15056,1,0,0,9,4,-8.384599329918624,8.384599329918624,k§sylERmi,anti_homophones
15057,1,0,0,7,3,-6.113919183150392,6.113919183150392,5syfist,anti_homophones
15058,1,19,1,3,1,-4.5846764910623925,4.5846764910623925,kid,anti_homophones
15059,1,0,0,12,6,-10.408450782531867,10.408450782531867,modikapal°m@,anti_homophones
15060,1,0,0,13,6,-10.88992279836721,10.88992279836721,@tominapRoZEn,anti_homophones
15061,1,0,0,9,5,-9.44943860120113,9.44943860120113,5ZeRizOmi,anti_homophones
15062,1,0,0,10,4,-8.984622654796787,8.984622654796787,natyRboRje,anti_homophones
15063,1,0,0,7,3,-6.823520061536156,6.823520061536156,R°k§bEl,anti_homophones
15064,1,2,0,4,2,-5.220827190852939,5.220827190852939,5poz,anti_homophones
15065,1,0,0,8,3,-10.839674293720309,10.839674293720309,stap5dos,anti_homophones
15066,1,0,0,10,4,-8.750758515578696,8.750758515578696,tOkRakasj§,anti_homophones
15067,1,0,0,8,3,-7.400726925937489,7.400726925937489,bukEtS9R,anti_homophones
15068,1,0,0,11,4,-9.391898803979013,9.391898803979013,k§tRakoRnEl,anti_homophones
15069,1,0,0,14,5,-14.542283831468,14.542283831468,R°dEstpalokaRd,anti_homophones
15070,1,14,2,3,2,-4.396229848637331,4.396229848637331,afy,anti_homophones
15071,1,5,1,4,2,-4.429656515016784,4.429656515016784,giN§,anti_homophones
15072,1,1,1,5,2,-4.848269177663794,4.848269177663794,tORSe,anti_homophones
15073,1,4,1,5,2,-5.644927911332737,5.644927911332737,bisj@,anti_homophones
15074,1,0,0,9,4,-8.726704686703446,8.726704686703446,sed@timyl,anti_homophones
15075,1,0,0,6,2,-6.333230640783112,6.333230640783112,tRidOS,anti_homophones
15076,1,0,0,8,4,-7.903108568600609,7.903108568600609,maR@Zeli,anti_homophones
15077,1,0,0,10,4,-9.886700764585795,9.886700764585795,nefRenetiG,anti_homophones
15078,1,0,0,7,3,-6.662198772950437,6.662198772950437,k§tuRna,anti_homophones
15079,1,0,0,12,5,-11.06333971810744,11.06333971810744,fRElwam2z°m@,anti_homophones
15080,1,1,0,4,2,-5.145166301436026,5.145166301436026,dyvE,anti_homophones
15081,1,3,0,6,2,-5.780236380366896,5.780236380366896,pERsim,anti_homophones
15082,1,0,0,9,4,-7.06654709782391,7.06654709782391,pl@dER°m@,anti_homophones
15083,1,7,0,5,2,-5.46748089331358,5.46748089331358,kaRaS,anti_homophones
15084,1,4,0,6,2,-5.0373838488591876,5.0373838488591876,kalsj§,anti_homophones
15085,1,0,0,8,4,-6.444285676053766,6.444285676053766,gomanize,anti_homophones
15086,1,1,0,5,2,-5.637426967000299,5.637426967000299,R@dje,anti_homophones
15087,1,2,0,6,3,-5.60560160488222,5.60560160488222,aRtij§,anti_homophones
15088,1,0,0,12,5,-10.973821381057908,10.973821381057908,plijolatyREl,anti_homophones
15089,1,0,0,7,3,-5.619329490984199,5.619329490984199,kamot9R,anti_homophones
15090,1,0,0,8,4,-8.941475222832173,8.941475222832173,5komitaj,anti_homophones
15091,1,0,0,7,3,-7.173065052403312,7.173065052403312,atRonER,anti_homophones
15092,1,0,0,6,2,-6.319192529664627,6.319192529664627,globyz,anti_homophones
15093,1,0,0,8,3,-7.976860470479234,7.976860470479234,R@kadRaZ,anti_homophones
15094,1,0,0,7,3,-6.896522068700602,6.896522068700602,fEsjona,anti_homophones
15095,1,1,0,5,2,-6.068337901263664,6.068337901263664,@f@dR,anti_homophones
15096,1,3,0,4,2,-5.178241158407732,5.178241158407732,Sik§,anti_homophones
15097,1,8,1,5,2,-4.667455090662529,4.667455090662529,kRaSe,anti_homophones
15098,1,24,0,4,2,-4.419642154137403,4.419642154137403,vale,anti_homophones
15099,1,10,0,5,2,-5.622555851051591,5.622555851051591,watER,anti_homophones
15100,1,10,1,4,2,-4.6129869238104275,4.6129869238104275,ton@,anti_homophones
15101,1,0,0,6,3,-7.158537949225639,7.158537949225639,moR@t5,anti_homophones
15102,1,0,0,10,5,-8.853247647403032,8.853247647403032,lOdital°m@,anti_homophones
15103,1,0,0,11,5,-9.461237608405101,9.461237608405101,deRydamasj§,anti_homophones
15104,1,7,0,5,2,-6.438219207513774,6.438219207513774,fl°Ri,anti_homophones
15105,1,0,0,8,4,-7.913102645046093,7.913102645046093,tanimati,anti_homophones
15106,1,0,0,12,5,-13.742535909673911,13.742535909673911,ZovjEtR2bOli,anti_homophones
15107,1,0,0,9,4,-10.315189162856015,10.315189162856015,sER@tREs@,anti_homophones
15108,1,16,2,4,2,-4.097539675231186,4.097539675231186,sam@,anti_homophones
15109,1,0,0,7,3,-7.670713178841124,7.670713178841124,S@bRaZu,anti_homophones
15110,1,2,1,7,3,-5.752176532061225,5.752176532061225,R@plije,anti_homophones
15111,1,0,0,8,4,-7.134956639139201,7.134956639139201,bif°t§be,anti_homophones
15112,1,1,0,6,2,-6.145785122749655,6.145785122749655,kResiR,anti_homophones
15113,1,14,0,3,1,-4.6227917470432915,4.6227917470432915,lOS,anti_homophones
15114,1,28,1,4,2,-4.669650958287912,4.669650958287912,base,anti_homophones
15115,1,0,0,8,4,-10.667001034478897,10.667001034478897,italibdo,anti_homophones
15116,1,0,0,9,5,-9.263729940768407,9.263729940768407,inuabl2m@,anti_homophones
15117,1,0,0,7,4,-6.850230714952995,6.850230714952995,5tReite,anti_homophones
15118,1,16,0,4,2,-4.635468758132742,4.635468758132742,muRe,anti_homophones
15119,1,2,0,6,3,-7.654215850457799,7.654215850457799,5k§pal,anti_homophones
15120,1,6,0,6,2,-4.708585730647692,4.708585730647692,pRod9R,anti_homophones
15121,1,1,0,8,4,-7.792114050435434,7.792114050435434,anogRasi,anti_homophones
15122,1,0,0,8,4,-7.149753380882204,7.149753380882204,Egzos°me,anti_homophones
15123,1,5,1,4,2,-4.680503107111084,4.680503107111084,kRee,anti_homophones
15124,1,2,1,6,2,-4.610371114055037,4.610371114055037,syRabl,anti_homophones
15125,1,0,0,12,5,-11.506281444733222,11.506281444733222,balZeR@sdyl2,anti_homophones
15126,1,4,1,6,2,-4.434059424662693,4.434059424662693,p§ksj§,anti_homophones
15127,1,25,1,4,2,-4.047054315382046,4.047054315382046,sone,anti_homophones
15128,1,13,1,4,2,-4.516171759270089,4.516171759270089,anEt,anti_homophones
15129,1,0,0,7,4,-10.539372316959014,10.539372316959014,§bl§dao,anti_homophones
15130,1,3,0,5,2,-5.6973351857593935,5.6973351857593935,mekad,anti_homophones
15131,1,0,0,8,3,-6.080430351878299,6.080430351878299,k§Z§ktik,anti_homophones
15132,1,1,0,6,3,-7.560046674864562,7.560046674864562,pOliS@,anti_homophones
15133,1,0,0,9,3,-7.976932162274992,7.976932162274992,kaRdanjak,anti_homophones
15134,1,0,0,6,3,-7.471976144376083,7.471976144376083,vakili,anti_homophones
15135,1,0,0,10,5,-8.07354388784515,8.07354388784515,t@tamilite,anti_homophones
15136,1,0,0,8,3,-8.490794522048633,8.490794522048633,gR5gaREs,anti_homophones
15137,1,0,0,7,3,-7.903397749567134,7.903397749567134,steRoZE,anti_homophones
15138,1,0,0,10,4,-8.753701554958804,8.753701554958804,majl@dinaZ,anti_homophones
15139,1,0,0,9,4,-7.838104495836087,7.838104495836087,kOstoRite,anti_homophones
15140,1,0,0,11,5,-9.274194812231183,9.274194812231183,deminymeRyR,anti_homophones
15141,1,0,0,14,6,-12.107394071741787,12.107394071741787,5tidROgRafisj2,anti_homophones
15142,1,0,0,6,3,-7.366330684626521,7.366330684626521,molip5,anti_homophones
15143,1,2,0,5,3,-5.4839880322613865,5.4839880322613865,adube,anti_homophones
15144,1,0,0,12,5,-12.347344308146921,12.347344308146921,baRzOfaR@gje,anti_homophones
15145,1,0,0,11,5,-9.46922694499694,9.46922694499694,ekRonominim,anti_homophones
15146,1,10,1,3,2,-4.369826786368435,4.369826786368435,izo,anti_homophones
15147,1,0,0,10,4,-9.078498042484773,9.078498042484773,dZaidZemik,anti_homophones
15148,1,1,0,6,3,-6.015232542824069,6.015232542824069,depiNe,anti_homophones
15149,1,1,0,7,3,-5.855855407175377,5.855855407175377,nym@tal,anti_homophones
15150,1,1,0,9,3,-8.054210772935761,8.054210772935761,pRokaRtin,anti_homophones
15151,1,0,0,9,4,-8.838832661807713,8.838832661807713,SERmEl°Ri,anti_homophones
15152,1,0,0,8,4,-7.488975253840984,7.488975253840984,2fonolOg,anti_homophones
15153,1,1,0,9,4,-6.177548889614936,6.177548889614936,imobilizm,anti_homophones
15154,1,0,0,8,3,-7.029299747215836,7.029299747215836,debR@daZ,anti_homophones
15155,1,3,0,6,2,-6.338369235961115,6.338369235961115,kORtit,anti_homophones
15156,1,0,0,10,4,-8.785630088055857,8.785630088055857,stalmyR°Ri,anti_homophones
15157,1,7,0,6,2,-4.445124221929092,4.445124221929092,patizm,anti_homophones
15158,1,0,0,8,2,-8.101326960606247,8.101326960606247,skopjEsk,anti_homophones
15159,1,3,0,5,2,-5.6479444587335506,5.6479444587335506,suRik,anti_homophones
15160,1,0,0,8,3,-9.417051131695166,9.417051131695166,vojvEj@s,anti_homophones
15161,1,0,0,8,4,-7.978748500708415,7.978748500708415,alOn°lje,anti_homophones
15162,1,0,0,7,2,-7.610228501791951,7.610228501791951,fR@sjEm,anti_homophones
15163,1,0,0,9,3,-7.685109265174445,7.685109265174445,veR@sgRam,anti_homophones
15164,1,2,0,8,3,-5.421609767256352,5.421609767256352,pERkyt9R,anti_homophones
15165,1,12,0,6,3,-4.937343750130427,4.937343750130427,din°m@,anti_homophones
15166,1,0,0,7,3,-6.443754657718282,6.443754657718282,paRdOne,anti_homophones
15167,1,0,0,9,5,-8.853103364930474,8.853103364930474,5sidifyzo,anti_homophones
15168,1,3,0,4,1,-5.225502448226056,5.225502448226056,bR9j,anti_homophones
15169,1,0,0,9,4,-9.51865497218761,9.51865497218761,pilomifik,anti_homophones
15170,1,0,0,7,3,-6.919209998076356,6.919209998076356,faRublo,anti_homophones
15171,1,0,1,5,2,-5.226611261531101,5.226611261531101,Ostyd,anti_homophones
15172,1,0,0,9,3,-9.609973501249346,9.609973501249346,syRkablOk,anti_homophones
15173,1,7,1,9,4,-4.64196403036909,4.64196403036909,balizasj§,anti_homophones
15174,1,21,1,4,2,-3.9353256374089054,3.9353256374089054,myle,anti_homophones
15175,1,1,0,7,3,-7.548905133245967,7.548905133245967,tRefeRi,anti_homophones
15176,1,8,0,4,2,-4.957465010586793,4.957465010586793,@tRo,anti_homophones
15177,1,0,0,7,3,-7.686815165275742,7.686815165275742,ameliks,anti_homophones
15178,1,0,0,8,2,-7.9514908308661765,7.9514908308661765,Sjastist,anti_homophones
15179,1,0,0,8,3,-10.004566057084839,10.004566057084839,kwikatOm,anti_homophones
15180,1,0,0,11,5,-11.831536554848379,11.831536554848379,SiRusiRkaid,anti_homophones
15181,1,1,0,7,2,-6.367178277135848,6.367178277135848,bORdjak,anti_homophones
15182,1,0,0,11,5,-12.380864288367794,12.380864288367794,bemOnikotas,anti_homophones
15183,1,0,0,7,3,-6.603271544805557,6.603271544805557,fotomEn,anti_homophones
15184,1,0,0,9,4,-7.699431667744871,7.699431667744871,kanofilit,anti_homophones
15185,1,0,0,9,4,-7.35741018330589,7.35741018330589,k§tRais9R,anti_homophones
15186,1,1,0,6,3,-6.876173448837608,6.876173448837608,R@pajo,anti_homophones
15187,1,0,0,7,3,-8.324222685710962,8.324222685710962,pulaRda,anti_homophones
15188,1,0,0,7,3,-7.223115744205796,7.223115744205796,pupotaZ,anti_homophones
15189,1,1,0,6,2,-4.411676843583087,4.411676843583087,k§d8iR,anti_homophones
15190,1,2,0,7,3,-5.809518610507587,5.809518610507587,kykysj§,anti_homophones
15191,1,0,0,12,6,-7.9325616138355635,7.9325616138355635,inamonizasj§,anti_homophones
15192,1,1,0,6,3,-6.971174446729017,6.971174446729017,pedila,anti_homophones
15193,1,0,0,7,3,-6.314936827136783,6.314936827136783,alElmje,anti_homophones
15194,1,0,0,9,4,-8.801025224642151,8.801025224642151,5defalbin,anti_homophones
15195,1,7,0,5,2,-4.769754521292624,4.769754521292624,suRiR,anti_homophones
15196,1,3,1,6,3,-5.0369558756361705,5.0369558756361705,p5s°m@,anti_homophones
15197,1,0,0,11,5,-9.853755599775946,9.853755599775946,devERbalami,anti_homophones
15198,1,0,0,10,5,-8.633419439293224,8.633419439293224,demoRamate,anti_homophones
15199,1,0,0,8,4,-7.209091579671089,7.209091579671089,5pRen°m@,anti_homophones
15200,1,7,1,5,2,-4.22478346917015,4.22478346917015,fORme,anti_homophones
15201,1,1,0,4,2,-7.6082270343401035,7.6082270343401035,ed2t,anti_homophones
15202,1,0,0,12,4,-10.271930716682856,10.271930716682856,stasmogRaf2z,anti_homophones
15203,1,2,0,5,2,-5.324509842876144,5.324509842876144,dyRj2,anti_homophones
15204,1,0,0,9,4,-7.824157006547346,7.824157006547346,sybRijam@,anti_homophones
15205,1,0,0,10,4,-10.218304974097643,10.218304974097643,vovERs@tRi,anti_homophones
15206,1,4,0,5,2,-5.390309754909365,5.390309754909365,gonEl,anti_homophones
15207,1,0,0,12,5,-10.160081164476184,10.160081164476184,polidifORmje,anti_homophones
15208,1,6,0,5,2,-5.365378470751825,5.365378470751825,vEsti,anti_homophones
15209,1,1,0,8,4,-5.613991899162497,5.613991899162497,dez@gaZe,anti_homophones
15210,1,0,0,9,5,-5.920778490034019,5.920778490034019,5pydik°m@,anti_homophones
15211,1,10,0,4,2,-4.578803467083472,4.578803467083472,tope,anti_homophones
15212,1,6,0,5,2,-5.217725858612866,5.217725858612866,deSwa,anti_homophones
15213,1,3,0,7,4,-5.55402668701035,5.55402668701035,5figyRe,anti_homophones
15214,1,2,1,5,2,-4.731292158859755,4.731292158859755,R§Z9R,anti_homophones
15215,1,0,0,9,3,-9.484019872243246,9.484019872243246,belebORdZ,anti_homophones
15216,1,0,0,7,3,-6.794513720632842,6.794513720632842,tavERZe,anti_homophones
15217,1,0,0,11,4,-8.881984132644883,8.881984132644883,staRp@tkote,anti_homophones
15218,1,6,0,4,1,-4.96170422525583,4.96170422525583,R8it,anti_homophones
15219,1,0,0,10,5,-10.503872851737313,10.503872851737313,viv°mym@te,anti_homophones
15220,1,9,1,5,2,-4.6126037583449575,4.6126037583449575,kapte,anti_homophones
15221,1,0,0,10,5,-9.103648697280363,9.103648697280363,aletijasj§,anti_homophones
15222,1,1,0,7,3,-7.645000254034087,7.645000254034087,patism@,anti_homophones
15223,1,1,0,6,2,-5.807000459490301,5.807000459490301,dekRut,anti_homophones
15224,1,0,0,14,6,-14.898559220042133,14.898559220042133,SOpedOksaliv9R,anti_homophones
15225,1,3,1,6,2,-4.42095840168965,4.42095840168965,k§tabl,anti_homophones
15226,1,4,0,5,2,-4.873172863787412,4.873172863787412,gR5ge,anti_homophones
15227,1,0,0,8,3,-8.172812679043052,8.172812679043052,RyZw5tif,anti_homophones
15228,1,0,0,9,4,-7.485063620099777,7.485063620099777,demaRd°Ri,anti_homophones
15229,1,0,0,6,2,-6.088196597191251,6.088196597191251,sibERn,anti_homophones
15230,1,0,0,6,3,-6.422955592602833,6.422955592602833,sabeEm,anti_homophones
15231,1,0,0,8,3,-7.965709046896688,7.965709046896688,dedyk§bR,anti_homophones
15232,1,0,0,9,4,-6.8906146986404435,6.8906146986404435,dezolyzj§,anti_homophones
15233,1,11,0,5,2,-5.18468215822501,5.18468215822501,saRje,anti_homophones
15234,1,0,0,8,4,-6.0347751490765695,6.0347751490765695,makal°m@,anti_homophones
15235,1,3,0,4,2,-5.366329641127062,5.366329641127062,Ribo,anti_homophones
15236,1,0,0,9,4,-9.01544747656894,9.01544747656894,R°vetynER,anti_homophones
15237,1,0,0,7,3,-7.053608757426379,7.053608757426379,abRizEt,anti_homophones
15238,1,1,0,7,2,-6.162693555688704,6.162693555688704,gRafRik,anti_homophones
15239,1,0,0,9,3,-7.742542174451184,7.742542174451184,bydZEstj§,anti_homophones
15240,1,10,1,6,3,-4.650136219139492,4.650136219139492,delize,anti_homophones
15241,1,0,0,8,4,-7.4719845417153685,7.4719845417153685,avERnaSe,anti_homophones
15242,1,8,0,3,1,-4.461194898090655,4.461194898090655,dZa,anti_homophones
15243,1,5,0,6,2,-5.172539660062521,5.172539660062521,tERnal,anti_homophones
15244,1,0,0,9,4,-10.679121716682307,10.679121716682307,g§d°viliz,anti_homophones
15245,1,8,0,5,2,-5.010504824845051,5.010504824845051,ZeniR,anti_homophones
15246,1,13,0,4,2,-5.107640976077898,5.107640976077898,pilE,anti_homophones
15247,1,11,0,5,2,-4.612309228293088,4.612309228293088,kRipe,anti_homophones
15248,1,3,0,5,3,-5.3915045476126195,5.3915045476126195,asuv@,anti_homophones
15249,1,0,0,7,3,-7.10416493862963,7.10416493862963,senatje,anti_homophones
15250,1,10,0,5,2,-5.01058516926275,5.01058516926275,dekRe,anti_homophones
15251,1,1,0,6,2,-5.892279100514258,5.892279100514258,Zystil,anti_homophones
15252,1,0,0,7,4,-5.9856915217121305,5.9856915217121305,ekosite,anti_homophones
15253,1,12,1,4,1,-4.3791447016083875,4.3791447016083875,blaZ,anti_homophones
15254,1,1,0,8,4,-6.092202277401719,6.092202277401719,bigal°m@,anti_homophones
15255,1,1,0,6,2,-6.408255478132045,6.408255478132045,plan@t,anti_homophones
15256,1,0,0,7,3,-7.432375989932241,7.432375989932241,tyRanyl,anti_homophones
15257,1,0,0,6,2,-7.06949239787803,7.06949239787803,klunta,anti_homophones
15258,1,9,0,3,1,-4.721713613412469,4.721713613412469,zEd,anti_homophones
15259,1,0,0,8,3,-7.187385866660243,7.187385866660243,b@daRjal,anti_homophones
15260,1,3,1,5,2,-4.686949019444409,4.686949019444409,p§p9R,anti_homophones
15261,1,0,0,8,3,-8.047750128637194,8.047750128637194,aspRolOg,anti_homophones
15262,1,5,0,6,3,-5.562191965564731,5.562191965564731,S@Z°m@,anti_homophones
15263,1,0,0,7,3,-7.763555229222444,7.763555229222444,evERtEt,anti_homophones
15264,1,0,0,8,3,-7.58537584686419,7.58537584686419,tR@sOnOk,anti_homophones
15265,1,0,0,9,4,-9.752413158722028,9.752413158722028,@klipj@dE,anti_homophones
15266,1,0,0,11,5,-10.863118554717492,10.863118554717492,R@p°nodyl@s,anti_homophones
15267,1,1,0,4,1,-6.126471219606766,6.126471219606766,R§pR,anti_homophones
15268,1,2,0,5,2,-4.832095309250008,4.832095309250008,et5dR,anti_homophones
15269,1,0,0,12,6,-13.26589752981145,13.26589752981145,satapoRiZeny,anti_homophones
15270,1,0,0,10,4,-10.673007964286443,10.673007964286443,5staksiRja,anti_homophones
15271,1,7,0,4,2,-4.464986078658963,4.464986078658963,amuR,anti_homophones
15272,1,23,2,3,2,-4.013551196080124,4.013551196080124,ani,anti_homophones
15273,1,0,0,7,3,-6.291561520588851,6.291561520588851,badinal,anti_homophones
15274,1,2,0,4,2,-5.66876848678281,5.66876848678281,okaj,anti_homophones
15275,1,20,1,4,2,-4.2808188314168145,4.2808188314168145,pasi,anti_homophones
15276,1,0,0,6,3,-6.920583100358231,6.920583100358231,5fRagu,anti_homophones
15277,1,0,0,12,6,-13.89511356783688,13.89511356783688,@piROpysikom,anti_homophones
15278,1,0,0,8,4,-8.560945645155783,8.560945645155783,sodikane,anti_homophones
15279,1,12,0,5,2,-4.300120003689245,4.300120003689245,Estik,anti_homophones
15280,1,1,0,6,3,-7.693191257685905,7.693191257685905,poleaZ,anti_homophones
15281,1,0,0,10,3,-10.495484870527818,10.495484870527818,nERglastil,anti_homophones
15282,1,3,0,7,3,-4.944507849739874,4.944507849739874,mjoloZi,anti_homophones
15283,1,5,0,5,2,-5.466689416288949,5.466689416288949,popje,anti_homophones
15284,1,0,0,10,4,-8.815467202404463,8.815467202404463,vjolikas9R,anti_homophones
15285,1,1,1,9,4,-4.848141919251265,4.848141919251265,disj2z°m@,anti_homophones
15286,1,3,1,8,4,-5.163275779485466,5.163275779485466,sativ°m@,anti_homophones
15287,1,0,0,6,2,-9.442649647849887,9.442649647849887,soklim,anti_homophones
15288,1,1,0,6,3,-5.547824477547503,5.547824477547503,kaROte,anti_homophones
15289,1,15,0,3,2,-4.6189699165465825,4.6189699165465825,af5,anti_homophones
15290,1,13,0,3,1,-4.838175093801877,4.838175093801877,alv,anti_homophones
15291,1,0,0,8,3,-6.49827104920599,6.49827104920599,kuRbit9R,anti_homophones
15292,1,3,0,5,2,-5.5401794465790015,5.5401794465790015,vosje,anti_homophones
15293,1,1,0,6,2,-7.2314706619505245,7.2314706619505245,dinalt,anti_homophones
15294,1,0,0,14,5,-13.340218257903182,13.340218257903182,R@dRist@plwaN@,anti_homophones
15295,1,0,0,8,3,-11.1646829945796,11.1646829945796,liglikis,anti_homophones
15296,1,2,0,7,3,-5.635331219008791,5.635331219008791,memoRal,anti_homophones
15297,1,16,1,5,2,-4.519336975179515,4.519336975179515,baj9R,anti_homophones
15298,1,2,0,5,2,-5.761670821193997,5.761670821193997,l°v@S,anti_homophones
15299,1,5,0,6,3,-6.169707387326491,6.169707387326491,teleZ@,anti_homophones
15300,1,0,0,7,3,-7.9446435169646845,7.9446435169646845,ak§pRal,anti_homophones
15301,1,1,0,5,2,-5.120029357058034,5.120029357058034,viZid,anti_homophones
15302,1,0,0,8,4,-10.228718181237209,10.228718181237209,efoRityd,anti_homophones
15303,1,5,0,4,1,-4.637891194701641,4.637891194701641,kudR,anti_homophones
15304,1,0,0,14,5,-8.157954213660178,8.157954213660178,pRodyktifiksj§,anti_homophones
15305,1,3,0,7,3,-5.177460137752841,5.177460137752841,fRoloZi,anti_homophones
15306,1,0,0,9,4,-8.926762827369474,8.926762827369474,debylyloz,anti_homophones
15307,1,0,0,8,2,-5.511397156121121,5.511397156121121,kROjts9R,anti_homophones
15308,1,1,0,6,3,-5.517829517933977,5.517829517933977,5plite,anti_homophones
15309,1,0,0,5,2,-5.7778462919617315,5.7778462919617315,styla,anti_homophones
15310,1,1,0,6,2,-5.371145982933882,5.371145982933882,pl2R2z,anti_homophones
15311,1,5,1,5,2,-4.797808237658124,4.797808237658124,k§syl,anti_homophones
15312,1,0,0,10,4,-8.290716866365068,8.290716866365068,beatRatizm,anti_homophones
15313,1,0,0,11,4,-9.236147068632386,9.236147068632386,somORdonist,anti_homophones
15314,1,0,0,14,6,-12.94864506535967,12.94864506535967,lygybRibuk°taR,anti_homophones
15315,1,0,0,7,3,-6.457560241933155,6.457560241933155,viliz9R,anti_homophones
15316,1,1,0,5,2,-5.456905443257394,5.456905443257394,l§gan,anti_homophones
15317,1,2,0,5,3,-6.118406498139159,6.118406498139159,@bySE,anti_homophones
15318,1,0,0,9,4,-6.880593841828757,6.880593841828757,klapozite,anti_homophones
15319,1,0,0,8,4,-10.470191702778267,10.470191702778267,nylademe,anti_homophones
15320,1,3,0,7,3,-5.5774319559543075,5.5774319559543075,kamatik,anti_homophones
15321,1,6,0,5,2,-4.781582508634461,4.781582508634461,toRja,anti_homophones
15322,1,7,0,5,2,-5.092821942330098,5.092821942330098,bij9R,anti_homophones
15323,1,0,0,10,4,-7.378353103908094,7.378353103908094,s5plozitif,anti_homophones
15324,1,0,0,9,4,-8.366532770734537,8.366532770734537,mitaRiv9R,anti_homophones
15325,1,0,0,10,4,-10.790777853633987,10.790777853633987,des@tR°pom,anti_homophones
15326,1,0,0,8,3,-9.139367516642492,9.139367516642492,sORselys,anti_homophones
15327,1,0,0,6,3,-6.38353751685618,6.38353751685618,batani,anti_homophones
15328,1,14,1,3,2,-4.642584636114641,4.642584636114641,dao,anti_homophones
15329,1,6,0,5,2,-5.259095116087871,5.259095116087871,aflyR,anti_homophones
15330,1,0,0,8,3,-9.1269458612599,9.1269458612599,bRutetik,anti_homophones
15331,1,17,0,4,1,-5.203146184188282,5.203146184188282,gRit,anti_homophones
15332,1,0,0,6,2,-7.745084528677676,7.745084528677676,siRsEl,anti_homophones
15333,1,10,1,6,2,-4.363252600422551,4.363252600422551,faksj§,anti_homophones
15334,1,2,0,5,2,-6.014366103886582,6.014366103886582,vizaj,anti_homophones
15335,1,3,0,6,2,-5.875703318536787,5.875703318536787,dizibl,anti_homophones
15336,1,0,0,6,2,-5.96200276171131,5.96200276171131,putSut,anti_homophones
15337,1,0,0,10,4,-9.102690437637703,9.102690437637703,pRetismaSi,anti_homophones
15338,1,0,0,10,4,-10.392692802784103,10.392692802784103,s8ivRative,anti_homophones
15339,1,17,1,6,3,-4.280620092355187,4.280620092355187,silite,anti_homophones
15340,1,0,0,8,4,-7.7939243369249365,7.7939243369249365,@titERse,anti_homophones
15341,1,0,0,13,5,-11.19454767831,11.19454767831,klozometRipt§,anti_homophones
15342,1,0,0,6,2,-6.783080116722468,6.783080116722468,S@bRis,anti_homophones
15343,1,0,0,8,4,-6.381187566199189,6.381187566199189,dusivite,anti_homophones
15344,1,0,0,7,3,-7.618087491271677,7.618087491271677,sypefOn,anti_homophones
15345,1,0,0,7,4,-7.658262323114249,7.658262323114249,5pikase,anti_homophones
15346,1,3,0,6,3,-5.361998168378017,5.361998168378017,aval9R,anti_homophones
15347,1,6,2,4,2,-4.3406804919049975,4.3406804919049975,voly,anti_homophones
15348,1,0,0,13,6,-15.66990886329412,15.66990886329412,bazaRmedjyas§,anti_homophones
15349,1,0,0,10,4,-8.609498416000827,8.609498416000827,R°tREp°lyS,anti_homophones
15350,1,0,0,12,5,-11.893580777162144,11.893580777162144,siZidjobylOm,anti_homophones
15351,1,1,0,6,3,-6.018237132593735,6.018237132593735,faSOte,anti_homophones
15352,1,10,1,5,2,-4.064006887692291,4.064006887692291,@tist,anti_homophones
15353,1,5,1,5,2,-4.4928752474611775,4.4928752474611775,agRaf,anti_homophones
15354,1,0,0,13,5,-12.092030406811247,12.092030406811247,pERlytyRbaRj5,anti_homophones
15355,1,0,0,10,5,-7.3171307612165455,7.3171307612165455,kalaZ2z°m@,anti_homophones
15356,1,0,0,6,2,-8.278254834221121,8.278254834221121,sygZEN,anti_homophones
15357,1,8,0,4,1,-4.764072534682221,4.764072534682221,fR§t,anti_homophones
15358,1,1,0,5,2,-5.02267380762583,5.02267380762583,s§bRe,anti_homophones
15359,1,3,1,6,3,-5.162029889761612,5.162029889761612,dezid@,anti_homophones
15360,1,0,0,9,4,-7.955453812225654,7.955453812225654,5syfRagma,anti_homophones
15361,1,0,0,8,3,-7.719106344477552,7.719106344477552,paRwat8e,anti_homophones
15362,1,0,0,14,6,-15.738714255495362,15.738714255495362,abOspERp@tilom,anti_homophones
15363,1,0,0,6,2,-5.579000777113408,5.579000777113408,gliZj2,anti_homophones
15364,1,0,0,13,6,-13.528091423429329,13.528091423429329,apizikRofiske,anti_homophones
15365,1,0,0,7,3,-8.053685140734178,8.053685140734178,bRazaNe,anti_homophones
15366,1,2,0,5,2,-5.398856989792598,5.398856989792598,syRko,anti_homophones
15367,1,0,0,13,6,-8.407011769456904,8.407011769456904,R°def@sibl°m@,anti_homophones
15368,1,0,0,8,4,-9.623346314910265,9.623346314910265,ofikamas,anti_homophones
15369,1,0,0,7,3,-6.50415711671145,6.50415711671145,giNonaZ,anti_homophones
15370,1,11,1,4,2,-4.224197920396139,4.224197920396139,R°ne,anti_homophones
15371,1,6,1,4,1,-4.6455856602235075,4.6455856602235075,dipl,anti_homophones
15372,1,21,0,4,1,-4.678944067320906,4.678944067320906,kaRn,anti_homophones
15373,1,1,0,7,3,-5.452378184674854,5.452378184674854,sERv°m@,anti_homophones
15374,1,8,0,3,1,-4.645586993810824,4.645586993810824,b§z,anti_homophones
15375,1,0,0,8,4,-7.207648733319689,7.207648733319689,akRaSone,anti_homophones
15376,1,0,0,12,5,-8.830518029677284,8.830518029677284,kRediZeRasj§,anti_homophones
15377,1,1,0,5,2,-5.537611230423119,5.537611230423119,Zalup,anti_homophones
15378,1,16,2,6,2,-3.9773939972293073,3.9773939972293073,stasj§,anti_homophones
15379,1,0,0,14,6,-10.647192881057485,10.647192881057485,bR2nalitabl°m@,anti_homophones
15380,1,3,0,5,2,-5.037034209786554,5.037034209786554,kR°v@,anti_homophones
15381,1,1,0,7,3,-6.608115026095461,6.608115026095461,bRiNolE,anti_homophones
15382,1,0,0,13,6,-8.247396387994332,8.247396387994332,imyltivitasj§,anti_homophones
15383,1,0,0,8,4,-7.380019986514927,7.380019986514927,mynodeRe,anti_homophones
15384,1,0,0,10,4,-9.052251131229227,9.052251131229227,maRmateSEt,anti_homophones
15385,1,0,0,10,3,-5.695112965542359,5.695112965542359,EkstRyksj§,anti_homophones
15386,1,0,0,10,5,-9.601208859171951,9.601208859171951,devidyRase,anti_homophones
15387,1,10,0,4,2,-4.747394966067343,4.747394966067343,5kyR,anti_homophones
15388,1,0,0,9,4,-10.00852814829442,10.00852814829442,Esk@p°naS,anti_homophones
15389,1,0,0,16,6,-16.87586459259544,16.87586459259544,SERmoREktwaj@dR5,anti_homophones
15390,1,0,0,10,4,-8.272885929560562,8.272885929560562,s@tR°ZyZOt,anti_homophones
15391,1,1,0,4,2,-6.034065990353416,6.034065990353416,kONa,anti_homophones
15392,1,0,0,6,2,-5.871577601085481,5.871577601085481,dez@gl,anti_homophones
15393,1,6,1,4,2,-4.882680554329921,4.882680554329921,ekwa,anti_homophones
15394,1,29,1,4,2,-4.312848867525435,4.312848867525435,dite,anti_homophones
15395,1,0,0,14,6,-15.489082755888777,15.489082755888777,pydiNifygadj@s,anti_homophones
15396,1,5,0,5,2,-5.504234873064095,5.504234873064095,Rafit,anti_homophones
15397,1,0,0,11,4,-9.854567249234828,9.854567249234828,k§f§dRinjEm,anti_homophones
15398,1,0,0,13,6,-17.099466253780005,17.099466253780005,depOkolegomit,anti_homophones
15399,1,0,0,11,4,-10.87116416885853,10.87116416885853,maldORmytil,anti_homophones
15400,1,2,0,4,2,-6.60196094206036,6.60196094206036,duS§,anti_homophones
15401,1,7,1,6,3,-4.928573993422699,4.928573993422699,devize,anti_homophones
15402,1,0,0,7,3,-5.943059755219184,5.943059755219184,pitatik,anti_homophones
15403,1,1,0,7,3,-6.255956505382391,6.255956505382391,kateZik,anti_homophones
15404,1,4,0,4,1,-5.927490697361677,5.927490697361677,snak,anti_homophones
15405,1,1,0,8,4,-4.885186691873665,4.885186691873665,sypozite,anti_homophones
15406,1,1,0,6,3,-7.321468221479538,7.321468221479538,sis@te,anti_homophones
15407,1,0,0,7,3,-5.415009357249145,5.415009357249145,iREkt9R,anti_homophones
15408,1,0,0,5,2,-5.343976372919263,5.343976372919263,aRbyR,anti_homophones
15409,1,21,0,3,1,-4.71056268958532,4.71056268958532,tad,anti_homophones
15410,1,5,0,5,2,-5.43881634026967,5.43881634026967,paROt,anti_homophones
15411,1,20,1,4,2,-4.364232055394367,4.364232055394367,bote,anti_homophones
15412,1,8,0,5,2,-5.748858108501445,5.748858108501445,fl°m@,anti_homophones
15413,1,3,0,5,3,-5.966992303902004,5.966992303902004,eval§,anti_homophones
15414,1,10,1,4,2,-5.163413958278531,5.163413958278531,fol@,anti_homophones
15415,1,0,0,7,3,-7.435220557927007,7.435220557927007,dRagyla,anti_homophones
15416,1,3,1,5,2,-4.845492808514917,4.845492808514917,at@dR,anti_homophones
15417,1,9,0,4,1,-5.197963853048381,5.197963853048381,kwaz,anti_homophones
15418,1,0,0,9,4,-6.539696988129761,6.539696988129761,pwasOn°m@,anti_homophones
15419,1,1,0,6,3,-7.020477101988354,7.020477101988354,ReOtiS,anti_homophones
15420,1,1,0,6,3,-6.012193373200547,6.012193373200547,pyRine,anti_homophones
15421,1,3,1,4,3,-5.032899322061379,5.032899322061379,ideo,anti_homophones
15422,1,0,0,11,4,-8.81568585787731,8.81568585787731,pRofilosibl,anti_homophones
15423,1,0,0,8,3,-8.2647480335394,8.2647480335394,alkylt@s,anti_homophones
15424,1,0,0,12,5,-10.79579527214717,10.79579527214717,dekokazaRdj2,anti_homophones
15425,1,0,0,8,3,-6.732773005392119,6.732773005392119,sybsek@s,anti_homophones
15426,1,1,0,6,3,-5.647550840199099,5.647550840199099,tok°m@,anti_homophones
15427,1,0,0,7,3,-6.757847596209569,6.757847596209569,pRotyla,anti_homophones
15428,1,2,0,4,2,-5.591137331149111,5.591137331149111,zaiR,anti_homophones
15429,1,2,1,4,1,-4.796203968157314,4.796203968157314,skwo,anti_homophones
15430,1,3,0,5,2,-5.1928285968360255,5.1928285968360255,ReN@s,anti_homophones
15431,1,0,0,7,2,-7.404230663696615,7.404230663696615,R8itjal,anti_homophones
15432,1,0,0,10,3,-9.95776946360212,9.95776946360212,Ekspl@datS,anti_homophones
15433,1,0,0,11,5,-11.189716925727337,11.189716925727337,fabomjeliZe,anti_homophones
15434,1,1,0,7,3,-5.801917823278366,5.801917823278366,bizasje,anti_homophones
15435,1,18,1,3,2,-4.211200243586662,4.211200243586662,Rea,anti_homophones
15436,1,0,0,10,5,-7.029155833944776,7.029155833944776,REsibilize,anti_homophones
15437,1,0,0,16,6,-13.614289106538886,13.614289106538886,R°kuvREskORnisje,anti_homophones
15438,1,0,0,10,4,-8.78947680756238,8.78947680756238,malagOnjak,anti_homophones
15439,1,2,0,7,3,-6.047643904442154,6.047643904442154,myt@sj§,anti_homophones
15440,1,8,0,5,2,-4.860039778510611,4.860039778510611,k§paZ,anti_homophones
15441,1,11,0,4,2,-5.757846894502017,5.757846894502017,EREs,anti_homophones
15442,1,0,0,8,4,-8.58705006575377,8.58705006575377,zozodoRa,anti_homophones
15443,1,0,0,6,3,-8.453659081931573,8.453659081931573,v@daz5,anti_homophones
15444,1,3,1,8,3,-5.438313698268713,5.438313698268713,tRikylER,anti_homophones
15445,1,2,0,7,3,-5.869962093780988,5.869962093780988,fEst°m@,anti_homophones
15446,1,1,0,7,3,-5.564940355939275,5.564940355939275,maSuj9R,anti_homophones
15447,1,0,0,7,4,-6.958473314981205,6.958473314981205,goelEs@,anti_homophones
15448,1,0,0,9,3,-8.973901008329603,8.973901008329603,dekopylkR,anti_homophones
15449,1,1,0,6,2,-5.3034883101455055,5.3034883101455055,baRjal,anti_homophones
15450,1,0,0,7,3,-7.2082816405231425,7.2082816405231425,pegalEt,anti_homophones
15451,1,0,0,10,5,-13.257760258667444,13.257760258667444,abEstORiZa,anti_homophones
15452,1,3,1,7,3,-5.321192975144924,5.321192975144924,metRite,anti_homophones
15453,1,0,0,7,2,-5.338371097827835,5.338371097827835,kRwaj9R,anti_homophones
15454,1,4,0,6,2,-4.667586865689521,4.667586865689521,pOstik,anti_homophones
15455,1,0,0,11,5,-7.5684913915390055,7.5684913915390055,tEknisEl°m@,anti_homophones
15456,1,1,0,6,3,-7.71716797078072,7.71716797078072,pitopo,anti_homophones
15457,1,0,0,14,5,-12.589481993893308,12.589481993893308,tamikRomiksjEl,anti_homophones
15458,1,3,0,5,2,-5.849012278062215,5.849012278062215,tiREt,anti_homophones
15459,1,1,0,5,2,-4.9949392162697315,4.9949392162697315,depOk,anti_homophones
15460,1,1,0,5,2,-5.954421946886236,5.954421946886236,l5gw5,anti_homophones
15461,1,0,0,9,4,-7.20480355708376,7.20480355708376,anematwaR,anti_homophones
15462,1,4,0,6,2,-4.898721373607058,4.898721373607058,pORtyR,anti_homophones
15463,1,27,0,3,2,-4.772885895232414,4.772885895232414,ERe,anti_homophones
15464,1,0,0,9,5,-9.053959683343548,9.053959683343548,ebabiliti,anti_homophones
15465,1,0,0,6,3,-6.467064298959475,6.467064298959475,Zipaje,anti_homophones
15466,1,0,0,7,2,-6.939909573212052,6.939909573212052,p9nS9nt,anti_homophones
15467,1,0,0,10,4,-9.217417808514128,9.217417808514128,t5tyRaZabl,anti_homophones
15468,1,0,0,7,2,-9.259481799818316,9.259481799818316,gRavjEf,anti_homophones
15469,1,3,0,6,2,-5.6669685649747095,5.6669685649747095,dikabl,anti_homophones
15470,1,0,0,12,4,-7.872423743514488,7.872423743514488,adZ§kt8alist,anti_homophones
15471,1,1,0,4,2,-5.308120688944514,5.308120688944514,efl§,anti_homophones
15472,1,21,1,3,1,-4.591044591056432,4.591044591056432,zik,anti_homophones
15473,1,23,1,4,2,-4.540504978803819,4.540504978803819,bala,anti_homophones
15474,1,15,1,5,2,-4.6283303585795945,4.6283303585795945,polaZ,anti_homophones
15475,1,1,0,5,2,-5.601032872283376,5.601032872283376,abZyR,anti_homophones
15476,1,2,1,6,3,-5.221496706360459,5.221496706360459,Egzam5,anti_homophones
15477,1,12,1,6,3,-3.922322563528347,3.922322563528347,milite,anti_homophones
15478,1,0,0,9,4,-8.026978129203165,8.026978129203165,ivERtitik,anti_homophones
15479,1,8,0,6,3,-5.421117324665652,5.421117324665652,aRatif,anti_homophones
15480,1,0,0,11,4,-9.45417100718466,9.45417100718466,spEkabilbEn,anti_homophones
15481,1,0,0,11,5,-9.517712095836233,9.517712095836233,inistitymje,anti_homophones
15482,1,0,0,7,4,-6.201798703395788,6.201798703395788,5diside,anti_homophones
15483,1,1,0,6,2,-5.663608056709189,5.663608056709189,skopaZ,anti_homophones
15484,1,0,0,8,3,-5.95961180730785,5.95961180730785,nevRijaZ,anti_homophones
15485,1,0,0,9,4,-8.018030647755035,8.018030647755035,fosimasj§,anti_homophones
15486,1,0,0,8,4,-8.193687818751188,8.193687818751188,n§Salyto,anti_homophones
15487,1,5,0,5,2,-5.098857717996673,5.098857717996673,afRik,anti_homophones
15488,1,3,0,5,2,-5.434888537321213,5.434888537321213,toRj§,anti_homophones
15489,1,3,0,6,3,-6.050757682340368,6.050757682340368,amEnaZ,anti_homophones
15490,1,8,0,4,2,-5.153799937876677,5.153799937876677,EsaZ,anti_homophones
15491,1,2,0,5,2,-5.095601039870348,5.095601039870348,f@faR,anti_homophones
15492,1,4,0,6,3,-4.976077978426718,4.976077978426718,ERgote,anti_homophones
15493,1,4,0,4,2,-5.017630720171896,5.017630720171896,peEn,anti_homophones
15494,1,0,0,11,4,-10.974770983641761,10.974770983641761,kaRdjobjene,anti_homophones
15495,1,0,0,9,4,-6.446077373653152,6.446077373653152,v@toloZik,anti_homophones
15496,1,0,0,8,3,-6.5060229582150795,6.5060229582150795,f§ksjOni,anti_homophones
15497,1,0,0,11,4,-10.419248516288775,10.419248516288775,futR@spanaR,anti_homophones
15498,1,10,0,7,3,-6.705480051423266,6.705480051423266,desasj§,anti_homophones
15499,1,0,0,7,3,-6.523214097830491,6.523214097830491,t@d@tif,anti_homophones
15500,1,3,1,4,2,-4.7059058052271086,4.7059058052271086,agon,anti_homophones
15501,1,1,0,7,3,-6.6700792458837626,6.6700792458837626,apRovis,anti_homophones
15502,1,1,0,6,3,-6.412909045175377,6.412909045175377,idRage,anti_homophones
15503,1,16,0,4,2,-4.672814740992114,4.672814740992114,s°le,anti_homophones
15504,1,1,0,6,2,-5.304055943015177,5.304055943015177,fEtabl,anti_homophones
15505,1,9,0,4,1,-4.431228449706084,4.431228449706084,pl@t,anti_homophones
15506,1,0,0,5,2,-6.239465720751356,6.239465720751356,OdZjo,anti_homophones
15507,1,15,0,4,2,-4.37538575580635,4.37538575580635,@tip,anti_homophones
15508,1,2,0,4,2,-5.264473749154385,5.264473749154385,5pEj,anti_homophones
15509,1,0,1,7,3,-5.613059366401624,5.613059366401624,R°liZ@s,anti_homophones
15510,1,33,1,3,1,-3.9736924090368424,3.9736924090368424,bak,anti_homophones
15511,1,0,0,10,5,-8.344815935785842,8.344815935785842,ikozabl2m@,anti_homophones
15512,1,7,1,4,1,-5.026497841728183,5.026497841728183,ljEn,anti_homophones
15513,1,4,1,5,2,-4.393393698876876,4.393393698876876,inizm,anti_homophones
15514,1,0,0,9,4,-7.911801671810568,7.911801671810568,fR@Simina,anti_homophones
15515,1,0,0,8,4,-7.64319381071469,7.64319381071469,Rozitine,anti_homophones
15516,1,0,0,7,3,-6.588092227020539,6.588092227020539,kaman9R,anti_homophones
15517,1,7,1,7,3,-4.943923533517908,4.943923533517908,kaRn°m@,anti_homophones
15518,1,0,0,6,2,-6.19095231627253,6.19095231627253,paRsuj,anti_homophones
15519,1,0,0,11,5,-9.454766846966528,9.454766846966528,emosjabilit,anti_homophones
15520,1,8,1,5,3,-5.356514708818771,5.356514708818771,akine,anti_homophones
15521,1,2,0,4,1,-5.7282773356979915,5.7282773356979915,Zjak,anti_homophones
15522,1,0,0,17,6,-15.479091416705414,15.479091416705414,k§vEksplifiktinik,anti_homophones
15523,1,0,0,8,3,-7.404072327318877,7.404072327318877,s@tR°dEt,anti_homophones
15524,1,0,0,8,3,-7.714042661770448,7.714042661770448,p8izisj@,anti_homophones
15525,1,0,0,10,4,-9.079305489749126,9.079305489749126,kOptabl2m@,anti_homophones
15526,1,1,0,7,3,-5.78000283070275,5.78000283070275,pet@d9R,anti_homophones
15527,1,10,1,5,2,-4.685058802851179,4.685058802851179,kolik,anti_homophones
15528,1,6,0,4,1,-5.612529922828682,5.612529922828682,mERv,anti_homophones
15529,1,6,0,4,2,-5.033795601184594,5.033795601184594,Zyge,anti_homophones
15530,1,0,0,9,4,-8.300354967621079,8.300354967621079,pilatyRb@,anti_homophones
15531,1,1,0,6,3,-4.947590546890755,4.947590546890755,ORdone,anti_homophones
15532,1,0,0,8,4,-9.364679843984918,9.364679843984918,Repinoda,anti_homophones
15533,1,2,0,7,3,-6.225872892640189,6.225872892640189,okRat9R,anti_homophones
15534,1,0,0,7,3,-7.356915817242157,7.356915817242157,pERm°z@,anti_homophones
15535,1,0,0,8,3,-8.476303509869515,8.476303509869515,naRkolEn,anti_homophones
15536,1,1,0,8,4,-5.335566399528454,5.335566399528454,dezaR°m@,anti_homophones
15537,1,0,0,8,3,-8.54926919021588,8.54926919021588,tiR°m8Et,anti_homophones
15538,1,0,0,5,2,-5.1986525738993326,5.1986525738993326,s@gin,anti_homophones
15539,1,2,0,7,2,-5.411293964844028,5.411293964844028,s5plist,anti_homophones
15540,1,10,0,4,2,-4.9258480497514805,4.9258480497514805,aksE,anti_homophones
15541,1,0,0,6,2,-6.581942750898776,6.581942750898776,spaRtu,anti_homophones
15542,1,1,0,6,3,-5.193866479953318,5.193866479953318,pOS°te,anti_homophones
15543,1,7,1,4,2,-4.686505979720289,4.686505979720289,at@t,anti_homophones
15544,1,0,0,6,3,-6.843518253554335,6.843518253554335,depika,anti_homophones
15545,1,1,0,6,3,-6.753250159282467,6.753250159282467,doRate,anti_homophones
15546,1,2,0,5,2,-5.6160518979810234,5.6160518979810234,Rubl§,anti_homophones
15547,1,7,0,4,2,-5.155410685406512,5.155410685406512,aRs§,anti_homophones
15548,1,0,0,9,4,-8.963603346971025,8.963603346971025,maRZamase,anti_homophones
15549,1,0,0,10,4,-8.927969796862854,8.927969796862854,tyRfinisj§,anti_homophones
15550,1,0,0,9,4,-5.653264853238193,5.653264853238193,RadjoloZi,anti_homophones
15551,1,0,0,9,3,-7.730793840451585,7.730793840451585,psikliman,anti_homophones
15552,1,6,0,6,3,-5.511197532250228,5.511197532250228,kaRine,anti_homophones
15553,1,3,2,6,2,-4.981262247943544,4.981262247943544,kORn9R,anti_homophones
15554,1,3,1,5,2,-4.873210330156976,4.873210330156976,alkER,anti_homophones
15555,1,4,1,6,3,-5.288523190978753,5.288523190978753,ekonik,anti_homophones
15556,1,1,0,7,3,-6.216570965851902,6.216570965851902,favonal,anti_homophones
15557,1,14,0,5,1,-4.6515974750023705,4.6515974750023705,plist,anti_homophones
15558,1,0,0,16,6,-13.010225800137603,13.010225800137603,dEltimytasjonizm,anti_homophones
15559,1,20,1,4,2,-4.7385497435910064,4.7385497435910064,aRal,anti_homophones
15560,1,8,1,5,2,-5.032515798518901,5.032515798518901,dilER,anti_homophones
15561,1,1,0,10,4,-8.64031220202959,8.64031220202959,Estiktasj§,anti_homophones
15562,1,2,0,6,2,-5.4183948558246735,5.4183948558246735,t°nabl,anti_homophones
15563,1,0,0,13,5,-10.82613420635697,10.82613420635697,depRobaRbaRde,anti_homophones
15564,1,0,0,4,2,-5.097561887458341,5.097561887458341,ZOko,anti_homophones
15565,1,7,0,5,2,-5.97551861067177,5.97551861067177,Olist,anti_homophones
15566,1,3,0,6,2,-5.810435086050514,5.810435086050514,bl@sj§,anti_homophones
15567,1,0,0,7,3,-6.918728515130677,6.918728515130677,minit@s,anti_homophones
15568,1,0,0,7,3,-5.965772774155773,5.965772774155773,koSonaZ,anti_homophones
15569,1,0,0,7,3,-5.837842439468316,5.837842439468316,kaf°t@s,anti_homophones
15570,1,0,0,14,4,-9.629222699046984,9.629222699046984,tRaksEpsjonizm,anti_homophones
15571,1,8,0,5,2,-5.504850197708841,5.504850197708841,peRiz,anti_homophones
15572,1,0,0,6,2,-6.238841565426153,6.238841565426153,REsbja,anti_homophones
15573,1,2,0,7,4,-6.1421942165701875,6.1421942165701875,5difika,anti_homophones
15574,1,2,0,7,3,-5.694682308138533,5.694682308138533,metatik,anti_homophones
15575,1,3,0,5,2,-5.286643504763569,5.286643504763569,nwaze,anti_homophones
15576,1,4,0,5,3,-6.107905697349131,6.107905697349131,idoze,anti_homophones
15577,1,0,0,8,3,-7.132805572937757,7.132805572937757,denitzEl,anti_homophones
15578,1,1,1,6,3,-4.685765816893296,4.685765816893296,koSone,anti_homophones
15579,1,0,0,8,3,-8.579898459699654,8.579898459699654,dalaZjER,anti_homophones
15580,1,20,0,3,1,-5.082615427794628,5.082615427794628,d9R,anti_homophones
15581,1,0,1,5,2,-4.956491767257557,4.956491767257557,n2ROl,anti_homophones
15582,1,0,0,12,5,-10.681202341315561,10.681202341315561,plypasavoR9R,anti_homophones
15583,1,0,0,8,3,-6.432678775725812,6.432678775725812,@tuRtwaR,anti_homophones
15584,1,3,0,5,2,-5.741078839533958,5.741078839533958,@plat,anti_homophones
15585,1,2,0,7,3,-6.400938310059211,6.400938310059211,patit8e,anti_homophones
15586,1,0,0,9,3,-11.358971168583988,11.358971168583988,bERtol@dR,anti_homophones
15587,1,4,0,5,2,-6.312135361289187,6.312135361289187,tRak°,anti_homophones
15588,1,2,0,8,4,-6.005336155448999,6.005336155448999,onogRafi,anti_homophones
15589,1,9,1,5,1,-4.344404961106608,4.344404961106608,EkstR,anti_homophones
15590,1,4,1,8,4,-4.7723103774118645,4.7723103774118645,mativ°m@,anti_homophones
15591,1,0,0,9,3,-7.818096985557531,7.818096985557531,kapRotabl,anti_homophones
15592,1,0,0,7,3,-6.976661226098211,6.976661226098211,Ref§sj@,anti_homophones
15593,1,0,0,8,3,-6.923963576476999,6.923963576476999,k§fEktoz,anti_homophones
15594,1,0,0,9,4,-9.435404025319258,9.435404025319258,@kiliskEt,anti_homophones
15595,1,3,0,5,2,-5.696460994465325,5.696460994465325,im9bl,anti_homophones
15596,1,2,0,5,2,-6.151917177607382,6.151917177607382,etEsk,anti_homophones
15597,1,1,0,8,3,-7.098727548258145,7.098727548258145,pistuf9R,anti_homophones
15598,1,1,0,5,3,-5.8335470020637095,5.8335470020637095,EsoRe,anti_homophones
15599,1,0,0,9,5,-8.693808921713053,8.693808921713053,@balegyle,anti_homophones
15600,1,0,0,7,3,-6.77239953725597,6.77239953725597,gaRd5ge,anti_homophones
15601,1,10,0,4,2,-4.395341789905195,4.395341789905195,t@d@,anti_homophones
15602,1,2,0,7,3,-5.49510226809502,5.49510226809502,pResipe,anti_homophones
15603,1,3,1,5,2,-5.505894301322421,5.505894301322421,s°v9R,anti_homophones
15604,1,0,0,7,2,-8.831723118661689,8.831723118661689,kl@bR5g,anti_homophones
15605,1,0,0,9,3,-8.11618072066622,8.11618072066622,klamalabl,anti_homophones
15606,1,0,0,7,3,-6.863657964701992,6.863657964701992,manifl@,anti_homophones
15607,1,0,0,8,4,-9.009058014873306,9.009058014873306,evaston2,anti_homophones
15608,1,0,0,7,3,-8.032531903236402,8.032531903236402,seksaRe,anti_homophones
15609,1,0,0,10,4,-12.041358643308328,12.041358643308328,bRigletije,anti_homophones
15610,1,12,0,6,3,-5.54649787988287,5.54649787988287,Rat°Ri,anti_homophones
15611,1,11,0,5,2,-4.497037097247597,4.497037097247597,tRij@,anti_homophones
15612,1,0,0,9,4,-8.079058587279073,8.079058587279073,tipylsife,anti_homophones
15613,1,5,0,5,2,-5.223332244890893,5.223332244890893,t@daZ,anti_homophones
15614,1,2,0,6,3,-5.934411318496331,5.934411318496331,kiloge,anti_homophones
15615,1,20,0,4,2,-5.283576539820712,5.283576539820712,aRak,anti_homophones
15616,1,0,0,12,5,-12.763753522259922,12.763753522259922,popaZoRiptyR,anti_homophones
15617,1,8,0,5,3,-5.121929709796192,5.121929709796192,epuse,anti_homophones
15618,1,13,0,4,1,-7.0382127594818495,7.0382127594818495,bRaR,anti_homophones
15619,1,0,0,11,4,-10.596002449054577,10.596002449054577,goljoRefl9R,anti_homophones
15620,1,2,0,5,2,-5.0620420307055305,5.0620420307055305,EkspE,anti_homophones
15621,1,6,0,5,2,-4.813634755271717,4.813634755271717,makyl,anti_homophones
15622,1,2,0,6,3,-5.342434293206582,5.342434293206582,dezOid,anti_homophones
15623,1,0,0,11,5,-7.420506864833524,7.420506864833524,kokintOn°m@,anti_homophones
15624,1,3,0,6,3,-6.807500347596164,6.807500347596164,sedik@,anti_homophones
15625,1,0,0,13,5,-7.652919594034166,7.652919594034166,k§vEkst8El°m@,anti_homophones
15626,1,11,0,4,2,-5.1032427555340005,5.1032427555340005,sER@,anti_homophones
15627,1,1,0,7,2,-5.314133443163588,5.314133443163588,tR@sfyZ,anti_homophones
15628,1,0,0,11,5,-9.652173827937315,9.652173827937315,malasfoRite,anti_homophones
15629,1,0,0,12,5,-8.812289276216914,8.812289276216914,tRibaRbEt°m@,anti_homophones
15630,1,0,0,7,3,-7.998035137219582,7.998035137219582,maRikOm,anti_homophones
15631,1,0,0,12,5,-11.315902051578675,11.315902051578675,plEditRik°m@,anti_homophones
15632,1,0,0,6,2,-7.370463941026018,7.370463941026018,sysjOl,anti_homophones
15633,1,1,1,5,2,-4.91415785800736,4.91415785800736,l5Zj5,anti_homophones
15634,1,5,0,5,2,-5.478175227001071,5.478175227001071,maRdi,anti_homophones
15635,1,0,0,7,4,-6.100656781323518,6.100656781323518,5fEt°Ri,anti_homophones
15636,1,11,0,2,1,-4.578603938031319,4.578603938031319,@S,anti_homophones
15637,1,4,0,4,1,-5.0406601681704295,5.0406601681704295,sORs,anti_homophones
15638,1,11,0,4,1,-4.252988123312149,4.252988123312149,vERn,anti_homophones
15639,1,0,0,9,4,-9.592583927852237,9.592583927852237,f§dylkado,anti_homophones
15640,1,3,0,5,2,-5.155474743670745,5.155474743670745,kwat2,anti_homophones
15641,1,1,0,6,3,-6.459179868645133,6.459179868645133,palito,anti_homophones
15642,1,0,0,8,4,-8.573387942841006,8.573387942841006,veloZeni,anti_homophones
15643,1,0,0,11,5,-10.510754414057441,10.510754414057441,lat°labRite,anti_homophones
15644,1,0,0,7,3,-7.405454732240557,7.405454732240557,Zwiside,anti_homophones
15645,1,0,0,9,4,-9.197270253030092,9.197270253030092,REn°vilER,anti_homophones
15646,1,8,0,3,1,-4.846586574102992,4.846586574102992,ZyZ,anti_homophones
15647,1,6,0,4,2,-4.720099275127127,4.720099275127127,Simi,anti_homophones
15648,1,0,0,8,3,-5.8593284109818695,5.8593284109818695,Eskizibl,anti_homophones
15649,1,34,1,3,2,-4.46620907381522,4.46620907381522,aka,anti_homophones
15650,1,0,0,11,5,-11.125064285902301,11.125064285902301,RenetistOpi,anti_homophones
15651,1,0,0,8,4,-6.777551887488156,6.777551887488156,mOnEl°Ri,anti_homophones
15652,1,3,0,5,2,-5.818331688945061,5.818331688945061,latRi,anti_homophones
15653,1,2,0,7,3,-5.77431217033616,5.77431217033616,s@tityd,anti_homophones
15654,1,16,0,5,2,-5.039802559407696,5.039802559407696,Ras9R,anti_homophones
15655,1,7,1,6,3,-4.551599946803008,4.551599946803008,g2z°m@,anti_homophones
15656,1,1,0,9,4,-6.587694150860577,6.587694150860577,mORkEt°m@,anti_homophones
15657,1,0,0,9,4,-10.523826920506734,10.523826920506734,R2debOlSo,anti_homophones
15658,1,0,0,6,3,-6.658240779581792,6.658240779581792,popeRo,anti_homophones
15659,1,0,0,6,2,-8.912675469830141,8.912675469830141,pyRlyd,anti_homophones
15660,1,0,0,12,5,-10.471973413510757,10.471973413510757,EgzOdjalizad,anti_homophones
15661,1,1,0,9,4,-5.435411925280525,5.435411925280525,syRabl°m@,anti_homophones
15662,1,18,1,3,1,-4.302691164419948,4.302691164419948,pys,anti_homophones
15663,1,5,0,5,2,-5.356447904005591,5.356447904005591,koREn,anti_homophones
15664,1,0,0,7,3,-7.199451701883544,7.199451701883544,fym°lad,anti_homophones
15665,1,4,0,4,2,-5.3662439763443945,5.3662439763443945,k@ka,anti_homophones
15666,1,0,0,7,3,-9.15358169233222,9.15358169233222,nuganip,anti_homophones
15667,1,21,1,3,1,-4.423138068518006,4.423138068518006,waz,anti_homophones
15668,1,5,0,7,4,-4.82257523531721,4.82257523531721,analite,anti_homophones
15669,1,0,0,5,2,-5.187769368662477,5.187769368662477,fl@ke,anti_homophones
15670,1,18,1,5,2,-4.292303006848299,4.292303006848299,vat9R,anti_homophones
15671,1,8,1,5,2,-4.9204986020664885,4.9204986020664885,bORdo,anti_homophones
15672,1,0,0,7,3,-6.588077988601511,6.588077988601511,melokaZ,anti_homophones
15673,1,1,0,7,3,-6.193538550340202,6.193538550340202,Repip9R,anti_homophones
15674,1,0,0,8,3,-8.427693188980554,8.427693188980554,ERboRj9R,anti_homophones
15675,1,0,0,6,2,-7.064478971384795,7.064478971384795,OktROt,anti_homophones
15676,1,2,0,6,1,-6.689107036490907,6.689107036490907,tR8itR,anti_homophones
15677,1,1,0,5,2,-5.413438518216854,5.413438518216854,sigOt,anti_homophones
15678,1,1,0,6,3,-6.162146750959207,6.162146750959207,k§pilE,anti_homophones
15679,1,7,0,4,2,-6.124057635234526,6.124057635234526,pEz§,anti_homophones
15680,1,0,0,7,3,-6.720443106678898,6.720443106678898,epudR9R,anti_homophones
15681,1,0,0,10,4,-10.01026639201902,10.01026639201902,syRSaRdole,anti_homophones
15682,1,9,0,4,2,-5.514675084759107,5.514675084759107,boZi,anti_homophones
15683,1,0,0,6,2,-6.094191959948296,6.094191959948296,syRviv,anti_homophones
15684,1,0,0,5,2,-6.833827008412316,6.833827008412316,epask,anti_homophones
15685,1,8,0,4,1,-4.7019927502042025,4.7019927502042025,dRaj,anti_homophones
15686,1,0,0,6,2,-6.967275623359316,6.967275623359316,juRtiR,anti_homophones
15687,1,1,0,8,3,-6.225559015158141,6.225559015158141,poliswaR,anti_homophones
15688,1,0,0,7,3,-8.02544864729885,8.02544864729885,teRodiR,anti_homophones
15689,1,0,0,14,6,-13.633584928906243,13.633584928906243,R°SaR°lokRas9R,anti_homophones
15690,1,2,0,4,2,-5.98851129142472,5.98851129142472,wajE,anti_homophones
15691,1,33,1,2,1,-4.571100851172981,4.571100851172981,aZ,anti_homophones
15692,1,1,0,7,3,-7.242021436374053,7.242021436374053,RanofOn,anti_homophones
15693,1,0,0,8,4,-4.937837531869149,4.937837531869149,fug2z°m@,anti_homophones
15694,1,1,0,6,3,-6.571928145249121,6.571928145249121,5v5kyb,anti_homophones
15695,1,0,0,7,3,-7.250194490691772,7.250194490691772,pilERse,anti_homophones
15696,1,0,0,8,4,-8.656235039111406,8.656235039111406,epERpoza,anti_homophones
15697,1,12,1,5,2,-5.062457905331392,5.062457905331392,gRase,anti_homophones
15698,1,0,0,7,3,-6.437474334541289,6.437474334541289,negRose,anti_homophones
15699,1,0,0,11,5,-11.415643502894781,11.415643502894781,futR°manity,anti_homophones
15700,1,1,0,6,2,-6.008779512881844,6.008779512881844,SaRlat,anti_homophones
15701,1,0,0,14,6,-11.696646960661056,11.696646960661056,ipnotidjosElyR,anti_homophones
15702,1,0,0,11,4,-7.509755841006861,7.509755841006861,ObZEkspl@te,anti_homophones
15703,1,0,0,8,3,-7.048125855808633,7.048125855808633,syRdwaj2,anti_homophones
15704,1,0,0,10,5,-5.478207043456776,5.478207043456776,komynik°m@,anti_homophones
15705,1,6,1,5,2,-5.135760578269302,5.135760578269302,tak9R,anti_homophones
15706,1,0,0,6,3,-6.09106823573811,6.09106823573811,opsede,anti_homophones
15707,1,0,0,10,4,-5.340736227005846,5.340736227005846,plyvjoloZi,anti_homophones
15708,1,0,0,9,3,-6.891654187760985,6.891654187760985,nOspEktif,anti_homophones
15709,1,17,1,4,2,-5.2157464405539065,5.2157464405539065,bERe,anti_homophones
15710,1,0,0,10,5,-9.117699311626446,9.117699311626446,fek§tamuRe,anti_homophones
15711,1,2,0,5,2,-5.897336021495106,5.897336021495106,petaf,anti_homophones
15712,1,7,0,5,2,-5.040721847467723,5.040721847467723,p§tik,anti_homophones
15713,1,0,0,15,6,-11.006453047317612,11.006453047317612,k§sjaminodyksj§,anti_homophones
15714,1,7,0,4,2,-5.809110826791881,5.809110826791881,ekis,anti_homophones
15715,1,0,0,14,6,-10.859178138745833,10.859178138745833,otopRopROtasj§,anti_homophones
15716,1,2,0,5,2,-5.694046064256955,5.694046064256955,flaf§,anti_homophones
15717,1,5,1,6,2,-5.109028199246127,5.109028199246127,papabl,anti_homophones
15718,1,0,0,9,3,-9.279497700270088,9.279497700270088,lOpsesibl,anti_homophones
15719,1,0,0,9,4,-8.998063869132851,8.998063869132851,fOsitasj2,anti_homophones
15720,1,0,0,6,3,-7.435258490639527,7.435258490639527,liteik,anti_homophones
15721,1,0,0,6,2,-6.294175866110639,6.294175866110639,RivjaZ,anti_homophones
15722,1,1,0,7,3,-6.875271502886655,6.875271502886655,syman9R,anti_homophones
15723,1,0,0,11,6,-7.878460384396444,7.878460384396444,at@d@tis°m@,anti_homophones
15724,1,14,1,4,2,-4.782588671064113,4.782588671064113,R2te,anti_homophones
15725,1,0,0,11,4,-7.54654911521363,7.54654911521363,bRoSimitwaR,anti_homophones
15726,1,0,0,10,4,-8.056568110332105,8.056568110332105,kapRolasj§,anti_homophones
15727,1,0,0,15,6,-12.894266703752784,12.894266703752784,kadenovel5g8ist,anti_homophones
15728,1,7,0,4,2,-4.7206397726983935,4.7206397726983935,ZySe,anti_homophones
15729,1,27,1,3,1,-4.301705636534687,4.301705636534687,pEs,anti_homophones
15730,1,0,0,7,3,-6.837954342105412,6.837954342105412,dagEjm@,anti_homophones
15731,1,0,0,7,3,-6.319164117329491,6.319164117329491,p5taksi,anti_homophones
15732,1,9,1,5,2,-4.859760736024101,4.859760736024101,baR9R,anti_homophones
15733,1,3,0,4,2,-5.493200588017059,5.493200588017059,ymEk,anti_homophones
15734,1,0,0,8,4,-6.699350080722924,6.699350080722924,5f@tolOg,anti_homophones
15735,1,0,0,7,3,-6.934677382808118,6.934677382808118,s@t°naZ,anti_homophones
15736,1,0,0,13,5,-9.579685962204461,9.579685962204461,kOlSim@talizm,anti_homophones
15737,1,2,0,7,3,-6.305646967176733,6.305646967176733,satin9R,anti_homophones
15738,1,0,0,10,4,-8.542816650352371,8.542816650352371,EkstRepote,anti_homophones
15739,1,6,0,5,2,-5.080421080188072,5.080421080188072,tRika,anti_homophones
15740,1,5,0,6,2,-5.361089113295497,5.361089113295497,sypERt,anti_homophones
15741,1,45,1,3,1,-3.783138751920389,3.783138751920389,pat,anti_homophones
15742,1,0,0,6,3,-7.179582460794785,7.179582460794785,puRiSE,anti_homophones
15743,1,2,0,7,3,-6.05255466476161,6.05255466476161,sakRize,anti_homophones
15744,1,0,0,7,3,-5.754903798929341,5.754903798929341,k§f§daZ,anti_homophones
15745,1,5,1,5,2,-5.213235387662074,5.213235387662074,nyt9R,anti_homophones
15746,1,3,0,5,3,-5.205003643526763,5.205003643526763,imase,anti_homophones
15747,1,0,0,12,5,-8.703951881053507,8.703951881053507,popylaRisabl,anti_homophones
15748,1,4,0,9,4,-5.031556272379532,5.031556272379532,dekoloZik,anti_homophones
15749,1,7,1,3,1,-4.63350365087032,4.63350365087032,tj5,anti_homophones
15750,1,31,0,3,1,-4.545784917971991,4.545784917971991,mil,anti_homophones
15751,1,0,0,7,3,-5.85368099324324,5.85368099324324,Egzaksi,anti_homophones
15752,1,0,0,8,3,-6.809828253964656,6.809828253964656,Zakanizm,anti_homophones
15753,1,5,1,4,2,-4.330825459780288,4.330825459780288,viv@,anti_homophones
15754,1,6,0,5,3,-4.8304463582143615,4.8304463582143615,epoze,anti_homophones
15755,1,1,0,6,3,-7.090002210514733,7.090002210514733,veRas§,anti_homophones
15756,1,9,1,4,2,-4.787784094146067,4.787784094146067,obER,anti_homophones
15757,1,0,0,10,4,-7.835369488844364,7.835369488844364,vapoloZizm,anti_homophones
15758,1,0,0,8,3,-5.3858782034999715,5.3858782034999715,EgzyltyR,anti_homophones
15759,1,0,0,8,4,-6.066425223491521,6.066425223491521,jeRal°m@,anti_homophones
15760,1,0,0,7,3,-6.113517669895892,6.113517669895892,aRbonj5,anti_homophones
15761,1,0,0,6,3,-5.638684078544285,5.638684078544285,bagaZe,anti_homophones
15762,1,4,0,5,2,-5.68523466490786,5.68523466490786,sin@t,anti_homophones
15763,1,0,0,6,2,-6.051835440569858,6.051835440569858,saRdj2,anti_homophones
15764,1,0,0,10,4,-10.41438937200157,10.41438937200157,R@kylpasj2,anti_homophones
15765,1,1,0,7,3,-5.652120218648677,5.652120218648677,n2ROnik,anti_homophones
15766,1,0,0,7,3,-6.7692943734222135,6.7692943734222135,tORd2m@,anti_homophones
15767,1,0,0,12,6,-7.727332291892472,7.727332291892472,p@d@Z°R2z°m@,anti_homophones
15768,1,0,0,11,5,-10.17564478573374,10.17564478573374,fonopenasj§,anti_homophones
15769,1,5,0,5,2,-5.389360107837632,5.389360107837632,debRa,anti_homophones
15770,1,0,0,13,5,-11.812017846750358,11.812017846750358,tRuspesjalOpi,anti_homophones
15771,1,5,0,5,2,-5.59541096812185,5.59541096812185,pet@t,anti_homophones
15772,1,5,0,4,2,-4.794789111699484,4.794789111699484,p°ti,anti_homophones
15773,1,0,0,12,6,-10.599465466835731,10.599465466835731,aglytinegote,anti_homophones
15774,1,12,0,4,2,-4.944260771954185,4.944260771954185,aRNe,anti_homophones
15775,1,5,0,4,2,-4.637422494981294,4.637422494981294,okys,anti_homophones
15776,1,13,0,6,3,-4.689297812430379,4.689297812430379,kan°m@,anti_homophones
15777,1,0,0,7,3,-6.599109391012401,6.599109391012401,5koREsk,anti_homophones
15778,1,4,1,5,2,-4.996395137344787,4.996395137344787,ERmik,anti_homophones
15779,1,2,0,7,3,-5.762622962493612,5.762622962493612,petRite,anti_homophones
15780,1,0,0,7,3,-6.3124400003022725,6.3124400003022725,Rivwam@,anti_homophones
15781,1,5,1,4,1,-4.377252196343791,4.377252196343791,sEps,anti_homophones
15782,1,1,0,8,3,-5.984992659597935,5.984992659597935,sypORtiR,anti_homophones
15783,1,3,0,6,3,-5.299178877505899,5.299178877505899,jOt°m@,anti_homophones
15784,1,0,0,9,3,-7.0846152375680775,7.0846152375680775,bjolatwaR,anti_homophones
15785,1,0,0,7,3,-6.580876511277235,6.580876511277235,pesjam@,anti_homophones
15786,1,0,0,12,5,-10.63104136036717,10.63104136036717,d@Zelavwaj9R,anti_homophones
15787,1,0,0,6,2,-5.989487005526878,5.989487005526878,R2tR@s,anti_homophones
15788,1,0,0,7,3,-8.167972108860603,8.167972108860603,tipotas,anti_homophones
15789,1,2,0,5,3,-7.079323618212896,7.079323618212896,aleOp,anti_homophones
15790,1,0,0,15,6,-12.607350528247066,12.607350528247066,EkstERfeR@sERv2,anti_homophones
15791,1,3,0,4,2,-4.5645319306294745,4.5645319306294745,of@s,anti_homophones
15792,1,0,0,9,4,-8.344588615134654,8.344588615134654,modEsteR5,anti_homophones
15793,1,1,0,7,2,-7.5441011530625195,7.5441011530625195,taklwat,anti_homophones
15794,1,6,0,5,2,-5.754940038996581,5.754940038996581,alt9R,anti_homophones
15795,1,3,0,6,3,-6.085147388644155,6.085147388644155,delave,anti_homophones
15796,1,0,0,16,6,-14.146972632949572,14.146972632949572,papablijofR5ZivR,anti_homophones
15797,1,0,0,6,3,-5.485102668885244,5.485102668885244,@Zolje,anti_homophones
15798,1,0,0,13,5,-10.550673274728322,10.550673274728322,R°kElk§tinist,anti_homophones
15799,1,1,0,7,4,-6.516793756739268,6.516793756739268,@tidife,anti_homophones
15800,1,0,0,6,2,-8.216691061422663,8.216691061422663,RElatR,anti_homophones
15801,1,5,0,4,1,-4.465291770095306,4.465291770095306,staz,anti_homophones
15802,1,2,1,7,3,-4.631973953011715,4.631973953011715,volysj§,anti_homophones
15803,1,5,0,5,2,-5.530313211942508,5.530313211942508,REsti,anti_homophones
15804,1,0,0,12,5,-13.9438865964105,13.9438865964105,femidatEkspE,anti_homophones
15805,1,0,0,9,3,-8.217561469024435,8.217561469024435,pREsbR°m@,anti_homophones
15806,1,16,1,5,3,-4.533351156367881,4.533351156367881,olite,anti_homophones
15807,1,0,0,9,4,-7.948770446123834,7.948770446123834,peR@sonje,anti_homophones
15808,1,4,0,4,2,-4.890517546105254,4.890517546105254,t@p§,anti_homophones
15809,1,0,0,8,3,-6.201442066948036,6.201442066948036,R°kResj§,anti_homophones
15810,1,0,0,9,4,-10.270634945488423,10.270634945488423,R2k§jonEl,anti_homophones
15811,1,8,1,4,2,-4.643058325775237,4.643058325775237,limi,anti_homophones
15812,1,2,0,5,2,-5.86431621533882,5.86431621533882,pORs5,anti_homophones
15813,1,0,0,10,4,-8.567750472867298,8.567750472867298,mesEptatif,anti_homophones
15814,1,2,0,6,3,-5.7201533918846135,5.7201533918846135,5figyR,anti_homophones
15815,1,0,0,9,4,-7.483880544095431,7.483880544095431,benevizj§,anti_homophones
15816,1,0,0,14,6,-13.770452621689572,13.770452621689572,Sap§tanizjolat,anti_homophones
15817,1,0,0,10,5,-9.246967270738724,9.246967270738724,5sylERos9R,anti_homophones
15818,1,1,0,9,3,-6.386560521825905,6.386560521825905,paRadjabl,anti_homophones
15819,1,0,0,8,4,-5.927651222369271,5.927651222369271,dek§siNe,anti_homophones
15820,1,8,0,6,2,-5.054031540543236,5.054031540543236,pakt9R,anti_homophones
15821,1,1,0,6,3,-5.804953062101458,5.804953062101458,R°doRe,anti_homophones
15822,1,0,0,14,5,-10.133004683492974,10.133004683492974,Eksplozofanaft,anti_homophones
15823,1,2,0,6,3,-6.195459978029638,6.195459978029638,pamine,anti_homophones
15824,1,0,0,7,3,-6.529981489715523,6.529981489715523,otodEst,anti_homophones
15825,1,0,0,9,4,-6.594619595163062,6.594619595163062,5tegosjal,anti_homophones
15826,1,3,0,5,2,-6.8024583587666525,6.8024583587666525,f§tin,anti_homophones
15827,1,0,0,8,3,-5.846664850012227,5.846664850012227,aksjonik,anti_homophones
15828,1,0,0,10,4,-9.771887815547613,9.771887815547613,yksjonotik,anti_homophones
15829,1,21,1,3,2,-4.722386133268173,4.722386133268173,ab§,anti_homophones
15830,1,6,1,5,2,-4.986060733660828,4.986060733660828,peniR,anti_homophones
15831,1,7,1,3,1,-4.589946422005048,4.589946422005048,t8e,anti_homophones
15832,1,0,0,13,6,-9.52986787390392,9.52986787390392,tRatifikatone,anti_homophones
15833,1,0,0,9,5,-5.950460013740167,5.950460013740167,5sonEl°m@,anti_homophones
15834,1,1,0,7,3,-6.976521708048954,6.976521708048954,R°fORmo,anti_homophones
15835,1,0,0,6,3,-7.170403177962962,7.170403177962962,desal5,anti_homophones
15836,1,0,0,6,2,-6.102780362359499,6.102780362359499,kaRpOn,anti_homophones
15837,1,0,0,11,4,-9.170497357337805,9.170497357337805,solERZEkt9R,anti_homophones
15838,1,3,0,4,2,-5.274947755527199,5.274947755527199,izoR,anti_homophones
15839,1,0,0,7,3,-8.500700980388624,8.500700980388624,SlaS°te,anti_homophones
15840,1,2,0,5,2,-6.478802306684186,6.478802306684186,@pl@S,anti_homophones
15841,1,0,0,9,4,-9.617081848707187,9.617081848707187,fotoRpoz@,anti_homophones
15842,1,4,0,4,2,-5.576470503915017,5.576470503915017,R@ki,anti_homophones
15843,1,1,0,6,2,-5.440866362573794,5.440866362573794,pRonOm,anti_homophones
15844,1,1,0,6,3,-6.736617950241158,6.736617950241158,paRek@,anti_homophones
15845,1,2,0,6,2,-6.197643280662284,6.197643280662284,kliste,anti_homophones
15846,1,0,0,6,2,-5.12557159003373,5.12557159003373,notizm,anti_homophones
15847,1,0,0,7,3,-6.224676911863032,6.224676911863032,etjOnEl,anti_homophones
15848,1,0,0,8,3,-7.6469772363692154,7.6469772363692154,mitRoEdR,anti_homophones
15849,1,9,1,5,3,-4.620028427152371,4.620028427152371,osite,anti_homophones
15850,1,0,0,10,4,-9.145168925493362,9.145168925493362,mudZakylaZ,anti_homophones
15851,1,8,0,6,3,-4.699776648908781,4.699776648908781,5sasj§,anti_homophones
15852,1,0,0,11,5,-8.418735926132772,8.418735926132772,sil5dOmEt9R,anti_homophones
15853,1,3,0,6,3,-5.626796676854543,5.626796676854543,tanite,anti_homophones
15854,1,1,0,6,2,-6.2565428716141795,6.2565428716141795,papgER,anti_homophones
15855,1,7,1,4,2,-4.998326747619993,4.998326747619993,l°v@,anti_homophones
15856,1,6,0,6,3,-5.132873584742784,5.132873584742784,fenite,anti_homophones
15857,1,8,1,4,2,-4.553193791509284,4.553193791509284,ZeR@,anti_homophones
15858,1,1,0,8,3,-6.825621842501054,6.825621842501054,kan§sj@s,anti_homophones
15859,1,9,1,4,2,-4.734991459100673,4.734991459100673,5pEt,anti_homophones
15860,1,1,0,7,3,-5.518133123158929,5.518133123158929,detuf9R,anti_homophones
15861,1,0,0,7,2,-7.293909690278692,7.293909690278692,k§kORts,anti_homophones
15862,1,0,0,8,3,-7.835917537039095,7.835917537039095,kotEstj5,anti_homophones
15863,1,0,0,12,4,-15.974699913740261,15.974699913740261,bR°bEk°vludR,anti_homophones
15864,1,0,0,10,4,-9.03553959085564,9.03553959085564,agRemul9vR,anti_homophones
15865,1,23,0,4,2,-4.1186552229795135,4.1186552229795135,aRte,anti_homophones
15866,1,0,0,9,4,-7.1473147928926215,7.1473147928926215,djapit°m@,anti_homophones
15867,1,0,0,12,4,-12.105588706366492,12.105588706366492,abatEktRostR,anti_homophones
15868,1,0,0,13,5,-11.575320737401281,11.575320737401281,paRtezist@tRe,anti_homophones
15869,1,2,0,5,2,-5.212293954180023,5.212293954180023,mnem@,anti_homophones
15870,1,2,0,5,2,-6.549125659032136,6.549125659032136,nOtR§,anti_homophones
15871,1,0,0,11,5,-9.308186826976192,9.308186826976192,polistanem@,anti_homophones
15872,1,0,0,10,4,-9.79127193901786,9.79127193901786,pRotipoliS,anti_homophones
15873,1,5,1,7,2,-4.646394520112236,4.646394520112236,spEkt9R,anti_homophones
15874,1,0,0,5,2,-7.141519592908303,7.141519592908303,EmROd,anti_homophones
15875,1,1,0,6,2,-5.829350068343158,5.829350068343158,fR@ZEt,anti_homophones
15876,1,7,0,4,2,-5.276767842028103,5.276767842028103,alym,anti_homophones
15877,1,1,0,7,3,-6.004877587825714,6.004877587825714,deS@Z9R,anti_homophones
15878,1,5,0,6,3,-6.3645605483948815,6.3645605483948815,pOlis@,anti_homophones
15879,1,4,0,5,2,-5.035036077436474,5.035036077436474,debOm,anti_homophones
15880,1,8,0,4,2,-4.722960143614398,4.722960143614398,@paZ,anti_homophones
15881,1,1,0,6,2,-5.7366160194737175,5.7366160194737175,fR@kyl,anti_homophones
15882,1,0,0,5,3,-5.592193638863666,5.592193638863666,OROid,anti_homophones
15883,1,0,0,12,5,-10.213776341266772,10.213776341266772,felimigRafil,anti_homophones
15884,1,0,0,7,3,-7.459866912737399,7.459866912737399,bROkyle,anti_homophones
15885,1,0,0,12,5,-13.134065227609913,13.134065227609913,naRSidykalbi,anti_homophones
15886,1,0,0,12,6,-11.140239775177474,11.140239775177474,kolyminapole,anti_homophones
15887,1,7,0,4,1,-4.666715186232019,4.666715186232019,kuRs,anti_homophones
15888,1,0,0,8,3,-9.929195354898251,9.929195354898251,flORidab,anti_homophones
15889,1,11,0,6,3,-4.837943007589425,4.837943007589425,kaj°m@,anti_homophones
15890,1,4,0,6,3,-6.192948542616367,6.192948542616367,§bRite,anti_homophones
15891,1,1,0,6,3,-7.3921524814849695,7.3921524814849695,detEje,anti_homophones
15892,1,0,0,7,3,-7.0963263146427,7.0963263146427,5flik9R,anti_homophones
15893,1,0,0,14,5,-12.635215912761346,12.635215912761346,fwinegalEkstyR,anti_homophones
15894,1,0,0,7,3,-6.491406039907137,6.491406039907137,k§p@s@s,anti_homophones
15895,1,0,0,12,5,-8.325508064095404,8.325508064095404,pRetRijEt°Ri,anti_homophones
15896,1,0,0,12,4,-10.04709292447552,10.04709292447552,detEktRadjOm,anti_homophones
15897,1,7,0,4,2,-5.160009715885844,5.160009715885844,lika,anti_homophones
15898,1,0,0,11,5,-12.340099902197176,12.340099902197176,solapiRylyR,anti_homophones
15899,1,0,0,7,3,-7.3115250038701545,7.3115250038701545,R°pikuz,anti_homophones
15900,1,16,1,3,1,-4.518261962831385,4.518261962831385,t@p,anti_homophones
15901,1,1,0,6,2,-5.558594954866082,5.558594954866082,SiSist,anti_homophones
15902,1,3,0,5,2,-5.863422600323587,5.863422600323587,palEg,anti_homophones
15903,1,2,0,9,4,-5.40349192891728,5.40349192891728,debitasj§,anti_homophones
15904,1,0,0,12,5,-10.45169647241505,10.45169647241505,b9ldeRikasj§,anti_homophones
15905,1,13,0,5,2,-5.673873244755883,5.673873244755883,dRite,anti_homophones
15906,1,0,0,15,6,-11.34473434624722,11.34473434624722,pERklav°lopatif,anti_homophones
15907,1,0,0,12,5,-11.016656935839455,11.016656935839455,EstezjOnityR,anti_homophones
15908,1,7,0,5,2,-4.918810568578556,4.918810568578556,pepje,anti_homophones
15909,1,0,0,8,3,-7.997679769120055,7.997679769120055,fyRklem@,anti_homophones
15910,1,8,0,4,2,-5.41539940933652,5.41539940933652,wal2,anti_homophones
15911,1,0,0,6,3,-7.094138532926564,7.094138532926564,amyRja,anti_homophones
15912,1,2,0,6,2,-5.308122232923353,5.308122232923353,pRimik,anti_homophones
15913,1,3,0,5,1,-5.547115446053272,5.547115446053272,m8abl,anti_homophones
15914,1,1,0,6,3,-6.182054537618551,6.182054537618551,epol8e,anti_homophones
15915,1,11,0,3,1,-5.353072309431919,5.353072309431919,dON,anti_homophones
15916,1,0,0,9,5,-6.659463292739385,6.659463292739385,omofil°m@,anti_homophones
15917,1,1,0,7,3,-6.05199413686824,6.05199413686824,RezORde,anti_homophones
15918,1,1,0,6,3,-6.609460682230473,6.609460682230473,limitu,anti_homophones
15919,1,10,0,3,1,-4.958380141570767,4.958380141570767,t@S,anti_homophones
15920,1,0,0,9,4,-9.46955254501972,9.46955254501972,yltaRisj2,anti_homophones
15921,1,0,0,8,3,-7.537737806333277,7.537737806333277,epaRfEks,anti_homophones
15922,1,0,0,11,5,-11.630044059680674,11.630044059680674,tROpOmelon@,anti_homophones
15923,1,12,0,4,2,-4.811926174348389,4.811926174348389,dive,anti_homophones
15924,1,5,0,5,3,-5.22991040816829,5.22991040816829,amin@,anti_homophones
15925,1,0,0,11,5,-10.92623512342111,10.92623512342111,valibRavize,anti_homophones
15926,1,7,1,5,2,-4.680784463708596,4.680784463708596,dekaj,anti_homophones
15927,1,0,0,8,4,-9.00438485223975,9.00438485223975,gaResyRe,anti_homophones
15928,1,1,0,7,3,-5.598920728894048,5.598920728894048,somynik,anti_homophones
15929,1,1,0,4,2,-5.315110236685816,5.315110236685816,eSOf,anti_homophones
15930,1,12,1,3,1,-4.668357131661183,4.668357131661183,fti,anti_homophones
15931,1,0,0,10,5,-9.020593026648031,9.020593026648031,bufikan°Ri,anti_homophones
15932,1,14,1,4,1,-4.209865168842039,4.209865168842039,pRom,anti_homophones
15933,1,1,0,7,3,-5.837130129279653,5.837130129279653,pRotomi,anti_homophones
15934,1,0,0,11,5,-7.487339337367382,7.487339337367382,@buRZwaz°le,anti_homophones
15935,1,0,0,14,5,-9.380790428127371,9.380790428127371,filmOpskyRasj§,anti_homophones
15936,1,10,1,6,3,-4.71104454169215,4.71104454169215,tEl°m@,anti_homophones
15937,1,5,0,5,2,-4.8419257871892345,4.8419257871892345,galad,anti_homophones
15938,1,3,0,6,3,-4.744803147374901,4.744803147374901,Satuje,anti_homophones
15939,1,0,0,5,2,-4.744493418172289,4.744493418172289,gRoN§,anti_homophones
15940,1,0,0,6,3,-7.8242642059484915,7.8242642059484915,5sujaR,anti_homophones
15941,1,1,0,5,3,-6.243143531563377,6.243143531563377,adem§,anti_homophones
15942,1,0,0,12,5,-9.719281030965067,9.719281030965067,5fEksplomaZe,anti_homophones
15943,1,9,0,7,3,-4.758104031734635,4.758104031734635,kaRd°m@,anti_homophones
15944,1,1,1,5,2,-4.911027547452795,4.911027547452795,kuvR@,anti_homophones
15945,1,0,0,6,3,-6.343433800714313,6.343433800714313,imolEt,anti_homophones
15946,1,1,0,6,3,-6.164242504512215,6.164242504512215,kamani,anti_homophones
15947,1,0,0,6,3,-5.970597702017796,5.970597702017796,suloge,anti_homophones
15948,1,0,0,11,4,-7.116396507766901,7.116396507766901,syRplikasj§,anti_homophones
15949,1,11,0,4,2,-6.255485649097698,6.255485649097698,Rebi,anti_homophones
15950,1,0,0,12,6,-9.805444558438724,9.805444558438724,dez@gaZut°m@,anti_homophones
15951,1,9,0,5,2,-5.027132813716597,5.027132813716597,deRiR,anti_homophones
15952,1,0,0,9,4,-6.406072636270713,6.406072636270713,fin@tasj§,anti_homophones
15953,1,0,0,7,3,-6.752516593975964,6.752516593975964,djakone,anti_homophones
15954,1,0,0,7,2,-7.763025365089737,7.763025365089737,plakawn,anti_homophones
15955,1,3,0,5,2,-5.5374000734239,5.5374000734239,SamEn,anti_homophones
15956,1,3,0,8,4,-5.325194929238134,5.325194929238134,epinasj§,anti_homophones
15957,1,0,0,7,3,-7.074213474488941,7.074213474488941,lutonEl,anti_homophones
15958,1,0,0,7,3,-8.439625486954442,8.439625486954442,adabylb,anti_homophones
15959,1,0,0,8,3,-6.519693392672861,6.519693392672861,medyktys,anti_homophones
15960,1,0,0,8,4,-5.996752068955224,5.996752068955224,EgjER°m@,anti_homophones
15961,1,10,0,4,2,-4.602816342186869,4.602816342186869,bRue,anti_homophones
15962,1,0,0,7,3,-6.7266794897976565,6.7266794897976565,S@sOnOm,anti_homophones
15963,1,0,0,10,4,-8.591078019517166,8.591078019517166,tRositysj§,anti_homophones
15964,1,1,0,6,3,-6.502309822939544,6.502309822939544,maRudu,anti_homophones
15965,1,19,0,4,2,-5.049015687173589,5.049015687173589,mele,anti_homophones
15966,1,7,0,5,2,-4.929390133653865,4.929390133653865,pORt@,anti_homophones
15967,1,0,0,7,3,-9.365193833762351,9.365193833762351,lezamis,anti_homophones
15968,1,0,0,6,2,-4.999620046743804,4.999620046743804,ReZwiR,anti_homophones
15969,1,0,0,8,4,-8.460260710206718,8.460260710206718,sysElave,anti_homophones
15970,1,0,0,12,6,-11.77879201810055,11.77879201810055,poligam5kuR@,anti_homophones
15971,1,0,0,8,4,-8.195055033183587,8.195055033183587,inotonj5,anti_homophones
15972,1,0,0,11,4,-9.93155826412215,9.93155826412215,konyklebRuf,anti_homophones
15973,1,8,1,5,2,-4.2660630252140175,4.2660630252140175,k§tRe,anti_homophones
15974,1,1,0,6,2,-6.303399482719218,6.303399482719218,posjEl,anti_homophones
15975,1,1,0,9,4,-6.751603974958213,6.751603974958213,nagORZ°m@,anti_homophones
15976,1,4,0,5,2,-6.399684951836204,6.399684951836204,pol5Z,anti_homophones
15977,1,1,0,5,3,-5.926649166487933,5.926649166487933,ef§de,anti_homophones
15978,1,0,0,14,6,-11.98809071412145,11.98809071412145,degRegamERkyl2,anti_homophones
15979,1,1,0,8,3,-6.87545074493979,6.87545074493979,pRopolif,anti_homophones
15980,1,0,0,7,4,-5.638783728163554,5.638783728163554,@tim@te,anti_homophones
15981,1,0,0,9,5,-10.600764537414939,10.600764537414939,atik°noda,anti_homophones
15982,1,0,0,12,5,-7.809334701508692,7.809334701508692,vaksjonalite,anti_homophones
15983,1,7,1,5,2,-4.123706286600659,4.123706286600659,R°taZ,anti_homophones
15984,1,0,0,5,2,-5.2651009515179945,5.2651009515179945,styEl,anti_homophones
15985,1,0,0,8,3,-7.4397213726285365,7.4397213726285365,dez@fluR,anti_homophones
15986,1,0,0,8,4,-9.596482322475005,9.596482322475005,nitalaje,anti_homophones
15987,1,0,0,12,3,-11.313893770136408,11.313893770136408,stRomEstR8in,anti_homophones
15988,1,11,0,6,3,-4.8668732706409585,4.8668732706409585,wat°m@,anti_homophones
15989,1,5,0,7,4,-5.831075741660167,5.831075741660167,aR@t°m@,anti_homophones
15990,1,4,0,5,2,-5.3962346379664545,5.3962346379664545,senin,anti_homophones
15991,1,0,0,6,2,-6.4462929894145,6.4462929894145,faSinz,anti_homophones
15992,1,1,0,6,3,-6.379082122706344,6.379082122706344,fameRe,anti_homophones
15993,1,12,1,5,2,-4.859194799220307,4.859194799220307,swaje,anti_homophones
15994,1,0,0,7,2,-5.819943488749601,5.819943488749601,tuRdizm,anti_homophones
15995,1,14,1,4,1,-4.903457087709741,4.903457087709741,fRat,anti_homophones
15996,1,3,0,6,2,-5.214390463641611,5.214390463641611,baltER,anti_homophones
15997,1,1,0,7,3,-7.351380318357649,7.351380318357649,alvanin,anti_homophones
15998,1,0,0,7,2,-6.4411304737489825,6.4411304737489825,sp§sakR,anti_homophones
15999,1,0,0,8,4,-5.690626238351199,5.690626238351199,b@kEt°m@,anti_homophones
16000,1,0,0,13,6,-10.87340572133271,10.87340572133271,REjoniflOp°m@,anti_homophones
16001,1,0,0,13,6,-10.459535720581203,10.459535720581203,RaRublesiv°m@,anti_homophones
16002,1,0,0,10,5,-9.391409578018875,9.391409578018875,sut°n§s°le,anti_homophones
16003,1,26,1,3,1,-4.336983496407704,4.336983496407704,akt,anti_homophones
16004,1,4,0,4,2,-5.042345368121524,5.042345368121524,ORga,anti_homophones
16005,1,0,0,8,3,-6.917086932355685,6.917086932355685,deZEkt82,anti_homophones
16006,1,0,0,7,3,-8.256075981527164,8.256075981527164,spidize,anti_homophones
16007,1,0,0,10,5,-8.374847524880122,8.374847524880122,kOlefOn°Ri,anti_homophones
16008,1,0,0,14,6,-10.84075884660197,10.84075884660197,palytORnizasj§,anti_homophones
16009,1,0,0,7,4,-7.557990202917775,7.557990202917775,iRiZini,anti_homophones
16010,1,8,0,5,2,-4.9457746398005105,4.9457746398005105,Rasje,anti_homophones
16011,1,1,0,6,3,-7.047574520204227,7.047574520204227,ekoRnE,anti_homophones
16012,1,0,0,8,3,-6.032064322921868,6.032064322921868,biznEs@s,anti_homophones
16013,1,0,0,7,3,-7.441146995721478,7.441146995721478,m@gaRdi,anti_homophones
16014,1,3,1,6,2,-4.818984269731359,4.818984269731359,miRabl,anti_homophones
16015,1,0,0,15,6,-13.648176354894819,13.648176354894819,tiRenalism@s8El,anti_homophones
16016,1,13,0,3,1,-5.8713694932205565,5.8713694932205565,ERt,anti_homophones
16017,1,0,0,10,5,-11.268258212431139,11.268258212431139,pajaRit°Ro,anti_homophones
16018,1,0,0,11,6,-10.661490503797388,10.661490503797388,oRiZibEleni,anti_homophones
16019,1,1,0,6,2,-5.927887934843558,5.927887934843558,bR@dR5,anti_homophones
16020,1,7,1,7,3,-4.436826992692471,4.436826992692471,bibl°m@,anti_homophones
16021,1,7,0,4,2,-5.110982755312183,5.110982755312183,R°nu,anti_homophones
16022,1,0,0,7,3,-6.53574138869939,6.53574138869939,fisjOne,anti_homophones
16023,1,0,0,7,3,-6.572493645695884,6.572493645695884,viktomi,anti_homophones
16024,1,2,0,5,3,-5.455829701875023,5.455829701875023,de§te,anti_homophones
16025,1,0,0,13,5,-13.18578054950183,13.18578054950183,kOfjozostRaZe,anti_homophones
16026,1,1,0,7,3,-6.447645860136303,6.447645860136303,R°s@tRa,anti_homophones
16027,1,0,0,8,4,-8.040486184695979,8.040486184695979,velim@t5,anti_homophones
16028,1,12,2,4,1,-4.224917223982624,4.224917223982624,bjER,anti_homophones
16029,1,0,0,11,4,-9.561356262413627,9.561356262413627,paRaksidiks,anti_homophones
16030,1,1,0,8,4,-5.486576195285534,5.486576195285534,malis°m@,anti_homophones
16031,1,7,0,5,2,-5.458153053312506,5.458153053312506,bin9R,anti_homophones
16032,1,2,0,5,2,-6.449390103726754,6.449390103726754,iRsj§,anti_homophones
16033,1,3,1,5,2,-4.839786978744936,4.839786978744936,RevER,anti_homophones
16034,1,14,0,4,1,-5.036214673354182,5.036214673354182,balt,anti_homophones
16035,1,0,0,13,6,-11.449812901127641,11.449812901127641,iledifORmanje,anti_homophones
16036,1,3,0,4,2,-4.736195441358564,4.736195441358564,ORd@,anti_homophones
16037,1,0,0,7,3,-6.380606389466697,6.380606389466697,palpoli,anti_homophones
16038,1,0,0,15,5,-12.858427947571807,12.858427947571807,tERmakRedisjabl,anti_homophones
16039,1,0,0,10,5,-8.40313796948184,8.40313796948184,aspiRonike,anti_homophones
16040,1,3,0,4,1,-4.7721840543311025,4.7721840543311025,RwEl,anti_homophones
16041,1,7,0,4,2,-4.762481962758834,4.762481962758834,bido,anti_homophones
16042,1,2,0,8,3,-5.894464376996143,5.894464376996143,myltyREl,anti_homophones
16043,1,0,0,6,2,-5.394252803835394,5.394252803835394,k§fjOt,anti_homophones
16044,1,0,0,9,3,-9.348530001868149,9.348530001868149,dOptyRj@t,anti_homophones
16045,1,13,1,4,2,-4.753334342687325,4.753334342687325,mito,anti_homophones
16046,1,0,0,15,6,-13.50956997117073,13.50956997117073,kw5s§devolyksj§,anti_homophones
16047,1,0,0,7,3,-8.566753951818843,8.566753951818843,gylasm@,anti_homophones
16048,1,1,0,8,3,-7.4551478992577405,7.4551478992577405,s5plisin,anti_homophones
16049,1,0,0,9,4,-9.584516254085704,9.584516254085704,maReniNOl,anti_homophones
16050,1,0,0,6,3,-6.954855425552595,6.954855425552595,lesed@,anti_homophones
16051,1,2,0,6,2,-5.886407251985529,5.886407251985529,ZovjEl,anti_homophones
16052,1,0,0,8,4,-6.754970308076316,6.754970308076316,ofilitik,anti_homophones
16053,1,5,1,7,4,-5.09810292515426,5.09810292515426,oRik°m@,anti_homophones
16054,1,0,0,9,4,-6.422430947086304,6.422430947086304,idRofisj§,anti_homophones
16055,1,19,0,3,2,-4.497982252045696,4.497982252045696,eme,anti_homophones
16056,1,1,0,6,2,-6.479672462324228,6.479672462324228,kaRmij,anti_homophones
16057,1,4,0,5,2,-5.0161454533137055,5.0161454533137055,saSEt,anti_homophones
16058,1,4,1,6,2,-4.17670801648311,4.17670801648311,seksj§,anti_homophones
16059,1,2,0,4,1,-5.1740757834032625,5.1740757834032625,snij,anti_homophones
16060,1,13,0,3,1,-4.408476192656691,4.408476192656691,dom,anti_homophones
16061,1,1,0,7,4,-6.163358672648455,6.163358672648455,inatize,anti_homophones
16062,1,4,0,4,2,-5.006788113144542,5.006788113144542,buda,anti_homophones
16063,1,0,0,12,5,-11.87299176664957,11.87299176664957,detERnamsine,anti_homophones
16064,1,0,0,8,3,-9.742844416528836,9.742844416528836,S@panEkt,anti_homophones
16065,1,0,0,14,6,-9.740469620461242,9.740469620461242,dez5telebildiG,anti_homophones
16066,1,3,0,5,2,-8.233313826572077,8.233313826572077,miRaS,anti_homophones
16067,1,0,0,8,3,-6.764520946655685,6.764520946655685,bj5tolOg,anti_homophones
16068,1,13,0,6,2,-4.639735846675824,4.639735846675824,kaRist,anti_homophones
16069,1,0,0,9,5,-8.507869440896934,8.507869440896934,otomanijo,anti_homophones
16070,1,1,0,5,2,-6.154584274051993,6.154584274051993,R2zEt,anti_homophones
16071,1,0,0,8,3,-6.146425935525082,6.146425935525082,pl§bat9R,anti_homophones
16072,1,4,0,6,2,-5.575588768741344,5.575588768741344,majabl,anti_homophones
16073,1,0,0,11,5,-8.073600672260257,8.073600672260257,in5fomanizm,anti_homophones
16074,1,0,0,5,3,-6.766690670830533,6.766690670830533,toRee,anti_homophones
16075,1,0,0,14,6,-13.447945500681866,13.447945500681866,RalibRezORmize,anti_homophones
16076,1,0,0,7,2,-7.046076736032941,7.046076736032941,Rublj9l,anti_homophones
16077,1,21,2,3,1,-4.024916791823207,4.024916791823207,b9R,anti_homophones
16078,1,6,0,6,2,-5.134050429953348,5.134050429953348,sanizm,anti_homophones
16079,1,10,0,6,3,-5.397921882135549,5.397921882135549,Zilite,anti_homophones
16080,1,0,0,9,4,-8.648356976674906,8.648356976674906,RetafolaZ,anti_homophones
16081,1,0,0,6,2,-6.285195047722358,6.285195047722358,pERtiv,anti_homophones
16082,1,13,0,5,2,-4.766859486624924,4.766859486624924,makaZ,anti_homophones
16083,1,0,0,10,3,-10.099539296268237,10.099539296268237,pRodistRip,anti_homophones
16084,1,1,0,6,2,-4.838471857833129,4.838471857833129,kwEk9R,anti_homophones
16085,1,0,0,12,5,-7.067703832982822,7.067703832982822,tymylt82z°m@,anti_homophones
16086,1,7,0,3,1,-4.716352381784413,4.716352381784413,giN,anti_homophones
16087,1,0,0,6,3,-6.246212617460667,6.246212617460667,5telin,anti_homophones
16088,1,0,0,8,2,-6.328457366612235,6.328457366612235,Ekspjabl,anti_homophones
16089,1,0,0,10,3,-7.758538753348846,7.758538753348846,myltRadjER,anti_homophones
16090,1,0,0,9,4,-8.066563527612557,8.066563527612557,bjolatyRe,anti_homophones
16091,1,1,0,6,2,-5.4623150480834015,5.4623150480834015,pyblje,anti_homophones
16092,1,0,0,5,2,-5.107198966151447,5.107198966151447,gajaR,anti_homophones
16093,1,0,0,15,6,-15.359296679018215,15.359296679018215,lytilakR°maRkyl,anti_homophones
16094,1,0,0,9,3,-8.97488623488228,8.97488623488228,psikOlpEt,anti_homophones
16095,1,0,0,8,3,-7.273104083600778,7.273104083600778,kaRtilEt,anti_homophones
16096,1,13,0,4,2,-4.663882435524143,4.663882435524143,s@se,anti_homophones
16097,1,0,0,5,2,-5.754361843763875,5.754361843763875,leZEn,anti_homophones
16098,1,0,0,7,3,-6.1963009139859215,6.1963009139859215,dek§fEs,anti_homophones
16099,1,17,1,3,1,-4.358257021156994,4.358257021156994,gav,anti_homophones
16100,1,0,0,13,6,-8.680709610620935,8.680709610620935,5syRpet82z°m@,anti_homophones
16101,1,15,1,6,3,-4.553966075439275,4.553966075439275,maRite,anti_homophones
16102,1,1,0,6,2,-4.976849332470523,4.976849332470523,p8@t9R,anti_homophones
16103,1,1,0,6,3,-5.97065764338658,5.97065764338658,ORfeRe,anti_homophones
16104,1,0,0,8,3,-7.73515786167948,7.73515786167948,flamajiR,anti_homophones
16105,1,0,0,14,5,-12.720351184469024,12.720351184469024,plasonOstin8El,anti_homophones
16106,1,20,1,3,1,-4.750991177598237,4.750991177598237,pav,anti_homophones
16107,1,1,0,5,2,-6.561084894572672,6.561084894572672,Z5m@k,anti_homophones
16108,1,0,0,12,4,-10.7981517865744,10.7981517865744,m§taRdERmist,anti_homophones
16109,1,0,0,7,2,-6.957993790689689,6.957993790689689,tRistRy,anti_homophones
16110,1,0,0,7,4,-6.466867070609144,6.466867070609144,peaZine,anti_homophones
16111,1,1,0,5,3,-8.84930902066869,8.84930902066869,@R°z§,anti_homophones
16112,1,1,0,8,4,-6.326956938820265,6.326956938820265,s°val°m@,anti_homophones
16113,1,0,0,8,3,-7.412656453435359,7.412656453435359,pysjOnEl,anti_homophones
16114,1,3,0,5,3,-5.760494414672405,5.760494414672405,av@de,anti_homophones
16115,1,0,0,7,3,-7.3227227044795065,7.3227227044795065,ekin§bR,anti_homophones
16116,1,1,0,8,3,-5.309268465754538,5.309268465754538,deplwaje,anti_homophones
16117,1,0,0,8,4,-6.557801351421889,6.557801351421889,mekanize,anti_homophones
16118,1,6,1,5,2,-5.347109625841304,5.347109625841304,k§baR,anti_homophones
16119,1,0,0,11,5,-10.900030234541813,10.900030234541813,5vitysjetik,anti_homophones
16120,1,7,0,3,2,-7.2273425149913635,7.2273425149913635,Oj§,anti_homophones
16121,1,0,0,8,3,-11.817870926834207,11.817870926834207,eZakpROz,anti_homophones
16122,1,5,1,6,2,-5.067542917078233,5.067542917078233,bonist,anti_homophones
16123,1,4,1,5,2,-4.637481728015773,4.637481728015773,sudEn,anti_homophones
16124,1,8,0,3,2,-5.388453428040249,5.388453428040249,@zi,anti_homophones
16125,1,0,0,9,3,-7.633977326961883,7.633977326961883,toplatabl,anti_homophones
16126,1,0,0,5,3,-5.104309216135365,5.104309216135365,syse5,anti_homophones
16127,1,0,0,6,2,-6.592272658099265,6.592272658099265,muskRE,anti_homophones
16128,1,0,0,8,3,-5.788068068731547,5.788068068731547,R°konizm,anti_homophones
16129,1,0,0,10,5,-8.770010008174097,8.770010008174097,5fR@kot°Ri,anti_homophones
16130,1,0,0,10,5,-7.944803885522666,7.944803885522666,leSifoloZi,anti_homophones
16131,1,0,0,11,5,-10.511576437866216,10.511576437866216,RegyRasilEt,anti_homophones
16132,1,0,0,7,4,-7.621379029636808,7.621379029636808,5k§goRi,anti_homophones
16133,1,0,0,6,3,-7.172675924328344,7.172675924328344,yRbijo,anti_homophones
16134,1,14,0,3,1,-4.518424702622561,4.518424702622561,gon,anti_homophones
16135,1,0,0,8,3,-7.863468179144095,7.863468179144095,SokaNabl,anti_homophones
16136,1,0,0,12,5,-11.873113459218894,11.873113459218894,pamwam@teRam,anti_homophones
16137,1,0,0,8,3,-8.407730489630485,8.407730489630485,tERpolEt,anti_homophones
16138,1,1,0,6,3,-6.3110603196660175,6.3110603196660175,@soRal,anti_homophones
16139,1,2,0,8,3,-5.219422239811883,5.219422239811883,delEkt9R,anti_homophones
16140,1,0,0,7,3,-8.02166753713686,8.02166753713686,b@dapte,anti_homophones
16141,1,1,0,5,2,-5.516808237559926,5.516808237559926,salv5,anti_homophones
16142,1,1,0,5,2,-5.530468912093962,5.530468912093962,pjafe,anti_homophones
16143,1,19,0,1,1,-4.570540462448984,4.570540462448984,2,anti_homophones
16144,1,1,1,5,3,-5.539360405551958,5.539360405551958,2klue,anti_homophones
16145,1,23,2,3,1,-3.809465328195976,3.809465328195976,kuR,anti_homophones
16146,1,4,0,5,2,-5.143699053489557,5.143699053489557,nEs@s,anti_homophones
16147,1,5,0,6,2,-5.228547761594782,5.228547761594782,pEkt9R,anti_homophones
16148,1,0,0,9,4,-10.158662813483788,10.158662813483788,wazOtOnit,anti_homophones
16149,1,7,0,5,2,-4.82513963690688,4.82513963690688,degRe,anti_homophones
16150,1,0,0,8,4,-7.138244654967496,7.138244654967496,R°SOk°Ro,anti_homophones
16151,1,4,0,5,2,-5.4457490367536305,5.4457490367536305,vivit,anti_homophones
16152,1,11,0,5,2,-4.543352497199159,4.543352497199159,sERve,anti_homophones
16153,1,1,0,5,3,-5.8802506459030885,5.8802506459030885,@bul@,anti_homophones
16154,1,1,0,5,2,-5.608932524648411,5.608932524648411,Redaj,anti_homophones
16155,1,0,0,8,4,-7.857842925003394,7.857842925003394,akonokys,anti_homophones
16156,1,0,0,8,3,-9.09560013009651,9.09560013009651,moglifEn,anti_homophones
16157,1,0,0,7,3,-7.296353698699474,7.296353698699474,kRiatEl,anti_homophones
16158,1,7,0,5,3,-5.714546313232302,5.714546313232302,adike,anti_homophones
16159,1,2,0,5,2,-5.687515419403718,5.687515419403718,pajEt,anti_homophones
16160,1,4,0,6,2,-5.623798256873349,5.623798256873349,k§stiS,anti_homophones
16161,1,14,1,4,1,-4.748916433147582,4.748916433147582,mast,anti_homophones
16162,1,0,0,7,3,-9.47385899914565,9.47385899914565,skusat5,anti_homophones
16163,1,0,0,9,4,-10.110787705151306,10.110787705151306,galbygly§,anti_homophones
16164,1,0,0,9,4,-10.814858271124175,10.814858271124175,ORbOnadiz,anti_homophones
16165,1,0,0,10,4,-7.588958648752365,7.588958648752365,k§tuRl5g9R,anti_homophones
16166,1,10,0,4,2,-4.801175611272029,4.801175611272029,vaga,anti_homophones
16167,1,0,0,10,4,-10.423052114011094,10.423052114011094,p@t@dR5gle,anti_homophones
16168,1,5,0,5,2,-5.500188844623977,5.500188844623977,gRape,anti_homophones
16169,1,9,0,4,2,-4.711970485101128,4.711970485101128,@kER,anti_homophones
16170,1,1,0,6,3,-6.435231530455327,6.435231530455327,al@gin,anti_homophones
16171,1,0,0,12,5,-14.029688562382928,14.029688562382928,5sEktObvisj2,anti_homophones
16172,1,0,0,8,3,-7.577344583564851,7.577344583564851,d°mwajaZ,anti_homophones
16173,1,0,0,9,5,-6.3100815143066855,6.3100815143066855,5sonalite,anti_homophones
16174,1,0,0,5,3,-6.156158724774301,6.156158724774301,egene,anti_homophones
16175,1,0,0,17,6,-13.446216087278618,13.446216087278618,ZaRdOskRijogRat9R,anti_homophones
16176,1,1,0,6,2,-7.117676829835322,7.117676829835322,klotis,anti_homophones
16177,1,0,0,11,5,-8.717494340727242,8.717494340727242,depaRsifika,anti_homophones
16178,1,5,0,3,2,-5.108251696646359,5.108251696646359,jau,anti_homophones
16179,1,0,0,9,4,-7.446596924738236,7.446596924738236,gRyminize,anti_homophones
16180,1,8,1,4,1,-4.3431273259351295,4.3431273259351295,takl,anti_homophones
16181,1,0,0,8,3,-7.5862141589428775,7.5862141589428775,b@tuRniR,anti_homophones
16182,1,2,0,6,2,-5.588073847394605,5.588073847394605,Z9nkEt,anti_homophones
16183,1,0,0,12,6,-10.178666700842031,10.178666700842031,RekyRimalite,anti_homophones
16184,1,0,0,11,5,-10.986968645912281,10.986968645912281,nERvid@t°Ri,anti_homophones
16185,1,3,0,7,3,-4.981322458979125,4.981322458979125,peRat9R,anti_homophones
16186,1,11,0,5,2,-4.9012001390259945,4.9012001390259945,pajaZ,anti_homophones
16187,1,1,0,5,2,-6.428254453271465,6.428254453271465,ostj5,anti_homophones
16188,1,0,0,7,4,-6.941454378132253,6.941454378132253,alam@te,anti_homophones
16189,1,15,0,4,2,-4.8351654593738065,4.8351654593738065,amER,anti_homophones
16190,1,1,0,9,4,-5.582670571897955,5.582670571897955,sosjOn°m@,anti_homophones
16191,1,0,0,9,4,-7.948625695542241,7.948625695542241,syblysite,anti_homophones
16192,1,0,0,11,4,-9.398280609606127,9.398280609606127,tRakOl°tabl,anti_homophones
16193,1,0,0,14,6,-11.368751950052967,11.368751950052967,kym@taliniswaR,anti_homophones
16194,1,0,0,11,5,-10.213957864884776,10.213957864884776,R2dek§dREs@,anti_homophones
16195,1,5,0,5,2,-4.826039390886245,4.826039390886245,fynER,anti_homophones
16196,1,7,0,7,2,-5.2699568711960065,5.2699568711960065,dRatwaR,anti_homophones
16197,1,7,2,4,1,-3.859250214878749,3.859250214878749,djak,anti_homophones
16198,1,0,0,9,3,-7.560254818686285,7.560254818686285,pRotyRZik,anti_homophones
16199,1,2,0,6,2,-6.039974592440393,6.039974592440393,maRlat,anti_homophones
16200,1,8,0,4,2,-5.166818703201556,5.166818703201556,etaf,anti_homophones
16201,1,0,0,14,6,-9.602263864154578,9.602263864154578,defORmaNetisj§,anti_homophones
16202,1,1,0,7,2,-6.322460892057271,6.322460892057271,kaptist,anti_homophones
16203,1,0,0,8,4,-8.56349975037596,8.56349975037596,ilymaZEl,anti_homophones
16204,1,0,0,10,4,-10.757871761883822,10.757871761883822,n5famigREl,anti_homophones
16205,1,7,1,7,3,-4.496156278699247,4.496156278699247,paRl°m@,anti_homophones
16206,1,0,0,11,5,-9.41650930176709,9.41650930176709,kafanatysj§,anti_homophones
16207,1,12,2,5,2,-4.062416807048086,4.062416807048086,5tERn,anti_homophones
16208,1,6,0,7,3,-6.001402986108448,6.001402986108448,pORasj§,anti_homophones
16209,1,1,0,8,4,-6.453557301012324,6.453557301012324,meRil°m@,anti_homophones
16210,1,0,0,8,3,-6.514439685182908,6.514439685182908,buRdiz9R,anti_homophones
16211,1,10,0,3,2,-5.329539000395281,5.329539000395281,ekE,anti_homophones
16212,1,0,0,9,4,-7.392785890888856,7.392785890888856,dekonisj2,anti_homophones
16213,1,17,0,4,2,-4.540203338390325,4.540203338390325,moRe,anti_homophones
16214,1,0,0,9,3,-8.684417738797023,8.684417738797023,donjEnwaR,anti_homophones
16215,1,0,0,8,4,-7.754321581977931,7.754321581977931,piloziti,anti_homophones
16216,1,0,0,8,3,-9.711123746555966,9.711123746555966,kalyskj§,anti_homophones
16217,1,2,1,7,3,-4.8383107888511345,4.8383107888511345,solysj§,anti_homophones
16218,1,0,0,7,3,-6.728463768053416,6.728463768053416,miNolEs,anti_homophones
16219,1,1,0,8,4,-7.833181166230306,7.833181166230306,kabizyte,anti_homophones
16220,1,0,0,11,5,-9.188125093626624,9.188125093626624,siZib°Rozj§,anti_homophones
16221,1,1,0,6,3,-5.893083098912311,5.893083098912311,ap°l9R,anti_homophones
16222,1,0,0,10,4,-5.780275436328712,5.780275436328712,elEkt8asj§,anti_homophones
16223,1,0,0,11,4,-9.149767569145443,9.149767569145443,debRogRasj§,anti_homophones
16224,1,10,1,6,3,-5.027528174188674,5.027528174188674,5tERni,anti_homophones
16225,1,7,0,5,3,-5.144558206861053,5.144558206861053,apoli,anti_homophones
16226,1,0,0,8,3,-7.587075223927268,7.587075223927268,puRsinER,anti_homophones
16227,1,1,0,6,2,-5.081771462578015,5.081771462578015,tR§bin,anti_homophones
16228,1,1,0,5,2,-5.693105080533242,5.693105080533242,Sogun,anti_homophones
16229,1,0,0,10,4,-9.576520625593933,9.576520625593933,EksEptERyR,anti_homophones
16230,1,8,1,6,3,-5.284477894450677,5.284477894450677,wat°Ri,anti_homophones
16231,1,1,0,5,2,-5.504358136724672,5.504358136724672,amufl,anti_homophones
16232,1,0,0,8,4,-5.8533133916778075,5.8533133916778075,pRe@byle,anti_homophones
16233,1,4,1,5,2,-5.190640617076106,5.190640617076106,metaS,anti_homophones
16234,1,3,0,5,2,-5.756109059309612,5.756109059309612,kalma,anti_homophones
16235,1,1,0,7,3,-6.144029499784444,6.144029499784444,vaSidj5,anti_homophones
16236,1,0,0,11,4,-8.409261552740258,8.409261552740258,kaRtiRadjOm,anti_homophones
16237,1,0,0,7,3,-6.059016096061388,6.059016096061388,dematOm,anti_homophones
16238,1,3,0,7,3,-6.311842390428252,6.311842390428252,patRijE,anti_homophones
16239,1,7,0,4,2,-5.002743755027474,5.002743755027474,akso,anti_homophones
16240,1,0,0,12,5,-12.087861747440028,12.087861747440028,Retonwaj9vRe,anti_homophones
16241,1,5,0,5,2,-4.848876071110688,4.848876071110688,vwam@,anti_homophones
16242,1,14,0,4,2,-4.706856436326106,4.706856436326106,bis@,anti_homophones
16243,1,7,0,4,2,-5.143165034971601,5.143165034971601,lap5,anti_homophones
16244,1,0,0,9,5,-9.724360779729679,9.724360779729679,elofiz°Ri,anti_homophones
16245,1,2,1,6,3,-4.532663415831916,4.532663415831916,@tR°Ri,anti_homophones
16246,1,0,0,8,3,-5.923621690480129,5.923621690480129,disitwaR,anti_homophones
16247,1,4,0,5,2,-5.565271901086589,5.565271901086589,bazaN,anti_homophones
16248,1,0,0,9,3,-8.132103659618613,8.132103659618613,psikliN2z,anti_homophones
16249,1,0,0,8,4,-7.767738210677669,7.767738210677669,EgzoREze,anti_homophones
16250,1,0,0,7,3,-7.678295972564909,7.678295972564909,patRola,anti_homophones
16251,1,0,0,11,5,-10.867727592955783,10.867727592955783,paRasjeRoin,anti_homophones
16252,1,0,0,6,3,-7.32571486740956,7.32571486740956,obEnto,anti_homophones
16253,1,0,0,13,5,-12.151728011566727,12.151728011566727,katifRagtajal,anti_homophones
16254,1,1,0,7,4,-5.912722985054673,5.912722985054673,eRozite,anti_homophones
16255,1,0,0,7,3,-8.045345786022873,8.045345786022873,kOkabin,anti_homophones
16256,1,1,0,5,3,-7.23734010793897,7.23734010793897,ep5p@,anti_homophones
16257,1,0,0,5,2,-6.611818575059046,6.611818575059046,def9j,anti_homophones
16258,1,0,0,8,4,-8.605315549417234,8.605315549417234,epizonom,anti_homophones
16259,1,1,0,6,3,-6.258982553250612,6.258982553250612,v2nim@,anti_homophones
16260,1,1,0,6,3,-6.427656126445865,6.427656126445865,inist5,anti_homophones
16261,1,0,0,11,5,-8.340287316152734,8.340287316152734,polideRut9R,anti_homophones
16262,1,0,0,11,5,-9.990440213238896,9.990440213238896,lytilozylt@,anti_homophones
16263,1,0,0,9,3,-7.155434981736443,7.155434981736443,EksplodR§,anti_homophones
16264,1,2,0,6,3,-6.122592137092188,6.122592137092188,komina,anti_homophones
16265,1,0,0,9,4,-7.7402377049139774,7.7402377049139774,mynjEl°m@,anti_homophones
16266,1,3,0,6,2,-5.282651498624902,5.282651498624902,fuRnal,anti_homophones
16267,1,4,0,4,2,-5.958566001733717,5.958566001733717,yRaR,anti_homophones
16268,1,4,1,5,2,-4.830573791687656,4.830573791687656,fad9R,anti_homophones
16269,1,9,0,5,2,-5.426987758195883,5.426987758195883,valaZ,anti_homophones
16270,1,0,0,8,4,-7.919672508913682,7.919672508913682,k§tak@se,anti_homophones
16271,1,0,0,7,4,-7.573797473010803,7.573797473010803,et@dEve,anti_homophones
16272,1,10,1,4,1,-4.120151904794798,4.120151904794798,pROp,anti_homophones
16273,1,31,0,3,1,-4.232194052934228,4.232194052934228,bas,anti_homophones
16274,1,6,1,6,3,-4.687393605219884,4.687393605219884,vivite,anti_homophones
16275,1,0,0,16,6,-14.684247468414863,14.684247468414863,metRwazodistaRin,anti_homophones
16276,1,0,0,14,6,-14.963001866161163,14.963001866161163,dezaRmaRk°Roda,anti_homophones
16277,1,9,0,4,2,-4.6536168865529355,4.6536168865529355,ynil,anti_homophones
16278,1,0,0,9,4,-5.966639411311854,5.966639411311854,kologRafi,anti_homophones
16279,1,0,0,12,5,-9.193258088235206,9.193258088235206,modikatwaj9R,anti_homophones
16280,1,6,0,4,2,-6.13563336766454,6.13563336766454,onj5,anti_homophones
16281,1,1,0,7,3,-7.3782720793861785,7.3782720793861785,maRiniR,anti_homophones
16282,1,0,0,7,3,-6.11230032581287,6.11230032581287,imasabl,anti_homophones
16283,1,0,0,8,4,-7.410288810668877,7.410288810668877,ipERsEj§,anti_homophones
16284,1,1,0,7,3,-6.28016968573128,6.28016968573128,fORs°Ri,anti_homophones
16285,1,6,0,5,2,-4.800655206458569,4.800655206458569,mediR,anti_homophones
16286,1,3,0,7,3,-5.153370827926148,5.153370827926148,demoRal,anti_homophones
16287,1,2,0,4,2,-5.517110311527716,5.517110311527716,@lEv,anti_homophones
16288,1,0,0,4,2,-6.368321645002233,6.368321645002233,ynod,anti_homophones
16289,1,1,0,6,3,-6.266204343974552,6.266204343974552,fisyRe,anti_homophones
16290,1,20,1,3,1,-4.649496288605146,4.649496288605146,gEl,anti_homophones
16291,1,0,0,6,3,-8.436293174908974,8.436293174908974,ORnoRe,anti_homophones
16292,1,0,1,6,2,-5.982446969860417,5.982446969860417,sinOpl,anti_homophones
16293,1,24,0,3,2,-4.390200267653634,4.390200267653634,ome,anti_homophones
16294,1,1,0,5,2,-5.696273100928906,5.696273100928906,gasj5,anti_homophones
16295,1,0,0,13,5,-14.223334480076742,14.223334480076742,posesaltjERaZ,anti_homophones
16296,1,0,0,13,5,-10.680878680244241,10.680878680244241,tRipsonjEt°m@,anti_homophones
16297,1,8,0,3,1,-4.624267753031026,4.624267753031026,s5g,anti_homophones
16298,1,1,0,5,3,-5.355133078125068,5.355133078125068,@m@S§,anti_homophones
16299,1,0,0,8,4,-9.581122121336097,9.581122121336097,5diREzba,anti_homophones
16300,1,10,0,4,2,-4.436649022393202,4.436649022393202,k§d@,anti_homophones
16301,1,7,0,4,2,-4.872837640481737,4.872837640481737,R°b@,anti_homophones
16302,1,0,0,13,5,-10.607515914794513,10.607515914794513,siRk8is°mERse,anti_homophones
16303,1,0,0,8,3,-9.347351701911773,9.347351701911773,dez@tR8i,anti_homophones
16304,1,1,0,6,3,-5.6052930593939685,5.6052930593939685,aRSis@,anti_homophones
16305,1,3,0,6,3,-6.359852607745322,6.359852607745322,epERbe,anti_homophones
16306,1,10,1,3,2,-4.49249354550918,4.49249354550918,in§,anti_homophones
16307,1,0,0,14,6,-14.682252482085396,14.682252482085396,kat5tifRem@taZ,anti_homophones
16308,1,15,1,3,2,-4.698872875110499,4.698872875110499,iny,anti_homophones
16309,1,1,0,5,2,-4.764174954331739,4.764174954331739,b@lj2,anti_homophones
16310,1,0,0,7,4,-9.719056349394478,9.719056349394478,EdetaZ@,anti_homophones
16311,1,0,0,6,2,-6.058448277499612,6.058448277499612,silfit,anti_homophones
16312,1,0,0,6,2,-5.511704425906834,5.511704425906834,kRwaz§,anti_homophones
16313,1,0,0,6,3,-6.8579578886406605,6.8579578886406605,eZitiv,anti_homophones
16314,1,3,0,5,2,-4.949448000218997,4.949448000218997,kORse,anti_homophones
16315,1,6,0,5,2,-5.192557006896939,5.192557006896939,pRob@,anti_homophones
16316,1,11,0,4,2,-4.442993926163903,4.442993926163903,k@se,anti_homophones
16317,1,0,0,8,5,-8.622843340476587,8.622843340476587,aneonize,anti_homophones
16318,1,4,0,5,1,-6.193191852255619,6.193191852255619,plEjd,anti_homophones
16319,1,0,0,5,2,-6.325454510710035,6.325454510710035,blEj2,anti_homophones
16320,1,4,0,5,2,-5.635310189769775,5.635310189769775,miRan,anti_homophones
16321,1,0,0,7,3,-7.579069412146927,7.579069412146927,fadRije,anti_homophones
16322,1,6,0,4,2,-6.160563533717921,6.160563533717921,tepi,anti_homophones
16323,1,0,0,7,3,-7.983691650156446,7.983691650156446,pasakso,anti_homophones
16324,1,1,0,7,3,-7.283186629682189,7.283186629682189,malvyle,anti_homophones
16325,1,0,0,6,1,-5.979925124401763,5.979925124401763,kRawns,anti_homophones
16326,1,3,0,5,2,-5.203608823154737,5.203608823154737,bjome,anti_homophones
16327,1,13,1,5,2,-4.368056780298651,4.368056780298651,oRizm,anti_homophones
16328,1,0,0,9,4,-8.95231190936938,8.95231190936938,s5patiSaZ,anti_homophones
16329,1,0,0,18,6,-12.984707849833875,12.984707849833875,gRibystRyktyRbukle,anti_homophones
16330,1,0,0,9,4,-10.594399006991651,10.594399006991651,t@poR2lOR,anti_homophones
16331,1,0,0,11,5,-7.3676698740622335,7.3676698740622335,defastik°m@,anti_homophones
16332,1,0,0,9,3,-7.572190953273816,7.572190953273816,glofetizm,anti_homophones
16333,1,0,0,14,6,-12.038392019918804,12.038392019918804,aRospEktil°t9R,anti_homophones
16334,1,4,1,5,2,-5.113779740494445,5.113779740494445,aRSip,anti_homophones
16335,1,1,0,9,3,-6.079290924475523,6.079290924475523,Eksplwaj5,anti_homophones
16336,1,14,2,4,1,-4.493664188595248,4.493664188595248,batR,anti_homophones
16337,1,0,0,8,3,-7.269896107860504,7.269896107860504,SifReSyR,anti_homophones
16338,1,28,1,3,2,-4.889883345519744,4.889883345519744,ode,anti_homophones
16339,1,0,0,8,4,-6.829123097393604,6.829123097393604,@tomot9R,anti_homophones
16340,1,0,0,11,5,-10.526160977226464,10.526160977226464,mez@S@bRuja,anti_homophones
16341,1,1,0,8,4,-6.510694511454542,6.510694511454542,kalivite,anti_homophones
16342,1,0,0,9,4,-7.904054904303476,7.904054904303476,figuRdiz@,anti_homophones
16343,1,8,0,5,2,-4.685188465453722,4.685188465453722,steRe,anti_homophones
16344,1,32,1,3,1,-4.062933591711129,4.062933591711129,biR,anti_homophones
16345,1,0,0,9,4,-7.45234982708739,7.45234982708739,epilaRizm,anti_homophones
16346,1,19,1,3,1,-4.354264178961035,4.354264178961035,kje,anti_homophones
16347,1,0,0,6,3,-7.4695625969443356,7.4695625969443356,tORet@,anti_homophones
16348,1,0,0,8,3,-7.830771114368986,7.830771114368986,kuRs8ijo,anti_homophones
16349,1,0,0,9,4,-7.403926225614836,7.403926225614836,5tERmidaR,anti_homophones
16350,1,1,0,7,4,-8.154089527076353,8.154089527076353,aboROme,anti_homophones
16351,1,0,0,10,4,-6.831121203767156,6.831121203767156,maksibl°m@,anti_homophones
16352,1,0,0,11,4,-10.922170688755047,10.922170688755047,bRas§bR°maj,anti_homophones
16353,1,0,0,11,5,-6.033277886908695,6.033277886908695,pResibilite,anti_homophones
16354,1,0,0,9,4,-8.732382552365507,8.732382552365507,myR°tR@SE,anti_homophones
16355,1,0,0,10,5,-4.938699759208627,4.938699759208627,abilizasj§,anti_homophones
16356,1,44,0,2,1,-4.568337280753144,4.568337280753144,Ri,anti_homophones
16357,1,0,0,7,3,-6.333139563282873,6.333139563282873,k§kyRaZ,anti_homophones
16358,1,0,0,7,3,-7.589185748707993,7.589185748707993,lavaREn,anti_homophones
16359,1,0,0,13,6,-12.621225275413765,12.621225275413765,abZ§gloRikylo,anti_homophones
16360,1,1,0,6,2,-5.471307573351723,5.471307573351723,dispEk,anti_homophones
16361,1,3,0,5,2,-5.436397812384779,5.436397812384779,5pROk,anti_homophones
16362,1,0,0,7,3,-5.595051592884086,5.595051592884086,k§tRafi,anti_homophones
16363,1,0,0,14,5,-13.05386189455068,13.05386189455068,kwask§tRas@ble,anti_homophones
16364,1,0,0,7,3,-6.523666836185355,6.523666836185355,sepanaZ,anti_homophones
16365,1,0,0,5,2,-5.8344574290742095,5.8344574290742095,admw5,anti_homophones
16366,1,1,0,5,2,-6.949068255271575,6.949068255271575,tilat,anti_homophones
16367,1,0,0,11,4,-8.69837540921939,8.69837540921939,kogRafiRman,anti_homophones
16368,1,0,0,6,3,-6.786409454475658,6.786409454475658,mok2m@,anti_homophones
16369,1,0,0,10,5,-7.975326173898504,7.975326173898504,maNetisim@,anti_homophones
16370,1,8,0,4,2,-5.737293795633231,5.737293795633231,vina,anti_homophones
16371,1,0,0,10,4,-8.453052851963012,8.453052851963012,fonifORm9R,anti_homophones
16372,1,9,0,5,2,-4.716269916844395,4.716269916844395,komik,anti_homophones
16373,1,1,0,9,4,-6.266554246536652,6.266554246536652,kRaSis°m@,anti_homophones
16374,1,0,0,11,4,-8.153761682836393,8.153761682836393,mwasonalizm,anti_homophones
16375,1,22,0,5,2,-4.498869952354694,4.498869952354694,kaRje,anti_homophones
16376,1,1,0,4,2,-4.914862431321032,4.914862431321032,5tOk,anti_homophones
16377,1,2,0,5,2,-6.739441571421539,6.739441571421539,@sifl,anti_homophones
16378,1,19,0,5,2,-4.639584503966524,4.639584503966524,kotaZ,anti_homophones
16379,1,0,0,8,4,-6.698744221226119,6.698744221226119,avERZ°m@,anti_homophones
16380,1,3,0,6,3,-6.4360581163258885,6.4360581163258885,filibe,anti_homophones
16381,1,0,0,9,4,-8.834849864758938,8.834849864758938,@tR°b@dOt,anti_homophones
16382,1,1,0,7,3,-7.7085107632409615,7.7085107632409615,tis@ble,anti_homophones
16383,1,5,0,4,2,-5.596877849965054,5.596877849965054,5pyd,anti_homophones
16384,1,1,0,7,2,-5.557518929325495,5.557518929325495,fRizabl,anti_homophones
16385,1,0,0,13,5,-12.702210955559375,12.702210955559375,tomotomORkSiS,anti_homophones
16386,1,2,0,5,2,-6.187031995773946,6.187031995773946,pelat,anti_homophones
16387,1,1,0,5,2,-6.321074767928726,6.321074767928726,vagaS,anti_homophones
16388,1,1,0,6,3,-6.384541107640273,6.384541107640273,peRij@,anti_homophones
16389,1,0,0,6,3,-8.230021938487411,8.230021938487411,maisis,anti_homophones
16390,1,1,0,8,3,-7.5673666078721435,7.5673666078721435,SaRpisj§,anti_homophones
16391,1,3,0,5,2,-5.075325399547347,5.075325399547347,figje,anti_homophones
16392,1,3,0,5,2,-4.60575339989,4.60575339989,tuRm@,anti_homophones
16393,1,2,0,5,2,-5.2394016550974865,5.2394016550974865,vERNa,anti_homophones
16394,1,18,2,4,2,-4.470628944830819,4.470628944830819,polE,anti_homophones
16395,1,16,0,5,2,-4.930802398429676,4.930802398429676,pataZ,anti_homophones
16396,1,1,0,7,3,-5.812510469438704,5.812510469438704,ebRuj9R,anti_homophones
16397,1,0,0,7,3,-7.486005052091092,7.486005052091092,dofikas,anti_homophones
16398,1,2,0,4,1,-5.1617783484198325,5.1617783484198325,lykR,anti_homophones
16399,1,0,0,6,2,-7.079066593131376,7.079066593131376,ROSkaj,anti_homophones
16400,1,0,0,7,2,-6.6492253782931625,6.6492253782931625,lOdZjak,anti_homophones
16401,1,1,0,7,2,-6.010631566223552,6.010631566223552,mORdabl,anti_homophones
16402,1,8,1,5,2,-4.945575828972502,4.945575828972502,banal,anti_homophones
16403,1,9,0,5,2,-5.215713760962816,5.215713760962816,yRist,anti_homophones
16404,1,7,0,4,2,-5.098804155761279,5.098804155761279,akif,anti_homophones
16405,1,1,0,6,3,-6.901316099277972,6.901316099277972,kylato,anti_homophones
16406,1,14,1,4,1,-4.197738554157329,4.197738554157329,t@dR,anti_homophones
16407,1,5,0,5,2,-4.847856667517141,4.847856667517141,kolaR,anti_homophones
16408,1,3,0,7,3,-6.283237007378556,6.283237007378556,myltyRE,anti_homophones
16409,1,0,0,8,4,-8.362876170128258,8.362876170128258,epuRinER,anti_homophones
16410,1,17,1,3,2,-4.469531545763129,4.469531545763129,odi,anti_homophones
16411,1,0,0,8,4,-8.636253789104334,8.636253789104334,divalog@,anti_homophones
16412,1,0,0,10,4,-8.960649121296266,8.960649121296266,begEmnisj§,anti_homophones
16413,1,0,0,7,3,-5.8954473464659305,5.8954473464659305,@p8@tik,anti_homophones
16414,1,0,0,9,4,-7.445798343023122,7.445798343023122,paRtimyle,anti_homophones
16415,1,0,0,10,4,-11.741200988916614,11.741200988916614,d8odepERam,anti_homophones
16416,1,0,0,9,4,-8.745940595858327,8.745940595858327,amask5tyR,anti_homophones
16417,1,0,0,11,4,-10.01035108827818,10.01035108827818,dRopRivjeji,anti_homophones
16418,1,4,0,5,1,-5.338880159323215,5.338880159323215,dR8it,anti_homophones
16419,1,2,0,5,2,-4.849182543676597,4.849182543676597,k§Zw5,anti_homophones
16420,1,3,0,7,4,-6.985189961506857,6.985189961506857,@kin°m@,anti_homophones
16421,1,0,0,10,4,-9.062873771538719,9.062873771538719,sinEstitif,anti_homophones
16422,1,0,0,6,3,-5.7296102437690415,5.7296102437690415,et5sEk,anti_homophones
16423,1,1,0,6,2,-6.206469356662185,6.206469356662185,R°buRs,anti_homophones
16424,1,1,1,6,3,-5.990557386288031,5.990557386288031,Rafine,anti_homophones
16425,1,11,0,6,3,-4.704114398538345,4.704114398538345,mER°m@,anti_homophones
16426,1,0,0,7,3,-5.746016505656534,5.746016505656534,gRON°Ri,anti_homophones
16427,1,0,0,11,5,-9.582978669421463,9.582978669421463,R°Zis°Rasj§,anti_homophones
16428,1,0,0,12,5,-10.17415124824009,10.17415124824009,tR§pRepEs°m@,anti_homophones
16429,1,5,0,4,2,-4.885537943507849,4.885537943507849,f9jy,anti_homophones
16430,1,0,0,8,3,-6.308070310626168,6.308070310626168,leZipt9R,anti_homophones
16431,1,0,0,9,3,-9.322355088734783,9.322355088734783,RytastRak,anti_homophones
16432,1,0,0,12,6,-15.340767254912452,15.340767254912452,asetoSalOm@s,anti_homophones
16433,1,1,0,7,3,-5.9287654211467045,5.9287654211467045,l5fatik,anti_homophones
16434,1,0,0,12,5,-9.256315533209852,9.256315533209852,R2demedjat9R,anti_homophones
16435,1,0,0,7,3,-5.2644329858332455,5.2644329858332455,m2n8iz@,anti_homophones
16436,1,11,0,5,2,-4.849421660318002,4.849421660318002,asist,anti_homophones
16437,1,0,0,10,5,-11.572644156488302,11.572644156488302,f2kalizem@,anti_homophones
16438,1,0,0,7,2,-6.438467549924493,6.438467549924493,tORkSiR,anti_homophones
16439,1,0,0,10,4,-7.651386800298047,7.651386800298047,kwakeRasj§,anti_homophones
16440,1,0,0,10,4,-8.748767160684405,8.748767160684405,k§fl@bRite,anti_homophones
16441,1,0,0,8,4,-7.55809158654367,7.55809158654367,alSimidi,anti_homophones
16442,1,0,0,15,6,-14.894660630812021,14.894660630812021,myzyRpRodERm°dy,anti_homophones
16443,1,1,0,7,3,-5.281213902879343,5.281213902879343,bukleER,anti_homophones
16444,1,1,0,7,3,-7.0445172962825815,7.0445172962825815,sylis9R,anti_homophones
16445,1,0,0,11,5,-9.471821768773975,9.471821768773975,seletyvenj5,anti_homophones
16446,1,4,0,5,2,-6.483205450618193,6.483205450618193,voRje,anti_homophones
16447,1,1,0,5,2,-4.9873436203557215,4.9873436203557215,niSaZ,anti_homophones
16448,1,0,0,6,2,-6.965388108927128,6.965388108927128,pifizm,anti_homophones
16449,1,3,0,6,2,-5.974903280010533,5.974903280010533,pORn9R,anti_homophones
16450,1,0,0,10,4,-10.483435460435786,10.483435460435786,ERbaRbERme,anti_homophones
16451,1,0,0,8,3,-8.09045774278807,8.09045774278807,makRul@Z,anti_homophones
16452,1,0,0,9,4,-8.885517245939292,8.885517245939292,kafalymid,anti_homophones
16453,1,0,0,8,4,-8.882786392239613,8.882786392239613,deziZene,anti_homophones
16454,1,0,0,11,4,-9.200278480863085,9.200278480863085,vaRjoRadjOm,anti_homophones
16455,1,1,0,6,2,-5.130521387771436,5.130521387771436,bjolOg,anti_homophones
16456,1,1,0,6,3,-6.057801362294806,6.057801362294806,sot°l5,anti_homophones
16457,1,0,0,6,3,-7.788445281834731,7.788445281834731,Zemil@,anti_homophones
16458,1,0,0,5,2,-5.7775786444823325,5.7775786444823325,kuglu,anti_homophones
16459,1,1,0,5,2,-5.782613762573088,5.782613762573088,mig§d,anti_homophones
16460,1,0,0,12,5,-10.198272395984437,10.198272395984437,alteRem@tjER,anti_homophones
16461,1,0,0,7,4,-6.884806150551678,6.884806150551678,onomani,anti_homophones
16462,1,0,0,12,5,-10.420067850761182,10.420067850761182,djagotoRat9R,anti_homophones
16463,1,0,0,13,5,-11.904605355219855,11.904605355219855,bR°desERkotje,anti_homophones
16464,1,1,0,6,2,-5.115387423535866,5.115387423535866,EspjER,anti_homophones
16465,1,0,0,9,4,-8.323118442364992,8.323118442364992,5tRodinaZ,anti_homophones
16466,1,8,0,4,2,-5.232543777132685,5.232543777132685,epaZ,anti_homophones
16467,1,18,0,4,1,-4.631952573743597,4.631952573743597,tRaj,anti_homophones
16468,1,0,0,9,4,-9.58439472331042,9.58439472331042,guRdomine,anti_homophones
16469,1,24,1,3,1,-4.305837496169923,4.305837496169923,byl,anti_homophones
16470,1,0,0,7,3,-5.890535836756524,5.890535836756524,dev°n@s,anti_homophones
16471,1,1,0,6,3,-5.840558180374702,5.840558180374702,5tEste,anti_homophones
16472,1,1,0,8,3,-6.429248250852243,6.429248250852243,k85t@sje,anti_homophones
16473,1,3,0,5,2,-4.762084575610382,4.762084575610382,fetyd,anti_homophones
16474,1,0,0,9,4,-6.609061230258265,6.609061230258265,puRpas°m@,anti_homophones
16475,1,1,0,8,3,-6.167997260390238,6.167997260390238,RadjotaZ,anti_homophones
16476,1,0,0,11,4,-10.497501689602567,10.497501689602567,EktORtoRizm,anti_homophones
16477,1,6,1,3,1,-4.698738877405263,4.698738877405263,luv,anti_homophones
16478,1,4,0,6,2,-4.6629276218685245,4.6629276218685245,bRujaR,anti_homophones
16479,1,0,0,9,3,-7.795304230474438,7.795304230474438,k§sERvOlt,anti_homophones
16480,1,0,0,10,4,-12.642698380175831,12.642698380175831,astRy@kaRb,anti_homophones
16481,1,0,0,6,3,-7.256517851803867,7.256517851803867,ResyRa,anti_homophones
16482,1,0,0,9,4,-8.088631120848413,8.088631120848413,es8isonal,anti_homophones
16483,1,1,0,8,3,-5.562078755546259,5.562078755546259,Opst@sj§,anti_homophones
16484,1,0,0,14,5,-15.819247982103244,15.819247982103244,insEptifRetRaZ,anti_homophones
16485,1,14,0,4,2,-4.614466993982385,4.614466993982385,kazi,anti_homophones
16486,1,9,0,5,1,-4.541502628993742,4.541502628993742,klwaR,anti_homophones
16487,1,3,0,7,3,-5.126271784508475,5.126271784508475,titysj§,anti_homophones
16488,1,0,0,7,3,-6.990155729225426,6.990155729225426,patyRZ§,anti_homophones
16489,1,4,1,4,2,-4.638531928231173,4.638531928231173,gupi,anti_homophones
16490,1,0,0,7,4,-8.755790976471516,8.755790976471516,ibeEnal,anti_homophones
16491,1,0,1,6,3,-5.120440738321797,5.120440738321797,otonaZ,anti_homophones
16492,1,0,0,9,3,-8.057800473494515,8.057800473494515,RiflEktif,anti_homophones
16493,1,17,1,2,1,-4.580587884990689,4.580587884990689,Z§,anti_homophones
16494,1,0,0,9,5,-8.643285466693051,8.643285466693051,evaleabil,anti_homophones
16495,1,3,1,5,2,-5.237076736353575,5.237076736353575,fulbe,anti_homophones
16496,1,6,1,7,3,-5.271612766550794,5.271612766550794,stiv°m@,anti_homophones
16497,1,0,0,10,4,-8.135503734385509,8.135503734385509,kaRsalasj§,anti_homophones
16498,1,1,0,7,3,-6.932366695420899,6.932366695420899,p5tajaZ,anti_homophones
16499,1,14,0,4,2,-5.208754101138554,5.208754101138554,pila,anti_homophones
16500,1,0,0,9,4,-5.93308114523013,5.93308114523013,ZigORZ°m@,anti_homophones
16501,1,0,0,6,2,-6.095662823659214,6.095662823659214,R°lEvR,anti_homophones
16502,1,7,0,5,2,-5.317512929950463,5.317512929950463,fysj§,anti_homophones
16503,1,0,0,8,4,-7.625011496708496,7.625011496708496,fERaZine,anti_homophones
16504,1,0,0,6,3,-6.622018026930383,6.622018026930383,famate,anti_homophones
16505,1,1,0,5,2,-5.082713914775709,5.082713914775709,mylas,anti_homophones
16506,1,0,0,8,3,-6.268971410109295,6.268971410109295,R°vwajaR,anti_homophones
16507,1,9,0,4,1,-5.02697259707304,5.02697259707304,pORn,anti_homophones
16508,1,0,0,10,4,-10.10737990457995,10.10737990457995,sutEjkinj5,anti_homophones
16509,1,0,0,10,4,-10.243918968426291,10.243918968426291,l@palmEnaZ,anti_homophones
16510,1,0,0,6,3,-5.75650724831513,5.75650724831513,adotaZ,anti_homophones
16511,1,0,0,9,3,-7.919377506099044,7.919377506099044,fOsfORnuj,anti_homophones
16512,1,21,0,2,1,-4.570549024108636,4.570549024108636,ZE,anti_homophones
16513,1,0,0,13,5,-9.795176174438405,9.795176174438405,gRafiRminitik,anti_homophones
16514,1,4,0,5,2,-5.027737848706745,5.027737848706745,paR@s,anti_homophones
16515,1,1,0,8,3,-7.592879766709106,7.592879766709106,pRokaRin,anti_homophones
16516,1,0,0,8,3,-9.957297646360624,9.957297646360624,RodepRER,anti_homophones
16517,1,1,0,5,2,-5.429285682493329,5.429285682493329,bos8e,anti_homophones
16518,1,0,0,9,4,-7.707461065077916,7.707461065077916,patoloZaZ,anti_homophones
16519,1,0,0,14,5,-10.960336238215273,10.960336238215273,admistROpjOZEn,anti_homophones
16520,1,2,0,6,3,-6.511392379649449,6.511392379649449,egORni,anti_homophones
16521,1,9,0,5,2,-4.507038638573845,4.507038638573845,ReziR,anti_homophones
16522,1,2,0,6,3,-5.917966996029697,5.917966996029697,d°vije,anti_homophones
16523,1,0,0,10,4,-6.797255141978839,6.797255141978839,dezymanizm,anti_homophones
16524,1,0,0,6,2,-6.045261216334526,6.045261216334526,gRando,anti_homophones
16525,1,1,0,6,3,-6.096297174082527,6.096297174082527,se@sje,anti_homophones
16526,1,0,0,10,5,-8.683363753626637,8.683363753626637,eplikanize,anti_homophones
16527,1,1,0,7,3,-5.753591509727353,5.753591509727353,vol§tje,anti_homophones
16528,1,1,0,9,4,-6.378195560075602,6.378195560075602,detERs°m@,anti_homophones
16529,1,0,0,7,3,-7.700893106608086,7.700893106608086,mason2z,anti_homophones
16530,1,0,0,10,5,-11.067696938728922,11.067696938728922,atl@dodeRe,anti_homophones
16531,1,0,0,7,3,-7.422011242757441,7.422011242757441,adEtabl,anti_homophones
16532,1,1,0,7,3,-6.542422351500513,6.542422351500513,fERmina,anti_homophones
16533,1,1,0,6,2,-5.764089227094532,5.764089227094532,EkstEn,anti_homophones
16534,1,1,0,6,2,-6.734925259586829,6.734925259586829,ROmnj2,anti_homophones
16535,1,3,1,6,2,-5.2876865424431125,5.2876865424431125,R2kabl,anti_homophones
16536,1,1,0,7,2,-8.726846581324875,8.726846581324875,kREnjEz,anti_homophones
16537,1,9,0,5,2,-5.087284017709438,5.087284017709438,kaRp@,anti_homophones
16538,1,0,0,6,2,-6.467927184102797,6.467927184102797,Ryktiv,anti_homophones
16539,1,1,0,7,3,-6.402386231106128,6.402386231106128,kRofile,anti_homophones
16540,1,1,0,6,2,-6.8411062011351875,6.8411062011351875,bRatal,anti_homophones
16541,1,4,0,5,2,-4.97309465679261,4.97309465679261,oRjOm,anti_homophones
16542,1,3,0,5,2,-5.496021073003112,5.496021073003112,man8e,anti_homophones
16543,1,0,0,9,4,-6.70290139429102,6.70290139429102,bEstilite,anti_homophones
16544,1,14,1,3,1,-4.465687878368575,4.465687878368575,k§b,anti_homophones
16545,1,0,0,7,3,-7.721801288931622,7.721801288931622,s5tResi,anti_homophones
16546,1,1,0,8,3,-6.563437194018184,6.563437194018184,pylveR@s,anti_homophones
16547,1,3,0,5,2,-5.7944267306025194,5.7944267306025194,kanis,anti_homophones
16548,1,7,0,3,1,-6.4982184546971435,6.4982184546971435,t2k,anti_homophones
16549,1,0,0,6,3,-6.68752566856561,6.68752566856561,elev@t,anti_homophones
16550,1,21,0,3,1,-4.697323446130787,4.697323446130787,mOk,anti_homophones
16551,1,4,0,5,2,-5.470844802807706,5.470844802807706,minyR,anti_homophones
16552,1,0,0,7,3,-5.768057859841068,5.768057859841068,mudZaid,anti_homophones
16553,1,7,1,5,2,-4.769736118199704,4.769736118199704,f8ite,anti_homophones
16554,1,26,2,4,2,-4.137582841419061,4.137582841419061,Rize,anti_homophones
16555,1,0,0,13,6,-10.536187929702312,10.536187929702312,devol§b°Rozad,anti_homophones
16556,1,0,0,9,4,-6.64064902209324,6.64064902209324,tRipOn°Ri,anti_homophones
16557,1,3,0,7,3,-5.536929136027954,5.536929136027954,@tiRabl,anti_homophones
16558,1,8,0,5,2,-5.582017937634448,5.582017937634448,zaj9R,anti_homophones
16559,1,1,0,5,3,-7.666854127367532,7.666854127367532,aRafy,anti_homophones
16560,1,0,0,10,5,-9.963455017914525,9.963455017914525,5dispaRudu,anti_homophones
16561,1,15,1,5,2,-4.665806587548594,4.665806587548594,tatif,anti_homophones
16562,1,0,0,6,3,-5.2334152305730965,5.2334152305730965,fenoid,anti_homophones
16563,1,3,0,6,2,-5.462285851789809,5.462285851789809,aRdizm,anti_homophones
16564,1,0,0,6,3,-6.556826197206937,6.556826197206937,pikoze,anti_homophones
16565,1,0,0,11,5,-11.01339195004375,11.01339195004375,abaRen§sjER,anti_homophones
16566,1,11,0,5,3,-4.663343124424373,4.663343124424373,@tije,anti_homophones
16567,1,10,1,5,2,-4.648577889488369,4.648577889488369,lwaje,anti_homophones
16568,1,0,0,8,3,-6.911365820749846,6.911365820749846,seksydas,anti_homophones
16569,1,0,0,6,3,-6.7352524416865505,6.7352524416865505,bisidi,anti_homophones
16570,1,21,1,3,1,-4.088099701383787,4.088099701383787,pja,anti_homophones
16571,1,2,0,7,4,-5.603821026517503,5.603821026517503,5k§p@se,anti_homophones
16572,1,2,0,7,3,-5.809330148825959,5.809330148825959,Oksid@s,anti_homophones
16573,1,3,0,5,2,-5.121523546164286,5.121523546164286,kyRj2,anti_homophones
16574,1,0,0,6,3,-7.088168634184233,7.088168634184233,teifOR,anti_homophones
16575,1,0,0,6,3,-6.4488981039544875,6.4488981039544875,ev@tR2,anti_homophones
16576,1,10,0,4,2,-4.786424599579441,4.786424599579441,odik,anti_homophones
16577,1,0,0,10,5,-8.855681694015548,8.855681694015548,domanimete,anti_homophones
16578,1,7,1,4,2,-4.794379482096205,4.794379482096205,5dEl,anti_homophones
16579,1,2,0,5,2,-5.617659518577126,5.617659518577126,laks§,anti_homophones
16580,1,4,2,5,3,-4.22331707230315,4.22331707230315,ev@Ze,anti_homophones
16581,1,0,0,9,4,-6.798739606000796,6.798739606000796,R°kuRt°Ri,anti_homophones
16582,1,0,0,12,5,-9.982889863970668,9.982889863970668,agRoskopeR9R,anti_homophones
16583,1,0,0,9,4,-8.3647359795996,8.3647359795996,anodylZ@s,anti_homophones
16584,1,5,0,5,2,-5.526329976132265,5.526329976132265,fujEt,anti_homophones
16585,1,1,0,6,3,-6.170828524307893,6.170828524307893,amylte,anti_homophones
16586,1,0,0,9,4,-6.484633785731877,6.484633785731877,fEblik°m@,anti_homophones
16587,1,0,0,7,3,-6.88417259267837,6.88417259267837,agRosaR,anti_homophones
16588,1,3,0,4,2,-4.811367278308383,4.811367278308383,5flE,anti_homophones
16589,1,12,0,3,1,-4.709150562548355,4.709150562548355,bwe,anti_homophones
16590,1,5,0,5,2,-4.815964566436487,4.815964566436487,ZERme,anti_homophones
16591,1,1,0,7,3,-7.431858734696569,7.431858734696569,s5pyd9R,anti_homophones
16592,1,7,1,4,2,-4.8593415583136075,4.8593415583136075,bizy,anti_homophones
16593,1,0,0,9,4,-6.710025521459025,6.710025521459025,bRadik°m@,anti_homophones
16594,1,2,0,5,2,-5.612078586907402,5.612078586907402,nazim,anti_homophones
16595,1,0,0,10,4,-9.872574278359346,9.872574278359346,plebORdaZi,anti_homophones
16596,1,5,1,4,1,-4.74769325527314,4.74769325527314,Sj9R,anti_homophones
16597,1,0,0,12,5,-10.333362144410998,10.333362144410998,devoladjolOg,anti_homophones
16598,1,0,0,8,4,-9.397831879348274,9.397831879348274,yRidit@s,anti_homophones
16599,1,5,0,5,2,-5.792197524405034,5.792197524405034,bORda,anti_homophones
16600,1,0,0,7,3,-7.94164587840868,7.94164587840868,pekyst@,anti_homophones
16601,1,2,0,7,2,-7.31094933121012,7.31094933121012,fRwasje,anti_homophones
16602,1,0,0,9,4,-7.955782206622235,7.955782206622235,panonizj§,anti_homophones
16603,1,0,0,8,3,-5.775464508576517,5.775464508576517,pRobjote,anti_homophones
16604,1,0,0,7,3,-6.755623335913593,6.755623335913593,EskRijo,anti_homophones
16605,1,3,0,7,3,-5.397126253631369,5.397126253631369,5paRabl,anti_homophones
16606,1,29,0,3,1,-4.6685535395795315,4.6685535395795315,tat,anti_homophones
16607,1,5,0,6,2,-5.114892448335894,5.114892448335894,sotwaR,anti_homophones
16608,1,0,0,7,3,-6.910054636754451,6.910054636754451,tResid@,anti_homophones
16609,1,2,1,5,2,-4.807273636761303,4.807273636761303,v°n@s,anti_homophones
16610,1,3,0,5,3,-5.909004717870473,5.909004717870473,5pOli,anti_homophones
16611,1,0,0,11,4,-8.311184890257824,8.311184890257824,destRavizj§,anti_homophones
16612,1,0,0,6,2,-7.686596571389037,7.686596571389037,dyksin,anti_homophones
16613,1,0,0,12,5,-8.433715275624683,8.433715275624683,baldOlizasj§,anti_homophones
16614,1,2,0,5,2,-5.670758422440068,5.670758422440068,m@bEl,anti_homophones
16615,1,0,0,8,3,-7.81688696951695,7.81688696951695,kazaRjaZ,anti_homophones
16616,1,0,0,8,3,-7.76565980526964,7.76565980526964,diskRaSo,anti_homophones
16617,1,0,0,7,3,-7.173003442630911,7.173003442630911,mERlati,anti_homophones
16618,1,0,0,9,4,-7.2553353589627285,7.2553353589627285,@tRoses9R,anti_homophones
16619,1,0,0,10,5,-10.150960086628583,10.150960086628583,detam@t°te,anti_homophones
16620,1,4,1,6,2,-5.2695621498003264,5.2695621498003264,SaRdaZ,anti_homophones
16621,1,13,0,3,1,-4.712825802088052,4.712825802088052,pOd,anti_homophones
16622,1,3,0,7,4,-4.783165181713138,4.783165181713138,epid°m@,anti_homophones
16623,1,0,0,7,2,-8.913765430480638,8.913765430480638,sfesj9R,anti_homophones
16624,1,0,0,9,4,-8.831455759166772,8.831455759166772,emastRik5,anti_homophones
16625,1,8,0,6,3,-4.976550832712466,4.976550832712466,sOt°m@,anti_homophones
16626,1,2,0,5,2,-7.507299193877717,7.507299193877717,zozEl,anti_homophones
16627,1,0,0,7,3,-9.255057208315872,9.255057208315872,visibOg,anti_homophones
16628,1,30,1,3,2,-3.74963445425867,3.74963445425867,ana,anti_homophones
16629,1,22,1,3,1,-4.81632594075686,4.81632594075686,aRn,anti_homophones
16630,1,0,0,11,4,-9.056530067645852,9.056530067645852,pRefeR@tibl,anti_homophones
16631,1,0,0,7,3,-10.509374468611728,10.509374468611728,ton§bRi,anti_homophones
16632,1,0,0,7,3,-9.812135245462725,9.812135245462725,dis@d5g,anti_homophones
16633,1,0,0,6,2,-6.094213420524782,6.094213420524782,n§sjER,anti_homophones
16634,1,3,1,5,2,-4.855620696379476,4.855620696379476,povRE,anti_homophones
16635,1,0,0,6,2,-6.194635838601775,6.194635838601775,astypl,anti_homophones
16636,1,0,0,11,6,-11.92551747560231,11.92551747560231,etisividaz5,anti_homophones
16637,1,0,0,7,3,-8.092786240410126,8.092786240410126,bufRuse,anti_homophones
16638,1,0,0,7,3,-6.6660007386501,6.6660007386501,bidon@s,anti_homophones
16639,1,0,0,10,5,-6.699628455089122,6.699628455089122,p§pet2z°m@,anti_homophones
16640,1,7,0,3,1,-4.607115678285303,4.607115678285303,fov,anti_homophones
16641,1,3,0,5,2,-5.762446241066314,5.762446241066314,mekan,anti_homophones
16642,1,0,0,13,5,-11.760927721223215,11.760927721223215,guvERsEltapik,anti_homophones
16643,1,7,1,5,2,-4.815501258755059,4.815501258755059,Res@s,anti_homophones
16644,1,1,0,6,3,-6.555468672708614,6.555468672708614,g°note,anti_homophones
16645,1,1,0,6,3,-5.378628606475881,5.378628606475881,suv°ny,anti_homophones
16646,1,0,0,7,3,-5.785156911398599,5.785156911398599,venykle,anti_homophones
16647,1,1,0,7,3,-6.321746929276199,6.321746929276199,bOksid@,anti_homophones
16648,1,0,0,6,3,-6.879162949399513,6.879162949399513,notika,anti_homophones
16649,1,18,0,4,2,-4.431764256200695,4.431764256200695,t@te,anti_homophones
16650,1,0,0,9,4,-9.600608226686127,9.600608226686127,bakawikEt,anti_homophones
16651,1,7,0,4,2,-5.527236576861485,5.527236576861485,soZi,anti_homophones
16652,1,0,0,7,2,-6.529979320546268,6.529979320546268,fR@sfOn,anti_homophones
16653,1,0,0,10,5,-10.054425110564567,10.054425110564567,@gyldat°m@,anti_homophones
16654,1,0,0,10,4,-9.37013673627381,9.37013673627381,batyRZitaR,anti_homophones
16655,1,2,0,5,3,-5.507011383860687,5.507011383860687,okyl@,anti_homophones
16656,1,0,0,7,3,-8.067443435286672,8.067443435286672,adORmEz,anti_homophones
16657,1,0,0,9,4,-7.165724820229368,7.165724820229368,dekoglije,anti_homophones
16658,1,0,0,6,2,-6.681955310632604,6.681955310632604,fRaRSe,anti_homophones
16659,1,3,0,7,3,-5.864861491619981,5.864861491619981,maRtije,anti_homophones
16660,1,10,1,4,2,-3.98512409618798,3.98512409618798,k§t@,anti_homophones
16661,1,6,0,4,1,-4.254979311965371,4.254979311965371,kROS,anti_homophones
16662,1,10,0,3,1,-4.711572422847587,4.711572422847587,p2l,anti_homophones
16663,1,1,0,6,2,-6.303968628346383,6.303968628346383,fR@kan,anti_homophones
16664,1,1,1,5,2,-3.9783295217493424,3.9783295217493424,bl2m@,anti_homophones
16665,1,0,0,7,3,-5.335896227877076,5.335896227877076,5finist,anti_homophones
16666,1,0,0,7,3,-7.838074979615997,7.838074979615997,t5balun,anti_homophones
16667,1,0,0,8,4,-7.925293436523201,7.925293436523201,paR@tate,anti_homophones
16668,1,0,0,11,5,-9.480121470710529,9.480121470710529,pekimobilik,anti_homophones
16669,1,0,0,7,3,-6.743073645092823,6.743073645092823,leSisaZ,anti_homophones
16670,1,1,0,5,2,-6.331070736297469,6.331070736297469,pROn5,anti_homophones
16671,1,3,1,5,2,-4.936693593108225,4.936693593108225,Rozj§,anti_homophones
16672,1,1,1,6,3,-5.603494965710172,5.603494965710172,2foR9R,anti_homophones
16673,1,1,0,10,4,-7.408681120279382,7.408681120279382,mORkEst°m@,anti_homophones
16674,1,0,0,9,3,-6.408407741265368,6.408407741265368,stRakasj§,anti_homophones
16675,1,12,1,6,2,-4.394412920043948,4.394412920043948,salizm,anti_homophones
16676,1,0,0,6,2,-6.205100962997853,6.205100962997853,kRakje,anti_homophones
16677,1,0,0,13,5,-10.389155791621297,10.389155791621297,dekRonOktoRj§,anti_homophones
16678,1,0,0,10,4,-8.569092594534734,8.569092594534734,elEkstonEl,anti_homophones
16679,1,1,0,7,3,-4.714325022960061,4.714325022960061,R°k9jiR,anti_homophones
16680,1,8,0,4,2,-5.738311526413344,5.738311526413344,opis,anti_homophones
16681,1,0,0,9,4,-7.995850094507814,7.995850094507814,Eskam@taZ,anti_homophones
16682,1,0,0,10,5,-9.58783956616257,9.58783956616257,sedikam@te,anti_homophones
16683,1,2,0,6,2,-5.222971209289174,5.222971209289174,alvabl,anti_homophones
16684,1,10,1,4,2,-4.775976550315498,4.775976550315498,R°du,anti_homophones
16685,1,0,0,9,4,-8.560094180198424,8.560094180198424,tal@tifje,anti_homophones
16686,1,0,0,9,3,-6.945156319129574,6.945156319129574,Eksiklist,anti_homophones
16687,1,1,0,8,4,-5.553432779931031,5.553432779931031,kut2z°m@,anti_homophones
16688,1,0,0,8,4,-8.88772545095147,8.88772545095147,bipoalaR,anti_homophones
16689,1,0,0,6,2,-7.474932438099088,7.474932438099088,doRiks,anti_homophones
16690,1,1,0,8,4,-7.314044875912754,7.314044875912754,neoplano,anti_homophones
16691,1,0,0,8,3,-6.402868740756724,6.402868740756724,disf°z@s,anti_homophones
16692,1,0,0,7,3,-6.7353642026915,6.7353642026915,5kyltiZ,anti_homophones
16693,1,0,0,7,3,-5.844717013010988,5.844717013010988,difeRik,anti_homophones
16694,1,0,0,11,5,-11.631738063305464,11.631738063305464,velOpenymid,anti_homophones
16695,1,5,0,4,2,-5.5007669483475095,5.5007669483475095,efR5,anti_homophones
16696,1,0,0,12,5,-9.623730085243265,9.623730085243265,RunEstoloZik,anti_homophones
16697,1,1,0,5,3,-6.309226631467791,6.309226631467791,pose@,anti_homophones
16698,1,0,1,7,3,-5.550947639130991,5.550947639130991,admiRwa,anti_homophones
16699,1,0,0,9,4,-7.92010915925893,7.92010915925893,R°myalist,anti_homophones
16700,1,0,0,9,4,-9.41614049006661,9.41614049006661,ekOltivid,anti_homophones
16701,1,0,0,11,4,-8.967051425354184,8.967051425354184,5pRimEtREtR,anti_homophones
16702,1,4,0,4,2,-5.855215050952266,5.855215050952266,ERno,anti_homophones
16703,1,0,0,8,3,-8.636597273085208,8.636597273085208,n2tR@sly,anti_homophones
16704,1,1,0,6,3,-5.607688609189983,5.607688609189983,5koRyR,anti_homophones
16705,1,3,0,6,3,-4.6184491848852325,4.6184491848852325,myz°m@,anti_homophones
16706,1,0,0,12,5,-9.749251571811016,9.749251571811016,spRijofik°m@,anti_homophones
16707,1,0,0,7,3,-6.362936791260291,6.362936791260291,abiljaR,anti_homophones
16708,1,0,0,10,4,-10.032423091389077,10.032423091389077,desektak9R,anti_homophones
16709,1,15,1,4,2,-4.283683428817436,4.283683428817436,alEn,anti_homophones
16710,1,1,0,5,3,-6.776333541183218,6.776333541183218,izaik,anti_homophones
16711,1,4,0,5,3,-6.072189055022484,6.072189055022484,afane,anti_homophones
16712,1,0,0,6,2,-5.879398075336395,5.879398075336395,k§bizm,anti_homophones
16713,1,4,0,4,2,-6.587272877954398,6.587272877954398,kuvo,anti_homophones
16714,1,0,0,10,5,-6.444610545929516,6.444610545929516,emonizasj§,anti_homophones
16715,1,0,0,10,4,-8.177655721391758,8.177655721391758,sybzid@s@s,anti_homophones
16716,1,0,0,8,3,-5.824108340959791,5.824108340959791,gRupij9R,anti_homophones
16717,1,1,0,7,3,-5.849404389831349,5.849404389831349,dekapid,anti_homophones
16718,1,0,0,6,3,-5.751713013941138,5.751713013941138,ebluiR,anti_homophones
16719,1,0,0,9,4,-7.481955495694159,7.481955495694159,susjeRite,anti_homophones
16720,1,1,0,5,2,-6.585485383565398,6.585485383565398,ERkiG,anti_homophones
16721,1,4,0,4,1,-4.530560595712429,4.530560595712429,dZ9R,anti_homophones
16722,1,0,0,9,3,-10.319925131864142,10.319925131864142,fERtwaRno,anti_homophones
16723,1,0,0,6,2,-6.518858068564698,6.518858068564698,Z2dipl,anti_homophones
16724,1,0,0,5,2,-6.509566387287871,6.509566387287871,dZ9ne,anti_homophones
16725,1,1,0,6,3,-5.170978500918227,5.170978500918227,sEl°Ri,anti_homophones
16726,1,0,0,5,3,-9.461933211088562,9.461933211088562,okne5,anti_homophones
16727,1,0,0,9,4,-7.7723085725826735,7.7723085725826735,fotogRato,anti_homophones
16728,1,0,0,9,4,-8.488871384127934,8.488871384127934,RepyliZ@s,anti_homophones
16729,1,7,0,4,2,-5.362823558381656,5.362823558381656,RulE,anti_homophones
16730,1,0,0,8,3,-7.429332261463074,7.429332261463074,fRaguNas,anti_homophones
16731,1,5,0,5,2,-5.898103971651455,5.898103971651455,s@tiv,anti_homophones
16732,1,2,0,6,2,-5.883322413177092,5.883322413177092,pakt82,anti_homophones
16733,1,4,1,6,3,-4.626642994187261,4.626642994187261,5t@sj§,anti_homophones
16734,1,7,0,5,2,-6.27743198516357,6.27743198516357,tERti,anti_homophones
16735,1,0,0,12,5,-10.333830026338653,10.333830026338653,5vEstoRjoRiz,anti_homophones
16736,1,0,0,6,2,-6.650069320284585,6.650069320284585,mORdOm,anti_homophones
16737,1,1,0,6,3,-6.43104682775598,6.43104682775598,ynikyl,anti_homophones
16738,1,0,0,8,3,-7.371416649971957,7.371416649971957,g§flakte,anti_homophones
16739,1,1,0,9,4,-6.537327312771078,6.537327312771078,ReklER°m@,anti_homophones
16740,1,2,0,5,2,-6.098102939148698,6.098102939148698,Zim@s,anti_homophones
16741,1,15,0,4,2,-4.669455104653162,4.669455104653162,pet@,anti_homophones
16742,1,4,0,5,2,-5.153740578416317,5.153740578416317,bazin,anti_homophones
16743,1,0,0,6,3,-5.857586595692742,5.857586595692742,iNal9R,anti_homophones
16744,1,0,0,6,2,-6.161587037394955,6.161587037394955,guRdEl,anti_homophones
16745,1,1,0,5,2,-5.212998580938343,5.212998580938343,b°lOt,anti_homophones
16746,1,1,0,7,3,-6.542430844605767,6.542430844605767,RuZwaj2,anti_homophones
16747,1,0,0,6,3,-7.259534661199595,7.259534661199595,lim@do,anti_homophones
16748,1,0,0,8,4,-8.980259116268218,8.980259116268218,esotipyl,anti_homophones
16749,1,12,0,3,1,-4.59947558515942,4.59947558515942,pyp,anti_homophones
16750,1,0,0,7,3,-7.679379289872952,7.679379289872952,Reevalk,anti_homophones
16751,1,2,0,4,2,-6.515252581846467,6.515252581846467,9niR,anti_homophones
16752,1,17,1,4,1,-4.358328423749706,4.358328423749706,k§dR,anti_homophones
16753,1,0,0,11,4,-9.44147410267336,9.44147410267336,sufletafabl,anti_homophones
16754,1,0,0,10,4,-9.961518436475284,9.961518436475284,spatiseROm,anti_homophones
16755,1,0,0,10,5,-8.127126321109984,8.127126321109984,bidulutone,anti_homophones
16756,1,0,0,7,4,-7.834075997604194,7.834075997604194,@tEl°ve,anti_homophones
16757,1,0,0,8,4,-8.832997857277606,8.832997857277606,nymeR@s§,anti_homophones
16758,1,1,0,12,5,-5.747537645317911,5.747537645317911,sosjalizasj§,anti_homophones
16759,1,0,0,12,5,-13.280001326417006,13.280001326417006,obwanobiljas,anti_homophones
16760,1,0,0,11,5,-9.253831681800417,9.253831681800417,@domogRasj§,anti_homophones
16761,1,3,0,8,3,-6.417116344207875,6.417116344207875,pRefasj§,anti_homophones
16762,1,0,0,8,4,-6.223674170472099,6.223674170472099,abORd°Ri,anti_homophones
16763,1,0,0,7,4,-8.56241696261343,8.56241696261343,ymineRo,anti_homophones
16764,1,0,0,10,5,-9.133363543161925,9.133363543161925,sinEs@seRe,anti_homophones
16765,1,9,0,4,2,-5.044977334303833,5.044977334303833,efil,anti_homophones
16766,1,0,0,5,2,-5.918010723291687,5.918010723291687,pROZi,anti_homophones
16767,1,2,0,5,3,-5.641813393535086,5.641813393535086,5sane,anti_homophones
16768,1,0,0,6,2,-7.275402555887839,7.275402555887839,tSal§Z,anti_homophones
16769,1,0,0,8,3,-8.132981839604502,8.132981839604502,n8ij@t9R,anti_homophones
16770,1,17,1,4,2,-3.9572632784642465,3.9572632784642465,siNe,anti_homophones
16771,1,0,1,6,3,-5.657246414459484,5.657246414459484,pap°lE,anti_homophones
16772,1,2,0,7,4,-6.523365316630152,6.523365316630152,alalize,anti_homophones
16773,1,4,1,4,2,-4.7087806061637325,4.7087806061637325,ded5,anti_homophones
16774,1,0,0,8,4,-6.843497735337701,6.843497735337701,5k§pytaZ,anti_homophones
16775,1,1,0,6,2,-5.5498068029349,5.5498068029349,klERZe,anti_homophones
16776,1,4,0,5,2,-5.391867678488551,5.391867678488551,faRik,anti_homophones
16777,1,1,0,5,2,-5.656484146079786,5.656484146079786,simid,anti_homophones
16778,1,0,0,6,3,-7.844956693516012,7.844956693516012,Z9noni,anti_homophones
16779,1,1,0,8,4,-5.894191664451777,5.894191664451777,piRilite,anti_homophones
16780,1,3,0,4,1,-4.939787180165549,4.939787180165549,flEg,anti_homophones
16781,1,0,0,7,3,-7.342654528791154,7.342654528791154,famesaZ,anti_homophones
16782,1,0,0,9,4,-6.983192299689271,6.983192299689271,5pOstatif,anti_homophones
16783,1,9,0,5,2,-5.23065685827171,5.23065685827171,din9R,anti_homophones
16784,1,0,0,9,4,-7.621481937843668,7.621481937843668,R@f§dasj§,anti_homophones
16785,1,4,0,5,2,-4.969970471298267,4.969970471298267,klike,anti_homophones
16786,1,5,1,5,2,-4.85311116985054,4.85311116985054,demje,anti_homophones
16787,1,0,0,7,3,-6.490350769142857,6.490350769142857,videRik,anti_homophones
16788,1,0,0,11,5,-12.052457922631133,12.052457922631133,ibRoskytilo,anti_homophones
16789,1,0,0,6,3,-6.269848048323628,6.269848048323628,pitole,anti_homophones
16790,1,0,0,7,2,-7.02228515033733,7.02228515033733,kRastRe,anti_homophones
16791,1,0,0,10,5,-9.152253680161888,9.152253680161888,gepaRozite,anti_homophones
16792,1,6,0,5,2,-4.698888199755015,4.698888199755015,devje,anti_homophones
16793,1,0,0,8,3,-7.8560724489772875,7.8560724489772875,vOltonEt,anti_homophones
16794,1,1,0,6,3,-5.560171326340977,5.560171326340977,5fEs9R,anti_homophones
16795,1,0,0,6,2,-7.405865122640335,7.405865122640335,tOksj2,anti_homophones
16796,1,2,0,7,3,-5.653221999731829,5.653221999731829,5pasabl,anti_homophones
16797,1,1,0,8,3,-6.834043731604226,6.834043731604226,flijonEl,anti_homophones
16798,1,4,0,6,3,-6.8902203539108084,6.8902203539108084,Sodite,anti_homophones
16799,1,0,0,7,3,-7.584957601846764,7.584957601846764,kRokato,anti_homophones
16800,1,0,0,8,4,-8.080352214488709,8.080352214488709,yltinam@,anti_homophones
16801,1,0,0,11,5,-10.949001045636571,10.949001045636571,ipERkas@dj@,anti_homophones
16802,1,0,0,10,4,-11.841541176689159,11.841541176689159,kaSivwajaZ,anti_homophones
16803,1,0,0,9,4,-9.130773254008899,9.130773254008899,viligotje,anti_homophones
16804,1,0,0,10,4,-7.766341626307204,7.766341626307204,5plistat9R,anti_homophones
16805,1,0,0,8,3,-8.652459040402503,8.652459040402503,fEstatOl,anti_homophones
16806,1,0,0,13,5,-10.933342382586671,10.933342382586671,kakabligRafje,anti_homophones
16807,1,17,1,4,2,-4.380384607796248,4.380384607796248,fuRe,anti_homophones
16808,1,2,0,6,3,-6.098048400414914,6.098048400414914,@tR°p§,anti_homophones
16809,1,8,0,4,2,-5.003399424685702,5.003399424685702,s2m@,anti_homophones
16810,1,0,0,8,3,-7.721820899719844,7.721820899719844,fal@t8ER,anti_homophones
16811,1,0,0,9,4,-8.999637845068662,8.999637845068662,l5fatajiR,anti_homophones
16812,1,5,0,6,3,-4.693857880519888,4.693857880519888,fOl°m@,anti_homophones
16813,1,10,0,5,2,-4.7543872441689725,4.7543872441689725,dRije,anti_homophones
16814,1,0,0,9,4,-8.62376001745933,8.62376001745933,vjERoRize,anti_homophones
16815,1,2,0,5,3,-5.087154850289155,5.087154850289155,beem@,anti_homophones
16816,1,0,0,6,2,-5.833762696429579,5.833762696429579,pR5sEl,anti_homophones
16817,1,0,0,13,4,-10.114958695703441,10.114958695703441,sRypstRijasj§,anti_homophones
16818,1,10,0,3,1,-4.655019437461888,4.655019437461888,gyt,anti_homophones
16819,1,1,0,6,2,-6.572209198110079,6.572209198110079,Ragd5g,anti_homophones
16820,1,0,0,9,4,-8.872921829786925,8.872921829786925,n2Rosedw5,anti_homophones
16821,1,0,0,8,3,-6.231119114147965,6.231119114147965,byfakt9R,anti_homophones
16822,1,0,0,7,3,-6.104130161196535,6.104130161196535,pRep@d@,anti_homophones
16823,1,0,0,7,3,-6.989587384981632,6.989587384981632,t@plik@,anti_homophones
16824,1,0,0,8,4,-7.553583072126756,7.553583072126756,seRat°lE,anti_homophones
16825,1,4,0,7,3,-5.041849011052571,5.041849011052571,p8is°m@,anti_homophones
16826,1,18,1,4,2,-4.304082403877554,4.304082403877554,pene,anti_homophones
16827,1,0,0,7,2,-7.250107277123571,7.250107277123571,kRuskyl,anti_homophones
16828,1,0,0,7,3,-6.4924307459539605,6.4924307459539605,Radjon@,anti_homophones
16829,1,0,0,10,4,-8.750602435904042,8.750602435904042,sinaling9R,anti_homophones
16830,1,2,0,5,2,-6.47062247502945,6.47062247502945,biGj5,anti_homophones
16831,1,0,0,7,3,-7.42906953314306,7.42906953314306,atRakad,anti_homophones
16832,1,7,1,4,2,-5.645829866302111,5.645829866302111,av@d,anti_homophones
16833,1,1,1,8,4,-4.7436219832159,4.7436219832159,myziv°m@,anti_homophones
16834,1,0,0,10,4,-7.033060999183551,7.033060999183551,kaRjeRasj§,anti_homophones
16835,1,0,0,10,4,-8.575623563107511,8.575623563107511,fRusajibil,anti_homophones
16836,1,0,0,9,4,-10.311521470503124,10.311521470503124,OmnjeRili,anti_homophones
16837,1,0,0,11,4,-9.876884466271578,9.876884466271578,misyRvivizm,anti_homophones
16838,1,0,0,11,5,-7.219427622517867,7.219427622517867,Sik°m@tasj§,anti_homophones
16839,1,4,0,5,1,-4.876766259409763,4.876766259409763,tRism,anti_homophones
16840,1,2,0,4,2,-6.7253136626755055,6.7253136626755055,gug§,anti_homophones
16841,1,0,0,6,3,-7.150726410092631,7.150726410092631,ikozEt,anti_homophones
16842,1,0,0,18,5,-18.64066531203557,18.64066531203557,pR9steRj5n2RgRawnd,anti_homophones
16843,1,9,1,4,2,-4.340224154566634,4.340224154566634,inik,anti_homophones
16844,1,16,1,4,2,-4.495819593676325,4.495819593676325,Rame,anti_homophones
16845,1,0,0,9,5,-10.594560637605541,10.594560637605541,aseROtOma,anti_homophones
16846,1,1,0,6,3,-7.33478682558735,7.33478682558735,inegl@,anti_homophones
16847,1,6,0,5,3,-5.293081066040621,5.293081066040621,egale,anti_homophones
16848,1,3,0,7,3,-5.699822663755112,5.699822663755112,fatifje,anti_homophones
16849,1,2,0,6,2,-4.985155077867699,4.985155077867699,pRopOR,anti_homophones
16850,1,39,1,4,2,-4.293874742310742,4.293874742310742,pate,anti_homophones
16851,1,8,0,5,2,-4.891552705635366,4.891552705635366,silj5,anti_homophones
16852,1,10,1,3,1,-4.704188126531243,4.704188126531243,m2l,anti_homophones
16853,1,2,0,5,2,-5.7273651302149515,5.7273651302149515,Rwete,anti_homophones
16854,1,3,0,4,1,-6.2187319544181605,6.2187319544181605,dORf,anti_homophones
16855,1,0,0,8,3,-8.395828283680672,8.395828283680672,panwatEl,anti_homophones
16856,1,3,0,8,3,-4.9068639684079605,4.9068639684079605,psikasj§,anti_homophones
16857,1,3,0,6,3,-5.714157916183344,5.714157916183344,defavo,anti_homophones
16858,1,1,0,5,3,-7.28848591873885,7.28848591873885,aRege,anti_homophones
16859,1,11,0,5,2,-5.007284828396484,5.007284828396484,konje,anti_homophones
16860,1,0,0,8,3,-7.954238066218693,7.954238066218693,sybyRist,anti_homophones
16861,1,0,0,8,3,-6.993733274872339,6.993733274872339,kloSadOR,anti_homophones
16862,1,4,0,5,2,-5.131601593418992,5.131601593418992,k§ble,anti_homophones
16863,1,5,1,4,2,-4.652811609534836,4.652811609534836,kyb5,anti_homophones
16864,1,0,0,8,4,-6.907363619380275,6.907363619380275,efaktive,anti_homophones
16865,1,9,1,5,2,-4.5476973331793005,4.5476973331793005,taj9R,anti_homophones
16866,1,0,0,8,3,-7.921855640155544,7.921855640155544,RekoREsk,anti_homophones
16867,1,3,0,4,2,-4.783473239349651,4.783473239349651,imOm,anti_homophones
16868,1,0,0,8,4,-7.439222000282658,7.439222000282658,falopede,anti_homophones
16869,1,1,0,6,3,-7.557078198981107,7.557078198981107,akal@d,anti_homophones
16870,1,1,0,5,2,-5.466515785691004,5.466515785691004,tRibu,anti_homophones
16871,1,27,1,4,2,-4.273008847086647,4.273008847086647,sole,anti_homophones
16872,1,0,0,9,3,-9.072766108067892,9.072766108067892,vaksiklod,anti_homophones
16873,1,0,0,8,4,-8.161302228339364,8.161302228339364,@tERgym@,anti_homophones
16874,1,3,1,6,3,-5.539047614702096,5.539047614702096,astike,anti_homophones
16875,1,0,0,8,3,-8.207152703851424,8.207152703851424,liptimit,anti_homophones
16876,1,2,0,6,3,-5.575743394813799,5.575743394813799,sim@te,anti_homophones
16877,1,0,0,10,4,-7.330292579423647,7.330292579423647,tRikORd°m@,anti_homophones
16878,1,5,0,5,2,-5.8825437495079616,5.8825437495079616,kamER,anti_homophones
16879,1,1,0,7,3,-6.146622665754573,6.146622665754573,p°lop9R,anti_homophones
16880,1,0,0,6,3,-8.006333119591293,8.006333119591293,otodOp,anti_homophones
16881,1,0,0,7,3,-6.10683302487858,6.10683302487858,bj5seRe,anti_homophones
16882,1,1,0,10,4,-6.67086442583116,6.67086442583116,dezEspesj§,anti_homophones
16883,1,0,0,12,5,-12.426586765952921,12.426586765952921,lezjOnalaRz@,anti_homophones
16884,1,0,0,7,3,-7.098911286083667,7.098911286083667,g§flijo,anti_homophones
16885,1,9,1,4,2,-4.609864283104632,4.609864283104632,akwa,anti_homophones
16886,1,0,1,9,4,-6.234657978235804,6.234657978235804,simizasj§,anti_homophones
16887,1,0,0,10,4,-9.68026413106178,9.68026413106178,R@vwazimyl,anti_homophones
16888,1,0,0,10,4,-11.517732024399157,11.517732024399157,ZametRim9R,anti_homophones
16889,1,4,1,6,3,-4.942594357406454,4.942594357406454,dep@de,anti_homophones
16890,1,3,0,6,2,-5.729820363886691,5.729820363886691,paRsiG,anti_homophones
16891,1,1,0,6,2,-5.0956814075875885,5.0956814075875885,v@t8El,anti_homophones
16892,1,1,0,6,2,-5.786898766121118,5.786898766121118,R°kREj,anti_homophones
16893,1,7,0,5,2,-5.23731034769978,5.23731034769978,debEt,anti_homophones
16894,1,3,0,5,2,-5.782497709679981,5.782497709679981,v5taZ,anti_homophones
16895,1,0,0,7,3,-7.075454983236872,7.075454983236872,taRitEk,anti_homophones
16896,1,6,0,7,3,-5.772234739611212,5.772234739611212,oRatwaR,anti_homophones
16897,1,0,0,7,4,-6.389780736420395,6.389780736420395,epav°m@,anti_homophones
16898,1,0,0,5,2,-5.654407873461094,5.654407873461094,notEs,anti_homophones
16899,1,0,0,8,4,-6.178265841091193,6.178265841091193,kuRaj°m@,anti_homophones
16900,1,0,0,6,3,-7.831252215372182,7.831252215372182,tajas§,anti_homophones
16901,1,0,0,10,5,-9.477230068916803,9.477230068916803,emoRalitij,anti_homophones
16902,1,0,0,9,3,-8.59485451928531,8.59485451928531,stRafinit,anti_homophones
16903,1,9,0,4,1,-4.547361048977013,4.547361048977013,bORd,anti_homophones
16904,1,7,1,6,2,-5.405301048807444,5.405301048807444,paRaks,anti_homophones
16905,1,5,0,6,2,-5.121523376340129,5.121523376340129,tRolOg,anti_homophones
16906,1,0,0,7,3,-6.194206145674596,6.194206145674596,senit9R,anti_homophones
16907,1,6,0,5,2,-5.44094570076394,5.44094570076394,gRani,anti_homophones
16908,1,0,0,13,5,-12.605383506939319,12.605383506939319,kOlt5byglasj§,anti_homophones
16909,1,0,0,7,2,-5.776071379583659,5.776071379583659,djogRaf,anti_homophones
16910,1,0,0,10,5,-10.445732096229596,10.445732096229596,koeRaplane,anti_homophones
16911,1,0,0,9,4,-9.146999788842114,9.146999788842114,pasisatik,anti_homophones
16912,1,6,0,6,2,-5.597073684849937,5.597073684849937,Ravabl,anti_homophones
16913,1,19,1,3,2,-4.038441182098605,4.038441182098605,anE,anti_homophones
16914,1,1,0,5,2,-6.468670717944245,6.468670717944245,Rapuf,anti_homophones
16915,1,0,0,10,4,-8.08581602252174,8.08581602252174,maRkalifik,anti_homophones
16916,1,11,0,4,1,-4.794956369486528,4.794956369486528,syRv,anti_homophones
16917,1,0,0,6,2,-6.15650261976012,6.15650261976012,Esp5gR,anti_homophones
16918,1,0,0,13,4,-12.39321765898653,12.39321765898653,skifEstityRbR,anti_homophones
16919,1,3,0,7,3,-6.21608770505921,6.21608770505921,sekolOg,anti_homophones
16920,1,17,1,4,2,-4.751996555108845,4.751996555108845,dile,anti_homophones
16921,1,1,0,5,3,-5.8212640509465485,5.8212640509465485,@v°li,anti_homophones
16922,1,1,0,8,4,-6.421545874436852,6.421545874436852,k§fORme5,anti_homophones
16923,1,0,0,9,3,-6.90564289939546,6.90564289939546,gRafiRmat,anti_homophones
16924,1,4,1,5,3,-4.603587324833841,4.603587324833841,aS°te,anti_homophones
16925,1,7,1,5,2,-5.560870924002135,5.560870924002135,ovizm,anti_homophones
16926,1,0,0,8,3,-8.049743922397367,8.049743922397367,sEptatis,anti_homophones
16927,1,0,0,11,5,-7.722355776621756,7.722355776621756,s5tysj2z°m@,anti_homophones
16928,1,1,0,6,2,-6.832993993986813,6.832993993986813,pReNaZ,anti_homophones
16929,1,1,0,6,3,-5.5525314225190385,5.5525314225190385,sodoRe,anti_homophones
16930,1,4,0,4,1,-6.166600707065174,6.166600707065174,psSe,anti_homophones
16931,1,1,0,4,2,-5.1707932818914735,5.1707932818914735,5f@Z,anti_homophones
16932,1,1,0,6,3,-5.690061408786095,5.690061408786095,@pl°Ri,anti_homophones
16933,1,0,0,10,4,-9.021932741205548,9.021932741205548,kRes@sovje,anti_homophones
16934,1,1,0,8,3,-6.552819012593583,6.552819012593583,5tERsabl,anti_homophones
16935,1,1,0,4,2,-6.480164629445522,6.480164629445522,ojEd,anti_homophones
16936,1,6,1,4,2,-4.730560230679751,4.730560230679751,epje,anti_homophones
16937,1,0,0,13,5,-13.747206753599837,13.747206753599837,sagnOstmosit@,anti_homophones
16938,1,4,0,5,2,-5.702960893640863,5.702960893640863,tyRik,anti_homophones
16939,1,0,0,9,3,-8.384329482847274,8.384329482847274,EkspRavje,anti_homophones
16940,1,10,0,7,3,-4.627240731886519,4.627240731886519,tRis°m@,anti_homophones
16941,1,0,0,13,5,-14.603130130993488,14.603130130993488,bRadjomotidas,anti_homophones
16942,1,2,0,4,2,-5.324140703722118,5.324140703722118,Egze,anti_homophones
16943,1,0,0,8,4,-7.4621493011067015,7.4621493011067015,k@byliz@,anti_homophones
16944,1,0,0,8,4,-8.783461118487704,8.783461118487704,diasifja,anti_homophones
16945,1,12,0,4,2,-4.865146841437442,4.865146841437442,dose,anti_homophones
16946,1,6,0,4,2,-5.701376076452597,5.701376076452597,lamE,anti_homophones
16947,1,30,1,4,2,-4.324394917755942,4.324394917755942,kone,anti_homophones
16948,1,0,0,10,4,-10.35383156990318,10.35383156990318,delebR2vit,anti_homophones
16949,1,0,0,11,5,-8.076556479080564,8.076556479080564,agReglEv°m@,anti_homophones
16950,1,5,0,3,2,-4.493993764964956,4.493993764964956,efE,anti_homophones
16951,1,4,0,5,2,-5.2792729376903775,5.2792729376903775,p°lyS,anti_homophones
16952,1,0,0,12,5,-10.5647088014349,10.5647088014349,legalOm@sjEn,anti_homophones
16953,1,10,0,4,1,-4.793599819784239,4.793599819784239,skaR,anti_homophones
16954,1,0,0,7,3,-6.416185293063908,6.416185293063908,@bERtik,anti_homophones
16955,1,0,0,8,3,-6.370989415671414,6.370989415671414,dep@sjER,anti_homophones
16956,1,0,0,11,5,-11.392525255113199,11.392525255113199,sapologRana,anti_homophones
16957,1,0,0,8,3,-6.267446722207669,6.267446722207669,aktivizm,anti_homophones
16958,1,10,0,4,2,-4.897594093617061,4.897594093617061,aRp@,anti_homophones
16959,1,16,1,4,2,-4.677789315250992,4.677789315250992,tete,anti_homophones
16960,1,3,0,5,2,-5.945938082013962,5.945938082013962,gORZi,anti_homophones
16961,1,0,0,9,4,-8.544885407202866,8.544885407202866,ak8Ol°taZ,anti_homophones
16962,1,2,0,7,3,-7.235263617907412,7.235263617907412,videRaR,anti_homophones
16963,1,2,0,5,2,-5.578975946598376,5.578975946598376,RapOd,anti_homophones
16964,1,10,0,4,1,-4.577940948918467,4.577940948918467,sERn,anti_homophones
16965,1,3,0,8,4,-5.270779036114705,5.270779036114705,betik°m@,anti_homophones
16966,1,11,0,5,2,-4.656046176203496,4.656046176203496,paRle,anti_homophones
16967,1,0,0,5,2,-6.175147590004532,6.175147590004532,misEn,anti_homophones
16968,1,0,1,6,2,-5.578137925063529,5.578137925063529,dez8El,anti_homophones
16969,1,0,0,9,4,-6.854047207602243,6.854047207602243,mikylasj§,anti_homophones
16970,1,0,0,13,5,-12.060584192083086,12.060584192083086,StaRtinesesj§,anti_homophones
16971,1,12,1,4,2,-4.248668347549502,4.248668347549502,p@d@,anti_homophones
16972,1,4,0,6,2,-4.88428836697999,4.88428836697999,s@tjER,anti_homophones
16973,1,35,1,3,1,-3.931524266789695,3.931524266789695,sit,anti_homophones
16974,1,0,0,10,5,-14.505442366997663,14.505442366997663,otaSeklije,anti_homophones
16975,1,11,0,3,1,-4.6135473629975445,4.6135473629975445,syb,anti_homophones
16976,1,0,0,6,3,-6.032209410022672,6.032209410022672,ev@tin,anti_homophones
16977,1,0,0,8,3,-10.159961645164342,10.159961645164342,mev@djan,anti_homophones
16978,1,2,0,7,3,-5.514450114087818,5.514450114087818,ReaZist,anti_homophones
16979,1,4,1,7,3,-4.61288490905563,4.61288490905563,vERs°m@,anti_homophones
16980,1,0,0,7,4,-5.8723154057825,5.8723154057825,5tEl°Ri,anti_homophones
16981,1,4,0,6,3,-5.37287224520621,5.37287224520621,konomi,anti_homophones
16982,1,0,0,11,5,-10.356411807447845,10.356411807447845,pasikjetive,anti_homophones
16983,1,0,0,6,2,-5.722361957729047,5.722361957729047,tRoEdR,anti_homophones
16984,1,0,0,10,5,-9.032915787034991,9.032915787034991,@fwinefini,anti_homophones
16985,1,0,0,5,2,-5.305290910606478,5.305290910606478,Oks9R,anti_homophones
16986,1,8,0,5,2,-5.2541080448167135,5.2541080448167135,modEn,anti_homophones
16987,1,0,0,12,5,-8.385724495249583,8.385724495249583,pl§bj@tis°m@,anti_homophones
16988,1,1,0,6,2,-6.8674206229479395,6.8674206229479395,tREnat,anti_homophones
16989,1,0,0,7,3,-6.665420501120445,6.665420501120445,EskaREt,anti_homophones
16990,1,4,0,5,3,-5.22857714407734,5.22857714407734,yn°m@,anti_homophones
16991,1,0,0,10,4,-6.664526316813226,6.664526316813226,pERmikasj§,anti_homophones
16992,1,3,0,4,2,-5.424553650097394,5.424553650097394,idwa,anti_homophones
16993,1,0,0,7,2,-5.412713894631984,5.412713894631984,deklabl,anti_homophones
16994,1,0,0,6,2,-7.458344285115856,7.458344285115856,fokypl,anti_homophones
16995,1,8,1,4,1,-4.783533641438398,4.783533641438398,vjEn,anti_homophones
16996,1,14,1,6,3,-4.288892675078829,4.288892675078829,solite,anti_homophones
16997,1,0,0,6,2,-6.3825396710861195,6.3825396710861195,bORd2z,anti_homophones
16998,1,2,0,7,4,-5.798376054317367,5.798376054317367,@sEl°Ri,anti_homophones
16999,1,1,0,4,2,-7.452574239082482,7.452574239082482,saZ2,anti_homophones
17000,1,0,0,8,4,-9.16229499619041,9.16229499619041,navabil5,anti_homophones
17001,1,0,0,7,3,-7.819971648024769,7.819971648024769,RetisaR,anti_homophones
17002,1,1,0,7,2,-6.344249933444461,6.344249933444461,diZEstR,anti_homophones
17003,1,1,0,6,3,-5.586131965407817,5.586131965407817,depyte,anti_homophones
17004,1,2,0,5,2,-5.434884641350279,5.434884641350279,k§fl§,anti_homophones
17005,1,0,0,11,5,-11.708078360443288,11.708078360443288,salizEm°R5g,anti_homophones
17006,1,0,0,10,4,-9.414438311050912,9.414438311050912,dispasjolo,anti_homophones
17007,1,0,0,8,4,-7.848024595987163,7.848024595987163,@sORtise,anti_homophones
17008,1,0,0,9,5,-9.536537294839567,9.536537294839567,ReofaZil@,anti_homophones
17009,1,0,0,11,5,-10.832425760353475,10.832425760353475,EgzenaRamas,anti_homophones
17010,1,9,1,4,2,-3.7708641598064903,3.7708641598064903,S°m@,anti_homophones
17011,1,24,0,3,1,-4.583857867185602,4.583857867185602,kab,anti_homophones
17012,1,0,0,9,4,-8.9610892478041,8.9610892478041,aRs°lonje,anti_homophones
17013,1,14,1,4,1,-4.518568375864461,4.518568375864461,gRin,anti_homophones
17014,1,3,1,4,2,-4.668308226638403,4.668308226638403,k@k@,anti_homophones
17015,1,4,0,4,1,-6.2423118920255085,6.2423118920255085,gEps,anti_homophones
17016,1,0,0,6,3,-8.266623669759442,8.266623669759442,ol@twa,anti_homophones
17017,1,0,0,8,4,-8.062902021121038,8.062902021121038,5gR°naZe,anti_homophones
17018,1,0,0,12,5,-8.761654601944638,8.761654601944638,sERvizasjonE,anti_homophones
17019,1,0,0,8,4,-7.853205707344027,7.853205707344027,mezakupe,anti_homophones
17020,1,0,0,8,4,-9.487724278851875,9.487724278851875,fEt°Roza,anti_homophones
17021,1,24,0,3,1,-4.888784042627207,4.888784042627207,RES,anti_homophones
17022,1,2,0,9,4,-6.098096502663298,6.098096502663298,baRd2z°m@,anti_homophones
17023,1,10,0,4,2,-4.67367283574124,4.67367283574124,avyR,anti_homophones
17024,1,0,0,6,3,-7.951182088163042,7.951182088163042,iRikon,anti_homophones
17025,1,0,0,6,2,-6.520574368438748,6.520574368438748,maRmEd,anti_homophones
17026,1,0,0,12,5,-11.717523347582125,11.717523347582125,pROmavitRoS@,anti_homophones
17027,1,1,0,5,2,-5.524926152440703,5.524926152440703,Eskiz,anti_homophones
17028,1,0,0,12,5,-12.113495608154441,12.113495608154441,R2baRbyRkij2,anti_homophones
17029,1,30,0,4,2,-4.985528723693747,4.985528723693747,Rale,anti_homophones
17030,1,1,0,5,2,-5.101701474473967,5.101701474473967,bidER,anti_homophones
17031,1,4,0,5,2,-5.46387894229402,5.46387894229402,bR§te,anti_homophones
17032,1,2,0,5,2,-5.536582070078465,5.536582070078465,sulin,anti_homophones
17033,1,0,0,9,3,-9.984983493858216,9.984983493858216,bRaktisEk,anti_homophones
17034,1,1,0,6,3,-5.553106549718933,5.553106549718933,puj°Ri,anti_homophones
17035,1,2,0,8,4,-5.6777296401354445,5.6777296401354445,@plik°m@,anti_homophones
17036,1,0,0,10,5,-8.42084547266165,8.42084547266165,vaR5Z@t°m@,anti_homophones
17037,1,6,0,4,1,-6.193972443657342,6.193972443657342,Zins,anti_homophones
17038,1,8,0,5,3,-4.814175060455329,4.814175060455329,5teRe,anti_homophones
17039,1,7,0,4,1,-4.950319051040407,4.950319051040407,pl@d,anti_homophones
17040,1,10,1,6,3,-4.221628470599819,4.221628470599819,m5t°m@,anti_homophones
17041,1,2,0,5,2,-5.364677555826789,5.364677555826789,koRwa,anti_homophones
17042,1,0,0,8,3,-7.498300757734742,7.498300757734742,stikatif,anti_homophones
17043,1,1,0,5,2,-5.052281593105434,5.052281593105434,bizyR,anti_homophones
17044,1,2,0,6,2,-5.700117136033236,5.700117136033236,R@sjEl,anti_homophones
17045,1,0,0,11,5,-8.70774419608144,8.70774419608144,SaRbyRokije,anti_homophones
17046,1,0,0,7,3,-6.632542287760565,6.632542287760565,kaRtomi,anti_homophones
17047,1,0,0,8,3,-8.169452263539831,8.169452263539831,Rez@psje,anti_homophones
17048,1,0,0,9,4,-9.552856687447031,9.552856687447031,futaRboRi,anti_homophones
17049,1,23,1,3,1,-4.97713232392545,4.97713232392545,did,anti_homophones
17050,1,3,0,4,1,-4.537757643345754,4.537757643345754,fwiR,anti_homophones
17051,1,1,0,7,3,-5.806697326822697,5.806697326822697,k§bat9R,anti_homophones
17052,1,3,0,4,2,-5.10980868909346,5.10980868909346,tym2,anti_homophones
17053,1,0,0,8,4,-9.474333646698659,9.474333646698659,tiZElave,anti_homophones
17054,1,0,0,11,4,-8.761257734950465,8.761257734950465,Egz@plwabl2,anti_homophones
17055,1,1,0,9,4,-5.59783400898398,5.59783400898398,dyktiv°m@,anti_homophones
17056,1,2,0,5,2,-6.238613645886181,6.238613645886181,fetyn,anti_homophones
17057,1,0,0,13,5,-11.600000953908598,11.600000953908598,p@plwazeRityd,anti_homophones
17058,1,0,0,10,4,-10.754084173069499,10.754084173069499,R°SaspiRat,anti_homophones
17059,1,0,0,9,3,-6.78778057121313,6.78778057121313,plEktoRja,anti_homophones
17060,1,6,0,4,2,-5.578744847904566,5.578744847904566,inOR,anti_homophones
17061,1,0,0,6,3,-8.038793948491136,8.038793948491136,ipnagu,anti_homophones
17062,1,1,0,6,3,-5.911900336984998,5.911900336984998,baloge,anti_homophones
17063,1,0,0,8,3,-6.041276386804692,6.041276386804692,admonizm,anti_homophones
17064,1,7,0,6,3,-5.469139033509138,5.469139033509138,fyRite,anti_homophones
17065,1,2,0,6,3,-6.309200387916962,6.309200387916962,§bR@le,anti_homophones
17066,1,0,0,11,4,-9.737487427507968,9.737487427507968,konEstRijOl,anti_homophones
17067,1,0,2,5,2,-4.450080138271049,4.450080138271049,nykle,anti_homophones
17068,1,1,0,7,2,-5.524173918824721,5.524173918824721,gRamEtR,anti_homophones
17069,1,0,0,9,4,-8.838047705337736,8.838047705337736,lepidisj§,anti_homophones
17070,1,0,0,6,2,-7.788748478023663,7.788748478023663,glikR§,anti_homophones
17071,1,4,1,6,2,-4.716237440578793,4.716237440578793,tRijER,anti_homophones
17072,1,0,0,12,5,-10.385327044247036,10.385327044247036,kRifORmafOid,anti_homophones
17073,1,2,0,6,2,-4.65794824364774,4.65794824364774,vERtik,anti_homophones
17074,1,1,0,6,2,-4.863594367478375,4.863594367478375,pybliR,anti_homophones
17075,1,1,0,7,3,-5.501947557073806,5.501947557073806,pERp@te,anti_homophones
17076,1,0,0,10,4,-7.8283372389805965,7.8283372389805965,tR@senasj§,anti_homophones
17077,1,0,0,7,3,-6.099115697810265,6.099115697810265,kaRbit@,anti_homophones
17078,1,0,0,11,5,-11.302997112112307,11.302997112112307,t§b°Ravanoz,anti_homophones
17079,1,2,0,6,2,-5.803432427352529,5.803432427352529,tRopaZ,anti_homophones
17080,1,0,0,8,3,-7.91972136999232,7.91972136999232,fRom§kyl,anti_homophones
17081,1,0,0,7,3,-7.480525120361677,7.480525120361677,p@S@tOn,anti_homophones
17082,1,2,1,7,3,-4.980159121557673,4.980159121557673,dilat9R,anti_homophones
17083,1,8,0,4,1,-5.455410804386581,5.455410804386581,kRos,anti_homophones
17084,1,1,0,7,3,-7.39883699859199,7.39883699859199,afENabl,anti_homophones
17085,1,9,0,4,2,-5.134986567378618,5.134986567378618,teli,anti_homophones
17086,1,4,0,7,3,-5.871554513237932,5.871554513237932,dRat°m@,anti_homophones
17087,1,0,0,8,3,-6.902454742483926,6.902454742483926,f§sjat9R,anti_homophones
17088,1,0,0,9,4,-7.893815535688531,7.893815535688531,peRopatik,anti_homophones
17089,1,0,0,9,3,-6.421187875896397,6.421187875896397,syRvERtik,anti_homophones
17090,1,4,1,4,2,-4.507404067526473,4.507404067526473,d°v5,anti_homophones
17091,1,0,0,8,3,-7.459777456068632,7.459777456068632,putSinEt,anti_homophones
17092,1,1,0,6,2,-6.43160352900935,6.43160352900935,pRevj@,anti_homophones
17093,1,0,0,7,3,-6.778088342412618,6.778088342412618,monomEj,anti_homophones
17094,1,0,0,6,3,-6.552032334105288,6.552032334105288,RiSize,anti_homophones
17095,1,1,0,6,3,-5.212854648434274,5.212854648434274,§bR°m@,anti_homophones
17096,1,0,0,8,3,-6.809055875380814,6.809055875380814,gamiljER,anti_homophones
17097,1,0,0,7,3,-6.005379388687085,6.005379388687085,siNitER,anti_homophones
17098,1,4,1,5,2,-4.212703371952313,4.212703371952313,Opsj§,anti_homophones
17099,1,0,0,11,5,-13.330477337320708,13.330477337320708,2nogRatokRa,anti_homophones
17100,1,2,0,8,4,-5.276176595200077,5.276176595200077,komynite,anti_homophones
17101,1,0,0,8,3,-9.415492159267043,9.415492159267043,l2stRoni,anti_homophones
17102,1,4,0,5,2,-5.025673790279862,5.025673790279862,kylte,anti_homophones
17103,1,1,0,7,3,-6.688130945367072,6.688130945367072,gulis9R,anti_homophones
17104,1,1,0,5,2,-5.702480774316453,5.702480774316453,S°nil,anti_homophones
17105,1,0,0,8,4,-10.964376107933965,10.964376107933965,ovask@se,anti_homophones
17106,1,1,0,6,3,-6.5264749278305665,6.5264749278305665,magaj2,anti_homophones
17107,1,5,0,5,2,-5.256862210460609,5.256862210460609,Oksit,anti_homophones
17108,1,3,0,8,4,-4.933276322391372,4.933276322391372,otogRafi,anti_homophones
17109,1,5,0,5,2,-4.770280792011461,4.770280792011461,muj9R,anti_homophones
17110,1,0,0,13,5,-10.818542429670506,10.818542429670506,paladRiREksj§,anti_homophones
17111,1,16,0,4,2,-5.593991169159658,5.593991169159658,aRan,anti_homophones
17112,1,9,0,4,2,-5.369117055422111,5.369117055422111,akRE,anti_homophones
17113,1,8,0,4,2,-5.171273592058206,5.171273592058206,5tR@,anti_homophones
17114,1,0,0,9,4,-7.122689824972182,7.122689824972182,n2tROs°m@,anti_homophones
17115,1,0,0,7,4,-7.87360827574229,7.87360827574229,5vjoleo,anti_homophones
17116,1,2,0,7,3,-6.289577607623982,6.289577607623982,s5kRokE,anti_homophones
17117,1,0,0,10,5,-8.036153430635084,8.036153430635084,suvijEm°m@,anti_homophones
17118,1,2,0,6,2,-5.507905652317959,5.507905652317959,bafl9R,anti_homophones
17119,1,0,1,9,4,-6.900978388632903,6.900978388632903,tak§tR°m@,anti_homophones
17120,1,5,0,6,2,-4.9819556832748875,4.9819556832748875,pRopik,anti_homophones
17121,1,20,0,2,1,-4.581741993047045,4.581741993047045,Em,anti_homophones
17122,1,2,0,6,3,-6.61946021509911,6.61946021509911,d°vale,anti_homophones
17123,1,25,0,5,2,-4.325988024077449,4.325988024077449,Ratik,anti_homophones
17124,1,0,0,9,4,-7.0008849411342835,7.0008849411342835,R°b§djam@,anti_homophones
17125,1,15,0,4,2,-4.278691701435687,4.278691701435687,peR@,anti_homophones
17126,1,1,0,8,3,-7.455371231129198,7.455371231129198,REspERpe,anti_homophones
17127,1,6,0,4,2,-5.348878107600056,5.348878107600056,@dyl,anti_homophones
17128,1,4,1,6,2,-5.154532488024168,5.154532488024168,betwaR,anti_homophones
17129,1,5,0,4,2,-5.8823977520493305,5.8823977520493305,bytE,anti_homophones
17130,1,0,0,6,2,-6.260797585323716,6.260797585323716,s5past,anti_homophones
17131,1,6,0,3,1,-4.895881549568893,4.895881549568893,Zwi,anti_homophones
17132,1,1,0,7,3,-7.056742274048654,7.056742274048654,R@baRbE,anti_homophones
17133,1,0,0,11,5,-10.51790635183612,10.51790635183612,depukuplene,anti_homophones
17134,1,3,0,7,2,-4.731103312842272,4.731103312842272,pRogRaf,anti_homophones
17135,1,2,0,5,2,-6.621199877038549,6.621199877038549,bulaS,anti_homophones
17136,1,26,1,3,1,-4.359515059268766,4.359515059268766,fEl,anti_homophones
17137,1,0,0,15,5,-15.762710704212681,15.762710704212681,Rakl@ptwatRokal,anti_homophones
17138,1,0,0,7,3,-7.056350382589401,7.056350382589401,astRokE,anti_homophones
17139,1,0,0,12,5,-9.030993898797648,9.030993898797648,kRativasjone,anti_homophones
17140,1,5,0,4,2,-5.78295510898937,5.78295510898937,okse,anti_homophones
17141,1,3,0,8,3,-5.472167526868596,5.472167526868596,Rodyksj§,anti_homophones
17142,1,0,0,6,3,-8.278233231557685,8.278233231557685,RupajE,anti_homophones
17143,1,0,0,11,5,-7.8161334306760235,7.8161334306760235,mnezibilite,anti_homophones
17144,1,16,0,4,2,-4.411917699380969,4.411917699380969,filo,anti_homophones
17145,1,3,0,5,2,-6.108339282229441,6.108339282229441,gabil,anti_homophones
17146,1,7,0,4,2,-5.3315565071022535,5.3315565071022535,RiSi,anti_homophones
17147,1,0,0,8,4,-5.739151421360444,5.739151421360444,dek§s°m@,anti_homophones
17148,1,0,0,8,4,-9.474587202522821,9.474587202522821,av@tiRol,anti_homophones
17149,1,0,0,9,4,-8.821824288549093,8.821824288549093,siRabloke,anti_homophones
17150,1,0,0,8,3,-7.839116724275475,7.839116724275475,kanemjOm,anti_homophones
17151,1,0,0,7,3,-6.817228646137675,6.817228646137675,emikRom,anti_homophones
17152,1,0,0,7,3,-8.227167444101417,8.227167444101417,R@bigon,anti_homophones
17153,1,1,0,5,1,-4.865590739513306,4.865590739513306,vwabl,anti_homophones
17154,1,0,0,9,4,-8.814868935156996,8.814868935156996,gRim@tEz2,anti_homophones
17155,1,3,0,4,2,-5.580045349596978,5.580045349596978,tEz2,anti_homophones
17156,1,15,0,5,2,-4.732794742903803,4.732794742903803,palaZ,anti_homophones
17157,1,0,0,12,5,-11.641696128027107,11.641696128027107,n2RopastalEt,anti_homophones
17158,1,2,0,6,2,-5.301691137159684,5.301691137159684,baRbuj,anti_homophones
17159,1,0,0,9,4,-8.643587103370992,8.643587103370992,R@pet@sj5,anti_homophones
17160,1,0,0,12,5,-12.483775704577795,12.483775704577795,depatiRwadit,anti_homophones
17161,1,0,0,9,4,-9.164732803775923,9.164732803775923,f§dateREt,anti_homophones
17162,1,13,0,4,1,-4.38532776597642,4.38532776597642,maks,anti_homophones
17163,1,7,0,4,2,-4.7649093941652145,4.7649093941652145,deSE,anti_homophones
17164,1,0,0,9,4,-8.747211560115218,8.747211560115218,ReZ@betik,anti_homophones
17165,1,0,0,12,5,-9.213386856198074,9.213386856198074,afEktivitRin,anti_homophones
17166,1,0,0,11,4,-12.0046819691023,12.0046819691023,d°balkylt9j,anti_homophones
17167,1,0,0,11,5,-9.516144040611369,9.516144040611369,RetRom@s§Ze,anti_homophones
17168,1,0,0,8,4,-6.365465408246903,6.365465408246903,efilasj§,anti_homophones
17169,1,0,0,8,3,-8.408710829181523,8.408710829181523,tyRbabja,anti_homophones
17170,1,0,0,5,2,-5.926588598922485,5.926588598922485,b§dil,anti_homophones
17171,1,0,0,9,3,-6.699874737096099,6.699874737096099,kRuspesj§,anti_homophones
17172,1,0,0,7,3,-8.216050074253898,8.216050074253898,gidaste,anti_homophones
17173,1,1,1,5,2,-4.909429393514469,4.909429393514469,gudEn,anti_homophones
17174,1,0,0,7,3,-7.8510464330245116,7.8510464330245116,RatyR@s,anti_homophones
17175,1,0,0,7,3,-7.0488306818633815,7.0488306818633815,pagaRne,anti_homophones
17176,1,0,0,10,4,-11.09895458432487,11.09895458432487,fytERfERm§,anti_homophones
17177,1,0,0,7,4,-7.537171285791388,7.537171285791388,@butyRe,anti_homophones
17178,1,0,0,8,3,-7.857342431391583,7.857342431391583,@tERpEtR,anti_homophones
17179,1,0,0,8,3,-7.830223355097199,7.830223355097199,R°vabizm,anti_homophones
17180,1,0,0,6,3,-6.619774240496598,6.619774240496598,am§tRe,anti_homophones
17181,1,4,0,6,3,-6.028774284246786,6.028774284246786,deolOg,anti_homophones
17182,1,0,0,11,5,-8.537822708878439,8.537822708878439,kaRitivizj§,anti_homophones
17183,1,9,0,5,2,-5.0202650209189486,5.0202650209189486,komER,anti_homophones
17184,1,0,0,9,4,-8.26100549254286,8.26100549254286,aRt°n§sj@,anti_homophones
17185,1,0,0,11,5,-8.08234888667619,8.08234888667619,paRpativ°m@,anti_homophones
17186,1,2,0,6,2,-6.551370750126188,6.551370750126188,k§bint,anti_homophones
17187,1,0,0,7,3,-8.860363036863951,8.860363036863951,kuv@soR,anti_homophones
17188,1,0,0,9,4,-8.241722079088655,8.241722079088655,kabRionik,anti_homophones
17189,1,0,1,8,3,-6.006025751435904,6.006025751435904,tR@zyman,anti_homophones
17190,1,2,0,5,2,-4.9211018052449385,4.9211018052449385,koknE,anti_homophones
17191,1,4,0,4,2,-5.706331512732202,5.706331512732202,veto,anti_homophones
17192,1,0,0,8,3,-9.044035504687928,9.044035504687928,EkskORse,anti_homophones
17193,1,0,0,10,4,-9.939941965311766,9.939941965311766,skogloboRe,anti_homophones
17194,1,0,0,11,3,-8.97061731810508,8.97061731810508,EkstRistRER,anti_homophones
17195,1,0,0,10,5,-11.285012945056435,11.285012945056435,bekotagonE,anti_homophones
17196,1,7,0,5,2,-5.0661931496451915,5.0661931496451915,penil,anti_homophones
17197,1,1,0,6,2,-5.095305190821154,5.095305190821154,oblist,anti_homophones
17198,1,4,0,9,4,-5.086457741789081,5.086457741789081,koRizasj§,anti_homophones
17199,1,0,0,7,3,-6.519750927384445,6.519750927384445,R°fyzif,anti_homophones
17200,1,0,0,7,2,-6.485827938677622,6.485827938677622,R°bORdR,anti_homophones
17201,1,1,0,6,3,-6.451505364218228,6.451505364218228,sijete,anti_homophones
17202,1,1,0,4,2,-4.949496046917156,4.949496046917156,SeOl,anti_homophones
17203,1,18,0,4,2,-4.786757882441075,4.786757882441075,mazo,anti_homophones
17204,1,10,0,4,1,-4.781793049408448,4.781793049408448,tRus,anti_homophones
17205,1,0,0,7,3,-6.90513363566201,6.90513363566201,t@dylaR,anti_homophones
17206,1,0,0,6,3,-5.546163890107456,5.546163890107456,OptyEl,anti_homophones
17207,1,0,0,7,2,-6.510706506738269,6.510706506738269,pROpjOt,anti_homophones
17208,1,0,1,8,3,-4.709411375259657,4.709411375259657,tR@zat9R,anti_homophones
17209,1,4,0,5,3,-6.0867405301743345,6.0867405301743345,atoRe,anti_homophones
17210,1,0,0,7,3,-6.7563043577845345,6.7563043577845345,R@koN9R,anti_homophones
17211,1,1,0,7,3,-5.830667620428822,5.830667620428822,nw2z°m@,anti_homophones
17212,1,0,0,8,3,-6.939802309315293,6.939802309315293,RetRon9R,anti_homophones
17213,1,0,0,8,3,-9.259665574956868,9.259665574956868,livERkOl,anti_homophones
17214,1,0,0,11,5,-9.975443002523233,9.975443002523233,defeRylaRit,anti_homophones
17215,1,0,0,7,3,-6.099184116667005,6.099184116667005,k§sEjaZ,anti_homophones
17216,1,1,0,7,2,-6.0525066882307765,6.0525066882307765,kRutabl,anti_homophones
17217,1,0,0,11,5,-7.736345486521272,7.736345486521272,komynoZEkte,anti_homophones
17218,1,1,0,10,4,-6.424154718072706,6.424154718072706,dezEspasj§,anti_homophones
17219,1,5,0,4,1,-5.106168918782522,5.106168918782522,bl9S,anti_homophones
17220,1,0,0,7,3,-7.555757237605023,7.555757237605023,mEjleje,anti_homophones
17221,1,0,0,11,5,-10.187442988512064,10.187442988512064,videoskORbe,anti_homophones
17222,1,7,0,5,2,-4.558843218661034,4.558843218661034,pERso,anti_homophones
17223,1,0,0,7,3,-6.517174251733639,6.517174251733639,dispas@,anti_homophones
17224,1,10,0,4,1,-4.924647571183195,4.924647571183195,pRij,anti_homophones
17225,1,0,0,8,3,-6.948630004426261,6.948630004426261,kOltERne,anti_homophones
17226,1,0,0,10,4,-8.143999351706524,8.143999351706524,tapkaRd°m@,anti_homophones
17227,1,0,0,8,3,-8.789731064292813,8.789731064292813,obERlotR,anti_homophones
17228,1,0,0,7,3,-7.920886448570242,7.920886448570242,bl5n°m@,anti_homophones
17229,1,0,0,8,4,-7.435293253473156,7.435293253473156,5popylte,anti_homophones
17230,1,0,0,11,4,-10.98673382682676,10.98673382682676,EkstoRisjan,anti_homophones
17231,1,0,0,10,4,-8.723321594252472,8.723321594252472,dezavjejad,anti_homophones
17232,1,16,1,4,2,-4.732510797260468,4.732510797260468,maka,anti_homophones
17233,1,22,2,3,1,-4.180287653364259,4.180287653364259,aRm,anti_homophones
17234,1,3,1,6,3,-4.664508878685693,4.664508878685693,filize,anti_homophones
17235,1,5,0,4,2,-5.138288820869588,5.138288820869588,degy,anti_homophones
17236,1,10,0,6,3,-4.97653658233745,4.97653658233745,Sin°m@,anti_homophones
17237,1,21,0,1,1,-4.569850235871518,4.569850235871518,§,anti_homophones
17238,1,1,0,7,3,-7.120721827926958,7.120721827926958,SaR§dEn,anti_homophones
17239,1,0,0,11,5,-8.610532011496723,8.610532011496723,dev°lutonj5,anti_homophones
17240,1,0,0,8,3,-5.8986132880928075,5.8986132880928075,pORtat9R,anti_homophones
17241,1,0,0,6,2,-6.508643957039691,6.508643957039691,baRman,anti_homophones
17242,1,3,0,6,3,-5.316672464496345,5.316672464496345,R°l°m@,anti_homophones
17243,1,0,0,6,3,-7.5474504083763305,7.5474504083763305,RiSOti,anti_homophones
17244,1,23,0,4,2,-4.846338803188702,4.846338803188702,sike,anti_homophones
17245,1,2,0,5,3,-6.533242488322136,6.533242488322136,eRot@,anti_homophones
17246,1,0,0,10,5,-11.404363641239149,11.404363641239149,vetoRipaRe,anti_homophones
17247,1,13,0,4,2,-4.732680213655016,4.732680213655016,maZo,anti_homophones
17248,1,0,0,6,3,-8.656097079580462,8.656097079580462,bol@ti,anti_homophones
17249,1,0,0,11,5,-11.266486289264565,11.266486289264565,puliNotafje,anti_homophones
17250,1,0,0,7,3,-6.517406946330614,6.517406946330614,Sifonal,anti_homophones
17251,1,0,0,12,5,-12.033184322585138,12.033184322585138,anapRijeRj9R,anti_homophones
17252,1,5,1,6,2,-4.514936992635526,4.514936992635526,devwaR,anti_homophones
17253,1,15,0,4,1,-4.748026867781768,4.748026867781768,stil,anti_homophones
17254,1,1,0,8,3,-7.338713072524213,7.338713072524213,deSaRjOl,anti_homophones
17255,1,13,1,3,1,-4.499217666637823,4.499217666637823,nEm,anti_homophones
17256,1,0,0,8,3,-8.459978644210857,8.459978644210857,klyzj§Go,anti_homophones
17257,1,0,0,6,4,-6.711641613422496,6.711641613422496,otoel@,anti_homophones
17258,1,0,0,9,4,-10.059022436255777,10.059022436255777,otRidatyR,anti_homophones
17259,1,1,0,6,3,-6.912023694224715,6.912023694224715,diseRi,anti_homophones
17260,1,1,0,5,2,-6.110194912240764,6.110194912240764,mon2z,anti_homophones
17261,1,2,0,6,3,-5.22882228136795,5.22882228136795,ev@tyR,anti_homophones
17262,1,0,0,5,3,-5.361078362323207,5.361078362323207,epuku,anti_homophones
17263,1,1,0,7,3,-7.501069976376377,7.501069976376377,analitS,anti_homophones
17264,1,7,0,4,2,-5.171393589412665,5.171393589412665,bak@,anti_homophones
17265,1,0,0,7,3,-6.342010106385043,6.342010106385043,notifje,anti_homophones
17266,1,3,0,5,2,-5.983571719858422,5.983571719858422,minj§,anti_homophones
17267,1,0,0,7,3,-7.764248562473971,7.764248562473971,es8isEt,anti_homophones
17268,1,2,0,6,2,-5.452347087200794,5.452347087200794,vERtil,anti_homophones
17269,1,0,0,12,5,-10.817631696917742,10.817631696917742,EksfORmaniti,anti_homophones
17270,1,1,0,8,3,-7.425960232450667,7.425960232450667,slavwaje,anti_homophones
17271,1,0,0,11,4,-9.077162703962882,9.077162703962882,nEkspedit9R,anti_homophones
17272,1,0,0,12,5,-11.839010396760912,11.839010396760912,deblazaZenaZ,anti_homophones
17273,1,0,0,9,4,-9.498499288741641,9.498499288741641,enisfakte,anti_homophones
17274,1,7,0,5,2,-4.889344635020886,4.889344635020886,k@taZ,anti_homophones
17275,1,2,0,6,3,-6.561648394698319,6.561648394698319,afRiko,anti_homophones
17276,1,24,0,3,2,-4.894153354265142,4.894153354265142,@d@,anti_homophones
17277,1,0,0,9,4,-7.6126219098806915,7.6126219098806915,Zenym@tER,anti_homophones
17278,1,0,0,9,4,-8.83295294578754,8.83295294578754,l°vetikER,anti_homophones
17279,1,0,0,8,3,-7.185534586144412,7.185534586144412,bERtynER,anti_homophones
17280,1,0,0,8,4,-7.161129883561932,7.161129883561932,aRoses9R,anti_homophones
17281,1,0,0,6,3,-6.589753516236801,6.589753516236801,dRame5,anti_homophones
17282,1,1,0,6,2,-6.688161541005664,6.688161541005664,mepROS,anti_homophones
17283,1,0,0,8,3,-7.124877269008569,7.124877269008569,apsOmnis,anti_homophones
17284,1,1,0,6,2,-5.583940936993791,5.583940936993791,tRonje,anti_homophones
17285,1,1,0,5,2,-6.820432258706177,6.820432258706177,l5Zja,anti_homophones
17286,1,16,0,3,2,-4.488520984879861,4.488520984879861,adu,anti_homophones
17287,1,4,0,5,2,-5.382158600509723,5.382158600509723,fRoNe,anti_homophones
17288,1,0,0,8,3,-7.053464148306624,7.053464148306624,kuplenER,anti_homophones
17289,1,1,0,6,3,-6.6236227574439726,6.6236227574439726,tOReik,anti_homophones
17290,1,0,0,6,2,-6.620967945117016,6.620967945117016,sekRin,anti_homophones
17291,1,0,0,12,5,-13.148705370569953,13.148705370569953,posOsmozaliz,anti_homophones
17292,1,15,1,6,3,-4.2606802940044215,4.2606802940044215,val°m@,anti_homophones
17293,1,4,0,6,3,-5.428815105318065,5.428815105318065,piRone,anti_homophones
17294,1,11,0,4,2,-4.850853222537558,4.850853222537558,onaZ,anti_homophones
17295,1,26,0,3,1,-4.642527506775897,4.642527506775897,nas,anti_homophones
17296,1,0,0,6,2,-8.137799386947993,8.137799386947993,skafRa,anti_homophones
17297,1,1,0,5,2,-6.523366056364466,6.523366056364466,R2b§b,anti_homophones
17298,1,0,0,8,4,-7.687737673557149,7.687737673557149,imaZindi,anti_homophones
17299,1,0,0,10,4,-9.643699233919182,9.643699233919182,p@baRbot9R,anti_homophones
17300,1,13,1,5,2,-4.242654809677495,4.242654809677495,gRize,anti_homophones
17301,1,0,0,11,4,-7.342220559567594,7.342220559567594,pediksjonEl,anti_homophones
17302,1,1,0,6,3,-7.161306043679452,7.161306043679452,falofe,anti_homophones
17303,1,0,0,5,3,-6.4166995344780515,6.4166995344780515,iRedo,anti_homophones
17304,1,0,0,9,4,-8.178406430599034,8.178406430599034,Eskap°tje,anti_homophones
17305,1,1,0,6,2,-7.590141978240805,7.590141978240805,R8in9R,anti_homophones
17306,1,0,0,7,2,-7.812806409846063,7.812806409846063,ligREnS,anti_homophones
17307,1,0,0,7,2,-6.524964309493242,6.524964309493242,gluglOR,anti_homophones
17308,1,2,0,5,2,-6.436608799114864,6.436608799114864,lilj2,anti_homophones
17309,1,0,0,11,5,-8.95698689098831,8.95698689098831,adadaptasje,anti_homophones
17310,1,0,0,7,3,-7.018929904473545,7.018929904473545,R°plata,anti_homophones
17311,1,17,0,4,2,-4.4752671042997685,4.4752671042997685,peSe,anti_homophones
17312,1,0,0,10,4,-9.997958499682865,9.997958499682865,atmotetizm,anti_homophones
17313,1,1,0,6,2,-5.085445557294363,5.085445557294363,miljal,anti_homophones
17314,1,19,1,4,2,-5.24958686760832,5.24958686760832,RaRe,anti_homophones
17315,1,1,0,9,4,-5.505893769295846,5.505893769295846,misj2z°m@,anti_homophones
17316,1,4,0,6,3,-4.905682507027553,4.905682507027553,benite,anti_homophones
17317,1,0,0,9,4,-7.619227022335495,7.619227022335495,syplijaZe,anti_homophones
17318,1,0,0,5,2,-7.548165165991094,7.548165165991094,ep9pl,anti_homophones
17319,1,0,0,9,5,-9.805237240207946,9.805237240207946,elene@tif,anti_homophones
17320,1,4,0,4,1,-5.74282319436099,5.74282319436099,Zifl,anti_homophones
17321,1,4,0,6,3,-4.909143739286345,4.909143739286345,5pRese,anti_homophones
17322,1,0,0,10,5,-6.961648562317887,6.961648562317887,2fonizat9R,anti_homophones
17323,1,4,0,6,3,-5.480772709640277,5.480772709640277,t@buRe,anti_homophones
17324,1,31,0,3,2,-4.587866343391918,4.587866343391918,aj§,anti_homophones
17325,1,0,0,8,4,-9.376881131441055,9.376881131441055,aRbuRis@,anti_homophones
17326,1,0,0,6,2,-6.350094853724384,6.350094853724384,bREpt@,anti_homophones
17327,1,6,0,6,2,-4.6280472057907165,4.6280472057907165,kaRdje,anti_homophones
17328,1,0,0,10,4,-8.07003826040349,8.07003826040349,anogRadjER,anti_homophones
17329,1,0,0,6,2,-6.2852759213678,6.2852759213678,dERn9R,anti_homophones
17330,1,0,0,7,4,-6.320801754920865,6.320801754920865,ko5sipe,anti_homophones
17331,1,2,0,6,2,-5.112137659576624,5.112137659576624,tuRniR,anti_homophones
17332,1,19,1,3,1,-4.2985860454555,4.2985860454555,akl,anti_homophones
17333,1,5,0,7,3,-4.7130984396945435,4.7130984396945435,dematik,anti_homophones
17334,1,7,0,4,2,-5.917178903642296,5.917178903642296,faky,anti_homophones
17335,1,2,0,5,2,-6.213864123010598,6.213864123010598,p@sEs,anti_homophones
17336,1,0,0,12,5,-11.821837128596961,11.821837128596961,Rakselesek@s,anti_homophones
17337,1,0,0,9,4,-9.160797356910024,9.160797356910024,palastide,anti_homophones
17338,1,0,1,6,2,-5.524660066289615,5.524660066289615,vwajad,anti_homophones
17339,1,15,1,4,1,-4.222908928929767,4.222908928929767,fabl,anti_homophones
17340,1,0,0,6,2,-5.396380612683186,5.396380612683186,OmnjOm,anti_homophones
17341,1,1,0,5,3,-6.129117687442425,6.129117687442425,emit2,anti_homophones
17342,1,1,0,8,4,-6.710372698538192,6.710372698538192,avaRasj§,anti_homophones
17343,1,0,0,11,4,-10.593337949624043,10.593337949624043,bastipotRik,anti_homophones
17344,1,4,0,7,3,-6.197228027234848,6.197228027234848,dabl2m@,anti_homophones
17345,1,5,0,5,2,-5.246769806419158,5.246769806419158,f@daZ,anti_homophones
17346,1,1,0,7,4,-6.799261301927497,6.799261301927497,@baRote,anti_homophones
17347,1,0,0,9,4,-9.162252844453967,9.162252844453967,RatERvati,anti_homophones
17348,1,1,0,6,3,-6.4840021130300025,6.4840021130300025,5pRovE,anti_homophones
17349,1,0,0,12,5,-8.89292349061426,8.89292349061426,akuRtogRat9R,anti_homophones
17350,1,0,0,9,4,-8.264861599456543,8.264861599456543,ev@tR°kal,anti_homophones
17351,1,0,0,10,4,-8.025684453955632,8.025684453955632,pROktoRite,anti_homophones
17352,1,0,0,6,3,-7.316924990668048,7.316924990668048,atORaZ,anti_homophones
17353,1,2,0,6,2,-6.1894316427318525,6.1894316427318525,plazil,anti_homophones
17354,1,8,0,4,2,-4.727869109405321,4.727869109405321,RoNe,anti_homophones
17355,1,0,0,9,5,-9.15488686005073,9.15488686005073,aeRjoRaba,anti_homophones
17356,1,0,0,8,3,-7.130764326290554,7.130764326290554,bOlS°vje,anti_homophones
17357,1,0,0,9,3,-9.501157153023286,9.501157153023286,skaRdifja,anti_homophones
17358,1,14,0,6,3,-4.623812719541407,4.623812719541407,@Rasj§,anti_homophones
17359,1,1,0,5,2,-5.136805532019646,5.136805532019646,gR5p@,anti_homophones
17360,1,0,0,14,5,-15.220607642694887,15.220607642694887,NaNaRdjORpon@s,anti_homophones
17361,1,2,0,6,3,-5.411529305889571,5.411529305889571,def@d@,anti_homophones
17362,1,0,0,8,4,-7.313658138318571,7.313658138318571,idRopati,anti_homophones
17363,1,0,0,12,5,-11.754715699060155,11.754715699060155,EsguRmitotif,anti_homophones
17364,1,0,0,9,4,-9.072852805694797,9.072852805694797,@kosyfist,anti_homophones
17365,1,0,0,9,3,-10.183756606158399,10.183756606158399,fl@betilm,anti_homophones
17366,1,1,0,11,4,-6.816578713384705,6.816578713384705,plEksjOn°m@,anti_homophones
17367,1,0,0,6,2,-6.839807831081255,6.839807831081255,EskOlt,anti_homophones
17368,1,5,0,5,3,-5.1768463666287206,5.1768463666287206,5div@,anti_homophones
17369,1,1,0,6,3,-5.288191017131249,5.288191017131249,kapySe,anti_homophones
17370,1,10,1,5,2,-5.487860673022244,5.487860673022244,pRola,anti_homophones
17371,1,0,0,11,4,-9.935210372835783,9.935210372835783,libRikORsEl,anti_homophones
17372,1,0,0,6,3,-6.102744485369231,6.102744485369231,alizaj,anti_homophones
17373,1,0,0,11,5,-8.698321123672844,8.698321123672844,fajotOksite,anti_homophones
17374,1,1,0,6,2,-5.00520705736545,5.00520705736545,n8at9R,anti_homophones
17375,1,0,0,8,4,-6.778558994369962,6.778558994369962,notEn°m@,anti_homophones
17376,1,0,0,11,3,-7.89018568621746,7.89018568621746,fRakt8ozist,anti_homophones
17377,1,5,0,5,2,-5.926673310491221,5.926673310491221,gRanE,anti_homophones
17378,1,1,0,6,3,-5.1374282979688255,5.1374282979688255,ORZ°Ri,anti_homophones
17379,1,18,1,3,1,-4.73136387037077,4.73136387037077,pOp,anti_homophones
17380,1,0,0,10,5,-10.09628677607737,10.09628677607737,majotamini,anti_homophones
17381,1,3,0,8,3,-5.500205791777171,5.500205791777171,kRwat°m@,anti_homophones
17382,1,2,0,7,2,-5.559274245885822,5.559274245885822,baRdjOm,anti_homophones
17383,1,0,0,11,5,-7.793434948413429,7.793434948413429,tRuvajis°m@,anti_homophones
17384,1,0,0,7,3,-10.232315189952415,10.232315189952415,R°StaRo,anti_homophones
17385,1,12,1,5,2,-4.905675857492067,4.905675857492067,Setik,anti_homophones
17386,1,0,0,6,3,-6.6117173529753055,6.6117173529753055,5pyloz,anti_homophones
17387,1,21,0,4,2,-4.591052883361425,4.591052883361425,bane,anti_homophones
17388,1,3,0,6,2,-5.061093692503634,5.061093692503634,k§stRe,anti_homophones
17389,1,0,0,7,3,-7.90369526944064,7.90369526944064,solinju,anti_homophones
17390,1,0,0,11,4,-9.0541398608364,9.0541398608364,dR9mlEksite,anti_homophones
17391,1,5,1,5,2,-5.4252195069302775,5.4252195069302775,Razif,anti_homophones
17392,1,4,0,6,3,-5.267174149984503,5.267174149984503,bifeR@,anti_homophones
17393,1,0,0,11,4,-10.188116018984775,10.188116018984775,fibRosikloz,anti_homophones
17394,1,0,0,9,3,-9.299808473755222,9.299808473755222,albEnsjal,anti_homophones
17395,1,0,0,9,4,-6.949350136045774,6.949350136045774,zigzalite,anti_homophones
17396,1,4,0,6,2,-5.557647144022444,5.557647144022444,bREd9R,anti_homophones
17397,1,0,0,10,4,-9.559358703664437,9.559358703664437,SORbaRk°m@,anti_homophones
17398,1,0,0,11,5,-11.558619541327408,11.558619541327408,pofaRublijy,anti_homophones
17399,1,17,1,3,1,-4.552781995727299,4.552781995727299,tuS,anti_homophones
17400,1,1,0,6,3,-5.711544057242536,5.711544057242536,k§ZyR§,anti_homophones
17401,1,5,0,5,2,-5.944886793762046,5.944886793762046,plaki,anti_homophones
17402,1,5,0,4,2,-5.4375808306846105,5.4375808306846105,yROm,anti_homophones
17403,1,13,0,6,2,-4.589368797355096,4.589368797355096,Raksj§,anti_homophones
17404,1,2,0,6,2,-5.817283443580422,5.817283443580422,sakRis,anti_homophones
17405,1,1,0,6,3,-6.350588386994852,6.350588386994852,biseR2,anti_homophones
17406,1,11,0,3,1,-5.395045722713206,5.395045722713206,R2t,anti_homophones
17407,1,0,0,13,5,-9.742126558871808,9.742126558871808,R°depRimiljER,anti_homophones
17408,1,1,0,8,3,-6.098770858667995,6.098770858667995,REsjon9R,anti_homophones
17409,1,0,0,8,3,-5.590506362228427,5.590506362228427,dezORsj§,anti_homophones
17410,1,0,0,9,4,-7.687972417034571,7.687972417034571,vid8iz°Ri,anti_homophones
17411,1,2,0,5,2,-4.784961914987983,4.784961914987983,@plwa,anti_homophones
17412,1,0,0,12,5,-14.835735590369694,14.835735590369694,mutoemiRjabl,anti_homophones
17413,1,0,0,7,3,-9.519750854993049,9.519750854993049,aRnOsid,anti_homophones
17414,1,0,0,9,4,-8.895685431464242,8.895685431464242,buvRaZin2,anti_homophones
17415,1,0,0,9,3,-9.246506291903625,9.246506291903625,bastEktRi,anti_homophones
17416,1,1,0,9,4,-5.9059708355947205,5.9059708355947205,basabl°m@,anti_homophones
17417,1,4,0,5,2,-4.817733031792835,4.817733031792835,sEpte,anti_homophones
17418,1,1,1,5,3,-7.080115534707495,7.080115534707495,akleo,anti_homophones
17419,1,1,0,8,4,-6.092728992013028,6.092728992013028,5pROt°m@,anti_homophones
17420,1,1,0,6,2,-6.094096601137797,6.094096601137797,b°nwaz,anti_homophones
17421,1,1,0,6,2,-5.642754399156942,5.642754399156942,gOskOp,anti_homophones
17422,1,0,0,7,3,-6.82335349744612,6.82335349744612,EgzoRam,anti_homophones
17423,1,4,0,5,2,-4.4112638849752095,4.4112638849752095,alZik,anti_homophones
17424,1,37,0,2,1,-4.567984746814789,4.567984746814789,li,anti_homophones
17425,1,0,0,9,4,-7.702604139212221,7.702604139212221,epifikask,anti_homophones
17426,1,8,0,5,2,-4.8155286219796105,4.8155286219796105,maRin,anti_homophones
17427,1,0,0,7,3,-8.704793208252372,8.704793208252372,bl§dem@,anti_homophones
17428,1,1,0,5,3,-5.026626345302387,5.026626345302387,et@Se,anti_homophones
17429,1,0,0,11,4,-8.235510977521884,8.235510977521884,tRof§dRijaZ,anti_homophones
17430,1,0,0,10,4,-9.303724453461935,9.303724453461935,p5salpROte,anti_homophones
17431,1,1,0,7,2,-5.170379882394011,5.170379882394011,k§sjabl,anti_homophones
17432,1,0,0,10,4,-11.095897630374512,11.095897630374512,lamaRtaZit,anti_homophones
17433,1,0,0,8,3,-7.634095634038305,7.634095634038305,5dyRsist,anti_homophones
17434,1,1,0,7,3,-6.250782658845518,6.250782658845518,depR§te,anti_homophones
17435,1,0,0,10,4,-10.812352772491874,10.812352772491874,kaptatRidy,anti_homophones
17436,1,0,0,7,3,-7.332661945025235,7.332661945025235,baskalo,anti_homophones
17437,1,0,0,8,3,-11.146857105634044,11.146857105634044,viz8eR@s,anti_homophones
17438,1,0,0,11,5,-9.164855887144354,9.164855887144354,@pomedjat9R,anti_homophones
17439,1,1,0,5,2,-5.186599064888657,5.186599064888657,R°fil,anti_homophones
17440,1,1,0,5,2,-6.258435756415184,6.258435756415184,medan,anti_homophones
17441,1,0,0,7,3,-5.561760020257117,5.561760020257117,@tisfER,anti_homophones
17442,1,0,0,6,2,-6.728954557431705,6.728954557431705,klodjo,anti_homophones
17443,1,0,0,8,3,-9.652730390924914,9.652730390924914,dwatyRad,anti_homophones
17444,1,0,0,8,3,-7.743557923437443,7.743557923437443,oblijOtl,anti_homophones
17445,1,0,0,7,3,-7.354462824802744,7.354462824802744,glanoSe,anti_homophones
17446,1,3,0,5,2,-5.968700645890056,5.968700645890056,mamin,anti_homophones
17447,1,0,0,10,5,-9.041282968943586,9.041282968943586,kaR@bOline,anti_homophones
17448,1,2,0,4,1,-4.778732589320656,4.778732589320656,povR,anti_homophones
17449,1,1,0,6,2,-6.351642857858475,6.351642857858475,tRifOn,anti_homophones
17450,1,0,0,10,4,-9.137636224325258,9.137636224325258,syRv°linEd,anti_homophones
17451,1,0,0,12,5,-9.126221427778956,9.126221427778956,k§sj@tilat9R,anti_homophones
17452,1,6,1,5,2,-5.537657243892723,5.537657243892723,5stRa,anti_homophones
17453,1,0,0,10,4,-8.41385625284218,8.41385625284218,sORbijoZEn,anti_homophones
17454,1,0,0,7,4,-8.02780102312568,8.02780102312568,eS°Roni,anti_homophones
17455,1,0,0,8,3,-6.515892888602673,6.515892888602673,paRf9jaZ,anti_homophones
17456,1,6,0,4,2,-4.819945807929301,4.819945807929301,Reak,anti_homophones
17457,1,4,0,4,2,-7.012709081941636,7.012709081941636,evj5,anti_homophones
17458,1,2,0,8,3,-5.555618189745321,5.555618189745321,R@buRZwa,anti_homophones
17459,1,4,0,5,2,-5.595820597687619,5.595820597687619,paval,anti_homophones
17460,1,0,0,8,4,-7.967018020501442,7.967018020501442,5pasaZEl,anti_homophones
17461,1,0,0,6,2,-6.783350254242843,6.783350254242843,monifl,anti_homophones
17462,1,1,0,8,3,-8.141966046321643,8.141966046321643,pjatat9R,anti_homophones
17463,1,0,0,8,4,-8.137899361928923,8.137899361928923,koez@b8e,anti_homophones
17464,1,0,0,6,2,-6.634064609642786,6.634064609642786,S@bRyn,anti_homophones
17465,1,0,0,10,4,-9.847467441629057,9.847467441629057,pRoglomeR§,anti_homophones
17466,1,0,0,10,5,-9.950884039238328,9.950884039238328,5kaZolEste,anti_homophones
17467,1,3,0,5,2,-5.021228611479802,5.021228611479802,koREk,anti_homophones
17468,1,0,0,9,3,-7.956723281283333,7.956723281283333,bRismatif,anti_homophones
17469,1,0,0,14,5,-9.967283836874547,9.967283836874547,pRovibOlS°vRaZ,anti_homophones
17470,1,0,0,10,4,-7.190881855425075,7.190881855425075,pReteoRizm,anti_homophones
17471,1,3,0,6,2,-5.729517215356498,5.729517215356498,kaljER,anti_homophones
17472,1,0,0,13,5,-14.596637561737209,14.596637561737209,kRapeR@ZibjOm,anti_homophones
17473,1,0,0,7,3,-6.6044317876033745,6.6044317876033745,likotaZ,anti_homophones
17474,1,21,1,4,2,-4.398871198179669,4.398871198179669,kaze,anti_homophones
17475,1,0,0,10,5,-8.936729279469294,8.936729279469294,memoReynik,anti_homophones
17476,1,0,0,15,5,-12.49150822562304,12.49150822562304,spiREkspeRapjEt,anti_homophones
17477,1,0,0,10,5,-9.577675756681726,9.577675756681726,n2Rolym°le,anti_homophones
17478,1,2,0,6,2,-5.411233656260039,5.411233656260039,gaRnje,anti_homophones
17479,1,0,0,9,3,-8.643788417972306,8.643788417972306,pRoRotwaR,anti_homophones
17480,1,3,0,5,3,-5.779404174305213,5.779404174305213,mile5,anti_homophones
17481,1,2,0,6,3,-5.651161036014725,5.651161036014725,komani,anti_homophones
17482,1,1,0,7,3,-6.45561759183846,6.45561759183846,telebR2,anti_homophones
17483,1,1,0,5,3,-8.104799098900187,8.104799098900187,imeSe,anti_homophones
17484,1,1,0,8,3,-7.788255417101957,7.788255417101957,kalkotiR,anti_homophones
17485,1,2,1,7,3,-5.304711902384747,5.304711902384747,baRbuje,anti_homophones
17486,1,0,0,9,3,-9.13063020647743,9.13063020647743,bwatRimEt,anti_homophones
17487,1,0,0,9,4,-8.33988523642609,8.33988523642609,gRatOsite,anti_homophones
17488,1,1,0,7,2,-5.739254557866059,5.739254557866059,pRizabl,anti_homophones
17489,1,0,0,10,4,-9.308425615351917,9.308425615351917,5pRagwalaZ,anti_homophones
17490,1,0,0,11,5,-8.934506591353854,8.934506591353854,EgzamOplate,anti_homophones
17491,1,0,0,7,2,-6.776754262715476,6.776754262715476,RetRipt,anti_homophones
17492,1,9,0,3,1,-4.902804406612355,4.902804406612355,m2t,anti_homophones
17493,1,5,0,6,2,-5.144566589964419,5.144566589964419,plyzj§,anti_homophones
17494,1,0,0,7,3,-7.14356017896413,7.14356017896413,maRinom,anti_homophones
17495,1,10,1,5,3,-4.520370190678725,4.520370190678725,av°m@,anti_homophones
17496,1,12,1,4,1,-4.268599572949296,4.268599572949296,sjER,anti_homophones
17497,1,8,0,5,2,-5.116945544674715,5.116945544674715,gazEt,anti_homophones
17498,1,13,0,3,1,-4.704496861740119,4.704496861740119,bEg,anti_homophones
17499,1,3,0,7,3,-5.192134709560667,5.192134709560667,fjER°m@,anti_homophones
17500,1,3,0,5,2,-4.8031594418142785,4.8031594418142785,siNas,anti_homophones
17501,1,1,0,5,2,-6.411974137189722,6.411974137189722,RitEk,anti_homophones
17502,1,0,0,10,4,-9.617722427188351,9.617722427188351,5pRuvelivR,anti_homophones
17503,1,9,0,3,1,-5.190251642433284,5.190251642433284,p§Z,anti_homophones
17504,1,1,1,8,3,-6.1912471751144595,6.1912471751144595,matonizm,anti_homophones
17505,1,0,0,10,4,-11.58388003148966,11.58388003148966,aRgRinisEl,anti_homophones
17506,1,0,0,11,4,-9.290542522200655,9.290542522200655,defRotwaj@s,anti_homophones
17507,1,0,0,6,2,-5.8416601352456174,5.8416601352456174,mneziR,anti_homophones
17508,1,0,0,10,5,-7.8390239177169345,7.8390239177169345,aRS@disite,anti_homophones
17509,1,4,0,4,2,-5.029515325409337,5.029515325409337,5v@t,anti_homophones
17510,1,3,0,4,1,-5.565509280222681,5.565509280222681,djOk,anti_homophones
17511,1,4,0,6,2,-5.826990534687076,5.826990534687076,zanizm,anti_homophones
17512,1,4,0,5,2,-5.1324876894166565,5.1324876894166565,tRip@,anti_homophones
17513,1,8,0,5,2,-4.9303977755571875,4.9303977755571875,pReve,anti_homophones
17514,1,0,0,5,2,-5.405064364402784,5.405064364402784,stag§,anti_homophones
17515,1,0,0,6,3,-6.758524487495599,6.758524487495599,Revake,anti_homophones
17516,1,0,0,14,5,-12.333844987060116,12.333844987060116,p8isiploRjatif,anti_homophones
17517,1,6,0,7,4,-4.680681027820685,4.680681027820685,5dik°m@,anti_homophones
17518,1,0,0,9,4,-9.19836337214764,9.19836337214764,ZEsteRano,anti_homophones
17519,1,4,0,5,2,-5.133720983861522,5.133720983861522,Zenit,anti_homophones
17520,1,1,0,7,3,-6.132035405013626,6.132035405013626,RekytaZ,anti_homophones
17521,1,0,0,5,2,-5.212476965869939,5.212476965869939,tuGuz,anti_homophones
17522,1,0,0,11,5,-11.148735623260658,11.148735623260658,syRmyl°mize,anti_homophones
17523,1,0,0,11,4,-12.821174092776417,12.821174092776417,nipR5sykt9R,anti_homophones
17524,1,0,0,12,5,-8.505159269388281,8.505159269388281,ReaZystR8ite,anti_homophones
17525,1,8,0,5,2,-4.586771142777305,4.586771142777305,tR@se,anti_homophones
17526,1,0,0,11,4,-11.2864312436805,11.2864312436805,destidOktiv,anti_homophones
17527,1,0,0,10,4,-10.758841429545962,10.758841429545962,tamiksist5,anti_homophones
17528,1,0,0,13,5,-14.081128155031388,14.081128155031388,systRetReikoz,anti_homophones
17529,1,0,0,6,2,-7.223627659359647,7.223627659359647,sORgON,anti_homophones
17530,1,5,0,4,2,-5.57933648492555,5.57933648492555,k§vy,anti_homophones
17531,1,0,0,11,4,-9.38686476665635,9.38686476665635,kotogRam9bl,anti_homophones
17532,1,0,0,6,3,-7.1298489947901675,7.1298489947901675,p§golo,anti_homophones
17533,1,1,0,6,3,-6.144853991315071,6.144853991315071,ep5gOl,anti_homophones
17534,1,0,0,7,3,-8.018478949444663,8.018478949444663,mutaRgE,anti_homophones
17535,1,0,0,6,2,-6.2349805755040935,6.2349805755040935,k§flEm,anti_homophones
17536,1,19,1,3,1,-3.7542707161756033,3.7542707161756033,sys,anti_homophones
17537,1,0,0,9,4,-6.4009895029302,6.4009895029302,laktilite,anti_homophones
17538,1,13,1,3,1,-4.636907603047971,4.636907603047971,RiG,anti_homophones
17539,1,0,0,6,3,-6.224838067217955,6.224838067217955,R°vini,anti_homophones
17540,1,17,0,4,1,-4.501220626253819,4.501220626253819,plat,anti_homophones
17541,1,14,0,4,2,-4.6328594122508235,4.6328594122508235,kabo,anti_homophones
17542,1,0,0,8,4,-8.642875883360105,8.642875883360105,koteizj§,anti_homophones
17543,1,0,0,6,3,-7.096927718102725,7.096927718102725,fid@ta,anti_homophones
17544,1,1,0,7,3,-7.6137543803066725,7.6137543803066725,EskRaSo,anti_homophones
17545,1,0,0,11,4,-10.29009670345739,10.29009670345739,tRaminisj2z,anti_homophones
17546,1,8,1,4,2,-5.019859769666434,5.019859769666434,etaj,anti_homophones
17547,1,11,0,4,2,-4.653433537710104,4.653433537710104,aZik,anti_homophones
17548,1,0,0,5,2,-6.257133416196397,6.257133416196397,sloka,anti_homophones
17549,1,7,1,6,3,-4.6742810314342815,4.6742810314342815,muS°m@,anti_homophones
17550,1,1,0,5,3,-6.016095853451673,6.016095853451673,av@to,anti_homophones
17551,1,0,0,6,3,-6.954518843222657,6.954518843222657,Zenov@,anti_homophones
17552,1,8,0,5,2,-5.2309912521187245,5.2309912521187245,RamEl,anti_homophones
17553,1,0,0,8,3,-6.713642413096737,6.713642413096737,sputR°m@,anti_homophones
17554,1,3,1,4,2,-4.382712022976765,4.382712022976765,@tuz,anti_homophones
17555,1,0,0,11,4,-11.928042096146589,11.928042096146589,anystRazist,anti_homophones
17556,1,19,0,4,2,-4.979173778221206,4.979173778221206,sane,anti_homophones
17557,1,1,0,7,3,-6.297147530659867,6.297147530659867,guRdiz@,anti_homophones
17558,1,7,1,5,2,-5.165488940086455,5.165488940086455,penin,anti_homophones
17559,1,6,0,5,2,-5.388414368757972,5.388414368757972,deviR,anti_homophones
17560,1,0,0,6,3,-6.828173455032729,6.828173455032729,satEN2,anti_homophones
17561,1,0,0,9,4,-9.16579905420017,9.16579905420017,maRgaREN@,anti_homophones
17562,1,0,0,10,5,-9.189593749911353,9.189593749911353,seleSueval,anti_homophones
17563,1,0,0,9,4,-7.879457827384582,7.879457827384582,des8isone,anti_homophones
17564,1,11,0,4,2,-4.787091853434789,4.787091853434789,edit,anti_homophones
17565,1,10,1,4,3,-4.824632201106937,4.824632201106937,ayRi,anti_homophones
17566,1,0,0,7,3,-8.538835019694536,8.538835019694536,5pl@gin,anti_homophones
17567,1,0,1,8,3,-5.864737616653295,5.864737616653295,defEktyR,anti_homophones
17568,1,0,0,11,5,-10.934313349633348,10.934313349633348,pRikapil°m@,anti_homophones
17569,1,0,0,8,3,-8.100806319322338,8.100806319322338,SaRnavR@,anti_homophones
17570,1,0,0,8,3,-7.513210169848385,7.513210169848385,ReZjatsu,anti_homophones
17571,1,0,0,13,5,-9.596306356554983,9.596306356554983,pl2RaRjoloZik,anti_homophones
17572,1,0,0,8,3,-8.105526432535092,8.105526432535092,bliZinaZ,anti_homophones
17573,1,0,0,5,2,-6.177683115107663,6.177683115107663,akabR,anti_homophones
17574,1,0,0,7,3,-8.941345961417408,8.941345961417408,tokaj2z,anti_homophones
17575,1,1,0,7,3,-5.0797058408296465,5.0797058408296465,pERsone,anti_homophones
17576,1,0,0,9,4,-6.0572126453128785,6.0572126453128785,vomizasj§,anti_homophones
17577,1,0,0,5,2,-5.783762655749529,5.783762655749529,laRz@,anti_homophones
17578,1,0,0,9,3,-6.511557387086056,6.511557387086056,R°gRupist,anti_homophones
17579,1,5,0,4,2,-5.143273163091995,5.143273163091995,akOS,anti_homophones
17580,1,1,0,6,2,-6.382258004769764,6.382258004769764,kRemul,anti_homophones
17581,1,1,0,5,2,-5.834133366015509,5.834133366015509,gibOl,anti_homophones
17582,1,4,1,4,2,-5.071921308676451,5.071921308676451,s°RE,anti_homophones
17583,1,1,0,9,4,-6.589478202974755,6.589478202974755,pRelis°m@,anti_homophones
17584,1,8,0,4,2,-5.208225086581513,5.208225086581513,mas2,anti_homophones
17585,1,0,0,10,4,-8.853674238658021,8.853674238658021,5k§plEsbiR,anti_homophones
17586,1,32,1,4,2,-4.2302275904136275,4.2302275904136275,kape,anti_homophones
17587,1,0,0,8,4,-7.088753595856087,7.088753595856087,epydisj§,anti_homophones
17588,1,0,0,8,3,-6.593763605725161,6.593763605725161,RezynjER,anti_homophones
17589,1,1,0,7,3,-5.662019962876431,5.662019962876431,aZystj§,anti_homophones
17590,1,1,0,6,3,-6.165953993351011,6.165953993351011,R°kul@,anti_homophones
17591,1,2,0,7,2,-5.471506826876889,5.471506826876889,k§tRist,anti_homophones
17592,1,1,0,6,3,-7.4137847130306245,7.4137847130306245,tasiko,anti_homophones
17593,1,4,1,7,3,-5.107715375467879,5.107715375467879,Ostasj§,anti_homophones
17594,1,1,0,6,3,-6.406446661734843,6.406446661734843,asuvl@,anti_homophones
17595,1,0,0,11,4,-9.633978134652462,9.633978134652462,tRuflyvjete,anti_homophones
17596,1,0,0,7,3,-7.127819934193201,7.127819934193201,s°vRoze,anti_homophones
17597,1,2,0,7,3,-5.4400449710416705,5.4400449710416705,@bRujaR,anti_homophones
17598,1,5,0,4,2,-4.932180352618694,4.932180352618694,inoz,anti_homophones
17599,1,4,0,5,2,-6.123915963719098,6.123915963719098,sezit,anti_homophones
17600,1,0,0,8,3,-6.6613412453112275,6.6613412453112275,kaviRZik,anti_homophones
17601,1,0,0,6,2,-6.376797336832169,6.376797336832169,k@tERn,anti_homophones
17602,1,3,0,5,2,-6.61897438891797,6.61897438891797,vazyR,anti_homophones
17603,1,7,0,6,2,-5.816720208488025,5.816720208488025,paRj9R,anti_homophones
17604,1,9,0,6,2,-4.636849198441522,4.636849198441522,pasabl,anti_homophones
17605,1,0,0,7,3,-8.19751769926574,8.19751769926574,diponEt,anti_homophones
17606,1,0,0,7,3,-7.618497259691425,7.618497259691425,k@demEl,anti_homophones
17607,1,9,0,4,2,-5.5023038950614795,5.5023038950614795,avid,anti_homophones
17608,1,0,0,12,5,-13.059694233098025,13.059694233098025,etuRtwamEk9R,anti_homophones
17609,1,0,0,5,2,-5.807812453653972,5.807812453653972,lEsde,anti_homophones
17610,1,5,1,4,2,-4.804922537755807,4.804922537755807,bud5,anti_homophones
17611,1,4,0,5,2,-4.891695672743364,4.891695672743364,pytaZ,anti_homophones
17612,1,2,1,6,3,-5.4513106829089715,5.4513106829089715,mezobe,anti_homophones
17613,1,0,0,8,3,-9.2039592360618,9.2039592360618,mEtResid,anti_homophones
17614,1,1,0,7,3,-6.243619891522432,6.243619891522432,tyneRal,anti_homophones
17615,1,1,0,6,2,-5.294393377452538,5.294393377452538,destal,anti_homophones
17616,1,0,0,7,3,-7.8819820372728975,7.8819820372728975,kasabOs,anti_homophones
17617,1,0,0,13,5,-22.890731062182187,22.890731062182187,k@kRyEkResmak,anti_homophones
17618,1,1,0,7,3,-6.193879411942074,6.193879411942074,sypERty,anti_homophones
17619,1,2,1,7,3,-5.019381291660535,5.019381291660535,logRafi,anti_homophones
17620,1,0,0,6,3,-7.652183777338615,7.652183777338615,p@bini,anti_homophones
17621,1,0,0,11,5,-9.122147888671332,9.122147888671332,sakRotylize,anti_homophones
17622,1,0,0,9,4,-9.016748378873839,9.016748378873839,m§sid@tje,anti_homophones
17623,1,5,0,6,2,-6.581198338220327,6.581198338220327,kababl,anti_homophones
17624,1,1,0,8,4,-6.388932862581745,6.388932862581745,kaboRize,anti_homophones
17625,1,2,0,7,3,-5.741561851638056,5.741561851638056,kiloZik,anti_homophones
17626,1,8,0,5,2,-4.233649628898291,4.233649628898291,deSiR,anti_homophones
17627,1,0,0,9,4,-9.762837985005545,9.762837985005545,tyRab°lEv,anti_homophones
17628,1,18,1,3,2,-4.895005389585249,4.895005389585249,abE,anti_homophones
17629,1,6,0,5,3,-4.808007845198545,4.808007845198545,epuze,anti_homophones
17630,1,0,0,8,3,-9.043986760798198,9.043986760798198,pl2R°vil,anti_homophones
17631,1,2,0,7,3,-5.404556466477426,5.404556466477426,pReveR@,anti_homophones
17632,1,1,0,7,3,-6.374219982638526,6.374219982638526,patERaZ,anti_homophones
17633,1,2,1,5,2,-5.101059848839375,5.101059848839375,kloRi,anti_homophones
17634,1,0,0,12,4,-11.97154844038881,11.97154844038881,k@kwEstjable,anti_homophones
17635,1,0,0,7,2,-6.772100059004138,6.772100059004138,gR@sibl,anti_homophones
17636,1,0,0,9,5,-8.018353285870411,8.018353285870411,epileysif,anti_homophones
17637,1,1,0,7,3,-8.036101986676368,8.036101986676368,Osjat9R,anti_homophones
17638,1,2,1,5,2,-5.325209862223165,5.325209862223165,@fibR,anti_homophones
17639,1,0,0,11,4,-10.219831071285018,10.219831071285018,eklERZwajEt,anti_homophones
17640,1,0,0,7,3,-7.222455468901167,7.222455468901167,RusajEl,anti_homophones
17641,1,6,1,6,3,-5.070429046541229,5.070429046541229,5tERno,anti_homophones
17642,1,9,1,4,2,-4.905511039824995,4.905511039824995,bas§,anti_homophones
17643,1,1,1,6,2,-5.223432115343135,5.223432115343135,sufl9R,anti_homophones
17644,1,10,1,5,2,-4.901834660852619,4.901834660852619,Rysj§,anti_homophones
17645,1,4,1,5,2,-5.795288231960509,5.795288231960509,miRaf,anti_homophones
17646,1,0,0,11,5,-9.106592295454679,9.106592295454679,dekuSaRdone,anti_homophones
17647,1,18,0,4,1,-4.480703817398799,4.480703817398799,matR,anti_homophones
17648,1,0,0,9,3,-10.864428243276667,10.864428243276667,stoRanjaz,anti_homophones
17649,1,0,0,12,4,-15.007994493505254,15.007994493505254,RagOnjORSEvR,anti_homophones
17650,1,27,0,2,1,-4.568939149121525,4.568939149121525,bE,anti_homophones
17651,1,12,0,4,2,-6.341393096194041,6.341393096194041,kulE,anti_homophones
17652,1,11,0,4,1,-4.537300122121183,4.537300122121183,k8it,anti_homophones
17653,1,0,0,11,5,-8.893080047009171,8.893080047009171,sERvol§g°m@,anti_homophones
17654,1,0,0,7,3,-7.19009553195765,7.19009553195765,paseist,anti_homophones
17655,1,0,0,11,5,-11.466309903263845,11.466309903263845,dolaRmakuSe,anti_homophones
17656,1,0,0,6,3,-8.282288498852424,8.282288498852424,ismeni,anti_homophones
17657,1,0,0,12,5,-9.039331299765694,9.039331299765694,pRevenjalize,anti_homophones
17658,1,4,1,5,2,-5.264779585272439,5.264779585272439,5dEks,anti_homophones
17659,1,0,0,6,3,-6.032189033206787,6.032189033206787,ivR°Ri,anti_homophones
17660,1,21,0,3,1,-4.547077503035579,4.547077503035579,REd,anti_homophones
17661,1,0,0,13,5,-11.985080063908253,11.985080063908253,puRs8ivRalym@,anti_homophones
17662,1,0,0,9,4,-7.353945103419157,7.353945103419157,koagynist,anti_homophones
17663,1,6,1,6,2,-4.543523594830816,4.543523594830816,s@ksj§,anti_homophones
17664,1,4,0,5,2,-5.520104051210624,5.520104051210624,snaje,anti_homophones
17665,1,1,0,6,3,-7.264190012123787,7.264190012123787,nologe,anti_homophones
17666,1,0,0,12,4,-11.67799048114608,11.67799048114608,dekEstp§ksj§,anti_homophones
17667,1,0,0,7,3,-5.967568911137152,5.967568911137152,syspije,anti_homophones
17668,1,4,0,5,2,-5.307123788231639,5.307123788231639,plEj§,anti_homophones
17669,1,0,0,8,3,-6.817148996714673,6.817148996714673,algaRd9R,anti_homophones
17670,1,1,0,6,2,-7.005166725918117,7.005166725918117,5tRips,anti_homophones
17671,1,0,0,8,3,-6.8990980977800636,6.8990980977800636,glozitik,anti_homophones
17672,1,3,0,4,1,-5.3248834656407595,5.3248834656407595,bRyZ,anti_homophones
17673,1,3,0,4,1,-4.679677882422272,4.679677882422272,ftiG,anti_homophones
17674,1,5,0,4,2,-5.303452759718947,5.303452759718947,etuf,anti_homophones
17675,1,0,0,8,2,-7.179085986187641,7.179085986187641,gREsbRuj,anti_homophones
17676,1,0,0,9,4,-7.521796863660649,7.521796863660649,5deseksj§,anti_homophones
17677,1,0,0,7,3,-8.101628330422853,8.101628330422853,f2ZenEs,anti_homophones
17678,1,0,0,9,3,-6.186410114580252,6.186410114580252,pRedomEtR,anti_homophones
17679,1,16,0,3,2,-4.928014742075546,4.928014742075546,olo,anti_homophones
17680,1,6,1,5,2,-5.457189287114912,5.457189287114912,kRip§,anti_homophones
17681,1,0,0,6,2,-5.938498807666036,5.938498807666036,k8itif,anti_homophones
17682,1,0,0,6,3,-6.318579121563971,6.318579121563971,algaRe,anti_homophones
17683,1,1,0,6,2,-6.687858993045147,6.687858993045147,spitRe,anti_homophones
17684,1,11,0,5,3,-5.282094056853757,5.282094056853757,emite,anti_homophones
17685,1,15,2,4,2,-4.510658858795315,4.510658858795315,waze,anti_homophones
17686,1,22,0,2,1,-4.569786140217241,4.569786140217241,S@,anti_homophones
17687,1,2,0,6,3,-6.3603847190046086,6.3603847190046086,elist@,anti_homophones
17688,1,0,0,9,3,-8.591468566022263,8.591468566022263,p8istafje,anti_homophones
17689,1,2,0,5,3,-6.66596192638238,6.66596192638238,5kali,anti_homophones
17690,1,0,0,9,4,-6.316039149065784,6.316039149065784,ajsbEs°m@,anti_homophones
17691,1,2,1,8,4,-4.766748233859207,4.766748233859207,bobilite,anti_homophones
17692,1,5,0,7,2,-4.960390497214246,4.960390497214246,metRist,anti_homophones
17693,1,0,0,10,4,-8.229289417888195,8.229289417888195,paRlOk°REl,anti_homophones
17694,1,0,0,9,4,-8.541932730290554,8.541932730290554,pRokolaje,anti_homophones
17695,1,9,1,3,2,-4.750066604768588,4.750066604768588,epu,anti_homophones
17696,1,8,0,4,1,-4.6727551935712786,4.6727551935712786,gROm,anti_homophones
17697,1,3,0,7,3,-7.927792896525119,7.927792896525119,maRp°m@,anti_homophones
17698,1,6,1,4,2,-4.3880284581962,4.3880284581962,k§fi,anti_homophones
17699,1,5,0,6,2,-6.490812673270743,6.490812673270743,bipsj§,anti_homophones
17700,1,0,0,7,3,-6.044204968870038,6.044204968870038,nevRoN§,anti_homophones
17701,1,0,0,7,3,-7.836004530748322,7.836004530748322,5pavlOt,anti_homophones
17702,1,1,0,6,2,-6.248183419674695,6.248183419674695,maRbaZ,anti_homophones
17703,1,3,0,4,2,-6.327684655344738,6.327684655344738,niti,anti_homophones
17704,1,2,0,5,2,-6.4338131846158335,6.4338131846158335,gozif,anti_homophones
17705,1,0,0,8,3,-9.112411312353474,9.112411312353474,Rotizjoz,anti_homophones
17706,1,0,0,8,4,-5.674213164171976,5.674213164171976,yRZik°m@,anti_homophones
17707,1,1,0,5,2,-5.9603597790616085,5.9603597790616085,kymyR,anti_homophones
17708,1,10,0,4,2,-5.198180627388579,5.198180627388579,deva,anti_homophones
17709,1,0,0,6,3,-6.627871762025931,6.627871762025931,Rokij2,anti_homophones
17710,1,3,0,6,3,-6.0316308523040245,6.0316308523040245,ReadaZ,anti_homophones
17711,1,0,0,8,3,-8.226090949431804,8.226090949431804,mORtebal,anti_homophones
17712,1,0,0,9,4,-10.013086831009828,10.013086831009828,dyling9le,anti_homophones
17713,1,0,0,7,2,-5.738691227795106,5.738691227795106,k8izibl,anti_homophones
17714,1,0,0,8,4,-9.107516942208406,9.107516942208406,@filaniR,anti_homophones
17715,1,1,0,7,3,-5.363014842091081,5.363014842091081,deSiRys,anti_homophones
17716,1,3,0,5,2,-6.068634638776741,6.068634638776741,bil@s,anti_homophones
17717,1,0,0,10,4,-9.013973419911794,9.013973419911794,plaktitybe,anti_homophones
17718,1,2,1,5,3,-5.247517277999548,5.247517277999548,iNolE,anti_homophones
17719,1,0,0,10,4,-10.564014579533316,10.564014579533316,popORsij@s,anti_homophones
17720,1,0,0,10,5,-9.647277256947413,9.647277256947413,pasid@sit@,anti_homophones
17721,1,0,0,12,5,-12.669165981061298,12.669165981061298,pn2makoS°lOk,anti_homophones
17722,1,5,1,5,2,-4.770173635533242,4.770173635533242,gaf9R,anti_homophones
17723,1,0,0,9,4,-6.602307713733776,6.602307713733776,solEkt°m@,anti_homophones
17724,1,1,0,8,4,-5.123458495447304,5.123458495447304,idRoloZi,anti_homophones
17725,1,4,0,5,2,-5.242052747957366,5.242052747957366,pERyR,anti_homophones
17726,1,3,0,7,2,-5.367446798816585,5.367446798816585,fORtabl,anti_homophones
17727,1,0,0,9,4,-8.321504734532596,8.321504734532596,neoklORj@,anti_homophones
17728,1,0,0,7,4,-7.035342878184194,7.035342878184194,Re5ZEti,anti_homophones
17729,1,0,0,8,3,-7.276331614488149,7.276331614488149,pResinOl,anti_homophones
17730,1,0,0,9,3,-8.393981810183357,8.393981810183357,sten8asj@,anti_homophones
17731,1,10,0,5,2,-4.802564122659165,4.802564122659165,denje,anti_homophones
17732,1,0,0,7,3,-6.949655216597378,6.949655216597378,komORyR,anti_homophones
17733,1,4,1,7,3,-4.679937612252141,4.679937612252141,@plasj§,anti_homophones
17734,1,0,0,11,4,-8.665355180645191,8.665355180645191,sosjonEktaZ,anti_homophones
17735,1,3,0,4,2,-5.9939794927914924,5.9939794927914924,s°pa,anti_homophones
17736,1,0,0,11,5,-8.589451574183974,8.589451574183974,5dEmnipylat,anti_homophones
17737,1,0,0,10,3,-7.136239668590822,7.136239668590822,tR@skRib8e,anti_homophones
17738,1,5,1,6,3,-5.184267704455954,5.184267704455954,lap°m@,anti_homophones
17739,1,1,0,5,2,-5.7727929004127745,5.7727929004127745,bitaR,anti_homophones
17740,1,4,0,5,2,-5.75526015161722,5.75526015161722,RapaR,anti_homophones
17741,1,0,0,8,3,-7.954655244419003,7.954655244419003,EskRysk5,anti_homophones
17742,1,3,0,5,2,-5.161304118304578,5.161304118304578,k§sja,anti_homophones
17743,1,7,0,5,3,-5.223328531919889,5.223328531919889,edyle,anti_homophones
17744,1,3,0,4,2,-4.83991082914514,4.83991082914514,l§gE,anti_homophones
17745,1,0,0,9,4,-6.9785571815035645,6.9785571815035645,akORdat9R,anti_homophones
17746,1,4,0,6,3,-5.136655551690806,5.136655551690806,Rezone,anti_homophones
17747,1,1,0,8,4,-7.0443803087174315,7.0443803087174315,@kolOZik,anti_homophones
17748,1,0,0,6,2,-6.674169597565538,6.674169597565538,taRjan,anti_homophones
17749,1,0,0,11,4,-9.933241281665692,9.933241281665692,puRpagaRdiR,anti_homophones
17750,1,1,0,8,3,-5.878052415187466,5.878052415187466,paljasj§,anti_homophones
17751,1,0,0,6,3,-6.532473542384167,6.532473542384167,ERgize,anti_homophones
17752,1,6,0,4,2,-5.763650305253421,5.763650305253421,ubla,anti_homophones
17753,1,4,0,6,2,-5.60982151853378,5.60982151853378,pERmje,anti_homophones
17754,1,0,0,5,2,-5.613022135390139,5.613022135390139,fR2di,anti_homophones
17755,1,0,0,8,3,-7.823757223323724,7.823757223323724,ERbERtiR,anti_homophones
17756,1,0,0,9,4,-8.663736851736964,8.663736851736964,nekosjani,anti_homophones
17757,1,0,0,10,4,-6.792665942205566,6.792665942205566,dek§plEd9R,anti_homophones
17758,1,0,0,13,5,-12.274191620973292,12.274191620973292,pRes@tisamufl,anti_homophones
17759,1,6,1,4,2,-5.01467824901566,5.01467824901566,Zip@,anti_homophones
17760,1,1,0,6,2,-5.98619073012021,5.98619073012021,k@fwaR,anti_homophones
17761,1,0,0,14,5,-14.310755439983389,14.310755439983389,pjeZwabl2kozje,anti_homophones
17762,1,0,0,7,3,-8.786004511806777,8.786004511806777,lymwat@,anti_homophones
17763,1,0,0,8,4,-8.029038256660632,8.029038256660632,ipogRaf2,anti_homophones
17764,1,0,0,9,4,-7.308396739454185,7.308396739454185,fenoZ°nEz,anti_homophones
17765,1,0,0,7,3,-6.265917527198163,6.265917527198163,abwajaZ,anti_homophones
17766,1,11,0,3,1,-4.914292763312603,4.914292763312603,p8@,anti_homophones
17767,1,4,0,5,2,-4.534573862660657,4.534573862660657,fym9R,anti_homophones
17768,1,1,0,8,4,-6.719264000782778,6.719264000782778,senedite,anti_homophones
17769,1,1,0,6,2,-5.731336837787718,5.731336837787718,nobliR,anti_homophones
17770,1,1,0,5,2,-5.692749117745831,5.692749117745831,R°nas,anti_homophones
17771,1,0,0,7,3,-7.404830749213429,7.404830749213429,tREtaZe,anti_homophones
17772,1,0,0,10,5,-8.776993308489395,8.776993308489395,tElylik°m@,anti_homophones
17773,1,17,0,5,2,-4.869638211226814,4.869638211226814,kaRaZ,anti_homophones
17774,1,0,0,6,3,-8.653371354627676,8.653371354627676,ilERal,anti_homophones
17775,1,1,0,7,2,-5.112832357046142,5.112832357046142,vERsist,anti_homophones
17776,1,0,0,7,3,-6.439564418346466,6.439564418346466,inEst@s,anti_homophones
17777,1,0,0,10,5,-9.013473467510321,9.013473467510321,abug5vilje,anti_homophones
17778,1,22,1,3,1,-4.472557167605974,4.472557167605974,faz,anti_homophones
17779,1,0,0,6,3,-4.88006656439128,4.88006656439128,Egzybe,anti_homophones
17780,1,0,0,5,2,-5.085225076353313,5.085225076353313,keR9R,anti_homophones
17781,1,5,0,6,3,-6.255648515803966,6.255648515803966,sikate,anti_homophones
17782,1,0,0,10,5,-9.063537726722226,9.063537726722226,kyRem@Z°m@,anti_homophones
17783,1,17,0,3,1,-4.247124337260824,4.247124337260824,gR5,anti_homophones
17784,1,20,1,3,1,-4.627633862536022,4.627633862536022,lEd,anti_homophones
17785,1,0,0,6,2,-7.432879809100548,7.432879809100548,dROn§s,anti_homophones
17786,1,10,0,5,2,-4.492109515337536,4.492109515337536,vERte,anti_homophones
17787,1,1,0,6,2,-6.914726646807175,6.914726646807175,lastiS,anti_homophones
17788,1,0,0,9,4,-10.225455106387162,10.225455106387162,zelagR5S2,anti_homophones
17789,1,0,0,8,4,-7.8457401091152725,7.8457401091152725,Rygalase,anti_homophones
17790,1,0,0,7,3,-6.667902629443253,6.667902629443253,paRak9j,anti_homophones
17791,1,2,0,6,3,-5.754607397361545,5.754607397361545,pylase,anti_homophones
17792,1,3,0,6,2,-5.012174741747288,5.012174741747288,pajd9R,anti_homophones
17793,1,0,0,11,5,-9.915785107168709,9.915785107168709,defikanaSEk,anti_homophones
17794,1,1,0,7,3,-6.094999197240288,6.094999197240288,fokysj§,anti_homophones
17795,1,0,0,8,3,-7.634572147832561,7.634572147832561,n§SalEks,anti_homophones
17796,1,0,0,7,3,-5.759830130424499,5.759830130424499,k§ple@s,anti_homophones
17797,1,14,0,4,1,-4.389177326474867,4.389177326474867,flEt,anti_homophones
17798,1,5,0,6,2,-5.323809514051299,5.323809514051299,gwasj§,anti_homophones
17799,1,0,0,13,5,-13.663777656860194,13.663777656860194,bRikwakadRyp5,anti_homophones
17800,1,1,0,7,3,-6.552905107980268,6.552905107980268,@paktik,anti_homophones
17801,1,3,0,6,3,-5.770499183053282,5.770499183053282,k§poz§,anti_homophones
17802,1,0,0,8,3,-7.439320980928566,7.439320980928566,vjomeRiR,anti_homophones
17803,1,2,0,6,3,-6.363316998534408,6.363316998534408,ekopik,anti_homophones
17804,1,0,0,7,2,-7.738286497187885,7.738286497187885,gRezERv,anti_homophones
17805,1,12,2,3,1,-4.741231388005702,4.741231388005702,wil,anti_homophones
17806,1,0,0,10,3,-8.987963451665568,8.987963451665568,dekRipt9Rf,anti_homophones
17807,1,0,0,7,3,-6.340946639964908,6.340946639964908,asfakte,anti_homophones
17808,1,0,0,11,4,-10.457448214519884,10.457448214519884,fRijadERtif,anti_homophones
17809,1,4,0,6,3,-6.074861176097759,6.074861176097759,komino,anti_homophones
17810,1,0,0,13,5,-13.933574315460106,13.933574315460106,kRalZebORdano,anti_homophones
17811,1,0,0,13,5,-14.571458444849116,14.571458444849116,libdolinwaz9R,anti_homophones
17812,1,0,0,12,5,-9.69775015766603,9.69775015766603,R°ZistibylER,anti_homophones
17813,1,4,1,7,4,-4.897936391057763,4.897936391057763,@kilite,anti_homophones
17814,1,8,1,5,2,-4.615279193487773,4.615279193487773,mylER,anti_homophones
17815,1,1,0,6,2,-6.2883714882025465,6.2883714882025465,s@gloz,anti_homophones
17816,1,6,1,4,2,-4.808969970191387,4.808969970191387,byt@,anti_homophones
17817,1,19,1,6,3,-4.391043691154539,4.391043691154539,kaR°m@,anti_homophones
17818,1,1,1,7,3,-5.433274258384287,5.433274258384287,5tRat9R,anti_homophones
17819,1,1,0,8,3,-5.033846157319369,5.033846157319369,pRovizj§,anti_homophones
17820,1,0,0,8,4,-7.084492873419834,7.084492873419834,bidiv°m@,anti_homophones
17821,1,8,0,4,1,-4.618561087269023,4.618561087269023,kOlt,anti_homophones
17822,1,0,0,8,3,-8.925205179090172,8.925205179090172,degalvaZ,anti_homophones
17823,1,1,0,6,2,-6.5252382380164,6.5252382380164,metR@p,anti_homophones
17824,1,9,0,5,2,-4.749974372943189,4.749974372943189,kRim@,anti_homophones
17825,1,0,0,10,4,-8.238850694867144,8.238850694867144,negaspeRik,anti_homophones
17826,1,2,0,6,2,-5.698289915404912,5.698289915404912,k8itER,anti_homophones
17827,1,0,0,10,4,-6.820923658437257,6.820923658437257,akyltRasj§,anti_homophones
17828,1,11,0,3,2,-4.940288521683301,4.940288521683301,5p§,anti_homophones
17829,1,5,0,6,2,-5.589818637392732,5.589818637392732,syptER,anti_homophones
17830,1,5,1,4,2,-4.906598642728252,4.906598642728252,et@S,anti_homophones
17831,1,11,0,3,1,-4.577124255127063,4.577124255127063,pom,anti_homophones
17832,1,4,0,7,3,-5.416226223987225,5.416226223987225,RogRafi,anti_homophones
17833,1,9,1,3,1,-4.619289353805336,4.619289353805336,boZ,anti_homophones
17834,1,0,0,7,3,-5.934194365104017,5.934194365104017,k§binaZ,anti_homophones
17835,1,0,0,7,3,-8.653451759594828,8.653451759594828,papidZo,anti_homophones
17836,1,1,0,6,2,-5.4837887810002295,5.4837887810002295,k§tREl,anti_homophones
17837,1,1,0,7,3,-6.432234258922933,6.432234258922933,navalj5,anti_homophones
17838,1,10,0,5,1,-5.05495557075986,5.05495557075986,tRakt,anti_homophones
17839,1,8,0,5,2,-5.070661374378658,5.070661374378658,Zelik,anti_homophones
17840,1,0,0,14,5,-10.685549256803768,10.685549256803768,tR@sfORs°R5gOs,anti_homophones
17841,1,0,0,7,3,-5.851776764616611,5.851776764616611,disit9R,anti_homophones
17842,1,0,0,11,5,-10.72666340516571,10.72666340516571,5difiksjOme,anti_homophones
17843,1,0,0,9,4,-8.321681900417127,8.321681900417127,dadaptile,anti_homophones
17844,1,2,0,6,3,-6.4219355614966736,6.4219355614966736,atak9R,anti_homophones
17845,1,0,0,7,4,-6.908205231776771,6.908205231776771,videoko,anti_homophones
17846,1,17,2,4,2,-4.08824302827105,4.08824302827105,sede,anti_homophones
17847,1,18,0,4,1,-4.765930084452795,4.765930084452795,tRat,anti_homophones
17848,1,1,0,8,3,-5.686339937082814,5.686339937082814,fuRvwaje,anti_homophones
17849,1,8,0,4,2,-5.223472460097365,5.223472460097365,Ekso,anti_homophones
17850,1,8,0,5,2,-5.105747864284911,5.105747864284911,banik,anti_homophones
17851,1,7,0,4,1,-5.097031087547661,5.097031087547661,tORd,anti_homophones
17852,1,2,1,5,2,-5.101869246216721,5.101869246216721,odjEn,anti_homophones
17853,1,4,1,7,2,-4.790281174027985,4.790281174027985,pRovizm,anti_homophones
17854,1,0,0,9,3,-6.479835946880491,6.479835946880491,dekuplist,anti_homophones
17855,1,5,1,5,2,-4.680144960862072,4.680144960862072,f5t9R,anti_homophones
17856,1,3,0,4,2,-5.623426565379732,5.623426565379732,f°RE,anti_homophones
17857,1,0,0,13,5,-9.905358955161176,9.905358955161176,RekRasiljasj§,anti_homophones
17858,1,0,0,11,4,-7.882554980779075,7.882554980779075,stRaRSik°m@,anti_homophones
17859,1,1,0,6,3,-5.690411095157556,5.690411095157556,dis°me,anti_homophones
17860,1,9,1,5,2,-4.559080970001863,4.559080970001863,bRoSe,anti_homophones
17861,1,0,0,8,4,-5.671695087860533,5.671695087860533,telev@Ze,anti_homophones
17862,1,0,0,8,3,-6.520158539704722,6.520158539704722,kognasj§,anti_homophones
17863,1,2,0,6,3,-5.567142365792677,5.567142365792677,5dis@s,anti_homophones
17864,1,7,0,3,1,-4.7374264890421065,4.7374264890421065,fEb,anti_homophones
17865,1,0,0,6,3,-5.2807093012000355,5.2807093012000355,myzeOl,anti_homophones
17866,1,11,0,6,3,-4.816301154358482,4.816301154358482,dedite,anti_homophones
17867,1,1,0,5,2,-6.318579983331012,6.318579983331012,d5gOm,anti_homophones
17868,1,0,0,7,3,-7.982772188810926,7.982772188810926,abRosEz,anti_homophones
17869,1,1,0,7,3,-6.146307510235378,6.146307510235378,depoz@Z,anti_homophones
17870,1,1,1,6,3,-6.063543102269506,6.063543102269506,ap°lyS,anti_homophones
17871,1,0,0,9,4,-8.020431323294797,8.020431323294797,k§tR2buRe,anti_homophones
17872,1,5,1,6,3,-4.956052294206835,4.956052294206835,k§t°n@,anti_homophones
17873,1,1,0,5,2,-5.8171313262162485,5.8171313262162485,pjanE,anti_homophones
17874,1,2,0,6,3,-5.255436179130624,5.255436179130624,muv°m@,anti_homophones
17875,1,1,0,5,3,-7.431174144679602,7.431174144679602,opain,anti_homophones
17876,1,0,0,10,4,-8.561073927627941,8.561073927627941,venetRatif,anti_homophones
17877,1,1,0,8,4,-5.756362834996685,5.756362834996685,amidasj§,anti_homophones
17878,1,0,0,9,3,-7.563458863971923,7.563458863971923,k§bystRER,anti_homophones
17879,1,0,0,10,5,-8.860546214799331,8.860546214799331,degakonize,anti_homophones
17880,1,1,0,5,2,-6.647101485474341,6.647101485474341,ORt8e,anti_homophones
17881,1,0,0,10,4,-8.202626027447652,8.202626027447652,kaRoskopik,anti_homophones
17882,1,0,0,7,4,-5.570785420685572,5.570785420685572,et5s°le,anti_homophones
17883,1,7,0,3,1,-4.5504331304495285,4.5504331304495285,RON,anti_homophones
17884,1,14,0,3,1,-5.100751001690292,5.100751001690292,ton,anti_homophones
17885,1,3,0,7,3,-5.986157060201435,5.986157060201435,kivasj§,anti_homophones
17886,1,0,0,7,3,-6.174122738254143,6.174122738254143,R°plazi,anti_homophones
17887,1,18,1,4,2,-4.3870025429113175,4.3870025429113175,kola,anti_homophones
17888,1,0,0,6,3,-6.639662839227109,6.639662839227109,bezil2,anti_homophones
17889,1,3,1,7,4,-4.842914579026774,4.842914579026774,2R2z°m@,anti_homophones
17890,1,7,0,5,2,-5.050931708070671,5.050931708070671,mazEt,anti_homophones
17891,1,0,0,8,3,-7.1618349176493785,7.1618349176493785,spEktibi,anti_homophones
17892,1,16,0,4,2,-4.803229136500325,4.803229136500325,m@d@,anti_homophones
17893,1,2,0,5,2,-5.96052951427916,5.96052951427916,foniG,anti_homophones
17894,1,7,0,3,2,-4.73371715021391,4.73371715021391,ob5,anti_homophones
17895,1,0,0,11,5,-9.671563676758586,9.671563676758586,sfemyluz°m@,anti_homophones
17896,1,0,0,11,5,-11.364237986596077,11.364237986596077,kwaRekip°Ro,anti_homophones
17897,1,0,0,11,5,-9.957329265978364,9.957329265978364,k§tRok@tis@,anti_homophones
17898,1,4,0,6,3,-5.077397507491255,5.077397507491255,pak°te,anti_homophones
17899,1,1,0,6,3,-6.108412373663436,6.108412373663436,alysin,anti_homophones
17900,1,0,0,10,4,-8.856718409891213,8.856718409891213,sadoRitwaR,anti_homophones
17901,1,4,0,7,3,-5.293548505774625,5.293548505774625,fORmine,anti_homophones
17902,1,0,0,5,3,-5.099929265685391,5.099929265685391,anoid,anti_homophones
17903,1,0,0,5,2,-8.85331824443784,8.85331824443784,R8ENE,anti_homophones
17904,1,1,0,7,3,-7.8090133402284545,7.8090133402284545,ZemotyR,anti_homophones
17905,1,0,0,12,5,-9.768389168991414,9.768389168991414,egosjOnisabl,anti_homophones
17906,1,7,1,6,3,-4.900730488243013,4.900730488243013,k§bine,anti_homophones
17907,1,3,0,4,1,-4.638816035017186,4.638816035017186,pl5t,anti_homophones
17908,1,0,0,14,5,-11.422441739950202,11.422441739950202,faks@glostat9R,anti_homophones
17909,1,3,1,5,2,-4.83838023649863,4.83838023649863,sOmni,anti_homophones
17910,1,0,0,9,3,-9.005532005579383,9.005532005579383,kRakjozik,anti_homophones
17911,1,2,0,7,3,-6.772569556513501,6.772569556513501,platite,anti_homophones
17912,1,3,0,5,2,-5.464069980878017,5.464069980878017,inakl,anti_homophones
17913,1,0,0,7,3,-8.147825414136124,8.147825414136124,ekORvEl,anti_homophones
17914,1,10,0,4,2,-5.118100901890536,5.118100901890536,5taZ,anti_homophones
17915,1,0,0,5,1,-6.879857770595685,6.879857770595685,pRagR,anti_homophones
17916,1,2,0,6,2,-6.848526016964755,6.848526016964755,vREsti,anti_homophones
17917,1,5,0,5,2,-5.661173876785573,5.661173876785573,minaz,anti_homophones
17918,1,20,1,3,2,-4.4946010963524845,4.4946010963524845,ema,anti_homophones
17919,1,2,0,7,3,-6.728883732277503,6.728883732277503,lizisj§,anti_homophones
17920,1,15,1,4,2,-4.536342030282213,4.536342030282213,duje,anti_homophones
17921,1,0,0,9,3,-8.897598398381747,8.897598398381747,spisonizm,anti_homophones
17922,1,0,0,8,4,-6.544240533783023,6.544240533783023,bekin°m@,anti_homophones
17923,1,0,0,11,5,-10.023343413371887,10.023343413371887,5diktyRemje,anti_homophones
17924,1,0,0,11,5,-8.249032955726909,8.249032955726909,koleRikylER,anti_homophones
17925,1,20,1,3,1,-4.584378422558208,4.584378422558208,pup,anti_homophones
17926,1,7,0,4,2,-5.091238573431016,5.091238573431016,p°ze,anti_homophones
17927,1,0,0,12,5,-11.43966696307963,11.43966696307963,globepikRokE,anti_homophones
17928,1,0,0,5,2,-5.3313272703985115,5.3313272703985115,fymid,anti_homophones
17929,1,0,0,8,4,-7.614882937927567,7.614882937927567,kabineER,anti_homophones
17930,1,0,0,9,4,-7.668823557233259,7.668823557233259,akyltatik,anti_homophones
17931,1,5,1,5,2,-5.410708420487377,5.410708420487377,tRaik,anti_homophones
17932,1,1,0,6,2,-5.074976232819643,5.074976232819643,disjER,anti_homophones
17933,1,36,1,3,2,-4.393066865161713,4.393066865161713,ako,anti_homophones
17934,1,2,0,7,3,-5.147509688263108,5.147509688263108,tORs°m@,anti_homophones
17935,1,6,0,4,2,-4.95758862590284,4.95758862590284,Eska,anti_homophones
17936,1,6,0,5,2,-5.413504218614032,5.413504218614032,fORto,anti_homophones
17937,1,0,0,7,3,-6.735119905793867,6.735119905793867,gogasj§,anti_homophones
17938,1,0,0,8,4,-8.305891956534225,8.305891956534225,b@duRaSe,anti_homophones
17939,1,3,0,4,2,-5.58625686310131,5.58625686310131,osaR,anti_homophones
17940,1,11,1,4,2,-4.511795849129456,4.511795849129456,nazi,anti_homophones
17941,1,0,0,9,5,-9.580704038687434,9.580704038687434,afal@dyRe,anti_homophones
17942,1,0,0,7,3,-7.907690091268728,7.907690091268728,R°SaRaf,anti_homophones
17943,1,10,0,6,3,-6.5469007882211585,6.5469007882211585,Rilite,anti_homophones
17944,1,26,1,4,2,-4.302520541122375,4.302520541122375,mati,anti_homophones
17945,1,2,0,8,3,-6.477433810137649,6.477433810137649,RefemEtR,anti_homophones
17946,1,1,0,6,2,-6.024011841923366,6.024011841923366,bRynal,anti_homophones
17947,1,0,0,10,3,-9.615525045139684,9.615525045139684,R2nEsplwaR,anti_homophones
17948,1,0,0,7,3,-7.783870297481572,7.783870297481572,emERgon,anti_homophones
17949,1,29,0,4,2,-4.783738423408135,4.783738423408135,aRik,anti_homophones
17950,1,0,0,8,4,-9.355552179707063,9.355552179707063,deg@duje,anti_homophones
17951,1,1,0,7,3,-6.459585350314382,6.459585350314382,puRbite,anti_homophones
17952,1,0,0,11,5,-8.345542198704228,8.345542198704228,alytRikasj§,anti_homophones
17953,1,0,0,14,5,-12.543973982204655,12.543973982204655,degR°naRkotjEm,anti_homophones
17954,1,2,0,5,2,-6.209964372077551,6.209964372077551,paRm5,anti_homophones
17955,1,0,0,8,3,-7.284700615209065,7.284700615209065,tRatujaZ,anti_homophones
17956,1,0,0,6,2,-5.533535641631186,5.533535641631186,maksid,anti_homophones
17957,1,0,0,8,4,-8.860941850377715,8.860941850377715,domikain,anti_homophones
17958,1,0,0,10,5,-7.925466214912692,7.925466214912692,RiZinas°m@,anti_homophones
17959,1,0,0,12,5,-9.205845597983842,9.205845597983842,fR@kilokaNOl,anti_homophones
17960,1,0,0,10,4,-9.574071694948971,9.574071694948971,medig@gste,anti_homophones
17961,1,0,0,9,4,-10.502753039069658,10.502753039069658,@bRibuldo,anti_homophones
17962,1,0,0,9,4,-9.120667370949112,9.120667370949112,stenotipo,anti_homophones
17963,1,0,0,8,4,-7.432049434854332,7.432049434854332,bEk°Rute,anti_homophones
17964,1,1,0,7,3,-6.354475415697159,6.354475415697159,bat@sj§,anti_homophones
17965,1,15,1,5,2,-4.511155884085717,4.511155884085717,kRije,anti_homophones
17966,1,0,0,7,2,-7.934255824245,7.934255824245,pERdRwa,anti_homophones
17967,1,0,0,8,3,-9.037694047332229,9.037694047332229,pRoRozig,anti_homophones
17968,1,0,0,9,3,-7.380589885320677,7.380589885320677,k§tRovist,anti_homophones
17969,1,0,0,10,4,-11.783987747033436,11.783987747033436,bl@kesipiZ,anti_homophones
17970,1,7,0,4,1,-4.522493279077127,4.522493279077127,k§gR,anti_homophones
17971,1,9,0,5,2,-4.78309457594149,4.78309457594149,fRij§,anti_homophones
17972,1,15,1,4,2,-4.801242649688591,4.801242649688591,malE,anti_homophones
17973,1,11,2,7,3,-4.21906791473893,4.21906791473893,sabl°m@,anti_homophones
17974,1,2,0,4,1,-6.35099732949032,6.35099732949032,R5ks,anti_homophones
17975,1,0,0,14,5,-12.99491763349587,12.99491763349587,ps2depRimet@dR,anti_homophones
17976,1,4,0,7,3,-5.499834201538585,5.499834201538585,k§tRaZe,anti_homophones
17977,1,4,1,5,2,-4.54352814385338,4.54352814385338,gR°Ri,anti_homophones
17978,1,0,0,9,4,-6.040888696137498,6.040888696137498,pRimilite,anti_homophones
17979,1,1,0,6,3,-6.052640045668053,6.052640045668053,idRon@,anti_homophones
17980,1,0,0,8,3,-7.515548147098491,7.515548147098491,bRifikyl,anti_homophones
17981,1,3,0,4,1,-5.140111202680896,5.140111202680896,pluf,anti_homophones
17982,1,5,0,5,3,-5.484708540213315,5.484708540213315,epike,anti_homophones
17983,1,3,0,6,3,-5.4512606085891555,5.4512606085891555,libeRa,anti_homophones
17984,1,0,0,12,5,-7.318844578255664,7.318844578255664,figyRZinasj§,anti_homophones
17985,1,6,0,4,2,-5.015962762486209,5.015962762486209,R@p@,anti_homophones
17986,1,0,0,8,3,-8.442120070197065,8.442120070197065,fRat8ile,anti_homophones
17987,1,2,0,5,2,-6.1997497741963725,6.1997497741963725,aflip,anti_homophones
17988,1,5,1,5,2,-4.774516279849232,4.774516279849232,m@sje,anti_homophones
17989,1,10,0,3,1,-4.648732742178273,4.648732742178273,Sj@,anti_homophones
17990,1,8,0,5,2,-5.135080278979258,5.135080278979258,sizje,anti_homophones
17991,1,0,0,8,3,-6.273101447676163,6.273101447676163,kOk°tjER,anti_homophones
17992,1,0,0,13,5,-10.335945963304047,10.335945963304047,kwadRepot@sje,anti_homophones
17993,1,2,0,7,3,-5.9492278287592955,5.9492278287592955,fetisj§,anti_homophones
17994,1,0,0,8,3,-6.446247111527493,6.446247111527493,sypoRizm,anti_homophones
17995,1,0,0,7,2,-7.0841866918884895,7.0841866918884895,vaRlatR,anti_homophones
17996,1,12,1,4,2,-4.529461841718857,4.529461841718857,beni,anti_homophones
17997,1,0,0,8,4,-10.165397074074562,10.165397074074562,ymilibyt,anti_homophones
17998,1,7,1,6,3,-4.886791675599693,4.886791675599693,debite,anti_homophones
17999,1,0,0,9,4,-9.603435748598212,9.603435748598212,bRosital@,anti_homophones
18000,1,0,0,8,3,-7.379949085266295,7.379949085266295,siRizabl,anti_homophones
18001,1,1,0,6,3,-6.601865904552397,6.601865904552397,avoRj5,anti_homophones
18002,1,0,0,7,2,-6.2838596013640915,6.2838596013640915,kR°vist,anti_homophones
18003,1,1,0,6,2,-5.111566154375772,5.111566154375772,fuRg9R,anti_homophones
18004,1,0,0,7,3,-5.334381086747125,5.334381086747125,deRujaZ,anti_homophones
18005,1,0,0,9,4,-9.012562652663515,9.012562652663515,pan§sonER,anti_homophones
18006,1,0,0,11,4,-12.014076894147559,12.014076894147559,dERnjebenim,anti_homophones
18007,1,0,0,13,5,-9.495999044314974,9.495999044314974,posjonEstasj§,anti_homophones
18008,1,10,0,4,1,-4.262094477902293,4.262094477902293,plyS,anti_homophones
18009,1,0,0,8,3,-10.455291810475565,10.455291810475565,SiNOltit,anti_homophones
18010,1,1,0,5,2,-5.05821057297514,5.05821057297514,pjaj@,anti_homophones
18011,1,2,0,5,2,-6.711974840905715,6.711974840905715,m@tiv,anti_homophones
18012,1,1,0,6,2,-6.7307487629026514,6.7307487629026514,kastR§,anti_homophones
18013,1,0,0,10,4,-7.2762658069801445,7.2762658069801445,depaRadjER,anti_homophones
18014,1,4,0,5,2,-5.376373112256571,5.376373112256571,R@dOR,anti_homophones
18015,1,0,0,6,2,-6.913237210034845,6.913237210034845,djalEz,anti_homophones
18016,1,1,0,6,2,-7.131383688400026,7.131383688400026,tRij@b,anti_homophones
18017,1,0,0,12,4,-9.050067126127432,9.050067126127432,SifRakjozist,anti_homophones
18018,1,1,0,9,4,-5.3012781363117485,5.3012781363117485,finizasj§,anti_homophones
18019,1,0,0,13,5,-9.873467249412291,9.873467249412291,pRoZeneRegl5g,anti_homophones
18020,1,0,0,7,3,-7.302574331877104,7.302574331877104,negalwE,anti_homophones
18021,1,0,0,5,2,-5.565534114151404,5.565534114151404,kOlSo,anti_homophones
18022,1,0,0,9,4,-9.485247744242564,9.485247744242564,dyp°REnj5,anti_homophones
18023,1,0,0,6,3,-7.350028056243064,7.350028056243064,enilik,anti_homophones
18024,1,0,0,11,5,-10.470561565421136,10.470561565421136,divitetilit,anti_homophones
18025,1,4,0,4,1,-5.54065399333755,5.54065399333755,SipR,anti_homophones
18026,1,0,0,7,4,-7.185669339733455,7.185669339733455,afiNoR@,anti_homophones
18027,1,0,0,7,3,-7.761671027388174,7.761671027388174,pet°laR,anti_homophones
18028,1,1,0,7,3,-6.407787580342066,6.407787580342066,Repanwi,anti_homophones
18029,1,6,1,6,3,-4.960919873363021,4.960919873363021,sot°m@,anti_homophones
18030,1,4,0,6,2,-6.1072394706431545,6.1072394706431545,debRiR,anti_homophones
18031,1,0,0,10,4,-8.314311522549607,8.314311522549607,kaptatat9R,anti_homophones
18032,1,1,0,6,2,-7.835277656621817,7.835277656621817,bRaban,anti_homophones
18033,1,0,0,8,4,-8.996021077983755,8.996021077983755,Egmatif§,anti_homophones
18034,1,0,0,11,4,-7.397313520533847,7.397313520533847,pRev@t8asj§,anti_homophones
18035,1,0,0,8,4,-8.61909134641163,8.61909134641163,pyRitERo,anti_homophones
18036,1,0,0,9,4,-8.75912118433701,8.75912118433701,inak§tRaj,anti_homophones
18037,1,4,1,5,1,-4.739277279927476,4.739277279927476,s8ivR,anti_homophones
18038,1,4,1,5,2,-4.759274429750104,4.759274429750104,mERse,anti_homophones
18039,1,0,0,10,4,-6.478215464241187,6.478215464241187,kwadRuj°m@,anti_homophones
18040,1,2,1,6,3,-5.47361434639886,5.47361434639886,femine,anti_homophones
18041,1,1,1,8,3,-6.124812925401778,6.124812925401778,katonizm,anti_homophones
18042,1,0,0,8,3,-6.6011634217922,6.6011634217922,k§tR°sER,anti_homophones
18043,1,7,1,5,2,-4.928336352513171,4.928336352513171,fuj9R,anti_homophones
18044,1,0,0,7,3,-6.360189487413219,6.360189487413219,miNaRde,anti_homophones
18045,1,1,1,5,2,-5.150360620924575,5.150360620924575,mikR§,anti_homophones
18046,1,0,0,8,3,-8.602253426747161,8.602253426747161,snipotEz,anti_homophones
18047,1,6,0,5,2,-4.898496676465668,4.898496676465668,Rut9R,anti_homophones
18048,1,12,0,4,1,-4.660185466909561,4.660185466909561,v@dR,anti_homophones
18049,1,1,0,6,3,-5.15336620112767,5.15336620112767,pys°le,anti_homophones
18050,1,1,0,7,3,-6.06692312773208,6.06692312773208,Egz@pla,anti_homophones
18051,1,0,0,8,3,-11.512819919606459,11.512819919606459,yzlotipl,anti_homophones
18052,1,0,0,12,5,-9.189052012691638,9.189052012691638,bR§tolokasj§,anti_homophones
18053,1,0,0,10,4,-9.299067946836226,9.299067946836226,pRodEskad@,anti_homophones
18054,1,0,0,12,5,-13.54928866053166,13.54928866053166,fR§kyRvil°f5,anti_homophones
18055,1,3,0,6,3,-5.296120965759657,5.296120965759657,dEt°Ri,anti_homophones
18056,1,0,0,12,5,-11.646030292099914,11.646030292099914,piRobalbymid,anti_homophones
18057,1,0,0,5,2,-6.8354380875617995,6.8354380875617995,fuRas,anti_homophones
18058,1,0,0,7,3,-6.799275278039863,6.799275278039863,doZEn9R,anti_homophones
18059,1,2,0,6,2,-5.497639003552805,5.497639003552805,pRedyl,anti_homophones
18060,1,0,0,7,2,-6.495625856208679,6.495625856208679,bR8in2z,anti_homophones
18061,1,0,0,6,3,-7.868626483448333,7.868626483448333,amoRon,anti_homophones
18062,1,0,0,7,4,-7.458312817962721,7.458312817962721,noElite,anti_homophones
18063,1,0,0,8,3,-7.772029927986298,7.772029927986298,taRz@t9R,anti_homophones
18064,1,21,1,3,1,-4.156763464611833,4.156763464611833,plE,anti_homophones
18065,1,0,0,8,4,-9.383833544238094,9.383833544238094,oskotane,anti_homophones
18066,1,15,0,6,3,-5.126644801805397,5.126644801805397,m@t°m@,anti_homophones
18067,1,6,0,5,2,-5.100958287778111,5.100958287778111,RefOR,anti_homophones
18068,1,2,0,6,2,-6.162234529745425,6.162234529745425,Rizibl,anti_homophones
18069,1,0,0,11,5,-10.243675177320696,10.243675177320696,@baltERakte,anti_homophones
18070,1,3,0,4,2,-6.139047736440079,6.139047736440079,n§so,anti_homophones
18071,1,1,0,5,2,-5.48461917748531,5.48461917748531,EksEs,anti_homophones
18072,1,0,0,8,3,-5.5309391718262875,5.5309391718262875,psikotje,anti_homophones
18073,1,2,0,5,2,-5.704242093859293,5.704242093859293,nenyR,anti_homophones
18074,1,7,1,5,1,-4.226897509534381,4.226897509534381,fjabl,anti_homophones
18075,1,3,0,8,3,-5.487427294991358,5.487427294991358,5stRasj§,anti_homophones
18076,1,0,0,13,5,-9.359666768452641,9.359666768452641,s5plozisjOnal,anti_homophones
18077,1,3,0,5,2,-5.748474119468856,5.748474119468856,@baRb,anti_homophones
18078,1,1,0,6,2,-5.442298516579157,5.442298516579157,klEjaZ,anti_homophones
18079,1,4,0,6,3,-5.909268229927127,5.909268229927127,dEg°m@,anti_homophones
18080,1,4,0,6,3,-5.360430953684156,5.360430953684156,difika,anti_homophones
18081,1,0,0,8,3,-8.71392929794382,8.71392929794382,mjolityd,anti_homophones
18082,1,1,0,6,2,-5.711402952912315,5.711402952912315,klimaZ,anti_homophones
18083,1,9,0,4,2,-4.877650940409133,4.877650940409133,dego,anti_homophones
18084,1,0,0,8,4,-6.897287055859424,6.897287055859424,5plikyle,anti_homophones
18085,1,1,0,8,4,-5.66403737603172,5.66403737603172,l@gij°m@,anti_homophones
18086,1,16,0,4,1,-6.154077824087634,6.154077824087634,tRan,anti_homophones
18087,1,2,0,5,2,-5.744867128580891,5.744867128580891,stemi,anti_homophones
18088,1,1,0,6,3,-5.714411121412525,5.714411121412525,asesj§,anti_homophones
18089,1,12,0,4,2,-5.206305957791332,5.206305957791332,kon2,anti_homophones
18090,1,0,0,9,3,-8.787824320757418,8.787824320757418,lEstenizm,anti_homophones
18091,1,0,0,7,3,-6.748562230685434,6.748562230685434,paledik,anti_homophones
18092,1,0,0,13,5,-14.422205085810704,14.422205085810704,gw5sezidysjOn,anti_homophones
18093,1,0,0,8,3,-8.625660213652717,8.625660213652717,edislEps,anti_homophones
18094,1,8,0,4,2,-4.984551193487324,4.984551193487324,agRo,anti_homophones
18095,1,0,0,5,2,-6.189176302036646,6.189176302036646,g§boz,anti_homophones
18096,1,3,0,5,2,-4.955052724976741,4.955052724976741,Regle,anti_homophones
18097,1,0,0,7,3,-5.796371874308475,5.796371874308475,bujasj§,anti_homophones
18098,1,0,0,7,3,-6.568032884746369,6.568032884746369,pERfoRE,anti_homophones
18099,1,0,0,8,4,-6.383076601182674,6.383076601182674,5fatat9R,anti_homophones
18100,1,0,0,13,5,-11.858808344117731,11.858808344117731,paREnaRjofizm,anti_homophones
18101,1,0,0,6,2,-8.733376545133684,8.733376545133684,SodRad,anti_homophones
18102,1,2,0,4,1,-4.9745918674512435,4.9745918674512435,Zips,anti_homophones
18103,1,0,0,6,2,-6.619812054343199,6.619812054343199,RotRik,anti_homophones
18104,1,0,0,10,4,-9.835322219087809,9.835322219087809,meSematist,anti_homophones
18105,1,9,0,4,2,-5.526703332179896,5.526703332179896,evje,anti_homophones
18106,1,1,1,7,3,-5.71795765265212,5.71795765265212,Zydisj§,anti_homophones
18107,1,0,0,11,5,-14.06221464938996,14.06221464938996,sis2dobedaj,anti_homophones
18108,1,0,0,10,4,-9.669589093284312,9.669589093284312,nymaNetizm,anti_homophones
18109,1,2,0,5,2,-5.839498282383365,5.839498282383365,kORv@,anti_homophones
18110,1,0,0,9,4,-9.491915770401455,9.491915770401455,konistuRi,anti_homophones
18111,1,0,0,6,2,-6.003533204512006,6.003533204512006,bR5gOt,anti_homophones
18112,1,0,0,10,3,-9.43853430801879,9.43853430801879,flotR°tR@s,anti_homophones
18113,1,0,0,8,2,-6.253279045211955,6.253279045211955,fl@bswaR,anti_homophones
18114,1,0,0,7,3,-6.9836786960045805,6.9836786960045805,Sakup9R,anti_homophones
18115,1,3,0,5,2,-5.294964825459626,5.294964825459626,fOtik,anti_homophones
18116,1,3,0,5,2,-6.878427014036186,6.878427014036186,lavyl,anti_homophones
18117,1,0,0,8,3,-7.7431493379603005,7.7431493379603005,mudZazil,anti_homophones
18118,1,1,0,6,3,-6.147199106859486,6.147199106859486,apR@d@,anti_homophones
18119,1,0,1,5,2,-5.985107868017167,5.985107868017167,odjaR,anti_homophones
18120,1,0,0,6,2,-5.630903957958906,5.630903957958906,palpEl,anti_homophones
18121,1,1,0,7,4,-6.847626745594614,6.847626745594614,5faRize,anti_homophones
18122,1,0,0,7,2,-5.088582556646666,5.088582556646666,p§kt8El,anti_homophones
18123,1,0,0,7,3,-6.93871922328944,6.93871922328944,degl°RE,anti_homophones
18124,1,1,0,7,2,-7.514872505423492,7.514872505423492,Rwint9R,anti_homophones
18125,1,0,0,6,3,-7.490705952830362,7.490705952830362,Re5vjo,anti_homophones
18126,1,0,0,9,4,-9.006254501411277,9.006254501411277,maZitablo,anti_homophones
18127,1,8,2,4,2,-4.99366608437059,4.99366608437059,gomi,anti_homophones
18128,1,0,0,10,5,-8.781764213043438,8.781764213043438,p5telibeRe,anti_homophones
18129,1,13,1,5,2,-4.389683572898535,4.389683572898535,k@t9R,anti_homophones
18130,1,1,0,6,2,-5.8821931992768395,5.8821931992768395,kylabl,anti_homophones
18131,1,0,0,13,5,-10.475308535356524,10.475308535356524,Z@b9RkR°v@daR,anti_homophones
18132,1,0,0,10,5,-9.211656665772137,9.211656665772137,teoRizolat,anti_homophones
18133,1,0,1,7,3,-5.210800967911728,5.210800967911728,k§figyR,anti_homophones
18134,1,0,0,11,5,-9.27348704199745,9.27348704199745,sepavjoloZi,anti_homophones
18135,1,0,0,6,3,-6.430906196761515,6.430906196761515,Es8if2,anti_homophones
18136,1,9,2,3,1,-4.646490429643405,4.646490429643405,Z@R,anti_homophones
18137,1,1,0,9,4,-5.853517343100326,5.853517343100326,d°vizasj§,anti_homophones
18138,1,0,0,7,3,-6.713968989146109,6.713968989146109,dep°nij,anti_homophones
18139,1,0,0,12,5,-10.408198274833845,10.408198274833845,monomERkotik,anti_homophones
18140,1,9,0,5,3,-4.722997378704748,4.722997378704748,epis@,anti_homophones
18141,1,0,0,11,5,-10.419337867450187,10.419337867450187,kanaRistag§,anti_homophones
18142,1,0,0,9,3,-9.262046570008208,9.262046570008208,n2RvanjEn,anti_homophones
18143,1,0,0,11,5,-11.031008910371659,11.031008910371659,vinamikanal,anti_homophones
18144,1,5,0,5,3,-5.786687688656017,5.786687688656017,5tese,anti_homophones
18145,1,2,0,6,3,-6.010494667825707,6.010494667825707,Rotyle,anti_homophones
18146,1,0,0,9,4,-7.700906091074554,7.700906091074554,tRapezone,anti_homophones
18147,1,3,0,5,2,-5.594398558839004,5.594398558839004,kaR@g,anti_homophones
18148,1,0,0,9,3,-10.29353815360122,10.29353815360122,m°nORdjal,anti_homophones
18149,1,0,0,7,3,-5.765514634285095,5.765514634285095,etuRnal,anti_homophones
18150,1,0,0,9,4,-6.64974562098857,6.64974562098857,mepR@d°m@,anti_homophones
18151,1,0,0,10,3,-6.678712668834195,6.678712668834195,Eksplwajad,anti_homophones
18152,1,6,0,5,2,-4.554609119427476,4.554609119427476,poSaZ,anti_homophones
18153,1,0,0,7,3,-6.697696404080682,6.697696404080682,dem§tR5,anti_homophones
18154,1,2,0,8,3,-5.858884331285966,5.858884331285966,REsjonER,anti_homophones
18155,1,0,0,10,4,-9.901972086453682,9.901972086453682,tRitalmini,anti_homophones
18156,1,1,0,6,3,-6.018830516685616,6.018830516685616,aZinEt,anti_homophones
18157,1,4,0,4,1,-4.906306930112506,4.906306930112506,Zimn,anti_homophones
18158,1,2,0,6,2,-5.120581619856021,5.120581619856021,p§ktyR,anti_homophones
18159,1,5,0,6,3,-4.978134911152118,4.978134911152118,paRaSe,anti_homophones
18160,1,6,0,6,2,-5.016237231722939,5.016237231722939,kRonik,anti_homophones
18161,1,6,0,4,1,-5.982544342628791,5.982544342628791,kwEl,anti_homophones
18162,1,0,0,7,3,-6.742243790371395,6.742243790371395,toskOpi,anti_homophones
18163,1,0,0,7,2,-7.508269243282957,7.508269243282957,kalpROg,anti_homophones
18164,1,0,0,10,5,-7.278632383398574,7.278632383398574,5syfizjon@,anti_homophones
18165,1,4,1,5,3,-4.84271324425392,4.84271324425392,amuRe,anti_homophones
18166,1,2,0,5,2,-7.21882532662185,7.21882532662185,dezob,anti_homophones
18167,1,9,0,4,2,-4.732082435204454,4.732082435204454,kaf@,anti_homophones
18168,1,0,0,14,5,-12.298836950769498,12.298836950769498,fRiptogRezidjo,anti_homophones
18169,1,1,0,6,2,-6.432860169368409,6.432860169368409,lEjd9R,anti_homophones
18170,1,4,0,6,3,-5.862832365325886,5.862832365325886,metale,anti_homophones
18171,1,0,0,8,3,-7.568285482932235,7.568285482932235,gRamaist,anti_homophones
18172,1,5,0,5,2,-5.343540074323002,5.343540074323002,mORbe,anti_homophones
18173,1,0,0,10,4,-10.417522683479394,10.417522683479394,dinabyskal,anti_homophones
18174,1,0,0,8,3,-7.795626534875597,7.795626534875597,kReapRoz,anti_homophones
18175,1,4,1,6,2,-5.495057052922393,5.495057052922393,patRal,anti_homophones
18176,1,0,0,10,4,-7.4237891486143,7.4237891486143,k§plEz@sje,anti_homophones
18177,1,0,0,9,2,-11.412577712693476,11.412577712693476,tskalfabl,anti_homophones
18178,1,0,0,6,2,-6.267171935408006,6.267171935408006,R2kROs,anti_homophones
18179,1,0,0,12,5,-10.883321268591608,10.883321268591608,dedRijogRano,anti_homophones
18180,1,3,0,5,2,-5.013869267826413,5.013869267826413,p@saZ,anti_homophones
18181,1,0,0,6,2,-6.984196717346222,6.984196717346222,ORb9Rk,anti_homophones
18182,1,10,1,4,2,-4.903669294813081,4.903669294813081,pol5,anti_homophones
18183,1,0,0,8,3,-7.193788347105341,7.193788347105341,s8ijonEt,anti_homophones
18184,1,2,0,6,3,-6.090232730161348,6.090232730161348,opRij§,anti_homophones
18185,1,6,1,3,1,-4.584881759707935,4.584881759707935,Reg,anti_homophones
18186,1,2,0,6,2,-5.218070305686869,5.218070305686869,telEks,anti_homophones
18187,1,7,1,4,2,-4.600813012759316,4.600813012759316,mEz§,anti_homophones
18188,1,4,0,4,2,-6.620194953947242,6.620194953947242,dodi,anti_homophones
18189,1,3,0,6,2,-6.086944170882819,6.086944170882819,sivitR,anti_homophones
18190,1,0,0,6,2,-8.363777658289715,8.363777658289715,midRil,anti_homophones
18191,1,0,0,12,5,-10.77974117616285,10.77974117616285,RekymEktyRaZ,anti_homophones
18192,1,5,1,4,2,-4.693403506081357,4.693403506081357,@bEt,anti_homophones
18193,1,0,0,8,3,-6.125936916538615,6.125936916538615,n§sjasj§,anti_homophones
18194,1,1,0,7,3,-6.885797938560195,6.885797938560195,aplakse,anti_homophones
18195,1,0,0,7,2,-6.338918285649351,6.338918285649351,gw5fRwa,anti_homophones
18196,1,5,0,6,3,-5.055110172474193,5.055110172474193,delike,anti_homophones
18197,1,4,0,4,2,-5.091392347933825,5.091392347933825,zozo,anti_homophones
18198,1,1,0,5,2,-6.344750653721911,6.344750653721911,kosOm,anti_homophones
18199,1,1,0,4,1,-5.36904965460608,5.36904965460608,fEjd,anti_homophones
18200,1,0,0,7,2,-6.060378875342967,6.060378875342967,s@kt8ER,anti_homophones
18201,1,0,0,6,3,-6.371618233237244,6.371618233237244,alpabi,anti_homophones
18202,1,2,0,6,3,-6.4465691726689816,6.4465691726689816,metajo,anti_homophones
18203,1,5,0,5,3,-5.433761759074122,5.433761759074122,avaZe,anti_homophones
18204,1,4,0,5,2,-6.08463327208568,6.08463327208568,pasiN,anti_homophones
18205,1,0,0,9,4,-7.854446610994041,7.854446610994041,evizjonEf,anti_homophones
18206,1,27,1,3,1,-4.248538510824128,4.248538510824128,sti,anti_homophones
18207,1,2,1,4,1,-4.941977882145646,4.941977882145646,SERS,anti_homophones
18208,1,3,0,4,2,-5.414198917477008,5.414198917477008,Suji,anti_homophones
18209,1,0,0,10,5,-9.692892910871768,9.692892910871768,devokapyse,anti_homophones
18210,1,0,0,7,3,-7.299781793046085,7.299781793046085,pupulEv,anti_homophones
18211,1,0,0,9,4,-8.56938469632847,8.56938469632847,divOltase,anti_homophones
18212,1,11,1,4,1,-4.60485783058368,4.60485783058368,dREs,anti_homophones
18213,1,0,0,6,3,-7.278177156472399,7.278177156472399,ibORNe,anti_homophones
18214,1,0,0,8,4,-8.580609061825891,8.580609061825891,idosaRde,anti_homophones
18215,1,1,0,5,2,-7.042497870511741,7.042497870511741,RanOl,anti_homophones
18216,1,0,0,9,3,-6.11452402637716,6.11452402637716,disZ§ktyR,anti_homophones
18217,1,1,0,5,2,-7.507775722084148,7.507775722084148,ipokR,anti_homophones
18218,1,0,0,9,4,-10.06152687356451,10.06152687356451,winatyRZ@,anti_homophones
18219,1,0,0,10,4,-10.066190966435187,10.066190966435187,tERpRek§pa,anti_homophones
18220,1,1,0,6,3,-6.351697306605513,6.351697306605513,R°balo,anti_homophones
18221,1,1,0,6,2,-6.055448004459858,6.055448004459858,makitS,anti_homophones
18222,1,17,1,4,2,-4.479480241551378,4.479480241551378,elEs,anti_homophones
18223,1,0,0,8,3,-6.413247866619393,6.413247866619393,kORdizj§,anti_homophones
18224,1,0,0,6,2,-5.292647814929371,5.292647814929371,tR§p9R,anti_homophones
18225,1,0,0,11,4,-10.500586602172904,10.500586602172904,dinanitRabl,anti_homophones
18226,1,1,0,6,2,-5.746812373563975,5.746812373563975,pERtyn,anti_homophones
18227,1,0,0,5,3,-6.898366857992696,6.898366857992696,ofisi,anti_homophones
18228,1,6,0,4,2,-4.56927689393634,4.56927689393634,kOpi,anti_homophones
18229,1,1,0,7,3,-6.733274330516377,6.733274330516377,muSidER,anti_homophones
18230,1,1,0,6,3,-6.99862432741498,6.99862432741498,soligy,anti_homophones
18231,1,3,0,5,2,-5.349491142482332,5.349491142482332,dipli,anti_homophones
18232,1,1,0,7,3,-6.208951795304886,6.208951795304886,EgR°nje,anti_homophones
18233,1,1,0,5,2,-4.62239333421672,4.62239333421672,yz8El,anti_homophones
18234,1,0,0,8,4,-7.4359423287831685,7.4359423287831685,iReEgzOR,anti_homophones
18235,1,1,0,5,2,-6.854957813019672,6.854957813019672,kagan,anti_homophones
18236,1,0,0,9,5,-7.803571887243578,7.803571887243578,aeRovid@s,anti_homophones
18237,1,0,0,11,5,-8.233775208864742,8.233775208864742,Zal§Zibl°m@,anti_homophones
18238,1,0,0,7,3,-7.625522140234527,7.625522140234527,asiblOk,anti_homophones
18239,1,6,0,7,3,-5.342347680465245,5.342347680465245,sjER°m@,anti_homophones
18240,1,0,0,9,4,-6.832499786349014,6.832499786349014,aRmaNetik,anti_homophones
18241,1,4,0,7,3,-5.1515056810137025,5.1515056810137025,b8is°m@,anti_homophones
18242,1,2,0,6,3,-6.4115919947517765,6.4115919947517765,gaRaSe,anti_homophones
18243,1,0,0,8,3,-7.68149638436018,7.68149638436018,s@tRosaZ,anti_homophones
18244,1,3,0,5,2,-5.5973991458636085,5.5973991458636085,gaRno,anti_homophones
18245,1,6,0,4,2,-5.582611882852356,5.582611882852356,apRE,anti_homophones
18246,1,0,0,8,3,-7.55572726624267,7.55572726624267,ZystRas§,anti_homophones
18247,1,0,0,11,5,-7.727331344120924,7.727331344120924,5pRijOlOZik,anti_homophones
18248,1,0,0,9,3,-10.998808362149216,10.998808362149216,dERbERlit,anti_homophones
18249,1,0,0,11,5,-10.489045318295998,10.489045318295998,5S@Z9mp9nki,anti_homophones
18250,1,2,0,5,2,-5.422587562840099,5.422587562840099,dOkt@,anti_homophones
18251,1,21,0,3,1,-4.6938831709885065,4.6938831709885065,vas,anti_homophones
18252,1,0,0,9,4,-7.687148744859858,7.687148744859858,t@poniste,anti_homophones
18253,1,0,0,9,4,-7.490116904156965,7.490116904156965,eg8isovje,anti_homophones
18254,1,0,0,9,4,-7.747895958735375,7.747895958735375,baloRiz9R,anti_homophones
18255,1,0,0,10,4,-8.795295635423106,8.795295635423106,SapsikonEt,anti_homophones
18256,1,0,0,9,4,-6.7493104082854805,6.7493104082854805,myltipot@,anti_homophones
18257,1,2,0,5,2,-4.93615372860025,4.93615372860025,komOd,anti_homophones
18258,1,0,0,10,4,-10.558133760530481,10.558133760530481,k§pliRiks5,anti_homophones
18259,1,2,0,4,2,-5.287784198363846,5.287784198363846,@sEN,anti_homophones
18260,1,4,0,6,3,-5.18501200246743,5.18501200246743,R°p@te,anti_homophones
18261,1,0,0,5,2,-6.421719675069383,6.421719675069383,Zelys,anti_homophones
18262,1,0,0,15,5,-14.371258120610403,14.371258120610403,tEtsEktaksalwaR,anti_homophones
18263,1,1,0,7,2,-5.427132139921629,5.427132139921629,spEktiv,anti_homophones
18264,1,20,1,3,2,-4.220690663840701,4.220690663840701,Ele,anti_homophones
18265,1,5,1,6,2,-4.549678656216762,4.549678656216762,k§tRaZ,anti_homophones
18266,1,2,0,6,2,-4.737115542174601,4.737115542174601,lykt9R,anti_homophones
18267,1,0,0,8,4,-8.895683858039492,8.895683858039492,d°miS°lE,anti_homophones
18268,1,1,0,6,3,-6.771158497715633,6.771158497715633,@disj2,anti_homophones
18269,1,2,0,6,3,-5.36438650198871,5.36438650198871,buRaZe,anti_homophones
18270,1,20,0,4,2,-4.9136576617638275,4.9136576617638275,bole,anti_homophones
18271,1,0,0,8,3,-6.798679524215045,6.798679524215045,debluzj5,anti_homophones
18272,1,12,0,3,1,-4.986530310033549,4.986530310033549,mok,anti_homophones
18273,1,10,1,4,2,-4.781535471549913,4.781535471549913,mORa,anti_homophones
18274,1,2,0,4,2,-6.219301630277263,6.219301630277263,itiz,anti_homophones
18275,1,1,0,6,2,-6.107500110776044,6.107500110776044,astERn,anti_homophones
18276,1,1,0,7,3,-5.819676668270501,5.819676668270501,divERsi,anti_homophones
18277,1,0,0,10,5,-10.123688153795037,10.123688153795037,apokRatizo,anti_homophones
18278,1,0,0,9,4,-7.533435804245254,7.533435804245254,seRalitif,anti_homophones
18279,1,0,0,7,4,-7.5174668991973945,7.5174668991973945,efalase,anti_homophones
18280,1,0,0,13,5,-11.623045234612459,11.623045234612459,gRimeRybRijaZ,anti_homophones
18281,1,0,0,8,4,-7.215530928376373,7.215530928376373,simonite,anti_homophones
18282,1,0,0,7,3,-6.325053770310658,6.325053770310658,yltyRZe,anti_homophones
18283,1,0,0,8,3,-7.8685889296132965,7.8685889296132965,Rekasjal,anti_homophones
18284,1,0,0,8,4,-7.865297304438354,7.865297304438354,bajabite,anti_homophones
18285,1,4,1,5,2,-4.626794977297921,4.626794977297921,guvER,anti_homophones
18286,1,0,0,8,3,-8.01516066254707,8.01516066254707,fok§plEz,anti_homophones
18287,1,1,0,6,3,-6.8901298172206,6.8901298172206,elokEt,anti_homophones
18288,1,0,0,9,4,-10.916811594135034,10.916811594135034,R°tRib@de,anti_homophones
18289,1,3,0,5,2,-4.913641186268963,4.913641186268963,tRyEl,anti_homophones
18290,1,0,0,9,4,-9.408645839053316,9.408645839053316,bakEt°Rin,anti_homophones
18291,1,0,0,4,1,-5.101154254118941,5.101154254118941,Snuf,anti_homophones
18292,1,0,0,5,3,-7.773249574146421,7.773249574146421,§d°lE,anti_homophones
18293,1,0,0,10,4,-9.814789133983169,9.814789133983169,seRjoRatan,anti_homophones
18294,1,0,0,11,5,-9.317794013662484,9.317794013662484,OspiRiZinEt,anti_homophones
18295,1,0,0,12,5,-11.612094675182249,11.612094675182249,akRoaktaksif,anti_homophones
18296,1,0,0,8,3,-5.753825140695059,5.753825140695059,ObZEktOm,anti_homophones
18297,1,29,0,3,1,-4.8261684942769545,4.8261684942769545,Rim,anti_homophones
18298,1,2,0,8,3,-7.148117889365601,7.148117889365601,SaRkolOg,anti_homophones
18299,1,4,1,6,3,-5.516125305196909,5.516125305196909,matiz@,anti_homophones
18300,1,0,0,6,2,-4.999815780462516,4.999815780462516,defRwa,anti_homophones
18301,1,0,0,11,4,-10.086586161532283,10.086586161532283,RipERpRes@s,anti_homophones
18302,1,5,0,7,3,-4.627321857125159,4.627321857125159,defisj§,anti_homophones
18303,1,1,0,6,3,-5.572414424380474,5.572414424380474,avalje,anti_homophones
18304,1,0,0,8,3,-7.714532892113624,7.714532892113624,dRav°n@s,anti_homophones
18305,1,0,0,6,3,-6.870768511781369,6.870768511781369,Rabani,anti_homophones
18306,1,0,0,15,5,-14.032936657729316,14.032936657729316,mysk@dinaRgRizm,anti_homophones
18307,1,0,0,7,3,-6.334631682976703,6.334631682976703,fRapite,anti_homophones
18308,1,5,0,6,3,-5.234436712540935,5.234436712540935,seRite,anti_homophones
18309,1,3,0,5,1,-5.4713784304670945,5.4713784304670945,stRyz,anti_homophones
18310,1,0,0,8,4,-9.247182735550483,9.247182735550483,anitadOk,anti_homophones
18311,1,9,0,5,2,-4.706138895778295,4.706138895778295,kline,anti_homophones
18312,1,0,0,7,4,-6.519306065830152,6.519306065830152,avinize,anti_homophones
18313,1,4,0,7,4,-5.752578462965404,5.752578462965404,eRalize,anti_homophones
18314,1,0,0,8,3,-6.998709159784478,6.998709159784478,mORtebRe,anti_homophones
18315,1,3,0,5,2,-5.488746540349905,5.488746540349905,5pRyn,anti_homophones
18316,1,6,0,8,4,-5.41804452106453,5.41804452106453,emoloZik,anti_homophones
18317,1,8,0,3,1,-5.4415392164444825,5.4415392164444825,igR,anti_homophones
18318,1,2,0,5,2,-5.593765066562472,5.593765066562472,apRoz,anti_homophones
18319,1,8,0,4,2,-4.437358669271986,4.437358669271986,s@d@,anti_homophones
18320,1,15,0,4,1,-4.390952817510696,4.390952817510696,pORt,anti_homophones
18321,1,0,0,8,3,-6.000510915744939,6.000510915744939,Zwabl°m@,anti_homophones
18322,1,0,0,7,3,-6.017329043276083,6.017329043276083,m°zyREt,anti_homophones
18323,1,0,0,8,3,-6.181642864002143,6.181642864002143,paksjone,anti_homophones
18324,1,5,0,4,2,-4.795743933459918,4.795743933459918,pEm@,anti_homophones
18325,1,1,0,6,2,-6.810868895665742,6.810868895665742,katERs,anti_homophones
18326,1,0,0,8,3,-7.396167392154087,7.396167392154087,R2k§staZ,anti_homophones
18327,1,12,1,4,2,-4.977494792723769,4.977494792723769,Sode,anti_homophones
18328,1,0,0,11,5,-12.79176648581759,12.79176648581759,fanalimil5g,anti_homophones
18329,1,6,0,5,2,-6.128492211527907,6.128492211527907,Rekym,anti_homophones
18330,1,2,1,4,1,-4.834393917445228,4.834393917445228,bygl,anti_homophones
18331,1,22,1,3,1,-4.077169232015531,4.077169232015531,k@t,anti_homophones
18332,1,0,0,13,5,-13.471025727143378,13.471025727143378,maREkdolasabl,anti_homophones
18333,1,3,0,6,2,-6.38605832710212,6.38605832710212,mORtOR,anti_homophones
18334,1,5,0,4,2,-6.006652069975221,6.006652069975221,seSa,anti_homophones
18335,1,0,0,9,3,-7.969068743711864,7.969068743711864,vibR8ij9R,anti_homophones
18336,1,0,0,6,3,-6.756356248635249,6.756356248635249,5f@Z9R,anti_homophones
18337,1,0,0,9,4,-9.415728563148974,9.415728563148974,psaRysine,anti_homophones
18338,1,1,0,6,3,-6.153737179056164,6.153737179056164,kalome,anti_homophones
18339,1,12,1,4,1,-4.390362536575859,4.390362536575859,st@s,anti_homophones
18340,1,3,0,6,2,-5.375251215251211,5.375251215251211,pajp9R,anti_homophones
18341,1,13,1,4,2,-4.761451924773808,4.761451924773808,@sj§,anti_homophones
18342,1,0,0,5,3,-8.621873176291858,8.621873176291858,@jEne,anti_homophones
18343,1,0,0,12,5,-9.017194858883443,9.017194858883443,kORnuj°Rasj§,anti_homophones
18344,1,6,0,5,2,-5.375138639920601,5.375138639920601,vERZ@,anti_homophones
18345,1,0,0,9,4,-7.95950454095399,7.95950454095399,deklapOte,anti_homophones
18346,1,0,0,11,4,-8.666669061518014,8.666669061518014,RuZERbonizm,anti_homophones
18347,1,0,0,12,5,-10.82420603055488,10.82420603055488,EgziZenaRSit,anti_homophones
18348,1,0,0,7,3,-7.218552829257544,7.218552829257544,palinwa,anti_homophones
18349,1,1,0,10,5,-6.034931014552462,6.034931014552462,moloZis°m@,anti_homophones
18350,1,0,0,9,4,-8.011597350814776,8.011597350814776,REskajut2,anti_homophones
18351,1,0,0,7,2,-6.328520875016928,6.328520875016928,kORnjEn,anti_homophones
18352,1,0,0,7,2,-5.14853109824044,5.14853109824044,tR@spOR,anti_homophones
18353,1,0,0,9,4,-6.274828579045909,6.274828579045909,pedibl°m@,anti_homophones
18354,1,12,0,6,3,-5.180372772586362,5.180372772586362,paRake,anti_homophones
18355,1,0,0,7,4,-8.145923349567365,8.145923349567365,5tyRoke,anti_homophones
18356,1,0,0,6,2,-5.786713472423682,5.786713472423682,fwajaZ,anti_homophones
18357,1,1,0,7,3,-7.182836537698576,7.182836537698576,filatys,anti_homophones
18358,1,0,0,9,4,-10.044761566509507,10.044761566509507,fanemodEz,anti_homophones
18359,1,1,0,6,3,-6.1999134890257634,6.1999134890257634,aRniSe,anti_homophones
18360,1,0,0,10,4,-7.765808509430367,7.765808509430367,pRofOtonik,anti_homophones
18361,1,8,0,6,3,-4.995287958322014,4.995287958322014,kot°m@,anti_homophones
18362,1,1,0,8,3,-7.311057912228916,7.311057912228916,katetabl,anti_homophones
18363,1,3,0,5,2,-4.783211756372996,4.783211756372996,kalOg,anti_homophones
18364,1,0,0,10,4,-8.510103990935846,8.510103990935846,kReORganEl,anti_homophones
18365,1,5,1,5,2,-4.20635536074566,4.20635536074566,pRe@s,anti_homophones
18366,1,2,0,8,3,-6.608501429817519,6.608501429817519,matifist,anti_homophones
18367,1,1,0,5,3,-6.143333976011474,6.143333976011474,5kon2,anti_homophones
18368,1,1,0,7,3,-6.110988601042962,6.110988601042962,vwazite,anti_homophones
18369,1,0,0,10,4,-10.108266183516504,10.108266183516504,midRopRote,anti_homophones
18370,1,0,0,8,3,-7.9947500408059184,7.9947500408059184,dekRinas,anti_homophones
18371,1,0,0,10,3,-10.383405740634913,10.383405740634913,tostjagnos,anti_homophones
18372,1,14,1,3,1,-4.381884537050872,4.381884537050872,S@s,anti_homophones
18373,1,28,0,4,2,-4.674158399668114,4.674158399668114,Rate,anti_homophones
18374,1,0,0,9,4,-9.470191742898015,9.470191742898015,mativalag,anti_homophones
18375,1,0,0,8,4,-8.757230725514022,8.757230725514022,sutaRaz@,anti_homophones
18376,1,0,0,7,3,-7.480449184725606,7.480449184725606,pORsali,anti_homophones
18377,1,5,1,4,2,-5.570089354141141,5.570089354141141,5dOR,anti_homophones
18378,1,1,0,6,2,-7.265886791220667,7.265886791220667,tetibl,anti_homophones
18379,1,0,0,8,3,-6.784083382482421,6.784083382482421,dezaRdit,anti_homophones
18380,1,0,0,8,3,-5.7488346210862895,5.7488346210862895,afEktabl,anti_homophones
18381,1,0,0,9,3,-8.683551328722993,8.683551328722993,R°kRetaks,anti_homophones
18382,1,0,0,12,5,-9.375685143644183,9.375685143644183,bR5boswaR°m@,anti_homophones
18383,1,7,0,5,2,-5.255230955450007,5.255230955450007,balis,anti_homophones
18384,1,18,0,3,1,-5.488267985657311,5.488267985657311,kiv,anti_homophones
18385,1,0,0,10,5,-9.738643119562626,9.738643119562626,sapoRofiz@,anti_homophones
18386,1,0,0,9,4,-5.834897529500315,5.834897529500315,tonj2z°m@,anti_homophones
18387,1,10,0,4,2,-5.1778617622942935,5.1778617622942935,9jER,anti_homophones
18388,1,0,0,7,3,-7.9243514891552955,7.9243514891552955,vifisj2,anti_homophones
18389,1,9,0,3,1,-6.402767688978574,6.402767688978574,n@k,anti_homophones
18390,1,0,0,7,3,-5.823927359979914,5.823927359979914,k§tR°Sa,anti_homophones
18391,1,0,0,8,4,-6.294100818745363,6.294100818745363,5tEREsj§,anti_homophones
18392,1,0,0,10,4,-10.614260663457884,10.614260663457884,ostERp@sj§,anti_homophones
18393,1,1,0,7,3,-4.424550446950067,4.424550446950067,k§v°niR,anti_homophones
18394,1,0,0,10,4,-9.502434038928154,9.502434038928154,avalgRatik,anti_homophones
18395,1,5,0,4,1,-4.981190030882783,4.981190030882783,dwER,anti_homophones
18396,1,0,0,10,4,-11.194501146122285,11.194501146122285,glusj@tali,anti_homophones
18397,1,1,0,7,3,-5.422665078948665,5.422665078948665,pRe@sje,anti_homophones
18398,1,1,0,6,2,-6.254469615116061,6.254469615116061,vitRaZ,anti_homophones
18399,1,1,0,7,3,-6.239000405447091,6.239000405447091,depanwi,anti_homophones
18400,1,14,1,6,2,-4.29237191458317,4.29237191458317,maksj§,anti_homophones
18401,1,13,0,5,2,-4.612897608855611,4.612897608855611,kanje,anti_homophones
18402,1,0,0,6,3,-6.075724304218783,6.075724304218783,Sap°la,anti_homophones
18403,1,0,0,5,3,-7.165823311617068,7.165823311617068,@t°f2,anti_homophones
18404,1,5,0,6,3,-5.709066148907903,5.709066148907903,k§tina,anti_homophones
18405,1,0,0,9,3,-7.56002371333603,7.56002371333603,dekamjEvR,anti_homophones
18406,1,1,0,4,2,-6.310818785454604,6.310818785454604,inuj,anti_homophones
18407,1,2,0,5,2,-5.818288317764454,5.818288317764454,Ragd5,anti_homophones
18408,1,1,0,6,2,-6.7229169155679775,6.7229169155679775,tok8aZ,anti_homophones
18409,1,0,0,13,5,-14.221547991123131,14.221547991123131,RobilibR9gsin,anti_homophones
18410,1,1,0,6,3,-6.35389508840666,6.35389508840666,devumi,anti_homophones
18411,1,5,0,5,2,-5.231974699790936,5.231974699790936,pasad,anti_homophones
18412,1,0,0,6,3,-6.676472821172128,6.676472821172128,iNOblo,anti_homophones
18413,1,11,1,5,1,-4.330454562434635,4.330454562434635,gRizm,anti_homophones
18414,1,1,0,6,3,-6.991248209272676,6.991248209272676,peRaly,anti_homophones
18415,1,3,0,5,2,-5.573939586088289,5.573939586088289,@mEtR,anti_homophones
18416,1,2,0,6,3,-5.597064369111538,5.597064369111538,aponEl,anti_homophones
18417,1,0,0,11,5,-6.817615093673516,6.817615093673516,vylneRalize,anti_homophones
18418,1,2,1,6,2,-5.669997508032639,5.669997508032639,RetjOl,anti_homophones
18419,1,0,0,9,4,-8.377966954574443,8.377966954574443,pwaleZ@te,anti_homophones
18420,1,0,0,11,5,-10.855088145798184,10.855088145798184,5defeRonORm,anti_homophones
18421,1,0,0,6,3,-8.251354271626477,8.251354271626477,kofany,anti_homophones
18422,1,0,0,8,4,-7.631094539727032,7.631094539727032,baReSOfe,anti_homophones
18423,1,0,0,11,4,-8.240752538813009,8.240752538813009,k§fj@sjonER,anti_homophones
18424,1,3,0,6,3,-5.742975381402376,5.742975381402376,dep@dE,anti_homophones
18425,1,8,1,4,2,-4.743986069712573,4.743986069712573,mit§,anti_homophones
18426,1,26,0,3,2,-4.536647162133848,4.536647162133848,ato,anti_homophones
18427,1,0,0,9,4,-6.916606375836782,6.916606375836782,tR@zim@te,anti_homophones
18428,1,1,0,8,4,-7.041746767735644,7.041746767735644,@pRER°m@,anti_homophones
18429,1,5,0,5,3,-5.566181198601798,5.566181198601798,@guRe,anti_homophones
18430,1,1,0,3,1,-4.959067219950659,4.959067219950659,awz,anti_homophones
18431,1,0,0,7,4,-7.199661841813961,7.199661841813961,5vERtye,anti_homophones
18432,1,0,0,8,4,-8.538781243193212,8.538781243193212,bital°t§,anti_homophones
18433,1,2,0,7,3,-6.177675129862863,6.177675129862863,syplik@,anti_homophones
18434,1,6,0,4,2,-4.992397458496272,4.992397458496272,REze,anti_homophones
18435,1,0,0,10,5,-11.116109543456188,11.116109543456188,anomaZolaZ,anti_homophones
18436,1,3,0,6,3,-5.513563210086565,5.513563210086565,sosije,anti_homophones
18437,1,2,0,5,2,-5.768298167880475,5.768298167880475,teRjo,anti_homophones
18438,1,0,0,8,3,-6.565006703150992,6.565006703150992,maZEstj§,anti_homophones
18439,1,1,0,7,3,-7.213933446742377,7.213933446742377,dikaRte,anti_homophones
18440,1,0,0,8,4,-5.655979313794222,5.655979313794222,koloZis@,anti_homophones
18441,1,5,0,4,2,-6.74306199039755,6.74306199039755,usaZ,anti_homophones
18442,1,0,0,8,3,-5.7160366706923735,5.7160366706923735,pERfyzj§,anti_homophones
18443,1,2,0,6,3,-6.199857015082566,6.199857015082566,p5s§de,anti_homophones
18444,1,0,0,8,4,-7.626241071793463,7.626241071793463,ostok°m@,anti_homophones
18445,1,4,1,6,3,-4.472496929775808,4.472496929775808,k§s°m@,anti_homophones
18446,1,0,0,7,4,-10.332689781038084,10.332689781038084,aRototE,anti_homophones
18447,1,0,0,5,2,-5.473659567942813,5.473659567942813,deSum,anti_homophones
18448,1,3,0,7,2,-5.837298332522878,5.837298332522878,matRist,anti_homophones
18449,1,0,0,10,5,-10.70938899884804,10.70938899884804,opolapsike,anti_homophones
18450,1,1,0,6,3,-7.067500286797855,7.067500286797855,seRal5,anti_homophones
18451,1,20,1,4,2,-4.165368008657429,4.165368008657429,pyte,anti_homophones
18452,1,0,0,5,2,-5.811850574039355,5.811850574039355,iRliG,anti_homophones
18453,1,7,1,4,1,-5.143039036659279,5.143039036659279,salp,anti_homophones
18454,1,0,0,8,3,-7.465234819374518,7.465234819374518,syRdiREn,anti_homophones
18455,1,4,0,4,2,-4.662098359540944,4.662098359540944,tus2,anti_homophones
18456,1,0,0,8,3,-6.946674035236782,6.946674035236782,flamidal,anti_homophones
18457,1,4,0,5,2,-5.5395583868968625,5.5395583868968625,bRafi,anti_homophones
18458,1,3,0,4,2,-5.753710958447244,5.753710958447244,ybyl,anti_homophones
18459,1,3,0,6,2,-6.051789750586823,6.051789750586823,SaRkiG,anti_homophones
18460,1,2,0,4,2,-6.7219899884534655,6.7219899884534655,itaS,anti_homophones
18461,1,0,0,11,4,-11.031332272946837,11.031332272946837,pERmylgaSik,anti_homophones
18462,1,10,0,4,2,-4.943675387375103,4.943675387375103,azin,anti_homophones
18463,1,4,0,4,2,-5.610463196959432,5.610463196959432,avjo,anti_homophones
18464,1,4,1,5,2,-4.772280275278725,4.772280275278725,lytje,anti_homophones
18465,1,3,0,5,2,-5.327677009081204,5.327677009081204,fREne,anti_homophones
18466,1,1,0,5,2,-6.833296120120336,6.833296120120336,blytE,anti_homophones
18467,1,1,0,7,2,-5.774111232672014,5.774111232672014,kalst9R,anti_homophones
18468,1,0,0,9,4,-7.065324222553252,7.065324222553252,laRmal°m@,anti_homophones
18469,1,7,0,4,2,-5.276686067776201,5.276686067776201,Rut2,anti_homophones
18470,1,0,0,9,5,-8.84932896490071,8.84932896490071,emateliZ@,anti_homophones
18471,1,8,0,4,2,-4.2491787670765575,4.2491787670765575,defE,anti_homophones
18472,1,0,0,10,4,-9.36308268544571,9.36308268544571,maZ9nEst82,anti_homophones
18473,1,1,0,5,2,-5.137193211511262,5.137193211511262,kReOl,anti_homophones
18474,1,7,0,3,1,-4.717101098326081,4.717101098326081,s9j,anti_homophones
18475,1,0,0,10,5,-7.380587970277937,7.380587970277937,opiktiv°m@,anti_homophones
18476,1,23,1,4,2,-4.747983772465585,4.747983772465585,maRE,anti_homophones
18477,1,14,1,3,1,-4.593952229308547,4.593952229308547,tom,anti_homophones
18478,1,11,1,5,2,-4.513099224613737,4.513099224613737,sylER,anti_homophones
18479,1,3,0,4,2,-5.558527110656705,5.558527110656705,loga,anti_homophones
18480,1,1,0,7,3,-6.310938388327007,6.310938388327007,seRebRe,anti_homophones
18481,1,4,0,7,3,-5.0697131418032395,5.0697131418032395,baRd°m@,anti_homophones
18482,1,0,0,8,3,-6.163290053298008,6.163290053298008,nivERtik,anti_homophones
18483,1,0,0,6,3,-6.656590010367595,6.656590010367595,k§flyo,anti_homophones
18484,1,6,0,5,2,-5.0852550184468885,5.0852550184468885,Retj5,anti_homophones
18485,1,0,0,6,2,-6.766288375371601,6.766288375371601,lepR9v,anti_homophones
18486,1,9,1,5,2,-4.581766136010595,4.581766136010595,paRam,anti_homophones
18487,1,0,0,11,5,-12.227406104952497,12.227406104952497,tisabetEn9R,anti_homophones
18488,1,0,0,7,2,-6.475216697260657,6.475216697260657,kRomnwa,anti_homophones
18489,1,6,0,4,1,-4.362070443395865,4.362070443395865,dR9R,anti_homophones
18490,1,0,0,9,3,-8.240897111136277,8.240897111136277,syRplisj2,anti_homophones
18491,1,2,1,6,3,-5.543423750884935,5.543423750884935,Razite,anti_homophones
18492,1,0,0,9,4,-6.61199709340622,6.61199709340622,ekuplasj§,anti_homophones
18493,1,6,1,6,2,-4.3113802353904305,4.3113802353904305,gRafje,anti_homophones
18494,1,0,0,6,2,-6.2697220790145956,6.2697220790145956,bRodyk,anti_homophones
18495,1,12,0,6,3,-5.293824033610267,5.293824033610267,lEn°m@,anti_homophones
18496,1,30,0,2,1,-4.583656370151347,4.583656370151347,ja,anti_homophones
18497,1,1,0,6,2,-6.007969703954205,6.007969703954205,gaRnwa,anti_homophones
18498,1,0,0,14,5,-11.671291961249574,11.671291961249574,RagREspEktRik5,anti_homophones
18499,1,12,0,4,2,-4.924391570801744,4.924391570801744,taj@,anti_homophones
18500,1,0,0,7,3,-9.228412814702727,9.228412814702727,nOkRit@,anti_homophones
18501,1,0,0,7,3,-7.289753209573727,7.289753209573727,gRezij§,anti_homophones
18502,1,13,0,4,2,-4.7010768755850325,4.7010768755850325,doRe,anti_homophones
18503,1,0,0,6,2,-8.499409134362583,8.499409134362583,gevj@d,anti_homophones
18504,1,0,0,9,4,-8.975271138400831,8.975271138400831,ekRavikyl,anti_homophones
18505,1,0,0,10,4,-8.234019415883923,8.234019415883923,defEkspymE,anti_homophones
18506,1,21,1,3,1,-4.484773596046376,4.484773596046376,faj,anti_homophones
18507,1,0,0,7,3,-6.688910066822266,6.688910066822266,maNolje,anti_homophones
18508,1,4,0,5,2,-5.664567036297774,5.664567036297774,bRaZ@,anti_homophones
18509,1,0,0,9,4,-10.079821312885667,10.079821312885667,kaptimiRa,anti_homophones
18510,1,2,0,6,3,-5.381161468794835,5.381161468794835,manyle,anti_homophones
18511,1,3,0,5,3,-5.2931060794074565,5.2931060794074565,afika,anti_homophones
18512,1,0,0,14,5,-11.292447330033843,11.292447330033843,RefRwatyREtjER,anti_homophones
18513,1,27,0,3,1,-4.11759063648199,4.11759063648199,vil,anti_homophones
18514,1,0,0,6,3,-5.71064400462493,5.71064400462493,b§zaZe,anti_homophones
18515,1,4,0,4,2,-4.979620889103628,4.979620889103628,indi,anti_homophones
18516,1,1,0,5,2,-5.892616624033603,5.892616624033603,v°nOt,anti_homophones
18517,1,7,0,5,2,-5.985604210432972,5.985604210432972,ksine,anti_homophones
18518,1,1,0,6,3,-6.029661584292798,6.029661584292798,kak°dy,anti_homophones
18519,1,0,0,9,5,-7.269917763741987,7.269917763741987,ebonal°m@,anti_homophones
18520,1,1,0,7,2,-8.280993463731939,8.280993463731939,mERtR@s,anti_homophones
18521,1,0,0,8,3,-7.492206418168563,7.492206418168563,papist9R,anti_homophones
18522,1,0,0,6,2,-6.380727943417604,6.380727943417604,dezjak,anti_homophones
18523,1,0,0,5,2,-5.971746893648378,5.971746893648378,tREde,anti_homophones
18524,1,0,0,6,3,-8.331632519993438,8.331632519993438,@dOlb5,anti_homophones
18525,1,3,0,5,2,-5.0992459415308895,5.0992459415308895,gREne,anti_homophones
18526,1,0,0,8,4,-6.831565002613478,6.831565002613478,R°byz°Ri,anti_homophones
18527,1,2,0,7,2,-6.034296003798086,6.034296003798086,pRedjOm,anti_homophones
18528,1,24,1,3,1,-4.078595973323163,4.078595973323163,kyR,anti_homophones
18529,1,0,0,9,3,-9.464293387319545,9.464293387319545,stRytat9R,anti_homophones
18530,1,13,1,4,2,-4.0823495937128085,4.0823495937128085,domi,anti_homophones
18531,1,0,0,7,2,-7.459393918256701,7.459393918256701,EkskRam,anti_homophones
18532,1,0,0,9,3,-9.3385845319485,9.3385845319485,gaRokints,anti_homophones
18533,1,1,0,5,2,-5.541018228449546,5.541018228449546,Zakje,anti_homophones
18534,1,0,0,10,3,-8.497168243091735,8.497168243091735,pROksikast,anti_homophones
18535,1,0,0,8,4,-7.659005444412201,7.659005444412201,sulogone,anti_homophones
18536,1,1,1,7,3,-5.145878767247608,5.145878767247608,admisj§,anti_homophones
18537,1,0,0,7,2,-7.10968607398768,7.10968607398768,sklavdy,anti_homophones
18538,1,5,0,6,2,-4.869926308676314,4.869926308676314,sypERs,anti_homophones
18539,1,0,0,9,4,-9.85640913154829,9.85640913154829,baRublin@,anti_homophones
18540,1,0,0,12,5,-11.637641838493472,11.637641838493472,fymEktist°te,anti_homophones
18541,1,1,0,7,3,-6.459157594212226,6.459157594212226,aswasj§,anti_homophones
18542,1,0,0,8,4,-6.216439370361712,6.216439370361712,R°pozaik,anti_homophones
18543,1,0,0,7,2,-6.124019045588177,6.124019045588177,kRonjER,anti_homophones
18544,1,0,0,11,5,-10.474044184337753,10.474044184337753,depozadOlik,anti_homophones
18545,1,0,0,9,4,-8.793566865251876,8.793566865251876,otoboRism,anti_homophones
18546,1,5,0,4,2,-4.809390287570245,4.809390287570245,suSE,anti_homophones
18547,1,1,0,8,4,-6.787361549889157,6.787361549889157,RidOlOZi,anti_homophones
18548,1,1,0,7,3,-6.507032590710811,6.507032590710811,k§p@syR,anti_homophones
18549,1,15,0,3,1,-4.7385148272444395,4.7385148272444395,flu,anti_homophones
18550,1,6,0,4,1,-6.71168952974949,6.71168952974949,aRks,anti_homophones
18551,1,14,0,3,2,-4.4662349988860575,4.4662349988860575,5si,anti_homophones
18552,1,22,0,4,2,-5.365233606595317,5.365233606595317,aist,anti_homophones
18553,1,6,1,4,1,-4.826285772059132,4.826285772059132,SatS,anti_homophones
18554,1,0,0,9,4,-5.769249980709582,5.769249980709582,devjalite,anti_homophones
18555,1,1,0,7,3,-5.9750982648786914,5.9750982648786914,pedikyl,anti_homophones
18556,1,0,0,7,2,-6.244454470542471,6.244454470542471,pERSmEn,anti_homophones
18557,1,1,0,6,3,-6.475261507006044,6.475261507006044,aN2lad,anti_homophones
18558,1,0,0,9,3,-6.5194112294362245,6.5194112294362245,kResjasj§,anti_homophones
18559,1,7,0,5,2,-5.3695117674981905,5.3695117674981905,ymabl,anti_homophones
18560,1,3,1,6,2,-5.054534732729878,5.054534732729878,malsif,anti_homophones
18561,1,0,0,8,3,-7.5037891233959,7.5037891233959,sybv°lin,anti_homophones
18562,1,0,0,10,4,-11.570115787599434,11.570115787599434,jidikalski,anti_homophones
18563,1,0,0,6,3,-7.416508748899663,7.416508748899663,t°naRe,anti_homophones
18564,1,0,0,13,5,-13.194062620996604,13.194062620996604,flipotERkalin,anti_homophones
18565,1,0,0,10,4,-10.218740094665995,10.218740094665995,Rep§dwas@s,anti_homophones
18566,1,0,0,11,5,-7.341591363410232,7.341591363410232,likasjOn°m@,anti_homophones
18567,1,0,0,10,5,-7.480739683551547,7.480739683551547,RefyZilite,anti_homophones
18568,1,7,1,6,3,-5.307327042283035,5.307327042283035,ypasj§,anti_homophones
18569,1,1,0,8,4,-7.354396895531868,7.354396895531868,fidalite,anti_homophones
18570,1,0,0,8,3,-7.998764760506242,7.998764760506242,fRazikER,anti_homophones
18571,1,3,1,5,2,-4.919650251042994,4.919650251042994,s§d9R,anti_homophones
18572,1,0,0,12,5,-10.639251118962214,10.639251118962214,kRimildOn°m@,anti_homophones
18573,1,0,0,8,4,-5.94866217777504,5.94866217777504,dek§fede,anti_homophones
18574,1,0,0,11,5,-11.30184028118021,11.30184028118021,vOlkiRot@te,anti_homophones
18575,1,1,0,7,3,-5.892243014115822,5.892243014115822,demofOn,anti_homophones
18576,1,13,0,2,1,-5.84700838891163,5.84700838891163,EZ,anti_homophones
18577,1,1,0,8,3,-5.923006321838685,5.923006321838685,pRomEt9R,anti_homophones
18578,1,0,0,11,4,-9.134853476097856,9.134853476097856,kRastezisj§,anti_homophones
18579,1,3,0,7,3,-5.031715891244704,5.031715891244704,Samasj§,anti_homophones
18580,1,1,0,5,2,-6.02791025230643,6.02791025230643,gaR@g,anti_homophones
18581,1,0,0,11,5,-9.48210649824742,9.48210649824742,galam@bR°m@,anti_homophones
18582,1,0,0,12,5,-7.641226792230758,7.641226792230758,aRmafjabl°m@,anti_homophones
18583,1,0,0,9,4,-6.614407588510451,6.614407588510451,siteRasj§,anti_homophones
18584,1,0,0,7,3,-7.771603149545822,7.771603149545822,edERmal,anti_homophones
18585,1,2,0,6,3,-5.5412604828569165,5.5412604828569165,amenaZ,anti_homophones
18586,1,4,0,6,3,-5.867173082406739,5.867173082406739,oviz9R,anti_homophones
18587,1,0,0,12,5,-9.498930449461495,9.498930449461495,desidjoaktif,anti_homophones
18588,1,2,0,5,3,-6.814441700783098,6.814441700783098,@kiNe,anti_homophones
18589,1,0,0,7,3,-6.91252967397841,6.91252967397841,R°balOp,anti_homophones
18590,1,1,0,6,2,-5.720909798164283,5.720909798164283,biftje,anti_homophones
18591,1,0,0,7,3,-7.735513231943303,7.735513231943303,Rekabl2,anti_homophones
18592,1,3,0,5,2,-5.450098196706486,5.450098196706486,b@bin,anti_homophones
18593,1,0,0,8,4,-9.099552540640946,9.099552540640946,5pat@tEl,anti_homophones
18594,1,0,0,4,2,-4.669582474732964,4.669582474732964,fufu,anti_homophones
18595,1,0,0,7,3,-6.993324193841411,6.993324193841411,R°k§fys,anti_homophones
18596,1,7,0,4,2,-5.287957354337739,5.287957354337739,pin2,anti_homophones
18597,1,4,0,4,1,-4.577184776858188,4.577184776858188,supl,anti_homophones
18598,1,4,0,5,3,-6.030972017003071,6.030972017003071,aniS§,anti_homophones
18599,1,6,0,4,2,-4.8070001315593975,4.8070001315593975,SiN§,anti_homophones
18600,1,0,0,7,3,-8.097736888434799,8.097736888434799,femoRyR,anti_homophones
18601,1,1,0,7,3,-6.660442007533108,6.660442007533108,bRom@te,anti_homophones
18602,1,0,0,8,3,-9.219013099657372,9.219013099657372,vElvinad,anti_homophones
18603,1,0,0,9,4,-9.583029274537223,9.583029274537223,gaREspaga,anti_homophones
18604,1,0,0,11,5,-6.097959501430286,6.097959501430286,f@talizasj§,anti_homophones
18605,1,1,1,7,3,-6.315751207773706,6.315751207773706,@kaRdje,anti_homophones
18606,1,0,0,6,2,-7.106754371462768,7.106754371462768,R°mERZ,anti_homophones
18607,1,0,0,9,4,-11.901878205614503,11.901878205614503,@dysilfid,anti_homophones
18608,1,0,0,11,5,-10.783628389059254,10.783628389059254,kapylatomoz,anti_homophones
18609,1,2,0,5,3,-5.7754731359628275,5.7754731359628275,ymina,anti_homophones
18610,1,1,0,6,3,-5.505635920296444,5.505635920296444,5flyOR,anti_homophones
18611,1,1,0,7,3,-7.011832280460608,7.011832280460608,gRotomi,anti_homophones
18612,1,0,0,7,3,-7.246242549904146,7.246242549904146,etRepid,anti_homophones
18613,1,0,0,7,3,-9.24516070187117,9.24516070187117,sisiviR,anti_homophones
18614,1,10,0,6,3,-5.228884591838976,5.228884591838976,kit°m@,anti_homophones
18615,1,3,0,5,3,-5.338038645735041,5.338038645735041,akuty,anti_homophones
18616,1,9,0,4,2,-4.812732098528898,4.812732098528898,R°Z@,anti_homophones
18617,1,0,0,7,3,-8.461556109313205,8.461556109313205,atRal2z,anti_homophones
18618,1,6,0,6,3,-5.045121495640372,5.045121495640372,5tERm@,anti_homophones
18619,1,1,0,6,2,-7.278909489694866,7.278909489694866,dOkt8@,anti_homophones
18620,1,0,0,8,3,-8.38315174528471,8.38315174528471,maZ@tizm,anti_homophones
18621,1,7,0,6,3,-5.530997993447983,5.530997993447983,aRdite,anti_homophones
18622,1,0,0,9,5,-7.2743245395120955,7.2743245395120955,feonaZ°m@,anti_homophones
18623,1,3,0,4,2,-4.832445871563117,4.832445871563117,muv@,anti_homophones
18624,1,1,1,7,3,-4.503794273764357,4.503794273764357,k§tR°Ri,anti_homophones
18625,1,1,0,6,3,-6.172825382526293,6.172825382526293,@sovje,anti_homophones
18626,1,9,0,4,2,-4.9741698856751135,4.9741698856751135,m@da,anti_homophones
18627,1,1,0,7,4,-8.176708570598077,8.176708570598077,eposem@,anti_homophones
18628,1,0,0,11,5,-11.04108244140269,11.04108244140269,feRemjoniz@,anti_homophones
18629,1,0,0,7,3,-7.5561656240448265,7.5561656240448265,myzaRti,anti_homophones
18630,1,0,0,10,5,-6.738503424046684,6.738503424046684,def@talite,anti_homophones
18631,1,0,0,11,5,-12.268467747802694,12.268467747802694,kodifamysil,anti_homophones
18632,1,1,0,6,2,-5.5094181128078565,5.5094181128078565,pwaz9R,anti_homophones
18633,1,3,0,5,2,-6.1855295209356065,6.1855295209356065,vwaRi,anti_homophones
18634,1,0,0,9,4,-7.227817943317019,7.227817943317019,RefavoRal,anti_homophones
18635,1,10,0,4,2,-5.625669493932765,5.625669493932765,ezin,anti_homophones
18636,1,14,0,3,1,-4.502651367514262,4.502651367514262,fja,anti_homophones
18637,1,4,0,5,2,-6.69443900623609,6.69443900623609,monEk,anti_homophones
18638,1,1,0,6,2,-6.222495529121978,6.222495529121978,maRmyR,anti_homophones
18639,1,13,0,4,2,-5.320504241643914,5.320504241643914,solo,anti_homophones
18640,1,0,0,8,3,-8.549959135242434,8.549959135242434,bERnisil,anti_homophones
18641,1,7,1,4,2,-4.3726978179994935,4.3726978179994935,R°po,anti_homophones
18642,1,3,0,5,2,-5.983092880695495,5.983092880695495,telid,anti_homophones
18643,1,1,0,6,2,-6.0204655956703865,6.0204655956703865,fRek@s,anti_homophones
18644,1,2,0,6,2,-5.218895588771204,5.218895588771204,syRizm,anti_homophones
18645,1,0,0,6,3,-5.968323854930922,5.968323854930922,sefaj@,anti_homophones
18646,1,2,0,6,2,-5.481072776132841,5.481072776132841,metRij,anti_homophones
18647,1,0,0,5,2,-4.98094734420625,4.98094734420625,Zynki,anti_homophones
18648,1,0,0,6,3,-5.815818797676212,5.815818797676212,Zybili,anti_homophones
18649,1,0,0,8,4,-9.032704084610394,9.032704084610394,apsot°ly,anti_homophones
18650,1,0,0,6,2,-6.491081988983542,6.491081988983542,EstRat,anti_homophones
18651,1,1,1,4,2,-4.722168619788377,4.722168619788377,@nEZ,anti_homophones
18652,1,0,0,7,3,-6.89318928943876,6.89318928943876,mobinEz,anti_homophones
18653,1,0,0,7,3,-8.68949606372756,8.68949606372756,apetROs,anti_homophones
18654,1,1,0,9,4,-6.067614146714424,6.067614146714424,medykasj§,anti_homophones
18655,1,0,0,13,5,-11.129999653529957,11.129999653529957,pebR@ledist@s,anti_homophones
18656,1,4,0,5,3,-5.653573081457778,5.653573081457778,@k§be,anti_homophones
18657,1,0,0,7,3,-8.002081535252094,8.002081535252094,toRipOd,anti_homophones
18658,1,19,0,5,2,-4.349473634562409,4.349473634562409,alizm,anti_homophones
18659,1,7,0,4,2,-5.531543821909431,5.531543821909431,Rab§,anti_homophones
18660,1,0,0,13,4,-8.388108236894936,8.388108236894936,pROspEkt@sjER,anti_homophones
18661,1,0,0,8,3,-8.866830110830536,8.866830110830536,taplaZ@s,anti_homophones
18662,1,8,0,5,2,-5.22329003483702,5.22329003483702,solis,anti_homophones
18663,1,5,0,5,3,-6.277703898360139,6.277703898360139,odize,anti_homophones
18664,1,0,0,11,5,-8.174600855333358,8.174600855333358,maligabl°m@,anti_homophones
18665,1,5,0,5,2,-5.973914631386226,5.973914631386226,EstiZ,anti_homophones
18666,1,13,1,6,2,-4.63106458316505,4.63106458316505,maRist,anti_homophones
18667,1,0,0,8,3,-8.356038471807912,8.356038471807912,kOslatRe,anti_homophones
18668,1,0,0,9,4,-6.955565698233066,6.955565698233066,vylneREz§,anti_homophones
18669,1,0,0,9,5,-10.651799427383365,10.651799427383365,5pomaniSe,anti_homophones
18670,1,4,0,5,1,-5.444029354667909,5.444029354667909,kRaks,anti_homophones
18671,1,0,0,9,4,-10.221191950473784,10.221191950473784,g2latoRaZ,anti_homophones
18672,1,0,0,6,4,-8.08791815646822,8.08791815646822,aeRoS5,anti_homophones
18673,1,2,0,5,3,-5.589565528526158,5.589565528526158,iNot@,anti_homophones
18674,1,0,0,12,4,-8.699408621127592,8.699408621127592,pORtasjOnist,anti_homophones
18675,1,3,0,5,2,-5.86156670682387,5.86156670682387,av@tR,anti_homophones
18676,1,9,0,5,2,-5.3993679537755614,5.3993679537755614,tRiz§,anti_homophones
18677,1,1,0,8,4,-5.316655432460973,5.316655432460973,5vokasj§,anti_homophones
18678,1,1,0,9,4,-6.739077064507492,6.739077064507492,k§fR§s°m@,anti_homophones
18679,1,0,0,10,4,-7.433812166222958,7.433812166222958,delEktoman,anti_homophones
18680,1,0,0,8,3,-7.66633217436329,7.66633217436329,kym@tasm,anti_homophones
18681,1,0,0,9,4,-9.87922666688358,9.87922666688358,balEgRofe,anti_homophones
18682,1,0,0,8,2,-9.216919050490816,9.216919050490816,tipsekst,anti_homophones
18683,1,8,0,4,2,-4.821392849080329,4.821392849080329,@bik,anti_homophones
18684,1,6,0,8,4,-4.667728634328447,4.667728634328447,anizasj§,anti_homophones
18685,1,0,0,11,5,-12.722197002084712,12.722197002084712,koRakadek§s,anti_homophones
18686,1,0,0,9,4,-9.109723182677314,9.109723182677314,god°vwake,anti_homophones
18687,1,0,0,6,3,-5.905606386707228,5.905606386707228,s@syRe,anti_homophones
18688,1,0,0,8,3,-7.2963102069793795,7.2963102069793795,muflytje,anti_homophones
18689,1,0,0,8,4,-8.896472169967515,8.896472169967515,epERlytE,anti_homophones
18690,1,0,0,12,4,-9.178674082490616,9.178674082490616,fR@koseks8El,anti_homophones
18691,1,0,0,12,5,-9.964601971218087,9.964601971218087,@f§seksyRvEj,anti_homophones
18692,1,2,0,5,2,-6.804423209685336,6.804423209685336,kORan,anti_homophones
18693,1,22,0,3,1,-4.149320846227123,4.149320846227123,kR@,anti_homophones
18694,1,19,0,2,1,-4.572555903118752,4.572555903118752,ol,anti_homophones
18695,1,0,0,8,4,-8.445633658392234,8.445633658392234,Rul@Zibu,anti_homophones
18696,1,0,0,9,5,-9.409337853270753,9.409337853270753,odominaty,anti_homophones
18697,1,2,0,5,1,-5.344852543317913,5.344852543317913,fl9Rn,anti_homophones
18698,1,0,0,9,4,-7.2034459142166885,7.2034459142166885,Eskapij9R,anti_homophones
18699,1,7,0,4,2,-4.867709979324764,4.867709979324764,alOp,anti_homophones
18700,1,0,0,12,4,-9.225996236444647,9.225996236444647,inEkspORsjEl,anti_homophones
18701,1,0,0,8,4,-8.86254891896881,8.86254891896881,im@sad9R,anti_homophones
18702,1,1,0,4,2,-5.423085069143303,5.423085069143303,SEdi,anti_homophones
18703,1,0,0,10,4,-8.871060123361787,8.871060123361787,sistitatik,anti_homophones
18704,1,4,0,6,3,-4.872643467422987,4.872643467422987,bisite,anti_homophones
18705,1,0,0,8,3,-6.500817814363311,6.500817814363311,k§gRafik,anti_homophones
18706,1,1,0,10,5,-6.0092918467434515,6.0092918467434515,piRabilite,anti_homophones
18707,1,5,0,5,2,-4.874742638932761,4.874742638932761,siRj5,anti_homophones
18708,1,0,0,7,3,-6.693734798183539,6.693734798183539,apskyla,anti_homophones
18709,1,0,0,9,4,-8.185986320071729,8.185986320071729,pOsteoRiR,anti_homophones
18710,1,17,0,3,1,-4.1348724806920405,4.1348724806920405,n9R,anti_homophones
18711,1,0,0,9,4,-7.325603067457798,7.325603067457798,son@tasj§,anti_homophones
18712,1,0,0,9,4,-7.237429760114254,7.237429760114254,pR5salite,anti_homophones
18713,1,0,0,7,3,-6.119072463823963,6.119072463823963,patomik,anti_homophones
18714,1,9,0,6,3,-5.1002293433920105,5.1002293433920105,faRize,anti_homophones
18715,1,0,0,11,5,-11.085862066937871,11.085862066937871,viRyRasist@,anti_homophones
18716,1,6,0,6,3,-4.879859286248035,4.879859286248035,dEZ°m@,anti_homophones
18717,1,14,1,4,2,-4.545355624306762,4.545355624306762,seke,anti_homophones
18718,1,9,0,5,2,-4.210542624748863,4.210542624748863,Resj§,anti_homophones
18719,1,12,1,4,2,-4.556258172750993,4.556258172750993,mas§,anti_homophones
18720,1,1,1,5,2,-6.049737149102672,6.049737149102672,pwavi,anti_homophones
18721,1,0,0,11,5,-10.995275441935448,10.995275441935448,amaskydasj2,anti_homophones
18722,1,1,0,7,3,-6.255419491649365,6.255419491649365,dopat9R,anti_homophones
18723,1,0,0,6,3,-6.747516038550696,6.747516038550696,s5duiR,anti_homophones
18724,1,0,0,10,4,-6.9962243324694295,6.9962243324694295,RevERtasj§,anti_homophones
18725,1,1,0,7,3,-6.468686861375571,6.468686861375571,b@binER,anti_homophones
18726,1,0,0,7,3,-7.1110880095302615,7.1110880095302615,aRbonom,anti_homophones
18727,1,1,0,4,1,-4.720529276958387,4.720529276958387,kOfR,anti_homophones
18728,1,1,1,6,3,-6.494065695105693,6.494065695105693,eklERo,anti_homophones
18729,1,0,0,12,5,-8.509018871759752,8.509018871759752,pReRogRavite,anti_homophones
18730,1,0,0,9,4,-9.407610560184724,9.407610560184724,R@kaRpEto,anti_homophones
18731,1,13,1,4,2,-4.814432700616762,4.814432700616762,adRe,anti_homophones
18732,1,1,0,5,3,-6.131452914321288,6.131452914321288,iReak,anti_homophones
18733,1,1,0,6,3,-5.4832683184993165,5.4832683184993165,aRm°Ri,anti_homophones
18734,1,0,0,6,3,-5.987753262892203,5.987753262892203,dekato,anti_homophones
18735,1,0,0,10,4,-7.071789914477463,7.071789914477463,EkstRonize,anti_homophones
18736,1,18,0,4,2,-4.779381344702519,4.779381344702519,eRal,anti_homophones
18737,1,0,0,8,2,-7.7331936584035725,7.7331936584035725,plakElkR,anti_homophones
18738,1,7,1,5,2,-4.364682798944738,4.364682798944738,bjote,anti_homophones
18739,1,1,0,7,3,-5.792590088100659,5.792590088100659,dezalj5,anti_homophones
18740,1,12,0,4,1,-4.975213713680578,4.975213713680578,tORt,anti_homophones
18741,1,0,0,7,3,-7.808082541866074,7.808082541866074,sesitoz,anti_homophones
18742,1,1,0,8,3,-6.868525673042202,6.868525673042202,petatizm,anti_homophones
18743,1,0,0,8,3,-8.379933416069646,8.379933416069646,fR8isola,anti_homophones
18744,1,0,0,11,4,-9.064514262958422,9.064514262958422,klospatasj§,anti_homophones
18745,1,5,0,5,1,-5.847886743294998,5.847886743294998,pl§bR,anti_homophones
18746,1,0,0,8,3,-6.66430492525175,6.66430492525175,djalisj5,anti_homophones
18747,1,0,0,9,4,-9.026116785359163,9.026116785359163,aRkizanal,anti_homophones
18748,1,4,0,5,2,-5.192037964163039,5.192037964163039,tonER,anti_homophones
18749,1,0,0,11,5,-8.31427874735547,8.31427874735547,5tERmiRwEte,anti_homophones
18750,1,0,0,8,3,-8.875048210140921,8.875048210140921,kOsmatyS,anti_homophones
18751,1,0,0,9,4,-7.72541231881956,7.72541231881956,meSafolje,anti_homophones
18752,1,0,0,9,4,-7.6774817649989275,7.6774817649989275,mikRomoZe,anti_homophones
18753,1,1,0,5,2,-5.967750436474395,5.967750436474395,ZavEl,anti_homophones
18754,1,5,0,5,1,-5.244587711504007,5.244587711504007,sERts,anti_homophones
18755,1,0,0,10,4,-8.552410056283353,8.552410056283353,poliREktiv,anti_homophones
18756,1,0,0,11,4,-9.801572967594927,9.801572967594927,tamtam9RtaZ,anti_homophones
18757,1,0,0,9,4,-7.381454386819863,7.381454386819863,inogRafOn,anti_homophones
18758,1,0,0,8,4,-9.824998931849354,9.824998931849354,kokypRie,anti_homophones
18759,1,0,0,10,4,-7.102301637723637,7.102301637723637,k§tR°kuvRe,anti_homophones
18760,1,1,0,6,3,-6.264562847346758,6.264562847346758,alp9Re,anti_homophones
18761,1,0,0,10,4,-8.642827230916051,8.642827230916051,gomjeliZid,anti_homophones
18762,1,0,0,9,4,-6.418774085329518,6.418774085329518,sakRedite,anti_homophones
18763,1,0,0,10,4,-7.718745179792126,7.718745179792126,kRisteRite,anti_homophones
18764,1,0,0,13,5,-9.865773977635763,9.865773977635763,kitOksin8asj§,anti_homophones
18765,1,1,0,6,2,-5.127102644324457,5.127102644324457,vomist,anti_homophones
18766,1,0,0,9,4,-9.461353516461468,9.461353516461468,naviseRap,anti_homophones
18767,1,16,0,4,2,-5.085885047368588,5.085885047368588,seRi,anti_homophones
18768,1,0,0,7,4,-7.463981494111359,7.463981494111359,pilOik@,anti_homophones
18769,1,4,1,5,3,-5.986092275974104,5.986092275974104,@l°Ri,anti_homophones
18770,1,17,0,2,1,-4.574332618262338,4.574332618262338,on,anti_homophones
18771,1,0,0,12,5,-11.463116634436473,11.463116634436473,sevastiSis9R,anti_homophones
18772,1,5,0,6,3,-4.952687647047741,4.952687647047741,tOn°m@,anti_homophones
18773,1,9,0,8,3,-5.134325911378613,5.134325911378613,kRizasj§,anti_homophones
18774,1,0,0,8,4,-8.304085929550844,8.304085929550844,ozofisje,anti_homophones
18775,1,0,0,8,2,-7.503031413166399,7.503031413166399,skRetR@s,anti_homophones
18776,1,9,0,4,1,-4.957558830223208,4.957558830223208,glyt,anti_homophones
18777,1,5,0,5,2,-5.234628876255,5.234628876255,Ostal,anti_homophones
18778,1,1,0,7,3,-5.448757023981073,5.448757023981073,sakRoSe,anti_homophones
18779,1,0,0,11,5,-8.875855705497212,8.875855705497212,@melEktat9R,anti_homophones
18780,1,1,0,6,2,-4.8174391659524645,4.8174391659524645,gR§d9R,anti_homophones
18781,1,0,0,6,2,-6.569441992707559,6.569441992707559,fRilEt,anti_homophones
18782,1,3,0,5,2,-5.709316107245286,5.709316107245286,Sodje,anti_homophones
18783,1,3,0,6,2,-5.4605108040113315,5.4605108040113315,vizabl,anti_homophones
18784,1,0,0,11,5,-10.465646962812896,10.465646962812896,Repatizon@s,anti_homophones
18785,1,6,0,6,2,-5.067989661340767,5.067989661340767,senist,anti_homophones
18786,1,0,0,6,2,-6.556313799058253,6.556313799058253,bR§zEn,anti_homophones
18787,1,12,0,6,3,-4.268722230982734,4.268722230982734,malize,anti_homophones
18788,1,4,0,5,2,-5.576004106752011,5.576004106752011,vidit,anti_homophones
18789,1,1,0,5,2,-5.926225902335906,5.926225902335906,nekon,anti_homophones
18790,1,0,0,7,3,-7.136966877853953,7.136966877853953,m@tiS9R,anti_homophones
18791,1,0,0,12,5,-11.06955756519563,11.06955756519563,k§bl@SeRiliz,anti_homophones
18792,1,4,0,5,2,-5.2465238630978455,5.2465238630978455,kRed@,anti_homophones
18793,1,15,0,3,2,-4.703406848853002,4.703406848853002,pe@,anti_homophones
18794,1,0,0,7,3,-6.139367202953597,6.139367202953597,5p8izEt,anti_homophones
18795,1,0,0,9,4,-8.15391512615486,8.15391512615486,aspatikyl,anti_homophones
18796,1,0,0,8,4,-9.624056053911156,9.624056053911156,itERmili,anti_homophones
18797,1,0,0,12,5,-11.646001262702333,11.646001262702333,feREskizisj@,anti_homophones
18798,1,0,0,8,4,-8.885468068462966,8.885468068462966,k@demuly,anti_homophones
18799,1,18,0,4,1,-4.730703929317304,4.730703929317304,bRak,anti_homophones
18800,1,0,0,12,5,-11.063353676379396,11.063353676379396,gR5gOlikORno,anti_homophones
18801,1,0,0,7,3,-8.689989519983687,8.689989519983687,tosERpe,anti_homophones
18802,1,3,1,4,2,-5.715599745700468,5.715599745700468,@k§t,anti_homophones
18803,1,0,0,10,4,-11.204921686674258,11.204921686674258,njeRegosj§,anti_homophones
18804,1,0,0,11,5,-10.719697379922998,10.719697379922998,5pyblikjam@,anti_homophones
18805,1,0,0,7,3,-5.810148155289785,5.810148155289785,@kyltyR,anti_homophones
18806,1,2,0,5,2,-4.955557894996764,4.955557894996764,mikRo,anti_homophones
18807,1,0,0,7,3,-6.985615838265077,6.985615838265077,debERl5,anti_homophones
18808,1,0,0,9,4,-7.542089172480372,7.542089172480372,R°sikosj§,anti_homophones
18809,1,1,0,6,2,-9.202259202685825,9.202259202685825,ftas9R,anti_homophones
18810,1,5,0,6,3,-6.1562672780179515,6.1562672780179515,ibl°m@,anti_homophones
18811,1,1,1,5,3,-4.742550824780721,4.742550824780721,ogyRe,anti_homophones
18812,1,1,0,5,2,-6.1685539568729135,6.1685539568729135,sepja,anti_homophones
18813,1,0,0,13,4,-14.07906313713206,14.07906313713206,skaRpablEmaRk,anti_homophones
18814,1,3,0,6,2,-5.4831639462811275,5.4831639462811275,flatif,anti_homophones
18815,1,1,0,7,3,-5.53581390375467,5.53581390375467,k§tR°fE,anti_homophones
18816,1,3,0,5,2,-5.357823127091546,5.357823127091546,taks§,anti_homophones
18817,1,3,0,5,3,-5.668280441942209,5.668280441942209,aRoni,anti_homophones
18818,1,0,0,6,2,-6.134247286718209,6.134247286718209,tajibl,anti_homophones
18819,1,6,0,3,1,-4.608863265791112,4.608863265791112,Sov,anti_homophones
18820,1,2,0,7,3,-6.11408536954006,6.11408536954006,R°t°naZ,anti_homophones
18821,1,8,0,7,4,-4.782645849206505,4.782645849206505,etik°m@,anti_homophones
18822,1,17,1,4,2,-4.368174985625892,4.368174985625892,sem@,anti_homophones
18823,1,9,0,5,2,-4.562784623950741,4.562784623950741,kuS9R,anti_homophones
18824,1,0,0,8,4,-7.833628557905632,7.833628557905632,betodoid,anti_homophones
18825,1,0,0,12,4,-7.688592761405825,7.688592761405825,defEktRoskOp,anti_homophones
18826,1,0,0,6,2,-7.282684318680944,7.282684318680944,l°vERN,anti_homophones
18827,1,0,0,10,5,-10.844803159529292,10.844803159529292,lap°Rolyte,anti_homophones
18828,1,1,0,6,3,-7.0152122026662775,7.0152122026662775,fakym5,anti_homophones
18829,1,0,0,7,2,-6.138881495299225,6.138881495299225,fliZabl,anti_homophones
18830,1,0,0,6,2,-7.79077103371048,7.79077103371048,tibOld,anti_homophones
18831,1,0,0,9,4,-7.620050354983647,7.620050354983647,RiguRmine,anti_homophones
18832,1,2,1,6,2,-4.714645631494393,4.714645631494393,d9mp9R,anti_homophones
18833,1,0,0,7,4,-7.490008680613867,7.490008680613867,ekaj°te,anti_homophones
18834,1,0,0,14,5,-10.767518434112995,10.767518434112995,pERfORmaRkl°m@,anti_homophones
18835,1,1,0,7,3,-5.642883550617878,5.642883550617878,tybERZe,anti_homophones
18836,1,1,0,7,3,-6.159999104364453,6.159999104364453,maRSike,anti_homophones
18837,1,3,0,6,2,-4.873725907296059,4.873725907296059,plan9R,anti_homophones
18838,1,0,0,14,4,-12.503519839421601,12.503519839421601,kORpjetERpREsk,anti_homophones
18839,1,0,0,8,4,-8.642983066912935,8.642983066912935,Espas°mE,anti_homophones
18840,1,0,0,6,2,-7.07225785390958,7.07225785390958,R°l9Rt,anti_homophones
18841,1,0,0,10,5,-9.59784294005053,9.59784294005053,deboSaRObe,anti_homophones
18842,1,1,0,7,2,-5.833878247067136,5.833878247067136,gRadjEn,anti_homophones
18843,1,0,0,10,3,-5.986591953416829,5.986591953416829,k§stRyktyR,anti_homophones
18844,1,3,0,7,3,-6.165383259561772,6.165383259561772,5tERnad,anti_homophones
18845,1,1,0,6,2,-6.443943946458258,6.443943946458258,snaj9R,anti_homophones
18846,1,0,0,8,4,-9.015467340255341,9.015467340255341,anonjERa,anti_homophones
18847,1,17,0,3,1,-4.144097543050838,4.144097543050838,kup,anti_homophones
18848,1,2,0,6,2,-5.754005267402385,5.754005267402385,skadRe,anti_homophones
18849,1,1,0,6,3,-5.303474112641415,5.303474112641415,goSimi,anti_homophones
18850,1,6,0,4,2,-5.051159766347563,5.051159766347563,ylse,anti_homophones
18851,1,0,0,11,4,-7.297157777913195,7.297157777913195,guvERnalizm,anti_homophones
18852,1,0,0,8,4,-9.082060774062914,9.082060774062914,b@dol2Re,anti_homophones
18853,1,0,0,10,4,-9.997421728511322,9.997421728511322,polasteROm,anti_homophones
18854,1,1,0,6,3,-5.982104553927425,5.982104553927425,ebRaze,anti_homophones
18855,1,0,0,10,5,-9.403325927480317,9.403325927480317,eSaRlataje,anti_homophones
18856,1,21,2,3,2,-3.941309069814782,3.941309069814782,epi,anti_homophones
18857,1,0,0,13,5,-13.55616704282695,13.55616704282695,blObinisemjyR,anti_homophones
18858,1,0,0,8,3,-8.088644570093713,8.088644570093713,spOtisj§,anti_homophones
18859,1,0,0,11,5,-6.743337947399177,6.743337947399177,eg8alizasj§,anti_homophones
18860,1,0,0,8,3,-7.993305654516988,7.993305654516988,bRustuj2,anti_homophones
18861,1,0,0,7,3,-7.088621062279666,7.088621062279666,5fR@kaR,anti_homophones
18862,1,15,0,3,1,-4.584477256373091,4.584477256373091,fyn,anti_homophones
18863,1,0,0,9,4,-6.6011978758090875,6.6011978758090875,supjER°m@,anti_homophones
18864,1,1,0,10,4,-8.383021758747896,8.383021758747896,tEsklav°m@,anti_homophones
18865,1,2,0,7,4,-5.993218913255433,5.993218913255433,animite,anti_homophones
18866,1,1,0,6,3,-6.027019128734994,6.027019128734994,§dwaj5,anti_homophones
18867,1,3,0,7,4,-5.192969680934315,5.192969680934315,otoloZi,anti_homophones
18868,1,2,0,6,2,-5.362346891697907,5.362346891697907,R2fabl,anti_homophones
18869,1,0,0,9,3,-8.875924786639896,8.875924786639896,dislogabl,anti_homophones
18870,1,4,0,6,3,-5.528534553139862,5.528534553139862,k§pose,anti_homophones
18871,1,0,0,12,5,-11.209561221055408,11.209561221055408,fORmenitRale,anti_homophones
18872,1,6,0,6,3,-5.411205104694404,5.411205104694404,ipERpe,anti_homophones
18873,1,1,0,7,2,-5.8048893972625875,5.8048893972625875,bjoSist,anti_homophones
18874,1,0,0,4,2,-5.432774175713795,5.432774175713795,Olm@,anti_homophones
18875,1,3,0,5,2,-5.212424794272991,5.212424794272991,dek§t,anti_homophones
18876,1,0,0,10,4,-9.09054629362284,9.09054629362284,koZistisj5,anti_homophones
18877,1,0,0,9,4,-6.736178928086324,6.736178928086324,peRilat9R,anti_homophones
18878,1,0,0,6,3,-8.556252079678476,8.556252079678476,OtoSyR,anti_homophones
18879,1,7,1,4,2,-4.533052672866408,4.533052672866408,vid@,anti_homophones
18880,1,5,0,5,3,-5.483886622563162,5.483886622563162,5dik@,anti_homophones
18881,1,0,1,4,2,-4.912066047877374,4.912066047877374,OSpo,anti_homophones
18882,1,0,0,8,4,-7.026466133232388,7.026466133232388,kyRaj°Ri,anti_homophones
18883,1,0,0,5,2,-6.906866561302981,6.906866561302981,gijad,anti_homophones
18884,1,0,0,14,5,-12.829118606477875,12.829118606477875,katROtOksinizm,anti_homophones
18885,1,14,0,4,2,-4.7656924378884575,4.7656924378884575,pER5,anti_homophones
18886,1,2,0,6,2,-5.30139119137359,5.30139119137359,ZenjER,anti_homophones
18887,1,1,1,7,3,-5.011045056065755,5.011045056065755,Zwis°m@,anti_homophones
18888,1,0,0,6,3,-6.912447123846993,6.912447123846993,dikalo,anti_homophones
18889,1,4,0,5,2,-5.347741977309087,5.347741977309087,tRyze,anti_homophones
18890,1,0,0,10,4,-9.332720478904678,9.332720478904678,lagRanasj§,anti_homophones
18891,1,0,0,6,3,-7.007705055052261,7.007705055052261,dekizi,anti_homophones
18892,1,0,0,9,4,-6.500814982663985,6.500814982663985,EksjonaZe,anti_homophones
18893,1,3,0,6,2,-4.891205525264063,4.891205525264063,myzabl,anti_homophones
18894,1,19,1,4,2,-4.13429414587288,4.13429414587288,komi,anti_homophones
18895,1,0,0,9,4,-9.191279783444884,9.191279783444884,kuRbonaZ@,anti_homophones
18896,1,4,1,6,3,-5.29000861789509,5.29000861789509,akORde,anti_homophones
18897,1,0,0,11,5,-11.011256870106065,11.011256870106065,R°b§dRisimi,anti_homophones
18898,1,2,0,6,3,-5.773500121562716,5.773500121562716,@gORne,anti_homophones
18899,1,0,0,10,5,-8.102939610291534,8.102939610291534,paREnaRite,anti_homophones
18900,1,5,0,5,2,-5.294591130926638,5.294591130926638,miniR,anti_homophones
18901,1,2,1,4,2,-4.534394283025686,4.534394283025686,S@s§,anti_homophones
18902,1,0,0,11,5,-12.441621716698362,12.441621716698362,akgRamaRaSe,anti_homophones
18903,1,5,0,4,2,-4.6336572700763625,4.6336572700763625,mod@,anti_homophones
18904,1,0,0,7,3,-10.763397839545808,10.763397839545808,t@gablo,anti_homophones
18905,1,0,0,7,3,-6.1872009644379595,6.1872009644379595,an°bjER,anti_homophones
18906,1,22,0,3,1,-4.385009863304002,4.385009863304002,bif,anti_homophones
18907,1,0,0,9,4,-7.980386107934895,7.980386107934895,disip@d9R,anti_homophones
18908,1,0,0,8,4,-8.446673815585703,8.446673815585703,soRatise,anti_homophones
18909,1,0,0,7,3,-7.736239854072254,7.736239854072254,masimER,anti_homophones
18910,1,0,0,10,4,-7.580167084910965,7.580167084910965,fRatogRafi,anti_homophones
18911,1,0,0,7,3,-6.540834637689314,6.540834637689314,degwaj@,anti_homophones
18912,1,0,0,9,4,-10.215269435348736,10.215269435348736,ROmitRone,anti_homophones
18913,1,0,0,9,4,-7.388423023286537,7.388423023286537,des@tifik,anti_homophones
18914,1,16,0,4,2,-4.450734700962808,4.450734700962808,jone,anti_homophones
18915,1,0,0,8,3,-9.219772499549327,9.219772499549327,dikylt8i,anti_homophones
18916,1,0,0,6,3,-6.405186807536342,6.405186807536342,OfsEto,anti_homophones
18917,1,1,0,7,3,-6.433265254311078,6.433265254311078,bjoSis@,anti_homophones
18918,1,10,0,5,2,-4.860700281671391,4.860700281671391,bataZ,anti_homophones
18919,1,9,0,5,3,-5.030054488743458,5.030054488743458,akute,anti_homophones
18920,1,2,0,6,2,-5.67131766715878,5.67131766715878,bRynEl,anti_homophones
18921,1,8,0,5,2,-4.641823727315014,4.641823727315014,aRSik,anti_homophones
18922,1,0,0,5,2,-7.662217711481243,7.662217711481243,l8Et@,anti_homophones
18923,1,0,1,6,3,-5.108804229179676,5.108804229179676,beneRe,anti_homophones
18924,1,3,0,4,2,-4.880451256345747,4.880451256345747,@gus,anti_homophones
18925,1,0,0,9,3,-7.110005459289363,7.110005459289363,detRitmik,anti_homophones
18926,1,1,0,9,4,-7.354048682779827,7.354048682779827,paRakolER,anti_homophones
18927,1,0,0,12,5,-10.93903201749902,10.93903201749902,melEskalmoad,anti_homophones
18928,1,0,0,8,3,-9.387850504218864,9.387850504218864,astRERse,anti_homophones
18929,1,0,0,8,3,-5.87957905649482,5.87957905649482,sysEpt9R,anti_homophones
18930,1,1,0,7,3,-6.108320651840401,6.108320651840401,Egzot@s,anti_homophones
18931,1,1,0,7,3,-6.516860158034465,6.516860158034465,solER9R,anti_homophones
18932,1,2,0,4,2,-5.079249196429815,5.079249196429815,f§gy,anti_homophones
18933,1,12,0,4,1,-4.5368243293415045,4.5368243293415045,vEst,anti_homophones
18934,1,0,0,9,4,-7.869236912699732,7.869236912699732,depRatine,anti_homophones
18935,1,2,0,7,3,-6.51402551057647,6.51402551057647,Eskap9R,anti_homophones
18936,1,2,0,5,2,-5.495396832379863,5.495396832379863,patEs,anti_homophones
18937,1,0,0,8,3,-7.071521914545661,7.071521914545661,bov5sizm,anti_homophones
18938,1,0,0,11,4,-9.832811059693535,9.832811059693535,RivwazERnaZ,anti_homophones
18939,1,3,0,5,2,-4.924443158755308,4.924443158755308,mjote,anti_homophones
18940,1,0,0,10,4,-9.597294398782704,9.597294398782704,djoakyltiZ,anti_homophones
18941,1,1,0,7,2,-6.365663591502979,6.365663591502979,indst9R,anti_homophones
18942,1,0,0,9,4,-7.815992405012269,7.815992405012269,puRsaZ°m@,anti_homophones
18943,1,6,1,6,2,-4.835217773777465,4.835217773777465,pomEtR,anti_homophones
18944,1,1,0,4,2,-4.968703120058571,4.968703120058571,blui,anti_homophones
18945,1,3,1,4,3,-4.888111621184829,4.888111621184829,aan@,anti_homophones
18946,1,0,0,8,3,-7.863329499513624,7.863329499513624,bemORk9R,anti_homophones
18947,1,0,0,10,4,-9.65038133010846,9.65038133010846,ipnOsteRal,anti_homophones
18948,1,0,0,8,3,-7.508818067273054,7.508818067273054,spiREs@s,anti_homophones
18949,1,18,1,5,2,-4.137593514228834,4.137593514228834,bRije,anti_homophones
18950,1,0,0,7,3,-7.761795371626274,7.761795371626274,nim2zj5,anti_homophones
18951,1,11,0,6,3,-5.469119026910496,5.469119026910496,dat°m@,anti_homophones
18952,1,1,0,5,3,-5.495483961209462,5.495483961209462,anime,anti_homophones
18953,1,0,0,13,5,-11.779554523239076,11.779554523239076,atROmadmiRabl,anti_homophones
18954,1,0,0,8,3,-8.936660967180181,8.936660967180181,syRablOb,anti_homophones
18955,1,4,0,4,1,-4.849680423934382,4.849680423934382,fl9S,anti_homophones
18956,1,7,1,4,1,-4.592987138233575,4.592987138233575,fuRm,anti_homophones
18957,1,6,0,5,2,-4.859633247606826,4.859633247606826,elEsk,anti_homophones
18958,1,0,0,10,5,-8.94500361883049,8.94500361883049,5pydim@til,anti_homophones
18959,1,12,1,4,2,-4.9591681652696895,4.9591681652696895,gami,anti_homophones
18960,1,0,0,5,2,-6.7922000076100195,6.7922000076100195,batol,anti_homophones
18961,1,31,1,3,1,-4.120867024205492,4.120867024205492,bRi,anti_homophones
18962,1,0,0,6,3,-7.148103633106569,7.148103633106569,ZyRij§,anti_homophones
18963,1,7,0,3,1,-5.884152887819511,5.884152887819511,p5g,anti_homophones
18964,1,0,0,8,4,-8.531642508049485,8.531642508049485,detERali,anti_homophones
18965,1,0,0,7,3,-6.869175516960394,6.869175516960394,Sipityd,anti_homophones
18966,1,9,0,6,3,-5.329890860612719,5.329890860612719,RaR°m@,anti_homophones
18967,1,3,0,6,2,-6.230350686741869,6.230350686741869,pRonOk,anti_homophones
18968,1,2,0,4,2,-4.763136324827186,4.763136324827186,Revy,anti_homophones
18969,1,0,0,9,5,-6.579604036383461,6.579604036383461,imal2z°m@,anti_homophones
18970,1,0,0,7,3,-6.479213028797682,6.479213028797682,medjano,anti_homophones
18971,1,0,0,15,5,-11.375696574894738,11.375696574894738,seksplozitEksj§,anti_homophones
18972,1,1,0,6,3,-5.010060318466162,5.010060318466162,pupone,anti_homophones
18973,1,0,0,7,3,-7.475753723675478,7.475753723675478,p§pERpe,anti_homophones
18974,1,0,0,9,4,-7.406171551576757,7.406171551576757,selev@tif,anti_homophones
18975,1,0,0,7,3,-6.217339462276204,6.217339462276204,stazite,anti_homophones
18976,1,0,0,11,4,-11.160333732367384,11.160333732367384,aRdjatRomat,anti_homophones
18977,1,3,0,5,2,-4.422417137721627,4.422417137721627,fR@Se,anti_homophones
18978,1,0,1,6,3,-5.255009237620613,5.255009237620613,@pwine,anti_homophones
18979,1,5,0,6,2,-6.232582354514508,6.232582354514508,movist,anti_homophones
18980,1,11,1,7,3,-4.683266027217649,4.683266027217649,makasj§,anti_homophones
18981,1,12,1,7,3,-4.1864042069668885,4.1864042069668885,kabl°m@,anti_homophones
18982,1,0,0,6,2,-5.839470926728087,5.839470926728087,kOkabl,anti_homophones
18983,1,0,0,10,5,-9.000854594985954,9.000854594985954,fERinal°m@,anti_homophones
18984,1,14,1,4,2,-4.603261385831456,4.603261385831456,bORe,anti_homophones
18985,1,6,1,4,1,-4.642539812487932,4.642539812487932,sEpt,anti_homophones
18986,1,0,0,7,3,-5.563986508349495,5.563986508349495,pERfeRe,anti_homophones
18987,1,14,1,4,1,-4.8703869315229875,4.8703869315229875,pRiz,anti_homophones
18988,1,1,0,7,3,-6.770558446312599,6.770558446312599,5tERZil,anti_homophones
18989,1,6,0,6,2,-6.147176137089664,6.147176137089664,vaRsj§,anti_homophones
18990,1,6,0,5,2,-5.597953170050025,5.597953170050025,pRol§,anti_homophones
18991,1,0,0,13,5,-11.293473715660985,11.293473715660985,plEzamin8ijER,anti_homophones
18992,1,3,0,4,2,-4.853040091328651,4.853040091328651,Olle,anti_homophones
18993,1,5,0,4,2,-4.9216908255609955,4.9216908255609955,s@si,anti_homophones
18994,1,5,0,3,1,-4.610669353517696,4.610669353517696,s85,anti_homophones
18995,1,8,0,5,2,-5.719496483909875,5.719496483909875,SaRpi,anti_homophones
18996,1,0,0,8,3,-5.5877384924466975,5.5877384924466975,skRis°m@,anti_homophones
18997,1,0,0,7,3,-7.002895481712572,7.002895481712572,fuRSive,anti_homophones
18998,1,0,0,10,4,-8.416268199947664,8.416268199947664,ipogRafRER,anti_homophones
18999,1,0,0,9,4,-7.398149147788681,7.398149147788681,d§ptilite,anti_homophones
19000,1,11,1,5,1,-5.29964812907434,5.29964812907434,dRist,anti_homophones
19001,1,0,0,9,4,-8.860369219733304,8.860369219733304,S@sElyREl,anti_homophones
19002,1,8,1,5,2,-4.936343079927052,4.936343079927052,mazEl,anti_homophones
19003,1,5,0,5,2,-5.814774809991995,5.814774809991995,denat,anti_homophones
19004,1,8,1,4,1,-4.257930781460974,4.257930781460974,fRwa,anti_homophones
19005,1,0,0,8,4,-7.802684376239538,7.802684376239538,@vazaRde,anti_homophones
19006,1,1,0,6,3,-4.636986915080121,4.636986915080121,@sEN9R,anti_homophones
19007,1,0,0,10,4,-8.242957205589354,8.242957205589354,fRiktiv°te,anti_homophones
19008,1,1,0,6,3,-5.710484960143902,5.710484960143902,syRale,anti_homophones
19009,1,2,0,6,3,-6.11172185753822,6.11172185753822,ataS9R,anti_homophones
19010,1,0,0,7,3,-7.677710106189109,7.677710106189109,demataf,anti_homophones
19011,1,0,0,8,4,-7.5152862331358685,7.5152862331358685,Zydamate,anti_homophones
19012,1,3,0,6,2,-5.82737243434008,5.82737243434008,skRis@,anti_homophones
19013,1,9,0,4,2,-5.5880853220129305,5.5880853220129305,iRan,anti_homophones
19014,1,3,0,5,2,-5.7951717278500245,5.7951717278500245,@klOp,anti_homophones
19015,1,0,0,7,3,-6.242810591950572,6.242810591950572,debaRaZ,anti_homophones
19016,1,0,0,10,4,-12.180835696752514,12.180835696752514,zaj9R°m89p,anti_homophones
19017,1,0,0,7,3,-7.489246467361407,7.489246467361407,RekRoti,anti_homophones
19018,1,0,0,7,3,-7.490316021449416,7.490316021449416,kRemyRi,anti_homophones
19019,1,2,0,5,2,-6.329879014263056,6.329879014263056,Ribil,anti_homophones
19020,1,0,0,9,4,-7.922496097293735,7.922496097293735,@ZweteRj5,anti_homophones
19021,1,22,1,6,2,-3.830602930226773,3.830602930226773,tRasj§,anti_homophones
19022,1,20,1,4,2,-4.586126607114512,4.586126607114512,deme,anti_homophones
19023,1,7,0,6,3,-4.715584690616317,4.715584690616317,diN°m@,anti_homophones
19024,1,20,1,3,1,-4.581921755339526,4.581921755339526,nOk,anti_homophones
19025,1,8,1,4,1,-4.557119745874443,4.557119745874443,flOR,anti_homophones
19026,1,4,0,6,2,-5.1335820266867165,5.1335820266867165,koSwaR,anti_homophones
19027,1,1,0,5,2,-5.636990757178201,5.636990757178201,ORdj5,anti_homophones
19028,1,0,0,8,4,-5.853072501699917,5.853072501699917,dekan°m@,anti_homophones
19029,1,2,0,6,3,-6.860904501188071,6.860904501188071,nap°ti,anti_homophones
19030,1,0,0,14,5,-11.5128228338552,11.5128228338552,mEstRonomisj@s,anti_homophones
19031,1,3,0,5,2,-6.129771424942197,6.129771424942197,p@tis,anti_homophones
19032,1,0,0,10,3,-10.034010666565468,10.034010666565468,kolEkskRyd,anti_homophones
19033,1,0,0,9,4,-5.623593178116077,5.623593178116077,gRifik°m@,anti_homophones
19034,1,0,0,9,4,-8.151124291834357,8.151124291834357,@gR°lySyR,anti_homophones
19035,1,0,0,8,4,-8.588329926952328,8.588329926952328,dusiNole,anti_homophones
19036,1,1,0,7,3,-5.68901274482934,5.68901274482934,difyZ9R,anti_homophones
19037,1,7,0,5,2,-5.040433072778473,5.040433072778473,sin9R,anti_homophones
19038,1,0,0,7,3,-7.134492990319705,7.134492990319705,sekapaZ,anti_homophones
19039,1,1,0,8,3,-7.362470133516945,7.362470133516945,giRloZik,anti_homophones
19040,1,0,0,10,5,-9.291452601031192,9.291452601031192,selyliZeR@,anti_homophones
19041,1,0,0,8,3,-6.090861517171131,6.090861517171131,R°poRt9R,anti_homophones
19042,1,0,0,8,3,-8.050938987479192,8.050938987479192,pylmisj2,anti_homophones
19043,1,3,0,6,3,-6.042482187561098,6.042482187561098,aniS9R,anti_homophones
19044,1,0,0,8,2,-7.855604383149244,7.855604383149244,tRadzjas,anti_homophones
19045,1,4,1,7,3,-4.584365587028226,4.584365587028226,komynik,anti_homophones
19046,1,0,0,9,4,-8.525963449885827,8.525963449885827,esufleSif,anti_homophones
19047,1,0,0,9,4,-8.05714220576425,8.05714220576425,iRefEktRi,anti_homophones
19048,1,0,0,5,2,-7.820633242161122,7.820633242161122,l89lE,anti_homophones
19049,1,0,0,11,5,-12.267945894056306,12.267945894056306,@tRepid§tan,anti_homophones
19050,1,0,0,7,2,-6.544758016990358,6.544758016990358,dREsp§s,anti_homophones
19051,1,24,0,3,2,-6.017078014265648,6.017078014265648,mai,anti_homophones
19052,1,2,0,6,3,-6.301327801104521,6.301327801104521,syREt@,anti_homophones
19053,1,0,0,8,4,-6.8773869417063755,6.8773869417063755,bitoloZi,anti_homophones
19054,1,3,0,6,2,-5.025820778760943,5.025820778760943,tREnaZ,anti_homophones
19055,1,0,0,7,3,-6.073564403173208,6.073564403173208,sed@taZ,anti_homophones
19056,1,5,0,5,2,-5.360866121866714,5.360866121866714,sypid,anti_homophones
19057,1,0,0,10,4,-7.955180725542038,7.955180725542038,matisfatik,anti_homophones
19058,1,1,0,7,3,-6.048013066731025,6.048013066731025,abORdje,anti_homophones
19059,1,0,0,7,3,-5.958377302337982,5.958377302337982,syRReZe,anti_homophones
19060,1,0,0,8,3,-6.550447068804157,6.550447068804157,vuvwajaR,anti_homophones
19061,1,0,0,8,3,-7.3891612834117995,7.3891612834117995,deleRjal,anti_homophones
19062,1,0,0,7,3,-9.446808088883767,9.446808088883767,dipS@di,anti_homophones
19063,1,0,0,8,3,-7.9838163674982425,7.9838163674982425,kadystER,anti_homophones
19064,1,15,1,6,3,-3.7975857529589154,3.7975857529589154,polite,anti_homophones
19065,1,0,0,6,3,-6.159161192314821,6.159161192314821,aZinik,anti_homophones
19066,1,0,0,10,5,-9.505003036661481,9.505003036661481,t§kiSOk°t5,anti_homophones
19067,1,0,0,12,5,-12.028318083979576,12.028318083979576,R°v@tRiskala,anti_homophones
19068,1,0,0,7,4,-8.59998084762929,8.59998084762929,al@tabi,anti_homophones
19069,1,30,1,4,2,-4.433853283994022,4.433853283994022,baRe,anti_homophones
19070,1,0,0,9,4,-7.462017027200072,7.462017027200072,onokRatik,anti_homophones
19071,1,1,0,8,3,-7.182879469509778,7.182879469509778,defabR9R,anti_homophones
19072,1,1,1,7,3,-4.99509283032396,4.99509283032396,devwaje,anti_homophones
19073,1,0,0,6,2,-5.874290886568558,5.874290886568558,magnOm,anti_homophones
19074,1,0,0,9,4,-9.2923413782118,9.2923413782118,kakasERZe,anti_homophones
19075,1,10,1,3,1,-4.586612520329444,4.586612520329444,Zap,anti_homophones
19076,1,1,0,6,3,-6.934722786686835,6.934722786686835,l@son@,anti_homophones
19077,1,0,0,10,4,-10.359238148017518,10.359238148017518,pl@tyR5tim,anti_homophones
19078,1,5,0,4,2,-5.20075432419646,5.20075432419646,aspE,anti_homophones
19079,1,0,0,9,4,-8.93506213708026,8.93506213708026,akjatRij2,anti_homophones
19080,1,2,0,8,4,-5.425125711141858,5.425125711141858,otokasj§,anti_homophones
19081,1,3,0,5,2,-6.039588727792183,6.039588727792183,bRad5,anti_homophones
19082,1,0,0,11,5,-11.60960742087099,11.60960742087099,mazolekolit,anti_homophones
19083,1,0,0,11,5,-12.282858132451826,12.282858132451826,aviRomisjam,anti_homophones
19084,1,4,1,6,2,-5.062816023826339,5.062816023826339,denjOm,anti_homophones
19085,1,4,0,6,3,-5.857655420072657,5.857655420072657,iRit8e,anti_homophones
19086,1,4,0,6,3,-4.934581637858708,4.934581637858708,5fORme,anti_homophones
19087,1,3,1,8,4,-4.804014838199536,4.804014838199536,bibilite,anti_homophones
19088,1,1,0,5,2,-5.739921790138009,5.739921790138009,RiZin,anti_homophones
19089,1,0,0,7,3,-6.532666119567304,6.532666119567304,R@fERte,anti_homophones
19090,1,0,0,14,5,-9.800558707685283,9.800558707685283,RadjobylbytwaR,anti_homophones
19091,1,0,0,10,5,-10.672829966281554,10.672829966281554,inem@taRas,anti_homophones
19092,1,0,0,6,3,-9.37702866066318,9.37702866066318,@kefOn,anti_homophones
19093,1,0,1,6,3,-6.646488530150279,6.646488530150279,ep§taZ,anti_homophones
19094,1,0,0,10,5,-7.919670600017838,7.919670600017838,enORganite,anti_homophones
19095,1,4,0,7,3,-5.74046965465647,5.74046965465647,Refisj§,anti_homophones
19096,1,4,1,6,2,-4.440509574409105,4.440509574409105,pylsj§,anti_homophones
19097,1,1,0,8,4,-5.436196911601,5.436196911601,devEn°m@,anti_homophones
19098,1,2,0,8,3,-5.32631819241485,5.32631819241485,kapitwaR,anti_homophones
19099,1,0,0,8,3,-8.124096698846067,8.124096698846067,gRomOdza,anti_homophones
19100,1,17,0,3,1,-4.376194859940167,4.376194859940167,siN,anti_homophones
19101,1,0,0,5,2,-6.04783491612455,6.04783491612455,fuGj5,anti_homophones
19102,1,0,0,9,4,-8.593033934849368,8.593033934849368,5flanifOn,anti_homophones
19103,1,3,0,5,2,-5.361578348853266,5.361578348853266,notin,anti_homophones
19104,1,3,0,6,2,-4.3432310770843845,4.3432310770843845,vERsj§,anti_homophones
19105,1,1,0,6,2,-5.24977512275915,5.24977512275915,filtRe,anti_homophones
19106,1,0,0,12,5,-11.553203239404109,11.553203239404109,mEgmatRopika,anti_homophones
19107,1,0,0,9,3,-10.807601029375515,10.807601029375515,fRESfRygo,anti_homophones
19108,1,1,0,5,2,-5.964666039326243,5.964666039326243,pekaZ,anti_homophones
19109,1,0,0,11,4,-10.982451744518384,10.982451744518384,platR°d§dEz,anti_homophones
19110,1,0,0,4,2,-6.319675707642584,6.319675707642584,lEjo,anti_homophones
19111,1,10,0,5,2,-5.2163092809135225,5.2163092809135225,taRis,anti_homophones
19112,1,2,0,7,3,-6.683534680786323,6.683534680786323,teleZje,anti_homophones
19113,1,1,0,8,3,-5.798695325563002,5.798695325563002,bR@Sis9R,anti_homophones
19114,1,0,0,8,3,-7.636364997002337,7.636364997002337,RegR°nER,anti_homophones
19115,1,2,0,4,2,-4.714674779138781,4.714674779138781,biGo,anti_homophones
19116,1,0,0,11,5,-9.95499942536516,9.95499942536516,@glomisit9R,anti_homophones
19117,1,0,0,7,3,-5.987999546624616,5.987999546624616,aRp@tje,anti_homophones
19118,1,0,0,10,5,-8.496235145056938,8.496235145056938,p2plikeite,anti_homophones
19119,1,1,0,8,4,-6.625150858630315,6.625150858630315,deRit°m@,anti_homophones
19120,1,0,0,6,2,-6.872052613775111,6.872052613775111,maRmaj,anti_homophones
19121,1,0,0,8,3,-6.835872234922829,6.835872234922829,s8isosje,anti_homophones
19122,1,0,0,9,4,-7.811226505238813,7.811226505238813,depyblik5,anti_homophones
19123,1,0,0,10,4,-7.191460568701517,7.191460568701517,melEktifje,anti_homophones
19124,1,0,0,6,3,-6.277278764003127,6.277278764003127,syRaZ@,anti_homophones
19125,1,26,2,4,2,-4.020448103877851,4.020448103877851,alER,anti_homophones
19126,1,13,1,3,1,-4.509146360370204,4.509146360370204,k9j,anti_homophones
19127,1,0,0,14,5,-12.398715872593009,12.398715872593009,sERvalifORmjOS,anti_homophones
19128,1,0,0,9,3,-8.602792193022527,8.602792193022527,soviz8abl,anti_homophones
19129,1,0,0,8,4,-8.949426183832792,8.949426183832792,RetjOnea,anti_homophones
19130,1,3,0,7,3,-5.567400326340373,5.567400326340373,debyS9R,anti_homophones
19131,1,0,0,5,3,-6.07490024179239,6.07490024179239,etERo,anti_homophones
19132,1,0,0,8,4,-5.874321054514104,5.874321054514104,REj2z°m@,anti_homophones
19133,1,0,0,9,4,-8.354047367223757,8.354047367223757,RegRamati,anti_homophones
19134,1,0,0,6,2,-5.526733660918343,5.526733660918343,kORnEt,anti_homophones
19135,1,3,0,6,2,-4.363837640423774,4.363837640423774,k§fORm,anti_homophones
19136,1,0,0,6,3,-6.849917601276708,6.849917601276708,5v@tRo,anti_homophones
19137,1,2,0,6,3,-6.104587323752012,6.104587323752012,ivwale,anti_homophones
19138,1,0,0,10,5,-8.73767890344058,8.73767890344058,megaERtygE,anti_homophones
19139,1,2,0,7,3,-7.145787765923003,7.145787765923003,menaRik,anti_homophones
19140,1,1,0,6,2,-6.311524010294969,6.311524010294969,bRust§,anti_homophones
19141,1,0,0,9,4,-9.455323337172432,9.455323337172432,jOgRafiz@,anti_homophones
19142,1,0,0,13,5,-12.758422259184437,12.758422259184437,m2laRikylt82z,anti_homophones
19143,1,0,0,8,4,-7.321269677688434,7.321269677688434,algER°m@,anti_homophones
19144,1,3,0,5,2,-5.519088905612308,5.519088905612308,R2bOR,anti_homophones
19145,1,26,2,3,1,-4.252379960938798,4.252379960938798,vid,anti_homophones
19146,1,17,0,3,1,-6.461019570605643,6.461019570605643,vig,anti_homophones
19147,1,0,0,8,4,-7.9526622486822784,7.9526622486822784,ebenevRo,anti_homophones
19148,1,5,0,4,2,-5.744948834075935,5.744948834075935,@pyR,anti_homophones
19149,1,2,0,7,4,-5.900212664104527,5.900212664104527,§tOlOZi,anti_homophones
19150,1,0,0,7,3,-6.360750555554631,6.360750555554631,paskOpi,anti_homophones
19151,1,0,0,9,4,-5.696805376296074,5.696805376296074,dekuvRije,anti_homophones
19152,1,2,0,5,3,-6.889944419706125,6.889944419706125,aniSE,anti_homophones
19153,1,0,0,8,3,-7.877198968365884,7.877198968365884,kosovjEj,anti_homophones
19154,1,0,0,8,3,-7.72678009412537,7.72678009412537,simyskle,anti_homophones
19155,1,0,0,10,4,-9.736152479042772,9.736152479042772,ERmonjomER,anti_homophones
19156,1,0,0,7,3,-10.147047839303152,10.147047839303152,Olfamj§,anti_homophones
19157,1,5,0,4,1,-4.56233264346945,4.56233264346945,tRwa,anti_homophones
19158,1,0,0,9,4,-10.64107679196454,10.64107679196454,kam@taRos,anti_homophones
19159,1,2,0,7,2,-5.611646068343008,5.611646068343008,kaptibl,anti_homophones
19160,1,1,0,6,2,-6.9292978543775625,6.9292978543775625,tORtyl,anti_homophones
19161,1,0,0,9,4,-8.188204097298904,8.188204097298904,linometik,anti_homophones
19162,1,0,0,11,4,-10.563976784410944,10.563976784410944,buZOljofRik,anti_homophones
19163,1,0,0,13,5,-11.870561361061482,11.870561361061482,etRinEsal8abl,anti_homophones
19164,1,0,0,8,3,-8.954574081348222,8.954574081348222,venes@tR,anti_homophones
19165,1,0,0,8,3,-9.033656196763763,9.033656196763763,5kaRnavR,anti_homophones
19166,1,13,1,4,2,-5.050776994121204,5.050776994121204,piRo,anti_homophones
19167,1,10,1,5,2,-4.498362606024034,4.498362606024034,polOg,anti_homophones
19168,1,17,0,2,1,-4.591830322721269,4.591830322721269,wE,anti_homophones
19169,1,0,0,6,2,-6.325242597068515,6.325242597068515,siglOp,anti_homophones
19170,1,6,0,4,2,-4.680427669506642,4.680427669506642,otos,anti_homophones
19171,1,0,0,11,5,-10.50106520785494,10.50106520785494,k§vokalabuj,anti_homophones
19172,1,9,1,4,2,-4.481546845613353,4.481546845613353,femi,anti_homophones
19173,1,4,0,6,2,-4.716840770898164,4.716840770898164,n8asj§,anti_homophones
19174,1,0,0,9,3,-5.756374932168758,5.756374932168758,dispEktif,anti_homophones
19175,1,0,0,9,3,-7.532607415226245,7.532607415226245,butsiglOt,anti_homophones
19176,1,23,1,4,2,-4.259867559762206,4.259867559762206,buje,anti_homophones
19177,1,0,0,6,2,-5.113290085865907,5.113290085865907,EkspRi,anti_homophones
19178,1,6,0,6,2,-4.965543925117378,4.965543925117378,@tRist,anti_homophones
19179,1,0,0,10,5,-5.123421829758407,5.123421829758407,savuR2z°m@,anti_homophones
19180,1,0,0,5,2,-7.244826286964271,7.244826286964271,tasmo,anti_homophones
19181,1,0,0,7,3,-6.539332028824022,6.539332028824022,@tRasaZ,anti_homophones
19182,1,9,0,5,2,-4.63216551096551,4.63216551096551,salaZ,anti_homophones
19183,1,0,0,12,5,-10.379453364066377,10.379453364066377,amnipofilist,anti_homophones
19184,1,2,0,6,2,-7.385999161465013,7.385999161465013,vRilER,anti_homophones
19185,1,0,0,11,4,-9.883456029268084,9.883456029268084,pigm@tinjOm,anti_homophones
19186,1,3,0,5,2,-5.3563483885651655,5.3563483885651655,eplik,anti_homophones
19187,1,2,1,6,2,-4.836722467580924,4.836722467580924,aRtizm,anti_homophones
19188,1,0,0,12,5,-13.010752049484108,13.010752049484108,azaRdozistEn,anti_homophones
19189,1,0,0,9,4,-8.291567836072959,8.291567836072959,volypidas,anti_homophones
19190,1,19,0,3,2,-4.958445702725496,4.958445702725496,eRy,anti_homophones
19191,1,0,0,10,4,-8.641399483189227,8.641399483189227,kOskORdOne,anti_homophones
19192,1,0,0,13,5,-11.045892398642458,11.045892398642458,mimORtynivERs,anti_homophones
19193,1,24,0,4,2,-4.716271601911133,4.716271601911133,R@te,anti_homophones
19194,1,4,0,4,2,-5.068241692984773,5.068241692984773,pik2,anti_homophones
19195,1,2,0,5,2,-5.344820030755524,5.344820030755524,fenal,anti_homophones
19196,1,0,0,6,2,-5.2697350066206505,5.2697350066206505,vOltik,anti_homophones
19197,1,0,0,13,5,-11.223766727954894,11.223766727954894,afR@spORsalad,anti_homophones
19198,1,1,0,7,4,-6.7724807930786275,6.7724807930786275,ometone,anti_homophones
19199,1,13,0,4,2,-5.548960214397401,5.548960214397401,Rajo,anti_homophones
19200,1,1,0,6,2,-6.553809713842393,6.553809713842393,pilEtR,anti_homophones
19201,1,1,0,5,2,-7.13421892431473,7.13421892431473,Rakol,anti_homophones
19202,1,0,0,5,2,-5.909361312567112,5.909361312567112,gazOS,anti_homophones
19203,1,1,0,8,4,-6.591061245720267,6.591061245720267,kavaRize,anti_homophones
19204,1,1,0,6,2,-4.994570304386191,4.994570304386191,laRizm,anti_homophones
19205,1,0,0,10,4,-9.264572211738649,9.264572211738649,l§dispRime,anti_homophones
19206,1,4,1,4,1,-4.473025204518644,4.473025204518644,Zyst,anti_homophones
19207,1,0,0,11,4,-6.505688973017618,6.505688973017618,pRopopylsj§,anti_homophones
19208,1,6,1,6,3,-4.600330549936919,4.600330549936919,ORn°m@,anti_homophones
19209,1,8,0,6,3,-5.374577888159865,5.374577888159865,maRiz@,anti_homophones
19210,1,0,0,10,5,-9.332656729633813,9.332656729633813,ZyR§kom@s§,anti_homophones
19211,1,1,0,6,2,-5.811310933383412,5.811310933383412,tRaviR,anti_homophones
19212,1,4,0,4,2,-5.361533783676831,5.361533783676831,tufe,anti_homophones
19213,1,0,0,14,5,-10.109628158680847,10.109628158680847,Ekspl@tERfetik,anti_homophones
19214,1,0,0,11,5,-7.409550887548276,7.409550887548276,k§feRjalite,anti_homophones
19215,1,0,0,6,3,-7.285836617181465,7.285836617181465,ebEkt§,anti_homophones
19216,1,1,0,7,3,-7.364610515420216,7.364610515420216,apostiR,anti_homophones
19217,1,0,0,11,4,-5.955314463044692,5.955314463044692,gRafjabl°m@,anti_homophones
19218,1,1,0,6,3,-5.5698240127168015,5.5698240127168015,ap°taZ,anti_homophones
19219,1,10,0,4,2,-4.581850793594367,4.581850793594367,5diR,anti_homophones
19220,1,1,0,9,4,-6.240395701260921,6.240395701260921,Opsj2z°m@,anti_homophones
19221,1,11,1,4,2,-4.6854502670470195,4.6854502670470195,byl@,anti_homophones
19222,1,0,0,6,2,-6.62145750717622,6.62145750717622,kalmOt,anti_homophones
19223,1,0,0,12,4,-11.077008471520617,11.077008471520617,tRykyRakmEtR,anti_homophones
19224,1,2,0,7,3,-5.813717738558998,5.813717738558998,syblij§,anti_homophones
19225,1,7,0,3,1,-5.293391109082954,5.293391109082954,k85,anti_homophones
19226,1,0,0,14,5,-12.571398296376767,12.571398296376767,R°bROlm@talist,anti_homophones
19227,1,0,0,8,3,-7.249066722188142,7.249066722188142,koRistif,anti_homophones
19228,1,8,0,3,1,-4.447656269206937,4.447656269206937,tSa,anti_homophones
19229,1,17,0,3,1,-4.444119894626103,4.444119894626103,lyt,anti_homophones
19230,1,1,0,6,3,-5.24965919685919,5.24965919685919,k§paRa,anti_homophones
19231,1,11,0,5,2,-4.787972416873918,4.787972416873918,balad,anti_homophones
19232,1,9,1,5,2,-5.186557561841033,5.186557561841033,koRit,anti_homophones
19233,1,0,0,10,4,-8.222131495853995,8.222131495853995,mekavaRjOm,anti_homophones
19234,1,4,0,7,4,-5.989177951610301,5.989177951610301,@kalite,anti_homophones
19235,1,3,0,4,2,-6.633529656139663,6.633529656139663,popa,anti_homophones
19236,1,1,0,6,3,-6.020569979062304,6.020569979062304,difyR§,anti_homophones
19237,1,15,0,4,2,-4.61519388648254,4.61519388648254,pat§,anti_homophones
19238,1,56,0,2,1,-4.567656384143055,4.567656384143055,aR,anti_homophones
19239,1,5,0,6,2,-5.099344414176599,5.099344414176599,stRije,anti_homophones
19240,1,7,0,5,2,-5.471715569357156,5.471715569357156,petER,anti_homophones
19241,1,0,0,6,2,-8.402273636466024,8.402273636466024,takSiR,anti_homophones
19242,1,12,0,4,2,-4.8225856860878755,4.8225856860878755,muli,anti_homophones
19243,1,0,0,8,3,-8.332714688551931,8.332714688551931,flOpatyR,anti_homophones
19244,1,0,0,11,5,-13.173248716182163,13.173248716182163,tRavodutabo,anti_homophones
19245,1,6,0,4,2,-4.979337029385,4.979337029385,albi,anti_homophones
19246,1,0,0,11,5,-8.873751999504965,8.873751999504965,aksinalisj§,anti_homophones
19247,1,12,1,4,2,-4.47365440800641,4.47365440800641,akyl,anti_homophones
19248,1,0,0,11,4,-10.600614102962773,10.600614102962773,salogRavEnt,anti_homophones
19249,1,0,0,9,4,-8.413093584997496,8.413093584997496,tERminym5,anti_homophones
19250,1,2,0,5,2,-5.772421772230079,5.772421772230079,jOlOg,anti_homophones
19251,1,1,0,7,3,-6.896938618108477,6.896938618108477,asjOnEl,anti_homophones
19252,1,8,0,5,1,-5.948621550965832,5.948621550965832,ksist,anti_homophones
19253,1,0,0,8,3,-6.095645396394434,6.095645396394434,glytasj§,anti_homophones
19254,1,0,0,13,5,-12.226182292937292,12.226182292937292,napoRikyRsibl,anti_homophones
19255,1,5,0,6,2,-4.6224762069749525,4.6224762069749525,Retizm,anti_homophones
19256,1,3,0,5,3,-5.226540592081046,5.226540592081046,Reem@,anti_homophones
19257,1,0,0,8,3,-7.602690655985732,7.602690655985732,debaRdis,anti_homophones
19258,1,0,0,9,3,-8.084819222240151,8.084819222240151,gR5sEstj§,anti_homophones
19259,1,5,0,4,2,-5.554566559892455,5.554566559892455,lop5,anti_homophones
19260,1,0,0,7,3,-7.786284680836319,7.786284680836319,R°S@dal,anti_homophones
19261,1,1,0,6,3,-6.6307193664576705,6.6307193664576705,av@tip,anti_homophones
19262,1,0,0,11,5,-9.831857766181871,9.831857766181871,posyRRen°m@,anti_homophones
19263,1,0,0,9,4,-7.525165876256785,7.525165876256785,nevitat9R,anti_homophones
19264,1,2,0,5,3,-5.283694581698076,5.283694581698076,ap°Ro,anti_homophones
19265,1,2,0,5,2,-6.438386290600702,6.438386290600702,gReme,anti_homophones
19266,1,0,0,10,5,-9.106797805198287,9.106797805198287,ekORpiRize,anti_homophones
19267,1,0,0,11,5,-8.342997298809287,8.342997298809287,k§fORegasj§,anti_homophones
19268,1,1,0,8,3,-6.201090626843686,6.201090626843686,EkspRij@,anti_homophones
19269,1,0,0,6,3,-5.7533067621155825,5.7533067621155825,@donaZ,anti_homophones
19270,1,0,0,5,2,-5.593930679104762,5.593930679104762,duzja,anti_homophones
19271,1,3,0,6,2,-5.358290670869125,5.358290670869125,R°k§dR,anti_homophones
19272,1,8,0,4,2,-5.472513787251236,5.472513787251236,adEl,anti_homophones
19273,1,10,0,4,2,-5.338507729786943,5.338507729786943,nene,anti_homophones
19274,1,0,0,11,4,-8.467654606685963,8.467654606685963,pRObaRbujaZ,anti_homophones
19275,1,0,0,5,2,-7.410087890702667,7.410087890702667,nod9j,anti_homophones
19276,1,3,0,5,1,-5.9183721891065595,5.9183721891065595,splis,anti_homophones
19277,1,1,0,5,2,-5.14213914646861,5.14213914646861,v9vaZ,anti_homophones
19278,1,12,0,4,1,-5.0823571346411445,5.0823571346411445,kRul,anti_homophones
19279,1,1,0,6,2,-7.048291894000014,7.048291894000014,dEktRi,anti_homophones
19280,1,0,0,8,3,-6.432767075953257,6.432767075953257,tR@zisaZ,anti_homophones
19281,1,0,0,9,4,-8.303705524607388,8.303705524607388,@potlat9R,anti_homophones
19282,1,0,0,11,5,-10.865319619781948,10.865319619781948,Rab§deRatOS,anti_homophones
19283,1,0,0,7,3,-7.233947421536331,7.233947421536331,fR§tis@,anti_homophones
19284,1,0,0,5,1,-5.424883712240973,5.424883712240973,ZEstR,anti_homophones
19285,1,2,0,5,3,-4.818218897752641,4.818218897752641,obeiR,anti_homophones
19286,1,7,0,5,2,-5.141289201119649,5.141289201119649,manyR,anti_homophones
19287,1,9,0,4,2,-4.853371829432547,4.853371829432547,tot§,anti_homophones
19288,1,0,0,12,5,-10.97615336873238,10.97615336873238,degRigotiple,anti_homophones
19289,1,2,0,6,3,-5.793508993852923,5.793508993852923,Ratone,anti_homophones
19290,1,2,0,5,2,-5.3784937308830205,5.3784937308830205,R°baR,anti_homophones
19291,1,0,0,7,3,-8.246331221372998,8.246331221372998,tujaRdo,anti_homophones
19292,1,1,0,6,3,-6.2755681271009855,6.2755681271009855,5pReze,anti_homophones
19293,1,0,0,8,4,-9.841873891078384,9.841873891078384,n2RefeR@,anti_homophones
19294,1,5,1,6,3,-4.942763375354309,4.942763375354309,pyR°m@,anti_homophones
19295,1,5,1,5,2,-4.310940780161384,4.310940780161384,@tibl,anti_homophones
19296,1,0,0,10,5,-9.788811357145791,9.788811357145791,pylseanite,anti_homophones
19297,1,0,0,8,4,-7.145275211324148,7.145275211324148,alkyline,anti_homophones
19298,1,2,0,5,2,-5.42993198194398,5.42993198194398,gRuja,anti_homophones
19299,1,5,0,5,2,-5.734493084737622,5.734493084737622,aptif,anti_homophones
19300,1,0,0,9,4,-10.168454457655812,10.168454457655812,kaldevoka,anti_homophones
19301,1,1,0,5,2,-5.5373603797648805,5.5373603797648805,magm@,anti_homophones
19302,1,0,0,8,4,-8.74119220411195,8.74119220411195,bakalis§,anti_homophones
19303,1,1,0,6,3,-6.497495841962209,6.497495841962209,eklyzi,anti_homophones
19304,1,0,0,10,2,-9.250883798372012,9.250883798372012,spRimb9ldZ,anti_homophones
19305,1,0,0,7,4,-7.765545816528533,7.765545816528533,@timat5,anti_homophones
19306,1,0,0,8,4,-7.32352557105094,7.32352557105094,@pys°lEt,anti_homophones
19307,1,2,0,6,3,-5.61522228233321,5.61522228233321,sezid@,anti_homophones
19308,1,0,0,8,4,-6.301438960413456,6.301438960413456,defas°m@,anti_homophones
19309,1,0,0,10,5,-7.637466520108998,7.637466520108998,lysinalite,anti_homophones
19310,1,4,0,6,2,-5.835909184373167,5.835909184373167,k§stiG,anti_homophones
19311,1,16,1,4,2,-4.6613351844713815,4.6613351844713815,lake,anti_homophones
19312,1,28,2,3,2,-4.139552500821312,4.139552500821312,ami,anti_homophones
19313,1,0,0,13,5,-11.496467871991156,11.496467871991156,tRuskatERmite,anti_homophones
19314,1,0,0,7,3,-7.410266679509393,7.410266679509393,asdykse,anti_homophones
19315,1,0,0,9,5,-8.363129413813779,8.363129413813779,2nolOsite,anti_homophones
19316,1,3,0,4,2,-5.839296860389281,5.839296860389281,aviN,anti_homophones
19317,1,2,0,5,2,-6.114211508418927,6.114211508418927,Zakt@,anti_homophones
19318,1,3,0,6,2,-5.044495118547054,5.044495118547054,bORd9R,anti_homophones
19319,1,0,0,14,5,-9.909091737518938,9.909091737518938,pERstikylbyt9R,anti_homophones
19320,1,9,0,4,1,-4.080831956755304,4.080831956755304,tR9R,anti_homophones
19321,1,0,0,9,5,-10.928576786464124,10.928576786464124,im9famize,anti_homophones
19322,1,2,0,8,4,-5.62802942405872,5.62802942405872,kalisite,anti_homophones
19323,1,25,0,4,1,-4.225382594176201,4.225382594176201,Rizm,anti_homophones
19324,1,2,1,6,3,-4.47073411437989,4.47073411437989,dez5te,anti_homophones
19325,1,0,0,7,3,-6.40260136606532,6.40260136606532,sERviR§,anti_homophones
19326,1,0,0,5,2,-5.102818479889295,5.102818479889295,bj5se,anti_homophones
19327,1,0,0,8,3,-7.513783241566533,7.513783241566533,gRiliz9R,anti_homophones
19328,1,0,0,6,3,-6.307114171585034,6.307114171585034,volane,anti_homophones
19329,1,0,0,7,2,-8.688908498226123,8.688908498226123,plytERd,anti_homophones
19330,1,11,1,4,2,-4.625404606801303,4.625404606801303,R°ly,anti_homophones
19331,1,1,0,6,2,-5.851513648204397,5.851513648204397,d@dizm,anti_homophones
19332,1,1,0,8,4,-6.740701314068636,6.740701314068636,dekilize,anti_homophones
19333,1,1,0,6,3,-7.268623718025116,7.268623718025116,efRizu,anti_homophones
19334,1,0,0,9,4,-7.370112674526012,7.370112674526012,pERminEs@,anti_homophones
19335,1,15,1,3,2,-4.785892071326544,4.785892071326544,eto,anti_homophones
19336,1,8,0,4,2,-4.729383899130722,4.729383899130722,d@Ze,anti_homophones
19337,1,0,0,12,5,-9.4916957535575,9.4916957535575,syltipolisj§,anti_homophones
19338,1,4,0,5,2,-5.018234494315863,5.018234494315863,detuR,anti_homophones
19339,1,0,0,7,3,-6.461503898886064,6.461503898886064,koRoizm,anti_homophones
19340,1,1,0,7,3,-5.808817796421072,5.808817796421072,k§ploze,anti_homophones
19341,1,7,0,5,2,-5.307687848935374,5.307687848935374,laRZe,anti_homophones
19342,1,0,0,8,3,-7.923409783815871,7.923409783815871,pORtomEt,anti_homophones
19343,1,0,0,7,3,-7.083107992816296,7.083107992816296,defaRdi,anti_homophones
19344,1,0,0,8,3,-7.3396283490975005,7.3396283490975005,fwaR°taZ,anti_homophones
19345,1,0,0,6,3,-5.785838448749865,5.785838448749865,5byv9R,anti_homophones
19346,1,0,0,10,4,-10.51449674950085,10.51449674950085,ekipsEktRi,anti_homophones
19347,1,3,0,5,2,-5.033186151606749,5.033186151606749,saliz,anti_homophones
19348,1,0,0,10,4,-8.567718953967558,8.567718953967558,lykozitizm,anti_homophones
19349,1,0,0,6,3,-6.811763834260728,6.811763834260728,Zobat@,anti_homophones
19350,1,1,0,8,3,-5.682690324009142,5.682690324009142,panalizm,anti_homophones
19351,1,0,0,8,4,-8.090935923833282,8.090935923833282,feonit9R,anti_homophones
19352,1,0,0,10,4,-12.163195416104983,12.163195416104983,S@bERZyRm§,anti_homophones
19353,1,11,1,5,2,-4.618723686838484,4.618723686838484,gRij§,anti_homophones
19354,1,2,0,8,3,-6.344230786840234,6.344230786840234,telipsj§,anti_homophones
19355,1,0,0,11,5,-10.718443683660208,10.718443683660208,avERtilsEnE,anti_homophones
19356,1,0,0,7,3,-8.481022919435157,8.481022919435157,ogyRs9R,anti_homophones
19357,1,0,0,10,4,-10.63150651658479,10.63150651658479,bR5gam@t9R,anti_homophones
19358,1,0,0,9,3,-9.081630931173319,9.081630931173319,S°vaRj@dR,anti_homophones
19359,1,0,0,8,4,-5.040953316445027,5.040953316445027,s§Z2z°m@,anti_homophones
19360,1,0,0,8,3,-5.415650945209318,5.415650945209318,desEpt9R,anti_homophones
19361,1,15,1,3,1,-4.778208686151638,4.778208686151638,fRu,anti_homophones
19362,1,5,0,4,1,-4.864821153079705,4.864821153079705,fulk,anti_homophones
19363,1,1,0,8,4,-7.145679426300375,7.145679426300375,lezaR°m@,anti_homophones
19364,1,4,0,5,2,-5.07539705461619,5.07539705461619,pReik,anti_homophones
19365,1,0,0,9,4,-8.221342533468817,8.221342533468817,5kylatibl,anti_homophones
19366,1,0,0,10,4,-7.525034282056673,7.525034282056673,metRofil9R,anti_homophones
19367,1,3,0,5,3,-5.438500431278438,5.438500431278438,imode,anti_homophones
19368,1,1,0,7,3,-7.019189587057373,7.019189587057373,vjot°Ri,anti_homophones
19369,1,2,0,7,3,-6.025192229020919,6.025192229020919,telenje,anti_homophones
19370,1,6,0,4,1,-4.560136183554475,4.560136183554475,dZEn,anti_homophones
19371,1,0,0,9,4,-6.742720453217634,6.742720453217634,paRpOn°m@,anti_homophones
19372,1,12,1,4,2,-4.969650587568079,4.969650587568079,elyR,anti_homophones
19373,1,1,0,7,3,-6.694248114668753,6.694248114668753,kR5t@pe,anti_homophones
19374,1,0,0,10,4,-8.996745538924811,8.996745538924811,nekRonoRiz,anti_homophones
19375,1,0,0,8,3,-8.62751487241201,8.62751487241201,tSEstimi,anti_homophones
19376,1,5,0,5,3,-6.2500205413816134,6.2500205413816134,yRiz§,anti_homophones
19377,1,18,1,3,2,-4.472653422627747,4.472653422627747,ER@,anti_homophones
19378,1,0,0,12,5,-12.223217870573965,12.223217870573965,bOskReneRaRe,anti_homophones
19379,1,7,1,4,2,-5.311680353392218,5.311680353392218,t5te,anti_homophones
19380,1,0,0,14,5,-12.661454524529379,12.661454524529379,bRystRaRitatik,anti_homophones
19381,1,8,1,5,2,-4.906421937517071,4.906421937517071,kORdi,anti_homophones
19382,1,0,0,8,4,-7.888611855596997,7.888611855596997,l@gus°Ri,anti_homophones
19383,1,0,0,6,3,-5.967543521634098,5.967543521634098,eR5dj5,anti_homophones
19384,1,2,0,7,4,-6.469286478183789,6.469286478183789,episem@,anti_homophones
19385,1,3,2,5,2,-5.2390658423480705,5.2390658423480705,akR9R,anti_homophones
19386,1,14,0,3,1,-4.330433484788352,4.330433484788352,piZ,anti_homophones
19387,1,0,0,9,3,-7.94269502327352,7.94269502327352,Regystypl,anti_homophones
19388,1,0,0,8,4,-6.390389910542633,6.390389910542633,bul°veSe,anti_homophones
19389,1,0,0,8,3,-6.256808566131604,6.256808566131604,ipERtwaR,anti_homophones
19390,1,0,0,8,3,-8.47031747878417,8.47031747878417,miRyRZid,anti_homophones
19391,1,14,0,4,2,-5.384484267700481,5.384484267700481,kum@,anti_homophones
19392,1,0,0,11,5,-10.596603074201935,10.596603074201935,dezapikRokE,anti_homophones
19393,1,6,0,5,2,-4.931159194421593,4.931159194421593,pRov@,anti_homophones
19394,1,0,0,11,5,-9.427315386552698,9.427315386552698,etRomanysj§,anti_homophones
19395,1,0,0,11,5,-12.830837977330383,12.830837977330383,pfedeRofili,anti_homophones
19396,1,0,0,6,3,-6.668821534555127,6.668821534555127,RigoRa,anti_homophones
19397,1,0,0,6,2,-6.789941010531545,6.789941010531545,kanjOR,anti_homophones
19398,1,0,0,9,4,-12.408283013223247,12.408283013223247,luzedEN2z,anti_homophones
19399,1,0,0,12,5,-10.12527044012043,10.12527044012043,sybvERmanim2,anti_homophones
19400,1,0,0,12,5,-7.095659001414452,7.095659001414452,kaRsifikasj§,anti_homophones
19401,1,0,0,6,2,-7.05409750218232,7.05409750218232,ladjak,anti_homophones
19402,1,12,1,5,2,-4.066781146682728,4.066781146682728,sosje,anti_homophones
19403,1,0,0,9,4,-9.013027777584648,9.013027777584648,aRkylERso,anti_homophones
19404,1,0,0,11,5,-10.657173683847859,10.657173683847859,depananotEl,anti_homophones
19405,1,0,0,10,5,-8.465141999571586,8.465141999571586,akaRtalite,anti_homophones
19406,1,4,0,4,2,-5.534375804685382,5.534375804685382,8ipi,anti_homophones
19407,1,0,0,6,3,-7.035611873798643,7.035611873798643,domimi,anti_homophones
19408,1,0,0,8,3,-8.08604164293231,8.08604164293231,stilatje,anti_homophones
19409,1,0,0,8,3,-8.250460285796402,8.250460285796402,pEstig@s,anti_homophones
19410,1,13,1,4,1,-4.233845266623168,4.233845266623168,klEt,anti_homophones
19411,1,0,0,9,4,-6.921539994699552,6.921539994699552,debRasite,anti_homophones
19412,1,1,0,7,3,-6.972119991267553,6.972119991267553,solytiR,anti_homophones
19413,1,0,0,13,5,-10.936105266361114,10.936105266361114,kaRbopRovinaZ,anti_homophones
19414,1,30,0,4,2,-4.416749894764338,4.416749894764338,kaje,anti_homophones
19415,1,7,1,4,2,-4.868942267921452,4.868942267921452,niZe,anti_homophones
19416,1,0,0,6,2,-5.946079843002535,5.946079843002535,k§tRon,anti_homophones
19417,1,0,0,8,4,-8.022316756016242,8.022316756016242,RavaR5go,anti_homophones
19418,1,3,0,5,2,-5.52177933873855,5.52177933873855,R@bik,anti_homophones
19419,1,5,0,5,2,-4.628290966354905,4.628290966354905,5sizm,anti_homophones
19420,1,0,0,9,4,-8.54336233346811,8.54336233346811,bivwajuka,anti_homophones
19421,1,6,0,3,1,-4.635753064651443,4.635753064651443,S@Z,anti_homophones
19422,1,0,0,11,5,-11.006634560834618,11.006634560834618,zelepRim@de,anti_homophones
19423,1,0,0,6,3,-8.427755852588058,8.427755852588058,alelOS,anti_homophones
19424,1,0,0,7,4,-10.620582099413935,10.620582099413935,@figej@,anti_homophones
19425,1,1,0,8,3,-5.3238225517693065,5.3238225517693065,kloRasj§,anti_homophones
19426,1,0,0,11,5,-7.815957526432494,7.815957526432494,pOsysp@s°m@,anti_homophones
19427,1,1,0,7,3,-5.808592773802013,5.808592773802013,fORmyRe,anti_homophones
19428,1,16,0,4,2,-4.143337827713927,4.143337827713927,R°v@,anti_homophones
19429,1,8,1,7,3,-5.340709185060507,5.340709185060507,kytasj§,anti_homophones
19430,1,5,1,5,2,-5.183713619269133,5.183713619269133,dekRE,anti_homophones
19431,1,0,0,7,3,-7.8539224880976874,7.8539224880976874,Olidabl,anti_homophones
19432,1,1,1,4,1,-4.627907123665838,4.627907123665838,p2pl,anti_homophones
19433,1,0,0,8,4,-7.0020860785365056,7.0020860785365056,ogyRZ°m@,anti_homophones
19434,1,8,1,5,2,-4.378155235633388,4.378155235633388,k§sil,anti_homophones
19435,1,0,0,10,4,-9.133713327125928,9.133713327125928,alERt8asj§,anti_homophones
19436,1,0,0,7,2,-6.451009433654197,6.451009433654197,tRatibl,anti_homophones
19437,1,24,0,4,2,-4.4016942954956795,4.4016942954956795,bite,anti_homophones
19438,1,0,0,8,4,-8.992195158613182,8.992195158613182,esERtik§,anti_homophones
19439,1,0,0,10,4,-8.815766949060178,8.815766949060178,5vEspEktat,anti_homophones
19440,1,0,0,6,2,-7.9738225962843865,7.9738225962843865,m@SEvR,anti_homophones
19441,1,1,0,7,4,-6.4511740777617055,6.4511740777617055,ebelite,anti_homophones
19442,1,0,0,13,5,-10.914025531062306,10.914025531062306,deklERaRmatif,anti_homophones
19443,1,0,0,8,4,-9.078401056918395,9.078401056918395,datyRaZi,anti_homophones
19444,1,0,0,10,4,-10.419327170197887,10.419327170197887,ORfist@tij,anti_homophones
19445,1,0,0,11,4,-9.072250101060757,9.072250101060757,tERmikylt9R,anti_homophones
19446,1,1,0,7,3,-6.7448851595803445,6.7448851595803445,gRig°m@,anti_homophones
19447,1,0,0,9,4,-7.790309562637729,7.790309562637729,kamonos9R,anti_homophones
19448,1,4,0,7,3,-5.09488390287491,5.09488390287491,EksjonE,anti_homophones
19449,1,0,0,7,3,-9.165295006218177,9.165295006218177,5vylnyk,anti_homophones
19450,1,0,0,7,3,-7.911656047337498,7.911656047337498,miRofis,anti_homophones
19451,1,0,0,8,3,-8.028289110513903,8.028289110513903,kOlkloti,anti_homophones
19452,1,2,0,5,3,-5.3858564265689,5.3858564265689,@myRe,anti_homophones
19453,1,1,0,8,4,-6.540033052097366,6.540033052097366,taminite,anti_homophones
19454,1,0,0,7,4,-7.105931761338831,7.105931761338831,am§taN§,anti_homophones
19455,1,2,0,6,2,-5.373344217311251,5.373344217311251,luRdiR,anti_homophones
19456,1,5,0,5,2,-5.0698496763851955,5.0698496763851955,fenER,anti_homophones
19457,1,0,0,6,3,-5.9536008258757676,5.9536008258757676,sOnOmi,anti_homophones
19458,1,4,0,6,2,-5.209461829755495,5.209461829755495,pynizm,anti_homophones
19459,1,7,0,3,1,-4.625141374560706,4.625141374560706,awt,anti_homophones
19460,1,1,0,6,2,-6.854117790424896,6.854117790424896,mERt@s,anti_homophones
19461,1,1,0,6,3,-5.043678473160798,5.043678473160798,fuZ°Ri,anti_homophones
19462,1,0,0,8,4,-7.047480061422784,7.047480061422784,5k§tEste,anti_homophones
19463,1,2,0,5,2,-6.32879021810806,6.32879021810806,R@pan,anti_homophones
19464,1,3,1,6,3,-4.631650814455168,4.631650814455168,ZyZ°m@,anti_homophones
19465,1,2,0,5,2,-5.180420767388552,5.180420767388552,R@buR,anti_homophones
19466,1,4,0,6,3,-5.2461668509215755,5.2461668509215755,kak°te,anti_homophones
19467,1,0,0,6,3,-6.995218725933803,6.995218725933803,viv°R5,anti_homophones
19468,1,0,0,8,3,-7.076289145586476,7.076289145586476,pilatist,anti_homophones
19469,1,19,0,5,2,-4.571196495268788,4.571196495268788,tatik,anti_homophones
19470,1,18,0,3,2,-4.680941793756929,4.680941793756929,5di,anti_homophones
19471,1,15,1,4,2,-4.33987264020955,4.33987264020955,fuje,anti_homophones
19472,1,4,1,7,3,-5.034288251840623,5.034288251840623,bizat9R,anti_homophones
19473,1,1,0,7,4,-7.641157179492204,7.641157179492204,Zeotiz§,anti_homophones
19474,1,0,0,11,5,-11.981581368105616,11.981581368105616,s@t@tiRabys,anti_homophones
19475,1,0,0,12,5,-7.919983667927369,7.919983667927369,dezamOplasj§,anti_homophones
19476,1,0,0,11,5,-11.476602969133726,11.476602969133726,yltybatiz9R,anti_homophones
19477,1,0,0,7,4,-5.9753922693271155,5.9753922693271155,otoZ°te,anti_homophones
19478,1,0,1,8,4,-5.707877037505994,5.707877037505994,Eskin°Ri,anti_homophones
19479,1,2,0,6,3,-5.290170082898529,5.290170082898529,ebRuje,anti_homophones
19480,1,0,0,9,3,-10.267403063802794,10.267403063802794,vERskylta,anti_homophones
19481,1,27,1,2,1,-4.578520884891839,4.578520884891839,aj,anti_homophones
19482,1,0,0,7,3,-7.086067550361674,7.086067550361674,venitoz,anti_homophones
19483,1,0,0,11,4,-8.68414949119346,8.68414949119346,fl9Rnizjone,anti_homophones
19484,1,0,0,8,4,-5.774025362356758,5.774025362356758,5dylasj§,anti_homophones
19485,1,2,1,6,3,-5.174842862980501,5.174842862980501,s§Z°m@,anti_homophones
19486,1,5,0,5,3,-4.789146095944279,4.789146095944279,ynize,anti_homophones
19487,1,0,0,10,4,-10.8674802012583,10.8674802012583,kRObjOmavi,anti_homophones
19488,1,0,0,11,4,-8.753380451438153,8.753380451438153,fibRigmoizm,anti_homophones
19489,1,0,0,9,4,-8.851385688414144,8.851385688414144,figaRisj§,anti_homophones
19490,1,0,0,8,3,-8.962284456016757,8.962284456016757,sinabR9j,anti_homophones
19491,1,5,0,4,2,-4.877909399236793,4.877909399236793,velo,anti_homophones
19492,1,11,1,3,2,-4.339890132387,4.339890132387,@f@,anti_homophones
19493,1,1,0,5,2,-5.784295498981631,5.784295498981631,R@bwi,anti_homophones
19494,1,0,0,10,4,-7.736312410828211,7.736312410828211,dekaRtat9R,anti_homophones
19495,1,4,0,4,1,-6.050377493864198,6.050377493864198,gORg,anti_homophones
19496,1,0,0,11,5,-7.351339335407514,7.351339335407514,gaRizabl°m@,anti_homophones
19497,1,0,0,9,3,-8.823864284335178,8.823864284335178,bR°dub9Rn,anti_homophones
19498,1,0,0,11,5,-10.984245682511542,10.984245682511542,flagetineRe,anti_homophones
19499,1,1,0,7,2,-5.665446278176811,5.665446278176811,puRkwaR,anti_homophones
19500,1,0,0,8,4,-7.67631934572528,7.67631934572528,alidit9R,anti_homophones
19501,1,3,1,5,3,-4.877771218495323,4.877771218495323,egute,anti_homophones
19502,1,0,0,8,3,-6.959331230575545,6.959331230575545,stikylt@,anti_homophones
19503,1,0,0,9,4,-7.102963751204623,7.102963751204623,5k§pasabl,anti_homophones
19504,1,8,1,4,2,-4.9335671471118285,4.9335671471118285,R2le,anti_homophones
19505,1,0,0,6,2,-6.105403501922101,6.105403501922101,gofRER,anti_homophones
19506,1,0,0,10,5,-8.599622681362062,8.599622681362062,dezikRoase,anti_homophones
19507,1,7,0,5,2,-5.454303072926735,5.454303072926735,benaZ,anti_homophones
19508,1,8,0,4,2,-5.242787923590832,5.242787923590832,tORo,anti_homophones
19509,1,0,0,13,5,-9.720094140413767,9.720094140413767,fRotOksikjave,anti_homophones
19510,1,0,0,12,5,-11.03739282229767,11.03739282229767,s5pOstfas°m@,anti_homophones
19511,1,3,0,5,2,-5.849757588106932,5.849757588106932,sybl2,anti_homophones
19512,1,0,0,6,2,-6.341055944935479,6.341055944935479,djyRZi,anti_homophones
19513,1,12,0,5,2,-4.440586989698308,4.440586989698308,aktif,anti_homophones
19514,1,8,1,4,2,-5.0776180316183925,5.0776180316183925,k§p§,anti_homophones
19515,1,14,0,3,1,-4.335441971664246,4.335441971664246,s8i,anti_homophones
19516,1,1,0,8,3,-5.923434085406811,5.923434085406811,deminist,anti_homophones
19517,1,0,0,8,3,-7.332546826126699,7.332546826126699,psikoRit,anti_homophones
19518,1,0,0,13,5,-12.917199324914739,12.917199324914739,salibERl5pj@s,anti_homophones
19519,1,0,0,6,2,-6.753907088690085,6.753907088690085,pozjEm,anti_homophones
19520,1,2,0,6,2,-6.1689570082112395,6.1689570082112395,vinjER,anti_homophones
19521,1,0,0,11,4,-9.155449124884324,9.155449124884324,sybORdispyt,anti_homophones
19522,1,0,0,7,3,-5.537807147835396,5.537807147835396,5dikt9R,anti_homophones
19523,1,2,0,7,3,-6.241293765845511,6.241293765845511,fl9Rite,anti_homophones
19524,1,6,0,4,2,-5.108769191320827,5.108769191320827,kit5,anti_homophones
19525,1,0,0,9,3,-11.010978706730848,11.010978706730848,gRiguRifl,anti_homophones
19526,1,0,0,7,4,-10.690094812433715,10.690094812433715,viRabea,anti_homophones
19527,1,0,0,8,4,-8.593498237310301,8.593498237310301,enymeREg,anti_homophones
19528,1,9,0,4,2,-4.636692255263311,4.636692255263311,SuRe,anti_homophones
19529,1,0,0,11,5,-9.061480370720314,9.061480370720314,pRobativ°RE,anti_homophones
19530,1,3,0,7,3,-5.357545385347637,5.357545385347637,gRav°m@,anti_homophones
19531,1,13,1,5,2,-4.803133598809366,4.803133598809366,paRse,anti_homophones
19532,1,13,1,6,3,-4.735721140971913,4.735721140971913,bas°m@,anti_homophones
19533,1,0,0,8,3,-9.716715055539915,9.716715055539915,madjotam,anti_homophones
19534,1,0,0,8,4,-7.740085482768467,7.740085482768467,otometif,anti_homophones
19535,1,3,0,5,2,-5.719649515665143,5.719649515665143,ZakER,anti_homophones
19536,1,0,0,8,3,-6.18132845930838,6.18132845930838,pRodylZ@,anti_homophones
19537,1,0,0,7,3,-7.315964237201787,7.315964237201787,§bRazik,anti_homophones
19538,1,0,0,7,2,-7.409795294227284,7.409795294227284,miRlips,anti_homophones
19539,1,0,0,10,5,-12.94028540602121,12.94028540602121,esudekafti,anti_homophones
19540,1,3,0,4,2,-5.093576380969886,5.093576380969886,diZ§,anti_homophones
19541,1,0,0,10,4,-8.352032316478361,8.352032316478361,mekapORtiR,anti_homophones
19542,1,0,0,9,4,-7.687627547191879,7.687627547191879,bisb9v°Ri,anti_homophones
19543,1,1,0,8,3,-5.356156665120341,5.356156665120341,selyksj§,anti_homophones
19544,1,0,0,13,4,-10.338648240211622,10.338648240211622,dREspjed9mp9R,anti_homophones
19545,1,1,0,8,3,-6.434081156803288,6.434081156803288,viRatwaR,anti_homophones
19546,1,7,1,4,2,-4.069093328739508,4.069093328739508,yniR,anti_homophones
19547,1,0,0,9,4,-6.600870785817168,6.600870785817168,paRatifj@,anti_homophones
19548,1,0,0,13,5,-10.071393454706055,10.071393454706055,syRpReseSaRZe,anti_homophones
19549,1,0,0,8,3,-8.429057322604836,8.429057322604836,fwinekRE,anti_homophones
19550,1,3,0,6,2,-5.178181221680674,5.178181221680674,vulwaR,anti_homophones
19551,1,0,0,7,3,-7.786540869323856,7.786540869323856,syRsisi,anti_homophones
19552,1,8,0,4,2,-5.123760878146216,5.123760878146216,buly,anti_homophones
19553,1,0,0,9,4,-6.874344465497951,6.874344465497951,nEptik°m@,anti_homophones
19554,1,18,1,5,2,-4.205044010061526,4.205044010061526,sat9R,anti_homophones
19555,1,0,0,11,4,-11.61280803704618,11.61280803704618,pjupsolidEl,anti_homophones
19556,1,5,1,6,3,-4.962900883633596,4.962900883633596,d@Z°m@,anti_homophones
19557,1,0,0,9,3,-8.723628658549552,8.723628658549552,bjoZenyfl,anti_homophones
19558,1,0,0,10,4,-8.55621725477616,8.55621725477616,adZydiktik,anti_homophones
19559,1,0,0,5,2,-6.344678215843961,6.344678215843961,uRdoz,anti_homophones
19560,1,2,0,8,4,-4.549612733115543,4.549612733115543,k§pozite,anti_homophones
19561,1,3,0,5,2,-6.027756248697312,6.027756248697312,vaniG,anti_homophones
19562,1,2,0,7,3,-6.1014895494267485,6.1014895494267485,k§v°nEl,anti_homophones
19563,1,0,0,7,3,-6.333464850639885,6.333464850639885,Ragmati,anti_homophones
19564,1,4,0,5,2,-5.0447605095924,5.0447605095924,depli,anti_homophones
19565,1,3,0,5,2,-6.515934277663853,6.515934277663853,vaRak,anti_homophones
19566,1,10,0,4,2,-5.374475379230614,5.374475379230614,val5,anti_homophones
19567,1,4,0,6,3,-5.359372277813434,5.359372277813434,filoge,anti_homophones
19568,1,17,0,2,1,-4.583070207869797,4.583070207869797,v5,anti_homophones
19569,1,5,0,5,2,-5.0748311980761995,5.0748311980761995,Ramik,anti_homophones
19570,1,4,0,5,2,-4.950059183029703,4.950059183029703,niS9R,anti_homophones
19571,1,0,0,10,4,-8.639349158161956,8.639349158161956,bydZetiliz,anti_homophones
19572,1,4,0,5,2,-5.278887119726162,5.278887119726162,maZEn,anti_homophones
19573,1,2,0,8,3,-5.465123536328721,5.465123536328721,koREksj§,anti_homophones
19574,1,17,0,3,1,-5.616783563978265,5.616783563978265,kuk,anti_homophones
19575,1,4,1,5,3,-5.711272584000326,5.711272584000326,oRiko,anti_homophones
19576,1,0,0,6,3,-6.759847855162555,6.759847855162555,fuRaSi,anti_homophones
19577,1,0,0,9,4,-6.89221981845565,6.89221981845565,pRoviNote,anti_homophones
19578,1,11,0,4,2,-5.239262931343733,5.239262931343733,emiR,anti_homophones
19579,1,25,0,2,1,-4.571899245450452,4.571899245450452,d@,anti_homophones
19580,1,0,0,10,4,-9.498589553799665,9.498589553799665,pulmatin@t,anti_homophones
19581,1,0,0,5,2,-6.294642233894818,6.294642233894818,tegRi,anti_homophones
19582,1,4,0,4,1,-6.345581277354381,6.345581277354381,dROl,anti_homophones
19583,1,13,1,4,2,-4.987573028433107,4.987573028433107,mul@,anti_homophones
19584,1,3,0,6,3,-4.611296319562308,4.611296319562308,kafuje,anti_homophones
19585,1,1,0,8,4,-5.6714394098563,5.6714394098563,pReEl°m@,anti_homophones
19586,1,1,0,6,3,-6.0318846235190176,6.0318846235190176,5fiRmi,anti_homophones
19587,1,1,0,5,2,-8.094824648422973,8.094824648422973,ZORfi,anti_homophones
19588,1,1,0,7,3,-7.238508305191622,7.238508305191622,R°pRoRi,anti_homophones
19589,1,0,0,5,3,-6.545953604511843,6.545953604511843,ER5t@,anti_homophones
19590,1,0,0,11,5,-9.224757660060643,9.224757660060643,tonifikatal,anti_homophones
19591,1,2,0,6,2,-6.184405334630005,6.184405334630005,mekRiR,anti_homophones
19592,1,6,0,5,2,-6.334456598138966,6.334456598138966,ZinEz,anti_homophones
19593,1,7,0,4,2,-4.987312102748496,4.987312102748496,ped§,anti_homophones
19594,1,2,0,5,2,-5.807165950653914,5.807165950653914,gloR5,anti_homophones
19595,1,1,0,9,5,-6.118033560915519,6.118033560915519,abativ°m@,anti_homophones
19596,1,1,0,6,3,-7.11899063633348,7.11899063633348,k5k§de,anti_homophones
19597,1,0,0,7,3,-7.006908509278141,7.006908509278141,xeREs9R,anti_homophones
19598,1,14,0,4,2,-4.858073390331742,4.858073390331742,apte,anti_homophones
19599,1,0,0,10,4,-10.408393677943435,10.408393677943435,pROsERv°ni,anti_homophones
19600,1,1,0,5,2,-5.863110989194488,5.863110989194488,mikas,anti_homophones
19601,1,18,1,7,3,-4.598443148101193,4.598443148101193,dekasj§,anti_homophones
19602,1,9,0,4,2,-4.87900939564234,4.87900939564234,amid,anti_homophones
19603,1,5,0,5,2,-5.40421554736545,5.40421554736545,talis,anti_homophones
19604,1,8,0,4,2,-5.364640167520894,5.364640167520894,@did,anti_homophones
19605,1,2,0,6,3,-6.460305046543572,6.460305046543572,SeRime,anti_homophones
19606,1,0,0,7,3,-7.293357390261908,7.293357390261908,S@sEsaZ,anti_homophones
19607,1,2,1,6,3,-5.657834951585849,5.657834951585849,adRij§,anti_homophones
19608,1,0,0,9,4,-10.693309417176486,10.693309417176486,afisjabis,anti_homophones
19609,1,0,0,9,3,-7.1228722823682675,7.1228722823682675,lESmanist,anti_homophones
19610,1,0,0,11,5,-9.57072514422704,9.57072514422704,sekspozaiz@,anti_homophones
19611,1,0,0,10,4,-7.4818216798809045,7.4818216798809045,k§tEsteRik,anti_homophones
19612,1,0,0,6,3,-5.68372258745084,5.68372258745084,n5fone,anti_homophones
19613,1,0,0,7,3,-6.3653969530688475,6.3653969530688475,s@gl°Ri,anti_homophones
19614,1,4,0,4,2,-5.335264280391351,5.335264280391351,avOt,anti_homophones
19615,1,1,0,6,3,-7.156406475429526,7.156406475429526,kaRif5,anti_homophones
19616,1,0,0,9,4,-9.121695839156455,9.121695839156455,pwazOs°m@,anti_homophones
19617,1,28,1,1,1,-4.56731968139253,4.56731968139253,i,anti_homophones
19618,1,6,0,5,2,-6.283183147312929,6.283183147312929,kat@s,anti_homophones
19619,1,0,0,8,3,-8.291142886462293,8.291142886462293,deplomal,anti_homophones
19620,1,1,0,7,3,-5.136563676932787,5.136563676932787,pjaj°Ri,anti_homophones
19621,1,12,0,2,1,-4.577771777650027,4.577771777650027,yt,anti_homophones
19622,1,13,1,3,1,-4.32070511863574,4.32070511863574,Ost,anti_homophones
19623,1,13,0,4,2,-6.191730138553627,6.191730138553627,b@dy,anti_homophones
19624,1,0,0,12,5,-12.675762934111535,12.675762934111535,l§gaseReglOg,anti_homophones
19625,1,3,0,6,3,-5.917826196272974,5.917826196272974,efORme,anti_homophones
19626,1,0,0,8,4,-7.521619741132657,7.521619741132657,kom@S°mi,anti_homophones
19627,1,11,0,3,1,-4.1856005616306025,4.1856005616306025,ski,anti_homophones
19628,1,17,0,4,1,-4.10430749801643,4.10430749801643,stal,anti_homophones
19629,1,16,0,3,1,-4.609878724752285,4.609878724752285,g9R,anti_homophones
19630,1,2,0,6,2,-5.608286342166836,5.608286342166836,m@sjal,anti_homophones
19631,1,3,0,4,2,-4.664140809710462,4.664140809710462,Suka,anti_homophones
19632,1,0,0,11,5,-10.844480126512046,10.844480126512046,moREzonatRi,anti_homophones
19633,1,0,0,6,2,-6.56335468792787,6.56335468792787,aRksik,anti_homophones
19634,1,3,0,5,2,-5.48929571990254,5.48929571990254,kajad,anti_homophones
19635,1,0,0,9,5,-8.110687604854252,8.110687604854252,iReaZyst@,anti_homophones
19636,1,8,1,4,1,-4.636243825491924,4.636243825491924,Rj9R,anti_homophones
19637,1,0,0,10,4,-10.724908151008187,10.724908151008187,sEptolytRe,anti_homophones
19638,1,1,1,7,3,-5.631570969018464,5.631570969018464,kRimite,anti_homophones
19639,1,8,0,5,2,-4.959611128097035,4.959611128097035,tRiko,anti_homophones
19640,1,0,0,6,3,-6.1605993160534185,6.1605993160534185,avoS9R,anti_homophones
19641,1,7,0,4,2,-4.423150711299538,4.423150711299538,Eski,anti_homophones
19642,1,0,0,7,4,-7.838643334176266,7.838643334176266,5kaRige,anti_homophones
19643,1,2,0,5,3,-5.545271197985867,5.545271197985867,ibeR@,anti_homophones
19644,1,1,0,8,4,-7.296455622506718,7.296455622506718,5diskOpe,anti_homophones
19645,1,8,0,5,2,-4.8275192424112,4.8275192424112,kRese,anti_homophones
19646,1,0,0,8,4,-9.090219329483165,9.090219329483165,imasyRme,anti_homophones
19647,1,0,0,8,3,-6.671408002575134,6.671408002575134,mikRysj§,anti_homophones
19648,1,0,0,10,4,-7.581661042377878,7.581661042377878,Oksiksasj§,anti_homophones
19649,1,0,0,7,4,-8.642312181827183,8.642312181827183,anaelim,anti_homophones
19650,1,16,0,5,2,-4.4244769989179025,4.4244769989179025,betik,anti_homophones
19651,1,6,0,4,1,-4.2538836133213085,4.2538836133213085,mjOm,anti_homophones
19652,1,25,0,3,2,-4.701335462448518,4.701335462448518,ak§,anti_homophones
19653,1,1,0,6,2,-5.3519674425891814,5.3519674425891814,s5ptoz,anti_homophones
19654,1,0,0,11,4,-9.39896298606857,9.39896298606857,displ@t°l9R,anti_homophones
19655,1,0,0,7,3,-6.500444242574654,6.500444242574654,dispesi,anti_homophones
19656,1,0,0,9,4,-8.623815059875104,8.623815059875104,fRON°Rize,anti_homophones
19657,1,0,0,12,5,-8.990803777948411,8.990803777948411,bobiliteRjOl,anti_homophones
19658,1,1,0,9,4,-5.6037896687202995,5.6037896687202995,fajibl°m@,anti_homophones
19659,1,0,0,7,3,-7.543798314448811,7.543798314448811,ebRusEl,anti_homophones
19660,1,8,0,5,2,-4.99603709677678,4.99603709677678,pasin,anti_homophones
19661,1,6,0,4,2,-5.558600441625706,5.558600441625706,Reit,anti_homophones
19662,1,0,0,10,4,-7.378609433208798,7.378609433208798,R°k§st@sj2,anti_homophones
19663,1,0,0,10,4,-9.419709795345597,9.419709795345597,balalizjEm,anti_homophones
19664,1,6,0,6,3,-5.392141356610981,5.392141356610981,@RolOg,anti_homophones
19665,1,1,0,7,3,-5.065751590425313,5.065751590425313,maNifik,anti_homophones
19666,1,0,0,8,4,-9.01295122823109,9.01295122823109,imiswas@,anti_homophones
19667,1,1,0,9,4,-6.919386321082853,6.919386321082853,eR5t@sjER,anti_homophones
19668,1,9,0,7,3,-5.190918756958014,5.190918756958014,stis°m@,anti_homophones
19669,1,0,0,8,4,-8.654127638055607,8.654127638055607,5pEjam@d,anti_homophones
19670,1,0,0,10,4,-9.23487628998163,9.23487628998163,kostatwaj2,anti_homophones
19671,1,9,0,4,1,-4.830575301256631,4.830575301256631,kwan,anti_homophones
19672,1,2,0,5,2,-4.768870871034626,4.768870871034626,k§vEk,anti_homophones
19673,1,0,0,10,3,-9.3292527706595,9.3292527706595,psikl9Rnis,anti_homophones
19674,1,0,0,8,3,-6.048410363590037,6.048410363590037,aRtogRaf,anti_homophones
19675,1,0,0,9,3,-8.17407304319084,8.17407304319084,telistREt,anti_homophones
19676,1,2,0,6,3,-6.337696792336365,6.337696792336365,ko@ziR,anti_homophones
19677,1,0,0,9,3,-7.302329407401566,7.302329407401566,n2tRakabl,anti_homophones
19678,1,9,1,7,3,-4.42837534624646,4.42837534624646,mylasj§,anti_homophones
19679,1,0,0,10,5,-8.895437133525434,8.895437133525434,ot@sjonis@,anti_homophones
19680,1,2,0,5,2,-5.957930493232349,5.957930493232349,balda,anti_homophones
19681,1,1,0,9,3,-6.288304552037852,6.288304552037852,kaRdjat9R,anti_homophones
19682,1,0,0,6,3,-6.341923372727724,6.341923372727724,minese,anti_homophones
19683,1,6,1,4,2,-5.51533923946242,5.51533923946242,yRys,anti_homophones
19684,1,0,0,8,3,-7.722296030434482,7.722296030434482,m9blejad,anti_homophones
19685,1,1,1,8,3,-4.951026800133213,4.951026800133213,bRytasj§,anti_homophones
19686,1,22,0,3,1,-4.8658312815471945,4.8658312815471945,das,anti_homophones
19687,1,1,0,10,5,-5.995395694574045,5.995395694574045,et@sj2z°m@,anti_homophones
19688,1,15,0,3,1,-4.706892355921842,4.706892355921842,ask,anti_homophones
19689,1,0,0,10,4,-11.96224939510203,11.96224939510203,psap°l9RaZ,anti_homophones
19690,1,0,0,6,3,-5.114994691370198,5.114994691370198,koagys,anti_homophones
19691,1,0,0,13,5,-10.368624738511274,10.368624738511274,R°pw5seRalist,anti_homophones
19692,1,1,0,5,2,-5.62278743478192,5.62278743478192,kOfje,anti_homophones
19693,1,0,0,9,4,-7.866410405825867,7.866410405825867,steRatiz@,anti_homophones
19694,1,1,0,5,3,-6.5927657357399,6.5927657357399,atifi,anti_homophones
19695,1,0,0,11,4,-9.029764153505948,9.029764153505948,sinOksizibl,anti_homophones
19696,1,0,0,10,4,-9.994870887862074,9.994870887862074,fotogaRdER,anti_homophones
19697,1,0,0,6,3,-7.481740571416942,7.481740571416942,5Sifte,anti_homophones
19698,1,4,0,5,2,-5.749193706218549,5.749193706218549,nonEl,anti_homophones
19699,1,0,0,6,3,-6.339633531081121,6.339633531081121,iRezys,anti_homophones
19700,1,0,0,8,4,-8.0685073570323,8.0685073570323,baleOpty,anti_homophones
19701,1,11,0,4,2,-5.334316673630207,5.334316673630207,apat,anti_homophones
19702,1,0,0,12,5,-14.735496114558828,14.735496114558828,RuRsinov@diz,anti_homophones
19703,1,0,0,7,3,-5.346464514220082,5.346464514220082,5finizm,anti_homophones
19704,1,22,0,4,2,-5.460144784490581,5.460144784490581,kuje,anti_homophones
19705,1,0,0,6,2,-7.53154791438553,7.53154791438553,sigliZ,anti_homophones
19706,1,0,0,7,3,-7.177668036422091,7.177668036422091,epR@dik,anti_homophones
19707,1,2,0,8,4,-5.61616953098801,5.61616953098801,kolER°m@,anti_homophones
19708,1,0,0,12,5,-10.643502404039232,10.643502404039232,pasitasjonin,anti_homophones
19709,1,5,0,6,2,-4.973332183781188,4.973332183781188,debRik,anti_homophones
19710,1,1,1,7,3,-6.448819234663217,6.448819234663217,5k§tRak,anti_homophones
19711,1,0,0,7,3,-6.753780984790116,6.753780984790116,Ekstoke,anti_homophones
19712,1,0,0,10,4,-9.942167746840669,9.942167746840669,pilenotjER,anti_homophones
19713,1,12,0,6,2,-4.723943583862271,4.723943583862271,skasj§,anti_homophones
19714,1,0,0,8,3,-6.2863190587887345,6.2863190587887345,djatRije,anti_homophones
19715,1,3,2,6,2,-4.934480067928574,4.934480067928574,steRj5,anti_homophones
19716,1,7,0,6,3,-4.908501971178982,4.908501971178982,modite,anti_homophones
19717,1,0,0,8,3,-6.024674644311447,6.024674644311447,pRetis9R,anti_homophones
19718,1,0,0,9,4,-7.530567710380083,7.530567710380083,milabotje,anti_homophones
19719,1,2,0,7,4,-5.382482778027666,5.382482778027666,apoloZi,anti_homophones
19720,1,5,0,6,2,-4.434279795455302,4.434279795455302,mylt9R,anti_homophones
19721,1,1,0,4,2,-4.527791003244451,4.527791003244451,s@g5,anti_homophones
19722,1,11,0,4,1,-4.788088938302691,4.788088938302691,makR,anti_homophones
19723,1,6,0,6,2,-4.805009305363182,4.805009305363182,galist,anti_homophones
19724,1,15,0,4,2,-5.0249866898884274,5.0249866898884274,seZe,anti_homophones
19725,1,0,0,11,5,-9.229321029284693,9.229321029284693,Rek§plisemi,anti_homophones
19726,1,0,0,8,3,-8.256349171805159,8.256349171805159,galigREn,anti_homophones
19727,1,31,0,3,1,-3.944498062107038,3.944498062107038,vaR,anti_homophones
19728,1,0,0,7,2,-8.156007502351702,8.156007502351702,ROstR9R,anti_homophones
19729,1,0,0,8,4,-9.26003841643976,9.26003841643976,OktoZ°R§,anti_homophones
19730,1,3,0,5,2,-5.554764087856274,5.554764087856274,REsif,anti_homophones
19731,1,0,0,5,2,-5.807122789907259,5.807122789907259,notOm,anti_homophones
19732,1,3,0,5,2,-6.254124437585117,6.254124437585117,st@ti,anti_homophones
19733,1,1,0,5,3,-5.377995761188325,5.377995761188325,iRene,anti_homophones
19734,1,0,0,9,4,-8.281071712234056,8.281071712234056,monoRejyR,anti_homophones
19735,1,0,0,11,3,-8.738748464228152,8.738748464228152,stR@sgRafik,anti_homophones
19736,1,6,0,5,2,-4.447106181813275,4.447106181813275,k§ple,anti_homophones
19737,1,2,0,7,3,-6.409565711007406,6.409565711007406,pynivOR,anti_homophones
19738,1,3,0,6,2,-4.966151243894355,4.966151243894355,p§kt82,anti_homophones
19739,1,3,0,5,2,-6.403474969316272,6.403474969316272,5tREp,anti_homophones
19740,1,0,0,11,5,-6.521883222159949,6.521883222159949,aRtilizasj§,anti_homophones
19741,1,0,0,8,4,-7.462843743490199,7.462843743490199,evapotER,anti_homophones
19742,1,0,0,7,3,-6.189462178331036,6.189462178331036,sufRum@,anti_homophones
19743,1,0,0,10,4,-9.010475577055995,9.010475577055995,pRemylaRm@,anti_homophones
19744,1,0,0,15,5,-15.229553295229438,15.229553295229438,klepRoskOlkanEl,anti_homophones
19745,1,3,1,4,2,-4.826460083539207,4.826460083539207,Z9nE,anti_homophones
19746,1,0,0,8,3,-5.7820391278534045,5.7820391278534045,sakRat9R,anti_homophones
19747,1,0,0,7,3,-6.675356786914294,6.675356786914294,5plozom,anti_homophones
19748,1,0,0,7,3,-7.734909213430907,7.734909213430907,apRosk2,anti_homophones
19749,1,0,0,9,4,-8.747640901724452,8.747640901724452,RadRibyl@,anti_homophones
19750,1,17,0,4,2,-4.633975361946073,4.633975361946073,syRa,anti_homophones
19751,1,2,0,6,2,-7.638247310389193,7.638247310389193,bRabal,anti_homophones
19752,1,0,0,9,4,-8.751158380440199,8.751158380440199,ZinamnEz§,anti_homophones
19753,1,0,0,10,3,-7.520506043292604,7.520506043292604,syksjonEsk,anti_homophones
19754,1,0,0,6,3,-6.52477277506917,6.52477277506917,aRpage,anti_homophones
19755,1,0,0,8,3,-6.437184787273134,6.437184787273134,emedjabl,anti_homophones
19756,1,13,1,4,2,-4.78150603091716,4.78150603091716,Esti,anti_homophones
19757,1,21,2,3,1,-4.417037203637502,4.417037203637502,tOl,anti_homophones
19758,1,0,0,11,3,-11.061281370770983,11.061281370770983,gRastiltR8e,anti_homophones
19759,1,2,0,5,3,-5.791019667671023,5.791019667671023,utij§,anti_homophones
19760,1,0,0,7,3,-6.066707403568251,6.066707403568251,bRymine,anti_homophones
19761,1,0,0,9,5,-6.965070080001897,6.965070080001897,ovativ°m@,anti_homophones
19762,1,4,0,6,3,-7.098981908677949,7.098981908677949,koRane,anti_homophones
19763,1,4,0,5,2,-5.455345374045427,5.455345374045427,sivit,anti_homophones
19764,1,1,0,7,3,-5.885152441034801,5.885152441034801,Egzonje,anti_homophones
19765,1,0,0,7,3,-5.856757752164365,5.856757752164365,telefal,anti_homophones
19766,1,3,0,4,2,-5.046859392349967,5.046859392349967,myl§,anti_homophones
19767,1,2,0,6,3,-5.86009575601511,5.86009575601511,5sERve,anti_homophones
19768,1,0,0,6,2,-7.083658716958432,7.083658716958432,ploRj§,anti_homophones
19769,1,0,0,9,4,-7.760337379645289,7.760337379645289,m@talizj§,anti_homophones
19770,1,1,0,6,3,-6.327611605045662,6.327611605045662,@pj§so,anti_homophones
19771,1,0,0,8,4,-7.675206500035491,7.675206500035491,dekip°R§,anti_homophones
19772,1,0,0,7,3,-8.560603862144454,8.560603862144454,aptatEs,anti_homophones
19773,1,0,0,6,3,-6.232952823611462,6.232952823611462,RefyZ@,anti_homophones
19774,1,0,0,9,4,-6.579104482746021,6.579104482746021,k§padasj§,anti_homophones
19775,1,2,0,5,2,-5.644088198246109,5.644088198246109,deski,anti_homophones
19776,1,2,0,5,2,-5.480696452692999,5.480696452692999,ostj§,anti_homophones
19777,1,0,0,7,3,-7.3866562044709285,7.3866562044709285,SatRoSe,anti_homophones
19778,1,0,0,10,5,-8.576478528042932,8.576478528042932,ZyZybiline,anti_homophones
19779,1,0,0,12,5,-12.36057078906425,12.36057078906425,fRidRoemisj@,anti_homophones
19780,1,0,0,7,3,-7.237419289874142,7.237419289874142,patanER,anti_homophones
19781,1,0,0,7,3,-8.111071478801605,8.111071478801605,8itaj9R,anti_homophones
19782,1,5,0,5,2,-4.722540537731053,4.722540537731053,sOsje,anti_homophones
19783,1,0,0,12,4,-9.798276116794005,9.798276116794005,devj@daRnizm,anti_homophones
19784,1,0,0,12,5,-8.654578201208452,8.654578201208452,pRimobilasj§,anti_homophones
19785,1,1,0,8,3,-6.226471391384485,6.226471391384485,kROS°niR,anti_homophones
19786,1,0,0,10,4,-8.597815233219285,8.597815233219285,R°tRepysj§,anti_homophones
19787,1,2,0,6,3,-5.759901028313886,5.759901028313886,Reasje,anti_homophones
19788,1,0,0,9,4,-8.600022693630804,8.600022693630804,volybREde,anti_homophones
19789,1,6,0,4,2,-4.614944993748088,4.614944993748088,maS5,anti_homophones
19790,1,0,0,7,3,-7.9063336621757445,7.9063336621757445,gElfyRe,anti_homophones
19791,1,5,1,6,2,-5.316430181963228,5.316430181963228,kRul9R,anti_homophones
19792,1,0,0,12,5,-7.801708847248422,7.801708847248422,R°konomanizm,anti_homophones
19793,1,0,0,7,3,-5.598062307651941,5.598062307651941,negoist,anti_homophones
19794,1,0,0,6,2,-7.2331974061531135,7.2331974061531135,sustun,anti_homophones
19795,1,5,0,6,3,-5.727424511636588,5.727424511636588,netize,anti_homophones
19796,1,1,0,9,4,-6.6545082495220065,6.6545082495220065,kaORtasj§,anti_homophones
19797,1,9,0,7,3,-4.90856267397166,4.90856267397166,maRl°m@,anti_homophones
19798,1,1,0,7,3,-7.110067885236991,7.110067885236991,pymanik,anti_homophones
19799,1,0,0,13,5,-13.044987628101604,13.044987628101604,sERtibildisj2,anti_homophones
19800,1,0,0,9,4,-8.821934053306467,8.821934053306467,k§dyksol@,anti_homophones
19801,1,0,0,8,4,-6.986523321987836,6.986523321987836,mOidasj§,anti_homophones
19802,1,0,0,12,4,-11.52809636128354,11.52809636128354,sk@djezekRom,anti_homophones
19803,1,6,0,4,2,-5.355585683357867,5.355585683357867,ot@t,anti_homophones
19804,1,10,0,5,2,-4.756093803448553,4.756093803448553,detRe,anti_homophones
19805,1,0,0,10,5,-9.882593698881958,9.882593698881958,imadRujaRe,anti_homophones
19806,1,21,1,3,1,-4.034431312370358,4.034431312370358,ZEn,anti_homophones
19807,1,0,0,8,4,-8.580801490840912,8.580801490840912,SeRidOl@,anti_homophones
19808,1,0,0,5,2,-6.685245291007858,6.685245291007858,psona,anti_homophones
19809,1,0,0,12,5,-13.005887101961676,13.005887101961676,mitaRdineZiR,anti_homophones
19810,1,5,0,5,2,-4.932217763763065,4.932217763763065,valj5,anti_homophones
19811,1,1,0,8,3,-6.446245468525088,6.446245468525088,geRitwaR,anti_homophones
19812,1,15,0,6,2,-4.293060636448704,4.293060636448704,taksj§,anti_homophones
19813,1,0,0,7,3,-5.693859731673316,5.693859731673316,mOl°taZ,anti_homophones
19814,1,0,0,10,4,-12.457168509756812,12.457168509756812,paRs2disti,anti_homophones
19815,1,5,1,5,2,-4.715380279754254,4.715380279754254,bjoSe,anti_homophones
19816,1,9,1,4,2,-5.08831265896591,5.08831265896591,kyRa,anti_homophones
19817,1,0,0,11,4,-12.083259370571966,12.083259370571966,bR5dekORdyR,anti_homophones
19818,1,0,0,5,2,-5.675277472302527,5.675277472302527,godit,anti_homophones
19819,1,0,0,7,3,-7.476960123488184,7.476960123488184,askadR@,anti_homophones
19820,1,1,0,6,2,-5.528149084135549,5.528149084135549,kRwase,anti_homophones
19821,1,23,1,3,1,-4.319236572945735,4.319236572945735,bRo,anti_homophones
19822,1,0,0,6,2,-7.363125906783664,7.363125906783664,byRsys,anti_homophones
19823,1,0,0,9,4,-8.694758993382601,8.694758993382601,asyRpwaN2,anti_homophones
19824,1,4,0,5,2,-5.2078112232556775,5.2078112232556775,s@tRi,anti_homophones
19825,1,0,0,7,2,-8.008468684590639,8.008468684590639,plwaRse,anti_homophones
19826,1,0,0,7,3,-7.264814930763724,7.264814930763724,@dosjEn,anti_homophones
19827,1,0,0,7,2,-6.226109344862112,6.226109344862112,apst@dR,anti_homophones
19828,1,4,0,4,2,-4.90917833310634,4.90917833310634,@SaZ,anti_homophones
19829,1,0,0,10,5,-8.609646027117394,8.609646027117394,depaNifyze,anti_homophones
19830,1,1,0,8,3,-7.277135322928631,7.277135322928631,5fORm@dR,anti_homophones
19831,1,0,0,7,3,-7.133363252777036,7.133363252777036,pataks§,anti_homophones
19832,1,0,0,10,5,-6.762012727982212,6.762012727982212,fagonalite,anti_homophones
19833,1,0,0,10,5,-9.109418127664128,9.109418127664128,RepyN@N@se,anti_homophones
19834,1,3,0,5,2,-5.800600057297776,5.800600057297776,tim9R,anti_homophones
19835,1,3,0,6,2,-5.044875338889351,5.044875338889351,tR8ite,anti_homophones
19836,1,0,0,10,4,-8.161790973494501,8.161790973494501,k§pRimet9R,anti_homophones
19837,1,0,0,8,3,-6.5070008366469185,6.5070008366469185,diskolaZ,anti_homophones
19838,1,0,0,8,3,-7.8611755827823675,7.8611755827823675,pl5tolOk,anti_homophones
19839,1,2,0,6,2,-5.720237382331526,5.720237382331526,k§stR5,anti_homophones
19840,1,2,0,6,3,-6.551757228442464,6.551757228442464,5f@tan,anti_homophones
19841,1,0,0,6,3,-6.567155289267207,6.567155289267207,at@tRe,anti_homophones
19842,1,7,0,3,1,-4.899484644411228,4.899484644411228,§gR,anti_homophones
19843,1,0,0,9,5,-7.641810587867811,7.641810587867811,efisim°m@,anti_homophones
19844,1,1,0,6,2,-6.273156915682167,6.273156915682167,kuvERN,anti_homophones
19845,1,1,0,6,2,-4.8088402049973356,4.8088402049973356,RadjEn,anti_homophones
19846,1,0,0,8,4,-7.882089009638639,7.882089009638639,an§sabl2,anti_homophones
19847,1,3,0,4,2,-5.395304446681849,5.395304446681849,@vwe,anti_homophones
19848,1,0,0,9,4,-9.141815927881657,9.141815927881657,5kRimatER,anti_homophones
19849,1,1,0,8,3,-6.670697585182252,6.670697585182252,Zenefist,anti_homophones
19850,1,0,0,8,3,-6.436273569704496,6.436273569704496,kokaRabl,anti_homophones
19851,1,1,0,9,4,-7.690868869792888,7.690868869792888,telegaliR,anti_homophones
19852,1,1,0,4,2,-4.9298230535640775,4.9298230535640775,ny@s,anti_homophones
19853,1,6,0,4,2,-4.662049166808384,4.662049166808384,pyl2,anti_homophones
19854,1,0,0,8,3,-6.939571438458892,6.939571438458892,bOgRat9R,anti_homophones
19855,1,0,0,10,4,-9.774916374076728,9.774916374076728,dekuRt°REs,anti_homophones
19856,1,9,0,4,2,-4.850944544128065,4.850944544128065,pag§,anti_homophones
19857,1,2,0,6,2,-6.718811916115247,6.718811916115247,stitRe,anti_homophones
19858,1,0,0,8,4,-6.9390262992319585,6.9390262992319585,5defakte,anti_homophones
19859,1,0,0,8,3,-8.584176987829114,8.584176987829114,aRpenORm,anti_homophones
19860,1,0,0,12,5,-11.701570261419354,11.701570261419354,metRiskumane,anti_homophones
19861,1,4,1,4,2,-4.4877225456603815,4.4877225456603815,lOZi,anti_homophones
19862,1,1,0,7,4,-7.767237547717141,7.767237547717141,apos°Ro,anti_homophones
19863,1,0,0,9,3,-5.226562764321089,5.226562764321089,EkstRasj§,anti_homophones
19864,1,14,1,4,2,-5.08921977003148,5.08921977003148,epER,anti_homophones
19865,1,3,0,8,3,-4.902773580146071,4.902773580146071,deklasj§,anti_homophones
19866,1,2,0,6,3,-5.723435072822934,5.723435072822934,wawaje,anti_homophones
19867,1,2,0,7,3,-6.135424742719887,6.135424742719887,k§sisj5,anti_homophones
19868,1,10,0,4,2,-4.986935476129364,4.986935476129364,bEse,anti_homophones
19869,1,0,0,6,2,-5.253077098605205,5.253077098605205,kRib8e,anti_homophones
19870,1,0,0,7,3,-7.72914881150017,7.72914881150017,@senj9R,anti_homophones
19871,1,0,0,7,3,-6.378066246602034,6.378066246602034,R°gaRd2,anti_homophones
19872,1,1,1,5,2,-5.04770405042136,5.04770405042136,albys,anti_homophones
19873,1,0,0,8,4,-7.349049741338641,7.349049741338641,5dEmniv@,anti_homophones
19874,1,2,0,6,3,-5.567597289032784,5.567597289032784,R°ful§,anti_homophones
19875,1,0,0,11,5,-7.974946513648467,7.974946513648467,mORd°lEt°m@,anti_homophones
19876,1,0,0,8,4,-8.621903702130021,8.621903702130021,@fymwaNe,anti_homophones
19877,1,0,0,6,2,-5.702644077123539,5.702644077123539,k9st9R,anti_homophones
19878,1,0,0,7,3,-6.317049037928656,6.317049037928656,albyz9R,anti_homophones
19879,1,0,0,10,4,-8.81359846927186,8.81359846927186,tR@pORtope,anti_homophones
19880,1,6,1,4,2,-4.744477275960259,4.744477275960259,Reid,anti_homophones
19881,1,0,0,8,3,-7.625475145304621,7.625475145304621,miRt8Ele,anti_homophones
19882,1,0,0,7,3,-6.831477262111151,6.831477262111151,sk@p°ze,anti_homophones
19883,1,22,0,4,2,-4.812495847573784,4.812495847573784,salo,anti_homophones
19884,1,11,1,6,3,-4.708140083944514,4.708140083944514,doloZi,anti_homophones
19885,1,0,0,5,2,-5.560361144852461,5.560361144852461,@pjEs,anti_homophones
19886,1,0,0,8,4,-7.440886346141044,7.440886346141044,mynifERe,anti_homophones
19887,1,1,0,6,2,-6.489408370033918,6.489408370033918,pwatRe,anti_homophones
19888,1,0,0,8,4,-9.677881905255383,9.677881905255383,noRilike,anti_homophones
19889,1,1,0,8,3,-5.490554992705458,5.490554992705458,psikolOg,anti_homophones
19890,1,0,0,12,4,-8.769404281458518,8.769404281458518,flEktRopolje,anti_homophones
19891,1,9,1,6,2,-4.8246600002556495,4.8246600002556495,satizm,anti_homophones
19892,1,0,1,6,3,-5.3888187231019,5.3888187231019,degulE,anti_homophones
19893,1,1,0,9,4,-9.134676887596108,9.134676887596108,RafitikEt,anti_homophones
19894,1,2,0,5,2,-5.728617926355948,5.728617926355948,pjemi,anti_homophones
19895,1,2,0,4,2,-5.552786406045878,5.552786406045878,@plE,anti_homophones
19896,1,0,0,9,4,-7.764008625603308,7.764008625603308,sufiNaRde,anti_homophones
19897,1,15,0,3,2,-5.050855526609059,5.050855526609059,epo,anti_homophones
19898,1,0,1,7,3,-5.25337249385487,5.25337249385487,bafujaZ,anti_homophones
19899,1,0,0,13,5,-10.720202530899622,10.720202530899622,kwadRavERbite,anti_homophones
19900,1,15,1,5,3,-4.200806067066891,4.200806067066891,oloZi,anti_homophones
19901,1,15,0,4,2,-5.002660668649835,5.002660668649835,p°te,anti_homophones
19902,1,1,0,8,3,-7.107457909675149,7.107457909675149,kRedisj2,anti_homophones
19903,1,2,0,7,3,-5.559090396491935,5.559090396491935,astat9R,anti_homophones
19904,1,0,0,8,3,-6.260270539777052,6.260270539777052,EkspORto,anti_homophones
19905,1,0,0,8,4,-7.205285471001165,7.205285471001165,linozite,anti_homophones
19906,1,9,0,5,2,-4.390399280378633,4.390399280378633,sypER,anti_homophones
19907,1,0,0,8,3,-7.146217481346738,7.146217481346738,EspwaNEt,anti_homophones
19908,1,7,0,7,3,-4.883529216888222,4.883529216888222,maRt°m@,anti_homophones
19909,1,5,0,5,2,-6.8733493224835565,6.8733493224835565,sapte,anti_homophones
19910,1,0,0,10,5,-10.057926185009622,10.057926185009622,kootiv°t9R,anti_homophones
19911,1,0,0,9,4,-9.732888620434265,9.732888620434265,ZolEks@t@,anti_homophones
19912,1,0,0,10,5,-6.592173162150338,6.592173162150338,@titysjone,anti_homophones
19913,1,9,0,4,2,-6.118623165374634,6.118623165374634,Ravy,anti_homophones
19914,1,1,0,6,3,-6.000025212108428,6.000025212108428,dek§po,anti_homophones
19915,1,0,0,8,3,-9.05263488814403,9.05263488814403,kanispEk,anti_homophones
19916,1,5,0,5,3,-4.584076275198933,4.584076275198933,an°Ri,anti_homophones
19917,1,1,0,7,3,-5.899226943533374,5.899226943533374,Robatik,anti_homophones
19918,1,16,1,4,1,-4.474726299865876,4.474726299865876,Zizm,anti_homophones
19919,1,16,1,4,2,-4.25508931066502,4.25508931066502,lyte,anti_homophones
19920,1,11,0,4,1,-5.395504643221366,5.395504643221366,sEst,anti_homophones
19921,1,3,0,7,3,-6.415004998287193,6.415004998287193,salakte,anti_homophones
19922,1,31,1,3,1,-4.227237001764654,4.227237001764654,pin,anti_homophones
19923,1,5,0,5,1,-4.850894254421467,4.850894254421467,ftizm,anti_homophones
19924,1,9,1,5,2,-4.469315718840329,4.469315718840329,bORde,anti_homophones
19925,1,10,1,4,2,-4.340158350618251,4.340158350618251,ZyZe,anti_homophones
19926,1,0,0,8,4,-7.41656565717556,7.41656565717556,5kapotaZ,anti_homophones
19927,1,4,1,6,2,-4.833920978013305,4.833920978013305,Zipsj§,anti_homophones
19928,1,1,0,8,4,-5.333897771949656,5.333897771949656,syRalite,anti_homophones
19929,1,1,0,8,3,-7.535293495784013,7.535293495784013,elEkt9Rn,anti_homophones
19930,1,0,0,9,4,-9.002683309204212,9.002683309204212,baRkoloSe,anti_homophones
19931,1,1,0,6,1,-5.957602176695282,5.957602176695282,REkstR,anti_homophones
19932,1,0,0,7,3,-6.037809951544099,6.037809951544099,batatik,anti_homophones
19933,1,2,0,5,2,-5.815305046095037,5.815305046095037,efR§t,anti_homophones
19934,1,3,1,5,2,-4.695835719159284,4.695835719159284,sek@s,anti_homophones
19935,1,0,0,12,5,-13.0664445947802,13.0664445947802,klERov@teRik,anti_homophones
19936,1,10,1,4,2,-4.330223074770941,4.330223074770941,luSe,anti_homophones
19937,1,2,0,6,3,-5.51199551240641,5.51199551240641,bibili,anti_homophones
19938,1,0,0,8,4,-7.574017762429408,7.574017762429408,b§golize,anti_homophones
19939,1,0,0,9,3,-9.847883518608938,9.847883518608938,tal°v9RdZ,anti_homophones
19940,1,5,0,5,2,-5.246594582622079,5.246594582622079,kujaR,anti_homophones
19941,1,0,0,10,5,-8.185153949692761,8.185153949692761,f@tamid°m@,anti_homophones
19942,1,0,0,5,2,-6.629718659250188,6.629718659250188,tamEt,anti_homophones
19943,1,4,0,6,2,-5.08798603535017,5.08798603535017,pRezin,anti_homophones
19944,1,4,1,5,2,-4.6867420996092894,4.6867420996092894,@tism,anti_homophones
19945,1,0,1,6,2,-5.484830956962092,5.484830956962092,s5kROS,anti_homophones
19946,1,8,1,4,2,-4.547301165138914,4.547301165138914,syZe,anti_homophones
19947,1,1,0,6,3,-6.204760939633231,6.204760939633231,emajEn,anti_homophones
19948,1,0,0,7,3,-6.104304671888603,6.104304671888603,pomatik,anti_homophones
19949,1,0,0,8,3,-8.73502597868421,8.73502597868421,plas@tOS,anti_homophones
19950,1,1,0,4,2,-5.967110060099122,5.967110060099122,uRlE,anti_homophones
19951,1,1,0,8,4,-6.715572561265653,6.715572561265653,fatikyle,anti_homophones
19952,1,1,0,6,3,-5.251461563067032,5.251461563067032,seS°Ri,anti_homophones
19953,1,1,1,7,2,-5.1658989709733465,5.1658989709733465,tR@Sist,anti_homophones
19954,1,2,0,6,2,-5.4888694765457196,5.4888694765457196,snifik,anti_homophones
19955,1,2,0,5,3,-5.449759764728726,5.449759764728726,evEj2,anti_homophones
19956,1,9,1,5,2,-4.98974601821534,4.98974601821534,bRute,anti_homophones
19957,1,0,0,7,4,-7.123877795599545,7.123877795599545,@tatuje,anti_homophones
19958,1,0,0,11,4,-11.330527343333904,11.330527343333904,dROpatERtif,anti_homophones
19959,1,0,0,11,4,-10.524096850254466,10.524096850254466,m§stERkasj5,anti_homophones
19960,1,0,0,9,4,-8.178891242070078,8.178891242070078,Rydisp@d@,anti_homophones
19961,1,11,0,3,1,-4.444100499200254,4.444100499200254,@kR,anti_homophones
19962,1,0,0,8,4,-6.072350575613509,6.072350575613509,debobine,anti_homophones
19963,1,0,0,7,3,-7.076664258229522,7.076664258229522,kRopoid,anti_homophones
19964,1,0,0,9,4,-6.322148950694945,6.322148950694945,savoRat9R,anti_homophones
19965,1,1,0,6,3,-6.362607640151772,6.362607640151772,m°nase,anti_homophones
19966,1,0,0,7,3,-7.367895697013271,7.367895697013271,fERogRa,anti_homophones
19967,1,2,0,9,4,-5.241460161283662,5.241460161283662,solizasj§,anti_homophones
19968,1,0,0,11,5,-8.73125987841831,8.73125987841831,volym@tatif,anti_homophones
19969,1,0,0,8,3,-6.761553596715102,6.761553596715102,aRboRjal,anti_homophones
19970,1,0,0,10,5,-11.223677449544054,11.223677449544054,efasasenER,anti_homophones
19971,1,7,1,5,1,-5.299902707366187,5.299902707366187,skabl,anti_homophones
19972,1,6,0,5,2,-5.362698049756255,5.362698049756255,pRoki,anti_homophones
19973,1,0,0,8,3,-8.44879210947874,8.44879210947874,R°lyksEs,anti_homophones
19974,1,0,0,9,4,-8.788400842515982,8.788400842515982,SaRpoRam@,anti_homophones
19975,1,0,0,8,3,-6.1541379177736575,6.1541379177736575,povRijER,anti_homophones
19976,1,3,0,5,3,-5.732378793132538,5.732378793132538,iboSe,anti_homophones
19977,1,1,0,6,3,-6.019510515863244,6.019510515863244,asiNOl,anti_homophones
19978,1,0,0,7,3,-6.4532882371271665,6.4532882371271665,matoRja,anti_homophones
19979,1,2,0,8,4,-5.255343670637267,5.255343670637267,egORZ°m@,anti_homophones
19980,1,0,0,9,4,-9.038623457194118,9.038623457194118,tERasilER,anti_homophones
19981,1,1,0,6,2,-5.1916036846596,5.1916036846596,inds9R,anti_homophones
19982,1,0,0,8,3,-8.034948211364416,8.034948211364416,sypotwaR,anti_homophones
19983,1,0,0,8,3,-10.444810911446377,10.444810911446377,seksil5f,anti_homophones
19984,1,3,0,5,2,-4.84519217477145,4.84519217477145,buzin,anti_homophones
19985,1,9,1,5,2,-4.079760259082681,4.079760259082681,bR°m@,anti_homophones
19986,1,1,0,8,4,-7.422351419259406,7.422351419259406,k§bizyte,anti_homophones
19987,1,0,0,7,2,-7.877735660181993,7.877735660181993,pERtEns,anti_homophones
19988,1,0,0,7,2,-5.920718986931121,5.920718986931121,k§pl5dR,anti_homophones
19989,1,0,0,12,5,-13.039240581845608,13.039240581845608,onanadv@t8ER,anti_homophones
19990,1,0,0,9,4,-7.1234906082691305,7.1234906082691305,kaniilizm,anti_homophones
19991,1,0,0,8,4,-7.1536667404301015,7.1536667404301015,amORfoZi,anti_homophones
19992,1,1,0,7,3,-6.760921363994884,6.760921363994884,bR5gaN@,anti_homophones
19993,1,13,1,6,3,-4.470722539116403,4.470722539116403,palize,anti_homophones
19994,1,8,0,3,2,-4.857305020858681,4.857305020858681,@SE,anti_homophones
19995,1,1,0,7,3,-4.944880989619496,4.944880989619496,k§plije,anti_homophones
19996,1,19,1,5,2,-4.641479560292636,4.641479560292636,maRde,anti_homophones
19997,1,1,0,7,4,-6.246815831525296,6.246815831525296,deseite,anti_homophones
19998,1,9,0,5,2,-7.224405769429445,7.224405769429445,svite,anti_homophones
19999,1,0,0,8,3,-7.711621647031628,7.711621647031628,siklodij,anti_homophones
20000,1,1,0,9,3,-5.222679777689995,5.222679777689995,pRogRasj§,anti_homophones
20001,1,4,0,4,2,-5.106343877411183,5.106343877411183,p5p5,anti_homophones
20002,1,0,0,6,2,-6.978656318539014,6.978656318539014,slavan,anti_homophones
20003,1,1,0,7,3,-6.850576634116172,6.850576634116172,felatif,anti_homophones
20004,1,12,1,5,2,-4.436292854515619,4.436292854515619,Zenik,anti_homophones
20005,1,1,0,6,3,-6.6909483231856015,6.6909483231856015,famyRe,anti_homophones
20006,1,1,0,5,2,-5.923264080432073,5.923264080432073,@tigR,anti_homophones
20007,1,0,0,9,5,-7.751985210951208,7.751985210951208,leopat°m@,anti_homophones
20008,1,0,0,11,4,-10.984463275692889,10.984463275692889,siRk§sploRo,anti_homophones
20009,1,6,0,5,2,-5.038035398989895,5.038035398989895,tERmi,anti_homophones
20010,1,0,0,7,3,-7.207112323390386,7.207112323390386,dZObine,anti_homophones
20011,1,0,0,12,5,-9.3565992553517,9.3565992553517,tR@poRablije,anti_homophones
20012,1,5,0,5,2,-4.53975558556919,4.53975558556919,peRj5,anti_homophones
20013,1,2,0,5,2,-6.136733785986899,6.136733785986899,b@lj5,anti_homophones
20014,1,0,0,12,4,-9.924856580134426,9.924856580134426,matinEkst8OR,anti_homophones
20015,1,0,0,8,3,-5.7642905340705175,5.7642905340705175,faktasj§,anti_homophones
20016,1,0,0,11,5,-6.539890725246362,6.539890725246362,@viRt82z°m@,anti_homophones
20017,1,17,0,6,3,-5.047685798371514,5.047685798371514,asasj§,anti_homophones
20018,1,27,1,3,1,-4.310293811554105,4.310293811554105,mul,anti_homophones
20019,1,3,0,6,3,-6.227941153598223,6.227941153598223,polile,anti_homophones
20020,1,10,0,4,2,-5.1634087993051425,5.1634087993051425,utiR,anti_homophones
20021,1,0,0,12,5,-11.668300615202117,11.668300615202117,myltivitROm@,anti_homophones
20022,1,0,0,11,5,-11.615651298406169,11.615651298406169,fERoRitysil,anti_homophones
20023,1,1,0,7,3,-7.6482879201667,7.6482879201667,natyRna,anti_homophones
20024,1,0,0,11,4,-13.835302126686083,13.835302126686083,poNetRapt9R,anti_homophones
20025,1,16,1,3,2,-4.9084728538044535,4.9084728538044535,eky,anti_homophones
20026,1,0,0,9,4,-7.512931312076934,7.512931312076934,5syRp8is§,anti_homophones
20027,1,0,0,12,5,-12.231005299539774,12.231005299539774,ResityRezjOm,anti_homophones
20028,1,13,1,5,2,-4.9826979619308736,4.9826979619308736,kRose,anti_homophones
20029,1,0,0,10,5,-5.5578473584042944,5.5578473584042944,R°konEl°m@,anti_homophones
20030,1,1,0,7,3,-5.9378963128535664,5.9378963128535664,apORtaZ,anti_homophones
20031,1,1,0,6,3,-6.176343011237322,6.176343011237322,taS°R§,anti_homophones
20032,1,0,0,7,3,-7.8659047579294255,7.8659047579294255,sybon2z,anti_homophones
20033,1,10,0,5,2,-4.88100970003183,4.88100970003183,matin,anti_homophones
20034,1,1,0,6,3,-6.0156929206406184,6.0156929206406184,5fEksi,anti_homophones
20035,1,0,0,6,3,-6.382584354679153,6.382584354679153,avERnE,anti_homophones
20036,1,0,0,10,5,-8.04418029473105,8.04418029473105,am5sipatif,anti_homophones
20037,1,0,0,7,3,-6.913518714809001,6.913518714809001,paRvEj§,anti_homophones
20038,1,1,0,7,4,-5.466599832694983,5.466599832694983,Realiz@,anti_homophones
20039,1,3,0,7,3,-6.451697641891245,6.451697641891245,kRal°Ri,anti_homophones
20040,1,0,0,9,3,-9.039840053243012,9.039840053243012,sigaRdjat,anti_homophones
20041,1,0,0,8,3,-7.185939649066154,7.185939649066154,pRelefOR,anti_homophones
20042,1,0,0,8,4,-7.166041127219248,7.166041127219248,dev°lot§,anti_homophones
20043,1,0,0,9,4,-8.624484883364428,8.624484883364428,paRl°R5go,anti_homophones
20044,1,0,1,7,3,-4.918738959920206,4.918738959920206,k§fyzj§,anti_homophones
20045,1,20,0,4,2,-4.695844555671196,4.695844555671196,teRe,anti_homophones
20046,1,0,0,12,5,-11.05843217040932,11.05843217040932,R§S§sylfyRin,anti_homophones
20047,1,0,0,9,4,-6.697896709530049,6.697896709530049,ZERmanize,anti_homophones
20048,1,7,1,6,3,-4.611795239159703,4.611795239159703,viv°m@,anti_homophones
20049,1,0,0,5,2,-5.273045769709048,5.273045769709048,siNEt,anti_homophones
20050,1,17,0,4,2,-5.09665156352577,5.09665156352577,peje,anti_homophones
20051,1,4,0,5,3,-5.458824043872398,5.458824043872398,ais9R,anti_homophones
20052,1,0,0,8,3,-7.1338158524590165,7.1338158524590165,kRan°tje,anti_homophones
20053,1,12,0,7,3,-4.782858143857124,4.782858143857124,kyRasj§,anti_homophones
20054,1,11,1,6,3,-4.964714183122893,4.964714183122893,gaRite,anti_homophones
20055,1,3,0,6,2,-6.235221567548209,6.235221567548209,kORdja,anti_homophones
20056,1,4,0,4,2,-4.683635021999589,4.683635021999589,lok@,anti_homophones
20057,1,0,0,9,4,-8.49987771441311,8.49987771441311,osenalist,anti_homophones
20058,1,0,0,11,4,-10.401733429569628,10.401733429569628,dev§tR°vabl,anti_homophones
20059,1,9,0,5,1,-4.3974637377577706,4.3974637377577706,kRabl,anti_homophones
20060,1,3,0,9,4,-6.261283339557533,6.261283339557533,Ekt8El°m@,anti_homophones
20061,1,8,0,4,2,-4.9445912872465865,4.9445912872465865,abEs,anti_homophones
20062,1,0,0,9,4,-7.7550683412824375,7.7550683412824375,teveRisj§,anti_homophones
20063,1,0,0,6,2,-5.683207906633888,5.683207906633888,pRijOl,anti_homophones
20064,1,2,0,5,2,-5.639807426525032,5.639807426525032,plEj@,anti_homophones
20065,1,0,0,8,3,-6.996125853609708,6.996125853609708,OstkyRje,anti_homophones
20066,1,0,0,7,3,-7.169991003616397,7.169991003616397,vokalOt,anti_homophones
20067,1,0,0,10,4,-11.51633003647689,11.51633003647689,ORfiksudan,anti_homophones
20068,1,1,0,9,3,-5.355928763590989,5.355928763590989,Eksplwaje,anti_homophones
20069,1,1,0,7,3,-6.636033747847533,6.636033747847533,sERv°ly,anti_homophones
20070,1,17,2,3,1,-4.588717459904921,4.588717459904921,tus,anti_homophones
20071,1,1,0,8,4,-6.256371421785271,6.256371421785271,koabl°m@,anti_homophones
20072,1,6,0,4,2,-5.972979580956445,5.972979580956445,talu,anti_homophones
20073,1,2,0,5,3,-6.18463610793411,6.18463610793411,al°RE,anti_homophones
20074,1,0,0,7,3,-8.181083209542063,8.181083209542063,albaRZi,anti_homophones
20075,1,5,0,5,2,-5.099462109872718,5.099462109872718,k§tOR,anti_homophones
20076,1,6,0,4,1,-4.851082871474582,4.851082871474582,tR8i,anti_homophones
20077,1,7,0,5,2,-5.378978065325041,5.378978065325041,dot9R,anti_homophones
20078,1,0,0,14,5,-13.291606507610338,13.291606507610338,kiltRepistolje,anti_homophones
20079,1,0,0,10,5,-6.911157925820872,6.911157925820872,negatis°m@,anti_homophones
20080,1,0,0,9,4,-7.975587474185604,7.975587474185604,egRegylas,anti_homophones
20081,1,1,0,9,4,-7.110511962945217,7.110511962945217,labolasj§,anti_homophones
20082,1,2,0,5,2,-6.87306755440784,6.87306755440784,Rem@d,anti_homophones
20083,1,1,0,5,2,-4.662396101099255,4.662396101099255,k§bys,anti_homophones
20084,1,0,0,7,3,-8.39671555826321,8.39671555826321,§tolyst,anti_homophones
20085,1,1,0,6,3,-5.707266586708688,5.707266586708688,at°lje,anti_homophones
20086,1,3,0,5,3,-5.708677961626016,5.708677961626016,abEse,anti_homophones
20087,1,1,0,6,3,-6.4181645744988725,6.4181645744988725,bobina,anti_homophones
20088,1,0,0,8,3,-8.747720509936821,8.747720509936821,jalizajn,anti_homophones
20089,1,2,0,5,2,-7.392237613285365,7.392237613285365,5pR2n,anti_homophones
20090,1,0,0,7,3,-6.8554892719577145,6.8554892719577145,fyR°laZ,anti_homophones
20091,1,0,0,12,5,-15.053354581520857,15.053354581520857,pRosez5tasim,anti_homophones
20092,1,0,0,9,4,-8.095477797487298,8.095477797487298,k§sekosj§,anti_homophones
20093,1,0,0,7,3,-8.841521250301701,8.841521250301701,bositoz,anti_homophones
20094,1,7,0,5,2,-4.751337432137369,4.751337432137369,Resif,anti_homophones
20095,1,2,0,5,3,-5.823091704387346,5.823091704387346,ko@zi,anti_homophones
20096,1,0,0,11,5,-8.630714008778437,8.630714008778437,EspeRalis9R,anti_homophones
20097,1,0,0,7,3,-8.324844692614585,8.324844692614585,fR2date,anti_homophones
20098,1,7,0,5,2,-5.890209535725386,5.890209535725386,peRim,anti_homophones
20099,1,0,0,11,5,-11.285783518310364,11.285783518310364,god°RoRitif,anti_homophones
20100,1,0,0,8,3,-5.6548813604202826,5.6548813604202826,syRp9ple,anti_homophones
20101,1,0,0,8,3,-6.7531678320090185,6.7531678320090185,pasinizm,anti_homophones
20102,1,0,0,7,3,-6.3136291548041985,6.3136291548041985,altERnE,anti_homophones
20103,1,0,0,7,4,-7.547953861670172,7.547953861670172,inekony,anti_homophones
20104,1,14,0,5,2,-4.763910688440032,4.763910688440032,pilER,anti_homophones
20105,1,9,0,4,2,-5.2382928352270515,5.2382928352270515,Ripu,anti_homophones
20106,1,0,0,9,4,-6.502062083690227,6.502062083690227,kORtilite,anti_homophones
20107,1,24,1,3,1,-4.472191977085113,4.472191977085113,lim,anti_homophones
20108,1,28,1,4,2,-4.272835379277649,4.272835379277649,dete,anti_homophones
20109,1,1,0,6,2,-6.055742749258314,6.055742749258314,gazibl,anti_homophones
20110,1,4,1,7,2,-5.351073503274659,5.351073503274659,kRaksj§,anti_homophones
20111,1,0,0,9,3,-7.524054565216871,7.524054565216871,n2tROmEtR,anti_homophones
20112,1,0,0,6,3,-7.411092200256352,7.411092200256352,divEj2,anti_homophones
20113,1,1,0,5,2,-5.6225076868297394,5.6225076868297394,k°nOt,anti_homophones
20114,1,0,0,7,3,-7.782274615066731,7.782274615066731,kwakym2,anti_homophones
20115,1,3,0,7,2,-5.089880111290418,5.089880111290418,tRakt9R,anti_homophones
20116,1,6,0,4,2,-5.296593765622721,5.296593765622721,peRE,anti_homophones
20117,1,1,1,6,2,-4.880600659096174,4.880600659096174,desibl,anti_homophones
20118,1,0,0,7,3,-7.808778584337171,7.808778584337171,aplak9j,anti_homophones
20119,1,23,1,3,1,-4.206513555865731,4.206513555865731,mam,anti_homophones
20120,1,0,0,10,5,-8.641649191523017,8.641649191523017,efRimis°m@,anti_homophones
20121,1,4,0,6,3,-5.27098362255319,5.27098362255319,avwaj@,anti_homophones
20122,1,15,1,3,1,-4.374747024279556,4.374747024279556,sko,anti_homophones
20123,1,1,0,7,3,-5.454504728672829,5.454504728672829,pRimite,anti_homophones
20124,1,0,0,8,3,-6.063486887713577,6.063486887713577,maRgujaZ,anti_homophones
20125,1,0,0,12,5,-11.032843193651292,11.032843193651292,R@vwanaminaZ,anti_homophones
20126,1,3,0,6,3,-5.146299946906233,5.146299946906233,galoZi,anti_homophones
20127,1,6,0,7,4,-4.552546673177816,4.552546673177816,@tiv°m@,anti_homophones
20128,1,0,0,8,4,-8.305309550593064,8.305309550593064,k§symEz§,anti_homophones
20129,1,7,1,4,2,-4.68672235266908,4.68672235266908,sEz§,anti_homophones
20130,1,1,0,6,3,-7.179062269111606,7.179062269111606,oR@sj2,anti_homophones
20131,1,1,0,6,3,-6.479245999974969,6.479245999974969,mazode,anti_homophones
20132,1,4,0,5,2,-4.616673648842122,4.616673648842122,pynik,anti_homophones
20133,1,1,0,4,2,-4.980413719384982,4.980413719384982,@p8@,anti_homophones
20134,1,21,0,4,2,-4.746557470145668,4.746557470145668,dele,anti_homophones
20135,1,3,1,5,2,-4.903580807498817,4.903580807498817,skopi,anti_homophones
20136,1,0,0,13,5,-11.315129092408734,11.315129092408734,platanjozisj5,anti_homophones
20137,1,0,0,9,3,-9.193532249307124,9.193532249307124,slEptOksi,anti_homophones
20138,1,8,0,4,2,-5.495487309257032,5.495487309257032,egaR,anti_homophones
20139,1,0,0,6,2,-6.710736170962161,6.710736170962161,djalOm,anti_homophones
20140,1,0,0,6,2,-5.684142482448416,5.684142482448416,dR9mbo,anti_homophones
20141,1,13,1,4,2,-4.5003819289458615,4.5003819289458615,k§di,anti_homophones
20142,1,0,0,10,5,-12.551313359048528,12.551313359048528,fajaZelanE,anti_homophones
20143,1,4,0,5,3,-5.826444803285629,5.826444803285629,ak§te,anti_homophones
20144,1,0,0,6,3,-6.874536670592564,6.874536670592564,@kaniG,anti_homophones
20145,1,0,0,8,4,-6.821406399127596,6.821406399127596,Sukanize,anti_homophones
20146,1,1,0,5,2,-6.103298484337418,6.103298484337418,tENas,anti_homophones
20147,1,1,0,6,2,-5.812270343825992,5.812270343825992,palmuk,anti_homophones
20148,1,0,0,10,4,-9.042765050135683,9.042765050135683,medyksElyl,anti_homophones
20149,1,10,0,4,2,-5.5067586493135465,5.5067586493135465,EREt,anti_homophones
20150,1,2,0,6,2,-6.572275071537066,6.572275071537066,glasik,anti_homophones
20151,1,6,0,4,1,-5.9403609855767465,5.9403609855767465,EktR,anti_homophones
20152,1,4,0,6,2,-4.954641640916833,4.954641640916833,benist,anti_homophones
20153,1,2,0,6,2,-5.335746564878977,5.335746564878977,fajist,anti_homophones
20154,1,0,0,10,4,-9.918062749745697,9.918062749745697,tsimeteRik,anti_homophones
20155,1,0,0,11,5,-11.972169921661497,11.972169921661497,makRiviRote,anti_homophones
20156,1,0,0,6,3,-8.41563829085496,8.41563829085496,ozodR§,anti_homophones
20157,1,0,0,6,3,-6.234567038717444,6.234567038717444,of@s§Z,anti_homophones
20158,1,8,0,6,3,-4.907301335718269,4.907301335718269,k5t°m@,anti_homophones
20159,1,1,0,5,2,-8.712014308112087,8.712014308112087,byR@d,anti_homophones
20160,1,6,0,4,2,-6.261118153058563,6.261118153058563,amOd,anti_homophones
20161,1,0,0,8,3,-8.558892737806316,8.558892737806316,bataRtim,anti_homophones
20162,1,0,0,7,3,-7.877886595828368,7.877886595828368,5pastuj,anti_homophones
20163,1,0,0,7,3,-6.606071161635748,6.606071161635748,R2tikyl,anti_homophones
20164,1,6,0,5,2,-4.627216353417343,4.627216353417343,vaRja,anti_homophones
20165,1,0,0,8,3,-7.584909398403059,7.584909398403059,pRovisip,anti_homophones
20166,1,0,0,9,4,-7.684858187272977,7.684858187272977,@volybRik,anti_homophones
20167,1,0,0,7,3,-6.555265435165075,6.555265435165075,@tivitR,anti_homophones
20168,1,8,0,4,2,-4.604341482385662,4.604341482385662,@buR,anti_homophones
20169,1,4,0,5,2,-5.0611110287386865,5.0611110287386865,mok9R,anti_homophones
20170,1,0,0,7,3,-5.548889185493981,5.548889185493981,alizabl,anti_homophones
20171,1,0,0,13,5,-11.107474374166253,11.107474374166253,mediREktRogna,anti_homophones
20172,1,2,1,6,3,-4.605631294427104,4.605631294427104,g9l°m@,anti_homophones
20173,1,0,0,10,4,-7.11203271375225,7.11203271375225,lEpsikasj§,anti_homophones
20174,1,0,0,8,3,-8.898417016805583,8.898417016805583,demotaRt,anti_homophones
20175,1,2,0,8,3,-5.491189195876331,5.491189195876331,deRatwaR,anti_homophones
20176,1,2,0,7,3,-5.819039077978464,5.819039077978464,klut°m@,anti_homophones
20177,1,15,0,4,2,-5.194343618505048,5.194343618505048,kaga,anti_homophones
20178,1,15,1,6,2,-4.38746223321723,4.38746223321723,gRat9R,anti_homophones
20179,1,3,0,5,2,-5.010545189409797,5.010545189409797,suRse,anti_homophones
20180,1,0,0,10,4,-10.895485946790718,10.895485946790718,fetafaRlup,anti_homophones
20181,1,0,0,8,3,-9.120899019938483,9.120899019938483,butwaRd5,anti_homophones
20182,1,4,0,5,3,-5.445992828844324,5.445992828844324,at°lE,anti_homophones
20183,1,0,0,5,2,-5.274131550834444,5.274131550834444,lORNe,anti_homophones
20184,1,0,0,11,4,-12.537168541221929,12.537168541221929,testRonista,anti_homophones
20185,1,0,0,7,3,-5.569899203870853,5.569899203870853,Egzekyl,anti_homophones
20186,1,10,1,4,2,-4.617767400477946,4.617767400477946,nese,anti_homophones
20187,1,2,0,7,3,-5.316426856461789,5.316426856461789,dekRite,anti_homophones
20188,1,1,0,8,4,-6.988274604472541,6.988274604472541,@R°Zist5,anti_homophones
20189,1,2,0,7,3,-5.665012997366523,5.665012997366523,fwin°m@,anti_homophones
20190,1,0,0,11,4,-13.136476768186004,13.136476768186004,nos9nlaRguz,anti_homophones
20191,1,0,0,6,3,-5.914242630732415,5.914242630732415,lizaZe,anti_homophones
20192,1,16,0,4,1,-4.444329787067218,4.444329787067218,dwaR,anti_homophones
20193,1,3,0,6,3,-5.417727390866643,5.417727390866643,limine,anti_homophones
20194,1,2,0,6,2,-5.01388488594963,5.01388488594963,Ript9R,anti_homophones
20195,1,0,0,8,4,-7.5454144095373135,7.5454144095373135,agRizaZe,anti_homophones
20196,1,2,0,4,2,-5.7181853842507335,5.7181853842507335,Rog@,anti_homophones
20197,1,0,0,8,4,-9.925889117593101,9.925889117593101,aswaRisE,anti_homophones
20198,1,0,0,9,4,-7.979100450217265,7.979100450217265,SuRaSot9R,anti_homophones
20199,1,17,0,3,2,-5.271606742441825,5.271606742441825,ota,anti_homophones
20200,1,1,0,6,3,-6.141845201725766,6.141845201725766,@pijaZ,anti_homophones
20201,1,8,0,6,3,-5.502526268739454,5.502526268739454,maRine,anti_homophones
20202,1,0,0,7,3,-5.842022244121954,5.842022244121954,pERpoze,anti_homophones
20203,1,0,0,12,5,-11.34303914357737,11.34303914357737,kasuvlaRdOne,anti_homophones
20204,1,4,0,6,2,-6.037501773858978,6.037501773858978,kuRtin,anti_homophones
20205,1,2,0,6,3,-6.035733726190375,6.035733726190375,@tRopo,anti_homophones
20206,1,0,0,8,4,-7.549198042163953,7.549198042163953,evan°tje,anti_homophones
20207,1,6,0,4,2,-4.952624334412831,4.952624334412831,gaba,anti_homophones
20208,1,2,0,5,2,-5.117263427652503,5.117263427652503,kol§b,anti_homophones
20209,1,6,0,5,2,-5.2400216808871045,5.2400216808871045,puRik,anti_homophones
20210,1,0,0,8,3,-8.660399453651843,8.660399453651843,pylaskal,anti_homophones
20211,1,0,0,7,3,-6.479737477907872,6.479737477907872,laRvite,anti_homophones
20212,1,0,0,10,4,-10.432046388718604,10.432046388718604,pRobadolOt,anti_homophones
20213,1,0,0,6,2,-7.003769726006841,7.003769726006841,vEspER,anti_homophones
20214,1,2,0,6,2,-6.59197045849532,6.59197045849532,gRotEs,anti_homophones
20215,1,8,1,5,2,-4.765867872363923,4.765867872363923,k§sti,anti_homophones
20216,1,0,0,7,3,-5.37749083099728,5.37749083099728,defigyR,anti_homophones
20217,1,18,1,3,2,-4.2016025587963775,4.2016025587963775,at5,anti_homophones
20218,1,0,0,9,4,-7.89076911901512,7.89076911901512,kanatyRiR,anti_homophones
20219,1,16,1,5,2,-4.392310330261185,4.392310330261185,Sasj§,anti_homophones
20220,1,0,0,10,5,-10.464416749289837,10.464416749289837,adRak°lySe,anti_homophones
20221,1,0,0,8,3,-7.938720997652024,7.938720997652024,tRakonEf,anti_homophones
20222,1,0,0,8,4,-8.293450242522663,8.293450242522663,k5kapiR@,anti_homophones
20223,1,0,0,8,4,-9.521003096863197,9.521003096863197,5pyRelis,anti_homophones
20224,1,0,0,7,3,-5.960285773982621,5.960285773982621,globyle,anti_homophones
20225,1,1,0,5,2,-6.351577583369936,6.351577583369936,lOkyl,anti_homophones
20226,1,0,0,12,4,-13.282676684556147,13.282676684556147,SliktwalEt9R,anti_homophones
20227,1,5,0,7,3,-5.206660026568472,5.206660026568472,pjEt°m@,anti_homophones
20228,1,0,0,8,3,-10.394554849524358,10.394554849524358,n2RobajS,anti_homophones
20229,1,0,0,11,4,-9.793843686874997,9.793843686874997,nORmodyktif,anti_homophones
20230,1,0,0,10,4,-8.126200135114436,8.126200135114436,kuplebRuje,anti_homophones
20231,1,0,0,8,3,-7.351733795881934,7.351733795881934,pwasomEn,anti_homophones
20232,1,0,0,7,3,-7.326171294065049,7.326171294065049,tRebeZe,anti_homophones
20233,1,0,0,9,3,-8.500772477768274,8.500772477768274,naRk@Zabl,anti_homophones
20234,1,1,0,6,3,-5.363300796677756,5.363300796677756,suk°te,anti_homophones
20235,1,0,0,7,3,-9.651234065506879,9.651234065506879,napinav,anti_homophones
20236,1,8,0,4,2,-5.011638318205297,5.011638318205297,bon2,anti_homophones
20237,1,6,1,8,4,-4.848492318429812,4.848492318429812,tabilite,anti_homophones
20238,1,0,0,10,3,-8.035247437766474,8.035247437766474,vERspesizm,anti_homophones
20239,1,7,0,4,2,-5.371266891005882,5.371266891005882,alpo,anti_homophones
20240,1,0,0,12,5,-8.7807221206736,8.7807221206736,advERsEptim@,anti_homophones
20241,1,17,0,3,1,-4.941064112328002,4.941064112328002,muk,anti_homophones
20242,1,0,0,8,4,-6.712275220537947,6.712275220537947,R§flyoRe,anti_homophones
20243,1,2,0,6,3,-5.187096557784878,5.187096557784878,5k§sid,anti_homophones
20244,1,0,0,11,4,-10.886252124336,10.886252124336,vOlt5ktyRZ@,anti_homophones
20245,1,0,0,8,4,-9.301268884781232,9.301268884781232,okaRjaSi,anti_homophones
20246,1,7,0,4,1,-4.941836903243762,4.941836903243762,gRym,anti_homophones
20247,1,2,0,6,3,-6.062846241313326,6.062846241313326,kadeRe,anti_homophones
20248,1,0,0,7,3,-6.271181261390104,6.271181261390104,eklatik,anti_homophones
20249,1,0,0,8,4,-7.953388833495148,7.953388833495148,Sikanone,anti_homophones
20250,1,0,0,10,4,-7.348986999748051,7.348986999748051,spERfEt°m@,anti_homophones
20251,1,0,0,9,3,-6.6201179478682555,6.6201179478682555,pRimetabl,anti_homophones
20252,1,2,0,5,3,-6.600050922770513,6.600050922770513,ipit2,anti_homophones
20253,1,0,0,12,5,-9.412683630089449,9.412683630089449,degREktivize,anti_homophones
20254,1,7,1,4,2,-5.393071612175853,5.393071612175853,Roto,anti_homophones
20255,1,1,0,6,3,-5.4517040329983315,5.4517040329983315,R°pus5,anti_homophones
20256,1,1,0,6,3,-6.493720579807211,6.493720579807211,kolofe,anti_homophones
20257,1,0,0,8,4,-8.424923056406854,8.424923056406854,novaz°Ri,anti_homophones
20258,1,0,0,9,4,-7.073590109776951,7.073590109776951,S°vabilit,anti_homophones
20259,1,1,0,8,3,-6.331256085322318,6.331256085322318,tR§SitER,anti_homophones
20260,1,1,0,6,3,-6.6116286058152465,6.6116286058152465,aN2las,anti_homophones
20261,1,0,0,10,5,-9.618393250475073,9.618393250475073,kasetaRiz@,anti_homophones
20262,1,8,0,3,1,-4.703526349819782,4.703526349819782,fi1,anti_homophones
20263,1,0,0,7,3,-8.128702847922986,8.128702847922986,ZOlinwa,anti_homophones
20264,1,0,0,7,2,-7.14889412333542,7.14889412333542,Sb°zabl,anti_homophones
20265,1,1,1,5,2,-4.884122471228589,4.884122471228589,mEk9R,anti_homophones
20266,1,7,0,4,2,-5.050420081190255,5.050420081190255,syba,anti_homophones
20267,1,0,0,10,4,-8.200787910792,8.200787910792,5vEstRonal,anti_homophones
20268,1,0,0,8,3,-8.32931762944467,8.32931762944467,fRitikas,anti_homophones
20269,1,4,1,5,2,-5.246081511377384,5.246081511377384,Rekyn,anti_homophones
20270,1,0,0,7,3,-7.2055016629213995,7.2055016629213995,p5gloke,anti_homophones
20271,1,3,0,5,2,-5.642540988254445,5.642540988254445,Rajve,anti_homophones
20272,1,0,0,8,3,-7.153438487847391,7.153438487847391,klosesj§,anti_homophones
20273,1,18,0,3,1,-4.67359486437665,4.67359486437665,mOm,anti_homophones
20274,1,0,0,11,5,-10.073557785572104,10.073557785572104,mimetajonEt,anti_homophones
20275,1,0,0,12,5,-11.389125816643997,11.389125816643997,k§pORtoRopaZ,anti_homophones
20276,1,0,0,9,4,-8.46848546151513,8.46848546151513,REnajasj§,anti_homophones
20277,1,1,0,5,2,-6.022414707694741,6.022414707694741,lakal,anti_homophones
20278,1,0,0,6,3,-7.386422593965708,7.386422593965708,2nyRZ@,anti_homophones
20279,1,0,0,6,3,-7.554804706044119,7.554804706044119,kaR@S@,anti_homophones
20280,1,7,0,5,3,-5.321417943977297,5.321417943977297,abute,anti_homophones
20281,1,0,0,7,2,-7.672543363293639,7.672543363293639,SEpsist,anti_homophones
20282,1,2,0,7,3,-7.39275972497776,7.39275972497776,sepaRpe,anti_homophones
20283,1,17,0,4,1,-4.8290052798202705,4.8290052798202705,gRij,anti_homophones
20284,1,2,0,7,3,-6.033952029080746,6.033952029080746,paRataZ,anti_homophones
20285,1,1,0,6,2,-4.57658764552867,4.57658764552867,vylsj§,anti_homophones
20286,1,10,0,4,2,-4.5744635547469965,4.5744635547469965,p@t5,anti_homophones
20287,1,0,0,9,4,-8.928317363835749,8.928317363835749,naRSiz°m@,anti_homophones
20288,1,0,0,10,5,-11.046751123786414,11.046751123786414,kalit@buSe,anti_homophones
20289,1,12,0,4,2,-4.8059443400984705,4.8059443400984705,g§de,anti_homophones
20290,1,0,0,9,4,-8.803883313756124,8.803883313756124,demiRonom,anti_homophones
20291,1,0,0,9,4,-7.0656682751088855,7.0656682751088855,EkspeRiko,anti_homophones
20292,1,0,0,7,3,-7.946754555863832,7.946754555863832,5Z§ksj@,anti_homophones
20293,1,0,0,6,2,-5.81015691991005,5.81015691991005,koR5dR,anti_homophones
20294,1,4,0,5,2,-5.1228409787942635,5.1228409787942635,leSiR,anti_homophones
20295,1,3,0,5,3,-5.263047079664388,5.263047079664388,5dem@,anti_homophones
20296,1,2,0,5,3,-4.985490168203546,4.985490168203546,5t@d@,anti_homophones
20297,1,0,1,6,2,-4.836318001293839,4.836318001293839,debw9R,anti_homophones
20298,1,0,0,7,4,-9.915659231703756,9.915659231703756,avikad5,anti_homophones
20299,1,4,0,5,2,-5.926174737869278,5.926174737869278,fujiR,anti_homophones
20300,1,0,0,5,2,-5.412078567239025,5.412078567239025,RezEf,anti_homophones
20301,1,0,0,10,4,-8.531309136335947,8.531309136335947,REs@sifiks,anti_homophones
20302,1,0,0,10,5,-6.648127579197615,6.648127579197615,Reatikasj§,anti_homophones
20303,1,1,0,6,3,-6.483213499160217,6.483213499160217,maRad5,anti_homophones
20304,1,0,0,9,4,-8.740394442215415,8.740394442215415,syROlinEt,anti_homophones
20305,1,0,0,9,4,-8.841781919775606,8.841781919775606,tERpelas@,anti_homophones
20306,1,1,0,6,2,-5.918170809520441,5.918170809520441,psikaZ,anti_homophones
20307,1,0,0,10,5,-11.368165775756736,11.368165775756736,seZetalomo,anti_homophones
20308,1,0,0,8,4,-6.5496467652801,6.5496467652801,kodEs°m@,anti_homophones
20309,1,0,0,7,3,-7.59902299048384,7.59902299048384,mamoRj5,anti_homophones
20310,1,1,0,5,2,-4.9014300032782625,4.9014300032782625,R°gRe,anti_homophones
20311,1,2,0,8,3,-5.857558651778187,5.857558651778187,sinalizm,anti_homophones
20312,1,15,1,5,2,-4.409685688608956,4.409685688608956,vaRje,anti_homophones
20313,1,1,0,6,2,-6.822306734398763,6.822306734398763,misElt,anti_homophones
20314,1,0,0,10,5,-11.306725552855303,11.306725552855303,satifERato,anti_homophones
20315,1,6,0,4,1,-4.926531949099379,4.926531949099379,skyl,anti_homophones
20316,1,5,2,6,2,-4.133208400186923,4.133208400186923,djasj§,anti_homophones
20317,1,0,0,10,4,-8.561627275123582,8.561627275123582,venezid8El,anti_homophones
20318,1,0,0,10,4,-9.57057397846209,9.57057397846209,psikosifER,anti_homophones
20319,1,0,0,5,2,-8.828033392121098,8.828033392121098,sOtim,anti_homophones
20320,1,0,0,5,1,-6.986409415578456,6.986409415578456,b1zj§,anti_homophones
20321,1,0,0,10,4,-9.450401546520219,9.450401546520219,saRoglisj§,anti_homophones
20322,1,1,0,8,3,-5.825640912995412,5.825640912995412,sysp@d9R,anti_homophones
20323,1,0,0,8,3,-7.820042307625021,7.820042307625021,k§tResaG,anti_homophones
20324,1,1,0,5,1,-5.774128054868546,5.774128054868546,k@bR1,anti_homophones
20325,1,16,0,3,1,-4.641992811158756,4.641992811158756,mOS,anti_homophones
20326,1,12,0,5,3,-4.7122452142424835,4.7122452142424835,aZ°m@,anti_homophones
20327,1,1,0,9,3,-5.733339137900627,5.733339137900627,pRodyktyR,anti_homophones
20328,1,0,0,10,4,-11.97197184616776,11.97197184616776,nwajabERkE,anti_homophones
20329,1,20,1,3,1,-4.31401663785375,4.31401663785375,nOm,anti_homophones
20330,1,1,0,8,4,-7.278772353986384,7.278772353986384,5pREl°m@,anti_homophones
20331,1,5,1,4,2,-5.389728244478355,5.389728244478355,ZaRE,anti_homophones
20332,1,0,0,7,2,-5.220138956843864,5.220138956843864,tR@zibl,anti_homophones
20333,1,9,0,4,2,-5.044656965594326,5.044656965594326,abwa,anti_homophones
20334,1,0,0,6,3,-5.715424050252851,5.715424050252851,makade,anti_homophones
20335,1,4,0,5,3,-5.868678732995959,5.868678732995959,otoik,anti_homophones
20336,1,0,0,6,3,-7.002313929356916,7.002313929356916,pilak@,anti_homophones
20337,1,2,0,5,2,-5.372699153347321,5.372699153347321,d@tEl,anti_homophones
20338,1,1,0,4,2,-4.840752993353364,4.840752993353364,noEl,anti_homophones
20339,1,0,0,9,4,-9.518998503488593,9.518998503488593,Zuv@tizaR,anti_homophones
20340,1,0,0,13,4,-8.072863964972491,8.072863964972491,kROspEkt8asj§,anti_homophones
20341,1,0,0,7,3,-7.918942032390687,7.918942032390687,syltaRi,anti_homophones
20342,1,8,0,5,2,-4.687211076577623,4.687211076577623,salad,anti_homophones
20343,1,12,1,7,2,-4.630753718886188,4.630753718886188,stRasj§,anti_homophones
20344,1,0,0,9,3,-5.446727956805981,5.446727956805981,disf§ksj§,anti_homophones
20345,1,3,0,5,2,-5.3345773117024615,5.3345773117024615,kl@Si,anti_homophones
20346,1,4,0,4,2,-4.964438282655472,4.964438282655472,akOb,anti_homophones
20347,1,3,1,5,2,-5.150797514883415,5.150797514883415,kafuj,anti_homophones
20348,1,1,0,5,2,-6.1943601251614355,6.1943601251614355,REsjo,anti_homophones
20349,1,0,0,8,3,-6.286160435461718,6.286160435461718,divylsif,anti_homophones
20350,1,5,0,5,2,-4.925034616379796,4.925034616379796,kR°Ri,anti_homophones
20351,1,5,0,5,2,-5.382686711922222,5.382686711922222,bRujo,anti_homophones
20352,1,0,0,9,3,-7.943785505469186,7.943785505469186,tORtodist,anti_homophones
20353,1,0,0,8,3,-7.178237587013892,7.178237587013892,domisabl,anti_homophones
20354,1,1,0,7,3,-5.502496377932638,5.502496377932638,k§pozif,anti_homophones
20355,1,2,0,6,3,-6.417649032666374,6.417649032666374,R@feni,anti_homophones
20356,1,2,0,5,2,-5.808620458653617,5.808620458653617,Zadik,anti_homophones
20357,1,27,0,4,2,-4.3406164869639925,4.3406164869639925,maje,anti_homophones
20358,1,0,0,8,4,-7.2352609808092705,7.2352609808092705,R@bobite,anti_homophones
20359,1,3,1,6,3,-6.523883498089311,6.523883498089311,k§tan@,anti_homophones
20360,1,34,0,1,1,-4.567200134130751,4.567200134130751,a,anti_homophones
20361,1,1,0,7,3,-6.955707565334859,6.955707565334859,polop9R,anti_homophones
20362,1,8,0,4,1,-5.2118735143424395,5.2118735143424395,sutR,anti_homophones
20363,1,1,0,6,2,-5.745352095346021,5.745352095346021,tORkEt,anti_homophones
20364,1,0,0,8,3,-6.318708370221123,6.318708370221123,floRatik,anti_homophones
20365,1,0,0,11,5,-8.534672316541247,8.534672316541247,bazitikylER,anti_homophones
20366,1,0,0,10,4,-8.228971232465053,8.228971232465053,kRobjOt°m@,anti_homophones
20367,1,0,0,9,4,-7.780451802278784,7.780451802278784,RekOnOksi,anti_homophones
20368,1,0,0,9,4,-6.931699331540358,6.931699331540358,depeRat9R,anti_homophones
20369,1,0,0,14,5,-9.998305307175642,9.998305307175642,sybsekymyltabl,anti_homophones
20370,1,0,0,9,3,-6.6082296387594415,6.6082296387594415,psikotabl,anti_homophones
20371,1,0,0,8,3,-8.799226046775297,8.799226046775297,bigatORd,anti_homophones
20372,1,2,0,5,2,-5.031683082663072,5.031683082663072,ZyRje,anti_homophones
20373,1,2,0,6,3,-5.356670643579721,5.356670643579721,5susj2,anti_homophones
20374,1,0,0,9,3,-8.59379643224795,8.59379643224795,bRus9mp9R,anti_homophones
20375,1,13,0,4,2,-4.747175511510864,4.747175511510864,kOle,anti_homophones
20376,1,8,1,7,4,-4.7970384755336815,4.7970384755336815,epis°m@,anti_homophones
20377,1,0,1,6,3,-4.671740422739828,4.671740422739828,R2os9R,anti_homophones
20378,1,13,0,4,2,-5.3762897065037905,5.3762897065037905,fazi,anti_homophones
20379,1,8,0,7,3,-5.243836964410703,5.243836964410703,akRasj§,anti_homophones
20380,1,0,0,7,3,-7.057436123457939,7.057436123457939,R@gORZa,anti_homophones
20381,1,0,0,9,3,-7.359286340763103,7.359286340763103,biskRat9R,anti_homophones
20382,1,0,0,10,4,-8.492173622738848,8.492173622738848,kopjedR°Ri,anti_homophones
20383,1,0,0,5,2,-4.7927972236376135,4.7927972236376135,s5fw5,anti_homophones
20384,1,0,0,11,4,-13.511765689415846,13.511765689415846,spORtamORok,anti_homophones
20385,1,1,0,7,3,-6.358724538258597,6.358724538258597,kloRik5,anti_homophones
20386,1,0,0,7,3,-7.195388519704448,7.195388519704448,modelis,anti_homophones
20387,1,0,0,6,2,-7.932515177952911,7.932515177952911,Ruskip,anti_homophones
20388,1,1,0,6,2,-6.554262524931585,6.554262524931585,mERZwa,anti_homophones
20389,1,5,0,4,1,-4.457602129414475,4.457602129414475,mjEl,anti_homophones
20390,1,2,0,5,1,-5.241591735673723,5.241591735673723,apstR,anti_homophones
20391,1,32,1,4,2,-4.099334826876487,4.099334826876487,Rote,anti_homophones
20392,1,0,0,7,3,-7.378639438413887,7.378639438413887,Okt@bRe,anti_homophones
20393,1,0,0,10,4,-8.967096732123451,8.967096732123451,bORdym@tas,anti_homophones
20394,1,0,0,9,4,-5.680629720538822,5.680629720538822,k§plEd°m@,anti_homophones
20395,1,0,0,11,4,-8.07824271604171,8.07824271604171,sOlvabilizm,anti_homophones
20396,1,0,0,9,4,-9.566904555916995,9.566904555916995,evid8Elif,anti_homophones
20397,1,1,0,5,2,-5.838073781090187,5.838073781090187,demys,anti_homophones
20398,1,11,0,6,3,-5.164879897446543,5.164879897446543,d@t°m@,anti_homophones
20399,1,0,0,8,4,-8.861315002534495,8.861315002534495,idRitase,anti_homophones
20400,1,6,0,4,2,-5.29310456586923,5.29310456586923,mokE,anti_homophones
20401,1,0,0,5,2,-6.980576004501737,6.980576004501737,utaRd,anti_homophones
20402,1,1,0,8,3,-7.750682317400479,7.750682317400479,R°Sastil,anti_homophones
20403,1,19,1,4,2,-4.444571966439837,4.444571966439837,Ram@,anti_homophones
20404,1,0,0,12,5,-11.783194676414938,11.783194676414938,kl@bR°m@s°m@,anti_homophones
20405,1,0,0,11,4,-6.818595279266969,6.818595279266969,dek§plEksj§,anti_homophones
20406,1,0,0,8,4,-7.285569377010106,7.285569377010106,5k§solEn,anti_homophones
20407,1,0,0,9,4,-7.376585922915943,7.376585922915943,Radjoeljo,anti_homophones
20408,1,0,0,12,4,-8.247268638697962,8.247268638697962,EkstROpylsj§,anti_homophones
20409,1,0,0,9,5,-6.9511896124586805,6.9511896124586805,imaZoRize,anti_homophones
20410,1,0,0,7,3,-6.403486034070276,6.403486034070276,libERle,anti_homophones
20411,1,5,0,5,2,-5.791941214281167,5.791941214281167,taRjo,anti_homophones
20412,1,0,0,10,5,-8.091973229870169,8.091973229870169,melitalize,anti_homophones
20413,1,0,0,10,5,-10.18858986858863,10.18858986858863,diOksitota,anti_homophones
20414,1,1,1,4,2,-4.857894899701235,4.857894899701235,juju,anti_homophones
20415,1,0,0,9,3,-6.875009609470631,6.875009609470631,tR§petizm,anti_homophones
20416,1,0,0,6,2,-6.097913789110173,6.097913789110173,fEldve,anti_homophones
20417,1,2,0,6,3,-6.697852770143138,6.697852770143138,temoRa,anti_homophones
20418,1,0,0,11,5,-9.097512840873403,9.097512840873403,Riptikylate,anti_homophones
20419,1,7,0,6,2,-4.861777757235458,4.861777757235458,kaRtiR,anti_homophones
20420,1,0,0,11,5,-10.123538626218274,10.123538626218274,idRonitoman,anti_homophones
20421,1,18,1,4,2,-4.3194076126679315,4.3194076126679315,@bRe,anti_homophones
20422,1,2,0,7,3,-5.556196871049792,5.556196871049792,kREv°m@,anti_homophones
20423,1,0,0,7,3,-8.312548519746661,8.312548519746661,kofaRuz,anti_homophones
20424,1,21,0,3,2,-4.754404706682096,4.754404706682096,alu,anti_homophones
20425,1,0,0,10,4,-7.361697227748539,7.361697227748539,elEktomabl,anti_homophones
20426,1,0,0,9,4,-8.29196499594945,8.29196499594945,R§p°tityR,anti_homophones
20427,1,17,0,3,1,-4.2040275297750656,4.2040275297750656,vwa,anti_homophones
20428,1,0,0,11,5,-8.043417541941748,8.043417541941748,@pwal@tasj§,anti_homophones
20429,1,31,1,4,2,-4.31395016486942,4.31395016486942,pati,anti_homophones
20430,1,5,1,4,1,-5.020706348566463,5.020706348566463,fR@Z,anti_homophones
20431,1,0,0,7,3,-8.000378083519786,8.000378083519786,van°tj5,anti_homophones
20432,1,0,0,8,3,-6.356728467084952,6.356728467084952,k§vwatyR,anti_homophones
20433,1,5,1,4,1,-4.6384503128838075,4.6384503128838075,s8if,anti_homophones
20434,1,0,0,8,3,-6.042162226123265,6.042162226123265,dedubl9R,anti_homophones
20435,1,0,0,10,5,-8.148358609075876,8.148358609075876,etRoZik°m@,anti_homophones
20436,1,0,0,5,2,-6.221555240091573,6.221555240091573,bElit,anti_homophones
20437,1,3,0,7,3,-5.469087373817574,5.469087373817574,somat9R,anti_homophones
20438,1,2,0,6,3,-5.134853538230965,5.134853538230965,5difik,anti_homophones
20439,1,0,0,9,4,-7.515329294641852,7.515329294641852,maRkeotER,anti_homophones
20440,1,0,0,6,3,-5.273798730785845,5.273798730785845,k§dam@,anti_homophones
20441,1,4,0,5,2,-5.834773516127871,5.834773516127871,pipER,anti_homophones
20442,1,3,0,6,3,-5.580314937785507,5.580314937785507,sifika,anti_homophones
20443,1,0,0,6,2,-6.783583874525571,6.783583874525571,navivR,anti_homophones
20444,1,1,0,9,4,-6.609545521236008,6.609545521236008,@tR°byt9R,anti_homophones
20445,1,0,0,6,2,-6.1629465589926635,6.1629465589926635,akREtR,anti_homophones
20446,1,1,0,5,2,-5.361154239754336,5.361154239754336,plEz2,anti_homophones
20447,1,0,0,11,4,-11.487267877615883,11.487267877615883,alingalvERn,anti_homophones
20448,1,5,1,5,2,-4.868923375207846,4.868923375207846,pRokE,anti_homophones
20449,1,0,0,12,5,-10.65540154292281,10.65540154292281,miRpatoloZ9R,anti_homophones
20450,1,0,0,7,4,-8.115989798596921,8.115989798596921,5sutone,anti_homophones
20451,1,6,0,5,2,-5.3879158557670275,5.3879158557670275,gotaZ,anti_homophones
20452,1,0,0,8,4,-7.0780680288468965,7.0780680288468965,kapilize,anti_homophones
20453,1,2,0,7,3,-6.682597347172888,6.682597347172888,RjEt°m@,anti_homophones
20454,1,0,0,11,5,-7.771471145474029,7.771471145474029,adminaliz9R,anti_homophones
20455,1,1,0,8,4,-5.096297526727166,5.096297526727166,oRj2z°m@,anti_homophones
20456,1,19,0,3,1,-4.491911500095383,4.491911500095383,ziR,anti_homophones
20457,1,4,0,5,2,-5.118490480128782,5.118490480128782,gonik,anti_homophones
20458,1,2,1,9,4,-4.920589824461384,4.920589824461384,delizasj§,anti_homophones
20459,1,1,0,7,3,-5.568632952937149,5.568632952937149,imynizm,anti_homophones
20460,1,6,0,5,2,-4.8022679538400235,4.8022679538400235,mOt9R,anti_homophones
20461,1,0,0,10,5,-8.953135026485826,8.953135026485826,sekylabule,anti_homophones
20462,1,0,0,7,3,-7.972735970205451,7.972735970205451,pinitif,anti_homophones
20463,1,0,0,14,5,-13.779829298092217,13.779829298092217,djagnismaskOpe,anti_homophones
20464,1,0,0,10,5,-9.351312461644111,9.351312461644111,sivEl°m@te,anti_homophones
20465,1,6,1,5,2,-4.675802589134423,4.675802589134423,kupaZ,anti_homophones
20466,1,0,0,7,3,-6.268972244387038,6.268972244387038,lateRj5,anti_homophones
20467,1,0,0,11,4,-8.783450294612772,8.783450294612772,R2k§vERsjEn,anti_homophones
20468,1,5,0,5,2,-5.111519524697635,5.111519524697635,miRj5,anti_homophones
20469,1,0,0,8,4,-9.621943938239411,9.621943938239411,Rodenota,anti_homophones
20470,1,31,1,3,1,-4.104375695533382,4.104375695533382,kER,anti_homophones
20471,1,0,0,7,3,-6.477046026611074,6.477046026611074,@mERsje,anti_homophones
20472,1,0,0,11,5,-10.772497135216007,10.772497135216007,melivilital,anti_homophones
20473,1,0,0,8,3,-10.967033635205585,10.967033635205585,domataRz,anti_homophones
20474,1,1,0,7,2,-4.709201256323285,4.709201256323285,tRyksj§,anti_homophones
20475,1,0,0,7,3,-5.895827036105485,5.895827036105485,kopinal,anti_homophones
20476,1,0,0,10,4,-10.146646241799093,10.146646241799093,pReRemosad,anti_homophones
20477,1,0,0,7,3,-7.234877948538343,7.234877948538343,siplome,anti_homophones
20478,1,0,0,8,3,-7.437728085118984,7.437728085118984,detRalis,anti_homophones
20479,1,0,0,8,4,-8.417242271725728,8.417242271725728,vERus°Ri,anti_homophones
20480,1,0,0,5,2,-7.541586220435688,7.541586220435688,minga,anti_homophones
20481,1,0,0,8,4,-6.497956768361321,6.497956768361321,dekRoase,anti_homophones
20482,1,3,0,6,3,-5.89846477662479,5.89846477662479,@kR°m@,anti_homophones
20483,1,2,0,6,3,-6.334549941381953,6.334549941381953,pReafi,anti_homophones
20484,1,2,0,7,2,-6.528136517358019,6.528136517358019,makRabl,anti_homophones
20485,1,1,0,7,3,-5.82371177461593,5.82371177461593,k§solOg,anti_homophones
20486,1,4,0,6,2,-5.819584640330771,5.819584640330771,deljOm,anti_homophones
20487,1,0,0,10,4,-8.942896779168995,8.942896779168995,p@t@daRdje,anti_homophones
20488,1,0,0,6,3,-7.633689477475138,7.633689477475138,5kRise,anti_homophones
20489,1,5,0,6,2,-5.304126402330883,5.304126402330883,monabl,anti_homophones
20490,1,8,1,5,1,-4.680262620130728,4.680262620130728,psist,anti_homophones
20491,1,3,0,5,2,-5.781572273236942,5.781572273236942,ekwat,anti_homophones
20492,1,0,0,8,4,-8.010155606354683,8.010155606354683,mileteje,anti_homophones
20493,1,1,0,5,2,-5.691317090468355,5.691317090468355,aljal,anti_homophones
20494,1,0,0,7,3,-7.7936971877790135,7.7936971877790135,faRmyR@,anti_homophones
20495,1,0,0,10,5,-9.79818335090755,9.79818335090755,takatanEz§,anti_homophones
20496,1,0,0,7,3,-6.679891165128014,6.679891165128014,akwavRe,anti_homophones
20497,1,3,0,6,2,-5.1251671378077175,5.1251671378077175,s5plik,anti_homophones
20498,1,26,1,3,1,-4.060358143220309,4.060358143220309,akR,anti_homophones
20499,1,6,0,4,1,-5.26000942512294,5.26000942512294,pR2m,anti_homophones
20500,1,0,0,7,3,-8.520016883649173,8.520016883649173,minaREj,anti_homophones
20501,1,0,0,7,3,-7.9274420623897965,7.9274420623897965,RebylyR,anti_homophones
20502,1,1,0,6,3,-5.51491217098649,5.51491217098649,amyzik,anti_homophones
20503,1,3,0,4,2,-4.84678964888866,4.84678964888866,dus5,anti_homophones
20504,1,0,0,11,5,-7.922115919955356,7.922115919955356,dekosyfizj§,anti_homophones
20505,1,2,0,6,3,-5.328452872232136,5.328452872232136,telefo,anti_homophones
20506,1,2,0,9,4,-5.523764668248347,5.523764668248347,dekabl°m@,anti_homophones
20507,1,1,0,5,2,-6.3152612298617505,6.3152612298617505,panj@,anti_homophones
20508,1,0,0,10,4,-10.758689468887496,10.758689468887496,tolitimwan,anti_homophones
20509,1,0,0,9,4,-9.604331004454295,9.604331004454295,taREzonEt,anti_homophones
20510,1,0,0,8,4,-6.8785028397008094,6.8785028397008094,5dival8e,anti_homophones
20511,1,10,0,4,2,-5.514445755247992,5.514445755247992,@gRe,anti_homophones
20512,1,8,0,4,2,-4.450794430392708,4.450794430392708,buka,anti_homophones
20513,1,13,1,4,2,-4.789428013217814,4.789428013217814,am9R,anti_homophones
20514,1,0,0,14,5,-9.43798655744884,9.43798655744884,EkstEkspozisj§,anti_homophones
20515,1,10,0,6,3,-5.546050742022588,5.546050742022588,Rid°m@,anti_homophones
20516,1,0,0,12,5,-9.817589256055435,9.817589256055435,tER§p°Rozabl,anti_homophones
20517,1,0,0,12,5,-10.865186994722857,10.865186994722857,bugRizERv°Ri,anti_homophones
20518,1,0,0,5,2,-5.453469776842921,5.453469776842921,vEnto,anti_homophones
20519,1,6,0,6,3,-5.128479062759593,5.128479062759593,v@t°Ri,anti_homophones
20520,1,0,0,11,5,-9.184738605503648,9.184738605503648,kypidivERse,anti_homophones
20521,1,0,0,13,5,-14.097636093112857,14.097636093112857,plasyRelikORb,anti_homophones
20522,1,1,0,6,3,-7.006964016692859,7.006964016692859,otokte,anti_homophones
20523,1,3,1,5,3,-5.158009478213199,5.158009478213199,afyte,anti_homophones
20524,1,0,0,8,4,-8.907037819025053,8.907037819025053,ezolonEl,anti_homophones
20525,1,4,1,5,2,-5.287907256584566,5.287907256584566,fR@ka,anti_homophones
20526,1,0,0,10,5,-6.96828546635826,6.96828546635826,adZydik°m@,anti_homophones
20527,1,5,0,5,2,-5.363478316602295,5.363478316602295,vElaZ,anti_homophones
20528,1,0,0,6,3,-6.625168325795855,6.625168325795855,efRiZi,anti_homophones
20529,1,0,0,9,4,-7.480775983998316,7.480775983998316,pERtijote,anti_homophones
20530,1,6,1,4,2,-4.920536875930092,4.920536875930092,mOni,anti_homophones
20531,1,0,0,11,5,-13.941218708528675,13.941218708528675,mjotEkabusy,anti_homophones
20532,1,1,0,7,3,-5.753356715404912,5.753356715404912,S°vizj§,anti_homophones
20533,1,0,0,8,4,-7.778532712612618,7.778532712612618,ekapityl,anti_homophones
20534,1,0,1,6,3,-5.669243662652961,5.669243662652961,leZ@te,anti_homophones
20535,1,15,1,5,2,-4.44976100984747,4.44976100984747,Rap9R,anti_homophones
20536,1,0,0,8,4,-7.824252536790978,7.824252536790978,atagotaZ,anti_homophones
20537,1,0,1,5,2,-4.815190773012516,4.815190773012516,bEz9R,anti_homophones
20538,1,0,0,8,4,-7.677346266320311,7.677346266320311,bemOlite,anti_homophones
20539,1,0,0,8,3,-6.64209706063055,6.64209706063055,pRofin9R,anti_homophones
20540,1,0,0,6,2,-6.957884291714465,6.957884291714465,klij@g,anti_homophones
20541,1,0,0,13,4,-13.549889946559178,13.549889946559178,k°REstRemjOkR,anti_homophones
20542,1,8,0,4,2,-5.170632362287197,5.170632362287197,kad5,anti_homophones
20543,1,10,0,4,2,-5.079294943761146,5.079294943761146,tap@,anti_homophones
20544,1,0,0,11,5,-12.850257142742938,12.850257142742938,dekoljeliti,anti_homophones
20545,1,0,0,9,4,-8.295741848943006,8.295741848943006,@kilbERl@,anti_homophones
20546,1,0,0,8,3,-7.487270048125582,7.487270048125582,dERmidas,anti_homophones
20547,1,6,0,6,3,-5.227382330346679,5.227382330346679,metane,anti_homophones
20548,1,2,0,6,3,-5.297212702038717,5.297212702038717,makyze,anti_homophones
20549,1,13,0,4,2,-5.044391845013034,5.044391845013034,Red@,anti_homophones
20550,1,0,0,8,3,-7.228716385792509,7.228716385792509,plwatyRe,anti_homophones
20551,1,0,0,6,3,-7.112800831219298,7.112800831219298,natERi,anti_homophones
20552,1,9,1,6,3,-5.202390326231925,5.202390326231925,sevite,anti_homophones
20553,1,0,0,7,3,-6.57081113927669,6.57081113927669,SifRite,anti_homophones
20554,1,11,1,5,2,-4.708559788998754,4.708559788998754,devER,anti_homophones
20555,1,2,0,6,3,-5.7327529961710795,5.7327529961710795,sonomi,anti_homophones
20556,1,6,0,5,1,-4.566144078756608,4.566144078756608,psikl,anti_homophones
20557,1,1,0,9,4,-6.239082714896857,6.239082714896857,b@doloZik,anti_homophones
20558,1,12,1,4,2,-5.633952271956098,5.633952271956098,foti,anti_homophones
20559,1,0,0,8,4,-8.58610782423083,8.58610782423083,av@taloz,anti_homophones
20560,1,1,0,6,3,-6.008187606000557,6.008187606000557,5komEl,anti_homophones
20561,1,0,0,13,5,-13.134125087991794,13.134125087991794,famaRketR@sje,anti_homophones
20562,1,0,0,6,3,-6.558311467744952,6.558311467744952,afeRER,anti_homophones
20563,1,5,0,5,2,-5.50082734710145,5.50082734710145,malak,anti_homophones
20564,1,1,0,6,3,-5.678570071454049,5.678570071454049,Re@sj2,anti_homophones
20565,1,11,0,4,1,-4.718387859602566,4.718387859602566,pRys,anti_homophones
20566,1,0,0,9,4,-7.327296335204872,7.327296335204872,ogm@tatif,anti_homophones
20567,1,0,0,7,2,-5.853054617040914,5.853054617040914,dRwasj§,anti_homophones
20568,1,1,0,6,3,-6.224020812828051,6.224020812828051,tapoli,anti_homophones
20569,1,0,0,11,5,-11.743464896053965,11.743464896053965,5stagm@tesi,anti_homophones
20570,1,9,0,4,2,-5.6755601524268755,5.6755601524268755,loZe,anti_homophones
20571,1,0,0,10,3,-7.10954242439703,7.10954242439703,dek§skRist,anti_homophones
20572,1,0,0,8,4,-7.602539658638723,7.602539658638723,@sORdite,anti_homophones
20573,1,0,0,10,5,-7.56317438760216,7.56317438760216,ebefRik°m@,anti_homophones
20574,1,0,0,11,5,-9.35215404355363,9.35215404355363,devERtik°ti,anti_homophones
20575,1,0,0,10,4,-7.847046187440472,7.847046187440472,desinEksj§,anti_homophones
20576,1,6,0,5,2,-5.9208689594187325,5.9208689594187325,majER,anti_homophones
20577,1,0,0,11,5,-10.660493733882127,10.660493733882127,koRypERkano,anti_homophones
20578,1,5,0,5,2,-4.595209770540198,4.595209770540198,bR@le,anti_homophones
20579,1,3,1,5,2,-5.648013362250383,5.648013362250383,sERp5,anti_homophones
20580,1,1,0,5,2,-5.1883438980150585,5.1883438980150585,yls9R,anti_homophones
20581,1,12,0,4,2,-5.178119349686117,5.178119349686117,myRi,anti_homophones
20582,1,11,1,3,1,-4.266097916896076,4.266097916896076,gOg,anti_homophones
20583,1,0,0,10,4,-8.944818943277363,8.944818943277363,fj§solysj§,anti_homophones
20584,1,3,1,7,3,-4.568209847109187,4.568209847109187,ORgasj§,anti_homophones
20585,1,0,0,9,4,-8.736915986785245,8.736915986785245,l@butwaje,anti_homophones
20586,1,4,1,5,2,-4.786110776548017,4.786110776548017,buSaZ,anti_homophones
20587,1,3,0,8,4,-5.146422040886048,5.146422040886048,Estik°m@,anti_homophones
20588,1,21,0,3,2,-4.61815182315889,4.61815182315889,tao,anti_homophones
20589,1,7,1,4,1,-4.344396573691916,4.344396573691916,pjEt,anti_homophones
20590,1,1,0,7,2,-5.461920370937529,5.461920370937529,R°k8ist,anti_homophones
20591,1,0,0,6,3,-5.816575153453596,5.816575153453596,ziguR2,anti_homophones
20592,1,0,0,10,5,-9.892755683091044,9.892755683091044,elisipRezi,anti_homophones
20593,1,10,0,3,1,-4.550469774383221,4.550469774383221,R2m,anti_homophones
20594,1,2,0,5,3,-5.616609385025461,5.616609385025461,odoR@,anti_homophones
20595,1,2,0,6,3,-5.808858545820617,5.808858545820617,k§dyke,anti_homophones
20596,1,7,0,6,3,-4.962189049201541,4.962189049201541,fyl°m@,anti_homophones
20597,1,5,0,6,3,-5.679957590195691,5.679957590195691,ipERfe,anti_homophones
20598,1,1,0,6,3,-5.823367617392424,5.823367617392424,5siNas,anti_homophones
20599,1,0,0,7,4,-7.834434340440561,7.834434340440561,5dikoit,anti_homophones
20600,1,8,0,6,3,-5.2882715648743135,5.2882715648743135,8it°m@,anti_homophones
20601,1,2,1,5,2,-5.362264081478928,5.362264081478928,SifRa,anti_homophones
20602,1,0,0,7,2,-7.592017477006839,7.592017477006839,swasist,anti_homophones
20603,1,5,0,5,2,-4.889772871487261,4.889772871487261,Reist,anti_homophones
20604,1,0,0,9,4,-10.61995756555652,10.61995756555652,sakaSaRna,anti_homophones
20605,1,0,0,9,4,-7.813719024156396,7.813719024156396,5pRov°t9R,anti_homophones
20606,1,1,0,6,2,-5.647470350601158,5.647470350601158,gR°naj,anti_homophones
20607,1,5,0,5,2,-5.179660918214364,5.179660918214364,dERmi,anti_homophones
20608,1,6,0,5,2,-4.513380217994164,4.513380217994164,m@d9R,anti_homophones
20609,1,0,0,10,4,-8.500687060611309,8.500687060611309,dezapREski,anti_homophones
20610,1,0,0,7,3,-7.1554891891686605,7.1554891891686605,labRase,anti_homophones
20611,1,0,0,8,4,-8.564948833668652,8.564948833668652,navinil§,anti_homophones
20612,1,0,0,8,3,-7.064627861209292,7.064627861209292,fym°labl,anti_homophones
20613,1,0,0,10,4,-10.539226302712438,10.539226302712438,k5kaRsjome,anti_homophones
20614,1,0,0,10,4,-9.503041220252625,9.503041220252625,pRijObj5te,anti_homophones
20615,1,0,0,9,4,-9.253640538566119,9.253640538566119,afaRmatSi,anti_homophones
20616,1,0,0,9,4,-11.026373702840932,11.026373702840932,koakselOt,anti_homophones
20617,1,8,0,4,2,-5.147463583953769,5.147463583953769,dype,anti_homophones
20618,1,2,0,7,3,-5.70325792440539,5.70325792440539,tEkt°m@,anti_homophones
20619,1,3,0,6,2,-5.2185678919510305,5.2185678919510305,bORdje,anti_homophones
20620,1,0,0,7,3,-6.989282706220308,6.989282706220308,s5final,anti_homophones
20621,1,3,0,6,3,-5.569871390647922,5.569871390647922,Elenik,anti_homophones
20622,1,2,0,7,3,-6.4128092332931645,6.4128092332931645,paRabyl,anti_homophones
20623,1,0,0,8,4,-7.935530243136673,7.935530243136673,sosisine,anti_homophones
20624,1,10,0,6,3,-5.632879901544328,5.632879901544328,lER°m@,anti_homophones
20625,1,3,0,7,2,-5.18676862471857,5.18676862471857,mORtabl,anti_homophones
20626,1,2,0,6,2,-6.139295790966541,6.139295790966541,fRazim,anti_homophones
20627,1,4,0,6,2,-5.144268127085477,5.144268127085477,fRysj§,anti_homophones
20628,1,2,0,9,4,-5.524674910810225,5.524674910810225,pRotik°m@,anti_homophones
20629,1,0,0,7,3,-6.735855348718571,6.735855348718571,@meljOm,anti_homophones
20630,1,13,1,4,2,-4.491927023288556,4.491927023288556,ebRe,anti_homophones
20631,1,4,1,5,2,-5.184022821234246,5.184022821234246,kuRin,anti_homophones
20632,1,0,0,9,3,-9.566112711997247,9.566112711997247,mOnjomatS,anti_homophones
20633,1,1,0,9,3,-5.868632983346741,5.868632983346741,fORmatizm,anti_homophones
20634,1,1,0,9,4,-6.6084571493456385,6.6084571493456385,depidasj§,anti_homophones
20635,1,1,0,6,2,-5.025728954156751,5.025728954156751,S@pjER,anti_homophones
20636,1,3,1,7,3,-4.546900663450685,4.546900663450685,bjoloZi,anti_homophones
20637,1,3,0,5,2,-6.2818267763906785,6.2818267763906785,tRago,anti_homophones
20638,1,10,0,3,1,-4.566093990126565,4.566093990126565,l§b,anti_homophones
20639,1,0,0,8,3,-12.186734961462712,12.186734961462712,m8@diksi,anti_homophones
20640,1,0,0,9,4,-9.14918508347817,9.14918508347817,feRemynit,anti_homophones
20641,1,4,0,5,2,-5.048009798014733,5.048009798014733,sodaZ,anti_homophones
20642,1,0,0,12,5,-11.722626462035146,11.722626462035146,psis§danat9R,anti_homophones
20643,1,8,0,4,2,-5.286976073315447,5.286976073315447,tER§,anti_homophones
20644,1,0,0,9,4,-8.582192720654055,8.582192720654055,mitRusaje,anti_homophones
20645,1,0,0,12,4,-12.932246199826976,12.932246199826976,pRuvR9Rnityl,anti_homophones
20646,1,1,0,7,3,-7.005568306159393,7.005568306159393,nevRoza,anti_homophones
20647,1,0,0,11,4,-10.114522177195523,10.114522177195523,amERkastist,anti_homophones
20648,1,0,0,9,4,-11.275436071689596,11.275436071689596,gulakEtza,anti_homophones
20649,1,0,0,10,4,-6.791327333639051,6.791327333639051,g@gstOlOZi,anti_homophones
20650,1,0,0,6,2,-6.273401845442136,6.273401845442136,tanjOm,anti_homophones
20651,1,3,0,5,2,-6.076368488181327,6.076368488181327,Rodal,anti_homophones
20652,1,0,0,7,3,-6.790615263206101,6.790615263206101,EgzORmi,anti_homophones
20653,1,3,0,6,3,-5.75980292919755,5.75980292919755,@bwaze,anti_homophones
20654,1,3,1,5,3,-5.3056215274056875,5.3056215274056875,elEs@,anti_homophones
20655,1,0,0,12,5,-10.620372583654246,10.620372583654246,R§Ziflem@t9R,anti_homophones
20656,1,18,0,4,2,-4.933053414282384,4.933053414282384,fil§,anti_homophones
20657,1,0,0,9,4,-7.339094025089844,7.339094025089844,filabilit,anti_homophones
20658,1,8,0,7,3,-5.05532023505541,5.05532023505541,ZyRasj§,anti_homophones
20659,1,0,0,6,3,-5.874346797482817,5.874346797482817,ReORZe,anti_homophones
20660,1,0,0,6,3,-8.051573339288803,8.051573339288803,lytabo,anti_homophones
20661,1,5,1,5,2,-4.5838960578468955,4.5838960578468955,kom@s,anti_homophones
20662,1,5,0,5,2,-5.398216196400984,5.398216196400984,petil,anti_homophones
20663,1,0,0,9,4,-8.623749559804509,8.623749559804509,degRijol§,anti_homophones
20664,1,5,0,5,3,-4.988388019268306,4.988388019268306,inaZe,anti_homophones
20665,1,0,0,11,5,-9.227051258537665,9.227051258537665,5vERtynEtte,anti_homophones
20666,1,0,0,10,5,-7.318560250955027,7.318560250955027,fRiZeneite,anti_homophones
20667,1,0,0,8,4,-8.697283175648744,8.697283175648744,epilodin,anti_homophones
20668,1,7,1,6,2,-4.881172205240337,4.881172205240337,pRonik,anti_homophones
20669,1,1,0,6,3,-6.387871546935475,6.387871546935475,aRpoRe,anti_homophones
20670,1,0,0,8,4,-10.243145151374168,10.243145151374168,EgzodyR@,anti_homophones
20671,1,6,0,5,3,-5.1351553256679265,5.1351553256679265,iRem@,anti_homophones
20672,1,1,1,6,3,-4.852283384463437,4.852283384463437,sov°te,anti_homophones
20673,1,3,0,6,2,-5.464984002761653,5.464984002761653,tOksik,anti_homophones
20674,1,0,0,5,2,-6.864195170136284,6.864195170136284,Ziz°n,anti_homophones
20675,1,17,0,4,2,-5.030682860294968,5.030682860294968,@tiz,anti_homophones
20676,1,0,0,13,5,-13.929496059401094,13.929496059401094,RezolybiskyRs,anti_homophones
20677,1,7,0,4,2,-5.657833211000229,5.657833211000229,tabo,anti_homophones
20678,1,5,1,6,3,-4.8413819825155135,4.8413819825155135,kOlOZi,anti_homophones
20679,1,3,0,6,3,-5.353039591095299,5.353039591095299,epip9R,anti_homophones
20680,1,0,0,9,4,-11.067029244507204,11.067029244507204,imEtaRsEt,anti_homophones
20681,1,9,0,4,2,-5.202162780478745,5.202162780478745,pota,anti_homophones
20682,1,0,0,9,4,-10.059960315171207,10.059960315171207,bigRebit@,anti_homophones
20683,1,1,0,6,3,-4.932041478070518,4.932041478070518,Z9n°m@,anti_homophones
20684,1,0,0,10,4,-6.9354696322746,6.9354696322746,deblabl°m@,anti_homophones
20685,1,0,0,6,2,-4.8654832807909925,4.8654832807909925,def1te,anti_homophones
20686,1,4,0,5,3,-5.809371234984687,5.809371234984687,oRale,anti_homophones
20687,1,2,0,6,2,-5.5914364830208845,5.5914364830208845,kasjal,anti_homophones
20688,1,7,0,5,2,-5.1030109510001305,5.1030109510001305,RotER,anti_homophones
20689,1,1,1,7,3,-5.632525582816947,5.632525582816947,opyls9R,anti_homophones
20690,1,6,0,4,1,-4.99307755858766,4.99307755858766,pjOm,anti_homophones
20691,1,1,0,7,3,-7.06310563935474,7.06310563935474,Simin8e,anti_homophones
20692,1,0,0,9,3,-8.013153154201218,8.013153154201218,delEkstOS,anti_homophones
20693,1,1,0,6,3,-6.040253753580608,6.040253753580608,dedib§,anti_homophones
20694,1,3,0,5,2,-4.992460864177043,4.992460864177043,b§b9R,anti_homophones
20695,1,0,0,8,2,-7.31774212080861,7.31774212080861,majSstal,anti_homophones
20696,1,0,0,7,3,-8.097362114201596,8.097362114201596,nivalER,anti_homophones
20697,1,0,1,7,3,-5.2672280330272185,5.2672280330272185,poetizm,anti_homophones
20698,1,1,1,5,2,-4.537866077645519,4.537866077645519,EgzoR,anti_homophones
20699,1,0,0,8,3,-5.703191917819581,5.703191917819581,SifRat9R,anti_homophones
20700,1,0,0,9,4,-7.764672005485789,7.764672005485789,supsoidal,anti_homophones
20701,1,12,0,3,1,-4.462793297257439,4.462793297257439,ROb,anti_homophones
20702,1,1,0,7,3,-5.331457983877336,5.331457983877336,bRyt°Ri,anti_homophones
20703,1,0,0,9,4,-7.33061929043666,7.33061929043666,dezapRete,anti_homophones
20704,1,0,0,7,3,-10.121260362088005,10.121260362088005,lObnyba,anti_homophones
20705,1,0,0,11,5,-11.291246399665445,11.291246399665445,miR§tabyzaR,anti_homophones
20706,1,0,0,9,4,-9.153890965268166,9.153890965268166,tREm@tein,anti_homophones
20707,1,23,0,3,2,-4.633457308481933,4.633457308481933,oli,anti_homophones
20708,1,0,0,8,3,-10.327364862989207,10.327364862989207,poRj@taS,anti_homophones
20709,1,0,0,10,4,-10.036105263989738,10.036105263989738,vajsbiRoid,anti_homophones
20710,1,0,0,8,4,-9.002768546568436,9.002768546568436,Rezymale,anti_homophones
20711,1,3,0,5,2,-5.615509970517717,5.615509970517717,t°nEl,anti_homophones
20712,1,5,0,5,2,-6.040351816262244,6.040351816262244,poRaZ,anti_homophones
20713,1,0,0,9,4,-5.988235303447453,5.988235303447453,EspeRasj§,anti_homophones
20714,1,0,1,7,2,-5.2088530778525985,5.2088530778525985,fRod8iR,anti_homophones
20715,1,3,0,6,3,-6.004521662009138,6.004521662009138,v@tize,anti_homophones
20716,1,0,0,9,4,-7.183875429008374,7.183875429008374,t@pometik,anti_homophones
20717,1,6,0,6,3,-5.766507730933487,5.766507730933487,kapone,anti_homophones
20718,1,22,1,4,2,-3.8949986553198497,3.8949986553198497,lize,anti_homophones
20719,1,0,0,11,5,-6.972437937685663,6.972437937685663,kuvERtik°m@,anti_homophones
20720,1,0,0,9,5,-10.176426245984445,10.176426245984445,@biseanif,anti_homophones
20721,1,0,0,7,2,-5.8934146896298705,5.8934146896298705,mERdwaR,anti_homophones
20722,1,0,0,11,4,-10.21056990172999,10.21056990172999,vERsEltival,anti_homophones
20723,1,0,0,13,5,-12.40051493678647,12.40051493678647,guRdizERnakRe,anti_homophones
20724,1,4,1,6,2,-4.707820882648204,4.707820882648204,medjal,anti_homophones
20725,1,0,0,5,2,-5.850487910760578,5.850487910760578,RokEl,anti_homophones
20726,1,0,0,10,4,-8.01773373894169,8.01773373894169,Rym@sjonEl,anti_homophones
20727,1,10,0,4,1,-5.5114918159732165,5.5114918159732165,tREf,anti_homophones
20728,1,0,0,8,4,-5.16030512596476,5.16030512596476,n2ROn°m@,anti_homophones
20729,1,1,0,6,3,-5.751402465440598,5.751402465440598,p5taje,anti_homophones
20730,1,2,1,6,2,-5.808141632238655,5.808141632238655,taksik,anti_homophones
20731,1,0,0,10,4,-7.103836120110552,7.103836120110552,klitizasj§,anti_homophones
20732,1,0,0,8,3,-6.678339346746295,6.678339346746295,aRpet8El,anti_homophones
20733,1,0,0,9,4,-10.867223052519863,10.867223052519863,5sypzasj@,anti_homophones
20734,1,0,0,9,4,-6.524707233978621,6.524707233978621,Egzenomik,anti_homophones
20735,1,4,0,6,2,-4.937072744857074,4.937072744857074,pRoSaZ,anti_homophones
20736,1,0,0,8,4,-8.875252919725558,8.875252919725558,elEstRie,anti_homophones
20737,1,3,0,4,1,-4.871416319870586,4.871416319870586,SjyR,anti_homophones
20738,1,0,0,8,3,-9.245555564602743,9.245555564602743,getetRij,anti_homophones
20739,1,0,0,8,3,-6.572570992958051,6.572570992958051,bl@SeRik,anti_homophones
20740,1,0,0,7,3,-4.8962340941870535,4.8962340941870535,dez9vRe,anti_homophones
20741,1,3,0,5,1,-5.809043251951168,5.809043251951168,kRatS,anti_homophones
20742,1,0,0,7,3,-9.02021976467419,9.02021976467419,buNuRd5,anti_homophones
20743,1,0,0,9,4,-8.666923073827007,8.666923073827007,gazikRose,anti_homophones
20744,1,1,0,7,4,-6.98487099730216,6.98487099730216,ES°mite,anti_homophones
20745,1,4,0,5,2,-5.430635951299227,5.430635951299227,pyRiR,anti_homophones
20746,1,0,0,7,3,-6.338572373415858,6.338572373415858,@bRynik,anti_homophones
20747,1,0,0,10,4,-7.707952876528323,7.707952876528323,pRydwat°Ri,anti_homophones
20748,1,7,0,5,2,-4.893991564359773,4.893991564359773,mERde,anti_homophones
20749,1,0,0,10,3,-12.015956452929437,12.015956452929437,kypstROmni,anti_homophones
20750,1,0,0,13,5,-10.661670537466962,10.661670537466962,k§flebRezisj5,anti_homophones
20751,1,0,0,11,5,-7.943999425563643,7.943999425563643,Zaspatik°m@,anti_homophones
20752,1,1,0,6,3,-6.0020948129636755,6.0020948129636755,im@taZ,anti_homophones
20753,1,0,0,11,5,-10.186559862438878,10.186559862438878,delydisilj5,anti_homophones
20754,1,0,0,7,3,-7.477093762313361,7.477093762313361,em§stit,anti_homophones
20755,1,0,0,9,2,-6.353510377383752,6.353510377383752,dZ9mb9ldZ,anti_homophones
20756,1,0,0,7,3,-7.659949655358651,7.659949655358651,kiliZj5,anti_homophones
20757,1,0,0,7,3,-6.898493757025292,6.898493757025292,dedital,anti_homophones
20758,1,0,0,6,3,-5.59018408454211,5.59018408454211,9pdaje,anti_homophones
20759,1,0,0,9,3,-9.451043201838083,9.451043201838083,sOmnitROl,anti_homophones
20760,1,5,1,7,3,-4.83822862286028,4.83822862286028,kwat°m@,anti_homophones
20761,1,0,0,9,4,-7.494452243086005,7.494452243086005,ovaksjone,anti_homophones
20762,1,33,1,3,1,-4.5193580682795895,4.5193580682795895,lat,anti_homophones
20763,1,7,0,4,2,-5.131526879611558,5.131526879611558,gap@,anti_homophones
20764,1,2,0,4,2,-5.0955846542483005,5.0955846542483005,Rybe,anti_homophones
20765,1,0,0,8,3,-7.9763091802654555,7.9763091802654555,patRudun,anti_homophones
20766,1,0,0,10,4,-6.345994925042303,6.345994925042303,pResizat9R,anti_homophones
20767,1,1,0,10,4,-8.505649322741554,8.505649322741554,defaRdinER,anti_homophones
20768,1,0,0,12,5,-12.755585508433699,12.755585508433699,pulistezikRy,anti_homophones
20769,1,0,0,10,4,-7.749824626198861,7.749824626198861,lapot@sjEl,anti_homophones
20770,1,10,0,4,2,-5.2937284528754365,5.2937284528754365,inap,anti_homophones
20771,1,1,1,6,2,-4.90817626336878,4.90817626336878,pylsif,anti_homophones
20772,1,0,0,8,4,-7.1659808875655395,7.1659808875655395,5k§tR°t5,anti_homophones
20773,1,35,1,2,1,-4.5678016184750785,4.5678016184750785,ta,anti_homophones
20774,1,1,0,6,2,-6.456640334554006,6.456640334554006,sbiNOl,anti_homophones
20775,1,4,0,6,2,-6.124280921188968,6.124280921188968,supsj§,anti_homophones
20776,1,3,0,5,2,-6.11224839311697,6.11224839311697,tagaZ,anti_homophones
20777,1,3,0,5,2,-4.801015184204687,4.801015184204687,m@Z9R,anti_homophones
20778,1,0,0,10,4,-10.648063434759578,10.648063434759578,bRodeplyRe,anti_homophones
20779,1,0,0,7,3,-7.477309831406517,7.477309831406517,bOtikyl,anti_homophones
20780,1,0,1,6,3,-5.57956457578397,5.57956457578397,miRaje,anti_homophones
20781,1,0,0,7,3,-7.659320167218082,7.659320167218082,ERpRone,anti_homophones
20782,1,0,0,7,3,-6.738874350093029,6.738874350093029,RepaRtu,anti_homophones
20783,1,0,0,8,4,-9.993421552829254,9.993421552829254,fytajati,anti_homophones
20784,1,3,0,5,2,-6.353461532999199,6.353461532999199,dativ,anti_homophones
20785,1,2,0,6,2,-7.020913383359392,7.020913383359392,SatRas,anti_homophones
20786,1,0,0,10,4,-8.055873852942103,8.055873852942103,sybORdonis,anti_homophones
20787,1,0,0,6,3,-5.926366377010052,5.926366377010052,b§dis@,anti_homophones
20788,1,0,0,11,4,-9.911636912284157,9.911636912284157,petRatwajER,anti_homophones
20789,1,0,0,12,5,-9.330057844476814,9.330057844476814,pRoZenezilj5,anti_homophones
20790,1,0,0,15,5,-10.157028493903235,10.157028493903235,EkstRiptok8asj§,anti_homophones
20791,1,31,1,3,1,-4.097582677755568,4.097582677755568,kle,anti_homophones
20792,1,0,0,8,3,-7.4850386049767765,7.4850386049767765,fORmelje,anti_homophones
20793,1,0,0,10,4,-8.238899675210913,8.238899675210913,pERpetRoni,anti_homophones
20794,1,5,0,6,3,-5.4172362192291565,5.4172362192291565,meteje,anti_homophones
20795,1,0,0,10,5,-10.26332040766348,10.26332040766348,videmagoRa,anti_homophones
20796,1,2,0,8,4,-6.255728125241153,6.255728125241153,@tRaZ°m@,anti_homophones
20797,1,0,0,7,3,-6.008387731496035,6.008387731496035,filonEl,anti_homophones
20798,1,2,0,5,2,-6.567956269786844,6.567956269786844,betid,anti_homophones
20799,1,5,0,4,1,-5.581523547088799,5.581523547088799,snaj,anti_homophones
20800,1,3,0,5,2,-5.4823494781770785,5.4823494781770785,miZon,anti_homophones
20801,1,0,0,8,4,-6.820190837525392,6.820190837525392,epEst°m@,anti_homophones
20802,1,0,0,8,3,-8.307292099393086,8.307292099393086,ReZ@dalm,anti_homophones
20803,1,0,0,10,3,-9.220566405323385,9.220566405323385,skajz9vREt,anti_homophones
20804,1,1,0,6,2,-5.446712141637953,5.446712141637953,k§vERb,anti_homophones
20805,1,6,0,5,2,-5.901711702756597,5.901711702756597,5tRaf,anti_homophones
20806,1,0,0,14,5,-11.378021794317492,11.378021794317492,RapsyRp9plem@s,anti_homophones
20807,1,0,0,8,3,-7.329339961790888,7.329339961790888,aZystRij,anti_homophones
20808,1,0,0,7,2,-8.117078977008152,8.117078977008152,vERspl@,anti_homophones
20809,1,1,1,5,2,-6.240486805701603,6.240486805701603,kabum,anti_homophones
20810,1,0,0,11,4,-10.982124001659047,10.982124001659047,kRusakseRik,anti_homophones
20811,1,0,0,7,2,-6.907644744953335,6.907644744953335,bastRyz,anti_homophones
20812,1,8,0,5,3,-4.354358464057385,4.354358464057385,5site,anti_homophones
20813,1,12,0,4,2,-4.752473490116397,4.752473490116397,bana,anti_homophones
20814,1,0,0,6,3,-5.447970149323048,5.447970149323048,Refyze,anti_homophones
20815,1,9,1,6,3,-5.112910137344991,5.112910137344991,maj°m@,anti_homophones
20816,1,0,0,9,4,-8.14169913992148,8.14169913992148,vitableje,anti_homophones
20817,1,20,0,4,2,-4.726995193588588,4.726995193588588,fole,anti_homophones
20818,1,3,0,5,2,-6.160851606952086,6.160851606952086,gRan2,anti_homophones
20819,1,1,0,7,3,-6.6875378471580875,6.6875378471580875,maZist5,anti_homophones
20820,1,2,0,7,3,-5.6974724146978035,5.6974724146978035,debilik,anti_homophones
20821,1,0,0,11,5,-11.594654321186407,11.594654321186407,etjOnat@dyl,anti_homophones
20822,1,9,0,5,2,-5.037466704760562,5.037466704760562,Retal,anti_homophones
20823,1,0,0,11,5,-12.373661353571148,12.373661353571148,R9bmanitype,anti_homophones
20824,1,13,1,6,3,-4.576810770849165,4.576810770849165,bEs°m@,anti_homophones
20825,1,0,0,10,4,-10.301075684323058,10.301075684323058,maRbRyN@N@,anti_homophones
20826,1,12,1,4,1,-4.057519645379683,4.057519645379683,Sabl,anti_homophones
20827,1,0,0,5,1,-5.74097296629902,5.74097296629902,st5ks,anti_homophones
20828,1,10,0,5,2,-4.67491134595678,4.67491134595678,Ostik,anti_homophones
20829,1,0,0,12,5,-9.095468883225953,9.095468883225953,bom9Rtabl°m@,anti_homophones
20830,1,0,0,7,2,-7.313628899429635,7.313628899429635,fRost9R,anti_homophones
20831,1,0,0,8,4,-7.367226022050152,7.367226022050152,d5geRite,anti_homophones
20832,1,0,0,7,3,-7.018729756592993,7.018729756592993,abinjER,anti_homophones
20833,1,0,0,8,4,-7.529596446812896,7.529596446812896,dekateRo,anti_homophones
20834,1,0,0,9,4,-10.019368532679668,10.019368532679668,aktObR°dy,anti_homophones
20835,1,0,0,8,4,-7.439756217970467,7.439756217970467,epatyRal,anti_homophones
20836,1,0,0,9,3,-6.8726198769703615,6.8726198769703615,S°vERtizm,anti_homophones
20837,1,5,0,4,3,-7.560158258229504,7.560158258229504,uum@,anti_homophones
20838,1,0,0,8,3,-6.473158532429289,6.473158532429289,dubl@S9R,anti_homophones
20839,1,0,0,10,4,-10.849050763864055,10.849050763864055,kuzinegRin,anti_homophones
20840,1,0,0,12,5,-10.681904367071443,10.681904367071443,paleRizjonaZ,anti_homophones
20841,1,1,0,6,3,-5.500061272170278,5.500061272170278,dos°Ri,anti_homophones
20842,1,0,0,9,3,-7.999148984202611,7.999148984202611,pORtistit,anti_homophones
20843,1,0,0,6,2,-8.146659339250967,8.146659339250967,n8itRy,anti_homophones
20844,1,1,0,5,2,-6.510181013887314,6.510181013887314,R2kab,anti_homophones
20845,1,0,0,7,3,-6.745373371501012,6.745373371501012,agRoman,anti_homophones
20846,1,0,0,7,2,-7.601301471130637,7.601301471130637,dRokRal,anti_homophones
20847,1,0,0,9,4,-6.398156036860023,6.398156036860023,R°vabl2m@,anti_homophones
20848,1,1,0,8,2,-5.853538572063241,5.853538572063241,EkspREsk,anti_homophones
20849,1,13,0,3,2,-6.263963451451694,6.263963451451694,pea,anti_homophones
20850,1,0,0,11,5,-11.23019976133498,11.23019976133498,komyRalb§b@,anti_homophones
20851,1,1,0,6,2,-6.258252354699524,6.258252354699524,tROksi,anti_homophones
20852,1,0,0,11,4,-7.77608062951133,7.77608062951133,k§tR°klyzik,anti_homophones
20853,1,0,0,8,3,-7.204056102937153,7.204056102937153,baRbOnaZ,anti_homophones
20854,1,0,0,6,2,-7.117366900671515,7.117366900671515,teRatR,anti_homophones
20855,1,22,1,4,2,-4.390566253383343,4.390566253383343,deSe,anti_homophones
20856,1,13,1,5,1,-4.5293817151202065,4.5293817151202065,klist,anti_homophones
20857,1,10,1,4,2,-4.692510640507659,4.692510640507659,Rige,anti_homophones
20858,1,0,0,9,5,-9.404098907254946,9.404098907254946,inodefal@,anti_homophones
20859,1,1,0,9,4,-6.829026513464554,6.829026513464554,telegal9R,anti_homophones
20860,1,12,0,4,1,-5.318579822833372,5.318579822833372,stiG,anti_homophones
20861,1,2,0,6,3,-5.16504204793586,5.16504204793586,sedeRe,anti_homophones
20862,1,0,0,10,4,-8.347687277065058,8.347687277065058,meS@teRj9R,anti_homophones
20863,1,0,0,11,4,-8.147019083587034,8.147019083587034,R°k§sERvizm,anti_homophones
20864,1,0,0,9,3,-12.632436538775682,12.632436538775682,bRwaZEml5,anti_homophones
20865,1,0,0,7,3,-6.564784937133737,6.564784937133737,k§tanje,anti_homophones
20866,1,0,0,11,5,-8.079447495219963,8.079447495219963,gRafikatoZe,anti_homophones
20867,1,3,0,4,1,-5.614576665987828,5.614576665987828,nERZ,anti_homophones
20868,1,1,0,5,3,-7.800659076270453,7.800659076270453,ukule,anti_homophones
20869,1,0,0,7,3,-7.027086850420598,7.027086850420598,pRydiso,anti_homophones
20870,1,0,0,7,3,-6.348402452098969,6.348402452098969,R°pikyl,anti_homophones
20871,1,0,0,10,3,-9.149784275052005,9.149784275052005,5pRysklabl,anti_homophones
20872,1,5,0,5,2,-5.699954658240333,5.699954658240333,savaj,anti_homophones
20873,1,2,0,6,3,-5.753216041129692,5.753216041129692,idRome,anti_homophones
20874,1,0,0,9,4,-9.412873425792611,9.412873425792611,sOmatyRiz,anti_homophones
20875,1,0,0,7,3,-7.515432350357806,7.515432350357806,astidOl,anti_homophones
20876,1,1,0,6,3,-6.133210538746319,6.133210538746319,ovylk5,anti_homophones
20877,1,0,0,9,3,-9.249658160307392,9.249658160307392,kRwazOtyd,anti_homophones
20878,1,12,1,3,2,-4.141342373573692,4.141342373573692,et5,anti_homophones
20879,1,5,0,4,2,-5.386579182675942,5.386579182675942,SiSi,anti_homophones
20880,1,1,0,7,3,-5.731543503155921,5.731543503155921,patikyl,anti_homophones
20881,1,0,0,10,5,-9.9100732670569,9.9100732670569,R2tapijOne,anti_homophones
20882,1,23,1,3,2,-4.483811442014226,4.483811442014226,@be,anti_homophones
20883,1,0,0,7,4,-7.330187936005464,7.330187936005464,peReole,anti_homophones
20884,1,2,0,7,3,-6.736237026921916,6.736237026921916,kuRtike,anti_homophones
20885,1,0,0,7,2,-7.598186487847036,7.598186487847036,kRakliS,anti_homophones
20886,1,0,0,8,3,-7.019018578586878,7.019018578586878,5plEktiv,anti_homophones
20887,1,1,0,6,3,-5.87100408365262,5.87100408365262,@gumje,anti_homophones
20888,1,25,0,4,2,-4.329118165138167,4.329118165138167,pane,anti_homophones
20889,1,11,0,3,2,-5.222858316264511,5.222858316264511,ElE,anti_homophones
20890,1,5,1,5,2,-4.64467040164851,4.64467040164851,fRiZe,anti_homophones
20891,1,0,0,9,4,-7.661333752537443,7.661333752537443,soloZitif,anti_homophones
20892,1,0,0,8,3,-6.302952929468459,6.302952929468459,maRalizm,anti_homophones
20893,1,5,0,5,2,-6.761047662506015,6.761047662506015,watiR,anti_homophones
20894,1,0,0,8,3,-7.543252305025467,7.543252305025467,R°lyRZiR,anti_homophones
20895,1,0,0,6,2,-6.511599633319069,6.511599633319069,degRup,anti_homophones
20896,1,9,0,5,2,-5.148368102622639,5.148368102622639,madEl,anti_homophones
20897,1,0,0,11,4,-7.048592860339984,7.048592860339984,EsklyzjonEl,anti_homophones
20898,1,0,0,5,2,-5.140489609125009,5.140489609125009,5vREt,anti_homophones
20899,1,0,0,8,4,-8.18782049258523,8.18782049258523,epiRanyR,anti_homophones
20900,1,0,0,9,4,-8.06427381531854,8.06427381531854,aRazimEtR,anti_homophones
20901,1,0,0,13,5,-12.737535637076117,12.737535637076117,n2Rofystim9Rf,anti_homophones
20902,1,0,0,8,3,-7.1425670736731925,7.1425670736731925,kuRbonik,anti_homophones
20903,1,6,1,4,2,-4.70985970758994,4.70985970758994,@pwa,anti_homophones
20904,1,13,0,6,3,-4.901478407770471,4.901478407770471,ekasj§,anti_homophones
20905,1,1,0,5,2,-6.527364888049593,6.527364888049593,banid,anti_homophones
20906,1,28,1,3,2,-4.419044679860018,4.419044679860018,apa,anti_homophones
20907,1,2,0,7,4,-6.973028133651411,6.973028133651411,avazone,anti_homophones
20908,1,5,0,5,1,-4.940395361072402,4.940395361072402,spist,anti_homophones
20909,1,0,1,7,3,-6.1397446824885265,6.1397446824885265,koliv9R,anti_homophones
20910,1,6,0,7,3,-5.395561580730817,5.395561580730817,sERasj§,anti_homophones
20911,1,0,0,8,3,-8.742658122625874,8.742658122625874,tamil@dR,anti_homophones
20912,1,2,0,6,2,-5.900933302152488,5.900933302152488,fR8ije,anti_homophones
20913,1,5,0,4,2,-4.713361422261245,4.713361422261245,buf§,anti_homophones
20914,1,1,0,6,2,-7.117230134417053,7.117230134417053,pj@sj§,anti_homophones
20915,1,0,0,10,5,-10.531008649919688,10.531008649919688,faRitoneRe,anti_homophones
20916,1,0,0,9,3,-6.802392273229161,6.802392273229161,fOsfORtik,anti_homophones
20917,1,4,0,5,2,-4.964047201766418,4.964047201766418,tet9R,anti_homophones
20918,1,0,0,7,4,-6.057059723124741,6.057059723124741,ebluis@,anti_homophones
20919,1,18,1,5,2,-4.407411710824237,4.407411710824237,kataZ,anti_homophones
20920,1,0,0,8,3,-6.447707906117104,6.447707906117104,opRimEtR,anti_homophones
20921,1,5,0,5,2,-4.845876395145616,4.845876395145616,paREn,anti_homophones
20922,1,0,0,13,5,-13.2257473764844,13.2257473764844,dekypased8itR,anti_homophones
20923,1,5,0,4,2,-4.480211363360326,4.480211363360326,degu,anti_homophones
20924,1,2,0,6,3,-5.576343871693111,5.576343871693111,5tEREl,anti_homophones
20925,1,0,1,7,3,-7.20144655707664,7.20144655707664,tufyzj§,anti_homophones
20926,1,0,0,5,2,-5.1897979178392335,5.1897979178392335,aZnuj,anti_homophones
20927,1,0,0,12,4,-9.237422566884964,9.237422566884964,pRopikyltist,anti_homophones
20928,1,12,1,3,2,-4.451454886715457,4.451454886715457,omo,anti_homophones
20929,1,0,0,9,3,-9.943293698331884,9.943293698331884,degREkabR,anti_homophones
20930,1,0,0,11,4,-8.241532945514578,8.241532945514578,sypERpelist,anti_homophones
20931,1,0,0,11,5,-11.415714421983814,11.415714421983814,uRsiRiZital,anti_homophones
20932,1,0,0,8,3,-8.864434065631478,8.864434065631478,klaRsEje,anti_homophones
20933,1,0,0,6,2,-5.283508869409191,5.283508869409191,gRijOm,anti_homophones
20934,1,0,0,6,3,-6.133136497900831,6.133136497900831,amOkiG,anti_homophones
20935,1,0,0,11,4,-10.593413741629904,10.593413741629904,metRosERvEn,anti_homophones
20936,1,3,0,4,2,-6.0713669937314965,6.0713669937314965,enOp,anti_homophones
20937,1,26,0,3,1,-4.633041271739577,4.633041271739577,taZ,anti_homophones
20938,1,4,0,5,3,-5.282372716439123,5.282372716439123,Re@si,anti_homophones
20939,1,1,0,6,3,-5.942942949141243,5.942942949141243,efR§t§,anti_homophones
20940,1,0,0,11,4,-9.190608522633164,9.190608522633164,R°Zw5tERnEt,anti_homophones
20941,1,1,0,7,3,-6.669552205930234,6.669552205930234,akoSwaR,anti_homophones
20942,1,0,0,6,2,-6.259836771335482,6.259836771335482,vj@dEz,anti_homophones
20943,1,4,0,4,2,-6.330782658457925,6.330782658457925,poS@,anti_homophones
20944,1,1,0,8,3,-6.02696398849461,6.02696398849461,bilizabl,anti_homophones
20945,1,1,0,7,2,-6.080927487707293,6.080927487707293,pROks9R,anti_homophones
20946,1,6,0,3,2,-4.642219661830283,4.642219661830283,ne§,anti_homophones
20947,1,3,0,6,3,-5.605936198995362,5.605936198995362,iRefje,anti_homophones
20948,1,0,0,7,4,-6.332992401654677,6.332992401654677,5paRafi,anti_homophones
20949,1,0,0,10,4,-8.471190486488727,8.471190486488727,ORfiRmasaZ,anti_homophones
20950,1,4,0,5,2,-5.296733632882965,5.296733632882965,gaSEt,anti_homophones
20951,1,7,1,4,2,-4.57538029282264,4.57538029282264,fago,anti_homophones
20952,1,25,0,4,2,-4.4645170030329,4.4645170030329,pape,anti_homophones
20953,1,0,0,11,4,-8.736861781519655,8.736861781519655,pjOdl9Rnite,anti_homophones
20954,1,0,0,8,4,-8.339651055914826,8.339651055914826,avaSujaZ,anti_homophones
20955,1,0,0,9,3,-7.848908021440036,7.848908021440036,vOltipwaR,anti_homophones
20956,1,0,0,7,3,-6.9197866729253175,6.9197866729253175,fynemat,anti_homophones
20957,1,0,0,11,4,-11.851726243462734,11.851726243462734,maRSikORtuz,anti_homophones
20958,1,1,0,6,3,-5.703209382522041,5.703209382522041,makole,anti_homophones
20959,1,0,0,10,5,-7.661720394462811,7.661720394462811,emjelik°m@,anti_homophones
20960,1,0,0,7,3,-5.97211569862068,5.97211569862068,R°SaRZe,anti_homophones
20961,1,0,0,8,3,-6.862603982124851,6.862603982124851,ekwadRij,anti_homophones
20962,1,0,0,9,4,-7.796900492049269,7.796900492049269,lokalizaj,anti_homophones
20963,1,10,0,4,2,-4.706515244250706,4.706515244250706,bufi,anti_homophones
20964,1,0,0,7,3,-6.981931831856377,6.981931831856377,pulagOg,anti_homophones
20965,1,0,0,10,4,-8.862748087656021,8.862748087656021,kRotos@tje,anti_homophones
20966,1,7,0,4,2,-4.670310159051478,4.670310159051478,ekOl,anti_homophones
20967,1,2,0,5,2,-4.719932568999343,4.719932568999343,viRys,anti_homophones
20968,1,1,0,9,4,-8.99397155000011,8.99397155000011,pElifikyl,anti_homophones
20969,1,0,0,9,4,-7.771523089754158,7.771523089754158,R°bElenik,anti_homophones
20970,1,9,0,5,2,-4.9849061494511675,4.9849061494511675,Oksik,anti_homophones
20971,1,0,0,12,5,-9.431689348872231,9.431689348872231,R°s8is@sjone,anti_homophones
20972,1,3,0,5,2,-5.741407616637042,5.741407616637042,p@tOS,anti_homophones
20973,1,0,0,8,4,-10.548404213545501,10.548404213545501,5vetRofy,anti_homophones
20974,1,7,0,7,3,-5.435491029580605,5.435491029580605,kRat°m@,anti_homophones
20975,1,5,0,6,2,-5.104100175733679,5.104100175733679,gRafil,anti_homophones
20976,1,1,1,7,2,-5.392409275007494,5.392409275007494,kORdizm,anti_homophones
20977,1,0,0,8,4,-8.118897673745161,8.118897673745161,ytopenik,anti_homophones
20978,1,0,0,9,5,-7.690322855122547,7.690322855122547,Reysit°Ri,anti_homophones
20979,1,0,0,8,4,-9.349792867824545,9.349792867824545,maRefule,anti_homophones
20980,1,5,1,7,3,-5.050730874960419,5.050730874960419,solasj§,anti_homophones
20981,1,1,0,7,3,-5.301391257976923,5.301391257976923,tR§Sone,anti_homophones
20982,1,1,0,6,3,-6.544384069103971,6.544384069103971,tefalo,anti_homophones
20983,1,1,0,7,2,-7.541086665566142,7.541086665566142,zEstjal,anti_homophones
20984,1,4,0,6,2,-4.940655569128671,4.940655569128671,semist,anti_homophones
20985,1,1,0,9,4,-7.525672516065967,7.525672516065967,bosefakte,anti_homophones
20986,1,0,0,10,4,-8.12081309699874,8.12081309699874,k§s°m§twaR,anti_homophones
20987,1,8,0,5,2,-5.0081375052742585,5.0081375052742585,lezje,anti_homophones
20988,1,0,0,10,4,-7.980626082338385,7.980626082338385,sybvERduje,anti_homophones
20989,1,0,0,10,4,-7.838210610924724,7.838210610924724,kRosiNifje,anti_homophones
20990,1,0,0,8,3,-9.826114407926198,9.826114407926198,tREkilik,anti_homophones
20991,1,2,0,5,3,-6.156810477517439,6.156810477517439,§kom@,anti_homophones
20992,1,0,0,11,5,-8.230441548059106,8.230441548059106,faRmatisite,anti_homophones
20993,1,0,0,7,3,-5.640083992710504,5.640083992710504,Opses9R,anti_homophones
20994,1,0,0,7,3,-6.464879707399615,6.464879707399615,efilizm,anti_homophones
20995,1,0,0,10,4,-7.987444389737211,7.987444389737211,gofR@kolOg,anti_homophones
20996,1,4,0,4,2,-5.507660263555405,5.507660263555405,ybit,anti_homophones
20997,1,3,0,5,2,-5.558660157674884,5.558660157674884,sykyR,anti_homophones
20998,1,0,0,6,3,-7.424392817615537,7.424392817615537,kalowi,anti_homophones
20999,1,4,0,6,2,-4.985078695448516,4.985078695448516,t@ksj§,anti_homophones
21000,1,1,0,7,3,-7.217647191668803,7.217647191668803,2RopORt,anti_homophones
21001,1,16,1,4,2,-4.476599484470573,4.476599484470573,f@te,anti_homophones
21002,1,0,0,6,3,-6.003803406191928,6.003803406191928,eminje,anti_homophones
21003,1,0,0,9,4,-9.194703700314443,9.194703700314443,sifik@daZ,anti_homophones
21004,1,0,0,13,5,-7.653254658250563,7.653254658250563,dispEktRik°m@,anti_homophones
21005,1,0,0,5,2,-5.980852236187612,5.980852236187612,SeSje,anti_homophones
21006,1,11,1,4,2,-4.709280603665349,4.709280603665349,ORke,anti_homophones
21007,1,1,0,7,3,-5.856502155356102,5.856502155356102,EgzosaR,anti_homophones
21008,1,6,0,5,2,-4.956472526573857,4.956472526573857,dwam@,anti_homophones
21009,1,0,0,10,4,-10.591550680456931,10.591550680456931,apasaRkast,anti_homophones
21010,1,0,0,9,4,-8.023550745615491,8.023550745615491,klapoZene,anti_homophones
21011,1,3,0,6,2,-5.208806809546952,5.208806809546952,kuSwaR,anti_homophones
21012,1,1,0,8,3,-6.528179060960338,6.528179060960338,bRoSis9R,anti_homophones
21013,1,0,0,7,3,-6.375110346830161,6.375110346830161,kam°lyR,anti_homophones
21014,1,0,0,12,5,-13.630740444031815,13.630740444031815,byRinal°bR@k,anti_homophones
21015,1,6,0,6,2,-5.857210808257465,5.857210808257465,gREt9R,anti_homophones
21016,1,0,0,9,4,-6.968590287447958,6.968590287447958,fRagER°m@,anti_homophones
21017,1,6,0,5,2,-5.459816610984091,5.459816610984091,kRot5,anti_homophones
21018,1,5,0,5,2,-4.814677943986623,4.814677943986623,vizje,anti_homophones
21019,1,4,0,5,2,-5.014909179917604,5.014909179917604,alp9R,anti_homophones
21020,1,0,0,10,3,-9.295653734573559,9.295653734573559,kRiseRjabl,anti_homophones
21021,1,2,0,6,2,-5.497653805754852,5.497653805754852,maRsif,anti_homophones
21022,1,0,0,9,3,-7.684338648849834,7.684338648849834,tRopRimaZ,anti_homophones
21023,1,2,1,6,3,-5.013609278158537,5.013609278158537,deg2l@,anti_homophones
21024,1,14,1,5,2,-4.435633527677767,4.435633527677767,potaZ,anti_homophones
21025,1,0,0,5,2,-6.664677014430591,6.664677014430591,puRt2,anti_homophones
21026,1,0,0,12,5,-8.978525742386177,8.978525742386177,gogonoloZist,anti_homophones
21027,1,7,0,5,2,-4.836251910858227,4.836251910858227,m@taZ,anti_homophones
21028,1,0,0,8,4,-6.555677379152083,6.555677379152083,adZyRize,anti_homophones
21029,1,5,0,5,2,-5.40340937513933,5.40340937513933,fanad,anti_homophones
21030,1,19,1,3,2,-4.010557835011787,4.010557835011787,5se,anti_homophones
21031,1,1,0,7,3,-8.344629908861153,8.344629908861153,s5gylse,anti_homophones
21032,1,2,0,6,3,-6.108837601604285,6.108837601604285,@tist5,anti_homophones
21033,1,1,0,8,4,-4.8688345799169355,4.8688345799169355,an8El°m@,anti_homophones
21034,1,0,0,6,3,-7.035024342034663,7.035024342034663,b2dEm@,anti_homophones
21035,1,0,0,13,5,-11.117197060516892,11.117197060516892,5voksisteRj9R,anti_homophones
21036,1,0,0,9,5,-6.846622141652432,6.846622141652432,isRaeliZ@,anti_homophones
21037,1,0,0,9,3,-9.082341893389653,9.082341893389653,REspaRdik,anti_homophones
21038,1,2,0,5,2,-5.334963058445079,5.334963058445079,Z@tif,anti_homophones
21039,1,2,0,6,3,-6.389141130834627,6.389141130834627,ORlOpe,anti_homophones
21040,1,0,0,8,3,-5.912516230648454,5.912516230648454,depuvwaR,anti_homophones
21041,1,2,0,5,2,-6.0971101374438454,6.0971101374438454,diRil,anti_homophones
21042,1,16,0,3,1,-4.65874445532572,4.65874445532572,fut,anti_homophones
21043,1,3,0,5,2,-5.075306127191512,5.075306127191512,nORm@,anti_homophones
21044,1,0,0,10,4,-8.39867038163867,8.39867038163867,R°tRupiRal,anti_homophones
21045,1,6,0,4,2,-6.938868564612218,6.938868564612218,fOl@,anti_homophones
21046,1,12,0,6,2,-4.91399310722559,4.91399310722559,paksj§,anti_homophones
21047,1,0,0,9,5,-7.046060347081508,7.046060347081508,odikalite,anti_homophones
21048,1,0,0,8,3,-8.551159837021295,8.551159837021295,vomitwal,anti_homophones
21049,1,0,0,11,5,-12.532505482485389,12.532505482485389,benigRatus2,anti_homophones
21050,1,0,0,9,4,-8.454143587905804,8.454143587905804,idRomOdzo,anti_homophones
21051,1,0,0,9,4,-7.769069222701724,7.769069222701724,dek§stikE,anti_homophones
21052,1,0,0,8,2,-6.89968147709424,6.89968147709424,buskRist,anti_homophones
21053,1,0,0,10,4,-7.18357693335509,7.18357693335509,Egzen§sjEl,anti_homophones
21054,1,0,0,7,3,-7.2483525478216455,7.2483525478216455,viRZiti,anti_homophones
21055,1,0,0,6,3,-8.236692691899368,8.236692691899368,2dEndo,anti_homophones
21056,1,0,0,6,2,-6.116448551117127,6.116448551117127,kROkiG,anti_homophones
21057,1,0,0,9,4,-8.317212683784874,8.317212683784874,dekap°nwa,anti_homophones
21058,1,3,0,5,2,-4.934864228654285,4.934864228654285,Z°nje,anti_homophones
21059,1,0,0,9,3,-7.1677076558466535,7.1677076558466535,bRifonist,anti_homophones
21060,1,1,0,7,4,-5.576746015548268,5.576746015548268,toas°m@,anti_homophones
21061,1,5,0,4,1,-4.919547961285037,4.919547961285037,l5dR,anti_homophones
21062,1,1,0,7,3,-6.260898839161549,6.260898839161549,ataRist,anti_homophones
21063,1,0,0,10,4,-8.887233239702507,8.887233239702507,pERl@dijaZ,anti_homophones
21064,1,0,0,6,3,-6.545170680126018,6.545170680126018,5sanad,anti_homophones
21065,1,0,0,7,3,-7.611737262846604,7.611737262846604,alZeRaj,anti_homophones
21066,1,0,0,5,2,-6.342540414719585,6.342540414719585,kRen§,anti_homophones
21067,1,0,0,11,5,-10.084912284255529,10.084912284255529,k§paN§t@sje,anti_homophones
21068,1,0,0,8,3,-7.374337693287549,7.374337693287549,kastRem@,anti_homophones
21069,1,0,0,12,4,-9.238301484050382,9.238301484050382,snoblim@s8El,anti_homophones
21070,1,0,0,14,5,-11.417268384269962,11.417268384269962,pwavRopORtyRaZ,anti_homophones
21071,1,0,0,11,4,-10.009885093309778,10.009885093309778,tRibORb°tje,anti_homophones
21072,1,0,0,8,4,-7.380511961409977,7.380511961409977,5k§p@sal,anti_homophones
21073,1,1,0,7,2,-6.470116796421369,6.470116796421369,kotSizm,anti_homophones
21074,1,15,1,4,2,-4.645569394825041,4.645569394825041,Zim@,anti_homophones
21075,1,0,0,10,4,-7.744230279264749,7.744230279264749,apsiklod9R,anti_homophones
21076,1,0,0,8,3,-8.911556458174042,8.911556458174042,agRajtiG,anti_homophones
21077,1,0,0,11,5,-10.097590241797128,10.097590241797128,n2RobaRbogE,anti_homophones
21078,1,0,0,9,4,-7.167958937000916,7.167958937000916,iposjonEl,anti_homophones
21079,1,2,0,5,2,-5.823074596401541,5.823074596401541,fERv@,anti_homophones
21080,1,11,1,3,1,-4.5862973380966885,4.5862973380966885,dyk,anti_homophones
21081,1,0,0,8,4,-8.31773766825967,8.31773766825967,amadavje,anti_homophones
21082,1,0,0,7,3,-7.249749841879266,7.249749841879266,sem@d9R,anti_homophones
21083,1,0,0,7,2,-6.896456525403128,6.896456525403128,EkstORz,anti_homophones
21084,1,4,1,6,3,-4.536471009161771,4.536471009161771,sut°Ri,anti_homophones
21085,1,5,0,4,1,-5.266464460823537,5.266464460823537,bl@k,anti_homophones
21086,1,0,0,9,4,-7.608359756491905,7.608359756491905,lypikasj§,anti_homophones
21087,1,0,0,10,4,-8.10190297169104,8.10190297169104,S°val8asj2,anti_homophones
21088,1,0,0,12,5,-12.875979873066937,12.875979873066937,dispaRfug@de,anti_homophones
21089,1,17,0,6,3,-4.989852947035902,4.989852947035902,mEl°m@,anti_homophones
21090,1,0,0,9,4,-8.672523704500096,8.672523704500096,twaRat°m@,anti_homophones
21091,1,1,0,7,3,-7.029663073724296,7.029663073724296,devolit,anti_homophones
21092,1,10,0,4,2,-5.473165499661468,5.473165499661468,bibe,anti_homophones
21093,1,0,0,14,5,-13.766464226506155,13.766464226506155,kalpEstORjOdOm,anti_homophones
21094,1,1,1,6,3,-5.8268978850525315,5.8268978850525315,5pREs@,anti_homophones
21095,1,0,0,9,2,-7.623580892248964,7.623580892248964,gREstRist,anti_homophones
21096,1,0,0,11,4,-10.193057431515939,10.193057431515939,maRotEkstaR,anti_homophones
21097,1,0,0,6,2,-7.177586387895253,7.177586387895253,maRl5p,anti_homophones
21098,1,6,1,5,2,-4.460786200578046,4.460786200578046,ynizm,anti_homophones
21099,1,6,0,4,1,-4.403486174353629,4.403486174353629,libR,anti_homophones
21100,1,0,0,12,5,-7.221163384989373,7.221163384989373,l@guRdinasj§,anti_homophones
21101,1,0,0,7,3,-7.3757586743115695,7.3757586743115695,sybv°RE,anti_homophones
21102,1,6,0,5,2,-5.2475961748605675,5.2475961748605675,kazif,anti_homophones
21103,1,10,0,5,2,-4.937467885422977,4.937467885422977,pRemi,anti_homophones
21104,1,0,0,9,3,-6.828957911852863,6.828957911852863,maRtiRabl,anti_homophones
21105,1,0,0,7,3,-7.777071271280487,7.777071271280487,desilOS,anti_homophones
21106,1,6,0,5,2,-5.071662066499097,5.071662066499097,eR5dR,anti_homophones
21107,1,9,0,5,2,-5.000125888261556,5.000125888261556,sORte,anti_homophones
21108,1,3,0,4,2,-6.15280386628004,6.15280386628004,efRo,anti_homophones
21109,1,27,0,3,1,-4.7380576488291455,4.7380576488291455,baS,anti_homophones
21110,1,7,0,3,1,-4.3731459317368975,4.3731459317368975,jOd,anti_homophones
21111,1,3,0,4,2,-5.64031108658401,5.64031108658401,ivRo,anti_homophones
21112,1,0,0,10,5,-9.081856386073104,9.081856386073104,RadoRidim@,anti_homophones
21113,1,0,0,8,4,-7.019953630029833,7.019953630029833,ipnoteRe,anti_homophones
21114,1,6,0,6,2,-5.267222508710246,5.267222508710246,tREt9R,anti_homophones
21115,1,0,0,9,4,-9.3772374716338,9.3772374716338,pRofaRoin,anti_homophones
21116,1,1,0,8,3,-5.562270081817492,5.562270081817492,kanalizm,anti_homophones
21117,1,0,0,7,3,-6.221959388800803,6.221959388800803,kORdina,anti_homophones
21118,1,2,0,6,2,-5.411106890717379,5.411106890717379,mozabl,anti_homophones
21119,1,3,0,4,2,-4.838811794517782,4.838811794517782,idj2,anti_homophones
21120,1,11,0,4,2,-4.951003369077908,4.951003369077908,abit,anti_homophones
21121,1,0,0,9,4,-9.546258466043259,9.546258466043259,m@dORyRb5,anti_homophones
21122,1,1,0,6,2,-7.475497510430963,7.475497510430963,saRtuS,anti_homophones
21123,1,0,0,8,3,-6.748459210012861,6.748459210012861,b5zedRwa,anti_homophones
21124,1,0,0,8,4,-7.0236628704406785,7.0236628704406785,defeR@si,anti_homophones
21125,1,1,1,7,4,-4.989455702971165,4.989455702971165,ipolite,anti_homophones
21126,1,0,0,8,4,-8.046791127276498,8.046791127276498,maZolik2,anti_homophones
21127,1,12,1,4,2,-4.49496070698713,4.49496070698713,oRal,anti_homophones
21128,1,0,0,10,4,-7.225177757128512,7.225177757128512,k§t5Z@sibl,anti_homophones
21129,1,23,0,2,1,-4.573088430606641,4.573088430606641,k5,anti_homophones
21130,1,0,0,5,3,-7.04056228823851,7.04056228823851,osif§,anti_homophones
21131,1,0,0,9,4,-10.334718417161229,10.334718417161229,yzablaRis,anti_homophones
21132,1,0,0,7,3,-7.437391300898113,7.437391300898113,dOksone,anti_homophones
21133,1,0,0,9,4,-10.452847449521766,10.452847449521766,Rusiflati,anti_homophones
21134,1,0,0,10,4,-9.188098243751211,9.188098243751211,syRnjosite,anti_homophones
21135,1,4,0,4,2,-5.796657545663891,5.796657545663891,siR5,anti_homophones
21136,1,1,0,7,3,-6.713804289649094,6.713804289649094,saluz9R,anti_homophones
21137,1,3,0,7,4,-5.568473202109484,5.568473202109484,efin°m@,anti_homophones
21138,1,0,0,10,5,-10.361269627933765,10.361269627933765,vadekup°z@,anti_homophones
21139,1,0,0,7,3,-7.4765480254157755,7.4765480254157755,paRkoti,anti_homophones
21140,1,2,0,4,1,-5.800107183631645,5.800107183631645,Zans,anti_homophones
21141,1,1,0,5,3,-7.312929718525818,7.312929718525818,ymut§,anti_homophones
21142,1,0,0,8,3,-8.330035007237068,8.330035007237068,kaladERm,anti_homophones
21143,1,0,0,9,4,-7.0873356512439765,7.0873356512439765,Refav9gle,anti_homophones
21144,1,0,0,8,3,-8.591714430524295,8.591714430524295,s5paljak,anti_homophones
21145,1,0,0,8,3,-6.735616189840594,6.735616189840594,R°kRatik,anti_homophones
21146,1,1,0,8,4,-5.608352791557161,5.608352791557161,fOtOn°m@,anti_homophones
21147,1,2,0,9,4,-5.989684250455645,5.989684250455645,lwaj2z°m@,anti_homophones
21148,1,16,0,4,1,-4.6928401008406535,4.6928401008406535,SaRd,anti_homophones
21149,1,0,0,15,5,-13.494179603880621,13.494179603880621,tRyksjonEksiRda,anti_homophones
21150,1,0,0,9,4,-9.779327008537779,9.779327008537779,fatRatole,anti_homophones
21151,1,24,1,2,1,-4.589725393816127,4.589725393816127,En,anti_homophones
21152,1,0,0,9,3,-7.115543866555622,7.115543866555622,Ekspl@tit,anti_homophones
21153,1,1,0,6,3,-6.633557922122624,6.633557922122624,etuRte,anti_homophones
21154,1,2,1,4,2,-4.744025692138344,4.744025692138344,nove,anti_homophones
21155,1,3,0,5,2,-5.372283004302709,5.372283004302709,5pROp,anti_homophones
21156,1,5,0,4,2,-5.277403121058055,5.277403121058055,k§j§,anti_homophones
21157,1,2,0,7,3,-5.897996968412632,5.897996968412632,maSidER,anti_homophones
21158,1,0,0,11,5,-7.596958544793077,7.596958544793077,degosjOn°Ri,anti_homophones
21159,1,6,0,5,2,-4.921293719537538,4.921293719537538,Eksik,anti_homophones
21160,1,2,0,6,2,-6.120977188776348,6.120977188776348,psonje,anti_homophones
21161,1,2,0,7,3,-6.829832900839925,6.829832900839925,R@dit9R,anti_homophones
21162,1,1,0,5,2,-6.1731586601937884,6.1731586601937884,ZivEt,anti_homophones
21163,1,0,0,12,5,-12.474354006234115,12.474354006234115,maZilbERtyli,anti_homophones
21164,1,5,0,7,3,-5.082419447174523,5.082419447174523,stoloZi,anti_homophones
21165,1,4,0,6,3,-5.3461669902628435,5.3461669902628435,k§pozi,anti_homophones
21166,1,0,0,9,4,-7.511873437856825,7.511873437856825,difenOlOg,anti_homophones
21167,1,1,0,6,3,-6.228515271870884,6.228515271870884,imynj2,anti_homophones
21168,1,0,0,8,3,-7.607249942823153,7.607249942823153,styRbone,anti_homophones
21169,1,0,0,8,2,-7.176609316387631,7.176609316387631,skROnist,anti_homophones
21170,1,0,0,9,4,-8.060918190824323,8.060918190824323,tERogRati,anti_homophones
21171,1,1,0,7,3,-6.43839524938145,6.43839524938145,manimin,anti_homophones
21172,1,0,0,8,2,-6.143837782229886,6.143837782229886,tR@pR1te,anti_homophones
21173,1,1,0,8,4,-5.455361981219019,5.455361981219019,degut°Ri,anti_homophones
21174,1,0,0,10,5,-7.949289245083854,7.949289245083854,telegazite,anti_homophones
21175,1,0,0,11,5,-8.50951978017579,8.50951978017579,denisabl2m@,anti_homophones
21176,1,20,0,4,2,-4.782849165943181,4.782849165943181,koRa,anti_homophones
21177,1,6,0,5,2,-6.4371586193249914,6.4371586193249914,makEn,anti_homophones
21178,1,0,0,7,2,-6.636902323037086,6.636902323037086,fuRSaRZ,anti_homophones
21179,1,0,0,9,5,-8.76823195250646,8.76823195250646,ynan°tone,anti_homophones
21180,1,2,0,6,3,-6.577916235634216,6.577916235634216,monobi,anti_homophones
21181,1,7,0,7,2,-5.737900896224339,5.737900896224339,bRatwaR,anti_homophones
21182,1,0,0,10,4,-9.271005367148591,9.271005367148591,klamin°REt,anti_homophones
21183,1,0,0,6,3,-6.438084314713211,6.438084314713211,aboRaZ,anti_homophones
21184,1,9,1,4,2,-4.77996528559387,4.77996528559387,EksE,anti_homophones
21185,1,0,0,8,4,-8.498441245184907,8.498441245184907,kobadis@,anti_homophones
21186,1,21,0,3,1,-4.468543045954028,4.468543045954028,ZyR,anti_homophones
21187,1,3,0,7,3,-5.231546821146047,5.231546821146047,pERmite,anti_homophones
21188,1,5,1,6,3,-4.777758067054366,4.777758067054366,mOlOZi,anti_homophones
21189,1,6,0,5,2,-5.097721647048251,5.097721647048251,plas@,anti_homophones
21190,1,0,0,7,3,-7.23104904320822,7.23104904320822,toplEj§,anti_homophones
21191,1,6,0,2,1,-6.492088884223203,6.492088884223203,2k,anti_homophones
21192,1,0,0,6,3,-6.821493937117067,6.821493937117067,izofRE,anti_homophones
21193,1,5,0,5,2,-5.531325073375407,5.531325073375407,negaR,anti_homophones
21194,1,0,0,10,4,-10.719866467167924,10.719866467167924,syRpisipat,anti_homophones
21195,1,0,0,12,5,-9.721211940527139,9.721211940527139,vOlkalf°z@de,anti_homophones
21196,1,0,0,8,4,-8.342985751679906,8.342985751679906,R2l@domi,anti_homophones
21197,1,0,0,9,3,-9.878048716295883,9.878048716295883,taRkuRtit,anti_homophones
21198,1,21,0,4,2,-5.035729677901426,5.035729677901426,SaRi,anti_homophones
21199,1,4,0,4,2,-5.320918139634155,5.320918139634155,vuR2,anti_homophones
21200,1,0,0,6,3,-7.418723056373498,7.418723056373498,kazuj@,anti_homophones
21201,1,0,0,9,4,-9.822791963051186,9.822791963051186,bOlinomuR,anti_homophones
21202,1,14,0,4,2,-5.700437067090652,5.700437067090652,R@d@,anti_homophones
21203,1,0,0,9,4,-8.46122399367157,8.46122399367157,kupajonEt,anti_homophones
21204,1,2,0,6,3,-5.613919248262839,5.613919248262839,apsyRe,anti_homophones
21205,1,0,0,10,4,-10.229564395269616,10.229564395269616,mitRiskolo,anti_homophones
21206,1,8,0,4,2,-5.740699495076554,5.740699495076554,seN@,anti_homophones
21207,1,1,0,5,2,-5.511914192371387,5.511914192371387,bufad,anti_homophones
21208,1,0,0,10,4,-6.790363439125743,6.790363439125743,mylasjonEl,anti_homophones
21209,1,0,0,7,2,-7.219659991277512,7.219659991277512,dilEndZ,anti_homophones
21210,1,0,0,7,3,-5.869005911994784,5.869005911994784,alteRik,anti_homophones
21211,1,11,1,5,2,-4.285746950685367,4.285746950685367,bisj§,anti_homophones
21212,1,0,0,9,3,-11.452925122566144,11.452925122566144,ksakRoliS,anti_homophones
21213,1,0,0,11,4,-8.459852442102815,8.459852442102815,5vREstjonEl,anti_homophones
21214,1,1,0,6,3,-6.2586632102563104,6.2586632102563104,5penin,anti_homophones
21215,1,0,0,8,3,-7.8183611620912234,7.8183611620912234,tRinitik,anti_homophones
21216,1,20,1,3,2,-4.1240783134105055,4.1240783134105055,5de,anti_homophones
21217,1,32,0,2,1,-4.568422450806525,4.568422450806525,Es,anti_homophones
21218,1,0,0,8,4,-9.136528333392109,9.136528333392109,eniv°taZ,anti_homophones
21219,1,0,0,9,4,-8.040575380582235,8.040575380582235,pRofaSive,anti_homophones
21220,1,0,0,7,3,-8.73269783470205,8.73269783470205,wapidin,anti_homophones
21221,1,1,0,6,3,-7.0523574673294664,7.0523574673294664,notino,anti_homophones
21222,1,1,0,6,2,-5.274355124128115,5.274355124128115,S@pwaR,anti_homophones
21223,1,0,0,10,4,-8.750577747976344,8.750577747976344,pekyltinje,anti_homophones
21224,1,14,0,4,2,-5.236870009373619,5.236870009373619,@lER,anti_homophones
21225,1,0,0,9,3,-8.917365494714284,8.917365494714284,R°platROs,anti_homophones
21226,1,0,0,6,2,-6.096183038225065,6.096183038225065,plisaZ,anti_homophones
21227,1,2,0,8,4,-6.1563022198431945,6.1563022198431945,kaRisite,anti_homophones
21228,1,3,0,6,2,-5.739306632732632,5.739306632732632,kliSaZ,anti_homophones
21229,1,0,0,7,2,-6.628477887512891,6.628477887512891,seks8az,anti_homophones
21230,1,1,0,5,2,-6.1152210007161845,6.1152210007161845,d°buS,anti_homophones
21231,1,10,0,4,2,-5.415649388661621,5.415649388661621,anan,anti_homophones
21232,1,0,0,10,5,-8.575114463255854,8.575114463255854,R°lisim°m@,anti_homophones
21233,1,1,0,4,1,-4.664967686175438,4.664967686175438,fjEf,anti_homophones
21234,1,0,0,11,5,-8.159325897892215,8.159325897892215,5tERonalist,anti_homophones
21235,1,0,0,10,5,-10.319150011642082,10.319150011642082,agaspaRad5,anti_homophones
21236,1,0,0,11,4,-10.28572238490601,10.28572238490601,blokyfizist,anti_homophones
21237,1,5,1,5,2,-4.879925057880446,4.879925057880446,m§d9R,anti_homophones
21238,1,0,0,10,4,-7.586224253805416,7.586224253805416,paREskat9R,anti_homophones
21239,1,1,0,5,2,-5.386101789753825,5.386101789753825,b2gl@,anti_homophones
21240,1,0,0,10,4,-7.692054649039927,7.692054649039927,ekyltyRabl,anti_homophones
21241,1,0,0,10,4,-9.680338100322306,9.680338100322306,mylatRavwe,anti_homophones
21242,1,0,0,7,2,-7.019926048365242,7.019926048365242,maRnjOm,anti_homophones
21243,1,0,0,10,4,-9.086502048619463,9.086502048619463,felik8idit,anti_homophones
21244,1,0,0,9,5,-6.206705874536215,6.206705874536215,Zeotik°m@,anti_homophones
21245,1,0,0,9,3,-6.620956819602745,6.620956819602745,telegRizm,anti_homophones
21246,1,4,0,4,2,-5.144533809120118,5.144533809120118,@gOR,anti_homophones
21247,1,3,0,4,1,-5.120688173871733,5.120688173871733,gloz,anti_homophones
21248,1,0,0,11,5,-9.471330572023904,9.471330572023904,kaRpij9R°mo,anti_homophones
21249,1,8,0,4,2,-5.855968567898674,5.855968567898674,ap8e,anti_homophones
21250,1,0,0,7,3,-6.0586316351349,6.0586316351349,sypsone,anti_homophones
21251,1,19,1,4,2,-4.915354020865442,4.915354020865442,byRe,anti_homophones
21252,1,1,1,6,2,-5.8595632480195725,5.8595632480195725,nwaz9R,anti_homophones
21253,1,1,0,6,2,-5.135255517734739,5.135255517734739,pRodyl,anti_homophones
21254,1,2,0,6,3,-6.103661676030644,6.103661676030644,k§v@t5,anti_homophones
21255,1,2,0,5,2,-5.6418833684472665,5.6418833684472665,gabja,anti_homophones
21256,1,0,0,9,4,-9.687552242790147,9.687552242790147,apnesesj§,anti_homophones
21257,1,24,1,2,1,-4.56822168672884,4.56822168672884,ku,anti_homophones
21258,1,0,0,5,1,-6.4486652407198894,6.4486652407198894,tRysk,anti_homophones
21259,1,0,0,7,3,-7.482010393955795,7.482010393955795,kaRigad,anti_homophones
21260,1,10,0,4,2,-4.958821846528093,4.958821846528093,okEt,anti_homophones
21261,1,1,0,6,3,-5.966018807237962,5.966018807237962,feonaZ,anti_homophones
21262,1,8,0,4,2,-4.968814777878494,4.968814777878494,bat§,anti_homophones
21263,1,0,0,4,2,-7.147915798937367,7.147915798937367,ibol,anti_homophones
21264,1,9,0,3,2,-5.208112945437056,5.208112945437056,om§,anti_homophones
21265,1,3,0,5,2,-6.774944287634107,6.774944287634107,jujEt,anti_homophones
21266,1,0,0,8,3,-7.420978430816678,7.420978430816678,@lymw5dR,anti_homophones
21267,1,0,0,12,4,-10.897762902907434,10.897762902907434,fEjdizjolEsk,anti_homophones
21268,1,13,0,4,1,-4.204708358772916,4.204708358772916,klik,anti_homophones
21269,1,0,0,9,4,-8.782082084373451,8.782082084373451,bafRatine,anti_homophones
21270,1,4,1,6,3,-4.627623631373299,4.627623631373299,Egl°m@,anti_homophones
21271,1,0,0,9,4,-8.167227276738112,8.167227276738112,aRbRikyle,anti_homophones
21272,1,1,0,5,2,-5.9267238891162695,5.9267238891162695,Eskaf,anti_homophones
21273,1,2,0,9,4,-5.60728384657478,5.60728384657478,detabl°m@,anti_homophones
21274,1,0,0,10,4,-10.047323486481204,10.047323486481204,pRedibERn@,anti_homophones
21275,1,13,0,3,1,-5.281561678731806,5.281561678731806,nag,anti_homophones
21276,1,0,0,8,3,-6.818605992757613,6.818605992757613,definjOm,anti_homophones
21277,1,0,0,8,3,-8.412401903474676,8.412401903474676,kRak§Zw5,anti_homophones
21278,1,0,0,8,3,-8.117432770718615,8.117432770718615,skopisit,anti_homophones
21279,1,1,0,6,2,-5.695948886849395,5.695948886849395,mjol9R,anti_homophones
21280,1,0,0,7,2,-5.8257036689625945,5.8257036689625945,pRefRwa,anti_homophones
21281,1,12,0,5,2,-5.095342868156318,5.095342868156318,belik,anti_homophones
21282,1,3,0,5,2,-5.024670396357947,5.024670396357947,maRZ@,anti_homophones
21283,1,4,0,5,2,-4.777501399241563,4.777501399241563,sov9R,anti_homophones
21284,1,5,0,6,3,-5.7562777316442775,5.7562777316442775,k§v°nE,anti_homophones
21285,1,0,0,6,3,-8.773222229631454,8.773222229631454,ReomOd,anti_homophones
21286,1,12,0,4,2,-4.907266173062382,4.907266173062382,lama,anti_homophones
21287,1,0,0,11,5,-9.747467223749739,9.747467223749739,bRasineziNe,anti_homophones
21288,1,16,0,4,2,-4.823174906761262,4.823174906761262,dike,anti_homophones
21289,1,0,0,9,4,-9.842196677527038,9.842196677527038,akRuplein,anti_homophones
21290,1,0,0,8,4,-9.333432148412482,9.333432148412482,gaR°mati,anti_homophones
21291,1,3,0,4,1,-4.693094148654953,4.693094148654953,sOld,anti_homophones
21292,1,20,1,4,2,-4.531029589508547,4.531029589508547,deRa,anti_homophones
21293,1,0,0,8,4,-8.414569460485525,8.414569460485525,OkyteRik,anti_homophones
21294,1,2,0,7,3,-5.944796726496236,5.944796726496236,elipsj§,anti_homophones
21295,1,1,0,6,2,-6.242362365744279,6.242362365744279,fORmad,anti_homophones
21296,1,0,0,13,5,-11.49600883202912,11.49600883202912,kykyltimEtR9j,anti_homophones
21297,1,0,0,11,4,-10.161585808183826,10.161585808183826,bRok§s@t@dR,anti_homophones
21298,1,4,0,6,2,-5.8821545894198035,5.8821545894198035,kazist,anti_homophones
21299,1,1,0,7,4,-6.1815405179163605,6.1815405179163605,abaj°m@,anti_homophones
21300,1,4,0,8,4,-5.260620014548346,5.260620014548346,5stik°m@,anti_homophones
21301,1,4,0,4,2,-5.376298890942321,5.376298890942321,igle,anti_homophones
21302,1,0,0,8,3,-6.957833826994913,6.957833826994913,maRZ°t9R,anti_homophones
21303,1,0,0,14,5,-11.069829317422817,11.069829317422817,sibilismanjabl,anti_homophones
21304,1,0,0,10,4,-9.808086625082796,9.808086625082796,spaRatikan,anti_homophones
21305,1,3,0,5,2,-5.162598743843822,5.162598743843822,RukEt,anti_homophones
21306,1,0,0,8,4,-9.022347386729068,9.022347386729068,Samitim@,anti_homophones
21307,1,1,0,6,2,-5.993988039538531,5.993988039538531,tufwaR,anti_homophones
21308,1,0,0,11,5,-8.815422329168689,8.815422329168689,ReadOpt@t9R,anti_homophones
21309,1,0,0,14,5,-10.896512561183032,10.896512561183032,gRoastRovizibl,anti_homophones
21310,1,0,0,12,5,-14.259373993993334,14.259373993993334,walasyR°l8id,anti_homophones
21311,1,0,0,8,4,-8.438172674005116,8.438172674005116,k§fetana,anti_homophones
21312,1,0,0,6,2,-5.9198524684734695,5.9198524684734695,paRtnE,anti_homophones
21313,1,5,0,5,2,-6.246476754583128,6.246476754583128,mokaZ,anti_homophones
21314,1,0,0,7,3,-7.497932723723418,7.497932723723418,ZubaRje,anti_homophones
21315,1,0,0,10,4,-9.373598696502068,9.373598696502068,SitEknolon,anti_homophones
21316,1,9,1,3,1,-4.17896648535932,4.17896648535932,@gl,anti_homophones
21317,1,0,0,12,5,-14.253906018926,14.253906018926,zonjaziRkof5,anti_homophones
21318,1,0,0,7,3,-7.781148841570739,7.781148841570739,tResedi,anti_homophones
21319,1,0,0,9,4,-8.787325095924327,8.787325095924327,pitERmyte,anti_homophones
21320,1,13,0,4,2,-4.843362430725235,4.843362430725235,Esj§,anti_homophones
21321,1,0,0,12,5,-13.010903847673207,13.010903847673207,toRoakl@pjER,anti_homophones
21322,1,0,0,7,3,-7.802285912614105,7.802285912614105,R°SonEl,anti_homophones
21323,1,0,0,9,3,-7.765331891366727,7.765331891366727,flyvjolik,anti_homophones
21324,1,0,0,14,5,-11.148898015153838,11.148898015153838,plEkt8alitoRj§,anti_homophones
21325,1,1,0,6,3,-5.661378195628096,5.661378195628096,piloSe,anti_homophones
21326,1,0,0,8,3,-5.8851865823108005,5.8851865823108005,depRim9R,anti_homophones
21327,1,18,1,4,2,-4.651260107027548,4.651260107027548,mago,anti_homophones
21328,1,0,0,9,3,-7.187829988040615,7.187829988040615,dEkstat9R,anti_homophones
21329,1,0,0,7,3,-7.048117114080518,7.048117114080518,p°titif,anti_homophones
21330,1,0,0,9,5,-8.643673490422055,8.643673490422055,akRokaiz§,anti_homophones
21331,1,3,0,6,2,-4.891168366514501,4.891168366514501,puswaR,anti_homophones
21332,1,0,0,10,4,-9.31078955947635,9.31078955947635,itletastik,anti_homophones
21333,1,3,0,5,2,-4.62347014808852,4.62347014808852,filaZ,anti_homophones
21334,1,0,0,6,2,-6.432432670811702,6.432432670811702,flikaZ,anti_homophones
21335,1,4,0,5,2,-4.500765280812516,4.500765280812516,k§st@,anti_homophones
21336,1,0,0,12,5,-9.587268034261678,9.587268034261678,iREktomogRaf,anti_homophones
21337,1,5,0,4,1,-4.6953248108891295,4.6953248108891295,tOks,anti_homophones
21338,1,0,0,8,3,-7.534809735512377,7.534809735512377,butiR9st,anti_homophones
21339,1,0,0,9,4,-8.157280069443678,8.157280069443678,meS@kRime,anti_homophones
21340,1,0,0,12,4,-8.60848068008871,8.60848068008871,k§plEksplase,anti_homophones
21341,1,1,0,9,4,-5.109943086345302,5.109943086345302,kalizat9R,anti_homophones
21342,1,0,0,9,4,-5.205824458596635,5.205824458596635,im8abl°m@,anti_homophones
21343,1,0,0,7,3,-7.473285118604202,7.473285118604202,@baRbas,anti_homophones
21344,1,0,0,11,5,-8.236575776241098,8.236575776241098,s5tERmilite,anti_homophones
21345,1,3,0,5,2,-5.396562838370432,5.396562838370432,telEm,anti_homophones
21346,1,15,0,3,1,-4.525624074188997,4.525624074188997,ORt,anti_homophones
21347,1,0,0,14,5,-11.739500671099067,11.739500671099067,syRmyltRemonEt,anti_homophones
21348,1,21,0,3,1,-4.729947860822246,4.729947860822246,asm,anti_homophones
21349,1,3,0,6,2,-5.619655194584137,5.619655194584137,valsif,anti_homophones
21350,1,1,0,6,3,-5.885911632903356,5.885911632903356,panim@,anti_homophones
21351,1,1,0,9,4,-6.817838238840098,6.817838238840098,kloakasj§,anti_homophones
21352,1,0,0,7,2,-7.542637947061576,7.542637947061576,spResiv,anti_homophones
21353,1,0,0,10,3,-9.728932255506754,9.728932255506754,lystRadjOp,anti_homophones
21354,1,1,0,5,2,-5.251891264212855,5.251891264212855,bidEl,anti_homophones
21355,1,0,0,6,3,-6.73230833263415,6.73230833263415,seRena,anti_homophones
21356,1,9,0,3,1,-4.645514411171211,4.645514411171211,l5b,anti_homophones
21357,1,0,0,11,4,-8.305423153717314,8.305423153717314,tR@spORSofe,anti_homophones
21358,1,0,0,9,3,-7.780394869572851,7.780394869572851,tRistilER,anti_homophones
21359,1,11,1,5,2,-4.743152042575375,4.743152042575375,vERti,anti_homophones
21360,1,3,0,4,2,-4.646284207538448,4.646284207538448,5sEk,anti_homophones
21361,1,0,0,7,3,-8.321864277532914,8.321864277532914,akobRis,anti_homophones
21362,1,2,0,5,2,-4.7977216667843665,4.7977216667843665,Sos9R,anti_homophones
21363,1,0,0,6,2,-7.760633302549768,7.760633302549768,navibl,anti_homophones
21364,1,0,0,7,3,-6.64534597084598,6.64534597084598,libERni,anti_homophones
21365,1,0,0,13,5,-13.222853778017534,13.222853778017534,pReziNotobjOl,anti_homophones
21366,1,5,0,5,2,-5.1323920716072955,5.1323920716072955,fRole,anti_homophones
21367,1,0,0,10,4,-9.652023129425949,9.652023129425949,as5tR@sfOn,anti_homophones
21368,1,0,0,8,3,-8.33944812932895,8.33944812932895,5kylbERn,anti_homophones
21369,1,0,0,6,3,-6.889397240125453,6.889397240125453,epenaR,anti_homophones
21370,1,0,0,9,5,-9.167935841025887,9.167935841025887,avaZilise,anti_homophones
21371,1,0,0,4,2,-5.335976589325979,5.335976589325979,9mbo,anti_homophones
21372,1,2,0,6,3,-4.869982156081722,4.869982156081722,devum@,anti_homophones
21373,1,1,0,6,3,-6.315194796597637,6.315194796597637,s@tiz@,anti_homophones
21374,1,0,0,8,3,-7.0395494732411565,7.0395494732411565,tR@peR@s,anti_homophones
21375,1,0,0,7,4,-5.612528692074289,5.612528692074289,@vut°Ri,anti_homophones
21376,1,0,0,9,3,-7.151961093967067,7.151961093967067,pRefORmyR,anti_homophones
21377,1,0,0,7,3,-6.387456827177945,6.387456827177945,deviziG,anti_homophones
21378,1,6,0,6,2,-5.046322237331268,5.046322237331268,etRist,anti_homophones
21379,1,0,0,11,4,-10.8020456150766,10.8020456150766,dRopylERsiR,anti_homophones
21380,1,0,0,6,3,-5.91187910587974,5.91187910587974,debus@,anti_homophones
21381,1,5,0,5,2,-5.643427132935541,5.643427132935541,vezin,anti_homophones
21382,1,12,1,4,2,-4.656427267761428,4.656427267761428,asin,anti_homophones
21383,1,0,0,6,3,-6.770597383681627,6.770597383681627,RulOt5,anti_homophones
21384,1,1,0,7,3,-5.5143456412732546,5.5143456412732546,koORdaZ,anti_homophones
21385,1,0,0,9,5,-8.653366336043783,8.653366336043783,anEs@s°le,anti_homophones
21386,1,5,0,5,2,-6.510885361480523,6.510885361480523,RadZe,anti_homophones
21387,1,2,0,6,2,-5.340127132028798,5.340127132028798,fORmyR,anti_homophones
21388,1,7,0,5,2,-5.695197578798697,5.695197578798697,5tREl,anti_homophones
21389,1,0,0,10,5,-7.62156440893523,7.62156440893523,balabil°m@,anti_homophones
21390,1,1,0,9,3,-8.945192335218108,8.945192335218108,apstiSism,anti_homophones
21391,1,1,0,6,2,-6.6647733608991535,6.6647733608991535,ZEstat,anti_homophones
21392,1,0,0,11,5,-11.192702002587888,11.192702002587888,plypaRakolo,anti_homophones
21393,1,0,0,10,5,-9.322085771086696,9.322085771086696,god§toloNE,anti_homophones
21394,1,1,0,8,3,-6.948383439804351,6.948383439804351,libRikEt,anti_homophones
21395,1,13,1,4,2,-4.3073566758695,4.3073566758695,akte,anti_homophones
21396,1,0,0,10,4,-9.354169208841812,9.354169208841812,mw5dRomEt@,anti_homophones
21397,1,0,0,9,4,-9.25511184960106,9.25511184960106,pyRifl°te,anti_homophones
21398,1,19,0,3,1,-4.036350364132043,4.036350364132043,Sip,anti_homophones
21399,1,0,0,5,2,-5.794357227507596,5.794357227507596,malvi,anti_homophones
21400,1,2,0,6,3,-6.270441391360307,6.270441391360307,5klyzi,anti_homophones
21401,1,0,0,8,3,-11.051527980435722,11.051527980435722,p§tapatR,anti_homophones
21402,1,0,0,12,5,-11.433282212546446,11.433282212546446,vaposjanikEt,anti_homophones
21403,1,0,0,8,3,-7.683779023446134,7.683779023446134,Redykt8@,anti_homophones
21404,1,12,0,5,2,-4.62965065376256,4.62965065376256,pisj§,anti_homophones
21405,1,0,0,9,3,-10.016581143087894,10.016581143087894,pyRpiljER,anti_homophones
21406,1,22,0,3,1,-4.49244458899192,4.49244458899192,bim,anti_homophones
21407,1,0,0,11,4,-8.812942956855132,8.812942956855132,velodRwasj§,anti_homophones
21408,1,1,0,5,2,-6.488801464286456,6.488801464286456,R@bol,anti_homophones
21409,1,0,0,7,3,-7.255851301264595,7.255851301264595,R2k§pil,anti_homophones
21410,1,1,0,7,3,-6.668111642277023,6.668111642277023,@kuRtaZ,anti_homophones
21411,1,0,0,10,4,-11.205002545372759,11.205002545372759,akaRbjol9R,anti_homophones
21412,1,3,0,4,2,-4.77305347685372,4.77305347685372,5t8i,anti_homophones
21413,1,28,0,2,1,-4.5702036812234965,4.5702036812234965,p§,anti_homophones
21414,1,14,1,3,1,-4.415770723428691,4.415770723428691,k§s,anti_homophones
21415,1,0,0,11,5,-9.929175947379091,9.929175947379091,Rap°lasifje,anti_homophones
21416,1,0,0,9,3,-6.594782445657277,6.594782445657277,pRonogRaf,anti_homophones
21417,1,0,0,9,4,-8.968756237492931,8.968756237492931,pepikRote,anti_homophones
21418,1,0,0,9,4,-8.652590131138798,8.652590131138798,filolORNe,anti_homophones
21419,1,2,0,5,2,-5.820778507577803,5.820778507577803,pjOne,anti_homophones
21420,1,0,0,7,3,-8.009895433550945,8.009895433550945,taRitm@,anti_homophones
21421,1,0,0,9,4,-6.123241000785626,6.123241000785626,basj2z°m@,anti_homophones
21422,1,0,0,5,2,-5.930926700768266,5.930926700768266,tuluk,anti_homophones
21423,1,2,0,6,2,-5.893081334430435,5.893081334430435,kodizm,anti_homophones
21424,1,17,0,4,1,-5.035891278849412,5.035891278849412,gRim,anti_homophones
21425,1,0,0,7,3,-8.659153913865078,8.659153913865078,fisosj§,anti_homophones
21426,1,2,0,7,3,-5.99938428726588,5.99938428726588,t8ij°m@,anti_homophones
21427,1,0,0,13,5,-10.377154914823535,10.377154914823535,5syltRaRjasj§,anti_homophones
21428,1,1,0,5,2,-6.568797915790431,6.568797915790431,gRivE,anti_homophones
21429,1,0,0,7,3,-6.22403285735979,6.22403285735979,mwazine,anti_homophones
21430,1,0,0,7,3,-7.141679057675888,7.141679057675888,kOkazje,anti_homophones
21431,1,0,0,8,3,-7.392205344076909,7.392205344076909,paRlatOl,anti_homophones
21432,1,6,0,4,1,-5.019967040781274,5.019967040781274,@bR1,anti_homophones
21433,1,0,0,7,3,-7.383658423732629,7.383658423732629,bakaRin,anti_homophones
21434,1,2,0,7,3,-6.417089714640619,6.417089714640619,ap°tabl,anti_homophones
21435,1,2,0,6,2,-5.42553489743009,5.42553489743009,gRij9R,anti_homophones
21436,1,0,0,8,4,-8.231300900647087,8.231300900647087,onadjone,anti_homophones
21437,1,4,0,5,2,-5.314448917837538,5.314448917837538,kRijo,anti_homophones
21438,1,3,0,5,2,-6.006889461811599,6.006889461811599,tilit,anti_homophones
21439,1,2,0,6,3,-6.62398393365283,6.62398393365283,inimin,anti_homophones
21440,1,0,0,9,4,-6.538300602983327,6.538300602983327,devizjonE,anti_homophones
21441,1,0,0,10,4,-7.35135925907241,7.35135925907241,plafoRasj§,anti_homophones
21442,1,1,0,7,3,-6.658037740126207,6.658037740126207,koRolik,anti_homophones
21443,1,27,1,4,2,-4.023955533745501,4.023955533745501,Rete,anti_homophones
21444,1,4,0,4,2,-5.381949571250135,5.381949571250135,k@bo,anti_homophones
21445,1,0,0,9,4,-7.385539612202826,7.385539612202826,emaRguj9R,anti_homophones
21446,1,2,1,6,3,-5.459435816198105,5.459435816198105,v°nije,anti_homophones
21447,1,0,0,13,5,-9.84819941959968,9.84819941959968,kylasfeR@sjEl,anti_homophones
21448,1,0,0,11,5,-10.91423066639394,10.91423066639394,epinEspEs9R,anti_homophones
21449,1,0,0,6,2,-6.31187148021016,6.31187148021016,malast,anti_homophones
21450,1,0,0,6,3,-7.287918381120269,7.287918381120269,5taRja,anti_homophones
21451,1,0,0,9,5,-8.588541930087057,8.588541930087057,debaisino,anti_homophones
21452,1,0,0,8,3,-6.947933298825886,6.947933298825886,dyRsifj@,anti_homophones
21453,1,5,0,5,2,-5.898088995471893,5.898088995471893,sokER,anti_homophones
21454,1,1,0,9,4,-5.669474085725414,5.669474085725414,disizasj§,anti_homophones
21455,1,12,0,3,1,-4.579098460969926,4.579098460969926,lj5,anti_homophones
21456,1,7,1,4,2,-4.661389371026585,4.661389371026585,ekip,anti_homophones
21457,1,1,0,6,2,-6.960202385143151,6.960202385143151,seliks,anti_homophones
21458,1,0,0,7,2,-6.91756803892653,6.91756803892653,glap5dR,anti_homophones
21459,1,0,0,8,3,-6.976865222183663,6.976865222183663,fl@k§bys,anti_homophones
21460,1,9,0,5,2,-5.4652365309509126,5.4652365309509126,koRje,anti_homophones
21461,1,7,0,6,2,-5.102507505283458,5.102507505283458,silizm,anti_homophones
21462,1,6,1,4,2,-5.046458168600032,5.046458168600032,@paj,anti_homophones
21463,1,0,0,8,3,-9.168333581652451,9.168333581652451,levjasif,anti_homophones
21464,1,1,0,6,2,-5.747231754179583,5.747231754179583,advERs,anti_homophones
21465,1,28,0,2,1,-4.568981120283956,4.568981120283956,k@,anti_homophones
21466,1,0,0,10,5,-9.065966180520917,9.065966180520917,buvisekyle,anti_homophones
21467,1,0,0,8,4,-7.202852672943292,7.202852672943292,ZeogRamo,anti_homophones
21468,1,12,0,4,1,-4.754503710387122,4.754503710387122,bism,anti_homophones
21469,1,0,0,6,2,-7.7673547758362105,7.7673547758362105,fRituR,anti_homophones
21470,1,0,0,5,2,-5.929471598872571,5.929471598872571,v5tje,anti_homophones
21471,1,0,0,10,4,-9.027328711994615,9.027328711994615,abZyRgaRde,anti_homophones
21472,1,0,0,11,5,-10.342336973418368,10.342336973418368,sagadamjote,anti_homophones
21473,1,0,0,9,4,-8.987052623864878,8.987052623864878,SaRizotif,anti_homophones
21474,1,1,1,7,3,-4.896761951649673,4.896761951649673,pjaj°m@,anti_homophones
21475,1,8,0,5,2,-5.552033093587224,5.552033093587224,penje,anti_homophones
21476,1,0,0,6,2,-6.921949921871517,6.921949921871517,k§pROb,anti_homophones
21477,1,0,0,5,3,-5.3037799706378514,5.3037799706378514,@ZolE,anti_homophones
21478,1,1,0,7,2,-6.715522244764636,6.715522244764636,ZystRys,anti_homophones
21479,1,2,0,7,2,-6.680231560842914,6.680231560842914,paRvabl,anti_homophones
21480,1,1,0,5,1,-6.0574100366168,6.0574100366168,dROks,anti_homophones
21481,1,0,0,10,3,-8.336864911464254,8.336864911464254,pRomERsjER,anti_homophones
21482,1,0,0,13,5,-12.74691752550083,12.74691752550083,djafOb°nwaj@s,anti_homophones
21483,1,0,0,6,2,-6.8066562499082,6.8066562499082,kostRi,anti_homophones
21484,1,17,0,3,1,-4.700190242508773,4.700190242508773,kse,anti_homophones
21485,1,22,0,4,2,-4.895546180200102,4.895546180200102,Rim@,anti_homophones
21486,1,6,0,4,2,-5.373950072268211,5.373950072268211,Saga,anti_homophones
21487,1,0,0,12,4,-11.530159702303777,11.530159702303777,sufR°m§sEptR,anti_homophones
21488,1,8,0,4,2,-5.011352217255632,5.011352217255632,aple,anti_homophones
21489,1,0,0,11,5,-11.129002196993966,11.129002196993966,5stibysilje,anti_homophones
21490,1,6,0,4,2,-4.469137905795651,4.469137905795651,fyR§,anti_homophones
21491,1,0,0,8,4,-6.179258349069364,6.179258349069364,ERganize,anti_homophones
21492,1,0,1,6,3,-5.754300974783863,5.754300974783863,Egzena,anti_homophones
21493,1,0,0,8,3,-9.949922339089888,9.949922339089888,liskRiba,anti_homophones
21494,1,0,0,6,2,-6.730720111792735,6.730720111792735,bREgm@,anti_homophones
21495,1,7,0,4,1,-4.727255964647941,4.727255964647941,pRyn,anti_homophones
21496,1,1,1,5,1,-5.787312991569324,5.787312991569324,kwEtS,anti_homophones
21497,1,2,0,6,3,-6.142369696875078,6.142369696875078,an°t9R,anti_homophones
21498,1,0,0,8,4,-8.366090233171933,8.366090233171933,adeRebys,anti_homophones
21499,1,0,0,9,4,-8.26055116174363,8.26055116174363,fyRif9nki,anti_homophones
21500,1,8,0,4,2,-5.385506304260674,5.385506304260674,l5Ze,anti_homophones
21501,1,0,0,6,4,-6.794563466307795,6.794563466307795,zoope5,anti_homophones
21502,1,1,1,8,4,-5.549769093087352,5.549769093087352,viSik°m@,anti_homophones
21503,1,0,0,7,3,-6.656459159773951,6.656459159773951,pyRysj§,anti_homophones
21504,1,3,0,5,2,-5.81706973925083,5.81706973925083,vinim,anti_homophones
21505,1,2,0,5,3,-5.052245406673701,5.052245406673701,ab§de,anti_homophones
21506,1,4,1,7,3,-5.477041737877608,5.477041737877608,bRaj°m@,anti_homophones
21507,1,0,0,10,4,-8.691524715967562,8.691524715967562,stagOnisj§,anti_homophones
21508,1,0,0,7,2,-6.10205091363345,6.10205091363345,pjOdl9R,anti_homophones
21509,1,2,0,6,2,-6.785237207719488,6.785237207719488,kEstis,anti_homophones
21510,1,7,0,3,1,-4.35206935077881,4.35206935077881,g@g,anti_homophones
21511,1,0,0,7,3,-6.978391530221366,6.978391530221366,lynyske,anti_homophones
21512,1,6,0,4,2,-5.888754983087161,5.888754983087161,ElEs,anti_homophones
21513,1,3,0,5,3,-5.673504612145587,5.673504612145587,edyka,anti_homophones
21514,1,0,0,6,2,-7.071605855204433,7.071605855204433,sitRit,anti_homophones
21515,1,1,0,7,3,-6.348854620563844,6.348854620563844,ZemeRik,anti_homophones
21516,1,0,0,13,5,-11.148723975739612,11.148723975739612,kReapR@djezER,anti_homophones
21517,1,4,0,4,1,-4.997228287962829,4.997228287962829,pjOS,anti_homophones
21518,1,1,0,6,2,-6.535549921134946,6.535549921134946,syksj@,anti_homophones
21519,1,0,0,6,3,-6.556346804500892,6.556346804500892,5ston@,anti_homophones
21520,1,20,0,4,2,-4.335935773318859,4.335935773318859,Rade,anti_homophones
21521,1,0,0,8,4,-8.056245615314376,8.056245615314376,agRavaR§,anti_homophones
21522,1,0,0,5,1,-6.219710271019398,6.219710271019398,gREtS,anti_homophones
21523,1,2,0,5,2,-6.129865722723132,6.129865722723132,taR5k,anti_homophones
21524,1,0,0,8,4,-5.9445396311696195,5.9445396311696195,popyl°m@,anti_homophones
21525,1,0,0,10,5,-8.032078941696106,8.032078941696106,Rybitas°m@,anti_homophones
21526,1,7,1,5,2,-4.623133104005208,4.623133104005208,kup9R,anti_homophones
21527,1,2,1,5,3,-6.286070775465323,6.286070775465323,opiz@,anti_homophones
21528,1,2,0,6,2,-6.656586357346922,6.656586357346922,syltER,anti_homophones
21529,1,10,1,6,3,-4.727883338014421,4.727883338014421,vid°m@,anti_homophones
21530,1,3,0,4,2,-5.381968990609364,5.381968990609364,evid,anti_homophones
21531,1,0,0,11,5,-11.67642332802918,11.67642332802918,mod°laSaR@Z,anti_homophones
21532,1,0,0,8,3,-6.343364652111018,6.343364652111018,dezaktOm,anti_homophones
21533,1,2,1,4,1,-4.456636066133618,4.456636066133618,m8Et,anti_homophones
21534,1,0,0,7,3,-7.159561433946827,7.159561433946827,l§Z°liR,anti_homophones
21535,1,12,1,5,2,-4.551575860172073,4.551575860172073,kR°m@,anti_homophones
21536,1,0,0,8,3,-6.145103682776084,6.145103682776084,deplis9R,anti_homophones
21537,1,0,0,6,3,-6.620664200446337,6.620664200446337,RabeEn,anti_homophones
21538,1,1,0,6,2,-6.157929010782659,6.157929010782659,b°nwaZ,anti_homophones
21539,1,0,0,7,3,-8.739016288840677,8.739016288840677,demwana,anti_homophones
21540,1,0,0,8,3,-6.322440865526363,6.322440865526363,katomEtR,anti_homophones
21541,1,1,0,7,3,-5.824035236846782,5.824035236846782,5diktif,anti_homophones
21542,1,0,0,12,5,-11.003406894098001,11.003406894098001,lytonistezje,anti_homophones
21543,1,8,0,5,2,-5.800632645805493,5.800632645805493,debat,anti_homophones
21544,1,1,0,6,2,-6.39051855613641,6.39051855613641,fiRmik,anti_homophones
21545,1,4,0,5,2,-4.948567550263979,4.948567550263979,tEkni,anti_homophones
21546,1,0,0,8,3,-8.45109633440793,8.45109633440793,gR5sERs@,anti_homophones
21547,1,9,0,6,2,-4.794021416855417,4.794021416855417,katabl,anti_homophones
21548,1,1,0,6,3,-7.138394837673077,7.138394837673077,l@gute,anti_homophones
21549,1,7,0,4,2,-5.398111454832784,5.398111454832784,lag§,anti_homophones
21550,1,0,0,8,3,-7.762199241777979,7.762199241777979,deR@slam,anti_homophones
21551,1,23,0,2,1,-4.568829825441517,4.568829825441517,Ze,anti_homophones
21552,1,17,1,4,2,-4.78984123762275,4.78984123762275,Rum@,anti_homophones
21553,1,0,0,6,3,-7.139675008786022,7.139675008786022,tiNote,anti_homophones
21554,1,0,0,10,5,-10.627488623401113,10.627488623401113,lav°niRif5,anti_homophones
21555,1,0,0,8,3,-5.967273221674118,5.967273221674118,sOsjonaZ,anti_homophones
21556,1,0,0,8,3,-7.05900233823603,7.05900233823603,magoRabl,anti_homophones
21557,1,2,0,5,2,-5.200680787329078,5.200680787329078,yltip,anti_homophones
21558,1,0,0,9,4,-8.81873293110496,8.81873293110496,basitRij@,anti_homophones
21559,1,6,0,7,3,-5.585534689503314,5.585534689503314,pRER°m@,anti_homophones
21560,1,2,0,6,2,-5.8788275557705045,5.8788275557705045,bRanje,anti_homophones
21561,1,0,0,7,4,-6.887245258220524,6.887245258220524,5peRas§,anti_homophones
21562,1,7,0,5,2,-4.812048749136033,4.812048749136033,mwaze,anti_homophones
21563,1,39,0,2,1,-4.568060833736635,4.568060833736635,la,anti_homophones
21564,1,0,0,8,4,-7.486922554372445,7.486922554372445,5peRujaR,anti_homophones
21565,1,0,0,6,3,-5.6481189072828295,5.6481189072828295,etafje,anti_homophones
21566,1,1,0,9,4,-6.890286392713884,6.890286392713884,Eptabl°m@,anti_homophones
21567,1,4,0,6,3,-5.595133860419573,5.595133860419573,maRis@,anti_homophones
21568,1,0,0,10,4,-7.539080468687924,7.539080468687924,amORfinabl,anti_homophones
21569,1,1,0,6,2,-5.30646877444031,5.30646877444031,bRyl9R,anti_homophones
21570,1,3,0,7,3,-4.817109235926601,4.817109235926601,SaRZ°m@,anti_homophones
21571,1,24,0,4,2,-5.775609364272919,5.775609364272919,aizm,anti_homophones
21572,1,2,0,7,2,-5.52980385886715,5.52980385886715,gRafiRm,anti_homophones
21573,1,0,0,8,4,-6.993464313106241,6.993464313106241,5pRedaje,anti_homophones
21574,1,0,0,11,4,-12.462088461946424,12.462088461946424,malgaRodwEl,anti_homophones
21575,1,0,0,11,4,-13.625347288200182,13.625347288200182,myRabjosjEn,anti_homophones
21576,1,13,1,4,1,-4.79705798215643,4.79705798215643,kalk,anti_homophones
21577,1,0,0,9,5,-7.532840557870279,7.532840557870279,aRSiepise,anti_homophones
21578,1,17,0,4,2,-4.30141582496899,4.30141582496899,sime,anti_homophones
21579,1,1,0,6,2,-7.464474420035519,7.464474420035519,vol§bl,anti_homophones
21580,1,0,0,10,4,-8.537582793941834,8.537582793941834,SaRp@tER9R,anti_homophones
21581,1,0,0,13,5,-11.011965898378081,11.011965898378081,navitRalinist,anti_homophones
21582,1,0,0,7,3,-9.311752340194811,9.311752340194811,lap5dyk,anti_homophones
21583,1,6,0,4,1,-4.6560710093271584,4.6560710093271584,klwa,anti_homophones
21584,1,2,0,6,3,-5.719247748256076,5.719247748256076,@tRik5,anti_homophones
21585,1,2,0,9,4,-6.46243623697379,6.46243623697379,sek@sasj§,anti_homophones
21586,1,1,0,7,3,-5.953755201204094,5.953755201204094,5tEstj§,anti_homophones
21587,1,0,0,6,3,-6.2951725100495635,6.2951725100495635,nymeR5,anti_homophones
21588,1,0,0,9,4,-8.987939127906781,8.987939127906781,izOmetROf,anti_homophones
21589,1,9,0,4,1,-5.48175443980864,5.48175443980864,fRus,anti_homophones
21590,1,7,0,3,2,-5.306556937134211,5.306556937134211,oby,anti_homophones
21591,1,1,0,6,3,-7.07468498066176,7.07468498066176,avitSe,anti_homophones
21592,1,0,0,8,4,-7.6918705092282496,7.6918705092282496,Redykata,anti_homophones
21593,1,0,0,9,4,-7.33707048997528,7.33707048997528,telegaRne,anti_homophones
21594,1,5,0,9,4,-5.366119074579161,5.366119074579161,baktiv°m@,anti_homophones
21595,1,1,0,6,2,-6.557904284736076,6.557904284736076,p@kRik,anti_homophones
21596,1,0,0,8,3,-7.379968428891798,7.379968428891798,sERpijad,anti_homophones
21597,1,1,0,6,2,-5.884768448702428,5.884768448702428,defREj,anti_homophones
21598,1,18,0,3,1,-4.495069802686287,4.495069802686287,sEv,anti_homophones
21599,1,0,0,10,4,-9.649804533316411,9.649804533316411,mOnistiloz,anti_homophones
21600,1,0,0,11,4,-13.306675708895591,13.306675708895591,knORsalytER,anti_homophones
21601,1,1,0,5,3,-6.888839859422143,6.888839859422143,etajE,anti_homophones
21602,1,0,0,8,4,-7.496240324424884,7.496240324424884,ekuvERt@,anti_homophones
21603,1,2,0,7,3,-5.668875823780333,5.668875823780333,kRyt°Ri,anti_homophones
21604,1,5,0,5,2,-5.325963270900254,5.325963270900254,tonEt,anti_homophones
21605,1,0,0,8,4,-7.878135150881298,7.878135150881298,abum9ble,anti_homophones
21606,1,0,0,7,3,-7.92164988680374,7.92164988680374,epylswa,anti_homophones
21607,1,21,0,3,1,-5.152502762098805,5.152502762098805,dig,anti_homophones
21608,1,8,1,6,2,-4.760123378612204,4.760123378612204,sjasj§,anti_homophones
21609,1,0,0,9,4,-8.371725474036777,8.371725474036777,diskapyle,anti_homophones
21610,1,2,0,5,2,-5.84425844534643,5.84425844534643,psoid,anti_homophones
21611,1,37,1,3,1,-4.181067484784192,4.181067484784192,waR,anti_homophones
21612,1,2,0,5,3,-5.458315227903699,5.458315227903699,@kike,anti_homophones
21613,1,0,0,8,3,-7.79271429799148,7.79271429799148,saRkwaj@,anti_homophones
21614,1,0,0,12,5,-8.829521069244954,8.829521069244954,kavERteRasj§,anti_homophones
21615,1,1,0,7,3,-5.606508408356838,5.606508408356838,deplite,anti_homophones
21616,1,0,0,5,2,-5.82617280483476,5.82617280483476,aZysk,anti_homophones
21617,1,2,1,6,2,-5.27197521326666,5.27197521326666,seSwaR,anti_homophones
21618,1,5,0,5,3,-6.3904097773375295,6.3904097773375295,onis@,anti_homophones
21619,1,0,0,12,5,-8.698783708584793,8.698783708584793,gRapet8El°m@,anti_homophones
21620,1,0,0,7,3,-6.096162293012526,6.096162293012526,lezisj5,anti_homophones
21621,1,3,0,5,2,-5.8664485700589895,5.8664485700589895,vanit,anti_homophones
21622,1,0,0,11,4,-10.130375349934784,10.130375349934784,des5kRopizm,anti_homophones
21623,1,0,0,8,4,-6.321573258502655,6.321573258502655,nefik°m@,anti_homophones
21624,1,0,0,7,3,-7.745129547705156,7.745129547705156,Zeninil,anti_homophones
21625,1,1,0,5,2,-5.313446747117628,5.313446747117628,lufj§,anti_homophones
21626,1,0,0,8,3,-6.238582261073561,6.238582261073561,gaRgotaZ,anti_homophones
21627,1,0,0,6,3,-6.216406429850198,6.216406429850198,ipopys,anti_homophones
21628,1,0,0,8,3,-8.003889338228582,8.003889338228582,maR@tEsk,anti_homophones
21629,1,0,0,10,4,-7.206557833713008,7.206557833713008,ZakylatwaR,anti_homophones
21630,1,0,0,7,3,-5.455334982630245,5.455334982630245,k§pRese,anti_homophones
21631,1,4,0,5,2,-4.916975400276643,4.916975400276643,pOst@,anti_homophones
21632,1,10,0,4,2,-4.946065827992555,4.946065827992555,5pyl,anti_homophones
21633,1,0,0,6,3,-5.649299694585823,5.649299694585823,ZynOmi,anti_homophones
21634,1,4,0,5,2,-5.863298149749236,5.863298149749236,v2nim,anti_homophones
21635,1,1,0,6,3,-6.730043480748392,6.730043480748392,epuRf@,anti_homophones
21636,1,0,0,5,2,-4.988311675681647,4.988311675681647,gyzla,anti_homophones
21637,1,6,1,4,2,-4.68042912977311,4.68042912977311,R2t§,anti_homophones
21638,1,0,0,10,4,-11.539565991427345,11.539565991427345,tezjakodak,anti_homophones
21639,1,6,0,5,2,-5.183983356819115,5.183983356819115,gazif,anti_homophones
21640,1,5,0,5,2,-5.493047778599204,5.493047778599204,R§diR,anti_homophones
21641,1,1,0,7,2,-5.572307805644186,5.572307805644186,pORt8El,anti_homophones
21642,1,6,0,4,2,-4.986956740063867,4.986956740063867,kilo,anti_homophones
21643,1,7,1,4,2,-4.703593801372101,4.703593801372101,anOl,anti_homophones
21644,1,1,0,7,3,-6.671285474014799,6.671285474014799,lidalje,anti_homophones
21645,1,0,0,10,4,-11.255787615328575,11.255787615328575,skRoemij@g,anti_homophones
21646,1,0,0,6,3,-6.080251767858326,6.080251767858326,neofOb,anti_homophones
21647,1,2,0,6,3,-5.663082067158124,5.663082067158124,R2leje,anti_homophones
21648,1,16,0,5,2,-4.360162570510151,4.360162570510151,tRize,anti_homophones
21649,1,0,0,8,4,-7.704964343098555,7.704964343098555,imaskam@,anti_homophones
21650,1,0,0,9,3,-7.268897494561508,7.268897494561508,EkspORtad,anti_homophones
21651,1,0,0,7,3,-7.061700248640788,7.061700248640788,saliziG,anti_homophones
21652,1,0,0,11,4,-10.41210777528827,10.41210777528827,syRpRevalak,anti_homophones
21653,1,0,0,10,5,-7.707152942599392,7.707152942599392,veR@ZER°m@,anti_homophones
21654,1,12,0,4,2,-5.434284783495777,5.434284783495777,pavi,anti_homophones
21655,1,0,0,11,4,-10.773834822636722,10.773834822636722,Radjosiksik,anti_homophones
21656,1,4,1,5,2,-4.95946260224411,4.95946260224411,ek8iR,anti_homophones
21657,1,6,0,6,3,-5.466912357061701,5.466912357061701,5tERp@,anti_homophones
21658,1,13,0,4,1,-4.631169374400522,4.631169374400522,gRav,anti_homophones
21659,1,0,0,12,5,-10.228014527193956,10.228014527193956,modekasjonaZ,anti_homophones
21660,1,1,0,6,2,-5.720978122127344,5.720978122127344,plazik,anti_homophones
21661,1,5,0,4,1,-5.256785189117666,5.256785189117666,t§dR,anti_homophones
21662,1,5,0,4,2,-5.493021962338806,5.493021962338806,REn@,anti_homophones
21663,1,0,0,9,5,-8.926479342049632,8.926479342049632,@tiviRone,anti_homophones
21664,1,0,0,6,2,-7.591104883419538,7.591104883419538,gReapR,anti_homophones
21665,1,11,0,4,1,-4.708674299689393,4.708674299689393,plak,anti_homophones
21666,1,8,0,4,2,-4.648421734778367,4.648421734778367,eSaZ,anti_homophones
21667,1,0,0,10,4,-9.611414514370452,9.611414514370452,klopEst°m@,anti_homophones
21668,1,1,0,6,3,-6.9040725188168395,6.9040725188168395,polaZo,anti_homophones
21669,1,0,0,11,5,-13.703777964471737,13.703777964471737,kaRudozoRin,anti_homophones
21670,1,0,0,5,1,-5.848865272640353,5.848865272640353,SjuRm,anti_homophones
21671,1,1,0,7,2,-6.614988916267588,6.614988916267588,pOksist,anti_homophones
21672,1,0,0,9,5,-7.530375203636339,7.530375203636339,5komytine,anti_homophones
21673,1,1,0,8,3,-6.325950540801835,6.325950540801835,sybORnEl,anti_homophones
21674,1,0,0,11,5,-9.483200506627876,9.483200506627876,silvital°m@,anti_homophones
21675,1,0,0,6,2,-6.27159484868895,6.27159484868895,degREZ,anti_homophones
21676,1,0,0,6,3,-5.212178779856892,5.212178779856892,l2semi,anti_homophones
21677,1,0,0,10,4,-9.672715177371447,9.672715177371447,taps5tagon,anti_homophones
21678,1,1,0,7,3,-6.731486543923282,6.731486543923282,skinize,anti_homophones
21679,1,0,1,7,2,-4.839559562283606,4.839559562283606,tRuvabl,anti_homophones
21680,1,0,0,6,3,-6.267508543490214,6.267508543490214,afyRj2,anti_homophones
21681,1,0,0,11,4,-11.208668131892694,11.208668131892694,kitOsfERtis,anti_homophones
21682,1,0,0,7,4,-8.494319851605537,8.494319851605537,gOeRize,anti_homophones
21683,1,0,0,7,2,-7.18864377553066,7.18864377553066,fwazjEn,anti_homophones
21684,1,0,0,6,2,-6.378571505155735,6.378571505155735,blokaR,anti_homophones
21685,1,0,0,9,3,-8.01934947351707,8.01934947351707,EspEksjOm,anti_homophones
21686,1,0,0,10,5,-6.2680411072193465,6.2680411072193465,selegal°m@,anti_homophones
21687,1,11,0,5,2,-5.139769636771551,5.139769636771551,manal,anti_homophones
21688,1,18,1,4,2,-4.6069036319066345,4.6069036319066345,kol@,anti_homophones
21689,1,2,0,5,2,-4.775472106153267,4.775472106153267,kutyR,anti_homophones
21690,1,0,0,7,2,-7.6398851182417875,7.6398851182417875,kaSmERk,anti_homophones
21691,1,0,0,7,3,-7.950539465786743,7.950539465786743,Sikot9j,anti_homophones
21692,1,0,0,8,3,-6.706764156541453,6.706764156541453,k§vEknik,anti_homophones
21693,1,17,0,4,2,-4.882463285494503,4.882463285494503,kal5,anti_homophones
21694,1,0,0,8,3,-6.816488839997274,6.816488839997274,pRevylna,anti_homophones
21695,1,4,0,5,2,-5.700462662420421,5.700462662420421,bRufi,anti_homophones
21696,1,2,0,7,3,-6.526764466854421,6.526764466854421,mekatik,anti_homophones
21697,1,14,0,4,2,-4.579963288014736,4.579963288014736,@t9R,anti_homophones
21698,1,7,0,4,1,-4.564611705792167,4.564611705792167,smik,anti_homophones
21699,1,2,1,6,3,-6.088335683361599,6.088335683361599,@tRemi,anti_homophones
21700,1,0,0,11,5,-11.247024148256491,11.247024148256491,paelatRopaZ,anti_homophones
21701,1,11,0,5,2,-5.397719360537766,5.397719360537766,abist,anti_homophones
21702,1,2,0,7,3,-6.190179939876945,6.190179939876945,R°fORma,anti_homophones
21703,1,0,0,8,4,-10.738373247227555,10.738373247227555,yRiv@d9R,anti_homophones
21704,1,0,0,6,3,-6.91633123314093,6.91633123314093,bakane,anti_homophones
21705,1,2,0,7,3,-7.15476988483141,7.15476988483141,taRaZ9R,anti_homophones
21706,1,9,0,4,2,-5.503804651037608,5.503804651037608,k§da,anti_homophones
21707,1,0,0,6,2,-6.037863557416594,6.037863557416594,kRijEm,anti_homophones
21708,1,7,0,7,3,-4.992049745797996,4.992049745797996,ORtasj§,anti_homophones
21709,1,13,1,4,2,-4.775852033639641,4.775852033639641,leSe,anti_homophones
21710,1,1,0,9,3,-7.044034482375295,7.044034482375295,maRdjat9R,anti_homophones
21711,1,0,0,7,3,-6.594476364081876,6.594476364081876,R°gaRnE,anti_homophones
21712,1,2,0,6,2,-6.941953099547458,6.941953099547458,spalj5,anti_homophones
21713,1,0,0,8,3,-6.1874956224319915,6.1874956224319915,maRistik,anti_homophones
21714,1,0,0,10,4,-10.868500502080645,10.868500502080645,defROspese,anti_homophones
21715,1,3,0,6,3,-5.32568247182932,5.32568247182932,opatik,anti_homophones
21716,1,1,0,6,3,-5.312980378703656,5.312980378703656,@fl°m@,anti_homophones
21717,1,0,0,8,4,-9.645310621496822,9.645310621496822,opORnaty,anti_homophones
21718,1,4,0,6,2,-6.21290920987045,6.21290920987045,sanabl,anti_homophones
21719,1,0,0,7,3,-7.333900778780028,7.333900778780028,OksijaR,anti_homophones
21720,1,2,0,8,4,-5.046658843294827,5.046658843294827,ynizasj§,anti_homophones
21721,1,3,0,6,3,-6.176587962694791,6.176587962694791,k§sida,anti_homophones
21722,1,0,0,10,4,-7.347497826870328,7.347497826870328,iRevERsist,anti_homophones
21723,1,1,0,4,2,-5.097539209960972,5.097539209960972,s5fo,anti_homophones
21724,1,0,0,9,4,-8.246661164627906,8.246661164627906,k§tEstaNE,anti_homophones
21725,1,0,0,7,3,-6.015012836075541,6.015012836075541,Radikyl,anti_homophones
21726,1,1,0,4,2,-5.143536556296973,5.143536556296973,pyS2,anti_homophones
21727,1,3,0,5,2,-4.523813572535479,4.523813572535479,R°pEt,anti_homophones
21728,1,2,0,7,3,-6.012740531448895,6.012740531448895,RepaRal,anti_homophones
21729,1,4,0,5,2,-4.494697676735156,4.494697676735156,bRyl@,anti_homophones
21730,1,0,0,7,3,-8.344504593201256,8.344504593201256,k§s@guR,anti_homophones
21731,1,1,0,9,4,-5.754590521061777,5.754590521061777,politasj§,anti_homophones
21732,1,0,0,10,4,-7.763929237933221,7.763929237933221,dezaRbonEl,anti_homophones
21733,1,0,0,6,2,-7.0943121306506445,7.0943121306506445,kuplad,anti_homophones
21734,1,0,0,8,3,-6.856065054423883,6.856065054423883,pl5tij9R,anti_homophones
21735,1,0,0,7,4,-8.660551387761174,8.660551387761174,eposilE,anti_homophones
21736,1,1,0,7,2,-7.933557602645029,7.933557602645029,pRepROf,anti_homophones
21737,1,0,0,11,4,-6.569614809303778,6.569614809303778,k§tR°plat9R,anti_homophones
21738,1,0,0,10,4,-9.409684435653102,9.409684435653102,soRjEl°tje,anti_homophones
21739,1,0,0,9,4,-8.91449865373975,8.91449865373975,k§Zygajal,anti_homophones
21740,1,12,0,4,1,-5.461660261673759,5.461660261673759,pRok,anti_homophones
21741,1,1,1,5,2,-6.157398989565403,6.157398989565403,viNER,anti_homophones
21742,1,0,0,6,3,-6.013478658916623,6.013478658916623,ipotEz,anti_homophones
21743,1,2,0,4,1,-6.5727072693608,6.5727072693608,klwi,anti_homophones
21744,1,19,1,3,2,-4.739839041375101,4.739839041375101,oR5,anti_homophones
21745,1,0,0,7,4,-8.018681356229632,8.018681356229632,yzyzeOl,anti_homophones
21746,1,0,0,5,2,-6.462976703622212,6.462976703622212,gR@Za,anti_homophones
21747,1,0,0,11,5,-11.680206974348815,11.680206974348815,ORmakimoRyR,anti_homophones
21748,1,0,0,7,3,-8.230169211318806,8.230169211318806,vigjeRo,anti_homophones
21749,1,0,0,7,3,-8.784898692983278,8.784898692983278,sibinil,anti_homophones
21750,1,1,0,6,2,-5.944273924691798,5.944273924691798,RepRim,anti_homophones
21751,1,9,0,4,1,-5.0007730285917535,5.0007730285917535,kwER,anti_homophones
21752,1,0,0,10,4,-9.971813707287447,9.971813707287447,falodizabl,anti_homophones
21753,1,0,0,5,2,-6.412756421109368,6.412756421109368,ORdam,anti_homophones
21754,1,0,0,10,4,-9.921412804149387,9.921412804149387,notwaRdize,anti_homophones
21755,1,15,0,3,2,-5.968484873278331,5.968484873278331,avy,anti_homophones
21756,1,2,0,5,2,-5.752902535945113,5.752902535945113,kosif,anti_homophones
21757,1,2,0,8,4,-5.436487755641978,5.436487755641978,R°val°m@,anti_homophones
21758,1,1,0,6,2,-6.510306923448299,6.510306923448299,bav9Rk,anti_homophones
21759,1,9,1,5,2,-4.635934782853637,4.635934782853637,kRule,anti_homophones
21760,1,3,0,7,3,-6.396025185160521,6.396025185160521,baREt9R,anti_homophones
21761,1,0,0,8,4,-9.014666957213041,9.014666957213041,tepiloz@,anti_homophones
21762,1,0,0,8,4,-9.335324878929997,9.335324878929997,omEtRipo,anti_homophones
21763,1,5,0,6,3,-5.370302626719681,5.370302626719681,mOS°m@,anti_homophones
21764,1,0,0,8,3,-8.131823497329478,8.131823497329478,flaSidj5,anti_homophones
21765,1,2,1,6,2,-5.893681074000658,5.893681074000658,klaRin,anti_homophones
21766,1,0,0,11,5,-9.586425550412898,9.586425550412898,@djologRafi,anti_homophones
21767,1,0,0,14,5,-13.164928340344508,13.164928340344508,otoglobEktRwaR,anti_homophones
21768,1,0,0,7,3,-5.8524315697370515,5.8524315697370515,@globys,anti_homophones
21769,1,0,0,7,3,-6.656118636228668,6.656118636228668,emOnjOm,anti_homophones
21770,1,2,0,8,3,-5.6668840416833035,5.6668840416833035,kRedasj§,anti_homophones
21771,1,1,0,4,2,-5.5118389211159124,5.5118389211159124,Zuba,anti_homophones
21772,1,0,0,9,4,-8.6327713076324,8.6327713076324,dekliv°te,anti_homophones
21773,1,7,0,6,2,-6.23544707401787,6.23544707401787,s8asj§,anti_homophones
21774,1,12,1,5,2,-4.245004136159685,4.245004136159685,fisj§,anti_homophones
21775,1,0,0,6,3,-5.422709565508885,5.422709565508885,asup9R,anti_homophones
21776,1,0,0,7,4,-6.4651315870053105,6.4651315870053105,maomete,anti_homophones
21777,1,8,0,4,2,-5.821108262103243,5.821108262103243,kRe@,anti_homophones
21778,1,2,0,7,3,-7.000580754348768,7.000580754348768,§tORtaZ,anti_homophones
21779,1,0,0,11,5,-6.822513422419085,6.822513422419085,vuvwaj2z°m@,anti_homophones
21780,1,0,0,10,5,-10.291100035557436,10.291100035557436,litivifeRe,anti_homophones
21781,1,3,0,6,3,-5.193231819115175,5.193231819115175,kaotik,anti_homophones
21782,1,0,0,8,3,-5.839867283533412,5.839867283533412,Revylsj§,anti_homophones
21783,1,18,0,4,2,-4.309091936528634,4.309091936528634,sape,anti_homophones
21784,1,0,0,10,5,-7.724361001548859,7.724361001548859,bujOnis°m@,anti_homophones
21785,1,0,0,12,5,-11.507303359763721,11.507303359763721,sinatytoplat,anti_homophones
21786,1,8,0,4,1,-5.248360940377627,5.248360940377627,gREv,anti_homophones
21787,1,4,0,6,3,-5.859064232090008,5.859064232090008,ReediR,anti_homophones
21788,1,2,0,6,2,-5.594747811221282,5.594747811221282,Sovizm,anti_homophones
21789,1,9,0,4,2,-4.971631310576953,4.971631310576953,patu,anti_homophones
21790,1,0,0,12,5,-10.907522836404615,10.907522836404615,sypERmaksoRa,anti_homophones
21791,1,7,1,4,1,-4.538903839654523,4.538903839654523,pl§Z,anti_homophones
21792,1,11,0,4,2,-5.098165986020334,5.098165986020334,bujo,anti_homophones
21793,1,1,1,7,3,-5.095055971461077,5.095055971461077,R°k8ite,anti_homophones
21794,1,0,0,6,2,-7.615012013637569,7.615012013637569,kosEks,anti_homophones
21795,1,0,0,10,5,-10.212616031954697,10.212616031954697,5dikabalaR,anti_homophones
21796,1,0,0,9,4,-7.806892079271879,7.806892079271879,ReZenetil,anti_homophones
21797,1,1,0,5,2,-5.85520958714197,5.85520958714197,limEt,anti_homophones
21798,1,0,0,8,4,-7.015655502084031,7.015655502084031,pRotoeR@,anti_homophones
21799,1,0,0,10,4,-8.3299038884334,8.3299038884334,dep@danwaR,anti_homophones
21800,1,0,0,9,4,-8.813199164581935,8.813199164581935,pomjeloka,anti_homophones
21801,1,9,0,6,2,-4.755827318725359,4.755827318725359,Rakt9R,anti_homophones
21802,1,0,0,8,3,-7.43784516619323,7.43784516619323,SjOlOZik,anti_homophones
21803,1,0,0,9,3,-9.506203256038287,9.506203256038287,planEkswE,anti_homophones
21804,1,2,0,9,4,-6.012268340127737,6.012268340127737,Rotizasj§,anti_homophones
21805,1,0,0,8,3,-7.007320505937274,7.007320505937274,eklORizm,anti_homophones
21806,1,19,0,3,1,-4.371481172106001,4.371481172106001,Rus,anti_homophones
21807,1,1,0,6,2,-5.474231782320002,5.474231782320002,medjEn,anti_homophones
21808,1,1,0,7,3,-8.756818165398254,8.756818165398254,Ras@bel,anti_homophones
21809,1,0,0,9,4,-7.356952317450481,7.356952317450481,deluglObi,anti_homophones
21810,1,0,0,12,4,-9.512140417856514,9.512140417856514,syks@tRatwaR,anti_homophones
21811,1,5,0,5,2,-5.546853364655204,5.546853364655204,sinat,anti_homophones
21812,1,3,0,5,2,-5.008721285522502,5.008721285522502,puRf@,anti_homophones
21813,1,0,0,12,5,-8.4293884356443,8.4293884356443,fleSiRyRasj§,anti_homophones
21814,1,5,0,5,2,-5.548599214175159,5.548599214175159,nERZe,anti_homophones
21815,1,0,0,12,5,-12.48254336754798,12.48254336754798,desysolaRj9R,anti_homophones
21816,1,2,0,5,3,-4.617578016499545,4.617578016499545,koeR@,anti_homophones
21817,1,9,1,4,2,-5.442264902244465,5.442264902244465,aRs5,anti_homophones
21818,1,0,0,9,4,-6.6611614745566134,6.6611614745566134,disjonite,anti_homophones
21819,1,0,0,11,5,-9.86927176630947,9.86927176630947,ZERz5tOn°m@,anti_homophones
21820,1,23,0,3,1,-4.7426993940772935,4.7426993940772935,Riv,anti_homophones
21821,1,1,0,8,4,-6.323348936369996,6.323348936369996,5tRav°m@,anti_homophones
21822,1,2,0,5,2,-5.450880514491079,5.450880514491079,pRep§,anti_homophones
21823,1,3,0,4,2,-4.77633572798642,4.77633572798642,ORg§,anti_homophones
21824,1,0,0,8,2,-8.901965649305868,8.901965649305868,vj@djakl,anti_homophones
21825,1,0,0,7,3,-8.857446541793792,8.857446541793792,dilyRis,anti_homophones
21826,1,0,0,9,4,-7.924867180721192,7.924867180721192,k§padERme,anti_homophones
21827,1,0,0,9,4,-7.801488331645557,7.801488331645557,ipogRatal,anti_homophones
21828,1,4,1,4,2,-5.138986371292657,5.138986371292657,peiz,anti_homophones
21829,1,14,0,5,3,-4.640573715174472,4.640573715174472,epite,anti_homophones
21830,1,0,0,12,4,-11.901475415428564,11.901475415428564,Zwz9vRabasj§,anti_homophones
21831,1,0,0,10,4,-8.797434923866087,8.797434923866087,R°pERmonj2,anti_homophones
21832,1,5,0,5,2,-5.606631679870906,5.606631679870906,Rizj§,anti_homophones
21833,1,1,1,5,2,-5.723605676122302,5.723605676122302,bRag§,anti_homophones
21834,1,4,0,8,3,-6.291312685478599,6.291312685478599,mekRasj§,anti_homophones
21835,1,7,1,4,2,-4.350900615288207,4.350900615288207,ReEl,anti_homophones
21836,1,0,0,7,3,-6.013448128646605,6.013448128646605,R@bwam@,anti_homophones
21837,1,16,1,4,2,-5.014210902092041,5.014210902092041,Roti,anti_homophones
21838,1,5,0,4,2,-5.003972894469058,5.003972894469058,tij@,anti_homophones
21839,1,0,0,11,5,-9.615678826685658,9.615678826685658,pEkteRegyle,anti_homophones
21840,1,1,0,5,2,-6.771969123717278,6.771969123717278,@vj2z,anti_homophones
21841,1,6,0,5,2,-5.633524516492393,5.633524516492393,papad,anti_homophones
21842,1,2,0,4,2,-7.252027085278464,7.252027085278464,§sil,anti_homophones
21843,1,0,0,6,4,-6.852891027241877,6.852891027241877,ayRis§,anti_homophones
21844,1,0,0,9,4,-8.972695051371335,8.972695051371335,sikosinaZ,anti_homophones
21845,1,0,0,8,3,-7.665261696092031,7.665261696092031,buRbijOt,anti_homophones
21846,1,0,0,11,4,-10.494109501738441,10.494109501738441,gwam@tERfOR,anti_homophones
21847,1,2,0,9,4,-5.7686856227403185,5.7686856227403185,Radinasj§,anti_homophones
21848,1,1,1,6,3,-5.285596099007948,5.285596099007948,fym°le,anti_homophones
21849,1,2,1,6,3,-5.578587138299796,5.578587138299796,5k§plE,anti_homophones
21850,1,0,0,6,3,-5.561884138997229,5.561884138997229,kapyl2,anti_homophones
21851,1,1,0,6,2,-5.814044029357984,5.814044029357984,inEkst,anti_homophones
21852,1,1,0,6,2,-4.939921693014016,4.939921693014016,gR°nje,anti_homophones
21853,1,4,0,5,2,-5.525641133917367,5.525641133917367,fORmE,anti_homophones
21854,1,7,0,4,2,-4.821539171076434,4.821539171076434,baz5,anti_homophones
21855,1,3,0,6,3,-5.481290455738196,5.481290455738196,k§kyl@,anti_homophones
21856,1,0,0,11,5,-8.644866046119796,8.644866046119796,ORbatoloZik,anti_homophones
21857,1,1,0,6,2,-6.213710261088469,6.213710261088469,tR@kyn,anti_homophones
21858,1,5,0,5,2,-7.3251696114017735,7.3251696114017735,vEsaZ,anti_homophones
21859,1,2,1,5,2,-5.203398072678291,5.203398072678291,fl@b5,anti_homophones
21860,1,3,0,4,2,-4.840460766046864,4.840460766046864,kiwi,anti_homophones
21861,1,0,0,8,3,-7.478500818710537,7.478500818710537,EkstERp5,anti_homophones
21862,1,3,0,5,3,-4.8532108172215604,4.8532108172215604,2fone,anti_homophones
21863,1,0,0,7,3,-7.765585719654085,7.765585719654085,paRanjE,anti_homophones
21864,1,0,0,11,4,-10.909262437587488,10.909262437587488,kRwadiskati,anti_homophones
21865,1,1,0,8,3,-5.532870751672743,5.532870751672743,k§fORm9R,anti_homophones
21866,1,0,0,8,3,-6.542801689444621,6.542801689444621,aRbonabl,anti_homophones
21867,1,5,0,6,2,-5.275463691317154,5.275463691317154,kRus9R,anti_homophones
21868,1,2,0,7,3,-5.172025545443173,5.172025545443173,paRtize,anti_homophones
21869,1,5,0,4,1,-5.5528789851801355,5.5528789851801355,Sink,anti_homophones
21870,1,0,0,7,3,-8.300367616886602,8.300367616886602,5gystR2,anti_homophones
21871,1,0,0,7,4,-6.184665150324165,6.184665150324165,5teleR2,anti_homophones
21872,1,0,0,10,4,-9.197935197395692,9.197935197395692,ofR@gyljER,anti_homophones
21873,1,3,0,6,2,-4.994072660938384,4.994072660938384,nevRiR,anti_homophones
21874,1,3,0,6,3,-4.998418923196101,4.998418923196101,desam@,anti_homophones
21875,1,0,0,7,3,-9.73853963128603,9.73853963128603,OjstiRe,anti_homophones
21876,1,7,0,4,2,-6.495132276875524,6.495132276875524,ZaZe,anti_homophones
21877,1,0,0,10,5,-8.384985515067092,8.384985515067092,atRijot°Ri,anti_homophones
21878,1,5,0,4,2,-5.159714143944413,5.159714143944413,musa,anti_homophones
21879,1,1,0,7,3,-5.231165943132385,5.231165943132385,kuvRije,anti_homophones
21880,1,0,0,14,5,-12.150971997837438,12.150971997837438,gRafotospEktaZ,anti_homophones
21881,1,0,0,11,4,-9.192300262726475,9.192300262726475,n2Rospastik,anti_homophones
21882,1,0,0,10,4,-7.132571461772774,7.132571461772774,EkskylER9R,anti_homophones
21883,1,3,0,7,3,-5.58640682890749,5.58640682890749,bRus°m@,anti_homophones
21884,1,0,0,11,4,-8.924949503451776,8.924949503451776,kaR@skRim9R,anti_homophones
21885,1,1,0,7,3,-5.6572474072839976,5.6572474072839976,vak8aZe,anti_homophones
21886,1,0,0,9,3,-8.420804236227236,8.420804236227236,dOktyRlyS,anti_homophones
21887,1,1,0,6,2,-6.574336639300555,6.574336639300555,buvRij,anti_homophones
21888,1,0,0,11,5,-8.384171302198997,8.384171302198997,dematisfeR@,anti_homophones
21889,1,0,0,8,4,-8.305518554285948,8.305518554285948,uvRaZ9nE,anti_homophones
21890,1,2,0,5,2,-5.134321641772618,5.134321641772618,bazuj,anti_homophones
21891,1,0,0,10,5,-8.879307857533929,8.879307857533929,5k§sisjoni,anti_homophones
21892,1,0,0,6,3,-6.705204425566551,6.705204425566551,ZiROne,anti_homophones
21893,1,0,0,6,3,-6.645337446646988,6.645337446646988,izotOm,anti_homophones
21894,1,0,0,9,4,-6.900614720863873,6.900614720863873,Rubibl°m@,anti_homophones
21895,1,0,0,9,4,-8.388690604972247,8.388690604972247,Radjofoko,anti_homophones
21896,1,0,0,10,5,-9.577696720610174,9.577696720610174,atR2mysite,anti_homophones
21897,1,0,0,7,3,-8.683193802919343,8.683193802919343,dezil8@,anti_homophones
21898,1,2,0,5,2,-5.380852165102325,5.380852165102325,gazut,anti_homophones
21899,1,0,0,12,5,-7.455897950437802,7.455897950437802,faRmonj2z°m@,anti_homophones
21900,1,0,0,9,3,-6.608790594198725,6.608790594198725,k°vlaksj§,anti_homophones
21901,1,0,0,8,3,-7.901866505098931,7.901866505098931,sustetik,anti_homophones
21902,1,0,0,10,5,-11.254436101097252,11.254436101097252,posEl°t@d@,anti_homophones
21903,1,0,0,13,5,-11.671197157232914,11.671197157232914,fl@kof§diskOl,anti_homophones
21904,1,22,0,4,2,-5.122817142494162,5.122817142494162,fite,anti_homophones
21905,1,0,0,6,3,-6.579319541423917,6.579319541423917,p§pise,anti_homophones
21906,1,1,0,8,3,-6.251548581145702,6.251548581145702,k§fORmiR,anti_homophones
21907,1,7,0,3,2,-4.895028005326791,4.895028005326791,Ofi,anti_homophones
21908,1,0,0,9,3,-8.074576128448992,8.074576128448992,p5s§pt8El,anti_homophones
21909,1,0,0,10,4,-7.123469037216583,7.123469037216583,degosjonal,anti_homophones
21910,1,0,0,9,3,-10.656280405463804,10.656280405463804,topaZoRdR,anti_homophones
21911,1,2,0,6,3,-6.773512609572962,6.773512609572962,bezote,anti_homophones
21912,1,1,0,6,3,-5.805091719353936,5.805091719353936,lib°l5,anti_homophones
21913,1,1,1,6,3,-5.642012740198198,5.642012740198198,ekupaZ,anti_homophones
21914,1,0,0,9,4,-9.653734729129518,9.653734729129518,p@kRes°la,anti_homophones
21915,1,11,1,6,3,-4.734344690560209,4.734344690560209,pEs°m@,anti_homophones
21916,1,3,0,5,2,-4.478221500818845,4.478221500818845,an8El,anti_homophones
21917,1,0,0,8,3,-7.813984537844832,7.813984537844832,pRoletyR,anti_homophones
21918,1,3,1,6,3,-5.271257807635902,5.271257807635902,kyRize,anti_homophones
21919,1,1,0,7,3,-6.385469574272562,6.385469574272562,Egzisto,anti_homophones
21920,1,1,0,9,4,-6.738364593812479,6.738364593812479,opRogRafi,anti_homophones
21921,1,0,0,8,4,-10.123477873950522,10.123477873950522,efebReER,anti_homophones
21922,1,0,0,11,4,-10.867052562994068,10.867052562994068,malkOltaizm,anti_homophones
21923,1,9,1,3,2,-4.656531225628887,4.656531225628887,Ej§,anti_homophones
21924,1,0,0,10,3,-9.895894778592666,9.895894778592666,pRozabl9Rn,anti_homophones
21925,1,0,0,9,4,-6.6877805380910065,6.6877805380910065,R°gRegym@,anti_homophones
21926,1,3,0,5,2,-5.51253317165432,5.51253317165432,vetin,anti_homophones
21927,1,0,0,8,3,-8.254967033500321,8.254967033500321,fludit9R,anti_homophones
21928,1,0,0,12,4,-14.274849522723992,14.274849522723992,pustjastafom,anti_homophones
21929,1,3,0,6,2,-5.046011269435154,5.046011269435154,k§sjEl,anti_homophones
21930,1,7,0,5,2,-4.615411773697146,4.615411773697146,aRtaZ,anti_homophones
21931,1,1,0,7,3,-6.213568073969354,6.213568073969354,syRtize,anti_homophones
21932,1,0,0,10,4,-9.777657557921252,9.777657557921252,sERtynistu,anti_homophones
21933,1,5,0,4,1,-5.20868832608191,5.20868832608191,REjs,anti_homophones
21934,1,1,0,4,2,-5.3596869046186,5.3596869046186,tukE,anti_homophones
21935,1,0,0,12,5,-8.140780073400803,8.140780073400803,fRaktivid°m@,anti_homophones
21936,1,2,0,6,2,-5.463911712532341,5.463911712532341,kRijaR,anti_homophones
21937,1,0,0,7,3,-6.3628457166435926,6.3628457166435926,djabote,anti_homophones
21938,1,1,0,8,3,-6.820286353638034,6.820286353638034,bR§SitEk,anti_homophones
21939,1,0,0,9,4,-8.53604021890038,8.53604021890038,s5d§tonik,anti_homophones
21940,1,13,1,5,2,-4.428455640889819,4.428455640889819,kaRne,anti_homophones
21941,1,3,0,7,2,-6.087169012776416,6.087169012776416,kRomn9R,anti_homophones
21942,1,0,0,11,5,-10.198211468862121,10.198211468862121,n2RasiminaZ,anti_homophones
21943,1,1,0,7,3,-6.8455817079364065,6.8455817079364065,ResifOR,anti_homophones
21944,1,14,1,4,2,-4.772485069326024,4.772485069326024,deba,anti_homophones
21945,1,0,0,10,4,-8.416344328592254,8.416344328592254,deplymeRyR,anti_homophones
21946,1,0,0,9,4,-9.475817066760412,9.475817066760412,ekRiteRas,anti_homophones
21947,1,0,0,11,5,-10.7768032091715,10.7768032091715,5stivematif,anti_homophones
21948,1,1,0,5,2,-5.292865794897125,5.292865794897125,lyks5,anti_homophones
21949,1,5,0,4,2,-5.241752791356267,5.241752791356267,b§bi,anti_homophones
21950,1,3,0,6,3,-6.119906222936567,6.119906222936567,desoRe,anti_homophones
21951,1,0,0,8,3,-7.316261859887004,7.316261859887004,Z9nkERaZ,anti_homophones
21952,1,7,1,6,3,-4.97100655596177,4.97100655596177,solize,anti_homophones
21953,1,0,0,14,5,-15.556179600803775,15.556179600803775,detR@spaRazits,anti_homophones
21954,1,0,0,7,3,-6.6996259397188,6.6996259397188,golteRe,anti_homophones
21955,1,0,0,10,4,-9.130391334967014,9.130391334967014,katistit8e,anti_homophones
21956,1,0,0,6,2,-7.452355976537324,7.452355976537324,negloz,anti_homophones
21957,1,19,0,3,1,-4.326215820820951,4.326215820820951,vaS,anti_homophones
21958,1,1,0,9,4,-5.969066732583595,5.969066732583595,ORtizasj§,anti_homophones
21959,1,0,0,7,3,-5.983599746426357,5.983599746426357,sapotaZ,anti_homophones
21960,1,0,0,6,2,-6.29021177240254,6.29021177240254,pjupje,anti_homophones
21961,1,0,0,6,2,-6.563912666409229,6.563912666409229,spedEl,anti_homophones
21962,1,0,0,8,3,-5.889740591948649,5.889740591948649,fRagasj§,anti_homophones
21963,1,1,0,5,3,-6.675585318210058,6.675585318210058,iRoki,anti_homophones
21964,1,0,0,8,3,-7.294652678507241,7.294652678507241,medylabl,anti_homophones
21965,1,0,0,6,3,-5.758904199969647,5.758904199969647,Os°l9R,anti_homophones
21966,1,6,0,5,2,-5.453662301750302,5.453662301750302,delj5,anti_homophones
21967,1,0,0,9,4,-8.125743931968627,8.125743931968627,fR@Zelime,anti_homophones
21968,1,9,0,5,2,-5.252902468887743,5.252902468887743,s@tER,anti_homophones
21969,1,0,0,10,4,-9.103365666619965,9.103365666619965,t5tyRl°kEl,anti_homophones
21970,1,0,0,7,3,-8.125797134525792,8.125797134525792,akRimwE,anti_homophones
21971,1,7,0,6,2,-5.1314417929934315,5.1314417929934315,spORte,anti_homophones
21972,1,3,0,4,2,-6.606742498573174,6.606742498573174,poNE,anti_homophones
21973,1,0,0,8,4,-6.507998557416173,6.507998557416173,libeRape,anti_homophones
21974,1,0,0,8,3,-8.479785819510418,8.479785819510418,seRapjaf,anti_homophones
21975,1,5,0,5,1,-5.2160458913802294,5.2160458913802294,pR@dR,anti_homophones
21976,1,0,0,11,3,-10.664050624946734,10.664050624946734,maRtRospEps,anti_homophones
21977,1,0,0,8,4,-6.224109505852987,6.224109505852987,oRikat9R,anti_homophones
21978,1,0,0,9,4,-6.968007445003429,6.968007445003429,5tERminiR,anti_homophones
21979,1,0,0,7,3,-6.968399912265649,6.968399912265649,REsyREl,anti_homophones
21980,1,0,0,9,3,-6.942324443565186,6.942324443565186,R§flyksj§,anti_homophones
21981,1,1,0,6,2,-7.1143372022932905,7.1143372022932905,dRodik,anti_homophones
21982,1,0,0,6,2,-8.596174748923074,8.596174748923074,todROn,anti_homophones
21983,1,0,0,12,5,-8.45544678827391,8.45544678827391,ObnegRizasj§,anti_homophones
21984,1,2,0,9,4,-6.034174925561572,6.034174925561572,feneRasj§,anti_homophones
21985,1,0,0,7,3,-6.258712474393666,6.258712474393666,tR§p2z@,anti_homophones
21986,1,0,0,11,4,-8.125899450071204,8.125899450071204,s5bjomanizm,anti_homophones
21987,1,0,0,6,2,-5.237728516112638,5.237728516112638,f§dabl,anti_homophones
21988,1,1,0,6,3,-6.165703868622118,6.165703868622118,opedik,anti_homophones
21989,1,3,0,5,2,-5.024701773355423,5.024701773355423,navaZ,anti_homophones
21990,1,3,0,6,2,-5.193443988559404,5.193443988559404,plas9R,anti_homophones
21991,1,0,0,7,1,-7.689864481218295,7.689864481218295,spERstR,anti_homophones
21992,1,0,0,6,3,-7.301775242255764,7.301775242255764,5talZi,anti_homophones
21993,1,2,0,8,3,-6.738312044407505,6.738312044407505,gosjonal,anti_homophones
21994,1,1,0,4,2,-5.573559134470297,5.573559134470297,id@Z,anti_homophones
21995,1,0,0,13,5,-10.388132793734883,10.388132793734883,k§vEksplikal@,anti_homophones
21996,1,0,0,6,3,-7.916542614534028,7.916542614534028,naRimo,anti_homophones
21997,1,22,1,4,2,-4.3412644759864065,4.3412644759864065,aRke,anti_homophones
21998,1,2,0,6,2,-6.314296635268054,6.314296635268054,gRotEk,anti_homophones
21999,1,1,0,7,3,-7.720190071972086,7.720190071972086,okaRj9R,anti_homophones
22000,1,7,1,5,2,-4.989069785487036,4.989069785487036,Rezj5,anti_homophones
22001,1,0,0,7,3,-9.670457906136749,9.670457906136749,tuplEt2,anti_homophones
22002,1,24,0,2,1,-4.570798192429703,4.570798192429703,il,anti_homophones
22003,1,1,0,5,2,-4.857142523786951,4.857142523786951,m2gle,anti_homophones
22004,1,1,0,5,2,-5.441488564876004,5.441488564876004,kolys,anti_homophones
22005,1,0,0,7,4,-7.356936736972955,7.356936736972955,@baRab5,anti_homophones
22006,1,0,0,9,3,-7.079270714664578,7.079270714664578,s5kRwazEl,anti_homophones
22007,1,1,0,7,2,-5.2173173301022056,5.2173173301022056,fR@Sizm,anti_homophones
22008,1,0,0,7,3,-5.685720233184515,5.685720233184515,EgzORb@,anti_homophones
22009,1,0,0,11,4,-10.525031472841277,10.525031472841277,selEkdOksin,anti_homophones
22010,1,0,0,11,5,-8.700058913805162,8.700058913805162,manizasjEl2,anti_homophones
22011,1,1,0,7,4,-5.72421749154261,5.72421749154261,5kom@de,anti_homophones
22012,1,7,1,6,2,-4.370827763740698,4.370827763740698,somEtR,anti_homophones
22013,1,0,0,4,2,-5.7016141593877006,5.7016141593877006,nod§,anti_homophones
22014,1,0,0,6,2,-7.398173602719137,7.398173602719137,dRatad,anti_homophones
22015,1,0,0,7,3,-8.198951100938192,8.198951100938192,misERna,anti_homophones
22016,1,9,1,4,2,-4.424654047831791,4.424654047831791,@fER,anti_homophones
22017,1,5,0,4,2,-5.12349177194831,5.12349177194831,ivwa,anti_homophones
22018,1,0,0,10,4,-9.867704558627748,9.867704558627748,difORsenal,anti_homophones
22019,1,1,0,6,3,-6.776390327713298,6.776390327713298,@tibl°,anti_homophones
22020,1,0,0,6,3,-6.556120571367779,6.556120571367779,filoma,anti_homophones
22021,1,28,1,3,1,-4.595996831020724,4.595996831020724,lid,anti_homophones
22022,1,0,0,11,5,-12.133224822222267,12.133224822222267,sidikapitoR,anti_homophones
22023,1,18,1,3,1,-4.436420411524083,4.436420411524083,afR,anti_homophones
22024,1,0,0,8,4,-9.520280085796992,9.520280085796992,atRilala,anti_homophones
22025,1,0,0,9,4,-9.02947581156544,9.02947581156544,patinjazi,anti_homophones
22026,1,4,0,4,2,-5.355958423945932,5.355958423945932,odin,anti_homophones
22027,1,0,0,6,3,-7.4518411994323595,7.4518411994323595,dozit@,anti_homophones
22028,1,10,0,7,3,-5.130231277366651,5.130231277366651,fizasj§,anti_homophones
22029,1,4,0,7,3,-6.075022194988564,6.075022194988564,aRSasj§,anti_homophones
22030,1,1,0,4,2,-5.166177852239821,5.166177852239821,mygE,anti_homophones
22031,1,0,0,11,3,-9.857174684196437,9.857174684196437,ReflEktRint,anti_homophones
22032,1,0,0,7,4,-7.097910695622695,7.097910695622695,@vut°nE,anti_homophones
22033,1,0,0,6,3,-6.913299330494445,6.913299330494445,akREz§,anti_homophones
22034,1,0,0,8,3,-6.789630138083886,6.789630138083886,m§tEstik,anti_homophones
22035,1,0,0,8,3,-8.400453362677705,8.400453362677705,kok8isin,anti_homophones
22036,1,1,0,5,2,-5.969865330659875,5.969865330659875,spEn§,anti_homophones
22037,1,0,0,6,3,-6.837117154507959,6.837117154507959,efinat,anti_homophones
22038,1,5,0,6,2,-5.180841426066803,5.180841426066803,apstik,anti_homophones
22039,1,0,0,8,4,-8.543336188329947,8.543336188329947,akOtORSe,anti_homophones
22040,1,11,0,4,1,-5.536391715466453,5.536391715466453,tREv,anti_homophones
22041,1,0,0,7,4,-7.041283743226862,7.041283743226862,Rapideo,anti_homophones
22042,1,4,0,7,3,-4.4680341162150405,4.4680341162150405,pERs°m@,anti_homophones
22043,1,5,0,5,2,-5.138541042253337,5.138541042253337,pORt§,anti_homophones
22044,1,1,0,6,3,-6.378529436206828,6.378529436206828,ivwal§,anti_homophones
22045,1,2,0,6,3,-6.573627596482456,6.573627596482456,eRopOd,anti_homophones
22046,1,2,0,6,2,-5.812763678276308,5.812763678276308,metRom,anti_homophones
22047,1,0,0,7,3,-5.565336163564513,5.565336163564513,diplije,anti_homophones
22048,1,0,0,8,4,-9.351900962916957,9.351900962916957,@kolemit,anti_homophones
22049,1,0,0,5,2,-6.1654278482912135,6.1654278482912135,kybja,anti_homophones
22050,1,4,0,4,2,-6.825908387154785,6.825908387154785,guvo,anti_homophones
22051,1,6,1,5,2,-4.589278600908749,4.589278600908749,pl@te,anti_homophones
22052,1,0,0,10,3,-9.463234410393161,9.463234410393161,s8ikastRyk,anti_homophones
22053,1,17,1,3,1,-4.375147694223614,4.375147694223614,glE,anti_homophones
22054,1,0,0,9,3,-9.75182271549359,9.75182271549359,bwatmolOg,anti_homophones
22055,1,5,0,6,3,-6.721850930120686,6.721850930120686,syZ°m@,anti_homophones
22056,1,0,0,8,4,-8.269045857226235,8.269045857226235,RonoloZe,anti_homophones
22057,1,0,0,11,5,-9.735807250388717,9.735807250388717,@fitylinist,anti_homophones
22058,1,11,1,4,2,-4.774593324135599,4.774593324135599,apRi,anti_homophones
22059,1,23,0,1,1,-4.567283187270229,4.567283187270229,@,anti_homophones
22060,1,0,0,10,4,-8.315130147547517,8.315130147547517,migR°nuvER,anti_homophones
22061,1,0,0,7,3,-6.674797777508974,6.674797777508974,fR@kada,anti_homophones
22062,1,0,0,7,3,-7.628031195516267,7.628031195516267,Rokylta,anti_homophones
22063,1,7,1,5,2,-4.613645637318828,4.613645637318828,solik,anti_homophones
22064,1,0,0,8,3,-6.462989287699079,6.462989287699079,p§paRabl,anti_homophones
22065,1,0,0,7,3,-6.8322434388296935,6.8322434388296935,fuRnike,anti_homophones
22066,1,4,0,5,2,-5.06363181212401,5.06363181212401,stype,anti_homophones
22067,1,0,0,7,3,-7.184579735192379,7.184579735192379,mulafm@,anti_homophones
22068,1,0,0,7,3,-7.1608883518168405,7.1608883518168405,balopat,anti_homophones
22069,1,8,1,5,3,-4.88703776483861,4.88703776483861,os°m@,anti_homophones
22070,1,0,0,10,4,-7.846888555219193,7.846888555219193,plyvjoloSe,anti_homophones
22071,1,0,0,12,5,-11.523000965808334,11.523000965808334,mekolapsylti,anti_homophones
22072,1,5,0,5,2,-5.14766332871396,5.14766332871396,pasit,anti_homophones
22073,1,6,0,4,2,-4.751170841955176,4.751170841955176,p°lo,anti_homophones
22074,1,13,1,4,2,-4.876281275079587,4.876281275079587,diz@,anti_homophones
22075,1,21,1,5,2,-4.015448084648594,4.015448084648594,lat9R,anti_homophones
22076,1,0,0,9,4,-9.423643512425635,9.423643512425635,ynjORkije,anti_homophones
22077,1,3,0,7,2,-4.897325015667859,4.897325015667859,paRtabl,anti_homophones
22078,1,0,0,9,4,-7.7802372757803955,7.7802372757803955,5pERfiRm@,anti_homophones
22079,1,3,0,6,2,-5.7604493512757475,5.7604493512757475,syptyR,anti_homophones
22080,1,0,0,8,3,-7.260802930196682,7.260802930196682,glavaRje,anti_homophones
22081,1,0,0,8,3,-6.249398954183388,6.249398954183388,disZ§kte,anti_homophones
22082,1,0,0,9,4,-10.344902302647201,10.344902302647201,R°f9jetyv,anti_homophones
22083,1,4,0,5,2,-5.3876535651089394,5.3876535651089394,labRe,anti_homophones
22084,1,0,0,9,3,-7.369634673070632,7.369634673070632,gRavEksj§,anti_homophones
22085,1,0,0,8,3,-8.08383187916105,8.08383187916105,mesERp@t,anti_homophones
22086,1,1,0,8,3,-8.482254381253414,8.482254381253414,Rusonizm,anti_homophones
22087,1,15,0,3,1,-4.508726843218375,4.508726843218375,dut,anti_homophones
22088,1,4,0,4,2,-7.017178313178385,7.017178313178385,nOni,anti_homophones
22089,1,2,0,7,3,-6.304388176983052,6.304388176983052,favokal,anti_homophones
22090,1,0,0,11,4,-8.918902006750349,8.918902006750349,dekuplesizm,anti_homophones
22091,1,0,0,6,3,-8.251994915934873,8.251994915934873,sakuS@,anti_homophones
22092,1,0,0,7,3,-7.625501921199009,7.625501921199009,but@s9R,anti_homophones
22093,1,13,0,5,2,-4.818723845304568,4.818723845304568,taRje,anti_homophones
22094,1,6,0,4,2,-4.844828781858262,4.844828781858262,afly,anti_homophones
22095,1,3,0,6,3,-5.382443207463512,5.382443207463512,salam@,anti_homophones
22096,1,6,0,5,3,-5.477974848396081,5.477974848396081,adomi,anti_homophones
22097,1,8,1,5,2,-4.532229437781979,4.532229437781979,etwaR,anti_homophones
22098,1,0,0,11,5,-7.553116276925284,7.553116276925284,Ratizabl°m@,anti_homophones
22099,1,2,0,5,2,-5.300954941743752,5.300954941743752,@klOR,anti_homophones
22100,1,0,0,9,4,-8.462826016691452,8.462826016691452,5feRalZik,anti_homophones
22101,1,8,0,5,2,-5.710087444531024,5.710087444531024,diRik,anti_homophones
22102,1,9,0,5,2,-5.778140349689219,5.778140349689219,kotaR,anti_homophones
22103,1,0,0,7,3,-6.252189493736621,6.252189493736621,nofisj§,anti_homophones
22104,1,0,0,8,4,-8.439880175733526,8.439880175733526,ipotRim@,anti_homophones
22105,1,4,0,5,2,-7.760683950317986,7.760683950317986,kiv9R,anti_homophones
22106,1,0,0,12,5,-12.598995123332294,12.598995123332294,demjokROmade,anti_homophones
22107,1,8,0,5,3,-5.145198557610451,5.145198557610451,@tile,anti_homophones
22108,1,1,0,8,4,-5.987819226999241,5.987819226999241,sagaZ°m@,anti_homophones
22109,1,21,0,3,1,-4.089953345934187,4.089953345934187,p@t,anti_homophones
22110,1,1,0,8,4,-5.768808467695543,5.768808467695543,Retiv°m@,anti_homophones
22111,1,6,0,5,2,-4.5482525904938145,4.5482525904938145,s5tER,anti_homophones
22112,1,22,0,4,2,-4.289198966102751,4.289198966102751,mala,anti_homophones
22113,1,0,0,11,4,-11.249544258040789,11.249544258040789,defibRostab,anti_homophones
22114,1,0,0,8,3,-6.353240903432449,6.353240903432449,n2tRatik,anti_homophones
22115,1,0,0,8,3,-6.41980177766138,6.41980177766138,elEkspOR,anti_homophones
22116,1,0,0,9,3,-6.6077309034042075,6.6077309034042075,EksjOnizm,anti_homophones
22117,1,10,0,5,2,-4.768635682904836,4.768635682904836,kalit,anti_homophones
22118,1,0,0,12,5,-11.919094168270977,11.919094168270977,mwazERbokul@,anti_homophones
22119,1,0,0,7,3,-6.3564651824315455,6.3564651824315455,sypefal,anti_homophones
22120,1,0,0,9,4,-9.060220373934722,9.060220373934722,eklap°R9j,anti_homophones
22121,1,8,0,5,2,-5.4994500360907175,5.4994500360907175,swaRe,anti_homophones
22122,1,0,0,8,4,-8.524022117056443,8.524022117056443,Ost@tide,anti_homophones
22123,1,10,0,5,2,-4.978313313648822,4.978313313648822,tisj§,anti_homophones
22124,1,0,0,10,4,-7.535823034089692,7.535823034089692,EgzamORdaZ,anti_homophones
22125,1,0,0,8,3,-7.370462178948715,7.370462178948715,kalpabin,anti_homophones
22126,1,5,0,6,3,-4.851971333654676,4.851971333654676,k§side,anti_homophones
22127,1,0,0,11,5,-11.229495863676082,11.229495863676082,vERbasijam@,anti_homophones
22128,1,1,0,6,2,-5.504498508595633,5.504498508595633,tR@ski,anti_homophones
22129,1,7,0,6,2,-4.727195889864707,4.727195889864707,kRatif,anti_homophones
22130,1,0,0,6,2,-5.955547008886921,5.955547008886921,REdlOR,anti_homophones
22131,1,13,0,4,2,-5.698913302564669,5.698913302564669,lemi,anti_homophones
22132,1,2,0,6,3,-6.733793049365589,6.733793049365589,bok§d@,anti_homophones
22133,1,0,0,13,5,-12.884004568751651,12.884004568751651,s5paRtaRtREn@,anti_homophones
22134,1,1,0,5,2,-6.227364334082324,6.227364334082324,nydas,anti_homophones
22135,1,0,0,9,4,-8.490217057758121,8.490217057758121,makRatole,anti_homophones
22136,1,26,1,3,1,-4.273393814309486,4.273393814309486,siv,anti_homophones
22137,1,0,0,8,4,-6.996161195669825,6.996161195669825,oRabilit,anti_homophones
22138,1,21,0,5,2,-4.651096720507433,4.651096720507433,alist,anti_homophones
22139,1,1,0,6,3,-6.745585799932051,6.745585799932051,igRama,anti_homophones
22140,1,0,0,9,4,-7.797992372225481,7.797992372225481,tR@S°mino,anti_homophones
22141,1,1,0,8,3,-7.664347145773373,7.664347145773373,aRmeRizm,anti_homophones
22142,1,2,1,6,3,-5.44973663079686,5.44973663079686,debuSi,anti_homophones
22143,1,7,0,4,2,-4.97661444102417,4.97661444102417,@sje,anti_homophones
22144,1,0,0,11,4,-9.97375911996757,9.97375911996757,pwas2lasist,anti_homophones
22145,1,11,0,3,1,-4.514453767874302,4.514453767874302,adZ,anti_homophones
22146,1,0,0,8,3,-8.410233720081969,8.410233720081969,ptik°t9R,anti_homophones
22147,1,0,0,8,4,-8.250946610374363,8.250946610374363,R°tyR°te,anti_homophones
22148,1,2,0,4,1,-5.576711008332418,5.576711008332418,tSiS,anti_homophones
22149,1,15,0,4,2,-6.319062281910943,6.319062281910943,fily,anti_homophones
22150,1,0,0,8,4,-7.4136832328382445,7.4136832328382445,OsteRiz@,anti_homophones
22151,1,3,0,5,2,-5.679829068450634,5.679829068450634,bR@Sy,anti_homophones
22152,1,0,0,9,4,-9.964945480633961,9.964945480633961,v@dalaks@,anti_homophones
22153,1,0,0,7,3,-8.429518240565548,8.429518240565548,laRiski,anti_homophones
22154,1,0,0,11,4,-10.385999804887513,10.385999804887513,toRastisjal,anti_homophones
22155,1,0,0,9,4,-7.939165194020327,7.939165194020327,Z@baRatik,anti_homophones
22156,1,1,0,6,3,-7.188645195621573,7.188645195621573,5gRati,anti_homophones
22157,1,0,0,9,5,-9.39782185450873,9.39782185450873,ymiNoR@t5,anti_homophones
22158,1,1,0,8,3,-5.860465822651879,5.860465822651879,dilatwaR,anti_homophones
22159,1,0,0,7,3,-6.559806201056155,6.559806201056155,pastij@,anti_homophones
22160,1,10,0,4,2,-5.043654953334965,5.043654953334965,ekaR,anti_homophones
22161,1,0,0,7,3,-7.123204428996512,7.123204428996512,bekalOg,anti_homophones
22162,1,1,0,9,4,-6.316579949019689,6.316579949019689,5delEksj§,anti_homophones
22163,1,4,1,4,2,-5.0473413633913,5.0473413633913,fadE,anti_homophones
22164,1,35,1,2,1,-4.567711358646662,4.567711358646662,mi,anti_homophones
22165,1,5,0,4,2,-4.69041468531192,4.69041468531192,ilys,anti_homophones
22166,1,0,0,5,3,-5.805770359240644,5.805770359240644,obyl2,anti_homophones
22167,1,4,0,5,2,-5.461882509074281,5.461882509074281,patSi,anti_homophones
22168,1,16,0,3,1,-4.960594277463516,4.960594277463516,mij,anti_homophones
22169,1,3,0,4,2,-4.942472852539841,4.942472852539841,8il2,anti_homophones
22170,1,0,0,8,3,-6.302709607566972,6.302709607566972,Ekspozis,anti_homophones
22171,1,0,0,8,3,-6.715251745104555,6.715251745104555,k§ZEstRi,anti_homophones
22172,1,0,0,7,3,-7.038563234845103,7.038563234845103,Redagon,anti_homophones
22173,1,0,0,5,2,-6.129071311284945,6.129071311284945,blot§,anti_homophones
22174,1,0,0,10,4,-11.156010609288073,11.156010609288073,l5bitaklwa,anti_homophones
22175,1,1,0,8,4,-6.321064890822281,6.321064890822281,dekoSone,anti_homophones
22176,1,2,0,5,2,-5.774114059873779,5.774114059873779,klod@,anti_homophones
22177,1,0,0,7,2,-6.314186826006148,6.314186826006148,syRpROp,anti_homophones
22178,1,3,1,7,3,-4.773635007955785,4.773635007955785,degl°m@,anti_homophones
22179,1,1,1,5,2,-4.820978236810719,4.820978236810719,5s@dR,anti_homophones
22180,1,1,0,6,2,-5.609015520456486,5.609015520456486,v5dist,anti_homophones
22181,1,0,0,9,3,-6.993564335649495,6.993564335649495,djasjon9R,anti_homophones
22182,1,9,0,3,2,-4.896196352322035,4.896196352322035,eZa,anti_homophones
22183,1,0,0,7,3,-7.276561298229161,7.276561298229161,muSidoz,anti_homophones
22184,1,1,0,5,3,-5.3419884235238335,5.3419884235238335,5m@k@,anti_homophones
22185,1,8,0,4,2,-5.5634956715070905,5.5634956715070905,loti,anti_homophones
22186,1,3,0,6,3,-5.79696666973215,5.79696666973215,Rekyl@,anti_homophones
22187,1,8,0,4,1,-6.646749489850396,6.646749489850396,g§dR,anti_homophones
22188,1,5,0,5,2,-5.502949759222967,5.502949759222967,veRyR,anti_homophones
22189,1,24,0,3,1,-4.704496967185259,4.704496967185259,suR,anti_homophones
22190,1,0,0,7,2,-6.064946851495294,6.064946851495294,Zez8ist,anti_homophones
22191,1,0,0,7,2,-6.851672389105515,6.851672389105515,kORdjom,anti_homophones
22192,1,0,0,7,3,-5.801546907000563,5.801546907000563,nep8is@,anti_homophones
22193,1,15,0,4,1,-4.36547064796606,4.36547064796606,plik,anti_homophones
22194,1,0,0,6,3,-7.512281919194578,7.512281919194578,tipopo,anti_homophones
22195,1,0,0,10,4,-9.682599586630941,9.682599586630941,RefloRikOd,anti_homophones
22196,1,0,0,9,4,-7.068573553711284,7.068573553711284,kolatifik,anti_homophones
22197,1,6,0,4,2,-4.662209997853823,4.662209997853823,yman,anti_homophones
22198,1,8,0,6,2,-5.078471733043628,5.078471733043628,kastik,anti_homophones
22199,1,0,0,11,5,-7.11604261174549,7.11604261174549,R2k§bizasj§,anti_homophones
22200,1,0,0,10,4,-8.972531012844978,8.972531012844978,sERtibwam@,anti_homophones
22201,1,7,0,8,4,-4.721692789077073,4.721692789077073,matik°m@,anti_homophones
22202,1,4,0,6,2,-5.542124419469391,5.542124419469391,ZeRabl,anti_homophones
22203,1,0,0,12,5,-8.131710205275287,8.131710205275287,pResEjabl°m@,anti_homophones
22204,1,0,0,8,3,-7.428147926616534,7.428147926616534,diskemin,anti_homophones
22205,1,0,0,8,4,-8.605820329986168,8.605820329986168,finelyZe,anti_homophones
22206,1,5,1,7,3,-5.148569720865265,5.148569720865265,skalite,anti_homophones
22207,1,5,0,6,3,-5.170242630705705,5.170242630705705,define,anti_homophones
22208,1,0,0,6,3,-6.36131782625745,6.36131782625745,mesaGo,anti_homophones
22209,1,0,0,7,3,-7.724562190064296,7.724562190064296,R2demit,anti_homophones
22210,1,0,0,7,3,-6.776429638089926,6.776429638089926,aRteRal,anti_homophones
22211,1,0,0,11,5,-10.729659206508773,10.729659206508773,akw5s§datR§,anti_homophones
22212,1,5,0,6,2,-5.279669497737712,5.279669497737712,pRetRe,anti_homophones
22213,1,0,0,10,4,-7.623207470293183,7.623207470293183,balER°mEtR,anti_homophones
22214,1,0,0,9,4,-10.399215332602314,10.399215332602314,notifizja,anti_homophones
22215,1,1,0,6,3,-5.6931856280533095,5.6931856280533095,g5gEte,anti_homophones
22216,1,6,0,8,4,-5.222692287067806,5.222692287067806,katik°m@,anti_homophones
22217,1,0,0,10,5,-8.910383474770747,8.910383474770747,@dinalitER,anti_homophones
22218,1,2,0,6,2,-5.250333418325579,5.250333418325579,tRikyl,anti_homophones
22219,1,0,0,7,3,-7.610198625761514,7.610198625761514,apsist5,anti_homophones
22220,1,0,1,6,2,-5.412056009860177,5.412056009860177,Z@bjER,anti_homophones
22221,1,6,0,6,3,-5.0099596137125415,5.0099596137125415,kaS°Ri,anti_homophones
22222,1,0,0,9,4,-8.72982850153066,8.72982850153066,kymylEREt,anti_homophones
22223,1,3,0,5,2,-6.087972457646883,6.087972457646883,atRas,anti_homophones
22224,1,0,0,9,3,-9.43436937838443,9.43436937838443,pR5sElvan,anti_homophones
22225,1,10,0,4,2,-4.826965664526025,4.826965664526025,gaz5,anti_homophones
22226,1,0,0,8,3,-6.165834663919404,6.165834663919404,koRiZibl,anti_homophones
22227,1,0,0,11,5,-7.227477295460708,7.227477295460708,desim@tasj§,anti_homophones
22228,1,0,0,7,3,-8.14043142214158,8.14043142214158,k@poRak,anti_homophones
22229,1,1,0,6,3,-6.256895551638876,6.256895551638876,alezje,anti_homophones
22230,1,1,0,7,3,-6.673017186015454,6.673017186015454,pS@d°m@,anti_homophones
22231,1,11,0,4,2,-5.228267872675235,5.228267872675235,tajo,anti_homophones
22232,1,0,0,10,4,-9.152438689243176,9.152438689243176,5pRinwaj@s,anti_homophones
22233,1,3,1,6,3,-4.89356282691476,4.89356282691476,filoZi,anti_homophones
22234,1,0,0,7,3,-6.805075084076787,6.805075084076787,aRtEkni,anti_homophones
22235,1,1,0,8,4,-6.156849435854601,6.156849435854601,5tERmate,anti_homophones
22236,1,5,0,4,1,-4.860046768350228,4.860046768350228,gORZ,anti_homophones
22237,1,6,0,4,2,-5.554313197590798,5.554313197590798,otRi,anti_homophones
22238,1,1,0,7,3,-6.217933242506422,6.217933242506422,otomatR,anti_homophones
22239,1,0,0,9,4,-9.933809106682903,9.933809106682903,k@pERmali,anti_homophones
22240,1,0,0,9,4,-10.554720277992109,10.554720277992109,bOtytifik,anti_homophones
22241,1,0,0,7,3,-6.921445822472312,6.921445822472312,5pERdwe,anti_homophones
22242,1,1,0,5,2,-6.666472406216115,6.666472406216115,ismat,anti_homophones
22243,1,0,0,13,5,-12.588412176747864,12.588412176747864,iRegl°Riktabl,anti_homophones
22244,1,0,0,10,5,-13.848524621007508,13.848524621007508,@gOnispeRo,anti_homophones
22245,1,0,0,8,3,-6.192234457631251,6.192234457631251,mosjasj§,anti_homophones
22246,1,0,0,10,5,-9.770944383020636,9.770944383020636,k§ZyR@tin@,anti_homophones
22247,1,0,0,11,5,-8.99750668024974,8.99750668024974,selegaladje,anti_homophones
22248,1,4,0,7,3,-5.920664286101095,5.920664286101095,vezasj§,anti_homophones
22249,1,0,0,10,5,-8.773985224829374,8.773985224829374,5dybital9R,anti_homophones
22250,1,5,0,7,3,-5.706746452608535,5.706746452608535,des@d9R,anti_homophones
22251,1,0,0,9,4,-8.405019112591276,8.405019112591276,aRt°leg@s,anti_homophones
22252,1,8,1,6,2,-4.7623804222967525,4.7623804222967525,satwaR,anti_homophones
22253,1,4,0,5,2,-5.139798361750292,5.139798361750292,sujEt,anti_homophones
22254,1,0,0,8,3,-6.531223808659211,6.531223808659211,gofonist,anti_homophones
22255,1,1,0,6,2,-6.217903667771077,6.217903667771077,swERte,anti_homophones
22256,1,2,0,6,3,-5.720808865302004,5.720808865302004,@fizj§,anti_homophones
22257,1,0,0,11,5,-10.168430775090911,10.168430775090911,gzen§Sal§Ze,anti_homophones
22258,1,0,1,7,3,-4.9182608468965805,4.9182608468965805,nObl°m@,anti_homophones
22259,1,3,0,5,2,-6.13865417860242,6.13865417860242,vasif,anti_homophones
22260,1,2,1,6,3,-5.32041951107365,5.32041951107365,Zol°m@,anti_homophones
22261,1,0,0,12,5,-10.40869388668541,10.40869388668541,bagoRitatizm,anti_homophones
22262,1,0,0,8,3,-8.518173394513829,8.518173394513829,RegRifyR,anti_homophones
22263,1,0,0,11,5,-9.956373529867282,9.956373529867282,emoRalZezyR,anti_homophones
22264,1,0,0,7,4,-5.062382063029281,5.062382063029281,@f§s°m@,anti_homophones
22265,1,0,0,8,4,-7.775964853242848,7.775964853242848,polidope,anti_homophones
22266,1,1,0,6,3,-6.044945771495926,6.044945771495926,@bRuj§,anti_homophones
22267,1,1,0,8,3,-6.858249343453837,6.858249343453837,t@teRj9R,anti_homophones
22268,1,0,0,9,4,-6.886345835355609,6.886345835355609,tyRasjone,anti_homophones
22269,1,1,0,5,3,-6.975609529952283,6.975609529952283,inomE,anti_homophones
22270,1,1,0,5,2,-6.178124476395203,6.178124476395203,limak,anti_homophones
22271,1,0,0,5,2,-5.594394282338189,5.594394282338189,b5Zw5,anti_homophones
22272,1,15,0,3,1,-5.872016734019168,5.872016734019168,foz,anti_homophones
22273,1,0,0,8,3,-8.681572416976866,8.681572416976866,@ksgivoz,anti_homophones
22274,1,1,1,5,2,-5.05796210632538,5.05796210632538,zigON,anti_homophones
22275,1,12,1,6,3,-5.1667010129165565,5.1667010129165565,mat°Ri,anti_homophones
22276,1,0,0,8,4,-6.023546636536622,6.023546636536622,5tERnEz§,anti_homophones
22277,1,0,0,8,4,-7.712867746501168,7.712867746501168,RadiZoRe,anti_homophones
22278,1,0,0,8,2,-6.572199103406355,6.572199103406355,stifjabl,anti_homophones
22279,1,0,0,10,3,-10.626934742564483,10.626934742564483,pORtswaRd2,anti_homophones
22280,1,1,0,6,2,-8.322787847834748,8.322787847834748,5fRitm,anti_homophones
22281,1,5,1,6,3,-4.3857568341125805,4.3857568341125805,REv°m@,anti_homophones
22282,1,1,0,6,3,-7.173711547940703,7.173711547940703,ak§baR,anti_homophones
22283,1,0,0,14,5,-8.416812166599339,8.416812166599339,EksplijogRasj§,anti_homophones
22284,1,0,0,7,3,-6.580292187810613,6.580292187810613,biRut9R,anti_homophones
22285,1,3,0,5,2,-5.501548228016264,5.501548228016264,p@sEl,anti_homophones
22286,1,0,0,8,3,-7.766660460035811,7.766660460035811,dizjonaR,anti_homophones
22287,1,0,0,8,3,-7.338908255014196,7.338908255014196,baRkalke,anti_homophones
22288,1,6,0,5,2,-5.104149067080154,5.104149067080154,modEs,anti_homophones
22289,1,0,0,10,3,-9.015295630353082,9.015295630353082,filmatSw9R,anti_homophones
22290,1,3,0,5,1,-5.071235790855614,5.071235790855614,OpstR,anti_homophones
22291,1,0,0,10,5,-7.669804387319416,7.669804387319416,kOlem°zyRe,anti_homophones
22292,1,3,0,5,2,-6.021909088653411,6.021909088653411,tamiz,anti_homophones
22293,1,0,0,6,2,-6.139571153734616,6.139571153734616,apsORb,anti_homophones
22294,1,0,0,7,3,-7.259479892307264,7.259479892307264,totidj5,anti_homophones
22295,1,0,0,10,4,-8.839441708987154,8.839441708987154,k§d8iRalj5,anti_homophones
22296,1,4,0,5,2,-6.154476207284475,6.154476207284475,Opsin,anti_homophones
22297,1,1,0,5,2,-6.483043108984472,6.483043108984472,deZip,anti_homophones
22298,1,0,0,8,3,-7.26565508407038,7.26565508407038,kRed@tin,anti_homophones
22299,1,2,1,6,3,-6.050376460657591,6.050376460657591,fenike,anti_homophones
22300,1,0,0,10,4,-10.147188692644,10.147188692644,pRopilapOt,anti_homophones
22301,1,1,0,7,3,-6.895325613469418,6.895325613469418,pn2mode,anti_homophones
22302,1,0,0,9,4,-6.3670773869595365,6.3670773869595365,litabl°m@,anti_homophones
22303,1,0,0,7,3,-7.639371798011098,7.639371798011098,5vERtwa,anti_homophones
22304,1,0,0,11,4,-12.90064838372189,12.90064838372189,p8alisitRip,anti_homophones
22305,1,5,1,6,2,-5.003971240141343,5.003971240141343,pRezik,anti_homophones
22306,1,0,0,7,3,-7.643708230235944,7.643708230235944,SamaRlo,anti_homophones
22307,1,0,0,9,4,-7.896145035506895,7.896145035506895,deR@tat9R,anti_homophones
22308,1,0,0,11,4,-10.19474719973314,10.19474719973314,vylgERjeRis,anti_homophones
22309,1,3,0,5,2,-5.450885420417967,5.450885420417967,fuRni,anti_homophones
22310,1,5,0,5,2,-5.510120906141273,5.510120906141273,kaRna,anti_homophones
22311,1,0,0,7,3,-7.921063224815565,7.921063224815565,biRmato,anti_homophones
22312,1,5,0,5,2,-5.611353530886685,5.611353530886685,Refj5,anti_homophones
22313,1,0,0,14,5,-13.214567813283816,13.214567813283816,kRetRenylaRzOj,anti_homophones
22314,1,0,0,7,3,-7.6155631458630015,7.6155631458630015,miRakaR,anti_homophones
22315,1,6,0,5,2,-5.364198621076408,5.364198621076408,puRis,anti_homophones
22316,1,0,0,9,4,-8.25994353980213,8.25994353980213,k§kOk°taS,anti_homophones
22317,1,0,0,9,4,-10.233557685848659,10.233557685848659,kRif@t°n@,anti_homophones
22318,1,3,0,5,2,-5.845871257182406,5.845871257182406,kRuzE,anti_homophones
22319,1,3,0,4,2,-4.870975299815806,4.870975299815806,yRb5,anti_homophones
22320,1,0,0,11,5,-8.489518801741053,8.489518801741053,sav9gl@duje,anti_homophones
22321,1,1,0,6,3,-5.902307583024255,5.902307583024255,sykyRe,anti_homophones
22322,1,0,0,7,3,-7.750376766167845,7.750376766167845,veRopEt,anti_homophones
22323,1,3,0,5,2,-5.035476392895164,5.035476392895164,pl2Re,anti_homophones
22324,1,0,0,11,5,-9.24825427508104,9.24825427508104,bavalopeizm,anti_homophones
22325,1,1,0,7,3,-5.522594063660751,5.522594063660751,k§sylte,anti_homophones
22326,1,0,0,8,5,-7.637208231391123,7.637208231391123,aeRologe,anti_homophones
22327,1,0,0,7,3,-6.26785452655599,6.26785452655599,mek§d8i,anti_homophones
22328,1,0,0,9,4,-8.02822762353281,8.02822762353281,R°p9plite,anti_homophones
22329,1,0,0,10,5,-8.548693650206566,8.548693650206566,epERmatike,anti_homophones
22330,1,0,0,10,4,-7.858365975829363,7.858365975829363,s@tR°vOlte,anti_homophones
22331,1,0,0,7,3,-7.244178471311382,7.244178471311382,RetRofy,anti_homophones
22332,1,0,0,8,3,-6.5571790218077775,6.5571790218077775,plasfeRe,anti_homophones
22333,1,0,0,11,5,-9.94534524207382,9.94534524207382,Zwis°lis°m@,anti_homophones
22334,1,0,0,10,5,-7.079503807551743,7.079503807551743,otokOksite,anti_homophones
22335,1,0,0,9,4,-9.388706493346392,9.388706493346392,k§valitEt,anti_homophones
22336,1,20,0,3,2,-4.637133135166323,4.637133135166323,epa,anti_homophones
22337,1,0,0,10,4,-9.716909038158919,9.716909038158919,nOtjagonER,anti_homophones
22338,1,0,0,6,2,-5.938022205561673,5.938022205561673,gRosil,anti_homophones
22339,1,0,0,7,3,-7.171361768724529,7.171361768724529,pERtik§,anti_homophones
22340,1,0,0,8,3,-6.205648512672384,6.205648512672384,paRtin@s,anti_homophones
22341,1,4,0,5,2,-5.540256234361734,5.540256234361734,RamaR,anti_homophones
22342,1,0,0,7,4,-5.286625880296987,5.286625880296987,izOn°Ri,anti_homophones
22343,1,0,0,9,4,-6.754306137466102,6.754306137466102,dezERt°m@,anti_homophones
22344,1,0,0,12,5,-8.200732245285652,8.200732245285652,dez5fORmasje,anti_homophones
22345,1,4,1,5,2,-5.1670820740676255,5.1670820740676255,ORkEt,anti_homophones
22346,1,2,0,6,3,-5.613952712427643,5.613952712427643,Rom@de,anti_homophones
22347,1,0,0,8,3,-6.503864274618962,6.503864274618962,k§tR°dut,anti_homophones
22348,1,0,0,8,3,-6.823639906593442,6.823639906593442,paR@bwaR,anti_homophones
22349,1,2,0,6,2,-5.3030722349658985,5.3030722349658985,suRsj§,anti_homophones
22350,1,0,0,9,3,-8.660159267425577,8.660159267425577,kRedispEt,anti_homophones
22351,1,2,0,6,3,-5.462444221364405,5.462444221364405,siRone,anti_homophones
22352,1,2,0,6,3,-5.863900165422575,5.863900165422575,domin2,anti_homophones
22353,1,1,0,6,2,-5.576599158892951,5.576599158892951,bRoSiR,anti_homophones
22354,1,0,0,11,4,-9.598340955127865,9.598340955127865,s5plEksitER,anti_homophones
22355,1,7,0,5,2,-4.442118696128257,4.442118696128257,notaZ,anti_homophones
22356,1,0,0,12,5,-12.189152806328249,12.189152806328249,iROlOgRafikt,anti_homophones
22357,1,0,0,8,3,-8.468756403322178,8.468756403322178,stenatal,anti_homophones
22358,1,0,0,12,4,-9.17895235181579,9.17895235181579,klapsikolabl,anti_homophones
22359,1,8,0,5,2,-5.341907457383852,5.341907457383852,maRad,anti_homophones
22360,1,1,0,9,3,-8.552634677711387,8.552634677711387,spEkteREk,anti_homophones
22361,1,0,0,9,3,-8.18598113957029,8.18598113957029,globuRZwa,anti_homophones
22362,1,0,0,10,4,-7.351405965432048,7.351405965432048,ksikoloZik,anti_homophones
22363,1,0,0,6,2,-6.985338981457307,6.985338981457307,falgam,anti_homophones
22364,1,0,0,7,3,-6.551888413987467,6.551888413987467,psikota,anti_homophones
22365,1,2,0,5,2,-6.291292049636503,6.291292049636503,lORd@,anti_homophones
22366,1,0,0,7,2,-5.57529737723239,5.57529737723239,pROkvje,anti_homophones
22367,1,1,0,6,3,-7.058257215555541,7.058257215555541,RegaEt,anti_homophones
22368,1,0,0,6,2,-7.87713903534058,7.87713903534058,R°fybl,anti_homophones
22369,1,1,0,8,3,-6.826012668472331,6.826012668472331,k§tRot9R,anti_homophones
22370,1,7,0,4,1,-5.74312965824743,5.74312965824743,tRos,anti_homophones
22371,1,4,0,6,2,-5.753686737465504,5.753686737465504,misizm,anti_homophones
22372,1,1,0,6,2,-5.422682293721421,5.422682293721421,sERpEt,anti_homophones
22373,1,1,0,5,2,-4.905109357042473,4.905109357042473,albOS,anti_homophones
22374,1,0,0,6,2,-5.714059835976459,5.714059835976459,f@tjEm,anti_homophones
22375,1,1,0,7,2,-7.624956748708081,7.624956748708081,dekwaRd,anti_homophones
22376,1,0,0,13,5,-12.086836804953487,12.086836804953487,RiknikoREkt9R,anti_homophones
22377,1,13,0,4,1,-4.871805663887686,4.871805663887686,saRd,anti_homophones
22378,1,0,0,6,3,-7.217240969009801,7.217240969009801,@s@dRa,anti_homophones
22379,1,0,0,7,3,-7.484734372162235,7.484734372162235,pav°dEt,anti_homophones
22380,1,11,1,6,3,-4.278026880225836,4.278026880225836,pik°m@,anti_homophones
22381,1,0,0,7,3,-6.625265257796601,6.625265257796601,s5bjone,anti_homophones
22382,1,1,0,6,3,-7.066881156896035,7.066881156896035,5p§dwa,anti_homophones
22383,1,0,0,5,2,-5.964554376490113,5.964554376490113,OpjOt,anti_homophones
22384,1,7,1,6,3,-5.084090504258058,5.084090504258058,alyzj§,anti_homophones
22385,1,1,0,5,2,-6.082302547040973,6.082302547040973,ebR8i,anti_homophones
22386,1,0,0,13,5,-8.868827223859155,8.868827223859155,kuskRifikasj§,anti_homophones
22387,1,0,0,8,3,-6.5587077822996935,6.5587077822996935,kopRolOg,anti_homophones
22388,1,0,0,9,3,-6.86827697144267,6.86827697144267,tR@sfoR9R,anti_homophones
22389,1,0,0,6,2,-5.22218978195445,5.22218978195445,bR§zaZ,anti_homophones
22390,1,0,0,9,4,-8.088232943537811,8.088232943537811,bREm°Rute,anti_homophones
22391,1,0,0,9,4,-7.293944053172578,7.293944053172578,dsapEl°m@,anti_homophones
22392,1,0,0,7,3,-7.721451630586614,7.721451630586614,miRosif,anti_homophones
22393,1,0,0,9,5,-7.290486237638165,7.290486237638165,neopedite,anti_homophones
22394,1,0,0,12,5,-11.25428049107738,11.25428049107738,abRijadElvEg,anti_homophones
22395,1,1,0,5,2,-7.062125449429208,7.062125449429208,n@k5z,anti_homophones
22396,1,1,0,7,3,-5.559412236210171,5.559412236210171,pybliZ@,anti_homophones
22397,1,0,0,10,3,-7.801948755401928,7.801948755401928,kRetRod8iR,anti_homophones
22398,1,6,0,5,2,-5.734664850196597,5.734664850196597,kan@s,anti_homophones
22399,1,3,0,5,2,-5.6119293114615205,5.6119293114615205,makis,anti_homophones
22400,1,0,0,11,5,-8.389946428269823,8.389946428269823,fiksibilite,anti_homophones
22401,1,0,0,6,3,-6.440794932587768,6.440794932587768,ReamOk,anti_homophones
22402,1,1,0,6,3,-6.480701092835126,6.480701092835126,apsyRi,anti_homophones
22403,1,4,0,5,2,-5.725477034875471,5.725477034875471,sykys,anti_homophones
22404,1,1,0,7,3,-7.174738291769068,7.174738291769068,pOlizaR,anti_homophones
22405,1,0,0,7,3,-6.879461407546521,6.879461407546521,buzisj§,anti_homophones
22406,1,1,0,7,2,-7.051455572331331,7.051455572331331,fOsfERl,anti_homophones
22407,1,4,0,5,2,-5.14687704445828,5.14687704445828,aRSiv,anti_homophones
22408,1,2,0,4,2,-6.804255419291817,6.804255419291817,R2vi,anti_homophones
22409,1,23,0,3,2,-4.748135726699597,4.748135726699597,ajo,anti_homophones
22410,1,3,0,7,3,-5.744526502806898,5.744526502806898,kOskOpi,anti_homophones
22411,1,4,0,5,2,-5.179437377255568,5.179437377255568,pjeRe,anti_homophones
22412,1,0,0,8,4,-7.6915326168280265,7.6915326168280265,vOdikyle,anti_homophones
22413,1,0,0,7,3,-8.473360047557117,8.473360047557117,ZokaRuf,anti_homophones
22414,1,0,0,7,4,-6.987293519918176,6.987293519918176,iRedomi,anti_homophones
22415,1,1,0,9,4,-6.2171267491522375,6.2171267491522375,kaRdik°m@,anti_homophones
22416,1,0,0,8,3,-8.524690478159187,8.524690478159187,dEgz@paj,anti_homophones
22417,1,0,0,7,3,-8.869681645883553,8.869681645883553,l9vwaje,anti_homophones
22418,1,2,0,5,2,-6.425838295745329,6.425838295745329,safin,anti_homophones
22419,1,4,0,5,2,-5.994515021318536,5.994515021318536,gRana,anti_homophones
22420,1,0,0,7,3,-5.681719313717829,5.681719313717829,dezavwe,anti_homophones
22421,1,9,0,5,1,-4.703764533939898,4.703764533939898,sjabl,anti_homophones
22422,1,0,0,11,5,-10.82666025840432,10.82666025840432,estRavaR5ge,anti_homophones
22423,1,0,0,6,3,-6.069463024687696,6.069463024687696,p°lot5,anti_homophones
22424,1,0,0,10,5,-9.685566844053877,9.685566844053877,dek§pozoti,anti_homophones
22425,1,0,0,11,5,-10.174292848690296,10.174292848690296,kamonivERs@,anti_homophones
22426,1,4,0,4,2,-5.382790555417149,5.382790555417149,Saly,anti_homophones
22427,1,1,0,8,4,-5.330134310944169,5.330134310944169,Zenik°m@,anti_homophones
22428,1,1,0,6,2,-5.15496033340201,5.15496033340201,bENabl,anti_homophones
22429,1,0,0,8,4,-7.668746625341859,7.668746625341859,feneRas@,anti_homophones
22430,1,1,0,6,2,-5.858176218571393,5.858176218571393,SifRaz,anti_homophones
22431,1,1,0,7,3,-6.217903096304907,6.217903096304907,myskyRe,anti_homophones
22432,1,5,0,4,2,-5.216578257052421,5.216578257052421,fuj2,anti_homophones
22433,1,0,0,12,5,-8.561318869986431,8.561318869986431,vjoleRjal°m@,anti_homophones
22434,1,5,0,4,2,-5.1519374185391085,5.1519374185391085,otob,anti_homophones
22435,1,1,0,7,2,-5.988756190581206,5.988756190581206,guRdist,anti_homophones
22436,1,0,0,9,4,-10.685220600970798,10.685220600970798,kloRoz9lE,anti_homophones
22437,1,9,0,6,2,-5.795989224562089,5.795989224562089,manabl,anti_homophones
22438,1,0,0,13,5,-12.93692084607285,12.93692084607285,k§tRekivaRjal,anti_homophones
22439,1,2,0,6,2,-4.976888310618297,4.976888310618297,Refl9R,anti_homophones
22440,1,3,0,5,2,-5.568069421358003,5.568069421358003,nEste,anti_homophones
22441,1,0,0,10,4,-9.862886168302452,9.862886168302452,nytRifeRja,anti_homophones
22442,1,0,0,7,4,-6.9986185360019935,6.9986185360019935,epeizaZ,anti_homophones
22443,1,0,0,7,3,-6.71787130815161,6.71787130815161,bifyRje,anti_homophones
22444,1,0,0,11,5,-8.468286265174852,8.468286265174852,@pl°Rizasj§,anti_homophones
22445,1,0,0,8,3,-7.825053187737894,7.825053187737894,sakRisil,anti_homophones
22446,1,3,0,7,2,-5.463075652232572,5.463075652232572,spEktyR,anti_homophones
22447,1,8,0,5,3,-4.5893517654128555,4.5893517654128555,5poze,anti_homophones
22448,1,0,0,7,3,-7.619992277636888,7.619992277636888,minavan,anti_homophones
22449,1,2,0,8,4,-5.624658745943554,5.624658745943554,detEl°m@,anti_homophones
22450,1,0,0,12,4,-9.612420383551434,9.612420383551434,k§tRaksiklOk,anti_homophones
22451,1,6,0,5,2,-5.077399456397144,5.077399456397144,Oksim,anti_homophones
22452,1,0,0,10,5,-10.968655875274143,10.968655875274143,likaviR°m@,anti_homophones
22453,1,14,0,4,2,-5.75724921949173,5.75724921949173,pili,anti_homophones
22454,1,0,0,7,3,-6.776328643941258,6.776328643941258,papitSu,anti_homophones
22455,1,0,0,12,5,-8.47124615869133,8.47124615869133,Epsjonizasj§,anti_homophones
22456,1,4,0,5,2,-5.734245401022166,5.734245401022166,avjER,anti_homophones
22457,1,5,0,5,2,-5.3010965256985365,5.3010965256985365,k§saZ,anti_homophones
22458,1,10,0,4,2,-4.632723029197348,4.632723029197348,ton2,anti_homophones
22459,1,0,0,12,4,-10.056043973284654,10.056043973284654,matERfORmEtR,anti_homophones
22460,1,4,0,4,2,-6.541316833719645,6.541316833719645,5vR@,anti_homophones
22461,1,1,0,6,3,-6.3256971674860285,6.3256971674860285,koeRit,anti_homophones
22462,1,0,0,9,4,-8.945845348634148,8.945845348634148,buR°lopat,anti_homophones
22463,1,2,0,5,2,-5.720235835489883,5.720235835489883,f°mEl,anti_homophones
22464,1,0,0,7,3,-5.522413042677893,5.522413042677893,Ekskyte,anti_homophones
22465,1,0,0,6,3,-6.82828306720448,6.82828306720448,astimo,anti_homophones
22466,1,0,0,9,3,-6.4274859929516275,6.4274859929516275,sypERsEps,anti_homophones
22467,1,0,0,12,4,-10.475083711799348,10.475083711799348,fluRdonalism,anti_homophones
22468,1,0,0,9,3,-8.131342883850879,8.131342883850879,plymeRjER,anti_homophones
22469,1,0,0,6,2,-5.959996875127903,5.959996875127903,fRufj§,anti_homophones
22470,1,8,0,5,3,-6.0004144498856,6.0004144498856,adyRe,anti_homophones
22471,1,0,0,6,3,-6.546284268883107,6.546284268883107,divaZe,anti_homophones
22472,1,2,0,7,3,-6.46682376358255,6.46682376358255,desid9R,anti_homophones
22473,1,1,0,6,2,-5.587400612505288,5.587400612505288,pedj@s,anti_homophones
22474,1,12,0,4,1,-5.3328231995783195,5.3328231995783195,fRum,anti_homophones
22475,1,2,0,6,3,-5.952333898137261,5.952333898137261,S°vile,anti_homophones
22476,1,2,0,5,2,-4.937873712657446,4.937873712657446,Somje,anti_homophones
22477,1,5,0,4,1,-5.048148307521927,5.048148307521927,dEks,anti_homophones
22478,1,0,0,9,4,-7.54338553123027,7.54338553123027,elER°mEtR,anti_homophones
22479,1,11,0,7,3,-5.835160570764521,5.835160570764521,deSasj§,anti_homophones
22480,1,0,0,13,5,-7.784591062574241,7.784591062574241,sypst@tabl°m@,anti_homophones
22481,1,0,0,9,4,-8.406995354818273,8.406995354818273,buzilyzj§,anti_homophones
22482,1,0,0,11,5,-10.051230761272604,10.051230761272604,abatyR@tjER,anti_homophones
22483,1,10,0,6,3,-5.099161661352486,5.099161661352486,pid°m@,anti_homophones
22484,1,2,0,7,2,-5.472445431915175,5.472445431915175,ZuRnwaR,anti_homophones
22485,1,0,0,14,5,-12.81144274718527,12.81144274718527,flam°dyRsiR5ks,anti_homophones
22486,1,5,0,4,2,-5.877010824279928,5.877010824279928,pija,anti_homophones
22487,1,4,0,5,2,-5.786703085449967,5.786703085449967,kaloz,anti_homophones
22488,1,2,0,8,3,-5.124762497116024,5.124762497116024,bjogRafi,anti_homophones
22489,1,0,0,8,4,-6.859860331957694,6.859860331957694,pedagote,anti_homophones
22490,1,1,0,6,2,-5.310243029829408,5.310243029829408,megRaf,anti_homophones
22491,1,14,0,3,1,-5.971815899852606,5.971815899852606,kEj,anti_homophones
22492,1,4,0,6,3,-5.335314175193553,5.335314175193553,5tetik,anti_homophones
22493,1,0,0,8,3,-6.929627823154172,6.929627823154172,veRist@s,anti_homophones
22494,1,2,1,6,3,-4.967398462273917,4.967398462273917,gazuje,anti_homophones
22495,1,0,0,10,5,-8.88934574173916,8.88934574173916,ligaminim@,anti_homophones
22496,1,1,0,7,3,-5.578554639252501,5.578554639252501,k§sjam@,anti_homophones
22497,1,0,0,7,3,-8.22339775571352,8.22339775571352,mjoleoz,anti_homophones
22498,1,1,1,7,3,-5.02549399219839,5.02549399219839,Zydaizm,anti_homophones
22499,1,0,0,9,4,-5.716680922845146,5.716680922845146,despozite,anti_homophones
22500,1,1,0,7,3,-7.189990951952103,7.189990951952103,astRaZi,anti_homophones
22501,1,0,0,8,4,-9.192665204865618,9.192665204865618,5plijeto,anti_homophones
22502,1,4,0,6,3,-4.680286614363471,4.680286614363471,b@k°m@,anti_homophones
22503,1,0,0,7,4,-7.699512459769347,7.699512459769347,oROs°lE,anti_homophones
22504,1,2,0,6,3,-5.074602544538983,5.074602544538983,eliZ@s,anti_homophones
22505,1,0,0,8,3,-6.738948645370151,6.738948645370151,sygZeRwa,anti_homophones
22506,1,24,0,3,1,-4.477006190058027,4.477006190058027,pid,anti_homophones
22507,1,3,0,4,1,-5.475850315217788,5.475850315217788,Snit,anti_homophones
22508,1,0,0,7,3,-7.107996557486894,7.107996557486894,kakonys,anti_homophones
22509,1,7,0,5,2,-4.608642103494523,4.608642103494523,defal,anti_homophones
22510,1,0,0,10,4,-8.948787974080375,8.948787974080375,5tEgzostaZ,anti_homophones
22511,1,0,0,9,4,-7.320124377840556,7.320124377840556,dekajutik,anti_homophones
22512,1,3,0,5,2,-5.545507078618948,5.545507078618948,efEks,anti_homophones
22513,1,1,0,6,2,-6.107928636108,6.107928636108,tamjER,anti_homophones
22514,1,0,0,10,4,-10.758397437122383,10.758397437122383,kOlt5timal,anti_homophones
22515,1,2,0,6,2,-6.8402011641317495,6.8402011641317495,pymabl,anti_homophones
22516,1,4,0,5,2,-5.747240313797556,5.747240313797556,fwEta,anti_homophones
22517,1,1,0,6,3,-5.402233607760435,5.402233607760435,REzon@,anti_homophones
22518,1,1,0,6,2,-5.6133595301687205,5.6133595301687205,fR@Ska,anti_homophones
22519,1,3,0,5,3,-5.570054343028904,5.570054343028904,ayRiR,anti_homophones
22520,1,0,0,13,5,-7.836695544924793,7.836695544924793,k§tRakoloZist,anti_homophones
22521,1,12,0,4,2,-5.486160890030446,5.486160890030446,R°k§,anti_homophones
22522,1,0,0,8,4,-11.098741289514146,11.098741289514146,@todemik,anti_homophones
22523,1,2,0,5,2,-7.431122647450438,7.431122647450438,pj@t5,anti_homophones
22524,1,0,0,8,2,-6.576081264727982,6.576081264727982,sekstRik,anti_homophones
22525,1,2,0,5,2,-5.775721967622155,5.775721967622155,zozoR,anti_homophones
22526,1,2,0,5,2,-5.1779482600357,5.1779482600357,fisj2,anti_homophones
22527,1,0,0,9,4,-7.904147509578442,7.904147509578442,p@klozite,anti_homophones
22528,1,1,0,6,3,-5.6816139795101295,5.6816139795101295,Zeneal,anti_homophones
22529,1,2,0,4,1,-4.874072539863033,4.874072539863033,flud,anti_homophones
22530,1,19,1,3,1,-4.416498342837876,4.416498342837876,lEm,anti_homophones
22531,1,1,0,8,4,-4.758596288339135,4.758596288339135,dekoloZi,anti_homophones
22532,1,0,0,8,4,-7.394231539866196,7.394231539866196,R°t@tase,anti_homophones
22533,1,1,0,7,2,-5.232764130474507,5.232764130474507,klEpsj§,anti_homophones
22534,1,10,1,4,2,-4.18828719671271,4.18828719671271,biz@,anti_homophones
22535,1,0,0,6,2,-6.71078579962228,6.71078579962228,bERkuR,anti_homophones
22536,1,1,0,7,3,-5.272018249984592,5.272018249984592,5teRj9R,anti_homophones
22537,1,0,0,9,3,-8.099836760345712,8.099836760345712,saRktivit,anti_homophones
22538,1,2,0,6,2,-6.52147784503815,6.52147784503815,syRdaZ,anti_homophones
22539,1,3,0,5,1,-6.280799217445787,6.280799217445787,skRiv,anti_homophones
22540,1,0,0,11,4,-8.240960609840362,8.240960609840362,lamaskEjtiG,anti_homophones
22541,1,0,0,12,5,-15.223859463504644,15.223859463504644,k@dRepitRaiR,anti_homophones
22542,1,7,0,4,2,-5.395757335454173,5.395757335454173,kylE,anti_homophones
22543,1,0,0,6,2,-6.932005258316608,6.932005258316608,R2gRam,anti_homophones
22544,1,0,0,7,3,-7.1356762454049445,7.1356762454049445,kuvERd§,anti_homophones
22545,1,1,0,8,4,-6.484016453333474,6.484016453333474,@bRuj°Ri,anti_homophones
22546,1,0,0,8,4,-7.326640854863032,7.326640854863032,abdikyl2,anti_homophones
22547,1,0,0,12,4,-11.891189331318417,11.891189331318417,k§pR@smyt8al,anti_homophones
22548,1,2,0,6,3,-6.893770477142756,6.893770477142756,afilEn,anti_homophones
22549,1,5,1,5,2,-4.548503117162257,4.548503117162257,monaZ,anti_homophones
22550,1,0,0,9,5,-8.947961512291512,8.947961512291512,§binap°m@,anti_homophones
22551,1,0,0,9,5,-6.52222762487325,6.52222762487325,zoofil°m@,anti_homophones
22552,1,0,0,7,3,-6.317804669382539,6.317804669382539,koREzj5,anti_homophones
22553,1,6,1,7,3,-5.779951080806151,5.779951080806151,SaRm°m@,anti_homophones
22554,1,7,0,5,2,-5.641044348553526,5.641044348553526,ilabl,anti_homophones
22555,1,2,0,6,3,-5.2798250116416146,5.2798250116416146,piZon@,anti_homophones
22556,1,0,0,8,4,-8.024683685911805,8.024683685911805,avERsyty,anti_homophones
22557,1,0,0,8,4,-5.593717000850608,5.593717000850608,debuSone,anti_homophones
22558,1,0,0,6,2,-6.671604441267415,6.671604441267415,mERkad,anti_homophones
22559,1,13,0,3,2,-4.7782733803268025,4.7782733803268025,pei,anti_homophones
22560,1,0,0,8,3,-7.961195596787357,7.961195596787357,libRakOR,anti_homophones
22561,1,0,0,6,3,-6.097275455549231,6.097275455549231,R°b§be,anti_homophones
22562,1,5,0,4,2,-4.800570670874663,4.800570670874663,gaN@,anti_homophones
22563,1,15,1,6,2,-4.609397413037387,4.609397413037387,pRat9R,anti_homophones
22564,1,1,0,5,3,-6.705136934505558,6.705136934505558,inoly,anti_homophones
22565,1,0,0,10,5,-8.716614269181104,8.716614269181104,simenER°m@,anti_homophones
22566,1,2,0,6,2,-6.171734950040352,6.171734950040352,fymjEn,anti_homophones
22567,1,0,0,5,2,-5.13381065400249,5.13381065400249,mykoz,anti_homophones
22568,1,0,0,9,3,-9.4904980972419,9.4904980972419,blaRdR°Ri,anti_homophones
22569,1,2,0,6,2,-6.464010230204274,6.464010230204274,klORiz,anti_homophones
22570,1,0,0,9,3,-7.454416828850107,7.454416828850107,pROtEstik,anti_homophones
22571,1,2,0,7,3,-5.84416266373107,5.84416266373107,ZeliZ@s,anti_homophones
22572,1,0,0,7,3,-7.332605195139449,7.332605195139449,dOksima,anti_homophones
22573,1,0,0,12,5,-9.63668590913097,9.63668590913097,EkspiReval9R,anti_homophones
22574,1,7,0,4,2,-4.897796417864382,4.897796417864382,kaj2,anti_homophones
22575,1,0,0,7,3,-7.723100926861354,7.723100926861354,k§kORpa,anti_homophones
22576,1,4,0,4,1,-4.763197650159328,4.763197650159328,fRuf,anti_homophones
22577,1,7,0,5,3,-5.956022855636939,5.956022855636939,asike,anti_homophones
22578,1,21,0,3,1,-4.177332465509333,4.177332465509333,pul,anti_homophones
22579,1,0,0,7,3,-6.752775015453303,6.752775015453303,Sukanje,anti_homophones
22580,1,0,0,7,3,-8.663717397955175,8.663717397955175,l@paROs,anti_homophones
22581,1,7,0,4,2,-4.903473158424303,4.903473158424303,koSo,anti_homophones
22582,1,0,0,9,3,-8.971581718374026,8.971581718374026,Z9nEspjad,anti_homophones
22583,1,0,0,8,3,-8.489124856640611,8.489124856640611,bipomORf,anti_homophones
22584,1,0,0,9,4,-6.203158742608604,6.203158742608604,ZemoRasj§,anti_homophones
22585,1,0,0,10,4,-10.347568140704224,10.347568140704224,atelepj@dR,anti_homophones
22586,1,0,0,10,3,-10.855978987004267,10.855978987004267,ZyRj2tRabl,anti_homophones
22587,1,0,0,10,5,-6.666641305060047,6.666641305060047,komynalize,anti_homophones
22588,1,2,0,7,3,-5.4368351804750885,5.4368351804750885,R°pRije,anti_homophones
22589,1,0,0,9,4,-6.9363249334249035,6.9363249334249035,S@tjEm°m@,anti_homophones
22590,1,1,1,6,2,-4.847313344065995,4.847313344065995,pyblik,anti_homophones
22591,1,6,0,5,2,-5.088575464505841,5.088575464505841,silj§,anti_homophones
22592,1,1,0,9,4,-5.341704270678944,5.341704270678944,k§plik°m@,anti_homophones
22593,1,8,0,7,4,-5.197079235344415,5.197079235344415,aRis°m@,anti_homophones
22594,1,1,0,8,3,-5.936105938475841,5.936105938475841,tERvat9R,anti_homophones
22595,1,0,0,9,3,-8.031904706118112,8.031904706118112,ipERmw5dR,anti_homophones
22596,1,0,0,13,5,-11.456669649390653,11.456669649390653,k§stEslovaZik,anti_homophones
22597,1,0,0,11,5,-9.000879160386585,9.000879160386585,naRigORZ°m@,anti_homophones
22598,1,6,0,4,2,-5.772101547312756,5.772101547312756,etOf,anti_homophones
22599,1,0,0,7,3,-8.751409581447398,8.751409581447398,fasORb2,anti_homophones
22600,1,2,0,7,3,-6.273376701286916,6.273376701286916,stoRite,anti_homophones
22601,1,0,0,8,4,-7.081549664127081,7.081549664127081,fatifika,anti_homophones
22602,1,22,0,3,1,-4.77017154967408,4.77017154967408,paz,anti_homophones
22603,1,0,0,11,5,-10.32304513499346,10.32304513499346,veR@ZERmonE,anti_homophones
22604,1,0,0,8,4,-8.207303654768637,8.207303654768637,kazaRole,anti_homophones
22605,1,0,0,7,4,-8.160764643723931,8.160764643723931,5tezite,anti_homophones
22606,1,0,0,8,4,-7.483609061975124,7.483609061975124,5defilik,anti_homophones
22607,1,0,0,7,2,-7.341463207406233,7.341463207406233,pn2stRy,anti_homophones
22608,1,1,0,5,1,-8.392233215873297,8.392233215873297,d1kaR,anti_homophones
22609,1,3,0,6,2,-5.534802396181547,5.534802396181547,faSist,anti_homophones
22610,1,0,0,10,4,-10.719219332997907,10.719219332997907,motyRaRman,anti_homophones
22611,1,19,1,3,1,-4.165762678976176,4.165762678976176,t@s,anti_homophones
22612,1,4,0,5,1,-5.765256157335329,5.765256157335329,pRaks,anti_homophones
22613,1,0,0,5,2,-5.644426535557964,5.644426535557964,senom,anti_homophones
22614,1,16,0,3,2,-4.778669664934529,4.778669664934529,§de,anti_homophones
22615,1,3,0,5,3,-5.677094150863292,5.677094150863292,evase,anti_homophones
22616,1,0,0,9,4,-9.006281101811194,9.006281101811194,Rinabyz9R,anti_homophones
22617,1,3,0,6,3,-6.090877568941925,6.090877568941925,5k@tif,anti_homophones
22618,1,7,0,4,2,-5.552933953756942,5.552933953756942,R°vo,anti_homophones
22619,1,2,0,7,3,-5.037752959198387,5.037752959198387,k§fORm@,anti_homophones
22620,1,2,0,5,2,-5.6191575326741345,5.6191575326741345,nofil,anti_homophones
22621,1,0,0,8,3,-8.475167601942523,8.475167601942523,RabugR@s,anti_homophones
22622,1,0,0,9,4,-9.606504119488038,9.606504119488038,faRidasj5,anti_homophones
22623,1,0,0,6,3,-7.683076573423791,7.683076573423791,od°lat,anti_homophones
22624,1,18,1,4,2,-5.41862217983918,5.41862217983918,sese,anti_homophones
22625,1,0,0,7,3,-6.327087213137903,6.327087213137903,apORtif,anti_homophones
22626,1,1,0,7,3,-6.363735688011132,6.363735688011132,destaSe,anti_homophones
22627,1,0,0,9,3,-6.991918516003315,6.991918516003315,spORsjone,anti_homophones
22628,1,0,0,11,5,-11.237372250934198,11.237372250934198,n8izibaRama,anti_homophones
22629,1,0,0,11,4,-8.727333801195526,8.727333801195526,vaposjonizm,anti_homophones
22630,1,0,0,9,4,-8.365749031643576,8.365749031643576,k§sjanide,anti_homophones
22631,1,0,0,10,3,-9.797288980710615,9.797288980710615,patoglistR,anti_homophones
22632,1,5,0,5,2,-5.23055637222185,5.23055637222185,klama,anti_homophones
22633,1,16,0,3,2,-4.60596614359056,4.60596614359056,5po,anti_homophones
22634,1,0,0,10,4,-10.525902225154738,10.525902225154738,kRusajeRat,anti_homophones
22635,1,8,1,4,1,-4.584504918006762,4.584504918006762,pl§b,anti_homophones
22636,1,0,0,9,4,-9.326795940625205,9.326795940625205,Sukanon9R,anti_homophones
22637,1,1,0,6,3,-5.580381269717209,5.580381269717209,desime,anti_homophones
22638,1,8,0,4,2,-4.870065299290807,4.870065299290807,dina,anti_homophones
22639,1,3,0,5,3,-5.623874592838158,5.623874592838158,otofe,anti_homophones
22640,1,0,0,5,3,-6.391540123593991,6.391540123593991,ideid,anti_homophones
22641,1,0,0,9,4,-9.610953400530404,9.610953400530404,m@daRmEle,anti_homophones
22642,1,0,0,5,2,-5.850724458121671,5.850724458121671,lipik,anti_homophones
22643,1,0,0,12,4,-9.356326968658417,9.356326968658417,RevERsOmnjak,anti_homophones
22644,1,0,0,9,4,-10.958425849309762,10.958425849309762,Rezidbalo,anti_homophones
22645,1,15,0,4,2,-5.102767862544704,5.102767862544704,makE,anti_homophones
22646,1,12,0,4,2,-4.709664638460676,4.709664638460676,veRi,anti_homophones
22647,1,0,0,9,4,-5.2163621628182755,5.2163621628182755,psikoloZi,anti_homophones
22648,1,27,0,4,2,-4.74757478688242,4.74757478688242,sale,anti_homophones
22649,1,1,0,6,3,-5.047811409390529,5.047811409390529,SySote,anti_homophones
22650,1,0,0,9,3,-7.518952278032889,7.518952278032889,s8etydjER,anti_homophones
22651,1,20,0,4,1,-4.360388287058268,4.360388287058268,paRt,anti_homophones
22652,1,1,0,8,3,-6.289549642653916,6.289549642653916,paRasabl,anti_homophones
22653,1,8,0,5,2,-4.759349668166726,4.759349668166726,laS9R,anti_homophones
22654,1,0,0,7,3,-5.894660795458239,5.894660795458239,agRegys,anti_homophones
22655,1,18,0,4,2,-5.4103092881253305,5.4103092881253305,maso,anti_homophones
22656,1,5,0,4,2,-4.951386494315993,4.951386494315993,vigo,anti_homophones
22657,1,0,0,7,3,-7.553561849429643,7.553561849429643,minokER,anti_homophones
22658,1,1,0,6,3,-6.935084852865198,6.935084852865198,ZineRe,anti_homophones
22659,1,0,0,12,5,-13.120962530765185,13.120962530765185,latRikast@p§,anti_homophones
22660,1,10,0,7,3,-5.2742041600408935,5.2742041600408935,Rakasj§,anti_homophones
22661,1,0,0,13,5,-8.7379118761303,8.7379118761303,tR@ssibilisj§,anti_homophones
22662,1,2,0,6,3,-5.0470420163045615,5.0470420163045615,@titys,anti_homophones
22663,1,0,0,8,3,-9.426962736022077,9.426962736022077,fystOkiG,anti_homophones
22664,1,0,0,12,5,-7.9840821313460815,7.9840821313460815,fylgastik°m@,anti_homophones
22665,1,0,0,6,2,-6.719827299742775,6.719827299742775,dOg9Rl,anti_homophones
22666,1,0,0,8,4,-6.961169849809095,6.961169849809095,avaRat9R,anti_homophones
22667,1,0,0,7,2,-5.90484132655228,5.90484132655228,pERpEtR,anti_homophones
22668,1,0,0,9,4,-8.33986946318775,8.33986946318775,koklav°ny,anti_homophones
22669,1,19,0,3,1,-4.382453825521685,4.382453825521685,sEz,anti_homophones
22670,1,0,0,9,4,-8.878604370753362,8.878604370753362,koSimiljE,anti_homophones
22671,1,0,0,9,4,-8.482237440860391,8.482237440860391,maRaS°vEt,anti_homophones
22672,1,0,0,6,2,-5.943172192159327,5.943172192159327,dezost,anti_homophones
22673,1,0,0,9,4,-7.793242184810224,7.793242184810224,5t@poREkt,anti_homophones
22674,1,2,0,5,3,-4.945717540030142,4.945717540030142,Reafi,anti_homophones
22675,1,0,0,8,3,-5.6821487854591,5.6821487854591,k§vyls9R,anti_homophones
22676,1,0,0,11,4,-9.90598635397028,9.90598635397028,sEpsiSistun,anti_homophones
22677,1,0,0,8,4,-7.500584320262446,7.500584320262446,Olesifje,anti_homophones
22678,1,3,0,5,2,-5.074917125209886,5.074917125209886,defRE,anti_homophones
22679,1,0,0,9,4,-7.331218797657382,7.331218797657382,@Zjozitif,anti_homophones
22680,1,0,0,7,3,-7.26119241158386,7.26119241158386,pedagOd,anti_homophones
22681,1,0,0,8,3,-8.174510326023835,8.174510326023835,bj5tet9R,anti_homophones
22682,1,1,0,8,4,-7.859566566222089,7.859566566222089,otoleRj5,anti_homophones
22683,1,1,0,6,2,-7.0114405781289895,7.0114405781289895,tejabl,anti_homophones
22684,1,2,0,6,3,-6.1279041635714675,6.1279041635714675,paR@ti,anti_homophones
22685,1,0,0,8,4,-7.572175549077907,7.572175549077907,pulOt°le,anti_homophones
22686,1,0,0,8,3,-8.364022437828526,8.364022437828526,@gR@sfOn,anti_homophones
22687,1,0,0,12,5,-11.732322751011099,11.732322751011099,kas@s8azasj§,anti_homophones
22688,1,0,0,11,4,-9.251203582427987,9.251203582427987,k§pREstj§f@,anti_homophones
22689,1,0,0,8,3,-9.329185692189633,9.329185692189633,Rybjotip,anti_homophones
22690,1,0,0,6,3,-9.497820191594858,9.497820191594858,2klamy,anti_homophones
22691,1,0,0,9,4,-7.377816542581407,7.377816542581407,diREktiv@,anti_homophones
22692,1,0,0,9,4,-6.695359323486284,6.695359323486284,p@dinasj§,anti_homophones
22693,1,0,0,11,4,-9.715773721391482,9.715773721391482,sfemismat9R,anti_homophones
22694,1,0,0,6,3,-5.951057465220351,5.951057465220351,asupaZ,anti_homophones
22695,1,0,0,8,3,-7.78621094560183,7.78621094560183,k§flasje,anti_homophones
22696,1,4,0,5,2,-5.070607582106552,5.070607582106552,k§pEt,anti_homophones
22697,1,0,0,8,3,-5.907367675622349,5.907367675622349,buRZwaj5,anti_homophones
22698,1,0,0,8,4,-7.2613327729477755,7.2613327729477755,makiNole,anti_homophones
22699,1,15,0,4,2,-4.488640126611702,4.488640126611702,lime,anti_homophones
22700,1,1,0,6,2,-5.536762700399541,5.536762700399541,kROnik,anti_homophones
22701,1,14,0,3,1,-5.218791274547322,5.218791274547322,gyn,anti_homophones
22702,1,0,0,5,2,-6.343426439272617,6.343426439272617,Rusk°,anti_homophones
22703,1,15,1,4,1,-4.471835158724661,4.471835158724661,kRut,anti_homophones
22704,1,2,0,6,2,-5.642159079069239,5.642159079069239,sERvyR,anti_homophones
22705,1,5,0,5,2,-5.346235531754558,5.346235531754558,pl§b@,anti_homophones
22706,1,0,0,9,4,-7.367036557734033,7.367036557734033,ZimnaRize,anti_homophones
22707,1,2,0,6,2,-5.829655364896971,5.829655364896971,dRofOn,anti_homophones
22708,1,0,0,11,5,-12.00883747690085,12.00883747690085,kageRivalEz,anti_homophones
22709,1,2,0,6,2,-5.363996327270852,5.363996327270852,pinjER,anti_homophones
22710,1,1,0,6,2,-6.240704982048154,6.240704982048154,plenit,anti_homophones
22711,1,0,0,7,3,-7.147224758463637,7.147224758463637,bonEste,anti_homophones
22712,1,1,0,6,2,-5.736822878419094,5.736822878419094,pR2mik,anti_homophones
22713,1,1,0,5,2,-5.839076225618619,5.839076225618619,m§dEl,anti_homophones
22714,1,5,1,6,3,-5.159407022341683,5.159407022341683,domine,anti_homophones
22715,1,0,0,8,3,-11.124629858278228,11.124629858278228,8itSekOR,anti_homophones
22716,1,0,0,10,3,-11.906563141291603,11.906563141291603,eSaRkspRys,anti_homophones
22717,1,5,0,5,2,-5.39387963433345,5.39387963433345,apROt,anti_homophones
22718,1,0,0,10,4,-10.056956928832568,10.056956928832568,bERtisabOS,anti_homophones
22719,1,0,0,9,4,-8.896103599789663,8.896103599789663,zukadRuje,anti_homophones
22720,1,0,0,11,4,-12.982784609404955,12.982784609404955,sofORtatOlt,anti_homophones
22721,1,0,0,10,4,-8.950822352998156,8.950822352998156,kokiNonist,anti_homophones
22722,1,14,1,6,3,-4.674132708033419,4.674132708033419,s@t°m@,anti_homophones
22723,1,1,0,8,4,-6.8313877184226115,6.8313877184226115,ekRut°m@,anti_homophones
22724,1,0,0,9,4,-10.229025954566422,10.229025954566422,aRp@tysil,anti_homophones
22725,1,0,0,10,5,-9.564124168163566,9.564124168163566,aRboRe5vEk,anti_homophones
22726,1,1,0,6,2,-6.91902678492194,6.91902678492194,R°n8El,anti_homophones
22727,1,1,0,6,2,-8.044620100957065,8.044620100957065,sERv9l,anti_homophones
22728,1,6,0,3,1,-4.707082689551253,4.707082689551253,mj2,anti_homophones
22729,1,11,0,3,1,-5.033841708907742,5.033841708907742,Rod,anti_homophones
22730,1,0,0,13,4,-12.207536562159882,12.207536562159882,kafkasbERtizm,anti_homophones
22731,1,3,0,6,2,-5.761236475951986,5.761236475951986,batjER,anti_homophones
22732,1,5,0,4,1,-4.279982306054947,4.279982306054947,flOt,anti_homophones
22733,1,0,0,8,3,-9.998852950663936,9.998852950663936,asp5sist,anti_homophones
22734,1,1,0,7,3,-6.016017781523749,6.016017781523749,s@d@Z9R,anti_homophones
22735,1,0,0,9,4,-5.545087592663718,5.545087592663718,Egzisjone,anti_homophones
22736,1,0,0,10,4,-9.815183575048898,9.815183575048898,gal§Zelast,anti_homophones
22737,1,11,0,6,3,-4.532901522550416,4.532901522550416,pap°m@,anti_homophones
22738,1,0,0,8,3,-7.699182102727128,7.699182102727128,lEgmoizm,anti_homophones
22739,1,1,0,8,3,-5.7722871353337295,5.7722871353337295,EksjOnal,anti_homophones
22740,1,0,0,9,3,-7.9708578077465555,7.9708578077465555,patEstRaZ,anti_homophones
22741,1,0,0,11,4,-7.051958535247157,7.051958535247157,taksEptasj§,anti_homophones
22742,1,4,0,5,2,-6.495065214366036,6.495065214366036,stiti,anti_homophones
22743,1,4,1,5,2,-4.6767764697021565,4.6767764697021565,lEd9R,anti_homophones
22744,1,0,0,9,4,-7.5011848124236185,7.5011848124236185,simatityd,anti_homophones
22745,1,0,0,11,5,-8.254011085482329,8.254011085482329,ORbik8is°m@,anti_homophones
22746,1,0,0,7,3,-6.045144843089724,6.045144843089724,pERmase,anti_homophones
22747,1,0,0,6,3,-6.961580273471968,6.961580273471968,lapiRi,anti_homophones
22748,1,1,0,7,3,-6.602499539349505,6.602499539349505,ORgamEn,anti_homophones
22749,1,1,0,7,3,-5.8227191042487405,5.8227191042487405,@viRZik,anti_homophones
22750,1,0,0,7,3,-8.322239092696202,8.322239092696202,8ileniS,anti_homophones
22751,1,0,0,10,4,-9.389716458341608,9.389716458341608,maRtRepoze,anti_homophones
22752,1,7,0,5,3,-5.207854063629226,5.207854063629226,@tide,anti_homophones
22753,1,4,0,6,2,-5.933671052220107,5.933671052220107,sikabl,anti_homophones
22754,1,0,0,9,4,-8.434542390435924,8.434542390435924,eRovinist,anti_homophones
22755,1,7,1,6,3,-5.055863932951535,5.055863932951535,bos°m@,anti_homophones
22756,1,7,0,3,1,-4.401134926826864,4.401134926826864,nEf,anti_homophones
22757,1,0,0,9,4,-8.765784834427896,8.765784834427896,maSikalje,anti_homophones
22758,1,0,0,13,5,-8.216960792326498,8.216960792326498,elEkt8ozitizm,anti_homophones
22759,1,0,0,14,5,-9.119132426351145,9.119132426351145,R@fenogRafjabl,anti_homophones
22760,1,3,1,5,2,-4.620714176198378,4.620714176198378,s@ble,anti_homophones
22761,1,0,0,6,2,-6.725197688248511,6.725197688248511,bakORd,anti_homophones
22762,1,0,0,9,3,-9.815592501137909,9.815592501137909,lokaRtjEn,anti_homophones
22763,1,0,0,8,4,-6.327588407080556,6.327588407080556,gonal°m@,anti_homophones
22764,1,2,0,6,3,-5.825648855961896,5.825648855961896,k§bije,anti_homophones
22765,1,13,0,3,2,-4.64953240489919,4.64953240489919,@ko,anti_homophones
22766,1,3,0,5,2,-6.450220265063409,6.450220265063409,vizan,anti_homophones
22767,1,0,0,9,4,-8.435232472257242,8.435232472257242,eljogRafo,anti_homophones
22768,1,0,0,6,2,-8.335509102052995,8.335509102052995,iktORs,anti_homophones
22769,1,5,0,4,2,-4.972315751522039,4.972315751522039,leZ@,anti_homophones
22770,1,6,0,4,2,-5.2640689260474804,5.2640689260474804,pen§,anti_homophones
22771,1,6,0,5,2,-4.556607008521244,4.556607008521244,elEks,anti_homophones
22772,1,0,0,8,3,-7.592270829199321,7.592270829199321,kRezij9R,anti_homophones
22773,1,0,1,5,2,-5.102435744138015,5.102435744138015,R2bEk,anti_homophones
22774,1,1,0,5,2,-5.581093141381571,5.581093141381571,bavaj,anti_homophones
22775,1,0,0,9,4,-8.942351993779981,8.942351993779981,desibwajo,anti_homophones
22776,1,2,0,5,2,-6.083782021056811,6.083782021056811,fofik,anti_homophones
22777,1,0,0,7,3,-8.114335541816569,8.114335541816569,Egz@ps@,anti_homophones
22778,1,0,0,8,4,-7.51584982822868,7.51584982822868,ameRilje,anti_homophones
22779,1,0,0,6,3,-6.590554907272906,6.590554907272906,fosEl@,anti_homophones
22780,1,0,0,7,3,-7.527301930128351,7.527301930128351,REsabl2,anti_homophones
22781,1,1,0,6,3,-6.352405971985383,6.352405971985383,napije,anti_homophones
22782,1,2,0,6,2,-6.204397795066671,6.204397795066671,sakROb,anti_homophones
22783,1,0,0,9,4,-7.139994988924614,7.139994988924614,venetisj§,anti_homophones
22784,1,6,0,4,2,-5.752359864646435,5.752359864646435,wat5,anti_homophones
22785,1,3,0,6,2,-6.220982019165617,6.220982019165617,Rodizm,anti_homophones
22786,1,2,0,5,3,-6.664662589357355,6.664662589357355,Okaik,anti_homophones
22787,1,0,0,7,3,-7.1333732149734885,7.1333732149734885,sabilj5,anti_homophones
22788,1,0,0,8,4,-8.321168383143108,8.321168383143108,ReasOn9R,anti_homophones
22789,1,0,0,10,5,-10.712468727666074,10.712468727666074,minabilEte,anti_homophones
22790,1,0,0,10,4,-8.015457873391957,8.015457873391957,pl@talizaZ,anti_homophones
22791,1,46,0,2,1,-4.567913689025188,4.567913689025188,as,anti_homophones
22792,1,0,0,5,3,-5.930510650179025,5.930510650179025,5vol@,anti_homophones
22793,1,1,0,5,2,-6.31637027926141,6.31637027926141,Z@daj,anti_homophones
22794,1,0,0,8,4,-8.742613342845825,8.742613342845825,5tetista,anti_homophones
22795,1,4,0,4,2,-5.242768862786682,5.242768862786682,b5ze,anti_homophones
22796,1,1,1,5,2,-4.716907799717483,4.716907799717483,R°pik,anti_homophones
22797,1,0,0,9,4,-7.879819499702226,7.879819499702226,masORbije,anti_homophones
22798,1,4,0,4,2,-5.196772774056836,5.196772774056836,R§S§,anti_homophones
22799,1,3,0,7,3,-4.863878051626862,4.863878051626862,kolat9R,anti_homophones
22800,1,0,0,6,2,-5.632609428409918,5.632609428409918,fl8idi,anti_homophones
22801,1,5,0,5,2,-5.527231681936114,5.527231681936114,p@tuR,anti_homophones
22802,1,3,0,6,2,-5.418061013784704,5.418061013784704,bRES9R,anti_homophones
22803,1,1,0,6,3,-6.093851676590707,6.093851676590707,kut@Se,anti_homophones
22804,1,7,1,7,3,-4.6758121609099526,4.6758121609099526,R°lasj§,anti_homophones
22805,1,0,0,7,3,-6.291235159892183,6.291235159892183,zebylER,anti_homophones
22806,1,0,0,9,4,-9.132251516099618,9.132251516099618,pReaktifa,anti_homophones
22807,1,0,0,9,3,-9.483046654789987,9.483046654789987,5fiRmamzm,anti_homophones
22808,1,0,0,11,5,-7.388116509799431,7.388116509799431,v@taRizasj§,anti_homophones
22809,1,0,0,10,5,-8.17764215973707,8.17764215973707,@gRoN2z°m@,anti_homophones
22810,1,11,0,6,3,-4.8103953663353565,4.8103953663353565,m@d°m@,anti_homophones
22811,1,8,0,4,1,-4.960019074346307,4.960019074346307,REks,anti_homophones
22812,1,0,0,10,4,-6.923594940940057,6.923594940940057,maRZitasj§,anti_homophones
22813,1,1,0,7,2,-6.151808102976996,6.151808102976996,bR2vabl,anti_homophones
22814,1,0,0,14,5,-15.125076356903362,15.125076356903362,kRwatR5batRoti,anti_homophones
22815,1,0,0,7,3,-7.5811919999063235,7.5811919999063235,R§Z°REt,anti_homophones
22816,1,18,1,4,2,-4.772150551202604,4.772150551202604,ilER,anti_homophones
22817,1,1,0,8,4,-7.313067507249855,7.313067507249855,dital°m@,anti_homophones
22818,1,2,0,6,3,-5.092444598591943,5.092444598591943,dezon@,anti_homophones
22819,1,2,0,9,4,-5.802613544972223,5.802613544972223,veRikasj§,anti_homophones
22820,1,16,1,5,2,-5.312265142974979,5.312265142974979,koRaZ,anti_homophones
22821,1,0,0,9,3,-7.092462808753122,7.092462808753122,m@bRaktif,anti_homophones
22822,1,3,0,6,2,-5.288934095178653,5.288934095178653,lwaj9R,anti_homophones
22823,1,11,0,5,2,-5.070411763782221,5.070411763782221,RatER,anti_homophones
22824,1,0,0,10,5,-10.281012131523251,10.281012131523251,5pRotobys§,anti_homophones
22825,1,0,0,8,3,-9.995052928290605,9.995052928290605,vopOltik,anti_homophones
22826,1,0,0,11,4,-9.215464610418186,9.215464610418186,kostistasj§,anti_homophones
22827,1,1,1,5,2,-5.895510326340921,5.895510326340921,R@kil,anti_homophones
22828,1,1,0,5,2,-5.714487340726243,5.714487340726243,mjazi,anti_homophones
22829,1,6,0,4,1,-4.813600830009293,4.813600830009293,kl@S,anti_homophones
22830,1,9,0,3,1,-4.644000628736094,4.644000628736094,b@g,anti_homophones
22831,1,1,0,5,3,-6.199738012820856,6.199738012820856,yRymo,anti_homophones
22832,1,0,0,12,4,-8.439162893050506,8.439162893050506,tR@smikRokij,anti_homophones
22833,1,7,0,4,1,-4.661666647957362,4.661666647957362,lj9R,anti_homophones
22834,1,2,0,5,2,-5.656115169530275,5.656115169530275,venaR,anti_homophones
22835,1,0,0,6,3,-6.501705600194839,6.501705600194839,akOlOg,anti_homophones
22836,1,10,0,4,2,-5.081360433568456,5.081360433568456,@guR,anti_homophones
22837,1,0,0,9,3,-6.3785076527900575,6.3785076527900575,EgzagR@dR,anti_homophones
22838,1,0,0,10,4,-8.884024261808095,8.884024261808095,bigalastik,anti_homophones
22839,1,0,0,6,2,-6.757578509880407,6.757578509880407,RaftiG,anti_homophones
22840,1,0,0,9,4,-7.510164426914947,7.510164426914947,lagR@d°Ri,anti_homophones
22841,1,1,0,6,3,-6.383878803667827,6.383878803667827,@Z@bj@,anti_homophones
22842,1,0,0,9,3,-6.735463958986302,6.735463958986302,bERkytwaR,anti_homophones
22843,1,0,0,9,5,-9.355271853775276,9.355271853775276,efilobyze,anti_homophones
22844,1,1,0,10,4,-8.359209368942466,8.359209368942466,kalkoRatif,anti_homophones
22845,1,0,0,7,3,-5.990617462246265,5.990617462246265,nonykle,anti_homophones
22846,1,13,0,4,2,-4.926716354395576,4.926716354395576,Sapi,anti_homophones
22847,1,0,0,10,4,-9.3336812610457,9.3336812610457,ZyRasazjER,anti_homophones
22848,1,0,0,7,3,-7.507142454354651,7.507142454354651,@bRyZit,anti_homophones
22849,1,0,0,6,3,-6.265273958437001,6.265273958437001,5dikt5,anti_homophones
22850,1,16,0,4,2,-4.80287134481462,4.80287134481462,fete,anti_homophones
22851,1,16,0,3,1,-4.613681580426168,4.613681580426168,Sje,anti_homophones
22852,1,0,0,7,3,-6.467062367831357,6.467062367831357,tRonome,anti_homophones
22853,1,0,0,6,2,-6.582936493187025,6.582936493187025,pRolj2,anti_homophones
22854,1,0,0,7,3,-6.5731285566328905,6.5731285566328905,SaRnaZe,anti_homophones
22855,1,0,0,7,4,-9.382575976820906,9.382575976820906,ElEREte,anti_homophones
22856,1,0,0,11,5,-9.87701637544461,9.87701637544461,balokaRis9R,anti_homophones
22857,1,0,0,11,4,-8.191424436274497,8.191424436274497,tRaviguRdiR,anti_homophones
22858,1,4,0,5,3,-5.764212739256587,5.764212739256587,@k§te,anti_homophones
22859,1,11,1,4,2,-4.75424470030273,4.75424470030273,safi,anti_homophones
22860,1,1,0,7,3,-6.624556999993531,6.624556999993531,R°s@bRe,anti_homophones
22861,1,1,0,5,2,-6.531761176335069,6.531761176335069,faRl@,anti_homophones
22862,1,0,0,7,3,-6.5532686164521365,6.5532686164521365,R2final,anti_homophones
22863,1,2,0,4,2,-5.053173695862167,5.053173695862167,es8e,anti_homophones
22864,1,6,0,4,2,-5.360639887046607,5.360639887046607,dola,anti_homophones
22865,1,0,0,14,5,-13.557075687494464,13.557075687494464,gRamajastRikOt,anti_homophones
22866,1,6,0,5,2,-4.657224858531959,4.657224858531959,def@s,anti_homophones
22867,1,0,0,9,5,-9.077640408246436,9.077640408246436,5f@tikylE,anti_homophones
22868,1,5,0,5,2,-5.637039460556079,5.637039460556079,binj5,anti_homophones
22869,1,0,0,12,4,-8.543872855900876,8.543872855900876,dek§stRyktaZ,anti_homophones
22870,1,2,0,6,2,-7.035499081193052,7.035499081193052,kRoSyt,anti_homophones
22871,1,0,0,6,3,-6.954003404242235,6.954003404242235,veRulE,anti_homophones
22872,1,1,0,6,3,-6.03071798355189,6.03071798355189,agREn2,anti_homophones
22873,1,1,0,6,2,-5.9164865464212,5.9164865464212,spRuve,anti_homophones
22874,1,13,0,4,1,-4.661172463723156,4.661172463723156,SatR,anti_homophones
22875,1,6,0,4,2,-4.322421090235457,4.322421090235457,5tEn,anti_homophones
22876,1,0,0,7,3,-9.367556069827533,9.367556069827533,kal9ROn,anti_homophones
22877,1,2,0,5,2,-6.002240687248003,6.002240687248003,gapEl,anti_homophones
22878,1,0,0,7,3,-5.856971026576412,5.856971026576412,syRZ@te,anti_homophones
22879,1,0,0,15,5,-11.284069507389829,11.284069507389829,bastif§kt8alizm,anti_homophones
22880,1,0,0,9,5,-8.332859667017447,8.332859667017447,lav°lope5,anti_homophones
22881,1,0,0,10,4,-10.747422532136685,10.747422532136685,gaRuSaRlEt,anti_homophones
22882,1,0,0,11,4,-9.229602661000271,9.229602661000271,l@tERmonizm,anti_homophones
22883,1,0,0,8,4,-7.296878628804559,7.296878628804559,toRal°te,anti_homophones
22884,1,0,0,12,4,-10.14724408740329,10.14724408740329,splwatyRas9R,anti_homophones
22885,1,10,0,5,2,-5.674883225413203,5.674883225413203,abizm,anti_homophones
22886,1,2,0,6,2,-5.338409710657103,5.338409710657103,floRj5,anti_homophones
22887,1,3,0,6,3,-7.7581922902763605,7.7581922902763605,mat°mi,anti_homophones
22888,1,1,0,8,3,-6.643045509384073,6.643045509384073,R°sORtyR,anti_homophones
22889,1,0,0,6,3,-6.958584278307156,6.958584278307156,abolip,anti_homophones
22890,1,7,0,4,2,-4.8493082568140355,4.8493082568140355,dym@,anti_homophones
22891,1,0,0,6,3,-6.09936456224269,6.09936456224269,R°fyz@,anti_homophones
22892,1,0,0,9,4,-9.65269491107896,9.65269491107896,aRtyliz9R,anti_homophones
22893,1,0,1,7,3,-4.853327956743764,4.853327956743764,kaf°tje,anti_homophones
22894,1,3,0,5,2,-4.952796824897447,4.952796824897447,bR@l@,anti_homophones
22895,1,0,0,11,5,-10.759383862991857,10.759383862991857,s5tiRiteRj5,anti_homophones
22896,1,9,0,4,1,-4.879936192434497,4.879936192434497,kRyR,anti_homophones
22897,1,2,0,7,3,-7.640815643836788,7.640815643836788,Odykt9R,anti_homophones
22898,1,4,1,4,2,-4.981557058004597,4.981557058004597,S@pi,anti_homophones
22899,1,4,0,6,3,-5.7227099953646,5.7227099953646,dekaRi,anti_homophones
22900,1,2,0,7,4,-5.631275618110116,5.631275618110116,EtOn°m@,anti_homophones
22901,1,0,0,11,5,-8.650285253603833,8.650285253603833,Ekswajal°m@,anti_homophones
22902,1,0,0,12,5,-11.077171754163086,11.077171754163086,kavORtygalit,anti_homophones
22903,1,1,0,5,2,-6.714206347780182,6.714206347780182,filOZ,anti_homophones
22904,1,1,0,6,3,-6.639211437151169,6.639211437151169,5pylte,anti_homophones
22905,1,1,0,6,3,-6.208984367647312,6.208984367647312,vomino,anti_homophones
22906,1,0,0,7,3,-8.68884539867042,8.68884539867042,boglaje,anti_homophones
22907,1,0,0,9,4,-8.06695515696731,8.06695515696731,pepilOZik,anti_homophones
22908,1,14,1,4,1,-4.236017163783054,4.236017163783054,nabl,anti_homophones
22909,1,3,0,4,1,-6.283310800489699,6.283310800489699,k9Rs,anti_homophones
22910,1,0,0,10,4,-9.011333463053079,9.011333463053079,ilystjazik,anti_homophones
22911,1,0,0,9,4,-8.004330274806211,8.004330274806211,ZiROpatif,anti_homophones
22912,1,0,0,9,4,-7.599189692781368,7.599189692781368,pERkyl@se,anti_homophones
22913,1,0,0,8,3,-6.809352788912743,6.809352788912743,notaRist,anti_homophones
22914,1,0,0,8,3,-5.6032457174183845,5.6032457174183845,debluizm,anti_homophones
22915,1,0,0,8,4,-7.044846748289288,7.044846748289288,ORleanik,anti_homophones
22916,1,0,0,12,5,-11.097914549792408,11.097914549792408,kaRtoditEmpo,anti_homophones
22917,1,0,0,12,4,-9.406893278510244,9.406893278510244,tEkstResjone,anti_homophones
22918,1,17,0,4,1,-5.160073676857415,5.160073676857415,8ist,anti_homophones
22919,1,0,0,10,4,-10.086299539807838,10.086299539807838,laglap°lyR,anti_homophones
22920,1,8,0,4,1,-5.362149793315463,5.362149793315463,fRig,anti_homophones
22921,1,0,0,8,3,-8.301630573972147,8.301630573972147,bR§zofaZ,anti_homophones
22922,1,0,0,9,3,-8.885146536688687,8.885146536688687,k§Zyglist,anti_homophones
22923,1,1,0,5,2,-6.6844478994861305,6.6844478994861305,abRus,anti_homophones
22924,1,3,0,5,2,-5.804879995105675,5.804879995105675,5pRij,anti_homophones
22925,1,7,0,4,2,-6.556872519772924,6.556872519772924,5dEt,anti_homophones
22926,1,0,0,10,4,-6.707838549970015,6.707838549970015,s5ptOlOZik,anti_homophones
22927,1,0,0,10,4,-8.394478354273854,8.394478354273854,@glismatif,anti_homophones
22928,1,0,0,11,5,-11.530565568243691,11.530565568243691,bigid§vikys,anti_homophones
22929,1,1,0,9,4,-5.301504562590766,5.301504562590766,fR@Sis°m@,anti_homophones
22930,1,0,0,9,5,-10.685196241687397,10.685196241687397,iNam5size,anti_homophones
22931,1,0,0,9,4,-8.88397902359194,8.88397902359194,kaRok@paZ,anti_homophones
22932,1,2,1,6,2,-5.854821403407225,5.854821403407225,syspid,anti_homophones
22933,1,4,0,4,2,-4.801574794598539,4.801574794598539,Okt@,anti_homophones
22934,1,0,0,7,3,-7.426509125910099,7.426509125910099,5kleRat,anti_homophones
22935,1,0,0,9,5,-11.80453994170743,11.80453994170743,seZiRasao,anti_homophones
22936,1,6,0,6,2,-5.187762208037124,5.187762208037124,REstj§,anti_homophones
22937,1,6,0,8,4,-5.554020912638721,5.554020912638721,amizasj§,anti_homophones
22938,1,8,1,4,2,-4.800955753703653,4.800955753703653,SiNe,anti_homophones
22939,1,11,0,4,1,-4.589523981771669,4.589523981771669,kwEt,anti_homophones
22940,1,2,1,5,2,-4.90747751582886,4.90747751582886,5klyR,anti_homophones
22941,1,3,1,5,2,-4.8705306780010105,4.8705306780010105,k§vOk,anti_homophones
22942,1,6,1,7,3,-4.346441469250969,4.346441469250969,tRik°m@,anti_homophones
22943,1,0,0,15,5,-15.246235662602755,15.246235662602755,deSalokspERmist,anti_homophones
22944,1,0,0,7,3,-7.363925534639719,7.363925534639719,ZimaZ9R,anti_homophones
22945,1,2,0,6,3,-5.573641544938176,5.573641544938176,Eksime,anti_homophones
22946,1,0,0,8,3,-6.528219974846192,6.528219974846192,s5pl@tER,anti_homophones
22947,1,1,0,7,3,-6.276880042023362,6.276880042023362,Ragwaje,anti_homophones
22948,1,6,0,6,3,-5.240686953079005,5.240686953079005,amat9R,anti_homophones
22949,1,14,0,3,1,-4.60893815649914,4.60893815649914,kyn,anti_homophones
22950,1,5,1,5,2,-4.720635350082097,4.720635350082097,pityd,anti_homophones
22951,1,0,0,11,5,-10.446574640379199,10.446574640379199,Radystitiz@,anti_homophones
22952,1,10,0,6,3,-4.94394965581557,4.94394965581557,tij°m@,anti_homophones
22953,1,0,0,6,3,-5.419832654313479,5.419832654313479,R°Soke,anti_homophones
22954,1,5,1,5,2,-5.042548099901541,5.042548099901541,Ost@s,anti_homophones
22955,1,5,0,6,3,-6.024462419278908,6.024462419278908,pElize,anti_homophones
22956,1,1,0,6,3,-6.033244831170602,6.033244831170602,Zym°t§,anti_homophones
22957,1,0,0,6,3,-6.403215422936241,6.403215422936241,§kol9R,anti_homophones
22958,1,0,0,9,4,-9.020194423086126,9.020194423086126,paveRisid,anti_homophones
22959,1,3,0,7,3,-5.41418178364921,5.41418178364921,tR§bine,anti_homophones
22960,1,3,0,5,2,-6.316295785571238,6.316295785571238,b°zEn,anti_homophones
22961,1,0,0,7,3,-6.689044211603606,6.689044211603606,ERp8iz@,anti_homophones
22962,1,0,0,6,3,-7.586911901184062,7.586911901184062,5S@Zwe,anti_homophones
22963,1,0,0,7,2,-7.857979508446057,7.857979508446057,fERt82z,anti_homophones
22964,1,15,1,3,1,-5.423754651629926,5.423754651629926,Ziz,anti_homophones
22965,1,28,0,2,1,-4.56806420226726,4.56806420226726,vi,anti_homophones
22966,1,3,1,6,3,-5.003539394227435,5.003539394227435,R§Z°m@,anti_homophones
22967,1,3,0,5,2,-4.97508659717588,4.97508659717588,bR°Ri,anti_homophones
22968,1,0,0,5,2,-5.046056033435465,5.046056033435465,Sanwi,anti_homophones
22969,1,0,0,11,4,-9.904124337593073,9.904124337593073,OpsEkstenal,anti_homophones
22970,1,0,0,7,3,-8.609559767645404,8.609559767645404,ikostaf,anti_homophones
22971,1,0,0,8,3,-6.93732136968417,6.93732136968417,manigRaf,anti_homophones
22972,1,0,0,10,5,-10.71369658387729,10.71369658387729,5tig@bERZi,anti_homophones
22973,1,0,0,9,4,-6.865822769069215,6.865822769069215,kybikasj§,anti_homophones
22974,1,2,0,6,2,-5.4234389358621415,5.4234389358621415,visabl,anti_homophones
22975,1,0,0,12,4,-11.58288882232599,11.58288882232599,zEptOksjonik,anti_homophones
22976,1,0,0,11,4,-9.689981341151714,9.689981341151714,EgzybmERsEl,anti_homophones
22977,1,0,0,12,4,-10.13896001553211,10.13896001553211,bRylasfatabl,anti_homophones
22978,1,0,0,10,4,-9.06106999737893,9.06106999737893,nibalEktif,anti_homophones
22979,1,1,0,7,3,-6.0631636213461295,6.0631636213461295,tRibyte,anti_homophones
22980,1,0,0,7,4,-8.550469560909846,8.550469560909846,s5kOEte,anti_homophones
22981,1,0,0,6,2,-7.848578312795635,7.848578312795635,t§klyn,anti_homophones
22982,1,2,0,7,3,-5.600101508682566,5.600101508682566,fORZ°Ri,anti_homophones
22983,1,0,0,8,3,-9.524201377609913,9.524201377609913,pOlkalEg,anti_homophones
22984,1,0,0,8,3,-7.191216849786138,7.191216849786138,R°tuRliG,anti_homophones
22985,1,3,0,7,3,-6.791774575837844,6.791774575837844,ksilite,anti_homophones
22986,1,0,0,5,3,-6.2551573663021545,6.2551573663021545,enigo,anti_homophones
22987,1,3,0,5,2,-5.577575491770327,5.577575491770327,fRygo,anti_homophones
22988,1,3,0,7,4,-5.19817838908641,5.19817838908641,5tEn°m@,anti_homophones
22989,1,0,0,12,5,-9.775037575119846,9.775037575119846,pw5timen5Zj5,anti_homophones
22990,1,1,0,6,2,-5.498707005981673,5.498707005981673,povREs,anti_homophones
22991,1,3,0,5,2,-4.934043749396341,4.934043749396341,siR9R,anti_homophones
22992,1,3,0,5,3,-7.956561454377767,7.956561454377767,§domi,anti_homophones
22993,1,1,0,4,1,-7.078496039482037,7.078496039482037,n8at,anti_homophones
22994,1,8,0,3,2,-4.704387538060111,4.704387538060111,Ze@,anti_homophones
22995,1,6,0,4,1,-4.947696577850125,4.947696577850125,fuRn,anti_homophones
22996,1,0,0,10,5,-7.699896197779863,7.699896197779863,febluis°Ri,anti_homophones
22997,1,4,0,5,2,-5.837932632093527,5.837932632093527,futaR,anti_homophones
22998,1,1,0,8,4,-5.509930712967215,5.509930712967215,modik°m@,anti_homophones
22999,1,12,0,4,1,-5.22596436781202,5.22596436781202,galv,anti_homophones
23000,1,6,0,4,2,-5.526845691997798,5.526845691997798,Z@da,anti_homophones
23001,1,0,0,10,4,-8.282508252937896,8.282508252937896,maks@tisj§,anti_homophones
23002,1,1,0,6,3,-6.1261505788081525,6.1261505788081525,dekuv2,anti_homophones
23003,1,2,1,8,3,-6.349975997945974,6.349975997945974,kaRitabl,anti_homophones
23004,1,0,0,10,5,-7.741191948686886,7.741191948686886,petijis°m@,anti_homophones
23005,1,0,0,9,4,-10.719258688592694,10.719258688592694,ynitSeEks,anti_homophones
23006,1,5,1,5,2,-4.476192237079452,4.476192237079452,sypEt,anti_homophones
23007,1,0,0,11,4,-10.502439089343943,10.502439089343943,bRaZeljonEt,anti_homophones
23008,1,1,0,6,3,-5.769916847967015,5.769916847967015,seveRe,anti_homophones
23009,1,14,0,4,1,-5.241090302915462,5.241090302915462,pRak,anti_homophones
23010,1,0,0,9,4,-7.731394733695927,7.731394733695927,Sal@tis9R,anti_homophones
23011,1,0,0,9,4,-6.343461209971432,6.343461209971432,aktivasj§,anti_homophones
23012,1,0,0,6,3,-8.285311671146859,8.285311671146859,amyz9v,anti_homophones
23013,1,0,0,6,3,-7.396983364331535,7.396983364331535,feROl5,anti_homophones
23014,1,0,0,9,4,-6.765038932999775,6.765038932999775,defalonje,anti_homophones
23015,1,0,0,9,3,-9.771769380233488,9.771769380233488,spEktaviz,anti_homophones
23016,1,7,0,4,2,-5.486585113773193,5.486585113773193,fyli,anti_homophones
23017,1,0,0,8,3,-6.25902456538797,6.25902456538797,kometabl,anti_homophones
23018,1,0,0,8,3,-6.304204742522361,6.304204742522361,5k§stRaZ,anti_homophones
23019,1,11,0,4,2,-5.082352859817121,5.082352859817121,bim@,anti_homophones
23020,1,0,0,8,3,-7.0788497853803625,7.0788497853803625,bj5vERbe,anti_homophones
23021,1,0,0,8,3,-7.754013389817055,7.754013389817055,kanjatRi,anti_homophones
23022,1,1,0,10,4,-7.1264667558968116,7.1264667558968116,psidikasj§,anti_homophones
23023,1,5,0,5,2,-5.1785468743208485,5.1785468743208485,sypte,anti_homophones
23024,1,0,0,10,4,-5.97898314624784,5.97898314624784,pResjalite,anti_homophones
23025,1,13,0,4,2,-4.925931516064827,4.925931516064827,iRaZ,anti_homophones
23026,1,1,0,7,3,-7.228304609444103,7.228304609444103,batofOn,anti_homophones
23027,1,0,0,5,2,-6.099910693975248,6.099910693975248,labuR,anti_homophones
23028,1,0,0,8,4,-6.306385696571937,6.306385696571937,R°peRize,anti_homophones
23029,1,9,0,4,2,-4.722506469896567,4.722506469896567,koER,anti_homophones
23030,1,3,0,5,2,-5.7524018749604435,5.7524018749604435,maRku,anti_homophones
23031,1,9,1,3,2,-4.199783438440624,4.199783438440624,Em@,anti_homophones
23032,1,0,0,8,3,-7.4834475411333,7.4834475411333,dutaRjal,anti_homophones
23033,1,1,0,9,4,-8.108322783592689,8.108322783592689,syplisin@,anti_homophones
23034,1,4,0,6,2,-5.423559339279401,5.423559339279401,kazjER,anti_homophones
23035,1,0,0,7,2,-5.919275784072048,5.919275784072048,pResEpt,anti_homophones
23036,1,0,0,7,3,-6.5235401705261875,6.5235401705261875,5guvERn,anti_homophones
23037,1,0,0,9,4,-7.243483866299104,7.243483866299104,pReminize,anti_homophones
23038,1,1,0,7,3,-6.540547192096999,6.540547192096999,butonaR,anti_homophones
23039,1,1,0,7,2,-6.568258923815693,6.568258923815693,pRekOfR,anti_homophones
23040,1,2,0,7,3,-5.713134906269093,5.713134906269093,k§t@sje,anti_homophones
23041,1,0,0,10,4,-8.549013725503848,8.549013725503848,zoosp§dwaR,anti_homophones
23042,1,0,0,7,2,-5.316389987010423,5.316389987010423,t@plwaR,anti_homophones
23043,1,0,0,6,3,-5.67973426288934,5.67973426288934,epidzi,anti_homophones
23044,1,0,0,7,2,-7.199169869341555,7.199169869341555,fRipsj2,anti_homophones
23045,1,6,0,3,1,-4.704827617760891,4.704827617760891,byN,anti_homophones
23046,1,0,0,8,4,-6.621893692144951,6.621893692144951,lymis°m@,anti_homophones
23047,1,2,0,6,3,-6.459490367475341,6.459490367475341,l@bute,anti_homophones
23048,1,0,0,8,4,-7.9016278570423335,7.9016278570423335,mORam§te,anti_homophones
23049,1,0,0,8,4,-8.113611639641418,8.113611639641418,5tERwazo,anti_homophones
23050,1,0,0,9,3,-7.924745335044145,7.924745335044145,pORtebRaj,anti_homophones
23051,1,0,0,9,4,-6.118559419870539,6.118559419870539,p@dj2z°m@,anti_homophones
23052,1,0,0,9,4,-7.232466936611586,7.232466936611586,syRdoloZi,anti_homophones
23053,1,0,0,7,3,-7.090634207647568,7.090634207647568,v@pilEt,anti_homophones
23054,1,16,1,4,1,-4.3934105409326465,4.3934105409326465,klaR,anti_homophones
23055,1,0,0,9,4,-9.09451019869214,9.09451019869214,kas°mERdy,anti_homophones
23056,1,4,0,7,3,-6.303740973155945,6.303740973155945,taRatif,anti_homophones
23057,1,5,0,6,3,-5.43348502105328,5.43348502105328,5tERve,anti_homophones
23058,1,1,0,6,2,-5.674395672099269,5.674395672099269,baRkiG,anti_homophones
23059,1,7,0,5,1,-4.8957981187483295,4.8957981187483295,bORdR,anti_homophones
23060,1,5,0,6,2,-5.32946454208982,5.32946454208982,k§tist,anti_homophones
23061,1,0,0,9,4,-8.141897794131173,8.141897794131173,atRom@sje,anti_homophones
23062,1,0,0,8,4,-8.456750352906514,8.456750352906514,avitRip@,anti_homophones
23063,1,4,0,5,2,-5.015543501857093,5.015543501857093,f°nEt,anti_homophones
23064,1,7,0,6,3,-4.879994632040528,4.879994632040528,vaS°m@,anti_homophones
23065,1,9,1,5,2,-5.019949969029089,5.019949969029089,vERn@,anti_homophones
23066,1,0,0,9,4,-7.643876583198856,7.643876583198856,piseminal,anti_homophones
23067,1,5,0,4,1,-6.716832570765874,6.716832570765874,kOlb,anti_homophones
23068,1,3,0,5,2,-5.364696180103584,5.364696180103584,swaNe,anti_homophones
23069,1,3,0,6,2,-5.347013899390438,5.347013899390438,divERn,anti_homophones
23070,1,7,0,4,2,-4.372127360191571,4.372127360191571,5sid,anti_homophones
23071,1,0,1,8,3,-6.230701165141991,6.230701165141991,k§pRoZEn,anti_homophones
23072,1,16,0,5,2,-4.475226348886216,4.475226348886216,deziR,anti_homophones
23073,1,0,0,8,4,-6.547109771428862,6.547109771428862,sOs9l°m@,anti_homophones
23074,1,3,0,6,3,-6.26376063836987,6.26376063836987,aRgujE,anti_homophones
23075,1,1,0,7,3,-6.818813199173267,6.818813199173267,tRibujy,anti_homophones
23076,1,0,0,12,5,-10.50026885029599,10.50026885029599,R°v@tERmiRwa,anti_homophones
23077,1,1,0,10,3,-7.4509971761384275,7.4509971761384275,pRepaRtist,anti_homophones
23078,1,2,0,5,2,-6.214252310451052,6.214252310451052,5bRaZ,anti_homophones
23079,1,0,0,7,3,-8.074689013311918,8.074689013311918,tRik°nE,anti_homophones
23080,1,1,0,6,3,-5.80196042762896,5.80196042762896,moRale,anti_homophones
23081,1,3,0,4,2,-4.648196084965323,4.648196084965323,ynj§,anti_homophones
23082,1,0,0,7,3,-9.083932253312284,9.083932253312284,maRmosy,anti_homophones
23083,1,0,0,8,4,-9.160567083623247,9.160567083623247,@gROliZ@,anti_homophones
23084,1,0,0,5,2,-5.543206262917067,5.543206262917067,v@piG,anti_homophones
23085,1,0,0,6,3,-6.6891929138888075,6.6891929138888075,5supju,anti_homophones
23086,1,0,0,8,4,-8.12092498361147,8.12092498361147,dadaisaZ,anti_homophones
23087,1,3,0,4,1,-4.965675808776875,4.965675808776875,sEvR,anti_homophones
23088,1,2,0,6,3,-5.589008328129643,5.589008328129643,elis9R,anti_homophones
23089,1,0,1,7,3,-4.945422046223601,4.945422046223601,g§fl°m@,anti_homophones
23090,1,0,0,8,3,-5.768932876776848,5.768932876776848,vjolasj§,anti_homophones
23091,1,4,0,5,2,-6.844344459211924,6.844344459211924,kot@s,anti_homophones
23092,1,0,0,6,2,-7.365091085032233,7.365091085032233,S@tORt,anti_homophones
23093,1,0,0,7,3,-7.461809812760699,7.461809812760699,kEs°m9R,anti_homophones
23094,1,1,0,5,2,-4.998657001490558,4.998657001490558,b@kje,anti_homophones
23095,1,6,0,3,1,-4.709150562548355,4.709150562548355,bw2,anti_homophones
23096,1,0,0,9,4,-9.363545593204853,9.363545593204853,@kabERlin,anti_homophones
23097,1,0,0,8,3,-8.270267578068125,8.270267578068125,dutSulaZ,anti_homophones
23098,1,0,0,6,3,-6.438376808945209,6.438376808945209,pikas5,anti_homophones
23099,1,0,0,9,4,-7.424227787431668,7.424227787431668,k@bivwaje,anti_homophones
23100,1,2,0,6,3,-6.572970416963886,6.572970416963886,epaRl5,anti_homophones
23101,1,7,0,6,3,-6.231484266607147,6.231484266607147,pelize,anti_homophones
23102,1,2,0,5,2,-5.818155662621047,5.818155662621047,fERt@,anti_homophones
23103,1,1,0,9,3,-7.498073396013448,7.498073396013448,Rikt8asj§,anti_homophones
23104,1,0,0,10,3,-9.285930112165632,9.285930112165632,plastatwaz,anti_homophones
23105,1,0,0,8,3,-6.557664131731366,6.557664131731366,taksjoni,anti_homophones
23106,1,2,0,6,3,-6.399207384770019,6.399207384770019,mitoR@,anti_homophones
23107,1,0,0,16,5,-13.412884948851664,13.412884948851664,sekstResEptidabl,anti_homophones
23108,1,2,1,6,3,-4.60758348717761,4.60758348717761,SuSute,anti_homophones
23109,1,0,0,6,3,-7.308724737026812,7.308724737026812,leg@d5,anti_homophones
23110,1,0,0,8,3,-6.846434064991844,6.846434064991844,gRiNoNEs,anti_homophones
23111,1,2,0,3,2,-6.898844129427715,6.898844129427715,ujy,anti_homophones
23112,1,0,0,7,3,-5.092476644269406,5.092476644269406,pERs°le,anti_homophones
23113,1,0,0,9,3,-8.125975301399135,8.125975301399135,saRgonist,anti_homophones
23114,1,0,0,9,4,-13.09037515698555,13.09037515698555,s@gwas5po,anti_homophones
23115,1,0,0,8,3,-8.727108625326766,8.727108625326766,tR@klyRe,anti_homophones
23116,1,0,0,10,4,-8.655972925856261,8.655972925856261,pedOksitoz,anti_homophones
23117,1,0,0,7,3,-7.421772119403838,7.421772119403838,miReziR,anti_homophones
23118,1,0,0,7,3,-6.828228982416727,6.828228982416727,defRakE,anti_homophones
23119,1,6,0,4,2,-5.074316568287229,5.074316568287229,REsy,anti_homophones
23120,1,1,0,7,2,-6.51456978815947,6.51456978815947,vERt8it,anti_homophones
23121,1,2,0,6,3,-5.950955578937626,5.950955578937626,afRaze,anti_homophones
23122,1,1,0,5,3,-6.806670905627343,6.806670905627343,5sibu,anti_homophones
23123,1,0,0,6,3,-7.334452202083695,7.334452202083695,koRiki,anti_homophones
23124,1,2,0,4,1,-5.383880796019424,5.383880796019424,Rumf,anti_homophones
23125,1,0,0,9,4,-6.445178719806659,6.445178719806659,k§vylneR2,anti_homophones
23126,1,10,0,4,2,-5.318485855921239,5.318485855921239,mela,anti_homophones
23127,1,0,0,7,3,-6.942331374097254,6.942331374097254,okses9R,anti_homophones
23128,1,3,1,5,3,-5.262655370828422,5.262655370828422,azaZe,anti_homophones
23129,1,3,0,5,2,-5.465192459502177,5.465192459502177,gR§de,anti_homophones
23130,1,1,1,6,2,-5.074784334966913,5.074784334966913,buklER,anti_homophones
23131,1,0,0,9,5,-7.125171416649563,7.125171416649563,aposilite,anti_homophones
23132,1,6,1,4,2,-4.962273226410707,4.962273226410707,m@k@,anti_homophones
23133,1,0,0,7,3,-6.348052232586887,6.348052232586887,galotaZ,anti_homophones
23134,1,2,0,8,4,-4.575076164984525,4.575076164984525,debilite,anti_homophones
23135,1,10,0,4,2,-5.004565326128366,5.004565326128366,avan,anti_homophones
23136,1,13,0,2,1,-4.569310663283154,4.569310663283154,vo,anti_homophones
23137,1,0,0,8,3,-8.243488168630538,8.243488168630538,domEtRaj,anti_homophones
23138,1,0,0,6,2,-6.536453880112562,6.536453880112562,banjEl,anti_homophones
23139,1,1,0,7,3,-7.0581848020137,7.0581848020137,afRotif,anti_homophones
23140,1,1,0,6,2,-6.153423400458766,6.153423400458766,sakRut,anti_homophones
23141,1,0,0,10,5,-8.767811925897524,8.767811925897524,paRuzaj°Ri,anti_homophones
23142,1,15,1,3,2,-4.109692410294163,4.109692410294163,in@,anti_homophones
23143,1,1,0,8,4,-6.450293678936985,6.450293678936985,5desifik,anti_homophones
23144,1,0,0,7,3,-6.835589368055772,6.835589368055772,sov°nad,anti_homophones
23145,1,0,0,6,3,-6.670798018511325,6.670798018511325,mam°Re,anti_homophones
23146,1,0,0,5,2,-5.81739171225003,5.81739171225003,gavR@,anti_homophones
23147,1,0,0,7,3,-8.063502334961072,8.063502334961072,EkselaR,anti_homophones
23148,1,0,1,6,2,-6.31270073398427,6.31270073398427,RekEst,anti_homophones
23149,1,0,0,9,3,-8.32177387085347,8.32177387085347,REkstElEt,anti_homophones
23150,1,0,0,8,3,-7.689892136292968,7.689892136292968,matORj@s,anti_homophones
23151,1,7,0,4,2,-4.815835733626088,4.815835733626088,nOmi,anti_homophones
23152,1,0,0,9,4,-7.426407731216707,7.426407731216707,@tisEptif,anti_homophones
23153,1,2,1,6,3,-5.613102243687489,5.613102243687489,ekRime,anti_homophones
23154,1,0,0,8,4,-10.848176312080348,10.848176312080348,sebitino,anti_homophones
23155,1,0,0,11,5,-6.974584552127053,6.974584552127053,sOsjonEl°Ri,anti_homophones
23156,1,4,0,7,3,-5.346710217191632,5.346710217191632,5tERnER,anti_homophones
23157,1,0,0,7,4,-7.390729400728938,7.390729400728938,epEizj§,anti_homophones
23158,1,1,0,6,2,-5.292672873901254,5.292672873901254,SaRnal,anti_homophones
23159,1,0,0,8,4,-9.373241595002684,9.373241595002684,siminEZe,anti_homophones
23160,1,7,1,9,4,-4.5892820874889315,4.5892820874889315,galizasj§,anti_homophones
23161,1,0,0,6,2,-6.013978357531505,6.013978357531505,klopOR,anti_homophones
23162,1,1,0,5,3,-6.203217870053209,6.203217870053209,ekyRa,anti_homophones
23163,1,0,0,10,4,-8.718491645256307,8.718491645256307,@tRisonizm,anti_homophones
23164,1,2,1,6,2,-5.108134698002345,5.108134698002345,psikoz,anti_homophones
23165,1,4,0,5,1,-5.023549353917887,5.023549353917887,kRibl,anti_homophones
23166,1,0,0,10,4,-11.116817956636886,11.116817956636886,twalamedik,anti_homophones
23167,1,1,0,7,4,-5.300962524140593,5.300962524140593,ekOn°m@,anti_homophones
23168,1,2,0,8,4,-6.052438650191216,6.052438650191216,5tERsite,anti_homophones
23169,1,0,0,5,2,-6.465161470575086,6.465161470575086,§dyks,anti_homophones
23170,1,1,0,6,3,-5.46432511195408,5.46432511195408,k@byle,anti_homophones
23171,1,0,0,6,3,-6.024848675087715,6.024848675087715,2RoS9R,anti_homophones
23172,1,2,0,6,2,-5.6427482429754185,5.6427482429754185,pORtis,anti_homophones
23173,1,0,0,10,3,-8.462728872539806,8.462728872539806,s@tRyktizm,anti_homophones
23174,1,0,0,6,2,-7.199308619918545,7.199308619918545,f@fabl,anti_homophones
23175,1,0,0,8,3,-7.400807017092432,7.400807017092432,kRedyRaZ,anti_homophones
23176,1,3,0,5,2,-4.954110278418688,4.954110278418688,RusEt,anti_homophones
23177,1,15,1,4,2,-4.651146379065485,4.651146379065485,anat,anti_homophones
23178,1,0,0,9,5,-6.458455277313815,6.458455277313815,5t@siv°m@,anti_homophones
23179,1,4,0,5,2,-5.891801051042812,5.891801051042812,bRom@,anti_homophones
23180,1,0,0,10,4,-11.642568140807816,11.642568140807816,d8Op°m§daZ,anti_homophones
23181,1,6,0,4,2,-5.195401918310824,5.195401918310824,ef9R,anti_homophones
23182,1,0,0,10,4,-8.693245002964954,8.693245002964954,dekEjtmode,anti_homophones
23183,1,0,0,5,2,-6.749185316316453,6.749185316316453,mez@g,anti_homophones
23184,1,0,0,9,4,-8.376422475133987,8.376422475133987,kotipl@te,anti_homophones
23185,1,0,0,7,3,-6.335735103124558,6.335735103124558,m§golwa,anti_homophones
23186,1,2,0,7,3,-5.266400422479325,5.266400422479325,Oksasj§,anti_homophones
23187,1,0,0,7,3,-5.916228972060555,5.916228972060555,Egzekip,anti_homophones
23188,1,1,0,6,3,-5.871428841754508,5.871428841754508,Rezigo,anti_homophones
23189,1,2,0,6,3,-6.252472265156068,6.252472265156068,s°Rize,anti_homophones
23190,1,24,0,3,1,-4.716004950858846,4.716004950858846,dEn,anti_homophones
23191,1,1,0,5,2,-6.039725240132164,6.039725240132164,pozyR,anti_homophones
23192,1,0,0,8,4,-7.812925652910077,7.812925652910077,pal°toni,anti_homophones
23193,1,2,0,7,4,-6.223241702699866,6.223241702699866,5se@sj§,anti_homophones
23194,1,1,0,6,3,-5.964018969243135,5.964018969243135,mitike,anti_homophones
23195,1,0,0,13,5,-12.084311452304092,12.084311452304092,delEsk°natwaR,anti_homophones
23196,1,0,0,10,5,-7.635398575904491,7.635398575904491,R°lykOn°m@,anti_homophones
23197,1,0,0,13,5,-14.90724817844974,14.90724817844974,dem§stR°vOkje,anti_homophones
23198,1,0,0,11,4,-10.606871056683257,10.606871056683257,planEskRole,anti_homophones
23199,1,0,0,6,3,-6.203759004599994,6.203759004599994,vokaRo,anti_homophones
23200,1,2,0,5,2,-5.458534924597924,5.458534924597924,utRal,anti_homophones
23201,1,1,0,5,2,-5.603829482032593,5.603829482032593,kRyS§,anti_homophones
23202,1,2,0,6,2,-5.484602680526955,5.484602680526955,ZovjEt,anti_homophones
23203,1,0,0,7,3,-7.850159225881013,7.850159225881013,k§tikan,anti_homophones
23204,1,0,0,8,4,-7.553534512190976,7.553534512190976,5kizikyl,anti_homophones
23205,1,1,0,5,2,-6.343871060875762,6.343871060875762,fetiv,anti_homophones
23206,1,0,0,10,4,-8.813771289197353,8.813771289197353,asfolEksj§,anti_homophones
23207,1,9,1,3,1,-4.801487050214524,4.801487050214524,Sum,anti_homophones
23208,1,0,0,8,4,-5.948034747200213,5.948034747200213,kaS°mize,anti_homophones
23209,1,0,0,10,5,-7.683296542735347,7.683296542735347,5S@ZeliZ@s,anti_homophones
23210,1,2,0,5,2,-5.546378109538265,5.546378109538265,asEpt,anti_homophones
23211,1,0,0,10,5,-5.834748968015598,5.834748968015598,mal2R2z°m@,anti_homophones
23212,1,5,0,7,3,-4.679614245410842,4.679614245410842,pResite,anti_homophones
23213,1,3,0,4,1,-5.297773599496152,5.297773599496152,swaf,anti_homophones
23214,1,0,0,6,2,-5.92613725905187,5.92613725905187,kOlEsk,anti_homophones
23215,1,0,0,9,3,-7.2678482436551075,7.2678482436551075,bEktivizm,anti_homophones
23216,1,2,0,7,3,-6.471356689089921,6.471356689089921,iRoskOp,anti_homophones
23217,1,0,0,8,3,-6.347135287325518,6.347135287325518,lyktasj§,anti_homophones
23218,1,0,0,9,3,-7.019234719602582,7.019234719602582,tR@zanist,anti_homophones
23219,1,0,1,7,3,-5.1309745937807545,5.1309745937807545,kaRdone,anti_homophones
23220,1,7,0,4,1,-4.970583835292847,4.970583835292847,vERg,anti_homophones
23221,1,0,0,10,5,-7.768391185550539,7.768391185550539,ipERsonOmi,anti_homophones
23222,1,1,1,7,3,-5.0039444316598685,5.0039444316598685,5pResj§,anti_homophones
23223,1,0,0,9,3,-9.80235302211861,9.80235302211861,skiziZabl,anti_homophones
23224,1,0,0,6,2,-7.516515445930674,7.516515445930674,pitsaR,anti_homophones
23225,1,3,0,6,2,-5.141064125057589,5.141064125057589,p@twaR,anti_homophones
23226,1,3,0,5,2,-5.9365455679206045,5.9365455679206045,myzEl,anti_homophones
23227,1,0,0,9,4,-5.856715624981691,5.856715624981691,RepaRasj§,anti_homophones
23228,1,1,0,8,3,-6.043967125401917,6.043967125401917,ReZetizm,anti_homophones
23229,1,0,0,7,3,-9.49631014969336,9.49631014969336,kafEROl,anti_homophones
23230,1,2,0,9,3,-5.111920909084242,5.111920909084242,pRodykt9R,anti_homophones
23231,1,0,0,11,5,-9.424167291902535,9.424167291902535,paRadematOl,anti_homophones
23232,1,0,0,6,2,-6.984685701255162,6.984685701255162,m@dRaZ,anti_homophones
23233,1,6,1,5,3,-4.720703613997444,4.720703613997444,5dyse,anti_homophones
23234,1,8,0,4,1,-4.95983411744564,4.95983411744564,klEm,anti_homophones
23235,1,0,0,8,4,-8.822092472880698,8.822092472880698,piNulexo,anti_homophones
23236,1,0,0,7,2,-4.605201996714872,4.605201996714872,fRykt9R,anti_homophones
23237,1,0,0,8,3,-6.842225405942674,6.842225405942674,dyplinER,anti_homophones
23238,1,4,0,5,2,-5.704791976441655,5.704791976441655,gR@d@,anti_homophones
23239,1,0,0,11,5,-12.815984880937238,12.815984880937238,fev@tResyse,anti_homophones
23240,1,25,0,3,1,-4.444627871366685,4.444627871366685,mEn,anti_homophones
23241,1,0,0,8,3,-6.679288579203398,6.679288579203398,panjat9R,anti_homophones
23242,1,0,0,13,5,-9.384238894736948,9.384238894736948,EkspRezid@tik,anti_homophones
23243,1,4,1,5,2,-4.801222322529321,4.801222322529321,sp§de,anti_homophones
23244,1,6,0,5,2,-5.472265345353456,5.472265345353456,mynil,anti_homophones
23245,1,0,0,8,4,-8.007516392623788,8.007516392623788,aspeRute,anti_homophones
23246,1,0,0,8,4,-6.042646950302023,6.042646950302023,budik°m@,anti_homophones
23247,1,0,0,9,3,-7.23711315776888,7.23711315776888,miRjalist,anti_homophones
23248,1,10,0,5,3,-5.384126576963171,5.384126576963171,omize,anti_homophones
23249,1,9,0,4,2,-5.22755362254162,5.22755362254162,evit,anti_homophones
23250,1,0,0,7,4,-8.468121040205553,8.468121040205553,neotim§,anti_homophones
23251,1,0,0,7,4,-7.195789310276231,7.195789310276231,teopato,anti_homophones
23252,1,0,0,10,4,-11.68991833527024,11.68991833527024,R2tRObRij@,anti_homophones
23253,1,0,0,8,3,-7.561361115149741,7.561361115149741,R°tR@sil,anti_homophones
23254,1,6,0,5,2,-4.859902119080865,4.859902119080865,R°sER,anti_homophones
23255,1,0,0,7,3,-8.468273107267706,8.468273107267706,kamaspE,anti_homophones
23256,1,7,0,4,2,-5.35280677191801,5.35280677191801,ibRe,anti_homophones
23257,1,1,0,7,4,-6.096363326596113,6.096363326596113,enal°m@,anti_homophones
23258,1,0,0,10,4,-6.22754734637863,6.22754734637863,EkspeRat9R,anti_homophones
23259,1,0,0,11,5,-7.452660239247336,7.452660239247336,iktalizasj§,anti_homophones
23260,1,0,0,6,3,-6.728804665928511,6.728804665928511,izolyt,anti_homophones
23261,1,5,1,4,3,-4.980052759434417,4.980052759434417,5se@,anti_homophones
23262,1,0,0,10,4,-9.454217940265437,9.454217940265437,5fal@bswaR,anti_homophones
23263,1,0,0,7,3,-5.873285882000434,5.873285882000434,k§kOksi,anti_homophones
23264,1,0,0,6,3,-7.1629493403503615,7.1629493403503615,sal@ti,anti_homophones
23265,1,0,0,8,3,-7.67014059036613,7.67014059036613,d@dRijEt,anti_homophones
23266,1,0,0,9,4,-10.114078658252804,10.114078658252804,bugREneR2,anti_homophones
23267,1,3,0,4,2,-4.787623482166067,4.787623482166067,Soko,anti_homophones
23268,1,0,0,11,5,-10.004421732871632,10.004421732871632,bibilitataR,anti_homophones
23269,1,0,0,8,4,-5.450465864601122,5.450465864601122,pit2z°m@,anti_homophones
23270,1,7,0,4,2,-5.601901825661318,5.601901825661318,ekRy,anti_homophones
23271,1,2,0,5,1,-5.792726926318622,5.792726926318622,b1gal,anti_homophones
23272,1,0,0,9,3,-8.341949742796045,8.341949742796045,SaRtREjaZ,anti_homophones
23273,1,0,0,7,3,-5.747425929756658,5.747425929756658,paRtone,anti_homophones
23274,1,1,0,8,4,-7.463733874869915,7.463733874869915,okabl2m@,anti_homophones
23275,1,6,1,5,2,-5.039657194324574,5.039657194324574,Rekyl,anti_homophones
23276,1,2,0,6,2,-6.356117565622242,6.356117565622242,t@ptik,anti_homophones
23277,1,9,0,7,3,-5.680647027735401,5.680647027735401,kikasj§,anti_homophones
23278,1,1,0,6,3,-6.383855446452189,6.383855446452189,katate,anti_homophones
23279,1,0,0,8,4,-7.387331689517773,7.387331689517773,bEs@s°m@,anti_homophones
23280,1,15,0,5,2,-4.843965820207343,4.843965820207343,seRal,anti_homophones
23281,1,0,0,7,3,-7.479689037924197,7.479689037924197,EspiRiZ,anti_homophones
23282,1,9,1,5,3,-5.716771345572856,5.716771345572856,eolOg,anti_homophones
23283,1,0,0,12,5,-8.982866092660984,8.982866092660984,pReoskORpije,anti_homophones
23284,1,0,0,9,3,-10.730012006727467,10.730012006727467,milikstiG,anti_homophones
23285,1,0,0,5,3,-5.761749180949758,5.761749180949758,oRiZi,anti_homophones
23286,1,0,0,6,3,-5.524522909567637,5.524522909567637,5t@Z@s,anti_homophones
23287,1,0,0,13,5,-6.641188700442192,6.641188700442192,EkstRalizasj§,anti_homophones
23288,1,0,0,11,4,-9.225940321316306,9.225940321316306,kopRobakt9R,anti_homophones
23289,1,0,0,8,3,-8.57273833832339,8.57273833832339,bigalitR,anti_homophones
23290,1,1,0,7,2,-5.317075210863796,5.317075210863796,tRyktik,anti_homophones
23291,1,4,0,5,3,-5.020982851381318,5.020982851381318,kayte,anti_homophones
23292,1,0,0,7,2,-4.989568499720822,4.989568499720822,tR@sjER,anti_homophones
23293,1,2,0,6,3,-6.8202433136136325,6.8202433136136325,mefavo,anti_homophones
23294,1,3,0,6,2,-6.53993965963285,6.53993965963285,skwaRe,anti_homophones
23295,1,0,0,7,3,-5.330934818946791,5.330934818946791,syRvite,anti_homophones
23296,1,2,0,7,3,-6.009060674418996,6.009060674418996,jonasj§,anti_homophones
23297,1,2,0,5,2,-5.144831775899908,5.144831775899908,denj2,anti_homophones
23298,1,0,0,8,3,-7.670591013337211,7.670591013337211,kalfORte,anti_homophones
23299,1,6,0,5,2,-5.914093243186565,5.914093243186565,sanaZ,anti_homophones
23300,1,13,0,5,2,-5.417411411404801,5.417411411404801,laj9R,anti_homophones
23301,1,2,0,6,3,-4.876848551976497,4.876848551976497,syfiz@,anti_homophones
23302,1,1,0,4,2,-5.081119553612833,5.081119553612833,men5,anti_homophones
23303,1,0,0,10,5,-7.516036867959844,7.516036867959844,emuv@sjone,anti_homophones
23304,1,4,0,6,3,-5.331549018920094,5.331549018920094,b§bine,anti_homophones
23305,1,0,0,5,2,-7.2472668238848375,7.2472668238848375,sEv2z,anti_homophones
23306,1,0,0,8,3,-6.437808765541123,6.437808765541123,ERminist,anti_homophones
23307,1,1,0,7,3,-6.349014320758391,6.349014320758391,detRij2,anti_homophones
23308,1,0,0,12,5,-11.436350953901838,11.436350953901838,gRosekanalje,anti_homophones
23309,1,4,0,6,3,-4.589470231148288,4.589470231148288,dep@d@,anti_homophones
23310,1,6,1,4,2,-4.470103620478896,4.470103620478896,miN§,anti_homophones
23311,1,0,0,7,3,-6.261469230479999,6.261469230479999,Zenezj5,anti_homophones
23312,1,5,1,5,2,-4.778485969413423,4.778485969413423,ZylER,anti_homophones
23313,1,29,0,3,1,-4.378315116559497,4.378315116559497,pRo,anti_homophones
23314,1,0,0,6,2,-6.740081846395926,6.740081846395926,plebOg,anti_homophones
23315,1,7,0,4,2,-5.106128310548697,5.106128310548697,@diz,anti_homophones
23316,1,0,0,10,4,-7.305698051715884,7.305698051715884,@f§seks8ER,anti_homophones
23317,1,13,0,4,2,-4.816203157861405,4.816203157861405,moti,anti_homophones
23318,1,6,0,5,2,-4.488436450394527,4.488436450394527,man9R,anti_homophones
23319,1,0,0,7,4,-7.009194936178504,7.009194936178504,akup°z@,anti_homophones
23320,1,3,0,5,3,-4.9851407072640805,4.9851407072640805,ipokE,anti_homophones
23321,1,0,0,8,3,-5.328834212250446,5.328834212250446,spEkt°m@,anti_homophones
23322,1,2,0,8,3,-5.126805986742965,5.126805986742965,defEksj§,anti_homophones
23323,1,2,0,6,3,-5.137744015139511,5.137744015139511,eklam@,anti_homophones
23324,1,0,0,10,4,-10.660932054029749,10.660932054029749,R@vERnyRis,anti_homophones
23325,1,0,0,7,3,-8.014179294392859,8.014179294392859,mERtiRa,anti_homophones
23326,1,0,0,9,4,-9.762981388871378,9.762981388871378,kyRotaZ9R,anti_homophones
23327,1,0,0,9,4,-7.259717814747745,7.259717814747745,detERREN@,anti_homophones
23328,1,0,0,13,5,-9.614424832623934,9.614424832623934,bR5gaZystat9R,anti_homophones
23329,1,0,0,5,2,-5.759349061978847,5.759349061978847,mOtEk,anti_homophones
23330,1,3,0,7,3,-5.91703557561502,5.91703557561502,balifje,anti_homophones
23331,1,6,0,5,2,-5.412511089242125,5.412511089242125,pasim,anti_homophones
23332,1,6,1,4,2,-4.646286008455196,4.646286008455196,5syl,anti_homophones
23333,1,0,0,7,3,-7.209615798177067,7.209615798177067,kResidi,anti_homophones
23334,1,5,0,6,2,-4.995379867897517,4.995379867897517,m§tabl,anti_homophones
23335,1,2,0,6,2,-6.032261348165968,6.032261348165968,maRibl,anti_homophones
23336,1,0,0,10,4,-7.093647826180601,7.093647826180601,malfabRije,anti_homophones
23337,1,0,0,7,3,-7.7412564826628225,7.7412564826628225,katwazE,anti_homophones
23338,1,0,0,7,3,-7.04868454929899,7.04868454929899,atanabl,anti_homophones
23339,1,9,0,7,3,-4.968114012090407,4.968114012090407,patasj§,anti_homophones
23340,1,0,0,6,3,-9.020298498185706,9.020298498185706,SERiky,anti_homophones
23341,1,12,1,6,3,-4.6166003280552905,4.6166003280552905,kin°m@,anti_homophones
23342,1,1,0,6,2,-5.8530462407062025,5.8530462407062025,supabl,anti_homophones
23343,1,0,0,10,4,-9.924480935248367,9.924480935248367,kRotokleER,anti_homophones
23344,1,8,1,4,2,-4.918986528516624,4.918986528516624,ZuRe,anti_homophones
23345,1,0,0,10,5,-8.985682628684877,8.985682628684877,R°gaReikyl,anti_homophones
23346,1,0,0,8,3,-6.962788987482896,6.962788987482896,maskORne,anti_homophones
23347,1,1,0,8,4,-7.407115666887792,7.407115666887792,5delifik,anti_homophones
23348,1,1,0,7,3,-5.349473344248521,5.349473344248521,legat9R,anti_homophones
23349,1,0,0,8,3,-9.327739570592836,9.327739570592836,nipydjOm,anti_homophones
23350,1,0,0,6,3,-5.693277844900137,5.693277844900137,mutoni,anti_homophones
23351,1,4,0,7,3,-5.658856422690096,5.658856422690096,labl2m@,anti_homophones
23352,1,0,0,10,4,-9.550001422627641,9.550001422627641,Repystagon,anti_homophones
23353,1,0,0,10,4,-9.54304379875694,9.54304379875694,k@p9plebR@,anti_homophones
23354,1,0,0,6,3,-6.608588196151948,6.608588196151948,seRat§,anti_homophones
23355,1,1,0,6,3,-4.881511879445331,4.881511879445331,k§seje,anti_homophones
23356,1,8,0,4,2,-5.080919615314964,5.080919615314964,2REl,anti_homophones
23357,1,0,0,8,3,-7.3401658979704045,7.3401658979704045,Estisizm,anti_homophones
23358,1,0,0,8,3,-6.320285944789034,6.320285944789034,steRatif,anti_homophones
23359,1,5,0,4,1,-5.121732751709408,5.121732751709408,diks,anti_homophones
23360,1,3,0,5,2,-6.186471910797615,6.186471910797615,bast5,anti_homophones
23361,1,0,0,9,4,-9.337018117743863,9.337018117743863,R@k§tR°sa,anti_homophones
23362,1,0,0,8,3,-7.396304648098367,7.396304648098367,demaskaR,anti_homophones
23363,1,8,1,4,2,-4.955970647396501,4.955970647396501,amje,anti_homophones
23364,1,0,0,10,4,-8.238521295779583,8.238521295779583,Reklabl2m@,anti_homophones
23365,1,0,0,9,3,-9.343649018117317,9.343649018117317,b8istip9R,anti_homophones
23366,1,0,0,11,5,-6.514122557050099,6.514122557050099,telev@tasj§,anti_homophones
23367,1,11,0,4,1,-5.43764056509612,5.43764056509612,lEst,anti_homophones
23368,1,0,0,12,5,-12.041164832225308,12.041164832225308,dekREp§Sitik,anti_homophones
23369,1,0,0,10,4,-7.567404419249605,7.567404419249605,RadjokylER,anti_homophones
23370,1,0,0,8,3,-7.488815070824702,7.488815070824702,sepaRf9j,anti_homophones
23371,1,0,0,7,3,-6.7634752664445426,6.7634752664445426,R°taZEl,anti_homophones
23372,1,13,1,7,3,-4.850388349443445,4.850388349443445,devasj§,anti_homophones
23373,1,0,0,9,4,-9.961740108781495,9.961740108781495,megRitele,anti_homophones
23374,1,0,0,9,4,-9.410353441861682,9.410353441861682,pavlOviv@,anti_homophones
23375,1,0,0,8,3,-7.2912292619316865,7.2912292619316865,pRovibR@,anti_homophones
23376,1,5,0,5,3,-5.242924854030221,5.242924854030221,aflye,anti_homophones
23377,1,0,0,9,3,-8.245705696833603,8.245705696833603,pOstokRan,anti_homophones
23378,1,1,1,7,3,-4.573801781933479,4.573801781933479,dubl°m@,anti_homophones
23379,1,2,0,7,2,-5.499252667165457,5.499252667165457,gRipsj§,anti_homophones
23380,1,1,0,5,2,-6.870019889495459,6.870019889495459,SEnje,anti_homophones
23381,1,1,0,5,2,-5.075820706107033,5.075820706107033,fR§to,anti_homophones
23382,1,0,0,6,3,-5.349032151851287,5.349032151851287,asfeR@,anti_homophones
23383,1,0,0,10,4,-7.894452131300519,7.894452131300519,EbdomiswaR,anti_homophones
23384,1,0,0,11,5,-13.913170308345293,13.913170308345293,pySos@piNOl,anti_homophones
23385,1,2,0,5,2,-5.560271905702043,5.560271905702043,k§bl@,anti_homophones
23386,1,0,0,6,3,-6.820366045216122,6.820366045216122,R°SapE,anti_homophones
23387,1,16,0,3,1,-4.643601669893226,4.643601669893226,dyn,anti_homophones
23388,1,0,0,10,5,-7.379812114696714,7.379812114696714,ZigOtOn°Ri,anti_homophones
23389,1,0,0,8,3,-8.283827825312152,8.283827825312152,golEstER,anti_homophones
23390,1,3,0,6,3,-6.062651746689299,6.062651746689299,ap§tik,anti_homophones
23391,1,0,0,10,4,-9.544668460655442,9.544668460655442,kRomaRgot5,anti_homophones
23392,1,0,0,12,5,-12.255242698526173,12.255242698526173,ZypilOfOnist,anti_homophones
23393,1,11,0,4,1,-4.909843836823103,4.909843836823103,kRuz,anti_homophones
23394,1,0,0,12,5,-10.459676923828596,10.459676923828596,k@tolaRmat9R,anti_homophones
23395,1,7,0,7,4,-5.269672876184545,5.269672876184545,avEl°m@,anti_homophones
23396,1,5,1,6,3,-4.447343796083266,4.447343796083266,k§v°n@,anti_homophones
23397,1,2,0,5,2,-6.566481036328549,6.566481036328549,mEtR§,anti_homophones
23398,1,22,1,3,1,-4.127031221572462,4.127031221572462,fRE,anti_homophones
23399,1,0,0,9,4,-8.338910937804823,8.338910937804823,@bastRite,anti_homophones
23400,1,0,0,6,3,-6.315515113344095,6.315515113344095,otosEz,anti_homophones
23401,1,0,0,7,3,-6.479794649623685,6.479794649623685,pOmatif,anti_homophones
23402,1,2,0,6,2,-5.563682821215182,5.563682821215182,fERtiR,anti_homophones
23403,1,40,0,2,1,-4.567578313283365,4.567578313283365,ba,anti_homophones
23404,1,0,0,12,5,-10.936552496675414,10.936552496675414,@plwazibil@s,anti_homophones
23405,1,0,0,7,3,-7.576019139657825,7.576019139657825,syRotje,anti_homophones
23406,1,0,0,11,5,-9.999112171831372,9.999112171831372,aSOpERp8ize,anti_homophones
23407,1,2,0,6,3,-5.294491182770018,5.294491182770018,teliZ@,anti_homophones
23408,1,2,0,8,3,-5.051938320759869,5.051938320759869,fjabl°m@,anti_homophones
23409,1,0,0,5,2,-7.509162479849575,7.509162479849575,f5tiz,anti_homophones
23410,1,2,0,5,2,-5.078333935002503,5.078333935002503,fylmi,anti_homophones
23411,1,15,0,5,2,-4.9383448277346,4.9383448277346,kRase,anti_homophones
23412,1,0,0,10,4,-8.025604051331735,8.025604051331735,degRegyste,anti_homophones
23413,1,0,0,8,3,-7.899899918930018,7.899899918930018,tagResif,anti_homophones
23414,1,0,0,12,5,-8.228490765435389,8.228490765435389,megRafikas9R,anti_homophones
23415,1,0,0,11,5,-8.894080369762365,8.894080369762365,sistimin°m@,anti_homophones
23416,1,0,0,9,4,-5.886629962914533,5.886629962914533,diskEt°m@,anti_homophones
23417,1,5,0,5,2,-5.321914232953745,5.321914232953745,psika,anti_homophones
23418,1,0,0,10,5,-9.73438093760154,9.73438093760154,nEs@saboRe,anti_homophones
23419,1,0,0,9,3,-10.55462456425872,10.55462456425872,pulpEstRo,anti_homophones
23420,1,11,0,4,2,-4.710013790932667,4.710013790932667,vute,anti_homophones
23421,1,0,0,7,3,-6.044841912938165,6.044841912938165,koloZaZ,anti_homophones
23422,1,0,0,8,4,-6.850408432649815,6.850408432649815,syfizibi,anti_homophones
23423,1,0,0,6,3,-8.4918868240524,8.4918868240524,Simemo,anti_homophones
23424,1,0,0,7,3,-6.233325681012044,6.233325681012044,adZetik,anti_homophones
23425,1,0,0,7,3,-7.097708913191339,7.097708913191339,myltan@,anti_homophones
23426,1,0,0,9,4,-6.371126062789852,6.371126062789852,k§stikyle,anti_homophones
23427,1,11,0,4,2,-4.751225743901556,4.751225743901556,Zape,anti_homophones
23428,1,15,0,6,3,-4.857624815363032,4.857624815363032,apasj§,anti_homophones
23429,1,1,0,7,3,-6.329363325803437,6.329363325803437,maZolEt,anti_homophones
23430,1,11,1,4,2,-4.278564646760503,4.278564646760503,afER,anti_homophones
23431,1,0,0,7,4,-6.864772225332959,6.864772225332959,afytine,anti_homophones
23432,1,0,0,9,4,-9.32937188577592,9.32937188577592,peZitifj@,anti_homophones
23433,1,0,0,7,3,-6.482127860352843,6.482127860352843,oblig9R,anti_homophones
23434,1,0,0,10,4,-9.14098384481071,9.14098384481071,kOlkanaRSi,anti_homophones
23435,1,0,0,8,4,-9.209017756912933,9.209017756912933,@komotip,anti_homophones
23436,1,0,0,10,4,-8.691286259442208,8.691286259442208,kautSatS9R,anti_homophones
23437,1,13,0,4,2,-5.289029491258549,5.289029491258549,tese,anti_homophones
23438,1,5,1,4,2,-4.579286314220142,4.579286314220142,kuS@,anti_homophones
23439,1,0,0,9,4,-8.309972133280205,8.309972133280205,afR@ZERmi,anti_homophones
23440,1,0,0,12,5,-10.542174077135869,10.542174077135869,maksipaRadj5,anti_homophones
23441,1,0,0,10,4,-9.240984286471921,9.240984286471921,modOkalizm,anti_homophones
23442,1,7,1,4,2,-5.093386180248728,5.093386180248728,kil§,anti_homophones
23443,1,0,0,8,3,-6.610688867211068,6.610688867211068,Reflasj§,anti_homophones
23444,1,0,0,9,4,-6.891756148741943,6.891756148741943,k§t@petik,anti_homophones
23445,1,2,0,6,2,-5.28571921087583,5.28571921087583,glytje,anti_homophones
23446,1,9,0,4,2,-5.376818772299726,5.376818772299726,kozo,anti_homophones
23447,1,0,0,8,3,-8.030878425067344,8.030878425067344,skRydis@,anti_homophones
23448,1,0,0,12,5,-13.105807196569254,13.105807196569254,EzbRujamORpe,anti_homophones
23449,1,30,1,3,2,-4.606740125996147,4.606740125996147,ava,anti_homophones
23450,1,0,0,11,4,-10.837164486873357,10.837164486873357,SaRbatEREtR,anti_homophones
23451,1,1,0,8,3,-7.5188323199415645,7.5188323199415645,estalist,anti_homophones
23452,1,3,1,5,2,-5.467752063699159,5.467752063699159,5tEst,anti_homophones
23453,1,3,0,5,2,-4.772126505499395,4.772126505499395,gulaZ,anti_homophones
23454,1,0,0,10,4,-10.82884852937463,10.82884852937463,ERmakatism,anti_homophones
23455,1,9,1,4,2,-4.595380538313193,4.595380538313193,dezo,anti_homophones
23456,1,1,0,6,3,-7.211476634455684,7.211476634455684,amelid,anti_homophones
23457,1,7,0,5,2,-5.134837569358092,5.134837569358092,metaj,anti_homophones
23458,1,0,0,7,3,-6.208445098453767,6.208445098453767,aZystal,anti_homophones
23459,1,0,0,9,4,-7.9272542967961135,7.9272542967961135,ev@tRikyl,anti_homophones
23460,1,3,0,5,2,-5.2765175791682895,5.2765175791682895,kyRin,anti_homophones
23461,1,1,0,4,2,-5.896244406311033,5.896244406311033,l°ba,anti_homophones
23462,1,0,0,10,5,-12.659239690526743,12.659239690526743,f@tOmaZez§,anti_homophones
23463,1,1,0,5,2,-6.581578049498963,6.581578049498963,tRopa,anti_homophones
23464,1,0,0,7,3,-8.358357022338298,8.358357022338298,vERaj@s,anti_homophones
23465,1,0,0,6,3,-5.592575241386092,5.592575241386092,apsude,anti_homophones
23466,1,0,0,8,3,-6.720589014863057,6.720589014863057,seksat9R,anti_homophones
23467,1,0,0,10,4,-11.111679012934292,11.111679012934292,Sintsimate,anti_homophones
23468,1,0,0,11,5,-8.918308533125417,8.918308533125417,pReselydaik,anti_homophones
23469,1,0,0,7,3,-6.603931024301968,6.603931024301968,blazaZe,anti_homophones
23470,1,1,0,5,2,-6.72459524955074,6.72459524955074,iskRy,anti_homophones
23471,1,1,0,6,3,-5.895009795342684,5.895009795342684,inyzif,anti_homophones
23472,1,0,0,8,3,-7.494397994095294,7.494397994095294,klavalin,anti_homophones
23473,1,0,0,5,2,-5.528968665956322,5.528968665956322,epifR,anti_homophones
23474,1,2,0,6,3,-6.118853031527417,6.118853031527417,5veRik,anti_homophones
23475,1,0,0,10,4,-6.327189373794985,6.327189373794985,magm@tasj§,anti_homophones
23476,1,3,0,4,2,-4.872696577921208,4.872696577921208,SukE,anti_homophones
23477,1,0,0,7,3,-5.937447861457402,5.937447861457402,kaRityd,anti_homophones
23478,1,4,1,5,2,-4.853196205162484,4.853196205162484,@kabl,anti_homophones
23479,1,1,0,7,3,-6.527450068121655,6.527450068121655,maRozj§,anti_homophones
23480,1,0,0,5,2,-6.048211393592364,6.048211393592364,R@kaR,anti_homophones
23481,1,12,0,2,1,-4.568255523247863,4.568255523247863,5d,anti_homophones
23482,1,2,0,7,3,-7.880666273564438,7.880666273564438,videRaz,anti_homophones
23483,1,0,0,12,5,-10.849690436902824,10.849690436902824,kuvR9jeRalje,anti_homophones
23484,1,1,0,5,2,-5.276684810611438,5.276684810611438,S°vj5,anti_homophones
23485,1,1,0,6,2,-6.6415610401251355,6.6415610401251355,sOmniR,anti_homophones
23486,1,3,0,5,3,-5.058973575264135,5.058973575264135,eveje,anti_homophones
23487,1,1,0,7,3,-6.440925469664136,6.440925469664136,idROgaZ,anti_homophones
23488,1,1,0,6,3,-6.287896752630279,6.287896752630279,R@fete,anti_homophones
23489,1,0,0,7,3,-6.824063790548816,6.824063790548816,fad°lEt,anti_homophones
23490,1,5,0,5,2,-5.040606294884101,5.040606294884101,pERl@,anti_homophones
23491,1,0,0,8,4,-8.22150359030603,8.22150359030603,ZelinEz§,anti_homophones
23492,1,0,0,8,3,-7.701226070004057,7.701226070004057,demjolEn,anti_homophones
23493,1,1,0,6,2,-5.906141968397687,5.906141968397687,syRkoz,anti_homophones
23494,1,0,0,7,3,-6.820580597555538,6.820580597555538,defeR@Z,anti_homophones
23495,1,0,0,8,4,-8.888988510048566,8.888988510048566,vjoleanE,anti_homophones
23496,1,4,0,5,3,-5.625264695711686,5.625264695711686,ynit@,anti_homophones
23497,1,1,0,6,2,-5.871994151064376,5.871994151064376,kaRdas,anti_homophones
23498,1,0,0,7,3,-5.520293162278526,5.520293162278526,kopinj5,anti_homophones
23499,1,0,0,6,3,-7.144424506746527,7.144424506746527,sataZ2,anti_homophones
23500,1,2,0,7,3,-4.984609781445098,4.984609781445098,alkylER,anti_homophones
23501,1,0,0,9,4,-7.969030263821755,7.969030263821755,OksikoR9R,anti_homophones
23502,1,8,1,4,1,-4.41239748582091,4.41239748582091,fRys,anti_homophones
23503,1,35,0,2,1,-4.56824224986347,4.56824224986347,am,anti_homophones
23504,1,0,0,14,5,-13.227530234207098,13.227530234207098,R°kRasyRZimnaR,anti_homophones
23505,1,13,0,4,2,-4.967386335098805,4.967386335098805,moli,anti_homophones
23506,1,0,0,7,3,-6.739546420271712,6.739546420271712,ZypERsi,anti_homophones
23507,1,1,0,6,3,-6.608006748963151,6.608006748963151,t@dyRa,anti_homophones
23508,1,2,0,5,2,-6.2904350068848265,6.2904350068848265,opROk,anti_homophones
23509,1,23,0,3,1,-4.360506310744899,4.360506310744899,kEs,anti_homophones
23510,1,0,0,8,3,-6.837055127928322,6.837055127928322,kwadR@go,anti_homophones
23511,1,2,0,5,2,-5.3274025369356615,5.3274025369356615,RozaZ,anti_homophones
23512,1,5,0,5,2,-4.799804719080829,4.799804719080829,veRiR,anti_homophones
23513,1,2,0,8,3,-5.618870746404919,5.618870746404919,5spEkt9R,anti_homophones
23514,1,11,0,4,2,-4.701927792004345,4.701927792004345,pul5,anti_homophones
23515,1,10,0,4,2,-5.057421937572111,5.057421937572111,bRai,anti_homophones
23516,1,1,0,7,3,-6.924591997737587,6.924591997737587,Opskyti,anti_homophones
23517,1,10,0,5,2,-4.602038463560831,4.602038463560831,katal,anti_homophones
23518,1,3,0,4,1,-4.6767151461137395,4.6767151461137395,myfl,anti_homophones
23519,1,0,0,8,4,-8.472356439882251,8.472356439882251,toRjalie,anti_homophones
23520,1,0,0,12,5,-11.046984721007977,11.046984721007977,afRotEkskleo,anti_homophones
23521,1,0,0,7,3,-6.28612112534479,6.28612112534479,@tR°fyZ,anti_homophones
23522,1,4,0,5,2,-6.447906285019386,6.447906285019386,fRaky,anti_homophones
23523,1,5,0,6,2,-5.28618430151636,5.28618430151636,kRatyR,anti_homophones
23524,1,21,0,2,1,-4.568939149121525,4.568939149121525,bo,anti_homophones
23525,1,7,0,4,2,-5.416281989753608,5.416281989753608,aswa,anti_homophones
23526,1,18,0,5,2,-4.501217535379338,4.501217535379338,SaRde,anti_homophones
23527,1,0,0,12,5,-10.922671620152446,10.922671620152446,mORgaR@t@sj§,anti_homophones
23528,1,4,0,6,3,-4.969276225772417,4.969276225772417,aRguje,anti_homophones
23529,1,1,0,4,2,-5.243175427886237,5.243175427886237,igw5,anti_homophones
23530,1,1,0,8,3,-5.51290220417205,5.51290220417205,sysp@s9R,anti_homophones
23531,1,0,0,10,4,-10.242952577310145,10.242952577310145,s§desERbje,anti_homophones
23532,1,1,0,4,2,-4.905436302479955,4.905436302479955,m2n§,anti_homophones
23533,1,16,0,4,2,-4.954908570867739,4.954908570867739,fal@,anti_homophones
23534,1,3,0,8,3,-5.801062801710136,5.801062801710136,pRydasj§,anti_homophones
23535,1,0,0,8,3,-6.315071140883413,6.315071140883413,ZERmin@s,anti_homophones
23536,1,2,0,6,2,-5.286931609229028,5.286931609229028,s@t8El,anti_homophones
23537,1,0,0,7,3,-7.760655374419133,7.760655374419133,batekEl,anti_homophones
23538,1,0,0,11,4,-9.442552317264578,9.442552317264578,pRofilogROt,anti_homophones
23539,1,0,0,13,5,-11.266625161690786,11.266625161690786,RadjovistORSe,anti_homophones
23540,1,0,0,7,3,-5.683367340871127,5.683367340871127,ps2don@,anti_homophones
23541,1,0,0,8,4,-6.469976412210125,6.469976412210125,zoofizj§,anti_homophones
23542,1,1,0,5,2,-5.530918976919616,5.530918976919616,dykse,anti_homophones
23543,1,0,0,11,5,-10.350925435235828,10.350925435235828,manak§tinaZ,anti_homophones
23544,1,1,0,7,3,-5.752739038226932,5.752739038226932,mitifje,anti_homophones
23545,1,0,0,5,2,-5.355207440604743,5.355207440604743,kiRja,anti_homophones
23546,1,2,0,7,3,-5.744039414304445,5.744039414304445,@tRonik,anti_homophones
23547,1,0,0,6,2,-8.324653415938633,8.324653415938633,k°bRuj,anti_homophones
23548,1,0,0,8,3,-5.155778672735284,5.155778672735284,k§klyzj§,anti_homophones
23549,1,16,0,4,2,-4.452497768439075,4.452497768439075,meSe,anti_homophones
23550,1,0,0,9,3,-6.768208366131634,6.768208366131634,R°pRovist,anti_homophones
23551,1,0,0,10,5,-10.19546387029472,10.19546387029472,5timEtRib§,anti_homophones
23552,1,0,0,7,3,-6.275187793390956,6.275187793390956,gadusEt,anti_homophones
23553,1,9,0,5,2,-4.965593575651516,4.965593575651516,dezam,anti_homophones
23554,1,2,0,5,2,-6.098198715601475,6.098198715601475,alvaj,anti_homophones
23555,1,1,0,5,2,-6.044807266109815,6.044807266109815,atROp,anti_homophones
23556,1,1,0,6,3,-6.362750943031488,6.362750943031488,makoli,anti_homophones
23557,1,0,0,8,4,-7.335845413608061,7.335845413608061,pybEs°m@,anti_homophones
23558,1,0,0,8,4,-7.752401577069278,7.752401577069278,topeRit@,anti_homophones
23559,1,0,0,7,3,-7.103224358895398,7.103224358895398,balzaRo,anti_homophones
23560,1,0,0,11,5,-8.014244452908251,8.014244452908251,aktifikas9R,anti_homophones
23561,1,0,0,9,4,-10.627832760819809,10.627832760819809,kOlpetize,anti_homophones
23562,1,0,0,9,4,-12.700128206945626,12.700128206945626,t@paZuvaj,anti_homophones
23563,1,1,0,6,2,-5.840973746943433,5.840973746943433,baRbak,anti_homophones
23564,1,25,0,2,1,-4.572371707418503,4.572371707418503,nE,anti_homophones
23565,1,0,0,5,2,-6.792099439793419,6.792099439793419,ilw9R,anti_homophones
23566,1,0,0,6,3,-8.013161957163923,8.013161957163923,ekRoal,anti_homophones
23567,1,0,0,8,4,-5.669461840067307,5.669461840067307,deliZam@,anti_homophones
23568,1,0,0,9,4,-10.67606021046999,10.67606021046999,aRsikasES,anti_homophones
23569,1,0,0,4,1,-7.137219775057784,7.137219775057784,RuRb,anti_homophones
23570,1,0,0,8,3,-6.611445948288484,6.611445948288484,pERsizj§,anti_homophones
23571,1,1,0,6,2,-6.323352576116727,6.323352576116727,kaskal,anti_homophones
23572,1,1,0,6,2,-5.662488934122801,5.662488934122801,spl@te,anti_homophones
23573,1,2,0,5,2,-5.263825113945513,5.263825113945513,dOgma,anti_homophones
23574,1,0,0,8,4,-8.284374407597252,8.284374407597252,ikopjoSe,anti_homophones
23575,1,3,0,4,2,-4.694576213232077,4.694576213232077,l2ko,anti_homophones
23576,1,0,0,9,4,-7.862740416540585,7.862740416540585,suplEz@t5,anti_homophones
23577,1,0,0,13,5,-11.089622006530083,11.089622006530083,pRezistagRese,anti_homophones
23578,1,14,0,5,3,-4.686478337397208,4.686478337397208,asone,anti_homophones
23579,1,3,0,7,3,-5.639096142085843,5.639096142085843,@talizm,anti_homophones
23580,1,0,0,8,3,-6.402380655662786,6.402380655662786,tRifisj§,anti_homophones
23581,1,3,0,5,2,-5.124604385752083,5.124604385752083,nomik,anti_homophones
23582,1,0,0,10,5,-7.101139021389129,7.101139021389129,dekodik°m@,anti_homophones
23583,1,6,0,4,2,-6.198010234386591,6.198010234386591,nado,anti_homophones
23584,1,0,0,10,5,-6.557640675045721,6.557640675045721,idRaZ2z°m@,anti_homophones
23585,1,0,0,10,4,-10.167869311790922,10.167869311790922,vERmosjati,anti_homophones
23586,1,0,0,7,3,-6.251357294401705,6.251357294401705,aZystyd,anti_homophones
23587,1,12,0,6,2,-4.552897027934283,4.552897027934283,laksj§,anti_homophones
23588,1,0,0,6,2,-7.389713238807653,7.389713238807653,psidad,anti_homophones
23589,1,0,0,7,2,-6.584861625563613,6.584861625563613,destRas,anti_homophones
23590,1,0,0,11,4,-9.743886402241419,9.743886402241419,plEksjanize,anti_homophones
23591,1,0,0,10,4,-7.046483761312011,7.046483761312011,tR@sibilik,anti_homophones
23592,1,10,1,4,2,-4.656287290223682,4.656287290223682,duSe,anti_homophones
23593,1,0,0,7,3,-7.344587461877084,7.344587461877084,kylpagE,anti_homophones
23594,1,1,0,7,3,-6.055681874988832,6.055681874988832,Eks@t9R,anti_homophones
23595,1,0,0,9,4,-8.213847355711657,8.213847355711657,aplateRjo,anti_homophones
23596,1,0,0,8,4,-9.048633374166592,9.048633374166592,aponabin,anti_homophones
23597,1,0,0,7,3,-6.949059054297129,6.949059054297129,RefORt@,anti_homophones
23598,1,0,0,13,5,-11.811144086072828,11.811144086072828,S°valdOktat9R,anti_homophones
23599,1,3,1,4,2,-4.599397318845126,4.599397318845126,id9R,anti_homophones
23600,1,0,0,9,3,-8.611570234223452,8.611570234223452,REkstOnik,anti_homophones
23601,1,1,0,7,2,-5.484160394167667,5.484160394167667,pROstik,anti_homophones
23602,1,7,0,7,3,-5.4739186085292095,5.4739186085292095,aRgasj§,anti_homophones
23603,1,0,0,5,2,-6.162311651321556,6.162311651321556,bezEl,anti_homophones
23604,1,12,0,6,3,-4.651959824104766,4.651959824104766,vEn°m@,anti_homophones
23605,1,2,0,6,3,-6.892703880194873,6.892703880194873,§bilit,anti_homophones
23606,1,0,0,7,3,-5.98054547192799,5.98054547192799,bwaz°le,anti_homophones
23607,1,0,1,7,3,-6.752401471736003,6.752401471736003,letydj2,anti_homophones
23608,1,11,0,4,2,-5.830772280021746,5.830772280021746,pERE,anti_homophones
23609,1,0,0,11,5,-9.42566233798252,9.42566233798252,Zokopj2z°m@,anti_homophones
23610,1,1,0,6,3,-6.20080715755802,6.20080715755802,negoid,anti_homophones
23611,1,19,0,4,2,-5.199836822001147,5.199836822001147,Rip@,anti_homophones
23612,1,2,0,6,3,-5.641308860926395,5.641308860926395,divizi,anti_homophones
23613,1,2,0,4,2,-4.857423446288571,4.857423446288571,S5to,anti_homophones
23614,1,2,0,4,1,-5.632700891351352,5.632700891351352,indZ,anti_homophones
23615,1,1,0,5,2,-5.94678074916526,5.94678074916526,8ipiG,anti_homophones
23616,1,3,0,5,2,-5.1096330239912495,5.1096330239912495,Rad8e,anti_homophones
23617,1,0,0,7,4,-6.628615674530906,6.628615674530906,elik°te,anti_homophones
23618,1,1,0,5,2,-8.82266756042858,8.82266756042858,sauRd,anti_homophones
23619,1,0,0,8,4,-6.899831565880336,6.899831565880336,Z°nuv°ny,anti_homophones
23620,1,3,0,6,2,-5.580894569234751,5.580894569234751,kudRwa,anti_homophones
23621,1,0,0,5,3,-6.313630170631211,6.313630170631211,em5si,anti_homophones
23622,1,0,0,7,3,-7.2098591728262456,7.2098591728262456,navizin,anti_homophones
23623,1,0,0,10,4,-8.90651298027179,8.90651298027179,Revizast9R,anti_homophones
23624,1,15,0,4,2,-5.566114762150912,5.566114762150912,dyle,anti_homophones
23625,1,0,0,9,3,-9.068559516988396,9.068559516988396,pat5kt8El,anti_homophones
23626,1,2,0,6,2,-5.05603408331357,5.05603408331357,toRjal,anti_homophones
23627,1,0,0,6,2,-8.357368586394175,8.357368586394175,pl9Rid,anti_homophones
23628,1,1,0,7,3,-6.346863062126453,6.346863062126453,@faRist,anti_homophones
23629,1,10,0,5,2,-5.069570949606122,5.069570949606122,t@tik,anti_homophones
23630,1,0,0,7,3,-7.0814463509945265,7.0814463509945265,t5bRija,anti_homophones
23631,1,0,0,7,3,-6.692323844189671,6.692323844189671,pERdim@,anti_homophones
23632,1,0,0,9,4,-11.441958803023212,11.441958803023212,lyzjofily,anti_homophones
23633,1,1,0,5,3,-6.4313890036737655,6.4313890036737655,ygozo,anti_homophones
23634,1,2,0,4,2,-4.58668303135271,4.58668303135271,epuj,anti_homophones
23635,1,0,0,8,3,-6.729810372751954,6.729810372751954,dezamORf,anti_homophones
23636,1,0,0,8,4,-9.269611495523328,9.269611495523328,kamoneRa,anti_homophones
23637,1,0,0,10,4,-9.520382502302676,9.520382502302676,godiktalj5,anti_homophones
23638,1,0,0,9,5,-7.295421938537651,7.295421938537651,sepaRaoke,anti_homophones
23639,1,1,1,5,2,-4.968443104792941,4.968443104792941,OktyR,anti_homophones
23640,1,0,0,11,5,-9.741611631864561,9.741611631864561,dakRil2z°m@,anti_homophones
23641,1,0,0,11,5,-9.784676712465094,9.784676712465094,adylERajd9R,anti_homophones
23642,1,1,0,7,3,-6.60076292568299,6.60076292568299,kRut@Se,anti_homophones
23643,1,0,0,12,5,-10.191843433153387,10.191843433153387,Sapezekwatje,anti_homophones
23644,1,3,0,4,2,-4.870624717793746,4.870624717793746,5d8i,anti_homophones
23645,1,0,0,7,4,-7.209444982782127,7.209444982782127,ateRis@,anti_homophones
23646,1,14,1,4,2,-4.995747161168439,4.995747161168439,pil@,anti_homophones
23647,1,4,0,5,2,-5.329625151886607,5.329625151886607,f°nEl,anti_homophones
23648,1,5,0,6,3,-5.126179215026743,5.126179215026743,siz°m@,anti_homophones
23649,1,0,0,11,5,-12.045451758778412,12.045451758778412,Robalagojav,anti_homophones
23650,1,0,0,7,3,-6.18108267479414,6.18108267479414,5k§plis,anti_homophones
23651,1,0,0,11,5,-10.99372685303084,10.99372685303084,asikotRil9R,anti_homophones
23652,1,0,0,6,2,-7.126349743243647,7.126349743243647,gRytiR,anti_homophones
23653,1,1,0,9,4,-5.5573465630286805,5.5573465630286805,ipokRasj§,anti_homophones
23654,1,0,0,6,3,-6.130584985820695,6.130584985820695,k§tEni,anti_homophones
23655,1,0,0,10,4,-11.86964662898882,11.86964662898882,g°nEskin@s,anti_homophones
23656,1,15,1,4,2,-4.548639702852795,4.548639702852795,dute,anti_homophones
23657,1,1,0,7,3,-5.6643170375422125,5.6643170375422125,kaRis9R,anti_homophones
23658,1,2,0,7,3,-6.082852614522033,6.082852614522033,sekytaZ,anti_homophones
23659,1,0,0,7,3,-8.18341033996113,8.18341033996113,m§t8aZe,anti_homophones
23660,1,13,0,4,1,-4.774905244619233,4.774905244619233,kwat,anti_homophones
23661,1,6,0,4,2,-5.14193339890343,5.14193339890343,izOm,anti_homophones
23662,1,0,0,9,4,-7.729877309660263,7.729877309660263,pasimonje,anti_homophones
23663,1,0,0,10,5,-8.796595397041505,8.796595397041505,RydinaZ°Ri,anti_homophones
23664,1,5,0,4,2,-5.810986077454124,5.810986077454124,em@s,anti_homophones
23665,1,0,0,10,4,-7.934981045699178,7.934981045699178,fR@kyn°tje,anti_homophones
23666,1,0,0,12,5,-12.496271240430994,12.496271240430994,megaRnak§pOl,anti_homophones
23667,1,1,0,5,2,-6.876806574677271,6.876806574677271,dONak,anti_homophones
23668,1,9,0,5,2,-5.206663244913956,5.206663244913956,vERZi,anti_homophones
23669,1,0,0,10,5,-12.220464887868346,12.220464887868346,5kastaladE,anti_homophones
23670,1,0,0,12,5,-10.15378152201951,10.15378152201951,kaRn°bEzonje,anti_homophones
23671,1,3,0,6,3,-5.3890914565351515,5.3890914565351515,saloZi,anti_homophones
23672,1,5,0,5,2,-5.2734784411502655,5.2734784411502655,malto,anti_homophones
23673,1,4,0,5,2,-6.642759964815606,6.642759964815606,seZj5,anti_homophones
23674,1,0,0,12,4,-7.853476235849724,7.853476235849724,k§tR°s@blabl,anti_homophones
23675,1,8,0,7,3,-4.529764962666957,4.529764962666957,f@tasj§,anti_homophones
23676,1,0,0,9,3,-6.0034590015501195,6.0034590015501195,sysp@sibl,anti_homophones
23677,1,6,0,6,3,-5.297678316256195,5.297678316256195,demone,anti_homophones
23678,1,0,0,11,5,-11.3319493476011,11.3319493476011,distosiNifi,anti_homophones
23679,1,0,0,9,4,-9.538170657415453,9.538170657415453,5stRal@t§,anti_homophones
23680,1,0,0,11,4,-11.706233032314039,11.706233032314039,ded§Z§kt82z,anti_homophones
23681,1,0,0,10,5,-10.943724107064957,10.943724107064957,anipomofik,anti_homophones
23682,1,1,0,7,3,-6.804542652498076,6.804542652498076,akRofit,anti_homophones
23683,1,0,0,9,4,-7.537850575768557,7.537850575768557,dezosat9R,anti_homophones
23684,1,0,0,10,4,-8.461584308385111,8.461584308385111,tRofelylER,anti_homophones
23685,1,0,0,9,3,-7.739787346740002,7.739787346740002,pERmismik,anti_homophones
23686,1,4,0,5,2,-5.011952119305929,5.011952119305929,kOlte,anti_homophones
23687,1,0,0,11,5,-11.036057055807467,11.036057055807467,k§Zelastipa,anti_homophones
23688,1,24,0,3,1,-4.382685508514244,4.382685508514244,vak,anti_homophones
23689,1,1,0,5,2,-6.093921649607289,6.093921649607289,REswa,anti_homophones
23690,1,0,0,7,3,-6.507223526250382,6.507223526250382,alybliR,anti_homophones
23691,1,3,0,5,2,-5.6815424016391916,5.6815424016391916,gloRa,anti_homophones
23692,1,0,0,10,5,-7.559948765456174,7.559948765456174,medim@S°m@,anti_homophones
23693,1,0,0,6,3,-7.342024930112639,7.342024930112639,bom°l2,anti_homophones
23694,1,2,0,5,2,-4.995785925885648,4.995785925885648,S°val,anti_homophones
23695,1,3,0,6,3,-6.261962262225039,6.261962262225039,tyRaZe,anti_homophones
23696,1,0,0,8,3,-9.573553182371313,9.573553182371313,kovwajl@,anti_homophones
23697,1,0,0,10,4,-8.782128032145154,8.782128032145154,aRSik§stif,anti_homophones
23698,1,0,0,9,4,-9.163344296496652,9.163344296496652,saRbitaRi,anti_homophones
23699,1,1,0,6,2,-5.71859825811308,5.71859825811308,k§silv,anti_homophones
23700,1,0,0,5,2,-7.360991823042124,7.360991823042124,luvaj,anti_homophones
23701,1,3,0,6,2,-4.952770184714588,4.952770184714588,mERsj§,anti_homophones
23702,1,2,0,5,3,-6.631187370284068,6.631187370284068,EsaZe,anti_homophones
23703,1,0,0,11,5,-11.223402696675887,11.223402696675887,nefloR5d§te,anti_homophones
23704,1,0,0,7,3,-7.789455976141966,7.789455976141966,alvizj§,anti_homophones
23705,1,0,0,7,3,-7.114512394533748,7.114512394533748,balEkt@,anti_homophones
23706,1,0,0,8,4,-8.855563574768201,8.855563574768201,afReteSi,anti_homophones
23707,1,4,0,9,4,-5.90196946337659,5.90196946337659,boRizasj§,anti_homophones
23708,1,0,0,5,2,-6.202895687606905,6.202895687606905,pudiz,anti_homophones
23709,1,0,0,8,3,-6.75234632638883,6.75234632638883,pRem2tje,anti_homophones
23710,1,0,0,8,5,-11.36676381162484,11.36676381162484,ioRikot5,anti_homophones
23711,1,7,0,6,3,-5.256301557573969,5.256301557573969,p@p°m@,anti_homophones
23712,1,1,0,9,5,-7.505244506641221,7.505244506641221,Em@tEl°m@,anti_homophones
23713,1,3,0,6,2,-5.794324450696064,5.794324450696064,boRabl,anti_homophones
23714,1,0,0,11,5,-9.415253982827204,9.415253982827204,telefetifje,anti_homophones
23715,1,3,0,5,2,-5.195681177074885,5.195681177074885,Rivje,anti_homophones
23716,1,0,0,12,5,-10.206946489776803,10.206946489776803,solybRakleER,anti_homophones
23717,1,0,0,10,4,-8.885263708127491,8.885263708127491,laRdinak9R,anti_homophones
23718,1,1,0,6,2,-5.839034092861003,5.839034092861003,misj@s,anti_homophones
23719,1,6,0,5,2,-5.891125408536872,5.891125408536872,Radj§,anti_homophones
23720,1,0,0,11,5,-11.608010188858062,11.608010188858062,RokloteRafi,anti_homophones
23721,1,3,0,4,2,-5.076034982621303,5.076034982621303,kuf5,anti_homophones
23722,1,0,0,7,3,-7.02689919336658,7.02689919336658,Rozitiv,anti_homophones
23723,1,0,0,8,3,-8.170177193911348,8.170177193911348,dERt@sj§,anti_homophones
23724,1,0,0,8,3,-8.111209837815817,8.111209837815817,fR@bOlin,anti_homophones
23725,1,0,0,5,2,-4.981596338820646,4.981596338820646,Zol9R,anti_homophones
23726,1,6,1,6,3,-5.006827801384907,5.006827801384907,ekonER,anti_homophones
23727,1,0,0,8,3,-6.794525621910759,6.794525621910759,p°linist,anti_homophones
23728,1,12,1,5,2,-4.659166635590067,4.659166635590067,polit,anti_homophones
23729,1,0,0,7,3,-6.581061571336544,6.581061571336544,binolOg,anti_homophones
23730,1,1,0,8,3,-6.754538236892589,6.754538236892589,dekabR9R,anti_homophones
23731,1,7,0,6,3,-5.113380346061337,5.113380346061337,fid°m@,anti_homophones
23732,1,0,0,6,3,-8.373885887930571,8.373885887930571,memij§,anti_homophones
23733,1,0,0,7,2,-8.019042134749897,8.019042134749897,talmask,anti_homophones
23734,1,5,0,5,3,-6.6162082701362825,6.6162082701362825,ibite,anti_homophones
23735,1,4,0,5,3,-5.443413708144268,5.443413708144268,ekit5,anti_homophones
23736,1,1,0,5,2,-5.381899527048358,5.381899527048358,myt@s,anti_homophones
23737,1,0,0,7,3,-5.550846438330467,5.550846438330467,devoR9R,anti_homophones
23738,1,0,0,10,5,-10.049405855542426,10.049405855542426,5sekaRbuji,anti_homophones
23739,1,7,1,4,2,-4.46787674995605,4.46787674995605,ReOl,anti_homophones
23740,1,12,1,4,2,-4.459091307576466,4.459091307576466,moRa,anti_homophones
23741,1,0,0,8,4,-7.85100401918451,7.85100401918451,myzilase,anti_homophones
23742,1,0,0,7,3,-8.072082091920011,8.072082091920011,Rotosin,anti_homophones
23743,1,1,0,8,3,-6.753352009691802,6.753352009691802,stORS°m@,anti_homophones
23744,1,0,0,9,4,-8.425054105802804,8.425054105802804,fER°m@t9R,anti_homophones
23745,1,2,0,6,2,-8.06430344550867,8.06430344550867,bwaN9R,anti_homophones
23746,1,1,0,6,3,-5.287220834669397,5.287220834669397,epin9R,anti_homophones
23747,1,0,0,7,3,-7.050636854886996,7.050636854886996,5sinOkl,anti_homophones
23748,1,0,0,9,4,-6.752104208858159,6.752104208858159,Reekizibl,anti_homophones
23749,1,0,0,11,4,-6.584062017476412,6.584062017476412,pRetRikasj§,anti_homophones
23750,1,4,0,4,2,-4.98304177163806,4.98304177163806,deSy,anti_homophones
23751,1,0,0,7,3,-7.3805445382851955,7.3805445382851955,tORikal,anti_homophones
23752,1,0,0,8,3,-9.234219113530155,9.234219113530155,byRkoROm,anti_homophones
23753,1,0,0,9,3,-7.461480205703706,7.461480205703706,paRsifiks,anti_homophones
23754,1,0,0,12,5,-10.074742048262953,10.074742048262953,disibERlyR9R,anti_homophones
23755,1,0,0,7,3,-10.325085561761448,10.325085561761448,@dOftaR,anti_homophones
23756,1,3,0,5,2,-6.154927622379783,6.154927622379783,5tRiR,anti_homophones
23757,1,25,1,4,2,-4.329604598318214,4.329604598318214,paRo,anti_homophones
23758,1,4,0,5,2,-5.106253352550186,5.106253352550186,R@bl@,anti_homophones
23759,1,7,0,5,2,-5.895443988915531,5.895443988915531,pOlis,anti_homophones
23760,1,0,0,7,3,-7.168324590310999,7.168324590310999,sakRaSy,anti_homophones
23761,1,3,0,4,2,-4.785697854590214,4.785697854590214,ZeR§,anti_homophones
23762,1,0,0,8,4,-7.050571235740219,7.050571235740219,iReflote,anti_homophones
23763,1,0,0,9,3,-8.523224880948902,8.523224880948902,titystist,anti_homophones
23764,1,0,0,9,4,-7.750718522962698,7.750718522962698,toResjone,anti_homophones
23765,1,2,0,6,3,-5.760185190494951,5.760185190494951,5bRije,anti_homophones
23766,1,0,0,13,5,-13.827097196013955,13.827097196013955,ZuRnetadORm@t,anti_homophones
23767,1,11,0,4,1,-5.101871099802159,5.101871099802159,kRuj,anti_homophones
23768,1,0,0,8,4,-7.696371467028044,7.696371467028044,katavide,anti_homophones
23769,1,0,0,7,3,-7.228106506506271,7.228106506506271,R°fuRny,anti_homophones
23770,1,9,0,4,1,-5.361948840390665,5.361948840390665,bRoz,anti_homophones
23771,1,13,0,4,2,-6.091771508370832,6.091771508370832,SeRe,anti_homophones
23772,1,0,0,6,3,-6.85306727617,6.85306727617,fug2z@,anti_homophones
23773,1,9,0,4,2,-5.513979217340461,5.513979217340461,R°dy,anti_homophones
23774,1,0,0,10,4,-9.749436214706087,9.749436214706087,dORminokOk,anti_homophones
23775,1,0,0,8,3,-6.828981731109102,6.828981731109102,k§tR5gaZ,anti_homophones
23776,1,0,0,11,5,-10.101416796629591,10.101416796629591,dez5kRotij2,anti_homophones
23777,1,1,0,6,3,-6.734996133598626,6.734996133598626,oRizan,anti_homophones
23778,1,0,0,10,4,-8.391375850794512,8.391375850794512,fabetisjEl,anti_homophones
23779,1,8,1,4,2,-4.92626476293011,4.92626476293011,ekij,anti_homophones
23780,1,3,0,7,3,-5.669940504483298,5.669940504483298,salis9R,anti_homophones
23781,1,5,0,5,2,-5.785662461408699,5.785662461408699,apaRk,anti_homophones
23782,1,9,0,4,1,-4.973604165939923,4.973604165939923,fORn,anti_homophones
23783,1,0,0,14,5,-11.170225584649273,11.170225584649273,kapitRipjetizm,anti_homophones
23784,1,0,0,7,4,-7.1628684628619075,7.1628684628619075,iRepaRo,anti_homophones
23785,1,0,0,12,5,-10.855543858014297,10.855543858014297,omolisman8El,anti_homophones
23786,1,4,0,6,2,-5.245910262856083,5.245910262856083,kRupaZ,anti_homophones
23787,1,10,0,4,2,-5.278857305779238,5.278857305779238,afin,anti_homophones
23788,1,1,0,7,3,-6.787848516627278,6.787848516627278,watRij§,anti_homophones
23789,1,1,0,8,3,-7.100473509457735,7.100473509457735,vEstRake,anti_homophones
23790,1,0,0,13,5,-11.157787037603711,11.157787037603711,gzekypleminal,anti_homophones
23791,1,0,0,6,3,-7.6299132643237755,7.6299132643237755,f5las§,anti_homophones
23792,1,0,0,5,2,-5.580988843590367,5.580988843590367,gofRe,anti_homophones
23793,1,1,0,7,2,-6.510159533982359,6.510159533982359,naptibl,anti_homophones
23794,1,0,0,11,5,-12.15770212052685,12.15770212052685,amnipRosose,anti_homophones
23795,1,0,0,9,4,-6.67855756265649,6.67855756265649,SifRak°m@,anti_homophones
23796,1,8,0,4,2,-5.053304886149607,5.053304886149607,fiZe,anti_homophones
23797,1,0,0,10,4,-11.539471432349428,11.539471432349428,ZinaskadRe,anti_homophones
23798,1,0,0,9,3,-7.432769894045868,7.432769894045868,bEsteRjal,anti_homophones
23799,1,0,0,12,5,-10.332493074256524,10.332493074256524,djalipsOn°m@,anti_homophones
23800,1,0,0,9,4,-8.613190954310332,8.613190954310332,s@tRemus@,anti_homophones
23801,1,0,0,8,3,-7.7065468996548425,7.7065468996548425,pRefemaj,anti_homophones
23802,1,1,0,6,3,-5.343785429251593,5.343785429251593,mEm°Ri,anti_homophones
23803,1,0,0,9,4,-11.39381372272228,11.39381372272228,fadinisES,anti_homophones
23804,1,1,0,7,3,-6.2073504107019115,6.2073504107019115,maRaS9R,anti_homophones
23805,1,0,0,6,3,-7.852363994835022,7.852363994835022,ekavid,anti_homophones
23806,1,1,0,5,2,-5.346442668050422,5.346442668050422,ton@s,anti_homophones
23807,1,3,0,3,1,-4.617708559786276,4.617708559786276,d8o,anti_homophones
23808,1,29,0,3,1,-4.603661847394096,4.603661847394096,vin,anti_homophones
23809,1,0,0,11,4,-7.105958608832938,7.105958608832938,defEktRonik,anti_homophones
23810,1,0,0,6,2,-6.32839647317839,6.32839647317839,tRiboS,anti_homophones
23811,1,0,0,5,3,-5.8796900473476565,5.8796900473476565,in5fo,anti_homophones
23812,1,2,0,7,4,-7.762399909092099,7.762399909092099,anymine,anti_homophones
23813,1,0,0,9,4,-7.520456610060596,7.520456610060596,v5takasj§,anti_homophones
23814,1,0,0,7,4,-7.841699209136307,7.841699209136307,anijoZe,anti_homophones
23815,1,21,0,3,1,-4.521333799455939,4.521333799455939,dan,anti_homophones
23816,1,7,0,6,3,-5.186833745936145,5.186833745936145,simite,anti_homophones
23817,1,11,0,4,2,-4.562842849519508,4.562842849519508,Zam@,anti_homophones
23818,1,10,0,4,2,-5.416318245712674,5.416318245712674,fino,anti_homophones
23819,1,0,0,8,4,-6.885433216866632,6.885433216866632,Rabil°Ri,anti_homophones
23820,1,5,0,6,2,-5.24549089107325,5.24549089107325,Rypsj§,anti_homophones
23821,1,0,0,8,3,-8.244290351089383,8.244290351089383,R@blES9R,anti_homophones
23822,1,0,0,11,5,-11.828416771873039,11.828416771873039,tRipikolaR@,anti_homophones
23823,1,0,0,8,4,-6.2352869766583225,6.2352869766583225,astOlOZi,anti_homophones
23824,1,0,0,12,5,-11.19167911946952,11.19167911946952,sakRopometit,anti_homophones
23825,1,0,0,8,4,-7.559529857746351,7.559529857746351,R°koloZa,anti_homophones
23826,1,2,0,6,3,-5.847150276959426,5.847150276959426,deSal@,anti_homophones
23827,1,3,0,7,3,-4.829037334527543,4.829037334527543,kaRat9R,anti_homophones
23828,1,5,0,6,2,-4.872557138168128,4.872557138168128,delwaR,anti_homophones
23829,1,0,0,7,3,-6.533694185311,6.533694185311,ORfisj2,anti_homophones
23830,1,0,0,6,2,-7.262322257985233,7.262322257985233,jogREl,anti_homophones
23831,1,0,0,9,3,-8.154153194127087,8.154153194127087,pRaketizm,anti_homophones
23832,1,0,0,9,4,-10.187266898800688,10.187266898800688,5skRezika,anti_homophones
23833,1,1,0,7,4,-6.945546255294925,6.945546255294925,otodiZe,anti_homophones
23834,1,2,0,6,3,-6.723962488482196,6.723962488482196,5futaZ,anti_homophones
23835,1,5,0,5,2,-5.274817077704765,5.274817077704765,bRuji,anti_homophones
23836,1,0,0,7,3,-6.814108807056354,6.814108807056354,fleSase,anti_homophones
23837,1,2,0,5,2,-7.632060085000395,7.632060085000395,bevwe,anti_homophones
23838,1,0,0,8,4,-6.564800440269352,6.564800440269352,paRatiz@,anti_homophones
23839,1,7,0,5,2,-4.631969304439547,4.631969304439547,pesj§,anti_homophones
23840,1,1,0,6,2,-8.921068470189187,8.921068470189187,plynj§,anti_homophones
23841,1,0,0,9,4,-7.604515497618937,7.604515497618937,fenominEt,anti_homophones
23842,1,2,0,5,1,-5.285207507922191,5.285207507922191,tRubl,anti_homophones
23843,1,6,0,6,2,-4.579625328776597,4.579625328776597,fakt9R,anti_homophones
23844,1,0,0,7,3,-6.524391874754274,6.524391874754274,ofisjEl,anti_homophones
23845,1,0,0,6,3,-7.9766927957862555,7.9766927957862555,etazOm,anti_homophones
23846,1,0,0,9,4,-7.335050122474832,7.335050122474832,ofisjonik,anti_homophones
23847,1,0,0,11,5,-8.575367816153996,8.575367816153996,sybkylis°m@,anti_homophones
23848,1,0,0,5,3,-5.742221473067787,5.742221473067787,ol5pi,anti_homophones
23849,1,0,0,13,5,-11.305120287730693,11.305120287730693,pOstistinysj§,anti_homophones
23850,1,0,0,8,3,-7.214026625815247,7.214026625815247,kRwajonE,anti_homophones
23851,1,4,0,5,3,-5.089561855085217,5.089561855085217,ipoli,anti_homophones
23852,1,0,0,8,3,-7.604274793920013,7.604274793920013,pReistER,anti_homophones
23853,1,0,0,9,5,-8.482763043650431,8.482763043650431,eboRER°m@,anti_homophones
23854,1,3,0,5,3,-6.195911461375264,6.195911461375264,onolo,anti_homophones
23855,1,1,0,8,4,-5.950476316871301,5.950476316871301,peRil°m@,anti_homophones
23856,1,0,0,6,3,-5.6092969030989215,5.6092969030989215,kikine,anti_homophones
23857,1,24,1,2,1,-4.7048591396826405,4.7048591396826405,j§,anti_homophones
23858,1,0,0,8,4,-7.975489113008371,7.975489113008371,demaNolE,anti_homophones
23859,1,0,0,11,5,-9.469623019802452,9.469623019802452,vinEgzekyRe,anti_homophones
23860,1,1,0,7,3,-7.653611261309574,7.653611261309574,falitin,anti_homophones
23861,1,10,0,4,1,-4.774935127339178,4.774935127339178,skad,anti_homophones
23862,1,9,1,6,3,-5.394627222124232,5.394627222124232,vetize,anti_homophones
23863,1,0,0,6,3,-8.097611257608929,8.097611257608929,myRiat,anti_homophones
23864,1,0,0,6,2,-6.315773497234088,6.315773497234088,myt8Et,anti_homophones
23865,1,4,0,5,2,-5.367330523078463,5.367330523078463,depat,anti_homophones
23866,1,4,0,6,3,-5.107206154655048,5.107206154655048,matyRe,anti_homophones
23867,1,0,0,8,4,-7.38560006845975,7.38560006845975,Re5v@tyl,anti_homophones
23868,1,0,0,10,3,-7.54058297561525,7.54058297561525,myskylt8El,anti_homophones
23869,1,0,0,11,5,-8.274326245183145,8.274326245183145,5teleZitizm,anti_homophones
23870,1,0,0,7,3,-6.230550131667441,6.230550131667441,medikt§,anti_homophones
23871,1,1,0,4,2,-4.886535692042304,4.886535692042304,Zaji,anti_homophones
23872,1,0,0,13,5,-13.319973242660708,13.319973242660708,kasmaRtij@taZ,anti_homophones
23873,1,0,0,10,4,-7.279642280986514,7.279642280986514,5diskRasj§,anti_homophones
23874,1,0,0,13,5,-13.033424065596664,13.033424065596664,bosesilEktRoz,anti_homophones
23875,1,2,0,7,3,-5.782308222309441,5.782308222309441,pRese@s,anti_homophones
23876,1,0,0,6,3,-7.4430457201979365,7.4430457201979365,OkEj9l,anti_homophones
23877,1,4,0,5,2,-6.128522860435657,6.128522860435657,f@tiS,anti_homophones
23878,1,0,0,10,4,-9.974402701270236,9.974402701270236,gystRaviNE,anti_homophones
23879,1,1,0,6,2,-5.72769252756807,5.72769252756807,s5ptom,anti_homophones
23880,1,1,0,7,3,-6.8706135657545,6.8706135657545,Zenigme,anti_homophones
23881,1,1,0,8,3,-7.082572882674873,7.082572882674873,R°fORmOn,anti_homophones
23882,1,0,0,5,2,-5.528128105711539,5.528128105711539,R@gEn,anti_homophones
23883,1,1,0,9,4,-6.658734679605804,6.658734679605804,dez5tERme,anti_homophones
23884,1,10,0,4,2,-5.819803088230567,5.819803088230567,juje,anti_homophones
23885,1,0,0,7,3,-5.8160938905181325,5.8160938905181325,S°viz9R,anti_homophones
23886,1,4,1,7,3,-4.704557693281752,4.704557693281752,Zibl°m@,anti_homophones
23887,1,0,0,6,2,-7.582153203052103,7.582153203052103,taRgij,anti_homophones
23888,1,0,0,9,4,-8.233978700584109,8.233978700584109,EskinEksi,anti_homophones
23889,1,1,0,5,2,-5.6707666942391715,5.6707666942391715,mal2z,anti_homophones
23890,1,0,0,11,5,-10.570480575599984,10.570480575599984,adenORmatit,anti_homophones
23891,1,0,0,13,5,-15.786097201688115,15.786097201688115,stypeRolivasp,anti_homophones
23892,1,0,0,10,5,-7.430140422175935,7.430140422175935,5ZEktoloZi,anti_homophones
23893,1,0,0,6,2,-5.254743002902018,5.254743002902018,Ekstal,anti_homophones
23894,1,0,0,6,2,-7.253570950067397,7.253570950067397,kOlmik,anti_homophones
23895,1,0,0,7,3,-7.666772414118424,7.666772414118424,Sjatyl@,anti_homophones
23896,1,0,0,10,3,-8.86578906930887,8.86578906930887,fOlklozizm,anti_homophones
23897,1,0,0,8,3,-8.704216564911022,8.704216564911022,nOston@s,anti_homophones
23898,1,0,0,9,4,-7.597316844026929,7.597316844026929,akwason9R,anti_homophones
23899,1,0,0,11,4,-10.555292472236935,10.555292472236935,pERvjatonj2,anti_homophones
23900,1,16,1,6,3,-3.9424285787332596,3.9424285787332596,kalize,anti_homophones
23901,1,0,0,7,3,-5.713119975888349,5.713119975888349,fotoRja,anti_homophones
23902,1,1,0,6,3,-6.254866197039204,6.254866197039204,5polER,anti_homophones
23903,1,0,0,7,3,-6.201575001965282,6.201575001965282,taS°t9R,anti_homophones
23904,1,4,0,4,2,-4.730009617496857,4.730009617496857,yRZi,anti_homophones
23905,1,0,0,7,3,-6.338683750414889,6.338683750414889,tRepyte,anti_homophones
23906,1,0,0,9,5,-6.933754915926691,6.933754915926691,avigOt°m@,anti_homophones
23907,1,0,0,8,3,-10.525257164642799,10.525257164642799,kylpozis,anti_homophones
23908,1,19,1,3,2,-4.920873528002401,4.920873528002401,Re@,anti_homophones
23909,1,1,0,6,2,-6.557125835335888,6.557125835335888,sil5ks,anti_homophones
23910,1,2,0,7,3,-4.786261799908649,4.786261799908649,tR@S°m@,anti_homophones
23911,1,0,0,9,4,-6.852944199107721,6.852944199107721,Rafisjone,anti_homophones
23912,1,12,0,4,2,-4.700943430812369,4.700943430812369,Rot§,anti_homophones
23913,1,9,0,5,2,-5.032637000385571,5.032637000385571,paRsi,anti_homophones
23914,1,7,0,6,2,-7.033084054580027,7.033084054580027,paRtib,anti_homophones
23915,1,0,0,12,5,-10.603850591585214,10.603850591585214,atakinjalizm,anti_homophones
23916,1,0,0,12,5,-12.144473234701305,12.144473234701305,batRomodisko,anti_homophones
23917,1,1,0,6,3,-7.002572029004186,7.002572029004186,iRedER,anti_homophones
23918,1,0,0,10,4,-9.723549561264438,9.723549561264438,delykstRy@,anti_homophones
23919,1,8,0,4,2,-5.947271908657526,5.947271908657526,sivE,anti_homophones
23920,1,0,0,8,3,-7.172710613918459,7.172710613918459,blOkat9R,anti_homophones
23921,1,0,0,9,4,-6.58025599674943,6.58025599674943,pRydEt°Ri,anti_homophones
23922,1,0,0,9,4,-7.984391667619734,7.984391667619734,SipRozite,anti_homophones
23923,1,0,0,10,4,-8.895728952084058,8.895728952084058,R°maRmOtik,anti_homophones
23924,1,6,0,5,2,-4.697315087869349,4.697315087869349,denj5,anti_homophones
23925,1,2,0,5,2,-4.833411479284027,4.833411479284027,ek8El,anti_homophones
23926,1,0,0,7,3,-8.277245706622264,8.277245706622264,fRakuzi,anti_homophones
23927,1,18,1,4,2,-4.324437264624266,4.324437264624266,etal,anti_homophones
23928,1,0,0,7,3,-6.475401400757857,6.475401400757857,5pORtEn,anti_homophones
23929,1,0,0,8,4,-6.891377702228777,6.891377702228777,@RobylER,anti_homophones
23930,1,0,0,10,5,-8.975364169789257,8.975364169789257,nefisEn°m@,anti_homophones
23931,1,4,0,4,2,-5.163247103384237,5.163247103384237,@sif,anti_homophones
23932,1,1,0,6,3,-6.270837035511248,6.270837035511248,tapito,anti_homophones
23933,1,1,0,7,2,-6.185531079155251,6.185531079155251,psikliN,anti_homophones
23934,1,0,0,7,3,-7.172628293131546,7.172628293131546,iRil5dR,anti_homophones
23935,1,0,0,5,2,-6.98872252321055,6.98872252321055,ostOn,anti_homophones
23936,1,0,0,6,3,-6.148543569926727,6.148543569926727,R°g°di,anti_homophones
23937,1,2,0,7,3,-6.810965924859137,6.810965924859137,kaRabyl,anti_homophones
23938,1,0,0,14,5,-11.639090447957619,11.639090447957619,5sybmERtRomEtR,anti_homophones
23939,1,1,0,8,2,-6.7197112502325576,6.7197112502325576,bRaktizm,anti_homophones
23940,1,18,0,4,2,-4.861639958085556,4.861639958085556,Riz@,anti_homophones
23941,1,0,0,6,3,-6.6383020955278,6.6383020955278,sulake,anti_homophones
23942,1,0,0,8,4,-7.519942748366382,7.519942748366382,savalope,anti_homophones
23943,1,17,0,3,1,-4.595035883632527,4.595035883632527,aRN,anti_homophones
23944,1,3,0,5,2,-5.39095291644861,5.39095291644861,oRjER,anti_homophones
23945,1,0,0,6,2,-6.663033156229833,6.663033156229833,bOjkOl,anti_homophones
23946,1,1,0,8,3,-6.36674128703258,6.36674128703258,R°vERtik,anti_homophones
23947,1,1,0,6,2,-5.891617961154991,5.891617961154991,semjER,anti_homophones
23948,1,2,0,5,2,-4.969401591989101,4.969401591989101,aRpEt,anti_homophones
23949,1,3,0,6,3,-6.829640851641554,6.829640851641554,balife,anti_homophones
23950,1,3,0,3,1,-4.725100821459934,4.725100821459934,m8§,anti_homophones
23951,1,16,1,4,2,-4.744384678337416,4.744384678337416,date,anti_homophones
23952,1,11,1,3,2,-4.364450206195502,4.364450206195502,@ka,anti_homophones
23953,1,1,0,9,4,-5.867694070235142,5.867694070235142,ap8izasj§,anti_homophones
23954,1,0,0,7,4,-5.847839186743371,5.847839186743371,@vaisaZ,anti_homophones
23955,1,0,0,14,5,-10.43875561839854,10.43875561839854,apsyspEktRwate,anti_homophones
23956,1,0,0,12,5,-10.187465504252517,10.187465504252517,gR°lukul9RaZ,anti_homophones
23957,1,12,0,4,2,-5.124056806685242,5.124056806685242,aRpi,anti_homophones
23958,1,21,1,4,2,-4.514776947940458,4.514776947940458,tite,anti_homophones
23959,1,0,0,10,4,-8.235792393749842,8.235792393749842,syRpRedik@,anti_homophones
23960,1,0,0,9,4,-8.209673320619386,8.209673320619386,REdetERaZ,anti_homophones
23961,1,0,0,7,3,-8.161110223266807,8.161110223266807,ZiRypyl,anti_homophones
23962,1,0,0,10,4,-8.2715196639453,8.2715196639453,k5tERminEt,anti_homophones
23963,1,0,0,7,4,-8.21560643648465,8.21560643648465,etOlOik,anti_homophones
23964,1,4,0,7,2,-4.735354139285699,4.735354139285699,pORtabl,anti_homophones
23965,1,13,1,4,2,-4.586623086813312,4.586623086813312,div@,anti_homophones
23966,1,2,0,7,3,-5.623493408974335,5.623493408974335,m2lasj§,anti_homophones
23967,1,0,0,6,3,-6.917198612381596,6.917198612381596,sabil2,anti_homophones
23968,1,0,0,8,3,-6.444400465703582,6.444400465703582,fOtoskOp,anti_homophones
23969,1,2,0,3,1,-5.79156237509983,5.79156237509983,j2z,anti_homophones
23970,1,30,0,3,1,-4.909364587601137,4.909364587601137,mEt,anti_homophones
23971,1,0,0,10,5,-9.030151203920047,9.030151203920047,k§paRefyt§,anti_homophones
23972,1,0,0,8,3,-4.819275708401397,4.819275708401397,sybzisj§,anti_homophones
23973,1,0,0,8,4,-5.169780067441382,5.169780067441382,Etnik°m@,anti_homophones
23974,1,1,0,6,3,-6.945394365778348,6.945394365778348,oksiko,anti_homophones
23975,1,0,0,9,5,-6.977363111762552,6.977363111762552,apoREzone,anti_homophones
23976,1,1,0,6,2,-6.023967550069183,6.023967550069183,bRymaZ,anti_homophones
23977,1,0,0,9,4,-9.40157405925366,9.40157405925366,adjogRanE,anti_homophones
23978,1,0,0,7,4,-7.213823565800945,7.213823565800945,ynilase,anti_homophones
23979,1,0,0,10,4,-9.752616815355823,9.752616815355823,plyR§kol§b,anti_homophones
23980,1,0,0,8,3,-6.930843009686176,6.930843009686176,medj@sje,anti_homophones
23981,1,1,0,6,3,-7.209175993130431,7.209175993130431,epetER,anti_homophones
23982,1,9,0,4,2,-4.774787394446526,4.774787394446526,sij§,anti_homophones
23983,1,0,0,8,3,-7.825451923484236,7.825451923484236,balERs9R,anti_homophones
23984,1,9,0,4,1,-4.337344191972771,4.337344191972771,klav,anti_homophones
23985,1,0,0,7,3,-6.698839392506624,6.698839392506624,ipodERm,anti_homophones
23986,1,0,0,10,5,-9.065663510438169,9.065663510438169,ipokatwaj5,anti_homophones
23987,1,6,0,5,2,-4.812617188810449,4.812617188810449,bonje,anti_homophones
23988,1,0,0,6,3,-6.914849822482113,6.914849822482113,akRuEt,anti_homophones
23989,1,0,0,11,5,-11.159756667989418,11.159756667989418,@tROmatOlOn,anti_homophones
23990,1,0,0,7,3,-7.47897749506366,7.47897749506366,debalag,anti_homophones
23991,1,0,0,6,3,-7.568030081612637,7.568030081612637,keRik2,anti_homophones
23992,1,0,0,9,4,-7.232384903467076,7.232384903467076,R@tjEm°Ri,anti_homophones
23993,1,21,0,4,2,-4.860798056472916,4.860798056472916,buse,anti_homophones
23994,1,7,0,5,2,-5.195934088365623,5.195934088365623,peist,anti_homophones
23995,1,0,0,7,3,-6.914707303788687,6.914707303788687,kalmuzE,anti_homophones
23996,1,12,1,4,2,-4.860768085793599,4.860768085793599,tuje,anti_homophones
23997,1,4,1,6,2,-4.5847486913385715,4.5847486913385715,pREsj§,anti_homophones
23998,1,0,0,9,4,-7.315369978451762,7.315369978451762,kopozisj5,anti_homophones
23999,1,7,0,4,2,-4.929338266065025,4.929338266065025,sot§,anti_homophones
24000,1,1,0,7,3,-6.321713219137217,6.321713219137217,sovas9R,anti_homophones
24001,1,3,0,7,3,-5.188136069753458,5.188136069753458,agRafik,anti_homophones
24002,1,15,1,3,2,-4.629609756039318,4.629609756039318,5s@,anti_homophones
24003,1,0,0,6,3,-6.9610605188656764,6.9610605188656764,5fR@Z@,anti_homophones
24004,1,0,0,13,5,-11.448590224565036,11.448590224565036,dekRijetonabl,anti_homophones
24005,1,0,0,10,4,-9.906205284905944,9.906205284905944,sepaRmadER,anti_homophones
24006,1,2,0,5,3,-5.035147858162933,5.035147858162933,egize,anti_homophones
24007,1,0,0,13,5,-11.1194240002628,11.1194240002628,ZystRopRimoRe,anti_homophones
24008,1,6,0,5,2,-5.151545850512251,5.151545850512251,pRoma,anti_homophones
24009,1,0,0,8,3,-6.373792933103852,6.373792933103852,tybERZik,anti_homophones
24010,1,7,0,5,2,-5.085360990385298,5.085360990385298,palyS,anti_homophones
24011,1,43,1,4,2,-3.9129625161210373,3.9129625161210373,paRe,anti_homophones
24012,1,0,0,11,4,-9.724241153547036,9.724241153547036,pRezoRajv9R,anti_homophones
24013,1,0,0,9,4,-8.208446934082536,8.208446934082536,tamatik9R,anti_homophones
24014,1,0,0,13,5,-10.794994371669386,10.794994371669386,gR°nabOst@sj§,anti_homophones
24015,1,18,0,3,1,-4.732013572269138,4.732013572269138,tup,anti_homophones
24016,1,0,0,7,4,-6.32350969175209,6.32350969175209,5pRe@te,anti_homophones
24017,1,1,0,6,3,-6.146561143470622,6.146561143470622,t2ton@,anti_homophones
24018,1,0,0,8,3,-8.145165751722057,8.145165751722057,pOstagap,anti_homophones
24019,1,0,0,7,3,-6.20185161949738,6.20185161949738,emistik,anti_homophones
24020,1,3,0,5,2,-5.344340365361181,5.344340365361181,pulad,anti_homophones
24021,1,0,0,7,3,-7.393422422673757,7.393422422673757,R2salse,anti_homophones
24022,1,0,0,8,5,-8.713805439158676,8.713805439158676,eleolive,anti_homophones
24023,1,8,1,4,2,-4.55269828554786,4.55269828554786,efal,anti_homophones
24024,1,0,0,6,3,-6.9024984694972815,6.9024984694972815,Rytis@,anti_homophones
24025,1,0,0,11,4,-7.191195494125733,7.191195494125733,pRopORtityd,anti_homophones
24026,1,1,0,6,3,-6.479368346452325,6.479368346452325,Eksidy,anti_homophones
24027,1,5,0,4,2,-6.7602110631547045,6.7602110631547045,epEn,anti_homophones
24028,1,2,0,5,2,-5.526522661122216,5.526522661122216,komos,anti_homophones
24029,1,5,0,4,2,-5.421784015253646,5.421784015253646,akaN,anti_homophones
24030,1,3,0,4,2,-5.557687056254127,5.557687056254127,abuS,anti_homophones
24031,1,0,0,9,4,-8.463001291612082,8.463001291612082,epetaRist,anti_homophones
24032,1,1,0,5,2,-5.799461986707973,5.799461986707973,vOlys,anti_homophones
24033,1,0,0,8,4,-8.182658355512427,8.182658355512427,mytinime,anti_homophones
24034,1,3,0,6,3,-6.090937945822888,6.090937945822888,iminik,anti_homophones
24035,1,0,0,7,2,-6.57698769267464,6.57698769267464,sjalism,anti_homophones
24036,1,0,0,9,3,-7.573065878848737,7.573065878848737,Zansil5dR,anti_homophones
24037,1,0,0,15,5,-16.29702051700428,16.29702051700428,blik8isilfid9Rg,anti_homophones
24038,1,7,0,5,2,-5.134961932699188,5.134961932699188,RutaZ,anti_homophones
24039,1,0,0,10,5,-6.827596095180339,6.827596095180339,Realizasj5,anti_homophones
24040,1,2,0,6,3,-6.261209550259202,6.261209550259202,savaj@,anti_homophones
24041,1,0,0,7,4,-7.731817687843325,7.731817687843325,eRabyl@,anti_homophones
24042,1,2,0,6,2,-6.07079606871462,6.07079606871462,ZEstaZ,anti_homophones
24043,1,13,0,5,2,-4.360966246233677,4.360966246233677,satif,anti_homophones
24044,1,0,0,7,3,-7.48094812896176,7.48094812896176,OktoRil,anti_homophones
24045,1,1,0,7,4,-7.356396225071924,7.356396225071924,ERal°m@,anti_homophones
24046,1,0,0,6,2,-8.610890655528967,8.610890655528967,koSwEb,anti_homophones
24047,1,0,0,6,2,-6.025688957653334,6.025688957653334,pEst@s,anti_homophones
24048,1,10,0,4,2,-4.804352656658837,4.804352656658837,k§t§,anti_homophones
24049,1,0,0,8,3,-7.221345932499518,7.221345932499518,bwatyREt,anti_homophones
24050,1,0,0,8,3,-5.7923042660905475,5.7923042660905475,dekuvabl,anti_homophones
24051,1,6,1,4,1,-4.620040015618651,4.620040015618651,dwan,anti_homophones
24052,1,0,0,6,3,-6.1837038878123645,6.1837038878123645,epitan,anti_homophones
24053,1,0,0,7,3,-5.178510436983652,5.178510436983652,baRboRe,anti_homophones
24054,1,0,0,6,3,-7.563215290779146,7.563215290779146,nabil5,anti_homophones
24055,1,0,0,6,2,-7.304617778467401,7.304617778467401,nomEnt,anti_homophones
24056,1,0,0,6,3,-5.8279388747902265,5.8279388747902265,ZozEje,anti_homophones
24057,1,2,0,7,3,-5.221279943500052,5.221279943500052,apaRabl,anti_homophones
24058,1,3,0,4,1,-5.97036750163304,5.97036750163304,p5tR,anti_homophones
24059,1,0,0,11,5,-6.502500611649174,6.502500611649174,5flyvjoloZi,anti_homophones
24060,1,0,0,9,4,-8.736860957910695,8.736860957910695,sinoloRiz,anti_homophones
24061,1,0,0,6,3,-9.74120029188391,9.74120029188391,oviduj,anti_homophones
24062,1,0,0,7,3,-6.502214708063641,6.502214708063641,bukliNe,anti_homophones
24063,1,1,0,6,2,-6.881999501356492,6.881999501356492,5fliks,anti_homophones
24064,1,0,0,8,3,-8.910945098560727,8.910945098560727,RezERvjE,anti_homophones
24065,1,8,0,4,2,-5.398770253711265,5.398770253711265,elip,anti_homophones
24066,1,1,0,7,3,-5.648441315443855,5.648441315443855,debluze,anti_homophones
24067,1,0,0,10,5,-11.649305308847822,11.649305308847822,t§t@pys°lo,anti_homophones
24068,1,3,0,6,3,-5.98633770923222,5.98633770923222,Optike,anti_homophones
24069,1,10,1,4,2,-5.110245609850353,5.110245609850353,5fRe,anti_homophones
24070,1,0,0,10,4,-8.24407290546167,8.24407290546167,pRemylas9R,anti_homophones
24071,1,0,0,5,2,-5.023908853668161,5.023908853668161,spesi,anti_homophones
24072,1,1,0,4,2,-5.052356521495434,5.052356521495434,d§d§,anti_homophones
24073,1,0,0,9,4,-10.640864294780366,10.640864294780366,nikolEjbi,anti_homophones
24074,1,0,0,11,4,-8.341598252412899,8.341598252412899,gospEktRije,anti_homophones
24075,1,0,0,9,4,-10.034241476927413,10.034241476927413,fOksitani,anti_homophones
24076,1,3,0,6,2,-5.4044648921587575,5.4044648921587575,sosist,anti_homophones
24077,1,0,0,9,3,-8.986926087887598,8.986926087887598,tR5Z@bist,anti_homophones
24078,1,5,1,7,3,-5.417040727183941,5.417040727183941,pORn°m@,anti_homophones
24079,1,4,1,6,3,-5.112744815428621,5.112744815428621,k§site,anti_homophones
24080,1,1,0,5,2,-4.6835294676380546,4.6835294676380546,R@fle,anti_homophones
24081,1,2,0,7,2,-5.3979802918081194,5.3979802918081194,tRisabl,anti_homophones
24082,1,0,0,8,3,-6.989657992283223,6.989657992283223,dublag9R,anti_homophones
24083,1,0,0,11,5,-8.475579270304703,8.475579270304703,elEksidifik,anti_homophones
24084,1,2,0,5,2,-5.838582861427027,5.838582861427027,beSaR,anti_homophones
24085,1,3,0,4,2,-5.140639125471719,5.140639125471719,RuZE,anti_homophones
24086,1,0,0,8,3,-8.25023802373721,8.25023802373721,5stityRZ,anti_homophones
24087,1,0,0,11,4,-9.363916290799928,9.363916290799928,leZistRym9R,anti_homophones
24088,1,0,0,6,2,-7.962261756582986,7.962261756582986,mjasta,anti_homophones
24089,1,16,0,3,1,-5.431799190307659,5.431799190307659,vif,anti_homophones
24090,1,6,0,5,3,-5.573979086035721,5.573979086035721,emase,anti_homophones
24091,1,2,0,7,3,-5.417557760551425,5.417557760551425,afiksj§,anti_homophones
24092,1,0,0,9,3,-8.447623506660657,8.447623506660657,fORfetabl,anti_homophones
24093,1,15,0,4,1,-4.10474915926935,4.10474915926935,gabl,anti_homophones
24094,1,2,0,5,2,-7.074863491787656,7.074863491787656,5kylk,anti_homophones
24095,1,0,0,8,4,-6.674841530373522,6.674841530373522,piREt°m@,anti_homophones
24096,1,1,0,5,2,-6.127981166521963,6.127981166521963,lORal,anti_homophones
24097,1,11,0,6,3,-4.345707248933263,4.345707248933263,vEl°m@,anti_homophones
24098,1,0,0,9,4,-9.685318743313262,9.685318743313262,pROpRaleo,anti_homophones
24099,1,0,0,8,4,-7.661144070552707,7.661144070552707,sakaboSe,anti_homophones
24100,1,0,0,9,5,-9.289728319284901,9.289728319284901,inubaduRo,anti_homophones
24101,1,0,0,9,4,-6.631238409383004,6.631238409383004,blonEl°m@,anti_homophones
24102,1,3,1,5,3,-5.720814082326269,5.720814082326269,omose,anti_homophones
24103,1,3,0,6,3,-6.025864337246267,6.025864337246267,ajot9R,anti_homophones
24104,1,8,0,3,1,-5.137239802994257,5.137239802994257,Zol,anti_homophones
24105,1,0,0,9,3,-6.601769624513775,6.601769624513775,pRofisjal,anti_homophones
24106,1,8,0,5,2,-5.50488289079514,5.50488289079514,maRjo,anti_homophones
24107,1,5,0,5,3,-5.3206778446604766,5.3206778446604766,@mite,anti_homophones
24108,1,0,0,10,5,-10.682569600155071,10.682569600155071,vigatyRole,anti_homophones
24109,1,0,0,6,3,-6.918144284806776,6.918144284806776,fasase,anti_homophones
24110,1,2,0,7,2,-6.256958311999652,6.256958311999652,spaRsj§,anti_homophones
24111,1,1,0,8,3,-6.330217959108453,6.330217959108453,kalmatik,anti_homophones
24112,1,2,0,5,2,-4.671617645546698,4.671617645546698,abR9R,anti_homophones
24113,1,0,0,5,1,-5.877359544237761,5.877359544237761,SEndZ,anti_homophones
24114,1,3,0,7,3,-5.303012918541662,5.303012918541662,kaRt°Ri,anti_homophones
24115,1,0,0,9,4,-10.222398564511503,10.222398564511503,gRoninit@,anti_homophones
24116,1,4,0,6,3,-5.024895039207626,5.024895039207626,fos°m@,anti_homophones
24117,1,3,0,6,3,-5.340958632205576,5.340958632205576,miZone,anti_homophones
24118,1,7,0,4,2,-4.923991462789435,4.923991462789435,tafi,anti_homophones
24119,1,0,0,10,5,-6.108900932346164,6.108900932346164,5k§p@sasj§,anti_homophones
24120,1,0,0,7,3,-6.733475435447508,6.733475435447508,v5kyR9R,anti_homophones
24121,1,0,0,11,4,-9.105904481568055,9.105904481568055,kORdRomanik,anti_homophones
24122,1,0,0,11,4,-9.974742375539199,9.974742375539199,tuRbaRbit8@,anti_homophones
24123,1,24,0,3,1,-4.478289640861972,4.478289640861972,Rab,anti_homophones
24124,1,5,0,6,2,-4.897163493162704,4.897163493162704,kolist,anti_homophones
24125,1,6,0,4,1,-4.876722277282467,4.876722277282467,kOst,anti_homophones
24126,1,1,0,6,3,-6.134023753646376,6.134023753646376,solymo,anti_homophones
24127,1,7,0,5,2,-4.781411559083146,4.781411559083146,pORto,anti_homophones
24128,1,0,0,6,3,-6.667386058928559,6.667386058928559,@pEnaR,anti_homophones
24129,1,6,0,4,2,-5.327299613006672,5.327299613006672,s5Ze,anti_homophones
24130,1,0,0,13,5,-12.795610739719626,12.795610739719626,maskaltERnavi,anti_homophones
24131,1,0,0,7,3,-7.394628475449047,7.394628475449047,bab9niR,anti_homophones
24132,1,0,0,10,5,-7.266321651784203,7.266321651784203,anomizasj§,anti_homophones
24133,1,0,0,11,5,-11.239461985263633,11.239461985263633,ZybeORgatin,anti_homophones
24134,1,0,0,13,5,-14.523251525324802,14.523251525324802,kR°v°lismomje,anti_homophones
24135,1,12,0,4,2,-4.879487844140419,4.879487844140419,seRa,anti_homophones
24136,1,2,1,8,4,-5.2614905135390675,5.2614905135390675,dep@S°m@,anti_homophones
24137,1,0,0,8,3,-7.852246881843384,7.852246881843384,m@tERl5g,anti_homophones
24138,1,0,0,11,4,-10.55118339707581,10.55118339707581,Rafiskopj2z,anti_homophones
24139,1,0,0,8,3,-8.343231613601283,8.343231613601283,baskalif,anti_homophones
24140,1,1,0,6,2,-5.58354664924826,5.58354664924826,lEpt9R,anti_homophones
24141,1,1,0,7,3,-6.155936051220749,6.155936051220749,syRpoze,anti_homophones
24142,1,26,1,3,1,-3.8896862136655512,3.8896862136655512,kyl,anti_homophones
24143,1,1,0,9,4,-6.085149453078449,6.085149453078449,k§fR§t°m@,anti_homophones
24144,1,0,0,12,5,-10.026244464819941,10.026244464819941,RepRuvERtimi,anti_homophones
24145,1,1,0,6,2,-6.107331974841511,6.107331974841511,R°bask,anti_homophones
24146,1,0,0,13,5,-11.563839178663434,11.563839178663434,felagastR8ite,anti_homophones
24147,1,2,0,7,3,-5.896543580657831,5.896543580657831,mesjone,anti_homophones
24148,1,0,0,6,2,-5.92822234376302,5.92822234376302,twilER,anti_homophones
24149,1,0,0,12,5,-9.66715513222277,9.66715513222277,pRopinabij9R,anti_homophones
24150,1,0,0,8,3,-8.110452949441363,8.110452949441363,systitER,anti_homophones
24151,1,0,0,8,3,-8.040564782431609,8.040564782431609,tR5golik,anti_homophones
24152,1,0,0,14,5,-9.603009556502762,9.603009556502762,mORsjonERv°niR,anti_homophones
24153,1,1,1,3,2,-4.665569479363923,4.665569479363923,§t2,anti_homophones
24154,1,0,0,6,2,-7.578842163260081,7.578842163260081,bEgzak,anti_homophones
24155,1,0,0,8,4,-9.657452304510231,9.657452304510231,yREktOR§,anti_homophones
24156,1,0,0,8,4,-8.317338758116763,8.317338758116763,5diZenal,anti_homophones
24157,1,0,0,6,2,-5.446107912443251,5.446107912443251,fizjEm,anti_homophones
24158,1,0,0,9,4,-8.508599649383463,8.508599649383463,mitonomik,anti_homophones
24159,1,5,1,6,2,-5.669956641037284,5.669956641037284,glysj§,anti_homophones
24160,1,1,0,7,3,-5.920615953968077,5.920615953968077,bilitER,anti_homophones
24161,1,3,0,6,2,-5.597869755149183,5.597869755149183,manjEn,anti_homophones
24162,1,1,0,5,3,-6.318196865280208,6.318196865280208,eSiR@,anti_homophones
24163,1,0,0,8,4,-7.884880021834307,7.884880021834307,5f§d@sje,anti_homophones
24164,1,20,1,4,1,-4.435181653827309,4.435181653827309,kRat,anti_homophones
24165,1,8,0,5,2,-4.357689079996677,4.357689079996677,debRe,anti_homophones
24166,1,1,0,6,2,-6.296996560016659,6.296996560016659,R8id@s,anti_homophones
24167,1,0,0,5,2,-7.2783351087721915,7.2783351087721915,betap,anti_homophones
24168,1,0,0,12,5,-10.64439087793237,10.64439087793237,pRep§titydj§,anti_homophones
24169,1,2,0,7,3,-6.079266575217264,6.079266575217264,fym°tje,anti_homophones
24170,1,12,1,3,2,-4.714045089262057,4.714045089262057,am2,anti_homophones
24171,1,4,0,6,2,-5.381931911924059,5.381931911924059,kRutaZ,anti_homophones
24172,1,0,0,8,4,-7.2543916195039335,7.2543916195039335,salysid@,anti_homophones
24173,1,0,0,7,3,-6.502893426036495,6.502893426036495,l8iz°Ri,anti_homophones
24174,1,1,0,7,3,-5.271952375948742,5.271952375948742,m§tR°m@,anti_homophones
24175,1,0,0,7,4,-7.470671539420918,7.470671539420918,akolonE,anti_homophones
24176,1,1,0,7,3,-7.134052645565136,7.134052645565136,bonikyl,anti_homophones
24177,1,8,0,4,2,-5.252096593587635,5.252096593587635,syna,anti_homophones
24178,1,22,0,4,2,-4.9771959402759,4.9771959402759,Reti,anti_homophones
24179,1,0,0,9,4,-7.978880058245979,7.978880058245979,fabyz9vRe,anti_homophones
24180,1,0,0,8,3,-6.1903753648672595,6.1903753648672595,R°pR°taZ,anti_homophones
24181,1,15,0,5,3,-4.86113850329812,4.86113850329812,ak°m@,anti_homophones
24182,1,0,0,4,2,-6.597755935004365,6.597755935004365,goN2,anti_homophones
24183,1,0,0,8,3,-7.251426802214171,7.251426802214171,dERmalaZ,anti_homophones
24184,1,0,0,8,4,-7.252115556824976,7.252115556824976,kavaZ°R§,anti_homophones
24185,1,6,0,4,2,-5.074009924099202,5.074009924099202,elas,anti_homophones
24186,1,1,0,5,1,-7.23763231962701,7.23763231962701,t§stR,anti_homophones
24187,1,19,0,2,1,-4.577780408207099,4.577780408207099,m5,anti_homophones
24188,1,5,0,5,2,-5.435193211450372,5.435193211450372,modEz,anti_homophones
24189,1,6,0,4,2,-4.630994257799952,4.630994257799952,obli,anti_homophones
24190,1,0,0,6,3,-7.708448123343839,7.708448123343839,ymizEn,anti_homophones
24191,1,1,0,6,3,-6.975859691271637,6.975859691271637,5tRuso,anti_homophones
24192,1,4,0,5,2,-4.966774979759533,4.966774979759533,bajiR,anti_homophones
24193,1,0,0,10,5,-10.350927024793208,10.350927024793208,ak§tRotod§,anti_homophones
24194,1,0,0,7,3,-5.89038693447803,5.89038693447803,kaRt°ny,anti_homophones
24195,1,1,0,8,4,-5.612303704719694,5.612303704719694,5pyblije,anti_homophones
24196,1,0,0,9,4,-7.848997248402752,7.848997248402752,R°nuvERme,anti_homophones
24197,1,8,0,5,1,-4.871604844632357,4.871604844632357,platR,anti_homophones
24198,1,0,0,11,4,-8.217197734816047,8.217197734816047,EkspREs@sj2,anti_homophones
24199,1,0,0,8,4,-6.815597308044594,6.815597308044594,eklabote,anti_homophones
24200,1,9,0,5,2,-4.820335512419233,4.820335512419233,banje,anti_homophones
24201,1,1,0,6,3,-5.787160449762736,5.787160449762736,s@gis@,anti_homophones
24202,1,5,1,7,3,-5.010207954499565,5.010207954499565,abRasj§,anti_homophones
24203,1,0,0,12,5,-6.3035096387796345,6.3035096387796345,tit8alizasj§,anti_homophones
24204,1,0,0,9,4,-8.351364294089612,8.351364294089612,disitoRat,anti_homophones
24205,1,0,0,11,4,-10.061869954999635,10.061869954999635,fRolOstmode,anti_homophones
24206,1,0,0,8,3,-7.502187678947831,7.502187678947831,bRynizaZ,anti_homophones
24207,1,1,0,6,3,-4.911845606843009,4.911845606843009,dev°le,anti_homophones
24208,1,0,0,8,3,-7.14810546880312,7.14810546880312,ligR°n9R,anti_homophones
24209,1,0,0,5,2,-6.633577877846505,6.633577877846505,pliR§,anti_homophones
24210,1,0,0,10,5,-9.356324445694343,9.356324445694343,opogRamuRe,anti_homophones
24211,1,0,1,6,2,-4.894473186292227,4.894473186292227,vak8Ol,anti_homophones
24212,1,0,0,8,4,-7.3870263428482295,7.3870263428482295,mel@Zip@,anti_homophones
24213,1,0,0,9,3,-7.885568535011931,7.885568535011931,fRisp@s9R,anti_homophones
24214,1,0,0,8,3,-9.02482647658468,9.02482647658468,sipRimw5,anti_homophones
24215,1,0,0,7,3,-6.269855963546025,6.269855963546025,Egzylta,anti_homophones
24216,1,3,0,8,4,-6.365267013782044,6.365267013782044,oR@tasj§,anti_homophones
24217,1,6,0,5,3,-6.074745125272918,6.074745125272918,egal@,anti_homophones
24218,1,1,0,6,3,-5.927219599984423,5.927219599984423,in@sj§,anti_homophones
24219,1,2,0,5,3,-5.350837923589475,5.350837923589475,@v°ny,anti_homophones
24220,1,0,0,9,4,-8.719070143380462,8.719070143380462,tupiROfOn,anti_homophones
24221,1,0,0,7,3,-6.456726798067323,6.456726798067323,vid@tiR,anti_homophones
24222,1,0,0,12,5,-11.234206113425804,11.234206113425804,vilitaZjonER,anti_homophones
24223,1,0,0,9,3,-6.813669719902364,6.813669719902364,EkspjolOg,anti_homophones
24224,1,0,0,9,4,-10.34285566652147,10.34285566652147,dis°ROtOm,anti_homophones
24225,1,2,0,4,2,-5.081034056490079,5.081034056490079,an§s,anti_homophones
24226,1,0,0,9,4,-10.83483543395997,10.83483543395997,RapapaRka,anti_homophones
24227,1,1,0,7,3,-6.002792922941905,6.002792922941905,Ratifj@,anti_homophones
24228,1,0,0,7,3,-8.093771780050613,8.093771780050613,gOmOfOn,anti_homophones
24229,1,0,0,10,5,-11.88883349532906,11.88883349532906,ep°lOpenig,anti_homophones
24230,1,0,0,12,5,-11.656726128413904,11.656726128413904,maRk@tipaRl5,anti_homophones
24231,1,0,0,7,3,-9.240447963304042,9.240447963304042,R2bek@t,anti_homophones
24232,1,0,0,10,4,-7.794282605270803,7.794282605270803,RevoRizabl,anti_homophones
24233,1,1,0,4,1,-4.784498710724106,4.784498710724106,sl9g,anti_homophones
24234,1,3,0,7,3,-5.022462709975921,5.022462709975921,glas°m@,anti_homophones
24235,1,0,0,10,4,-7.66575264711733,7.66575264711733,pRemylt°m@,anti_homophones
24236,1,1,0,5,2,-5.350668859222224,5.350668859222224,R°dOg,anti_homophones
24237,1,0,0,5,3,-6.160244263262491,6.160244263262491,@S@t@,anti_homophones
24238,1,0,0,7,2,-6.261888444504215,6.261888444504215,m§stRaZ,anti_homophones
24239,1,0,0,5,2,-5.68536328961175,5.68536328961175,d°vis,anti_homophones
24240,1,8,0,5,2,-5.6867641159312345,5.6867641159312345,sERde,anti_homophones
24241,1,1,0,6,3,-6.64621217612646,6.64621217612646,popede,anti_homophones
24242,1,2,0,5,3,-5.340772984947294,5.340772984947294,5p@ze,anti_homophones
24243,1,2,0,5,2,-5.303910262735884,5.303910262735884,Z@vje,anti_homophones
24244,1,0,0,10,5,-8.91550988119215,8.91550988119215,pavisim°m@,anti_homophones
24245,1,0,0,11,5,-6.1684044606673885,6.1684044606673885,k§tRaZ2z°m@,anti_homophones
24246,1,0,0,10,4,-8.201065472510248,8.201065472510248,f§dRijonal,anti_homophones
24247,1,0,0,7,3,-7.049288418438424,7.049288418438424,vezigOt,anti_homophones
24248,1,0,0,7,4,-6.414013858329857,6.414013858329857,5f@t°le,anti_homophones
24249,1,0,1,6,2,-6.3139806567125305,6.3139806567125305,bROSEt,anti_homophones
24250,1,0,0,10,4,-9.925044433824606,9.925044433824606,tRizOksipe,anti_homophones
24251,1,0,0,7,3,-6.406552325133209,6.406552325133209,minEs9R,anti_homophones
24252,1,0,0,9,4,-9.63747939269297,9.63747939269297,5klapsoli,anti_homophones
24253,1,10,0,5,2,-4.773650483734311,4.773650483734311,desER,anti_homophones
24254,1,26,0,2,1,-4.569134472929442,4.569134472929442,Za,anti_homophones
24255,1,10,0,5,3,-5.026521255094626,5.026521255094626,emate,anti_homophones
24256,1,1,0,6,3,-5.406055052565509,5.406055052565509,@fuRSe,anti_homophones
24257,1,0,0,9,4,-8.029820918427854,8.029820918427854,lameliZj2,anti_homophones
24258,1,1,0,9,4,-5.85020402507156,5.85020402507156,asfikasj§,anti_homophones
24259,1,9,0,4,1,-4.758190966065535,4.758190966065535,pERb,anti_homophones
24260,1,4,0,5,2,-5.355323532832324,5.355323532832324,snije,anti_homophones
24261,1,1,0,7,3,-7.312707638456299,7.312707638456299,eklinil,anti_homophones
24262,1,12,0,4,2,-5.293898109354664,5.293898109354664,etis,anti_homophones
24263,1,6,0,4,2,-5.074935232453504,5.074935232453504,sima,anti_homophones
24264,1,9,0,4,2,-5.067690224322448,5.067690224322448,pRe@,anti_homophones
24265,1,0,0,7,3,-6.494915595883325,6.494915595883325,k§tamuR,anti_homophones
24266,1,6,0,5,2,-5.855255562537498,5.855255562537498,omabl,anti_homophones
24267,1,0,0,9,2,-8.652561092035883,8.652561092035883,k8istR5dR,anti_homophones
24268,1,3,0,6,3,-4.9700566239406285,4.9700566239406285,dezole,anti_homophones
24269,1,4,0,5,3,-5.767790519217376,5.767790519217376,asito,anti_homophones
24270,1,7,0,3,1,-4.379418510711089,4.379418510711089,myz,anti_homophones
24271,1,3,0,7,3,-5.256555807986804,5.256555807986804,tR@Z°Ri,anti_homophones
24272,1,2,0,6,3,-5.772393635383281,5.772393635383281,peRape,anti_homophones
24273,1,1,0,7,3,-5.614675564497237,5.614675564497237,maskyle,anti_homophones
24274,1,0,0,11,5,-7.220275274660035,7.220275274660035,@tRofikasj§,anti_homophones
24275,1,5,0,3,1,-4.496848201039748,4.496848201039748,dZi,anti_homophones
24276,1,0,0,13,5,-12.720294851360395,12.720294851360395,@tistRiStRase,anti_homophones
24277,1,0,0,11,5,-7.80724257306114,7.80724257306114,nuvERtiv°m@,anti_homophones
24278,1,0,0,6,3,-8.317753107846375,8.317753107846375,pOseje,anti_homophones
24279,1,7,0,6,3,-5.680526655705603,5.680526655705603,fanize,anti_homophones
24280,1,0,0,9,3,-9.249259449435524,9.249259449435524,dERvizabl,anti_homophones
24281,1,0,0,7,3,-7.491500644901573,7.491500644901573,faRm°R5,anti_homophones
24282,1,1,0,7,3,-6.3042332545055055,6.3042332545055055,R°bRuse,anti_homophones
24283,1,0,0,10,3,-11.632659785494221,11.632659785494221,vEstROnaRS,anti_homophones
24284,1,20,0,4,2,-5.182314431562437,5.182314431562437,fize,anti_homophones
24285,1,0,0,8,4,-7.2190538895595076,7.2190538895595076,Rapys°m@,anti_homophones
24286,1,8,0,5,3,-5.430688063255293,5.430688063255293,omine,anti_homophones
24287,1,0,0,7,3,-5.438416227099702,5.438416227099702,tREt°Ri,anti_homophones
24288,1,0,0,6,3,-5.690569716977089,5.690569716977089,kOl°t5,anti_homophones
24289,1,0,0,6,3,-6.228628846298144,6.228628846298144,RiZeR@,anti_homophones
24290,1,7,0,6,3,-4.97453489313135,4.97453489313135,Zak°m@,anti_homophones
24291,1,0,0,8,3,-8.069891744793434,8.069891744793434,gwaz°REl,anti_homophones
24292,1,9,0,5,2,-5.311015585538263,5.311015585538263,disik,anti_homophones
24293,1,2,0,7,3,-6.181227974464462,6.181227974464462,agRafin,anti_homophones
24294,1,4,0,5,2,-5.146490354871325,5.146490354871325,monot,anti_homophones
24295,1,7,0,5,2,-4.7858559863676495,4.7858559863676495,bRij@,anti_homophones
24296,1,0,0,7,3,-6.076427341588772,6.076427341588772,lyminaZ,anti_homophones
24297,1,5,0,7,3,-5.298004339717401,5.298004339717401,Zelasj§,anti_homophones
24298,1,0,0,8,4,-7.607876020446187,7.607876020446187,5des@sil,anti_homophones
24299,1,0,0,8,3,-6.077977912696396,6.077977912696396,faR5ksj§,anti_homophones
24300,1,13,1,6,3,-4.23308771830309,4.23308771830309,sEl°m@,anti_homophones
24301,1,13,1,3,1,-4.726572487813977,4.726572487813977,lyn,anti_homophones
24302,1,2,0,7,3,-5.546487231235862,5.546487231235862,piZonik,anti_homophones
24303,1,0,0,7,3,-6.234785494800075,6.234785494800075,akudwan,anti_homophones
24304,1,0,0,7,3,-6.708257527251037,6.708257527251037,S5SiRyR,anti_homophones
24305,1,0,0,8,3,-5.863832666164496,5.863832666164496,R°n§sabl,anti_homophones
24306,1,0,0,8,3,-6.709929801016323,6.709929801016323,mepRes@s,anti_homophones
24307,1,4,0,5,2,-5.979210536039692,5.979210536039692,R@did,anti_homophones
24308,1,0,0,7,2,-6.656967904145565,6.656967904145565,blEskOp,anti_homophones
24309,1,11,0,3,1,-4.470098587968228,4.470098587968228,R8i,anti_homophones
24310,1,0,0,8,3,-5.432243165793707,5.432243165793707,megatwaR,anti_homophones
24311,1,3,0,5,2,-5.469621479641445,5.469621479641445,kypid,anti_homophones
24312,1,0,0,9,4,-7.408494310226412,7.408494310226412,kavigatik,anti_homophones
24313,1,0,0,9,3,-8.125877028018458,8.125877028018458,SifR°dREs,anti_homophones
24314,1,0,0,9,4,-8.61959956848547,8.61959956848547,deglomate,anti_homophones
24315,1,0,0,8,3,-8.597500961459371,8.597500961459371,ORgaRdOm,anti_homophones
24316,1,1,0,7,3,-7.8036233336349525,7.8036233336349525,faRmOny,anti_homophones
24317,1,5,0,6,3,-4.887888674951871,4.887888674951871,fyR°m@,anti_homophones
24318,1,1,0,5,2,-5.085319286561223,5.085319286561223,vjolo,anti_homophones
24319,1,1,0,5,2,-5.757773868824203,5.757773868824203,RotOp,anti_homophones
24320,1,0,0,10,5,-8.50205265503677,8.50205265503677,S@Zibiliz@,anti_homophones
24321,1,3,0,5,2,-6.862459840097826,6.862459840097826,pibys,anti_homophones
24322,1,2,0,5,3,-5.6878287508845045,5.6878287508845045,aS°to,anti_homophones
24323,1,3,0,7,2,-6.542713084650072,6.542713084650072,pliswaR,anti_homophones
24324,1,1,0,6,3,-6.472397403595075,6.472397403595075,R°sER@,anti_homophones
24325,1,2,0,8,4,-5.838717060135652,5.838717060135652,m@tEl°m@,anti_homophones
24326,1,1,0,6,2,-5.047368894165302,5.047368894165302,kazjEm,anti_homophones
24327,1,3,0,5,2,-5.717661057219042,5.717661057219042,pw5ty,anti_homophones
24328,1,0,0,7,4,-7.496657456719243,7.496657456719243,apozij§,anti_homophones
24329,1,0,0,10,4,-6.630871195375314,6.630871195375314,kalizasjal,anti_homophones
24330,1,2,0,5,2,-6.592656748649346,6.592656748649346,lozEl,anti_homophones
24331,1,1,0,6,3,-6.4184320283868574,6.4184320283868574,aloRja,anti_homophones
24332,1,0,0,9,4,-6.763937186192341,6.763937186192341,Rebylasj§,anti_homophones
24333,1,0,0,11,4,-9.444847241158858,9.444847241158858,ORtOgRamwaR,anti_homophones
24334,1,0,0,5,3,-6.1550055852643615,6.1550055852643615,@kofi,anti_homophones
24335,1,0,0,8,4,-7.75665397442022,7.75665397442022,OmOfOnad,anti_homophones
24336,1,0,0,14,5,-11.79239834928227,11.79239834928227,metRustalmonje,anti_homophones
24337,1,0,0,6,2,-5.0300843643016435,5.0300843643016435,maskOp,anti_homophones
24338,1,5,0,6,3,-5.5538674819194656,5.5538674819194656,5tERSe,anti_homophones
24339,1,0,0,11,4,-11.298881717344846,11.298881717344846,SaRZ°lEnjEl,anti_homophones
24340,1,0,0,8,4,-8.08866955530761,8.08866955530761,ineglis@,anti_homophones
24341,1,0,0,9,4,-7.757214840738345,7.757214840738345,bug5vERse,anti_homophones
24342,1,8,0,4,2,-5.284817455576447,5.284817455576447,liN§,anti_homophones
24343,1,2,0,6,3,-6.385488118913607,6.385488118913607,kataka,anti_homophones
24344,1,1,0,5,3,-5.455593230913121,5.455593230913121,ev@t5,anti_homophones
24345,1,0,0,8,3,-9.352095721250029,9.352095721250029,bjogR°me,anti_homophones
24346,1,26,0,4,2,-4.326713001547238,4.326713001547238,Rem@,anti_homophones
24347,1,9,0,4,1,-4.698981035613508,4.698981035613508,sypR,anti_homophones
24348,1,0,0,9,4,-6.2624568118920365,6.2624568118920365,deRasjone,anti_homophones
24349,1,5,0,5,2,-4.7299428026356125,4.7299428026356125,pEjaZ,anti_homophones
24350,1,0,0,8,3,-7.596899793285633,7.596899793285633,OstaRd9R,anti_homophones
24351,1,0,0,11,5,-8.37732565314402,8.37732565314402,fosedeRat9R,anti_homophones
24352,1,0,0,8,3,-5.506468102584801,5.506468102584801,S@s2ljER,anti_homophones
24353,1,0,0,8,3,-7.760254017761792,7.760254017761792,w§balizm,anti_homophones
24354,1,2,0,5,2,-6.007183441352124,6.007183441352124,inakt,anti_homophones
24355,1,0,0,9,4,-7.798159306849588,7.798159306849588,koloRes9R,anti_homophones
24356,1,7,0,4,1,-4.833328363365565,4.833328363365565,bR@S,anti_homophones
24357,1,1,0,6,2,-5.468643479809798,5.468643479809798,pyRZik,anti_homophones
24358,1,6,0,5,2,-4.641156835216737,4.641156835216737,sERvi,anti_homophones
24359,1,6,0,4,2,-4.712303345258585,4.712303345258585,5val,anti_homophones
24360,1,8,1,5,2,-4.59987978566763,4.59987978566763,fizj§,anti_homophones
24361,1,7,0,5,2,-5.21735925206853,5.21735925206853,tRemi,anti_homophones
24362,1,0,0,8,3,-7.952059057847468,7.952059057847468,leZenjyl,anti_homophones
24363,1,4,0,5,2,-5.0212717766023784,5.0212717766023784,pERdy,anti_homophones
24364,1,0,0,8,3,-7.260433458271061,7.260433458271061,SifRetRe,anti_homophones
24365,1,4,0,5,3,-7.520104484686725,7.520104484686725,5piR@,anti_homophones
24366,1,0,0,6,2,-7.033694550557211,7.033694550557211,kustaz,anti_homophones
24367,1,15,0,3,1,-4.704496861740119,4.704496861740119,bEZ,anti_homophones
24368,1,0,0,9,4,-10.070988061529187,10.070988061529187,@pREsyRmE,anti_homophones
24369,1,0,0,10,4,-8.895764289950264,8.895764289950264,kamjogRase,anti_homophones
24370,1,1,0,4,2,-5.295110394790252,5.295110394790252,nen2,anti_homophones
24371,1,3,0,5,2,-5.212919425111928,5.212919425111928,tabil,anti_homophones
24372,1,0,0,9,4,-5.5082900191475295,5.5082900191475295,R°pozisj§,anti_homophones
24373,1,4,0,5,2,-5.751733131789977,5.751733131789977,elatR,anti_homophones
24374,1,2,0,6,2,-6.446551426424964,6.446551426424964,sykRyS,anti_homophones
24375,1,0,0,11,5,-9.947581709288865,9.947581709288865,Sod°latyREl,anti_homophones
24376,1,4,0,5,3,-4.892537900821275,4.892537900821275,akuSe,anti_homophones
24377,1,0,0,9,4,-7.308976888029688,7.308976888029688,okRabl°m@,anti_homophones
24378,1,1,0,7,3,-7.430580454542716,7.430580454542716,m§golOs,anti_homophones
24379,1,1,0,8,3,-5.855235381782195,5.855235381782195,globysj§,anti_homophones
24380,1,13,0,5,2,-5.50116227560869,5.50116227560869,Satif,anti_homophones
24381,1,0,0,8,4,-6.518674958398453,6.518674958398453,dek@seRe,anti_homophones
24382,1,1,0,5,3,-5.810393018390342,5.810393018390342,evEn2,anti_homophones
24383,1,0,0,8,4,-7.808259573674902,7.808259573674902,devOleRe,anti_homophones
24384,1,0,0,7,3,-6.733960619066087,6.733960619066087,elEskaj,anti_homophones
24385,1,5,0,5,2,-4.471423448831241,4.471423448831241,myzik,anti_homophones
24386,1,3,0,6,2,-4.616857941919848,4.616857941919848,miksj§,anti_homophones
24387,1,1,1,6,2,-5.881160918215751,5.881160918215751,plakEl,anti_homophones
24388,1,3,0,7,3,-6.364055046318768,6.364055046318768,buvRij§,anti_homophones
24389,1,0,0,12,5,-8.529624569695098,8.529624569695098,sygZEstibili,anti_homophones
24390,1,0,0,5,2,-5.789308045744712,5.789308045744712,5vERb,anti_homophones
24391,1,0,0,8,4,-7.899446162006976,7.899446162006976,ebERtike,anti_homophones
24392,1,10,0,3,1,-4.798870118763207,4.798870118763207,vEj,anti_homophones
24393,1,1,0,6,3,-6.949980577282325,6.949980577282325,sEdite,anti_homophones
24394,1,0,0,10,4,-10.229327063952585,10.229327063952585,kwateRakEt,anti_homophones
24395,1,0,0,9,4,-9.617574710318811,9.617574710318811,nyditisj5,anti_homophones
24396,1,0,0,8,3,-7.209868845155015,7.209868845155015,patRoEdR,anti_homophones
24397,1,0,0,8,3,-7.4890453263963375,7.4890453263963375,altEstin,anti_homophones
24398,1,0,0,10,4,-10.66182767539926,10.66182767539926,p5pRivinik,anti_homophones
24399,1,0,0,8,3,-7.664249903949017,7.664249903949017,R°t@tRik,anti_homophones
24400,1,3,1,5,3,-4.711823156132107,4.711823156132107,5sumi,anti_homophones
24401,1,0,0,8,3,-6.903401874070288,6.903401874070288,disgRave,anti_homophones
24402,1,10,0,4,2,-4.750866312838204,4.750866312838204,ot@s,anti_homophones
24403,1,1,0,8,3,-6.634488880454171,6.634488880454171,degRav9R,anti_homophones
24404,1,1,0,6,2,-5.627821285283711,5.627821285283711,petRin,anti_homophones
24405,1,0,0,11,4,-8.886750972890043,8.886750972890043,stRyktifiko,anti_homophones
24406,1,0,0,8,3,-6.216200045129504,6.216200045129504,sERpetik,anti_homophones
24407,1,2,0,7,3,-5.969351939146214,5.969351939146214,5s@sjEl,anti_homophones
24408,1,0,0,10,4,-6.6926614109849005,6.6926614109849005,dezaRdasj§,anti_homophones
24409,1,0,0,12,5,-11.14600971677569,11.14600971677569,deponiswasaZ,anti_homophones
24410,1,0,0,10,4,-10.379346419605616,10.379346419605616,notRapitik,anti_homophones
24411,1,1,0,5,2,-6.947598977954016,6.947598977954016,isyRf,anti_homophones
24412,1,0,0,10,5,-6.011812295405335,6.011812295405335,maRkeoloZi,anti_homophones
24413,1,1,0,7,2,-5.188380809594714,5.188380809594714,pyblist,anti_homophones
24414,1,0,0,11,4,-11.068807858221932,11.068807858221932,Raktim@tERg,anti_homophones
24415,1,1,0,7,2,-7.008601607141341,7.008601607141341,R°bRust,anti_homophones
24416,1,0,0,8,3,-7.3853108966030545,7.3853108966030545,alkaldiG,anti_homophones
24417,1,11,0,4,2,-4.661453799446263,4.661453799446263,aRja,anti_homophones
24418,1,3,0,6,2,-5.013548765793235,5.013548765793235,pRedit,anti_homophones
24419,1,5,0,6,2,-5.576079695200415,5.576079695200415,maRjEn,anti_homophones
24420,1,0,0,11,5,-11.756684960000698,11.756684960000698,@pl@tabOnER,anti_homophones
24421,1,4,0,5,1,-5.992198984077973,5.992198984077973,tRint,anti_homophones
24422,1,3,0,4,2,-5.2452091503682015,5.2452091503682015,beko,anti_homophones
24423,1,0,0,10,5,-11.22079949157018,11.22079949157018,elasmenole,anti_homophones
24424,1,0,0,6,3,-6.593855347273544,6.593855347273544,epydje,anti_homophones
24425,1,4,0,5,3,-5.299268052710015,5.299268052710015,5k§de,anti_homophones
24426,1,7,0,6,3,-5.531692486680317,5.531692486680317,ipERde,anti_homophones
24427,1,22,0,3,1,-4.792481480462776,4.792481480462776,nin,anti_homophones
24428,1,0,0,10,5,-6.4231910765794185,6.4231910765794185,sikonEl°m@,anti_homophones
24429,1,2,0,5,2,-4.65483893433332,4.65483893433332,myzif,anti_homophones
24430,1,3,0,7,3,-6.577356686177802,6.577356686177802,lemasj§,anti_homophones
24431,1,0,0,8,3,-5.310197597317437,5.310197597317437,pRofEs9R,anti_homophones
24432,1,0,0,7,3,-6.828769547647019,6.828769547647019,9mb9gle,anti_homophones
24433,1,2,0,8,3,-5.601131821674344,5.601131821674344,Eksploze,anti_homophones
24434,1,0,0,6,2,-6.264669007047453,6.264669007047453,Ziptif,anti_homophones
24435,1,0,0,12,5,-11.830777005547372,11.830777005547372,gR§dilozofin,anti_homophones
24436,1,0,0,7,3,-7.17762377987395,7.17762377987395,toRiZ@s,anti_homophones
24437,1,1,0,9,4,-5.7213764928005375,5.7213764928005375,bEzabl°m@,anti_homophones
24438,1,2,0,6,3,-6.122051101741964,6.122051101741964,kamote,anti_homophones
24439,1,2,0,6,3,-6.184699208206425,6.184699208206425,aRpoRa,anti_homophones
24440,1,0,0,13,5,-11.555271696350074,11.555271696350074,vidalisipRizm,anti_homophones
24441,1,0,0,7,3,-6.483419885159665,6.483419885159665,f§danje,anti_homophones
24442,1,0,0,8,4,-10.431027977316466,10.431027977316466,tutaRiso,anti_homophones
24443,1,0,0,10,4,-12.363316568640965,12.363316568640965,zapw5sypl@,anti_homophones
24444,1,0,0,9,4,-5.508436395532309,5.508436395532309,pERsis°m@,anti_homophones
24445,1,0,0,9,4,-7.733714367369997,7.733714367369997,sypERm°l§,anti_homophones
24446,1,0,0,11,5,-7.181390769470798,7.181390769470798,ipERtabl°m@,anti_homophones
24447,1,0,0,8,3,-9.568537657759341,9.568537657759341,falgRav5,anti_homophones
24448,1,0,0,9,4,-7.400941405284042,7.400941405284042,pamORs°m@,anti_homophones
24449,1,0,0,9,3,-7.372112664507859,7.372112664507859,depORsjal,anti_homophones
24450,1,0,0,8,4,-6.13974874760037,6.13974874760037,kaSEt°m@,anti_homophones
24451,1,0,0,11,4,-9.58484445379713,9.58484445379713,disjonEktoR,anti_homophones
24452,1,2,0,6,2,-5.601148073036258,5.601148073036258,kaRsEl,anti_homophones
24453,1,0,0,8,4,-9.243209526999468,9.243209526999468,elodRofa,anti_homophones
24454,1,6,0,5,3,-5.717495246618905,5.717495246618905,apolE,anti_homophones
24455,1,0,0,8,3,-8.123417673974272,8.123417673974272,slamel@Z,anti_homophones
24456,1,0,0,9,4,-10.812448078271453,10.812448078271453,iROpRagOZ,anti_homophones
24457,1,8,0,6,3,-4.701816365680871,4.701816365680871,s@t°Ri,anti_homophones
24458,1,0,0,6,3,-6.5800019593427574,6.5800019593427574,elavaZ,anti_homophones
24459,1,5,0,4,1,-5.232021819703776,5.232021819703776,kjEs,anti_homophones
24460,1,0,0,7,4,-7.924477408506871,7.924477408506871,Zeodano,anti_homophones
24461,1,0,0,10,4,-8.578212909364321,8.578212909364321,kwadRakyle,anti_homophones
24462,1,0,0,10,3,-9.567047037772795,9.567047037772795,tR@s@bR8iR,anti_homophones
24463,1,0,0,7,3,-6.327914116879755,6.327914116879755,kaRjoRe,anti_homophones
24464,1,2,0,5,2,-5.021450423740913,5.021450423740913,Zaz9R,anti_homophones
24465,1,0,0,7,3,-6.379444731359981,6.379444731359981,pRe@baZ,anti_homophones
24466,1,0,0,9,3,-6.281818090753836,6.281818090753836,viRt8asj§,anti_homophones
24467,1,3,0,5,3,-7.543495035220205,7.543495035220205,fuEta,anti_homophones
24468,1,6,0,5,2,-5.596972925422881,5.596972925422881,5tRav,anti_homophones
24469,1,11,0,4,2,-5.338889568755517,5.338889568755517,laj§,anti_homophones
24470,1,0,0,9,4,-8.506638868739937,8.506638868739937,felikRoS@,anti_homophones
24471,1,0,0,9,4,-6.028330439226291,6.028330439226291,disp@s°m@,anti_homophones
24472,1,13,0,4,1,-4.54470078824604,4.54470078824604,fakt,anti_homophones
24473,1,0,0,10,5,-9.697329191714749,9.697329191714749,5koRegRine,anti_homophones
24474,1,0,0,7,3,-5.904709103023471,5.904709103023471,gl@d°m@,anti_homophones
24475,1,1,0,7,3,-6.5061117684267185,6.5061117684267185,kamuSaZ,anti_homophones
24476,1,0,0,11,5,-8.049273458852475,8.049273458852475,fOtostal°m@,anti_homophones
24477,1,0,0,8,3,-8.576948426742689,8.576948426742689,spaRtisa,anti_homophones
24478,1,0,0,7,3,-6.612668451719759,6.612668451719759,5tOksil,anti_homophones
24479,1,0,0,10,4,-9.161972796945626,9.161972796945626,mezol5ZEkt,anti_homophones
24480,1,15,0,4,2,-4.8092044495597115,4.8092044495597115,koze,anti_homophones
24481,1,1,0,7,3,-7.004291978033265,7.004291978033265,bRaZite,anti_homophones
24482,1,0,0,7,3,-6.729810787388437,6.729810787388437,makylpa,anti_homophones
24483,1,12,1,4,2,-4.252745151171731,4.252745151171731,faj@,anti_homophones
24484,1,1,0,10,4,-6.658048439352361,6.658048439352361,metRabl°m@,anti_homophones
24485,1,8,0,4,1,-5.008246021818867,5.008246021818867,glEn,anti_homophones
24486,1,3,1,6,3,-5.5259934019388846,5.5259934019388846,admin2,anti_homophones
24487,1,7,0,3,2,-4.66527247977124,4.66527247977124,teo,anti_homophones
24488,1,8,0,4,1,-4.961871340144351,4.961871340144351,tROl,anti_homophones
24489,1,0,0,8,3,-7.952972864924037,7.952972864924037,stykatER,anti_homophones
24490,1,4,1,7,3,-4.600024891068265,4.600024891068265,Regl°m@,anti_homophones
24491,1,6,0,5,2,-5.304035269848202,5.304035269848202,ymist,anti_homophones
24492,1,0,0,6,3,-6.71970700484713,6.71970700484713,tybeOR,anti_homophones
24493,1,2,0,4,2,-5.0380901220605425,5.0380901220605425,n5be,anti_homophones
24494,1,0,0,6,3,-9.087584123982166,9.087584123982166,gaERm@,anti_homophones
24495,1,0,0,7,2,-8.000911924840576,8.000911924840576,kaRkaRp,anti_homophones
24496,1,0,0,7,2,-8.063525723184846,8.063525723184846,aRbRj@s,anti_homophones
24497,1,0,0,10,4,-8.706074349175678,8.706074349175678,snobijonEl,anti_homophones
24498,1,0,1,6,2,-5.622184504855037,5.622184504855037,pRydwa,anti_homophones
24499,1,1,0,5,2,-6.500264062023678,6.500264062023678,R@zin,anti_homophones
24500,1,21,0,3,1,-4.484230221741509,4.484230221741509,apR,anti_homophones
24501,1,3,0,5,2,-5.000259419640244,5.000259419640244,guvEl,anti_homophones
24502,1,11,0,5,2,-4.3909729443775865,4.3909729443775865,avwaR,anti_homophones
24503,1,0,0,10,4,-9.592889692834646,9.592889692834646,aRdizjonEm,anti_homophones
24504,1,16,0,3,1,-4.193992024964687,4.193992024964687,ply,anti_homophones
24505,1,0,0,7,3,-9.965129826124208,9.965129826124208,kRyoziz,anti_homophones
24506,1,2,0,8,3,-5.971793237375684,5.971793237375684,sERkyt9R,anti_homophones
24507,1,0,0,7,3,-8.816970735005006,8.816970735005006,plutej5,anti_homophones
24508,1,0,0,8,3,-8.457318189752781,8.457318189752781,5tERtROl,anti_homophones
24509,1,0,0,6,2,-7.607978928814614,7.607978928814614,mw5s§d,anti_homophones
24510,1,0,0,7,3,-5.8948202148367725,5.8948202148367725,l§ganik,anti_homophones
24511,1,0,0,8,4,-6.627171069916596,6.627171069916596,likOt°m@,anti_homophones
24512,1,0,0,8,4,-8.403165272492084,8.403165272492084,5t@swaR§,anti_homophones
24513,1,0,0,12,4,-12.10159194208215,12.10159194208215,tRyksp@daRde,anti_homophones
24514,1,0,0,6,3,-6.535620307017698,6.535620307017698,R2bul§,anti_homophones
24515,1,0,0,9,3,-9.218596012914356,9.218596012914356,vuvwaladR,anti_homophones
24516,1,1,0,6,2,-5.541425613167513,5.541425613167513,pRonj5,anti_homophones
24517,1,0,0,8,4,-7.284979945073908,7.284979945073908,SavideRe,anti_homophones
24518,1,0,0,13,5,-11.164659439682513,11.164659439682513,kapit8aligREs,anti_homophones
24519,1,0,0,7,3,-5.956840180866514,5.956840180866514,k§sudEn,anti_homophones
24520,1,0,0,6,3,-6.5422284959504085,6.5422284959504085,ekwas§,anti_homophones
24521,1,3,0,7,3,-5.457807281492328,5.457807281492328,ReZetik,anti_homophones
24522,1,6,0,5,2,-5.00754350583319,5.00754350583319,belj5,anti_homophones
24523,1,0,0,12,4,-10.273755529339832,10.273755529339832,wazERspEktif,anti_homophones
24524,1,2,0,6,3,-5.5302567337327115,5.5302567337327115,wazite,anti_homophones
24525,1,0,0,8,3,-6.960177712607706,6.960177712607706,pudRes@s,anti_homophones
24526,1,0,0,9,4,-8.21516529765016,8.21516529765016,damakylER,anti_homophones
24527,1,3,1,6,3,-4.844472994568477,4.844472994568477,difeR@,anti_homophones
24528,1,0,0,6,3,-5.976343535693669,5.976343535693669,legine,anti_homophones
24529,1,1,0,5,2,-6.117491329416715,6.117491329416715,ekloz,anti_homophones
24530,1,9,0,4,1,-4.300054732962088,4.300054732962088,sakR,anti_homophones
24531,1,2,0,6,2,-4.964747923184041,4.964747923184041,disibl,anti_homophones
24532,1,0,0,12,5,-11.859865200569017,11.859865200569017,saminozofRER,anti_homophones
24533,1,1,0,5,2,-6.982096433256874,6.982096433256874,pip9t,anti_homophones
24534,1,0,0,11,5,-13.570167399380578,13.570167399380578,@SenOsmisj2,anti_homophones
24535,1,4,0,4,2,-5.4580245129004,5.4580245129004,lak2,anti_homophones
24536,1,9,0,5,2,-4.8468812951660025,4.8468812951660025,but9R,anti_homophones
24537,1,0,0,7,3,-7.1676686486193155,7.1676686486193155,ReEgzOf,anti_homophones
24538,1,1,0,9,3,-6.16921214600296,6.16921214600296,pERkylt9R,anti_homophones
24539,1,4,0,6,3,-6.497812287005654,6.497812287005654,meleje,anti_homophones
24540,1,4,0,5,2,-5.2793971676186455,5.2793971676186455,kanoz,anti_homophones
24541,1,0,0,7,4,-6.3794044105844545,6.3794044105844545,@gaZ°R§,anti_homophones
24542,1,0,0,12,5,-8.21667738208314,8.21667738208314,komynivERn@s,anti_homophones
24543,1,0,0,9,4,-9.980743669058299,9.980743669058299,k@benedil,anti_homophones
24544,1,2,0,5,2,-5.476936684296802,5.476936684296802,fasad,anti_homophones
24545,1,1,0,6,3,-6.318141549135068,6.318141549135068,ak8aZe,anti_homophones
24546,1,1,0,7,3,-6.665885160742124,6.665885160742124,R°v@dj@,anti_homophones
24547,1,0,0,10,5,-6.40609446219784,6.40609446219784,oRiZibl°m@,anti_homophones
24548,1,1,0,7,4,-8.591363597285952,8.591363597285952,ekik°m@,anti_homophones
24549,1,0,0,10,5,-8.610796770816666,8.610796770816666,@tifyzjonE,anti_homophones
24550,1,1,0,8,3,-7.335967984516502,7.335967984516502,kaletabl,anti_homophones
24551,1,0,0,6,2,-7.96503294206196,7.96503294206196,Slamik,anti_homophones
24552,1,0,0,7,2,-6.8586124620361515,6.8586124620361515,pRyRZin,anti_homophones
24553,1,0,0,6,3,-6.878678810845606,6.878678810845606,pyR5p@,anti_homophones
24554,1,0,0,8,3,-9.56224889825752,9.56224889825752,ZERmafOk,anti_homophones
24555,1,0,0,9,4,-9.232506899311039,9.232506899311039,iRotEstaz,anti_homophones
24556,1,0,0,8,3,-7.392076057787183,7.392076057787183,mykORtaZ,anti_homophones
24557,1,5,0,5,2,-4.740798343632401,4.740798343632401,bOksi,anti_homophones
24558,1,2,0,6,2,-5.338973894612792,5.338973894612792,syREtR,anti_homophones
24559,1,4,0,4,2,-4.577735091217832,4.577735091217832,dusi,anti_homophones
24560,1,5,1,5,2,-5.076030922457144,5.076030922457144,doz9R,anti_homophones
24561,1,0,0,10,4,-6.580470548636977,6.580470548636977,supsoloZik,anti_homophones
24562,1,4,0,5,2,-5.130270472848956,5.130270472848956,kR°ve,anti_homophones
24563,1,11,0,5,2,-4.576534327303189,4.576534327303189,dezal,anti_homophones
24564,1,0,0,11,5,-8.258214118076953,8.258214118076953,lametRik°m@,anti_homophones
24565,1,0,0,8,3,-6.680142833470979,6.680142833470979,fymiljER,anti_homophones
24566,1,0,0,7,2,-6.4237708150102275,6.4237708150102275,skRityd,anti_homophones
24567,1,0,0,8,4,-8.25495733263811,8.25495733263811,aminisja,anti_homophones
24568,1,4,0,4,2,-7.915884297800229,7.915884297800229,ipyt,anti_homophones
24569,1,0,0,8,4,-6.937404892080128,6.937404892080128,jeRasite,anti_homophones
24570,1,4,0,4,2,-5.962625325504712,5.962625325504712,osid,anti_homophones
24571,1,12,0,4,2,-4.7114177917296605,4.7114177917296605,faSe,anti_homophones
24572,1,3,0,5,2,-4.864289928559079,4.864289928559079,ReZwa,anti_homophones
24573,1,2,0,6,2,-5.38914336253454,5.38914336253454,kRetRe,anti_homophones
24574,1,0,0,10,4,-9.752526314067053,9.752526314067053,aknutonjEm,anti_homophones
24575,1,1,0,7,3,-8.094110426912374,8.094110426912374,selit8e,anti_homophones
24576,1,0,0,11,4,-9.36792455437,9.36792455437,dediREksist,anti_homophones
24577,1,0,0,12,4,-11.442033552813152,11.442033552813152,kRim@sjablOk,anti_homophones
24578,1,0,0,8,3,-7.510395583860015,7.510395583860015,pikaRizm,anti_homophones
24579,1,0,0,9,3,-8.524438447137255,8.524438447137255,Sast5ktyR,anti_homophones
24580,1,1,0,4,1,-5.148373766524607,5.148373766524607,knut,anti_homophones
24581,1,1,0,9,3,-7.504142441074892,7.504142441074892,geRistwaR,anti_homophones
24582,1,0,0,10,5,-6.893503341342932,6.893503341342932,@plativ°m@,anti_homophones
24583,1,6,0,4,2,-4.818302654457513,4.818302654457513,v@dy,anti_homophones
24584,1,1,0,5,3,-6.186145453161011,6.186145453161011,oRas@,anti_homophones
24585,1,2,0,6,3,-6.4720230125089415,6.4720230125089415,menaRi,anti_homophones
24586,1,0,0,7,3,-8.085221101889458,8.085221101889458,waz°niR,anti_homophones
24587,1,0,0,8,3,-8.930249089396394,8.930249089396394,gzORpije,anti_homophones
24588,1,8,0,5,3,-5.01605452999339,5.01605452999339,@time,anti_homophones
24589,1,5,0,6,3,-5.715544308327609,5.715544308327609,saline,anti_homophones
24590,1,0,0,7,3,-7.745267701862359,7.745267701862359,viRafiR,anti_homophones
24591,1,2,0,6,3,-6.229034031535786,6.229034031535786,5k§saZ,anti_homophones
24592,1,15,0,4,2,-4.102165583306576,4.102165583306576,aRSe,anti_homophones
24593,1,1,0,7,3,-6.1832786904953485,6.1832786904953485,baREjaZ,anti_homophones
24594,1,2,0,6,2,-6.063724836495954,6.063724836495954,kRasin,anti_homophones
24595,1,3,0,6,3,-5.5057159910189535,5.5057159910189535,Radam@,anti_homophones
24596,1,0,0,10,4,-6.521000758177967,6.521000758177967,epigmatizm,anti_homophones
24597,1,0,0,11,5,-9.742913244855206,9.742913244855206,agnosjEl°Ri,anti_homophones
24598,1,4,0,4,1,-4.955745034393195,4.955745034393195,djag,anti_homophones
24599,1,4,1,6,3,-4.821500258857992,4.821500258857992,admine,anti_homophones
24600,1,0,0,7,3,-9.168113219351051,9.168113219351051,epROtiv,anti_homophones
24601,1,4,0,3,1,-4.610503903814642,4.610503903814642,n5b,anti_homophones
24602,1,0,0,6,3,-7.104588775394791,7.104588775394791,Remyna,anti_homophones
24603,1,3,1,5,2,-5.3349451247311865,5.3349451247311865,jon9R,anti_homophones
24604,1,1,0,7,3,-6.883480746207392,6.883480746207392,sov°nim,anti_homophones
24605,1,0,0,11,5,-8.362872615650124,8.362872615650124,vERnasuv°Ri,anti_homophones
24606,1,0,0,6,2,-7.147135284571428,7.147135284571428,kodjom,anti_homophones
24607,1,0,0,7,3,-6.259676654901125,6.259676654901125,miS°tje,anti_homophones
24608,1,5,0,6,3,-5.97151128860692,5.97151128860692,maRive,anti_homophones
24609,1,0,0,8,3,-8.141691832163685,8.141691832163685,Rubjotik,anti_homophones
24610,1,0,0,11,5,-9.26663836524349,9.26663836524349,Zybilistole,anti_homophones
24611,1,1,0,7,3,-6.077978080806592,6.077978080806592,lokaRde,anti_homophones
24612,1,2,0,5,2,-6.822301919652233,6.822301919652233,volyS,anti_homophones
24613,1,1,0,6,2,-5.573721074207882,5.573721074207882,R°f@dR,anti_homophones
24614,1,3,0,5,3,-8.2426842349952,8.2426842349952,ekitu,anti_homophones
24615,1,0,0,11,5,-8.79835747969428,8.79835747969428,RupaZuRn°m@,anti_homophones
24616,1,0,0,7,3,-10.458301321460514,10.458301321460514,5kapRan,anti_homophones
24617,1,0,0,11,4,-10.207740839230922,10.207740839230922,pRezoRosibl,anti_homophones
24618,1,0,0,8,3,-7.788542197283618,7.788542197283618,uRdERmik,anti_homophones
24619,1,0,0,10,4,-6.496711418904699,6.496711418904699,gluglus°m@,anti_homophones
24620,1,4,0,4,3,-5.473403005573554,5.473403005573554,inOa,anti_homophones
24621,1,0,0,8,3,-10.37877887052508,10.37877887052508,depRwaRe,anti_homophones
24622,1,1,0,6,3,-6.617183235250802,6.617183235250802,SeRim@,anti_homophones
24623,1,0,0,7,3,-7.247433822639103,7.247433822639103,mOdERn@,anti_homophones
24624,1,0,0,8,4,-7.105354132052373,7.105354132052373,s@tityl@,anti_homophones
24625,1,4,0,4,1,-5.063504116032841,5.063504116032841,dERm,anti_homophones
24626,1,1,0,6,2,-5.393498798999552,5.393498798999552,pinjOm,anti_homophones
24627,1,0,0,6,3,-6.841898413713409,6.841898413713409,lav°la,anti_homophones
24628,1,29,1,5,3,-4.3955453922575,4.3955453922575,aRite,anti_homophones
24629,1,0,0,10,5,-7.299714204735915,7.299714204735915,enalizat9R,anti_homophones
24630,1,7,0,3,1,-4.950776468165708,4.950776468165708,ajs,anti_homophones
24631,1,0,0,7,3,-8.511043530065878,8.511043530065878,klotElo,anti_homophones
24632,1,2,0,8,3,-5.2864174276806795,5.2864174276806795,blabl°m@,anti_homophones
24633,1,0,0,8,3,-8.507187139596322,8.507187139596322,RetR5glE,anti_homophones
24634,1,0,0,10,3,-7.847325293563945,7.847325293563945,tR§pylsibl,anti_homophones
24635,1,0,0,10,4,-10.017662498975938,10.017662498975938,bitaRidORm,anti_homophones
24636,1,0,0,11,5,-11.019554134198234,11.019554134198234,5vaRolisizm,anti_homophones
24637,1,3,0,5,2,-5.7443379178223894,5.7443379178223894,botal,anti_homophones
24638,1,1,0,6,2,-6.054063763463308,6.054063763463308,valwEt,anti_homophones
24639,1,0,0,9,4,-8.444334058196311,8.444334058196311,ORpoREksi,anti_homophones
24640,1,0,0,11,5,-8.45075623098997,8.45075623098997,defR§tanize,anti_homophones
24641,1,17,1,5,2,-4.933420516017443,4.933420516017443,matER,anti_homophones
24642,1,0,0,9,4,-5.375230119317826,5.375230119317826,S°vabl°m@,anti_homophones
24643,1,0,0,8,3,-6.3619869312607635,6.3619869312607635,EgzisjOm,anti_homophones
24644,1,2,1,5,2,-5.776502557196814,5.776502557196814,milEt,anti_homophones
24645,1,1,0,7,3,-5.190354379223309,5.190354379223309,otomist,anti_homophones
24646,1,0,0,7,3,-6.890572517498634,6.890572517498634,pROpyla,anti_homophones
24647,1,1,0,5,2,-5.651185106707549,5.651185106707549,lutOn,anti_homophones
24648,1,0,0,10,4,-8.113891556257485,8.113891556257485,depORtygle,anti_homophones
24649,1,5,0,5,2,-5.139341388846796,5.139341388846796,vokaZ,anti_homophones
24650,1,0,0,7,3,-6.952166904915984,6.952166904915984,siNityl,anti_homophones
24651,1,0,0,8,3,-6.960858912599742,6.960858912599742,syRt@s9R,anti_homophones
24652,1,0,0,11,5,-10.040819976823135,10.040819976823135,RekRysideal,anti_homophones
24653,1,0,0,6,2,-5.523533405233814,5.523533405233814,klORyR,anti_homophones
24654,1,2,0,5,3,-6.0616274317975405,6.0616274317975405,@gulE,anti_homophones
24655,1,0,0,9,3,-9.258034941554314,9.258034941554314,k8isipluk,anti_homophones
24656,1,2,0,7,4,-6.653492396539793,6.653492396539793,5pozit@,anti_homophones
24657,1,0,0,10,4,-8.851351391434182,8.851351391434182,sypleZetis,anti_homophones
24658,1,8,0,4,2,-4.868035694652326,4.868035694652326,gad5,anti_homophones
24659,1,1,0,6,2,-6.140408527066588,6.140408527066588,vaksik,anti_homophones
24660,1,0,0,6,3,-6.308712667653395,6.308712667653395,5sipj@,anti_homophones
24661,1,0,0,10,4,-8.621059106369112,8.621059106369112,myskem@tif,anti_homophones
24662,1,0,0,9,5,-7.850915300727179,7.850915300727179,5kaREt°Ri,anti_homophones
24663,1,0,0,9,3,-7.056424014136973,7.056424014136973,R°plastif,anti_homophones
24664,1,0,0,11,4,-12.390236043956591,12.390236043956591,blotipitalk,anti_homophones
24665,1,5,0,5,2,-6.0902947618267005,6.0902947618267005,pinEz,anti_homophones
24666,1,1,0,6,2,-6.084680269661148,6.084680269661148,bRylyR,anti_homophones
24667,1,0,0,12,5,-8.355793414394498,8.355793414394498,pRepeRizasj§,anti_homophones
24668,1,3,0,5,2,-5.320908077082995,5.320908077082995,dekly,anti_homophones
24669,1,1,0,6,3,-6.8131776177785905,6.8131776177785905,5komEs,anti_homophones
24670,1,0,0,9,5,-7.146448046728507,7.146448046728507,@poRas°m@,anti_homophones
24671,1,1,0,6,3,-5.973180103739807,5.973180103739807,aglobe,anti_homophones
24672,1,0,0,8,3,-6.682282044437823,6.682282044437823,fEst@sj§,anti_homophones
24673,1,3,0,4,2,-5.160994570557374,5.160994570557374,@pOn,anti_homophones
24674,1,0,0,6,3,-7.189880582061175,7.189880582061175,bodoma,anti_homophones
24675,1,2,0,6,2,-5.694703609943868,5.694703609943868,segRaf,anti_homophones
24676,1,0,0,12,5,-10.295001750626017,10.295001750626017,RetinEktysj§,anti_homophones
24677,1,2,0,6,3,-6.319431371012129,6.319431371012129,simito,anti_homophones
24678,1,0,0,8,4,-7.661329720686843,7.661329720686843,k§fyzin@,anti_homophones
24679,1,0,0,7,3,-8.784171990095196,8.784171990095196,telobys,anti_homophones
24680,1,0,0,8,3,-7.034691630137767,7.034691630137767,RaRSis9R,anti_homophones
24681,1,32,0,2,1,-4.5685603826398555,4.5685603826398555,na,anti_homophones
24682,1,1,0,8,4,-5.956184665127474,5.956184665127474,fotomize,anti_homophones
24683,1,0,0,6,3,-5.502988666437273,5.502988666437273,ZydeEn,anti_homophones
24684,1,1,0,7,3,-6.868799910520192,6.868799910520192,ipodizm,anti_homophones
24685,1,3,0,5,2,-5.155701481743382,5.155701481743382,bafw5,anti_homophones
24686,1,0,0,12,4,-11.574820900509385,11.574820900509385,f@tjedaRmwaR,anti_homophones
24687,1,0,0,9,4,-10.755966773311615,10.755966773311615,SodR§Sika,anti_homophones
24688,1,1,0,7,3,-5.9234549935456995,5.9234549935456995,Ost@sje,anti_homophones
24689,1,0,0,8,4,-8.111964685879494,8.111964685879494,5pal@tik,anti_homophones
24690,1,0,0,8,4,-6.240416693284853,6.240416693284853,RObEt°m@,anti_homophones
24691,1,0,0,8,4,-9.107632721692504,9.107632721692504,piRatiby,anti_homophones
24692,1,0,0,11,5,-8.267709849834661,8.267709849834661,ipoglizat9R,anti_homophones
24693,1,15,0,4,2,-5.4061137567675015,5.4061137567675015,kota,anti_homophones
24694,1,0,0,8,4,-6.277481593371305,6.277481593371305,ORbit°m@,anti_homophones
24695,1,0,0,11,5,-10.99123353188553,10.99123353188553,mozakuRlupe,anti_homophones
24696,1,0,0,7,3,-6.690447825327421,6.690447825327421,R°kalaZ,anti_homophones
24697,1,0,0,9,3,-7.224906710548152,7.224906710548152,pRopalpEt,anti_homophones
24698,1,15,0,3,1,-4.943084355340863,4.943084355340863,l@b,anti_homophones
24699,1,0,0,9,3,-7.55266695951205,7.55266695951205,miRwatizm,anti_homophones
24700,1,2,0,7,3,-6.553241750710352,6.553241750710352,skinite,anti_homophones
24701,1,2,0,7,3,-5.672336176417743,5.672336176417743,n8it°m@,anti_homophones
24702,1,0,0,8,4,-7.440506353255444,7.440506353255444,@tReside,anti_homophones
24703,1,0,0,8,3,-10.062063067759102,10.062063067759102,Opt@bulk,anti_homophones
24704,1,2,0,7,4,-5.08504221987543,5.08504221987543,aval°m@,anti_homophones
24705,1,4,0,4,2,-5.077377322222311,5.077377322222311,tuS@,anti_homophones
24706,1,0,0,12,5,-9.432307823130188,9.432307823130188,R@poREspeRik,anti_homophones
24707,1,9,1,3,1,-4.353322500803596,4.353322500803596,Sj5,anti_homophones
24708,1,2,0,6,3,-5.678144947805273,5.678144947805273,dez@se,anti_homophones
24709,1,0,0,10,5,-7.776909101893522,7.776909101893522,lufOnalize,anti_homophones
24710,1,1,0,8,4,-7.188533617999882,7.188533617999882,Rap°Roze,anti_homophones
24711,1,2,0,7,3,-6.165232649607353,6.165232649607353,lynisj§,anti_homophones
24712,1,10,0,5,2,-5.190425564423615,5.190425564423615,pRolo,anti_homophones
24713,1,1,0,6,3,-6.268055041788869,6.268055041788869,@pjese,anti_homophones
24714,1,10,1,5,2,-4.824979443133218,4.824979443133218,pREse,anti_homophones
24715,1,0,0,10,5,-10.645343351777647,10.645343351777647,deviRatElo,anti_homophones
24716,1,11,0,4,2,-4.73980419327959,4.73980419327959,avEt,anti_homophones
24717,1,0,0,10,5,-7.808744185918491,7.808744185918491,ipERpet@d@,anti_homophones
24718,1,7,0,4,2,-6.003334096450887,6.003334096450887,EREn,anti_homophones
24719,1,2,0,5,2,-6.880656905961749,6.880656905961749,tRi@s,anti_homophones
24720,1,3,0,5,2,-5.945142953251596,5.945142953251596,lavaS,anti_homophones
24721,1,0,0,7,3,-8.999305273498853,8.999305273498853,ebRitEt,anti_homophones
24722,1,0,0,9,4,-8.624468159630894,8.624468159630894,5typREsj§,anti_homophones
24723,1,2,0,6,2,-6.031017247077976,6.031017247077976,kRokal,anti_homophones
24724,1,0,0,6,2,-5.606985910427347,5.606985910427347,spEkto,anti_homophones
24725,1,0,0,9,4,-10.104088674578572,10.104088674578572,myzinemon,anti_homophones
24726,1,0,0,8,4,-9.812786834637443,9.812786834637443,s§daSOpi,anti_homophones
24727,1,0,0,7,3,-7.702696562194396,7.702696562194396,lisekyn,anti_homophones
24728,1,0,0,10,5,-10.121752263590684,10.121752263590684,eminovak@s,anti_homophones
24729,1,0,0,9,4,-8.487186293044818,8.487186293044818,tiploman@,anti_homophones
24730,1,2,0,5,3,-5.792415507460444,5.792415507460444,abijo,anti_homophones
24731,1,0,0,10,4,-7.367463838064935,7.367463838064935,kRepigRafi,anti_homophones
24732,1,0,0,10,4,-9.051852444108288,9.051852444108288,sonablijaZ,anti_homophones
24733,1,0,0,9,3,-7.150933709492155,7.150933709492155,RefRaktif,anti_homophones
24734,1,1,0,6,3,-5.640968731033813,5.640968731033813,@glute,anti_homophones
24735,1,3,0,5,2,-6.002629816534868,6.002629816534868,ERmiG,anti_homophones
24736,1,1,1,6,3,-5.241760799342894,5.241760799342894,dezem@,anti_homophones
24737,1,6,0,2,1,-4.64323113550754,4.64323113550754,§z,anti_homophones
24738,1,11,0,4,2,-4.582844339361021,4.582844339361021,myl@,anti_homophones
24739,1,0,0,9,3,-6.655144204639842,6.655144204639842,peR@sfORm,anti_homophones
24740,1,1,0,5,2,-5.768312314560698,5.768312314560698,@kl@p,anti_homophones
24741,1,0,0,10,4,-6.755757026317787,6.755757026317787,deSiRyRZik,anti_homophones
24742,1,0,0,10,5,-7.192283407063853,7.192283407063853,depital°m@,anti_homophones
24743,1,13,0,5,2,-4.994275747569469,4.994275747569469,panaR,anti_homophones
24744,1,7,0,4,1,-5.009989571873621,5.009989571873621,guRd,anti_homophones
24745,1,0,0,6,3,-7.109167842283515,7.109167842283515,apOtiS,anti_homophones
24746,1,1,0,7,3,-5.781574383802737,5.781574383802737,bjoSimi,anti_homophones
24747,1,1,0,9,4,-7.134261816679911,7.134261816679911,R°v°nifER,anti_homophones
24748,1,2,0,8,4,-5.897763354944422,5.897763354944422,ekyRasj§,anti_homophones
24749,1,1,0,6,3,-5.595357393818,5.595357393818,id@Z9R,anti_homophones
24750,1,2,0,6,2,-6.262538150000778,6.262538150000778,latibl,anti_homophones
24751,1,0,0,9,5,-8.641883598202527,8.641883598202527,iRitan°Ri,anti_homophones
24752,1,22,0,3,1,-4.407550865844698,4.407550865844698,gaj,anti_homophones
24753,1,0,0,8,3,-8.873069896267712,8.873069896267712,lyptiman,anti_homophones
24754,1,0,0,8,4,-5.936007652036476,5.936007652036476,oblijone,anti_homophones
24755,1,15,0,4,2,-4.944197434636224,4.944197434636224,meje,anti_homophones
24756,1,0,0,8,4,-5.906511045613349,5.906511045613349,k§siNale,anti_homophones
24757,1,0,0,9,3,-8.63377271217651,8.63377271217651,R°maRdwaR,anti_homophones
24758,1,0,0,11,5,-9.980122118365529,9.980122118365529,metamelisaZ,anti_homophones
24759,1,0,0,9,4,-9.310263304699319,9.310263304699319,takatanj5,anti_homophones
24760,1,0,0,7,4,-5.969194814086688,5.969194814086688,asuv°R5,anti_homophones
24761,1,7,0,6,2,-5.304134313691243,5.304134313691243,kEstik,anti_homophones
24762,1,0,0,7,3,-6.133003337977493,6.133003337977493,EkspEka,anti_homophones
24763,1,0,0,7,3,-7.0963950407687175,7.0963950407687175,kodalad,anti_homophones
24764,1,7,0,5,2,-5.1288732237780295,5.1288732237780295,vanik,anti_homophones
24765,1,5,0,5,2,-5.070102746398417,5.070102746398417,banj5,anti_homophones
24766,1,0,0,6,3,-8.264763515909447,8.264763515909447,ReZ@d5,anti_homophones
24767,1,0,0,6,3,-7.671942913150849,7.671942913150849,kamuty,anti_homophones
24768,1,0,0,11,4,-11.382859687189125,11.382859687189125,gRavivistun,anti_homophones
24769,1,1,0,8,3,-7.380817528445203,7.380817528445203,tORpoliR,anti_homophones
24770,1,0,0,10,5,-11.227251381114206,11.227251381114206,ReSodetove,anti_homophones
24771,1,9,0,4,2,-5.136816769737216,5.136816769737216,koz@,anti_homophones
24772,1,0,0,8,3,-7.266100074479918,7.266100074479918,poSaRniR,anti_homophones
24773,1,0,0,8,4,-8.569068407620007,8.569068407620007,afeRjazi,anti_homophones
24774,1,0,0,9,4,-9.63979464274068,9.63979464274068,aRlataRis,anti_homophones
24775,1,0,0,8,4,-7.920028903322241,7.920028903322241,@kOS°nER,anti_homophones
24776,1,7,1,4,2,-4.749385250137606,4.749385250137606,Sat5,anti_homophones
24777,1,0,0,9,3,-9.428479273182232,9.428479273182232,subR°fl9R,anti_homophones
24778,1,1,0,8,3,-5.3410601487548455,5.3410601487548455,fRizat9R,anti_homophones
24779,1,0,0,10,4,-9.36924716930072,9.36924716930072,SapistoRal,anti_homophones
24780,1,1,0,7,3,-6.5131664710781,6.5131664710781,tORt°ny,anti_homophones
24781,1,3,0,5,2,-5.541567313601957,5.541567313601957,zonj5,anti_homophones
24782,1,0,0,5,2,-6.094223329302851,6.094223329302851,obw9R,anti_homophones
24783,1,0,0,11,5,-9.925977489428737,9.925977489428737,Sal@k§tifj@,anti_homophones
24784,1,1,0,7,3,-5.887467700818885,5.887467700818885,bRoSimi,anti_homophones
24785,1,0,0,9,3,-7.028360973815339,7.028360973815339,sypERvjEt,anti_homophones
24786,1,0,0,11,5,-8.840737804753905,8.840737804753905,seRenealist,anti_homophones
24787,1,0,0,8,4,-9.771203900888926,9.771203900888926,ebobista,anti_homophones
24788,1,0,0,9,4,-11.568690602491891,11.568690602491891,up°maRtEk,anti_homophones
24789,1,2,1,8,4,-5.4333309053787815,5.4333309053787815,deRalite,anti_homophones
24790,1,1,0,8,3,-6.111938042644499,6.111938042644499,badaptik,anti_homophones
24791,1,1,0,5,2,-6.137300969789869,6.137300969789869,fal@k,anti_homophones
24792,1,5,1,6,2,-4.8103448462440985,4.8103448462440985,pResje,anti_homophones
24793,1,0,0,7,3,-6.831712302528189,6.831712302528189,demodiz,anti_homophones
24794,1,4,0,8,3,-5.32210108337588,5.32210108337588,sedyksj§,anti_homophones
24795,1,0,0,8,3,-7.4116754450491715,7.4116754450491715,pRekyl9R,anti_homophones
24796,1,0,0,4,2,-4.840136797593467,4.840136797593467,tyja,anti_homophones
24797,1,3,0,5,2,-6.010656395301464,6.010656395301464,avjaZ,anti_homophones
24798,1,0,0,8,2,-8.829737318556845,8.829737318556845,fRyZw9Rk,anti_homophones
24799,1,0,0,10,5,-6.534198406352332,6.534198406352332,f@tabilite,anti_homophones
24800,1,0,0,11,4,-5.969289787088515,5.969289787088515,tR§pt82z°m@,anti_homophones
24801,1,0,0,10,5,-8.523301917117314,8.523301917117314,5stalySone,anti_homophones
24802,1,0,0,11,5,-7.925778948882576,7.925778948882576,fORmasivite,anti_homophones
24803,1,0,0,11,5,-10.977850516877346,10.977850516877346,akRokRanot@,anti_homophones
24804,1,0,0,11,5,-10.28152632730888,10.28152632730888,k§fliemolEt,anti_homophones
24805,1,2,0,5,2,-5.831592078696094,5.831592078696094,k@pEN,anti_homophones
24806,1,3,0,7,3,-6.415681063093864,6.415681063093864,katin9R,anti_homophones
24807,1,0,0,6,2,-6.629363548634978,6.629363548634978,pajdiG,anti_homophones
24808,1,3,0,5,2,-5.875633769024855,5.875633769024855,filon,anti_homophones
24809,1,0,0,9,4,-7.5724676871386265,7.5724676871386265,egoSimEtR,anti_homophones
24810,1,3,0,8,4,-5.674645470779143,5.674645470779143,am@tasj§,anti_homophones
24811,1,5,1,6,2,-5.144725769754203,5.144725769754203,Ramabl,anti_homophones
24812,1,0,0,7,3,-7.177532151371262,7.177532151371262,@tiljal,anti_homophones
24813,1,5,0,5,2,-5.002356916531096,5.002356916531096,gazEl,anti_homophones
24814,1,0,0,7,3,-6.241817421248046,6.241817421248046,@dyRabl,anti_homophones
24815,1,15,0,3,1,-5.074823534865628,5.074823534865628,lja,anti_homophones
24816,1,0,0,13,5,-8.978999772695905,8.978999772695905,k§sylfabilist,anti_homophones
24817,1,1,0,8,3,-6.1467462598031295,6.1467462598031295,ekRonizm,anti_homophones
24818,1,0,0,7,4,-8.257796452586618,8.257796452586618,alpolie,anti_homophones
24819,1,0,0,10,4,-8.909998989016383,8.909998989016383,pRedofiliG,anti_homophones
24820,1,0,0,9,4,-7.922548562955392,7.922548562955392,R°kuRonje,anti_homophones
24821,1,0,0,9,3,-6.306169441248858,6.306169441248858,EkstRyzj§,anti_homophones
24822,1,0,0,9,4,-7.837570097402976,7.837570097402976,RefeRebyS,anti_homophones
24823,1,18,1,3,2,-4.224386518794253,4.224386518794253,@Se,anti_homophones
24824,1,0,0,7,2,-6.392641915992537,6.392641915992537,tutSizm,anti_homophones
24825,1,5,0,4,1,-5.729896635667118,5.729896635667118,stoR,anti_homophones
24826,1,0,0,8,3,-6.9560485358251745,6.9560485358251745,myltinal,anti_homophones
24827,1,13,1,5,2,-4.704954439611603,4.704954439611603,RotaZ,anti_homophones
24828,1,0,0,8,3,-9.12597366947587,9.12597366947587,piSnEtj5,anti_homophones
24829,1,3,0,4,2,-5.338038090887677,5.338038090887677,eZEl,anti_homophones
24830,1,2,0,6,3,-5.966162274710442,5.966162274710442,5tityd,anti_homophones
24831,1,0,0,9,4,-8.155716664756966,8.155716664756966,koRizlite,anti_homophones
24832,1,6,0,4,2,-5.2118694784093105,5.2118694784093105,kup@,anti_homophones
24833,1,0,0,10,5,-8.748873599455512,8.748873599455512,vag°naRize,anti_homophones
24834,1,3,0,4,1,-5.1251137429003615,5.1251137429003615,spl@,anti_homophones
24835,1,1,0,5,2,-5.114979017793365,5.114979017793365,abdik,anti_homophones
24836,1,2,0,7,4,-5.737407980392042,5.737407980392042,5dos°m@,anti_homophones
24837,1,4,0,5,2,-6.6353552682050605,6.6353552682050605,mORn2,anti_homophones
24838,1,2,0,5,2,-6.877383712478205,6.877383712478205,avant,anti_homophones
24839,1,28,0,4,2,-4.748340746783674,4.748340746783674,maRa,anti_homophones
24840,1,0,0,8,3,-7.143711708526245,7.143711708526245,moRasibl,anti_homophones
24841,1,0,0,7,3,-7.356714458777094,7.356714458777094,esORtje,anti_homophones
24842,1,2,0,5,2,-4.912293739722303,4.912293739722303,syRf5,anti_homophones
24843,1,0,0,6,3,-7.037753685932364,7.037753685932364,b°lop@,anti_homophones
24844,1,0,0,13,5,-12.077487687786025,12.077487687786025,pERkleRityRja,anti_homophones
24845,1,9,0,3,1,-4.614111641442716,4.614111641442716,Zwe,anti_homophones
24846,1,2,0,6,2,-5.373465844413659,5.373465844413659,beljOm,anti_homophones
24847,1,7,0,5,2,-4.908909753363998,4.908909753363998,f°nER,anti_homophones
24848,1,0,0,8,3,-6.295334805897898,6.295334805897898,puRsifje,anti_homophones
24849,1,0,0,8,4,-8.689529184252116,8.689529184252116,etRideRu,anti_homophones
24850,1,2,0,5,2,-4.728251203914383,4.728251203914383,5d8iR,anti_homophones
24851,1,7,0,5,2,-6.599469692181202,6.599469692181202,SatiR,anti_homophones
24852,1,0,0,8,3,-8.257087588734862,8.257087588734862,tavERZin,anti_homophones
24853,1,0,0,9,4,-7.25630372377857,7.25630372377857,5pROS°taZ,anti_homophones
24854,1,0,0,7,3,-6.703366911831376,6.703366911831376,samotik,anti_homophones
24855,1,0,0,9,5,-6.458668548485905,6.458668548485905,adoRal°m@,anti_homophones
24856,1,0,0,10,4,-9.005976365755068,9.005976365755068,flagmatif§,anti_homophones
24857,1,0,0,8,3,-8.253918865088599,8.253918865088599,geneREtR,anti_homophones
24858,1,11,0,3,1,-5.584009491264985,5.584009491264985,l5d,anti_homophones
24859,1,0,0,6,2,-7.189914099457286,7.189914099457286,ljERZ@,anti_homophones
24860,1,18,0,3,1,-4.774152017820224,4.774152017820224,jEn,anti_homophones
24861,1,0,0,11,3,-14.194714584072262,14.194714584072262,glaRbyRdist,anti_homophones
24862,1,0,0,6,2,-6.965652846532175,6.965652846532175,aRdjOp,anti_homophones
24863,1,0,0,8,4,-6.361642784717065,6.361642784717065,5tERniz@,anti_homophones
24864,1,5,0,7,4,-4.619248920514728,4.619248920514728,5dis°m@,anti_homophones
24865,1,0,0,8,3,-6.58813242731268,6.58813242731268,matisfER,anti_homophones
24866,1,2,0,5,2,-4.87198291647382,4.87198291647382,kluaZ,anti_homophones
24867,1,0,0,8,3,-7.598166899707955,7.598166899707955,gabRijER,anti_homophones
24868,1,15,1,4,2,-4.875462788518795,4.875462788518795,Rode,anti_homophones
24869,1,0,0,7,2,-10.157013191344927,10.157013191344927,slynEtR,anti_homophones
24870,1,10,0,5,2,-5.1785181758224885,5.1785181758224885,gaRit,anti_homophones
24871,1,0,0,5,3,-5.920884495586327,5.920884495586327,ReuvE,anti_homophones
24872,1,0,0,8,3,-7.560070782487706,7.560070782487706,Rez@plas,anti_homophones
24873,1,0,0,11,4,-9.989690945565071,9.989690945565071,sygZERmutOn,anti_homophones
24874,1,1,0,5,2,-5.1644196138541565,5.1644196138541565,vikte,anti_homophones
24875,1,1,0,5,2,-5.10679284111005,5.10679284111005,idjEn,anti_homophones
24876,1,4,0,5,2,-5.526016407896994,5.526016407896994,p@tEl,anti_homophones
24877,1,0,0,6,3,-6.4933560486466675,6.4933560486466675,nytili,anti_homophones
24878,1,0,0,7,3,-6.482669896894716,6.482669896894716,@ksjoni,anti_homophones
24879,1,1,0,5,2,-5.319034299425593,5.319034299425593,kymba,anti_homophones
24880,1,0,0,11,5,-8.399772888174414,8.399772888174414,kORdikan°Ri,anti_homophones
24881,1,0,0,6,2,-6.2152953873901104,6.2152953873901104,lOfORm,anti_homophones
24882,1,4,0,5,2,-5.354142013133942,5.354142013133942,aRpij,anti_homophones
24883,1,0,0,7,3,-7.543564292574212,7.543564292574212,asomEst,anti_homophones
24884,1,8,0,5,2,-5.255354053666111,5.255354053666111,kaRiz,anti_homophones
24885,1,9,0,5,2,-4.584061284553045,4.584061284553045,imabl,anti_homophones
24886,1,0,0,7,3,-9.04484356913144,9.04484356913144,RakRap2,anti_homophones
24887,1,4,0,5,2,-5.269777814431822,5.269777814431822,fEste,anti_homophones
24888,1,0,0,10,5,-10.963889354495876,10.963889354495876,kabinatiSe,anti_homophones
24889,1,21,1,4,2,-4.28666240673402,4.28666240673402,moni,anti_homophones
24890,1,0,0,10,5,-11.156914078774754,11.156914078774754,fyzeoloZ2z,anti_homophones
24891,1,0,0,7,3,-6.844709509247336,6.844709509247336,pRepife,anti_homophones
24892,1,0,0,7,3,-9.071116578994442,9.071116578994442,fuRSyme,anti_homophones
24893,1,6,0,4,2,-4.856067259789531,4.856067259789531,Raba,anti_homophones
24894,1,0,0,5,3,-6.732755100798343,6.732755100798343,kosea,anti_homophones
24895,1,1,1,5,3,-5.4820892741801,5.4820892741801,keSue,anti_homophones
24896,1,0,0,9,4,-9.330945284351422,9.330945284351422,RakRofila,anti_homophones
24897,1,1,0,7,3,-6.131605008737353,6.131605008737353,s@t@d@s,anti_homophones
24898,1,0,0,9,4,-8.904598652587586,8.904598652587586,pERtiREka,anti_homophones
24899,1,0,0,7,3,-7.608804096535239,7.608804096535239,potanad,anti_homophones
24900,1,12,1,5,3,-4.736386924013552,4.736386924013552,ekite,anti_homophones
24901,1,0,1,6,3,-5.515646263828931,5.515646263828931,okyfje,anti_homophones
24902,1,10,0,5,2,-4.674347854588085,4.674347854588085,bal@s,anti_homophones
24903,1,0,0,7,3,-6.809632319033408,6.809632319033408,Estinje,anti_homophones
24904,1,20,0,3,1,-4.641604743102991,4.641604743102991,sEm,anti_homophones
24905,1,0,0,12,5,-10.219857865650944,10.219857865650944,pRemylasmaSi,anti_homophones
24906,1,0,0,14,5,-14.603974501806427,14.603974501806427,Sj@dRokl9bman@,anti_homophones
24907,1,3,0,4,2,-5.095063939516113,5.095063939516113,luSE,anti_homophones
24908,1,10,0,5,2,-5.279291885953551,5.279291885953551,kaRak,anti_homophones
24909,1,4,1,5,2,-4.8343083763144605,4.8343083763144605,soman,anti_homophones
24910,1,16,1,4,2,-4.164765938651628,4.164765938651628,taje,anti_homophones
24911,1,14,1,4,1,-4.470787351797666,4.470787351797666,kl9R,anti_homophones
24912,1,1,0,6,3,-6.793724738244372,6.793724738244372,ekoRit,anti_homophones
24913,1,2,0,6,2,-5.1610765575092925,5.1610765575092925,bjot9R,anti_homophones
24914,1,0,0,5,2,-6.118904588182481,6.118904588182481,leSEt,anti_homophones
24915,1,11,0,4,1,-4.635168470637005,4.635168470637005,kRup,anti_homophones
24916,1,8,0,4,2,-5.092655677713572,5.092655677713572,paN§,anti_homophones
24917,1,0,0,10,4,-9.332145794611087,9.332145794611087,R2kRymEk9R,anti_homophones
24918,1,0,0,6,3,-6.791692353197727,6.791692353197727,R2nole,anti_homophones
24919,1,0,0,10,3,-9.77774835597328,9.77774835597328,deRostRabl,anti_homophones
24920,1,0,0,10,3,-8.437369270869821,8.437369270869821,pRogROmEtR,anti_homophones
24921,1,1,0,8,3,-5.929677355289716,5.929677355289716,ReZjat9R,anti_homophones
24922,1,0,0,8,3,-7.178023592396586,7.178023592396586,palaZist,anti_homophones
24923,1,0,0,12,4,-10.857941362671463,10.857941362671463,abOstRykt8OR,anti_homophones
24924,1,1,0,8,4,-5.594727504713173,5.594727504713173,aplik°m@,anti_homophones
24925,1,0,0,9,4,-8.199029625836312,8.199029625836312,falegRafi,anti_homophones
24926,1,0,0,10,4,-9.215279967789934,9.215279967789934,s5paRtimaZ,anti_homophones
24927,1,5,0,4,2,-5.274729514115492,5.274729514115492,flyE,anti_homophones
24928,1,0,0,8,3,-7.6939041776845505,7.6939041776845505,sepaRpj5,anti_homophones
24929,1,2,0,5,2,-5.845207926361796,5.845207926361796,R°k§d,anti_homophones
24930,1,1,0,5,2,-6.508336708726148,6.508336708726148,laRso,anti_homophones
24931,1,4,0,9,4,-5.614555782838997,5.614555782838997,Ratizasj§,anti_homophones
24932,1,14,0,2,1,-7.460932505010476,7.460932505010476,Ni,anti_homophones
24933,1,6,0,6,3,-5.958632789183749,5.958632789183749,ipERne,anti_homophones
24934,1,6,1,5,2,-4.501798123798489,4.501798123798489,satyR,anti_homophones
24935,1,0,0,7,3,-5.6655475495397845,5.6655475495397845,denuabl,anti_homophones
24936,1,3,0,7,3,-5.12390606538468,5.12390606538468,5dyksj§,anti_homophones
24937,1,7,0,5,2,-4.961114529318811,4.961114529318811,som9R,anti_homophones
24938,1,0,0,9,3,-10.404638605352753,10.404638605352753,dyplERvje,anti_homophones
24939,1,0,0,10,4,-8.802278009384985,8.802278009384985,pRefaR§d9R,anti_homophones
24940,1,3,0,5,3,-6.3984419835822814,6.3984419835822814,atem@,anti_homophones
24941,1,0,0,8,3,-7.450423697466149,7.450423697466149,kuRadjEn,anti_homophones
24942,1,1,0,7,3,-6.325527014502857,6.325527014502857,Raktiv@,anti_homophones
24943,1,0,0,7,3,-6.53656841724154,6.53656841724154,kalibRe,anti_homophones
24944,1,0,0,10,4,-9.296759000357005,9.296759000357005,iREks8edwa,anti_homophones
24945,1,0,0,6,2,-6.508989689275626,6.508989689275626,lystRi,anti_homophones
24946,1,0,0,8,3,-8.672603999702643,8.672603999702643,l°vERnak,anti_homophones
24947,1,3,0,5,2,-5.819721245691114,5.819721245691114,dem@t,anti_homophones
24948,1,0,0,10,4,-7.635812084260686,7.635812084260686,Regyst@sje,anti_homophones
24949,1,0,0,6,3,-5.789591412678303,5.789591412678303,k§s@t§,anti_homophones
24950,1,12,0,4,1,-4.689325406509377,4.689325406509377,fREn,anti_homophones
24951,1,0,0,5,2,-5.952897306263354,5.952897306263354,@ZwiR,anti_homophones
24952,1,0,0,7,3,-6.6404775286069295,6.6404775286069295,sERv@de,anti_homophones
24953,1,7,0,5,2,-5.210508711101854,5.210508711101854,gas9R,anti_homophones
24954,1,0,0,12,5,-10.777540459108536,10.777540459108536,gR@sividasj§,anti_homophones
24955,1,0,0,6,2,-7.091793946814692,7.091793946814692,faRmuS,anti_homophones
24956,1,2,0,6,2,-6.248431824205063,6.248431824205063,dRaS9R,anti_homophones
24957,1,25,0,3,2,-4.6064237791449045,4.6064237791449045,ese,anti_homophones
24958,1,0,0,10,4,-7.672356123163425,7.672356123163425,k§tR°batje,anti_homophones
24959,1,0,0,8,4,-7.443218633939835,7.443218633939835,k§fym°Ri,anti_homophones
24960,1,0,0,10,4,-10.404472376690617,10.404472376690617,budifikatS,anti_homophones
24961,1,7,0,4,2,-4.854129773900531,4.854129773900531,dol@,anti_homophones
24962,1,1,0,8,3,-6.10766691176665,6.10766691176665,syRpij9R,anti_homophones
24963,1,3,0,5,2,-5.686579883538159,5.686579883538159,kom@k,anti_homophones
24964,1,30,0,3,1,-4.6035795197104825,4.6035795197104825,kit,anti_homophones
24965,1,1,0,8,4,-6.050995218827339,6.050995218827339,napEl°m@,anti_homophones
24966,1,4,0,5,2,-5.922404473296029,5.922404473296029,swaR§,anti_homophones
24967,1,0,0,10,4,-8.781956330532154,8.781956330532154,k§tRol°REl,anti_homophones
24968,1,0,0,10,4,-10.89627786488726,10.89627786488726,tRiguRmify,anti_homophones
24969,1,0,0,10,4,-8.223190617361546,8.223190617361546,malfabRake,anti_homophones
24970,1,0,0,8,3,-7.558440468244324,7.558440468244324,lavalsj§,anti_homophones
24971,1,1,0,6,2,-6.647782445124727,6.647782445124727,gaRgaZ,anti_homophones
24972,1,0,0,9,4,-11.013491733265921,11.013491733265921,Roseljofi,anti_homophones
24973,1,4,0,5,2,-5.046366213643083,5.046366213643083,pRobo,anti_homophones
24974,1,0,0,9,4,-8.703179587648465,8.703179587648465,bR@didoze,anti_homophones
24975,1,13,0,2,1,-4.5708095353036535,4.5708095353036535,ob,anti_homophones
24976,1,1,0,5,2,-5.391788348260069,5.391788348260069,stEpe,anti_homophones
24977,1,4,0,6,2,-4.894027866214623,4.894027866214623,5stabl,anti_homophones
24978,1,17,0,5,2,-4.571526263894952,4.571526263894952,denik,anti_homophones
24979,1,0,0,6,2,-5.999548665178575,5.999548665178575,depERs,anti_homophones
24980,1,0,0,9,3,-6.17798922667605,6.17798922667605,sakRonizm,anti_homophones
24981,1,0,0,9,4,-7.096807967806227,7.096807967806227,Romynifje,anti_homophones
24982,1,0,0,12,5,-8.299490348809481,8.299490348809481,R°Zislamasj§,anti_homophones
24983,1,0,0,8,3,-5.810092138713388,5.810092138713388,s§bRasj§,anti_homophones
24984,1,2,0,6,3,-6.227010756948963,6.227010756948963,balake,anti_homophones
24985,1,1,0,8,3,-6.196931706556356,6.196931706556356,R°sORt9R,anti_homophones
24986,1,2,0,6,3,-5.648091184389275,5.648091184389275,anisj5,anti_homophones
24987,1,0,0,9,4,-8.23932147917491,8.23932147917491,sezafERme,anti_homophones
24988,1,4,0,6,3,-6.076716037921916,6.076716037921916,Rit°Ri,anti_homophones
24989,1,1,0,7,3,-6.655821720415631,6.655821720415631,maRS°R5,anti_homophones
24990,1,0,0,13,5,-10.43719910874604,10.43719910874604,k§vEktROk°t9R,anti_homophones
24991,1,0,0,8,3,-7.54213880718412,7.54213880718412,tom@sabl,anti_homophones
24992,1,0,0,11,4,-9.839201636480015,9.839201636480015,syRkalsinER,anti_homophones
24993,1,0,0,13,5,-11.819617397766086,11.819617397766086,pw5tERminazad,anti_homophones
24994,1,0,0,8,4,-6.6099512530715705,6.6099512530715705,filutone,anti_homophones
24995,1,0,0,6,3,-6.854033806384129,6.854033806384129,dim@Sy,anti_homophones
24996,1,1,0,7,2,-5.714919003516278,5.714919003516278,puRsibl,anti_homophones
24997,1,0,0,9,3,-7.333619860889955,7.333619860889955,sypstiZEn,anti_homophones
24998,1,0,0,13,5,-8.750885970222505,8.750885970222505,koagystRakt9R,anti_homophones
24999,1,2,0,5,2,-4.851611483837972,4.851611483837972,gOf9R,anti_homophones
25000,1,3,0,5,2,-5.245492475638223,5.245492475638223,R°dij,anti_homophones
25001,1,2,0,6,2,-6.538382448706665,6.538382448706665,dORmit,anti_homophones
25002,1,0,0,13,5,-12.470403905510262,12.470403905510262,kanEstRokomik,anti_homophones
25003,1,2,0,6,2,-5.729235240473418,5.729235240473418,mERdiz,anti_homophones
25004,1,0,0,8,3,-7.341647853224576,7.341647853224576,gR@Z°tyR,anti_homophones
25005,1,0,0,8,3,-7.680179452500009,7.680179452500009,maRmeRiR,anti_homophones
25006,1,1,0,8,4,-6.658948733177545,6.658948733177545,lymEn°m@,anti_homophones
25007,1,0,0,8,4,-5.890920990780307,5.890920990780307,dezav@te,anti_homophones
25008,1,0,0,6,2,-7.311842345141699,7.311842345141699,stR5g@,anti_homophones
25009,1,0,0,8,4,-7.434778712132915,7.434778712132915,@guRdinE,anti_homophones
25010,1,0,0,11,4,-6.728967115352642,6.728967115352642,k§sERvatwaR,anti_homophones
25011,1,1,0,8,3,-6.749688875142392,6.749688875142392,kypitwaR,anti_homophones
25012,1,8,0,4,2,-4.593636701254915,4.593636701254915,den§,anti_homophones
25013,1,2,0,4,2,-5.2827056843283735,5.2827056843283735,@sOn,anti_homophones
25014,1,0,0,6,3,-6.569723752090153,6.569723752090153,lakEl5,anti_homophones
25015,1,1,0,7,3,-6.842386714906456,6.842386714906456,selenin,anti_homophones
25016,1,0,0,9,3,-9.858399902895005,9.858399902895005,tRapREsyR,anti_homophones
25017,1,0,0,9,3,-7.234465430084153,7.234465430084153,Zakyltabl,anti_homophones
25018,1,0,0,9,3,-6.3223072915767675,6.3223072915767675,metRiksj§,anti_homophones
25019,1,5,0,6,2,-4.30659170763759,4.30659170763759,lyksj§,anti_homophones
25020,1,26,0,3,1,-4.26674815113554,4.26674815113554,fRa,anti_homophones
25021,1,0,0,7,3,-8.70747583919098,8.70747583919098,nomodEm,anti_homophones
25022,1,7,0,6,3,-5.604690383214649,5.604690383214649,degale,anti_homophones
25023,1,1,0,5,2,-6.046137392497221,6.046137392497221,pleme,anti_homophones
25024,1,0,0,7,3,-7.941009696666956,7.941009696666956,masakaR,anti_homophones
25025,1,0,0,9,3,-11.36072584846742,11.36072584846742,REdenjORk,anti_homophones
25026,1,0,0,10,4,-11.334517195427548,11.334517195427548,degloRemin,anti_homophones
25027,1,0,0,9,4,-6.905417418434887,6.905417418434887,tonjEn°m@,anti_homophones
25028,1,0,0,11,5,-11.748642177022814,11.748642177022814,sapidzinoZe,anti_homophones
25029,1,0,0,11,4,-9.826203101910085,9.826203101910085,k§tRotEkspe,anti_homophones
25030,1,0,0,12,5,-9.38015503463474,9.38015503463474,ORganistikEt,anti_homophones
25031,1,1,0,6,3,-6.982973956594154,6.982973956594154,moman@,anti_homophones
25032,1,0,0,10,3,-8.695121185441181,8.695121185441181,kuRtwajutR,anti_homophones
25033,1,6,0,4,2,-5.468596209771823,5.468596209771823,R°mo,anti_homophones
25034,1,0,0,6,3,-6.028968154099192,6.028968154099192,aRSimi,anti_homophones
25035,1,14,1,6,3,-4.922490402810544,4.922490402810544,sin°m@,anti_homophones
25036,1,0,0,9,4,-9.538847593155063,9.538847593155063,bekasable,anti_homophones
25037,1,2,0,6,3,-6.102344970584518,6.102344970584518,evolOg,anti_homophones
25038,1,1,0,6,3,-6.400358690247652,6.400358690247652,5solis,anti_homophones
25039,1,0,0,7,3,-8.016493586185472,8.016493586185472,pRe5sEs,anti_homophones
25040,1,8,0,4,2,-4.549531586965665,4.549531586965665,Zym@,anti_homophones
25041,1,19,0,4,1,-4.489293298767274,4.489293298767274,katR,anti_homophones
25042,1,0,0,7,3,-6.40640882462417,6.40640882462417,R2k§kyl,anti_homophones
25043,1,21,0,6,3,-5.013379175816773,5.013379175816773,alasj§,anti_homophones
25044,1,5,1,5,2,-5.031079175224582,5.031079175224582,pRoSE,anti_homophones
25045,1,0,0,8,3,-6.668784126311553,6.668784126311553,tymanizm,anti_homophones
25046,1,0,0,6,3,-6.623954281938177,6.623954281938177,5false,anti_homophones
25047,1,0,0,9,4,-9.684717592435609,9.684717592435609,ReZetalaz,anti_homophones
25048,1,0,0,5,2,-5.836115714400977,5.836115714400977,baluz,anti_homophones
25049,1,0,0,9,4,-8.409935165993394,8.409935165993394,koleRasin,anti_homophones
25050,1,0,0,8,3,-9.066243367994382,9.066243367994382,det@tERm,anti_homophones
25051,1,0,0,13,5,-13.739615002668922,13.739615002668922,EkskyRipsORd@,anti_homophones
25052,1,21,0,4,2,-4.472677742874984,4.472677742874984,bine,anti_homophones
25053,1,8,0,7,3,-5.232761637001994,5.232761637001994,teRasj§,anti_homophones
25054,1,1,0,8,4,-6.399977828503347,6.399977828503347,gaR@t°m@,anti_homophones
25055,1,0,0,9,3,-5.569811301918721,5.569811301918721,k§plEkt9R,anti_homophones
25056,1,0,0,8,3,-8.824921564135938,8.824921564135938,kopinitS,anti_homophones
25057,1,0,0,8,4,-5.121248179336573,5.121248179336573,bug5vite,anti_homophones
25058,1,0,0,7,3,-9.43429683275969,9.43429683275969,Ostnake,anti_homophones
25059,1,4,0,4,2,-4.610144314298365,4.610144314298365,dut2,anti_homophones
25060,1,2,0,5,2,-5.368805073464161,5.368805073464161,@pRwa,anti_homophones
25061,1,0,0,8,3,-7.678155719051543,7.678155719051543,fRanifje,anti_homophones
25062,1,0,0,7,3,-6.336312156045458,6.336312156045458,boRifje,anti_homophones
25063,1,0,0,6,3,-6.999456647596022,6.999456647596022,fil@t§,anti_homophones
25064,1,0,0,9,4,-10.701238399827377,10.701238399827377,kaolidEks,anti_homophones
25065,1,0,0,7,3,-8.134413574317474,8.134413574317474,RezonOm,anti_homophones
25066,1,0,0,11,4,-8.505968798415543,8.505968798415543,sERvesjonaZ,anti_homophones
25067,1,6,0,6,3,-6.022640271794597,6.022640271794597,kalive,anti_homophones
25068,1,0,0,8,4,-9.028539218602342,9.028539218602342,magaZ°t§,anti_homophones
25069,1,0,0,7,3,-6.708977811663594,6.708977811663594,Eksifj@,anti_homophones
25070,1,2,0,5,2,-5.83402273904042,5.83402273904042,Radil,anti_homophones
25071,1,1,1,6,2,-5.705639884024053,5.705639884024053,minism,anti_homophones
25072,1,0,0,6,3,-6.4214234187851105,6.4214234187851105,fOtOgo,anti_homophones
25073,1,0,0,7,2,-7.239092425040302,7.239092425040302,R°kaRtR,anti_homophones
25074,1,0,0,10,4,-9.423859089224141,9.423859089224141,kRim@teROm,anti_homophones
25075,1,0,0,7,3,-6.555083211842232,6.555083211842232,sek@p9R,anti_homophones
25076,1,1,0,5,2,-5.638670308902498,5.638670308902498,apw5t,anti_homophones
25077,1,10,0,4,2,-4.414745607564156,4.414745607564156,kyR@,anti_homophones
25078,1,0,0,9,4,-8.299019656621304,8.299019656621304,sitanisj§,anti_homophones
25079,1,2,0,5,2,-6.304890442030748,6.304890442030748,d@dig,anti_homophones
25080,1,1,0,6,2,-5.574988967158669,5.574988967158669,pERkaZ,anti_homophones
25081,1,0,0,7,2,-6.433943750808335,6.433943750808335,m@bRizm,anti_homophones
25082,1,0,0,9,3,-7.291576156769386,7.291576156769386,sypstERne,anti_homophones
25083,1,0,0,6,3,-6.707706450441532,6.707706450441532,minelo,anti_homophones
25084,1,0,0,8,3,-7.706378930233401,7.706378930233401,saRistif,anti_homophones
25085,1,1,0,6,2,-5.727289947327317,5.727289947327317,toplan,anti_homophones
25086,1,0,0,8,3,-6.808863613222294,6.808863613222294,R°pRok9R,anti_homophones
25087,1,0,0,10,4,-8.613659555354811,8.613659555354811,tRwazOt°Ri,anti_homophones
25088,1,5,0,4,2,-4.871512882363034,4.871512882363034,l§ga,anti_homophones
25089,1,10,1,4,2,-5.361975461729911,5.361975461729911,lit@,anti_homophones
25090,1,0,0,9,4,-6.811216244603794,6.811216244603794,monoblije,anti_homophones
25091,1,0,0,9,4,-7.778231094420026,7.778231094420026,ResjOnite,anti_homophones
25092,1,0,0,6,2,-6.983423450324714,6.983423450324714,Oksifl,anti_homophones
25093,1,0,0,10,4,-9.822138883939537,9.822138883939537,syksolinwa,anti_homophones
25094,1,5,0,5,2,-5.841194997684221,5.841194997684221,taSaZ,anti_homophones
25095,1,7,1,4,2,-4.642437849297707,4.642437849297707,p@Se,anti_homophones
25096,1,1,0,8,3,-6.420382765400142,6.420382765400142,det@sibl,anti_homophones
25097,1,1,0,5,2,-7.796818914378314,7.796818914378314,mipte,anti_homophones
25098,1,1,0,8,3,-6.387844862935297,6.387844862935297,admiksj§,anti_homophones
25099,1,1,0,6,3,-6.141946403229505,6.141946403229505,okylaR,anti_homophones
25100,1,1,0,9,4,-6.193892288489985,6.193892288489985,glabilite,anti_homophones
25101,1,0,0,6,3,-8.273225689542073,8.273225689542073,@bjodi,anti_homophones
25102,1,0,0,8,4,-7.813518941575755,7.813518941575755,fytilOid,anti_homophones
25103,1,0,0,5,2,-7.127039729151635,7.127039729151635,ZidOs,anti_homophones
25104,1,1,0,5,2,-5.477255434412479,5.477255434412479,kRyt5,anti_homophones
25105,1,4,0,6,2,-5.392404081972012,5.392404081972012,vaRj9R,anti_homophones
25106,1,3,0,6,2,-5.528731547943219,5.528731547943219,paRf9R,anti_homophones
25107,1,2,0,5,2,-5.2899727613713265,5.2899727613713265,sofOb,anti_homophones
25108,1,0,0,9,4,-10.029444253307975,10.029444253307975,sinemitR§,anti_homophones
25109,1,0,0,9,4,-7.404935265155373,7.404935265155373,kanysjone,anti_homophones
25110,1,1,0,6,2,-5.48954561601591,5.48954561601591,kaRd5g,anti_homophones
25111,1,0,0,8,4,-6.5688388635261825,6.5688388635261825,imORt°m@,anti_homophones
25112,1,7,1,4,2,-4.544226910033124,4.544226910033124,f9je,anti_homophones
25113,1,3,0,6,2,-7.362498374603561,7.362498374603561,EkstRu,anti_homophones
25114,1,0,0,7,3,-8.771827606527609,8.771827606527609,boRiNOt,anti_homophones
25115,1,0,0,9,3,-10.362918374583037,10.362918374583037,djOskatje,anti_homophones
25116,1,0,0,5,2,-7.116300303174951,7.116300303174951,Rakju,anti_homophones
25117,1,0,0,8,3,-7.215221865664854,7.215221865664854,faRfyzik,anti_homophones
25118,1,0,0,6,3,-4.724183441400351,4.724183441400351,R°l°ve,anti_homophones
25119,1,0,0,6,3,-5.52227589563183,5.52227589563183,det°lE,anti_homophones
25120,1,3,0,5,2,-5.111939290798389,5.111939290798389,sjam@,anti_homophones
25121,1,0,0,7,3,-8.49478701838658,8.49478701838658,@f@dwEl,anti_homophones
25122,1,0,0,8,4,-7.899444088500012,7.899444088500012,koaktim@,anti_homophones
25123,1,9,0,5,2,-4.632946879052634,4.632946879052634,Rus9R,anti_homophones
25124,1,3,0,5,2,-5.8282700207251175,5.8282700207251175,kalyS,anti_homophones
25125,1,21,0,4,2,-4.871106469906586,4.871106469906586,pal§,anti_homophones
25126,1,6,0,5,2,-5.411272060147089,5.411272060147089,modal,anti_homophones
25127,1,0,0,10,5,-7.556779805938171,7.556779805938171,ekREj2z°m@,anti_homophones
25128,1,25,0,3,1,-4.412950440199178,4.412950440199178,dEt,anti_homophones
25129,1,0,0,13,5,-10.668827404915909,10.668827404915909,faSidyltanizm,anti_homophones
25130,1,0,0,10,4,-6.428544027133392,6.428544027133392,steRjEl°m@,anti_homophones
25131,1,13,1,5,2,-4.425203036064407,4.425203036064407,kot9R,anti_homophones
25132,1,0,0,8,3,-7.555442319709733,7.555442319709733,ReniswaR,anti_homophones
25133,1,15,0,4,1,-4.893676869970761,4.893676869970761,tREj,anti_homophones
25134,1,0,0,10,4,-7.755214653434706,7.755214653434706,gaRiz§tabl,anti_homophones
25135,1,1,0,6,2,-5.115572959499151,5.115572959499151,myskyl,anti_homophones
25136,1,1,0,6,2,-5.566105769579581,5.566105769579581,sEzjEm,anti_homophones
25137,1,3,0,6,2,-5.5048592129925265,5.5048592129925265,pjolOg,anti_homophones
25138,1,0,0,12,5,-12.234372349583374,12.234372349583374,gomadusin8oz,anti_homophones
25139,1,0,0,9,4,-7.131409198012836,7.131409198012836,jeRikylER,anti_homophones
25140,1,11,1,4,2,-3.9460753853178785,3.9460753853178785,loZi,anti_homophones
25141,1,5,0,5,2,-4.790202303333128,4.790202303333128,tR@s@,anti_homophones
25142,1,1,0,5,3,-5.725342342935512,5.725342342935512,OS°t§,anti_homophones
25143,1,0,0,10,4,-8.101730599668592,8.101730599668592,lORsabl°m@,anti_homophones
25144,1,8,0,5,2,-4.706839682810412,4.706839682810412,gaRge,anti_homophones
25145,1,2,0,5,2,-4.529944026318015,4.529944026318015,fibRe,anti_homophones
25146,1,3,0,4,1,-4.699291202789324,4.699291202789324,sl9S,anti_homophones
25147,1,0,0,12,5,-9.110079576306848,9.110079576306848,k§feR@smisit,anti_homophones
25148,1,0,0,9,3,-8.457330889948397,8.457330889948397,Revj@sjER,anti_homophones
25149,1,0,0,11,4,-9.29677820714846,9.29677820714846,alvylsifist,anti_homophones
25150,1,0,0,7,3,-8.818359167327086,8.818359167327086,d°vig@b,anti_homophones
25151,1,0,0,6,3,-5.784968662143784,5.784968662143784,adusiR,anti_homophones
25152,1,1,0,7,3,-6.036406490721968,6.036406490721968,R°kRyte,anti_homophones
25153,1,0,0,8,4,-8.737925024108467,8.737925024108467,alkolaz5,anti_homophones
25154,1,1,0,7,3,-6.828335064789171,6.828335064789171,teletiR,anti_homophones
25155,1,5,0,5,3,-5.891621519881471,5.891621519881471,etyle,anti_homophones
25156,1,1,0,5,2,-7.507088922435121,7.507088922435121,@gRum,anti_homophones
25157,1,0,0,11,5,-9.635152909279297,9.635152909279297,degoSistone,anti_homophones
25158,1,0,0,9,5,-7.073179778863068,7.073179778863068,koopeRis@,anti_homophones
25159,1,0,0,10,4,-11.193630221044376,11.193630221044376,R°Z5misabl,anti_homophones
25160,1,0,0,10,4,-9.34107044036637,9.34107044036637,mjok§f§d@s,anti_homophones
25161,1,0,0,9,4,-8.100421189767856,8.100421189767856,l@ginsonE,anti_homophones
25162,1,0,0,8,3,-7.826822826816965,7.826822826816965,pRofytyR,anti_homophones
25163,1,0,0,12,5,-12.0116242442887,12.0116242442887,Est@tORtynil,anti_homophones
25164,1,0,0,8,3,-8.261591023482291,8.261591023482291,jakRijaZ,anti_homophones
25165,1,7,1,5,2,-4.9069895635750855,4.9069895635750855,sk°m@,anti_homophones
25166,1,1,0,6,3,-7.352878149836713,7.352878149836713,sakaSo,anti_homophones
25167,1,9,0,4,1,-4.724958486956557,4.724958486956557,pulp,anti_homophones
25168,1,0,0,10,5,-7.534590226715634,7.534590226715634,fyRkeoloZi,anti_homophones
25169,1,0,0,11,5,-10.716134679467336,10.716134679467336,ORofysk°lEt,anti_homophones
25170,1,0,0,9,3,-7.606431074223377,7.606431074223377,vjol9Rt9R,anti_homophones
25171,1,6,0,4,2,-4.972446144887821,4.972446144887821,ep9R,anti_homophones
25172,1,7,0,5,2,-5.26021857476708,5.26021857476708,panEl,anti_homophones
25173,1,12,1,4,2,-5.2427552152009715,5.2427552152009715,vaj@,anti_homophones
25174,1,0,0,8,3,-6.183978817590824,6.183978817590824,glomatik,anti_homophones
25175,1,0,0,10,5,-10.935087200070617,10.935087200070617,laikaRjote,anti_homophones
25176,1,0,0,7,3,-8.187957923002898,8.187957923002898,gaR9mbo,anti_homophones
25177,1,0,0,7,3,-7.294774325717251,7.294774325717251,zapR°te,anti_homophones
25178,1,0,0,8,3,-7.045934637779454,7.045934637779454,gResjam@,anti_homophones
25179,1,0,0,12,5,-10.778416153200752,10.778416153200752,pROzOfalon2z,anti_homophones
25180,1,0,0,10,4,-7.197445632337254,7.197445632337254,degRatasj§,anti_homophones
25181,1,22,0,2,1,-5.154391031301157,5.154391031301157,j2,anti_homophones
25182,1,0,0,6,3,-6.960420639842908,6.960420639842908,fERoZo,anti_homophones
25183,1,0,0,11,4,-11.330766089735608,11.330766089735608,SaR°tR@bigl,anti_homophones
25184,1,4,1,6,3,-5.2106443814416945,5.2106443814416945,figyR@,anti_homophones
25185,1,1,0,6,3,-5.3036569678504595,5.3036569678504595,§dwaje,anti_homophones
25186,1,5,0,6,2,-5.379365032019374,5.379365032019374,pRon9R,anti_homophones
25187,1,9,0,5,2,-4.979763861675593,4.979763861675593,kokER,anti_homophones
25188,1,1,0,6,3,-6.184387704893406,6.184387704893406,dezaRa,anti_homophones
25189,1,0,0,10,4,-8.949412680959874,8.949412680959874,Re5plodRyS,anti_homophones
25190,1,12,0,3,1,-5.156536117562477,5.156536117562477,lOZ,anti_homophones
25191,1,0,0,12,5,-8.002709505568422,8.002709505568422,bR9vaZabl°m@,anti_homophones
25192,1,0,0,6,3,-7.729494680789282,7.729494680789282,k§fys§,anti_homophones
25193,1,6,0,5,2,-5.1310722278394305,5.1310722278394305,kalOp,anti_homophones
25194,1,4,0,6,3,-5.921064187933124,5.921064187933124,nan°m@,anti_homophones
25195,1,0,0,8,3,-5.3787158376222735,5.3787158376222735,Esklyzj§,anti_homophones
25196,1,1,0,7,3,-5.332101017803362,5.332101017803362,patifik,anti_homophones
25197,1,1,0,7,3,-6.100245586038499,6.100245586038499,koORt9R,anti_homophones
25198,1,0,0,8,4,-7.696120475504986,7.696120475504986,R@S°voSe,anti_homophones
25199,1,0,0,11,5,-8.869070721204643,8.869070721204643,b9Rnij2z°m@,anti_homophones
25200,1,0,0,11,5,-11.410569329852574,11.410569329852574,epRomyniz@s,anti_homophones
25201,1,0,0,7,3,-5.6979893221522095,5.6979893221522095,g@gR°m@,anti_homophones
25202,1,2,0,6,3,-6.753962774610488,6.753962774610488,nabije,anti_homophones
25203,1,5,0,5,2,-4.960439468156406,4.960439468156406,dujEt,anti_homophones
25204,1,0,0,7,3,-9.834959958796048,9.834959958796048,pyRaReg,anti_homophones
25205,1,0,0,12,5,-10.6167513807821,10.6167513807821,Eskas5plat9R,anti_homophones
25206,1,0,0,9,5,-9.004884802295152,9.004884802295152,idRoseane,anti_homophones
25207,1,0,0,8,2,-9.07770649331219,9.07770649331219,gzaRdjOm,anti_homophones
25208,1,0,0,11,4,-9.188168421165415,9.188168421165415,k§vERsyptif,anti_homophones
25209,1,2,0,4,3,-5.480679671946439,5.480679671946439,ebai,anti_homophones
25210,1,0,0,8,3,-7.7207484081526605,7.7207484081526605,spiRidZe,anti_homophones
25211,1,5,0,5,2,-5.256548602202214,5.256548602202214,p°lin,anti_homophones
25212,1,2,0,6,3,-6.277319048007132,6.277319048007132,iRevje,anti_homophones
25213,1,25,1,4,2,-4.4604119927252315,4.4604119927252315,koli,anti_homophones
25214,1,1,0,6,3,-5.0019254071023616,5.0019254071023616,5fyzj§,anti_homophones
25215,1,10,0,5,2,-4.865080072916615,4.865080072916615,sot9R,anti_homophones
25216,1,0,0,8,4,-8.47963431607552,8.47963431607552,edRatone,anti_homophones
25217,1,0,0,6,2,-6.190354217648837,6.190354217648837,tRufle,anti_homophones
25218,1,6,0,4,1,-5.287450709053364,5.287450709053364,ostR,anti_homophones
25219,1,0,0,7,3,-7.0959511300875615,7.0959511300875615,g@gROmi,anti_homophones
25220,1,5,0,5,2,-5.279074429048256,5.279074429048256,tuRde,anti_homophones
25221,1,5,0,6,3,-6.058889357904386,6.058889357904386,pet°m@,anti_homophones
25222,1,0,0,12,4,-9.632866594739902,9.632866594739902,k§skRysofist,anti_homophones
25223,1,0,0,9,4,-8.58293431786129,8.58293431786129,tameRatyR,anti_homophones
25224,1,6,0,5,2,-4.792109018529793,4.792109018529793,sin@s,anti_homophones
25225,1,1,0,6,2,-6.878697099018207,6.878697099018207,lavjaR,anti_homophones
25226,1,0,0,11,5,-9.42652855265065,9.42652855265065,RigumEnasj§,anti_homophones
25227,1,1,0,7,3,-5.909945202645348,5.909945202645348,bafujiR,anti_homophones
25228,1,1,0,8,3,-5.941346057445812,5.941346057445812,Rezylt9R,anti_homophones
25229,1,0,0,6,3,-6.739213731430623,6.739213731430623,oswaj@,anti_homophones
25230,1,0,0,8,4,-8.248097814185568,8.248097814185568,jESivile,anti_homophones
25231,1,14,0,4,2,-4.778986824044207,4.778986824044207,v°le,anti_homophones
25232,1,0,0,6,3,-7.271733835658315,7.271733835658315,mesibi,anti_homophones
25233,1,0,0,10,4,-12.493187745560725,12.493187745560725,l@gistapav,anti_homophones
25234,1,0,0,8,2,-6.7963314229855625,6.7963314229855625,skRiptER,anti_homophones
25235,1,5,0,4,2,-5.072642878538431,5.072642878538431,uRdi,anti_homophones
25236,1,0,0,10,3,-7.796395976931787,7.796395976931787,fletEknist,anti_homophones
25237,1,2,0,5,2,-5.745935214698683,5.745935214698683,peRap,anti_homophones
25238,1,4,0,5,3,-6.284996663327491,6.284996663327491,@guly,anti_homophones
25239,1,0,0,9,4,-10.953736488070891,10.953736488070891,g@babujys,anti_homophones
25240,1,1,0,9,4,-5.711267041548032,5.711267041548032,t@sj2z°m@,anti_homophones
25241,1,0,0,5,2,-6.717098775743402,6.717098775743402,s@tas,anti_homophones
25242,1,0,0,7,3,-6.10293961290801,6.10293961290801,divin9R,anti_homophones
25243,1,0,0,9,4,-7.18912894609707,7.18912894609707,bakadRije,anti_homophones
25244,1,0,0,11,3,-9.211504646250111,9.211504646250111,puRpw5st5ks,anti_homophones
25245,1,0,0,7,3,-7.254734414784187,7.254734414784187,ekRed@s,anti_homophones
25246,1,3,0,6,3,-5.913445365634148,5.913445365634148,lapide,anti_homophones
25247,1,2,0,7,3,-5.787222111393295,5.787222111393295,gRasite,anti_homophones
25248,1,1,0,5,1,-7.2901347502893525,7.2901347502893525,kaldZ,anti_homophones
25249,1,0,0,5,2,-7.767641950502074,7.767641950502074,meZ5g,anti_homophones
25250,1,1,0,6,3,-6.240352544015623,6.240352544015623,aksidi,anti_homophones
25251,1,3,1,5,2,-5.1989415582303815,5.1989415582303815,R°sif,anti_homophones
25252,1,12,0,4,1,-4.336454730263129,4.336454730263129,dRaZ,anti_homophones
25253,1,4,0,4,2,-5.932182001148499,5.932182001148499,bika,anti_homophones
25254,1,0,0,9,4,-9.488282442124152,9.488282442124152,pERmilasi,anti_homophones
25255,1,0,0,9,3,-6.119273871361336,6.119273871361336,5stRyktif,anti_homophones
25256,1,0,0,11,5,-10.412054979822793,10.412054979822793,efReSifoldo,anti_homophones
25257,1,10,0,4,2,-4.354506619034881,4.354506619034881,Soke,anti_homophones
25258,1,21,0,2,1,-4.57852075579323,4.57852075579323,d§,anti_homophones
25259,1,0,0,11,4,-8.76741070286099,8.76741070286099,kwEstuRn°m@,anti_homophones
25260,1,16,0,4,2,-4.106045553172494,4.106045553172494,kafe,anti_homophones
25261,1,0,0,5,2,-7.613162621451777,7.613162621451777,lagle,anti_homophones
25262,1,2,0,5,2,-5.64943642517599,5.64943642517599,alybR,anti_homophones
25263,1,7,0,5,2,-4.9450125355021335,4.9450125355021335,paR@t,anti_homophones
25264,1,3,0,5,2,-5.583253428304728,5.583253428304728,kORv2,anti_homophones
25265,1,1,0,4,1,-5.146541459568957,5.146541459568957,n8iR,anti_homophones
25266,1,0,0,11,5,-10.081866026593294,10.081866026593294,kEstitisite,anti_homophones
25267,1,0,0,9,4,-9.481687115451933,9.481687115451933,negaRinte,anti_homophones
25268,1,0,0,7,3,-9.620201898551901,9.620201898551901,nagOdyk,anti_homophones
25269,1,8,0,6,3,-4.501364626674053,4.501364626674053,SEn°m@,anti_homophones
25270,1,8,0,4,2,-5.082220693151009,5.082220693151009,m@ke,anti_homophones
25271,1,1,0,7,3,-5.087172572904123,5.087172572904123,klOn°m@,anti_homophones
25272,1,0,0,12,5,-10.584421823429274,10.584421823429274,@pl@tivinist,anti_homophones
25273,1,0,0,7,3,-6.399653598782478,6.399653598782478,yzyREtR,anti_homophones
25274,1,10,0,4,2,-5.101584850708909,5.101584850708909,sinE,anti_homophones
25275,1,3,0,7,3,-5.568315510538308,5.568315510538308,ORganim,anti_homophones
25276,1,0,0,6,2,-6.482112440675182,6.482112440675182,minERZ,anti_homophones
25277,1,7,0,5,2,-5.129782593071603,5.129782593071603,Epsj§,anti_homophones
25278,1,0,0,8,4,-7.45749708551282,7.45749708551282,5tERyZit,anti_homophones
25279,1,13,0,4,1,-4.73304575121597,4.73304575121597,pRol,anti_homophones
25280,1,2,0,4,2,-6.147304792289417,6.147304792289417,in5b,anti_homophones
25281,1,1,0,6,3,-5.629597174257984,5.629597174257984,t°nEz§,anti_homophones
25282,1,0,0,6,3,-9.670064777370168,9.670064777370168,5diN§d,anti_homophones
25283,1,0,0,10,4,-8.532005838922965,8.532005838922965,tEstenotaZ,anti_homophones
25284,1,0,0,9,4,-9.181630202323685,9.181630202323685,talitizik,anti_homophones
25285,1,0,0,10,4,-11.160559258643826,11.160559258643826,m@d5dORfiG,anti_homophones
25286,1,0,0,8,3,-8.78634382618669,8.78634382618669,fRen8aZ2,anti_homophones
25287,1,8,1,5,2,-4.3828254125338715,4.3828254125338715,inist,anti_homophones
25288,1,0,0,8,3,-7.976026585999492,7.976026585999492,depjeRit,anti_homophones
25289,1,1,0,7,3,-6.001899847220136,6.001899847220136,ResjonE,anti_homophones
25290,1,0,0,6,2,-6.557627484366355,6.557627484366355,bRytiZ,anti_homophones
25291,1,1,0,6,3,-7.441598157813203,7.441598157813203,iRatEm,anti_homophones
25292,1,18,0,2,1,-5.701452035896073,5.701452035896073,jo,anti_homophones
25293,1,2,0,7,3,-5.818105375234379,5.818105375234379,dekOlER,anti_homophones
25294,1,0,0,6,3,-6.101999850932986,6.101999850932986,EsbiNe,anti_homophones
25295,1,0,0,12,5,-9.065993130093538,9.065993130093538,bjoSiminaliz,anti_homophones
25296,1,0,0,7,3,-7.842046615970632,7.842046615970632,Re@kaRp,anti_homophones
25297,1,2,0,8,4,-5.183744710728039,5.183744710728039,aRabl°m@,anti_homophones
25298,1,0,0,7,3,-7.831360082398787,7.831360082398787,alkaniz,anti_homophones
25299,1,7,0,4,2,-5.323278901852484,5.323278901852484,aRb5,anti_homophones
25300,1,0,0,13,5,-12.484127427069945,12.484127427069945,fRykaRitEksj§,anti_homophones
25301,1,0,0,9,4,-8.42561910095696,8.42561910095696,penORmyRe,anti_homophones
25302,1,0,0,7,2,-6.509364469479618,6.509364469479618,maRkEst,anti_homophones
25303,1,1,1,4,2,-4.822890789999282,4.822890789999282,gEto,anti_homophones
25304,1,0,0,9,4,-9.643194454908869,9.643194454908869,OpsektilE,anti_homophones
25305,1,8,1,5,2,-4.416029943890325,4.416029943890325,pRime,anti_homophones
25306,1,15,1,6,3,-4.520479699691379,4.520479699691379,amasj§,anti_homophones
25307,1,0,0,11,5,-10.662257179730984,10.662257179730984,@kReekRupj§,anti_homophones
25308,1,0,0,10,5,-6.271903099042911,6.271903099042911,@tisjOn°m@,anti_homophones
25309,1,4,0,3,2,-4.707402016079934,4.707402016079934,os2,anti_homophones
25310,1,1,0,6,3,-5.9368809761788235,5.9368809761788235,@vjeji,anti_homophones
25311,1,0,0,13,5,-9.953532423127017,9.953532423127017,dezostRonomik,anti_homophones
25312,1,0,0,7,3,-7.733846456174018,7.733846456174018,myRj@ta,anti_homophones
25313,1,0,0,8,3,-6.244087829485594,6.244087829485594,d8aliz9R,anti_homophones
25314,1,22,1,4,2,-4.704661474011493,4.704661474011493,mano,anti_homophones
25315,1,7,0,4,2,-5.2696117522390535,5.2696117522390535,laz§,anti_homophones
25316,1,0,1,5,2,-6.416006263533021,6.416006263533021,agnOs,anti_homophones
25317,1,0,0,8,3,-8.102910527457402,8.102910527457402,b°zablOk,anti_homophones
25318,1,0,0,8,3,-7.623845756179976,7.623845756179976,nanotizm,anti_homophones
25319,1,5,1,5,2,-4.587678444307106,4.587678444307106,@pwaR,anti_homophones
25320,1,6,0,4,2,-4.796222325387726,4.796222325387726,mus2,anti_homophones
25321,1,1,0,6,2,-5.250391081157746,5.250391081157746,gREnaZ,anti_homophones
25322,1,0,0,5,2,-5.34809988392922,5.34809988392922,§zjEm,anti_homophones
25323,1,1,0,8,3,-7.004357115772502,7.004357115772502,R°s°vRaZ,anti_homophones
25324,1,14,0,3,1,-4.62476898247358,4.62476898247358,REp,anti_homophones
25325,1,0,0,9,3,-6.614497288957833,6.614497288957833,kwadRijOl,anti_homophones
25326,1,0,0,9,4,-8.30076228456331,8.30076228456331,povR°t@te,anti_homophones
25327,1,0,0,6,2,-6.874306439168339,6.874306439168339,boswiG,anti_homophones
25328,1,4,0,4,2,-5.082505721744997,5.082505721744997,kof5,anti_homophones
25329,1,1,0,6,2,-6.798098195348324,6.798098195348324,kanjEt,anti_homophones
25330,1,0,0,7,3,-8.56580989746438,8.56580989746438,diligon,anti_homophones
25331,1,10,0,4,1,-4.629257614245155,4.629257614245155,mitR,anti_homophones
25332,1,0,0,7,3,-7.242611851247156,7.242611851247156,5k§dRij,anti_homophones
25333,1,5,1,5,2,-5.313603615969796,5.313603615969796,@tREl,anti_homophones
25334,1,0,0,6,3,-4.959450086750161,4.959450086750161,EgziZe,anti_homophones
25335,1,0,0,12,5,-8.19410811734314,8.19410811734314,R8isosjal°m@,anti_homophones
25336,1,0,0,7,4,-8.080251586842547,8.080251586842547,Otal°te,anti_homophones
25337,1,2,0,6,2,-5.952548583293102,5.952548583293102,Rek§dR,anti_homophones
25338,1,0,0,8,3,-8.789393241892366,8.789393241892366,papiRask,anti_homophones
25339,1,0,0,8,4,-5.972051039156493,5.972051039156493,akupl°m@,anti_homophones
25340,1,3,0,4,2,-5.683654671915344,5.683654671915344,aSka,anti_homophones
25341,1,0,0,9,4,-7.254949923384167,7.254949923384167,aRS@d°l9R,anti_homophones
25342,1,1,0,6,3,-7.0343919727676605,7.0343919727676605,tuZ°Ri,anti_homophones
25343,1,3,0,4,2,-5.56547085682152,5.56547085682152,l2se,anti_homophones
25344,1,30,1,3,1,-4.515737561091505,4.515737561091505,Raz,anti_homophones
25345,1,0,0,10,5,-8.006154749285917,8.006154749285917,k§v°naRize,anti_homophones
25346,1,11,0,4,1,-6.135021457426684,6.135021457426684,Rapt,anti_homophones
25347,1,1,0,9,4,-6.904163260437791,6.904163260437791,k§fORmije,anti_homophones
25348,1,0,0,8,3,-7.581245914458081,7.581245914458081,kORpolif,anti_homophones
25349,1,13,0,3,1,-4.907097990013643,4.907097990013643,dRy,anti_homophones
25350,1,1,0,6,2,-5.291082472576724,5.291082472576724,bRijOt,anti_homophones
25351,1,4,0,5,2,-5.394337987715969,5.394337987715969,g@tje,anti_homophones
25352,1,3,0,5,2,-5.727935399558861,5.727935399558861,sypRi,anti_homophones
25353,1,14,0,3,1,-5.736333040403338,5.736333040403338,suf,anti_homophones
25354,1,0,0,10,4,-7.26803975762267,7.26803975762267,Rifiksjone,anti_homophones
25355,1,0,0,7,3,-8.529198301343055,8.529198301343055,Z5misj2,anti_homophones
25356,1,0,0,13,4,-13.040643406455015,13.040643406455015,skREptERmisjo,anti_homophones
25357,1,2,0,7,3,-6.035486971735751,6.035486971735751,metRime,anti_homophones
25358,1,1,0,5,2,-6.4473742349546646,6.4473742349546646,vakit,anti_homophones
25359,1,1,0,6,3,-5.3194332524946315,5.3194332524946315,kOk°le,anti_homophones
25360,1,6,0,5,2,-4.641184565531219,4.641184565531219,ivwaR,anti_homophones
25361,1,5,1,6,3,-5.056041130621671,5.056041130621671,defone,anti_homophones
25362,1,1,0,6,2,-6.177722390577021,6.177722390577021,kaRmal,anti_homophones
25363,1,0,0,12,5,-11.422025581618769,11.422025581618769,mOlivERdizj§,anti_homophones
25364,1,2,0,7,2,-7.084292615395598,7.084292615395598,5plistR,anti_homophones
25365,1,3,0,7,3,-5.076397767122039,5.076397767122039,inatwaR,anti_homophones
25366,1,0,0,8,3,-7.494138509321603,7.494138509321603,teRjatyR,anti_homophones
25367,1,0,0,8,3,-6.743489027918784,6.743489027918784,debORniR,anti_homophones
25368,1,2,0,5,2,-5.591063356943648,5.591063356943648,sed@t,anti_homophones
25369,1,4,0,5,2,-5.225673489818477,5.225673489818477,@fwaR,anti_homophones
25370,1,5,0,6,2,-5.117343140271782,5.117343140271782,nomEtR,anti_homophones
25371,1,2,0,5,2,-6.086436954144572,6.086436954144572,R°muj,anti_homophones
25372,1,22,1,3,2,-4.610277322886095,4.610277322886095,as5,anti_homophones
25373,1,2,0,4,2,-5.62067871799986,5.62067871799986,k@by,anti_homophones
25374,1,3,0,5,2,-7.473735473721412,7.473735473721412,SboSe,anti_homophones
25375,1,0,0,5,2,-4.909269352724186,4.909269352724186,savuR,anti_homophones
25376,1,14,0,4,2,-5.020790368896239,5.020790368896239,Rako,anti_homophones
25377,1,4,0,4,2,-5.933775887152895,5.933775887152895,iROn,anti_homophones
25378,1,2,0,5,2,-7.3428358503174245,7.3428358503174245,Retw5,anti_homophones
25379,1,2,0,5,2,-5.29039750559868,5.29039750559868,Est82,anti_homophones
25380,1,15,0,4,2,-4.488605122719617,4.488605122719617,take,anti_homophones
25381,1,0,0,7,3,-7.716778984569312,7.716778984569312,ORniRit,anti_homophones
25382,1,4,0,5,3,-5.418151824103322,5.418151824103322,apoRa,anti_homophones
25383,1,0,0,8,4,-8.144289865990748,8.144289865990748,sed@tiRo,anti_homophones
25384,1,1,0,6,3,-6.88157159348982,6.88157159348982,g@tine,anti_homophones
25385,1,0,0,8,4,-8.174968904592589,8.174968904592589,bonaZ9ne,anti_homophones
25386,1,1,0,9,4,-4.830105844527391,4.830105844527391,milizasj§,anti_homophones
25387,1,2,0,9,4,-6.051684314238873,6.051684314238873,Ostabl°m@,anti_homophones
25388,1,3,0,7,2,-5.469831543630175,5.469831543630175,kRoskOp,anti_homophones
25389,1,7,0,5,2,-5.183855291773304,5.183855291773304,plati,anti_homophones
25390,1,1,0,7,3,-5.848747950922456,5.848747950922456,demeRik,anti_homophones
25391,1,16,0,4,2,-4.425464356616163,4.425464356616163,muje,anti_homophones
25392,1,0,0,8,4,-6.421307768480114,6.421307768480114,deg2laR5,anti_homophones
25393,1,4,0,5,2,-5.478825995113763,5.478825995113763,seRje,anti_homophones
25394,1,14,0,3,2,-4.601794623459237,4.601794623459237,@pa,anti_homophones
25395,1,2,0,5,2,-5.42663806784042,5.42663806784042,fuRyR,anti_homophones
25396,1,8,0,4,1,-4.462063404201777,4.462063404201777,pwal,anti_homophones
25397,1,0,0,8,4,-7.85481531004999,7.85481531004999,baRiz°lE,anti_homophones
25398,1,0,0,7,3,-7.5603704056473475,7.5603704056473475,lynERvE,anti_homophones
25399,1,0,0,13,5,-12.04512284134897,12.04512284134897,kReadmist@tat,anti_homophones
25400,1,2,0,8,3,-6.0225438937847855,6.0225438937847855,gaRdasj§,anti_homophones
25401,1,6,1,6,3,-5.182588971689062,5.182588971689062,Ridite,anti_homophones
25402,1,6,0,4,2,-6.48450671015796,6.48450671015796,aRok,anti_homophones
25403,1,1,0,7,3,-5.671133812132923,5.671133812132923,5klyzje,anti_homophones
25404,1,9,0,3,1,-5.378512948358491,5.378512948358491,pso,anti_homophones
25405,1,0,0,12,5,-9.910964710552802,9.910964710552802,sybanimaZist,anti_homophones
25406,1,1,0,5,2,-5.723777736460343,5.723777736460343,kRil2,anti_homophones
25407,1,0,0,7,3,-6.156869728747616,6.156869728747616,ZeneRaj,anti_homophones
25408,1,0,0,6,3,-6.389464195434834,6.389464195434834,ublijo,anti_homophones
25409,1,0,0,8,3,-6.443927144837545,6.443927144837545,v9vaZist,anti_homophones
25410,1,2,1,5,3,-5.0387899658645585,5.0387899658645585,Zeode,anti_homophones
25411,1,0,0,7,2,-5.560393919562409,5.560393919562409,tuRnist,anti_homophones
25412,1,0,0,6,3,-7.030479754135351,7.030479754135351,iRomEn,anti_homophones
25413,1,1,0,6,2,-6.8213993164090025,6.8213993164090025,gzifje,anti_homophones
25414,1,2,0,7,3,-6.182874868781862,6.182874868781862,EstRone,anti_homophones
25415,1,0,0,10,5,-8.775592230424314,8.775592230424314,elysjEn°m@,anti_homophones
25416,1,0,0,8,3,-7.071145995949291,7.071145995949291,vEstij9R,anti_homophones
25417,1,6,0,6,3,-4.828073462424426,4.828073462424426,emat9R,anti_homophones
25418,1,2,0,7,2,-5.622186537234917,5.622186537234917,kaRnist,anti_homophones
25419,1,1,0,7,3,-6.079512296842598,6.079512296842598,fekat9R,anti_homophones
25420,1,0,0,8,4,-6.944935951835026,6.944935951835026,epim@tal,anti_homophones
25421,1,12,0,6,3,-5.254730225917834,5.254730225917834,lin°m@,anti_homophones
25422,1,1,0,7,3,-8.877509086000597,8.877509086000597,Egz@pte,anti_homophones
25423,1,4,0,6,3,-5.427553418526335,5.427553418526335,asonje,anti_homophones
25424,1,0,0,9,3,-9.116070329727272,9.116070329727272,akR@tRist,anti_homophones
25425,1,2,1,6,3,-4.29454646447474,4.29454646447474,gij°m@,anti_homophones
25426,1,0,0,7,3,-7.136842749056968,7.136842749056968,k§tROpi,anti_homophones
25427,1,0,0,9,4,-9.061334697706833,9.061334697706833,OksipidaZ,anti_homophones
25428,1,0,0,7,3,-5.484063034836179,5.484063034836179,fuRS°Ri,anti_homophones
25429,1,1,0,4,2,-5.0764284424175505,5.0764284424175505,pum§,anti_homophones
25430,1,5,0,4,2,-5.293009458385805,5.293009458385805,ORnE,anti_homophones
25431,1,0,0,10,4,-9.884852883225772,9.884852883225772,felavylsif,anti_homophones
25432,1,0,0,9,3,-8.7313811177148,8.7313811177148,R2blOkdyR,anti_homophones
25433,1,0,0,5,2,-8.369625955179078,8.369625955179078,dERb5,anti_homophones
25434,1,0,0,7,3,-8.270974088041084,8.270974088041084,pEs°v@d,anti_homophones
25435,1,0,0,9,4,-8.755698049580088,8.755698049580088,@kl5g8ij2,anti_homophones
25436,1,9,0,5,2,-4.795577796871673,4.795577796871673,fRote,anti_homophones
25437,1,7,0,5,1,-5.117956765059774,5.117956765059774,gRaft,anti_homophones
25438,1,2,0,5,2,-6.6802998830216405,6.6802998830216405,SoziR,anti_homophones
25439,1,0,0,10,4,-9.939797592649674,9.939797592649674,k§tR°fitys,anti_homophones
25440,1,0,0,11,5,-9.62597351013918,9.62597351013918,@tilatisibl,anti_homophones
25441,1,1,0,7,3,-5.470203010538705,5.470203010538705,begEj9R,anti_homophones
25442,1,10,0,6,3,-4.981189354361463,4.981189354361463,belite,anti_homophones
25443,1,0,0,10,5,-10.305528682750175,10.305528682750175,5kominasEz,anti_homophones
25444,1,1,1,6,2,-5.774166461930652,5.774166461930652,maRlOt,anti_homophones
25445,1,0,0,9,4,-7.890094057246738,7.890094057246738,selefORde,anti_homophones
25446,1,0,0,9,4,-8.498791050404664,8.498791050404664,kaRatyl@s,anti_homophones
25447,1,0,0,11,4,-10.32785538922036,10.32785538922036,tenORmedj@s,anti_homophones
25448,1,4,0,5,3,-5.608681120321406,5.608681120321406,amini,anti_homophones
25449,1,0,0,9,4,-9.000453079710953,9.000453079710953,avaloR5dR,anti_homophones
25450,1,2,0,6,3,-5.612424710369267,5.612424710369267,Rivote,anti_homophones
25451,1,0,0,6,3,-7.693912508583223,7.693912508583223,g@date,anti_homophones
25452,1,4,0,4,1,-4.834262536349642,4.834262536349642,styk,anti_homophones
25453,1,0,0,8,4,-6.177890423758307,6.177890423758307,Oksim°m@,anti_homophones
25454,1,3,0,6,3,-6.566638345418232,6.566638345418232,onatyR,anti_homophones
25455,1,0,0,7,3,-7.892207213201786,7.892207213201786,mudZuki,anti_homophones
25456,1,0,0,9,4,-7.381637522871398,7.381637522871398,R°pustije,anti_homophones
25457,1,3,0,4,2,-5.394696370506948,5.394696370506948,OdOm,anti_homophones
25458,1,5,0,5,2,-4.885783026946497,4.885783026946497,degut,anti_homophones
25459,1,2,0,5,2,-5.803688394944974,5.803688394944974,plik@,anti_homophones
25460,1,10,0,4,2,-4.63350683842876,4.63350683842876,Rek@,anti_homophones
25461,1,4,0,4,2,-5.5135304958931615,5.5135304958931615,utij,anti_homophones
25462,1,0,0,6,2,-8.471917159577469,8.471917159577469,stiniz,anti_homophones
25463,1,31,0,3,1,-4.155367745832068,4.155367745832068,fEt,anti_homophones
25464,1,2,1,5,2,-5.399304246184622,5.399304246184622,debuz,anti_homophones
25465,1,2,0,5,2,-5.553580943649823,5.553580943649823,RoSyR,anti_homophones
25466,1,9,0,4,2,-5.139399866485159,5.139399866485159,avaS,anti_homophones
25467,1,0,0,8,4,-7.672297110113648,7.672297110113648,nuRizaZe,anti_homophones
25468,1,3,0,6,2,-5.204049372410998,5.204049372410998,tEstik,anti_homophones
25469,1,1,0,5,2,-7.707507327925635,7.707507327925635,R°b§Z,anti_homophones
25470,1,0,0,7,3,-8.624801413078846,8.624801413078846,taksipy,anti_homophones
25471,1,0,0,7,3,-6.624541739143709,6.624541739143709,god§tOR,anti_homophones
25472,1,0,0,10,4,-12.43677728678754,12.43677728678754,skwit2nEte,anti_homophones
25473,1,0,0,13,4,-10.258419627405079,10.258419627405079,EkspjEgzekwaR,anti_homophones
25474,1,0,0,11,4,-8.394214144162277,8.394214144162277,nesesjonizm,anti_homophones
25475,1,0,0,12,5,-10.902967355624908,10.902967355624908,ipomORsjOlOg,anti_homophones
25476,1,3,0,4,1,-4.5031917754631205,4.5031917754631205,klun,anti_homophones
25477,1,1,0,6,2,-6.011298435565477,6.011298435565477,fibRal,anti_homophones
25478,1,0,0,12,4,-12.561079579985355,12.561079579985355,sabOlkloRism,anti_homophones
25479,1,0,0,7,4,-6.989465516612858,6.989465516612858,aSEm°m@,anti_homophones
25480,1,2,1,5,3,-5.3429784414817085,5.3429784414817085,amOid,anti_homophones
25481,1,0,0,11,5,-11.232481002205718,11.232481002205718,RosEsjOn°RE,anti_homophones
25482,1,0,0,7,3,-9.286298816811762,9.286298816811762,juGuf9R,anti_homophones
25483,1,0,0,5,3,-6.5065994667485265,6.5065994667485265,etodo,anti_homophones
25484,1,1,0,6,2,-7.073396823775698,7.073396823775698,bjotRe,anti_homophones
25485,1,0,0,11,4,-9.540446875493487,9.540446875493487,otRyktivjal,anti_homophones
25486,1,0,0,8,3,-7.302759310834346,7.302759310834346,bOksilj5,anti_homophones
25487,1,26,0,3,2,-5.029812435504154,5.029812435504154,oti,anti_homophones
25488,1,0,0,12,5,-7.462155015515379,7.462155015515379,spedalizasj§,anti_homophones
25489,1,0,0,8,4,-9.663788596569528,9.663788596569528,ipoRozEj,anti_homophones
25490,1,0,0,6,2,-7.487017076722716,7.487017076722716,vants§,anti_homophones
25491,1,5,0,4,2,-5.400407108093988,5.400407108093988,sibE,anti_homophones
25492,1,0,0,9,5,-8.587296709132483,8.587296709132483,aminamij@,anti_homophones
25493,1,0,0,8,3,-7.428761534097991,7.428761534097991,b§golist,anti_homophones
25494,1,0,0,12,5,-10.680573418392916,10.680573418392916,pwavitifikas,anti_homophones
25495,1,0,0,7,2,-7.229421895483366,7.229421895483366,bl5dRin,anti_homophones
25496,1,1,0,5,2,-6.509484238961814,6.509484238961814,kiwin,anti_homophones
25497,1,8,1,5,2,-5.133694460894496,5.133694460894496,deRaZ,anti_homophones
25498,1,2,0,6,2,-5.522775676540089,5.522775676540089,bustik,anti_homophones
25499,1,1,0,6,2,-5.8861197577391575,5.8861197577391575,syRsiR,anti_homophones
25500,1,6,0,8,4,-6.326220963991718,6.326220963991718,Zabilite,anti_homophones
25501,1,6,0,6,2,-4.459432576648814,4.459432576648814,k§sist,anti_homophones
25502,1,1,0,6,2,-5.583257084216167,5.583257084216167,fRiZin,anti_homophones
25503,1,0,0,12,5,-11.341705332013168,11.341705332013168,dataRizeRj9R,anti_homophones
25504,1,0,0,7,3,-7.08567329273674,7.08567329273674,kyRaRSi,anti_homophones
25505,1,0,0,7,3,-7.517302664269689,7.517302664269689,papoREk,anti_homophones
25506,1,0,0,8,3,-7.108293066725583,7.108293066725583,dOgm@tEl,anti_homophones
25507,1,1,0,5,2,-5.451330027456257,5.451330027456257,s5gyR,anti_homophones
25508,1,4,0,4,1,-5.814791732990512,5.814791732990512,kjat,anti_homophones
25509,1,0,0,8,4,-7.244217528199836,7.244217528199836,metoniz@,anti_homophones
25510,1,4,0,6,2,-6.014870544100221,6.014870544100221,tORtil,anti_homophones
25511,1,0,0,9,3,-7.992770638879692,7.992770638879692,kRanyRist,anti_homophones
25512,1,0,0,10,4,-8.198509775853681,8.198509775853681,es8alizabl,anti_homophones
25513,1,7,0,7,3,-4.76738366727664,4.76738366727664,aRkasj§,anti_homophones
25514,1,2,0,7,3,-5.471127407433257,5.471127407433257,Opskyte,anti_homophones
25515,1,0,0,9,3,-10.247246563881172,10.247246563881172,sf5kRataZ,anti_homophones
25516,1,0,0,7,3,-7.91117311982282,7.91117311982282,SaRkaRe,anti_homophones
25517,1,1,0,8,3,-7.46207501667748,7.46207501667748,smatisj5,anti_homophones
25518,1,0,0,10,4,-10.999571569938361,10.999571569938361,p§ZygasjOl,anti_homophones
25519,1,0,0,12,5,-14.16946583540959,14.16946583540959,baRmam°desoR,anti_homophones
25520,1,2,0,7,2,-6.774085803983774,6.774085803983774,syRpist,anti_homophones
25521,1,5,0,5,2,-4.662822701857019,4.662822701857019,detEk,anti_homophones
25522,1,11,0,5,2,-4.580800099351621,4.580800099351621,pERsi,anti_homophones
25523,1,1,0,6,3,-5.832340549886363,5.832340549886363,ERgone,anti_homophones
25524,1,0,0,12,4,-10.985892523360706,10.985892523360706,sakR°tasjabl,anti_homophones
25525,1,0,0,10,5,-7.852888187641398,7.852888187641398,5sibilasj§,anti_homophones
25526,1,0,0,8,4,-6.25463307869604,6.25463307869604,syfiz°Ri,anti_homophones
25527,1,0,0,11,4,-9.140250830188421,9.140250830188421,syladzjasj§,anti_homophones
25528,1,0,0,10,4,-8.923716417202241,8.923716417202241,RybaRket9R,anti_homophones
25529,1,10,0,5,2,-4.699000121808741,4.699000121808741,aRsj§,anti_homophones
25530,1,16,1,4,2,-4.298506080388231,4.298506080388231,p°le,anti_homophones
25531,1,0,0,7,3,-6.9963144851167485,6.9963144851167485,gwapite,anti_homophones
25532,1,1,0,7,3,-6.5370144900516,6.5370144900516,sosjOnE,anti_homophones
25533,1,16,0,3,1,-4.587290874610564,4.587290874610564,pES,anti_homophones
25534,1,5,1,6,2,-5.048927184714593,5.048927184714593,REstik,anti_homophones
25535,1,2,1,7,3,-4.890224682501607,4.890224682501607,Zydasj§,anti_homophones
25536,1,0,0,8,4,-8.827869744577113,8.827869744577113,ibiskole,anti_homophones
25537,1,1,0,6,2,-6.922042750918841,6.922042750918841,bastat,anti_homophones
25538,1,0,0,10,4,-10.531340304713636,10.531340304713636,dezOsteRim,anti_homophones
25539,1,1,0,6,2,-5.579173286970922,5.579173286970922,denj9R,anti_homophones
25540,1,1,0,6,2,-6.158871057276483,6.158871057276483,kwavR@,anti_homophones
25541,1,4,0,6,3,-5.283056839191399,5.283056839191399,debili,anti_homophones
25542,1,0,0,8,3,-6.821361245717669,6.821361245717669,kRoaktik,anti_homophones
25543,1,0,0,8,2,-8.810856795067554,8.810856795067554,pEktRakt,anti_homophones
25544,1,1,0,8,4,-5.645243449085846,5.645243449085846,dinalize,anti_homophones
25545,1,0,0,10,4,-7.556241251201589,7.556241251201589,kolabuRZwa,anti_homophones
25546,1,15,0,3,1,-4.451026379892565,4.451026379892565,nav,anti_homophones
25547,1,0,0,8,3,-6.355153187132693,6.355153187132693,tR8id°m@,anti_homophones
25548,1,0,0,8,3,-7.540365284310227,7.540365284310227,falzaRde,anti_homophones
25549,1,0,0,12,5,-8.899225627784864,8.899225627784864,kalfabet5sEt,anti_homophones
25550,1,0,0,8,4,-7.756278217148864,7.756278217148864,ibilitiv,anti_homophones
25551,1,4,0,5,2,-5.1583865421949975,5.1583865421949975,bERZ@,anti_homophones
25552,1,0,0,8,4,-6.905912793669306,6.905912793669306,bizan°Ri,anti_homophones
25553,1,1,0,8,3,-6.602883832685453,6.602883832685453,aRt@sjEl,anti_homophones
25554,1,0,0,7,4,-8.221388988748918,8.221388988748918,amolokE,anti_homophones
25555,1,23,1,3,2,-4.142614599208496,4.142614599208496,ada,anti_homophones
25556,1,1,0,5,2,-5.983625739672888,5.983625739672888,majli,anti_homophones
25557,1,1,1,8,3,-5.628467528022564,5.628467528022564,dekonizm,anti_homophones
25558,1,0,0,7,3,-7.941068118096438,7.941068118096438,RakRoNe,anti_homophones
25559,1,14,0,4,1,-5.077012074720287,5.077012074720287,gRil,anti_homophones
25560,1,0,0,9,4,-6.151780946005871,6.151780946005871,5pRelasj§,anti_homophones
25561,1,0,0,6,3,-7.115805218548434,7.115805218548434,ot@tER,anti_homophones
25562,1,7,0,5,2,-5.480522558338606,5.480522558338606,paRs5,anti_homophones
25563,1,2,0,7,3,-6.097111102694691,6.097111102694691,bavaRj5,anti_homophones
25564,1,0,0,8,4,-6.8458620287810374,6.8458620287810374,Ram§s°m@,anti_homophones
25565,1,0,0,8,3,-6.306855256627328,6.306855256627328,mEgmatif,anti_homophones
25566,1,7,0,3,2,-5.479819176258449,5.479819176258449,ita,anti_homophones
25567,1,0,0,10,4,-8.537023772102222,8.537023772102222,belylatwaR,anti_homophones
25568,1,0,0,7,4,-8.501643710965137,8.501643710965137,asoleR@,anti_homophones
25569,1,6,0,6,2,-5.935865019873732,5.935865019873732,paRk9R,anti_homophones
25570,1,1,0,6,3,-6.930181705998353,6.930181705998353,@dOpiG,anti_homophones
25571,1,6,0,4,2,-5.385196033777452,5.385196033777452,ab@s,anti_homophones
25572,1,0,0,7,3,-6.178557400812533,6.178557400812533,inalZik,anti_homophones
25573,1,5,0,3,1,-6.204543379777771,6.204543379777771,dZo,anti_homophones
25574,1,0,0,11,5,-9.103728876140194,9.103728876140194,bufabyzifje,anti_homophones
25575,1,1,0,6,2,-5.120547631300876,5.120547631300876,pl§bje,anti_homophones
25576,1,7,0,6,3,-4.969101027200442,4.969101027200442,efisj§,anti_homophones
25577,1,0,0,10,4,-10.77796500094948,10.77796500094948,z§bilibROk,anti_homophones
25578,1,2,0,7,3,-6.8859976490674235,6.8859976490674235,destiSe,anti_homophones
25579,1,11,0,4,2,-4.630303237735221,4.630303237735221,mili,anti_homophones
25580,1,10,0,5,2,-5.066925590726901,5.066925590726901,fRij@,anti_homophones
25581,1,2,1,5,3,-5.352346230553712,5.352346230553712,akuf5,anti_homophones
25582,1,20,1,2,1,-4.58681150757818,4.58681150757818,d5,anti_homophones
25583,1,0,0,9,4,-9.176848764726417,9.176848764726417,abORdRati,anti_homophones
25584,1,0,0,9,4,-10.53898980857962,10.53898980857962,k@tomobys,anti_homophones
25585,1,4,0,5,2,-5.353507262835805,5.353507262835805,fORti,anti_homophones
25586,1,0,0,10,4,-8.429624229602261,8.429624229602261,myltRak°lE,anti_homophones
25587,1,3,0,6,3,-5.261861433189534,5.261861433189534,dekape,anti_homophones
25588,1,0,0,7,3,-6.88402666437681,6.88402666437681,k@kRule,anti_homophones
25589,1,0,0,10,4,-10.913116956744258,10.913116956744258,alibelistR,anti_homophones
25590,1,0,0,7,2,-8.952317681073838,8.952317681073838,t@ntufl,anti_homophones
25591,1,10,0,5,2,-4.700535315530569,4.700535315530569,telik,anti_homophones
25592,1,0,0,7,2,-5.924723233293035,5.924723233293035,fERmEtR,anti_homophones
25593,1,0,0,8,3,-7.911577465877909,7.911577465877909,djapoz@Z,anti_homophones
25594,1,5,0,4,2,-4.932975797922878,4.932975797922878,alfa,anti_homophones
25595,1,0,0,8,3,-7.480704763274764,7.480704763274764,floRasid,anti_homophones
25596,1,2,0,4,2,-6.1060866856858445,6.1060866856858445,Saku,anti_homophones
25597,1,3,0,6,2,-5.3641669280007935,5.3641669280007935,pERtaZ,anti_homophones
25598,1,3,0,6,2,-4.968148200608487,4.968148200608487,tERnEl,anti_homophones
25599,1,0,0,9,4,-9.561522190226965,9.561522190226965,akEtzujiR,anti_homophones
25600,1,0,0,9,4,-10.53326525568307,10.53326525568307,aRtiRanyz,anti_homophones
25601,1,5,1,5,2,-4.73569738048201,4.73569738048201,syRve,anti_homophones
25602,1,0,0,7,3,-8.061942812289614,8.061942812289614,Zyljam@,anti_homophones
25603,1,0,0,10,4,-6.6748713299113325,6.6748713299113325,RezisjonER,anti_homophones
25604,1,0,0,10,4,-8.791156420033857,8.791156420033857,sORbitylas,anti_homophones
25605,1,13,1,4,1,-4.382348481894377,4.382348481894377,klaZ,anti_homophones
25606,1,0,0,10,4,-8.787526972194609,8.787526972194609,pROzeleZj5,anti_homophones
25607,1,1,0,7,3,-7.822873809575559,7.822873809575559,nep@did,anti_homophones
25608,1,1,0,10,4,-6.611983607850827,6.611983607850827,nORminasj§,anti_homophones
25609,1,0,0,10,5,-11.336111804260236,11.336111804260236,@tERvaZiGo,anti_homophones
25610,1,0,0,12,5,-10.628741892385404,10.628741892385404,mamuflet@taZ,anti_homophones
25611,1,0,0,7,3,-7.529229862157624,7.529229862157624,5dezaRd,anti_homophones
25612,1,10,0,5,2,-4.748143525522861,4.748143525522861,deRER,anti_homophones
25613,1,3,0,5,2,-5.315050203378027,5.315050203378027,klEj§,anti_homophones
25614,1,0,0,8,3,-6.9383072298521675,6.9383072298521675,n2tRavje,anti_homophones
25615,1,1,0,7,2,-5.950867640400693,5.950867640400693,stEksj§,anti_homophones
25616,1,1,0,8,3,-6.045327583762516,6.045327583762516,t@pomEtR,anti_homophones
25617,1,0,0,8,3,-8.99913279572042,8.99913279572042,awtsigas,anti_homophones
25618,1,1,0,7,3,-6.836605802534338,6.836605802534338,g@bERnE,anti_homophones
25619,1,0,0,8,3,-6.332318691688005,6.332318691688005,katonist,anti_homophones
25620,1,3,0,6,2,-5.397821033734217,5.397821033734217,EkstRy,anti_homophones
25621,1,0,0,8,3,-6.91561536131019,6.91561536131019,R°fymEtR,anti_homophones
25622,1,2,0,7,2,-6.059913535621813,6.059913535621813,kRimist,anti_homophones
25623,1,11,0,6,3,-5.1776656339755665,5.1776656339755665,Rad°m@,anti_homophones
25624,1,0,0,12,5,-12.33310755963523,12.33310755963523,sORpomozisj§,anti_homophones
25625,1,3,0,4,2,-5.745515772637874,5.745515772637874,l§di,anti_homophones
25626,1,6,1,6,3,-4.381332258966291,4.381332258966291,R°s°m@,anti_homophones
25627,1,0,0,6,2,-7.317779189853839,7.317779189853839,kuskup,anti_homophones
25628,1,2,0,6,3,-5.4880909230991755,5.4880909230991755,dev@Ze,anti_homophones
25629,1,0,0,9,4,-7.224197349762124,7.224197349762124,videRutje,anti_homophones
25630,1,10,0,4,1,-5.7174680300454765,5.7174680300454765,kasm,anti_homophones
25631,1,0,0,7,3,-6.207931693246945,6.207931693246945,komytal,anti_homophones
25632,1,2,0,5,3,-6.66263143589105,6.66263143589105,imat@,anti_homophones
25633,1,0,0,8,4,-9.68036932900564,9.68036932900564,izodyst@,anti_homophones
25634,1,0,0,10,4,-9.8524525404019,9.8524525404019,kalpRObEte,anti_homophones
25635,1,0,0,7,3,-8.028492649453321,8.028492649453321,ERmonat,anti_homophones
25636,1,3,0,5,2,-4.749391231278225,4.749391231278225,m§taZ,anti_homophones
25637,1,1,0,6,3,-5.3834758669701825,5.3834758669701825,fOtoZe,anti_homophones
25638,1,1,0,6,3,-6.669082918714509,6.669082918714509,5pRani,anti_homophones
25639,1,0,0,11,5,-9.65077050389049,9.65077050389049,mez5tetisj2,anti_homophones
25640,1,3,0,5,2,-4.863129678692177,4.863129678692177,deboS,anti_homophones
25641,1,1,0,6,3,-6.4735969002583005,6.4735969002583005,Reinik,anti_homophones
25642,1,0,0,7,3,-7.110949241044618,7.110949241044618,sopofaZ,anti_homophones
25643,1,0,0,11,5,-10.091507431517565,10.091507431517565,analad9mp9R,anti_homophones
25644,1,0,0,8,4,-7.505681311289152,7.505681311289152,egosilje,anti_homophones
25645,1,16,0,5,2,-4.638555406598255,4.638555406598255,kut9R,anti_homophones
25646,1,6,0,5,2,-5.241043272890455,5.241043272890455,R8is@,anti_homophones
25647,1,4,0,5,2,-5.557972152069575,5.557972152069575,SaRlo,anti_homophones
25648,1,0,0,7,3,-7.026165529842812,7.026165529842812,SaRbuja,anti_homophones
25649,1,0,0,8,4,-6.255693472761199,6.255693472761199,apRim°m@,anti_homophones
25650,1,0,0,8,3,-8.128486566501666,8.128486566501666,EstRapEz,anti_homophones
25651,1,6,0,4,2,-7.422219406663268,7.422219406663268,waRE,anti_homophones
25652,1,0,0,10,3,-9.671521159551585,9.671521159551585,gl@dosjatR,anti_homophones
25653,1,0,0,6,3,-5.733631531146817,5.733631531146817,ORpije,anti_homophones
25654,1,3,0,7,3,-4.840597892505117,4.840597892505117,pROt°m@,anti_homophones
25655,1,0,0,11,5,-11.598586656374811,11.598586656374811,5plisipalaz,anti_homophones
25656,1,1,0,9,4,-5.7142433014225205,5.7142433014225205,akt8El°m@,anti_homophones
25657,1,0,0,7,3,-7.457433501973622,7.457433501973622,RevoRaf,anti_homophones
25658,1,0,0,6,3,-5.8280418058321395,5.8280418058321395,detuf@,anti_homophones
25659,1,0,0,9,3,-7.682580502345155,7.682580502345155,sapjetabl,anti_homophones
25660,1,0,0,7,3,-6.039031406770251,6.039031406770251,komofil,anti_homophones
25661,1,14,0,3,1,-5.206422641863754,5.206422641863754,byn,anti_homophones
25662,1,0,0,9,3,-9.282027865179629,9.282027865179629,kRamanwiR,anti_homophones
25663,1,3,0,6,3,-6.452565227438809,6.452565227438809,etisit,anti_homophones
25664,1,0,1,5,3,-5.437982929111291,5.437982929111291,teoaR,anti_homophones
25665,1,8,0,7,3,-4.962760238678305,4.962760238678305,pylasj§,anti_homophones
25666,1,10,0,4,2,-5.349577505356749,5.349577505356749,lako,anti_homophones
25667,1,20,0,4,2,-4.769298489151014,4.769298489151014,eRiR,anti_homophones
25668,1,28,1,3,1,-4.647154586627508,4.647154586627508,gle,anti_homophones
25669,1,11,0,4,2,-4.971992734113791,4.971992734113791,aZin,anti_homophones
25670,1,3,0,5,2,-4.629355838506066,4.629355838506066,pet82,anti_homophones
25671,1,3,0,5,2,-4.6132329720486895,4.6132329720486895,viRyR,anti_homophones
25672,1,16,0,4,2,-4.916216731899901,4.916216731899901,ekyl,anti_homophones
25673,1,2,0,5,2,-6.344493773722772,6.344493773722772,pitRa,anti_homophones
25674,1,0,0,9,4,-5.8461769921548195,5.8461769921548195,5tERmisj§,anti_homophones
25675,1,1,0,6,3,-5.898996272627143,5.898996272627143,d°viv@,anti_homophones
25676,1,7,0,4,1,-5.208108591998005,5.208108591998005,Rajv,anti_homophones
25677,1,1,0,6,2,-6.315514478388576,6.315514478388576,baldER,anti_homophones
25678,1,3,0,7,3,-4.765513860715729,4.765513860715729,5klyzj§,anti_homophones
25679,1,3,0,5,2,-5.160423688033255,5.160423688033255,debiS,anti_homophones
25680,1,1,0,7,3,-5.6738216990199435,5.6738216990199435,defORme,anti_homophones
25681,1,0,0,11,4,-11.239037183761416,11.239037183761416,djOkalminys,anti_homophones
25682,1,7,0,5,3,-5.353826215682989,5.353826215682989,5paRe,anti_homophones
25683,1,0,0,10,4,-12.357293291200975,12.357293291200975,aROstRatOp,anti_homophones
25684,1,16,1,6,3,-4.398260989251458,4.398260989251458,kilite,anti_homophones
25685,1,0,0,9,3,-9.444318195239203,9.444318195239203,siRk8ivje,anti_homophones
25686,1,0,0,11,5,-10.04821473021695,10.04821473021695,Zakom@seROl,anti_homophones
25687,1,1,0,6,3,-5.725193431538064,5.725193431538064,elitik,anti_homophones
25688,1,2,0,7,3,-5.370688481210337,5.370688481210337,defRize,anti_homophones
25689,1,1,0,7,3,-6.071043658179258,6.071043658179258,oblijER,anti_homophones
25690,1,5,0,5,2,-5.686824352572141,5.686824352572141,RegaZ,anti_homophones
25691,1,26,1,2,1,-4.568559568451292,4.568559568451292,s5,anti_homophones
25692,1,1,0,7,3,-6.603102726979321,6.603102726979321,pOliwaR,anti_homophones
25693,1,7,0,5,2,-4.575824727326973,4.575824727326973,vERs@,anti_homophones
25694,1,0,0,9,4,-6.435520780309918,6.435520780309918,pikylat9R,anti_homophones
25695,1,5,0,5,3,-5.182833900989753,5.182833900989753,emoRa,anti_homophones
25696,1,2,0,5,2,-4.9941724818726945,4.9941724818726945,Zyste,anti_homophones
25697,1,0,0,12,5,-8.141219991370573,8.141219991370573,deklaboRasj§,anti_homophones
25698,1,11,0,5,2,-5.202306289158167,5.202306289158167,selik,anti_homophones
25699,1,4,0,5,3,-5.18142527196316,5.18142527196316,otoZi,anti_homophones
25700,1,10,0,5,2,-4.6454205802304385,4.6454205802304385,emist,anti_homophones
25701,1,1,0,8,3,-5.579510157835209,5.579510157835209,futRasj§,anti_homophones
25702,1,0,0,10,4,-10.838876632910637,10.838876632910637,tORsjopika,anti_homophones
25703,1,1,0,7,3,-6.150273870926614,6.150273870926614,@bylizm,anti_homophones
25704,1,0,0,7,3,-7.7571248784314,7.7571248784314,lybitOs,anti_homophones
25705,1,0,0,6,3,-6.876460878905802,6.876460878905802,busot2,anti_homophones
25706,1,0,0,11,4,-7.12953391176307,7.12953391176307,k§paNifjabl,anti_homophones
25707,1,1,0,8,3,-5.515452533531732,5.515452533531732,pRofizj§,anti_homophones
25708,1,0,0,8,3,-9.717283136669293,9.717283136669293,depidzum,anti_homophones
25709,1,1,0,6,3,-6.527669471318343,6.527669471318343,epidEs,anti_homophones
25710,1,14,0,2,1,-5.713388935130107,5.713388935130107,um,anti_homophones
25711,1,0,0,6,3,-6.25495467673655,6.25495467673655,aRs2te,anti_homophones
25712,1,0,0,9,4,-7.7489231843735045,7.7489231843735045,fifikalse,anti_homophones
25713,1,6,0,5,2,-5.359416417589724,5.359416417589724,gRij2,anti_homophones
25714,1,0,0,8,2,-9.513226836290718,9.513226836290718,vREsbjom,anti_homophones
25715,1,1,0,10,4,-6.07858016393177,6.07858016393177,kResj2z°m@,anti_homophones
25716,1,2,0,6,2,-6.952378925375779,6.952378925375779,k8ist§,anti_homophones
25717,1,0,0,10,5,-8.54040348586691,8.54040348586691,@bRizOt°Ri,anti_homophones
25718,1,0,0,6,3,-6.60949163311453,6.60949163311453,5sykRE,anti_homophones
25719,1,8,0,5,2,-5.723393495610061,5.723393495610061,mysj§,anti_homophones
25720,1,2,0,6,3,-6.04793906158806,6.04793906158806,@pjone,anti_homophones
25721,1,0,0,6,3,-7.2470607700211,7.2470607700211,odaRde,anti_homophones
25722,1,0,0,9,4,-9.225792381772779,9.225792381772779,apstis°RE,anti_homophones
25723,1,0,0,10,5,-10.73665954360999,10.73665954360999,jukanim@S§,anti_homophones
25724,1,0,0,8,3,-6.9291466113189335,6.9291466113189335,matERnal,anti_homophones
25725,1,0,0,8,3,-7.361062269861071,7.361062269861071,saRkadER,anti_homophones
25726,1,0,0,6,2,-6.960954525589335,6.960954525589335,glapOt,anti_homophones
25727,1,5,0,5,2,-5.212557260564009,5.212557260564009,tRoid,anti_homophones
25728,1,1,0,6,3,-7.696178697040808,7.696178697040808,sitopo,anti_homophones
25729,1,12,1,6,3,-4.465323935757363,4.465323935757363,tal°m@,anti_homophones
25730,1,1,0,5,2,-5.360220527734888,5.360220527734888,pikal,anti_homophones
25731,1,1,0,5,2,-5.853442345543125,5.853442345543125,bERlE,anti_homophones
25732,1,5,0,6,3,-5.231849615481531,5.231849615481531,atifje,anti_homophones
25733,1,18,0,3,1,-4.191697864122703,4.191697864122703,kOm,anti_homophones
25734,1,0,0,4,1,-4.945241020570801,4.945241020570801,awnd,anti_homophones
25735,1,2,0,7,4,-6.349823507564479,6.349823507564479,analise,anti_homophones
25736,1,0,0,6,3,-6.469183928314931,6.469183928314931,R@gyl2,anti_homophones
25737,1,1,0,7,4,-4.9316746982870585,4.9316746982870585,de@S°m@,anti_homophones
25738,1,0,0,8,3,-9.16608410258304,9.16608410258304,Ripan8El,anti_homophones
25739,1,0,0,9,3,-9.103668334383753,9.103668334383753,kopjabist,anti_homophones
25740,1,1,0,5,3,-5.561202812554481,5.561202812554481,adave,anti_homophones
25741,1,1,0,7,3,-7.202865636681664,7.202865636681664,volykEl,anti_homophones
25742,1,0,0,8,4,-8.556528498859583,8.556528498859583,denitij§,anti_homophones
25743,1,0,0,6,2,-7.513265773894864,7.513265773894864,skylit,anti_homophones
25744,1,2,0,5,2,-5.814736286508386,5.814736286508386,spada,anti_homophones
25745,1,0,0,6,2,-5.413324002263482,5.413324002263482,sylfyR,anti_homophones
25746,1,0,0,12,5,-12.06717201197413,12.06717201197413,telebatalpEl,anti_homophones
25747,1,7,1,4,2,-4.991568172042794,4.991568172042794,R°t2,anti_homophones
25748,1,0,0,7,3,-7.719195835275974,7.719195835275974,abinz5g,anti_homophones
25749,1,0,0,7,3,-6.792560267617945,6.792560267617945,RetalZi,anti_homophones
25750,1,2,0,6,3,-5.746469061349382,5.746469061349382,motine,anti_homophones
25751,1,0,0,6,3,-8.011173209498104,8.011173209498104,g°n@se,anti_homophones
25752,1,0,0,7,3,-6.202708714119335,6.202708714119335,Retonje,anti_homophones
25753,1,0,0,9,4,-7.028706452223442,7.028706452223442,limatifik,anti_homophones
25754,1,0,0,13,5,-9.318183167191117,9.318183167191117,kRinEksj2z°m@,anti_homophones
25755,1,0,0,12,5,-11.343067569660603,11.343067569660603,s5kRwazOt°l@,anti_homophones
25756,1,8,0,6,2,-5.055447024041773,5.055447024041773,paRtin,anti_homophones
25757,1,8,0,6,3,-5.325948998698485,5.325948998698485,kapote,anti_homophones
25758,1,0,0,8,3,-7.325168382321738,7.325168382321738,laval8Et,anti_homophones
25759,1,1,0,5,2,-7.229201550372345,7.229201550372345,bukip,anti_homophones
25760,1,9,0,7,3,-5.31094081772364,5.31094081772364,mekasj§,anti_homophones
25761,1,0,0,8,4,-7.907269700233932,7.907269700233932,Regal@de,anti_homophones
25762,1,1,0,5,2,-5.8445457453205,5.8445457453205,R°vEk,anti_homophones
25763,1,0,0,9,4,-5.747579306476549,5.747579306476549,paRsEl°m@,anti_homophones
25764,1,3,0,6,2,-5.23353600117465,5.23353600117465,pORtje,anti_homophones
25765,1,0,0,8,3,-6.580376527966089,6.580376527966089,stalitik,anti_homophones
25766,1,0,0,7,3,-6.507002450328048,6.507002450328048,Sikjete,anti_homophones
25767,1,8,1,5,3,-4.6834310153720695,4.6834310153720695,@tone,anti_homophones
25768,1,4,0,5,3,-5.843485053600767,5.843485053600767,esone,anti_homophones
25769,1,0,0,8,3,-8.612229302667627,8.612229302667627,ZOljotaZ,anti_homophones
25770,1,0,0,11,5,-7.648837348723877,7.648837348723877,bORnuabl°m@,anti_homophones
25771,1,0,0,11,5,-9.283820429256782,9.283820429256782,pRekReekite,anti_homophones
25772,1,0,0,11,3,-9.922612674096028,9.922612674096028,pERspelastR,anti_homophones
25773,1,3,0,4,2,-4.84465689727366,4.84465689727366,beEm,anti_homophones
25774,1,0,0,10,4,-8.132024692994134,8.132024692994134,otokORnist,anti_homophones
25775,1,0,0,11,5,-10.645519583967575,10.645519583967575,ekuvERstimo,anti_homophones
25776,1,0,0,7,3,-6.631339660895395,6.631339660895395,dezOlys,anti_homophones
25777,1,0,0,9,4,-6.92035286344915,6.92035286344915,RefloRite,anti_homophones
25778,1,0,0,7,3,-8.25641965976145,8.25641965976145,avwaRj§,anti_homophones
25779,1,0,0,11,5,-12.178642687095799,12.178642687095799,teleaniflin,anti_homophones
25780,1,0,0,6,3,-6.535658808532305,6.535658808532305,moRaZ@,anti_homophones
25781,1,5,0,6,2,-5.616932732141846,5.616932732141846,tRatyR,anti_homophones
25782,1,1,0,5,2,-7.439851477364528,7.439851477364528,fofaz,anti_homophones
25783,1,0,0,11,5,-9.714448180506482,9.714448180506482,kwatySOt°m@,anti_homophones
25784,1,0,0,10,5,-9.085266519798195,9.085266519798195,elwajotine,anti_homophones
25785,1,0,0,8,4,-7.710950051008881,7.710950051008881,alkonite,anti_homophones
25786,1,0,0,9,4,-7.514463555632575,7.514463555632575,asuplis9R,anti_homophones
25787,1,0,0,8,3,-7.159889211332486,7.159889211332486,k§sERvik,anti_homophones
25788,1,1,0,7,3,-6.691043291834971,6.691043291834971,ZakylOt,anti_homophones
25789,1,6,0,5,2,-5.038590791031503,5.038590791031503,salj5,anti_homophones
25790,1,0,0,12,5,-11.323306848571155,11.323306848571155,tapaRagReabl,anti_homophones
25791,1,2,0,5,2,-5.367099981563813,5.367099981563813,taj@s,anti_homophones
25792,1,1,0,6,3,-5.722228384177694,5.722228384177694,bOk°Ri,anti_homophones
25793,1,3,0,5,2,-7.119165667024482,7.119165667024482,matEd,anti_homophones
25794,1,1,0,4,2,-5.269649728840042,5.269649728840042,yz8E,anti_homophones
25795,1,0,0,11,5,-12.06286097514887,12.06286097514887,Ekst@tekipa,anti_homophones
25796,1,0,0,11,5,-10.089563288155158,10.089563288155158,@tisinEktaZ,anti_homophones
25797,1,1,0,6,3,-6.458685730931289,6.458685730931289,apaRs§,anti_homophones
25798,1,0,0,7,3,-8.018563229033331,8.018563229033331,linikaZ,anti_homophones
25799,1,3,0,6,2,-5.625071216913143,5.625071216913143,gRatER,anti_homophones
25800,1,26,1,3,1,-4.210592504089081,4.210592504089081,dRe,anti_homophones
25801,1,0,0,11,5,-9.593238200282306,9.593238200282306,nybRijOl°m@,anti_homophones
25802,1,0,0,8,4,-6.550252418098745,6.550252418098745,epOksite,anti_homophones
25803,1,0,0,7,3,-6.219754752538701,6.219754752538701,5ploz9R,anti_homophones
25804,1,0,0,8,3,-7.38419265218593,7.38419265218593,Eksklapo,anti_homophones
25805,1,4,0,7,3,-5.363672296050824,5.363672296050824,fORn°m@,anti_homophones
25806,1,0,0,7,3,-6.9254431493731685,6.9254431493731685,ReapatR,anti_homophones
25807,1,0,0,5,1,-5.451227202798438,5.451227202798438,skwik,anti_homophones
25808,1,0,0,7,3,-6.929263058679502,6.929263058679502,nwaRize,anti_homophones
25809,1,0,0,8,3,-6.159563709023128,6.159563709023128,deklyzje,anti_homophones
25810,1,0,0,7,3,-7.652106397868734,7.652106397868734,pidzaj@,anti_homophones
25811,1,2,0,6,3,-6.475135971397767,6.475135971397767,gaRit@,anti_homophones
25812,1,1,0,5,2,-4.992011665483664,4.992011665483664,k§Zwa,anti_homophones
25813,1,0,0,10,3,-7.35140819883033,7.35140819883033,defEkstRal,anti_homophones
25814,1,16,1,4,2,-4.792090326052095,4.792090326052095,Razi,anti_homophones
25815,1,0,0,9,4,-7.743286173999424,7.743286173999424,R°kalonje,anti_homophones
25816,1,0,0,7,3,-8.097040860940778,8.097040860940778,dRepase,anti_homophones
25817,1,0,0,9,4,-9.937153195660594,9.937153195660594,@padREski,anti_homophones
25818,1,0,0,6,2,-7.259392651688945,7.259392651688945,Ridjak,anti_homophones
25819,1,1,0,5,2,-5.502942989590274,5.502942989590274,pigma,anti_homophones
25820,1,0,0,8,2,-6.253179215851907,6.253179215851907,tR@zgREs,anti_homophones
25821,1,0,0,11,5,-10.612681927587184,10.612681927587184,5tRogRapilo,anti_homophones
25822,1,0,0,11,4,-10.705055085978023,10.705055085978023,papajp°laks,anti_homophones
25823,1,0,0,5,2,-6.297993187450331,6.297993187450331,tolOs,anti_homophones
25824,1,0,0,6,3,-6.046458809719459,6.046458809719459,@tipaZ,anti_homophones
25825,1,1,0,8,3,-6.901596700588626,6.901596700588626,saRkolOg,anti_homophones
25826,1,15,0,4,1,-4.938586428591554,4.938586428591554,tRaf,anti_homophones
25827,1,0,0,10,3,-10.888157567224837,10.888157567224837,tR@ssitR8e,anti_homophones
25828,1,0,0,9,4,-8.729359221458365,8.729359221458365,vERmakym@,anti_homophones
25829,1,0,0,12,5,-10.397273685296149,10.397273685296149,s5plisipitik,anti_homophones
25830,1,1,0,6,3,-5.730883754655777,5.730883754655777,eteRik,anti_homophones
25831,1,0,0,9,4,-9.402734629021225,9.402734629021225,aRbaltaik,anti_homophones
25832,1,2,1,7,3,-5.007600407189101,5.007600407189101,Realist,anti_homophones
25833,1,1,0,6,3,-5.2884673827943685,5.2884673827943685,imoZEn,anti_homophones
25834,1,0,0,8,3,-9.588225055575968,9.588225055575968,t8ijoniS,anti_homophones
25835,1,0,0,10,4,-9.782601725309764,9.782601725309764,favoRasORn,anti_homophones
25836,1,1,0,7,3,-6.92467353306844,6.92467353306844,klamaRo,anti_homophones
25837,1,0,0,6,2,-7.4625371476286695,7.4625371476286695,OmnjEl,anti_homophones
25838,1,0,0,7,4,-10.362021345053352,10.362021345053352,5pyd9na,anti_homophones
25839,1,0,0,8,4,-7.895018289276197,7.895018289276197,epilasif,anti_homophones
25840,1,0,0,9,4,-8.839699891660747,8.839699891660747,kRipalakE,anti_homophones
25841,1,0,0,9,4,-5.473643213338033,5.473643213338033,pRopolite,anti_homophones
25842,1,6,0,6,2,-6.410020516435607,6.410020516435607,mosist,anti_homophones
25843,1,0,0,7,3,-9.059277675857668,9.059277675857668,tytwaza,anti_homophones
25844,1,0,0,10,4,-8.731652117045497,8.731652117045497,sERvol§sER,anti_homophones
25845,1,0,0,10,5,-11.711950174226175,11.711950174226175,anigolokas,anti_homophones
25846,1,0,0,7,3,-6.458318116282689,6.458318116282689,EgzORga,anti_homophones
25847,1,0,0,11,4,-10.061947007140443,10.061947007140443,tREtR°f@d9R,anti_homophones
25848,1,14,0,5,2,-5.054946334131597,5.054946334131597,taRik,anti_homophones
25849,1,14,0,2,1,-6.238473816735156,6.238473816735156,aG,anti_homophones
25850,1,0,0,10,5,-8.171877251068025,8.171877251068025,EgR°lEv°m@,anti_homophones
25851,1,0,0,5,3,-6.203171381798181,6.203171381798181,evok@,anti_homophones
25852,1,1,0,6,2,-5.241425557697045,5.241425557697045,kRip9R,anti_homophones
25853,1,1,0,6,2,-5.4639910765927,5.4639910765927,pw5tw5,anti_homophones
25854,1,6,0,5,2,-5.17105919062716,5.17105919062716,denyR,anti_homophones
25855,1,0,0,11,4,-8.867077413089897,8.867077413089897,suRjeRatwaR,anti_homophones
25856,1,11,1,6,3,-5.005233848190336,5.005233848190336,loloZi,anti_homophones
25857,1,4,0,5,2,-5.6389123159675325,5.6389123159675325,lezj@,anti_homophones
25858,1,3,0,6,2,-4.808484443175442,4.808484443175442,Rezist,anti_homophones
25859,1,1,1,9,4,-5.36072339554994,5.36072339554994,beneRasj§,anti_homophones
25860,1,6,0,4,1,-5.949359021749789,5.949359021749789,dRos,anti_homophones
25861,1,0,0,15,5,-14.219187980807451,14.219187980807451,syRk§vwatRagwas,anti_homophones
25862,1,0,0,11,5,-12.233996760007887,12.233996760007887,kOpak°latyR,anti_homophones
25863,1,1,0,8,3,-5.861839070373058,5.861839070373058,RezyltyR,anti_homophones
25864,1,9,1,4,1,-4.5858011284836335,4.5858011284836335,pjaZ,anti_homophones
25865,1,2,0,7,4,-6.128942111740768,6.128942111740768,5feRite,anti_homophones
25866,1,0,0,6,3,-6.796130560864397,6.796130560864397,afinis,anti_homophones
25867,1,3,1,5,2,-5.60646574930573,5.60646574930573,tomin,anti_homophones
25868,1,0,0,10,4,-8.070021054602705,8.070021054602705,k§kylatist,anti_homophones
25869,1,0,0,9,3,-7.911522313482265,7.911522313482265,glastilit,anti_homophones
25870,1,0,0,10,4,-8.819653859317492,8.819653859317492,tORdiREksi,anti_homophones
25871,1,0,0,8,4,-8.90515956497244,8.90515956497244,aREs@tRe,anti_homophones
25872,1,0,0,11,5,-11.28487830607814,11.28487830607814,emobinEstig,anti_homophones
25873,1,1,0,5,2,-5.232585464293606,5.232585464293606,R°bl2,anti_homophones
25874,1,1,0,6,2,-5.365533406526687,5.365533406526687,deplyS,anti_homophones
25875,1,0,0,10,5,-10.869414172346227,10.869414172346227,notelis°R§,anti_homophones
25876,1,9,0,4,1,-4.747433551194148,4.747433551194148,vjEl,anti_homophones
25877,1,1,0,7,3,-7.552007170485996,7.552007170485996,babotje,anti_homophones
25878,1,0,0,12,4,-13.991635409327744,13.991635409327744,baRmotyRfEks,anti_homophones
25879,1,4,0,8,4,-4.878055814861672,4.878055814861672,afikasj§,anti_homophones
25880,1,2,0,5,2,-6.04583306504595,6.04583306504595,slama,anti_homophones
25881,1,0,0,8,3,-9.062912825135115,9.062912825135115,5flakatR,anti_homophones
25882,1,0,0,9,4,-7.9293875514274195,7.9293875514274195,5tegResER,anti_homophones
25883,1,0,0,11,5,-9.105059352800993,9.105059352800993,tetalokasj§,anti_homophones
25884,1,0,0,8,3,-6.487869495755313,6.487869495755313,volytizm,anti_homophones
25885,1,0,0,7,3,-7.558598254524544,7.558598254524544,tabisj2,anti_homophones
25886,1,3,0,5,2,-5.2142833354958835,5.2142833354958835,floRa,anti_homophones
25887,1,7,1,5,2,-4.679319144188549,4.679319144188549,syple,anti_homophones
25888,1,8,0,4,1,-4.401390808416899,4.401390808416899,nORm,anti_homophones
25889,1,1,0,8,4,-6.978629672806927,6.978629672806927,tizOt°m@,anti_homophones
25890,1,1,0,5,3,-6.456896677737214,6.456896677737214,asibi,anti_homophones
25891,1,0,0,6,3,-6.337063190087864,6.337063190087864,5tR5d§,anti_homophones
25892,1,0,0,13,5,-10.948687940715267,10.948687940715267,kokalsifonjak,anti_homophones
25893,1,1,0,6,2,-6.4946856736618646,6.4946856736618646,makjEt,anti_homophones
25894,1,0,0,9,4,-10.125213060025157,10.125213060025157,sopudilit,anti_homophones
25895,1,0,0,9,4,-8.396422618812757,8.396422618812757,@tikidnap,anti_homophones
25896,1,9,0,3,2,-4.559595160807118,4.559595160807118,5ka,anti_homophones
25897,1,0,0,7,3,-7.535196254035531,7.535196254035531,apleZje,anti_homophones
25898,1,0,0,6,3,-6.82604512262577,6.82604512262577,asERZi,anti_homophones
25899,1,8,0,5,2,-5.641021385922136,5.641021385922136,tERna,anti_homophones
25900,1,0,0,5,2,-5.481825245146769,5.481825245146769,gidal,anti_homophones
25901,1,1,0,9,4,-6.840450688524194,6.840450688524194,bElikasj§,anti_homophones
25902,1,0,0,7,3,-8.598454142564897,8.598454142564897,peloz@Z,anti_homophones
25903,1,1,0,8,3,-6.154994348818448,6.154994348818448,sypozibl,anti_homophones
25904,1,0,0,10,5,-7.511879263237665,7.511879263237665,ekOsmolite,anti_homophones
25905,1,2,0,7,3,-5.187539634101697,5.187539634101697,selEkte,anti_homophones
25906,1,5,0,4,2,-5.170923615015499,5.170923615015499,yRb@,anti_homophones
25907,1,0,0,6,2,-6.507432988644514,6.507432988644514,pw5sER,anti_homophones
25908,1,0,0,10,4,-7.847717944204613,7.847717944204613,petabilist,anti_homophones
25909,1,13,1,4,2,-4.231754206176618,4.231754206176618,man@,anti_homophones
25910,1,1,0,8,4,-7.031644376393578,7.031644376393578,RinOlOZi,anti_homophones
25911,1,6,1,5,2,-4.868597641362925,4.868597641362925,Rifik,anti_homophones
25912,1,4,0,5,1,-5.267200197877786,5.267200197877786,dZabl,anti_homophones
25913,1,1,0,6,2,-5.930446149423465,5.930446149423465,tR@siG,anti_homophones
25914,1,1,0,5,2,-6.151853091826888,6.151853091826888,goliR,anti_homophones
25915,1,0,0,6,3,-6.728602465923822,6.728602465923822,ekaRam,anti_homophones
25916,1,11,0,3,2,-4.334839168378836,4.334839168378836,@Z@,anti_homophones
25917,1,7,0,5,2,-4.897244717232134,4.897244717232134,Regal,anti_homophones
25918,1,1,0,5,2,-6.1032664675917205,6.1032664675917205,kamj@,anti_homophones
25919,1,0,0,5,2,-5.654635461438661,5.654635461438661,guNas,anti_homophones
25920,1,0,0,9,3,-7.0365859152375405,7.0365859152375405,vivifjabl,anti_homophones
25921,1,0,0,6,3,-6.242389520484121,6.242389520484121,sup°ze,anti_homophones
25922,1,3,0,4,2,-5.154095759869001,5.154095759869001,SEn§,anti_homophones
25923,1,1,0,5,1,-6.171577892007355,6.171577892007355,plwaj,anti_homophones
25924,1,0,0,8,3,-8.732725281533446,8.732725281533446,pOsysnaR,anti_homophones
25925,1,0,0,12,5,-8.335017940818952,8.335017940818952,mudZanoloZik,anti_homophones
25926,1,0,0,8,3,-7.628387032741478,7.628387032741478,kavERtit,anti_homophones
25927,1,0,0,13,5,-12.281496734306089,12.281496734306089,pORtRopomEnaR,anti_homophones
25928,1,1,0,5,2,-5.251221885049053,5.251221885049053,5kjEt,anti_homophones
25929,1,4,0,4,2,-4.869832936692357,4.869832936692357,f@t§,anti_homophones
25930,1,0,0,7,3,-7.773800759533962,7.773800759533962,aRtiREz,anti_homophones
25931,1,0,0,11,5,-9.321354422085177,9.321354422085177,5pRemaskyle,anti_homophones
25932,1,3,0,6,3,-6.507223660085032,6.507223660085032,mejone,anti_homophones
25933,1,0,0,9,4,-8.97820505352144,8.97820505352144,basitRik5,anti_homophones
25934,1,4,1,4,2,-4.757016184943918,4.757016184943918,deby,anti_homophones
25935,1,0,0,11,5,-8.095100542274038,8.095100542274038,m§solikasj§,anti_homophones
25936,1,1,0,8,3,-8.144047224660007,8.144047224660007,pREv°nip,anti_homophones
25937,1,0,0,7,3,-6.36039138379786,6.36039138379786,kyRj@te,anti_homophones
25938,1,3,0,5,3,-5.488029584198205,5.488029584198205,5supi,anti_homophones
25939,1,23,0,3,2,-4.494731902625208,4.494731902625208,aZi,anti_homophones
25940,1,0,0,6,3,-5.744847899755859,5.744847899755859,miNale,anti_homophones
25941,1,0,0,10,4,-6.873861691731129,6.873861691731129,pRopORtyRe,anti_homophones
25942,1,5,0,7,3,-5.730735791739042,5.730735791739042,kRus°m@,anti_homophones
25943,1,2,0,5,3,-5.99963937838705,5.99963937838705,amuRa,anti_homophones
25944,1,0,0,11,5,-8.429812487839476,8.429812487839476,k§tR°dujaZe,anti_homophones
25945,1,0,0,12,5,-11.055299062764112,11.055299062764112,divERsiRk§gE,anti_homophones
25946,1,0,0,11,5,-11.006964524896157,11.006964524896157,diplemajEn@,anti_homophones
25947,1,0,0,10,4,-10.950858036221563,10.950858036221563,flagRimola,anti_homophones
25948,1,0,0,7,2,-6.296700956454519,6.296700956454519,kORsibl,anti_homophones
25949,1,0,0,8,3,-8.221505012575948,8.221505012575948,akOstnik,anti_homophones
25950,1,0,0,9,4,-10.177011537667543,10.177011537667543,etRaladza,anti_homophones
25951,1,42,1,3,2,-4.252311754305917,4.252311754305917,aR@,anti_homophones
25952,1,0,0,9,4,-7.7329463715832985,7.7329463715832985,kRaSEv°n@,anti_homophones
25953,1,0,0,8,4,-8.618531980162192,8.618531980162192,@gaRoZEn,anti_homophones
25954,1,4,0,5,2,-4.54958591738884,4.54958591738884,diske,anti_homophones
25955,1,5,0,4,2,-4.977013179403523,4.977013179403523,alt@,anti_homophones
25956,1,0,0,11,4,-11.691803087741238,11.691803087741238,tigabEstROp,anti_homophones
25957,1,2,0,5,2,-6.149797652563783,6.149797652563783,SalEg,anti_homophones
25958,1,1,0,5,2,-6.277829442114686,6.277829442114686,fREja,anti_homophones
25959,1,0,0,6,2,-5.190667062812742,5.190667062812742,debRuj,anti_homophones
25960,1,1,0,8,3,-8.342540168197077,8.342540168197077,kalkotiz,anti_homophones
25961,1,1,0,8,4,-6.449617598660601,6.449617598660601,@plas°Ri,anti_homophones
25962,1,3,0,6,2,-5.044439412295647,5.044439412295647,vwaj@s,anti_homophones
25963,1,1,0,9,4,-5.47398597627909,5.47398597627909,patoloZik,anti_homophones
25964,1,2,0,4,1,-5.431676405807064,5.431676405807064,dElt,anti_homophones
25965,1,10,0,7,3,-4.98070807157598,4.98070807157598,babl°m@,anti_homophones
25966,1,7,0,4,2,-4.752170267300096,4.752170267300096,feke,anti_homophones
25967,1,0,0,7,3,-6.035579601622288,6.035579601622288,pOS°taZ,anti_homophones
25968,1,0,0,8,3,-7.270353018153459,7.270353018153459,piseks82,anti_homophones
25969,1,2,0,6,2,-5.077946322595472,5.077946322595472,RefORm,anti_homophones
25970,1,5,0,7,4,-5.819430310858232,5.819430310858232,utij°m@,anti_homophones
25971,1,1,0,5,2,-7.134953450499527,7.134953450499527,kil9S,anti_homophones
25972,1,0,0,7,3,-6.876311541394413,6.876311541394413,floReOl,anti_homophones
25973,1,3,0,6,3,-5.589133688898184,5.589133688898184,ymatik,anti_homophones
25974,1,0,0,6,3,-5.872173340565462,5.872173340565462,p@t@d@,anti_homophones
25975,1,11,0,5,1,-4.591305741292779,4.591305741292779,tRabl,anti_homophones
25976,1,0,0,9,4,-8.636615208929339,8.636615208929339,beaRmOtik,anti_homophones
25977,1,21,0,3,1,-4.599578552939129,4.599578552939129,tyl,anti_homophones
25978,1,0,0,7,3,-6.8943243522239115,6.8943243522239115,abRitik,anti_homophones
25979,1,12,0,3,1,-4.598655908445806,4.598655908445806,miG,anti_homophones
25980,1,10,0,5,2,-4.744518562285611,4.744518562285611,alwaR,anti_homophones
25981,1,0,0,8,3,-7.037247018229471,7.037247018229471,gRiNatyR,anti_homophones
25982,1,0,0,6,3,-7.072077934017463,7.072077934017463,@kaRgo,anti_homophones
25983,1,0,0,9,3,-7.694415207181534,7.694415207181534,bRosiljOm,anti_homophones
25984,1,1,0,6,2,-6.4112822001511685,6.4112822001511685,d°vivR,anti_homophones
25985,1,6,0,4,2,-4.686066623761194,4.686066623761194,disu,anti_homophones
25986,1,0,0,10,5,-9.527866645244806,9.527866645244806,paRefinim@,anti_homophones
25987,1,0,0,10,5,-8.183340290131387,8.183340290131387,@k§baRd°m@,anti_homophones
25988,1,5,0,6,3,-5.299101694798682,5.299101694798682,fagote,anti_homophones
25989,1,1,0,5,3,-5.048517930858074,5.048517930858074,R2ose,anti_homophones
25990,1,15,0,4,1,-4.033331565006051,4.033331565006051,kORn,anti_homophones
25991,1,2,0,5,3,-5.667695028504753,5.667695028504753,etyve,anti_homophones
25992,1,0,0,8,3,-7.835996856653003,7.835996856653003,amogRaft,anti_homophones
25993,1,1,0,6,3,-6.713541692465818,6.713541692465818,alisto,anti_homophones
25994,1,7,0,5,2,-4.3738383539012835,4.3738383539012835,buRiR,anti_homophones
25995,1,3,1,5,2,-5.02298203993248,5.02298203993248,ORZ9R,anti_homophones
25996,1,14,0,3,2,-5.690755015449734,5.690755015449734,oty,anti_homophones
25997,1,0,0,11,5,-8.505525179407796,8.505525179407796,avinistasj§,anti_homophones
25998,1,0,0,10,4,-9.056803248096191,9.056803248096191,depozitR9j,anti_homophones
25999,1,19,0,4,1,-4.901856059899714,4.901856059899714,kaRs,anti_homophones
26000,1,6,0,4,2,-5.088460486485066,5.088460486485066,aRd2,anti_homophones
26001,1,0,0,5,2,-6.650621966018859,6.650621966018859,tiRoz,anti_homophones
26002,1,0,0,9,4,-7.861663275313841,7.861663275313841,devizjozo,anti_homophones
26003,1,0,0,8,3,-6.752562204241151,6.752562204241151,s@glofOb,anti_homophones
26004,1,3,1,7,3,-5.430655997972705,5.430655997972705,fanasj§,anti_homophones
26005,1,8,0,4,2,-4.765617023796034,4.765617023796034,f§se,anti_homophones
26006,1,0,0,6,3,-7.5165666112979155,7.5165666112979155,tisit2,anti_homophones
26007,1,5,0,4,2,-5.063249414449085,5.063249414449085,kuki,anti_homophones
26008,1,0,0,14,5,-11.283636843779185,11.283636843779185,despEkspRijoZe,anti_homophones
26009,1,1,0,7,3,-7.5627713308407145,7.5627713308407145,tRak@te,anti_homophones
26010,1,0,0,8,3,-8.185453739338723,8.185453739338723,laviRist,anti_homophones
26011,1,1,0,8,4,-7.115930353729848,7.115930353729848,yltiv°te,anti_homophones
26012,1,0,0,13,5,-13.755362476074941,13.755362476074941,istoRaskapORt,anti_homophones
26013,1,2,0,6,3,-5.433436774349263,5.433436774349263,bib°l5,anti_homophones
26014,1,0,0,10,4,-9.553862870119175,9.553862870119175,k@dikylbyt,anti_homophones
26015,1,0,0,6,2,-6.837975751152081,6.837975751152081,viRtin,anti_homophones
26016,1,0,0,9,3,-9.122634640504923,9.122634640504923,smikRokyn,anti_homophones
26017,1,0,0,15,5,-12.20267337863486,12.20267337863486,bRidiREksplodik,anti_homophones
26018,1,4,1,5,2,-4.921373496448416,4.921373496448416,RetRi,anti_homophones
26019,1,3,0,6,3,-5.776818988157911,5.776818988157911,efin@s,anti_homophones
26020,1,1,1,4,2,-5.296592943404271,5.296592943404271,lygy,anti_homophones
26021,1,0,0,8,4,-6.849268267983758,6.849268267983758,abatwaje,anti_homophones
26022,1,0,0,10,5,-6.418394775413304,6.418394775413304,5v5sjal°m@,anti_homophones
26023,1,0,0,8,4,-8.378230296094058,8.378230296094058,foRizem@,anti_homophones
26024,1,0,0,8,4,-7.590862679507003,7.590862679507003,utR°pase,anti_homophones
26025,1,7,0,4,1,-4.6678551235095735,4.6678551235095735,saRk,anti_homophones
26026,1,0,0,7,3,-8.051012598607704,8.051012598607704,aRwaziR,anti_homophones
26027,1,20,0,3,1,-5.096830886015983,5.096830886015983,SEs,anti_homophones
26028,1,0,0,10,4,-7.476424970191055,7.476424970191055,telEktRijo,anti_homophones
26029,1,1,0,7,3,-6.51276069717018,6.51276069717018,ReZetin,anti_homophones
26030,1,4,1,7,2,-5.185947575927075,5.185947575927075,kRomEtR,anti_homophones
26031,1,10,0,4,2,-4.756302667044678,4.756302667044678,vizi,anti_homophones
26032,1,0,0,7,3,-7.2403883425734685,7.2403883425734685,dez@SEk,anti_homophones
26033,1,2,0,6,2,-5.538802975141304,5.538802975141304,navRiR,anti_homophones
26034,1,10,0,5,3,-5.177979905551673,5.177979905551673,apaRe,anti_homophones
26035,1,0,1,7,3,-4.873540457474434,4.873540457474434,mufl°m@,anti_homophones
26036,1,0,0,11,5,-9.701445941393702,9.701445941393702,emetRonisaZ,anti_homophones
26037,1,0,0,7,3,-6.014898679615298,6.014898679615298,k§fin@s,anti_homophones
26038,1,1,0,5,2,-6.9546889951622894,6.9546889951622894,tOpse,anti_homophones
26039,1,0,0,7,3,-5.850187303697041,5.850187303697041,gaRg°Ri,anti_homophones
26040,1,0,0,12,5,-11.148489619553912,11.148489619553912,oloRasjonjER,anti_homophones
26041,1,8,0,5,2,-4.950070759031492,4.950070759031492,elwaR,anti_homophones
26042,1,0,0,6,3,-7.6881372296092705,7.6881372296092705,aRNeti,anti_homophones
26043,1,7,0,8,3,-5.147851379097487,5.147851379097487,paRkasj§,anti_homophones
26044,1,4,0,4,2,-5.194165625278342,5.194165625278342,kaN2,anti_homophones
26045,1,20,0,2,1,-4.586840302287042,4.586840302287042,f5,anti_homophones
26046,1,10,1,4,2,-4.495558976591498,4.495558976591498,des5,anti_homophones
26047,1,6,0,4,2,-5.43988019308203,5.43988019308203,S@ti,anti_homophones
26048,1,1,1,8,4,-5.692266322941863,5.692266322941863,kabil°m@,anti_homophones
26049,1,0,0,7,3,-7.206150076833807,7.206150076833807,d°sysEt,anti_homophones
26050,1,0,0,12,5,-10.065323742979498,10.065323742979498,R°gRegyRaRje,anti_homophones
26051,1,9,0,4,2,-4.591324213066089,4.591324213066089,azaR,anti_homophones
26052,1,0,0,8,3,-6.838536931331156,6.838536931331156,pRotyREl,anti_homophones
26053,1,5,0,5,2,-4.745399272948488,4.745399272948488,k@tje,anti_homophones
26054,1,0,0,7,3,-6.913128721692838,6.913128721692838,gR@Zole,anti_homophones
26055,1,0,0,6,3,-5.502361055696585,5.502361055696585,vaz°le,anti_homophones
26056,1,1,0,5,2,-6.32598080779836,6.32598080779836,toRad,anti_homophones
26057,1,0,0,8,3,-6.155177693578645,6.155177693578645,pyblisj§,anti_homophones
26058,1,0,0,9,4,-8.08722423873565,8.08722423873565,sikotomaZ,anti_homophones
26059,1,11,0,4,2,-4.880801090942336,4.880801090942336,ynit,anti_homophones
26060,1,0,0,9,4,-9.212865694488537,9.212865694488537,klonetin@,anti_homophones
26061,1,0,0,7,3,-8.34462070523102,8.34462070523102,stORikE,anti_homophones
26062,1,0,0,9,4,-10.440286584725166,10.440286584725166,aRtERizje,anti_homophones
26063,1,0,0,8,4,-6.948771337181629,6.948771337181629,domatike,anti_homophones
26064,1,2,0,5,2,-5.963197925374148,5.963197925374148,stoni,anti_homophones
26065,1,0,0,9,4,-8.750666582873576,8.750666582873576,tRibORdu@,anti_homophones
26066,1,3,0,5,3,-5.612560825855138,5.612560825855138,@glye,anti_homophones
26067,1,6,1,3,2,-4.60711719335103,4.60711719335103,§d5,anti_homophones
26068,1,0,0,10,4,-8.89892892750583,8.89892892750583,kametRipt§,anti_homophones
26069,1,0,0,5,3,-5.95258849350461,5.95258849350461,esEje,anti_homophones
26070,1,4,0,6,2,-4.81263989357572,4.81263989357572,pRet9R,anti_homophones
26071,1,0,0,8,4,-12.288983765005757,12.288983765005757,@miREspi,anti_homophones
26072,1,4,0,4,1,-4.847274522035613,4.847274522035613,dR8i,anti_homophones
26073,1,2,0,5,2,-5.814507687475175,5.814507687475175,Rotyl,anti_homophones
26074,1,0,0,8,3,-9.4473296198546,9.4473296198546,mizERnoz,anti_homophones
26075,1,0,0,7,4,-7.785164649146929,7.785164649146929,adok9R@,anti_homophones
26076,1,3,1,6,3,-5.713960164271811,5.713960164271811,5sEsj§,anti_homophones
26077,1,0,0,12,5,-9.375157813641206,9.375157813641206,mytatogRasj§,anti_homophones
26078,1,0,0,9,3,-8.041477333306107,8.041477333306107,siklisizm,anti_homophones
26079,1,0,0,9,4,-7.790797812725353,7.790797812725353,5fORmisj@,anti_homophones
26080,1,1,0,5,2,-6.0684397337949525,6.0684397337949525,molad,anti_homophones
26081,1,1,0,6,2,-6.1006976526355015,6.1006976526355015,metROp,anti_homophones
26082,1,1,0,7,3,-5.518719316563564,5.518719316563564,Sematif,anti_homophones
26083,1,0,0,6,3,-7.391818328091087,7.391818328091087,REsot2,anti_homophones
26084,1,1,0,7,2,-8.227089743462885,8.227089743462885,pinjEtR,anti_homophones
26085,1,0,0,6,3,-6.145040581062712,6.145040581062712,paRON2,anti_homophones
26086,1,0,0,9,5,-7.5992392875554655,7.5992392875554655,akoloRize,anti_homophones
26087,1,3,0,5,2,-5.395765604079858,5.395765604079858,pERZi,anti_homophones
26088,1,0,0,11,5,-10.770033976453737,10.770033976453737,syRvoS°nij§,anti_homophones
26089,1,10,0,4,2,-5.638076944150866,5.638076944150866,waz5,anti_homophones
26090,1,0,1,8,4,-5.23784907968039,5.23784907968039,av9gl°m@,anti_homophones
26091,1,2,0,7,3,-5.407047037376109,5.407047037376109,delwaje,anti_homophones
26092,1,0,0,10,4,-10.154712561246763,10.154712561246763,buZislamib,anti_homophones
26093,1,0,0,10,4,-7.436504978840011,7.436504978840011,kRoSiRasj§,anti_homophones
26094,1,4,0,5,2,-5.048432729975538,5.048432729975538,lwaj@,anti_homophones
26095,1,3,0,4,2,-5.782535875093704,5.782535875093704,laty,anti_homophones
26096,1,1,0,6,2,-5.881708294096878,5.881708294096878,skip9R,anti_homophones
26097,1,0,0,14,5,-14.65825290176448,14.65825290176448,kals°sinERZizm,anti_homophones
26098,1,0,0,7,3,-5.8151223073046685,5.8151223073046685,akORdaZ,anti_homophones
26099,1,0,0,6,3,-7.654905444200332,7.654905444200332,baobik,anti_homophones
26100,1,0,0,9,4,-7.595296855255402,7.595296855255402,k§pet°lje,anti_homophones
26101,1,0,0,9,4,-11.041935954692708,11.041935954692708,gafebReEg,anti_homophones
26102,1,0,0,7,3,-7.50235070481068,7.50235070481068,kaRiskE,anti_homophones
26103,1,1,0,8,3,-6.257104486323508,6.257104486323508,maRsifje,anti_homophones
26104,1,0,0,10,5,-11.595845916181597,11.595845916181597,oRizaj°zyR,anti_homophones
26105,1,3,1,5,3,-5.695864117407994,5.695864117407994,epilE,anti_homophones
26106,1,19,0,4,1,-4.398655575606775,4.398655575606775,fRit,anti_homophones
26107,1,2,0,6,2,-5.658167026510171,5.658167026510171,toplas,anti_homophones
26108,1,8,0,5,2,-5.167687370198012,5.167687370198012,takaZ,anti_homophones
26109,1,4,0,7,3,-4.972205322689868,4.972205322689868,njER°m@,anti_homophones
26110,1,0,0,9,3,-9.278697436534287,9.278697436534287,sikj@tabl,anti_homophones
26111,1,0,0,7,4,-6.605176614957907,6.605176614957907,5ped2te,anti_homophones
26112,1,0,0,7,3,-7.473546138208775,7.473546138208775,bobaj9R,anti_homophones
26113,1,3,0,6,2,-5.335271913953965,5.335271913953965,kuRtik,anti_homophones
26114,1,0,0,9,3,-8.566340207254745,8.566340207254745,sistamizm,anti_homophones
26115,1,1,0,5,2,-6.585444274790055,6.585444274790055,Es8ER,anti_homophones
26116,1,0,0,6,3,-6.560795473980369,6.560795473980369,etRibo,anti_homophones
26117,1,3,0,4,2,-5.101122435520272,5.101122435520272,Zylo,anti_homophones
26118,1,1,0,9,4,-5.714576297345142,5.714576297345142,dek@tasj§,anti_homophones
26119,1,0,0,11,5,-9.978105713697802,9.978105713697802,seRaljem2te,anti_homophones
26120,1,12,1,7,3,-4.535461655598177,4.535461655598177,pitasj§,anti_homophones
26121,1,15,0,5,3,-4.897114343422381,4.897114343422381,an°m@,anti_homophones
26122,1,0,0,12,5,-13.666860590155732,13.666860590155732,k§bis5tagREl,anti_homophones
26123,1,0,0,8,3,-7.306423123434513,7.306423123434513,s5kRypte,anti_homophones
26124,1,0,0,9,4,-6.268545282854359,6.268545282854359,degRiv°m@,anti_homophones
26125,1,0,0,7,3,-7.566743637594207,7.566743637594207,l@bR5ge,anti_homophones
26126,1,1,0,7,2,-6.116918774323651,6.116918774323651,gRogRaf,anti_homophones
26127,1,0,0,12,5,-10.239162356190935,10.239162356190935,emuskylERs9R,anti_homophones
26128,1,0,0,7,3,-6.423365642851291,6.423365642851291,ERbon9R,anti_homophones
26129,1,0,0,9,4,-8.254815637042492,8.254815637042492,epybliZin,anti_homophones
26130,1,0,0,5,2,-6.6710661140507606,6.6710661140507606,sodij,anti_homophones
26131,1,6,0,5,2,-5.139162520108128,5.139162520108128,sutER,anti_homophones
26132,1,0,0,9,4,-10.770206848799633,10.770206848799633,kawiljeRe,anti_homophones
26133,1,0,0,7,3,-6.240542945252973,6.240542945252973,kypeRiR,anti_homophones
26134,1,2,0,6,3,-6.134809213722969,6.134809213722969,aRijaZ,anti_homophones
26135,1,1,1,6,2,-5.609572022058692,5.609572022058692,S°vEtR,anti_homophones
26136,1,2,0,5,2,-6.339809372773448,6.339809372773448,SosEs,anti_homophones
26137,1,0,0,11,5,-9.634102761350675,9.634102761350675,syRkylaRiz@,anti_homophones
26138,1,0,0,11,4,-8.936410710409083,8.936410710409083,tipRogRafje,anti_homophones
26139,1,1,0,8,3,-5.907630428617434,5.907630428617434,solEksj§,anti_homophones
26140,1,5,0,4,2,-6.879305268992169,6.879305268992169,elyk,anti_homophones
26141,1,0,0,9,3,-6.760157371569548,6.760157371569548,k§spEktyR,anti_homophones
26142,1,0,0,8,4,-6.5683651628914115,6.5683651628914115,dezabili,anti_homophones
26143,1,3,0,5,3,-5.948404350230746,5.948404350230746,anoRa,anti_homophones
26144,1,2,0,5,1,-4.902489284616564,4.902489284616564,bR8in,anti_homophones
26145,1,0,0,8,4,-9.377494062756773,9.377494062756773,s5tinapo,anti_homophones
26146,1,0,0,7,3,-7.3576571284535355,7.3576571284535355,slamyze,anti_homophones
26147,1,1,0,7,3,-7.033839354278503,7.033839354278503,femERlo,anti_homophones
26148,1,4,0,4,2,-5.505956907642122,5.505956907642122,m§so,anti_homophones
26149,1,2,0,8,3,-6.696120429857383,6.696120429857383,mORtiz9R,anti_homophones
26150,1,3,0,5,2,-5.139748135222209,5.139748135222209,gazuj,anti_homophones
26151,1,0,0,8,3,-8.389654539907088,8.389654539907088,kRaskOpe,anti_homophones
26152,1,7,0,4,2,-5.113288819005591,5.113288819005591,lot5,anti_homophones
26153,1,5,0,5,2,-5.282923497519707,5.282923497519707,v@tER,anti_homophones
26154,1,4,0,4,1,-5.695657567893679,5.695657567893679,gzif,anti_homophones
26155,1,6,0,4,2,-7.0639147147524275,7.0639147147524275,@Raj,anti_homophones
26156,1,0,0,8,4,-6.796696589250133,6.796696589250133,padus°m@,anti_homophones
26157,1,6,0,5,2,-4.986708481195039,4.986708481195039,kolEn,anti_homophones
26158,1,0,0,12,5,-10.963310087288107,10.963310087288107,RomaRsysp@se,anti_homophones
26159,1,3,0,5,3,-5.197958316863025,5.197958316863025,@seRe,anti_homophones
26160,1,0,0,6,4,-8.020920527569052,8.020920527569052,iminO5,anti_homophones
26161,1,4,0,5,2,-4.595767801821437,4.595767801821437,R°diR,anti_homophones
26162,1,0,0,10,5,-7.276136475529888,7.276136475529888,ElveRik°m@,anti_homophones
26163,1,3,0,7,3,-6.105425595076781,6.105425595076781,dekR°m@,anti_homophones
26164,1,0,0,6,2,-5.257159340789648,5.257159340789648,sEptaZ,anti_homophones
26165,1,10,1,5,2,-5.13442408949662,5.13442408949662,desit,anti_homophones
26166,1,1,0,4,2,-5.095646648985869,5.095646648985869,eSwe,anti_homophones
26167,1,0,0,8,4,-7.8574479952596645,7.8574479952596645,5pROZeni,anti_homophones
26168,1,0,0,11,5,-7.684922966969828,7.684922966969828,pesjonal°m@,anti_homophones
26169,1,0,0,6,2,-6.648416110225518,6.648416110225518,maksOn,anti_homophones
26170,1,16,0,4,1,-4.40415549672553,4.40415549672553,pREt,anti_homophones
26171,1,2,0,6,2,-5.118933939898667,5.118933939898667,s@s8El,anti_homophones
26172,1,9,1,4,2,-5.077001820105875,5.077001820105875,5dyl,anti_homophones
26173,1,0,0,9,5,-8.44941744305358,8.44941744305358,5m@keteje,anti_homophones
26174,1,0,0,10,4,-6.918150737393558,6.918150737393558,sed8iRasj§,anti_homophones
26175,1,1,0,8,4,-6.315307706749708,6.315307706749708,idjoloZi,anti_homophones
26176,1,0,0,7,4,-7.009701348225686,7.009701348225686,etul°m@,anti_homophones
26177,1,0,1,7,3,-5.220750786505702,5.220750786505702,povR°Ri,anti_homophones
26178,1,1,0,7,3,-5.257229677766812,5.257229677766812,Rasjone,anti_homophones
26179,1,3,0,6,3,-6.117915563268041,6.117915563268041,k@pije,anti_homophones
26180,1,4,0,5,2,-5.206486866022431,5.206486866022431,b@dal,anti_homophones
26181,1,0,0,11,4,-10.570450372790246,10.570450372790246,plyRemwaz9R,anti_homophones
26182,1,8,0,5,2,-5.283708839569607,5.283708839569607,skade,anti_homophones
26183,1,0,0,8,3,-6.099316621356393,6.099316621356393,aRmOnist,anti_homophones
26184,1,0,0,9,4,-7.824910119506111,7.824910119506111,@tikasjal,anti_homophones
26185,1,0,0,9,4,-7.14287809635969,7.14287809635969,mepRuEt9R,anti_homophones
26186,1,2,0,5,2,-7.858569603095353,7.858569603095353,zomOd,anti_homophones
26187,1,0,0,10,5,-7.601609173197696,7.601609173197696,polimozite,anti_homophones
26188,1,0,0,6,2,-5.961065281705665,5.961065281705665,skadER,anti_homophones
26189,1,2,0,5,2,-5.2083980840177535,5.2083980840177535,R°kly,anti_homophones
26190,1,0,0,12,4,-10.177393425230655,10.177393425230655,pl@tal@bswul,anti_homophones
26191,1,12,0,4,1,-4.8460998627221015,4.8460998627221015,mEst,anti_homophones
26192,1,0,0,9,5,-6.99430311298631,6.99430311298631,pOseanize,anti_homophones
26193,1,1,0,6,3,-5.9944058976681305,5.9944058976681305,@gR°n@,anti_homophones
26194,1,1,0,6,3,-5.330798225646347,5.330798225646347,et@sje,anti_homophones
26195,1,0,0,11,4,-7.649092414498162,7.649092414498162,fOsfaktifj@,anti_homophones
26196,1,0,0,7,3,-7.125665657328416,7.125665657328416,Refaloz,anti_homophones
26197,1,0,0,7,2,-9.510692836715664,9.510692836715664,t@plEpR,anti_homophones
26198,1,0,0,8,3,-8.037127043542842,8.037127043542842,mals9k9R,anti_homophones
26199,1,0,0,14,5,-11.251820438544662,11.251820438544662,patRepRopogRaf,anti_homophones
26200,1,8,0,6,3,-4.9733638292131275,4.9733638292131275,Retize,anti_homophones
26201,1,8,0,4,2,-4.926196002838689,4.926196002838689,but2,anti_homophones
26202,1,3,0,6,3,-5.863122599579854,5.863122599579854,asteRe,anti_homophones
26203,1,5,0,5,1,-5.5877430342773176,5.5877430342773176,gR5gl,anti_homophones
26204,1,1,0,6,3,-7.401942706639256,7.401942706639256,nataka,anti_homophones
26205,1,0,0,12,5,-12.157397269606342,12.157397269606342,tiblimobinit,anti_homophones
26206,1,0,0,6,2,-5.968688141842409,5.968688141842409,tR@sla,anti_homophones
26207,1,0,0,12,5,-7.584234448388949,7.584234448388949,ostRalizasj§,anti_homophones
26208,1,4,0,6,3,-5.404364538322228,5.404364538322228,dekoni,anti_homophones
26209,1,2,0,5,2,-6.24784731500498,6.24784731500498,figyl,anti_homophones
26210,1,7,0,3,1,-4.583685469383483,4.583685469383483,fyZ,anti_homophones
26211,1,0,0,6,2,-6.461513110205811,6.461513110205811,mylgam,anti_homophones
26212,1,32,0,3,1,-5.415492227677365,5.415492227677365,laZ,anti_homophones
26213,1,0,0,8,2,-6.380536397369155,6.380536397369155,pROkfORm,anti_homophones
26214,1,0,0,10,5,-6.967969189050729,6.967969189050729,palytilite,anti_homophones
26215,1,1,0,5,2,-5.687520529182513,5.687520529182513,pydj@,anti_homophones
26216,1,5,0,4,2,-5.434532610906214,5.434532610906214,Riby,anti_homophones
26217,1,2,0,5,3,-5.773112711396862,5.773112711396862,teole,anti_homophones
26218,1,1,1,6,3,-5.480185462122581,5.480185462122581,@kEt9R,anti_homophones
26219,1,0,0,8,3,-6.983057142033641,6.983057142033641,f§dylZ@s,anti_homophones
26220,1,1,0,6,3,-7.185205860056489,7.185205860056489,lav°ni,anti_homophones
26221,1,0,0,7,3,-7.44549740871053,7.44549740871053,Rublik5,anti_homophones
26222,1,0,0,7,3,-5.551397567114982,5.551397567114982,sybv°n@,anti_homophones
26223,1,0,0,7,3,-7.202632494816826,7.202632494816826,@kORnEz,anti_homophones
26224,1,5,0,7,3,-5.026162166719101,5.026162166719101,Ramasj§,anti_homophones
26225,1,2,1,8,3,-6.111458405639336,6.111458405639336,stagasj§,anti_homophones
26226,1,0,0,8,3,-9.440752021548148,9.440752021548148,maRmufl@,anti_homophones
26227,1,4,0,4,2,-4.673476278779976,4.673476278779976,5kOp,anti_homophones
26228,1,2,0,6,2,-5.859213854398986,5.859213854398986,pRodOR,anti_homophones
26229,1,0,0,11,4,-9.983602436898346,9.983602436898346,dis8aviNEtR,anti_homophones
26230,1,0,0,8,3,-8.134076271747421,8.134076271747421,pEREskal,anti_homophones
26231,1,26,0,4,1,-4.590472154733535,4.590472154733535,kaRt,anti_homophones
26232,1,9,0,5,2,-5.2851050400736,5.2851050400736,dezim,anti_homophones
26233,1,14,1,4,2,-4.142083728001549,4.142083728001549,mono,anti_homophones
26234,1,10,0,4,2,-4.89495758124011,4.89495758124011,baj@,anti_homophones
26235,1,0,0,9,3,-7.123990778306485,7.123990778306485,degRivjal,anti_homophones
26236,1,4,0,5,2,-4.472560577948694,4.472560577948694,flote,anti_homophones
26237,1,1,0,8,3,-6.562487206941782,6.562487206941782,manEksj§,anti_homophones
26238,1,0,0,6,2,-5.862729483999153,5.862729483999153,pRogEt,anti_homophones
26239,1,0,0,10,4,-9.06110615745145,9.06110615745145,m°nobinabl,anti_homophones
26240,1,0,0,9,4,-7.667926819391282,7.667926819391282,nos@tR°Ri,anti_homophones
26241,1,0,0,8,3,-5.281691261759621,5.281691261759621,dezakt9R,anti_homophones
26242,1,3,0,4,1,-5.544452162161347,5.544452162161347,tygl,anti_homophones
26243,1,0,0,8,3,-7.860303649220856,7.860303649220856,S@tOmist,anti_homophones
26244,1,3,0,6,3,-5.509373756032228,5.509373756032228,R°v@de,anti_homophones
26245,1,0,0,8,4,-8.427457948617862,8.427457948617862,imakRoSE,anti_homophones
26246,1,2,0,6,3,-5.804973372484792,5.804973372484792,libili,anti_homophones
26247,1,0,0,12,4,-9.066065201201058,9.066065201201058,vaksEpsiSizm,anti_homophones
26248,1,6,0,7,3,-5.484042955937805,5.484042955937805,pReasj§,anti_homophones
26249,1,1,0,7,4,-6.8377495490243865,6.8377495490243865,akOlite,anti_homophones
26250,1,1,0,5,2,-5.882975807549119,5.882975807549119,p5gOl,anti_homophones
26251,1,2,0,5,2,-5.779663015156244,5.779663015156244,maR@Z,anti_homophones
26252,1,1,0,7,3,-5.223816108234229,5.223816108234229,pwaN°m@,anti_homophones
26253,1,0,0,8,4,-6.4339770349376115,6.4339770349376115,RepoloZi,anti_homophones
26254,1,0,0,10,4,-8.383699782584124,8.383699782584124,debitOksin,anti_homophones
26255,1,0,0,6,3,-6.923378760886985,6.923378760886985,5spina,anti_homophones
26256,1,0,0,7,3,-5.93990889254467,5.93990889254467,Estis9R,anti_homophones
26257,1,0,0,9,3,-6.656734695842339,6.656734695842339,kRiptolOg,anti_homophones
26258,1,8,0,5,2,-5.241795832404975,5.241795832404975,syRiR,anti_homophones
26259,1,5,0,5,2,-4.654477364444744,4.654477364444744,duS9R,anti_homophones
26260,1,1,0,7,3,-6.680783758717268,6.680783758717268,@buRsiG,anti_homophones
26261,1,0,0,9,4,-7.410489715441728,7.410489715441728,deSafoRal,anti_homophones
26262,1,0,0,10,4,-8.49326459593345,8.49326459593345,@k§bRakt9R,anti_homophones
26263,1,6,0,5,2,-5.580243162459759,5.580243162459759,Retiz,anti_homophones
26264,1,0,0,9,4,-6.310971098591311,6.310971098591311,pRokal°m@,anti_homophones
26265,1,0,0,11,5,-12.959282805660763,12.959282805660763,tOmanomiks5,anti_homophones
26266,1,0,0,12,5,-11.659208101222115,11.659208101222115,sk@ditwam@de,anti_homophones
26267,1,0,0,9,4,-7.648395922296636,7.648395922296636,asiNalist,anti_homophones
26268,1,4,0,6,2,-5.489516552685024,5.489516552685024,divitR,anti_homophones
26269,1,0,0,10,4,-9.519687450614455,9.519687450614455,kReevalgaR,anti_homophones
26270,1,0,0,12,4,-11.20726647594249,11.20726647594249,plematRaklik,anti_homophones
26271,1,0,0,8,3,-8.036448294149256,8.036448294149256,kylastiG,anti_homophones
26272,1,0,0,12,5,-11.978628762907192,11.978628762907192,matemeRidjEs,anti_homophones
26273,1,1,0,6,3,-6.767265295132602,6.767265295132602,solEno,anti_homophones
26274,1,0,0,5,2,-7.637863684768224,7.637863684768224,lokil,anti_homophones
26275,1,0,0,6,3,-7.09495301411291,7.09495301411291,p@dana,anti_homophones
26276,1,0,0,7,2,-5.395890100892538,5.395890100892538,vjomEtR,anti_homophones
26277,1,0,0,8,3,-5.520880741990752,5.520880741990752,pRofisj5,anti_homophones
26278,1,0,0,9,3,-7.209498237016852,7.209498237016852,pisjonist,anti_homophones
26279,1,0,0,6,3,-5.689025626126979,5.689025626126979,abwam@,anti_homophones
26280,1,5,0,8,4,-4.733122412824117,4.733122412824117,patik°m@,anti_homophones
26281,1,0,0,8,3,-6.089575650902792,6.089575650902792,vak8Olin,anti_homophones
26282,1,0,0,5,2,-5.740893193022295,5.740893193022295,takj5,anti_homophones
26283,1,0,0,9,4,-9.636915996328238,9.636915996328238,ek9Rlinis,anti_homophones
26284,1,0,0,10,3,-7.487941270420361,7.487941270420361,kResjonist,anti_homophones
26285,1,1,0,5,2,-6.226749326226193,6.226749326226193,dutan,anti_homophones
26286,1,0,0,10,4,-6.465237681081571,6.465237681081571,spORtis°m@,anti_homophones
26287,1,3,1,6,3,-6.0432886650650985,6.0432886650650985,magulE,anti_homophones
26288,1,9,1,4,2,-4.419558490010897,4.419558490010897,5fiR,anti_homophones
26289,1,0,0,9,4,-7.3970985180304965,7.3970985180304965,vOl°tonj5,anti_homophones
26290,1,0,0,7,3,-5.632973051727197,5.632973051727197,afytabl,anti_homophones
26291,1,0,0,11,4,-10.586894676472248,10.586894676472248,gospORtabiR,anti_homophones
26292,1,3,0,6,2,-5.717384049226904,5.717384049226904,pRofle,anti_homophones
26293,1,9,1,5,2,-4.520484551681181,4.520484551681181,manj5,anti_homophones
26294,1,8,0,5,1,-4.683249112814849,4.683249112814849,skRiR,anti_homophones
26295,1,0,0,9,4,-8.574267253888205,8.574267253888205,faREjOnEl,anti_homophones
26296,1,4,0,5,2,-6.3615376018374965,6.3615376018374965,divik,anti_homophones
26297,1,1,0,7,3,-6.79552989672116,6.79552989672116,eSaRtif,anti_homophones
26298,1,2,0,5,2,-5.278897745092059,5.278897745092059,mal5g,anti_homophones
26299,1,0,0,6,3,-6.323035017182053,6.323035017182053,somazo,anti_homophones
26300,1,0,0,12,5,-11.068736257422294,11.068736257422294,l2kostoR@tER,anti_homophones
26301,1,0,0,9,3,-6.347309053008071,6.347309053008071,k§vERtwaR,anti_homophones
26302,1,0,0,7,3,-7.248631518970602,7.248631518970602,RekaRik,anti_homophones
26303,1,0,0,9,5,-6.759384835289659,6.759384835289659,ev@Zelike,anti_homophones
26304,1,1,0,7,3,-6.915249189133576,6.915249189133576,mOniste,anti_homophones
26305,1,15,0,3,1,-5.333765058800623,5.333765058800623,pl2,anti_homophones
26306,1,0,0,11,4,-8.562935806404248,8.562935806404248,defakt8alis,anti_homophones
26307,1,0,0,7,3,-6.447321775806108,6.447321775806108,5fEktal,anti_homophones
26308,1,0,0,5,2,-6.2178669322156725,6.2178669322156725,k§s2z,anti_homophones
26309,1,1,0,6,3,-5.468872082228574,5.468872082228574,ven°le,anti_homophones
26310,1,0,0,8,3,-6.857097331714158,6.857097331714158,medOkt9R,anti_homophones
26311,1,1,0,5,3,-7.13454125859553,7.13454125859553,akoR5,anti_homophones
26312,1,0,0,8,3,-8.142513066340165,8.142513066340165,taRinibl,anti_homophones
26313,1,3,0,5,2,-4.885276626516485,4.885276626516485,fluaZ,anti_homophones
26314,1,0,0,9,4,-7.548664010430437,7.548664010430437,sysp@sine,anti_homophones
26315,1,2,0,7,4,-5.490130259794752,5.490130259794752,5pal°m@,anti_homophones
26316,1,2,0,6,2,-5.70509896487378,5.70509896487378,skopin,anti_homophones
26317,1,0,0,12,5,-10.136197523702743,10.136197523702743,d°m@tabilist,anti_homophones
26318,1,6,0,5,2,-5.2514601061081025,5.2514601061081025,stite,anti_homophones
26319,1,0,0,6,3,-8.283351707812756,8.283351707812756,tibuki,anti_homophones
26320,1,4,0,4,2,-5.234035470276541,5.234035470276541,oSEt,anti_homophones
26321,1,0,0,9,4,-7.646682299391879,7.646682299391879,k§Zygyst@,anti_homophones
26322,1,0,0,10,5,-5.870778737537639,5.870778737537639,ynifikasj§,anti_homophones
26323,1,2,0,4,2,-5.768908714975891,5.768908714975891,abom,anti_homophones
26324,1,10,0,4,2,-4.484420417916719,4.484420417916719,son@,anti_homophones
26325,1,12,0,5,3,-5.531637458602986,5.531637458602986,eline,anti_homophones
26326,1,0,0,8,3,-8.267845517985345,8.267845517985345,k@bom9Rt,anti_homophones
26327,1,0,0,8,3,-8.795801946548979,8.795801946548979,gRuplati,anti_homophones
26328,1,5,0,4,2,-4.4739161819272555,4.4739161819272555,ERgo,anti_homophones
26329,1,19,1,4,1,-4.151271207809937,4.151271207809937,SwaR,anti_homophones
26330,1,1,0,6,2,-7.215634888136385,7.215634888136385,vesjOm,anti_homophones
26331,1,23,0,3,1,-4.765276453673444,4.765276453673444,jaR,anti_homophones
26332,1,1,0,7,4,-7.120483628547857,7.120483628547857,5beside,anti_homophones
26333,1,3,0,5,2,-6.202272274934079,6.202272274934079,pajas,anti_homophones
26334,1,5,0,6,2,-5.197192749308335,5.197192749308335,pRatif,anti_homophones
26335,1,6,0,4,2,-5.068845715943323,5.068845715943323,taik,anti_homophones
26336,1,2,0,8,3,-6.570073987968216,6.570073987968216,Sap°tabl,anti_homophones
26337,1,0,0,7,2,-5.255395270561708,5.255395270561708,tORpsj§,anti_homophones
26338,1,0,0,9,3,-7.279740714337145,7.279740714337145,pRozaZabl,anti_homophones
26339,1,5,1,4,2,-4.847936031337681,4.847936031337681,fak5,anti_homophones
26340,1,7,0,5,2,-5.447962684366866,5.447962684366866,telit,anti_homophones
26341,1,0,0,7,3,-6.980056034859348,6.980056034859348,ZezisaZ,anti_homophones
26342,1,0,0,8,4,-8.14336056077232,8.14336056077232,Rafik°t5,anti_homophones
26343,1,0,0,7,3,-7.119083293445327,7.119083293445327,tRifole,anti_homophones
26344,1,3,0,6,2,-5.019909688178696,5.019909688178696,palp9R,anti_homophones
26345,1,0,0,12,5,-11.076182476351656,11.076182476351656,s@tystigRafi,anti_homophones
26346,1,4,1,6,3,-4.602528969458904,4.602528969458904,b@d°m@,anti_homophones
26347,1,0,0,12,5,-7.182990913933905,7.182990913933905,bRigoRizasj§,anti_homophones
26348,1,18,0,3,1,-4.5712895298429475,4.5712895298429475,sj§,anti_homophones
26349,1,0,0,8,3,-8.463435114788862,8.463435114788862,@kyltREn,anti_homophones
26350,1,3,0,5,3,-5.685863356252839,5.685863356252839,apokE,anti_homophones
26351,1,3,0,5,2,-4.749176297511876,4.749176297511876,meabl,anti_homophones
26352,1,7,0,4,2,-5.430598062379026,5.430598062379026,wazo,anti_homophones
26353,1,0,0,8,3,-8.342463300844052,8.342463300844052,5pRotwal,anti_homophones
26354,1,2,0,5,2,-5.533869987771399,5.533869987771399,mERd§,anti_homophones
26355,1,0,0,8,4,-7.988583577245416,7.988583577245416,egoRisti,anti_homophones
26356,1,0,0,8,3,-8.027010873078682,8.027010873078682,fRekipj5,anti_homophones
26357,1,0,0,9,4,-7.07595952053455,7.07595952053455,ipOstat9R,anti_homophones
26358,1,0,0,10,3,-6.518785075187118,6.518785075187118,pRobjogRaf,anti_homophones
26359,1,1,0,6,3,-5.756005786274468,5.756005786274468,patis@,anti_homophones
26360,1,19,0,2,1,-4.57184430346134,4.57184430346134,os,anti_homophones
26361,1,0,0,10,4,-7.540697469534319,7.540697469534319,pRoblOt°m@,anti_homophones
26362,1,2,0,5,2,-4.560037407897175,4.560037407897175,5flaZ,anti_homophones
26363,1,0,1,8,3,-5.777196775307646,5.777196775307646,debilist,anti_homophones
26364,1,0,0,10,4,-8.553791848376882,8.553791848376882,ReaRm°n8El,anti_homophones
26365,1,0,0,8,4,-8.271226834104086,8.271226834104086,vitivile,anti_homophones
26366,1,6,0,5,2,-5.366155522872539,5.366155522872539,ZinER,anti_homophones
26367,1,6,0,6,3,-5.2447249178325155,5.2447249178325155,natyRe,anti_homophones
26368,1,5,0,6,2,-4.876554885847241,4.876554885847241,klyzj§,anti_homophones
26369,1,9,0,5,2,-4.815803844005999,4.815803844005999,tRine,anti_homophones
26370,1,3,0,6,2,-5.285638319722187,5.285638319722187,speRiR,anti_homophones
26371,1,0,0,11,4,-11.254582763629376,11.254582763629376,klinikasjaR,anti_homophones
26372,1,0,0,10,4,-8.795591125278913,8.795591125278913,R°sakRoniG,anti_homophones
26373,1,0,0,7,3,-6.486626055858325,6.486626055858325,pRepane,anti_homophones
26374,1,9,0,4,2,-5.0167704215129785,5.0167704215129785,abRi,anti_homophones
26375,1,0,0,10,5,-9.462456776631882,9.462456776631882,kaRatilase,anti_homophones
26376,1,0,0,7,3,-7.321137325897351,7.321137325897351,vylpabi,anti_homophones
26377,1,14,1,4,2,-5.007758095647475,5.007758095647475,temi,anti_homophones
26378,1,12,0,4,2,-5.266821446516134,5.266821446516134,m°le,anti_homophones
26379,1,0,0,6,2,-6.928451870006672,6.928451870006672,vOlybl,anti_homophones
26380,1,0,0,9,4,-7.148495821992453,7.148495821992453,pRozalite,anti_homophones
26381,1,5,0,6,3,-4.809979924717335,4.809979924717335,suv°m@,anti_homophones
26382,1,16,0,3,1,-4.735143174431228,4.735143174431228,SEz,anti_homophones
26383,1,7,0,5,2,-5.278929105041129,5.278929105041129,pEste,anti_homophones
26384,1,0,0,9,4,-10.572924283448195,10.572924283448195,papjetaby,anti_homophones
26385,1,7,1,4,2,-4.698389324374179,4.698389324374179,Ryd@,anti_homophones
26386,1,1,0,6,2,-5.557646294989038,5.557646294989038,d°vizm,anti_homophones
26387,1,12,0,4,2,-4.888558867221548,4.888558867221548,kamo,anti_homophones
26388,1,0,0,9,4,-6.926216947730221,6.926216947730221,polikatik,anti_homophones
26389,1,0,0,12,5,-8.998553967870295,8.998553967870295,babilizatizm,anti_homophones
26390,1,0,0,12,5,-11.969270266249977,11.969270266249977,OktRib8alif@,anti_homophones
26391,1,1,0,6,3,-6.855028011759008,6.855028011759008,diREte,anti_homophones
26392,1,6,1,4,2,-4.825057930435529,4.825057930435529,5pyt,anti_homophones
26393,1,0,0,7,2,-6.48042143114791,6.48042143114791,gRajz9R,anti_homophones
26394,1,0,0,10,4,-9.992776675045947,9.992776675045947,gRos9nlajy,anti_homophones
26395,1,12,0,4,2,-5.077799588226302,5.077799588226302,vini,anti_homophones
26396,1,5,0,6,3,-5.724532179748536,5.724532179748536,apolin,anti_homophones
26397,1,15,0,3,1,-4.7330476669582575,4.7330476669582575,spi,anti_homophones
26398,1,0,0,10,4,-9.096241340302965,9.096241340302965,aRyRZ@tist,anti_homophones
26399,1,0,0,11,4,-10.567631926444252,10.567631926444252,sypRakl@Ski,anti_homophones
26400,1,0,0,9,4,-8.729486229698978,8.729486229698978,yltifisj2,anti_homophones
26401,1,0,0,9,4,-6.323746803641431,6.323746803641431,syptis°m@,anti_homophones
26402,1,1,0,6,3,-5.310292494981325,5.310292494981325,degEm@,anti_homophones
26403,1,0,0,9,4,-7.6374404275575944,7.6374404275575944,valjOn°Ri,anti_homophones
26404,1,0,0,9,4,-7.792278340145636,7.792278340145636,5tERasjOm,anti_homophones
26405,1,1,0,6,3,-7.293417837308651,7.293417837308651,piRomo,anti_homophones
26406,1,5,0,5,2,-5.893839714742502,5.893839714742502,tonit,anti_homophones
26407,1,0,0,9,4,-8.05044266382564,8.05044266382564,asyRitwaR,anti_homophones
26408,1,2,0,9,3,-6.790276469549021,6.790276469549021,RepaRtist,anti_homophones
26409,1,4,0,5,2,-5.2864686852814,5.2864686852814,pl@dE,anti_homophones
26410,1,22,0,3,1,-4.910266628612264,4.910266628612264,tiS,anti_homophones
26411,1,0,0,7,3,-6.365104063503776,6.365104063503776,bastije,anti_homophones
26412,1,0,0,9,4,-7.508547914889257,7.508547914889257,R2gRosije,anti_homophones
26413,1,1,0,4,2,-4.717371369455497,4.717371369455497,m§b5,anti_homophones
26414,1,0,0,6,3,-6.2243785646951695,6.2243785646951695,sypyt5,anti_homophones
26415,1,0,0,9,4,-8.628515218770778,8.628515218770778,kisek@t9R,anti_homophones
26416,1,0,0,9,4,-8.048104209801961,8.048104209801961,pyRZitize,anti_homophones
26417,1,7,0,4,1,-4.821991011557884,4.821991011557884,stOR,anti_homophones
26418,1,0,0,6,3,-7.603093043884827,7.603093043884827,sypOse,anti_homophones
26419,1,0,0,7,4,-7.453012894071864,7.453012894071864,afEROte,anti_homophones
26420,1,2,0,4,2,-4.9377956252821145,4.9377956252821145,ylOm,anti_homophones
26421,1,0,0,8,4,-7.774290007071245,7.774290007071245,somedim@,anti_homophones
26422,1,1,0,5,2,-6.67591872766566,6.67591872766566,vaSiz,anti_homophones
26423,1,0,0,8,3,-8.980861647619218,8.980861647619218,pOltapid,anti_homophones
26424,1,0,0,9,4,-8.495506231926454,8.495506231926454,minEstoRe,anti_homophones
26425,1,2,0,5,2,-5.751589646615096,5.751589646615096,t@pje,anti_homophones
26426,1,3,0,5,3,-5.088865875749828,5.088865875749828,opeRe,anti_homophones
26427,1,0,0,8,4,-8.952738896404004,8.952738896404004,Repasena,anti_homophones
26428,1,0,0,10,4,-8.807110943781963,8.807110943781963,skinakasj§,anti_homophones
26429,1,0,0,9,4,-8.947165925293696,8.947165925293696,sakR@piR@,anti_homophones
26430,1,2,0,6,3,-5.878429416909299,5.878429416909299,5pRij@,anti_homophones
26431,1,2,0,4,1,-7.900230278277526,7.900230278277526,dZiG,anti_homophones
26432,1,1,0,5,2,-6.580442478595774,6.580442478595774,R2s2z,anti_homophones
26433,1,0,0,7,3,-6.6199519367735205,6.6199519367735205,k§pRija,anti_homophones
26434,1,6,0,5,2,-5.503659586871249,5.503659586871249,fRijE,anti_homophones
26435,1,0,0,8,3,-8.350010174193889,8.350010174193889,tRabolaZ,anti_homophones
26436,1,0,0,7,3,-7.435784698980882,7.435784698980882,buRable,anti_homophones
26437,1,10,0,5,2,-5.121546147221017,5.121546147221017,toRik,anti_homophones
26438,1,0,0,7,4,-6.567494773594595,6.567494773594595,5pytane,anti_homophones
26439,1,0,0,8,3,-6.6931799905339,6.6931799905339,kulaksj§,anti_homophones
26440,1,7,0,4,2,-4.718864579496741,4.718864579496741,RiS§,anti_homophones
26441,1,0,0,9,4,-7.734955684135952,7.734955684135952,ORkSiSis@,anti_homophones
26442,1,1,0,7,3,-6.213653746875502,6.213653746875502,libRaje,anti_homophones
26443,1,0,0,7,4,-8.666712946279757,8.666712946279757,5peRaRu,anti_homophones
26444,1,1,0,6,3,-7.419218253884089,7.419218253884089,kylaRo,anti_homophones
26445,1,10,0,4,1,-4.93728633544594,4.93728633544594,R@bl,anti_homophones
26446,1,4,0,5,3,-5.23649979627621,5.23649979627621,aZine,anti_homophones
26447,1,0,0,8,4,-9.614598888525276,9.614598888525276,notagon@,anti_homophones
26448,1,1,0,6,3,-6.715436876110852,6.715436876110852,fin°m5,anti_homophones
26449,1,0,0,7,3,-7.628448417516385,7.628448417516385,sedanyR,anti_homophones
26450,1,21,0,3,2,-4.608045103409529,4.608045103409529,eta,anti_homophones
26451,1,2,0,7,3,-5.669438299612547,5.669438299612547,palyzj§,anti_homophones
26452,1,15,0,3,1,-4.897174293283543,4.897174293283543,dOt,anti_homophones
26453,1,8,0,4,2,-5.3468501359368314,5.3468501359368314,amiz,anti_homophones
26454,1,8,1,6,3,-4.956507860583803,4.956507860583803,Zelite,anti_homophones
26455,1,3,0,5,2,-6.167748533739052,6.167748533739052,tRyle,anti_homophones
26456,1,0,0,10,5,-9.82425230085466,9.82425230085466,mesenetike,anti_homophones
26457,1,0,0,6,3,-6.839894189469169,6.839894189469169,Espat@,anti_homophones
26458,1,0,0,8,3,-7.521156371282283,7.521156371282283,k§tyz8El,anti_homophones
26459,1,2,0,5,2,-5.313814474779007,5.313814474779007,fluze,anti_homophones
26460,1,0,0,14,4,-13.670169939331442,13.670169939331442,satRaplikst8OR,anti_homophones
26461,1,1,0,8,3,-6.75397929662094,6.75397929662094,R°lotabl,anti_homophones
26462,1,1,0,7,3,-6.673057489471365,6.673057489471365,@kaRdiz,anti_homophones
26463,1,3,1,5,2,-4.885898728926544,4.885898728926544,buRge,anti_homophones
26464,1,7,0,6,2,-5.117958941813402,5.117958941813402,pResim,anti_homophones
26465,1,2,0,5,2,-6.600478792129281,6.600478792129281,vadjo,anti_homophones
26466,1,2,0,6,3,-5.653522844502235,5.653522844502235,buvij§,anti_homophones
26467,1,0,0,7,3,-7.424966502849996,7.424966502849996,dav@taZ,anti_homophones
26468,1,1,0,7,3,-5.130816144854125,5.130816144854125,ipnoZEn,anti_homophones
26469,1,4,0,5,2,-5.701389307801009,5.701389307801009,maRlE,anti_homophones
26470,1,0,0,8,3,-7.53385371875198,7.53385371875198,RadRib8e,anti_homophones
26471,1,0,0,9,4,-7.231405188562015,7.231405188562015,SifRak°Ri,anti_homophones
26472,1,12,0,4,2,-5.235695867305398,5.235695867305398,ylyR,anti_homophones
26473,1,0,0,11,4,-11.3367145805186,11.3367145805186,gRosjeneR@s,anti_homophones
26474,1,0,0,11,5,-7.04792772915466,7.04792772915466,sypERfEv°m@,anti_homophones
26475,1,5,0,6,3,-6.736561938691608,6.736561938691608,metaRe,anti_homophones
26476,1,3,0,8,4,-5.159578165846964,5.159578165846964,sybilite,anti_homophones
26477,1,3,0,6,3,-5.808841345779206,5.808841345779206,tapij§,anti_homophones
26478,1,0,0,11,5,-8.665267965045716,8.665267965045716,ZemoRalifje,anti_homophones
26479,1,1,0,8,3,-7.131107475609047,7.131107475609047,stRolize,anti_homophones
26480,1,3,1,5,2,-4.835261839198653,4.835261839198653,R°SER,anti_homophones
26481,1,25,0,3,1,-4.388341841200484,4.388341841200484,tRo,anti_homophones
26482,1,1,0,7,4,-6.946273514026335,6.946273514026335,ak§pile,anti_homophones
26483,1,2,0,4,2,-5.512541843752763,5.512541843752763,l5k@,anti_homophones
26484,1,26,0,4,2,-4.916988749442234,4.916988749442234,malo,anti_homophones
26485,1,10,1,4,2,-4.573802543967891,4.573802543967891,ORle,anti_homophones
26486,1,0,0,7,3,-5.620675602707752,5.620675602707752,aRbonik,anti_homophones
26487,1,0,0,14,5,-11.940234021642253,11.940234021642253,tRemjOkROmatif,anti_homophones
26488,1,0,0,8,3,-7.369021984771845,7.369021984771845,pudRij@s,anti_homophones
26489,1,0,0,9,4,-9.14764091875865,9.14764091875865,Rij§falit,anti_homophones
26490,1,0,0,11,5,-7.344467663945599,7.344467663945599,f2tRaZ2z°m@,anti_homophones
26491,1,8,0,4,2,-5.163746312907294,5.163746312907294,alko,anti_homophones
26492,1,14,0,4,2,-4.632503352593007,4.632503352593007,eliR,anti_homophones
26493,1,0,0,9,4,-7.327926211143874,7.327926211143874,pORizat9R,anti_homophones
26494,1,8,0,5,2,-5.331109798306808,5.331109798306808,koRiz,anti_homophones
26495,1,2,1,5,2,-5.392585177494353,5.392585177494353,kiROp,anti_homophones
26496,1,1,1,6,2,-5.974423508022532,5.974423508022532,kok8aZ,anti_homophones
26497,1,0,0,6,3,-6.269398068578559,6.269398068578559,deRuta,anti_homophones
26498,1,1,0,5,3,-6.953481738401557,6.953481738401557,§komy,anti_homophones
26499,1,0,0,7,3,-6.610339625464866,6.610339625464866,seS@t9R,anti_homophones
26500,1,3,1,6,3,-4.961191610840454,4.961191610840454,patuje,anti_homophones
26501,1,0,0,7,3,-7.01419742193133,7.01419742193133,kaviRt5,anti_homophones
26502,1,0,0,12,5,-10.742740506195181,10.742740506195181,pReseleblum@,anti_homophones
26503,1,0,0,6,3,-6.738262973399725,6.738262973399725,Raj°t§,anti_homophones
26504,1,0,0,11,5,-10.245065267114406,10.245065267114406,ZEstabyzeOl,anti_homophones
26505,1,0,0,8,4,-7.463448239609263,7.463448239609263,m@ganike,anti_homophones
26506,1,0,0,6,3,-5.973972335530524,5.973972335530524,k5t°ny,anti_homophones
26507,1,0,0,8,3,-8.212990361793473,8.212990361793473,pyZetist,anti_homophones
26508,1,0,0,11,5,-9.676539169544967,9.676539169544967,alonokRasj§,anti_homophones
26509,1,3,0,5,2,-6.400839443913612,6.400839443913612,gRamy,anti_homophones
26510,1,0,0,9,4,-6.998561414229804,6.998561414229804,R°k§sylte,anti_homophones
26511,1,0,0,10,4,-8.191213816682168,8.191213816682168,paRsiviz9R,anti_homophones
26512,1,0,0,12,5,-11.239686103703864,11.239686103703864,pRepyRid§vil,anti_homophones
26513,1,2,0,5,1,-5.277539314914832,5.277539314914832,tR5ks,anti_homophones
26514,1,0,0,6,3,-7.076988041411332,7.076988041411332,f5tim§,anti_homophones
26515,1,0,0,13,5,-11.159944882407405,11.159944882407405,amyRmylt@tabl,anti_homophones
26516,1,0,0,12,5,-9.46135555371062,9.46135555371062,sel@k§binabl,anti_homophones
26517,1,18,0,3,1,-4.853871272751841,4.853871272751841,jOl,anti_homophones
26518,1,0,0,9,4,-8.101118008710776,8.101118008710776,teleR@s§Z,anti_homophones
26519,1,0,0,9,4,-7.078100513641453,7.078100513641453,maRmonote,anti_homophones
26520,1,6,0,5,2,-5.984652712949538,5.984652712949538,t8is@,anti_homophones
26521,1,0,0,9,3,-8.420836612369785,8.420836612369785,tRizjolaZ,anti_homophones
26522,1,0,0,8,3,-8.0908306878295,8.0908306878295,labR2l@s,anti_homophones
26523,1,3,0,5,2,-7.341510849673962,7.341510849673962,sutSe,anti_homophones
26524,1,0,0,10,4,-7.38490638800516,7.38490638800516,klopeRifje,anti_homophones
26525,1,0,0,9,3,-9.162154432247755,9.162154432247755,mORsjenil,anti_homophones
26526,1,0,0,8,4,-10.362657117087782,10.362657117087782,@tOfilas,anti_homophones
26527,1,0,0,7,3,-5.323609873496194,5.323609873496194,dublije,anti_homophones
26528,1,0,0,8,4,-8.890145932059895,8.890145932059895,yzablone,anti_homophones
26529,1,7,0,5,2,-4.884874067311062,4.884874067311062,melj5,anti_homophones
26530,1,0,0,9,4,-9.175205109136892,9.175205109136892,detRotame,anti_homophones
26531,1,2,0,8,4,-6.052276681794655,6.052276681794655,5tizasj§,anti_homophones
26532,1,0,0,8,3,-5.47038324701473,5.47038324701473,ORganist,anti_homophones
26533,1,3,0,5,2,-5.079800633560188,5.079800633560188,f8ije,anti_homophones
26534,1,3,0,5,2,-5.607219002039936,5.607219002039936,maRtu,anti_homophones
26535,1,3,1,6,3,-5.019594466547192,5.019594466547192,mod°Ri,anti_homophones
26536,1,20,1,3,1,-4.696935526930264,4.696935526930264,Zid,anti_homophones
26537,1,0,0,9,5,-10.150143311339779,10.150143311339779,efaR5Z@da,anti_homophones
26538,1,0,0,10,4,-10.206682667923058,10.206682667923058,vERp@tilit,anti_homophones
26539,1,16,0,5,2,-4.585748666326377,4.585748666326377,katER,anti_homophones
26540,1,0,0,8,4,-8.54645424948779,8.54645424948779,motokije,anti_homophones
26541,1,0,0,10,4,-8.746958860974424,8.746958860974424,momitalizm,anti_homophones
26542,1,0,0,11,5,-9.112653258807143,9.112653258807143,R2blOtivite,anti_homophones
26543,1,0,0,8,3,-6.251316353314141,6.251316353314141,s°kuvR9j,anti_homophones
26544,1,3,0,4,2,-5.143669756591774,5.143669756591774,l§bo,anti_homophones
26545,1,0,0,9,3,-7.5988697016403,7.5988697016403,nOspEkt82,anti_homophones
26546,1,0,0,7,3,-6.926477228954892,6.926477228954892,kul@Z@s,anti_homophones
26547,1,0,0,9,3,-7.364159504339426,7.364159504339426,kRipsikoz,anti_homophones
26548,1,2,0,6,3,-6.427961315866287,6.427961315866287,5solEn,anti_homophones
26549,1,19,0,4,2,-5.432971473312687,5.432971473312687,deve,anti_homophones
26550,1,2,0,5,2,-5.506379613601898,5.506379613601898,pwaNE,anti_homophones
26551,1,1,0,7,3,-5.946349431970039,5.946349431970039,sut°nER,anti_homophones
26552,1,0,0,13,5,-12.270648601239992,12.270648601239992,k§stistisinom,anti_homophones
26553,1,10,0,3,1,-4.6009723494192345,4.6009723494192345,bwi,anti_homophones
26554,1,0,0,8,4,-7.224869099704195,7.224869099704195,ivERtij§,anti_homophones
26555,1,0,0,10,4,-9.571278033573233,9.571278033573233,pRekivaZit,anti_homophones
26556,1,2,1,7,3,-5.1807936430678465,5.1807936430678465,gRup°m@,anti_homophones
26557,1,8,1,4,2,-5.229792838635199,5.229792838635199,tuR@,anti_homophones
26558,1,8,0,8,4,-5.145484937255867,5.145484937255867,sabilite,anti_homophones
26559,1,0,0,9,5,-10.05720939302874,10.05720939302874,f@dRikaua,anti_homophones
26560,1,0,0,13,5,-11.152018987841585,11.152018987841585,vinEksjonimit,anti_homophones
26561,1,0,0,7,3,-7.592532519661798,7.592532519661798,koZisti,anti_homophones
26562,1,0,0,10,4,-7.069812735109399,7.069812735109399,b8isj2z°m@,anti_homophones
26563,1,9,0,5,2,-5.578244155809172,5.578244155809172,vERna,anti_homophones
26564,1,0,0,10,5,-9.988522703236331,9.988522703236331,ipS@did°m@,anti_homophones
26565,1,5,0,7,3,-4.8914178634617205,4.8914178634617205,pREv°m@,anti_homophones
26566,1,3,0,5,2,-5.586412334416803,5.586412334416803,Rapja,anti_homophones
26567,1,0,0,6,2,-6.797347947150676,6.797347947150676,tERfiG,anti_homophones
26568,1,8,0,5,2,-4.996982907283083,4.996982907283083,vilER,anti_homophones
26569,1,0,0,12,5,-13.35525731704311,13.35525731704311,pRos@teistaz,anti_homophones
26570,1,1,0,5,2,-5.339195927013743,5.339195927013743,klaf§,anti_homophones
26571,1,11,0,3,2,-5.4364391848227225,5.4364391848227225,aSy,anti_homophones
26572,1,3,0,5,3,-5.141144540442628,5.141144540442628,izole,anti_homophones
26573,1,0,0,7,3,-7.325413074904264,7.325413074904264,ERmoRaZ,anti_homophones
26574,1,4,0,7,4,-5.4923186289694,5.4923186289694,otodite,anti_homophones
26575,1,0,0,8,4,-8.781741788958696,8.781741788958696,aRpopyli,anti_homophones
26576,1,1,0,7,3,-5.072047270074174,5.072047270074174,5komEtR,anti_homophones
26577,1,10,0,5,2,-5.106705341048472,5.106705341048472,Rak9R,anti_homophones
26578,1,0,0,11,5,-8.836588621050556,8.836588621050556,akRipaRt°Ri,anti_homophones
26579,1,5,0,5,2,-5.2512543971023105,5.2512543971023105,somaZ,anti_homophones
26580,1,0,0,14,5,-11.515457980776029,11.515457980776029,syRSaRnasjon@s,anti_homophones
26581,1,0,0,10,4,-9.573622669426607,9.573622669426607,djaRkomyne,anti_homophones
26582,1,2,0,9,4,-7.1921982980488295,7.1921982980488295,Rem@sjone,anti_homophones
26583,1,4,0,5,3,-5.4185155124771205,5.4185155124771205,eSase,anti_homophones
26584,1,11,1,5,2,-5.021775850440202,5.021775850440202,kRip@,anti_homophones
26585,1,0,0,5,2,-5.509408851004049,5.509408851004049,t§b@s,anti_homophones
26586,1,17,0,2,1,-4.575766407357358,4.575766407357358,Su,anti_homophones
26587,1,0,0,8,3,-7.688091514600402,7.688091514600402,pjafaRme,anti_homophones
26588,1,2,0,6,2,-5.5671491624222575,5.5671491624222575,dOkt9R,anti_homophones
26589,1,8,0,4,1,-5.244995665712062,5.244995665712062,kORm,anti_homophones
26590,1,15,0,3,1,-5.069846308029514,5.069846308029514,kum,anti_homophones
26591,1,0,0,8,3,-5.913761258660388,5.913761258660388,dOplasj§,anti_homophones
26592,1,2,0,7,3,-5.695707002935844,5.695707002935844,libeRik,anti_homophones
26593,1,1,0,7,3,-6.548045802858279,6.548045802858279,5vizist,anti_homophones
26594,1,12,0,5,2,-4.723538435891617,4.723538435891617,fatif,anti_homophones
26595,1,2,1,5,2,-4.915057580796773,4.915057580796773,bl@Si,anti_homophones
26596,1,4,0,5,2,-5.163495560913419,5.163495560913419,Radin,anti_homophones
26597,1,1,0,9,4,-6.727311299191563,6.727311299191563,Esklav°m@,anti_homophones
26598,1,0,0,10,5,-8.707428453449058,8.707428453449058,iRepifR°Ri,anti_homophones
26599,1,17,0,4,2,-4.3654999256678035,4.3654999256678035,seSe,anti_homophones
26600,1,12,1,4,2,-5.001103430170166,5.001103430170166,5tiR,anti_homophones
26601,1,0,0,9,3,-7.558734736189331,7.558734736189331,ZuRnizabl,anti_homophones
26602,1,0,0,7,3,-7.455090790668633,7.455090790668633,dRyzem@,anti_homophones
26603,1,17,0,4,2,-4.735159877215415,4.735159877215415,fili,anti_homophones
26604,1,0,0,7,3,-5.623019629222615,5.623019629222615,pw5tije,anti_homophones
26605,1,0,0,8,3,-10.018850998231194,10.018850998231194,plyREliz,anti_homophones
26606,1,9,0,6,3,-5.988118972037124,5.988118972037124,waR°m@,anti_homophones
26607,1,0,0,9,4,-9.293734515809415,9.293734515809415,5plikinaR,anti_homophones
26608,1,11,0,4,2,-5.032061153334475,5.032061153334475,tERa,anti_homophones
26609,1,0,0,6,2,-6.945158594463947,6.945158594463947,p8ijad,anti_homophones
26610,1,0,0,9,4,-8.84217844424601,8.84217844424601,gulyRiz9R,anti_homophones
26611,1,8,0,6,2,-4.872717941101224,4.872717941101224,gRafiR,anti_homophones
26612,1,0,0,9,4,-9.584718984305105,9.584718984305105,vaZabilis,anti_homophones
26613,1,0,0,9,4,-8.961547185548614,8.961547185548614,tR@talOpe,anti_homophones
26614,1,2,0,3,1,-4.609118991336915,4.609118991336915,9vR,anti_homophones
26615,1,0,0,9,3,-8.43436759899327,8.43436759899327,EkspadjER,anti_homophones
26616,1,0,0,7,3,-6.419717915649258,6.419717915649258,diskam@,anti_homophones
26617,1,5,0,4,2,-5.145887077918154,5.145887077918154,pep5,anti_homophones
26618,1,20,0,3,1,-4.382422941978449,4.382422941978449,Zak,anti_homophones
26619,1,0,0,8,3,-6.684984529743488,6.684984529743488,R°fRwas2,anti_homophones
26620,1,0,0,8,3,-6.907745882227957,6.907745882227957,kORnjEz§,anti_homophones
26621,1,0,0,11,4,-11.338374010790693,11.338374010790693,siblimalf2Z,anti_homophones
26622,1,0,0,8,4,-10.614386373942672,10.614386373942672,kitytoRi,anti_homophones
26623,1,0,0,7,3,-6.613693887995358,6.613693887995358,Ryskyte,anti_homophones
26624,1,1,0,4,2,-4.749614547219214,4.749614547219214,s5bo,anti_homophones
26625,1,1,0,8,4,-6.521039223622918,6.521039223622918,desisite,anti_homophones
26626,1,0,0,7,3,-7.956489204203166,7.956489204203166,ilEpsid,anti_homophones
26627,1,11,1,5,2,-4.939735524816754,4.939735524816754,palyR,anti_homophones
26628,1,3,0,5,2,-5.3809113540142315,5.3809113540142315,leS9R,anti_homophones
26629,1,0,0,6,3,-6.468433951793176,6.468433951793176,maZiGo,anti_homophones
26630,1,2,0,6,3,-5.922643270102793,5.922643270102793,ekRoni,anti_homophones
26631,1,0,0,8,2,-11.466673230068679,11.466673230068679,RidzjatR,anti_homophones
26632,1,0,0,10,3,-8.171178716922348,8.171178716922348,tRof§dRist,anti_homophones
26633,1,0,0,10,3,-9.640859442405914,9.640859442405914,bistORt8ER,anti_homophones
26634,1,3,0,5,2,-5.0236792256386185,5.0236792256386185,monOm,anti_homophones
26635,1,1,0,5,3,-5.564799222811069,5.564799222811069,ep°se,anti_homophones
26636,1,0,0,5,2,-6.650329945387551,6.650329945387551,divag,anti_homophones
26637,1,0,0,6,3,-6.977028308924583,6.977028308924583,@tikaR,anti_homophones
26638,1,0,0,12,5,-12.247314011085637,12.247314011085637,tenOplan°tj5,anti_homophones
26639,1,7,0,3,1,-4.611061759695327,4.611061759695327,ZoZ,anti_homophones
26640,1,0,0,10,5,-10.066760962875268,10.066760962875268,5sinORmyt@,anti_homophones
26641,1,24,0,3,2,-4.374621217091072,4.374621217091072,ipe,anti_homophones
26642,1,0,0,10,4,-8.371192727122253,8.371192727122253,ReaRminist,anti_homophones
26643,1,2,0,6,2,-5.667205587369771,5.667205587369771,Z§ktyR,anti_homophones
26644,1,0,0,6,3,-6.315934341580731,6.315934341580731,l5fajo,anti_homophones
26645,1,0,0,10,3,-9.032054117633264,9.032054117633264,djastREn2z,anti_homophones
26646,1,0,0,7,3,-6.903304218602749,6.903304218602749,vaz°liR,anti_homophones
26647,1,27,0,3,1,-4.816991481538537,4.816991481538537,fak,anti_homophones
26648,1,0,0,12,5,-10.171909704576732,10.171909704576732,peRjalistis@,anti_homophones
26649,1,0,0,8,2,-5.917993939098279,5.917993939098279,deplwabl,anti_homophones
26650,1,8,0,4,1,-4.8598403923973335,4.8598403923973335,mism,anti_homophones
26651,1,0,0,12,5,-10.447763658210462,10.447763658210462,soloZinitRik,anti_homophones
26652,1,3,0,6,2,-6.601163508509546,6.601163508509546,leRabl,anti_homophones
26653,1,0,0,9,4,-6.104587263879097,6.104587263879097,devizat9R,anti_homophones
26654,1,0,1,6,3,-6.089062202919749,6.089062202919749,R°suv@,anti_homophones
26655,1,0,0,10,4,-12.342021539373393,12.342021539373393,5taRdakt@s,anti_homophones
26656,1,0,0,9,4,-6.624519797324836,6.624519797324836,pROteatik,anti_homophones
26657,1,0,0,8,3,-7.7931971191279965,7.7931971191279965,p°lEktif,anti_homophones
26658,1,1,0,7,2,-6.442175889993463,6.442175889993463,pRefRES,anti_homophones
26659,1,0,0,8,3,-7.672672195066022,7.672672195066022,polabR9v,anti_homophones
26660,1,1,0,7,3,-6.677058040622342,6.677058040622342,meRoZEn,anti_homophones
26661,1,0,0,9,4,-9.193156689477876,9.193156689477876,5tEtaRdj2,anti_homophones
26662,1,0,1,5,2,-5.212510289152263,5.212510289152263,bySEt,anti_homophones
26663,1,0,0,6,3,-9.147100534072848,9.147100534072848,§fisj@,anti_homophones
26664,1,0,0,10,4,-8.399283647923783,8.399283647923783,pRefEktivi,anti_homophones
26665,1,0,0,8,3,-6.7531440903039295,6.7531440903039295,suv@t8El,anti_homophones
26666,1,16,0,3,1,-5.020195481333864,5.020195481333864,diZ,anti_homophones
26667,1,2,0,7,3,-6.022763638101044,6.022763638101044,dekRute,anti_homophones
26668,1,0,0,11,5,-11.93162257421307,11.93162257421307,anEskipatEm,anti_homophones
26669,1,4,0,5,2,-4.641848096512243,4.641848096512243,lezj5,anti_homophones
26670,1,2,0,4,2,-4.79865749325628,4.79865749325628,n@k5,anti_homophones
26671,1,0,0,11,5,-12.315255545919015,12.315255545919015,syRifaRalje,anti_homophones
26672,1,1,0,8,4,-5.162719360112917,5.162719360112917,ipERs°m@,anti_homophones
26673,1,0,0,7,2,-7.725841345055832,7.725841345055832,ERmints,anti_homophones
26674,1,0,0,9,3,-9.49387926772322,9.49387926772322,blazigRaf,anti_homophones
26675,1,0,0,9,3,-10.269196045843234,10.269196045843234,madRiskyz,anti_homophones
26676,1,5,0,5,2,-4.999138697848899,4.999138697848899,b§bin,anti_homophones
26677,1,1,0,6,2,-5.061075230602532,5.061075230602532,gR°laZ,anti_homophones
26678,1,0,0,8,3,-6.797811606772898,6.797811606772898,R°pR@dOk,anti_homophones
26679,1,7,0,5,1,-5.770614726878115,5.770614726878115,kRupl,anti_homophones
26680,1,1,0,5,2,-5.742138135674304,5.742138135674304,jOn9R,anti_homophones
26681,1,0,0,11,5,-10.705895717676126,10.705895717676126,egORZetElEn,anti_homophones
26682,1,0,0,11,4,-9.538111698130155,9.538111698130155,k§tRonjalis,anti_homophones
26683,1,0,0,9,3,-7.948460464909399,7.948460464909399,mjoteRjEl,anti_homophones
26684,1,0,0,8,3,-5.858897707704248,5.858897707704248,fR@kolOg,anti_homophones
26685,1,1,0,7,3,-6.706069898507168,6.706069898507168,@pwazj§,anti_homophones
26686,1,2,0,6,2,-6.457786397557354,6.457786397557354,klORil,anti_homophones
26687,1,0,0,10,4,-7.497507733476844,7.497507733476844,m@Zelyksj§,anti_homophones
26688,1,1,0,7,3,-6.6338990875616295,6.6338990875616295,RuspeRi,anti_homophones
26689,1,0,0,6,3,-5.990169779302734,5.990169779302734,ek9j9R,anti_homophones
26690,1,8,0,5,2,-4.697079386578931,4.697079386578931,ReZik,anti_homophones
26691,1,0,0,8,4,-5.469287216599146,5.469287216599146,seR2z°m@,anti_homophones
26692,1,0,0,11,4,-8.928033727080072,8.928033727080072,plateRivwaR,anti_homophones
26693,1,0,0,11,4,-8.733989129942591,8.733989129942591,maRmalEkt9R,anti_homophones
26694,1,0,0,6,3,-8.139256815213662,8.139256815213662,bEzuke,anti_homophones
26695,1,0,0,10,5,-9.264597161223833,9.264597161223833,afytes@s9R,anti_homophones
26696,1,0,0,8,4,-6.596585864320418,6.596585864320418,lipOn°Ri,anti_homophones
26697,1,0,0,7,3,-6.74575500650925,6.74575500650925,@kadRin,anti_homophones
26698,1,0,0,6,2,-7.536607931680711,7.536607931680711,aksipR,anti_homophones
26699,1,11,0,4,2,-5.327221443819186,5.327221443819186,al@t,anti_homophones
26700,1,1,0,7,3,-7.550782590536078,7.550782590536078,monaRik,anti_homophones
26701,1,1,0,8,3,-8.127755311610821,8.127755311610821,dRiZinER,anti_homophones
26702,1,3,0,6,3,-6.329580895995202,6.329580895995202,aRin9R,anti_homophones
26703,1,0,0,8,4,-6.846106755781568,6.846106755781568,popylaRi,anti_homophones
26704,1,7,0,5,2,-4.6153717092604065,4.6153717092604065,Satje,anti_homophones
26705,1,0,0,9,4,-7.264677743843504,7.264677743843504,gatinasj§,anti_homophones
26706,1,14,0,4,2,-4.738255786878842,4.738255786878842,@tiv,anti_homophones
26707,1,8,0,4,1,-4.9845940386038645,4.9845940386038645,k8is,anti_homophones
26708,1,0,0,8,3,-7.6113669058672055,7.6113669058672055,pistuRm@,anti_homophones
26709,1,3,1,4,2,-5.164070931922332,5.164070931922332,kym2,anti_homophones
26710,1,6,0,5,2,-5.288953867216701,5.288953867216701,salaR,anti_homophones
26711,1,16,0,3,1,-4.659284031727926,4.659284031727926,tyn,anti_homophones
26712,1,9,0,4,2,-4.639726363283845,4.639726363283845,s5te,anti_homophones
26713,1,4,0,4,2,-5.621422039332737,5.621422039332737,pRe5,anti_homophones
26714,1,0,0,11,5,-11.893589706839107,11.893589706839107,faRipogRafe,anti_homophones
26715,1,0,0,9,4,-9.589638204895806,9.589638204895806,kRaSaZin2,anti_homophones
26716,1,0,0,6,3,-5.81654450907357,5.81654450907357,R°s@ti,anti_homophones
26717,1,2,0,5,2,-6.223899072913358,6.223899072913358,imatS,anti_homophones
26718,1,3,0,5,2,-5.956732819334694,5.956732819334694,avwat,anti_homophones
26719,1,1,0,7,3,-6.83690691522621,6.83690691522621,makadOR,anti_homophones
26720,1,14,0,2,1,-4.570112478243318,4.570112478243318,Op,anti_homophones
26721,1,0,0,6,2,-6.553348181060323,6.553348181060323,kRivaj,anti_homophones
26722,1,1,0,6,2,-6.077226939383851,6.077226939383851,gORnik,anti_homophones
26723,1,9,0,5,1,-5.219469210978838,5.219469210978838,kRipt,anti_homophones
26724,1,2,0,6,2,-5.987350205044677,5.987350205044677,metRon,anti_homophones
26725,1,0,0,9,4,-8.060080651581162,8.060080651581162,deliZEsti,anti_homophones
26726,1,0,0,7,3,-6.405970429504302,6.405970429504302,debR@di,anti_homophones
26727,1,0,0,7,3,-6.631841082715609,6.631841082715609,patijaZ,anti_homophones
26728,1,0,0,7,3,-8.86799615217379,8.86799615217379,b2atR2z,anti_homophones
26729,1,4,0,6,3,-5.153312727922862,5.153312727922862,abilik,anti_homophones
26730,1,2,0,5,2,-6.138470865634799,6.138470865634799,abERn,anti_homophones
26731,1,0,0,10,5,-12.928112973321754,12.928112973321754,meRyzeRab@,anti_homophones
26732,1,0,0,11,4,-8.997605030493423,8.997605030493423,5sybvERdwaR,anti_homophones
26733,1,1,0,7,3,-6.803447269141377,6.803447269141377,katin8e,anti_homophones
26734,1,0,0,6,2,-6.28484917945937,6.28484917945937,domEsk,anti_homophones
26735,1,5,0,4,1,-4.9300915753862045,4.9300915753862045,glik,anti_homophones
26736,1,2,0,10,4,-5.5034814413206945,5.5034814413206945,Ekst8El°m@,anti_homophones
26737,1,1,0,4,2,-5.782365780406079,5.782365780406079,ORv2,anti_homophones
26738,1,0,0,7,3,-8.025596125163519,8.025596125163519,kalabRo,anti_homophones
26739,1,23,0,2,1,-4.568714612565335,4.568714612565335,ip,anti_homophones
26740,1,1,0,10,4,-5.157145909083701,5.157145909083701,pResj2z°m@,anti_homophones
26741,1,9,0,6,3,-4.869432400758342,4.869432400758342,dezite,anti_homophones
26742,1,2,0,5,2,-5.0574886183698275,5.0574886183698275,@gl9R,anti_homophones
26743,1,0,0,11,4,-8.702769579536199,8.702769579536199,k§fl@bdasj§,anti_homophones
26744,1,0,0,8,4,-6.27108787642002,6.27108787642002,fymEl°m@,anti_homophones
26745,1,0,0,11,5,-12.099353543989317,12.099353543989317,ON§sabRynER,anti_homophones
26746,1,4,0,3,1,-4.704439777983936,4.704439777983936,fuG,anti_homophones
26747,1,1,0,7,2,-5.787330873701754,5.787330873701754,sERvjEt,anti_homophones
26748,1,0,0,8,3,-7.03561106552368,7.03561106552368,asfat8OR,anti_homophones
26749,1,9,0,6,2,-5.39745039150233,5.39745039150233,paRakl,anti_homophones
26750,1,0,0,6,3,-5.465622773935457,5.465622773935457,p§p2ze,anti_homophones
26751,1,2,1,6,3,-6.115233096985434,6.115233096985434,ebRute,anti_homophones
26752,1,5,0,4,1,-5.152012213101516,5.152012213101516,tSEl,anti_homophones
26753,1,1,0,6,3,-5.300766104049433,5.300766104049433,uvRij§,anti_homophones
26754,1,0,0,12,5,-11.291895328764955,11.291895328764955,s@tRamovatif,anti_homophones
26755,1,4,0,5,2,-4.833778718290868,4.833778718290868,beg9R,anti_homophones
26756,1,0,0,11,3,-9.711806976939839,9.711806976939839,spRoglisabl,anti_homophones
26757,1,0,0,12,5,-10.423032730743644,10.423032730743644,kaRdispekyRi,anti_homophones
26758,1,7,0,7,3,-5.294911882593008,5.294911882593008,tRas°m@,anti_homophones
26759,1,2,1,7,3,-5.62417018084825,5.62417018084825,5tERmij,anti_homophones
26760,1,0,0,9,3,-7.72148973677634,7.72148973677634,minEkst@s,anti_homophones
26761,1,6,0,4,2,-5.429935632083127,5.429935632083127,onad,anti_homophones
26762,1,2,0,6,3,-5.786076521512554,5.786076521512554,filoz@,anti_homophones
26763,1,1,0,6,3,-5.359246999034456,5.359246999034456,degym@,anti_homophones
26764,1,0,0,8,3,-7.780453332200577,7.780453332200577,b§pw5saZ,anti_homophones
26765,1,0,0,11,4,-8.960297071052068,8.960297071052068,pRezEspitER,anti_homophones
26766,1,0,0,10,5,-9.184349760644785,9.184349760644785,butonimono,anti_homophones
26767,1,0,0,10,4,-10.05697870599372,10.05697870599372,SySOpERmEl,anti_homophones
26768,1,0,0,5,2,-5.9596515394151455,5.9596515394151455,vwalE,anti_homophones
26769,1,0,0,13,5,-8.108119750379373,8.108119750379373,R°pORtoplasj§,anti_homophones
26770,1,0,0,9,4,-8.172064913776508,8.172064913776508,maskin°RE,anti_homophones
26771,1,0,0,9,3,-7.740352560217024,7.740352560217024,flEgR°n@s,anti_homophones
26772,1,0,0,9,3,-8.643466348720455,8.643466348720455,vwivERtif,anti_homophones
26773,1,0,0,7,3,-7.073561158831648,7.073561158831648,SimilER,anti_homophones
26774,1,0,0,10,4,-10.507727016723964,10.507727016723964,l@gistRov@,anti_homophones
26775,1,0,0,6,2,-6.4250796645228805,6.4250796645228805,madRum,anti_homophones
26776,1,0,0,12,4,-9.916000335014443,9.916000335014443,pRomaskadRik,anti_homophones
26777,1,5,0,5,2,-4.336607712619481,4.336607712619481,Egzal,anti_homophones
26778,1,0,0,8,3,-8.517609487896397,8.517609487896397,beSaRj@s,anti_homophones
26779,1,0,0,11,5,-11.4828655666065,11.4828655666065,apopylp5ZER,anti_homophones
26780,1,2,0,6,2,-6.363569394349662,6.363569394349662,divERm,anti_homophones
26781,1,3,0,5,2,-5.579205635451168,5.579205635451168,mafjo,anti_homophones
26782,1,0,0,6,3,-6.106379693662841,6.106379693662841,oblimi,anti_homophones
26783,1,0,0,9,4,-6.210655819774026,6.210655819774026,5komynizm,anti_homophones
26784,1,6,0,5,2,-6.826828698831165,6.826828698831165,R°tik,anti_homophones
26785,1,1,1,7,3,-5.635630407375855,5.635630407375855,vERgote,anti_homophones
26786,1,0,0,10,5,-7.612247940166662,7.612247940166662,muv°REn°m@,anti_homophones
26787,1,0,0,8,4,-7.474213289617645,7.474213289617645,5sidifyZ,anti_homophones
26788,1,1,0,7,3,-6.88544497499633,6.88544497499633,p§tikyl,anti_homophones
26789,1,6,0,4,2,-5.976216383324058,5.976216383324058,viza,anti_homophones
26790,1,0,0,7,3,-8.332669878381896,8.332669878381896,gitalys,anti_homophones
26791,1,15,0,4,2,-4.3352583801382165,4.3352583801382165,gaze,anti_homophones
26792,1,1,0,6,3,-6.366120658119554,6.366120658119554,@k§tik,anti_homophones
26793,1,3,0,6,2,-5.4362429668244445,5.4362429668244445,modERn,anti_homophones
26794,1,0,0,9,3,-9.994920628601168,9.994920628601168,vaskatw9R,anti_homophones
26795,1,28,0,2,1,-4.5749686984265505,4.5749686984265505,El,anti_homophones
26796,1,1,0,10,4,-5.744211096225645,5.744211096225645,tR@smik°m@,anti_homophones
26797,1,0,0,7,3,-6.297526582494308,6.297526582494308,Eksp@si,anti_homophones
26798,1,0,0,8,4,-8.252408735833878,8.252408735833878,kamagono,anti_homophones
26799,1,0,0,9,3,-9.82866991545054,9.82866991545054,malgRamOR,anti_homophones
26800,1,3,0,5,2,-5.653798879661473,5.653798879661473,ZakaR,anti_homophones
26801,1,0,1,6,3,-5.757361455693108,5.757361455693108,pyRyl@,anti_homophones
26802,1,7,0,4,1,-5.038788105289387,5.038788105289387,swEt,anti_homophones
26803,1,11,0,4,1,-4.31338063836848,4.31338063836848,pOst,anti_homophones
26804,1,0,0,6,2,-5.761837711556999,5.761837711556999,syspEk,anti_homophones
26805,1,3,0,6,2,-4.80546322963887,4.80546322963887,des@dR,anti_homophones
26806,1,15,1,3,1,-4.6888168815769715,4.6888168815769715,moR,anti_homophones
26807,1,0,0,9,4,-7.012591433837038,7.012591433837038,5fogRasj§,anti_homophones
26808,1,1,0,5,3,-6.15854971722945,6.15854971722945,ovake,anti_homophones
26809,1,4,0,5,2,-5.817665804663457,5.817665804663457,stato,anti_homophones
26810,1,2,0,6,3,-6.130418053012131,6.130418053012131,asuv@s,anti_homophones
26811,1,2,0,5,2,-6.3750508726780755,6.3750508726780755,kabuj,anti_homophones
26812,1,5,0,5,2,-5.593335503885062,5.593335503885062,bRako,anti_homophones
26813,1,0,0,12,5,-12.691145192011083,12.691145192011083,ediskyzikEtS,anti_homophones
26814,1,4,0,7,3,-4.939333857368428,4.939333857368428,pedasj§,anti_homophones
26815,1,0,0,10,5,-10.342677630273936,10.342677630273936,ZenERvite5,anti_homophones
26816,1,0,0,6,3,-5.922137185583249,5.922137185583249,vEn°t§,anti_homophones
26817,1,4,0,6,3,-6.528417776506022,6.528417776506022,sOlOZi,anti_homophones
26818,1,0,0,7,3,-6.284169119253374,6.284169119253374,diskade,anti_homophones
26819,1,0,0,11,4,-8.65068050907407,8.65068050907407,bl@Sistisj5,anti_homophones
26820,1,1,1,6,3,-4.32364310498562,4.32364310498562,bafuje,anti_homophones
26821,1,0,0,10,5,-7.754288086615683,7.754288086615683,b@dolik°m@,anti_homophones
26822,1,0,0,7,3,-6.136745641359201,6.136745641359201,ORbit9R,anti_homophones
26823,1,0,0,6,3,-5.739996407422133,5.739996407422133,R2k§t@,anti_homophones
26824,1,4,0,5,3,-4.904544970390559,4.904544970390559,5feR@,anti_homophones
26825,1,0,0,6,2,-6.201058429860937,6.201058429860937,RavERt,anti_homophones
26826,1,0,0,8,3,-8.70802386240877,8.70802386240877,bORdjan§,anti_homophones
26827,1,11,0,5,3,-4.8445368867457415,4.8445368867457415,5kyle,anti_homophones
26828,1,1,0,7,4,-7.6761026622381685,7.6761026622381685,ekaZole,anti_homophones
26829,1,1,0,7,2,-6.229056248943419,6.229056248943419,kwint9R,anti_homophones
26830,1,0,0,14,5,-9.598046262618425,9.598046262618425,dek§tR°sORtabl,anti_homophones
26831,1,0,0,10,4,-9.65708387101841,9.65708387101841,blaRogasj§,anti_homophones
26832,1,0,0,5,2,-5.984648963146409,5.984648963146409,bov5s,anti_homophones
26833,1,10,0,5,2,-4.729214109688515,4.729214109688515,kRaze,anti_homophones
26834,1,0,0,9,3,-8.899271223030121,8.899271223030121,bazjonizm,anti_homophones
26835,1,1,0,9,4,-6.487214537058774,6.487214537058774,blabilize,anti_homophones
26836,1,8,0,5,2,-5.357797619448168,5.357797619448168,RakaZ,anti_homophones
26837,1,0,0,14,5,-11.627193917113274,11.627193917113274,kORnogRataktil,anti_homophones
26838,1,0,0,8,3,-7.29127977837005,7.29127977837005,geRivjER,anti_homophones
26839,1,0,0,5,2,-4.79713694251635,4.79713694251635,dZOge,anti_homophones
26840,1,0,0,7,3,-6.751408301077961,6.751408301077961,olinist,anti_homophones
26841,1,1,0,6,2,-5.610238828292717,5.610238828292717,splije,anti_homophones
26842,1,0,0,8,4,-7.1265941031599125,7.1265941031599125,5sybORdy,anti_homophones
26843,1,1,0,9,4,-5.980001144627498,5.980001144627498,bENabl°m@,anti_homophones
26844,1,0,0,13,5,-10.830187089383376,10.830187089383376,gRadjoklapine,anti_homophones
26845,1,0,0,7,3,-6.415633557967926,6.415633557967926,piRitmi,anti_homophones
26846,1,0,0,9,4,-6.761635283006968,6.761635283006968,oblijot9R,anti_homophones
26847,1,15,0,4,2,-4.38899882719288,4.38899882719288,soli,anti_homophones
26848,1,12,0,5,2,-4.837007242782441,4.837007242782441,pERde,anti_homophones
26849,1,0,0,10,4,-8.449773672767266,8.449773672767266,ipERmikROn,anti_homophones
26850,1,0,0,10,5,-9.31267815564153,9.31267815564153,ef§damwam@,anti_homophones
26851,1,0,0,11,5,-12.682265551267653,12.682265551267653,n2RaktifeR§,anti_homophones
26852,1,0,0,8,3,-8.656043856526827,8.656043856526827,nataSjad,anti_homophones
26853,1,0,0,11,5,-8.502624816094759,8.502624816094759,s5boliditik,anti_homophones
26854,1,5,0,6,2,-5.222034156234695,5.222034156234695,sypERm,anti_homophones
26855,1,9,0,4,2,-4.7382862224814675,4.7382862224814675,pyR5,anti_homophones
26856,1,0,0,8,3,-6.160378297631593,6.160378297631593,EkspRyd@,anti_homophones
26857,1,3,0,6,2,-6.110751920451606,6.110751920451606,tR@kyl,anti_homophones
26858,1,2,0,6,2,-5.858696329390357,5.858696329390357,lEktyR,anti_homophones
26859,1,1,0,6,3,-6.725617371171549,6.725617371171549,dusite,anti_homophones
26860,1,3,0,4,2,-5.699362301422015,5.699362301422015,@Z@d,anti_homophones
26861,1,0,0,8,3,-10.06594091467156,10.06594091467156,satRobER,anti_homophones
26862,1,0,0,7,3,-6.256805792819201,6.256805792819201,k§paNak,anti_homophones
26863,1,0,0,8,3,-9.401060692099085,9.401060692099085,kRyd°laS,anti_homophones
26864,1,13,1,3,2,-4.621166962506229,4.621166962506229,5ko,anti_homophones
26865,1,0,0,8,4,-8.683006133274512,8.683006133274512,nafikala,anti_homophones
26866,1,13,0,3,1,-4.428986904879219,4.428986904879219,Sja,anti_homophones
26867,1,0,0,10,5,-8.467952906118256,8.467952906118256,linosij°m@,anti_homophones
26868,1,1,0,5,3,-5.967631569603872,5.967631569603872,ales@,anti_homophones
26869,1,3,0,5,3,-6.278156839248029,6.278156839248029,kane@,anti_homophones
26870,1,5,0,4,2,-6.857514834262225,6.857514834262225,suko,anti_homophones
26871,1,3,0,6,3,-5.829108538205113,5.829108538205113,viRize,anti_homophones
26872,1,0,0,11,5,-9.133222878033127,9.133222878033127,@tigolwaj9R,anti_homophones
26873,1,0,0,10,4,-9.30014563588771,9.30014563588771,psiSisabOS,anti_homophones
26874,1,8,0,5,3,-5.334336018250644,5.334336018250644,aeRal,anti_homophones
26875,1,1,0,5,2,-6.350277923623611,6.350277923623611,Somja,anti_homophones
26876,1,0,0,10,4,-7.788501205308482,7.788501205308482,idRopRofOn,anti_homophones
26877,1,2,0,5,2,-5.301527900265322,5.301527900265322,astRa,anti_homophones
26878,1,3,0,4,1,-5.393187121252235,5.393187121252235,vwak,anti_homophones
26879,1,3,0,5,2,-5.055129550820512,5.055129550820512,gut9R,anti_homophones
26880,1,0,0,10,5,-5.928260479148807,5.928260479148807,teleoloZik,anti_homophones
26881,1,0,0,12,5,-9.901740199562411,9.901740199562411,gonisizjonEl,anti_homophones
26882,1,2,0,8,4,-5.115573539544731,5.115573539544731,monik°m@,anti_homophones
26883,1,0,0,9,3,-7.078493611365387,7.078493611365387,dekwadizm,anti_homophones
26884,1,0,0,9,4,-6.125887281757446,6.125887281757446,fel§gasj§,anti_homophones
26885,1,0,0,8,4,-6.874952552792333,6.874952552792333,seminase,anti_homophones
26886,1,11,0,4,2,-5.392790965819557,5.392790965819557,Rapo,anti_homophones
26887,1,0,0,6,2,-6.966224733842896,6.966224733842896,viRakt,anti_homophones
26888,1,1,0,6,3,-6.531735680117388,6.531735680117388,aplan@,anti_homophones
26889,1,5,0,5,2,-5.650371188627381,5.650371188627381,EstRi,anti_homophones
26890,1,0,0,6,3,-5.934290935535572,5.934290935535572,SERite,anti_homophones
26891,1,0,0,12,5,-11.367323264312876,11.367323264312876,pRoZenjateRi,anti_homophones
26892,1,1,0,7,4,-6.252532726189243,6.252532726189243,kOliyRe,anti_homophones
26893,1,0,0,11,5,-9.522567000657919,9.522567000657919,mitalizanad,anti_homophones
26894,1,0,0,5,2,-6.0981386598381935,6.0981386598381935,R°miz,anti_homophones
26895,1,12,1,6,2,-4.355863136621952,4.355863136621952,spasj§,anti_homophones
26896,1,1,0,6,3,-6.028893410739562,6.028893410739562,ytonje,anti_homophones
26897,1,0,0,13,5,-9.871213379016835,9.871213379016835,koRikosjalizm,anti_homophones
26898,1,0,0,6,2,-6.988551107050225,6.988551107050225,R@fRit,anti_homophones
26899,1,0,0,8,4,-9.343151585020259,9.343151585020259,@gaRizOn,anti_homophones
26900,1,0,0,8,3,-8.84533982295902,8.84533982295902,p@tan9vR,anti_homophones
26901,1,1,0,6,2,-5.089004897532263,5.089004897532263,filabl,anti_homophones
26902,1,0,0,5,2,-6.361729917329045,6.361729917329045,vivoz,anti_homophones
26903,1,1,0,5,2,-6.087255029680879,6.087255029680879,mOldo,anti_homophones
26904,1,3,0,5,3,-5.852727654195815,5.852727654195815,edyla,anti_homophones
26905,1,0,0,9,4,-8.459130649721544,8.459130649721544,pRofitiZe,anti_homophones
26906,1,0,0,7,3,-9.304257562298615,9.304257562298615,kEtS9nE,anti_homophones
26907,1,1,0,6,3,-6.519865250883207,6.519865250883207,5tEnik,anti_homophones
26908,1,9,0,5,2,-5.645731272444723,5.645731272444723,lavaR,anti_homophones
26909,1,0,0,8,4,-8.35085777207806,8.35085777207806,5kjetilo,anti_homophones
26910,1,29,0,3,1,-4.412869907240417,4.412869907240417,kRa,anti_homophones
26911,1,5,0,5,2,-5.109413479514871,5.109413479514871,bRoke,anti_homophones
26912,1,0,0,7,3,-7.3340229433104644,7.3340229433104644,filokyn,anti_homophones
26913,1,5,0,5,2,-5.081876831928692,5.081876831928692,fRigo,anti_homophones
26914,1,0,0,9,4,-7.261084010322987,7.261084010322987,maNifisj2,anti_homophones
26915,1,0,0,10,5,-8.885151664897627,8.885151664897627,disitomati,anti_homophones
26916,1,6,0,6,2,-4.928546847960521,4.928546847960521,m@tabl,anti_homophones
26917,1,0,0,10,4,-8.67229481470953,8.67229481470953,laRmonofOb,anti_homophones
26918,1,0,0,9,4,-10.386106914075148,10.386106914075148,paRaminij,anti_homophones
26919,1,3,0,6,3,-5.381368922517691,5.381368922517691,bas°Ri,anti_homophones
26920,1,0,0,9,4,-10.00133987458768,10.00133987458768,n2RopERkE,anti_homophones
26921,1,0,0,11,4,-12.153016515049202,12.153016515049202,plEtezjat9R,anti_homophones
26922,1,8,0,5,2,-4.768528246262126,4.768528246262126,glyte,anti_homophones
26923,1,1,0,8,4,-7.790337238648491,7.790337238648491,paRamyle,anti_homophones
26924,1,0,0,11,5,-10.54469078152972,10.54469078152972,kulinomatiz,anti_homophones
26925,1,12,0,4,2,-4.1873149537096355,4.1873149537096355,alj5,anti_homophones
26926,1,2,0,6,2,-5.023647761306036,5.023647761306036,maRjal,anti_homophones
26927,1,0,0,10,4,-11.467582963146459,11.467582963146459,gRobezetaZ,anti_homophones
26928,1,25,0,3,1,-4.314069217638024,4.314069217638024,gad,anti_homophones
26929,1,0,0,8,4,-8.668422553447234,8.668422553447234,abit8ani,anti_homophones
26930,1,0,0,8,3,-6.92904363087737,6.92904363087737,kOlEstj§,anti_homophones
26931,1,0,0,10,4,-9.553177910529982,9.553177910529982,RaRistoRj@,anti_homophones
26932,1,3,0,5,3,-5.8353452958757,5.8353452958757,@son2,anti_homophones
26933,1,0,0,10,4,-7.607310913023088,7.607310913023088,pROksikoid,anti_homophones
26934,1,0,0,9,4,-9.666765299245327,9.666765299245327,izajbatan,anti_homophones
26935,1,6,0,4,2,-5.760817782020341,5.760817782020341,R2pe,anti_homophones
26936,1,0,0,10,4,-7.670872637087488,7.670872637087488,keRogRasj§,anti_homophones
26937,1,0,0,8,4,-8.512387303806442,8.512387303806442,memilite,anti_homophones
26938,1,0,0,9,4,-9.020739888680398,9.020739888680398,al§Zw5tiR,anti_homophones
26939,1,16,0,3,1,-5.816415908271741,5.816415908271741,Zif,anti_homophones
26940,1,0,0,9,5,-12.13835916522335,12.13835916522335,SeRoinalo,anti_homophones
26941,1,14,1,4,2,-4.41780203897462,4.41780203897462,inad,anti_homophones
26942,1,16,1,4,2,-4.547610281945805,4.547610281945805,emER,anti_homophones
26943,1,0,0,9,3,-8.893691023863267,8.893691023863267,ROstmodEn,anti_homophones
26944,1,1,0,7,3,-7.273206836604043,7.273206836604043,fikatl§,anti_homophones
26945,1,0,0,13,5,-10.458774073464404,10.458774073464404,sjonalizasjEn,anti_homophones
26946,1,0,0,7,3,-6.865361136792152,6.865361136792152,damwazi,anti_homophones
26947,1,0,0,10,3,-8.863948059174646,8.863948059174646,pREskustik,anti_homophones
26948,1,0,0,11,5,-10.163840882984964,10.163840882984964,avwaj@sj2ze,anti_homophones
26949,1,1,0,7,3,-6.01082079809295,6.01082079809295,aflyvj5,anti_homophones
26950,1,7,0,5,2,-4.650681932733082,4.650681932733082,siNOl,anti_homophones
26951,1,16,1,5,2,-4.229528976004306,4.229528976004306,klite,anti_homophones
26952,1,10,0,6,3,-4.526688511619838,4.526688511619838,maZ°m@,anti_homophones
26953,1,0,0,12,5,-11.622550517532346,11.622550517532346,kalonom@tabl,anti_homophones
26954,1,0,0,7,3,-5.840223515428201,5.840223515428201,@n8izEt,anti_homophones
26955,1,18,0,4,2,-4.918496755865568,4.918496755865568,biSe,anti_homophones
26956,1,8,0,5,2,-4.806756267788878,4.806756267788878,polid,anti_homophones
26957,1,2,0,8,4,-6.044254445061512,6.044254445061512,manimite,anti_homophones
26958,1,0,0,5,2,-5.2124874292644865,5.2124874292644865,sysdi,anti_homophones
26959,1,12,0,5,2,-4.839628114699697,4.839628114699697,pal9R,anti_homophones
26960,1,1,0,8,3,-8.131103886881172,8.131103886881172,giblijaZ,anti_homophones
26961,1,0,0,8,3,-7.1437957619269525,7.1437957619269525,depusism,anti_homophones
26962,1,14,1,4,2,-4.723022903101187,4.723022903101187,meta,anti_homophones
26963,1,2,0,7,2,-6.401300545823186,6.401300545823186,pRodjOm,anti_homophones
26964,1,8,0,4,2,-5.056930405930839,5.056930405930839,ekil,anti_homophones
26965,1,4,0,6,3,-5.83139267859145,5.83139267859145,ivERne,anti_homophones
26966,1,0,0,8,3,-5.93511560109232,5.93511560109232,elEktizm,anti_homophones
26967,1,0,0,7,3,-6.879186397834617,6.879186397834617,beniz9R,anti_homophones
26968,1,4,0,4,2,-5.09539366749367,5.09539366749367,top5,anti_homophones
26969,1,0,0,8,3,-7.448696388444845,7.448696388444845,glytopik,anti_homophones
26970,1,0,0,10,4,-11.412784104282881,11.412784104282881,sin82Ropys,anti_homophones
26971,1,0,0,8,3,-7.523395413718744,7.523395413718744,silEmabl,anti_homophones
26972,1,0,0,10,5,-7.737801530976769,7.737801530976769,@mERdin°m@,anti_homophones
26973,1,2,0,8,3,-5.610874004263376,5.610874004263376,OspEkt9R,anti_homophones
26974,1,3,0,5,2,-5.88386799941298,5.88386799941298,Ronal,anti_homophones
26975,1,0,0,8,3,-6.173233184822112,6.173233184822112,debwasj§,anti_homophones
26976,1,1,0,9,4,-7.408246499300968,7.408246499300968,eR5t@sjEn,anti_homophones
26977,1,0,0,8,4,-7.859360423821487,7.859360423821487,pRezOido,anti_homophones
26978,1,1,0,7,3,-6.71233071545404,6.71233071545404,R°nable,anti_homophones
26979,1,1,0,6,2,-6.863626202450966,6.863626202450966,fymjEs,anti_homophones
26980,1,0,0,8,3,-8.446971484402996,8.446971484402996,gRistag§,anti_homophones
26981,1,0,0,7,3,-6.83625112478529,6.83625112478529,R°naRj5,anti_homophones
26982,1,6,0,4,2,-5.962273861686883,5.962273861686883,atRE,anti_homophones
26983,1,0,0,9,3,-8.37617424442452,8.37617424442452,pRefORsEt,anti_homophones
26984,1,0,0,10,5,-6.90289203688822,6.90289203688822,sezibilite,anti_homophones
26985,1,0,0,7,4,-7.674252345814451,7.674252345814451,eRemin@,anti_homophones
26986,1,0,0,9,4,-9.037255746902815,9.037255746902815,otROm°lOt,anti_homophones
26987,1,0,0,11,5,-6.442646744403381,6.442646744403381,k§ZyRizasj§,anti_homophones
26988,1,0,0,7,3,-9.652657220572683,9.652657220572683,Rab5zOm,anti_homophones
26989,1,2,0,5,3,-4.9594413452832224,4.9594413452832224,5diNe,anti_homophones
26990,1,0,0,6,3,-7.558806472498281,7.558806472498281,@fikaZ,anti_homophones
26991,1,5,0,4,2,-4.929993861550836,4.929993861550836,mEs@,anti_homophones
26992,1,2,0,5,2,-5.830692965126996,5.830692965126996,m§tRa,anti_homophones
26993,1,6,0,4,2,-5.010384703721269,5.010384703721269,pozi,anti_homophones
26994,1,4,0,5,2,-5.3967437292008915,5.3967437292008915,mwaj2,anti_homophones
26995,1,0,0,8,4,-7.004399804646559,7.004399804646559,goem§taZ,anti_homophones
26996,1,0,0,6,3,-7.767012268738494,7.767012268738494,vaRizE,anti_homophones
26997,1,1,0,7,3,-5.701918811339772,5.701918811339772,EskRite,anti_homophones
26998,1,8,0,3,1,-4.72500200641185,4.72500200641185,tel,anti_homophones
26999,1,0,0,5,2,-6.534980610484167,6.534980610484167,p@djo,anti_homophones
27000,1,0,0,9,4,-6.423796464263244,6.423796464263244,syRfas°m@,anti_homophones
27001,1,0,0,6,2,-6.758805485001132,6.758805485001132,domERs,anti_homophones
27002,1,0,0,8,4,-8.470742841644144,8.470742841644144,imilitOR,anti_homophones
27003,1,4,0,4,2,-4.725786724320505,4.725786724320505,pag@,anti_homophones
27004,1,0,0,7,3,-7.319167659348751,7.319167659348751,RomatOS,anti_homophones
27005,1,1,0,7,3,-6.422370811913961,6.422370811913961,futbule,anti_homophones
27006,1,7,1,4,2,-4.8348891380491175,4.8348891380491175,mul5,anti_homophones
27007,1,4,0,5,3,-5.531753654543237,5.531753654543237,5susi,anti_homophones
27008,1,3,0,6,3,-5.352711862628104,5.352711862628104,maj°Ri,anti_homophones
27009,1,0,0,6,3,-6.698094695442976,6.698094695442976,kRe@t@,anti_homophones
27010,1,2,0,7,3,-5.528682790833409,5.528682790833409,ipERsje,anti_homophones
27011,1,16,0,4,2,-5.163946217431437,5.163946217431437,gile,anti_homophones
27012,1,0,0,7,3,-6.899203609482864,6.899203609482864,metRaka,anti_homophones
27013,1,0,0,8,3,-7.596880544762514,7.596880544762514,pezonjER,anti_homophones
27014,1,0,0,11,5,-11.290156448545812,11.290156448545812,ytopRosesaZ,anti_homophones
27015,1,0,0,6,2,-8.103940831542536,8.103940831542536,xwis@s,anti_homophones
27016,1,0,0,8,3,-7.886030628422982,7.886030628422982,flagyRZi,anti_homophones
27017,1,5,1,6,3,-4.641007745910348,4.641007745910348,Eksite,anti_homophones
27018,1,3,0,5,3,-5.374015252125253,5.374015252125253,@v°n@,anti_homophones
27019,1,9,0,4,2,-4.867713646918711,4.867713646918711,ekOR,anti_homophones
27020,1,14,1,4,2,-4.7828398002548225,4.7828398002548225,alad,anti_homophones
27021,1,0,0,8,3,-7.690052005194854,7.690052005194854,kuRsifOn,anti_homophones
27022,1,0,0,5,3,-5.952647983591982,5.952647983591982,evola,anti_homophones
27023,1,4,1,5,2,-5.151555039724034,5.151555039724034,R°pl@,anti_homophones
27024,1,0,0,8,3,-5.493274910976204,5.493274910976204,dez5vOlt,anti_homophones
27025,1,0,0,11,5,-8.084569866501978,8.084569866501978,pOstonalite,anti_homophones
27026,1,0,0,8,4,-8.82717552624467,8.82717552624467,ezobat9R,anti_homophones
27027,1,0,0,7,4,-8.674401011840992,8.674401011840992,iRepan@,anti_homophones
27028,1,0,0,8,3,-7.2928808674062795,7.2928808674062795,baRbitat,anti_homophones
27029,1,7,0,6,3,-6.04642533014281,6.04642533014281,paRaka,anti_homophones
27030,1,0,0,7,4,-7.784199542066845,7.784199542066845,abatERi,anti_homophones
27031,1,1,0,7,2,-5.857102649768698,5.857102649768698,fyRtabl,anti_homophones
27032,1,0,0,10,4,-8.44215649458413,8.44215649458413,simaZinwaR,anti_homophones
27033,1,1,0,10,4,-5.250028887758159,5.250028887758159,tRyktiv°m@,anti_homophones
27034,1,7,0,3,1,-6.7386384670617545,6.7386384670617545,k9v,anti_homophones
27035,1,0,0,6,2,-6.6322612451863145,6.6322612451863145,n2tRiR,anti_homophones
27036,1,4,0,5,2,-6.28035066379575,6.28035066379575,vativ,anti_homophones
27037,1,0,0,9,4,-8.236370954374626,8.236370954374626,ZaRgotaZe,anti_homophones
27038,1,0,0,10,4,-8.689919612997702,8.689919612997702,sofizjot9R,anti_homophones
27039,1,0,0,5,3,-8.696620920715688,8.696620920715688,okyt2,anti_homophones
27040,1,2,0,8,3,-4.9643927372644265,4.9643927372644265,sosjonEl,anti_homophones
27041,1,0,0,8,3,-8.087918822403633,8.087918822403633,ts8ifami,anti_homophones
27042,1,0,0,14,5,-12.266789919084111,12.266789919084111,seziRkyspiRwEt,anti_homophones
27043,1,26,0,2,1,-4.572133511535188,4.572133511535188,l5,anti_homophones
27044,1,5,0,4,2,-6.445400008157552,6.445400008157552,al@b,anti_homophones
27045,1,0,0,8,3,-6.58110803069442,6.58110803069442,myt8alis,anti_homophones
27046,1,0,0,11,5,-10.641716258698915,10.641716258698915,adminadekad,anti_homophones
27047,1,0,0,7,3,-8.035912641483252,8.035912641483252,kleobZi,anti_homophones
27048,1,0,0,9,4,-7.978217703437996,7.978217703437996,5vizjot9R,anti_homophones
27049,1,0,0,7,3,-5.174244922289053,5.174244922289053,s5pl°m@,anti_homophones
27050,1,0,0,8,3,-7.3360021096534505,7.3360021096534505,lavid8iR,anti_homophones
27051,1,1,0,7,2,-6.147346910122641,6.147346910122641,kRiptil,anti_homophones
27052,1,0,0,10,5,-11.02842922875699,11.02842922875699,RalyS§s°la,anti_homophones
27053,1,8,1,4,2,-4.971960852657304,4.971960852657304,onal,anti_homophones
27054,1,3,0,5,2,-5.688731038303363,5.688731038303363,bat@s,anti_homophones
27055,1,0,0,7,3,-7.026614254923265,7.026614254923265,kRas°R5,anti_homophones
27056,1,1,0,5,3,-6.223675746888521,6.223675746888521,edyR@,anti_homophones
27057,1,1,0,7,3,-6.463184773828218,6.463184773828218,selegat,anti_homophones
27058,1,0,0,6,2,-6.376647716872577,6.376647716872577,l@dlOk,anti_homophones
27059,1,0,0,9,4,-8.266280963509782,8.266280963509782,fideRifje,anti_homophones
27060,1,0,0,7,3,-6.431037881825832,6.431037881825832,kabolin,anti_homophones
27061,1,0,0,6,2,-5.586941854214962,5.586941854214962,flagOg,anti_homophones
27062,1,2,0,6,2,-5.239308852368164,5.239308852368164,ep8ist,anti_homophones
27063,1,0,0,12,4,-9.602209585353872,9.602209585353872,mezostRijabl,anti_homophones
27064,1,11,0,4,2,-4.622642578084916,4.622642578084916,R@pe,anti_homophones
27065,1,0,0,9,4,-7.4395843503917805,7.4395843503917805,ilyzjonaR,anti_homophones
27066,1,4,0,4,2,-5.920088922928602,5.920088922928602,dali,anti_homophones
27067,1,7,0,5,2,-5.870857378097412,5.870857378097412,SaRis,anti_homophones
27068,1,1,0,6,3,-6.240767230809988,6.240767230809988,ekRati,anti_homophones
27069,1,1,0,9,4,-5.867173268292426,5.867173268292426,begORZ°m@,anti_homophones
27070,1,0,0,10,3,-9.123237648855818,9.123237648855818,kRedyltygl,anti_homophones
27071,1,2,0,6,3,-6.617564923230199,6.617564923230199,aRotif,anti_homophones
27072,1,9,0,5,2,-5.352468816176062,5.352468816176062,sisj5,anti_homophones
27073,1,2,0,6,3,-4.883803927188291,4.883803927188291,deliZ@,anti_homophones
27074,1,0,0,8,3,-8.542781080981252,8.542781080981252,pasmatSi,anti_homophones
27075,1,0,0,9,4,-10.142865580374481,10.142865580374481,visalyzik,anti_homophones
27076,1,9,0,6,3,-4.911513153700781,4.911513153700781,@tRije,anti_homophones
27077,1,1,0,5,1,-5.786761867261573,5.786761867261573,dROpR,anti_homophones
27078,1,0,0,9,4,-8.267753307888045,8.267753307888045,bok§p@sje,anti_homophones
27079,1,3,0,5,2,-5.424454851148944,5.424454851148944,gROte,anti_homophones
27080,1,12,0,5,2,-4.51569699218669,4.51569699218669,minal,anti_homophones
27081,1,1,0,9,4,-6.6228482926469905,6.6228482926469905,kOksilite,anti_homophones
27082,1,0,0,9,4,-8.142311594473167,8.142311594473167,aREs@blOk,anti_homophones
27083,1,1,0,6,3,-7.192698916448597,7.192698916448597,baniza,anti_homophones
27084,1,0,0,10,4,-11.595858133376694,11.595858133376694,pRydeseSap,anti_homophones
27085,1,5,1,4,2,-4.478120852995638,4.478120852995638,Zalu,anti_homophones
27086,1,1,1,5,2,-5.493571801113546,5.493571801113546,R§duk,anti_homophones
27087,1,0,0,10,4,-7.311121985931069,7.311121985931069,klabRik°m@,anti_homophones
27088,1,8,0,5,2,-5.172538987754528,5.172538987754528,kEt9R,anti_homophones
27089,1,4,0,4,1,-4.671610330663555,4.671610330663555,tsaR,anti_homophones
27090,1,6,0,4,2,-5.291221553352539,5.291221553352539,sosi,anti_homophones
27091,1,0,0,7,3,-7.006437165422685,7.006437165422685,k§sERbi,anti_homophones
27092,1,21,0,3,1,-4.629350099765004,4.629350099765004,zin,anti_homophones
27093,1,0,0,11,4,-8.653340395759047,8.653340395759047,bRadikastik,anti_homophones
27094,1,0,0,6,2,-7.585428611957716,7.585428611957716,disk°R,anti_homophones
27095,1,0,0,8,3,-7.596413784849666,7.596413784849666,gRafaRd2,anti_homophones
27096,1,0,0,10,4,-8.154038641603114,8.154038641603114,tRiOSkajad,anti_homophones
27097,1,1,0,7,3,-5.345544628840919,5.345544628840919,papij9R,anti_homophones
27098,1,2,0,7,3,-5.928924020400797,5.928924020400797,solid9R,anti_homophones
27099,1,0,0,6,2,-6.011112558448438,6.011112558448438,k§ZERm,anti_homophones
27100,1,2,0,6,3,-5.638452012363722,5.638452012363722,Rap°R§,anti_homophones
27101,1,0,0,8,4,-6.891729737932675,6.891729737932675,Revol§bo,anti_homophones
27102,1,6,0,4,2,-4.6927064592596714,4.6927064592596714,kOmi,anti_homophones
27103,1,1,0,5,2,-6.483258457864355,6.483258457864355,RidaR,anti_homophones
27104,1,0,0,11,4,-11.25418164193213,11.25418164193213,b@kRuskytje,anti_homophones
27105,1,1,0,7,3,-6.31462974325151,6.31462974325151,minalis,anti_homophones
27106,1,7,0,5,2,-4.820196166107498,4.820196166107498,R°kuR,anti_homophones
27107,1,1,0,8,3,-7.644914272128155,7.644914272128155,fRwaRite,anti_homophones
27108,1,0,0,9,4,-8.696639414389226,8.696639414389226,ipERkOliR,anti_homophones
27109,1,4,1,5,3,-5.166915556456338,5.166915556456338,@f@te,anti_homophones
27110,1,0,0,6,3,-6.579087014296167,6.579087014296167,m@k°R§,anti_homophones
27111,1,5,0,6,3,-4.43310612203486,4.43310612203486,koS°m@,anti_homophones
27112,1,0,0,8,3,-7.9474771569900176,7.9474771569900176,spitERse,anti_homophones
27113,1,5,0,4,2,-6.0557380080197225,6.0557380080197225,5vRe,anti_homophones
27114,1,11,0,4,2,-4.813393547558876,4.813393547558876,son2,anti_homophones
27115,1,0,0,10,4,-10.357186757030139,10.357186757030139,otoglobist,anti_homophones
27116,1,1,0,6,2,-7.006222515491295,7.006222515491295,bRufis,anti_homophones
27117,1,9,0,5,2,-4.908437991273501,4.908437991273501,sis9R,anti_homophones
27118,1,0,0,6,3,-7.433880407976599,7.433880407976599,jOnis@,anti_homophones
27119,1,5,1,8,4,-4.6588930977586305,4.6588930977586305,sibilite,anti_homophones
27120,1,0,0,6,3,-8.35872837404335,8.35872837404335,Rek§to,anti_homophones
27121,1,2,0,5,1,-5.3400741390250674,5.3400741390250674,blEsk,anti_homophones
27122,1,0,0,9,4,-8.39773307886719,8.39773307886719,syRfaseRo,anti_homophones
27123,1,0,0,8,4,-8.098930300088362,8.098930300088362,RezodoRi,anti_homophones
27124,1,1,0,6,2,-5.741299082199977,5.741299082199977,defiks,anti_homophones
27125,1,2,0,5,2,-4.861023968608864,4.861023968608864,deZ9R,anti_homophones
27126,1,5,0,5,2,-5.389618863062951,5.389618863062951,lilje,anti_homophones
27127,1,2,0,6,2,-5.876396300905314,5.876396300905314,kORSaZ,anti_homophones
27128,1,1,0,7,2,-6.968290107772391,6.968290107772391,EkstERZ,anti_homophones
27129,1,0,0,8,4,-5.400511345475131,5.400511345475131,koagylER,anti_homophones
27130,1,0,0,6,3,-5.986987660846337,5.986987660846337,ep°niR,anti_homophones
27131,1,0,0,8,3,-7.3283534090713305,7.3283534090713305,slovedik,anti_homophones
27132,1,5,0,5,2,-5.594049077255509,5.594049077255509,Zezin,anti_homophones
27133,1,1,0,8,4,-6.0927422848119726,6.0927422848119726,debuS°m@,anti_homophones
27134,1,0,0,6,3,-6.72553879723601,6.72553879723601,g5S@Ze,anti_homophones
27135,1,10,0,5,2,-4.672742112104266,4.672742112104266,s@tik,anti_homophones
27136,1,2,0,5,2,-5.270359838923976,5.270359838923976,tEkno,anti_homophones
27137,1,0,0,7,2,-7.072476074981172,7.072476074981172,djaskEt,anti_homophones
27138,1,7,0,4,2,-5.097503669479793,5.097503669479793,S@de,anti_homophones
27139,1,1,0,6,2,-6.400497465046567,6.400497465046567,satRin,anti_homophones
27140,1,0,0,10,4,-8.472646116029454,8.472646116029454,R°kometRiR,anti_homophones
27141,1,2,1,6,2,-5.975532001877699,5.975532001877699,spiRas,anti_homophones
27142,1,0,0,6,3,-5.864593308804449,5.864593308804449,bujOne,anti_homophones
27143,1,1,0,5,2,-6.530625987641466,6.530625987641466,paRS@,anti_homophones
27144,1,0,0,8,4,-7.5249010189313505,7.5249010189313505,5k§vilEn,anti_homophones
27145,1,0,0,7,4,-8.768435094337915,8.768435094337915,enivEty,anti_homophones
27146,1,2,0,5,2,-5.640423225147732,5.640423225147732,foREl,anti_homophones
27147,1,18,0,4,1,-4.616202520036222,4.616202520036222,fREt,anti_homophones
27148,1,13,0,3,1,-4.787630880209231,4.787630880209231,Rja,anti_homophones
27149,1,8,0,7,3,-5.254117636405218,5.254117636405218,l@tasj§,anti_homophones
27150,1,3,0,4,2,-5.31937326758524,5.31937326758524,SuRa,anti_homophones
27151,1,0,0,11,4,-10.732031968318958,10.732031968318958,tuRdij°m@bR,anti_homophones
27152,1,1,1,6,3,-5.6062335672565045,5.6062335672565045,ilyzif,anti_homophones
27153,1,0,0,9,4,-8.045143880075813,8.045143880075813,s5taktyRe,anti_homophones
27154,1,4,0,5,2,-5.089081514109052,5.089081514109052,yzabl,anti_homophones
27155,1,23,0,3,1,-5.44454918353218,5.44454918353218,tEn,anti_homophones
27156,1,2,0,7,4,-5.873987098340536,5.873987098340536,ynalize,anti_homophones
27157,1,0,0,8,3,-8.687458404165511,8.687458404165511,fwaRtin@,anti_homophones
27158,1,1,0,5,3,-6.442739814156257,6.442739814156257,em§d5,anti_homophones
27159,1,0,0,8,3,-6.522963927860324,6.522963927860324,k§paRdje,anti_homophones
27160,1,0,0,8,3,-7.206976239517537,7.206976239517537,kRanyloz,anti_homophones
27161,1,0,0,5,2,-8.547344145368847,8.547344145368847,k§pj5,anti_homophones
27162,1,1,0,7,4,-5.148836283004731,5.148836283004731,@pOn°m@,anti_homophones
27163,1,6,0,4,1,-4.518364428641007,4.518364428641007,bR@l,anti_homophones
27164,1,0,0,6,2,-5.960211271019825,5.960211271019825,pRoviN,anti_homophones
27165,1,4,0,5,3,-5.610112308733969,5.610112308733969,epano,anti_homophones
27166,1,18,1,4,1,-4.215224440364246,4.215224440364246,kREt,anti_homophones
27167,1,3,0,6,2,-5.110972398737716,5.110972398737716,tRijad,anti_homophones
27168,1,4,1,4,1,-4.748389858511297,4.748389858511297,OptR,anti_homophones
27169,1,0,0,10,4,-6.292108778630403,6.292108778630403,fR@Sizasj§,anti_homophones
27170,1,0,0,9,3,-8.729294404491995,8.729294404491995,pRelipsj5,anti_homophones
27171,1,1,0,6,3,-5.855295108623393,5.855295108623393,5pOlin,anti_homophones
27172,1,18,0,3,1,-4.292214292536398,4.292214292536398,buS,anti_homophones
27173,1,0,0,7,3,-7.570649194482365,7.570649194482365,@viz8it,anti_homophones
27174,1,4,0,5,2,-6.9352430603570046,6.9352430603570046,patEz,anti_homophones
27175,1,0,0,5,3,-6.854792403050262,6.854792403050262,deifi,anti_homophones
27176,1,5,0,6,2,-5.218951314868055,5.218951314868055,vaRist,anti_homophones
27177,1,4,0,7,3,-5.820118085292378,5.820118085292378,kalonEl,anti_homophones
27178,1,2,0,6,2,-6.144483905337616,6.144483905337616,klitER,anti_homophones
27179,1,3,0,7,3,-4.768730935029175,4.768730935029175,filat9R,anti_homophones
27180,1,0,0,8,3,-6.936559668640992,6.936559668640992,RoskOpik,anti_homophones
27181,1,5,0,4,2,-4.85010254834062,4.85010254834062,oROm,anti_homophones
27182,1,0,0,8,3,-7.3743407035478326,7.3743407035478326,flamaRge,anti_homophones
27183,1,0,0,7,3,-7.486476445681561,7.486476445681561,bRijose,anti_homophones
27184,1,1,0,8,3,-6.25018220439957,6.25018220439957,kaRdisj5,anti_homophones
27185,1,0,0,7,3,-6.6304534078144,6.6304534078144,panuism,anti_homophones
27186,1,0,0,9,3,-10.775736553234308,10.775736553234308,glEsteRis,anti_homophones
27187,1,0,0,6,2,-5.203539459828764,5.203539459828764,miRwEt,anti_homophones
27188,1,1,0,5,2,-5.921483374042825,5.921483374042825,paROb,anti_homophones
27189,1,2,0,5,2,-5.9192307424655874,5.9192307424655874,Zinad,anti_homophones
27190,1,5,0,5,2,-4.5683201671718185,4.5683201671718185,k§bin,anti_homophones
27191,1,0,0,8,3,-5.382882644641491,5.382882644641491,pResifik,anti_homophones
27192,1,7,0,5,3,-5.269107286272425,5.269107286272425,@tidi,anti_homophones
27193,1,0,0,9,3,-8.857244922798262,8.857244922798262,RadZipsik,anti_homophones
27194,1,0,0,7,3,-7.454428176683117,7.454428176683117,sudyR@s,anti_homophones
27195,1,0,0,7,3,-8.074299759066927,8.074299759066927,netRom@,anti_homophones
27196,1,0,0,8,4,-9.28834020545319,9.28834020545319,s5galaZo,anti_homophones
27197,1,12,0,4,2,-5.100070853197799,5.100070853197799,enaZ,anti_homophones
27198,1,0,0,9,4,-8.897945660647839,8.897945660647839,pifRapySe,anti_homophones
27199,1,0,0,6,3,-6.430016726040023,6.430016726040023,somEj2,anti_homophones
27200,1,1,0,5,2,-6.243847029718176,6.243847029718176,oRjan,anti_homophones
27201,1,1,0,6,3,-6.79417354548941,6.79417354548941,alyRin,anti_homophones
27202,1,0,0,6,3,-6.781813524121881,6.781813524121881,Z@b9gi,anti_homophones
27203,1,0,0,7,3,-5.552663473416952,5.552663473416952,Egzalj5,anti_homophones
27204,1,3,0,6,3,-5.187614830689696,5.187614830689696,akut9R,anti_homophones
27205,1,1,0,6,2,-5.374981730247248,5.374981730247248,bwatje,anti_homophones
27206,1,0,0,7,2,-8.717584474168536,8.717584474168536,SaRtEtR,anti_homophones
27207,1,0,0,9,4,-8.74376772270695,8.74376772270695,fedinasj§,anti_homophones
27208,1,19,0,4,2,-4.501355814034838,4.501355814034838,kama,anti_homophones
27209,1,0,0,8,3,-10.686440877446172,10.686440877446172,kOsikylt,anti_homophones
27210,1,1,1,7,3,-5.119742991405747,5.119742991405747,@n8asj§,anti_homophones
27211,1,4,0,5,2,-5.975333460249598,5.975333460249598,maltE,anti_homophones
27212,1,0,0,9,3,-6.163018219530291,6.163018219530291,sypERsjER,anti_homophones
27213,1,0,0,10,4,-7.382008564097628,7.382008564097628,syRpatifik,anti_homophones
27214,1,2,0,5,2,-5.537723029386541,5.537723029386541,yRlyS,anti_homophones
27215,1,1,0,6,2,-4.549252520636946,4.549252520636946,sEptik,anti_homophones
27216,1,1,0,6,2,-6.562669087614988,6.562669087614988,gR@dim,anti_homophones
27217,1,2,0,7,3,-6.446014592478243,6.446014592478243,azitwaR,anti_homophones
27218,1,1,0,8,3,-6.5574304294689405,6.5574304294689405,dERnat9R,anti_homophones
27219,1,0,0,8,4,-7.414585830714456,7.414585830714456,REd°mize,anti_homophones
27220,1,2,0,5,3,-5.680576416128075,5.680576416128075,afyty,anti_homophones
27221,1,0,0,9,4,-11.506394119455866,11.506394119455866,baviRibul,anti_homophones
27222,1,0,0,12,4,-10.618876377673471,10.618876377673471,dROksikasjER,anti_homophones
27223,1,0,0,7,2,-5.4609560842221265,5.4609560842221265,tRalist,anti_homophones
27224,1,6,0,5,2,-5.168103463250042,5.168103463250042,selEs,anti_homophones
27225,1,2,0,8,3,-6.088828617421415,6.088828617421415,pistasj§,anti_homophones
27226,1,1,0,6,3,-5.983600395216148,5.983600395216148,@buRsi,anti_homophones
27227,1,0,0,8,3,-7.09156181894982,7.09156181894982,deklapaZ,anti_homophones
27228,1,1,0,7,3,-6.34797696796552,6.34797696796552,pOmasj§,anti_homophones
27229,1,0,0,8,3,-7.042551755360603,7.042551755360603,gRameRER,anti_homophones
27230,1,3,0,7,3,-5.771594142669507,5.771594142669507,malitik,anti_homophones
27231,1,1,0,7,3,-8.476597692918409,8.476597692918409,yks@t9R,anti_homophones
27232,1,0,0,9,4,-9.957915587589289,9.957915587589289,siRjelize,anti_homophones
27233,1,1,0,6,3,-6.219306922997703,6.219306922997703,@pilaZ,anti_homophones
27234,1,0,0,9,4,-8.687916230856885,8.687916230856885,oReRatwaR,anti_homophones
27235,1,2,0,8,4,-5.867699322644901,5.867699322644901,belik°m@,anti_homophones
27236,1,0,0,6,3,-5.912680763515498,5.912680763515498,Rigot5,anti_homophones
27237,1,0,0,10,4,-7.595759143243341,7.595759143243341,kosygZEste,anti_homophones
27238,1,0,0,9,3,-7.073788732030205,7.073788732030205,R2kOsmjOm,anti_homophones
27239,1,0,0,8,3,-7.697701921589182,7.697701921589182,kapsysyR,anti_homophones
27240,1,5,0,5,2,-5.31739343380969,5.31739343380969,kaRt5,anti_homophones
27241,1,5,0,5,2,-5.1260074831323985,5.1260074831323985,pRes§,anti_homophones
27242,1,0,0,8,3,-8.769696256149606,8.769696256149606,fokypREt,anti_homophones
27243,1,0,0,7,3,-6.171406421338552,6.171406421338552,syRv°lo,anti_homophones
27244,1,8,0,5,2,-5.340467709829299,5.340467709829299,vERme,anti_homophones
27245,1,0,0,8,4,-7.7954035922018035,7.7954035922018035,RepaseRe,anti_homophones
27246,1,1,0,7,3,-5.954848016177725,5.954848016177725,konomik,anti_homophones
27247,1,0,0,9,3,-10.112527420128846,10.112527420128846,RokodEstR,anti_homophones
27248,1,0,0,9,4,-7.000418183477695,7.000418183477695,pORtonize,anti_homophones
27249,1,7,0,6,2,-4.654094244376182,4.654094244376182,kaRdaZ,anti_homophones
27250,1,0,0,9,3,-6.665978519219989,6.665978519219989,tR@skRize,anti_homophones
27251,1,0,0,10,4,-7.960979147638941,7.960979147638941,pytRiptomi,anti_homophones
27252,1,1,0,6,3,-6.2756185526707595,6.2756185526707595,EfRite,anti_homophones
27253,1,0,0,10,4,-7.995646142694663,7.995646142694663,pRom@sjete,anti_homophones
27254,1,1,0,8,3,-7.939522657573586,7.939522657573586,efRikwaR,anti_homophones
27255,1,0,0,9,4,-8.582581618320829,8.582581618320829,gonatyREl,anti_homophones
27256,1,3,0,4,2,-5.2172289102646054,5.2172289102646054,dOl@,anti_homophones
27257,1,9,0,4,2,-5.0956633687501744,5.0956633687501744,aRko,anti_homophones
27258,1,11,0,3,1,-4.542303923449275,4.542303923449275,ORf,anti_homophones
27259,1,1,0,6,3,-5.8867494326026995,5.8867494326026995,R2nuje,anti_homophones
27260,1,1,0,9,4,-5.82548197348889,5.82548197348889,vaRjEl°m@,anti_homophones
27261,1,0,0,7,4,-8.061083370280295,8.061083370280295,ekulag§,anti_homophones
27262,1,1,0,5,2,-5.288826070808443,5.288826070808443,bifyZ,anti_homophones
27263,1,16,0,4,1,-4.949934295387236,4.949934295387236,dRik,anti_homophones
27264,1,0,0,10,4,-8.399761387488109,8.399761387488109,kaRbeRatif,anti_homophones
27265,1,0,0,9,4,-9.444702349115502,9.444702349115502,lEtRaZ°m@,anti_homophones
27266,1,3,0,4,1,-5.719340786506952,5.719340786506952,kins,anti_homophones
27267,1,0,0,7,3,-6.90476125355107,6.90476125355107,vibR°Ri,anti_homophones
27268,1,1,0,6,2,-5.68876132517282,5.68876132517282,Rajv9R,anti_homophones
27269,1,0,0,9,4,-8.479862537841289,8.479862537841289,tatwaz°Re,anti_homophones
27270,1,22,1,3,1,-4.361016450033379,4.361016450033379,REz,anti_homophones
27271,1,0,0,10,4,-10.493249781761381,10.493249781761381,fasakRuste,anti_homophones
27272,1,0,0,7,3,-6.924611417852089,6.924611417852089,tibisj§,anti_homophones
27273,1,0,0,9,4,-6.662835650142582,6.662835650142582,@tR°dujEt,anti_homophones
27274,1,6,0,7,3,-5.3602236622049535,5.3602236622049535,tRav°m@,anti_homophones
27275,1,0,0,7,2,-6.3054572583172215,6.3054572583172215,pRevwal,anti_homophones
27276,1,1,0,7,3,-6.255846615820682,6.255846615820682,floRije,anti_homophones
27277,1,0,0,11,4,-9.989072562544731,9.989072562544731,kRisteRisto,anti_homophones
27278,1,0,0,7,4,-7.7644241782658385,7.7644241782658385,5telip5,anti_homophones
27279,1,0,0,10,4,-7.593503150542565,7.593503150542565,dezopinjER,anti_homophones
27280,1,0,0,9,3,-7.656607458945501,7.656607458945501,paRfwaj@s,anti_homophones
27281,1,2,0,7,3,-6.073871715727424,6.073871715727424,k§tisj5,anti_homophones
27282,1,3,0,5,2,-5.265572288140404,5.265572288140404,tofOn,anti_homophones
27283,1,0,0,6,3,-6.303696689530173,6.303696689530173,Rapidi,anti_homophones
27284,1,1,0,6,2,-5.880143772201792,5.880143772201792,pEnist,anti_homophones
27285,1,8,0,3,2,-4.512677695462735,4.512677695462735,§dy,anti_homophones
27286,1,15,1,3,1,-4.254232148738414,4.254232148738414,R@p,anti_homophones
27287,1,7,0,4,2,-5.177102635648771,5.177102635648771,jode,anti_homophones
27288,1,19,0,4,2,-4.891571273670799,4.891571273670799,koti,anti_homophones
27289,1,1,0,7,3,-6.7277398398924655,6.7277398398924655,R°d°vwa,anti_homophones
27290,1,3,0,5,1,-5.498156480291276,5.498156480291276,gREst,anti_homophones
27291,1,20,0,3,1,-4.5307932144419425,4.5307932144419425,pus,anti_homophones
27292,1,11,0,5,2,-4.550871215348885,4.550871215348885,konER,anti_homophones
27293,1,0,0,6,3,-5.914593762454125,5.914593762454125,@kawEt,anti_homophones
27294,1,0,0,7,4,-6.726010637028172,6.726010637028172,ipotame,anti_homophones
27295,1,7,0,3,1,-4.7076821153700745,4.7076821153700745,gOj,anti_homophones
27296,1,2,0,6,3,-5.3861367465214816,5.3861367465214816,R°voSe,anti_homophones
27297,1,0,0,8,4,-7.235498102020921,7.235498102020921,tORas°Ri,anti_homophones
27298,1,0,0,7,3,-5.2937522563034065,5.2937522563034065,bugR°m@,anti_homophones
27299,1,2,0,5,2,-5.11054507339985,5.11054507339985,seksi,anti_homophones
27300,1,2,0,6,2,-6.5586646449739066,6.5586646449739066,R°stik,anti_homophones
27301,1,1,0,8,3,-5.515251946383715,5.515251946383715,5st5kt9R,anti_homophones
27302,1,0,0,7,3,-6.653921405154829,6.653921405154829,kRasyZe,anti_homophones
27303,1,3,0,5,2,-5.443731527651289,5.443731527651289,piROp,anti_homophones
27304,1,3,0,6,2,-5.117240955911518,5.117240955911518,vaRjEl,anti_homophones
27305,1,1,0,6,3,-6.313334616579008,6.313334616579008,mutyRe,anti_homophones
27306,1,0,0,8,4,-5.748697777209034,5.748697777209034,kokalize,anti_homophones
27307,1,0,0,7,3,-5.716776959282534,5.716776959282534,definaZ,anti_homophones
27308,1,0,0,7,3,-5.674887256581918,5.674887256581918,pRefyte,anti_homophones
27309,1,7,1,4,2,-4.1883036950766295,4.1883036950766295,Opte,anti_homophones
27310,1,14,0,3,1,-4.5009598418537955,4.5009598418537955,nyl,anti_homophones
27311,1,0,0,8,3,-8.538033993862438,8.538033993862438,ZeRwazOt,anti_homophones
27312,1,3,0,4,2,-6.310806232350943,6.310806232350943,@Zin,anti_homophones
27313,1,5,0,5,3,-5.634634913512398,5.634634913512398,emoni,anti_homophones
27314,1,2,0,5,1,-4.838166486274013,4.838166486274013,tR5dR,anti_homophones
27315,1,2,0,9,4,-6.156710099683198,6.156710099683198,belikasj§,anti_homophones
27316,1,0,0,10,4,-9.048842347910002,9.048842347910002,tRuspedago,anti_homophones
27317,1,1,0,6,2,-6.548988748142623,6.548988748142623,dekORm,anti_homophones
27318,1,0,0,10,4,-7.358737622053602,7.358737622053602,mjasj2z°m@,anti_homophones
27319,1,1,0,7,3,-6.183189881043774,6.183189881043774,lynifje,anti_homophones
27320,1,0,0,9,2,-7.832211349053638,7.832211349053638,tREspjabl,anti_homophones
27321,1,0,0,8,4,-6.386681057152089,6.386681057152089,kaRodite,anti_homophones
27322,1,0,0,9,3,-7.4361095821899195,7.4361095821899195,kaRdjagne,anti_homophones
27323,1,6,0,6,2,-5.391579438367211,5.391579438367211,taRtif,anti_homophones
27324,1,3,0,4,2,-5.1313827230899065,5.1313827230899065,veny,anti_homophones
27325,1,0,0,8,4,-5.936404133683536,5.936404133683536,Zig@t°Ri,anti_homophones
27326,1,0,0,8,3,-7.124079271911571,7.124079271911571,dopeRj9R,anti_homophones
27327,1,10,0,4,2,-4.50341714370964,4.50341714370964,5pOR,anti_homophones
27328,1,14,0,4,1,-5.048942252038857,5.048942252038857,natR,anti_homophones
27329,1,10,1,4,1,-4.597142353441905,4.597142353441905,pREm,anti_homophones
27330,1,11,1,7,3,-4.613454520793016,4.613454520793016,stik°m@,anti_homophones
27331,1,0,0,10,4,-10.584699322523194,10.584699322523194,fRoteRezyR,anti_homophones
27332,1,0,0,7,4,-9.609216639296125,9.609216639296125,inem@Z2,anti_homophones
27333,1,0,0,7,2,-6.935263858946302,6.935263858946302,dublajn,anti_homophones
27334,1,0,0,10,4,-6.7267373428273345,6.7267373428273345,maNetonist,anti_homophones
27335,1,0,0,9,4,-8.017278102477354,8.017278102477354,siflav°m@,anti_homophones
27336,1,6,1,6,2,-4.769650174973872,4.769650174973872,tRisj§,anti_homophones
27337,1,14,0,6,3,-5.028803583325288,5.028803583325288,sik°m@,anti_homophones
27338,1,0,0,11,4,-8.925714647597822,8.925714647597822,syRk§pytabl,anti_homophones
27339,1,0,0,6,2,-5.849926142559993,5.849926142559993,klipje,anti_homophones
27340,1,7,0,5,2,-4.68200410809635,4.68200410809635,pRedi,anti_homophones
27341,1,3,0,6,2,-6.515551524114612,6.515551524114612,sk@daj,anti_homophones
27342,1,13,1,3,2,-4.915692495001657,4.915692495001657,ibe,anti_homophones
27343,1,6,1,6,3,-4.424109490281746,4.424109490281746,5pasj§,anti_homophones
27344,1,0,0,9,3,-10.711719797986387,10.711719797986387,vEkf9stid,anti_homophones
27345,1,5,0,5,2,-4.368550168217183,4.368550168217183,fajiR,anti_homophones
27346,1,2,0,4,1,-5.816904344548248,5.816904344548248,bild,anti_homophones
27347,1,0,0,7,3,-7.147854604709806,7.147854604709806,abyzjOm,anti_homophones
27348,1,0,0,10,2,-8.98763225457169,8.98763225457169,tSEkstRist,anti_homophones
27349,1,3,0,5,2,-6.476572444281737,6.476572444281737,fazim,anti_homophones
27350,1,1,0,6,2,-5.6524415903403264,5.6524415903403264,fR@kEt,anti_homophones
27351,1,6,0,6,2,-4.336068034390733,4.336068034390733,stat9R,anti_homophones
27352,1,0,0,9,4,-6.043439270041795,6.043439270041795,aRmogRafi,anti_homophones
27353,1,0,0,8,3,-6.622963263120157,6.622963263120157,Ekspesin,anti_homophones
27354,1,0,0,8,3,-8.478080604041672,8.478080604041672,tenuzjEm,anti_homophones
27355,1,2,0,4,2,-5.253840095969242,5.253840095969242,in8e,anti_homophones
27356,1,1,0,7,3,-5.584005994665599,5.584005994665599,otomizm,anti_homophones
27357,1,1,0,6,2,-5.9422478537466406,5.9422478537466406,kORdza,anti_homophones
27358,1,3,1,5,3,-4.95723235477341,4.95723235477341,akyze,anti_homophones
27359,1,1,0,7,3,-5.642026941760049,5.642026941760049,butonaZ,anti_homophones
27360,1,16,1,2,1,-4.59825148163582,4.59825148163582,v2,anti_homophones
27361,1,0,0,8,4,-6.909982150186511,6.909982150186511,milOp°m@,anti_homophones
27362,1,8,0,4,1,-4.364243234163406,4.364243234163406,djOm,anti_homophones
27363,1,11,1,3,1,-4.707897328252372,4.707897328252372,s8@,anti_homophones
27364,1,0,0,11,4,-9.445102595517543,9.445102595517543,bedjevRijaR,anti_homophones
27365,1,0,0,8,3,-6.293388472231778,6.293388472231778,k8idit9R,anti_homophones
27366,1,0,0,6,2,-6.625703894973109,6.625703894973109,bREv2z,anti_homophones
27367,1,0,0,5,2,-7.333153175177892,7.333153175177892,nodid,anti_homophones
27368,1,1,0,5,3,-5.746691594731146,5.746691594731146,agot5,anti_homophones
27369,1,3,1,6,2,-5.328629454834471,5.328629454834471,venjOm,anti_homophones
27370,1,0,0,10,4,-9.699962197617959,9.699962197617959,@fERbjenaZ,anti_homophones
27371,1,0,0,12,4,-9.278601394114009,9.278601394114009,debystRipt9R,anti_homophones
27372,1,5,0,5,1,-5.459395859147214,5.459395859147214,fRitm,anti_homophones
27373,1,0,0,9,4,-6.207377020390105,6.207377020390105,@tR°pR°m@,anti_homophones
27374,1,4,0,5,2,-4.733988140754724,4.733988140754724,bonEl,anti_homophones
27375,1,0,0,4,2,-5.0764284424175505,5.0764284424175505,pubE,anti_homophones
27376,1,0,0,6,3,-6.788629690311928,6.788629690311928,agRipu,anti_homophones
27377,1,2,0,4,2,-7.685875037354558,7.685875037354558,ORp§,anti_homophones
27378,1,1,1,8,3,-4.868005510700234,4.868005510700234,sypERsj§,anti_homophones
27379,1,0,0,8,3,-7.781438126149673,7.781438126149673,EksyRZj5,anti_homophones
27380,1,1,0,5,2,-5.867805227709682,5.867805227709682,aRtR2,anti_homophones
27381,1,0,0,7,3,-7.09348649378196,7.09348649378196,avonjEn,anti_homophones
27382,1,14,0,4,1,-4.552011974200984,4.552011974200984,syRd,anti_homophones
27383,1,11,0,4,2,-5.296831248621173,5.296831248621173,baSa,anti_homophones
27384,1,4,0,7,3,-4.704345019511168,4.704345019511168,fytasj§,anti_homophones
27385,1,0,0,8,3,-6.896593943167413,6.896593943167413,RubliZ@s,anti_homophones
27386,1,4,0,5,2,-5.563087577784061,5.563087577784061,kenaZ,anti_homophones
27387,1,13,0,3,1,-4.821756405782007,4.821756405782007,gum,anti_homophones
27388,1,18,0,3,1,-4.1040551387548705,4.1040551387548705,kRy,anti_homophones
27389,1,0,0,9,4,-9.129858012842867,9.129858012842867,5tERpedzu,anti_homophones
27390,1,4,0,5,2,-5.252640746336622,5.252640746336622,tiRaZ,anti_homophones
27391,1,0,0,9,4,-7.942836132566137,7.942836132566137,@planis9R,anti_homophones
27392,1,0,0,12,3,-11.652786055863093,11.652786055863093,plastRiktwil,anti_homophones
27393,1,1,0,7,2,-7.156943821988348,7.156943821988348,domEstR,anti_homophones
27394,1,13,0,3,1,-6.025267783016051,6.025267783016051,m9l,anti_homophones
27395,1,2,0,5,2,-5.156054950286103,5.156054950286103,s5kRo,anti_homophones
27396,1,0,0,7,3,-7.098884666877929,7.098884666877929,debinas,anti_homophones
27397,1,0,0,8,3,-7.600447171708626,7.600447171708626,glytaj9R,anti_homophones
27398,1,0,0,8,3,-6.726608781181916,6.726608781181916,bjomasj§,anti_homophones
27399,1,1,0,7,3,-5.880705259865243,5.880705259865243,teleSiR,anti_homophones
27400,1,0,0,8,4,-6.618430403636956,6.618430403636956,fin@d°Ri,anti_homophones
27401,1,5,0,8,4,-4.984384538930947,4.984384538930947,astik°m@,anti_homophones
27402,1,3,1,6,2,-5.42776145649433,5.42776145649433,kRoSEt,anti_homophones
27403,1,0,0,7,3,-6.958394251549593,6.958394251549593,kloRas@,anti_homophones
27404,1,3,1,5,1,-4.963457898426881,4.963457898426881,dR8iR,anti_homophones
27405,1,1,0,7,3,-5.58750996175907,5.58750996175907,dOkt°m@,anti_homophones
27406,1,1,0,6,2,-7.415705098976703,7.415705098976703,p@salv,anti_homophones
27407,1,0,0,7,3,-9.169276681187949,9.169276681187949,maZin8@,anti_homophones
27408,1,0,0,9,3,-7.715785691947371,7.715785691947371,fRyZwaj9R,anti_homophones
27409,1,0,0,9,4,-7.045552165692692,7.045552165692692,atikylt9R,anti_homophones
27410,1,0,0,6,2,-6.005705266782467,6.005705266782467,fR5gOs,anti_homophones
27411,1,0,0,7,3,-7.769055719368427,7.769055719368427,lavatEl,anti_homophones
27412,1,10,0,6,3,-4.545210975687372,4.545210975687372,pak°m@,anti_homophones
27413,1,11,0,4,2,-5.365286091153911,5.365286091153911,n°m@,anti_homophones
27414,1,0,0,10,4,-9.529386056997824,9.529386056997824,k§bREzijaZ,anti_homophones
27415,1,1,0,8,4,-5.811596580694658,5.811596580694658,Rez@t°m@,anti_homophones
27416,1,8,0,6,3,-4.824797042607441,4.824797042607441,Sat°Ri,anti_homophones
27417,1,2,0,4,2,-5.4430322871531525,5.4430322871531525,Egje,anti_homophones
27418,1,0,0,9,4,-7.199498582037609,7.199498582037609,polimonje,anti_homophones
27419,1,4,0,5,3,-4.877778920350401,4.877778920350401,5done,anti_homophones
27420,1,4,0,4,2,-5.131585459476617,5.131585459476617,peky,anti_homophones
27421,1,0,0,9,4,-9.053490491276563,9.053490491276563,@f8izisj§,anti_homophones
27422,1,3,0,8,4,-5.4533055991797275,5.4533055991797275,odikasj§,anti_homophones
27423,1,1,0,8,4,-6.093691575329174,6.093691575329174,RetER°m@,anti_homophones
27424,1,0,0,6,3,-6.211579363231256,6.211579363231256,Ok°t9R,anti_homophones
27425,1,7,0,5,2,-5.349685300295988,5.349685300295988,gRija,anti_homophones
27426,1,0,0,8,3,-7.112731184307357,7.112731184307357,s5kRim9R,anti_homophones
27427,1,1,0,8,3,-4.665370815642287,4.665370815642287,tRikasj§,anti_homophones
27428,1,0,0,6,3,-7.47298836920561,7.47298836920561,t°nife,anti_homophones
27429,1,6,0,4,2,-5.097363607819233,5.097363607819233,Zapo,anti_homophones
27430,1,0,0,7,3,-6.709507652805095,6.709507652805095,dominiR,anti_homophones
27431,1,15,1,4,1,-4.199417927334526,4.199417927334526,bRuj,anti_homophones
27432,1,1,0,8,4,-6.435473612688289,6.435473612688289,dedEl°m@,anti_homophones
27433,1,1,0,9,4,-6.538589305109061,6.538589305109061,pRotin°m@,anti_homophones
27434,1,4,0,5,2,-5.8639916514510535,5.8639916514510535,sOste,anti_homophones
27435,1,0,0,10,4,-8.915957401777316,8.915957401777316,aspEk°tjEm,anti_homophones
27436,1,1,0,8,3,-8.840500871708473,8.840500871708473,Zan§sj@s,anti_homophones
27437,1,1,0,6,3,-7.436768342023134,7.436768342023134,5valab,anti_homophones
27438,1,12,0,4,1,-4.549690617841589,4.549690617841589,pasm,anti_homophones
27439,1,0,0,8,3,-6.774976099859814,6.774976099859814,tRonis9R,anti_homophones
27440,1,0,0,7,2,-6.263418574128237,6.263418574128237,RepRist,anti_homophones
27441,1,1,0,5,2,-5.090256562980367,5.090256562980367,gliZ@,anti_homophones
27442,1,0,0,7,3,-7.120773299066168,7.120773299066168,deRapni,anti_homophones
27443,1,0,0,7,3,-6.694866523451074,6.694866523451074,inogRad,anti_homophones
27444,1,7,0,3,1,-5.323987879639105,5.323987879639105,vOm,anti_homophones
27445,1,0,0,11,4,-12.051286197578966,12.051286197578966,abkalvanEsk,anti_homophones
27446,1,0,0,10,4,-8.805475184036387,8.805475184036387,smOgRafika,anti_homophones
27447,1,2,0,5,3,-6.317954982599193,6.317954982599193,onol@,anti_homophones
27448,1,3,0,6,2,-5.244808550531121,5.244808550531121,supist,anti_homophones
27449,1,0,0,8,3,-6.9428887506003685,6.9428887506003685,sekynjoz,anti_homophones
27450,1,0,0,9,4,-10.376241175363358,10.376241175363358,golifEROt,anti_homophones
27451,1,3,0,6,3,-5.491714089998752,5.491714089998752,Reteje,anti_homophones
27452,1,0,0,9,4,-7.519551938562238,7.519551938562238,s5kRol°Ri,anti_homophones
27453,1,5,0,5,2,-4.8889707334285974,4.8889707334285974,spiR@,anti_homophones
27454,1,0,0,6,2,-6.154990088056967,6.154990088056967,pROtan,anti_homophones
27455,1,0,0,7,3,-8.458742986075892,8.458742986075892,REnaRs§,anti_homophones
27456,1,0,0,8,4,-8.620247894567509,8.620247894567509,konosado,anti_homophones
27457,1,0,0,5,2,-6.212308645494919,6.212308645494919,vjoRi,anti_homophones
27458,1,5,0,4,2,-5.164808039647233,5.164808039647233,v°lo,anti_homophones
27459,1,0,0,8,4,-7.238554237874761,7.238554237874761,pideolOg,anti_homophones
27460,1,2,0,6,2,-4.905621331228257,4.905621331228257,man8El,anti_homophones
27461,1,2,0,6,3,-5.41809282559017,5.41809282559017,g§d°m@,anti_homophones
27462,1,0,0,7,3,-7.143326251433567,7.143326251433567,faRanje,anti_homophones
27463,1,0,0,6,4,-7.295754268140914,7.295754268140914,5dose@,anti_homophones
27464,1,0,0,6,2,-7.086504457341601,7.086504457341601,femERk,anti_homophones
27465,1,0,0,8,3,-8.081342987068519,8.081342987068519,fizERs9R,anti_homophones
27466,1,1,0,6,3,-5.641379605102752,5.641379605102752,bazule,anti_homophones
27467,1,3,0,6,2,-5.043617432552938,5.043617432552938,pRez@s,anti_homophones
27468,1,3,0,4,1,-5.246750138377049,5.246750138377049,b9Rk,anti_homophones
27469,1,17,0,4,2,-4.8545884136470905,4.8545884136470905,defe,anti_homophones
27470,1,1,0,7,3,-5.827743936920101,5.827743936920101,asupist,anti_homophones
27471,1,0,0,8,3,-8.732287155039124,8.732287155039124,tRitimEt,anti_homophones
27472,1,2,0,6,2,-5.038180390700421,5.038180390700421,REktif,anti_homophones
27473,1,0,0,10,4,-11.297158650579872,11.297158650579872,lwetwazite,anti_homophones
27474,1,0,0,11,4,-7.410060267057597,7.410060267057597,medisZ§kt9R,anti_homophones
27475,1,1,0,5,2,-6.014939972046446,6.014939972046446,flyt5,anti_homophones
27476,1,0,0,9,4,-6.158948931992888,6.158948931992888,l5fogRafi,anti_homophones
27477,1,0,0,7,4,-6.670547890775569,6.670547890775569,5pekapi,anti_homophones
27478,1,1,0,6,2,-6.234018602496058,6.234018602496058,g@bElZ,anti_homophones
27479,1,0,0,8,3,-7.688819696787454,7.688819696787454,k§vwalEl,anti_homophones
27480,1,5,0,4,1,-5.114128278688381,5.114128278688381,SjEn,anti_homophones
27481,1,3,0,6,2,-7.172532979153869,7.172532979153869,kORniz,anti_homophones
27482,1,14,0,4,1,-4.549286852742026,4.549286852742026,bRER,anti_homophones
27483,1,0,0,8,3,-9.326372067843337,9.326372067843337,tOsfalik,anti_homophones
27484,1,0,0,7,3,-7.477036000468887,7.477036000468887,Rymakyl,anti_homophones
27485,1,1,0,5,2,-5.424533601116122,5.424533601116122,fOtOm,anti_homophones
27486,1,4,0,5,2,-4.871240481418742,4.871240481418742,Rutje,anti_homophones
27487,1,0,0,10,4,-7.622249957315115,7.622249957315115,defisjOnaZ,anti_homophones
27488,1,0,0,9,4,-7.666731335762377,7.666731335762377,dek§fEst§,anti_homophones
27489,1,0,0,6,2,-6.251449940629288,6.251449940629288,mORbEj,anti_homophones
27490,1,0,0,9,3,-7.062651698606111,7.062651698606111,fR@kizist,anti_homophones
27491,1,1,0,7,3,-5.426241442366287,5.426241442366287,k§Zygal,anti_homophones
27492,1,4,0,5,2,-5.83449928486376,5.83449928486376,stalo,anti_homophones
27493,1,10,0,4,2,-4.842134765817094,4.842134765817094,demo,anti_homophones
27494,1,0,0,7,2,-7.466900995092921,7.466900995092921,fj@sabl,anti_homophones
27495,1,0,0,9,4,-9.209106633857749,9.209106633857749,galedal9R,anti_homophones
27496,1,32,0,2,1,-4.569156955567605,4.569156955567605,le,anti_homophones
27497,1,2,0,6,2,-5.7291084201993305,5.7291084201993305,bERtyR,anti_homophones
27498,1,0,0,9,4,-8.398834527718178,8.398834527718178,matomazER,anti_homophones
27499,1,0,0,8,3,-9.352973545773914,9.352973545773914,g@t8oziR,anti_homophones
27500,1,4,0,5,2,-4.707603689440342,4.707603689440342,sovaZ,anti_homophones
27501,1,0,0,9,3,-9.316165529340477,9.316165529340477,psiksolit,anti_homophones
27502,1,0,0,8,3,-7.433767149516513,7.433767149516513,indORm9R,anti_homophones
27503,1,0,0,8,3,-8.16397807651323,8.16397807651323,kORbisit,anti_homophones
27504,1,0,0,10,3,-6.7286058782603835,6.7286058782603835,plaksjonEl,anti_homophones
27505,1,0,0,7,3,-8.415255120000035,8.415255120000035,m§tRoS2,anti_homophones
27506,1,0,0,8,3,-7.515447535761161,7.515447535761161,kRep@duj,anti_homophones
27507,1,10,0,4,2,-4.9828342706334485,4.9828342706334485,soma,anti_homophones
27508,1,0,0,8,3,-8.595934788278715,8.595934788278715,pRoSOtiS,anti_homophones
27509,1,0,0,7,3,-6.654115278926484,6.654115278926484,golifje,anti_homophones
27510,1,0,0,9,4,-7.403533077782983,7.403533077782983,k§twajote,anti_homophones
27511,1,9,0,4,2,-5.455342486149573,5.455342486149573,RaS5,anti_homophones
27512,1,0,0,11,4,-12.156448155966444,12.156448155966444,votRObERtij,anti_homophones
27513,1,2,1,5,2,-4.961752785387172,4.961752785387172,gEj9R,anti_homophones
27514,1,0,0,6,2,-6.436400428332754,6.436400428332754,R@babl,anti_homophones
27515,1,0,0,6,1,-6.756741616317499,6.756741616317499,stORdR,anti_homophones
27516,1,10,0,6,2,-5.100743379323092,5.100743379323092,Zaksj§,anti_homophones
27517,1,0,0,10,4,-7.413036534005125,7.413036534005125,alfat8asj§,anti_homophones
27518,1,0,0,8,3,-6.124917774443059,6.124917774443059,pRofilOt,anti_homophones
27519,1,1,0,6,2,-5.683875409270597,5.683875409270597,k§sjEn,anti_homophones
27520,1,3,1,7,3,-4.852803891137854,4.852803891137854,abilizm,anti_homophones
27521,1,0,0,9,4,-6.4322924059640325,6.4322924059640325,dekORs°m@,anti_homophones
27522,1,18,0,4,2,-4.591501568044173,4.591501568044173,side,anti_homophones
27523,1,4,0,5,2,-5.097030554453854,5.097030554453854,sid@s,anti_homophones
27524,1,0,0,10,4,-8.740513154348843,8.740513154348843,ZalmaRt°m@,anti_homophones
27525,1,26,0,4,2,-5.493336235260021,5.493336235260021,at9R,anti_homophones
27526,1,0,0,8,3,-7.8531906497331,7.8531906497331,pagabjOm,anti_homophones
27527,1,0,0,6,3,-5.311063855142068,5.311063855142068,b5zone,anti_homophones
27528,1,3,0,6,3,-4.7539536087950145,4.7539536087950145,dep@dy,anti_homophones
27529,1,5,1,4,2,-5.227083261432602,5.227083261432602,elEb,anti_homophones
27530,1,0,0,7,3,-8.465080960943983,8.465080960943983,k§deROg,anti_homophones
27531,1,0,0,7,3,-7.545399037122519,7.545399037122519,peRapad,anti_homophones
27532,1,3,0,6,3,-5.448273573664237,5.448273573664237,mOt°Ri,anti_homophones
27533,1,2,0,5,2,-5.277880159276982,5.277880159276982,fR@ko,anti_homophones
27534,1,0,0,7,3,-6.172324341371428,6.172324341371428,venysj§,anti_homophones
27535,1,0,0,8,4,-6.5576572138519476,6.5576572138519476,opylsite,anti_homophones
27536,1,1,0,6,3,-6.017235018584489,6.017235018584489,Simile,anti_homophones
27537,1,1,0,7,3,-6.3692214519265855,6.3692214519265855,ZakylOm,anti_homophones
27538,1,2,0,5,3,-5.208648703497238,5.208648703497238,anyle,anti_homophones
27539,1,0,0,8,4,-9.09083631459704,9.09083631459704,aSkajade,anti_homophones
27540,1,1,0,4,1,-5.453670983537971,5.453670983537971,mjas,anti_homophones
27541,1,0,0,8,3,-7.036240886569361,7.036240886569361,k§tR°vEl,anti_homophones
27542,1,4,0,6,2,-6.177031215759325,6.177031215759325,natyRn,anti_homophones
27543,1,2,0,5,2,-5.162794466517958,5.162794466517958,s2lje,anti_homophones
27544,1,1,0,6,3,-6.677283396795085,6.677283396795085,ORlOke,anti_homophones
27545,1,1,0,6,3,-5.2312318262741915,5.2312318262741915,@n8iz@,anti_homophones
27546,1,4,0,5,2,-7.124198629376721,7.124198629376721,lilEn,anti_homophones
27547,1,0,0,8,4,-9.170210344542893,9.170210344542893,Espeses@,anti_homophones
27548,1,1,0,5,2,-5.060956545614787,5.060956545614787,R§fle,anti_homophones
27549,1,0,0,7,2,-6.636522776278592,6.636522776278592,tRistoz,anti_homophones
27550,1,0,0,6,3,-9.043937794373283,9.043937794373283,jotosi,anti_homophones
27551,1,3,0,7,3,-6.223606505982843,6.223606505982843,aklyzj§,anti_homophones
27552,1,2,0,6,2,-5.176177603589629,5.176177603589629,ZenjOm,anti_homophones
27553,1,3,0,4,2,-4.9127624309603055,4.9127624309603055,nuve,anti_homophones
27554,1,6,0,4,2,-5.24737617159392,5.24737617159392,lEm@,anti_homophones
27555,1,0,0,9,4,-9.157022873564582,9.157022873564582,b5zonabl2,anti_homophones
27556,1,6,1,6,2,-5.439918677303943,5.439918677303943,setwaR,anti_homophones
27557,1,1,0,6,2,-5.521843348652418,5.521843348652418,kRytil,anti_homophones
27558,1,0,0,8,2,-7.979533430379153,7.979533430379153,tRistRil,anti_homophones
27559,1,0,0,7,2,-5.8186052153775965,5.8186052153775965,s°kRwaR,anti_homophones
27560,1,0,0,10,4,-9.917298571848955,9.917298571848955,beneziljoz,anti_homophones
27561,1,5,0,5,2,-4.760514556819389,4.760514556819389,fl9Re,anti_homophones
27562,1,6,0,4,2,-5.4097172781442895,5.4097172781442895,eZiR,anti_homophones
27563,1,2,0,9,4,-5.527295972860811,5.527295972860811,fotogRafi,anti_homophones
27564,1,3,0,4,2,-5.5256251723520915,5.5256251723520915,Sifo,anti_homophones
27565,1,0,0,8,3,-7.751507690203204,7.751507690203204,degERwad,anti_homophones
27566,1,0,0,7,3,-6.11059305237004,6.11059305237004,@tR°mEl,anti_homophones
27567,1,0,0,10,4,-9.066366827326497,9.066366827326497,kanaRijabl,anti_homophones
27568,1,6,0,5,2,-4.9290003749872815,4.9290003749872815,pERm@,anti_homophones
27569,1,0,0,9,3,-9.345414679269902,9.345414679269902,boskleRal,anti_homophones
27570,1,2,0,5,1,-5.742983111764611,5.742983111764611,nORdR,anti_homophones
27571,1,8,0,4,1,-5.478427979323203,5.478427979323203,Raft,anti_homophones
27572,1,2,0,5,2,-5.603924797047005,5.603924797047005,b5gal,anti_homophones
27573,1,0,0,6,2,-4.895779923291409,4.895779923291409,foswaR,anti_homophones
27574,1,8,0,5,2,-5.390194119520213,5.390194119520213,kalid,anti_homophones
27575,1,0,0,8,3,-6.824336577179967,6.824336577179967,palmonaZ,anti_homophones
27576,1,5,0,6,2,-4.885189128341589,4.885189128341589,k§stif,anti_homophones
27577,1,0,0,11,4,-9.361734625199944,9.361734625199944,kaRmogRanys,anti_homophones
27578,1,10,0,5,2,-4.832566604942731,4.832566604942731,konik,anti_homophones
27579,1,8,0,3,1,-4.532900450450199,4.532900450450199,n8@,anti_homophones
27580,1,0,0,8,4,-7.868266598687702,7.868266598687702,velikite,anti_homophones
27581,1,0,0,8,4,-6.0688701359186865,6.0688701359186865,difeRite,anti_homophones
27582,1,5,0,6,3,-5.645072089212534,5.645072089212534,R°kuRu,anti_homophones
27583,1,5,1,4,2,-4.993434560024674,4.993434560024674,l@b5,anti_homophones
27584,1,2,0,6,2,-5.119932573305682,5.119932573305682,myzizm,anti_homophones
27585,1,0,0,8,4,-7.322731880006861,7.322731880006861,k§pileys,anti_homophones
27586,1,0,0,6,2,-6.860765848717312,6.860765848717312,m2n8ER,anti_homophones
27587,1,1,0,5,3,-6.429051546826071,6.429051546826071,ebElo,anti_homophones
27588,1,0,0,10,4,-9.622173712352954,9.622173712352954,tipiktatif,anti_homophones
27589,1,2,0,7,3,-5.779258306289229,5.779258306289229,abuRZwa,anti_homophones
27590,1,1,0,6,3,-6.268385200361363,6.268385200361363,5kORno,anti_homophones
27591,1,1,0,5,3,-5.189813613289953,5.189813613289953,Re5se,anti_homophones
27592,1,10,0,3,1,-4.843858028280851,4.843858028280851,tyb,anti_homophones
27593,1,0,0,6,3,-6.16592042546009,6.16592042546009,p@d9je,anti_homophones
27594,1,0,0,10,3,-9.974664824821264,9.974664824821264,staljasist,anti_homophones
27595,1,2,0,5,3,-6.140191000145579,6.140191000145579,abyli,anti_homophones
27596,1,1,0,5,2,-6.381211210712279,6.381211210712279,pj§so,anti_homophones
27597,1,4,0,5,2,-6.253629145479652,6.253629145479652,ginEt,anti_homophones
27598,1,0,0,8,3,-7.593789430364005,7.593789430364005,degRamit,anti_homophones
27599,1,0,0,9,4,-7.5968552073996936,7.5968552073996936,bRyn°t°Ri,anti_homophones
27600,1,5,0,6,2,-5.510922533841967,5.510922533841967,S@tjER,anti_homophones
27601,1,2,0,8,3,-5.177983801713954,5.177983801713954,myltasj§,anti_homophones
27602,1,0,0,8,4,-8.483471648757037,8.483471648757037,legal§be,anti_homophones
27603,1,0,0,10,4,-9.749327049388182,9.749327049388182,pERsEltas5,anti_homophones
27604,1,2,0,5,2,-5.436325143753773,5.436325143753773,detaS,anti_homophones
27605,1,0,0,8,3,-7.092948496392666,7.092948496392666,bodRijaZ,anti_homophones
27606,1,2,0,5,2,-5.997014372511835,5.997014372511835,EstRo,anti_homophones
27607,1,6,0,4,2,-6.027661647816291,6.027661647816291,opid,anti_homophones
27608,1,0,0,7,3,-7.177437655880866,7.177437655880866,S@sERv2,anti_homophones
27609,1,2,0,6,3,-5.835521446638709,5.835521446638709,Optize,anti_homophones
27610,1,8,0,4,2,-5.006481484952717,5.006481484952717,detE,anti_homophones
27611,1,0,0,10,4,-10.573751814663249,10.573751814663249,lEptOksale,anti_homophones
27612,1,1,0,9,4,-5.581336017062188,5.581336017062188,ipogRasj§,anti_homophones
27613,1,4,1,5,2,-4.362287216815898,4.362287216815898,k§fj@,anti_homophones
27614,1,3,0,4,2,-4.867755578201067,4.867755578201067,eR5t,anti_homophones
27615,1,0,0,8,2,-5.5649182994750275,5.5649182994750275,EkspRizm,anti_homophones
27616,1,0,0,9,4,-7.214773479664842,7.214773479664842,kaloRifje,anti_homophones
27617,1,1,0,6,2,-5.820921012218269,5.820921012218269,floRj2,anti_homophones
27618,1,0,0,7,3,-7.595312323016117,7.595312323016117,semigaR,anti_homophones
27619,1,3,0,5,2,-6.159763476768168,6.159763476768168,ymEst,anti_homophones
27620,1,0,0,12,4,-11.499358954575246,11.499358954575246,tobjotikjatR,anti_homophones
27621,1,0,0,6,3,-6.90317924400431,6.90317924400431,goemiR,anti_homophones
27622,1,0,0,6,3,-6.8291905810997875,6.8291905810997875,maR@ba,anti_homophones
27623,1,0,0,6,4,-6.948283986804424,6.948283986804424,etais@,anti_homophones
27624,1,9,0,6,3,-4.910302890695664,4.910302890695664,baRize,anti_homophones
27625,1,0,0,10,3,-8.267762478154006,8.267762478154006,paRmosjabl,anti_homophones
27626,1,4,0,6,3,-5.729866272595652,5.729866272595652,monoti,anti_homophones
27627,1,1,0,5,2,-5.369079468113952,5.369079468113952,R@bwa,anti_homophones
27628,1,4,0,5,2,-4.905605654402732,4.905605654402732,Refj@,anti_homophones
27629,1,0,0,8,3,-8.128118460444638,8.128118460444638,myRizjEm,anti_homophones
27630,1,0,0,8,4,-8.553721253737802,8.553721253737802,§bRasid@,anti_homophones
27631,1,0,0,8,4,-8.217846575133366,8.217846575133366,Ret@t°n@,anti_homophones
27632,1,3,0,5,3,-5.766258880974052,5.766258880974052,alop@,anti_homophones
27633,1,0,0,8,3,-6.746679293953252,6.746679293953252,impitwaR,anti_homophones
27634,1,0,0,7,4,-6.0544909242139955,6.0544909242139955,Reysine,anti_homophones
27635,1,0,0,7,3,-6.355040857251552,6.355040857251552,myltipo,anti_homophones
27636,1,0,0,8,4,-7.7333080330031025,7.7333080330031025,5fR@kano,anti_homophones
27637,1,6,0,7,3,-5.287559712061599,5.287559712061599,utRasj§,anti_homophones
27638,1,0,0,9,4,-10.132768316892614,10.132768316892614,pR2nuRit@,anti_homophones
27639,1,12,0,2,1,-4.576915181504242,4.576915181504242,Ob,anti_homophones
27640,1,3,0,9,4,-6.13269931425685,6.13269931425685,delitasj§,anti_homophones
27641,1,0,0,10,4,-8.05717286967109,8.05717286967109,otogRapist,anti_homophones
27642,1,11,0,4,2,-5.511898846405356,5.511898846405356,omER,anti_homophones
27643,1,0,0,10,4,-9.409958443516194,9.409958443516194,paRsjeteRi,anti_homophones
27644,1,2,0,8,4,-5.577494791202582,5.577494791202582,demis°m@,anti_homophones
27645,1,0,0,6,2,-6.886957153980599,6.886957153980599,spaR@Z,anti_homophones
27646,1,0,0,10,3,-11.283213514943577,11.283213514943577,plEknidRik,anti_homophones
27647,1,0,0,11,4,-10.888881512473018,10.888881512473018,SaRpaRpetik,anti_homophones
27648,1,0,0,9,4,-5.529871156497232,5.529871156497232,lim@tasj§,anti_homophones
27649,1,0,0,11,4,-10.12493344226933,10.12493344226933,kwEbkazinj5,anti_homophones
27650,1,1,0,5,2,-6.659517201521084,6.659517201521084,EgREv,anti_homophones
27651,1,0,0,8,3,-6.112509471640905,6.112509471640905,pReSofaZ,anti_homophones
27652,1,2,0,6,3,-5.950618796993955,5.950618796993955,aldite,anti_homophones
27653,1,9,1,4,2,-4.8202236178531965,4.8202236178531965,sulE,anti_homophones
27654,1,5,0,5,2,-5.60850748382412,5.60850748382412,R@paZ,anti_homophones
27655,1,0,0,9,4,-9.617818508338086,9.617818508338086,OsmetReik,anti_homophones
27656,1,6,0,5,2,-5.816710325297611,5.816710325297611,Oktik,anti_homophones
27657,1,0,0,7,3,-6.368284000086872,6.368284000086872,eSamabl,anti_homophones
27658,1,4,0,4,1,-5.161217816044844,5.161217816044844,gOld,anti_homophones
27659,1,0,0,8,4,-7.895298758099719,7.895298758099719,latemine,anti_homophones
27660,1,8,0,5,2,-4.978883346229802,4.978883346229802,filER,anti_homophones
27661,1,3,0,7,3,-6.382972743713715,6.382972743713715,@gRat9R,anti_homophones
27662,1,0,0,8,4,-9.082066568929504,9.082066568929504,sedofisy,anti_homophones
27663,1,3,0,6,3,-5.112876795253169,5.112876795253169,dep@Se,anti_homophones
27664,1,2,0,6,3,-6.083460633583415,6.083460633583415,inimik,anti_homophones
27665,1,1,0,6,3,-7.216692135556224,7.216692135556224,fov°no,anti_homophones
27666,1,1,0,7,4,-8.025926236317082,8.025926236317082,eteReik,anti_homophones
27667,1,3,0,5,2,-5.457854443470784,5.457854443470784,REsp5,anti_homophones
27668,1,1,0,6,3,-6.082007548809149,6.082007548809149,maniS§,anti_homophones
27669,1,1,0,6,3,-5.600440004326786,5.600440004326786,Rupije,anti_homophones
27670,1,0,0,7,3,-5.865725717535448,5.865725717535448,R°buSaZ,anti_homophones
27671,1,0,0,10,4,-9.579978743241023,9.579978743241023,5pORtabEsk,anti_homophones
27672,1,0,0,7,3,-5.897613884487638,5.897613884487638,plym°Ri,anti_homophones
27673,1,0,0,10,4,-8.140160262261649,8.140160262261649,dez@t@dRik,anti_homophones
27674,1,0,0,8,3,-6.610411013223417,6.610411013223417,s8etydje,anti_homophones
27675,1,1,0,7,3,-6.640987298714581,6.640987298714581,t@boS9R,anti_homophones
27676,1,14,0,4,2,-4.383659988976219,4.383659988976219,Ruse,anti_homophones
27677,1,0,0,6,2,-6.895528986507153,6.895528986507153,apl89R,anti_homophones
27678,1,0,0,10,4,-8.859024099404216,8.859024099404216,@kRedyplik,anti_homophones
27679,1,0,0,5,3,-6.788276658651025,6.788276658651025,5f§da,anti_homophones
27680,1,1,0,8,4,-5.323759625189737,5.323759625189737,viSis°m@,anti_homophones
27681,1,0,0,9,4,-6.664214473467998,6.664214473467998,fORmatone,anti_homophones
27682,1,14,0,3,1,-4.798761844099515,4.798761844099515,Sif,anti_homophones
27683,1,0,0,7,3,-6.818730744213586,6.818730744213586,ERminad,anti_homophones
27684,1,2,0,8,3,-5.9475972166147315,5.9475972166147315,apst@sje,anti_homophones
27685,1,1,0,6,3,-6.742868880709328,6.742868880709328,mediRE,anti_homophones
27686,1,0,0,5,1,-4.992916881137375,4.992916881137375,skj9R,anti_homophones
27687,1,8,0,4,2,-4.367252082689198,4.367252082689198,l§Ze,anti_homophones
27688,1,0,0,7,3,-7.210633680720704,7.210633680720704,l°vEnaZ,anti_homophones
27689,1,23,0,2,1,-4.568899252014128,4.568899252014128,fe,anti_homophones
27690,1,0,0,9,4,-6.602576161496239,6.602576161496239,Eskanasj§,anti_homophones
27691,1,1,0,7,3,-6.082402375755228,6.082402375755228,aplis9R,anti_homophones
27692,1,0,0,7,3,-6.126776824944012,6.126776824944012,volytif,anti_homophones
27693,1,0,0,10,4,-11.670359524472573,11.670359524472573,tRemokoSEt,anti_homophones
27694,1,0,0,7,2,-6.42050693611132,6.42050693611132,bREtjER,anti_homophones
27695,1,0,0,7,3,-7.360185237569928,7.360185237569928,Refinil,anti_homophones
27696,1,2,0,7,3,-8.009297693123772,8.009297693123772,dokolOg,anti_homophones
27697,1,1,0,7,4,-6.240050768872323,6.240050768872323,5k§fyze,anti_homophones
27698,1,3,0,4,2,-4.950752099036753,4.950752099036753,t5p@,anti_homophones
27699,1,0,0,6,3,-6.833800667482654,6.833800667482654,elepaR,anti_homophones
27700,1,1,0,5,2,-5.82905403091962,5.82905403091962,SEnER,anti_homophones
27701,1,0,0,7,3,-7.98302330396184,7.98302330396184,skOpeni,anti_homophones
27702,1,0,0,7,3,-7.891338626749767,7.891338626749767,k5kals5,anti_homophones
27703,1,0,0,8,4,-7.283282589942328,7.283282589942328,pipiZone,anti_homophones
27704,1,11,1,4,2,-5.185647066500053,5.185647066500053,b@dE,anti_homophones
27705,1,2,0,6,2,-5.282978292850409,5.282978292850409,Rytabl,anti_homophones
27706,1,0,0,9,4,-8.777015973616402,8.777015973616402,alfat8ode,anti_homophones
27707,1,6,0,4,2,-5.66862278875566,5.66862278875566,odil,anti_homophones
27708,1,0,0,7,3,-7.443863323139867,7.443863323139867,abykt9R,anti_homophones
27709,1,2,0,4,2,-5.9424947952354135,5.9424947952354135,moEm,anti_homophones
27710,1,0,0,8,4,-7.39496817380917,7.39496817380917,miRatuje,anti_homophones
27711,1,0,0,7,4,-5.690820236330572,5.690820236330572,@dosite,anti_homophones
27712,1,0,0,9,4,-7.058812470886973,7.058812470886973,kasjonEs@,anti_homophones
27713,1,0,0,6,2,-6.030385340289091,6.030385340289091,kyvEtR,anti_homophones
27714,1,0,0,6,2,-7.366376051489582,7.366376051489582,Z@bRam,anti_homophones
27715,1,2,0,5,2,-6.06683704537585,6.06683704537585,R@pak,anti_homophones
27716,1,0,0,6,3,-6.011223722517532,6.011223722517532,sibule,anti_homophones
27717,1,2,0,5,2,-5.345812976533424,5.345812976533424,fylin,anti_homophones
27718,1,1,0,7,3,-6.8508369244436205,6.8508369244436205,negalte,anti_homophones
27719,1,0,0,7,3,-5.7833907300546326,5.7833907300546326,R°lot9R,anti_homophones
27720,1,3,0,6,3,-6.1027442026456775,6.1027442026456775,bibeR@,anti_homophones
27721,1,1,0,6,3,-6.6541280408403916,6.6541280408403916,salinE,anti_homophones
27722,1,0,0,9,4,-8.331753594865656,8.331753594865656,aplijonje,anti_homophones
27723,1,0,0,8,4,-8.197309721688645,8.197309721688645,lykyR9je,anti_homophones
27724,1,14,0,5,2,-4.351974666230738,4.351974666230738,kolaZ,anti_homophones
27725,1,1,0,6,3,-5.240870235974731,5.240870235974731,Sifone,anti_homophones
27726,1,3,0,4,2,-4.603609077918665,4.603609077918665,izOl,anti_homophones
27727,1,0,0,5,1,-6.611178930643732,6.611178930643732,tR§bR,anti_homophones
27728,1,1,0,5,2,-5.8807647383281605,5.8807647383281605,kagut,anti_homophones
27729,1,7,0,5,2,-5.402527642432823,5.402527642432823,5tRER,anti_homophones
27730,1,0,0,8,4,-7.9495013425536785,7.9495013425536785,sinemoR@,anti_homophones
27731,1,0,0,8,3,-7.665748410439132,7.665748410439132,R°fymjEn,anti_homophones
27732,1,0,0,7,3,-7.252800379473835,7.252800379473835,kik§fj@,anti_homophones
27733,1,7,0,5,2,-5.299973067357647,5.299973067357647,tR@te,anti_homophones
27734,1,5,0,5,2,-5.038072646068842,5.038072646068842,telj5,anti_homophones
27735,1,0,0,7,3,-7.799744126814666,7.799744126814666,filasmo,anti_homophones
27736,1,4,0,5,2,-5.444686777177441,5.444686777177441,R°vje,anti_homophones
27737,1,8,0,5,2,-4.957149373813838,4.957149373813838,pReRe,anti_homophones
27738,1,0,0,7,3,-6.548456966142377,6.548456966142377,klot°Ri,anti_homophones
27739,1,0,0,8,4,-5.792837735458501,5.792837735458501,n2Ropoze,anti_homophones
27740,1,3,0,6,3,-5.068424968368671,5.068424968368671,dezaZe,anti_homophones
27741,1,0,0,6,2,-6.9117156368039385,6.9117156368039385,n8izaR,anti_homophones
27742,1,0,0,7,2,-8.34751832394362,8.34751832394362,ftalmEn,anti_homophones
27743,1,0,0,10,4,-8.386022359300435,8.386022359300435,divEstasj§,anti_homophones
27744,1,0,0,8,3,-6.737420752421087,6.737420752421087,pl@t°n9R,anti_homophones
27745,1,2,0,3,1,-5.983055192118876,5.983055192118876,§gk,anti_homophones
27746,1,16,0,4,2,-5.266610029208916,5.266610029208916,kal2,anti_homophones
27747,1,0,0,10,4,-10.087581784661737,10.087581784661737,poljakRoS@,anti_homophones
27748,1,1,0,7,4,-5.1755818253178205,5.1755818253178205,koagyle,anti_homophones
27749,1,5,0,5,3,-5.2217267684911475,5.2217267684911475,om°m@,anti_homophones
27750,1,0,0,6,3,-6.373510444100252,6.373510444100252,bikyl@,anti_homophones
27751,1,0,0,9,4,-6.570722577166671,6.570722577166671,dezav@t9R,anti_homophones
27752,1,0,0,6,3,-6.639896272388578,6.639896272388578,ytinik,anti_homophones
27753,1,1,0,8,4,-7.759209630062402,7.759209630062402,epERt°le,anti_homophones
27754,1,2,0,5,2,-5.403120207792774,5.403120207792774,byR@s,anti_homophones
27755,1,0,0,9,4,-6.5948779678832645,6.5948779678832645,defEksite,anti_homophones
27756,1,8,1,5,2,-4.898079114489956,4.898079114489956,maRgo,anti_homophones
27757,1,0,0,7,3,-7.5947129297065255,7.5947129297065255,klafoR2,anti_homophones
27758,1,0,0,10,4,-8.201772354764742,8.201772354764742,degRavisaZ,anti_homophones
27759,1,2,0,8,4,-6.526170033776824,6.526170033776824,Re@sjonE,anti_homophones
27760,1,0,0,9,4,-9.539994162724598,9.539994162724598,mekaRbok§,anti_homophones
27761,1,1,0,6,3,-5.193665422664464,5.193665422664464,Re@s9R,anti_homophones
27762,1,1,0,9,4,-6.62403068079228,6.62403068079228,pavizasj§,anti_homophones
27763,1,0,0,5,2,-6.671135890842214,6.671135890842214,byRga,anti_homophones
27764,1,0,0,6,3,-5.49255179888384,5.49255179888384,minyme,anti_homophones
27765,1,1,0,8,3,-6.300174556762165,6.300174556762165,k5teRj9R,anti_homophones
27766,1,0,0,6,3,-6.755690046778263,6.755690046778263,@dOmOR,anti_homophones
27767,1,0,0,6,3,-7.5360165102400245,7.5360165102400245,bOtij@,anti_homophones
27768,1,6,0,4,2,-5.775623202633062,5.775623202633062,bujE,anti_homophones
27769,1,0,0,8,4,-7.8147542658412705,7.8147542658412705,bimaZoRe,anti_homophones
27770,1,0,0,9,4,-8.98977811747885,8.98977811747885,Rezidelis,anti_homophones
27771,1,1,0,6,2,-4.923785264984113,4.923785264984113,R°kRwa,anti_homophones
27772,1,0,0,11,4,-10.367716831158452,10.367716831158452,mastR°paRaZ,anti_homophones
27773,1,0,0,8,3,-8.407917441372376,8.407917441372376,fedRijEf,anti_homophones
27774,1,0,0,6,2,-7.794167833645792,7.794167833645792,tap9nS,anti_homophones
27775,1,4,0,4,1,-4.9913545261845655,4.9913545261845655,dOgm,anti_homophones
27776,1,0,0,8,4,-10.132360870098143,10.132360870098143,eRakutEl,anti_homophones
27777,1,13,0,4,1,-4.729256216797879,4.729256216797879,filt,anti_homophones
27778,1,6,0,5,2,-5.193249780546981,5.193249780546981,Eksit,anti_homophones
27779,1,0,0,7,3,-6.5342836119553604,6.5342836119553604,Eksped§,anti_homophones
27780,1,3,0,5,2,-5.963604036725248,5.963604036725248,sEs@s,anti_homophones
27781,1,7,0,5,2,-4.676131792120259,4.676131792120259,kalse,anti_homophones
27782,1,0,0,8,3,-6.869451860300178,6.869451860300178,faktyREt,anti_homophones
27783,1,20,0,3,1,-5.0652012762340854,5.0652012762340854,Z9R,anti_homophones
27784,1,0,0,10,4,-8.610963563948308,8.610963563948308,ReapERtabl,anti_homophones
27785,1,1,0,8,3,-5.585420480762887,5.585420480762887,leZipsj§,anti_homophones
27786,1,11,0,4,2,-4.501628562017328,4.501628562017328,p§de,anti_homophones
27787,1,1,0,5,2,-5.280038508769717,5.280038508769717,amnje,anti_homophones
27788,1,0,0,10,4,-9.728990892029948,9.728990892029948,flamel@ski,anti_homophones
27789,1,1,0,5,2,-5.559814140695402,5.559814140695402,penad,anti_homophones
27790,1,3,0,7,2,-5.158559064050464,5.158559064050464,tRaktif,anti_homophones
27791,1,0,0,11,4,-11.838811174479423,11.838811174479423,spRimuskimo,anti_homophones
27792,1,1,0,7,3,-5.393623262439467,5.393623262439467,njEz°m@,anti_homophones
27793,1,2,0,5,3,-5.850579182970371,5.850579182970371,ymate,anti_homophones
27794,1,0,0,7,2,-8.53629559823301,8.53629559823301,vylnaRk,anti_homophones
27795,1,0,0,7,2,-6.147477686658996,6.147477686658996,v@djabl,anti_homophones
27796,1,9,0,5,2,-5.279895329973325,5.279895329973325,pR°m@,anti_homophones
27797,1,0,0,8,3,-7.664822066533908,7.664822066533908,OstaljOm,anti_homophones
27798,1,1,0,7,4,-5.3538328216631905,5.3538328216631905,ytil°m@,anti_homophones
27799,1,0,0,8,3,-6.8136770157622655,6.8136770157622655,dezakupl,anti_homophones
27800,1,3,0,5,2,-5.441064250418381,5.441064250418381,pilaR,anti_homophones
27801,1,5,0,4,2,-6.3853709847932025,6.3853709847932025,p2Ri,anti_homophones
27802,1,0,0,6,3,-7.734705783830425,7.734705783830425,vomega,anti_homophones
27803,1,0,0,8,4,-10.324728035947352,10.324728035947352,5p°letRe,anti_homophones
27804,1,0,0,8,4,-9.023230348588564,9.023230348588564,kulim@d@,anti_homophones
27805,1,0,0,7,3,-6.708694417047897,6.708694417047897,t@dyRsi,anti_homophones
27806,1,0,1,6,2,-5.250011462549804,5.250011462549804,Eksibl,anti_homophones
27807,1,0,0,5,2,-6.446765416606988,6.446765416606988,byb§b,anti_homophones
27808,1,3,0,5,2,-5.983016114216356,5.983016114216356,kusj2,anti_homophones
27809,1,2,0,4,2,-5.33228049524644,5.33228049524644,t@Zi,anti_homophones
27810,1,0,0,9,4,-8.422740051390075,8.422740051390075,mnezinem@,anti_homophones
27811,1,0,0,7,3,-7.233404829505826,7.233404829505826,etonjEm,anti_homophones
27812,1,1,1,5,2,-4.768734543523065,4.768734543523065,s5gle,anti_homophones
27813,1,2,0,5,2,-5.527941092733033,5.527941092733033,v°lyR,anti_homophones
27814,1,19,0,3,2,-4.670843433539743,4.670843433539743,oze,anti_homophones
27815,1,0,0,8,3,-7.460169673648458,7.460169673648458,badavRiR,anti_homophones
27816,1,1,0,6,3,-7.783907785399286,7.783907785399286,b@diRi,anti_homophones
27817,1,0,0,6,3,-7.142924164434597,7.142924164434597,jOteys,anti_homophones
27818,1,0,0,9,4,-8.99424514557185,8.99424514557185,mORgatise,anti_homophones
27819,1,0,0,9,4,-7.91810375630477,7.91810375630477,pRobaRaSe,anti_homophones
27820,1,3,0,5,2,-5.437915876926744,5.437915876926744,sepys,anti_homophones
27821,1,1,0,6,2,-6.955905133382245,6.955905133382245,kl@dal,anti_homophones
27822,1,11,0,4,2,-5.152989010689518,5.152989010689518,apad,anti_homophones
27823,1,3,0,5,2,-5.8876719972283205,5.8876719972283205,savaS,anti_homophones
27824,1,0,0,7,3,-6.25060047230681,6.25060047230681,tRol°Ri,anti_homophones
27825,1,7,0,5,2,-4.857917755847632,4.857917755847632,divit,anti_homophones
27826,1,0,0,9,4,-6.670497681091787,6.670497681091787,megalat9R,anti_homophones
27827,1,11,0,4,1,-4.738494880806287,4.738494880806287,kRaz,anti_homophones
27828,1,0,0,7,4,-6.904850074248232,6.904850074248232,kafeini,anti_homophones
27829,1,0,0,7,3,-7.621081455829141,7.621081455829141,senofRe,anti_homophones
27830,1,1,0,6,3,-5.561301777270265,5.561301777270265,aksiko,anti_homophones
27831,1,5,0,3,2,-4.776482720044684,4.776482720044684,5fE,anti_homophones
27832,1,9,0,8,3,-4.4439992464646965,4.4439992464646965,fRizasj§,anti_homophones
27833,1,0,0,10,4,-6.782870822579118,6.782870822579118,ObZEktatik,anti_homophones
27834,1,0,0,10,4,-8.789361798485684,8.789361798485684,k§sid@sjOn,anti_homophones
27835,1,3,0,6,2,-5.797560067152551,5.797560067152551,watjER,anti_homophones
27836,1,1,0,7,3,-6.692113018690016,6.692113018690016,abalist,anti_homophones
27837,1,7,1,5,3,-5.478071931140711,5.478071931140711,alam@,anti_homophones
27838,1,0,0,10,4,-8.14794744318401,8.14794744318401,defEblijOm,anti_homophones
27839,1,3,1,5,2,-4.922368125124191,4.922368125124191,balOg,anti_homophones
27840,1,0,0,9,3,-9.000097193244738,9.000097193244738,pystRaizm,anti_homophones
27841,1,0,0,10,4,-8.690651000811355,8.690651000811355,miRwEk°taZ,anti_homophones
27842,1,0,0,11,4,-9.556529785177583,9.556529785177583,skwatyRalZi,anti_homophones
27843,1,0,0,12,4,-10.003309261348413,10.003309261348413,ZaksEptizabl,anti_homophones
27844,1,0,0,6,2,-6.737431513917469,6.737431513917469,kliN2z,anti_homophones
27845,1,2,0,9,3,-5.598088115452576,5.598088115452576,fRodykt9R,anti_homophones
27846,1,0,0,6,3,-5.9264298895164185,5.9264298895164185,komodi,anti_homophones
27847,1,1,0,5,3,-6.108168263900636,6.108168263900636,afan§,anti_homophones
27848,1,2,0,6,3,-6.391282398638409,6.391282398638409,kalot@,anti_homophones
27849,1,1,0,6,3,-5.650842034910266,5.650842034910266,mezon@,anti_homophones
27850,1,0,0,11,4,-7.1459595819217165,7.1459595819217165,viRt8ozitik,anti_homophones
27851,1,0,0,9,4,-8.633685958762513,8.633685958762513,kRipemina,anti_homophones
27852,1,2,0,5,3,-5.010101176416304,5.010101176416304,imobi,anti_homophones
27853,1,0,0,7,4,-6.342636639778279,6.342636639778279,@kawaje,anti_homophones
27854,1,4,0,6,2,-5.1253967594506165,5.1253967594506165,gaRdje,anti_homophones
27855,1,0,0,7,3,-6.14336655665514,6.14336655665514,bif°taZ,anti_homophones
27856,1,1,0,7,3,-6.9507296070845115,6.9507296070845115,Radivit,anti_homophones
27857,1,2,0,7,2,-5.2193190227461255,5.2193190227461255,pOstabl,anti_homophones
27858,1,0,0,7,4,-7.003760526147158,7.003760526147158,eZadite,anti_homophones
27859,1,5,0,5,2,-5.225870650208747,5.225870650208747,denil,anti_homophones
27860,1,0,0,5,2,-5.724878840981919,5.724878840981919,luft@,anti_homophones
27861,1,0,0,5,2,-7.201524270849971,7.201524270849971,efRab,anti_homophones
27862,1,0,0,9,3,-8.401761389682296,8.401761389682296,tRustufwa,anti_homophones
27863,1,2,0,6,2,-5.209749533991401,5.209749533991401,mORd9R,anti_homophones
27864,1,0,0,12,4,-9.851753498952794,9.851753498952794,EkstOlstoRje,anti_homophones
27865,1,0,0,9,4,-7.982977573807768,7.982977573807768,5tERv°lik,anti_homophones
27866,1,0,0,7,3,-7.341039708729064,7.341039708729064,R°luRdE,anti_homophones
27867,1,0,0,7,3,-5.386188096494428,5.386188096494428,tEknoid,anti_homophones
27868,1,0,0,8,3,-6.258350678281349,6.258350678281349,fORminj5,anti_homophones
27869,1,0,0,6,2,-6.772159125087231,6.772159125087231,fRyZw5,anti_homophones
27870,1,6,0,4,2,-5.843055226523427,5.843055226523427,n°Ri,anti_homophones
27871,1,1,0,7,3,-5.969712849312084,5.969712849312084,Reytizm,anti_homophones
27872,1,11,0,5,2,-5.120843710302323,5.120843710302323,enist,anti_homophones
27873,1,3,0,6,3,-6.180496465658058,6.180496465658058,§bRize,anti_homophones
27874,1,0,0,8,3,-6.440322841801848,6.440322841801848,RevOltaZ,anti_homophones
27875,1,2,0,4,2,-6.05155884828911,6.05155884828911,jona,anti_homophones
27876,1,0,0,6,2,-8.37964326769686,8.37964326769686,smatad,anti_homophones
27877,1,0,0,7,2,-5.208425826136458,5.208425826136458,R°Ztabl,anti_homophones
27878,1,1,0,6,2,-5.3996235768487075,5.3996235768487075,Oksizm,anti_homophones
27879,1,6,1,6,3,-5.389259562499271,5.389259562499271,m5l°m@,anti_homophones
27880,1,0,0,7,3,-6.7691841792066665,6.7691841792066665,kaptati,anti_homophones
27881,1,3,0,5,2,-6.298383926051871,6.298383926051871,opjOm,anti_homophones
27882,1,0,0,9,3,-9.204605548197398,9.204605548197398,R@zinjabl,anti_homophones
27883,1,1,0,8,4,-6.072585804438531,6.072585804438531,degut°ny,anti_homophones
27884,1,1,0,6,2,-5.694342136086157,5.694342136086157,mjonER,anti_homophones
27885,1,4,0,5,2,-5.94912848543288,5.94912848543288,penig,anti_homophones
27886,1,0,0,6,3,-7.380843636814903,7.380843636814903,kut°Ro,anti_homophones
27887,1,4,0,5,2,-6.400798937328677,6.400798937328677,psito,anti_homophones
27888,1,0,0,10,4,-9.338054823305335,9.338054823305335,pOstypefis,anti_homophones
27889,1,0,0,9,4,-6.772351244296884,6.772351244296884,Omnipylse,anti_homophones
27890,1,17,0,3,1,-4.906179288866674,4.906179288866674,akm,anti_homophones
27891,1,0,0,12,4,-7.446483707563424,7.446483707563424,siRkyltRasj§,anti_homophones
27892,1,5,0,4,2,-5.691573266598182,5.691573266598182,m§m@,anti_homophones
27893,1,13,0,5,2,-4.9448797057539124,4.9448797057539124,dedik,anti_homophones
27894,1,2,0,4,2,-6.242265178005261,6.242265178005261,astu,anti_homophones
27895,1,0,0,7,3,-8.143265853771982,8.143265853771982,REskyR@,anti_homophones
27896,1,1,0,5,2,-5.309012045596835,5.309012045596835,vERb2,anti_homophones
27897,1,0,0,10,4,-6.87935853907122,6.87935853907122,gR5g°basj§,anti_homophones
27898,1,6,1,6,2,-4.727571239387151,4.727571239387151,mytabl,anti_homophones
27899,1,0,0,7,3,-7.129630427057374,7.129630427057374,kolejad,anti_homophones
27900,1,12,0,4,2,-5.8748976638436625,5.8748976638436625,mum@,anti_homophones
27901,1,0,0,11,4,-9.79838454383083,9.79838454383083,k§patRikalk,anti_homophones
27902,1,0,0,6,3,-6.376963598079271,6.376963598079271,inadOR,anti_homophones
27903,1,0,0,8,3,-7.191226170116846,7.191226170116846,bolisabl,anti_homophones
27904,1,1,0,7,2,-7.304751588550455,7.304751588550455,kRafiRm,anti_homophones
27905,1,3,0,4,2,-5.817777049708261,5.817777049708261,R§bi,anti_homophones
27906,1,0,0,7,3,-6.866545906891758,6.866545906891758,5sesibl,anti_homophones
27907,1,4,0,6,3,-5.805730669216184,5.805730669216184,pal2R2,anti_homophones
27908,1,0,0,8,4,-6.616356672267475,6.616356672267475,apRijone,anti_homophones
27909,1,1,0,5,2,-5.629471144902676,5.629471144902676,pyRgo,anti_homophones
27910,1,0,0,7,3,-7.436862068648838,7.436862068648838,smaSote,anti_homophones
27911,1,0,0,7,3,-6.5758920802461365,6.5758920802461365,S°vREz§,anti_homophones
27912,1,0,0,7,3,-7.939900098369977,7.939900098369977,s°pasti,anti_homophones
27913,1,0,0,9,3,-7.253207408598163,7.253207408598163,gRamiljaR,anti_homophones
27914,1,0,0,8,3,-7.87505764189841,7.87505764189841,siRimEtR,anti_homophones
27915,1,0,0,10,4,-8.990545465955268,8.990545465955268,agR@dRatER,anti_homophones
27916,1,3,1,7,3,-5.719060737777645,5.719060737777645,apoRt9R,anti_homophones
27917,1,0,0,12,4,-11.193722581736862,11.193722581736862,spaRdisfERme,anti_homophones
27918,1,0,0,11,4,-10.142707532932524,10.142707532932524,asfeR@ssizm,anti_homophones
27919,1,9,0,5,2,-4.974559607140151,4.974559607140151,bRase,anti_homophones
27920,1,1,0,6,2,-5.41892980599007,5.41892980599007,klER9R,anti_homophones
27921,1,0,0,7,3,-6.502771362232156,6.502771362232156,ot@tabl,anti_homophones
27922,1,3,0,6,3,-5.888899589041571,5.888899589041571,ileZik,anti_homophones
27923,1,0,0,8,2,-6.088929040645942,6.088929040645942,pERpR1te,anti_homophones
27924,1,1,0,6,3,-7.404607825460734,7.404607825460734,R°peSi,anti_homophones
27925,1,14,0,4,2,-5.270820696168123,5.270820696168123,R@di,anti_homophones
27926,1,3,0,6,2,-5.1350717520048725,5.1350717520048725,penizm,anti_homophones
27927,1,14,0,4,2,-4.646003394629042,4.646003394629042,taSe,anti_homophones
27928,1,6,1,4,2,-4.148736462220619,4.148736462220619,klue,anti_homophones
27929,1,1,0,8,4,-7.129438851810796,7.129438851810796,n2RofObi,anti_homophones
27930,1,1,0,5,2,-5.421751079811858,5.421751079811858,blazi,anti_homophones
27931,1,4,1,6,2,-4.499451910406238,4.499451910406238,p§kt9R,anti_homophones
27932,1,0,0,11,4,-8.33751646351107,8.33751646351107,tR@spatifj@,anti_homophones
27933,1,8,0,4,2,-5.186321315802607,5.186321315802607,etys,anti_homophones
27934,1,1,0,6,3,-6.2520013220895105,6.2520013220895105,benil§,anti_homophones
27935,1,3,0,5,2,-6.051196802451781,6.051196802451781,RadZa,anti_homophones
27936,1,0,0,8,3,-6.429729738680827,6.429729738680827,pivwaj9R,anti_homophones
27937,1,1,0,5,2,-5.912184975291912,5.912184975291912,b§daS,anti_homophones
27938,1,1,0,6,2,-7.164866075397976,7.164866075397976,niblik,anti_homophones
27939,1,6,0,5,3,-4.86578175879226,4.86578175879226,otoZe,anti_homophones
27940,1,0,0,9,4,-8.932206618099936,8.932206618099936,bORdiRil2,anti_homophones
27941,1,0,0,9,3,-7.693730521611113,7.693730521611113,plastital,anti_homophones
27942,1,1,0,7,3,-6.899206169778217,6.899206169778217,nepatik,anti_homophones
27943,1,4,0,7,3,-5.918763081528223,5.918763081528223,@tRifje,anti_homophones
27944,1,1,1,4,2,-5.846615526351993,5.846615526351993,w§ba,anti_homophones
27945,1,3,0,7,3,-6.419342205197038,6.419342205197038,Sapatif,anti_homophones
27946,1,1,0,7,2,-5.902143676542293,5.902143676542293,gRupEtR,anti_homophones
27947,1,6,0,6,2,-5.122710493303283,5.122710493303283,paktif,anti_homophones
27948,1,0,0,8,4,-7.189513990766482,7.189513990766482,5syltygE,anti_homophones
27949,1,0,0,6,3,-5.470122287977455,5.470122287977455,adZyt2,anti_homophones
27950,1,11,0,5,3,-5.353453514596592,5.353453514596592,ekoni,anti_homophones
27951,1,0,0,11,4,-9.576138124123167,9.576138124123167,tiRpasaksj§,anti_homophones
27952,1,13,0,4,2,-4.908277954444253,4.908277954444253,lazi,anti_homophones
27953,1,2,0,7,3,-6.1222742884971515,6.1222742884971515,kRaz°Ri,anti_homophones
27954,1,7,0,4,2,-5.5512739689578785,5.5512739689578785,RamE,anti_homophones
27955,1,0,0,7,3,-9.006105844200333,9.006105844200333,sanisiz,anti_homophones
27956,1,0,0,10,4,-8.458744256302277,8.458744256302277,k@fRatifje,anti_homophones
27957,1,0,0,6,3,-5.292548779525756,5.292548779525756,@v°l9R,anti_homophones
27958,1,1,0,5,2,-6.015237044629414,6.015237044629414,gadas,anti_homophones
27959,1,6,0,4,2,-4.268417337422432,4.268417337422432,vomi,anti_homophones
27960,1,0,0,7,3,-7.001019705682759,7.001019705682759,komanwa,anti_homophones
27961,1,0,0,12,4,-8.256228087297181,8.256228087297181,buRistRyksj§,anti_homophones
27962,1,2,0,5,2,-5.781019403698316,5.781019403698316,bizEn,anti_homophones
27963,1,0,0,9,4,-10.774041942449516,10.774041942449516,@sERkalal,anti_homophones
27964,1,0,0,6,3,-5.452409147930907,5.452409147930907,R°lySe,anti_homophones
27965,1,0,0,9,4,-10.890408709060328,10.890408709060328,SEptyRin2,anti_homophones
27966,1,0,0,7,3,-7.288180889608355,7.288180889608355,bekoRik,anti_homophones
27967,1,0,0,9,4,-9.415422427600133,9.415422427600133,s@paNonER,anti_homophones
27968,1,1,0,6,3,-7.58820565142628,7.58820565142628,imalaf,anti_homophones
27969,1,0,0,8,4,-8.347471731696526,8.347471731696526,deb5tim@,anti_homophones
27970,1,0,0,9,3,-8.38363355449616,8.38363355449616,ynistRibl,anti_homophones
27971,1,6,0,4,1,-4.955955474923669,4.955955474923669,ljaR,anti_homophones
27972,1,5,0,5,2,-5.569112513662616,5.569112513662616,kRuEl,anti_homophones
27973,1,0,0,6,2,-6.211343305902583,6.211343305902583,selykR,anti_homophones
27974,1,13,0,3,2,-4.603913963441212,4.603913963441212,5dy,anti_homophones
27975,1,0,0,10,4,-10.640864761698634,10.640864761698634,memOskREto,anti_homophones
27976,1,1,0,6,3,-4.841137936045504,4.841137936045504,epuz9R,anti_homophones
27977,1,1,0,6,2,-5.565453999731009,5.565453999731009,sigabl,anti_homophones
27978,1,2,0,7,2,-6.130966307182527,6.130966307182527,fRwatje,anti_homophones
27979,1,0,0,10,4,-11.185304548144398,11.185304548144398,papivORtOk,anti_homophones
27980,1,2,0,8,3,-5.862974323589619,5.862974323589619,slovasj§,anti_homophones
27981,1,10,1,4,2,-4.439377127832307,4.439377127832307,sek@,anti_homophones
27982,1,0,0,9,4,-10.035341118021316,10.035341118021316,teleplEz2,anti_homophones
27983,1,0,0,6,3,-8.380141903982555,8.380141903982555,baotij,anti_homophones
27984,1,0,0,7,3,-7.004111561557886,7.004111561557886,fRodole,anti_homophones
27985,1,5,0,4,2,-5.0698233371929575,5.0698233371929575,Rym2,anti_homophones
27986,1,0,0,6,2,-6.328538744024329,6.328538744024329,evERdR,anti_homophones
27987,1,2,0,5,3,-4.802944854332315,4.802944854332315,inEs@,anti_homophones
27988,1,2,0,8,4,-5.622289908234497,5.622289908234497,dematize,anti_homophones
27989,1,0,0,7,3,-6.69284745703907,6.69284745703907,kadR@gE,anti_homophones
27990,1,0,0,6,3,-5.932762272383934,5.932762272383934,R°bati,anti_homophones
27991,1,0,0,6,2,-6.030651754030092,6.030651754030092,kwas@s,anti_homophones
27992,1,0,0,6,2,-6.059896267756273,6.059896267756273,pRogl@,anti_homophones
27993,1,17,0,4,2,-4.576522996224195,4.576522996224195,@tid,anti_homophones
27994,1,0,0,9,3,-7.059556972872113,7.059556972872113,EkspORsje,anti_homophones
27995,1,0,0,6,2,-6.138725094066904,6.138725094066904,glozj§,anti_homophones
27996,1,1,0,7,3,-6.694654845197429,6.694654845197429,gR°liZe,anti_homophones
27997,1,2,0,4,2,-5.243089384025615,5.243089384025615,akup,anti_homophones
27998,1,0,0,12,4,-7.6665125857153855,7.6665125857153855,kylastRykt9R,anti_homophones
27999,1,0,0,8,4,-6.506737953911997,6.506737953911997,R°byz°le,anti_homophones
28000,1,0,0,8,4,-8.755580200003514,8.755580200003514,natifyZe,anti_homophones
28001,1,0,0,11,3,-9.816196019920149,9.816196019920149,stEkskRib8e,anti_homophones
28002,1,12,0,4,2,-4.594133733802692,4.594133733802692,tim@,anti_homophones
28003,1,0,0,9,4,-8.940733492722476,8.940733492722476,pw5timizy,anti_homophones
28004,1,0,0,8,3,-7.141936261614561,7.141936261614561,fuRbjeze,anti_homophones
28005,1,10,0,7,4,-5.610326660597193,5.610326660597193,eoloZik,anti_homophones
28006,1,1,0,7,3,-6.865950095262077,6.865950095262077,kaRdizi,anti_homophones
28007,1,0,0,8,3,-7.776628785289661,7.776628785289661,sibaRabl,anti_homophones
28008,1,11,1,4,2,-4.611853729856813,4.611853729856813,avje,anti_homophones
28009,1,0,0,6,3,-6.579456958634582,6.579456958634582,takit@,anti_homophones
28010,1,0,0,8,3,-6.323189890143021,6.323189890143021,divizist,anti_homophones
28011,1,0,0,8,4,-9.069647279022629,9.069647279022629,Z5maRiz@,anti_homophones
28012,1,9,0,4,2,-5.255454192420589,5.255454192420589,@kRe,anti_homophones
28013,1,0,0,7,3,-7.511318325209581,7.511318325209581,R°baluR,anti_homophones
28014,1,7,0,4,2,-5.330548895333484,5.330548895333484,ORkE,anti_homophones
28015,1,0,0,9,4,-8.076404696754768,8.076404696754768,yfOlkat9R,anti_homophones
28016,1,0,0,5,2,-5.337066028877,5.337066028877,EmlOk,anti_homophones
28017,1,0,0,8,3,-6.839465456495485,6.839465456495485,p§d@sibl,anti_homophones
28018,1,9,0,5,2,-5.213071051740529,5.213071051740529,stati,anti_homophones
28019,1,4,0,4,2,-6.042270682789426,6.042270682789426,isit,anti_homophones
28020,1,2,0,6,3,-6.057039528050584,6.057039528050584,oREs9R,anti_homophones
28021,1,0,0,8,4,-7.875875759295784,7.875875759295784,@poRtein,anti_homophones
28022,1,0,0,7,3,-7.124013460149438,7.124013460149438,RapilEt,anti_homophones
28023,1,1,0,6,2,-8.219759360213724,8.219759360213724,Ostalv,anti_homophones
28024,1,0,0,7,2,-6.731980993381583,6.731980993381583,s8ivRoz,anti_homophones
28025,1,2,0,6,2,-5.447916987730304,5.447916987730304,tREpaZ,anti_homophones
28026,1,1,0,7,4,-7.352431992265178,7.352431992265178,Reytini,anti_homophones
28027,1,0,0,5,2,-6.296249140591301,6.296249140591301,ebukl,anti_homophones
28028,1,0,0,7,3,-8.749674405413735,8.749674405413735,ReEktim,anti_homophones
28029,1,0,0,9,4,-7.532273077379828,7.532273077379828,kw@tivite,anti_homophones
28030,1,1,0,6,2,-5.479255157492535,5.479255157492535,fudRwa,anti_homophones
28031,1,1,0,7,3,-5.760597290056504,5.760597290056504,tERoZEn,anti_homophones
28032,1,0,0,8,3,-7.3464968533270385,7.3464968533270385,b@kjetal,anti_homophones
28033,1,0,0,9,4,-6.0095403002148275,6.0095403002148275,syfokasj§,anti_homophones
28034,1,0,0,10,4,-8.552932123802726,8.552932123802726,j@bistasj§,anti_homophones
28035,1,6,0,5,2,-4.978301103232371,4.978301103232371,mazyR,anti_homophones
28036,1,0,0,7,4,-7.3434448575590805,7.3434448575590805,@guR@te,anti_homophones
28037,1,3,0,5,2,-5.163443560026474,5.163443560026474,Rwaj@,anti_homophones
28038,1,1,0,6,3,-7.435007491916821,7.435007491916821,fERit@,anti_homophones
28039,1,0,0,8,3,-7.460693791525453,7.460693791525453,globolik,anti_homophones
28040,1,20,0,2,1,-4.570859048182453,4.570859048182453,ny,anti_homophones
28041,1,0,0,7,3,-6.198038050606731,6.198038050606731,islatik,anti_homophones
28042,1,0,0,10,4,-8.503376051199986,8.503376051199986,migRamenal,anti_homophones
28043,1,0,0,10,4,-6.404227356229736,6.404227356229736,skanizasj§,anti_homophones
28044,1,2,0,7,3,-5.439027667269717,5.439027667269717,p5tat9R,anti_homophones
28045,1,0,0,9,3,-8.37354222350873,8.37354222350873,s@skRip9R,anti_homophones
28046,1,15,1,4,2,-4.295607621226889,4.295607621226889,pis@,anti_homophones
28047,1,0,0,10,4,-10.293141834229,10.293141834229,kanipoglas,anti_homophones
28048,1,0,0,7,2,-6.619913361068513,6.619913361068513,pRoklOS,anti_homophones
28049,1,2,0,7,3,-5.797357910398652,5.797357910398652,kREjone,anti_homophones
28050,1,12,0,4,2,-5.466843297392722,5.466843297392722,p°m@,anti_homophones
28051,1,6,0,6,2,-5.347543525428786,5.347543525428786,dilizm,anti_homophones
28052,1,1,0,8,3,-8.024363526240782,8.024363526240782,voRj@t9R,anti_homophones
28053,1,7,0,5,2,-5.4814466373354325,5.4814466373354325,taRge,anti_homophones
28054,1,11,0,3,1,-4.446028717195216,4.446028717195216,bjo,anti_homophones
28055,1,0,0,7,3,-8.403368655171919,8.403368655171919,delemys,anti_homophones
28056,1,1,1,8,4,-5.775293493476625,5.775293493476625,banEl°m@,anti_homophones
28057,1,0,0,8,4,-7.683746099697637,7.683746099697637,kotER°Ri,anti_homophones
28058,1,0,0,10,4,-8.670141397092223,8.670141397092223,k§pRimigR@,anti_homophones
28059,1,1,0,6,2,-5.881470850055634,5.881470850055634,astREl,anti_homophones
28060,1,4,1,5,2,-4.730594798945695,4.730594798945695,p§tin,anti_homophones
28061,1,2,0,5,3,-5.555522882518114,5.555522882518114,egoin,anti_homophones
28062,1,16,0,6,3,-4.768553254479482,4.768553254479482,p@t°m@,anti_homophones
28063,1,3,0,6,2,-5.460679314572996,5.460679314572996,pERbje,anti_homophones
28064,1,5,0,7,3,-5.8127342672360065,5.8127342672360065,kRak°m@,anti_homophones
28065,1,0,0,8,3,-7.518658004056746,7.518658004056746,ekRwajER,anti_homophones
28066,1,17,0,5,2,-5.406552183328885,5.406552183328885,Satik,anti_homophones
28067,1,0,0,7,3,-6.848279785408331,6.848279785408331,volaRme,anti_homophones
28068,1,0,0,7,4,-6.788150458663543,6.788150458663543,epERfe§,anti_homophones
28069,1,6,0,6,3,-5.4767683257658915,5.4767683257658915,desine,anti_homophones
28070,1,0,0,9,4,-6.4516039574652515,6.4516039574652515,dezyltyRe,anti_homophones
28071,1,0,0,7,3,-6.272171553831509,6.272171553831509,vokaNOl,anti_homophones
28072,1,7,0,4,1,-5.299209291718686,5.299209291718686,fROm,anti_homophones
28073,1,0,0,8,4,-8.597500335578234,8.597500335578234,omozisjo,anti_homophones
28074,1,0,0,9,4,-10.069210569909187,10.069210569909187,v@ZinaRSe,anti_homophones
28075,1,7,0,5,2,-6.382798007579247,6.382798007579247,matEn,anti_homophones
28076,1,1,0,6,3,-4.723345635877492,4.723345635877492,myz°le,anti_homophones
28077,1,0,0,8,3,-9.075348573771375,9.075348573771375,totRuj9R,anti_homophones
28078,1,0,0,10,4,-7.8547608437873855,7.8547608437873855,ev@tRonist,anti_homophones
28079,1,7,0,4,2,-5.860625813175693,5.860625813175693,dizi,anti_homophones
28080,1,11,0,4,1,-4.492310189020728,4.492310189020728,klam,anti_homophones
28081,1,1,0,6,3,-6.0529465046504205,6.0529465046504205,Ratole,anti_homophones
28082,1,1,0,5,2,-6.317849275005375,6.317849275005375,mwEta,anti_homophones
28083,1,1,0,5,2,-9.401195976816107,9.401195976816107,atlZi,anti_homophones
28084,1,0,0,11,4,-11.035557629070999,11.035557629070999,maRaguRmist,anti_homophones
28085,1,0,0,8,4,-7.097289137783361,7.097289137783361,Ostin°Ri,anti_homophones
28086,1,1,0,6,2,-7.082248658109642,7.082248658109642,panyRZ,anti_homophones
28087,1,1,0,5,2,-6.358756167735528,6.358756167735528,Rokle,anti_homophones
28088,1,0,0,9,3,-7.82796315477854,7.82796315477854,buRyRZist,anti_homophones
28089,1,3,0,6,2,-6.978167992577542,6.978167992577542,knolOg,anti_homophones
28090,1,9,0,5,2,-5.359470017697023,5.359470017697023,taRiz,anti_homophones
28091,1,0,0,8,4,-7.20747026348113,7.20747026348113,5petydje,anti_homophones
28092,1,3,0,5,3,-7.081941653768493,7.081941653768493,@p°te,anti_homophones
28093,1,0,0,10,4,-9.589037781392735,9.589037781392735,ORgalatist,anti_homophones
28094,1,0,0,10,4,-6.401202627971123,6.401202627971123,5spEktasj§,anti_homophones
28095,1,2,0,6,3,-5.530887657059116,5.530887657059116,Egz@te,anti_homophones
28096,1,0,0,8,4,-7.576180426024279,7.576180426024279,bykov°t§,anti_homophones
28097,1,3,0,5,3,-5.395497054948376,5.395497054948376,5pose,anti_homophones
28098,1,0,0,10,4,-7.228489062210542,7.228489062210542,SaRlatasj§,anti_homophones
28099,1,1,0,7,3,-7.089510149476547,7.089510149476547,giRloZi,anti_homophones
28100,1,2,0,7,3,-5.77996459852611,5.77996459852611,R°v@dje,anti_homophones
28101,1,0,0,7,3,-6.6197987436149,6.6197987436149,devizja,anti_homophones
28102,1,0,0,6,2,-6.420932313401105,6.420932313401105,bogEtR,anti_homophones
28103,1,3,0,6,2,-5.0905026765337364,5.0905026765337364,k@tjER,anti_homophones
28104,1,0,0,7,2,-7.551035881394375,7.551035881394375,gREkt8e,anti_homophones
28105,1,1,0,5,2,-5.9324332322710625,5.9324332322710625,aRZEn,anti_homophones
28106,1,0,0,9,4,-8.685228962446905,8.685228962446905,Retik§kEt,anti_homophones
28107,1,3,0,5,2,-5.682666859207372,5.682666859207372,mitRi,anti_homophones
28108,1,12,0,5,2,-5.1819182995515165,5.1819182995515165,alabl,anti_homophones
28109,1,4,0,5,2,-5.384843639198711,5.384843639198711,twam@,anti_homophones
28110,1,1,0,9,3,-5.500555612119901,5.500555612119901,sygZEstj§,anti_homophones
28111,1,0,0,9,4,-8.894895386556518,8.894895386556518,kapokalke,anti_homophones
28112,1,1,0,7,3,-6.517866642023191,6.517866642023191,efemEtR,anti_homophones
28113,1,13,0,4,2,-4.555192782595927,4.555192782595927,k§dy,anti_homophones
28114,1,0,0,9,4,-8.585206254730796,8.585206254730796,sypRadon@,anti_homophones
28115,1,0,0,7,3,-6.623142649823142,6.623142649823142,oRj@tif,anti_homophones
28116,1,0,0,7,3,-6.559321402080974,6.559321402080974,Zipsone,anti_homophones
28117,1,0,0,5,3,-6.53217054318981,6.53217054318981,@plee,anti_homophones
28118,1,0,0,7,3,-5.445156922453755,5.445156922453755,SwEt°m@,anti_homophones
28119,1,1,0,8,3,-6.929914456225825,6.929914456225825,peplyvj5,anti_homophones
28120,1,1,0,5,2,-4.550541826379346,4.550541826379346,ORgan,anti_homophones
28121,1,0,0,9,4,-9.301566181624382,9.301566181624382,kalmigaRi,anti_homophones
28122,1,0,0,5,2,-5.351912344238692,5.351912344238692,bud9l,anti_homophones
28123,1,0,0,12,4,-8.9795651663505,8.9795651663505,tR@spozibl9R,anti_homophones
28124,1,0,0,7,3,-7.800564735067799,7.800564735067799,viZeRj5,anti_homophones
28125,1,1,0,5,2,-5.745951892688373,5.745951892688373,R@bOS,anti_homophones
28126,1,2,0,4,1,-4.920591856361271,4.920591856361271,n9vR,anti_homophones
28127,1,0,0,10,4,-7.901605800578339,7.901605800578339,vokaRbonik,anti_homophones
28128,1,1,0,7,2,-6.718681659353559,6.718681659353559,pRefREl,anti_homophones
28129,1,0,0,9,4,-6.789073089696752,6.789073089696752,buRg@t°Ri,anti_homophones
28130,1,11,0,3,1,-4.69901620342011,4.69901620342011,nOn,anti_homophones
28131,1,0,0,7,3,-8.011844681783689,8.011844681783689,stanito,anti_homophones
28132,1,0,0,10,4,-9.153066043418672,9.153066043418672,Rudyksjoni,anti_homophones
28133,1,2,0,7,3,-5.788911984538059,5.788911984538059,k§Zygas,anti_homophones
28134,1,2,0,7,3,-6.0388749413142335,6.0388749413142335,soman9R,anti_homophones
28135,1,0,0,6,3,-7.343619194747214,7.343619194747214,SilORi,anti_homophones
28136,1,0,0,7,2,-5.505125711708799,5.505125711708799,pERstik,anti_homophones
28137,1,21,0,3,1,-4.473081364690267,4.473081364690267,fla,anti_homophones
28138,1,0,0,11,4,-11.783623908521767,11.783623908521767,kulwaRkEsEl,anti_homophones
28139,1,0,0,8,4,-6.860492680137835,6.860492680137835,5pOstype,anti_homophones
28140,1,0,0,5,2,-6.534025485262641,6.534025485262641,tOman,anti_homophones
28141,1,2,0,7,3,-5.437754969375447,5.437754969375447,bwat°Ri,anti_homophones
28142,1,6,0,6,2,-5.631747852584423,5.631747852584423,kRetiR,anti_homophones
28143,1,2,0,7,2,-5.815689844080963,5.815689844080963,laktibl,anti_homophones
28144,1,2,0,6,2,-5.65232127086387,5.65232127086387,depRin,anti_homophones
28145,1,3,0,6,2,-5.9971096835104385,5.9971096835104385,klORin,anti_homophones
28146,1,0,0,7,2,-6.363167725913075,6.363167725913075,R°tRabl,anti_homophones
28147,1,0,0,9,4,-7.547435830310743,7.547435830310743,deg§fl@k5,anti_homophones
28148,1,6,0,5,2,-5.704296169746221,5.704296169746221,p@tiR,anti_homophones
28149,1,2,0,5,3,-5.800093547538195,5.800093547538195,agad5,anti_homophones
28150,1,2,0,7,3,-5.267488848992806,5.267488848992806,sigat9R,anti_homophones
28151,1,1,0,6,2,-5.15696443637941,5.15696443637941,SaRd9R,anti_homophones
28152,1,0,0,7,4,-6.671603087424928,6.671603087424928,ek2tane,anti_homophones
28153,1,0,0,11,4,-11.199805372228951,11.199805372228951,detRustufw5,anti_homophones
28154,1,1,0,7,3,-5.379012585878461,5.379012585878461,suv°niR,anti_homophones
28155,1,4,0,5,2,-5.215540903680395,5.215540903680395,syRke,anti_homophones
28156,1,0,0,8,3,-11.428709638473684,11.428709638473684,djyRERaZ,anti_homophones
28157,1,0,0,11,4,-10.767872675074534,10.767872675074534,pitatwaRsEk,anti_homophones
28158,1,0,0,8,3,-7.447470172176101,7.447470172176101,siRyRZin,anti_homophones
28159,1,0,0,10,4,-8.828388229345508,8.828388229345508,delEktilEm,anti_homophones
28160,1,0,0,11,4,-9.37470848980103,9.37470848980103,topatRomEtR,anti_homophones
28161,1,0,0,9,3,-9.789383906693535,9.789383906693535,papjoklyR,anti_homophones
28162,1,7,1,8,3,-5.444159341800605,5.444159341800605,pRedasj§,anti_homophones
28163,1,0,0,11,4,-9.463294477455312,9.463294477455312,demiptimist,anti_homophones
28164,1,3,0,5,2,-5.866698798026729,5.866698798026729,f@dR2,anti_homophones
28165,1,0,0,7,3,-6.049092569297587,6.049092569297587,syRReEN,anti_homophones
28166,1,1,0,8,3,-7.265467082803364,7.265467082803364,meniksj§,anti_homophones
28167,1,2,0,5,2,-5.42707980729937,5.42707980729937,kabOl,anti_homophones
28168,1,0,0,9,4,-8.516034263058922,8.516034263058922,tRy@danaR,anti_homophones
28169,1,0,0,9,3,-8.593718910501227,8.593718910501227,tanevRist,anti_homophones
28170,1,1,0,6,2,-6.861382191471963,6.861382191471963,sodjEs,anti_homophones
28171,1,1,0,7,3,-5.883224690778655,5.883224690778655,petOlOg,anti_homophones
28172,1,0,0,9,4,-8.835750856331185,8.835750856331185,dekuRbyt@,anti_homophones
28173,1,2,0,7,3,-5.713310638188217,5.713310638188217,susk°m@,anti_homophones
28174,1,5,1,5,1,-4.764567224362182,4.764567224362182,pjabl,anti_homophones
28175,1,5,0,6,3,-5.8855630568782065,5.8855630568782065,defale,anti_homophones
28176,1,0,0,9,4,-9.24202230237476,9.24202230237476,@digolj@s,anti_homophones
28177,1,0,0,7,3,-8.17428648917897,8.17428648917897,abugRit,anti_homophones
28178,1,0,0,7,3,-6.382438018484676,6.382438018484676,malonaZ,anti_homophones
28179,1,3,1,5,2,-4.6042990617841735,4.6042990617841735,duble,anti_homophones
28180,1,0,0,8,4,-10.810426351455867,10.810426351455867,s§Zelopa,anti_homophones
28181,1,4,0,5,3,-5.333994777822082,5.333994777822082,aS°R§,anti_homophones
28182,1,1,0,6,2,-6.545959315574659,6.545959315574659,minakR,anti_homophones
28183,1,3,0,5,2,-5.5519286023348755,5.5519286023348755,myzj§,anti_homophones
28184,1,3,0,6,3,-5.865752015355527,5.865752015355527,kom@Se,anti_homophones
28185,1,0,0,14,4,-11.71694808876512,11.71694808876512,skRoskOlpolist,anti_homophones
28186,1,0,0,9,4,-6.468342748355829,6.468342748355829,Ektibl°m@,anti_homophones
28187,1,0,0,11,4,-8.90314877770142,8.90314877770142,Eksp@siflOk,anti_homophones
28188,1,0,0,7,3,-7.5816488320628,7.5816488320628,avjagn@,anti_homophones
28189,1,0,0,9,4,-9.075985917473526,9.075985917473526,sulakaNaR,anti_homophones
28190,1,5,0,5,2,-4.5793800720942865,4.5793800720942865,suSEt,anti_homophones
28191,1,0,0,6,3,-7.491861202199812,7.491861202199812,@gRigo,anti_homophones
28192,1,5,0,5,3,-5.061897100748306,5.061897100748306,opine,anti_homophones
28193,1,0,0,8,4,-7.953401507310541,7.953401507310541,ekonjEze,anti_homophones
28194,1,5,0,5,3,-5.6862713681991846,5.6862713681991846,aRole,anti_homophones
28195,1,2,0,6,3,-4.862550390955745,4.862550390955745,obeist,anti_homophones
28196,1,3,0,6,3,-5.4415778565158925,5.4415778565158925,kayt9R,anti_homophones
28197,1,0,0,8,3,-6.911938317281882,6.911938317281882,SER°mEtR,anti_homophones
28198,1,8,0,4,2,-5.751615494748602,5.751615494748602,aSik,anti_homophones
28199,1,1,0,6,3,-6.637184582635957,6.637184582635957,pal@t§,anti_homophones
28200,1,0,0,9,4,-8.651154503555409,8.651154503555409,sabitatyR,anti_homophones
28201,1,4,0,6,2,-5.526108362800074,5.526108362800074,kuRtif,anti_homophones
28202,1,2,0,5,2,-5.296641477859473,5.296641477859473,R°vj5,anti_homophones
28203,1,0,0,6,3,-5.8102474054723405,5.8102474054723405,Z°n°v2,anti_homophones
28204,1,1,0,9,4,-5.711380322715405,5.711380322715405,distik°m@,anti_homophones
28205,1,0,0,9,3,-7.90375203639862,7.90375203639862,kROksitoz,anti_homophones
28206,1,0,0,8,3,-8.489320124576954,8.489320124576954,k@bik8is,anti_homophones
28207,1,0,0,7,3,-6.8204941141042505,6.8204941141042505,k§donik,anti_homophones
28208,1,1,0,6,3,-5.709717548050353,5.709717548050353,peZone,anti_homophones
28209,1,10,0,4,2,-5.401737326205489,5.401737326205489,ERaZ,anti_homophones
28210,1,0,0,8,4,-7.826645788461022,7.826645788461022,sigaRoid,anti_homophones
28211,1,4,0,8,3,-5.525079341482679,5.525079341482679,Raplasj§,anti_homophones
28212,1,0,0,7,3,-6.478742666326821,6.478742666326821,EgzotOS,anti_homophones
28213,1,4,1,9,4,-5.460852336220882,5.460852336220882,laktiv°m@,anti_homophones
28214,1,0,0,7,3,-7.884477739782614,7.884477739782614,RytiR9R,anti_homophones
28215,1,7,0,4,1,-5.257048086230628,5.257048086230628,bwan,anti_homophones
28216,1,0,0,9,4,-10.769598692897777,10.769598692897777,Revj@daz5,anti_homophones
28217,1,0,0,8,3,-7.48764517347905,7.48764517347905,badERniR,anti_homophones
28218,1,2,0,6,3,-5.280998747175776,5.280998747175776,@bwaje,anti_homophones
28219,1,4,0,5,3,-5.09489862984092,5.09489862984092,@guR2,anti_homophones
28220,1,2,0,6,2,-5.8696909744995045,5.8696909744995045,SaRnj5,anti_homophones
28221,1,1,0,7,3,-6.374402454886423,6.374402454886423,gRupise,anti_homophones
28222,1,0,0,7,3,-6.8179046605466205,6.8179046605466205,pytjone,anti_homophones
28223,1,4,0,7,3,-5.178454683776115,5.178454683776115,sekylER,anti_homophones
28224,1,0,0,8,3,-7.043965231815996,7.043965231815996,R°ZistRe,anti_homophones
28225,1,0,0,9,4,-7.972564072472022,7.972564072472022,Zinwis°m@,anti_homophones
28226,1,0,0,8,3,-6.8018927001691445,6.8018927001691445,fabet5dR,anti_homophones
28227,1,0,0,11,4,-11.944264358616353,11.944264358616353,lipsedistRe,anti_homophones
28228,1,0,0,7,3,-10.311817142318523,10.311817142318523,fwazib§,anti_homophones
28229,1,0,0,9,4,-8.392052640600294,8.392052640600294,emERdon@s,anti_homophones
28230,1,1,0,7,3,-6.376219304076112,6.376219304076112,ReaZizm,anti_homophones
28231,1,6,0,5,2,-5.237276820205959,5.237276820205959,minas,anti_homophones
28232,1,5,0,5,2,-5.310826853855502,5.310826853855502,atRin,anti_homophones
28233,1,3,0,5,2,-5.5391837272406566,5.5391837272406566,pERko,anti_homophones
28234,1,3,0,5,2,-5.688242233803234,5.688242233803234,pRon§,anti_homophones
28235,1,0,0,6,2,-8.399398861953932,8.399398861953932,k@tR5k,anti_homophones
28236,1,3,0,8,3,-5.207184646833752,5.207184646833752,delEksj§,anti_homophones
28237,1,0,0,8,3,-6.9506278286766685,6.9506278286766685,RoteRabl,anti_homophones
28238,1,1,0,5,1,-5.376464216030618,5.376464216030618,b8abl,anti_homophones
28239,1,0,0,11,4,-9.04132573032168,9.04132573032168,apstRaval@s,anti_homophones
28240,1,0,0,6,3,-7.910680828771468,7.910680828771468,tan5fo,anti_homophones
28241,1,0,0,7,3,-6.2970815261873625,6.2970815261873625,RautSiG,anti_homophones
28242,1,6,1,4,2,-4.507024170135369,4.507024170135369,Zig@,anti_homophones
28243,1,19,0,3,1,-4.934925263688242,4.934925263688242,jal,anti_homophones
28244,1,4,1,8,4,-4.882618400262166,4.882618400262166,Retik°m@,anti_homophones
28245,1,4,0,5,2,-4.844724971250767,4.844724971250767,bRyle,anti_homophones
28246,1,3,1,4,1,-4.698981018373255,4.698981018373255,def1,anti_homophones
28247,1,7,0,5,3,-5.217552190544441,5.217552190544441,@pone,anti_homophones
28248,1,2,1,6,3,-6.098105940840546,6.098105940840546,eklone,anti_homophones
28249,1,0,0,8,3,-7.605273480285028,7.605273480285028,sopudRif,anti_homophones
28250,1,14,1,4,2,-4.993130574824172,4.993130574824172,aREn,anti_homophones
28251,1,2,0,7,2,-6.534720720851271,6.534720720851271,baRmwaR,anti_homophones
28252,1,0,0,7,3,-7.006158412066514,7.006158412066514,@tRaz9R,anti_homophones
28253,1,0,0,10,4,-12.260383473236336,12.260383473236336,gRymilj2iR,anti_homophones
28254,1,5,0,5,2,-4.66744139468251,4.66744139468251,pReN@,anti_homophones
28255,1,4,0,4,1,-5.106945287502833,5.106945287502833,vjOl,anti_homophones
28256,1,7,0,4,2,-4.757566092429908,4.757566092429908,Zin2,anti_homophones
28257,1,1,0,7,3,-7.213367576300985,7.213367576300985,dekomOt,anti_homophones
28258,1,0,0,8,3,-6.346968872830655,6.346968872830655,banalist,anti_homophones
28259,1,15,0,2,1,-5.111363386184587,5.111363386184587,S5,anti_homophones
28260,1,3,1,5,2,-5.571228285987247,5.571228285987247,maksE,anti_homophones
28261,1,1,0,9,4,-6.640487026411284,6.640487026411284,fySjal°m@,anti_homophones
28262,1,0,0,7,4,-6.940489679086532,6.940489679086532,5vEj2te,anti_homophones
28263,1,1,0,6,3,-7.759554426373923,7.759554426373923,RokOpe,anti_homophones
28264,1,0,0,8,3,-7.104977713820617,7.104977713820617,seRezist,anti_homophones
28265,1,1,0,6,3,-5.63990899042979,5.63990899042979,pekym@,anti_homophones
28266,1,0,0,9,4,-8.373990019326317,8.373990019326317,asupletje,anti_homophones
28267,1,0,0,11,4,-8.794102856171124,8.794102856171124,sypstR@s°m@,anti_homophones
28268,1,0,0,8,4,-8.221593843342612,8.221593843342612,f§ZitikE,anti_homophones
28269,1,0,0,6,3,-7.3180769574766655,7.3180769574766655,amyloz,anti_homophones
28270,1,0,0,6,2,-6.273630677358858,6.273630677358858,maldOg,anti_homophones
28271,1,11,0,3,1,-5.620468707193016,5.620468707193016,SEv,anti_homophones
28272,1,0,0,9,3,-8.861782592319353,8.861782592319353,salt5kt9R,anti_homophones
28273,1,1,0,8,4,-8.025611728305725,8.025611728305725,sujEn°m@,anti_homophones
28274,1,0,0,6,3,-5.54422750601938,5.54422750601938,R2tybe,anti_homophones
28275,1,0,0,8,4,-8.619740259295206,8.619740259295206,anyfaRis,anti_homophones
28276,1,0,0,7,3,-6.75852522029908,6.75852522029908,tesORte,anti_homophones
28277,1,0,0,10,4,-9.526980235316419,9.526980235316419,5k§stR°kRy,anti_homophones
28278,1,2,0,5,2,-4.4001682301716505,4.4001682301716505,5fORm,anti_homophones
28279,1,1,0,6,3,-5.113453191992242,5.113453191992242,epinj5,anti_homophones
28280,1,10,0,5,2,-4.5323853843771,4.5323853843771,metRi,anti_homophones
28281,1,11,0,4,2,-4.4992520135520335,4.4992520135520335,def@,anti_homophones
28282,1,0,0,11,4,-8.474671238115452,8.474671238115452,Rodyksjonje,anti_homophones
28283,1,6,0,5,2,-4.830625995022837,4.830625995022837,ReZj5,anti_homophones
28284,1,0,0,9,4,-8.12642159706581,8.12642159706581,Zenes@sif,anti_homophones
28285,1,2,0,6,2,-5.957287591150071,5.957287591150071,R°pRiz,anti_homophones
28286,1,0,0,8,3,-7.710656523145257,7.710656523145257,Radaptom,anti_homophones
28287,1,0,0,9,4,-6.300623006454435,6.300623006454435,m5mizasj§,anti_homophones
28288,1,1,0,7,2,-5.745756923382574,5.745756923382574,djanizm,anti_homophones
28289,1,0,0,7,4,-7.959147747575637,7.959147747575637,aRinoZe,anti_homophones
28290,1,1,0,6,2,-6.531524454630456,6.531524454630456,buRdEn,anti_homophones
28291,1,2,0,6,3,-6.805919920881401,6.805919920881401,R°tEla,anti_homophones
28292,1,17,0,3,1,-4.649986380007751,4.649986380007751,kok,anti_homophones
28293,1,4,0,6,2,-5.010485481248693,5.010485481248693,Opstik,anti_homophones
28294,1,28,0,3,2,-4.538142572021026,4.538142572021026,abi,anti_homophones
28295,1,3,0,6,2,-5.152269094346083,5.152269094346083,sovjEt,anti_homophones
28296,1,0,0,9,4,-8.532482185710021,8.532482185710021,b2zof@siv,anti_homophones
28297,1,2,0,5,2,-5.651045229864884,5.651045229864884,R°pEj,anti_homophones
28298,1,0,0,9,4,-8.157666830315893,8.157666830315893,ZiRwat°lE,anti_homophones
28299,1,0,0,6,2,-6.438279872812201,6.438279872812201,stRode,anti_homophones
28300,1,0,0,7,4,-6.891184512595029,6.891184512595029,Zeoman@,anti_homophones
28301,1,2,0,7,3,-5.964116505648848,5.964116505648848,s°g§daZ,anti_homophones
28302,1,2,0,9,4,-5.354736389336107,5.354736389336107,pRetik°m@,anti_homophones
28303,1,1,0,7,3,-7.534596348407124,7.534596348407124,maRinOR,anti_homophones
28304,1,31,0,2,1,-4.569663966223016,4.569663966223016,Ry,anti_homophones
28305,1,2,0,7,2,-5.48633345780384,5.48633345780384,kalvabl,anti_homophones
28306,1,0,0,7,3,-7.637716154440055,7.637716154440055,denjeRo,anti_homophones
28307,1,1,0,8,3,-6.08627381131448,6.08627381131448,pRydisj§,anti_homophones
28308,1,0,0,9,3,-5.72161057339804,5.72161057339804,tR@spasj§,anti_homophones
28309,1,7,0,5,2,-5.274681554828099,5.274681554828099,kaRt@,anti_homophones
28310,1,1,0,4,2,-5.9938803706791735,5.9938803706791735,am§t,anti_homophones
28311,1,0,0,10,4,-7.797398523282,7.797398523282,kuRtwajone,anti_homophones
28312,1,0,0,8,3,-9.305111859192573,9.305111859192573,seksEtje,anti_homophones
28313,1,1,0,6,3,-7.163346796127947,7.163346796127947,av@dad,anti_homophones
28314,1,1,0,7,3,-6.911099677865626,6.911099677865626,devosj5,anti_homophones
28315,1,11,0,4,1,-5.4577922091823226,5.4577922091823226,tRig,anti_homophones
28316,1,0,0,8,3,-7.936926425647213,7.936926425647213,fERveZj5,anti_homophones
28317,1,2,0,5,3,-5.404538547467412,5.404538547467412,5divE,anti_homophones
28318,1,0,0,7,3,-6.333947278803389,6.333947278803389,EksteRa,anti_homophones
28319,1,0,0,6,3,-5.678075091123973,5.678075091123973,piseRe,anti_homophones
28320,1,0,0,9,4,-9.304297860471417,9.304297860471417,dezobEkte,anti_homophones
28321,1,4,0,5,2,-5.604784020968381,5.604784020968381,lasaZ,anti_homophones
28322,1,0,0,6,3,-5.22851593929005,5.22851593929005,5kjete,anti_homophones
28323,1,1,0,7,3,-4.781823168562296,4.781823168562296,pybl°m@,anti_homophones
28324,1,0,0,9,4,-7.3092867750490065,7.3092867750490065,megal°taZ,anti_homophones
28325,1,2,0,5,2,-4.810521086858881,4.810521086858881,sekER,anti_homophones
28326,1,0,0,7,3,-7.3695838212511795,7.3695838212511795,p@pliko,anti_homophones
28327,1,0,0,12,4,-10.174174552767424,10.174174552767424,stREsp§silje,anti_homophones
28328,1,1,0,7,3,-5.759096841335919,5.759096841335919,dekojOt,anti_homophones
28329,1,1,0,5,2,-5.037893462514839,5.037893462514839,pulOt,anti_homophones
28330,1,3,0,6,2,-5.676677656754768,5.676677656754768,tRikaZ,anti_homophones
28331,1,3,0,7,3,-6.075268477151769,6.075268477151769,katiz9R,anti_homophones
28332,1,0,0,11,4,-11.537263160341567,11.537263160341567,t5paR@svElk,anti_homophones
28333,1,0,0,7,3,-6.619768091310972,6.619768091310972,apRozj§,anti_homophones
28334,1,0,0,9,3,-8.139540703615038,8.139540703615038,pROksilaR,anti_homophones
28335,1,2,0,6,3,-5.879280455529434,5.879280455529434,etityd,anti_homophones
28336,1,0,0,5,2,-6.772105269193978,6.772105269193978,s5dOm,anti_homophones
28337,1,10,1,4,2,-4.76308938817946,4.76308938817946,piko,anti_homophones
28338,1,1,0,8,3,-5.8937084599678276,5.8937084599678276,R°buRZwa,anti_homophones
28339,1,0,0,7,2,-6.660845646441026,6.660845646441026,swaRjal,anti_homophones
28340,1,7,0,6,2,-4.4935938033954175,4.4935938033954175,gRifje,anti_homophones
28341,1,1,0,9,4,-5.991172669087607,5.991172669087607,@ksgivite,anti_homophones
28342,1,6,0,5,2,-6.49331154160366,6.49331154160366,nav9R,anti_homophones
28343,1,0,0,10,4,-11.52204857656267,11.52204857656267,atRisElt82,anti_homophones
28344,1,0,0,10,3,-9.152534813771812,9.152534813771812,pROpsEswaR,anti_homophones
28345,1,0,0,10,4,-7.835725758097274,7.835725758097274,sypERsikje,anti_homophones
28346,1,9,0,4,2,-4.490383827009382,4.490383827009382,f§de,anti_homophones
28347,1,0,0,11,4,-8.76673707507061,8.76673707507061,fygastR8ite,anti_homophones
28348,1,0,0,10,4,-7.571162378684061,7.571162378684061,palmolysj§,anti_homophones
28349,1,0,0,9,4,-7.698302212418884,7.698302212418884,kuSaRZ@te,anti_homophones
28350,1,0,0,12,4,-10.934771613266935,10.934771613266935,f2dispEktwaR,anti_homophones
28351,1,0,0,10,4,-9.868602347825458,9.868602347825458,paladjalER,anti_homophones
28352,1,4,0,4,1,-5.195471847830346,5.195471847830346,tR8e,anti_homophones
28353,1,1,0,6,2,-5.898965190308678,5.898965190308678,lavabl,anti_homophones
28354,1,8,0,5,2,-5.709494431315486,5.709494431315486,SaRik,anti_homophones
28355,1,0,0,9,3,-7.906913727167757,7.906913727167757,klERvatik,anti_homophones
28356,1,4,0,5,2,-5.503150513127352,5.503150513127352,mORal,anti_homophones
28357,1,2,0,7,3,-7.169203069879663,7.169203069879663,polism@,anti_homophones
28358,1,0,0,8,3,-6.456856848914459,6.456856848914459,fRiZinaZ,anti_homophones
28359,1,0,0,7,3,-7.35785970911186,7.35785970911186,nuvElto,anti_homophones
28360,1,2,0,5,3,-6.202177807032507,6.202177807032507,@buka,anti_homophones
28361,1,0,0,6,3,-6.2919599934172,6.2919599934172,@byldo,anti_homophones
28362,1,0,0,7,3,-6.091240057835399,6.091240057835399,milisj§,anti_homophones
28363,1,5,0,5,2,-4.989911147188352,4.989911147188352,bERZi,anti_homophones
28364,1,0,0,6,3,-6.853738282124362,6.853738282124362,batopi,anti_homophones
28365,1,0,0,8,3,-6.124363547795918,6.124363547795918,pRokat9R,anti_homophones
28366,1,7,1,7,3,-4.9191911136854936,4.9191911136854936,5tERnal,anti_homophones
28367,1,3,0,6,3,-5.551907518216071,5.551907518216071,@tRem@,anti_homophones
28368,1,0,0,10,4,-8.713022605076308,8.713022605076308,memogRatal,anti_homophones
28369,1,12,0,4,1,-4.749847563663723,4.749847563663723,kRam,anti_homophones
28370,1,0,0,10,4,-8.880107571813339,8.880107571813339,mepR§pet8e,anti_homophones
28371,1,6,0,6,2,-6.5032360054763245,6.5032360054763245,baRtaZ,anti_homophones
28372,1,2,0,6,2,-6.728944172177327,6.728944172177327,taRakt,anti_homophones
28373,1,7,0,5,2,-5.8624748040442665,5.8624748040442665,gRafy,anti_homophones
28374,1,0,0,6,3,-5.903704162453539,5.903704162453539,veZete,anti_homophones
28375,1,3,0,7,3,-6.165295295482932,6.165295295482932,pERmino,anti_homophones
28376,1,0,0,6,3,-5.5504131013074085,5.5504131013074085,begej@,anti_homophones
28377,1,10,0,3,1,-5.8020794045010975,5.8020794045010975,ERd,anti_homophones
28378,1,0,0,9,4,-9.696846967943127,9.696846967943127,afleRjoRe,anti_homophones
28379,1,2,0,5,2,-4.561378866283198,4.561378866283198,Rap2t,anti_homophones
28380,1,13,0,4,3,-4.874027237782955,4.874027237782955,aane,anti_homophones
28381,1,2,0,8,4,-4.999887407975571,4.999887407975571,k§sis°m@,anti_homophones
28382,1,15,0,3,2,-5.40470368146132,5.40470368146132,any,anti_homophones
28383,1,4,0,4,2,-5.765811929805279,5.765811929805279,tola,anti_homophones
28384,1,1,0,6,3,-5.634569389842184,5.634569389842184,inap9R,anti_homophones
28385,1,4,0,5,2,-5.919522716171752,5.919522716171752,5tROf,anti_homophones
28386,1,3,0,5,2,-7.216738555751338,7.216738555751338,Ejsj§,anti_homophones
28387,1,1,0,6,3,-6.826752676071418,6.826752676071418,banis@,anti_homophones
28388,1,14,0,4,2,-4.991203187937761,4.991203187937761,emin,anti_homophones
28389,1,5,0,5,2,-5.3804316399323495,5.3804316399323495,SalEn,anti_homophones
28390,1,0,0,9,4,-8.3536238638245,8.3536238638245,pOgonoman,anti_homophones
28391,1,0,0,5,2,-5.358971621386869,5.358971621386869,p5bES,anti_homophones
28392,1,0,0,8,3,-8.36906502680727,8.36906502680727,komitist,anti_homophones
28393,1,3,0,5,3,-6.267842239592489,6.267842239592489,Zakao,anti_homophones
28394,1,0,0,10,4,-7.986312883731302,7.986312883731302,degRamenaZ,anti_homophones
28395,1,0,0,6,3,-6.801528312200667,6.801528312200667,izodit,anti_homophones
28396,1,1,0,5,2,-6.777937691219298,6.777937691219298,oswaf,anti_homophones
28397,1,0,0,8,4,-9.383284040510144,9.383284040510144,yRoliRyR,anti_homophones
28398,1,0,0,6,3,-9.592257166989802,9.592257166989802,lORify,anti_homophones
28399,1,0,0,6,3,-6.192326575587099,6.192326575587099,n2Rono,anti_homophones
28400,1,8,0,5,2,-4.9438258483208,4.9438258483208,onizm,anti_homophones
28401,1,4,0,4,2,-4.563995880586409,4.563995880586409,deRu,anti_homophones
28402,1,0,0,8,4,-7.954516486426777,7.954516486426777,SetiseRe,anti_homophones
28403,1,3,0,5,2,-5.4425907713256585,5.4425907713256585,Regat,anti_homophones
28404,1,8,0,4,2,-5.388821571936263,5.388821571936263,sofi,anti_homophones
28405,1,1,0,6,2,-6.231521590139535,6.231521590139535,plEjdi,anti_homophones
28406,1,1,0,7,3,-5.6259790821756965,5.6259790821756965,musk°m@,anti_homophones
28407,1,1,0,7,3,-6.06298094535119,6.06298094535119,Revetik,anti_homophones
28408,1,0,0,8,3,-7.9474839820765855,7.9474839820765855,pRotofys,anti_homophones
28409,1,6,0,5,2,-4.364285380257707,4.364285380257707,fORm@,anti_homophones
28410,1,12,0,5,2,-4.909263581328418,4.909263581328418,SaRje,anti_homophones
28411,1,4,0,5,2,-5.088618622243812,5.088618622243812,t@gaZ,anti_homophones
28412,1,2,0,7,2,-6.282235669218528,6.282235669218528,kRomist,anti_homophones
28413,1,0,0,9,4,-7.889510326069248,7.889510326069248,lygybRiko,anti_homophones
28414,1,3,0,5,3,-5.161017828308538,5.161017828308538,emuly,anti_homophones
28415,1,0,0,7,3,-5.3470332174872075,5.3470332174872075,kaf°taZ,anti_homophones
28416,1,0,0,8,3,-6.493141397659549,6.493141397659549,basEptik,anti_homophones
28417,1,9,0,4,2,-5.213649831382044,5.213649831382044,liv@,anti_homophones
28418,1,0,0,8,3,-7.075816320001479,7.075816320001479,baRbyRiR,anti_homophones
28419,1,1,0,5,2,-4.869893888335822,4.869893888335822,papgE,anti_homophones
28420,1,0,0,6,2,-5.594557067365363,5.594557067365363,ZERz5g,anti_homophones
28421,1,0,0,11,4,-10.624285584656763,10.624285584656763,S5SifR°d5dR,anti_homophones
28422,1,0,0,8,2,-7.789490182243014,7.789490182243014,totOpstR,anti_homophones
28423,1,0,0,9,3,-9.438273503360918,9.438273503360918,g§gRwit9R,anti_homophones
28424,1,1,0,8,3,-6.389709074932945,6.389709074932945,pRomisj§,anti_homophones
28425,1,0,0,7,2,-6.267717546630786,6.267717546630786,stRav9R,anti_homophones
28426,1,8,0,4,2,-4.781339708977935,4.781339708977935,edyk,anti_homophones
28427,1,6,1,4,1,-5.033981813485483,5.033981813485483,k8id,anti_homophones
28428,1,0,0,9,4,-7.265662975316665,7.265662975316665,k§ZwaR°m@,anti_homophones
28429,1,0,0,7,3,-7.9324107532789565,7.9324107532789565,p@kal@s,anti_homophones
28430,1,5,0,4,2,-4.7763936229908825,4.7763936229908825,R°zu,anti_homophones
28431,1,10,0,3,1,-5.142927393971182,5.142927393971182,nja,anti_homophones
28432,1,1,0,6,2,-6.188177747973957,6.188177747973957,R@blER,anti_homophones
28433,1,0,0,10,4,-8.897530748251665,8.897530748251665,nefRijonik,anti_homophones
28434,1,0,0,9,3,-8.095045529740364,8.095045529740364,pResaRabl,anti_homophones
28435,1,0,0,8,3,-7.454064118576978,7.454064118576978,disiplEz,anti_homophones
28436,1,3,0,5,2,-4.979389587829621,4.979389587829621,fymje,anti_homophones
28437,1,0,0,7,3,-5.721952252754635,5.721952252754635,5v5sjal,anti_homophones
28438,1,1,0,5,2,-5.714268667708541,5.714268667708541,fafjo,anti_homophones
28439,1,0,0,8,3,-7.4995197789066985,7.4995197789066985,sypERs@t,anti_homophones
28440,1,1,0,5,2,-6.288617477637159,6.288617477637159,inaRS,anti_homophones
28441,1,0,0,8,4,-7.01545389323451,7.01545389323451,paRab°l5,anti_homophones
28442,1,1,0,6,3,-6.536484315750094,6.536484315750094,§bRase,anti_homophones
28443,1,1,0,6,2,-6.790661709570004,6.790661709570004,galjak,anti_homophones
28444,1,3,0,5,2,-5.494548962388018,5.494548962388018,sydEt,anti_homophones
28445,1,0,0,7,3,-8.80818644946724,8.80818644946724,gRes°ly,anti_homophones
28446,1,1,0,6,2,-5.201831620291758,5.201831620291758,kORpj§,anti_homophones
28447,1,10,0,4,2,-5.522082183638233,5.522082183638233,RaZi,anti_homophones
28448,1,1,0,6,3,-5.757982445774669,5.757982445774669,emylER,anti_homophones
28449,1,0,1,8,3,-5.438236197383837,5.438236197383837,pRodylER,anti_homophones
28450,1,1,0,7,3,-6.090041713012569,6.090041713012569,sORt°Ri,anti_homophones
28451,1,0,0,7,4,-7.077839013338669,7.077839013338669,bakaot@,anti_homophones
28452,1,0,0,9,4,-11.533877346988627,11.533877346988627,v@ZeRiziG,anti_homophones
28453,1,5,0,5,3,-5.664527218887567,5.664527218887567,etuRe,anti_homophones
28454,1,0,0,9,3,-10.418421262289355,10.418421262289355,klwaZinEk,anti_homophones
28455,1,0,0,8,3,-8.883522743119668,8.883522743119668,pladitif,anti_homophones
28456,1,11,1,6,3,-4.999238360584038,4.999238360584038,bat°Ri,anti_homophones
28457,1,5,1,5,1,-5.061052534192676,5.061052534192676,mORdR,anti_homophones
28458,1,1,0,7,3,-5.725852897638021,5.725852897638021,pRovipe,anti_homophones
28459,1,2,0,5,1,-6.516351522858349,6.516351522858349,vjEnt,anti_homophones
28460,1,9,0,5,2,-5.80524996456901,5.80524996456901,motal,anti_homophones
28461,1,4,0,5,2,-4.789331565541678,4.789331565541678,Rig9R,anti_homophones
28462,1,22,0,2,1,-4.56792617554433,4.56792617554433,po,anti_homophones
28463,1,0,0,9,3,-8.436195664444671,8.436195664444671,mepRolabl,anti_homophones
28464,1,0,0,8,4,-5.924653065796457,5.924653065796457,Egzamize,anti_homophones
28465,1,0,0,9,4,-8.596614694765247,8.596614694765247,pulaZEsta,anti_homophones
28466,1,1,0,5,2,-6.789160413269115,6.789160413269115,5kRan,anti_homophones
28467,1,1,0,9,4,-7.39871162364848,7.39871162364848,RepaRZ°m@,anti_homophones
28468,1,0,0,8,4,-10.247361394191078,10.247361394191078,Opozamj5,anti_homophones
28469,1,3,0,7,3,-5.063873651014641,5.063873651014641,dj2z°m@,anti_homophones
28470,1,18,0,3,1,-4.301680469075168,4.301680469075168,pol,anti_homophones
28471,1,2,0,6,2,-5.354252400490693,5.354252400490693,spasaZ,anti_homophones
28472,1,0,0,7,4,-6.122509223782238,6.122509223782238,al§Z°le,anti_homophones
28473,1,1,0,5,3,-6.994419303641016,6.994419303641016,aRok§,anti_homophones
28474,1,0,0,7,3,-6.739763407125183,6.739763407125183,d@sifje,anti_homophones
28475,1,0,0,11,4,-11.809939058163211,11.809939058163211,pERkOlbanys,anti_homophones
28476,1,0,0,9,4,-10.050598791456961,10.050598791456961,ekalivRiR,anti_homophones
28477,1,11,0,4,2,-4.64980710444814,4.64980710444814,5fin,anti_homophones
28478,1,0,0,7,3,-6.369830751511973,6.369830751511973,debutij,anti_homophones
28479,1,0,0,7,3,-6.7740425342330735,6.7740425342330735,abilbER,anti_homophones
28480,1,0,0,5,1,-5.352428773748029,5.352428773748029,R@ntS,anti_homophones
28481,1,3,0,7,3,-5.908577896363539,5.908577896363539,yltyREl,anti_homophones
28482,1,3,1,6,2,-5.474678974721233,5.474678974721233,swaNaR,anti_homophones
28483,1,0,0,8,3,-8.213083117361332,8.213083117361332,legRafaZ,anti_homophones
28484,1,3,0,7,3,-5.689741208956262,5.689741208956262,bykasj§,anti_homophones
28485,1,4,0,4,1,-4.6844953100571285,4.6844953100571285,s@gl,anti_homophones
28486,1,0,0,8,3,-7.39570087693061,7.39570087693061,SosEswaR,anti_homophones
28487,1,4,0,4,2,-4.930217504597285,4.930217504597285,boEm,anti_homophones
28488,1,0,0,9,4,-8.298691701639608,8.298691701639608,t§t§dR°Ri,anti_homophones
28489,1,1,0,5,2,-5.8267378410780335,5.8267378410780335,lapj5,anti_homophones
28490,1,2,0,6,1,-4.863303157085557,4.863303157085557,skRist,anti_homophones
28491,1,1,0,6,2,-6.253339539201163,6.253339539201163,sERsif,anti_homophones
28492,1,3,1,8,3,-5.476442255233803,5.476442255233803,mediksj§,anti_homophones
28493,1,0,0,9,4,-11.129720026481039,11.129720026481039,fidaRdit@,anti_homophones
28494,1,0,0,8,4,-8.472211481501907,8.472211481501907,esORtezi,anti_homophones
28495,1,0,0,9,4,-7.328522888200536,7.328522888200536,Zylozisj5,anti_homophones
28496,1,0,0,7,3,-5.722169647460293,5.722169647460293,afEktOm,anti_homophones
28497,1,0,0,10,4,-7.023039466622192,7.023039466622192,debaRb°tje,anti_homophones
28498,1,0,0,9,4,-8.73301733727843,8.73301733727843,@tR°Zisj@,anti_homophones
28499,1,1,0,8,3,-7.776081603780812,7.776081603780812,zoRizabl,anti_homophones
28500,1,0,0,7,3,-8.070667014993045,8.070667014993045,bezosEz,anti_homophones
28501,1,6,0,4,1,-4.544344002484111,4.544344002484111,dZEt,anti_homophones
28502,1,0,0,10,4,-8.34792257174745,8.34792257174745,pRekypinER,anti_homophones
28503,1,0,0,10,4,-10.095216161669818,10.095216161669818,m8Edzanan@,anti_homophones
28504,1,19,0,3,1,-4.711867028469124,4.711867028469124,tuj,anti_homophones
28505,1,0,0,10,4,-7.6881734555012455,7.6881734555012455,vwal2Rasj§,anti_homophones
28506,1,0,0,9,4,-10.643211670772027,10.643211670772027,RosjabEte,anti_homophones
28507,1,0,0,8,4,-6.696365154423803,6.696365154423803,bygoloZi,anti_homophones
28508,1,0,0,10,4,-10.252585745699978,10.252585745699978,kotospotaZ,anti_homophones
28509,1,0,0,8,3,-8.131051570996004,8.131051570996004,filift9R,anti_homophones
28510,1,1,0,6,3,-5.153694832381283,5.153694832381283,sut°ny,anti_homophones
28511,1,0,0,7,3,-6.598504477019648,6.598504477019648,filatwa,anti_homophones
28512,1,0,0,10,4,-8.488564217607106,8.488564217607106,gRoskopyla,anti_homophones
28513,1,0,1,6,2,-4.998135615639356,4.998135615639356,Eks8El,anti_homophones
28514,1,0,0,11,4,-10.883206377339572,10.883206377339572,sORtyRfalEn,anti_homophones
28515,1,1,0,6,3,-6.206176040677641,6.206176040677641,5sidaZ,anti_homophones
28516,1,0,0,5,2,-7.515341406736275,7.515341406736275,falb2,anti_homophones
28517,1,0,0,8,3,-6.500587912714456,6.500587912714456,deblEjaZ,anti_homophones
28518,1,2,0,5,2,-5.578916405790086,5.578916405790086,kRimo,anti_homophones
28519,1,2,0,4,2,-6.0600019188157805,6.0600019188157805,v5di,anti_homophones
28520,1,5,0,3,1,-4.977785326189927,4.977785326189927,d9j,anti_homophones
28521,1,25,0,4,2,-4.41631237061285,4.41631237061285,make,anti_homophones
28522,1,0,0,7,3,-7.485929703796007,7.485929703796007,eSaRtuz,anti_homophones
28523,1,1,0,7,4,-5.955120261996303,5.955120261996303,5k§fede,anti_homophones
28524,1,13,0,4,1,-4.041534709867626,4.041534709867626,disk,anti_homophones
28525,1,0,0,9,3,-9.717969321614973,9.717969321614973,fR§t°Rjad,anti_homophones
28526,1,0,0,10,4,-9.038667550650745,9.038667550650745,tEkstypite,anti_homophones
28527,1,4,0,4,2,-5.4064247537685555,5.4064247537685555,efOR,anti_homophones
28528,1,0,0,8,3,-6.096097451186253,6.096097451186253,kOmynist,anti_homophones
28529,1,0,0,9,4,-9.72414608030832,9.72414608030832,SaRtiReni,anti_homophones
28530,1,20,0,4,2,-4.7065290895609815,4.7065290895609815,masi,anti_homophones
28531,1,0,0,10,4,-10.23027928417905,10.23027928417905,skafOtoSaZ,anti_homophones
28532,1,1,0,10,4,-6.727638592784771,6.727638592784771,sEkt82z°m@,anti_homophones
28533,1,3,0,4,2,-4.980298373890424,4.980298373890424,ReEN,anti_homophones
28534,1,1,0,7,3,-5.196388125194323,5.196388125194323,k§fiRme,anti_homophones
28535,1,0,0,11,4,-11.507593858914557,11.507593858914557,veROtskReti,anti_homophones
28536,1,0,0,6,3,-6.148647459644595,6.148647459644595,s5Z°R2,anti_homophones
28537,1,0,0,12,4,-10.411820989471533,10.411820989471533,vaks§psjonaZ,anti_homophones
28538,1,6,0,5,2,-5.191349338905156,5.191349338905156,SaRp5,anti_homophones
28539,1,0,0,8,4,-6.670803316177117,6.670803316177117,fidEl°m@,anti_homophones
28540,1,1,0,6,2,-4.879954961479601,4.879954961479601,pRim9R,anti_homophones
28541,1,1,0,8,3,-5.367838478762179,5.367838478762179,k§pylsj§,anti_homophones
28542,1,0,0,7,3,-6.075563720038166,6.075563720038166,desesj2,anti_homophones
28543,1,0,0,11,4,-10.608253785541011,10.608253785541011,debadminjOm,anti_homophones
28544,1,0,0,12,4,-10.309307303276162,10.309307303276162,destRadORmin,anti_homophones
28545,1,0,0,6,2,-8.352829542488431,8.352829542488431,slogol,anti_homophones
28546,1,0,0,7,3,-8.966978212208193,8.966978212208193,l5ZENas,anti_homophones
28547,1,0,0,9,4,-8.043974353141536,8.043974353141536,@kORdujEt,anti_homophones
28548,1,0,0,10,4,-10.111344967332167,10.111344967332167,debERsOnEl,anti_homophones
28549,1,0,0,7,3,-6.079587043956553,6.079587043956553,kR°v°le,anti_homophones
28550,1,2,0,7,3,-5.943694588240023,5.943694588240023,enEksj§,anti_homophones
28551,1,0,0,9,4,-9.61533566778604,9.61533566778604,@fitRakme,anti_homophones
28552,1,0,0,6,3,-6.419589588170427,6.419589588170427,debot2,anti_homophones
28553,1,3,0,6,3,-5.62168738979599,5.62168738979599,dek§pe,anti_homophones
28554,1,0,0,6,3,-7.636070043927146,7.636070043927146,voly9g,anti_homophones
28555,1,0,0,8,3,-7.204768702273896,7.204768702273896,defERtil,anti_homophones
28556,1,0,0,9,3,-8.256349327515098,8.256349327515098,pastimwaR,anti_homophones
28557,1,4,0,5,2,-5.672140322515581,5.672140322515581,f@tin,anti_homophones
28558,1,11,1,6,3,-5.034065735207203,5.034065735207203,aRl°m@,anti_homophones
28559,1,8,0,6,3,-5.147211551033711,5.147211551033711,lOt°m@,anti_homophones
28560,1,0,0,8,2,-8.051576891515566,8.051576891515566,klaRdjEm,anti_homophones
28561,1,0,0,6,2,-8.432854736602348,8.432854736602348,dR2lOR,anti_homophones
28562,1,0,0,7,4,-7.5749415403119285,7.5749415403119285,av@tolo,anti_homophones
28563,1,3,0,4,2,-6.429227165538494,6.429227165538494,Ryge,anti_homophones
28564,1,1,0,7,3,-5.955072757737339,5.955072757737339,pREzone,anti_homophones
28565,1,0,0,10,4,-10.450727315559908,10.450727315559908,R°k§staNOn,anti_homophones
28566,1,0,0,9,4,-7.368272135831699,7.368272135831699,odinatwaR,anti_homophones
28567,1,1,0,6,3,-6.165635364377261,6.165635364377261,peR@s§,anti_homophones
28568,1,1,0,6,3,-5.916898756686573,5.916898756686573,bat@dy,anti_homophones
28569,1,0,1,6,2,-5.188782379435863,5.188782379435863,s8etyd,anti_homophones
28570,1,0,0,6,3,-6.257998040587365,6.257998040587365,k@tOmi,anti_homophones
28571,1,4,0,6,3,-4.892913246590648,4.892913246590648,dezobe,anti_homophones
28572,1,2,1,5,2,-6.194882859357366,6.194882859357366,akOlt,anti_homophones
28573,1,0,0,11,4,-9.570736158825982,9.570736158825982,bROdyktiz9R,anti_homophones
28574,1,1,0,6,2,-5.09939705298941,5.09939705298941,dekupl,anti_homophones
28575,1,2,0,5,1,-5.298674245619447,5.298674245619447,Z8ivR,anti_homophones
28576,1,0,0,7,4,-6.514440764326022,6.514440764326022,leonize,anti_homophones
28577,1,0,0,8,3,-8.779357033600139,8.779357033600139,bRagadZa,anti_homophones
28578,1,0,1,7,3,-6.555278263896623,6.555278263896623,supsono,anti_homophones
28579,1,2,0,5,2,-5.097985199930719,5.097985199930719,fylm@,anti_homophones
28580,1,1,0,8,3,-7.458707853653343,7.458707853653343,pRydwani,anti_homophones
28581,1,0,0,10,4,-12.109106939564303,12.109106939564303,R@taktysOl,anti_homophones
28582,1,1,0,8,4,-5.59037141780475,5.59037141780475,butij°m@,anti_homophones
28583,1,0,0,11,4,-10.481085737953393,10.481085737953393,SosesjablEt,anti_homophones
28584,1,4,0,5,2,-5.144751676759136,5.144751676759136,tefje,anti_homophones
28585,1,1,0,6,3,-6.722440326296325,6.722440326296325,5syRZ@,anti_homophones
28586,1,8,0,5,2,-5.175764021905905,5.175764021905905,Slite,anti_homophones
28587,1,0,0,9,3,-8.860525299636869,8.860525299636869,tR@sfEN2z,anti_homophones
28588,1,0,0,8,3,-6.529783345398832,6.529783345398832,S@s°vabl,anti_homophones
28589,1,2,0,8,4,-6.538092651827375,6.538092651827375,5pRal°m@,anti_homophones
28590,1,0,0,11,4,-10.177431603141896,10.177431603141896,dyRsabatwaR,anti_homophones
28591,1,0,0,7,3,-6.155513858601643,6.155513858601643,5pl@d9R,anti_homophones
28592,1,1,1,7,3,-5.2780810860259155,5.2780810860259155,tR@zyme,anti_homophones
28593,1,1,0,9,4,-5.445909793508784,5.445909793508784,bonizasj§,anti_homophones
28594,1,3,0,5,2,-4.976024928112549,4.976024928112549,doman,anti_homophones
28595,1,3,0,6,3,-5.698233272710073,5.698233272710073,ROS°te,anti_homophones
28596,1,0,0,7,3,-7.320627019672027,7.320627019672027,glomaty,anti_homophones
28597,1,0,0,7,3,-8.577276346845114,8.577276346845114,pijetiS,anti_homophones
28598,1,0,0,9,4,-6.689296811855927,6.689296811855927,suplis°m@,anti_homophones
28599,1,8,0,4,1,-5.2284281593799475,5.2284281593799475,kliv,anti_homophones
28600,1,0,0,9,4,-7.6604181254688894,7.6604181254688894,idRatOlOg,anti_homophones
28601,1,0,0,8,3,-7.287558275915298,7.287558275915298,kloRizj5,anti_homophones
28602,1,0,0,10,4,-8.311327738571828,8.311327738571828,sizjonisje,anti_homophones
28603,1,9,0,3,1,-4.727388035339863,4.727388035339863,wEd,anti_homophones
28604,1,0,0,7,4,-10.607418889639073,10.607418889639073,ykagolE,anti_homophones
28605,1,0,0,6,3,-9.561500762044313,9.561500762044313,Rulyna,anti_homophones
28606,1,0,0,8,4,-7.630803780344684,7.630803780344684,Rekym@ta,anti_homophones
28607,1,0,0,9,4,-8.177580150081422,8.177580150081422,lival@t9R,anti_homophones
28608,1,4,0,7,3,-5.468703932696739,5.468703932696739,dikylER,anti_homophones
28609,1,16,1,5,3,-4.5360194378987195,4.5360194378987195,iRite,anti_homophones
28610,1,6,0,4,1,-5.0184758596220895,5.0184758596220895,lyst,anti_homophones
28611,1,7,0,5,3,-5.410766399047687,5.410766399047687,akone,anti_homophones
28612,1,0,0,6,3,-5.664977687409226,5.664977687409226,ipERlo,anti_homophones
28613,1,4,0,4,1,-7.276716783265247,7.276716783265247,SlEz,anti_homophones
28614,1,9,0,4,1,-5.476243622594598,5.476243622594598,Ripl,anti_homophones
28615,1,0,0,7,2,-7.787792784850722,7.787792784850722,ZwistiR,anti_homophones
28616,1,16,0,4,1,-5.3560147348967355,5.3560147348967355,ptik,anti_homophones
28617,1,3,0,5,2,-5.627966190004508,5.627966190004508,molEn,anti_homophones
28618,1,0,0,7,3,-5.286777000934066,5.286777000934066,t@poRte,anti_homophones
28619,1,0,0,7,2,-8.100172288072214,8.100172288072214,gwalybR,anti_homophones
28620,1,1,0,5,2,-5.187128366327223,5.187128366327223,kopj2,anti_homophones
28621,1,3,0,6,2,-5.795688149690924,5.795688149690924,tERmEl,anti_homophones
28622,1,2,0,6,2,-5.3948684137401335,5.3948684137401335,mORbje,anti_homophones
28623,1,8,0,8,4,-4.980645248653897,4.980645248653897,ekoloZik,anti_homophones
28624,1,2,0,6,2,-6.029722676347625,6.029722676347625,sodjEn,anti_homophones
28625,1,0,0,9,4,-8.383727394742525,8.383727394742525,metRis°mE,anti_homophones
28626,1,10,0,6,2,-4.934694096172781,4.934694096172781,katizm,anti_homophones
28627,1,0,0,6,3,-8.253367790856714,8.253367790856714,wumano,anti_homophones
28628,1,3,0,4,1,-5.3763619294246405,5.3763619294246405,bR5k,anti_homophones
28629,1,0,0,9,4,-7.810148086624788,7.810148086624788,alvEst°m@,anti_homophones
28630,1,3,0,7,3,-7.334967113889551,7.334967113889551,Sefisj§,anti_homophones
28631,1,6,0,4,2,-5.970264081952433,5.970264081952433,zike,anti_homophones
28632,1,0,0,8,3,-7.673354978960304,7.673354978960304,s°p@sibl,anti_homophones
28633,1,11,0,4,2,-5.204840858338213,5.204840858338213,din@,anti_homophones
28634,1,0,0,7,4,-6.230845555815914,6.230845555815914,ebutone,anti_homophones
28635,1,0,0,10,3,-7.477970792446967,7.477970792446967,tREsklyzj§,anti_homophones
28636,1,2,1,6,2,-4.811800050793979,4.811800050793979,mitwaR,anti_homophones
28637,1,0,0,7,2,-7.305728410587705,7.305728410587705,kReORdR,anti_homophones
28638,1,0,0,7,3,-6.753987916161562,6.753987916161562,detElyR,anti_homophones
28639,1,13,0,5,2,-4.5665854322028885,4.5665854322028885,ZaRde,anti_homophones
28640,1,0,0,5,2,-5.746572698642099,5.746572698642099,mufti,anti_homophones
28641,1,0,0,9,4,-5.994250346004508,5.994250346004508,k§vylneER,anti_homophones
28642,1,0,0,8,3,-6.466409929332476,6.466409929332476,puRsasj§,anti_homophones
28643,1,3,0,4,2,-4.823362167863661,4.823362167863661,l°v5,anti_homophones
28644,1,0,0,7,3,-8.866671114581651,8.866671114581651,zeRabyl,anti_homophones
28645,1,2,0,5,2,-6.544168613489454,6.544168613489454,balj@,anti_homophones
28646,1,0,0,7,3,-6.591702778611785,6.591702778611785,sufReSe,anti_homophones
28647,1,2,0,6,2,-5.2817506500125235,5.2817506500125235,m°n8El,anti_homophones
28648,1,4,0,7,4,-5.135725229195001,5.135725229195001,5tij°m@,anti_homophones
28649,1,13,0,4,2,-5.018568899956669,5.018568899956669,pil§,anti_homophones
28650,1,0,0,8,4,-6.061017060599486,6.061017060599486,goSimize,anti_homophones
28651,1,0,0,8,4,-9.47656312094423,9.47656312094423,5ZEkt°l5,anti_homophones
28652,1,0,0,11,4,-10.53327116832659,10.53327116832659,klutemagjOm,anti_homophones
28653,1,0,0,6,3,-6.539135039015834,6.539135039015834,@pusaZ,anti_homophones
28654,1,12,0,5,2,-4.876712808628391,4.876712808628391,p@t9R,anti_homophones
28655,1,0,0,8,3,-6.1635643656600605,6.1635643656600605,syRpRize,anti_homophones
28656,1,9,1,4,2,-5.216757287997587,5.216757287997587,R°mE,anti_homophones
28657,1,0,0,6,2,-9.123426725767747,9.123426725767747,luvlaZ,anti_homophones
28658,1,0,0,8,4,-8.267055225406631,8.267055225406631,apR°muje,anti_homophones
28659,1,5,0,4,2,-5.103518380713971,5.103518380713971,vaR2,anti_homophones
28660,1,4,0,5,1,-5.635591939371701,5.635591939371701,bRibl,anti_homophones
28661,1,1,0,7,3,-5.561960345764601,5.561960345764601,defR§te,anti_homophones
28662,1,3,0,9,4,-6.2148548592124255,6.2148548592124255,sekoloZik,anti_homophones
28663,1,0,0,6,3,-6.375640700501298,6.375640700501298,suloni,anti_homophones
28664,1,5,0,6,2,-5.291769228850677,5.291769228850677,meRist,anti_homophones
28665,1,12,0,4,2,-4.749823430598315,4.749823430598315,iRit,anti_homophones
28666,1,2,0,7,2,-5.11343518907042,5.11343518907042,seks8ER,anti_homophones
28667,1,2,1,6,2,-5.475153479590667,5.475153479590667,planEt,anti_homophones
28668,1,2,0,4,2,-4.860053502063382,4.860053502063382,atma,anti_homophones
28669,1,0,0,9,4,-7.269109343127871,7.269109343127871,ofysjonEl,anti_homophones
28670,1,0,0,11,4,-9.227897270539065,9.227897270539065,mjEvR°mORse,anti_homophones
28671,1,2,0,6,2,-6.053993682990778,6.053993682990778,s5glOg,anti_homophones
28672,1,0,0,7,3,-7.552031053713495,7.552031053713495,sOldyle,anti_homophones
28673,1,2,0,5,2,-5.1571131032472675,5.1571131032472675,fyRj5,anti_homophones
28674,1,0,0,7,2,-7.032821718500185,7.032821718500185,stalpEt,anti_homophones
28675,1,8,0,5,1,-4.454949571486807,4.454949571486807,klabl,anti_homophones
28676,1,2,0,7,3,-5.072929050866395,5.072929050866395,paRt°Ri,anti_homophones
28677,1,2,0,5,2,-6.418381582683655,6.418381582683655,evalk,anti_homophones
28678,1,0,0,8,3,-7.15783640559044,7.15783640559044,klodjam@,anti_homophones
28679,1,0,0,10,4,-6.034011070897805,6.034011070897805,suRdinasj§,anti_homophones
28680,1,0,0,9,4,-5.635338990483835,5.635338990483835,kaRnEl°m@,anti_homophones
28681,1,0,0,8,4,-7.995888732809885,7.995888732809885,s5paRode,anti_homophones
28682,1,0,0,9,4,-8.635006134752887,8.635006134752887,d@talOZik,anti_homophones
28683,1,0,0,7,3,-7.859131092825356,7.859131092825356,komitRa,anti_homophones
28684,1,0,0,8,4,-7.649406098859661,7.649406098859661,kodikylo,anti_homophones
28685,1,0,0,7,3,-7.824493360255787,7.824493360255787,akudRiG,anti_homophones
28686,1,12,0,6,3,-4.996480578166395,4.996480578166395,m@S°m@,anti_homophones
28687,1,5,1,5,2,-4.530108909559014,4.530108909559014,flam@,anti_homophones
28688,1,0,0,8,3,-8.344395721514795,8.344395721514795,gabotist,anti_homophones
28689,1,2,0,6,2,-6.105342223677795,6.105342223677795,patRad,anti_homophones
28690,1,5,0,5,2,-5.290787196957419,5.290787196957419,denOm,anti_homophones
28691,1,3,0,5,2,-4.869862374753018,4.869862374753018,pus9R,anti_homophones
28692,1,32,0,3,1,-4.186457787324937,4.186457787324937,lak,anti_homophones
28693,1,0,0,7,3,-7.516664464490018,7.516664464490018,ZeRes@s,anti_homophones
28694,1,0,0,7,3,-6.285495256610294,6.285495256610294,5k§ploz,anti_homophones
28695,1,0,0,5,2,-5.918610266200071,5.918610266200071,5vjom,anti_homophones
28696,1,3,0,5,2,-4.890555676327406,4.890555676327406,s5kje,anti_homophones
28697,1,4,0,5,2,-5.277125376563004,5.277125376563004,fwaj@,anti_homophones
28698,1,1,0,4,2,-5.421820221365956,5.421820221365956,t§ki,anti_homophones
28699,1,1,1,7,3,-5.621957924817854,5.621957924817854,sypylER,anti_homophones
28700,1,0,0,8,3,-6.823068661843885,6.823068661843885,volystyR,anti_homophones
28701,1,1,0,6,3,-6.394771523835571,6.394771523835571,2Zenje,anti_homophones
28702,1,1,0,6,2,-5.045207532124927,5.045207532124927,@Zw5dR,anti_homophones
28703,1,0,0,10,4,-8.328994587824962,8.328994587824962,bazuRdonEl,anti_homophones
28704,1,6,0,4,2,-5.447352942751869,5.447352942751869,8it2,anti_homophones
28705,1,3,0,6,3,-5.6695358279727,5.6695358279727,ipolin,anti_homophones
28706,1,4,0,6,3,-5.29526566861542,5.29526566861542,kalis@,anti_homophones
28707,1,19,0,3,1,-4.594167893447263,4.594167893447263,kuj,anti_homophones
28708,1,0,0,9,3,-8.524194530273062,8.524194530273062,REkt@sjEZ,anti_homophones
28709,1,3,0,5,2,-5.7608873138190395,5.7608873138190395,difaZ,anti_homophones
28710,1,0,0,8,3,-6.748805352491827,6.748805352491827,pRimisj5,anti_homophones
28711,1,0,0,8,4,-12.113204510699124,12.113204510699124,gEsoRot@,anti_homophones
28712,1,2,0,7,3,-5.059937667747331,5.059937667747331,migRafi,anti_homophones
28713,1,1,0,5,2,-5.926704303685867,5.926704303685867,kakaN,anti_homophones
28714,1,0,0,11,4,-7.769725158790325,7.769725158790325,sekyp§kt8ER,anti_homophones
28715,1,0,0,7,2,-7.181573369237425,7.181573369237425,skuskRi,anti_homophones
28716,1,1,0,8,3,-6.216756618286636,6.216756618286636,vERt8ite,anti_homophones
28717,1,0,0,7,3,-8.03509301489945,8.03509301489945,deSaRaz,anti_homophones
28718,1,0,0,8,3,-8.429496028212005,8.429496028212005,buR9mpiG,anti_homophones
28719,1,20,0,4,1,-4.790544187914547,4.790544187914547,tRas,anti_homophones
28720,1,0,0,11,4,-8.48776863022285,8.48776863022285,sofObZEkt9R,anti_homophones
28721,1,16,0,3,2,-4.577452070031132,4.577452070031132,ot5,anti_homophones
28722,1,7,0,6,3,-5.44811770426804,5.44811770426804,kaline,anti_homophones
28723,1,1,0,6,2,-6.102294724336324,6.102294724336324,d°mwaR,anti_homophones
28724,1,0,0,6,3,-5.602785155944438,5.602785155944438,eSas9R,anti_homophones
28725,1,0,0,8,3,-6.194911563833929,6.194911563833929,kRwad°Ri,anti_homophones
28726,1,1,0,6,2,-5.5360324342116,5.5360324342116,skopje,anti_homophones
28727,1,0,0,8,4,-7.428790560248979,7.428790560248979,abdivise,anti_homophones
28728,1,1,0,6,3,-5.309646888221257,5.309646888221257,R°d°v5,anti_homophones
28729,1,0,0,9,4,-8.330896497352478,8.330896497352478,§gR8idim@,anti_homophones
28730,1,9,0,5,2,-4.481538433809027,4.481538433809027,pREs@,anti_homophones
28731,1,1,0,6,3,-5.007152212444268,5.007152212444268,m@gaZe,anti_homophones
28732,1,0,0,6,3,-5.816760133946115,5.816760133946115,balEz§,anti_homophones
28733,1,0,0,7,3,-7.969201193537663,7.969201193537663,imitR8i,anti_homophones
28734,1,0,0,7,4,-7.345165463259142,7.345165463259142,iRsyse5,anti_homophones
28735,1,0,0,10,4,-7.62477706881509,7.62477706881509,paRap§tabl,anti_homophones
28736,1,12,0,4,2,-4.833192456463322,4.833192456463322,@tuR,anti_homophones
28737,1,0,0,6,3,-8.115142731144372,8.115142731144372,SilinE,anti_homophones
28738,1,1,0,6,2,-5.884347367709842,5.884347367709842,p§tist,anti_homophones
28739,1,15,0,3,1,-4.601270268552409,4.601270268552409,nip,anti_homophones
28740,1,15,0,4,1,-4.48733145793771,4.48733145793771,Sizm,anti_homophones
28741,1,7,0,4,2,-4.6687678465800575,4.6687678465800575,nega,anti_homophones
28742,1,1,0,5,2,-5.160693780345688,5.160693780345688,kwake,anti_homophones
28743,1,0,0,6,3,-5.600579505776015,5.600579505776015,id@tER,anti_homophones
28744,1,3,0,5,2,-5.1670548704185535,5.1670548704185535,ekORn,anti_homophones
28745,1,0,0,7,3,-7.390123808757568,7.390123808757568,ligyRZ@,anti_homophones
28746,1,4,0,5,2,-5.304559222399316,5.304559222399316,psik5,anti_homophones
28747,1,0,0,9,4,-9.540927890673172,9.540927890673172,sadoRabiR,anti_homophones
28748,1,0,0,7,3,-6.246159322679069,6.246159322679069,adRijaR,anti_homophones
28749,1,0,0,9,4,-6.716511946514692,6.716511946514692,disitysj§,anti_homophones
28750,1,2,0,6,3,-5.78441680728845,5.78441680728845,pifeR@,anti_homophones
28751,1,1,0,6,3,-7.011531703443224,7.011531703443224,idRaSo,anti_homophones
28752,1,1,0,7,3,-5.846713625081266,5.846713625081266,5klyzik,anti_homophones
28753,1,6,0,5,2,-4.6285787736583455,4.6285787736583455,Zap9R,anti_homophones
28754,1,3,0,6,2,-5.187050916170612,5.187050916170612,balabl,anti_homophones
28755,1,0,0,9,4,-9.30010272809528,9.30010272809528,Sometat8e,anti_homophones
28756,1,4,0,6,3,-5.698315933192561,5.698315933192561,kiRone,anti_homophones
28757,1,0,0,9,4,-6.223675104534911,6.223675104534911,monjalize,anti_homophones
28758,1,0,0,8,3,-7.6279975472151325,7.6279975472151325,deklakaR,anti_homophones
28759,1,4,0,6,2,-5.573055128018861,5.573055128018861,klotik,anti_homophones
28760,1,0,0,7,3,-6.113559028911273,6.113559028911273,lapital,anti_homophones
28761,1,0,0,7,3,-7.36466583551266,7.36466583551266,metR@t5,anti_homophones
28762,1,10,0,3,1,-4.160515087193288,4.160515087193288,d5g,anti_homophones
28763,1,0,0,7,3,-8.51097381623843,8.51097381623843,ek§pREv,anti_homophones
28764,1,4,1,5,2,-5.542437656290915,5.542437656290915,kol§Z,anti_homophones
28765,1,1,0,5,2,-6.265853394180493,6.265853394180493,5stOs,anti_homophones
28766,1,11,0,4,1,-5.214733775710081,5.214733775710081,bRiz,anti_homophones
28767,1,2,0,7,3,-6.302447771150644,6.302447771150644,matin8e,anti_homophones
28768,1,4,0,8,3,-5.134608456829747,5.134608456829747,degRasj§,anti_homophones
28769,1,2,0,7,2,-5.7266923659043965,5.7266923659043965,tRikabl,anti_homophones
28770,1,0,0,9,4,-7.046169469779549,7.046169469779549,RevylneR2,anti_homophones
28771,1,5,0,9,4,-5.00203073363761,5.00203073363761,maRizasj§,anti_homophones
28772,1,7,0,6,2,-4.825750327630353,4.825750327630353,solist,anti_homophones
28773,1,0,0,8,4,-6.878287569100597,6.878287569100597,ekRom@de,anti_homophones
28774,1,1,0,8,4,-5.946475192728765,5.946475192728765,solysite,anti_homophones
28775,1,14,0,3,1,-4.962634401678279,4.962634401678279,@bl,anti_homophones
28776,1,0,0,8,3,-7.460324444495203,7.460324444495203,nuvERtis,anti_homophones
28777,1,0,0,8,3,-6.574933343699745,6.574933343699745,pORtik9R,anti_homophones
28778,1,15,0,4,2,-4.607049953056188,4.607049953056188,dez@,anti_homophones
28779,1,9,0,5,3,-5.0894489313349585,5.0894489313349585,adone,anti_homophones
28780,1,0,0,9,4,-11.615255093938552,11.615255093938552,simoRakam,anti_homophones
28781,1,0,0,12,4,-14.05113871304108,14.05113871304108,kint9gstERfo,anti_homophones
28782,1,0,0,6,3,-6.637019002546024,6.637019002546024,izofaR,anti_homophones
28783,1,18,0,5,2,-4.519031470607705,4.519031470607705,dasj§,anti_homophones
28784,1,4,0,6,3,-5.886784652669321,5.886784652669321,dekal@,anti_homophones
28785,1,19,0,2,1,-4.605716787843661,4.605716787843661,ES,anti_homophones
28786,1,8,0,4,2,-4.717397147261557,4.717397147261557,p°lE,anti_homophones
28787,1,0,0,9,4,-8.192310118125532,8.192310118125532,EstoRjazi,anti_homophones
28788,1,13,0,2,1,-5.38967555223056,5.38967555223056,Eg,anti_homophones
28789,1,1,0,7,3,-5.8869824721936475,5.8869824721936475,SipotaZ,anti_homophones
28790,1,3,0,4,2,-4.7729926507303615,4.7729926507303615,f°ny,anti_homophones
28791,1,0,0,9,3,-7.3388065622154715,7.3388065622154715,vERbeRabl,anti_homophones
28792,1,0,0,7,3,-6.419024849385333,6.419024849385333,gRibyl@,anti_homophones
28793,1,6,0,5,1,-4.513659834965829,4.513659834965829,gR@dR,anti_homophones
28794,1,16,0,4,2,-5.302608554202295,5.302608554202295,abER,anti_homophones
28795,1,1,0,8,3,-7.434757806638722,7.434757806638722,Z5koRizm,anti_homophones
28796,1,0,0,9,4,-5.7244695685950635,5.7244695685950635,syRvOl°m@,anti_homophones
28797,1,0,0,4,1,-4.746786737832539,4.746786737832539,dZOb,anti_homophones
28798,1,10,1,4,2,-4.106493015072796,4.106493015072796,fyze,anti_homophones
28799,1,0,0,8,4,-7.443216473030499,7.443216473030499,debulinE,anti_homophones
28800,1,0,0,7,3,-5.782889831774806,5.782889831774806,vylneR2,anti_homophones
28801,1,2,0,8,4,-6.441481262099336,6.441481262099336,avagasj§,anti_homophones
28802,1,0,0,10,4,-8.91230249083321,8.91230249083321,zig8ijatik,anti_homophones
28803,1,4,0,8,3,-5.706676720336088,5.706676720336088,maRgasj§,anti_homophones
28804,1,0,0,6,3,-5.264453114250894,5.264453114250894,Egzym@,anti_homophones
28805,1,4,0,6,2,-5.8683790864396785,5.8683790864396785,R@buRs,anti_homophones
28806,1,0,0,6,2,-5.249993181312718,5.249993181312718,puRvyR,anti_homophones
28807,1,0,0,7,2,-8.164835414883969,8.164835414883969,myskams,anti_homophones
28808,1,3,1,5,3,-5.896744708140933,5.896744708140933,aREj@,anti_homophones
28809,1,0,0,8,4,-8.00145322143148,8.00145322143148,taRozEje,anti_homophones
28810,1,0,0,10,4,-9.422556518209136,9.422556518209136,kOsmOkseRe,anti_homophones
28811,1,0,0,9,4,-7.540401490681163,7.540401490681163,@tipylsEn,anti_homophones
28812,1,1,0,6,2,-6.155937380615636,6.155937380615636,bOksil,anti_homophones
28813,1,19,1,4,2,-4.500557763179676,4.500557763179676,akaZ,anti_homophones
28814,1,0,0,9,4,-7.244657314217114,7.244657314217114,Reminat9R,anti_homophones
28815,1,0,0,11,4,-10.092931983552507,10.092931983552507,konogRafRag,anti_homophones
28816,1,0,0,7,2,-7.658570756662585,7.658570756662585,itSkOks,anti_homophones
28817,1,1,0,7,3,-6.4029133482937866,6.4029133482937866,paRasin,anti_homophones
28818,1,3,0,6,2,-5.904841596896824,5.904841596896824,kEstif,anti_homophones
28819,1,4,0,5,2,-4.9252383219309435,4.9252383219309435,vwaj5,anti_homophones
28820,1,0,0,7,4,-7.167782710950968,7.167782710950968,OmOZ°m@,anti_homophones
28821,1,9,0,5,2,-5.388113321600212,5.388113321600212,mazER,anti_homophones
28822,1,1,0,6,2,-6.267695614691941,6.267695614691941,apsizm,anti_homophones
28823,1,0,0,10,4,-8.786492825414836,8.786492825414836,bjod§tOlOZ,anti_homophones
28824,1,17,1,5,2,-4.251615734220836,4.251615734220836,pORte,anti_homophones
28825,1,0,0,11,4,-10.971033187665668,10.971033187665668,s5kRetRafaR,anti_homophones
28826,1,0,0,10,4,-10.995936330952762,10.995936330952762,syRvolaZwe,anti_homophones
28827,1,0,0,10,4,-8.051903567377412,8.051903567377412,k5tegRijOm,anti_homophones
28828,1,3,0,5,2,-5.783002317195549,5.783002317195549,amatR,anti_homophones
28829,1,1,0,7,2,-6.721651676163286,6.721651676163286,bEstjal,anti_homophones
28830,1,2,0,6,2,-5.851301802517182,5.851301802517182,tuRmEl,anti_homophones
28831,1,0,0,9,4,-9.416250164891736,9.416250164891736,tRy@damja,anti_homophones
28832,1,0,0,8,4,-8.747693590725756,8.747693590725756,5k§spidy,anti_homophones
28833,1,17,1,4,2,-4.483500328754508,4.483500328754508,vete,anti_homophones
28834,1,9,0,6,2,-4.829911096996487,4.829911096996487,kaRtaZ,anti_homophones
28835,1,0,0,8,3,-6.822528778056186,6.822528778056186,R§flaS9R,anti_homophones
28836,1,0,0,8,4,-6.719274603640306,6.719274603640306,koopeRid,anti_homophones
28837,1,1,0,5,1,-5.329114399394197,5.329114399394197,spund,anti_homophones
28838,1,6,0,6,3,-6.039067371798712,6.039067371798712,k@pone,anti_homophones
28839,1,0,0,5,2,-5.532115610685727,5.532115610685727,kuzEt,anti_homophones
28840,1,0,0,7,3,-5.452889275159828,5.452889275159828,depotaZ,anti_homophones
28841,1,0,0,5,1,-5.565097108162723,5.565097108162723,bR9nZ,anti_homophones
28842,1,2,0,7,4,-5.3695489990925696,5.3695489990925696,akOn°m@,anti_homophones
28843,1,1,0,8,3,-5.936927920692597,5.936927920692597,modiksj§,anti_homophones
28844,1,1,0,7,3,-6.9815374768318845,6.9815374768318845,gutis9R,anti_homophones
28845,1,0,0,8,4,-7.6674345118520115,7.6674345118520115,@tipeRj5,anti_homophones
28846,1,0,0,11,4,-8.247687367274,8.247687367274,degRad8asj§,anti_homophones
28847,1,0,0,12,4,-12.452409806700464,12.452409806700464,EsplezavwivR,anti_homophones
28848,1,1,1,6,3,-4.748112147857326,4.748112147857326,taoizm,anti_homophones
28849,1,0,0,9,3,-10.034613485079031,10.034613485079031,sfeRaputR,anti_homophones
28850,1,0,0,8,3,-7.752862747043094,7.752862747043094,piRyskOp,anti_homophones
28851,1,0,0,6,3,-5.4106535821126185,5.4106535821126185,av°niR,anti_homophones
28852,1,1,0,7,4,-6.166040873990392,6.166040873990392,ematike,anti_homophones
28853,1,0,0,9,4,-6.565496787510726,6.565496787510726,deploRite,anti_homophones
28854,1,0,0,7,2,-8.927739664296217,8.927739664296217,lOdZkER,anti_homophones
28855,1,1,0,6,2,-5.830162424451667,5.830162424451667,delivR,anti_homophones
28856,1,3,0,4,2,-4.908677529654984,4.908677529654984,ogyR,anti_homophones
28857,1,3,0,6,3,-5.4171392110769885,5.4171392110769885,f9j°to,anti_homophones
28858,1,0,0,9,4,-8.51729237886519,8.51729237886519,sybitERnE,anti_homophones
28859,1,0,0,7,3,-6.5970580104294525,6.5970580104294525,batonal,anti_homophones
28860,1,3,0,3,1,-4.623438635290452,4.623438635290452,k5z,anti_homophones
28861,1,0,0,7,3,-7.814049574438473,7.814049574438473,kob5zil,anti_homophones
28862,1,26,1,5,3,-4.129542118851715,4.129542118851715,alite,anti_homophones
28863,1,1,0,7,3,-6.142932799695129,6.142932799695129,pReatik,anti_homophones
28864,1,4,0,6,3,-5.669372569770792,5.669372569770792,falote,anti_homophones
28865,1,0,0,9,4,-8.991445077537263,8.991445077537263,obERz5tER,anti_homophones
28866,1,0,0,7,4,-7.614319192130331,7.614319192130331,apyS°m@,anti_homophones
28867,1,0,0,10,4,-5.628336940451824,5.628336940451824,k§sERvat9R,anti_homophones
28868,1,6,0,4,1,-6.145985517275495,6.145985517275495,sybd,anti_homophones
28869,1,0,0,7,3,-7.3143702662439125,7.3143702662439125,navikER,anti_homophones
28870,1,3,0,6,3,-5.220898500083583,5.220898500083583,kaS°t§,anti_homophones
28871,1,9,0,5,2,-4.961943872053496,4.961943872053496,pisj5,anti_homophones
28872,1,1,0,6,2,-6.131187933608028,6.131187933608028,pRolOs,anti_homophones
28873,1,8,0,5,2,-5.2267363704734775,5.2267363704734775,gRaje,anti_homophones
28874,1,0,0,7,3,-7.605761953228294,7.605761953228294,sybdis@,anti_homophones
28875,1,0,0,6,2,-5.69246879992726,5.69246879992726,degORZ,anti_homophones
28876,1,0,0,8,3,-7.2428618040367025,7.2428618040367025,lytytwaR,anti_homophones
28877,1,0,0,9,4,-9.92767049057206,9.92767049057206,mezyRj@to,anti_homophones
28878,1,2,0,7,3,-6.346543063681757,6.346543063681757,bERmite,anti_homophones
28879,1,0,0,7,2,-6.430158195239232,6.430158195239232,vOlt5bR,anti_homophones
28880,1,1,0,4,2,-5.90862677084241,5.90862677084241,el§g,anti_homophones
28881,1,0,0,8,3,-7.970832978322609,7.970832978322609,ORtatibl,anti_homophones
28882,1,3,0,4,2,-6.383877479715174,6.383877479715174,v@Zi,anti_homophones
28883,1,1,0,6,3,-6.436828463192522,6.436828463192522,aktif§,anti_homophones
28884,1,0,0,9,4,-8.914497117449441,8.914497117449441,m@tEtable,anti_homophones
28885,1,1,0,9,4,-7.31694834429741,7.31694834429741,diftal°m@,anti_homophones
28886,1,11,0,4,2,-5.651775583237782,5.651775583237782,emis,anti_homophones
28887,1,0,0,8,3,-5.143725807282492,5.143725807282492,k§dykt9R,anti_homophones
28888,1,2,1,7,3,-4.872599265517345,4.872599265517345,fygasj§,anti_homophones
28889,1,22,0,3,1,-4.626465593652934,4.626465593652934,gEn,anti_homophones
28890,1,7,0,5,2,-4.8970362904400515,4.8970362904400515,silER,anti_homophones
28891,1,12,1,5,2,-4.762215723493256,4.762215723493256,s@sj§,anti_homophones
28892,1,14,0,5,2,-4.425669842544558,4.425669842544558,fetik,anti_homophones
28893,1,2,0,7,3,-4.911961260273754,4.911961260273754,k§kylER,anti_homophones
28894,1,0,0,7,3,-8.433984543964206,8.433984543964206,sERfado,anti_homophones
28895,1,0,0,9,4,-8.6354052972885,8.6354052972885,pusismyte,anti_homophones
28896,1,0,0,8,3,-7.838901305203244,7.838901305203244,kRamyz9R,anti_homophones
28897,1,1,0,8,4,-7.93095061111393,7.93095061111393,@papisj§,anti_homophones
28898,1,6,0,4,1,-7.388105823679021,7.388105823679021,bREb,anti_homophones
28899,1,1,0,5,3,-5.595660195155144,5.595660195155144,uvRi5,anti_homophones
28900,1,0,0,7,3,-6.025637747351295,6.025637747351295,em§twaR,anti_homophones
28901,1,0,0,6,3,-6.293813671958518,6.293813671958518,@gwaj5,anti_homophones
28902,1,0,0,7,3,-8.455318378390562,8.455318378390562,kRiloli,anti_homophones
28903,1,1,0,6,3,-6.4945318209705025,6.4945318209705025,pipit@,anti_homophones
28904,1,0,0,10,4,-12.12040214502933,12.12040214502933,aksEptResE,anti_homophones
28905,1,0,0,11,4,-9.711455206455353,9.711455206455353,ipERvaskizm,anti_homophones
28906,1,0,0,10,4,-8.403677086196483,8.403677086196483,poloZinjER,anti_homophones
28907,1,1,0,5,2,-5.712951403474474,5.712951403474474,musaR,anti_homophones
28908,1,0,0,7,3,-6.2595901402171314,6.2595901402171314,ebR@SiR,anti_homophones
28909,1,1,0,5,2,-5.2227429922123445,5.2227429922123445,k§kly,anti_homophones
28910,1,10,0,5,2,-4.617730030006644,4.617730030006644,palj5,anti_homophones
28911,1,3,1,6,3,-5.058495975592942,5.058495975592942,@gylER,anti_homophones
28912,1,0,0,9,4,-5.9824706393965,5.9824706393965,Egzekyt9R,anti_homophones
28913,1,1,0,7,3,-5.341135547257814,5.341135547257814,siRkyle,anti_homophones
28914,1,4,0,5,2,-4.844783498191101,4.844783498191101,poz9R,anti_homophones
28915,1,2,0,5,2,-4.7080351889391645,4.7080351889391645,REjaZ,anti_homophones
28916,1,0,0,11,4,-9.36115625412561,9.36115625412561,depRel°v9Rk,anti_homophones
28917,1,2,0,4,2,-4.7418136260468415,4.7418136260468415,poN§,anti_homophones
28918,1,2,0,6,2,-4.80556392667979,4.80556392667979,s§pt9R,anti_homophones
28919,1,2,0,6,2,-5.0944948552077,5.0944948552077,fibRik,anti_homophones
28920,1,0,0,6,3,-6.521509670117281,6.521509670117281,inputi,anti_homophones
28921,1,1,0,5,2,-6.284086353535258,6.284086353535258,kOkto,anti_homophones
28922,1,0,0,8,3,-6.8185554733343965,6.8185554733343965,R°vERnal,anti_homophones
28923,1,1,0,7,3,-6.810105225651234,6.810105225651234,kRanike,anti_homophones
28924,1,0,0,9,4,-8.264111512888341,8.264111512888341,les@dwaje,anti_homophones
28925,1,4,0,7,3,-5.794080863698712,5.794080863698712,5paRtik,anti_homophones
28926,1,1,0,5,3,-6.250773891136487,6.250773891136487,agaja,anti_homophones
28927,1,4,0,4,2,-4.8942373714478675,4.8942373714478675,R@b5,anti_homophones
28928,1,9,0,5,3,-5.0844200880854356,5.0844200880854356,5tER5,anti_homophones
28929,1,0,0,9,4,-11.220939837285194,11.220939837285194,alval°Rin,anti_homophones
28930,1,0,0,6,3,-8.079945650157164,8.079945650157164,Sanone,anti_homophones
28931,1,7,1,4,2,-4.795163127412195,4.795163127412195,eRyR,anti_homophones
28932,1,2,0,7,3,-6.270246133856987,6.270246133856987,sypERmE,anti_homophones
28933,1,3,0,5,2,-5.390084476130504,5.390084476130504,nivEt,anti_homophones
28934,1,3,0,4,1,-4.856857341534017,4.856857341534017,mjOS,anti_homophones
28935,1,6,0,6,2,-5.1815639021166024,5.1815639021166024,pERtyR,anti_homophones
28936,1,0,0,9,4,-7.533054961052136,7.533054961052136,myzaRdite,anti_homophones
28937,1,0,0,7,2,-6.79531817917113,6.79531817917113,stRysif,anti_homophones
28938,1,10,0,4,2,-5.715313684934345,5.715313684934345,gama,anti_homophones
28939,1,0,0,9,4,-10.657665451307935,10.657665451307935,saibilasm,anti_homophones
28940,1,3,0,6,3,-5.808006734339708,5.808006734339708,Rom@te,anti_homophones
28941,1,1,0,6,3,-8.013643668250657,8.013643668250657,sezOid,anti_homophones
28942,1,11,0,4,1,-4.682293554222297,4.682293554222297,tRid,anti_homophones
28943,1,4,1,5,3,-5.107558345172772,5.107558345172772,eteje,anti_homophones
28944,1,0,0,7,3,-5.7503413038093045,5.7503413038093045,dispon@,anti_homophones
28945,1,0,0,6,2,-6.896509618665137,6.896509618665137,k§spit,anti_homophones
28946,1,6,0,6,3,-5.676150314263998,5.676150314263998,sepaRe,anti_homophones
28947,1,0,0,10,4,-9.514974199813444,9.514974199813444,efERlistik,anti_homophones
28948,1,10,0,5,2,-4.849408155845973,4.849408155845973,gRafe,anti_homophones
28949,1,40,0,2,2,-4.5868116366767895,4.5868116366767895,ai,anti_homophones
28950,1,1,0,7,3,-6.492383574034631,6.492383574034631,mERdine,anti_homophones
28951,1,1,0,6,3,-5.653026941031366,5.653026941031366,demyRe,anti_homophones
28952,1,0,0,12,4,-12.42879106677885,12.42879106677885,luvwaRtRoSEl,anti_homophones
28953,1,1,0,7,3,-5.334456395059487,5.334456395059487,fyzjone,anti_homophones
28954,1,1,0,8,3,-6.135919394528495,6.135919394528495,syRvizj§,anti_homophones
28955,1,0,0,7,3,-7.695296881525654,7.695296881525654,pifazEl,anti_homophones
28956,1,0,0,9,3,-6.840296540208876,6.840296540208876,seks8ozis,anti_homophones
28957,1,1,0,8,3,-7.998401878022823,7.998401878022823,p5tadjal,anti_homophones
28958,1,0,0,9,3,-8.891452134665963,8.891452134665963,maRiskOpR,anti_homophones
28959,1,0,0,7,3,-6.653283716911454,6.653283716911454,RezERb2,anti_homophones
28960,1,1,0,7,4,-5.933322983517976,5.933322983517976,otod§te,anti_homophones
28961,1,7,0,4,1,-4.732092441221539,4.732092441221539,blOt,anti_homophones
28962,1,0,0,9,3,-8.299279679497548,8.299279679497548,bRytjol9R,anti_homophones
28963,1,1,0,9,4,-7.372336773956826,7.372336773956826,@globyl@s,anti_homophones
28964,1,0,0,6,3,-6.397318665441482,6.397318665441482,Refasi,anti_homophones
28965,1,0,0,9,4,-9.181431754904226,9.181431754904226,mobit8aje,anti_homophones
28966,1,0,0,8,4,-6.660452986722623,6.660452986722623,n2Rolem@,anti_homophones
28967,1,2,0,6,2,-6.4092524898836825,6.4092524898836825,klosEt,anti_homophones
28968,1,17,0,4,1,-4.584541821577909,4.584541821577909,pizm,anti_homophones
28969,1,0,0,9,4,-9.083320678632855,9.083320678632855,abnybitad,anti_homophones
28970,1,8,0,4,2,-5.246008725849381,5.246008725849381,imin,anti_homophones
28971,1,0,0,10,4,-10.733866076777051,10.733866076777051,afodetR8it,anti_homophones
28972,1,0,0,7,3,-6.641854925868523,6.641854925868523,pyRit8e,anti_homophones
28973,1,0,0,8,3,-7.622355417126129,7.622355417126129,stROZene,anti_homophones
28974,1,0,0,9,3,-10.285520030757361,10.285520030757361,pROmnaRse,anti_homophones
28975,1,0,0,6,3,-6.704391948539467,6.704391948539467,desudy,anti_homophones
28976,1,0,0,5,2,-4.973998711120961,4.973998711120961,p5tj5,anti_homophones
28977,1,0,0,6,3,-6.057951210384122,6.057951210384122,pikuz5,anti_homophones
28978,1,0,0,6,2,-6.763608167140696,6.763608167140696,Zagwat,anti_homophones
28979,1,0,0,6,3,-7.7279929083042616,7.7279929083042616,emelip,anti_homophones
28980,1,2,0,5,2,-5.093580884373992,5.093580884373992,sOkEt,anti_homophones
28981,1,2,0,6,2,-6.230760365679209,6.230760365679209,pERSik,anti_homophones
28982,1,0,0,8,4,-7.663670753779629,7.663670753779629,ekOlS°v2,anti_homophones
28983,1,7,0,7,3,-5.372147044962193,5.372147044962193,Rwaz°m@,anti_homophones
28984,1,9,1,6,3,-4.4828852222645885,4.4828852222645885,dezone,anti_homophones
28985,1,2,0,5,3,-4.967295496783323,4.967295496783323,inyt@,anti_homophones
28986,1,0,0,8,4,-6.691439046124086,6.691439046124086,pip°lote,anti_homophones
28987,1,0,0,10,4,-8.072045972027016,8.072045972027016,pylsivifik,anti_homophones
28988,1,0,0,8,3,-7.898282724575028,7.898282724575028,kRepesaZ,anti_homophones
28989,1,0,0,6,3,-6.381436599295201,6.381436599295201,R°lukE,anti_homophones
28990,1,0,0,10,4,-10.53952539866781,10.53952539866781,kjeteRofaR,anti_homophones
28991,1,0,0,7,4,-7.8446817244410765,7.8446817244410765,aboRine,anti_homophones
28992,1,7,0,5,2,-5.073977302839193,5.073977302839193,pwaz§,anti_homophones
28993,1,5,0,5,2,-5.262662368083707,5.262662368083707,medyk,anti_homophones
28994,1,0,0,9,4,-9.01331141731831,9.01331141731831,bRyniline,anti_homophones
28995,1,0,0,7,3,-6.957636421315993,6.957636421315993,k§globe,anti_homophones
28996,1,0,0,8,4,-8.263108347397498,8.263108347397498,Reapabl2,anti_homophones
28997,1,0,0,10,4,-9.317460627625403,9.317460627625403,dypleteRat,anti_homophones
28998,1,0,0,7,3,-5.846485800537644,5.846485800537644,manis9R,anti_homophones
28999,1,0,0,5,2,-5.59351227914528,5.59351227914528,bedw5,anti_homophones
29000,1,0,0,6,2,-7.519141280306236,7.519141280306236,p@djag,anti_homophones
29001,1,0,0,5,2,-5.67935640011053,5.67935640011053,bOske,anti_homophones
29002,1,21,1,3,2,-4.860625748918826,4.860625748918826,Ole,anti_homophones
29003,1,0,0,8,3,-6.364058000677479,6.364058000677479,5siplist,anti_homophones
29004,1,3,0,7,2,-6.371390947207807,6.371390947207807,k§tRakm,anti_homophones
29005,1,0,0,6,3,-6.189468617723913,6.189468617723913,Espede,anti_homophones
29006,1,0,0,8,4,-6.6195323892064994,6.6195323892064994,babilike,anti_homophones
29007,1,3,0,7,4,-5.174560358156047,5.174560358156047,5fin°m@,anti_homophones
29008,1,0,0,8,4,-9.28238727379772,9.28238727379772,ReamaRka,anti_homophones
29009,1,0,0,7,3,-5.507099394846519,5.507099394846519,kOsOvj5,anti_homophones
29010,1,0,1,6,3,-4.915660751662942,4.915660751662942,R°s°le,anti_homophones
29011,1,0,0,10,4,-11.640172451292967,11.640172451292967,noRabastip,anti_homophones
29012,1,15,0,4,2,-4.977470315314807,4.977470315314807,gone,anti_homophones
29013,1,0,0,8,3,-8.917318528721783,8.917318528721783,Ostfolab,anti_homophones
29014,1,0,0,9,3,-7.194818841042088,7.194818841042088,laRmwaj9R,anti_homophones
29015,1,4,0,5,2,-5.389062055103789,5.389062055103789,pERj5,anti_homophones
29016,1,5,0,5,2,-6.980296945297125,6.980296945297125,5stER,anti_homophones
29017,1,11,0,4,2,-5.114002157255739,5.114002157255739,5pyR,anti_homophones
29018,1,5,0,4,2,-5.959755693468988,5.959755693468988,ymEt,anti_homophones
29019,1,1,0,6,3,-6.9173516438295755,6.9173516438295755,sefaby,anti_homophones
29020,1,2,0,9,4,-6.463806096392096,6.463806096392096,Ret@sjone,anti_homophones
29021,1,7,0,6,2,-5.044864185413493,5.044864185413493,falizm,anti_homophones
29022,1,0,0,8,4,-9.691793710094927,9.691793710094927,sed@paR@,anti_homophones
29023,1,1,0,5,3,-7.090143438896765,7.090143438896765,aloty,anti_homophones
29024,1,0,0,6,2,-8.156894211887192,8.156894211887192,plimEs,anti_homophones
29025,1,0,0,8,4,-8.807705587608975,8.807705587608975,8itERaZ2,anti_homophones
29026,1,0,0,8,3,-7.920010450526215,7.920010450526215,R°SosykR,anti_homophones
29027,1,2,0,6,2,-5.751961445143748,5.751961445143748,kw@tOn,anti_homophones
29028,1,29,0,4,2,-4.914907842833573,4.914907842833573,mane,anti_homophones
29029,1,1,0,7,3,-5.233141781407546,5.233141781407546,dekut9R,anti_homophones
29030,1,2,0,5,2,-5.693739655379342,5.693739655379342,pwas5,anti_homophones
29031,1,1,0,9,4,-5.715212004966856,5.715212004966856,m@sjEl°m@,anti_homophones
29032,1,2,0,6,3,-5.052510286487611,5.052510286487611,ZeolOg,anti_homophones
29033,1,1,0,9,4,-5.864059568376547,5.864059568376547,kalitasj§,anti_homophones
29034,1,6,0,5,2,-5.623806204416366,5.623806204416366,minak,anti_homophones
29035,1,9,0,5,2,-4.785599585772899,4.785599585772899,kaRp5,anti_homophones
29036,1,0,0,11,4,-10.569696741328151,10.569696741328151,dZOg9RlinOS,anti_homophones
29037,1,2,0,5,2,-5.639141008802021,5.639141008802021,k@paN,anti_homophones
29038,1,5,0,4,2,-4.958527569849124,4.958527569849124,5dEs,anti_homophones
29039,1,0,0,11,4,-9.439322775067376,9.439322775067376,kapylkals9R,anti_homophones
29040,1,2,0,4,2,-4.941486956684216,4.941486956684216,R2l5,anti_homophones
29041,1,0,0,9,4,-6.38018540224228,6.38018540224228,ikoloZist,anti_homophones
29042,1,1,0,6,2,-5.905152643156701,5.905152643156701,R@vERb,anti_homophones
29043,1,0,0,8,4,-7.468018034947779,7.468018034947779,topedeRe,anti_homophones
29044,1,4,0,5,3,-5.519918836015901,5.519918836015901,atomi,anti_homophones
29045,1,19,0,3,1,-4.9042061215327175,4.9042061215327175,Ryn,anti_homophones
29046,1,0,0,7,3,-6.675030483551846,6.675030483551846,ynistj§,anti_homophones
29047,1,1,0,4,2,-5.070639059487098,5.070639059487098,§gl§,anti_homophones
29048,1,2,0,4,2,-5.558435308030228,5.558435308030228,Obin,anti_homophones
29049,1,2,0,7,2,-5.644950248174531,5.644950248174531,pRopORt,anti_homophones
29050,1,2,0,5,2,-5.448757531833274,5.448757531833274,pR2n@,anti_homophones
29051,1,0,0,11,4,-8.134067471429631,8.134067471429631,pipERklasj§,anti_homophones
29052,1,11,0,5,2,-4.959735377612589,4.959735377612589,RaS9R,anti_homophones
29053,1,6,0,5,2,-5.901632873384343,5.901632873384343,kRym@,anti_homophones
29054,1,0,0,8,3,-7.792561381817691,7.792561381817691,vazERvER,anti_homophones
29055,1,0,0,8,3,-7.093880938921862,7.093880938921862,elEkstOm,anti_homophones
29056,1,0,0,10,3,-8.352050327618215,8.352050327618215,tSatSoRizm,anti_homophones
29057,1,0,0,8,3,-6.89520618082952,6.89520618082952,k§gR8in2,anti_homophones
29058,1,6,0,6,2,-5.132838212561314,5.132838212561314,fRolOg,anti_homophones
29059,1,0,0,11,4,-12.323586353678442,12.323586353678442,deg@gRegl9R,anti_homophones
29060,1,13,0,4,1,-4.5054143371498245,4.5054143371498245,blEt,anti_homophones
29061,1,0,0,10,4,-8.440594746108777,8.440594746108777,bR@Similja,anti_homophones
29062,1,0,0,10,3,-7.719717787320081,7.719717787320081,pRospORtik,anti_homophones
29063,1,4,0,6,3,-5.419745787697219,5.419745787697219,duj°m@,anti_homophones
29064,1,0,0,10,4,-9.779457772304442,9.779457772304442,pyblotiR9R,anti_homophones
29065,1,1,0,6,3,-8.611929733268196,8.611929733268196,obR§te,anti_homophones
29066,1,0,0,9,4,-8.610099311456914,8.610099311456914,R°sudwani,anti_homophones
29067,1,4,0,6,3,-5.656901505823977,5.656901505823977,5pERSe,anti_homophones
29068,1,0,0,8,3,-6.72643785213692,6.72643785213692,skRimine,anti_homophones
29069,1,3,0,5,2,-5.121402628059109,5.121402628059109,mylti,anti_homophones
29070,1,17,0,4,2,-4.635320932583719,4.635320932583719,kipe,anti_homophones
29071,1,18,0,4,1,-4.685178048965015,4.685178048965015,RwaR,anti_homophones
29072,1,0,0,7,3,-7.043596053647203,7.043596053647203,avalkER,anti_homophones
29073,1,9,0,5,2,-5.413655338246012,5.413655338246012,fit9R,anti_homophones
29074,1,0,0,8,4,-8.966017792544505,8.966017792544505,afRek§t§,anti_homophones
29075,1,0,0,7,3,-8.200669896597852,8.200669896597852,dafebR2,anti_homophones
29076,1,0,0,11,4,-8.512286661791332,8.512286661791332,klakoloZizm,anti_homophones
29077,1,7,0,4,1,-5.974886463397224,5.974886463397224,skap,anti_homophones
29078,1,0,0,10,4,-11.241275144805893,11.241275144805893,R°fOlinwan,anti_homophones
29079,1,0,0,10,3,-9.294378775208534,9.294378775208534,EskRoskORn,anti_homophones
29080,1,0,0,6,3,-6.8036612055519265,6.8036612055519265,kasado,anti_homophones
29081,1,0,0,10,4,-12.04925086188005,12.04925086188005,n@tisjamad,anti_homophones
29082,1,9,0,4,2,-5.163238488156211,5.163238488156211,yREl,anti_homophones
29083,1,0,0,8,3,-7.920930370720323,7.920930370720323,tR@kokin,anti_homophones
29084,1,0,0,7,3,-7.2191801742789625,7.2191801742789625,mezozj5,anti_homophones
29085,1,0,0,6,3,-7.121148459955518,7.121148459955518,RanEs@,anti_homophones
29086,1,6,0,7,3,-5.849715098723137,5.849715098723137,gylasj§,anti_homophones
29087,1,2,0,5,2,-5.602590081767495,5.602590081767495,gRav@,anti_homophones
29088,1,0,0,7,4,-5.448338149011632,5.448338149011632,@pES°m@,anti_homophones
29089,1,0,0,7,3,-8.35085499029831,8.35085499029831,kumuS9R,anti_homophones
29090,1,0,0,8,4,-7.259539339423514,7.259539339423514,adylaRde,anti_homophones
29091,1,0,0,9,4,-9.721611295104013,9.721611295104013,tusobR§Se,anti_homophones
29092,1,0,0,13,4,-9.990812336197186,9.990812336197186,inOpstRyktizm,anti_homophones
29093,1,1,0,9,4,-6.270148092251838,6.270148092251838,@doloZist,anti_homophones
29094,1,0,0,8,4,-6.208733178194856,6.208733178194856,eteRat9R,anti_homophones
29095,1,0,0,8,4,-7.390853082751687,7.390853082751687,l°vaZ°Ri,anti_homophones
29096,1,4,0,4,1,-6.357368992978261,6.357368992978261,butl,anti_homophones
29097,1,3,0,5,3,-6.32041682933001,6.32041682933001,otot§,anti_homophones
29098,1,7,0,5,2,-5.654677043154838,5.654677043154838,tRoke,anti_homophones
29099,1,5,0,5,2,-6.352383412644636,6.352383412644636,salaj,anti_homophones
29100,1,1,0,7,3,-5.883138792045927,5.883138792045927,sikjave,anti_homophones
29101,1,0,0,7,4,-6.218606084227811,6.218606084227811,ap°lote,anti_homophones
29102,1,9,0,4,2,-4.618709657762457,4.618709657762457,ofil,anti_homophones
29103,1,0,0,12,4,-10.318720462646043,10.318720462646043,pROskOptitik,anti_homophones
29104,1,4,0,5,1,-6.400655746951231,6.400655746951231,fl5dR,anti_homophones
29105,1,3,0,5,2,-5.532941233900537,5.532941233900537,Rekaj,anti_homophones
29106,1,0,0,7,3,-5.668669945734179,5.668669945734179,n2Rveje,anti_homophones
29107,1,0,0,10,4,-9.247139971658008,9.247139971658008,ypERkyRsj§,anti_homophones
29108,1,5,0,6,3,-6.224525653588891,6.224525653588891,oRatyR,anti_homophones
29109,1,0,0,9,3,-6.400339813901298,6.400339813901298,spesjonER,anti_homophones
29110,1,14,0,4,1,-4.302071652067834,4.302071652067834,Zabl,anti_homophones
29111,1,0,0,7,3,-8.069776706541441,8.069776706541441,vaREtR2,anti_homophones
29112,1,0,0,6,2,-7.064784024296307,7.064784024296307,fliksi,anti_homophones
29113,1,0,0,10,4,-8.928827118759662,8.928827118759662,sufl@SizEt,anti_homophones
29114,1,0,0,7,3,-6.862755631614955,6.862755631614955,bRiloge,anti_homophones
29115,1,0,0,10,4,-8.243916277230925,8.243916277230925,sypERlatal,anti_homophones
29116,1,1,0,7,3,-6.09798779963838,6.09798779963838,aRbijaZ,anti_homophones
29117,1,1,0,6,3,-6.913381002278577,6.913381002278577,gal2m@,anti_homophones
29118,1,0,0,7,3,-6.694713522653831,6.694713522653831,kaRidj5,anti_homophones
29119,1,21,0,2,1,-4.572206094174801,4.572206094174801,b§,anti_homophones
29120,1,6,0,7,3,-5.160092786447041,5.160092786447041,sagasj§,anti_homophones
29121,1,0,0,6,2,-6.561038099400541,6.561038099400541,bRosEn,anti_homophones
29122,1,3,0,5,2,-6.098114819181287,6.098114819181287,bR@S§,anti_homophones
29123,1,2,0,6,2,-5.808054006319495,5.808054006319495,skwaje,anti_homophones
29124,1,0,0,7,3,-7.222115914220042,7.222115914220042,selekaR,anti_homophones
29125,1,3,1,5,2,-4.997666033288499,4.997666033288499,dulje,anti_homophones
29126,1,0,0,9,4,-8.142665706913371,8.142665706913371,kylteRape,anti_homophones
29127,1,0,0,11,4,-9.329845914544437,9.329845914544437,R°l8idEktif,anti_homophones
29128,1,0,0,7,2,-7.832305464773505,7.832305464773505,kselEsk,anti_homophones
29129,1,0,0,6,3,-6.966672527120247,6.966672527120247,@tROpa,anti_homophones
29130,1,0,0,8,3,-9.187821846850202,9.187821846850202,klazaNaZ,anti_homophones
29131,1,0,0,6,3,-6.104302529327448,6.104302529327448,abOlin,anti_homophones
29132,1,3,0,7,3,-5.9756620897524035,5.9756620897524035,maRifje,anti_homophones
29133,1,0,0,9,4,-11.169855308174402,11.169855308174402,olimORkad,anti_homophones
29134,1,0,0,8,4,-6.760176134860855,6.760176134860855,koROm°le,anti_homophones
29135,1,0,0,7,3,-8.050719890829209,8.050719890829209,awtRake,anti_homophones
29136,1,1,0,6,2,-6.002710432903041,6.002710432903041,sjalit,anti_homophones
29137,1,1,0,7,3,-6.3393189176237135,6.3393189176237135,depRine,anti_homophones
29138,1,2,0,7,3,-5.839903553171777,5.839903553171777,5tERZik,anti_homophones
29139,1,3,0,5,3,-4.943256412940377,4.943256412940377,inam@,anti_homophones
29140,1,4,0,5,2,-5.158395394881322,5.158395394881322,moRj5,anti_homophones
29141,1,9,1,6,3,-5.274876882444935,5.274876882444935,ipERte,anti_homophones
29142,1,0,0,9,4,-7.365875088838544,7.365875088838544,g@baRdone,anti_homophones
29143,1,0,0,10,4,-10.7097742187243,10.7097742187243,matEstatEk,anti_homophones
29144,1,2,0,6,3,-6.177023191537392,6.177023191537392,5patin,anti_homophones
29145,1,0,0,6,2,-5.960712566906789,5.960712566906789,komORf,anti_homophones
29146,1,2,0,5,2,-5.2600623959498956,5.2600623959498956,pROke,anti_homophones
29147,1,6,0,5,3,-5.259264236258046,5.259264236258046,2z°m@,anti_homophones
29148,1,2,0,6,3,-5.608620178500782,5.608620178500782,Reytif,anti_homophones
29149,1,2,0,4,2,-5.3165038965125335,5.3165038965125335,nyl2,anti_homophones
29150,1,0,0,7,2,-5.592056033801102,5.592056033801102,fRiksj§,anti_homophones
29151,1,2,0,4,1,-5.510323398265961,5.510323398265961,Sjys,anti_homophones
29152,1,6,1,5,2,-4.741861672080171,4.741861672080171,mylt@,anti_homophones
29153,1,1,0,8,4,-4.891379207933654,4.891379207933654,konEl°m@,anti_homophones
29154,1,0,0,7,3,-6.368537096988121,6.368537096988121,SatSeEn,anti_homophones
29155,1,1,0,6,3,-5.73344052780957,5.73344052780957,veneR2,anti_homophones
29156,1,0,0,7,3,-6.727938066253602,6.727938066253602,demisti,anti_homophones
29157,1,4,0,7,3,-5.821263213102238,5.821263213102238,RikylER,anti_homophones
29158,1,0,0,7,3,-8.499549092734602,8.499549092734602,b2gl@ty,anti_homophones
29159,1,1,0,6,3,-5.89882466414025,5.89882466414025,ymanj5,anti_homophones
29160,1,1,0,6,2,-5.950212896981039,5.950212896981039,kOsmOk,anti_homophones
29161,1,0,0,12,4,-11.351086371260307,11.351086371260307,tRibERnORgan,anti_homophones
29162,1,2,0,6,3,-5.5014237339939625,5.5014237339939625,k§pase,anti_homophones
29163,1,20,0,3,1,-4.09922670961867,4.09922670961867,tR5,anti_homophones
29164,1,0,0,9,3,-7.532546125544396,7.532546125544396,tRoskylER,anti_homophones
29165,1,0,0,10,3,-8.537463208081723,8.537463208081723,klEjbatwaR,anti_homophones
29166,1,6,0,5,3,-5.014572380001073,5.014572380001073,5seRe,anti_homophones
29167,1,4,0,5,2,-5.984440732075534,5.984440732075534,bal@g,anti_homophones
29168,1,0,0,9,4,-7.779723017123653,7.779723017123653,sypERyRZ@,anti_homophones
29169,1,4,0,5,2,-5.786017829003077,5.786017829003077,finaR,anti_homophones
29170,1,0,0,10,4,-13.717922814293065,13.717922814293065,fataknebyl,anti_homophones
29171,1,0,0,9,4,-8.255401474401673,8.255401474401673,v@tRopot@,anti_homophones
29172,1,0,0,6,3,-6.20582577191603,6.20582577191603,em@tER,anti_homophones
29173,1,2,0,5,2,-5.777441285740335,5.777441285740335,magul,anti_homophones
29174,1,0,0,11,4,-12.10840796561818,12.10840796561818,aRbakORsalp,anti_homophones
29175,1,3,0,6,2,-5.169098905493786,5.169098905493786,ZuRnwa,anti_homophones
29176,1,2,0,7,2,-5.563685439475458,5.563685439475458,stalist,anti_homophones
29177,1,2,0,5,2,-6.1658435302029,6.1658435302029,veRys,anti_homophones
29178,1,0,0,8,3,-7.301498899209625,7.301498899209625,papilsEn,anti_homophones
29179,1,7,0,4,1,-4.283212591888443,4.283212591888443,sufl,anti_homophones
29180,1,0,0,6,3,-7.95312308683251,7.95312308683251,kaSEla,anti_homophones
29181,1,1,0,7,3,-6.1675438670070255,6.1675438670070255,Samaizm,anti_homophones
29182,1,3,0,4,1,-5.0812757666829205,5.0812757666829205,tRyz,anti_homophones
29183,1,0,0,7,3,-7.733670258659544,7.733670258659544,lotinik,anti_homophones
29184,1,0,0,7,3,-6.014722442934887,6.014722442934887,gzenoid,anti_homophones
29185,1,6,0,8,4,-5.497018421183639,5.497018421183639,adikasj§,anti_homophones
29186,1,2,0,5,2,-4.870877942750026,4.870877942750026,R@vER,anti_homophones
29187,1,5,0,2,1,-4.64847364792071,4.64847364792071,9m,anti_homophones
29188,1,0,0,7,3,-5.679893555420711,5.679893555420711,sov°gaR,anti_homophones
29189,1,6,1,4,2,-4.380648114107042,4.380648114107042,v°ny,anti_homophones
29190,1,0,0,7,3,-6.893711758635202,6.893711758635202,metizj§,anti_homophones
29191,1,1,0,7,3,-8.024287479044974,8.024287479044974,bitERmo,anti_homophones
29192,1,0,0,7,2,-7.224314744301535,7.224314744301535,kROtizm,anti_homophones
29193,1,16,0,4,2,-4.864636938406793,4.864636938406793,sake,anti_homophones
29194,1,1,0,7,2,-5.554190110870218,5.554190110870218,elEkstR,anti_homophones
29195,1,0,0,7,3,-7.200756852328194,7.200756852328194,datekER,anti_homophones
29196,1,1,0,5,2,-6.36086175224037,6.36086175224037,@kRam,anti_homophones
29197,1,1,0,8,3,-7.999929931908359,7.999929931908359,bjalifje,anti_homophones
29198,1,6,0,4,2,-5.547341693648937,5.547341693648937,bigu,anti_homophones
29199,1,0,0,8,3,-6.947858162077588,6.947858162077588,pROzelOs,anti_homophones
29200,1,10,0,4,1,-4.987830114592885,4.987830114592885,gaRn,anti_homophones
29201,1,0,0,8,3,-9.824583901761711,9.824583901761711,tORkaRs§,anti_homophones
29202,1,0,0,8,3,-7.200317260421554,7.200317260421554,siRk§s@g,anti_homophones
29203,1,2,0,6,3,-5.556710059040615,5.556710059040615,ekolER,anti_homophones
29204,1,4,0,6,3,-5.6515808670371985,5.6515808670371985,k§sis@,anti_homophones
29205,1,6,0,6,2,-4.953804583742618,4.953804583742618,bastik,anti_homophones
29206,1,6,0,4,2,-4.341214288325778,4.341214288325778,Zyda,anti_homophones
29207,1,10,1,5,2,-4.540544490407269,4.540544490407269,SatER,anti_homophones
29208,1,1,0,8,3,-6.543519728731492,6.543519728731492,ometRist,anti_homophones
29209,1,8,0,5,2,-4.881204878285702,4.881204878285702,malEt,anti_homophones
29210,1,0,0,10,4,-8.999123475556603,8.999123475556603,gRamasitik,anti_homophones
29211,1,0,0,9,3,-6.8311268726235195,6.8311268726235195,pRezinjOm,anti_homophones
29212,1,0,0,8,3,-9.410422117604591,9.410422117604591,nOstatid,anti_homophones
29213,1,1,0,7,2,-7.95261430724765,7.95261430724765,kRinjEz,anti_homophones
29214,1,0,0,9,4,-9.002115530767394,9.002115530767394,pat2kosj§,anti_homophones
29215,1,1,0,6,3,-6.5316637051143935,6.5316637051143935,kokol@,anti_homophones
29216,1,19,0,2,1,-4.577438790029458,4.577438790029458,ut,anti_homophones
29217,1,0,0,8,4,-7.192273632403557,7.192273632403557,@buRdije,anti_homophones
29218,1,0,0,7,3,-5.980965633895459,5.980965633895459,admiRl@,anti_homophones
29219,1,0,0,7,3,-8.10011437783971,8.10011437783971,makogl@,anti_homophones
29220,1,0,0,9,4,-10.256303656669543,10.256303656669543,totikaREt,anti_homophones
29221,1,33,0,2,1,-4.569203736478618,4.569203736478618,da,anti_homophones
29222,1,0,0,7,4,-7.309962046190823,7.309962046190823,adikata,anti_homophones
29223,1,1,0,5,2,-5.239863408921511,5.239863408921511,s85t§,anti_homophones
29224,1,1,0,6,3,-8.44272706300936,8.44272706300936,tozoik,anti_homophones
29225,1,0,0,7,2,-6.590495272019456,6.590495272019456,paREstR,anti_homophones
29226,1,0,0,9,4,-10.628940302913074,10.628940302913074,lORsiR5ke,anti_homophones
29227,1,0,0,7,3,-7.8393442206042705,7.8393442206042705,vil°taR,anti_homophones
29228,1,3,0,6,3,-4.468803148996366,4.468803148996366,@tis9R,anti_homophones
29229,1,1,0,6,3,-5.625829816654249,5.625829816654249,an§sje,anti_homophones
29230,1,0,0,9,4,-7.81123859327983,7.81123859327983,linodasj§,anti_homophones
29231,1,5,0,5,2,-4.753955001003143,4.753955001003143,feR@s,anti_homophones
29232,1,3,0,5,3,-5.513275680608944,5.513275680608944,adode,anti_homophones
29233,1,0,0,9,4,-7.239133117767092,7.239133117767092,5pybERZik,anti_homophones
29234,1,5,0,4,1,-4.922363516738514,4.922363516738514,plyv,anti_homophones
29235,1,18,0,3,1,-4.8789555016563,4.8789555016563,paN,anti_homophones
29236,1,0,0,7,3,-6.691063653339463,6.691063653339463,matifOR,anti_homophones
29237,1,1,0,6,3,-6.536336635532618,6.536336635532618,Zigad5,anti_homophones
29238,1,0,0,7,3,-7.141037249820699,7.141037249820699,faRmode,anti_homophones
29239,1,2,0,6,3,-6.3211954865102475,6.3211954865102475,pal@t5,anti_homophones
29240,1,1,0,6,2,-5.499124426567388,5.499124426567388,syRZj5,anti_homophones
29241,1,0,0,8,3,-6.644535144231697,6.644535144231697,dekORdoz,anti_homophones
29242,1,14,0,5,2,-4.311073865317564,4.311073865317564,misj§,anti_homophones
29243,1,4,0,5,3,-4.719823447165422,4.719823447165422,otoke,anti_homophones
29244,1,1,0,7,3,-6.10109236430585,6.10109236430585,patRipe,anti_homophones
29245,1,5,0,6,2,-5.1182104606436125,5.1182104606436125,kRutje,anti_homophones
29246,1,0,0,11,4,-9.01186422885251,9.01186422885251,fORm9Rd°l9R,anti_homophones
29247,1,9,0,6,3,-5.408683899052331,5.408683899052331,but°m@,anti_homophones
29248,1,8,0,5,2,-5.013142328899188,5.013142328899188,katEl,anti_homophones
29249,1,6,0,4,2,-5.105033082291117,5.105033082291117,jonE,anti_homophones
29250,1,0,0,9,4,-6.9459244126022055,6.9459244126022055,b@d°lasj§,anti_homophones
29251,1,0,0,6,2,-6.41880997461661,6.41880997461661,RablEt,anti_homophones
29252,1,0,0,9,3,-7.1342871758425,7.1342871758425,pRobast9R,anti_homophones
29253,1,1,0,7,3,-5.368861919553721,5.368861919553721,vag°niR,anti_homophones
29254,1,0,0,7,4,-8.913648938500408,8.913648938500408,Esteoak,anti_homophones
29255,1,0,0,9,4,-9.63999374161599,9.63999374161599,adekOltiZ,anti_homophones
29256,1,1,0,7,4,-6.3108854384984765,6.3108854384984765,ikoS°m@,anti_homophones
29257,1,0,0,9,4,-12.930549313149818,12.930549313149818,n2maRZita,anti_homophones
29258,1,1,0,6,2,-5.859210071318073,5.859210071318073,vylgaS,anti_homophones
29259,1,0,0,8,3,-6.565025493400919,6.565025493400919,pRotEkno,anti_homophones
29260,1,0,0,12,4,-7.598301049545454,7.598301049545454,EkstRyksesj§,anti_homophones
29261,1,0,0,7,3,-7.298127271599172,7.298127271599172,fas°REl,anti_homophones
29262,1,0,0,7,3,-6.4712016673059605,6.4712016673059605,biftize,anti_homophones
29263,1,0,0,9,4,-9.26120420053218,9.26120420053218,aRasERvat,anti_homophones
29264,1,0,0,7,4,-6.69339146230003,6.69339146230003,otos@si,anti_homophones
29265,1,0,0,8,3,-6.554094404309457,6.554094404309457,afRaktif,anti_homophones
29266,1,6,0,5,2,-5.366112198544112,5.366112198544112,moRat,anti_homophones
29267,1,1,0,4,2,-6.586417366333572,6.586417366333572,otuj,anti_homophones
29268,1,0,0,8,3,-6.954756365758638,6.954756365758638,devjalik,anti_homophones
29269,1,2,0,7,3,-6.483262922664226,6.483262922664226,ustat9R,anti_homophones
29270,1,0,0,7,4,-7.427889301300503,7.427889301300503,2ZenEs@,anti_homophones
29271,1,4,0,4,1,-5.158220289084325,5.158220289084325,glOg,anti_homophones
29272,1,0,0,6,3,-6.404006106292449,6.404006106292449,inaRj5,anti_homophones
29273,1,0,0,12,4,-9.48404271224914,9.48404271224914,kRiptasjOnER,anti_homophones
29274,1,1,0,6,3,-6.6056618786286,6.6056618786286,bazein,anti_homophones
29275,1,0,0,8,3,-6.367595148160099,6.367595148160099,pERpl§Ze,anti_homophones
29276,1,0,0,9,3,-9.817524329434393,9.817524329434393,lyzjomjER,anti_homophones
29277,1,0,0,6,2,-8.812226076337673,8.812226076337673,d9ndOl,anti_homophones
29278,1,1,0,6,3,-7.180062249474782,7.180062249474782,pududu,anti_homophones
29279,1,0,0,6,3,-6.661636177322235,6.661636177322235,akadRa,anti_homophones
29280,1,0,0,9,4,-7.145534533422929,7.145534533422929,flanalite,anti_homophones
29281,1,0,0,10,4,-7.598528259371956,7.598528259371956,juGj5f°z@s,anti_homophones
29282,1,0,0,8,4,-9.299845313592854,9.299845313592854,@titalES,anti_homophones
29283,1,0,0,10,3,-8.217470949011599,8.217470949011599,fRaksitabl,anti_homophones
29284,1,0,0,9,4,-9.5349395793161,9.5349395793161,bRokopil§,anti_homophones
29285,1,0,0,7,3,-8.677991128528289,8.677991128528289,S5tegys,anti_homophones
29286,1,0,0,7,4,-7.468482901002641,7.468482901002641,apaZ9nE,anti_homophones
29287,1,0,0,10,4,-9.073471526495716,9.073471526495716,pRotamORfE,anti_homophones
29288,1,0,0,9,4,-8.983464053834092,8.983464053834092,ZaR°tR@ge,anti_homophones
29289,1,1,0,7,4,-4.849603411465439,4.849603411465439,§t2z°m@,anti_homophones
29290,1,0,0,8,3,-7.873249535968777,7.873249535968777,EksaRdaZ,anti_homophones
29291,1,0,0,7,3,-8.087082522115821,8.087082522115821,domadjo,anti_homophones
29292,1,2,0,6,2,-5.684367754263069,5.684367754263069,SaRpj5,anti_homophones
29293,1,0,0,7,3,-5.739367752015784,5.739367752015784,savoRal,anti_homophones
29294,1,1,0,7,3,-7.5909353581866545,7.5909353581866545,pokaRde,anti_homophones
29295,1,10,0,4,2,-5.27386366253339,5.27386366253339,bino,anti_homophones
29296,1,0,0,10,4,-7.501832107536776,7.501832107536776,k§taktifje,anti_homophones
29297,1,4,0,4,2,-6.227623131307694,6.227623131307694,k°ny,anti_homophones
29298,1,0,0,9,3,-8.393048428151356,8.393048428151356,paROskORn,anti_homophones
29299,1,0,0,7,3,-7.07114848550689,7.07114848550689,R°paRt§,anti_homophones
29300,1,0,0,7,3,-7.274216726066705,7.274216726066705,fasitRe,anti_homophones
29301,1,0,0,10,4,-8.569483908115155,8.569483908115155,Reaksjonat,anti_homophones
29302,1,1,0,7,4,-5.146796639332,5.146796639332,aN2z°m@,anti_homophones
29303,1,2,0,6,3,-6.14054854951807,6.14054854951807,kov°ny,anti_homophones
29304,1,3,0,6,2,-4.8022531095562675,4.8022531095562675,kwadRe,anti_homophones
29305,1,0,0,8,4,-6.196042726879513,6.196042726879513,negoRite,anti_homophones
29306,1,0,0,8,3,-7.025172659289904,7.025172659289904,linisabl,anti_homophones
29307,1,0,0,8,3,-8.317246183524524,8.317246183524524,gRosijEf,anti_homophones
29308,1,0,0,12,4,-11.13883589580246,11.13883589580246,pajyRnistist,anti_homophones
29309,1,13,0,5,2,-4.721732187807254,4.721732187807254,paRke,anti_homophones
29310,1,4,0,4,2,-5.120748936895605,5.120748936895605,myno,anti_homophones
29311,1,0,0,6,3,-7.429644452592067,7.429644452592067,luS°ve,anti_homophones
29312,1,0,0,7,3,-7.0187635090930796,7.0187635090930796,Rotodik,anti_homophones
29313,1,0,0,6,3,-7.342333747132168,7.342333747132168,popoRe,anti_homophones
29314,1,0,1,6,2,-5.663777142562652,5.663777142562652,lESman,anti_homophones
29315,1,6,1,6,2,-4.92398788512938,4.92398788512938,mastik,anti_homophones
29316,1,0,0,7,3,-6.229020834328981,6.229020834328981,baRap9R,anti_homophones
29317,1,3,0,6,2,-5.935258449387416,5.935258449387416,pylt9R,anti_homophones
29318,1,0,0,8,4,-6.815124193454136,6.815124193454136,k§symate,anti_homophones
29319,1,0,0,8,3,-7.433268008656551,7.433268008656551,p@sitwaR,anti_homophones
29320,1,0,0,10,4,-8.321617765918742,8.321617765918742,k§ZEstidik,anti_homophones
29321,1,0,0,5,3,-6.555048957264906,6.555048957264906,ilega,anti_homophones
29322,1,19,0,3,1,-4.668750581202783,4.668750581202783,fyl,anti_homophones
29323,1,0,0,8,4,-6.369776702037306,6.369776702037306,domanite,anti_homophones
29324,1,0,0,7,3,-6.604290220032001,6.604290220032001,kanaSEt,anti_homophones
29325,1,7,0,5,3,-5.027147689576074,5.027147689576074,asyRe,anti_homophones
29326,1,2,0,7,3,-7.092144452385691,7.092144452385691,RobatiR,anti_homophones
29327,1,0,0,6,2,-5.924837903861026,5.924837903861026,R°dREZ,anti_homophones
29328,1,0,0,8,4,-8.24323515875038,8.24323515875038,dekol2R2,anti_homophones
29329,1,3,1,6,3,-4.843970869731294,4.843970869731294,otonje,anti_homophones
29330,1,1,0,5,2,-5.503446727782166,5.503446727782166,Zydit,anti_homophones
29331,1,0,0,7,3,-6.909516980421322,6.909516980421322,myzasje,anti_homophones
29332,1,0,0,8,4,-7.062135555194539,7.062135555194539,idRokain,anti_homophones
29333,1,1,0,6,2,-5.638210392899097,5.638210392899097,buRl5g,anti_homophones
29334,1,0,0,7,3,-6.3541411665787955,6.3541411665787955,ev@tRaZ,anti_homophones
29335,1,6,1,4,2,-5.142117105375883,5.142117105375883,inyz,anti_homophones
29336,1,7,0,3,1,-4.9474962690466295,4.9474962690466295,gwE,anti_homophones
29337,1,0,0,10,4,-9.402348692076533,9.402348692076533,mek§paRN2z,anti_homophones
29338,1,0,0,8,4,-8.354780429461435,8.354780429461435,fazOn°t§,anti_homophones
29339,1,5,0,4,1,-6.880235941134194,6.880235941134194,fl§Z,anti_homophones
29340,1,0,0,9,3,-9.849753622873202,9.849753622873202,aglistR§b,anti_homophones
29341,1,0,0,8,4,-7.098585872502643,7.098585872502643,emolifje,anti_homophones
29342,1,18,1,6,3,-4.749096389106839,4.749096389106839,mat°m@,anti_homophones
29343,1,1,0,7,3,-6.132454637296707,6.132454637296707,moviz9R,anti_homophones
29344,1,5,0,5,2,-5.606819034635489,5.606819034635489,ekliS,anti_homophones
29345,1,1,0,5,1,-6.606579990908356,6.606579990908356,ts8ER,anti_homophones
29346,1,7,0,4,2,-5.020001402447491,5.020001402447491,sEj@,anti_homophones
29347,1,1,0,8,4,-6.028747487942167,6.028747487942167,telesite,anti_homophones
29348,1,8,0,5,2,-4.678841108004736,4.678841108004736,atRik,anti_homophones
29349,1,0,0,8,3,-8.136904947951349,8.136904947951349,tResizif,anti_homophones
29350,1,0,0,7,3,-6.574385374634678,6.574385374634678,etamizm,anti_homophones
29351,1,1,0,6,3,-6.147703304006772,6.147703304006772,pEjOne,anti_homophones
29352,1,1,0,8,4,-6.311157097893692,6.311157097893692,demonome,anti_homophones
29353,1,0,0,9,4,-6.446168868712947,6.446168868712947,gavjal°m@,anti_homophones
29354,1,2,0,6,2,-5.467995280052147,5.467995280052147,pRefal,anti_homophones
29355,1,1,0,6,3,-6.654549600223173,6.654549600223173,lat°l5,anti_homophones
29356,1,0,0,8,4,-6.10119538554546,6.10119538554546,Resilite,anti_homophones
29357,1,6,0,6,3,-4.751599380672244,4.751599380672244,liN°m@,anti_homophones
29358,1,0,0,6,2,-6.118692757272383,6.118692757272383,naftOl,anti_homophones
29359,1,0,0,7,3,-9.200383955003339,9.200383955003339,kafaRum,anti_homophones
29360,1,0,0,6,3,-6.462976633123145,6.462976633123145,S°vaZi,anti_homophones
29361,1,0,0,8,4,-6.9254204683912715,6.9254204683912715,veZenize,anti_homophones
29362,1,0,0,7,3,-7.5473062156240065,7.5473062156240065,RaiRwEt,anti_homophones
29363,1,1,0,6,3,-4.574630164418957,4.574630164418957,5disj§,anti_homophones
29364,1,7,1,7,3,-4.946285072023572,4.946285072023572,matifje,anti_homophones
29365,1,0,0,9,4,-7.101582725074427,7.101582725074427,maRS@dite,anti_homophones
29366,1,2,0,6,3,-5.507092522179328,5.507092522179328,5v@tyR,anti_homophones
29367,1,0,0,8,3,-9.213008298434955,9.213008298434955,mERsitym,anti_homophones
29368,1,18,0,3,1,-4.642584636114641,4.642584636114641,daS,anti_homophones
29369,1,7,0,5,2,-4.935746343308742,4.935746343308742,golOg,anti_homophones
29370,1,0,0,8,3,-8.676033887436763,8.676033887436763,diskabij,anti_homophones
29371,1,6,0,6,2,-5.0432587563550815,5.0432587563550815,tRus9R,anti_homophones
29372,1,0,0,6,3,-7.120584801795802,7.120584801795802,5vaZil,anti_homophones
29373,1,14,0,3,1,-6.661729308177845,6.661729308177845,typ,anti_homophones
29374,1,1,0,7,3,-6.62490619401642,6.62490619401642,pyneRal,anti_homophones
29375,1,0,0,9,3,-7.908770187058297,7.908770187058297,tRispesj§,anti_homophones
29376,1,0,0,8,3,-10.357477602547426,10.357477602547426,vekamufl,anti_homophones
29377,1,0,0,11,4,-9.085924314902957,9.085924314902957,plaktilizaZ,anti_homophones
29378,1,0,0,8,3,-9.60941942614447,9.60941942614447,smis@tik,anti_homophones
29379,1,0,0,7,2,-6.193817271643969,6.193817271643969,pRotERn,anti_homophones
29380,1,0,0,10,4,-9.160278856941748,9.160278856941748,klapaRd2m@,anti_homophones
29381,1,3,1,6,3,-5.669986475302927,5.669986475302927,akORd@,anti_homophones
29382,1,15,0,4,2,-4.745423637044193,4.745423637044193,kRue,anti_homophones
29383,1,3,0,5,2,-7.522230890998247,7.522230890998247,zloge,anti_homophones
29384,1,4,0,4,1,-4.749431764935648,4.749431764935648,fl8e,anti_homophones
29385,1,0,0,9,4,-6.977112396155708,6.977112396155708,taksEn°m@,anti_homophones
29386,1,0,0,10,4,-8.802146418222478,8.802146418222478,pRolyminER,anti_homophones
29387,1,1,0,4,2,-5.127230634756429,5.127230634756429,umba,anti_homophones
29388,1,2,0,6,3,-5.482151817380988,5.482151817380988,5ploRe,anti_homophones
29389,1,2,0,5,2,-5.26123197717372,5.26123197717372,solyR,anti_homophones
29390,1,0,0,7,4,-5.861645568836874,5.861645568836874,otopoze,anti_homophones
29391,1,0,0,8,4,-9.323116112601166,9.323116112601166,otidalj5,anti_homophones
29392,1,8,0,3,2,-5.088485287508793,5.088485287508793,eSi,anti_homophones
29393,1,0,0,9,4,-8.65388605526523,8.65388605526523,p5teRot9R,anti_homophones
29394,1,0,0,5,2,-7.608701031663035,7.608701031663035,SwikE,anti_homophones
29395,1,1,0,8,3,-6.015385859283689,6.015385859283689,sypORsj§,anti_homophones
29396,1,13,1,6,3,-4.24295532504949,4.24295532504949,sal°m@,anti_homophones
29397,1,0,0,10,4,-5.566315840237849,5.566315840237849,disp@sasj§,anti_homophones
29398,1,1,0,8,3,-6.995966412931364,6.995966412931364,EgzekRat,anti_homophones
29399,1,0,0,9,3,-8.473809751645012,8.473809751645012,vERjEtnik,anti_homophones
29400,1,4,0,5,2,-4.949068770114731,4.949068770114731,gl@dE,anti_homophones
29401,1,0,0,6,2,-5.944343196025347,5.944343196025347,pep5dR,anti_homophones
29402,1,1,0,6,3,-5.624100271072375,5.624100271072375,diZot2,anti_homophones
29403,1,0,0,8,2,-8.775132690384472,8.775132690384472,skRypt9j,anti_homophones
29404,1,1,0,5,2,-5.557128759342365,5.557128759342365,s8ij@,anti_homophones
29405,1,0,0,8,3,-10.56097329141896,10.56097329141896,klet@tik,anti_homophones
29406,1,0,0,9,4,-9.183821338712157,9.183821338712157,atemaRSaZ,anti_homophones
29407,1,0,0,8,4,-9.145466004789933,9.145466004789933,Regamoli,anti_homophones
29408,1,1,0,6,3,-7.386484586066566,7.386484586066566,p2Ropi,anti_homophones
29409,1,1,0,5,3,-5.317201919404224,5.317201919404224,niile,anti_homophones
29410,1,9,0,4,2,-5.290333276760143,5.290333276760143,okaZ,anti_homophones
29411,1,4,0,5,3,-6.028597527541077,6.028597527541077,ekylo,anti_homophones
29412,1,8,0,4,2,-5.572830769262403,5.572830769262403,2Ral,anti_homophones
29413,1,1,0,8,4,-5.914402571923723,5.914402571923723,mitalite,anti_homophones
29414,1,0,0,9,4,-8.731749599262866,8.731749599262866,RepaR°tje,anti_homophones
29415,1,0,0,8,4,-6.708815753457021,6.708815753457021,kaRonomi,anti_homophones
29416,1,0,0,11,4,-7.9175244687116715,7.9175244687116715,paRtablasj§,anti_homophones
29417,1,0,0,7,3,-6.15784642823407,6.15784642823407,dezakus,anti_homophones
29418,1,0,0,10,4,-10.714209525955843,10.714209525955843,nigRatim9R,anti_homophones
29419,1,1,0,6,2,-5.79066776934952,5.79066776934952,bERkyl,anti_homophones
29420,1,0,0,7,3,-7.961471419990425,7.961471419990425,gal°val,anti_homophones
29421,1,0,0,8,3,-7.44582324963565,7.44582324963565,miRamwaR,anti_homophones
29422,1,0,0,10,4,-8.94273558360243,8.94273558360243,@pRimORtaZ,anti_homophones
29423,1,3,0,5,2,-5.729155845724253,5.729155845724253,delOS,anti_homophones
29424,1,0,0,8,3,-8.479130261525492,8.479130261525492,batomask,anti_homophones
29425,1,0,0,6,3,-6.2511504996716845,6.2511504996716845,@kizik,anti_homophones
29426,1,0,0,9,4,-8.428300869369787,8.428300869369787,f8ijolone,anti_homophones
29427,1,3,0,5,2,-5.295967337350429,5.295967337350429,f@faz,anti_homophones
29428,1,0,0,10,4,-8.198944753700161,8.198944753700161,dOptysjone,anti_homophones
29429,1,0,0,7,3,-6.713309979292759,6.713309979292759,mezolwa,anti_homophones
29430,1,6,0,7,4,-6.770852116562142,6.770852116562142,sais°m@,anti_homophones
29431,1,1,0,5,2,-5.834744975824538,5.834744975824538,S°vij,anti_homophones
29432,1,0,0,9,3,-8.636152073519952,8.636152073519952,ostRotizm,anti_homophones
29433,1,0,0,8,3,-7.2617963675076185,7.2617963675076185,SabR9SiG,anti_homophones
29434,1,2,0,6,3,-5.823191309196988,5.823191309196988,s@tije,anti_homophones
29435,1,12,0,3,1,-4.703475587991644,4.703475587991644,faN,anti_homophones
29436,1,0,0,8,4,-6.846715297031703,6.846715297031703,koalifje,anti_homophones
29437,1,0,0,8,4,-8.784071963106015,8.784071963106015,@majlde5,anti_homophones
29438,1,8,1,5,2,-5.094056587692153,5.094056587692153,palEn,anti_homophones
29439,1,2,0,6,2,-5.074866772678801,5.074866772678801,sERv9R,anti_homophones
29440,1,0,0,10,4,-9.396370974285984,9.396370974285984,k§tR@spaje,anti_homophones
29441,1,0,0,8,4,-9.214039813692949,9.214039813692949,pet°Ron@,anti_homophones
29442,1,4,0,4,2,-5.1415840385959655,5.1415840385959655,5S@Z,anti_homophones
29443,1,0,0,9,3,-10.197220472430807,10.197220472430807,vEltEstOs,anti_homophones
29444,1,2,0,5,3,-6.373545602702705,6.373545602702705,ap°n§,anti_homophones
29445,1,2,0,7,3,-4.98302601044552,4.98302601044552,glis°m@,anti_homophones
29446,1,1,0,7,2,-5.543922113559552,5.543922113559552,kRiptif,anti_homophones
29447,1,0,0,8,3,-7.128100289754322,7.128100289754322,tuRnwajE,anti_homophones
29448,1,0,0,8,3,-8.943001002419754,8.943001002419754,stRusot2,anti_homophones
29449,1,5,1,4,3,-5.44316343061783,5.44316343061783,aka§,anti_homophones
29450,1,15,0,3,1,-4.704835504430972,4.704835504430972,bRy,anti_homophones
29451,1,0,0,10,4,-8.752174641259364,8.752174641259364,@kynjEnwaR,anti_homophones
29452,1,0,0,12,4,-9.33395588958815,9.33395588958815,vERbitRyksj§,anti_homophones
29453,1,0,0,10,4,-9.099023328812514,9.099023328812514,stalitaliz,anti_homophones
29454,1,0,0,7,3,-7.1576902917023775,7.1576902917023775,salopin,anti_homophones
29455,1,0,0,7,3,-6.849876478193847,6.849876478193847,gijonad,anti_homophones
29456,1,1,0,6,3,-5.558390249113803,5.558390249113803,R°byze,anti_homophones
29457,1,0,0,8,3,-7.178234764028471,7.178234764028471,R°k§spik,anti_homophones
29458,1,5,0,4,2,-4.723948304062816,4.723948304062816,puf@,anti_homophones
29459,1,2,0,5,3,-6.852100491293551,6.852100491293551,@biki,anti_homophones
29460,1,0,0,9,4,-8.13335493763071,8.13335493763071,astRavije,anti_homophones
29461,1,7,0,5,2,-5.327615886625612,5.327615886625612,Resim,anti_homophones
29462,1,5,1,5,2,-5.061060123291873,5.061060123291873,menER,anti_homophones
29463,1,0,0,7,3,-6.982625930087829,6.982625930087829,Ostmoti,anti_homophones
29464,1,0,0,8,4,-7.440635410430641,7.440635410430641,k@sas°m@,anti_homophones
29465,1,1,0,6,2,-6.373595311925805,6.373595311925805,vanjal,anti_homophones
29466,1,4,0,5,2,-5.076553140941989,5.076553140941989,k@s9R,anti_homophones
29467,1,0,0,7,3,-6.845507087216908,6.845507087216908,somoz9R,anti_homophones
29468,1,0,0,8,3,-6.5482353121160015,6.5482353121160015,salaktif,anti_homophones
29469,1,0,0,8,4,-6.69191799662112,6.69191799662112,@tonat9R,anti_homophones
29470,1,4,0,6,2,-5.086211971068125,5.086211971068125,limEtR,anti_homophones
29471,1,11,0,4,2,-5.117133473395912,5.117133473395912,abiR,anti_homophones
29472,1,2,0,5,2,-5.499169144249697,5.499169144249697,ZozEl,anti_homophones
29473,1,5,0,4,2,-5.019831029288975,5.019831029288975,as8e,anti_homophones
29474,1,0,0,6,3,-5.687990481301531,5.687990481301531,ekl@dE,anti_homophones
29475,1,0,0,9,4,-9.02313470159341,9.02313470159341,lokRip°Ra,anti_homophones
29476,1,1,0,5,2,-5.297588284711206,5.297588284711206,gulOt,anti_homophones
29477,1,1,0,5,2,-5.486364309794755,5.486364309794755,k°REl,anti_homophones
29478,1,6,0,8,4,-5.6131475034254965,5.6131475034254965,aR@tasj§,anti_homophones
29479,1,0,0,11,4,-10.09427849899409,10.09427849899409,pRatyRbaRbe,anti_homophones
29480,1,12,0,3,1,-5.332756872333064,5.332756872333064,pOg,anti_homophones
29481,1,0,0,6,3,-7.953804852985085,7.953804852985085,vizase,anti_homophones
29482,1,2,0,8,3,-7.211721097625669,7.211721097625669,pERmisEt,anti_homophones
29483,1,0,0,9,4,-11.77480812225249,11.77480812225249,itifystiG,anti_homophones
29484,1,0,0,8,3,-6.725493627574207,6.725493627574207,p@dyksj§,anti_homophones
29485,1,1,0,9,4,-5.85741220383369,5.85741220383369,sivitasj§,anti_homophones
29486,1,9,0,5,2,-4.915117165482512,4.915117165482512,buRse,anti_homophones
29487,1,20,0,4,2,-4.594458349119135,4.594458349119135,gala,anti_homophones
29488,1,2,0,8,3,-5.9961645450842465,5.9961645450842465,R°dubl9R,anti_homophones
29489,1,1,1,4,2,-5.007987686466327,5.007987686466327,tes§,anti_homophones
29490,1,1,0,6,2,-5.994776220206838,5.994776220206838,Sjatif,anti_homophones
29491,1,0,0,7,4,-7.409578511496318,7.409578511496318,ateRine,anti_homophones
29492,1,1,0,8,4,-6.765149235593547,6.765149235593547,alteat9R,anti_homophones
29493,1,0,0,8,4,-7.295115020615873,7.295115020615873,R°gaNeti,anti_homophones
29494,1,4,0,3,1,-4.610152071933663,4.610152071933663,zoR,anti_homophones
29495,1,8,1,5,2,-4.636839746321604,4.636839746321604,sERv@,anti_homophones
29496,1,0,0,8,3,-6.712929919740526,6.712929919740526,myltin@s,anti_homophones
29497,1,0,0,6,3,-6.52089406395073,6.52089406395073,ajonik,anti_homophones
29498,1,1,0,6,3,-5.921034454833095,5.921034454833095,pivode,anti_homophones
29499,1,8,0,4,2,-4.739003641782047,4.739003641782047,k§po,anti_homophones
29500,1,0,0,5,2,-5.850894031201262,5.850894031201262,Zeost,anti_homophones
29501,1,6,0,5,2,-5.043501714039743,5.043501714039743,k§tRi,anti_homophones
29502,1,7,0,5,2,-5.050613395726013,5.050613395726013,styRe,anti_homophones
29503,1,10,0,3,1,-5.321487441136394,5.321487441136394,b8@,anti_homophones
29504,1,1,1,9,4,-5.493654851176997,5.493654851176997,m@s8El°m@,anti_homophones
29505,1,0,0,5,2,-6.896936506012352,6.896936506012352,bimaj,anti_homophones
29506,1,2,0,7,3,-6.580678720760502,6.580678720760502,klaRine,anti_homophones
29507,1,0,0,7,4,-6.384443187930693,6.384443187930693,neopale,anti_homophones
29508,1,16,0,2,2,-4.640645811717405,4.640645811717405,e§,anti_homophones
29509,1,0,0,10,4,-10.927622640267296,10.927622640267296,RetRidOlmi,anti_homophones
29510,1,9,0,4,2,-5.150389307550243,5.150389307550243,bago,anti_homophones
29511,1,0,0,9,4,-7.4952216910813165,7.4952216910813165,dematRipe,anti_homophones
29512,1,11,0,4,2,-5.605967348925127,5.605967348925127,Rema,anti_homophones
29513,1,0,0,9,4,-7.816762331704199,7.816762331704199,n§bRas°Ri,anti_homophones
29514,1,1,0,5,3,-5.134476713177985,5.134476713177985,bRuaa,anti_homophones
29515,1,1,0,7,4,-8.000853995958456,8.000853995958456,obezote,anti_homophones
29516,1,6,0,5,2,-4.804078323097144,4.804078323097144,denwa,anti_homophones
29517,1,7,0,4,2,-5.1141692487489525,5.1141692487489525,ovER,anti_homophones
29518,1,0,0,6,2,-7.33727031928589,7.33727031928589,balpas,anti_homophones
29519,1,11,0,5,2,-5.191549823726524,5.191549823726524,paRan,anti_homophones
29520,1,0,0,8,4,-8.009105497399062,8.009105497399062,s5sinem@,anti_homophones
29521,1,1,0,6,2,-5.798153979573531,5.798153979573531,R@plaZ,anti_homophones
29522,1,0,0,5,2,-5.859647544001346,5.859647544001346,bOZEn,anti_homophones
29523,1,2,0,8,3,-6.366495504910194,6.366495504910194,ZERmitik,anti_homophones
29524,1,0,0,7,3,-7.066195921701554,7.066195921701554,afybliS,anti_homophones
29525,1,1,0,6,2,-7.1314215555157245,7.1314215555157245,fostat,anti_homophones
29526,1,0,0,10,4,-8.060936128935076,8.060936128935076,iREktRijOm,anti_homophones
29527,1,0,0,9,3,-6.802914083134492,6.802914083134492,R°pl@tabl,anti_homophones
29528,1,1,0,6,2,-7.784507974924219,7.784507974924219,sybzij,anti_homophones
29529,1,2,0,5,2,-5.403231287061969,5.403231287061969,ipERk,anti_homophones
29530,1,15,0,4,2,-4.523443512562197,4.523443512562197,Sine,anti_homophones
29531,1,3,0,6,2,-5.826091410060433,5.826091410060433,Rynist,anti_homophones
29532,1,0,0,6,3,-6.946599572156183,6.946599572156183,amaRgi,anti_homophones
29533,1,2,0,5,2,-5.483152251283773,5.483152251283773,k8it2,anti_homophones
29534,1,0,0,8,4,-6.24754713379166,6.24754713379166,ipolifje,anti_homophones
29535,1,0,0,8,4,-9.273007478671106,9.273007478671106,ekamjEn@,anti_homophones
29536,1,1,0,5,2,-5.7584217602933885,5.7584217602933885,Esp§Z,anti_homophones
29537,1,14,0,4,1,-4.5369822337989945,4.5369822337989945,baRk,anti_homophones
29538,1,0,0,3,1,-4.722352131163067,4.722352131163067,p9b,anti_homophones
29539,1,0,0,8,4,-8.448827576814956,8.448827576814956,debuSide,anti_homophones
29540,1,2,0,6,3,-5.975236284766925,5.975236284766925,5dist@,anti_homophones
29541,1,1,0,6,2,-5.589597678851461,5.589597678851461,d§kist,anti_homophones
29542,1,0,0,8,3,-9.987462600418112,9.987462600418112,t5twaRkE,anti_homophones
29543,1,8,0,6,3,-5.399196022975156,5.399196022975156,dolite,anti_homophones
29544,1,5,0,5,2,-4.56592905568072,4.56592905568072,amEtR,anti_homophones
29545,1,0,0,9,4,-8.033837497520603,8.033837497520603,filoRatif,anti_homophones
29546,1,0,0,9,4,-8.525206647532375,8.525206647532375,mek§plezi,anti_homophones
29547,1,8,1,8,4,-4.646261075103675,4.646261075103675,kabilite,anti_homophones
29548,1,0,0,8,3,-7.830777724807352,7.830777724807352,inyskabl,anti_homophones
29549,1,0,0,9,3,-8.804790069544465,8.804790069544465,pwataktyR,anti_homophones
29550,1,7,0,5,2,-5.131105546782467,5.131105546782467,kalme,anti_homophones
29551,1,0,0,7,3,-7.6223068014788495,7.6223068014788495,R2g9lEt,anti_homophones
29552,1,0,0,8,3,-6.241430300148867,6.241430300148867,faminabl,anti_homophones
29553,1,0,0,9,3,-11.318759979486295,11.318759979486295,pOstfleR@,anti_homophones
29554,1,0,0,8,4,-5.417936774834806,5.417936774834806,ReZyZ°m@,anti_homophones
29555,1,3,0,3,1,-4.718549788392718,4.718549788392718,f2Z,anti_homophones
29556,1,0,0,9,3,-6.0874284232037175,6.0874284232037175,dekl@Sist,anti_homophones
29557,1,0,0,13,4,-13.886432222104748,13.886432222104748,kReapstRilEst,anti_homophones
29558,1,0,0,10,4,-8.034431736584356,8.034431736584356,ekORs°vwaR,anti_homophones
29559,1,6,0,5,2,-5.557909304668493,5.557909304668493,tRes@,anti_homophones
29560,1,0,0,9,4,-11.149466671506625,11.149466671506625,RodjoRib@,anti_homophones
29561,1,5,0,5,2,-4.869490308247478,4.869490308247478,gaR9R,anti_homophones
29562,1,0,0,7,2,-6.247042705568897,6.247042705568897,EkstR8i,anti_homophones
29563,1,1,0,6,3,-6.318341556246038,6.318341556246038,at@tyR,anti_homophones
29564,1,0,0,7,3,-8.762311331049556,8.762311331049556,t@tajmi,anti_homophones
29565,1,0,0,7,4,-6.21396460029345,6.21396460029345,5diZeRe,anti_homophones
29566,1,0,0,8,4,-7.754795205121197,7.754795205121197,oblOk°Ro,anti_homophones
29567,1,0,0,9,4,-7.554222715617425,7.554222715617425,5k§tR°t9R,anti_homophones
29568,1,3,0,4,2,-5.0684428859005815,5.0684428859005815,emul,anti_homophones
29569,1,1,0,5,3,-5.274599971648482,5.274599971648482,@figy,anti_homophones
29570,1,1,0,6,2,-5.072750322285138,5.072750322285138,plyvj2,anti_homophones
29571,1,0,0,8,3,-7.028453187265546,7.028453187265546,plymwaze,anti_homophones
29572,1,1,0,9,4,-5.95168424826374,5.95168424826374,palpEl°m@,anti_homophones
29573,1,0,0,9,4,-7.62220159078734,7.62220159078734,5kybasabl,anti_homophones
29574,1,8,0,5,2,-4.730031228423835,4.730031228423835,dinal,anti_homophones
29575,1,0,0,6,2,-7.075124746899577,7.075124746899577,plebaR,anti_homophones
29576,1,8,0,5,2,-5.228777675916289,5.228777675916289,Retif,anti_homophones
29577,1,1,0,5,2,-5.942756000687175,5.942756000687175,poRER,anti_homophones
29578,1,0,0,8,3,-7.0700343591001555,7.0700343591001555,paRtin8@,anti_homophones
29579,1,2,0,4,2,-5.826581151578748,5.826581151578748,zen§,anti_homophones
29580,1,0,0,7,3,-5.955624767211048,5.955624767211048,R°b§dj2,anti_homophones
29581,1,0,0,7,3,-8.024479730660367,8.024479730660367,betosEn,anti_homophones
29582,1,0,0,6,3,-5.131391196731804,5.131391196731804,k§ZygE,anti_homophones
29583,1,0,0,7,3,-6.166173652143729,6.166173652143729,selydje,anti_homophones
29584,1,0,0,11,4,-9.242917319618071,9.242917319618071,plyminostaZ,anti_homophones
29585,1,0,0,7,3,-6.191042141032695,6.191042141032695,pytaj9R,anti_homophones
29586,1,0,0,6,2,-5.569887718070716,5.569887718070716,gutjER,anti_homophones
29587,1,1,0,6,2,-6.761743729543096,6.761743729543096,Samist,anti_homophones
29588,1,0,0,6,3,-5.721543955206313,5.721543955206313,mobije,anti_homophones
29589,1,0,0,8,3,-5.881851431605813,5.881851431605813,R2kOmEtR,anti_homophones
29590,1,5,0,4,2,-4.9054983823969955,4.9054983823969955,sely,anti_homophones
29591,1,1,0,6,2,-5.6318775007614725,5.6318775007614725,ZERmit,anti_homophones
29592,1,0,0,8,4,-6.496986235311299,6.496986235311299,aRSimite,anti_homophones
29593,1,3,0,5,2,-5.6141536414508515,5.6141536414508515,n@taZ,anti_homophones
29594,1,0,0,9,3,-8.645723802921593,8.645723802921593,fRut°Rizm,anti_homophones
29595,1,5,0,5,2,-5.0909691061948905,5.0909691061948905,kad@s,anti_homophones
29596,1,4,0,5,2,-4.4996567099194955,4.4996567099194955,afl9R,anti_homophones
29597,1,4,0,5,2,-6.064800839546329,6.064800839546329,sikon,anti_homophones
29598,1,0,0,8,3,-7.3396523524310835,7.3396523524310835,pERmanja,anti_homophones
29599,1,0,0,7,3,-7.2974564501775765,7.2974564501775765,t5patuj,anti_homophones
29600,1,4,0,6,3,-6.089854791957399,6.089854791957399,emoRat,anti_homophones
29601,1,2,0,6,2,-5.641267970639715,5.641267970639715,k@tibl,anti_homophones
29602,1,0,0,13,4,-15.90793242944514,15.90793242944514,tR@piRikstRte,anti_homophones
29603,1,1,0,5,2,-6.608451512956165,6.608451512956165,p§gle,anti_homophones
29604,1,0,0,8,3,-8.616050387046036,8.616050387046036,abOstfas,anti_homophones
29605,1,3,0,5,2,-4.958243778640606,4.958243778640606,5kRwa,anti_homophones
29606,1,4,0,5,2,-5.049242873740256,5.049242873740256,pERfo,anti_homophones
29607,1,0,0,8,3,-8.964603208579353,8.964603208579353,pRotOkap,anti_homophones
29608,1,6,0,5,2,-5.444928187067754,5.444928187067754,@fizm,anti_homophones
29609,1,1,0,6,2,-6.887441225316373,6.887441225316373,mafRER,anti_homophones
29610,1,0,0,9,4,-10.608307730729809,10.608307730729809,pulabonje,anti_homophones
29611,1,0,0,12,3,-13.95577546986516,13.95577546986516,SjtSvERtilik,anti_homophones
29612,1,8,0,5,3,-4.966370985029099,4.966370985029099,5syle,anti_homophones
29613,1,0,0,6,3,-6.440679646350437,6.440679646350437,ekOlv@,anti_homophones
29614,1,8,0,6,3,-4.79571320603348,4.79571320603348,j2z°m@,anti_homophones
29615,1,0,0,8,4,-8.346186643861012,8.346186643861012,dep@toRe,anti_homophones
29616,1,0,0,8,3,-8.791620800566076,8.791620800566076,bl@SaRZE,anti_homophones
29617,1,6,0,3,2,-5.398829572199848,5.398829572199848,@g2,anti_homophones
29618,1,0,0,8,3,-6.896128023744364,6.896128023744364,akaRtabl,anti_homophones
29619,1,1,0,7,3,-7.112211910740988,7.112211910740988,wasosje,anti_homophones
29620,1,0,0,9,4,-7.112037492561364,7.112037492561364,dematinal,anti_homophones
29621,1,0,0,11,4,-9.56918227500863,9.56918227500863,R°kREt°REtR,anti_homophones
29622,1,4,1,5,2,-4.707650370409364,4.707650370409364,f9jEt,anti_homophones
29623,1,1,0,6,3,-6.119710580776203,6.119710580776203,suteje,anti_homophones
29624,1,2,0,5,2,-5.8830257399893915,5.8830257399893915,Rwat2,anti_homophones
29625,1,1,0,9,4,-5.943760522920389,5.943760522920389,kanabl°m@,anti_homophones
29626,1,3,0,6,2,-6.20360463793308,6.20360463793308,maRsEt,anti_homophones
29627,1,1,0,7,3,-5.897976369588064,5.897976369588064,@poRt9R,anti_homophones
29628,1,0,0,6,3,-5.768134877962312,5.768134877962312,volym@,anti_homophones
29629,1,5,1,6,2,-5.1012058784965655,5.1012058784965655,petwaR,anti_homophones
29630,1,4,1,5,2,-4.90668190128793,4.90668190128793,R°v@S,anti_homophones
29631,1,1,1,7,3,-5.0322305897141915,5.0322305897141915,s85t°m@,anti_homophones
29632,1,0,0,8,3,-6.676984682440581,6.676984682440581,klopeizm,anti_homophones
29633,1,0,0,10,4,-7.821150036565747,7.821150036565747,s@tigatwaR,anti_homophones
29634,1,0,0,9,4,-8.737128233918598,8.737128233918598,kofobERl5,anti_homophones
29635,1,2,0,6,2,-5.663224536615939,5.663224536615939,nevRoz,anti_homophones
29636,1,1,0,7,3,-7.438716738483763,7.438716738483763,eRikwaR,anti_homophones
29637,1,0,0,8,3,-6.288957071529998,6.288957071529998,R@fORman,anti_homophones
29638,1,1,0,6,3,-6.28221735894796,6.28221735894796,nym@ta,anti_homophones
29639,1,0,0,9,3,-7.840725084302181,7.840725084302181,gREskRije,anti_homophones
29640,1,10,0,4,2,-5.221538994417572,5.221538994417572,Ridi,anti_homophones
29641,1,2,0,6,3,-6.774741712925829,6.774741712925829,ak§t@s,anti_homophones
29642,1,4,0,5,2,-4.779758942928913,4.779758942928913,b@d9R,anti_homophones
29643,1,0,0,8,3,-6.249222573553095,6.249222573553095,popylsEn,anti_homophones
29644,1,1,0,5,2,-6.343905424453061,6.343905424453061,s°mEn,anti_homophones
29645,1,5,0,5,2,-5.5074350046480935,5.5074350046480935,RetOl,anti_homophones
29646,1,0,0,8,3,-8.89507584798801,8.89507584798801,pRusaZEn,anti_homophones
29647,1,8,0,4,2,-4.557376827270848,4.557376827270848,elje,anti_homophones
29648,1,0,0,9,3,-7.434377102921562,7.434377102921562,vitRakt9R,anti_homophones
29649,1,0,0,10,4,-10.075806530416655,10.075806530416655,bOskolaZj5,anti_homophones
29650,1,0,0,10,4,-7.717031830478141,7.717031830478141,egospEktOm,anti_homophones
29651,1,2,0,6,2,-5.96647151398199,5.96647151398199,spiRys,anti_homophones
29652,1,0,0,8,3,-9.01028735630997,9.01028735630997,Rek@bREv,anti_homophones
29653,1,0,0,9,4,-8.66474449605723,8.66474449605723,fymwaj@de,anti_homophones
29654,1,0,0,8,4,-7.664772431412831,7.664772431412831,aplij@te,anti_homophones
29655,1,0,0,8,4,-6.8121967625649225,6.8121967625649225,Oksimize,anti_homophones
29656,1,1,0,6,3,-5.410722637605344,5.410722637605344,eteRj5,anti_homophones
29657,1,0,0,5,2,-5.5793544403496345,5.5793544403496345,gojEs,anti_homophones
29658,1,0,0,7,3,-7.610873260293817,7.610873260293817,epRusaZ,anti_homophones
29659,1,1,0,6,3,-6.328814450571122,6.328814450571122,seleme,anti_homophones
29660,1,2,0,4,2,-5.782243012950747,5.782243012950747,@tEm,anti_homophones
29661,1,0,0,9,4,-9.112862107871551,9.112862107871551,fRolikas5,anti_homophones
29662,1,8,0,5,2,-5.492968438287651,5.492968438287651,dinaR,anti_homophones
29663,1,2,0,6,3,-6.263711778883171,6.263711778883171,5stazi,anti_homophones
29664,1,0,0,7,3,-8.982826120061084,8.982826120061084,tematEz,anti_homophones
29665,1,13,0,3,2,-5.061371093351227,5.061371093351227,mea,anti_homophones
29666,1,6,0,4,2,-5.608054278341358,5.608054278341358,was@,anti_homophones
29667,1,0,0,5,2,-5.20838501519384,5.20838501519384,f5l@d,anti_homophones
29668,1,0,0,7,3,-7.193366208597003,7.193366208597003,mutyRal,anti_homophones
29669,1,1,0,7,3,-6.107151317457821,6.107151317457821,kabijaZ,anti_homophones
29670,1,0,0,8,3,-7.108935198683418,7.108935198683418,k§plysj§,anti_homophones
29671,1,2,0,6,2,-6.159004021287835,6.159004021287835,R°sudR,anti_homophones
29672,1,0,0,6,2,-6.345357587584564,6.345357587584564,m2n8ij,anti_homophones
29673,1,0,0,6,2,-7.78819376653966,7.78819376653966,fytadZ,anti_homophones
29674,1,0,0,9,4,-6.985027510709235,6.985027510709235,Refekasj§,anti_homophones
29675,1,3,0,7,4,-4.668246153886735,4.668246153886735,abilize,anti_homophones
29676,1,0,0,9,4,-9.449668455831757,9.449668455831757,w§bazijaR,anti_homophones
29677,1,0,0,7,3,-7.614546220529098,7.614546220529098,amjozif,anti_homophones
29678,1,2,0,8,3,-5.915690464353224,5.915690464353224,dezapw5t,anti_homophones
29679,1,14,0,4,2,-4.317825532992896,4.317825532992896,akse,anti_homophones
29680,1,0,0,7,3,-8.116561497123287,8.116561497123287,melibR@,anti_homophones
29681,1,2,0,9,4,-5.007598784080209,5.007598784080209,dezabl°m@,anti_homophones
29682,1,0,0,6,3,-8.224206487280552,8.224206487280552,ERgid§,anti_homophones
29683,1,0,0,7,3,-4.5620479531992295,4.5620479531992295,maNetik,anti_homophones
29684,1,0,0,7,3,-7.039232352938226,7.039232352938226,Romatis,anti_homophones
29685,1,0,0,5,2,-5.869503014158059,5.869503014158059,g@duj,anti_homophones
29686,1,0,0,9,4,-6.439460878838183,6.439460878838183,Robabl°m@,anti_homophones
29687,1,0,0,7,3,-6.38450341570972,6.38450341570972,RapijOm,anti_homophones
29688,1,0,0,7,2,-6.72073022377674,6.72073022377674,pwavist,anti_homophones
29689,1,0,0,9,4,-10.938063986024863,10.938063986024863,Sum@bR°te,anti_homophones
29690,1,0,0,10,4,-10.372445669779061,10.372445669779061,vapoklitER,anti_homophones
29691,1,0,0,8,3,-5.437512117559608,5.437512117559608,R°pozist,anti_homophones
29692,1,0,0,7,3,-8.214741973630499,8.214741973630499,kotetR§,anti_homophones
29693,1,0,0,8,4,-9.252518460330775,9.252518460330775,@dispodi,anti_homophones
29694,1,0,0,8,4,-6.735082370506786,6.735082370506786,depolive,anti_homophones
29695,1,5,0,5,2,-5.597728312321581,5.597728312321581,pREso,anti_homophones
29696,1,0,0,9,4,-8.314811698002883,8.314811698002883,stibal°m@,anti_homophones
29697,1,1,0,7,2,-6.548168506895923,6.548168506895923,vaRjEkl,anti_homophones
29698,1,2,0,6,2,-5.070681968270428,5.070681968270428,gORZ9R,anti_homophones
29699,1,0,0,9,4,-10.082020037551422,10.082020037551422,SemafR@S°,anti_homophones
29700,1,0,0,9,4,-6.01760979740556,6.01760979740556,neoplat9R,anti_homophones
29701,1,0,0,8,3,-7.782957404880983,7.782957404880983,bRazaRd§,anti_homophones
29702,1,1,0,5,2,-9.14144667566244,9.14144667566244,watiZ,anti_homophones
29703,1,12,1,4,2,-4.512488953955266,4.512488953955266,pedi,anti_homophones
29704,1,0,0,10,4,-6.501481342987616,6.501481342987616,R@plwaz°m@,anti_homophones
29705,1,5,0,5,2,-5.878622361376843,5.878622361376843,bagal,anti_homophones
29706,1,2,0,8,4,-6.268213105283771,6.268213105283771,EspiRite,anti_homophones
29707,1,1,0,6,3,-7.2746327111254105,7.2746327111254105,agaRd5,anti_homophones
29708,1,0,0,8,3,-6.378757307992867,6.378757307992867,Redyktik,anti_homophones
29709,1,7,0,4,2,-4.344701367136871,4.344701367136871,m°Ri,anti_homophones
29710,1,0,0,8,2,-10.281798116783799,10.281798116783799,saRgREtR,anti_homophones
29711,1,0,0,12,4,-8.57862409737441,8.57862409737441,pERs8azjonER,anti_homophones
29712,1,0,0,9,4,-9.025742761565494,9.025742761565494,agRevelOS,anti_homophones
29713,1,2,0,5,2,-6.456291150617728,6.456291150617728,sizas,anti_homophones
29714,1,2,0,4,2,-6.054339981712738,6.054339981712738,ekaS,anti_homophones
29715,1,3,0,7,3,-5.032789118226317,5.032789118226317,dekolOg,anti_homophones
29716,1,0,0,6,3,-7.356713974078024,7.356713974078024,Zyp§d@,anti_homophones
29717,1,0,0,5,2,-5.789162036465848,5.789162036465848,sibis,anti_homophones
29718,1,0,0,8,3,-6.0004527971681965,6.0004527971681965,pERsonER,anti_homophones
29719,1,8,0,5,2,-5.412912963212529,5.412912963212529,putaZ,anti_homophones
29720,1,3,0,9,4,-6.187011383194911,6.187011383194911,velikasj§,anti_homophones
29721,1,0,0,7,3,-6.889507842439749,6.889507842439749,gastRy@,anti_homophones
29722,1,3,0,5,2,-4.819394866107477,4.819394866107477,gR§d5,anti_homophones
29723,1,5,1,4,2,-4.629214649119282,4.629214649119282,yRZe,anti_homophones
29724,1,0,0,8,3,-8.859174574018306,8.859174574018306,StRavide,anti_homophones
29725,1,0,0,8,2,-7.930052839715384,7.930052839715384,tsaRwadR,anti_homophones
29726,1,4,0,4,2,-5.782236308391595,5.782236308391595,obwi,anti_homophones
29727,1,0,0,6,3,-7.27475802207371,7.27475802207371,Rygado,anti_homophones
29728,1,1,0,6,2,-7.0106228069411936,7.0106228069411936,fleRiR,anti_homophones
29729,1,0,0,10,4,-10.784287412898037,10.784287412898037,sinEkdokyR,anti_homophones
29730,1,1,0,7,3,-5.788582039322317,5.788582039322317,aRgujEt,anti_homophones
29731,1,0,0,9,3,-9.783157912326898,9.783157912326898,deSaRkotS,anti_homophones
29732,1,0,0,6,3,-7.609097055265495,7.609097055265495,atRita,anti_homophones
29733,1,3,0,5,2,-5.301410317812189,5.301410317812189,flag§,anti_homophones
29734,1,0,0,7,3,-6.885956584822597,6.885956584822597,paRt°na,anti_homophones
29735,1,0,0,7,3,-6.023462415459502,6.023462415459502,kol§bEl,anti_homophones
29736,1,2,0,6,3,-4.871585841237919,4.871585841237919,5difje,anti_homophones
29737,1,0,0,9,4,-6.333777483872214,6.333777483872214,EgzeZEkte,anti_homophones
29738,1,1,0,5,3,-5.945466269618052,5.945466269618052,ek9ji,anti_homophones
29739,1,3,0,5,2,-4.911447888435145,4.911447888435145,sybli,anti_homophones
29740,1,4,0,5,2,-6.651664173639803,6.651664173639803,polOZ,anti_homophones
29741,1,0,0,7,3,-6.965271776172395,6.965271776172395,@fERl5g,anti_homophones
29742,1,2,0,4,2,-5.9086251433497905,5.9086251433497905,esES,anti_homophones
29743,1,0,0,10,4,-6.204853939254261,6.204853939254261,skopj2z°m@,anti_homophones
29744,1,1,0,5,2,-5.25602801997671,5.25602801997671,Espj5,anti_homophones
29745,1,2,0,5,2,-6.07586929545289,6.07586929545289,RamES,anti_homophones
29746,1,2,0,6,2,-5.934554205788617,5.934554205788617,kORtER,anti_homophones
29747,1,0,0,9,4,-9.336676637186073,9.336676637186073,ustabilis,anti_homophones
29748,1,0,0,10,3,-7.5976605215362,7.5976605215362,flaksjonEt,anti_homophones
29749,1,4,1,5,2,-4.718053024734419,4.718053024734419,kaNOl,anti_homophones
29750,1,2,0,6,3,-6.113389876899981,6.113389876899981,R°t§bo,anti_homophones
29751,1,1,0,5,2,-5.78990502484753,5.78990502484753,sapOd,anti_homophones
29752,1,6,1,4,2,-4.919709794731606,4.919709794731606,@dOl,anti_homophones
29753,1,2,0,7,3,-6.026889428372218,6.026889428372218,maRtine,anti_homophones
29754,1,0,0,8,3,-6.37194128786966,6.37194128786966,ekRatizm,anti_homophones
29755,1,0,0,6,3,-7.857629355755627,7.857629355755627,poEmOl,anti_homophones
29756,1,1,0,6,3,-6.614936513631791,6.614936513631791,b9l°Ri,anti_homophones
29757,1,0,0,9,4,-8.738621296074122,8.738621296074122,RobRijoZe,anti_homophones
29758,1,0,0,9,3,-8.717982539804686,8.717982539804686,kRuzaltEs,anti_homophones
29759,1,1,0,7,3,-7.2886901280054435,7.2886901280054435,pofilEn,anti_homophones
29760,1,0,0,7,3,-8.146608186183668,8.146608186183668,RipaRON,anti_homophones
29761,1,1,0,6,2,-6.57115087548446,6.57115087548446,kOptik,anti_homophones
29762,1,1,0,5,2,-7.021209104650869,7.021209104650869,liniS,anti_homophones
29763,1,0,0,7,3,-7.1571883154725615,7.1571883154725615,R°saks§,anti_homophones
29764,1,0,0,7,3,-8.714185337287258,8.714185337287258,§bRidil,anti_homophones
29765,1,0,0,9,3,-7.3874745586818795,7.3874745586818795,balzaRdaZ,anti_homophones
29766,1,1,0,5,2,-5.642263746772393,5.642263746772393,RuZat,anti_homophones
29767,1,0,0,7,2,-6.868213320717043,6.868213320717043,Opstism,anti_homophones
29768,1,7,0,5,2,-5.205307238663977,5.205307238663977,abwaR,anti_homophones
29769,1,2,0,8,4,-6.679197687242834,6.679197687242834,mitaRite,anti_homophones
29770,1,1,0,6,3,-5.973214661743745,5.973214661743745,avanje,anti_homophones
29771,1,0,0,8,4,-8.087147770577214,8.087147770577214,sonaS°Ri,anti_homophones
29772,1,1,0,6,4,-6.1887571859922135,6.1887571859922135,@tieme,anti_homophones
29773,1,6,0,5,2,-4.915293414952993,4.915293414952993,venyR,anti_homophones
29774,1,3,0,6,3,-5.949287893494325,5.949287893494325,vetije,anti_homophones
29775,1,3,1,5,2,-5.097214070230426,5.097214070230426,pulbe,anti_homophones
29776,1,3,0,6,2,-5.025380481261182,5.025380481261182,kRedik,anti_homophones
29777,1,0,0,6,3,-7.65309133378072,7.65309133378072,sudaje,anti_homophones
29778,1,0,0,5,2,-4.784023086607967,4.784023086607967,p9tiG,anti_homophones
29779,1,0,0,9,3,-7.4942584262822525,7.4942584262822525,afEkskRiR,anti_homophones
29780,1,1,0,5,2,-5.2989611645870545,5.2989611645870545,lokys,anti_homophones
29781,1,4,0,5,2,-6.083848202951731,6.083848202951731,paRod,anti_homophones
29782,1,35,1,3,2,-4.694462783010844,4.694462783010844,ote,anti_homophones
29783,1,4,0,5,2,-5.437362714675882,5.437362714675882,gamEl,anti_homophones
29784,1,0,0,12,4,-12.361018252159496,12.361018252159496,ZeZEstRavajv,anti_homophones
29785,1,0,0,10,4,-10.110441008003527,10.110441008003527,akvavitRif,anti_homophones
29786,1,0,0,8,3,-7.632347140270482,7.632347140270482,slogRaf§,anti_homophones
29787,1,0,0,11,4,-11.072766213126895,11.072766213126895,tRalZik°miR,anti_homophones
29788,1,1,0,7,3,-6.597183950406946,6.597183950406946,Retalj5,anti_homophones
29789,1,2,0,5,3,-5.816355440642405,5.816355440642405,elefo,anti_homophones
29790,1,0,0,8,3,-6.700987036383064,6.700987036383064,bR@kod9R,anti_homophones
29791,1,0,0,7,3,-7.016736826552507,7.016736826552507,5kORniS,anti_homophones
29792,1,0,0,8,3,-6.442036902070982,6.442036902070982,katonjER,anti_homophones
29793,1,0,0,7,3,-7.5970467883052155,7.5970467883052155,5Zenyfl,anti_homophones
29794,1,0,0,8,3,-8.011431412354133,8.011431412354133,RadORmyl,anti_homophones
29795,1,4,0,4,2,-5.944395640955982,5.944395640955982,Z@Zi,anti_homophones
29796,1,0,0,9,4,-7.825103437594936,7.825103437594936,manitoRal,anti_homophones
29797,1,4,1,6,2,-4.9907589133977535,4.9907589133977535,EkstRe,anti_homophones
29798,1,0,0,10,4,-9.193287189502136,9.193287189502136,tREjmat°Ri,anti_homophones
29799,1,1,1,6,3,-4.989231951863675,4.989231951863675,koORde,anti_homophones
29800,1,0,0,8,3,-6.194213113507956,6.194213113507956,sakRolOg,anti_homophones
29801,1,0,0,6,3,-6.246107065352769,6.246107065352769,tofoni,anti_homophones
29802,1,0,0,10,4,-7.081504487602291,7.081504487602291,sosjonEs9R,anti_homophones
29803,1,0,0,9,3,-9.790479815401158,9.790479815401158,s8isaltER,anti_homophones
29804,1,0,0,7,2,-6.673538811792681,6.673538811792681,deskRil,anti_homophones
29805,1,0,0,7,3,-7.75477997888557,7.75477997888557,plasteo,anti_homophones
29806,1,5,0,5,2,-5.169466141399203,5.169466141399203,pinal,anti_homophones
29807,1,0,0,6,3,-6.443570939069998,6.443570939069998,topyl@,anti_homophones
29808,1,1,0,5,2,-5.844494175827609,5.844494175827609,sudan,anti_homophones
29809,1,1,0,7,3,-5.368496473607443,5.368496473607443,deboS9R,anti_homophones
29810,1,0,0,8,3,-6.939591479355905,6.939591479355905,faRmonER,anti_homophones
29811,1,0,0,10,4,-11.04642765379742,11.04642765379742,l@sk§tEsko,anti_homophones
29812,1,3,0,7,2,-5.856044236008232,5.856044236008232,pRomist,anti_homophones
29813,1,1,0,8,3,-6.150067063250227,6.150067063250227,navERsj§,anti_homophones
29814,1,8,0,6,3,-4.914270461574976,4.914270461574976,kal°Ri,anti_homophones
29815,1,9,0,5,2,-4.568738617227047,4.568738617227047,kloRe,anti_homophones
29816,1,8,1,6,3,-4.940598925569522,4.940598925569522,mOt°m@,anti_homophones
29817,1,1,0,7,3,-6.381556050417427,6.381556050417427,guRdon@,anti_homophones
29818,1,0,0,9,4,-7.4239663572716825,7.4239663572716825,debEkfigy,anti_homophones
29819,1,1,0,6,2,-5.1470759314820995,5.1470759314820995,vid8iR,anti_homophones
29820,1,0,0,7,4,-6.10613472868237,6.10613472868237,aeROlOg,anti_homophones
29821,1,0,0,8,4,-6.694579564288493,6.694579564288493,abolifje,anti_homophones
29822,1,1,0,6,3,-6.843090532999824,6.843090532999824,moRaty,anti_homophones
29823,1,0,0,9,3,-9.922687969142164,9.922687969142164,sklazikEt,anti_homophones
29824,1,0,0,7,4,-8.506365131604456,8.506365131604456,alOpik@,anti_homophones
29825,1,2,0,7,3,-5.758355024503876,5.758355024503876,k§solER,anti_homophones
29826,1,0,0,8,3,-7.785196428391449,7.785196428391449,piRatEdR,anti_homophones
29827,1,2,0,7,4,-5.707385628333119,5.707385628333119,egut°Ri,anti_homophones
29828,1,1,0,6,2,-6.7222340350998735,6.7222340350998735,pn2mOR,anti_homophones
29829,1,0,0,9,3,-8.038386220687467,8.038386220687467,depR@dRam,anti_homophones
29830,1,1,0,6,3,-6.133860062872847,6.133860062872847,kom@t2,anti_homophones
29831,1,0,0,7,3,-9.48176332461717,9.48176332461717,fizyt9R,anti_homophones
29832,1,6,0,5,3,-4.993154150334916,4.993154150334916,@fite,anti_homophones
29833,1,5,0,5,2,-4.984396086995406,4.984396086995406,kujaZ,anti_homophones
29834,1,0,0,6,3,-7.453674819637824,7.453674819637824,onofOR,anti_homophones
29835,1,3,0,5,3,-5.545882232960804,5.545882232960804,otomo,anti_homophones
29836,1,0,0,6,2,-5.702655381616122,5.702655381616122,fav9gl,anti_homophones
29837,1,18,1,5,2,-4.719259141640007,4.719259141640007,atizm,anti_homophones
29838,1,3,0,4,2,-5.516973674751097,5.516973674751097,@tj5,anti_homophones
29839,1,8,0,4,2,-4.986315247249467,4.986315247249467,esj§,anti_homophones
29840,1,0,0,9,3,-10.254414677814315,10.254414677814315,Espl@tR9s,anti_homophones
29841,1,0,0,6,3,-7.0072533216534945,7.0072533216534945,badoni,anti_homophones
29842,1,7,1,5,2,-4.660690088096624,4.660690088096624,sap9R,anti_homophones
29843,1,4,0,6,2,-5.632111112541456,5.632111112541456,syRZin,anti_homophones
29844,1,1,0,5,2,-5.694825844644557,5.694825844644557,Radam,anti_homophones
29845,1,4,0,6,2,-5.634794853835826,5.634794853835826,mORfid,anti_homophones
29846,1,0,0,8,3,-10.881090781437196,10.881090781437196,R°leglOg,anti_homophones
29847,1,0,0,10,4,-9.987596209136681,9.987596209136681,m9stimilj§,anti_homophones
29848,1,0,0,6,3,-6.908091898435615,6.908091898435615,fatana,anti_homophones
29849,1,0,0,7,3,-9.563902592110827,9.563902592110827,tismiRe,anti_homophones
29850,1,8,0,5,2,-4.773783363660352,4.773783363660352,balEt,anti_homophones
29851,1,0,0,6,2,-7.42414351727964,7.42414351727964,pubERn,anti_homophones
29852,1,0,0,7,4,-6.188282075004566,6.188282075004566,5komyne,anti_homophones
29853,1,5,0,8,4,-5.8750401704810935,5.8750401704810935,aRitasj§,anti_homophones
29854,1,5,0,4,2,-5.165465293491922,5.165465293491922,koit,anti_homophones
29855,1,2,0,6,2,-6.605573497879844,6.605573497879844,pRefOl,anti_homophones
29856,1,0,0,7,3,-7.054819456128226,7.054819456128226,velad9R,anti_homophones
29857,1,0,0,7,3,-10.105723860432468,10.105723860432468,gutyRny,anti_homophones
29858,1,0,0,6,3,-6.2916405390758685,6.2916405390758685,tybeRi,anti_homophones
29859,1,0,0,9,4,-7.436291650692246,7.436291650692246,metaRguje,anti_homophones
29860,1,2,0,8,3,-5.463317400129203,5.463317400129203,benetwaR,anti_homophones
29861,1,1,0,5,2,-6.860982039008343,6.860982039008343,sypj2,anti_homophones
29862,1,0,0,8,4,-7.150436042188086,7.150436042188086,EgzamObi,anti_homophones
29863,1,1,0,4,2,-4.80585888120641,4.80585888120641,S°v2,anti_homophones
29864,1,6,0,4,2,-5.674231565439982,5.674231565439982,kyl5,anti_homophones
29865,1,0,0,9,4,-7.7550543240593575,7.7550543240593575,R°kopaZ9R,anti_homophones
29866,1,4,0,6,2,-4.9983024725784,4.9983024725784,pavwaR,anti_homophones
29867,1,1,0,5,3,-6.399844022890953,6.399844022890953,5peto,anti_homophones
29868,1,1,0,6,3,-5.7406477571558,5.7406477571558,n2ROni,anti_homophones
29869,1,0,0,7,3,-6.869610560082224,6.869610560082224,bogidal,anti_homophones
29870,1,4,1,6,3,-4.76812335974939,4.76812335974939,n2RoSe,anti_homophones
29871,1,0,0,9,4,-7.765988675955712,7.765988675955712,ReaRizwaR,anti_homophones
29872,1,0,0,9,3,-10.924763370315839,10.924763370315839,taljamaRZ,anti_homophones
29873,1,2,0,5,2,-4.868595707590264,4.868595707590264,fREz§,anti_homophones
29874,1,0,0,6,2,-6.783298319461638,6.783298319461638,m@Zw5t,anti_homophones
29875,1,1,0,7,3,-5.7228082860443985,5.7228082860443985,Sap°taZ,anti_homophones
29876,1,0,0,9,4,-9.92309867205777,9.92309867205777,gypinEski,anti_homophones
29877,1,0,0,7,2,-6.969847513891505,6.969847513891505,kloRj2z,anti_homophones
29878,1,0,0,9,3,-9.840692241756472,9.840692241756472,mynodRwaj,anti_homophones
29879,1,0,0,7,3,-8.709304714170079,8.709304714170079,f°lySEt,anti_homophones
29880,1,0,0,9,4,-7.673135658823054,7.673135658823054,makinisj5,anti_homophones
29881,1,7,0,5,2,-5.9182284566959344,5.9182284566959344,skape,anti_homophones
29882,1,1,0,7,3,-7.4913586491295305,7.4913586491295305,Saminad,anti_homophones
29883,1,0,0,9,3,-9.473355647046695,9.473355647046695,bRospoREs,anti_homophones
29884,1,2,0,7,3,-5.721539093193362,5.721539093193362,k§vylER,anti_homophones
29885,1,8,0,4,2,-5.278937802006221,5.278937802006221,ZyR@,anti_homophones
29886,1,3,0,5,2,-5.191838054285028,5.191838054285028,Re@dR,anti_homophones
29887,1,0,0,8,3,-6.6131553650246415,6.6131553650246415,OksiklER,anti_homophones
29888,1,1,0,7,3,-6.1576650025138555,6.1576650025138555,5s@sabl,anti_homophones
29889,1,0,0,9,4,-8.302062596586524,8.302062596586524,elEktitaR,anti_homophones
29890,1,0,0,10,4,-9.676353096830693,9.676353096830693,plaZEsteni,anti_homophones
29891,1,2,0,6,2,-5.840596051746076,5.840596051746076,dipliR,anti_homophones
29892,1,11,0,4,2,-5.363587283223807,5.363587283223807,sana,anti_homophones
29893,1,2,0,6,3,-6.4298073885470615,6.4298073885470615,demORa,anti_homophones
29894,1,1,0,5,3,-6.491052192093756,6.491052192093756,ideme,anti_homophones
29895,1,16,0,4,2,-4.989442463900542,4.989442463900542,kapa,anti_homophones
29896,1,1,0,9,4,-7.079515543011477,7.079515543011477,SaRkeolOg,anti_homophones
29897,1,4,0,5,2,-6.20767563993421,6.20767563993421,doRat,anti_homophones
29898,1,7,0,6,2,-5.984181083186723,5.984181083186723,kavizm,anti_homophones
29899,1,1,0,8,3,-7.165881646830184,7.165881646830184,devaRjOl,anti_homophones
29900,1,0,0,8,3,-8.654867760665585,8.654867760665585,pERpityl,anti_homophones
29901,1,0,0,7,2,-6.834891605400444,6.834891605400444,Eldst9R,anti_homophones
29902,1,0,0,7,3,-8.508402473655105,8.508402473655105,demOnin,anti_homophones
29903,1,3,0,6,2,-5.8174519125876385,5.8174519125876385,kRwat2,anti_homophones
29904,1,7,0,4,2,-4.470622957652728,4.470622957652728,im9R,anti_homophones
29905,1,0,0,8,3,-6.767038031235675,6.767038031235675,pRynysj§,anti_homophones
29906,1,0,0,10,4,-8.505498086165579,8.505498086165579,vidikasabl,anti_homophones
29907,1,1,0,5,3,-6.031370804333742,6.031370804333742,@RiSE,anti_homophones
29908,1,0,0,8,4,-8.108773242380098,8.108773242380098,balytis@,anti_homophones
29909,1,2,0,5,2,-5.054555272801292,5.054555272801292,malfa,anti_homophones
29910,1,0,0,6,3,-6.632654382045467,6.632654382045467,@b§pwa,anti_homophones
29911,1,0,0,8,4,-8.159232961447204,8.159232961447204,polonEz§,anti_homophones
29912,1,0,0,7,3,-7.734717138634408,7.734717138634408,atRikOm,anti_homophones
29913,1,11,0,3,2,-5.314472633112777,5.314472633112777,@ty,anti_homophones
29914,1,0,0,8,3,-8.005715028019878,8.005715028019878,defEjd9R,anti_homophones
29915,1,0,0,7,4,-6.114926530267834,6.114926530267834,@tikyl@,anti_homophones
29916,1,1,0,9,4,-6.43552333435865,6.43552333435865,pRokalize,anti_homophones
29917,1,1,0,6,3,-6.804341819985978,6.804341819985978,m@tElo,anti_homophones
29918,1,4,0,5,3,-5.107107498313002,5.107107498313002,@p°ze,anti_homophones
29919,1,2,0,5,2,-4.805990143023255,4.805990143023255,Estje,anti_homophones
29920,1,2,0,6,3,-6.5641451731634,6.5641451731634,5pot@t,anti_homophones
29921,1,0,0,10,3,-6.118880065117017,6.118880065117017,tR@smiksj§,anti_homophones
29922,1,0,0,6,3,-7.336961578094644,7.336961578094644,palena,anti_homophones
29923,1,2,0,5,2,-6.49488674476917,6.49488674476917,fufle,anti_homophones
29924,1,1,0,6,2,-5.685166734595813,5.685166734595813,stRaje,anti_homophones
29925,1,0,0,9,4,-5.602574878436767,5.602574878436767,sosj2z°m@,anti_homophones
29926,1,0,0,9,3,-7.292297344093781,7.292297344093781,sEptizabl,anti_homophones
29927,1,2,0,5,3,-6.481114418006269,6.481114418006269,eRide,anti_homophones
29928,1,1,0,6,3,-6.255803487374902,6.255803487374902,siZine,anti_homophones
29929,1,1,0,8,4,-7.641030793277418,7.641030793277418,paRamale,anti_homophones
29930,1,3,0,5,2,-5.352051031184008,5.352051031184008,apnEl,anti_homophones
29931,1,1,0,7,3,-5.835779612083601,5.835779612083601,katonik,anti_homophones
29932,1,2,0,5,2,-5.578055204815946,5.578055204815946,tR@g§,anti_homophones
29933,1,0,0,7,3,-7.225878214559621,7.225878214559621,t5tinal,anti_homophones
29934,1,0,0,10,4,-7.463898889071497,7.463898889071497,koREsjonal,anti_homophones
29935,1,0,0,7,3,-6.980924210348805,6.980924210348805,Rekalin,anti_homophones
29936,1,1,0,5,2,-4.570653648807902,4.570653648807902,EskOp,anti_homophones
29937,1,0,0,7,3,-7.132054458658202,7.132054458658202,@vERsiG,anti_homophones
29938,1,0,0,8,3,-8.527803991409327,8.527803991409327,p@dikask,anti_homophones
29939,1,13,0,4,2,-5.513286997061479,5.513286997061479,Rik@,anti_homophones
29940,1,0,0,7,4,-6.51267021870644,6.51267021870644,5k§paNa,anti_homophones
29941,1,2,0,5,3,-4.590324140849683,4.590324140849683,veem@,anti_homophones
29942,1,8,0,5,2,-5.111824245614748,5.111824245614748,poliv,anti_homophones
29943,1,0,0,9,3,-9.24510779164116,9.24510779164116,deblinjak,anti_homophones
29944,1,2,0,6,2,-5.748574725511138,5.748574725511138,gRafRe,anti_homophones
29945,1,0,0,8,3,-6.2902464729118,6.2902464729118,devid8iR,anti_homophones
29946,1,7,0,4,2,-4.766693792674465,4.766693792674465,buk@,anti_homophones
29947,1,3,0,6,3,-5.830340015109268,5.830340015109268,vivote,anti_homophones
29948,1,1,0,6,3,-6.6755180435663,6.6755180435663,netin@,anti_homophones
29949,1,11,0,7,4,-4.359195964528454,4.359195964528454,@tik°m@,anti_homophones
29950,1,0,0,5,2,-6.942069777492477,6.942069777492477,admja,anti_homophones
29951,1,2,0,7,2,-6.773340275099722,6.773340275099722,spRofOn,anti_homophones
29952,1,2,0,7,3,-5.973594450803176,5.973594450803176,palitik,anti_homophones
29953,1,0,0,6,2,-6.039128718695367,6.039128718695367,vERtyf,anti_homophones
29954,1,0,0,8,3,-6.771381165233659,6.771381165233659,patyRlyR,anti_homophones
29955,1,0,0,9,3,-8.459800770495148,8.459800770495148,R°pRetRid,anti_homophones
29956,1,0,0,10,4,-6.400185472709717,6.400185472709717,REptibl°m@,anti_homophones
29957,1,2,0,6,3,-5.646637491596005,5.646637491596005,@pjete,anti_homophones
29958,1,0,0,6,3,-6.175018574389151,6.175018574389151,efinwa,anti_homophones
29959,1,5,0,6,3,-5.2887467742036165,5.2887467742036165,dOn°m@,anti_homophones
29960,1,3,0,5,2,-5.506984924945076,5.506984924945076,Radza,anti_homophones
29961,1,2,0,6,2,-5.266523541973688,5.266523541973688,gR°nER,anti_homophones
29962,1,0,0,7,3,-7.461555939928606,7.461555939928606,takaZik,anti_homophones
29963,1,0,0,7,3,-9.786753799645425,9.786753799645425,tR@gepe,anti_homophones
29964,1,1,0,7,3,-6.038937029913086,6.038937029913086,am§tabl,anti_homophones
29965,1,0,0,8,3,-11.161275966158085,11.161275966158085,@bOskRaz,anti_homophones
29966,1,3,0,4,2,-5.2111721641780955,5.2111721641780955,ebR2,anti_homophones
29967,1,0,0,7,3,-6.598277823744405,6.598277823744405,demoRj§,anti_homophones
29968,1,1,0,6,2,-6.046164395483157,6.046164395483157,dRamEl,anti_homophones
29969,1,4,0,6,3,-5.335469250757979,5.335469250757979,aRtije,anti_homophones
29970,1,6,0,5,2,-5.865813565701307,5.865813565701307,apaRs,anti_homophones
29971,1,5,0,4,2,-6.0082299768914815,6.0082299768914815,egyl,anti_homophones
29972,1,0,0,9,4,-10.529895081112219,10.529895081112219,viteifjas,anti_homophones
29973,1,2,0,6,2,-5.838643198532727,5.838643198532727,tRopOd,anti_homophones
29974,1,0,0,7,3,-6.010542843697845,6.010542843697845,deZenER,anti_homophones
29975,1,2,0,5,2,-5.636971919406021,5.636971919406021,faRd2,anti_homophones
29976,1,0,0,9,4,-7.761444572882057,7.761444572882057,epERs°lje,anti_homophones
29977,1,3,0,7,2,-5.3052705450411155,5.3052705450411155,kRonizm,anti_homophones
29978,1,0,0,6,3,-7.5339549805608925,7.5339549805608925,viRilE,anti_homophones
29979,1,0,0,7,3,-6.7998922734758445,6.7998922734758445,salEjaZ,anti_homophones
29980,1,0,0,8,4,-7.773550692510834,7.773550692510834,oRal°tje,anti_homophones
29981,1,0,0,9,4,-7.757891565263122,7.757891565263122,dezimEt9R,anti_homophones
29982,1,0,0,9,3,-8.317190079641234,8.317190079641234,Rul°vREtR,anti_homophones
29983,1,0,0,6,2,-6.987770527745691,6.987770527745691,paljOk,anti_homophones
29984,1,3,0,5,2,-6.33850492658656,6.33850492658656,sikse,anti_homophones
29985,1,0,0,7,3,-7.558883195937444,7.558883195937444,kOklein,anti_homophones
29986,1,1,0,6,3,-5.874058976622345,5.874058976622345,akR°ve,anti_homophones
29987,1,0,1,7,3,-4.961011224334745,4.961011224334745,kaf°t9R,anti_homophones
29988,1,0,0,7,3,-5.767971846604944,5.767971846604944,neogRaf,anti_homophones
29989,1,0,0,10,3,-11.539452855421775,11.539452855421775,mask§tRust,anti_homophones
29990,1,1,0,8,4,-6.349940039073463,6.349940039073463,aRmOn°Ri,anti_homophones
29991,1,0,0,8,4,-7.012711871463008,7.012711871463008,k§ZyRale,anti_homophones
29992,1,13,0,6,3,-4.5097345302521425,4.5097345302521425,kas°m@,anti_homophones
29993,1,2,0,5,2,-5.460532214088149,5.460532214088149,topin,anti_homophones
29994,1,0,0,9,4,-7.82964495239809,7.82964495239809,5k§patS9R,anti_homophones
29995,1,3,0,5,2,-5.365236439960572,5.365236439960572,gORZ§,anti_homophones
29996,1,0,0,9,4,-9.044731071199989,9.044731071199989,nonykyl@s,anti_homophones
29997,1,0,0,10,4,-8.503243083367385,8.503243083367385,devERsEjm@,anti_homophones
29998,1,2,0,7,2,-5.840611086950028,5.840611086950028,tREksj§,anti_homophones
29999,1,5,1,5,2,-4.881900423426475,4.881900423426475,aRdje,anti_homophones
30000,1,0,0,10,4,-11.80009648833861,11.80009648833861,j@kaRs°lje,anti_homophones
30001,1,0,0,8,3,-6.811473508953541,6.811473508953541,5stit8El,anti_homophones
30002,1,2,0,5,2,-5.266904142664543,5.266904142664543,goman,anti_homophones
30003,1,0,0,11,4,-12.627066665622174,12.627066665622174,navaRl@datR,anti_homophones
30004,1,7,0,4,2,-4.860612447878932,4.860612447878932,pus5,anti_homophones
30005,1,0,0,6,3,-5.528210325654679,5.528210325654679,OktOmi,anti_homophones
30006,1,4,0,5,2,-4.9712796546004245,4.9712796546004245,piRik,anti_homophones
30007,1,3,0,5,2,-5.027111541766878,5.027111541766878,paRfE,anti_homophones
30008,1,0,0,8,3,-7.8911241918335335,7.8911241918335335,v5tERkyl,anti_homophones
30009,1,0,0,8,4,-8.61546210505968,8.61546210505968,eSalok9R,anti_homophones
30010,1,0,0,8,4,-7.348145060381191,7.348145060381191,telek§se,anti_homophones
30011,1,0,0,9,3,-7.443071440624117,7.443071440624117,megastibl,anti_homophones
30012,1,0,0,8,4,-6.393954793790676,6.393954793790676,Rep@d°Ri,anti_homophones
30013,1,2,0,6,3,-5.426835611075704,5.426835611075704,Egzon@,anti_homophones
30014,1,0,0,8,4,-6.364545120616452,6.364545120616452,kyR@S°m@,anti_homophones
30015,1,0,0,6,3,-6.833889110882462,6.833889110882462,delebi,anti_homophones
30016,1,0,0,10,4,-8.035881004758279,8.035881004758279,metRilatif,anti_homophones
30017,1,3,0,5,3,-5.324602979263447,5.324602979263447,Reale,anti_homophones
30018,1,0,0,8,3,-8.472824408245923,8.472824408245923,vylsifEt,anti_homophones
30019,1,0,0,8,3,-7.59997895717242,7.59997895717242,klimilaZ,anti_homophones
30020,1,0,0,6,3,-6.526637397175859,6.526637397175859,omolin,anti_homophones
30021,1,0,0,8,3,-8.606826518822812,8.606826518822812,fEstylje,anti_homophones
30022,1,11,0,4,2,-5.069416499568497,5.069416499568497,naRi,anti_homophones
30023,1,0,0,6,3,-7.044010012780072,7.044010012780072,s@bl2E,anti_homophones
30024,1,2,0,7,2,-7.4824242605757165,7.4824242605757165,gRetist,anti_homophones
30025,1,2,0,6,3,-4.925359673268067,4.925359673268067,utR°m@,anti_homophones
30026,1,4,0,5,2,-6.212545099734955,6.212545099734955,bisja,anti_homophones
30027,1,3,0,6,2,-5.7611362119004,5.7611362119004,pREsif,anti_homophones
30028,1,1,0,5,2,-5.24416126957958,5.24416126957958,Zen8e,anti_homophones
30029,1,3,0,4,2,-6.233014071970294,6.233014071970294,Ryno,anti_homophones
30030,1,0,0,8,4,-8.463756868360715,8.463756868360715,n2Ralde5,anti_homophones
30031,1,0,0,9,4,-8.132645646351168,8.132645646351168,fREzonome,anti_homophones
30032,1,2,0,7,3,-7.2017360751514605,7.2017360751514605,Sapasif,anti_homophones
30033,1,2,0,5,3,-5.984465546605428,5.984465546605428,imito,anti_homophones
30034,1,0,0,10,4,-10.299684782127784,10.299684782127784,n2RonomaRm,anti_homophones
30035,1,3,0,6,2,-5.888734011025115,5.888734011025115,atRabl,anti_homophones
30036,1,7,0,4,2,-4.951781273541898,4.951781273541898,afal,anti_homophones
30037,1,0,0,8,4,-8.566122823430488,8.566122823430488,EgzaR°l@,anti_homophones
30038,1,14,1,6,3,-4.713980319117693,4.713980319117693,kak°m@,anti_homophones
30039,1,0,0,8,4,-7.0456038335878715,7.0456038335878715,otoglije,anti_homophones
30040,1,1,0,7,3,-7.372073313919127,7.372073313919127,bonikOl,anti_homophones
30041,1,5,0,5,2,-6.103809020134847,6.103809020134847,Zin@s,anti_homophones
30042,1,0,0,9,4,-8.555199703227832,8.555199703227832,taktyRis@,anti_homophones
30043,1,1,0,8,4,-7.298239322458365,7.298239322458365,degut°na,anti_homophones
30044,1,0,0,7,3,-7.981559328525086,7.981559328525086,pasajak,anti_homophones
30045,1,2,0,7,3,-6.147943185680305,6.147943185680305,epylsif,anti_homophones
30046,1,1,0,5,2,-5.5129078499174184,5.5129078499174184,osjal,anti_homophones
30047,1,5,0,5,2,-5.156255138028425,5.156255138028425,toRj@,anti_homophones
30048,1,1,0,7,3,-6.036922723914827,6.036922723914827,devol§b,anti_homophones
30049,1,0,0,8,3,-8.748339208521744,8.748339208521744,stamisin,anti_homophones
30050,1,0,0,8,3,-7.248993512997197,7.248993512997197,kaRb°lEt,anti_homophones
30051,1,2,0,5,2,-6.959815556609354,6.959815556609354,gnOmi,anti_homophones
30052,1,0,0,9,4,-8.353791833281734,8.353791833281734,pRe@tRuve,anti_homophones
30053,1,0,0,9,4,-6.61594409432337,6.61594409432337,Re5fEktif,anti_homophones
30054,1,0,0,10,4,-9.410970443831692,9.410970443831692,nesesjonat,anti_homophones
30055,1,0,0,7,3,-6.638425216724215,6.638425216724215,vERsit@,anti_homophones
30056,1,0,0,5,2,-7.656254275553536,7.656254275553536,p5tap,anti_homophones
30057,1,0,0,10,4,-9.242827234184084,9.242827234184084,ekROmanist,anti_homophones
30058,1,1,0,8,3,-6.609249530498774,6.609249530498774,dekuplEt,anti_homophones
30059,1,0,0,9,3,-10.501712755041813,10.501712755041813,fRek§fERm,anti_homophones
30060,1,0,0,4,2,-4.83992395429132,4.83992395429132,muGo,anti_homophones
30061,1,0,0,12,4,-12.431383129566058,12.431383129566058,REjnstOkR°dy,anti_homophones
30062,1,3,0,6,2,-6.605008179974128,6.605008179974128,SaRkij,anti_homophones
30063,1,0,0,6,2,-5.7758801049927815,5.7758801049927815,list@s,anti_homophones
30064,1,2,0,6,2,-4.930662322768358,4.930662322768358,pRezER,anti_homophones
30065,1,2,0,7,3,-5.10948881468466,5.10948881468466,k§p@sj§,anti_homophones
30066,1,1,0,8,4,-5.053582746939387,5.053582746939387,megal°m@,anti_homophones
30067,1,5,0,6,2,-5.339745749269664,5.339745749269664,kapizm,anti_homophones
30068,1,3,0,8,4,-5.4631669133067,5.4631669133067,kokoloZi,anti_homophones
30069,1,0,0,7,3,-7.353651387324468,7.353651387324468,syptiba,anti_homophones
30070,1,0,0,11,4,-7.0515270111719754,7.0515270111719754,tR@zisjonEt,anti_homophones
30071,1,0,0,6,2,-8.418346368055355,8.418346368055355,istEtR,anti_homophones
30072,1,0,0,8,3,-5.21649893106825,5.21649893106825,k§vERsj§,anti_homophones
30073,1,10,0,4,2,-5.075054332171737,5.075054332171737,k§ba,anti_homophones
30074,1,20,0,4,2,-4.720621698025705,4.720621698025705,beSe,anti_homophones
30075,1,0,0,5,3,-7.764416425194343,7.764416425194343,5byR5,anti_homophones
30076,1,2,0,6,3,-6.093918062305695,6.093918062305695,falop@,anti_homophones
30077,1,1,0,5,2,-5.380583550640257,5.380583550640257,SOgun,anti_homophones
30078,1,1,0,8,3,-7.38675307307249,7.38675307307249,EgzekRan,anti_homophones
30079,1,0,0,10,4,-8.419418958511724,8.419418958511724,koREkf9sj§,anti_homophones
30080,1,1,0,8,4,-6.453900056920735,6.453900056920735,kibuj°m@,anti_homophones
30081,1,0,0,8,3,-8.84596627809727,8.84596627809727,pRepit8a,anti_homophones
30082,1,0,0,8,3,-6.293940476520875,6.293940476520875,ZeneRj9R,anti_homophones
30083,1,0,0,7,3,-6.731412961914969,6.731412961914969,pinEs@s,anti_homophones
30084,1,5,0,5,3,-5.507409311178816,5.507409311178816,yR°Ri,anti_homophones
30085,1,0,0,6,3,-7.259875894285087,7.259875894285087,bokaj2,anti_homophones
30086,1,6,0,4,3,-9.237726081813872,9.237726081813872,etue,anti_homophones
30087,1,4,0,4,2,-5.34249990857569,5.34249990857569,symo,anti_homophones
30088,1,1,0,5,3,-6.28285092847672,6.28285092847672,imago,anti_homophones
30089,1,0,0,7,3,-6.727438948925045,6.727438948925045,Estazje,anti_homophones
30090,1,4,0,5,2,-5.792370673241811,5.792370673241811,kRuta,anti_homophones
30091,1,1,0,9,4,-5.338905007526108,5.338905007526108,dek§tR°m@,anti_homophones
30092,1,0,0,8,4,-6.647044693319055,6.647044693319055,asuRdij§,anti_homophones
30093,1,3,0,6,3,-5.149421358395967,5.149421358395967,Egzage,anti_homophones
30094,1,0,0,6,2,-6.482423044592406,6.482423044592406,disl@d,anti_homophones
30095,1,0,0,9,4,-7.248917266295059,7.248917266295059,ped2teRj5,anti_homophones
30096,1,0,0,6,3,-6.090800430484944,6.090800430484944,aRZin2,anti_homophones
30097,1,1,0,5,2,-5.9661385027823375,5.9661385027823375,kOks5,anti_homophones
30098,1,2,1,7,4,-5.062045029410936,5.062045029410936,teoloZi,anti_homophones
30099,1,1,0,6,2,-5.499308868339064,5.499308868339064,temwaR,anti_homophones
30100,1,1,0,5,2,-5.672975822951748,5.672975822951748,mazom,anti_homophones
30101,1,0,0,8,3,-8.711806077924141,8.711806077924141,k§paNotR,anti_homophones
30102,1,0,0,9,4,-9.056403814418461,9.056403814418461,5veR@sp§s,anti_homophones
30103,1,0,0,8,3,-7.342907498441348,7.342907498441348,baRistal,anti_homophones
30104,1,1,0,6,2,-6.143973802549598,6.143973802549598,pRijEn,anti_homophones
30105,1,2,0,7,3,-5.782281712439027,5.782281712439027,5tERsje,anti_homophones
30106,1,29,0,3,2,-5.320602588781618,5.320602588781618,aRy,anti_homophones
30107,1,0,0,7,3,-6.384344646312925,6.384344646312925,demynj§,anti_homophones
30108,1,0,0,8,4,-6.207592071826563,6.207592071826563,ekRoloZi,anti_homophones
30109,1,3,0,5,3,-6.164575791529371,6.164575791529371,@d5ge,anti_homophones
30110,1,1,0,6,2,-7.38293314792428,7.38293314792428,pletit,anti_homophones
30111,1,0,0,8,3,-6.304550967450916,6.304550967450916,R2k§tRaZ,anti_homophones
30112,1,3,0,5,2,-5.644536874602732,5.644536874602732,pikje,anti_homophones
30113,1,14,0,5,2,-4.908761808828239,4.908761808828239,panad,anti_homophones
30114,1,1,0,5,3,-5.592004989377105,5.592004989377105,Reano,anti_homophones
30115,1,7,0,3,2,-4.751441674030716,4.751441674030716,ev@,anti_homophones
30116,1,0,0,8,4,-9.013750723763936,9.013750723763936,Real°mEn,anti_homophones
30117,1,0,0,8,3,-7.896348962881093,7.896348962881093,tR§bOtiS,anti_homophones
30118,1,0,0,7,2,-6.570555056766562,6.570555056766562,swiGman,anti_homophones
30119,1,0,0,7,3,-9.87265964636879,9.87265964636879,pERv2vE,anti_homophones
30120,1,3,0,6,2,-5.514430058501977,5.514430058501977,kRon9R,anti_homophones
30121,1,0,0,6,3,-7.732468254827115,7.732468254827115,wikyle,anti_homophones
30122,1,2,0,6,3,-6.964723335446347,6.964723335446347,iminis,anti_homophones
30123,1,3,0,7,3,-5.725495963116472,5.725495963116472,klin°Ri,anti_homophones
30124,1,2,0,5,3,-6.431682870434039,6.431682870434039,yl@se,anti_homophones
30125,1,0,0,8,3,-7.099742682831951,7.099742682831951,RivjolOg,anti_homophones
30126,1,0,0,8,3,-6.87954634267666,6.87954634267666,petRipt§,anti_homophones
30127,1,0,0,7,3,-7.308310544914543,7.308310544914543,pReRolE,anti_homophones
30128,1,1,0,7,3,-6.214844573815744,6.214844573815744,pERlate,anti_homophones
30129,1,0,0,9,4,-8.108173880702582,8.108173880702582,kalmaZole,anti_homophones
30130,1,2,0,6,2,-5.109642262901329,5.109642262901329,viksj§,anti_homophones
30131,1,0,0,8,4,-8.076893727339483,8.076893727339483,bEN2z°Ri,anti_homophones
30132,1,0,0,7,3,-9.201720606815112,9.201720606815112,OptERjo,anti_homophones
30133,1,0,0,7,3,-6.666303683793392,6.666303683793392,ORk9jEt,anti_homophones
30134,1,6,0,5,2,-5.001390341604255,5.001390341604255,delis,anti_homophones
30135,1,0,0,6,3,-7.569196363615381,7.569196363615381,atolys,anti_homophones
30136,1,1,0,9,4,-5.9308214614834425,5.9308214614834425,viz8alize,anti_homophones
30137,1,10,0,4,2,-5.219215802150921,5.219215802150921,saj@,anti_homophones
30138,1,1,0,7,3,-5.493561066742395,5.493561066742395,bl@s°m@,anti_homophones
30139,1,3,0,7,2,-5.66097757956612,5.66097757956612,pRomn9R,anti_homophones
30140,1,0,0,7,3,-6.022913803649369,6.022913803649369,R°l8iz@,anti_homophones
30141,1,0,0,10,4,-9.166899783548617,9.166899783548617,galEkstEpe,anti_homophones
30142,1,2,0,5,2,-4.515073967707836,4.515073967707836,fakte,anti_homophones
30143,1,3,0,5,3,-5.173634243708828,5.173634243708828,Re@te,anti_homophones
30144,1,0,0,6,3,-7.183251467280912,7.183251467280912,kuv2z@,anti_homophones
30145,1,0,0,6,3,-10.170718537870856,10.170718537870856,bopoto,anti_homophones
30146,1,2,0,4,2,-5.548925943758379,5.548925943758379,g2l@,anti_homophones
30147,1,0,0,8,4,-6.385474971328975,6.385474971328975,koopeR9R,anti_homophones
30148,1,2,1,4,2,-4.844090517739293,4.844090517739293,dip2,anti_homophones
30149,1,0,0,8,4,-7.442940662477163,7.442940662477163,solikolE,anti_homophones
30150,1,0,0,6,2,-5.709969276229168,5.709969276229168,k§fR§t,anti_homophones
30151,1,0,0,7,3,-6.959181722235194,6.959181722235194,ReORdje,anti_homophones
30152,1,0,0,7,3,-6.668012631524618,6.668012631524618,beljome,anti_homophones
30153,1,0,0,7,3,-6.9919794142611975,6.9919794142611975,ZigonER,anti_homophones
30154,1,1,0,7,3,-6.051092502850782,6.051092502850782,5disizm,anti_homophones
30155,1,15,0,4,2,-5.384319309822802,5.384319309822802,mose,anti_homophones
30156,1,0,0,7,3,-7.017612137866456,7.017612137866456,alkiROl,anti_homophones
30157,1,9,0,4,2,-4.9340620827912085,4.9340620827912085,Refe,anti_homophones
30158,1,0,0,10,4,-8.8027931738634,8.8027931738634,tR@sk°Roze,anti_homophones
30159,1,0,0,13,4,-11.03388753775308,11.03388753775308,tR@sseks8ERZe,anti_homophones
30160,1,0,0,8,3,-8.083291105675665,8.083291105675665,manytism,anti_homophones
30161,1,8,0,5,2,-5.0034063737831325,5.0034063737831325,kaRp§,anti_homophones
30162,1,5,0,5,2,-5.155674078648903,5.155674078648903,mamEl,anti_homophones
30163,1,0,0,8,4,-7.356766649418103,7.356766649418103,5k§pisaZ,anti_homophones
30164,1,0,0,5,2,-7.06112489496446,7.06112489496446,bwama,anti_homophones
30165,1,0,0,12,4,-12.358556727908391,12.358556727908391,fORbidim8abl,anti_homophones
30166,1,0,0,9,4,-9.161588735928573,9.161588735928573,RepitORaZ,anti_homophones
30167,1,0,0,8,4,-10.352960530917418,10.352960530917418,dopot@ti,anti_homophones
30168,1,3,0,5,2,-5.738409332929798,5.738409332929798,SaRd@,anti_homophones
30169,1,14,0,4,2,-4.895325562484687,4.895325562484687,sal§,anti_homophones
30170,1,0,0,10,4,-9.898471909102774,9.898471909102774,sybdykaRiz,anti_homophones
30171,1,0,0,7,3,-7.306265346003282,7.306265346003282,polEnaZ,anti_homophones
30172,1,26,0,3,2,-4.675993526497091,4.675993526497091,aiR,anti_homophones
30173,1,0,0,8,3,-5.810748841167119,5.810748841167119,sypERpEt,anti_homophones
30174,1,0,0,11,4,-10.506540259927535,10.506540259927535,gRamERs2vwe,anti_homophones
30175,1,0,0,7,3,-7.982133985957549,7.982133985957549,kaRtal5,anti_homophones
30176,1,0,0,11,4,-9.030591480739705,9.030591480739705,sitOksinabl,anti_homophones
30177,1,0,0,11,4,-8.08118275981852,8.08118275981852,gR°n§sj@sj§,anti_homophones
30178,1,0,0,7,3,-7.752885452138848,7.752885452138848,vOksite,anti_homophones
30179,1,4,0,5,3,-6.5146249871786495,6.5146249871786495,inadi,anti_homophones
30180,1,0,0,7,4,-7.693569478718642,7.693569478718642,5fEtaba,anti_homophones
30181,1,0,0,6,3,-6.3710046841152765,6.3710046841152765,eveROl,anti_homophones
30182,1,2,0,6,3,-5.006773837947059,5.006773837947059,taoist,anti_homophones
30183,1,0,0,9,4,-11.20891505411888,11.20891505411888,vaposElys,anti_homophones
30184,1,7,0,6,3,-5.404536940491379,5.404536940491379,k2z°m@,anti_homophones
30185,1,1,0,7,4,-5.763077784699314,5.763077784699314,aeRotaZ,anti_homophones
30186,1,0,0,8,3,-9.176365055673124,9.176365055673124,Snapelas,anti_homophones
30187,1,1,0,6,2,-6.0432338007329935,6.0432338007329935,fRotyR,anti_homophones
30188,1,3,0,6,3,-5.706608552228476,5.706608552228476,monoma,anti_homophones
30189,1,0,0,10,4,-6.8662255549018205,6.8662255549018205,k§tifiksj§,anti_homophones
30190,1,1,0,6,2,-6.047000531603095,6.047000531603095,R2bORd,anti_homophones
30191,1,0,0,8,3,-7.119936719723312,7.119936719723312,RepRezik,anti_homophones
30192,1,0,0,9,4,-8.79525576804432,8.79525576804432,emastikEt,anti_homophones
30193,1,0,0,10,4,-8.208119066639751,8.208119066639751,R2bEknisj§,anti_homophones
30194,1,3,0,4,2,-5.560077271946906,5.560077271946906,@tan,anti_homophones
30195,1,2,0,5,2,-5.894099823406277,5.894099823406277,vaZin,anti_homophones
30196,1,3,0,5,2,-5.570774452836343,5.570774452836343,desyR,anti_homophones
30197,1,7,0,5,2,-5.231530149854633,5.231530149854633,lad9R,anti_homophones
30198,1,1,0,6,3,-6.0450707959617835,6.0450707959617835,@tim@s,anti_homophones
30199,1,0,0,8,3,-8.381588764305155,8.381588764305155,sosjobaR,anti_homophones
30200,1,7,0,3,2,-4.618563983210541,4.618563983210541,Say,anti_homophones
30201,1,7,0,4,2,-5.500189396959579,5.500189396959579,5tys,anti_homophones
30202,1,0,0,9,4,-8.785458771940466,8.785458771940466,k5peRitme,anti_homophones
30203,1,0,0,9,3,-7.18868707070967,7.18868707070967,pOstonizm,anti_homophones
30204,1,0,0,9,4,-13.13697312305018,13.13697312305018,kOtoZ2n2z,anti_homophones
30205,1,3,0,6,3,-5.437855479314524,5.437855479314524,kOsite,anti_homophones
30206,1,2,0,5,3,-6.60034889611294,6.60034889611294,at°lo,anti_homophones
30207,1,1,1,6,2,-6.100214882238989,6.100214882238989,malpaZ,anti_homophones
30208,1,4,0,5,2,-4.922759951339707,4.922759951339707,bobin,anti_homophones
30209,1,0,0,7,2,-6.990729975498789,6.990729975498789,kaRbyst,anti_homophones
30210,1,0,0,10,4,-10.127766805982473,10.127766805982473,deR@spaREz,anti_homophones
30211,1,1,0,7,4,-6.025544358400318,6.025544358400318,aRaS°m@,anti_homophones
30212,1,0,0,9,4,-8.657247801907017,8.657247801907017,poSases9R,anti_homophones
30213,1,0,0,9,4,-8.146100767658343,8.146100767658343,peRist@se,anti_homophones
30214,1,1,0,6,2,-6.85064289449249,6.85064289449249,taksj@,anti_homophones
30215,1,1,0,6,3,-6.676007348940896,6.676007348940896,Redise,anti_homophones
30216,1,1,0,8,3,-5.772869536367476,5.772869536367476,k§fEktif,anti_homophones
30217,1,0,0,6,3,-6.372561245884913,6.372561245884913,afERlo,anti_homophones
30218,1,1,0,8,3,-6.173968654776737,6.173968654776737,seminist,anti_homophones
30219,1,0,0,7,2,-7.813505933603745,7.813505933603745,fR@sm8E,anti_homophones
30220,1,5,0,5,2,-5.169083629007534,5.169083629007534,gRami,anti_homophones
30221,1,0,0,8,4,-5.32641240732219,5.32641240732219,alkoloZi,anti_homophones
30222,1,0,0,7,3,-7.904841433740234,7.904841433740234,gaRdify,anti_homophones
30223,1,0,0,8,4,-5.650509558449539,5.650509558449539,dekutyme,anti_homophones
30224,1,0,0,8,4,-8.088513366464097,8.088513366464097,s5semini,anti_homophones
30225,1,0,0,6,3,-6.970480970790891,6.970480970790891,likOt5,anti_homophones
30226,1,1,0,6,3,-7.226055712327406,7.226055712327406,pilOm@,anti_homophones
30227,1,0,0,9,4,-7.266855094885427,7.266855094885427,kanatwaj@,anti_homophones
30228,1,1,0,6,3,-5.771195975606211,5.771195975606211,eSaRne,anti_homophones
30229,1,0,0,10,4,-10.408705299710226,10.408705299710226,t§kavERbEl,anti_homophones
30230,1,0,0,7,4,-8.068735537511325,8.068735537511325,5kilokE,anti_homophones
30231,1,1,0,5,2,-6.296521263883266,6.296521263883266,min8i,anti_homophones
30232,1,0,0,6,3,-8.771250923753477,8.771250923753477,akuSta,anti_homophones
30233,1,0,0,9,3,-7.045827062352019,7.045827062352019,R°siklist,anti_homophones
30234,1,11,0,4,2,-6.044260108731017,6.044260108731017,jase,anti_homophones
30235,1,0,0,7,3,-5.9525778832701,5.9525778832701,5defl9R,anti_homophones
30236,1,3,0,5,3,-6.462287286887004,6.462287286887004,5pORa,anti_homophones
30237,1,0,0,7,3,-6.010052700007287,6.010052700007287,fRatize,anti_homophones
30238,1,0,0,7,3,-7.261426896768292,7.261426896768292,bipaj9l,anti_homophones
30239,1,2,0,9,4,-6.1688862190056835,6.1688862190056835,gwaj2z°m@,anti_homophones
30240,1,0,0,7,3,-6.739588173986133,6.739588173986133,tR@baRo,anti_homophones
30241,1,4,0,5,2,-5.318196364447001,5.318196364447001,RavEl,anti_homophones
30242,1,0,0,9,3,-7.21261801282199,7.21261801282199,plasazjEm,anti_homophones
30243,1,0,0,8,3,-6.6198586589305135,6.6198586589305135,plwat°Ri,anti_homophones
30244,1,3,0,5,2,-5.555854541239528,5.555854541239528,@baRk,anti_homophones
30245,1,0,0,8,3,-8.088944169947736,8.088944169947736,kRizeRiR,anti_homophones
30246,1,2,0,5,3,-5.273539264944921,5.273539264944921,@seNe,anti_homophones
30247,1,0,0,5,2,-5.1424879976729265,5.1424879976729265,mufEn,anti_homophones
30248,1,0,1,5,2,-4.888838903892901,4.888838903892901,b2zw5,anti_homophones
30249,1,0,0,6,3,-7.42183033233003,7.42183033233003,ZiRil@,anti_homophones
30250,1,6,0,4,2,-4.632383845847121,4.632383845847121,del5,anti_homophones
30251,1,0,0,6,3,-5.892560416184636,5.892560416184636,agRezi,anti_homophones
30252,1,0,0,9,4,-9.532397093924475,9.532397093924475,kipesisj§,anti_homophones
30253,1,4,0,7,3,-5.665440090237993,5.665440090237993,Rivwaje,anti_homophones
30254,1,1,0,6,3,-5.721404144282432,5.721404144282432,ORZ°le,anti_homophones
30255,1,1,0,7,3,-5.566838347283788,5.566838347283788,dekRije,anti_homophones
30256,1,1,0,7,4,-5.839190284225731,5.839190284225731,OtOn°Ri,anti_homophones
30257,1,2,0,5,2,-5.930313042939616,5.930313042939616,@pR5s,anti_homophones
30258,1,1,0,7,4,-7.294144932474949,7.294144932474949,egin°m@,anti_homophones
30259,1,12,0,4,2,-5.037212735123702,5.037212735123702,nane,anti_homophones
30260,1,8,0,5,2,-5.366285153531954,5.366285153531954,bulaZ,anti_homophones
30261,1,0,0,7,4,-9.504937137837807,9.504937137837807,@Satujo,anti_homophones
30262,1,0,0,6,2,-5.875030414048263,5.875030414048263,stRyfe,anti_homophones
30263,1,0,0,8,3,-7.150207459096864,7.150207459096864,@bERnist,anti_homophones
30264,1,0,0,7,3,-6.428731644975784,6.428731644975784,Optityd,anti_homophones
30265,1,7,0,5,3,-5.110218189356886,5.110218189356886,at°le,anti_homophones
30266,1,2,0,6,3,-5.745717087668729,5.745717087668729,2nofOn,anti_homophones
30267,1,2,0,6,3,-5.712465024828248,5.712465024828248,agREne,anti_homophones
30268,1,0,0,8,3,-6.45839497832942,6.45839497832942,agRatizm,anti_homophones
30269,1,0,0,7,3,-6.71650769793146,6.71650769793146,talisid,anti_homophones
30270,1,1,0,5,2,-5.719289053870623,5.719289053870623,wilj§,anti_homophones
30271,1,0,0,8,3,-6.252144107930487,6.252144107930487,psikjam@,anti_homophones
30272,1,0,0,9,4,-10.268443759738863,10.268443759738863,aksesERfi,anti_homophones
30273,1,0,0,9,4,-8.105824390990199,8.105824390990199,pRek§pase,anti_homophones
30274,1,0,0,8,3,-7.045641838858,7.045641838858,R°k§patR,anti_homophones
30275,1,0,0,7,3,-7.377566067824632,7.377566067824632,kosEnEt,anti_homophones
30276,1,0,0,8,4,-6.892493822624343,6.892493822624343,sOmanite,anti_homophones
30277,1,0,0,10,4,-9.691806836286656,9.691806836286656,s5paRaljal,anti_homophones
30278,1,10,0,6,2,-5.043408062279418,5.043408062279418,bRat9R,anti_homophones
30279,1,0,0,8,3,-7.5232947347211745,7.5232947347211745,vERsevis,anti_homophones
30280,1,3,0,7,3,-5.1385946712448405,5.1385946712448405,koNasj§,anti_homophones
30281,1,0,0,6,3,-5.772803216950983,5.772803216950983,Rakne5,anti_homophones
30282,1,1,0,4,2,-5.691356561950042,5.691356561950042,bOta,anti_homophones
30283,1,4,0,7,3,-6.476226748308268,6.476226748308268,5tERnOR,anti_homophones
30284,1,0,0,5,2,-4.896256799797894,4.896256799797894,awtlo,anti_homophones
30285,1,0,0,8,3,-6.463831071676259,6.463831071676259,gR°nuvER,anti_homophones
30286,1,0,0,9,3,-10.319413194677027,10.319413194677027,SlikteRja,anti_homophones
30287,1,5,0,6,2,-5.68495048660752,5.68495048660752,mORtje,anti_homophones
30288,1,6,0,5,2,-4.9364983695518525,4.9364983695518525,pwaze,anti_homophones
30289,1,0,0,6,3,-7.130885016309822,7.130885016309822,Rapilu,anti_homophones
30290,1,0,0,7,4,-8.00922929944688,8.00922929944688,@guRike,anti_homophones
30291,1,1,0,9,4,-6.270762913449114,6.270762913449114,taRjalite,anti_homophones
30292,1,0,0,8,4,-10.360810291207423,10.360810291207423,egoRitaz,anti_homophones
30293,1,6,0,4,2,-4.655203975422311,4.655203975422311,glye,anti_homophones
30294,1,0,0,8,3,-9.352798789613086,9.352798789613086,kORpidis,anti_homophones
30295,1,12,1,5,2,-4.987409261013487,4.987409261013487,batER,anti_homophones
30296,1,4,1,5,2,-4.48167011824828,4.48167011824828,pl2R2,anti_homophones
30297,1,0,0,7,3,-7.19226763946437,7.19226763946437,simidaR,anti_homophones
30298,1,0,0,7,3,-6.365916060808586,6.365916060808586,pip°l9R,anti_homophones
30299,1,0,0,7,3,-7.81665880406417,7.81665880406417,Samilik,anti_homophones
30300,1,2,0,9,4,-7.318734693822417,7.318734693822417,tRokalize,anti_homophones
30301,1,3,0,5,2,-4.757101569463033,4.757101569463033,defis,anti_homophones
30302,1,1,0,8,3,-6.5656083232036995,6.5656083232036995,stypeRj5,anti_homophones
30303,1,23,1,3,2,-4.73555250703462,4.73555250703462,eli,anti_homophones
30304,1,0,0,8,4,-8.82159708476313,8.82159708476313,tatis@si,anti_homophones
30305,1,5,1,4,2,-4.827558384325532,4.827558384325532,pedo,anti_homophones
30306,1,1,0,7,3,-7.211678795197106,7.211678795197106,baRgyRe,anti_homophones
30307,1,0,0,9,4,-9.829347368682676,9.829347368682676,l5defikaZ,anti_homophones
30308,1,0,0,11,4,-10.190121160469447,10.190121160469447,gogRafistil,anti_homophones
30309,1,3,0,6,2,-5.637250034227856,5.637250034227856,kuRtaZ,anti_homophones
30310,1,0,0,9,4,-6.634695491031123,6.634695491031123,tR@g§s°m@,anti_homophones
30311,1,2,0,5,3,-4.684210222502934,4.684210222502934,Em°Ri,anti_homophones
30312,1,5,0,5,3,-6.610890168295557,6.610890168295557,@tiki,anti_homophones
30313,1,0,0,8,4,-8.7297714052655,8.7297714052655,@kaRakaR,anti_homophones
30314,1,9,0,5,2,-5.17980918712703,5.17980918712703,Retil,anti_homophones
30315,1,0,0,7,3,-7.798398416460157,7.798398416460157,niSaRme,anti_homophones
30316,1,0,0,7,3,-5.750712384667063,5.750712384667063,sypoRte,anti_homophones
30317,1,1,0,5,2,-6.609278656231499,6.609278656231499,gzage,anti_homophones
30318,1,0,0,8,4,-7.206609111477885,7.206609111477885,Rekypije,anti_homophones
30319,1,0,0,11,4,-11.468446319569061,11.468446319569061,feRalEkstal,anti_homophones
30320,1,9,0,4,2,-4.988945556936587,4.988945556936587,ekon,anti_homophones
30321,1,9,0,5,2,-5.125429151166269,5.125429151166269,patal,anti_homophones
30322,1,4,0,5,2,-5.93029297777151,5.93029297777151,g§daZ,anti_homophones
30323,1,0,0,9,3,-9.05143748550099,9.05143748550099,pERvjalif,anti_homophones
30324,1,0,0,8,4,-7.986219623549522,7.986219623549522,peRalyS§,anti_homophones
30325,1,0,0,10,4,-8.112132585536616,8.112132585536616,saRsitasj§,anti_homophones
30326,1,19,0,4,2,-4.466283350500444,4.466283350500444,gule,anti_homophones
30327,1,2,0,6,2,-4.650953883147508,4.650953883147508,s§psj§,anti_homophones
30328,1,10,1,5,2,-4.652067658860603,4.652067658860603,tRijo,anti_homophones
30329,1,0,0,10,4,-10.302728807377374,10.302728807377374,konoRwat@s,anti_homophones
30330,1,20,0,4,2,-4.960518753919138,4.960518753919138,mazi,anti_homophones
30331,1,21,1,5,2,-4.254723372339317,4.254723372339317,petik,anti_homophones
30332,1,2,0,9,4,-6.64752468346215,6.64752468346215,Ratabl°m@,anti_homophones
30333,1,10,1,5,3,-5.186958768322545,5.186958768322545,amite,anti_homophones
30334,1,5,0,5,2,-5.870469529258165,5.870469529258165,aRdit,anti_homophones
30335,1,1,0,6,2,-5.168084033437676,5.168084033437676,goSizm,anti_homophones
30336,1,1,0,5,3,-6.087368284828503,6.087368284828503,gute§,anti_homophones
30337,1,4,0,6,3,-6.526228997731324,6.526228997731324,avRite,anti_homophones
30338,1,0,0,7,3,-7.380320075269221,7.380320075269221,listoRa,anti_homophones
30339,1,1,0,6,2,-5.844796171335741,5.844796171335741,biglOb,anti_homophones
30340,1,5,0,5,2,-4.823526184005615,4.823526184005615,Ekt9R,anti_homophones
30341,1,0,0,9,4,-7.947581583601078,7.947581583601078,bodod°l9R,anti_homophones
30342,1,9,0,5,2,-5.120135979098989,5.120135979098989,k@daZ,anti_homophones
30343,1,0,0,5,2,-4.955663097822265,4.955663097822265,gijdu,anti_homophones
30344,1,0,0,6,3,-5.527459569175735,5.527459569175735,alZeRe,anti_homophones
30345,1,4,0,5,3,-5.8209564788620245,5.8209564788620245,atam@,anti_homophones
30346,1,0,0,9,3,-8.15560103685414,8.15560103685414,d°syspEkt,anti_homophones
30347,1,0,0,6,3,-7.4216717506387075,7.4216717506387075,nofon@,anti_homophones
30348,1,5,0,6,2,-4.636674218572818,4.636674218572818,pwasj§,anti_homophones
30349,1,1,0,8,3,-6.403541355657825,6.403541355657825,k§postik,anti_homophones
30350,1,6,0,6,3,-5.716428741366332,5.716428741366332,ipERt5,anti_homophones
30351,1,0,0,8,3,-6.920140846568509,6.920140846568509,defistER,anti_homophones
30352,1,4,1,6,2,-5.185284252549559,5.185284252549559,RivwaR,anti_homophones
30353,1,0,0,8,4,-7.189857826376495,7.189857826376495,5tERaZEt,anti_homophones
30354,1,0,0,11,4,-9.07178914836254,9.07178914836254,RefleOptibl,anti_homophones
30355,1,0,0,7,3,-7.102061913877292,7.102061913877292,fR§s°le,anti_homophones
30356,1,0,0,8,3,-8.979374787822344,8.979374787822344,R2latRER,anti_homophones
30357,1,4,0,4,2,-5.198848184491226,5.198848184491226,byvE,anti_homophones
30358,1,0,0,8,3,-8.32336118571687,8.32336118571687,seROpsj§,anti_homophones
30359,1,0,0,9,4,-10.979016059204264,10.979016059204264,ROtOnORas,anti_homophones
30360,1,4,0,5,3,-5.409433244335739,5.409433244335739,@file,anti_homophones
30361,1,7,0,5,2,-5.734387947086981,5.734387947086981,kORaZ,anti_homophones
30362,1,0,0,10,4,-9.615522871346924,9.615522871346924,R@tal@tabl,anti_homophones
30363,1,0,1,7,3,-4.890146936462327,4.890146936462327,Zyst°m@,anti_homophones
30364,1,0,0,8,3,-6.837081123813824,6.837081123813824,gRavaSaZ,anti_homophones
30365,1,1,0,7,3,-5.65188507968765,5.65188507968765,5Zenist,anti_homophones
30366,1,5,0,8,4,-6.190437382418236,6.190437382418236,etoloZik,anti_homophones
30367,1,8,0,7,3,-5.83616316760391,5.83616316760391,iRatwaR,anti_homophones
30368,1,0,0,10,4,-8.205391003051671,8.205391003051671,syRmylaRme,anti_homophones
30369,1,0,0,6,2,-7.093174347912601,7.093174347912601,kwatj5,anti_homophones
30370,1,8,1,5,2,-4.784531365808756,4.784531365808756,kopje,anti_homophones
30371,1,1,0,6,2,-6.231256055462259,6.231256055462259,tobRik,anti_homophones
30372,1,0,0,8,4,-7.2665812283391045,7.2665812283391045,aspOt°Ri,anti_homophones
30373,1,5,0,4,2,-6.416364285955264,6.416364285955264,asfi,anti_homophones
30374,1,0,0,8,3,-5.148207797108818,5.148207797108818,maNetizm,anti_homophones
30375,1,0,0,8,4,-8.244115560924731,8.244115560924731,RabiteRe,anti_homophones
30376,1,0,0,9,4,-10.828486332931746,10.828486332931746,Re5sesjyt,anti_homophones
30377,1,0,0,7,3,-7.242429357544718,7.242429357544718,utR°lEt,anti_homophones
30378,1,0,0,8,3,-8.277349558195976,8.277349558195976,pERbal@k,anti_homophones
30379,1,0,0,8,4,-9.466901074599237,9.466901074599237,k§v5k9se,anti_homophones
30380,1,2,0,7,2,-5.214029263439358,5.214029263439358,pRofist,anti_homophones
30381,1,1,0,7,2,-6.8635895157490046,6.8635895157490046,pladzje,anti_homophones
30382,1,1,0,6,3,-6.523492927476704,6.523492927476704,5syRt@,anti_homophones
30383,1,2,0,5,2,-5.144603826181592,5.144603826181592,k5kaZ,anti_homophones
30384,1,0,0,8,4,-5.314373191847036,5.314373191847036,kRyEl°m@,anti_homophones
30385,1,9,0,6,3,-5.740354543248982,5.740354543248982,mij°m@,anti_homophones
30386,1,0,0,11,4,-7.656270875135535,7.656270875135535,dEkskylasj§,anti_homophones
30387,1,0,0,6,3,-7.781075120772474,7.781075120772474,ep°sOR,anti_homophones
30388,1,0,0,10,4,-5.197155112302312,5.197155112302312,Ekst82z°m@,anti_homophones
30389,1,26,1,3,2,-4.3529344256261195,4.3529344256261195,iRi,anti_homophones
30390,1,0,0,6,3,-7.092725276554743,7.092725276554743,Oksol@,anti_homophones
30391,1,3,1,6,2,-5.740975437452675,5.740975437452675,nEpsj§,anti_homophones
30392,1,2,0,5,2,-6.06615802571383,6.06615802571383,viRZe,anti_homophones
30393,1,10,0,4,2,-4.217902198913025,4.217902198913025,5saZ,anti_homophones
30394,1,1,0,7,3,-7.353175799905208,7.353175799905208,sal@dEz,anti_homophones
30395,1,1,0,5,2,-5.547902076040613,5.547902076040613,deSwi,anti_homophones
30396,1,0,0,7,3,-7.807581185101895,7.807581185101895,blOtize,anti_homophones
30397,1,1,0,6,3,-6.208471507041987,6.208471507041987,amedje,anti_homophones
30398,1,0,0,10,3,-9.427476587783536,9.427476587783536,dRopRogRav,anti_homophones
30399,1,0,0,7,3,-8.697151795112944,8.697151795112944,Roditom,anti_homophones
30400,1,1,1,5,2,-5.330802505802584,5.330802505802584,n2tR§,anti_homophones
30401,1,0,0,7,3,-9.554891934933556,9.554891934933556,minesin,anti_homophones
30402,1,3,0,6,3,-6.245070789953616,6.245070789953616,suk°t§,anti_homophones
30403,1,11,0,5,2,-4.968548322111961,4.968548322111961,astER,anti_homophones
30404,1,0,0,9,3,-8.26641735050565,8.26641735050565,vERsalsEn,anti_homophones
30405,1,1,0,4,2,-5.004409401297675,5.004409401297675,syk§,anti_homophones
30406,1,1,0,5,2,-5.227478655860034,5.227478655860034,Olf9R,anti_homophones
30407,1,2,0,7,3,-5.592266484792854,5.592266484792854,egORZ9R,anti_homophones
30408,1,0,0,7,2,-7.702310100692753,7.702310100692753,sERbask,anti_homophones
30409,1,0,0,6,3,-7.767362860114281,7.767362860114281,R@papa,anti_homophones
30410,1,0,0,6,3,-5.953405321129691,5.953405321129691,musaj§,anti_homophones
30411,1,0,0,6,3,-7.682376340875056,7.682376340875056,@kylpi,anti_homophones
30412,1,13,1,6,3,-4.664065193134461,4.664065193134461,adasj§,anti_homophones
30413,1,3,0,7,4,-5.861001657167238,5.861001657167238,otonite,anti_homophones
30414,1,0,0,7,3,-7.100518036616902,7.100518036616902,bERkote,anti_homophones
30415,1,0,0,9,4,-9.228937684251827,9.228937684251827,videmOtEl,anti_homophones
30416,1,4,0,5,2,-5.4240983167315955,5.4240983167315955,tR@p@,anti_homophones
30417,1,0,0,7,3,-7.67042110923001,7.67042110923001,ERb2dEn,anti_homophones
30418,1,0,0,7,3,-7.77683287291393,7.77683287291393,mOgOmje,anti_homophones
30419,1,1,0,6,3,-7.342566653803127,7.342566653803127,anomis,anti_homophones
30420,1,0,0,6,2,-7.677280772013109,7.677280772013109,faRkOl,anti_homophones
30421,1,0,0,7,3,-7.245823291343894,7.245823291343894,peRemyR,anti_homophones
30422,1,1,0,6,2,-6.511453404243587,6.511453404243587,gR°m8@,anti_homophones
30423,1,0,0,10,4,-7.969743918315452,7.969743918315452,deblabot9R,anti_homophones
30424,1,0,0,8,3,-8.16171356905369,8.16171356905369,bR°majaZ,anti_homophones
30425,1,0,0,9,4,-9.332959768998077,9.332959768998077,@glifeRjo,anti_homophones
30426,1,0,0,7,3,-6.48611822539559,6.48611822539559,apsikl§,anti_homophones
30427,1,0,0,10,4,-9.956041491452252,9.956041491452252,tRisiflote,anti_homophones
30428,1,2,0,7,3,-5.3804212713649395,5.3804212713649395,bonasj§,anti_homophones
30429,1,0,0,6,3,-6.270743582155287,6.270743582155287,meREz§,anti_homophones
30430,1,4,0,8,3,-4.921362936000303,4.921362936000303,stabl°m@,anti_homophones
30431,1,0,0,8,3,-9.525127054446301,9.525127054446301,nytwaz9R,anti_homophones
30432,1,0,0,10,3,-10.1951924549802,10.1951924549802,pw5twaRniS,anti_homophones
30433,1,2,1,6,3,-5.251897524397854,5.251897524397854,5peRiR,anti_homophones
30434,1,0,0,10,4,-9.586732527922045,9.586732527922045,kaRdekat9R,anti_homophones
30435,1,1,0,8,3,-5.478220128998378,5.478220128998378,papitwaR,anti_homophones
30436,1,2,0,8,4,-6.60507219776079,6.60507219776079,kyRasite,anti_homophones
30437,1,0,0,7,4,-8.25667167944019,8.25667167944019,@kolipi,anti_homophones
30438,1,0,0,8,3,-10.767973671431848,10.767973671431848,flabR2m@,anti_homophones
30439,1,3,0,6,3,-7.952744946321293,7.952744946321293,koORaZ,anti_homophones
30440,1,0,0,7,3,-8.424621629123745,8.424621629123745,lamesid,anti_homophones
30441,1,4,0,6,3,-5.9142139408672625,5.9142139408672625,apityd,anti_homophones
30442,1,3,0,5,3,-7.746423608708855,7.746423608708855,ilute,anti_homophones
30443,1,0,0,7,3,-6.980043689331444,6.980043689331444,balaZEl,anti_homophones
30444,1,6,1,5,3,-4.913072193224898,4.913072193224898,@byle,anti_homophones
30445,1,16,0,4,2,-4.657612396776087,4.657612396776087,kuli,anti_homophones
30446,1,0,0,10,4,-9.526235963407569,9.526235963407569,dekokaRbOn,anti_homophones
30447,1,0,0,8,4,-7.783926228476362,7.783926228476362,obERd°m@,anti_homophones
30448,1,3,0,6,3,-5.532281523934355,5.532281523934355,deval@,anti_homophones
30449,1,0,0,9,4,-8.41364633871847,8.41364633871847,deRutaZEn,anti_homophones
30450,1,2,0,6,3,-6.0210763066764486,6.0210763066764486,dekapa,anti_homophones
30451,1,0,0,8,4,-8.628781865098334,8.628781865098334,Rep§dit@,anti_homophones
30452,1,1,0,6,3,-5.40941359656874,5.40941359656874,5vaRje,anti_homophones
30453,1,0,0,8,3,-7.853518086816875,7.853518086816875,bRyZiROp,anti_homophones
30454,1,0,0,11,4,-10.1154821066999,10.1154821066999,bREsp§dasj§,anti_homophones
30455,1,5,0,5,2,-4.536404108915533,4.536404108915533,plane,anti_homophones
30456,1,0,0,9,4,-7.841303092041566,7.841303092041566,ap°n§sj@s,anti_homophones
30457,1,0,0,6,3,-7.4979132960607515,7.4979132960607515,gRoati,anti_homophones
30458,1,0,0,9,4,-6.12300896081612,6.12300896081612,uRdizasj§,anti_homophones
30459,1,4,0,7,3,-6.047368851061347,6.047368851061347,banatyR,anti_homophones
30460,1,0,0,10,4,-9.506983556096229,9.506983556096229,buR5SifRaZ,anti_homophones
30461,1,6,0,6,3,-5.08948866956845,5.08948866956845,metize,anti_homophones
30462,1,3,0,5,2,-5.686976797293315,5.686976797293315,azjER,anti_homophones
30463,1,0,0,10,4,-8.077282093485048,8.077282093485048,Rekonotabl,anti_homophones
30464,1,4,0,6,3,-5.656307675453701,5.656307675453701,amaizm,anti_homophones
30465,1,0,1,8,4,-5.365630171999119,5.365630171999119,kuROn°m@,anti_homophones
30466,1,0,0,8,4,-8.922130581692171,8.922130581692171,lweteReo,anti_homophones
30467,1,4,0,6,3,-6.111514591874253,6.111514591874253,5tERam,anti_homophones
30468,1,0,0,8,3,-6.706153814065783,6.706153814065783,syRkuRiR,anti_homophones
30469,1,0,0,11,4,-10.41945991943364,10.41945991943364,bisjat@sjEl,anti_homophones
30470,1,2,0,4,2,-4.8043963478702665,4.8043963478702665,voka,anti_homophones
30471,1,34,0,3,2,-4.679158408530862,4.679158408530862,eRi,anti_homophones
30472,1,1,0,7,4,-6.626199640655494,6.626199640655494,@tidike,anti_homophones
30473,1,0,0,7,3,-6.733290226522014,6.733290226522014,dem§t@t,anti_homophones
30474,1,5,0,4,3,-5.970779269567077,5.970779269567077,ose@,anti_homophones
30475,1,0,0,6,2,-6.928061440259274,6.928061440259274,adZans,anti_homophones
30476,1,0,0,10,4,-8.912783810274629,8.912783810274629,fOsfatRis@,anti_homophones
30477,1,0,0,8,4,-6.847832582267677,6.847832582267677,@donisj§,anti_homophones
30478,1,3,0,6,3,-5.369436634289532,5.369436634289532,apsone,anti_homophones
30479,1,0,0,8,4,-7.405911513007113,7.405911513007113,tOkaR°m@,anti_homophones
30480,1,3,0,5,2,-5.34193195110371,5.34193195110371,buRd5,anti_homophones
30481,1,17,0,4,2,-4.265615515107596,4.265615515107596,kolo,anti_homophones
30482,1,0,0,8,4,-7.094216489788805,7.094216489788805,alkanoni,anti_homophones
30483,1,3,0,5,2,-5.415896176476045,5.415896176476045,baRyR,anti_homophones
30484,1,1,0,6,2,-6.602698237377628,6.602698237377628,kRonin,anti_homophones
30485,1,0,0,7,3,-8.681125900808356,8.681125900808356,sesERb2,anti_homophones
30486,1,0,0,9,4,-9.799911436637718,9.799911436637718,ZitalefOn,anti_homophones
30487,1,6,0,7,2,-5.08195506716215,5.08195506716215,gRatwaR,anti_homophones
30488,1,0,0,8,4,-7.009963541802691,7.009963541802691,ZeometaZ,anti_homophones
30489,1,0,0,9,4,-7.446463556808655,7.446463556808655,peRobasj§,anti_homophones
30490,1,0,0,7,4,-8.371971293035294,8.371971293035294,adusiva,anti_homophones
30491,1,0,0,9,4,-6.887901413515868,6.887901413515868,favoRifje,anti_homophones
30492,1,0,0,7,3,-6.622902709161999,6.622902709161999,plazij@,anti_homophones
30493,1,11,0,4,2,-4.613820234220448,4.613820234220448,koko,anti_homophones
30494,1,0,0,8,3,-5.788236237059558,5.788236237059558,bit8asj§,anti_homophones
30495,1,2,0,7,3,-6.513014685294397,6.513014685294397,negatin,anti_homophones
30496,1,0,0,7,3,-7.246797063890698,7.246797063890698,flat@dy,anti_homophones
30497,1,0,0,6,2,-7.606098796668031,7.606098796668031,p5dRin,anti_homophones
30498,1,5,0,6,3,-5.222904431693669,5.222904431693669,@vizj§,anti_homophones
30499,1,0,0,6,3,-5.731950966513971,5.731950966513971,epESEt,anti_homophones
30500,1,0,0,9,3,-10.368105921545775,10.368105921545775,syRkyRbEj,anti_homophones
30501,1,0,0,8,4,-6.428258261836537,6.428258261836537,5k§sERte,anti_homophones
30502,1,0,0,10,4,-9.489147465540015,9.489147465540015,bRosijomEt,anti_homophones
30503,1,1,0,7,3,-6.636075600806137,6.636075600806137,klis°Ri,anti_homophones
30504,1,3,0,5,3,-6.731456034820622,6.731456034820622,alOme,anti_homophones
30505,1,1,0,5,3,-6.557096944468256,6.557096944468256,teoko,anti_homophones
30506,1,4,0,5,2,-5.262997511535114,5.262997511535114,5staz,anti_homophones
30507,1,0,0,9,3,-6.418536240127919,6.418536240127919,bit8alizm,anti_homophones
30508,1,0,0,9,3,-7.357657046156764,7.357657046156764,pRezERsif,anti_homophones
30509,1,15,0,4,2,-5.24515676260498,5.24515676260498,gal2,anti_homophones
30510,1,0,0,8,3,-5.532397525896839,5.532397525896839,k§fORman,anti_homophones
30511,1,3,0,6,2,-5.571031848473531,5.571031848473531,skRize,anti_homophones
30512,1,0,0,6,2,-8.400174731941684,8.400174731941684,k8if2n,anti_homophones
30513,1,22,0,4,2,-4.26441131796933,4.26441131796933,kave,anti_homophones
30514,1,0,0,10,4,-8.799304100335307,8.799304100335307,maRkof@sif,anti_homophones
30515,1,0,0,8,4,-8.370308321863174,8.370308321863174,Esp§t°le,anti_homophones
30516,1,0,0,8,4,-6.7222919254475535,6.7222919254475535,iRsis°m@,anti_homophones
30517,1,1,0,8,4,-6.848879091562104,6.848879091562104,natikyle,anti_homophones
30518,1,5,0,4,2,-4.994132219934638,4.994132219934638,liba,anti_homophones
30519,1,0,0,11,4,-8.45440738170425,8.45440738170425,alZeRjoRizm,anti_homophones
30520,1,0,0,7,3,-5.8917603535385705,5.8917603535385705,budwam@,anti_homophones
30521,1,0,0,7,3,-7.111913027210159,7.111913027210159,pedanyl,anti_homophones
30522,1,3,0,6,3,-4.513892774292794,4.513892774292794,kOk°m@,anti_homophones
30523,1,0,0,6,3,-5.647567421000471,5.647567421000471,k§kyb5,anti_homophones
30524,1,0,0,9,4,-8.850327113231176,8.850327113231176,sapElenj2,anti_homophones
30525,1,2,0,8,4,-5.918778260306125,5.918778260306125,5stiv°m@,anti_homophones
30526,1,0,0,14,4,-11.473306104174199,11.473306104174199,kuRsistORsjabl,anti_homophones
30527,1,2,0,4,2,-4.810749938525667,4.810749938525667,fOto,anti_homophones
30528,1,3,0,6,3,-5.196409042736916,5.196409042736916,R@boSe,anti_homophones
30529,1,0,0,8,3,-7.500415269461091,7.500415269461091,ten8ijEl,anti_homophones
30530,1,0,0,7,3,-6.362906355545705,6.362906355545705,kOstyle,anti_homophones
30531,1,0,0,10,4,-9.839576277010808,9.839576277010808,R°maRinOpl,anti_homophones
30532,1,0,0,12,4,-9.426876760817228,9.426876760817228,fR@kolEkskle,anti_homophones
30533,1,0,0,8,4,-8.670286554639725,8.670286554639725,RealilOS,anti_homophones
30534,1,5,0,6,3,-5.136111264227491,5.136111264227491,maNite,anti_homophones
30535,1,30,0,4,2,-4.621100161506297,4.621100161506297,kalo,anti_homophones
30536,1,0,0,8,4,-8.056457032094047,8.056457032094047,tekizite,anti_homophones
30537,1,5,0,5,2,-5.145973102161263,5.145973102161263,lEkte,anti_homophones
30538,1,3,0,5,3,-4.80403001289362,4.80403001289362,5vEj@,anti_homophones
30539,1,0,0,10,4,-6.197652737150618,6.197652737150618,komyt8asj§,anti_homophones
30540,1,0,0,7,3,-8.344713784583458,8.344713784583458,Rifonid,anti_homophones
30541,1,0,0,12,4,-10.65648258041384,10.65648258041384,pRistRikasje,anti_homophones
30542,1,0,0,10,3,-9.543977028666585,9.543977028666585,pEstjoplas,anti_homophones
30543,1,0,0,8,4,-5.5635062694659485,5.5635062694659485,elEktive,anti_homophones
30544,1,0,0,8,3,-6.834404091579574,6.834404091579574,vERsjEl2,anti_homophones
30545,1,0,0,8,4,-9.61902285013988,9.61902285013988,ofil@dEv,anti_homophones
30546,1,0,0,7,3,-5.674085926995494,5.674085926995494,adZaz9R,anti_homophones
30547,1,0,0,7,3,-8.193597203566302,8.193597203566302,ZiRitEm,anti_homophones
30548,1,0,1,6,2,-5.424938925383891,5.424938925383891,pRynEt,anti_homophones
30549,1,7,0,4,2,-5.340611685123115,5.340611685123115,akme,anti_homophones
30550,1,0,0,7,3,-9.464757339389944,9.464757339389944,tepeRuj,anti_homophones
30551,1,0,0,7,3,-7.0042786368987375,7.0042786368987375,batiz@s,anti_homophones
30552,1,3,0,5,2,-5.2541037000431645,5.2541037000431645,kaROk,anti_homophones
30553,1,0,0,8,4,-5.712579097155231,5.712579097155231,vaSEv°m@,anti_homophones
30554,1,1,0,9,4,-7.370274098963719,7.370274098963719,tR@sik°m@,anti_homophones
30555,1,3,0,5,2,-4.873771881549487,4.873771881549487,t@d@s,anti_homophones
30556,1,0,0,7,3,-7.326232543132683,7.326232543132683,suRsonE,anti_homophones
30557,1,0,0,9,4,-8.905269489710145,8.905269489710145,5skRivag§,anti_homophones
30558,1,0,0,9,4,-12.654516580656598,12.654516580656598,begaselEk,anti_homophones
30559,1,0,0,8,3,-8.201732189798065,8.201732189798065,k§st@tRE,anti_homophones
30560,1,0,0,8,4,-8.825354529511953,8.825354529511953,denypise,anti_homophones
30561,1,1,0,4,2,-4.839646460597464,4.839646460597464,pyf5,anti_homophones
30562,1,0,0,10,4,-9.61765956991116,9.61765956991116,natikatakl,anti_homophones
30563,1,0,0,8,4,-6.357613077258465,6.357613077258465,5divizj5,anti_homophones
30564,1,0,0,8,3,-6.9043158178301285,6.9043158178301285,s8ivifje,anti_homophones
30565,1,6,0,5,2,-4.981117244274073,4.981117244274073,leZit,anti_homophones
30566,1,0,0,11,4,-11.828617271304275,11.828617271304275,tsaRkyRsiR2,anti_homophones
30567,1,1,0,6,3,-6.13545877480173,6.13545877480173,aRdiz@,anti_homophones
30568,1,8,0,6,3,-5.496284942664037,5.496284942664037,vas°m@,anti_homophones
30569,1,1,0,8,3,-5.925715308648519,5.925715308648519,sypozabl,anti_homophones
30570,1,4,0,4,2,-5.989620768148136,5.989620768148136,Ryna,anti_homophones
30571,1,0,0,7,2,-7.316155235922041,7.316155235922041,saRdjom,anti_homophones
30572,1,0,0,8,4,-7.892330935722518,7.892330935722518,fyneRoid,anti_homophones
30573,1,1,0,5,3,-6.41140139776581,6.41140139776581,ilEno,anti_homophones
30574,1,4,0,6,3,-5.618802837489085,5.618802837489085,@tip9R,anti_homophones
30575,1,0,0,9,3,-7.45965638857459,7.45965638857459,R°naRSist,anti_homophones
30576,1,1,0,5,2,-6.062216804271144,6.062216804271144,buvEl,anti_homophones
30577,1,1,0,6,3,-6.499108184775633,6.499108184775633,negozo,anti_homophones
30578,1,0,0,9,3,-7.004326493371405,7.004326493371405,sORsjonEt,anti_homophones
30579,1,0,0,7,3,-8.114833070695381,8.114833070695381,pOkvij§,anti_homophones
30580,1,1,0,6,2,-6.384710286798024,6.384710286798024,EksfER,anti_homophones
30581,1,3,0,5,3,-5.399995331659904,5.399995331659904,epito,anti_homophones
30582,1,0,0,8,4,-5.800744391539785,5.800744391539785,degoRize,anti_homophones
30583,1,41,0,3,2,-4.298606274802711,4.298606274802711,al@,anti_homophones
30584,1,0,0,6,3,-6.495058337939598,6.495058337939598,ilotaZ,anti_homophones
30585,1,0,0,8,4,-10.16652377390515,10.16652377390515,pulik°no,anti_homophones
30586,1,0,0,8,3,-8.027609278893202,8.027609278893202,fRakaRaZ,anti_homophones
30587,1,0,0,8,4,-8.667555674714482,8.667555674714482,5fiRmyla,anti_homophones
30588,1,1,0,6,3,-5.772825350386439,5.772825350386439,niS°te,anti_homophones
30589,1,0,0,9,4,-6.4114508609348055,6.4114508609348055,pRepys°le,anti_homophones
30590,1,3,0,5,2,-5.231755201292425,5.231755201292425,kR2ze,anti_homophones
30591,1,0,0,7,3,-7.954969301340657,7.954969301340657,dekosal,anti_homophones
30592,1,1,0,6,3,-6.512445760958201,6.512445760958201,v9vaZ§,anti_homophones
30593,1,1,0,7,3,-6.721278755122529,6.721278755122529,migRafo,anti_homophones
30594,1,1,0,8,3,-7.359842945296168,7.359842945296168,sjERZ°m@,anti_homophones
30595,1,0,0,8,3,-7.025110491684749,7.025110491684749,yltyRnal,anti_homophones
30596,1,1,0,6,2,-5.762650150453928,5.762650150453928,f@Zizm,anti_homophones
30597,1,0,0,10,4,-5.816186627487188,5.816186627487188,Z§kt82z°m@,anti_homophones
30598,1,1,0,7,3,-6.057189326853371,6.057189326853371,fifisj§,anti_homophones
30599,1,2,0,6,2,-6.2818103207505605,6.2818103207505605,sk@dij,anti_homophones
30600,1,15,0,4,2,-5.236304479846839,5.236304479846839,nize,anti_homophones
30601,1,8,0,4,2,-4.935580378300697,4.935580378300697,Z°ne,anti_homophones
30602,1,2,0,6,2,-5.40119740960679,5.40119740960679,fRotaZ,anti_homophones
30603,1,0,0,8,3,-6.147947478545082,6.147947478545082,kR°v@d9R,anti_homophones
30604,1,2,0,6,3,-6.129331491362623,6.129331491362623,sivine,anti_homophones
30605,1,2,0,5,2,-5.843144829145717,5.843144829145717,RadOt,anti_homophones
30606,1,0,0,6,2,-7.333164461179002,7.333164461179002,altjOm,anti_homophones
30607,1,0,0,7,3,-6.058794285330999,6.058794285330999,sypRati,anti_homophones
30608,1,2,0,5,2,-6.515879550653232,6.515879550653232,blaZ@,anti_homophones
30609,1,0,0,6,2,-7.662335610247857,7.662335610247857,b@kR9j,anti_homophones
30610,1,0,0,8,4,-8.684405746401875,8.684405746401875,vEl°REto,anti_homophones
30611,1,1,0,5,2,-5.914776593541941,5.914776593541941,seRis,anti_homophones
30612,1,0,0,6,2,-6.7243540254313245,6.7243540254313245,tRonos,anti_homophones
30613,1,0,0,9,4,-9.033006671408884,9.033006671408884,kRezimyla,anti_homophones
30614,1,0,0,11,4,-9.171675498646565,9.171675498646565,spORtaminj5,anti_homophones
30615,1,0,0,7,3,-6.037459891234266,6.037459891234266,Rezylte,anti_homophones
30616,1,4,0,5,2,-4.787705571441724,4.787705571441724,kORSe,anti_homophones
30617,1,0,0,10,3,-9.080668140006637,9.080668140006637,tRaskyRizm,anti_homophones
30618,1,4,0,6,3,-5.503041093211964,5.503041093211964,deZ°m@,anti_homophones
30619,1,1,1,6,3,-4.701518229345757,4.701518229345757,5pyd9R,anti_homophones
30620,1,1,0,6,3,-6.190876861218272,6.190876861218272,beton2,anti_homophones
30621,1,0,0,8,4,-8.634813308330267,8.634813308330267,eglas°le,anti_homophones
30622,1,5,0,6,2,-5.982318310427944,5.982318310427944,otRist,anti_homophones
30623,1,0,0,8,4,-8.010430135400187,8.010430135400187,lavanij§,anti_homophones
30624,1,0,0,7,4,-6.479517901799999,6.479517901799999,voduizi,anti_homophones
30625,1,3,0,7,3,-5.1307078671745305,5.1307078671745305,kROS°te,anti_homophones
30626,1,0,0,11,3,-11.361402661200666,11.361402661200666,bREkspEktaj,anti_homophones
30627,1,26,0,4,2,-4.3669022741918395,4.3669022741918395,kaR§,anti_homophones
30628,1,1,0,5,2,-5.370813234613728,5.370813234613728,k§bEl,anti_homophones
30629,1,0,0,6,2,-6.768408014531655,6.768408014531655,bokEtS,anti_homophones
30630,1,9,1,7,4,-4.252780533502742,4.252780533502742,@tis°m@,anti_homophones
30631,1,0,0,7,3,-7.720777987151751,7.720777987151751,takikER,anti_homophones
30632,1,0,0,8,3,-8.371528465114439,8.371528465114439,tREstate,anti_homophones
30633,1,4,0,4,2,-5.219005367734305,5.219005367734305,ek9j,anti_homophones
30634,1,0,0,9,4,-8.299042682222257,8.299042682222257,kokalatif,anti_homophones
30635,1,0,0,8,4,-5.810045778747526,5.810045778747526,fenOlOZi,anti_homophones
30636,1,0,0,11,4,-9.827746486265896,9.827746486265896,sybZyRalitS,anti_homophones
30637,1,1,0,10,3,-6.958974570046933,6.958974570046933,fR@sdyksj§,anti_homophones
30638,1,2,0,8,4,-5.726266085626236,5.726266085626236,otomasj§,anti_homophones
30639,1,0,0,10,4,-10.462606568344839,10.462606568344839,atmostoRut,anti_homophones
30640,1,4,0,5,2,-5.0831055479466,5.0831055479466,guRde,anti_homophones
30641,1,3,0,6,2,-4.682176018432019,4.682176018432019,ded8iR,anti_homophones
30642,1,10,0,5,2,-4.977473548424022,4.977473548424022,kaRpe,anti_homophones
30643,1,8,1,7,3,-4.744396474076979,4.744396474076979,mwaz°m@,anti_homophones
30644,1,0,0,8,4,-10.944776690347688,10.944776690347688,omelikam,anti_homophones
30645,1,18,0,3,2,-5.858135293085498,5.858135293085498,@l@,anti_homophones
30646,1,0,0,7,3,-6.33745789753699,6.33745789753699,deZ9niR,anti_homophones
30647,1,2,0,7,4,-6.520848242903934,6.520848242903934,deneite,anti_homophones
30648,1,2,0,5,2,-6.479770626655398,6.479770626655398,kloda,anti_homophones
30649,1,5,0,5,2,-5.1409435387170035,5.1409435387170035,telEs,anti_homophones
30650,1,2,0,6,2,-5.641827258308324,5.641827258308324,gloRik,anti_homophones
30651,1,0,0,6,3,-6.852939855459006,6.852939855459006,@gyljE,anti_homophones
30652,1,9,1,5,3,-4.626219725313763,4.626219725313763,@p°m@,anti_homophones
30653,1,1,0,5,2,-5.713787540079299,5.713787540079299,ReEks,anti_homophones
30654,1,0,0,10,4,-10.075299343478584,10.075299343478584,platenysid,anti_homophones
30655,1,0,0,10,4,-8.010863881923868,8.010863881923868,defERminys,anti_homophones
30656,1,1,0,7,3,-6.448851540128909,6.448851540128909,salysj5,anti_homophones
30657,1,3,0,6,2,-5.179772921929321,5.179772921929321,sinist,anti_homophones
30658,1,0,0,7,3,-6.802887125422741,6.802887125422741,milikEt,anti_homophones
30659,1,3,0,6,2,-5.093145144144992,5.093145144144992,SinwaR,anti_homophones
30660,1,10,0,4,2,-4.595909661680523,4.595909661680523,aRp5,anti_homophones
30661,1,1,0,5,2,-6.492234800566637,6.492234800566637,gaf9j,anti_homophones
30662,1,0,0,9,4,-7.0587749001806674,7.0587749001806674,kanemasj§,anti_homophones
30663,1,1,0,7,3,-6.034407142448032,6.034407142448032,R°komik,anti_homophones
30664,1,0,0,8,3,-8.674477054266898,8.674477054266898,p8eRikOn,anti_homophones
30665,1,2,0,6,3,-6.954876153613163,6.954876153613163,eREkte,anti_homophones
30666,1,0,0,7,2,-5.872983294967917,5.872983294967917,skwit9R,anti_homophones
30667,1,0,0,9,3,-8.874700231969886,8.874700231969886,SastRavit,anti_homophones
30668,1,3,0,5,2,-7.1643058040443375,7.1643058040443375,sitiS,anti_homophones
30669,1,0,0,11,4,-9.624528046645823,9.624528046645823,tResjast°m@,anti_homophones
30670,1,1,0,6,3,-6.708468272377932,6.708468272377932,ovERgo,anti_homophones
30671,1,1,0,8,3,-5.9750234053398765,5.9750234053398765,EgzoRjal,anti_homophones
30672,1,1,0,8,3,-5.499920393814314,5.499920393814314,k§st@sje,anti_homophones
30673,1,0,0,8,4,-5.013006413314811,5.013006413314811,yz8El°m@,anti_homophones
30674,1,0,0,6,2,-6.796245663796976,6.796245663796976,syptiz,anti_homophones
30675,1,0,0,8,3,-6.588001850225505,6.588001850225505,pRefleSe,anti_homophones
30676,1,0,0,8,4,-6.02212475096203,6.02212475096203,neopatif,anti_homophones
30677,1,0,0,7,3,-8.178186199959342,8.178186199959342,guRgole,anti_homophones
30678,1,0,0,8,4,-7.330585602318775,7.330585602318775,leteRite,anti_homophones
30679,1,1,0,9,4,-6.60025002144628,6.60025002144628,pagORZ°m@,anti_homophones
30680,1,2,0,7,3,-5.3435311869686135,5.3435311869686135,myRm°m@,anti_homophones
30681,1,5,0,5,2,-4.827011158331932,4.827011158331932,Z°nEt,anti_homophones
30682,1,7,0,4,2,-4.749701908453111,4.749701908453111,okyl,anti_homophones
30683,1,0,0,8,3,-8.241461288514687,8.241461288514687,kapaRpEZ,anti_homophones
30684,1,5,0,4,2,-4.983913109497495,4.983913109497495,opsi,anti_homophones
30685,1,0,0,7,3,-5.890299116407111,5.890299116407111,SEv°niR,anti_homophones
30686,1,0,0,8,4,-8.645113286193173,8.645113286193173,@ZjomaOk,anti_homophones
30687,1,0,0,8,3,-8.101736362171069,8.101736362171069,duRonjER,anti_homophones
30688,1,0,0,8,3,-8.942833315350596,8.942833315350596,kyR°tORn,anti_homophones
30689,1,0,0,8,3,-6.7718309522680356,6.7718309522680356,kwad°m9R,anti_homophones
30690,1,0,0,7,3,-5.747411988351302,5.747411988351302,RavERse,anti_homophones
30691,1,2,0,6,2,-5.889792716402001,5.889792716402001,k§patS,anti_homophones
30692,1,2,0,5,2,-5.395051689296808,5.395051689296808,zebRe,anti_homophones
30693,1,8,0,5,2,-5.452953930213881,5.452953930213881,pilje,anti_homophones
30694,1,2,0,4,2,-5.224110015923093,5.224110015923093,iZj§,anti_homophones
30695,1,0,0,7,3,-6.092450471411616,6.092450471411616,Eks8ade,anti_homophones
30696,1,0,0,9,4,-7.84651068096021,7.84651068096021,s@tialist,anti_homophones
30697,1,0,0,8,3,-6.5759812849863675,6.5759812849863675,galisabl,anti_homophones
30698,1,0,0,6,3,-6.10278967069501,6.10278967069501,goel@s,anti_homophones
30699,1,3,0,5,2,-4.5512125058140445,4.5512125058140445,pRuve,anti_homophones
30700,1,0,0,7,3,-7.804936109600257,7.804936109600257,R2baRk@,anti_homophones
30701,1,2,0,7,3,-6.377044346036782,6.377044346036782,vEstine,anti_homophones
30702,1,1,0,6,2,-6.392483878484155,6.392483878484155,plast5,anti_homophones
30703,1,1,0,7,4,-7.528234393824985,7.528234393824985,emoRode,anti_homophones
30704,1,0,0,11,4,-10.61634998238439,10.61634998238439,mismOlOZism,anti_homophones
30705,1,0,0,8,3,-6.7865872597107035,6.7865872597107035,k§ZERman,anti_homophones
30706,1,7,0,6,3,-5.158661456860266,5.158661456860266,fEs°m@,anti_homophones
30707,1,3,0,6,2,-5.975600454224434,5.975600454224434,StR°m@,anti_homophones
30708,1,3,0,6,3,-5.2857374629400375,5.2857374629400375,koRoze,anti_homophones
30709,1,0,0,9,3,-5.929861090788341,5.929861090788341,pERsEptik,anti_homophones
30710,1,0,0,8,4,-6.7202117361569,6.7202117361569,k§symeRa,anti_homophones
30711,1,1,0,7,4,-5.930037980216098,5.930037980216098,etaS°m@,anti_homophones
30712,1,0,0,7,2,-6.2639800729051185,6.2639800729051185,m@bRist,anti_homophones
30713,1,0,0,9,3,-6.744402507209745,6.744402507209745,kRetRijER,anti_homophones
30714,1,3,0,3,2,-4.653443893696475,4.653443893696475,zoo,anti_homophones
30715,1,0,0,10,4,-9.013826331443223,9.013826331443223,k§disp5gOm,anti_homophones
30716,1,3,0,6,3,-5.823446901198522,5.823446901198522,mikote,anti_homophones
30717,1,0,0,6,2,-5.863614375697641,5.863614375697641,bRysid,anti_homophones
30718,1,0,0,7,2,-6.352527502040204,6.352527502040204,fRwazEl,anti_homophones
30719,1,15,0,3,2,-4.573821471137513,4.573821471137513,Es@,anti_homophones
30720,1,0,0,5,2,-6.3385386200451155,6.3385386200451155,l@g9j,anti_homophones
30721,1,0,0,7,3,-6.387190029008349,6.387190029008349,OftalOg,anti_homophones
30722,1,2,0,7,3,-5.9980416488555175,5.9980416488555175,fORmin2,anti_homophones
30723,1,0,0,9,3,-7.256945392579118,7.256945392579118,pyblytwaR,anti_homophones
30724,1,0,1,6,2,-5.429211389403559,5.429211389403559,kRoman,anti_homophones
30725,1,1,0,5,2,-5.493116385913099,5.493116385913099,myflE,anti_homophones
30726,1,0,0,8,4,-6.407073382712495,6.407073382712495,5pydinaZ,anti_homophones
30727,1,2,0,5,2,-5.636076686084397,5.636076686084397,fiz@s,anti_homophones
30728,1,4,0,6,3,-4.793911983859206,4.793911983859206,m@d°Ri,anti_homophones
30729,1,0,0,6,3,-6.940663657391513,6.940663657391513,bipal@,anti_homophones
30730,1,0,0,8,3,-6.483400715834218,6.483400715834218,idRaksj§,anti_homophones
30731,1,1,0,6,3,-5.195932057740732,5.195932057740732,@buRiR,anti_homophones
30732,1,1,0,6,3,-6.80426643372624,6.80426643372624,@tORik,anti_homophones
30733,1,5,1,5,2,-4.874371104664827,4.874371104664827,k8is§,anti_homophones
30734,1,2,0,7,2,-5.295863126379357,5.295863126379357,fRipt9R,anti_homophones
30735,1,0,0,7,3,-6.682610192747957,6.682610192747957,ERgotin,anti_homophones
30736,1,1,0,7,4,-7.503057659154817,7.503057659154817,abadite,anti_homophones
30737,1,3,0,5,2,-6.1058749938724395,6.1058749938724395,ekRij,anti_homophones
30738,1,0,0,7,3,-7.0715653504979805,7.0715653504979805,libaRja,anti_homophones
30739,1,19,0,4,2,-4.975360847227589,4.975360847227589,asik,anti_homophones
30740,1,0,0,8,4,-5.896780983132451,5.896780983132451,fygalite,anti_homophones
30741,1,3,0,5,2,-5.433541840430533,5.433541840430533,tyRZi,anti_homophones
30742,1,1,0,6,3,-5.427234659887828,5.427234659887828,k§v@te,anti_homophones
30743,1,0,0,7,3,-6.964892001159177,6.964892001159177,kybikyl,anti_homophones
30744,1,0,0,7,2,-8.41972870368155,8.41972870368155,REstidR,anti_homophones
30745,1,2,0,7,3,-6.025050927460821,6.025050927460821,sypeRj5,anti_homophones
30746,1,0,0,9,4,-9.481440374724853,9.481440374724853,Z2dEmnipy,anti_homophones
30747,1,0,0,8,4,-8.690805662104266,8.690805662104266,koRab9Re,anti_homophones
30748,1,0,0,5,2,-6.113854379741618,6.113854379741618,aRpas,anti_homophones
30749,1,0,0,6,2,-6.232030029625609,6.232030029625609,tORsal,anti_homophones
30750,1,0,0,9,4,-8.925206204679785,8.925206204679785,5pet2Rist,anti_homophones
30751,1,5,0,4,2,-5.46109164125264,5.46109164125264,azj5,anti_homophones
30752,1,0,0,7,3,-6.743457317840415,6.743457317840415,kaRdife,anti_homophones
30753,1,0,0,8,4,-8.592151174245716,8.592151174245716,apoleROl,anti_homophones
30754,1,0,0,9,4,-9.427211483463257,9.427211483463257,ligoldoza,anti_homophones
30755,1,0,0,6,3,-7.790331514779745,7.790331514779745,syR5fy,anti_homophones
30756,1,7,0,6,3,-5.509228728990957,5.509228728990957,t2z°m@,anti_homophones
30757,1,0,0,6,2,-6.5274557624204546,6.5274557624204546,deflag,anti_homophones
30758,1,2,0,6,2,-5.904798554939699,5.904798554939699,detuRn,anti_homophones
30759,1,0,0,7,3,-7.685181851789135,7.685181851789135,kafR@Ze,anti_homophones
30760,1,2,0,8,3,-4.860309745232105,4.860309745232105,ORganizm,anti_homophones
30761,1,1,0,7,3,-5.921654605265902,5.921654605265902,R°p@tje,anti_homophones
30762,1,11,0,4,2,-4.28026687582889,4.28026687582889,sed@,anti_homophones
30763,1,4,1,5,2,-5.4552620381676755,5.4552620381676755,senj@,anti_homophones
30764,1,17,0,4,2,-4.644390087565306,4.644390087565306,d@te,anti_homophones
30765,1,2,0,6,3,-5.071251305596033,5.071251305596033,imatif,anti_homophones
30766,1,0,0,8,4,-9.194408730539728,9.194408730539728,s@dokyne,anti_homophones
30767,1,3,0,6,3,-6.474213596482128,6.474213596482128,dilone,anti_homophones
30768,1,0,0,7,2,-5.355856871043439,5.355856871043439,bR§zjEm,anti_homophones
30769,1,0,0,6,2,-6.582174601294822,6.582174601294822,plafle,anti_homophones
30770,1,0,0,7,2,-6.291233662625316,6.291233662625316,malvist,anti_homophones
30771,1,53,0,3,2,-4.3416924164202255,4.3416924164202255,aRa,anti_homophones
30772,1,0,0,7,3,-7.2040211847907765,7.2040211847907765,REzodj2,anti_homophones
30773,1,2,0,6,2,-6.209020156530027,6.209020156530027,pElizm,anti_homophones
30774,1,2,0,8,4,-6.0986776193185825,6.0986776193185825,Ostis°m@,anti_homophones
30775,1,0,0,8,3,-8.882786994710221,8.882786994710221,buklivES,anti_homophones
30776,1,1,0,6,3,-6.311445447510695,6.311445447510695,aR§dEn,anti_homophones
30777,1,2,1,6,3,-4.966497193517511,4.966497193517511,Okt°m@,anti_homophones
30778,1,1,0,7,2,-8.79476692232474,8.79476692232474,pavwadR,anti_homophones
30779,1,0,0,8,3,-5.894757068129951,5.894757068129951,EkspyN@s,anti_homophones
30780,1,0,0,7,3,-7.819338692685209,7.819338692685209,tOmetal,anti_homophones
30781,1,2,0,5,2,-5.195960469948821,5.195960469948821,RaSyt,anti_homophones
30782,1,0,0,7,3,-5.8525503650995185,5.8525503650995185,syR5t@s,anti_homophones
30783,1,1,0,6,3,-5.954342838231724,5.954342838231724,@tiRj5,anti_homophones
30784,1,4,0,4,2,-5.424120174376691,5.424120174376691,ivEl,anti_homophones
30785,1,0,0,8,3,-9.931822933091983,9.931822933091983,tajlas@s,anti_homophones
30786,1,1,0,8,3,-7.359307444771122,7.359307444771122,EkstonEl,anti_homophones
30787,1,4,0,4,2,-4.84347374022737,4.84347374022737,@kOS,anti_homophones
30788,1,0,0,8,4,-9.162602595300827,9.162602595300827,vakiROni,anti_homophones
30789,1,0,0,8,3,-7.597979958185509,7.597979958185509,modEskij,anti_homophones
30790,1,3,0,7,4,-5.151147367516308,5.151147367516308,omoloZi,anti_homophones
30791,1,0,0,7,3,-7.683245441851368,7.683245441851368,pakiNOn,anti_homophones
30792,1,0,0,7,3,-7.250208110211974,7.250208110211974,linOfOn,anti_homophones
30793,1,4,0,5,2,-5.620772894792811,5.620772894792811,tReik,anti_homophones
30794,1,0,0,4,2,-4.998996099110983,4.998996099110983,vodu,anti_homophones
30795,1,1,0,6,3,-6.999015537488226,6.999015537488226,Rifon@,anti_homophones
30796,1,1,0,5,2,-6.772144795016454,6.772144795016454,bydje,anti_homophones
30797,1,0,0,8,4,-8.876298488676452,8.876298488676452,panozEje,anti_homophones
30798,1,2,0,6,3,-6.314460543448452,6.314460543448452,etRipu,anti_homophones
30799,1,2,0,5,3,-6.251803515030615,6.251803515030615,anas§,anti_homophones
30800,1,0,0,7,3,-6.340877771883597,6.340877771883597,abuld5g,anti_homophones
30801,1,1,0,5,2,-6.059909602948345,6.059909602948345,epERt,anti_homophones
30802,1,0,0,8,4,-7.329879053022313,7.329879053022313,Rokaz°m@,anti_homophones
30803,1,1,0,6,2,-7.10777747774331,7.10777747774331,dRolOm,anti_homophones
30804,1,1,0,7,3,-6.567498527329149,6.567498527329149,eplifje,anti_homophones
30805,1,0,0,14,4,-12.511785907762654,12.511785907762654,sORpsalvwatjER,anti_homophones
30806,1,4,0,5,2,-5.62283731474919,5.62283731474919,silj2,anti_homophones
30807,1,0,0,9,3,-9.102640700089701,9.102640700089701,pEstilibR,anti_homophones
30808,1,5,0,5,2,-5.2862943873205355,5.2862943873205355,debEn,anti_homophones
30809,1,0,0,6,3,-7.599713276301439,7.599713276301439,tapaZi,anti_homophones
30810,1,1,1,4,2,-4.688770490479011,4.688770490479011,d°sy,anti_homophones
30811,1,3,0,6,3,-5.061848996748024,5.061848996748024,idRije,anti_homophones
30812,1,0,0,7,3,-8.107600977406387,8.107600977406387,legazEn,anti_homophones
30813,1,1,0,7,3,-6.7954823682661765,6.7954823682661765,manuizm,anti_homophones
30814,1,0,0,5,2,-5.55463038008051,5.55463038008051,R2nad,anti_homophones
30815,1,0,0,9,4,-8.088657400351236,8.088657400351236,5peR@sgRe,anti_homophones
30816,1,13,0,4,2,-4.77892330889987,4.77892330889987,wazi,anti_homophones
30817,1,4,0,5,2,-5.015697637749308,5.015697637749308,v@tal,anti_homophones
30818,1,0,0,9,3,-9.93355121257158,9.93355121257158,p§pjEskle,anti_homophones
30819,1,16,0,4,2,-5.3133254242381005,5.3133254242381005,Reni,anti_homophones
30820,1,0,0,10,3,-9.265467295173769,9.265467295173769,spERdisibl,anti_homophones
30821,1,0,0,10,4,-11.038742073552148,11.038742073552148,Z§gl9vRal@,anti_homophones
30822,1,0,0,8,4,-8.995390684798986,8.995390684798986,Zeomjet@,anti_homophones
30823,1,0,0,6,3,-7.638054156172205,7.638054156172205,p°taj2,anti_homophones
30824,1,0,0,9,4,-9.27807876136016,9.27807876136016,pylkanoam,anti_homophones
30825,1,0,0,9,4,-7.16590554862068,7.16590554862068,pitasjonE,anti_homophones
30826,1,0,0,9,4,-8.590516639517224,8.590516639517224,melonisje,anti_homophones
30827,1,1,0,5,2,-6.542442078515261,6.542442078515261,ORpoz,anti_homophones
30828,1,0,0,8,3,-9.456193233221954,9.456193233221954,RapjoRik,anti_homophones
30829,1,1,0,7,2,-7.020534133900501,7.020534133900501,gRaftiR,anti_homophones
30830,1,0,0,6,2,-6.288673229031099,6.288673229031099,denwiR,anti_homophones
30831,1,3,0,8,3,-5.953539508923502,5.953539508923502,stasjone,anti_homophones
30832,1,0,0,7,2,-6.3245870158833615,6.3245870158833615,deklaks,anti_homophones
30833,1,4,0,4,2,-4.746435013263767,4.746435013263767,b2do,anti_homophones
30834,1,0,0,9,4,-7.176675405621782,7.176675405621782,5disEpt9R,anti_homophones
30835,1,0,0,10,3,-7.570677017797237,7.570677017797237,seksjOnkER,anti_homophones
30836,1,0,0,8,4,-5.97882821126383,5.97882821126383,teOlOZik,anti_homophones
30837,1,0,0,6,2,-6.320676424108967,6.320676424108967,kafabR,anti_homophones
30838,1,0,0,9,4,-6.673086617000817,6.673086617000817,savwaR°m@,anti_homophones
30839,1,3,0,7,3,-5.788414700638619,5.788414700638619,ebRujaR,anti_homophones
30840,1,0,0,7,3,-6.683401862139917,6.683401862139917,dispyle,anti_homophones
30841,1,2,0,8,4,-5.409062711794792,5.409062711794792,§toloZik,anti_homophones
30842,1,2,0,6,3,-6.840416795725812,6.840416795725812,imeRal,anti_homophones
30843,1,1,0,8,3,-6.277774669983546,6.277774669983546,tR@sfyZe,anti_homophones
30844,1,2,0,6,2,-6.3682136773648255,6.3682136773648255,etRips,anti_homophones
30845,1,0,0,6,2,-6.681853122864084,6.681853122864084,matRaj,anti_homophones
30846,1,1,0,6,2,-5.532697601098944,5.532697601098944,m8Edzo,anti_homophones
30847,1,9,0,4,2,-5.431491536632317,5.431491536632317,bebe,anti_homophones
30848,1,1,0,5,3,-6.042489427911091,6.042489427911091,niili,anti_homophones
30849,1,5,0,5,3,-5.112919025320174,5.112919025320174,aS°t§,anti_homophones
30850,1,1,0,7,3,-6.173455040405157,6.173455040405157,kak°REl,anti_homophones
30851,1,3,0,5,2,-5.722815859457769,5.722815859457769,sypl@,anti_homophones
30852,1,4,0,5,3,-5.9934167084858645,5.9934167084858645,@t°le,anti_homophones
30853,1,0,0,9,4,-8.123225688065444,8.123225688065444,b@dosilER,anti_homophones
30854,1,0,0,8,2,-7.133514518245849,7.133514518245849,staRdizm,anti_homophones
30855,1,0,0,9,4,-7.294211648463667,7.294211648463667,pyblijot@,anti_homophones
30856,1,0,0,11,4,-7.340245496056117,7.340245496056117,k§v@t8alizm,anti_homophones
30857,1,1,0,6,3,-6.273324164457763,6.273324164457763,elik9R,anti_homophones
30858,1,7,1,5,2,-4.857621253158618,4.857621253158618,fyR9R,anti_homophones
30859,1,3,0,5,2,-5.4133657650687645,5.4133657650687645,sakR§,anti_homophones
30860,1,2,0,6,3,-6.342720754053944,6.342720754053944,vetin@,anti_homophones
30861,1,0,0,7,4,-8.565677676038145,8.565677676038145,Os°liR§,anti_homophones
30862,1,0,0,6,3,-7.3080693939088786,7.3080693939088786,m2naba,anti_homophones
30863,1,2,0,7,2,-5.85077983618955,5.85077983618955,pERfist,anti_homophones
30864,1,4,0,5,2,-5.767702225005276,5.767702225005276,dORmi,anti_homophones
30865,1,0,0,7,3,-5.94500966268619,5.94500966268619,k§potaZ,anti_homophones
30866,1,3,0,6,3,-6.363799763748371,6.363799763748371,al@tER,anti_homophones
30867,1,0,0,5,2,-5.917758841329576,5.917758841329576,galOn,anti_homophones
30868,1,5,0,4,2,-4.510524669490208,4.510524669490208,Zigo,anti_homophones
30869,1,7,0,4,2,-5.15341482516126,5.15341482516126,dyRa,anti_homophones
30870,1,1,0,6,2,-6.356872675946967,6.356872675946967,degReg,anti_homophones
30871,1,0,0,11,4,-9.446728265003067,9.446728265003067,altERsjalit,anti_homophones
30872,1,0,0,9,4,-8.56913888130369,8.56913888130369,Redisipje,anti_homophones
30873,1,1,0,8,3,-7.173627533502708,7.173627533502708,gRafOnal,anti_homophones
30874,1,0,0,6,2,-5.310390202756405,5.310390202756405,mEgR9R,anti_homophones
30875,1,6,0,4,2,-4.8476578010784035,4.8476578010784035,bot5,anti_homophones
30876,1,0,0,9,4,-8.582695521056518,8.582695521056518,k§stij@t2,anti_homophones
30877,1,8,0,6,2,-5.263885234288755,5.263885234288755,metist,anti_homophones
30878,1,0,0,9,4,-7.780848468537567,7.780848468537567,RaktyRase,anti_homophones
30879,1,0,0,9,4,-8.803814719065576,8.803814719065576,beRalZeRe,anti_homophones
30880,1,2,0,5,2,-5.212702817230674,5.212702817230674,Rable,anti_homophones
30881,1,0,0,8,3,-8.588249371221881,8.588249371221881,Re5stROb,anti_homophones
30882,1,1,0,6,3,-5.877589504256087,5.877589504256087,depave,anti_homophones
30883,1,12,0,4,2,-5.39334672891159,5.39334672891159,gyle,anti_homophones
30884,1,6,0,5,2,-5.516961594173496,5.516961594173496,nanal,anti_homophones
30885,1,0,0,8,3,-7.656926637124014,7.656926637124014,k§kORnas,anti_homophones
30886,1,0,0,10,4,-10.926863336127472,10.926863336127472,ZokRobit9R,anti_homophones
30887,1,0,0,7,3,-6.122031541720219,6.122031541720219,kyltipe,anti_homophones
30888,1,1,0,6,2,-5.125982756252152,5.125982756252152,fEjdiG,anti_homophones
30889,1,0,0,8,4,-7.9857706891863955,7.9857706891863955,Opsedale,anti_homophones
30890,1,0,0,6,2,-6.619996172194237,6.619996172194237,gudR9m,anti_homophones
30891,1,0,0,6,3,-7.349165580342866,7.349165580342866,botise,anti_homophones
30892,1,0,0,7,4,-7.002605959823871,7.002605959823871,ipofili,anti_homophones
30893,1,0,0,8,4,-6.8783989840114605,6.8783989840114605,maNezid@,anti_homophones
30894,1,0,0,8,3,-7.247205351411755,7.247205351411755,kRosesj5,anti_homophones
30895,1,4,0,7,3,-5.5830342408959615,5.5830342408959615,t8it°m@,anti_homophones
30896,1,0,0,6,2,-5.674381910227498,5.674381910227498,aRnjER,anti_homophones
30897,1,2,1,6,2,-5.160781690968772,5.160781690968772,siljOm,anti_homophones
30898,1,2,0,6,3,-6.299832771625264,6.299832771625264,imilit,anti_homophones
30899,1,0,0,9,3,-8.54199977867858,8.54199977867858,mamORfl8e,anti_homophones
30900,1,0,0,7,3,-7.769082160294926,7.769082160294926,l@psik@,anti_homophones
30901,1,2,0,7,4,-5.687593713314878,5.687593713314878,apOn°m@,anti_homophones
30902,1,1,0,5,2,-6.493330201335859,6.493330201335859,dosik,anti_homophones
30903,1,2,0,8,4,-5.2618289450567906,5.2618289450567906,dekalite,anti_homophones
30904,1,14,0,5,2,-4.774862944556969,4.774862944556969,latik,anti_homophones
30905,1,0,0,9,4,-7.915196714561145,7.915196714561145,5pylvEj9R,anti_homophones
30906,1,0,0,7,3,-6.502669941916971,6.502669941916971,melodiR,anti_homophones
30907,1,2,0,4,2,-5.9699142740672295,5.9699142740672295,m@ba,anti_homophones
30908,1,0,0,8,3,-8.139012061698567,8.139012061698567,5pOstRom,anti_homophones
30909,1,0,0,7,3,-7.1231874897046215,7.1231874897046215,monjonE,anti_homophones
30910,1,0,0,11,4,-9.808998279235839,9.808998279235839,fuRbyRokROS,anti_homophones
30911,1,0,0,6,3,-6.9114659652993975,6.9114659652993975,@pal@s,anti_homophones
30912,1,2,0,5,3,-6.082942460537227,6.082942460537227,ebaRe,anti_homophones
30913,1,0,0,7,3,-6.685957836881755,6.685957836881755,R°gRega,anti_homophones
30914,1,1,0,7,3,-6.453582592153418,6.453582592153418,5fORmid,anti_homophones
30915,1,7,0,4,2,-6.020823428887926,6.020823428887926,boER,anti_homophones
30916,1,0,0,6,3,-6.254386709732803,6.254386709732803,edikaZ,anti_homophones
30917,1,25,0,5,2,-4.088972688665966,4.088972688665966,pat9R,anti_homophones
30918,1,0,0,8,4,-8.664342637325536,8.664342637325536,mutonoRE,anti_homophones
30919,1,0,0,10,4,-9.942603882470387,9.942603882470387,@pREstifOn,anti_homophones
30920,1,0,0,8,3,-7.437851251701393,7.437851251701393,sudyktys,anti_homophones
30921,1,0,0,5,2,-5.720488334598384,5.720488334598384,mitOs,anti_homophones
30922,1,0,0,8,4,-8.224826029288408,8.224826029288408,v@tigam@,anti_homophones
30923,1,0,0,10,4,-8.514492237514572,8.514492237514572,pResimoRj5,anti_homophones
30924,1,0,0,8,4,-8.873976047364604,8.873976047364604,iR2p@saR,anti_homophones
30925,1,1,0,7,2,-6.089222353577767,6.089222353577767,tRwat9R,anti_homophones
30926,1,0,0,9,4,-8.569650757356193,8.569650757356193,@vwatjone,anti_homophones
30927,1,3,0,6,3,-6.163199986876212,6.163199986876212,natike,anti_homophones
30928,1,12,0,4,2,-4.830335697788554,4.830335697788554,sot@,anti_homophones
30929,1,0,0,5,2,-6.584372172008418,6.584372172008418,fakin,anti_homophones
30930,1,1,0,7,3,-6.179753218842293,6.179753218842293,iRefORm,anti_homophones
30931,1,1,0,5,3,-5.501739536048441,5.501739536048441,@gyl@,anti_homophones
30932,1,0,0,7,3,-6.599831210179224,6.599831210179224,Rekylpe,anti_homophones
30933,1,1,0,9,4,-6.348725868906477,6.348725868906477,panogRafi,anti_homophones
30934,1,0,0,8,3,-6.424916768968125,6.424916768968125,R°plis9R,anti_homophones
30935,1,0,0,9,3,-8.366110100924434,8.366110100924434,klakaRjal,anti_homophones
30936,1,0,0,8,3,-6.251590251729036,6.251590251729036,seminabl,anti_homophones
30937,1,0,0,7,2,-8.602828948454665,8.602828948454665,fR@SkOR,anti_homophones
30938,1,5,0,7,3,-5.235194884980511,5.235194884980511,bORn°m@,anti_homophones
30939,1,1,0,6,2,-5.8939477569578225,5.8939477569578225,deplym,anti_homophones
30940,1,1,0,10,4,-7.73422306841319,7.73422306841319,SORtizasj§,anti_homophones
30941,1,0,0,9,4,-8.950718629882639,8.950718629882639,bekapatuj,anti_homophones
30942,1,2,0,4,2,-5.982515746263251,5.982515746263251,onis,anti_homophones
30943,1,4,0,5,2,-6.076703607928272,6.076703607928272,pOliz,anti_homophones
30944,1,2,0,6,2,-5.248359717818528,5.248359717818528,kupl9R,anti_homophones
30945,1,1,0,7,3,-6.050414453219223,6.050414453219223,k§tRaik,anti_homophones
30946,1,1,0,5,3,-5.69130177664548,5.69130177664548,evani,anti_homophones
30947,1,0,0,11,4,-7.888549167350409,7.888549167350409,telEktRijEl,anti_homophones
30948,1,0,0,7,4,-8.776783493004476,8.776783493004476,etyvite,anti_homophones
30949,1,0,0,8,4,-8.347046937701915,8.347046937701915,maoistad,anti_homophones
30950,1,2,0,6,3,-5.380374178432566,5.380374178432566,@boS9R,anti_homophones
30951,1,0,0,9,4,-8.821573855214595,8.821573855214595,kavaRliNe,anti_homophones
30952,1,0,0,8,4,-8.508625132565044,8.508625132565044,simaR@te,anti_homophones
30953,1,1,0,6,2,-5.623604791408262,5.623604791408262,diZEst,anti_homophones
30954,1,0,0,8,4,-7.706000705212108,7.706000705212108,oRalisit,anti_homophones
30955,1,0,0,10,4,-11.054440639305003,11.054440639305003,flamaksena,anti_homophones
30956,1,2,0,8,4,-6.14200745582072,6.14200745582072,Renalite,anti_homophones
30957,1,7,0,7,3,-5.333244853279769,5.333244853279769,gREs°m@,anti_homophones
30958,1,2,0,7,3,-5.995126108263838,5.995126108263838,salisj5,anti_homophones
30959,1,0,0,7,2,-7.319881764076509,7.319881764076509,kRosjas,anti_homophones
30960,1,0,0,8,3,-9.02896292485974,9.02896292485974,d5golEps,anti_homophones
30961,1,0,0,6,3,-6.089054115949502,6.089054115949502,kaveR@,anti_homophones
30962,1,0,0,8,4,-6.265823243490683,6.265823243490683,fymeRize,anti_homophones
30963,1,0,0,5,3,-6.59897655598818,6.59897655598818,akomo,anti_homophones
30964,1,2,0,6,2,-6.311056769115704,6.311056769115704,pERdEl,anti_homophones
30965,1,1,0,5,2,-6.11144881492235,6.11144881492235,aktal,anti_homophones
30966,1,4,0,5,2,-5.632622791501709,5.632622791501709,s@sj5,anti_homophones
30967,1,0,0,8,4,-8.467983826518106,8.467983826518106,v@dokyR@,anti_homophones
30968,1,0,0,7,3,-7.85684124826752,7.85684124826752,R2pRele,anti_homophones
30969,1,0,0,7,4,-7.9882191026660605,7.9882191026660605,ep§tije,anti_homophones
30970,1,3,0,5,2,-6.56953580131342,6.56953580131342,foRiR,anti_homophones
30971,1,4,0,6,2,-5.004716409717002,5.004716409717002,kORniR,anti_homophones
30972,1,0,0,5,2,-6.038649876667399,6.038649876667399,n5bol,anti_homophones
30973,1,0,0,8,3,-8.802005740920581,8.802005740920581,§glenEbR,anti_homophones
30974,1,0,0,7,4,-7.544795957751991,7.544795957751991,5vetyne,anti_homophones
30975,1,0,0,7,2,-7.056725269255299,7.056725269255299,spitERn,anti_homophones
30976,1,11,0,5,2,-4.9948047932304815,4.9948047932304815,pan9R,anti_homophones
30977,1,0,0,9,3,-8.007463384319633,8.007463384319633,fRagwanje,anti_homophones
30978,1,10,0,5,2,-4.811641658948924,4.811641658948924,bav9R,anti_homophones
30979,1,0,0,7,3,-9.135142028940312,9.135142028940312,depodj§,anti_homophones
30980,1,0,0,8,3,-9.65206394983929,9.65206394983929,@fEkstEk,anti_homophones
30981,1,6,1,7,3,-4.995918314120605,4.995918314120605,R°tasj§,anti_homophones
30982,1,0,0,6,3,-7.213333367671378,7.213333367671378,oRamEn,anti_homophones
30983,1,0,0,8,3,-6.390268500261152,6.390268500261152,pn2mokEt,anti_homophones
30984,1,0,0,9,4,-8.437945670641335,8.437945670641335,utR°batER,anti_homophones
30985,1,0,0,10,4,-8.080551055110096,8.080551055110096,gzenominal,anti_homophones
30986,1,4,0,5,2,-5.782329633603362,5.782329633603362,pinEl,anti_homophones
30987,1,0,0,8,4,-6.626836874936607,6.626836874936607,kypeRize,anti_homophones
30988,1,0,0,7,3,-7.087712768115536,7.087712768115536,R§bisj§,anti_homophones
30989,1,3,0,7,4,-5.464651560702855,5.464651560702855,evis°m@,anti_homophones
30990,1,0,0,9,4,-9.087967357221151,9.087967357221151,pastiloER,anti_homophones
30991,1,0,0,7,3,-6.907450678150954,6.907450678150954,ekolatR,anti_homophones
30992,1,0,0,7,3,-6.680499747189227,6.680499747189227,n2Razik,anti_homophones
30993,1,0,0,8,3,-8.432592787301658,8.432592787301658,setin8aZ,anti_homophones
30994,1,0,0,7,3,-8.643516935365373,8.643516935365373,delefOk,anti_homophones
30995,1,3,0,6,2,-6.657715856312398,6.657715856312398,ipERtS,anti_homophones
30996,1,0,0,11,4,-12.927722922213537,12.927722922213537,kymbEstjan§,anti_homophones
30997,1,2,0,5,3,-5.5430345961902585,5.5430345961902585,@f@t5,anti_homophones
30998,1,0,0,11,4,-10.803999660962884,10.803999660962884,k§plebitRim,anti_homophones
30999,1,0,0,5,3,-6.195208601785082,6.195208601785082,om°l§,anti_homophones
31000,1,10,0,5,2,-5.162499919283441,5.162499919283441,pRoli,anti_homophones
31001,1,5,0,4,2,-5.743769474865051,5.743769474865051,ublo,anti_homophones
31002,1,2,0,6,2,-6.889950645728741,6.889950645728741,epostR,anti_homophones
31003,1,0,0,7,3,-6.2910409032208525,6.2910409032208525,askyt9R,anti_homophones
31004,1,0,0,9,4,-10.191566657051466,10.191566657051466,5pRofObis,anti_homophones
31005,1,0,0,9,3,-7.332809723227063,7.332809723227063,kadRwad9R,anti_homophones
31006,1,1,0,6,3,-6.960996795625488,6.960996795625488,egRip@,anti_homophones
31007,1,0,0,7,3,-8.753248717585427,8.753248717585427,tymyRid,anti_homophones
31008,1,0,0,6,3,-5.360403837339413,5.360403837339413,Zeotik,anti_homophones
31009,1,4,0,5,2,-5.484825952279886,5.484825952279886,f°lyR,anti_homophones
31010,1,1,0,5,2,-5.470912476932451,5.470912476932451,ekupl,anti_homophones
31011,1,0,0,8,3,-7.629912724929592,7.629912724929592,dER°mizm,anti_homophones
31012,1,0,0,6,2,-6.327497917253575,6.327497917253575,bwibwa,anti_homophones
31013,1,11,0,4,2,-5.099066055387178,5.099066055387178,@dik,anti_homophones
31014,1,5,0,4,2,-5.1846986165761875,5.1846986165761875,enEZ,anti_homophones
31015,1,0,0,8,4,-8.102043220144154,8.102043220144154,ekinap9R,anti_homophones
31016,1,11,0,4,2,-5.071013284714615,5.071013284714615,vige,anti_homophones
31017,1,0,0,10,4,-8.03181032885831,8.03181032885831,efRenalist,anti_homophones
31018,1,0,0,8,3,-5.941771042848852,5.941771042848852,k§fORtik,anti_homophones
31019,1,0,0,8,3,-6.639110107365087,6.639110107365087,nybilist,anti_homophones
31020,1,9,0,5,2,-5.821380396261951,5.821380396261951,panas,anti_homophones
31021,1,1,0,9,3,-6.032060638487073,6.032060638487073,pn2matizm,anti_homophones
31022,1,7,0,7,3,-4.948140764743651,4.948140764743651,bwaz°m@,anti_homophones
31023,1,8,1,5,2,-4.299420364362224,4.299420364362224,psiko,anti_homophones
31024,1,2,0,5,2,-6.1958258188209445,6.1958258188209445,nugas,anti_homophones
31025,1,8,0,4,2,-5.491834629893389,5.491834629893389,avil,anti_homophones
31026,1,0,0,7,3,-7.586595653075404,7.586595653075404,gaZyske,anti_homophones
31027,1,0,0,8,4,-12.13158416552053,12.13158416552053,sykyRygE,anti_homophones
31028,1,1,0,9,4,-6.2896635955464415,6.2896635955464415,pekyzat9R,anti_homophones
31029,1,0,0,6,2,-6.49063423253184,6.49063423253184,klaRZ@,anti_homophones
31030,1,1,1,8,3,-5.260803589471115,5.260803589471115,n8izasj§,anti_homophones
31031,1,0,0,7,3,-6.4477911436608615,6.4477911436608615,poligaR,anti_homophones
31032,1,0,0,10,4,-8.721924850231584,8.721924850231584,pRydikalis,anti_homophones
31033,1,0,0,9,4,-8.278581866457142,8.278581866457142,R°komonja,anti_homophones
31034,1,0,0,11,4,-8.59588999154864,8.59588999154864,veR@spORtit,anti_homophones
31035,1,1,0,4,2,-4.9585256779946,4.9585256779946,am5s,anti_homophones
31036,1,0,0,9,4,-10.94161031426676,10.94161031426676,lapaditEn,anti_homophones
31037,1,0,0,9,4,-8.160670151663588,8.160670151663588,R°kylatiR,anti_homophones
31038,1,0,0,8,3,-8.127248078838884,8.127248078838884,t@sjeRal,anti_homophones
31039,1,12,0,4,2,-5.604928768808973,5.604928768808973,som@,anti_homophones
31040,1,0,0,8,3,-6.249414137485321,6.249414137485321,bR@SiRyR,anti_homophones
31041,1,0,0,9,4,-11.299232580886427,11.299232580886427,nytRizOid,anti_homophones
31042,1,9,0,6,2,-4.418594964223432,4.418594964223432,pRolOg,anti_homophones
31043,1,3,0,6,3,-5.443232700097663,5.443232700097663,sut°le,anti_homophones
31044,1,3,0,7,2,-6.05492790827971,6.05492790827971,skwasj§,anti_homophones
31045,1,6,0,7,4,-6.073037173951725,6.073037173951725,utik°m@,anti_homophones
31046,1,0,0,7,3,-5.411745812679702,5.411745812679702,kaz8ite,anti_homophones
31047,1,0,0,9,4,-8.399051521583905,8.399051521583905,fibREjaZe,anti_homophones
31048,1,1,0,8,4,-5.358218279852264,5.358218279852264,pasiv°m@,anti_homophones
31049,1,0,0,8,4,-9.162449573420533,9.162449573420533,makut°l5,anti_homophones
31050,1,0,0,6,3,-8.125450941189825,8.125450941189825,s5doze,anti_homophones
31051,1,0,0,8,4,-7.936185178365906,7.936185178365906,S°vijon@,anti_homophones
31052,1,0,0,11,4,-8.213417474187102,8.213417474187102,R@bwajalizm,anti_homophones
31053,1,4,0,5,2,-6.626040800474774,6.626040800474774,k§fj§,anti_homophones
31054,1,2,0,5,3,-6.3596197216299934,6.3596197216299934,onose,anti_homophones
31055,1,2,0,5,2,-6.795376610919253,6.795376610919253,g2zEt,anti_homophones
31056,1,3,0,6,3,-6.482993679319665,6.482993679319665,imoRat,anti_homophones
31057,1,1,0,6,3,-6.852046878482583,6.852046878482583,myRiz§,anti_homophones
31058,1,0,0,7,4,-7.046639678061309,7.046639678061309,an§s@te,anti_homophones
31059,1,4,0,5,2,-4.959451121980804,4.959451121980804,demaj,anti_homophones
31060,1,0,0,10,4,-9.8569337892677,9.8569337892677,SavisiplOk,anti_homophones
31061,1,11,0,4,2,-5.235140673223023,5.235140673223023,tEz§,anti_homophones
31062,1,1,0,7,3,-6.7883717741434415,6.7883717741434415,let@d9R,anti_homophones
31063,1,0,0,8,4,-7.023215691161497,7.023215691161497,5volatik,anti_homophones
31064,1,0,0,8,4,-7.690714751415009,7.690714751415009,defOlize,anti_homophones
31065,1,0,0,6,3,-7.849531540877602,7.849531540877602,laS°ny,anti_homophones
31066,1,0,0,9,4,-9.39195676530073,9.39195676530073,pjafalse@,anti_homophones
31067,1,3,0,6,3,-6.144879002099079,6.144879002099079,denoRe,anti_homophones
31068,1,0,0,9,3,-8.925621849222807,8.925621849222807,miljalEkt,anti_homophones
31069,1,3,0,6,2,-6.192843401149093,6.192843401149093,epistR,anti_homophones
31070,1,4,0,6,2,-5.497904281708864,5.497904281708864,pOlist,anti_homophones
31071,1,6,0,6,2,-5.387146729409388,5.387146729409388,pRolik,anti_homophones
31072,1,0,0,8,3,-9.003249493830502,9.003249493830502,tigaRitm,anti_homophones
31073,1,0,0,8,4,-7.809070471068641,7.809070471068641,emERkOik,anti_homophones
31074,1,0,0,8,4,-8.079778844021027,8.079778844021027,sedetane,anti_homophones
31075,1,0,0,7,4,-7.629169771438719,7.629169771438719,oReliZe,anti_homophones
31076,1,0,0,9,4,-8.569297138577157,8.569297138577157,navaSitif,anti_homophones
31077,1,0,0,5,2,-6.942709889990686,6.942709889990686,@gRan,anti_homophones
31078,1,0,0,9,3,-8.178457350843392,8.178457350843392,malm5sist,anti_homophones
31079,1,28,1,4,2,-4.196911222242027,4.196911222242027,p@te,anti_homophones
31080,1,0,0,7,3,-7.608063631077064,7.608063631077064,R°t°l9R,anti_homophones
31081,1,1,0,7,3,-6.38516469629719,6.38516469629719,paRatis,anti_homophones
31082,1,0,0,6,2,-6.7833164862428506,6.7833164862428506,ORtl@t,anti_homophones
31083,1,0,0,7,4,-11.18735498203532,11.18735498203532,baoRala,anti_homophones
31084,1,5,0,6,3,-5.310742892163248,5.310742892163248,S@p°m@,anti_homophones
31085,1,0,0,6,2,-8.571483813473675,8.571483813473675,evylkR,anti_homophones
31086,1,1,0,6,3,-6.777988128168181,6.777988128168181,deReni,anti_homophones
31087,1,0,0,8,4,-9.100805508746399,9.100805508746399,apabist5,anti_homophones
31088,1,0,0,9,4,-7.765320081757396,7.765320081757396,Re5vEstoz,anti_homophones
31089,1,1,0,7,3,-6.376003672401456,6.376003672401456,fRikate,anti_homophones
31090,1,1,0,6,4,-5.0858155203060615,5.0858155203060615,aeRone,anti_homophones
31091,1,1,0,7,4,-6.4974102774407685,6.4974102774407685,@SEt°m@,anti_homophones
31092,1,16,0,4,2,-4.386286990899137,4.386286990899137,ORte,anti_homophones
31093,1,0,0,7,3,-9.658889804153747,9.658889804153747,agnom@S,anti_homophones
31094,1,1,0,8,4,-7.396610401438905,7.396610401438905,molOk°m@,anti_homophones
31095,1,0,0,8,3,-5.528505798275627,5.528505798275627,psikl°m@,anti_homophones
31096,1,4,0,5,2,-5.725409301876371,5.725409301876371,k@tit,anti_homophones
31097,1,0,0,8,3,-7.720042166643221,7.720042166643221,kRistuf@,anti_homophones
31098,1,0,0,7,3,-6.811805739759564,6.811805739759564,ekRofOb,anti_homophones
31099,1,0,0,9,4,-8.115158928665247,8.115158928665247,R2pavonER,anti_homophones
31100,1,1,0,5,2,-5.874381321883616,5.874381321883616,vagon,anti_homophones
31101,1,3,0,6,3,-5.037373400483991,5.037373400483991,idRone,anti_homophones
31102,1,0,0,11,4,-7.015025337546871,7.015025337546871,sygZEst@sje,anti_homophones
31103,1,0,0,8,3,-8.03365184508698,8.03365184508698,p@dOksin,anti_homophones
31104,1,2,0,6,2,-5.593556531237227,5.593556531237227,kRoSiR,anti_homophones
31105,1,0,0,9,4,-8.4051819210961,8.4051819210961,bR§konoRe,anti_homophones
31106,1,3,0,6,3,-5.678501162915088,5.678501162915088,bayt9R,anti_homophones
31107,1,1,0,5,2,-5.218644814330421,5.218644814330421,pedOk,anti_homophones
31108,1,2,0,5,2,-5.152750562798512,5.152750562798512,fuRb2,anti_homophones
31109,1,0,0,10,4,-8.000192941358048,8.000192941358048,bRymiNasj§,anti_homophones
31110,1,0,0,8,4,-7.775123303448157,7.775123303448157,5vERZ°R§,anti_homophones
31111,1,0,0,9,3,-7.86291880033169,7.86291880033169,tRigoljER,anti_homophones
31112,1,0,0,6,3,-7.157368843137846,7.157368843137846,b2zon@,anti_homophones
31113,1,0,0,7,2,-6.387543039668035,6.387543039668035,gRanjak,anti_homophones
31114,1,0,0,8,3,-7.985831123113477,7.985831123113477,dobystyd,anti_homophones
31115,1,0,0,6,2,-5.575225212452115,5.575225212452115,pl@S9R,anti_homophones
31116,1,0,0,7,3,-7.4972699634282325,7.4972699634282325,tORetER,anti_homophones
31117,1,4,0,5,2,-5.928042884388425,5.928042884388425,ZakEn,anti_homophones
31118,1,1,0,5,2,-6.254736810805196,6.254736810805196,ebRad,anti_homophones
31119,1,0,0,8,3,-7.069696285657711,7.069696285657711,sypREspE,anti_homophones
31120,1,0,0,10,4,-9.045953515077178,9.045953515077178,venediskEt,anti_homophones
31121,1,3,0,4,2,-4.982002660497839,4.982002660497839,Rusa,anti_homophones
31122,1,3,1,5,2,-5.22385743501419,5.22385743501419,dujaZ,anti_homophones
31123,1,14,0,4,2,-4.898566133288009,4.898566133288009,vipe,anti_homophones
31124,1,1,0,7,3,-7.361415133929119,7.361415133929119,fatakle,anti_homophones
31125,1,21,0,4,2,-5.032424823167754,5.032424823167754,gal@,anti_homophones
31126,1,3,0,5,3,-6.018992625962767,6.018992625962767,mine5,anti_homophones
31127,1,0,0,9,4,-7.747704367022481,7.747704367022481,al°batizm,anti_homophones
31128,1,0,0,8,3,-7.029987586836407,7.029987586836407,5kRetRik,anti_homophones
31129,1,0,0,8,4,-9.313699799198856,9.313699799198856,efRetER5,anti_homophones
31130,1,0,0,11,4,-9.229534596167047,9.229534596167047,altEstRykmy,anti_homophones
31131,1,9,0,4,2,-5.752565402367119,5.752565402367119,sikE,anti_homophones
31132,1,2,0,7,3,-5.291802801120724,5.291802801120724,kRupije,anti_homophones
31133,1,0,0,9,4,-6.123953309161211,6.123953309161211,gijoloZik,anti_homophones
31134,1,0,0,7,3,-8.04873418548279,8.04873418548279,k§kEs@s,anti_homophones
31135,1,11,0,5,2,-4.788129396511173,4.788129396511173,sonje,anti_homophones
31136,1,0,0,6,3,-6.373112455280989,6.373112455280989,RipaEt,anti_homophones
31137,1,7,1,5,2,-5.00196293701369,5.00196293701369,malse,anti_homophones
31138,1,0,0,8,3,-8.232838804891056,8.232838804891056,bRylylyl,anti_homophones
31139,1,0,0,6,3,-5.909610904278458,5.909610904278458,alwete,anti_homophones
31140,1,2,0,5,2,-6.312653409412424,6.312653409412424,neviR,anti_homophones
31141,1,0,0,10,4,-9.140415474274157,9.140415474274157,EgzoskotEs,anti_homophones
31142,1,0,0,7,3,-7.9650684744700495,7.9650684744700495,malakyz,anti_homophones
31143,1,0,0,7,3,-5.553468761442281,5.553468761442281,k§vERZe,anti_homophones
31144,1,0,0,9,4,-7.469597743890793,7.469597743890793,k§diskyl@,anti_homophones
31145,1,2,0,8,3,-5.286801097153033,5.286801097153033,5tERnabl,anti_homophones
31146,1,0,0,6,2,-7.09231335454752,7.09231335454752,valvin,anti_homophones
31147,1,0,0,8,3,-7.178163130191152,7.178163130191152,jupiRabl,anti_homophones
31148,1,7,0,4,2,-4.684243404044001,4.684243404044001,deEn,anti_homophones
31149,1,0,0,8,3,-7.240922498795237,7.240922498795237,sk@dal9R,anti_homophones
31150,1,5,0,6,3,-5.680601440965424,5.680601440965424,dekoli,anti_homophones
31151,1,0,0,10,4,-8.096712997671412,8.096712997671412,tiRokRat9R,anti_homophones
31152,1,0,0,6,3,-6.850062883495807,6.850062883495807,bikEte,anti_homophones
31153,1,0,0,8,4,-7.4500530451638545,7.4500530451638545,denanize,anti_homophones
31154,1,0,0,8,4,-9.072700812076226,9.072700812076226,teRaZeRe,anti_homophones
31155,1,0,0,9,4,-10.074913617909075,10.074913617909075,fytas°maR,anti_homophones
31156,1,0,0,7,3,-7.5317719965231955,7.5317719965231955,R°lop@s,anti_homophones
31157,1,0,0,6,2,-6.724134972904628,6.724134972904628,p@plyR,anti_homophones
31158,1,0,0,10,4,-11.880578418971492,11.880578418971492,daktypef9R,anti_homophones
31159,1,0,0,8,3,-8.6072551845406,8.6072551845406,nefRizik,anti_homophones
31160,1,0,0,6,2,-6.416365069661504,6.416365069661504,buRg§d,anti_homophones
31161,1,3,0,6,3,-5.131652047092565,5.131652047092565,vaS°te,anti_homophones
31162,1,0,0,8,3,-8.13305592691077,8.13305592691077,tRakylmi,anti_homophones
31163,1,0,0,10,4,-7.704438836957494,7.704438836957494,migRafiSje,anti_homophones
31164,1,2,0,4,2,-7.261834273588948,7.261834273588948,odR§,anti_homophones
31165,1,0,0,8,4,-9.503643069803621,9.503643069803621,ytonivEt,anti_homophones
31166,1,0,0,11,3,-9.698536555534414,9.698536555534414,apstR8itjOl,anti_homophones
31167,1,1,0,7,3,-7.238376817551748,7.238376817551748,dekROke,anti_homophones
31168,1,3,0,6,3,-5.480212070575766,5.480212070575766,venyRe,anti_homophones
31169,1,0,0,10,3,-8.803363635510248,8.803363635510248,kRifiktabl,anti_homophones
31170,1,0,0,4,2,-5.852346370294649,5.852346370294649,idOS,anti_homophones
31171,1,0,0,9,4,-10.333633751888,10.333633751888,lem@tetyd,anti_homophones
31172,1,0,0,10,4,-10.542075541132759,10.542075541132759,konofibREt,anti_homophones
31173,1,0,0,8,4,-7.756844439076195,7.756844439076195,komyR°ti,anti_homophones
31174,1,1,0,5,2,-6.239651365325303,6.239651365325303,fikaj,anti_homophones
31175,1,0,0,9,4,-8.22389421120669,8.22389421120669,fOtoZwaNe,anti_homophones
31176,1,2,0,5,2,-6.289240475997094,6.289240475997094,d°mwa,anti_homophones
31177,1,0,0,10,4,-8.31515518717516,8.31515518717516,k§tRadomik,anti_homophones
31178,1,0,0,8,4,-5.782563122444184,5.782563122444184,abilitif,anti_homophones
31179,1,0,0,6,2,-5.48828680796607,5.48828680796607,dispad,anti_homophones
31180,1,1,0,7,3,-6.944879566953873,6.944879566953873,ReZifOR,anti_homophones
31181,1,0,0,9,4,-9.035047910359289,9.035047910359289,inodRolEt,anti_homophones
31182,1,1,0,7,3,-7.981971783860449,7.981971783860449,kaRtERE,anti_homophones
31183,1,0,0,7,2,-7.281285592385627,7.281285592385627,5spEkst,anti_homophones
31184,1,0,0,8,3,-7.270371819686333,7.270371819686333,sERt°laZ,anti_homophones
31185,1,0,0,11,4,-8.989540201108756,8.989540201108756,pRodaktilER,anti_homophones
31186,1,1,0,6,3,-6.1824103401601525,6.1824103401601525,gazulu,anti_homophones
31187,1,2,0,5,3,-6.232441228713468,6.232441228713468,am°se,anti_homophones
31188,1,0,0,10,4,-8.302615881494239,8.302615881494239,diskeRatik,anti_homophones
31189,1,0,0,10,4,-9.59448175467855,9.59448175467855,guRustityl,anti_homophones
31190,1,3,0,6,3,-5.546179382303569,5.546179382303569,sufly@,anti_homophones
31191,1,0,0,6,2,-6.732121851076122,6.732121851076122,dRopyl,anti_homophones
31192,1,2,0,7,4,-6.314868889199834,6.314868889199834,2Ral°m@,anti_homophones
31193,1,6,0,6,2,-4.8339975469355325,4.8339975469355325,pERsje,anti_homophones
31194,1,0,0,7,3,-6.888288028672668,6.888288028672668,selenj@,anti_homophones
31195,1,0,0,8,3,-6.631601431053838,6.631601431053838,sylfabyl,anti_homophones
31196,1,6,0,5,2,-5.191025899246849,5.191025899246849,k§baZ,anti_homophones
31197,1,0,0,6,3,-6.579129623978503,6.579129623978503,RigOte,anti_homophones
31198,1,0,0,7,3,-7.456968522408237,7.456968522408237,fymil@s,anti_homophones
31199,1,0,0,6,3,-6.221993757706335,6.221993757706335,s5gym@,anti_homophones
31200,1,4,0,6,3,-6.297350526745952,6.297350526745952,yltyRE,anti_homophones
31201,1,10,0,5,2,-5.0010860121636025,5.0010860121636025,degER,anti_homophones
31202,1,0,0,10,4,-7.937152081138974,7.937152081138974,@dikt8asj§,anti_homophones
31203,1,2,0,4,2,-5.265990058254785,5.265990058254785,f@f@,anti_homophones
31204,1,0,0,7,3,-8.136615327315013,8.136615327315013,ebeZ@dR,anti_homophones
31205,1,0,0,10,4,-10.11902023184536,10.11902023184536,dekORmitR§,anti_homophones
31206,1,5,0,5,2,-5.557283523341512,5.557283523341512,atRis,anti_homophones
31207,1,0,0,9,3,-8.53532405848401,8.53532405848401,tatwazizm,anti_homophones
31208,1,0,0,8,3,-5.643848468581908,5.643848468581908,RevERsj§,anti_homophones
31209,1,0,0,7,3,-6.6788880980497,6.6788880980497,pivwaze,anti_homophones
31210,1,1,0,7,3,-6.186667799482679,6.186667799482679,R°dit9R,anti_homophones
31211,1,0,0,6,3,-6.076571673219512,6.076571673219512,waz°Re,anti_homophones
31212,1,0,0,9,4,-7.049207143520479,7.049207143520479,n2RobotaZ,anti_homophones
31213,1,2,0,7,3,-5.748986398056889,5.748986398056889,femisj§,anti_homophones
31214,1,0,0,7,3,-7.815674147225813,7.815674147225813,ezolyst,anti_homophones
31215,1,0,0,10,4,-8.450361593299975,8.450361593299975,maZoletabl,anti_homophones
31216,1,5,0,5,2,-5.1327984198417616,5.1327984198417616,degEn,anti_homophones
31217,1,2,0,7,3,-7.9294128718760835,7.9294128718760835,5tERs8e,anti_homophones
31218,1,2,0,7,3,-6.5024481106309615,6.5024481106309615,gaREt9R,anti_homophones
31219,1,1,0,8,2,-6.899288664773196,6.899288664773196,pEktRist,anti_homophones
31220,1,0,0,8,3,-8.316642047810545,8.316642047810545,gRimovje,anti_homophones
31221,1,0,0,13,4,-10.49465392142199,10.49465392142199,pRefRwasosjOm,anti_homophones
31222,1,0,0,9,4,-9.799714483836524,9.799714483836524,mesakRado,anti_homophones
31223,1,0,0,8,3,-7.739677574215022,7.739677574215022,Ryptilit,anti_homophones
31224,1,0,0,11,4,-10.745441711705416,10.745441711705416,fotoRjanOsm,anti_homophones
31225,1,1,0,6,3,-6.007565653301694,6.007565653301694,epidas,anti_homophones
31226,1,12,0,5,2,-4.536988857780931,4.536988857780931,bwaje,anti_homophones
31227,1,0,0,7,3,-7.99548669442155,7.99548669442155,kiRjade,anti_homophones
31228,1,2,1,5,3,-5.246872100132783,5.246872100132783,ameRi,anti_homophones
31229,1,0,0,9,4,-9.08207832617228,9.08207832617228,maRkozada,anti_homophones
31230,1,0,0,7,3,-8.772480493819472,8.772480493819472,l5Z@tal,anti_homophones
31231,1,6,0,5,2,-5.216806431540828,5.216806431540828,seniR,anti_homophones
31232,1,4,0,5,2,-5.094479252305378,5.094479252305378,Sin9R,anti_homophones
31233,1,0,0,7,3,-7.511043265288268,7.511043265288268,lyl°tje,anti_homophones
31234,1,0,0,9,3,-10.266395022312942,10.266395022312942,kw5tyRkle,anti_homophones
31235,1,0,0,8,4,-8.455727038056205,8.455727038056205,feon5Zj5,anti_homophones
31236,1,6,0,6,2,-5.451453224110332,5.451453224110332,kaRtER,anti_homophones
31237,1,0,0,9,4,-7.648644289244263,7.648644289244263,afEkt@gaZ,anti_homophones
31238,1,1,0,6,2,-6.242024073563843,6.242024073563843,syRtuS,anti_homophones
31239,1,0,0,8,3,-8.604359798600793,8.604359798600793,n8inatik,anti_homophones
31240,1,5,0,6,2,-4.957966622843267,4.957966622843267,vitabl,anti_homophones
31241,1,1,0,6,3,-5.836943775062362,5.836943775062362,mal5ge,anti_homophones
31242,1,2,0,6,2,-5.815584396280325,5.815584396280325,k§sj@t,anti_homophones
31243,1,0,0,5,2,-7.276688024139167,7.276688024139167,R°kOn,anti_homophones
31244,1,10,0,3,2,-4.108588621033089,4.108588621033089,aZu,anti_homophones
31245,1,1,0,4,2,-4.629249268728266,4.629249268728266,bav2,anti_homophones
31246,1,1,0,7,4,-6.763647439011098,6.763647439011098,5vol§b5,anti_homophones
31247,1,1,0,6,3,-5.999482270519363,5.999482270519363,kaRudu,anti_homophones
31248,1,0,0,10,4,-7.072428203505101,7.072428203505101,metRian8El,anti_homophones
31249,1,0,0,8,4,-10.002669871857124,10.002669871857124,vidakale,anti_homophones
31250,1,4,0,5,2,-6.001922173775336,6.001922173775336,klati,anti_homophones
31251,1,0,0,7,4,-9.328313628752928,9.328313628752928,enamit2,anti_homophones
31252,1,1,0,8,3,-7.148995120159217,7.148995120159217,kORdizER,anti_homophones
31253,1,1,0,6,2,-6.133381050986228,6.133381050986228,nuRsj§,anti_homophones
31254,1,1,0,8,3,-5.3771239691321995,5.3771239691321995,R°s°vwaR,anti_homophones
31255,1,0,0,10,3,-8.321152414822942,8.321152414822942,balbatRist,anti_homophones
31256,1,6,0,6,2,-5.398021918855143,5.398021918855143,tetabl,anti_homophones
31257,1,0,0,8,4,-8.209997180643386,8.209997180643386,vezimite,anti_homophones
31258,1,0,0,7,3,-6.465516536308284,6.465516536308284,Rez@tEn,anti_homophones
31259,1,0,0,6,3,-7.335041226510357,7.335041226510357,veedyk,anti_homophones
31260,1,39,0,2,2,-4.605529872014668,4.605529872014668,aa,anti_homophones
31261,1,0,0,8,4,-6.740334508586149,6.740334508586149,ekwaz°Ri,anti_homophones
31262,1,0,0,10,4,-9.760777382948657,9.760777382948657,tEkteRjalE,anti_homophones
31263,1,1,0,5,2,-4.864760232120457,4.864760232120457,mEdzo,anti_homophones
31264,1,3,0,5,2,-5.890508005948913,5.890508005948913,am9bl,anti_homophones
31265,1,2,0,6,3,-7.551202583919215,7.551202583919215,ResoR@,anti_homophones
31266,1,0,0,9,4,-9.260233413164054,9.260233413164054,s5k@t°lER,anti_homophones
31267,1,2,0,6,2,-6.208971947888023,6.208971947888023,maltEs,anti_homophones
31268,1,1,0,6,2,-6.183545478813942,6.183545478813942,mEst82,anti_homophones
31269,1,0,0,7,3,-6.668899521741646,6.668899521741646,segRij§,anti_homophones
31270,1,3,0,5,2,-6.405302495586863,6.405302495586863,f@zin,anti_homophones
31271,1,4,0,8,4,-5.023206427209706,5.023206427209706,epitasj§,anti_homophones
31272,1,2,0,7,3,-6.985824717190912,6.985824717190912,feRoZEn,anti_homophones
31273,1,1,0,6,3,-6.042840032375122,6.042840032375122,pal@dE,anti_homophones
31274,1,12,0,4,2,-4.757835132365606,4.757835132365606,sapi,anti_homophones
31275,1,0,0,8,4,-6.1949513028892556,6.1949513028892556,bitalize,anti_homophones
31276,1,1,0,6,3,-6.34282099283935,6.34282099283935,aboROm,anti_homophones
31277,1,0,0,7,4,-7.98387350387822,7.98387350387822,imasil@,anti_homophones
31278,1,7,0,5,2,-5.02093367960392,5.02093367960392,@tRER,anti_homophones
31279,1,0,0,6,2,-5.865233912498799,5.865233912498799,bERlin,anti_homophones
31280,1,3,0,8,3,-6.317214454762127,6.317214454762127,dEstasj§,anti_homophones
31281,1,5,0,4,2,-5.07322808990021,5.07322808990021,mOd@,anti_homophones
31282,1,0,0,9,3,-7.60176982088742,7.60176982088742,tRemOnist,anti_homophones
31283,1,0,0,10,4,-10.302258041587887,10.302258041587887,stRiogRam@,anti_homophones
31284,1,4,0,5,2,-5.255255312174673,5.255255312174673,modyl,anti_homophones
31285,1,0,0,7,3,-6.799786128957894,6.799786128957894,b@tuzje,anti_homophones
31286,1,4,0,5,2,-4.746338741243146,4.746338741243146,tuRbe,anti_homophones
31287,1,1,0,5,2,-6.410752663204692,6.410752663204692,Romas,anti_homophones
31288,1,0,0,9,4,-8.65057742655761,8.65057742655761,5plENasj§,anti_homophones
31289,1,2,0,6,3,-6.129489989327731,6.129489989327731,akRute,anti_homophones
31290,1,8,0,5,3,-4.877468022179941,4.877468022179941,debai,anti_homophones
31291,1,0,0,8,3,-8.503505002588042,8.503505002588042,gRasORbE,anti_homophones
31292,1,0,0,8,4,-8.223861303941638,8.223861303941638,amaRagm@,anti_homophones
31293,1,2,1,5,2,-5.11050793214257,5.11050793214257,leZ@s,anti_homophones
31294,1,0,0,7,4,-7.064205948279858,7.064205948279858,asuv°nE,anti_homophones
31295,1,0,0,6,3,-7.509182068451923,7.509182068451923,5valip,anti_homophones
31296,1,1,0,5,3,-7.204589519191411,7.204589519191411,aloSy,anti_homophones
31297,1,0,0,7,2,-5.623943186503632,5.623943186503632,floRabl,anti_homophones
31298,1,2,0,7,3,-5.7460665108385856,5.7460665108385856,meliZ@s,anti_homophones
31299,1,0,0,8,3,-6.606700128632479,6.606700128632479,nobliZ@s,anti_homophones
31300,1,2,0,6,2,-5.8317026533253244,5.8317026533253244,viRZil,anti_homophones
31301,1,1,0,7,3,-6.113026806166697,6.113026806166697,kRul°Ri,anti_homophones
31302,1,0,0,8,3,-7.316515712771509,7.316515712771509,fORmyRja,anti_homophones
31303,1,0,0,6,3,-7.832334571280888,7.832334571280888,yRajal,anti_homophones
31304,1,9,0,4,2,-4.820573013562156,4.820573013562156,ReN@,anti_homophones
31305,1,2,0,6,2,-6.151759557851992,6.151759557851992,modEmn,anti_homophones
31306,1,0,0,6,3,-6.959288749161621,6.959288749161621,evalOn,anti_homophones
31307,1,5,0,5,2,-5.379490665491615,5.379490665491615,kORd§,anti_homophones
31308,1,0,0,9,4,-6.554308044770109,6.554308044770109,mitRik°m@,anti_homophones
31309,1,1,0,6,3,-5.849906901491339,5.849906901491339,avERs@,anti_homophones
31310,1,0,0,8,4,-8.1932261208498,8.1932261208498,Oksitala,anti_homophones
31311,1,0,0,9,4,-8.224053574670807,8.224053574670807,otokRilEn,anti_homophones
31312,1,12,0,4,2,-6.861463929350805,6.861463929350805,ekli,anti_homophones
31313,1,0,0,6,2,-6.913493715464016,6.913493715464016,byRnyR,anti_homophones
31314,1,2,0,5,3,-5.488123926832813,5.488123926832813,afuji,anti_homophones
31315,1,3,0,6,3,-5.82318538294236,5.82318538294236,benike,anti_homophones
31316,1,3,0,4,2,-6.285810698404353,6.285810698404353,ganE,anti_homophones
31317,1,0,0,6,3,-7.706273459352783,7.706273459352783,esoRiR,anti_homophones
31318,1,2,0,5,2,-5.35226256075937,5.35226256075937,Z5mik,anti_homophones
31319,1,1,0,6,3,-5.545312481179401,5.545312481179401,omosj§,anti_homophones
31320,1,0,0,6,3,-6.620328413739637,6.620328413739637,abRym5,anti_homophones
31321,1,6,0,6,3,-5.38324915167064,5.38324915167064,kaRiz@,anti_homophones
31322,1,0,0,6,3,-5.726063683558046,5.726063683558046,volyp5,anti_homophones
31323,1,1,0,5,2,-7.191594331345949,7.191594331345949,b§sER,anti_homophones
31324,1,13,0,4,2,-4.836648004380229,4.836648004380229,Sipe,anti_homophones
31325,1,7,0,4,2,-4.718661167430008,4.718661167430008,dev§,anti_homophones
31326,1,0,0,9,4,-8.899940795771066,8.899940795771066,etORjat9R,anti_homophones
31327,1,2,0,5,2,-5.164886902397714,5.164886902397714,kuRb2,anti_homophones
31328,1,0,0,7,3,-6.423744899601716,6.423744899601716,degatyR,anti_homophones
31329,1,0,0,9,4,-8.546132453249797,8.546132453249797,fERmonade,anti_homophones
31330,1,12,0,4,2,-4.99110306953733,4.99110306953733,dave,anti_homophones
31331,1,3,0,5,2,-5.571847290742186,5.571847290742186,kolEm,anti_homophones
31332,1,0,0,10,4,-9.235688627949326,9.235688627949326,kORpj§fal§,anti_homophones
31333,1,5,0,4,2,-4.785391331129255,4.785391331129255,l5Se,anti_homophones
31334,1,0,0,10,4,-10.662738483586272,10.662738483586272,s§bRibaRit,anti_homophones
31335,1,2,0,5,2,-5.181414835112989,5.181414835112989,adZEt,anti_homophones
31336,1,0,0,8,3,-6.446500535703106,6.446500535703106,gugutwaR,anti_homophones
31337,1,0,0,10,4,-6.593903320532861,6.593903320532861,komodykt9R,anti_homophones
31338,1,0,0,6,2,-6.58333250165651,6.58333250165651,glysif,anti_homophones
31339,1,7,0,4,2,-6.523703719227478,6.523703719227478,zon2,anti_homophones
31340,1,0,0,7,3,-6.379936207047468,6.379936207047468,R°sORb@,anti_homophones
31341,1,12,0,4,2,-4.9943793442914295,4.9943793442914295,aRsi,anti_homophones
31342,1,0,0,6,3,-6.733206369046087,6.733206369046087,Z@Zin2,anti_homophones
31343,1,0,0,9,4,-7.515252582003895,7.515252582003895,s°sikl°m@,anti_homophones
31344,1,0,0,7,3,-5.554212252147134,5.554212252147134,dev°lOt,anti_homophones
31345,1,4,0,5,2,-5.176649044332157,5.176649044332157,Ost9R,anti_homophones
31346,1,1,0,7,3,-6.4682204481943355,6.4682204481943355,kateist,anti_homophones
31347,1,2,0,6,2,-6.136976472356471,6.136976472356471,maskaZ,anti_homophones
31348,1,4,0,6,2,-4.900601692567815,4.900601692567815,pozist,anti_homophones
31349,1,0,0,8,3,-7.020739200026091,7.020739200026091,kOksin8e,anti_homophones
31350,1,1,0,7,3,-7.7421815655551525,7.7421815655551525,debitab,anti_homophones
31351,1,1,0,8,3,-7.404678146319223,7.404678146319223,@fRomEtR,anti_homophones
31352,1,0,0,9,3,-7.46187111545743,7.46187111545743,maSintS9p,anti_homophones
31353,1,7,0,4,2,-5.042717831067547,5.042717831067547,fuEt,anti_homophones
31354,1,2,0,5,3,-6.296098528519426,6.296098528519426,denua,anti_homophones
31355,1,0,0,10,4,-9.037128041912757,9.037128041912757,Repopolizm,anti_homophones
31356,1,0,0,7,3,-6.965707783195429,6.965707783195429,Zakyzj§,anti_homophones
31357,1,0,0,8,4,-7.586997209399057,7.586997209399057,mobinape,anti_homophones
31358,1,0,0,6,2,-5.615166077804883,5.615166077804883,flaSaZ,anti_homophones
31359,1,8,0,5,2,-4.668530050431345,4.668530050431345,5tERm,anti_homophones
31360,1,3,0,5,2,-5.277975453058977,5.277975453058977,disk5,anti_homophones
31361,1,0,0,7,3,-8.59738746423836,8.59738746423836,pipozik,anti_homophones
31362,1,0,0,8,4,-6.1990074735928005,6.1990074735928005,naviR°m@,anti_homophones
31363,1,0,0,6,3,-6.713935707703379,6.713935707703379,ineRaj,anti_homophones
31364,1,0,0,7,3,-6.785067299176612,6.785067299176612,kajutiG,anti_homophones
31365,1,8,0,6,2,-4.705052754213759,4.705052754213759,talizm,anti_homophones
31366,1,4,0,4,2,-4.8837091705401505,4.8837091705401505,Enje,anti_homophones
31367,1,0,0,8,3,-6.503883104515968,6.503883104515968,pRopORSe,anti_homophones
31368,1,0,0,8,3,-8.36334258243649,8.36334258243649,spRe@tik,anti_homophones
31369,1,0,0,8,4,-8.400870657173774,8.400870657173774,in§bRati,anti_homophones
31370,1,0,0,8,4,-7.000078227983456,7.000078227983456,des@syR@,anti_homophones
31371,1,2,0,5,2,-5.9101322789277075,5.9101322789277075,gRom@,anti_homophones
31372,1,1,0,8,3,-6.173863959809889,6.173863959809889,pERmitik,anti_homophones
31373,1,0,0,8,4,-7.774156196269037,7.774156196269037,@baRinEt,anti_homophones
31374,1,0,0,7,3,-8.674969104038464,8.674969104038464,dalitR2,anti_homophones
31375,1,0,0,6,3,-6.648841837231684,6.648841837231684,fam°l2,anti_homophones
31376,1,7,0,5,2,-5.419257635965491,5.419257635965491,skam@,anti_homophones
31377,1,3,0,5,2,-5.905782258038421,5.905782258038421,makon,anti_homophones
31378,1,1,0,6,2,-7.790649381688416,7.790649381688416,§gl@dR,anti_homophones
31379,1,2,0,5,2,-6.02037327905289,6.02037327905289,vaks@,anti_homophones
31380,1,0,0,13,4,-11.747740986705681,11.747740986705681,pREstatRistil,anti_homophones
31381,1,0,0,9,4,-7.424859852651684,7.424859852651684,Etnaminik,anti_homophones
31382,1,19,0,3,2,-4.973328336858301,4.973328336858301,ely,anti_homophones
31383,1,3,0,5,2,-6.18024130995719,6.18024130995719,SalaR,anti_homophones
31384,1,0,0,8,3,-5.894026602162341,5.894026602162341,baskylER,anti_homophones
31385,1,14,0,5,2,-4.998195046952437,4.998195046952437,kataR,anti_homophones
31386,1,0,0,11,4,-8.215233115578116,8.215233115578116,b@kjeteRjOm,anti_homophones
31387,1,0,0,7,3,-6.94753380570213,6.94753380570213,kamidaZ,anti_homophones
31388,1,0,0,9,4,-10.04530902701358,10.04530902701358,sitalasma,anti_homophones
31389,1,1,0,6,3,-7.891583835041697,7.891583835041697,f9j°Ro,anti_homophones
31390,1,1,0,7,3,-7.600907867513056,7.600907867513056,k§kinOk,anti_homophones
31391,1,1,0,7,3,-6.578739401256685,6.578739401256685,ekORnuj,anti_homophones
31392,1,0,0,10,4,-8.855471094343384,8.855471094343384,logRafabEl,anti_homophones
31393,1,0,0,6,2,-5.528423102368386,5.528423102368386,k§pund,anti_homophones
31394,1,0,0,8,4,-8.14887088781942,8.14887088781942,ef§sekEs,anti_homophones
31395,1,1,0,5,2,-5.70313489110365,5.70313489110365,lavEt,anti_homophones
31396,1,0,0,9,3,-8.641434514274227,8.641434514274227,EksplesyR,anti_homophones
31397,1,2,0,6,2,-5.843261473730352,5.843261473730352,buRsje,anti_homophones
31398,1,0,0,8,4,-7.193825349251831,7.193825349251831,epysk°m@,anti_homophones
31399,1,8,1,5,2,-4.985037343135571,4.985037343135571,diz9R,anti_homophones
31400,1,0,1,8,4,-6.297840536390677,6.297840536390677,5tERREN@,anti_homophones
31401,1,2,0,7,3,-5.882047943820324,5.882047943820324,sakRipe,anti_homophones
31402,1,0,0,9,3,-6.91057912237316,6.91057912237316,maRkylt9R,anti_homophones
31403,1,15,0,4,2,-4.961679331308763,4.961679331308763,SaR§,anti_homophones
31404,1,0,0,8,3,-7.842456881546214,7.842456881546214,R°pRetRa,anti_homophones
31405,1,0,0,7,3,-8.654142358542998,8.654142358542998,emolikt,anti_homophones
31406,1,3,0,6,3,-5.3981976636792846,5.3981976636792846,aRbuje,anti_homophones
31407,1,0,0,5,2,-6.40773832881871,6.40773832881871,b5tim,anti_homophones
31408,1,5,0,4,2,-4.915768779486136,4.915768779486136,sOfi,anti_homophones
31409,1,0,0,6,3,-7.144477703235753,7.144477703235753,aRabam,anti_homophones
31410,1,2,0,5,2,-5.768691408186015,5.768691408186015,byfal,anti_homophones
31411,1,7,0,6,3,-4.487096812053037,4.487096812053037,figyRe,anti_homophones
31412,1,0,0,8,4,-8.42932408889623,8.42932408889623,kaRdoze2,anti_homophones
31413,1,0,0,7,3,-6.939485703306,6.939485703306,klimuz5,anti_homophones
31414,1,1,0,6,2,-5.853042046960305,5.853042046960305,nuRism,anti_homophones
31415,1,0,0,8,2,-6.887577465068023,6.887577465068023,tORdjabl,anti_homophones
31416,1,1,0,5,2,-6.310488598016866,6.310488598016866,vigOs,anti_homophones
31417,1,0,0,7,3,-7.469341963997207,7.469341963997207,OktyRl@,anti_homophones
31418,1,0,0,8,4,-9.41437199170291,9.41437199170291,av@dokRa,anti_homophones
31419,1,0,0,11,4,-10.843074193921092,10.843074193921092,tRakEstol8e,anti_homophones
31420,1,7,0,4,2,-5.9061119203032435,5.9061119203032435,aktE,anti_homophones
31421,1,9,0,5,2,-5.2913299520467225,5.2913299520467225,panat,anti_homophones
31422,1,0,0,5,3,-5.920752210441272,5.920752210441272,5tolo,anti_homophones
31423,1,0,0,7,3,-7.058616906809956,7.058616906809956,k§kReme,anti_homophones
31424,1,1,0,7,3,-7.235288474418343,7.235288474418343,bitERmi,anti_homophones
31425,1,1,0,9,4,-7.821958630635473,7.821958630635473,pResifite,anti_homophones
31426,1,4,0,6,2,-5.672861632613985,5.672861632613985,kRetin,anti_homophones
31427,1,1,0,9,4,-7.882424574242715,7.882424574242715,Radinasj2,anti_homophones
31428,1,3,0,6,2,-5.159091516081477,5.159091516081477,kaRpEt,anti_homophones
31429,1,0,0,11,4,-9.972017033826468,9.972017033826468,gR°ladjosEt,anti_homophones
31430,1,9,0,5,2,-5.092561185322741,5.092561185322741,kalik,anti_homophones
31431,1,4,0,6,3,-5.698871694164829,5.698871694164829,efRije,anti_homophones
31432,1,0,0,6,2,-5.639316860901262,5.639316860901262,pw5tim,anti_homophones
31433,1,0,0,7,3,-7.330630440366021,7.330630440366021,adiploz,anti_homophones
31434,1,16,0,3,2,-4.637945714566716,4.637945714566716,se@,anti_homophones
31435,1,11,0,4,2,-5.54963170832615,5.54963170832615,R@ti,anti_homophones
31436,1,0,0,7,3,-5.890337319192701,5.890337319192701,depot9R,anti_homophones
31437,1,0,0,10,4,-8.581056907806182,8.581056907806182,ZeZEksasj§,anti_homophones
31438,1,0,0,11,4,-13.150071252986178,13.150071252986178,RevatRogRER,anti_homophones
31439,1,0,0,6,3,-6.569097440686292,6.569097440686292,l@gini,anti_homophones
31440,1,0,0,6,2,-7.106253542928583,7.106253542928583,nORv@S,anti_homophones
31441,1,0,0,9,4,-8.104541442410088,8.104541442410088,filEptim@,anti_homophones
31442,1,0,0,9,4,-9.186617187525712,9.186617187525712,ZovERtije,anti_homophones
31443,1,11,0,4,2,-4.720779800788348,4.720779800788348,k§fe,anti_homophones
31444,1,0,0,10,4,-10.687285906509999,10.687285906509999,madRifaSiR,anti_homophones
31445,1,0,0,11,4,-6.934375242527446,6.934375242527446,pRedyktysj§,anti_homophones
31446,1,0,0,6,2,-8.894758237694989,8.894758237694989,slips@,anti_homophones
31447,1,9,0,7,3,-4.5686362993255605,4.5686362993255605,kaRt°m@,anti_homophones
31448,1,21,0,4,2,-4.5760850474623584,4.5760850474623584,sene,anti_homophones
31449,1,4,0,5,2,-4.667826645918233,4.667826645918233,lynER,anti_homophones
31450,1,1,0,4,2,-6.328602970635892,6.328602970635892,sipy,anti_homophones
31451,1,4,0,5,2,-5.108812934333183,5.108812934333183,p°l9R,anti_homophones
31452,1,5,0,5,3,-5.238412098871023,5.238412098871023,emaje,anti_homophones
31453,1,0,0,8,4,-5.542292284295897,5.542292284295897,baS2z°m@,anti_homophones
31454,1,0,0,11,4,-8.471604756166373,8.471604756166373,aRSipSitizm,anti_homophones
31455,1,5,0,7,3,-5.797619266200278,5.797619266200278,tREd°m@,anti_homophones
31456,1,1,0,5,2,-6.891494148513652,6.891494148513652,OsitR,anti_homophones
31457,1,0,0,8,4,-6.807699575881913,6.807699575881913,dek§paR@,anti_homophones
31458,1,0,0,9,4,-7.94149927030239,7.94149927030239,malalonje,anti_homophones
31459,1,1,0,7,3,-6.770931563070762,6.770931563070762,EstRoSe,anti_homophones
31460,1,3,0,9,4,-5.767174090654313,5.767174090654313,levizasj§,anti_homophones
31461,1,12,0,5,2,-5.7673138949483596,5.7673138949483596,kaRaR,anti_homophones
31462,1,2,0,7,3,-7.910559934084054,7.910559934084054,fyzyREl,anti_homophones
31463,1,2,0,6,2,-5.180524316200687,5.180524316200687,fuRnEl,anti_homophones
31464,1,0,0,9,4,-8.694539074584965,8.694539074584965,smatOZene,anti_homophones
31465,1,0,0,6,2,-6.454705993722515,6.454705993722515,fRikOp,anti_homophones
31466,1,0,0,8,3,-6.113505439157756,6.113505439157756,tEknis9R,anti_homophones
31467,1,0,0,12,3,-7.835902683863967,7.835902683863967,telEksplwabl,anti_homophones
31468,1,0,0,7,3,-6.788278719231287,6.788278719231287,moRisaZ,anti_homophones
31469,1,0,0,8,3,-7.451296726572054,7.451296726572054,kiRjalit,anti_homophones
31470,1,1,0,4,2,-6.981839926240712,6.981839926240712,paib,anti_homophones
31471,1,2,0,7,3,-6.8043348597029665,6.8043348597029665,tamitik,anti_homophones
31472,1,0,0,7,3,-8.421689598992268,8.421689598992268,posetij,anti_homophones
31473,1,0,0,7,3,-5.32650009329784,5.32650009329784,klozite,anti_homophones
31474,1,0,0,7,4,-6.146805378725561,6.146805378725561,bene@te,anti_homophones
31475,1,0,0,8,3,-6.4396958235250406,6.4396958235250406,ZaluRdin,anti_homophones
31476,1,12,0,3,2,-4.816624759470702,4.816624759470702,opo,anti_homophones
31477,1,0,0,8,3,-8.1214092737132,8.1214092737132,patSisto,anti_homophones
31478,1,6,1,5,2,-4.501194695985873,4.501194695985873,bujaZ,anti_homophones
31479,1,0,0,8,4,-7.036361655674194,7.036361655674194,takelite,anti_homophones
31480,1,14,0,4,2,-4.768702171348965,4.768702171348965,sit@,anti_homophones
31481,1,8,0,4,2,-5.268633025293162,5.268633025293162,@pRi,anti_homophones
31482,1,0,0,10,4,-10.948615058927095,10.948615058927095,pERtebeliR,anti_homophones
31483,1,2,0,8,3,-6.111032889436666,6.111032889436666,slokasj§,anti_homophones
31484,1,0,0,10,4,-6.1486760380454,6.1486760380454,buRZwaz°Ri,anti_homophones
31485,1,1,0,8,3,-6.242318150098341,6.242318150098341,s85t@sje,anti_homophones
31486,1,0,0,7,3,-7.168871455644472,7.168871455644472,syRk5te,anti_homophones
31487,1,2,0,7,3,-5.513922873841566,5.513922873841566,patisj§,anti_homophones
31488,1,3,0,5,2,-5.159836804679081,5.159836804679081,R°tRe,anti_homophones
31489,1,0,0,7,3,-7.802446660445041,7.802446660445041,agRoSim,anti_homophones
31490,1,1,0,6,3,-6.200669252896735,6.200669252896735,abRaZe,anti_homophones
31491,1,0,0,9,4,-9.363587524354338,9.363587524354338,Rakabijak,anti_homophones
31492,1,0,0,12,4,-10.059277600058598,10.059277600058598,mefEkstRak9R,anti_homophones
31493,1,0,0,7,2,-7.523716102104862,7.523716102104862,syRpRos,anti_homophones
31494,1,1,0,8,4,-6.231925144061562,6.231925144061562,botiv°m@,anti_homophones
31495,1,1,0,6,3,-6.288903835009451,6.288903835009451,pyRis@,anti_homophones
31496,1,1,0,7,3,-7.901777561164188,7.901777561164188,k2taRja,anti_homophones
31497,1,0,0,9,4,-7.858782409691048,7.858782409691048,maRganaje,anti_homophones
31498,1,2,0,6,3,-7.064091390799264,7.064091390799264,faRakE,anti_homophones
31499,1,0,0,10,4,-7.262323039695696,7.262323039695696,depybliZ@s,anti_homophones
31500,1,0,0,7,3,-5.880792315363081,5.880792315363081,as@bl9R,anti_homophones
31501,1,0,0,9,4,-8.267577363894567,8.267577363894567,Rekaliz@s,anti_homophones
31502,1,0,0,7,3,-6.414291494549776,6.414291494549776,imORt9R,anti_homophones
31503,1,0,0,7,3,-5.614411358106078,5.614411358106078,apovRiR,anti_homophones
31504,1,0,0,6,2,-6.070174015631873,6.070174015631873,Z§SERS,anti_homophones
31505,1,4,0,5,2,-5.359123172616166,5.359123172616166,sERvo,anti_homophones
31506,1,0,0,8,3,-6.637767513085736,6.637767513085736,deklinj5,anti_homophones
31507,1,1,0,6,2,-7.231284184174166,7.231284184174166,kazaRs,anti_homophones
31508,1,0,0,6,2,-6.506626621668979,6.506626621668979,bwasaZ,anti_homophones
31509,1,9,0,7,3,-5.745454009420632,5.745454009420632,belasj§,anti_homophones
31510,1,0,0,8,3,-8.458184102442583,8.458184102442583,kRezosaZ,anti_homophones
31511,1,0,0,10,4,-7.3026331946852805,7.3026331946852805,k§silfit9R,anti_homophones
31512,1,1,0,7,2,-6.2902917060928045,6.2902917060928045,ROwds9R,anti_homophones
31513,1,1,0,7,3,-6.125699999862229,6.125699999862229,ovylgaR,anti_homophones
31514,1,0,0,11,3,-7.892361167788166,7.892361167788166,bRypst@sjER,anti_homophones
31515,1,1,0,8,4,-6.712444199473858,6.712444199473858,tymEn°m@,anti_homophones
31516,1,0,0,7,3,-6.521816380103058,6.521816380103058,tetij9R,anti_homophones
31517,1,0,0,7,3,-7.734793882771258,7.734793882771258,sim°R5g,anti_homophones
31518,1,2,0,5,2,-5.687890519910469,5.687890519910469,idROn,anti_homophones
31519,1,0,0,7,3,-6.654610110039215,6.654610110039215,livREs@,anti_homophones
31520,1,1,0,8,3,-6.911932610332478,6.911932610332478,taRdisj5,anti_homophones
31521,1,0,0,7,3,-6.511475557298973,6.511475557298973,sekyREl,anti_homophones
31522,1,0,0,6,2,-6.477396858461052,6.477396858461052,yRZivR,anti_homophones
31523,1,0,0,4,2,-4.9307788344171355,4.9307788344171355,@n8i,anti_homophones
31524,1,0,0,11,4,-10.51291518464311,10.51291518464311,m§golEpt@bR,anti_homophones
31525,1,1,0,7,3,-6.5305383213374695,6.5305383213374695,k§kyRik,anti_homophones
31526,1,0,0,6,3,-7.83811296031175,7.83811296031175,Z°nevy,anti_homophones
31527,1,0,0,7,3,-7.924439446255876,7.924439446255876,bavwaR2,anti_homophones
31528,1,0,0,9,4,-7.775362396782351,7.775362396782351,k§dylt°m@,anti_homophones
31529,1,1,0,9,4,-6.708332615231238,6.708332615231238,telefeR@s,anti_homophones
31530,1,0,0,8,3,-5.236383979109389,5.236383979109389,k§pozist,anti_homophones
31531,1,0,0,7,3,-5.94328044640902,5.94328044640902,k§som9R,anti_homophones
31532,1,0,0,5,2,-6.721808908612072,6.721808908612072,lw5ti,anti_homophones
31533,1,2,0,6,3,-6.316100670274773,6.316100670274773,iletik,anti_homophones
31534,1,5,0,7,3,-5.167196478654439,5.167196478654439,pasasj§,anti_homophones
31535,1,3,1,6,3,-5.473021243067397,5.473021243067397,5f@tal,anti_homophones
31536,1,0,0,7,3,-7.407986796166769,7.407986796166769,kafeRjo,anti_homophones
31537,1,0,0,10,4,-7.9448461266765005,7.9448461266765005,fRaplozite,anti_homophones
31538,1,0,0,12,4,-8.638933180971746,8.638933180971746,bj5vEstetizm,anti_homophones
31539,1,1,0,8,3,-7.146705045078943,7.146705045078943,SasjonEt,anti_homophones
31540,1,0,0,7,3,-7.088498787906248,7.088498787906248,EktRij@,anti_homophones
31541,1,0,0,7,3,-7.390063965090579,7.390063965090579,fl@SiR@,anti_homophones
31542,1,1,0,8,4,-6.62623534772586,6.62623534772586,kavelite,anti_homophones
31543,1,0,0,11,4,-8.99690746129956,8.99690746129956,paRf@tatizm,anti_homophones
31544,1,0,0,9,4,-8.448940291292642,8.448940291292642,k§tR°kuzy,anti_homophones
31545,1,0,0,8,4,-7.136025218237562,7.136025218237562,k§tinike,anti_homophones
31546,1,0,0,9,4,-7.552271014455047,7.552271014455047,5flyoRypt,anti_homophones
31547,1,0,0,7,3,-6.947025191315931,6.947025191315931,enERv@s,anti_homophones
31548,1,7,0,4,2,-5.036437546942773,5.036437546942773,alva,anti_homophones
31549,1,0,0,7,3,-6.440653585674619,6.440653585674619,OstylER,anti_homophones
31550,1,2,0,6,2,-5.503582583010855,5.503582583010855,vOltaZ,anti_homophones
31551,1,0,0,9,4,-6.471157742184574,6.471157742184574,seleviz9R,anti_homophones
31552,1,0,0,9,3,-6.931214527924907,6.931214527924907,siRkyRs9R,anti_homophones
31553,1,0,0,9,4,-9.055012896557155,9.055012896557155,paREsk°ne,anti_homophones
31554,1,0,0,8,4,-5.842501669647641,5.842501669647641,R°tuS°m@,anti_homophones
31555,1,0,0,8,3,-9.342408790826841,9.342408790826841,sov°napt,anti_homophones
31556,1,0,0,8,3,-6.50528920340567,6.50528920340567,metRoS9R,anti_homophones
31557,1,1,0,9,4,-10.205423215013377,10.205423215013377,RafitijEt,anti_homophones
31558,1,0,0,9,4,-9.26467728986838,9.26467728986838,kagul°v@d,anti_homophones
31559,1,0,0,7,3,-6.15044667737827,6.15044667737827,livifje,anti_homophones
31560,1,5,0,4,2,-5.256044726879109,5.256044726879109,izom,anti_homophones
31561,1,1,0,8,3,-6.137169113912139,6.137169113912139,vERs°laZ,anti_homophones
31562,1,0,0,7,3,-10.176635301791915,10.176635301791915,w5Sekje,anti_homophones
31563,1,5,0,4,2,-6.772219704531632,6.772219704531632,lulE,anti_homophones
31564,1,0,0,8,4,-7.306980554290008,7.306980554290008,SOpElite,anti_homophones
31565,1,1,0,5,2,-4.930856116995576,4.930856116995576,ZigON,anti_homophones
31566,1,6,0,5,2,-5.493539604818295,5.493539604818295,@dist,anti_homophones
31567,1,0,0,10,4,-6.929385745425229,6.929385745425229,k§vylkasj§,anti_homophones
31568,1,13,1,5,2,-4.447087786196527,4.447087786196527,mwaje,anti_homophones
31569,1,1,0,5,2,-6.595401601015224,6.595401601015224,uRdis,anti_homophones
31570,1,4,0,5,2,-5.442621183811953,5.442621183811953,buRj5,anti_homophones
31571,1,1,0,6,3,-5.674919859220585,5.674919859220585,eminal,anti_homophones
31572,1,1,0,8,4,-6.348220013835785,6.348220013835785,@klOn°m@,anti_homophones
31573,1,0,0,6,3,-6.543741135825531,6.543741135825531,t@but2,anti_homophones
31574,1,9,0,5,2,-4.585372596264269,4.585372596264269,Optik,anti_homophones
31575,1,1,0,6,2,-5.794310583572455,5.794310583572455,fuRnEt,anti_homophones
31576,1,5,0,6,2,-5.366102015233587,5.366102015233587,mORtiR,anti_homophones
31577,1,1,0,6,3,-5.702559255924576,5.702559255924576,@buRbe,anti_homophones
31578,1,0,0,9,3,-9.087878779700112,9.087878779700112,ksalmEk9R,anti_homophones
31579,1,1,0,5,2,-5.443203669777064,5.443203669777064,vylk5,anti_homophones
31580,1,0,0,7,3,-7.773535573437037,7.773535573437037,agoRift,anti_homophones
31581,1,0,0,8,3,-5.137944521079618,5.137944521079618,pResjone,anti_homophones
31582,1,8,0,6,2,-5.114512229042513,5.114512229042513,skylER,anti_homophones
31583,1,9,0,5,2,-5.102610040006499,5.102610040006499,demaR,anti_homophones
31584,1,0,0,8,4,-7.04205352709132,7.04205352709132,5k§dolOg,anti_homophones
31585,1,1,0,5,3,-5.616447024321887,5.616447024321887,@dog@,anti_homophones
31586,1,0,0,7,3,-7.907886811918038,7.907886811918038,k§vilas,anti_homophones
31587,1,4,1,6,2,-5.786185038136372,5.786185038136372,tatist,anti_homophones
31588,1,0,0,6,2,-5.900624142697339,5.900624142697339,pl@t82,anti_homophones
31589,1,6,0,4,2,-5.397840479248202,5.397840479248202,RaSy,anti_homophones
31590,1,0,0,12,4,-11.694914396335655,11.694914396335655,5stRajSORdiz,anti_homophones
31591,1,20,0,5,2,-4.8811351943875785,4.8811351943875785,paRak,anti_homophones
31592,1,0,0,8,4,-6.895378963430249,6.895378963430249,ZeomEnto,anti_homophones
31593,1,0,0,8,4,-7.261668112671835,7.261668112671835,b@b5zOat,anti_homophones
31594,1,0,0,9,4,-7.6689412238420696,7.6689412238420696,defemenaZ,anti_homophones
31595,1,0,0,9,4,-7.514461330620375,7.514461330620375,kolaRdite,anti_homophones
31596,1,7,0,5,2,-5.087026756064441,5.087026756064441,5staZ,anti_homophones
31597,1,1,0,8,4,-5.441344513876688,5.441344513876688,bibilize,anti_homophones
31598,1,1,0,7,2,-6.224937740902933,6.224937740902933,kwatjEm,anti_homophones
31599,1,1,0,6,3,-6.514994307783651,6.514994307783651,betoid,anti_homophones
31600,1,1,0,6,3,-5.666694910545778,5.666694910545778,uRd°Ri,anti_homophones
31601,1,0,0,8,4,-8.174610736359678,8.174610736359678,adigotik,anti_homophones
31602,1,0,0,9,4,-10.10538121771643,10.10538121771643,votuRifOR,anti_homophones
31603,1,1,0,6,3,-5.425272578412704,5.425272578412704,episaZ,anti_homophones
31604,1,10,0,7,3,-5.158236557177889,5.158236557177889,etRasj§,anti_homophones
31605,1,3,0,6,3,-5.124548976657694,5.124548976657694,abot9R,anti_homophones
31606,1,1,0,6,2,-5.914003039462094,5.914003039462094,vRijaR,anti_homophones
31607,1,0,0,7,4,-6.737942080586995,6.737942080586995,akRoas@,anti_homophones
31608,1,12,1,5,2,-4.4061259528601795,4.4061259528601795,pasaZ,anti_homophones
31609,1,0,0,8,4,-5.9630755707680345,5.9630755707680345,5tERpije,anti_homophones
31610,1,0,0,8,4,-8.121915979656679,8.121915979656679,pynik°dy,anti_homophones
31611,1,0,0,9,4,-8.016997937902104,8.016997937902104,tERosefal,anti_homophones
31612,1,2,0,7,3,-6.254040731360459,6.254040731360459,destine,anti_homophones
31613,1,0,0,8,2,-7.3228098261043435,7.3228098261043435,spREstal,anti_homophones
31614,1,10,0,4,2,-4.637378593738687,4.637378593738687,R°sE,anti_homophones
31615,1,0,0,7,3,-6.499681271105087,6.499681271105087,monERZe,anti_homophones
31616,1,0,0,7,3,-6.2327328472752255,6.2327328472752255,pl5tim@,anti_homophones
31617,1,1,0,7,3,-6.916787100146843,6.916787100146843,pRogyRe,anti_homophones
31618,1,0,0,7,3,-6.483845239870083,6.483845239870083,des8ije,anti_homophones
31619,1,15,0,4,2,-4.518898137847462,4.518898137847462,epis,anti_homophones
31620,1,0,0,7,3,-6.197543503049974,6.197543503049974,lObylER,anti_homophones
31621,1,0,0,6,3,-6.744340790840104,6.744340790840104,Zibid§,anti_homophones
31622,1,0,0,9,4,-8.393828719265917,8.393828719265917,lapjad°Ri,anti_homophones
31623,1,0,0,8,4,-8.560207032027563,8.560207032027563,amnez5te,anti_homophones
31624,1,2,0,6,3,-6.53327406317243,6.53327406317243,dekORa,anti_homophones
31625,1,2,0,5,2,-5.718772602124843,5.718772602124843,fyR9j,anti_homophones
31626,1,0,0,7,3,-8.570633412351645,8.570633412351645,dROpysi,anti_homophones
31627,1,1,0,7,4,-6.68954699837563,6.68954699837563,ibuj°m@,anti_homophones
31628,1,0,0,9,4,-8.009890441809983,8.009890441809983,myzikaRde,anti_homophones
31629,1,0,0,6,3,-6.952401232404938,6.952401232404938,maoman,anti_homophones
31630,1,3,0,5,2,-5.303391431934363,5.303391431934363,aplan,anti_homophones
31631,1,0,0,9,3,-9.90544976088326,9.90544976088326,aRmastRiv,anti_homophones
31632,1,0,0,11,4,-12.835487057570298,12.835487057570298,bjofilOpORs,anti_homophones
31633,1,0,0,10,4,-7.0110325428026545,7.0110325428026545,bRoSabl°m@,anti_homophones
31634,1,0,0,8,3,-7.513464349739867,7.513464349739867,klod@sj§,anti_homophones
31635,1,10,0,5,2,-5.280876720565701,5.280876720565701,tERni,anti_homophones
31636,1,8,0,4,2,-5.048364104297283,5.048364104297283,altE,anti_homophones
31637,1,0,0,10,4,-8.876405079180088,8.876405079180088,R°bwazijad,anti_homophones
31638,1,4,0,5,2,-5.628861639754112,5.628861639754112,kaRlo,anti_homophones
31639,1,0,0,8,3,-7.920936538852918,7.920936538852918,kupORtEl,anti_homophones
31640,1,0,0,6,3,-9.047647666259637,9.047647666259637,ykR°mo,anti_homophones
31641,1,5,0,4,2,-4.713535001243551,4.713535001243551,Zydo,anti_homophones
31642,1,3,0,5,2,-5.186512658854084,5.186512658854084,finit,anti_homophones
31643,1,0,0,8,4,-6.6174046591914735,6.6174046591914735,k§pisite,anti_homophones
31644,1,1,0,7,3,-6.947330805792587,6.947330805792587,klikite,anti_homophones
31645,1,0,0,9,3,-13.09374853519343,13.09374853519343,tRopRinda,anti_homophones
31646,1,0,0,9,3,-7.312916206986981,7.312916206986981,kORdjonEl,anti_homophones
31647,1,1,0,7,3,-4.969080579377767,4.969080579377767,k§tR°te,anti_homophones
31648,1,0,0,9,4,-8.841686954746178,8.841686954746178,minofinik,anti_homophones
31649,1,4,0,5,2,-4.584270429799975,4.584270429799975,t°niR,anti_homophones
31650,1,0,0,8,3,-7.629208566575809,7.629208566575809,gwam@tEl,anti_homophones
31651,1,0,0,6,2,-6.907531629500309,6.907531629500309,staRse,anti_homophones
31652,1,0,0,6,2,-7.0028299033569725,7.0028299033569725,gobatR,anti_homophones
31653,1,1,0,8,4,-5.79407369172385,5.79407369172385,emoRat9R,anti_homophones
31654,1,0,0,11,4,-8.30469955656521,8.30469955656521,papitwaRist,anti_homophones
31655,1,0,0,10,3,-7.8274873882890805,7.8274873882890805,dR9mb9ldiG,anti_homophones
31656,1,2,0,7,3,-5.818871047932472,5.818871047932472,fREjone,anti_homophones
31657,1,0,0,7,3,-6.370554609935511,6.370554609935511,ZeoskOt,anti_homophones
31658,1,0,0,5,3,-7.578217185582212,7.578217185582212,itivo,anti_homophones
31659,1,0,0,8,3,-7.864798058826104,7.864798058826104,malinibl,anti_homophones
31660,1,0,0,8,4,-7.442671399279542,7.442671399279542,ynikatyR,anti_homophones
31661,1,1,0,5,2,-5.1920539265214085,5.1920539265214085,dekw5,anti_homophones
31662,1,3,0,5,2,-5.66551138348912,5.66551138348912,debas,anti_homophones
31663,1,0,0,7,3,-6.275047356387695,6.275047356387695,kapijOl,anti_homophones
31664,1,2,0,6,2,-6.057467015848282,6.057467015848282,maREsk,anti_homophones
31665,1,0,0,9,3,-9.562161566916473,9.562161566916473,fiRmanyRZ,anti_homophones
31666,1,0,0,8,4,-8.487713675629964,8.487713675629964,eteRjot5,anti_homophones
31667,1,7,0,5,2,-4.933661374258934,4.933661374258934,vERt5,anti_homophones
31668,1,0,0,7,3,-7.840069974176451,7.840069974176451,laksena,anti_homophones
31669,1,1,0,8,4,-7.626731292580939,7.626731292580939,aZytat9R,anti_homophones
31670,1,0,0,8,4,-7.686894545724043,7.686894545724043,@tibeRiR,anti_homophones
31671,1,0,0,8,3,-7.06843936275946,7.06843936275946,bibolist,anti_homophones
31672,1,0,0,6,2,-5.821204205127458,5.821204205127458,kopj9l,anti_homophones
31673,1,0,0,7,3,-6.427899879754453,6.427899879754453,etanist,anti_homophones
31674,1,3,0,6,2,-5.286955977995869,5.286955977995869,Red8iR,anti_homophones
31675,1,0,0,7,3,-8.131989238378202,8.131989238378202,fij@dj2,anti_homophones
31676,1,1,0,7,3,-5.7844725524465925,5.7844725524465925,pw5tyRe,anti_homophones
31677,1,1,0,5,2,-6.4659573260423215,6.4659573260423215,aspEn,anti_homophones
31678,1,0,0,6,2,-7.283026217022139,7.283026217022139,pR5t@d,anti_homophones
31679,1,2,0,5,2,-5.110580632583213,5.110580632583213,l§Z9R,anti_homophones
31680,1,9,0,4,2,-5.367100573936297,5.367100573936297,R§se,anti_homophones
31681,1,11,0,6,3,-5.2367614117923695,5.2367614117923695,R@t°m@,anti_homophones
31682,1,0,0,10,4,-8.154984182001227,8.154984182001227,R°t°niflOt,anti_homophones
31683,1,3,0,6,2,-5.637397349022102,5.637397349022102,gRanik,anti_homophones
31684,1,0,0,7,3,-7.947913835041996,7.947913835041996,goemjas,anti_homophones
31685,1,0,0,9,4,-7.953335900340818,7.953335900340818,kalifERme,anti_homophones
31686,1,6,0,6,2,-4.98163957212318,4.98163957212318,k@tabl,anti_homophones
31687,1,2,0,5,2,-6.121556842564969,6.121556842564969,ORnEz,anti_homophones
31688,1,1,0,7,2,-7.031342093575497,7.031342093575497,gRupisk,anti_homophones
31689,1,0,0,8,3,-5.8538242363027395,5.8538242363027395,diskRite,anti_homophones
31690,1,5,0,4,2,-4.584238714852152,4.584238714852152,odje,anti_homophones
31691,1,5,0,5,2,-5.618493051286481,5.618493051286481,natal,anti_homophones
31692,1,8,1,4,2,-4.170858154908262,4.170858154908262,5s@s,anti_homophones
31693,1,0,0,10,4,-9.901720616513824,9.901720616513824,kRimotokOp,anti_homophones
31694,1,3,0,4,2,-6.082391601733406,6.082391601733406,vEna,anti_homophones
31695,1,16,0,4,2,-4.646594819007563,4.646594819007563,gaRo,anti_homophones
31696,1,0,0,7,3,-7.185050761136907,7.185050761136907,osetizm,anti_homophones
31697,1,0,0,11,4,-9.043368812273842,9.043368812273842,pR5sasjonik,anti_homophones
31698,1,7,1,6,3,-5.001923882888183,5.001923882888183,piN°m@,anti_homophones
31699,1,0,0,6,3,-7.777511561159216,7.777511561159216,k§kana,anti_homophones
31700,1,0,0,9,4,-8.197907325775866,8.197907325775866,veZetijad,anti_homophones
31701,1,0,0,7,3,-6.623497180811787,6.623497180811787,miNoNER,anti_homophones
31702,1,0,0,10,4,-8.225178706558323,8.225178706558323,kabR9vwam@,anti_homophones
31703,1,0,0,7,3,-6.20355966778322,6.20355966778322,Eksesj5,anti_homophones
31704,1,0,0,10,4,-9.377189962155324,9.377189962155324,fyskeRatif,anti_homophones
31705,1,1,0,5,2,-5.615566408999278,5.615566408999278,poSEl,anti_homophones
31706,1,0,0,8,4,-6.134742453041707,6.134742453041707,5k§tyzj§,anti_homophones
31707,1,9,0,6,2,-5.500972941881396,5.500972941881396,bREt9R,anti_homophones
31708,1,8,0,6,2,-4.59982722932122,4.59982722932122,paRtaZ,anti_homophones
31709,1,1,0,6,2,-6.407164167996539,6.407164167996539,pERZwa,anti_homophones
31710,1,0,0,4,2,-4.8413361954943905,4.8413361954943905,dyg§,anti_homophones
31711,1,0,0,8,4,-8.475919893827891,8.475919893827891,tomeRime,anti_homophones
31712,1,4,0,5,2,-4.73762986443525,4.73762986443525,pERfE,anti_homophones
31713,1,0,0,11,4,-11.210187412666222,11.210187412666222,limalpitist,anti_homophones
31714,1,8,0,5,2,-4.733912582558664,4.733912582558664,klone,anti_homophones
31715,1,0,0,9,3,-8.764995350921696,8.764995350921696,Opstibjad,anti_homophones
31716,1,2,0,6,2,-6.032526343267356,6.032526343267356,bistif,anti_homophones
31717,1,9,0,5,2,-4.576038342346139,4.576038342346139,kRoSe,anti_homophones
31718,1,0,0,8,3,-7.719182575328453,7.719182575328453,bORd°lEv,anti_homophones
31719,1,2,0,5,2,-5.4731119209606,5.4731119209606,ORtin,anti_homophones
31720,1,6,0,5,2,-5.036913195182206,5.036913195182206,Zonik,anti_homophones
31721,1,0,0,11,4,-9.384439631448958,9.384439631448958,fl@balEktif,anti_homophones
31722,1,0,0,11,4,-9.76555520116608,9.76555520116608,feR@sfORmaN,anti_homophones
31723,1,0,0,8,4,-8.950271780701044,8.950271780701044,ytopRoti,anti_homophones
31724,1,1,0,5,2,-7.311280084112961,7.311280084112961,§ksj@,anti_homophones
31725,1,0,0,9,3,-8.662932206942022,8.662932206942022,k§s@tjEnt,anti_homophones
31726,1,0,0,6,2,-5.557809945350611,5.557809945350611,Ekspyt,anti_homophones
31727,1,3,0,6,3,-6.297676556505272,6.297676556505272,aloRj5,anti_homophones
31728,1,0,0,7,3,-6.01505338452628,6.01505338452628,k§v°naZ,anti_homophones
31729,1,0,0,5,2,-5.729874282891045,5.729874282891045,d@sj2,anti_homophones
31730,1,5,1,4,2,-5.550223108015414,5.550223108015414,efEt,anti_homophones
31731,1,0,0,8,4,-8.405368651315506,8.405368651315506,alkiRoik,anti_homophones
31732,1,0,0,9,3,-9.02411061293912,9.02411061293912,pEstR5Z@s,anti_homophones
31733,1,2,0,5,2,-6.472791757082492,6.472791757082492,@plaS,anti_homophones
31734,1,0,0,6,3,-5.986652452568526,5.986652452568526,labole,anti_homophones
31735,1,1,0,7,3,-5.274958000669369,5.274958000669369,5sylt9R,anti_homophones
31736,1,2,0,6,2,-5.358533770990986,5.358533770990986,lyktyR,anti_homophones
31737,1,2,0,6,3,-5.533532754530892,5.533532754530892,betone,anti_homophones
31738,1,3,0,6,3,-7.075202281731089,7.075202281731089,iminaz,anti_homophones
31739,1,0,0,9,3,-7.927894612944898,7.927894612944898,Refj@tabl,anti_homophones
31740,1,3,0,4,2,-6.194927100103256,6.194927100103256,edif,anti_homophones
31741,1,0,0,8,3,-7.833050246961706,7.833050246961706,ZERmEnko,anti_homophones
31742,1,3,0,5,2,-5.64542608239902,5.64542608239902,sezj§,anti_homophones
31743,1,0,0,9,4,-8.958503139195551,8.958503139195551,R2kONyzif,anti_homophones
31744,1,0,0,7,3,-7.761886102507488,7.761886102507488,plEs°le,anti_homophones
31745,1,0,0,12,4,-9.32093728487765,9.32093728487765,pROstaRitmik,anti_homophones
31746,1,4,0,6,2,-6.12919725911054,6.12919725911054,vREt9R,anti_homophones
31747,1,4,0,4,2,-4.702439925895005,4.702439925895005,ogys,anti_homophones
31748,1,0,0,8,4,-7.512920592598144,7.512920592598144,delikese,anti_homophones
31749,1,0,0,11,4,-8.032587623026124,8.032587623026124,kRiminEksj§,anti_homophones
31750,1,0,0,8,3,-9.894924814091695,9.894924814091695,kopanjOk,anti_homophones
31751,1,2,0,5,3,-5.823453697933634,5.823453697933634,adog@,anti_homophones
31752,1,0,0,8,2,-5.270358371448085,5.270358371448085,buRZwabl,anti_homophones
31753,1,2,0,5,3,-6.8314124671879775,6.8314124671879775,Salao,anti_homophones
31754,1,6,0,5,2,-4.633195363325703,4.633195363325703,divER,anti_homophones
31755,1,0,0,6,3,-6.653473530567034,6.653473530567034,imonaR,anti_homophones
31756,1,0,0,7,3,-5.975923328384737,5.975923328384737,bag°lEt,anti_homophones
31757,1,1,0,8,3,-6.343757193320031,6.343757193320031,kudwaj9R,anti_homophones
31758,1,0,0,8,3,-8.460042644443103,8.460042644443103,kalopalp,anti_homophones
31759,1,0,1,8,3,-5.373326838446949,5.373326838446949,fORmat9R,anti_homophones
31760,1,0,0,8,3,-7.3132825243064605,7.3132825243064605,gofR@k9R,anti_homophones
31761,1,0,0,7,3,-6.357779953154171,6.357779953154171,baval@s,anti_homophones
31762,1,0,0,8,3,-6.803687647850315,6.803687647850315,pReviRZi,anti_homophones
31763,1,0,0,5,3,-5.847572059374486,5.847572059374486,adaik,anti_homophones
31764,1,3,0,5,2,-5.532337430637231,5.532337430637231,tynEt,anti_homophones
31765,1,0,0,10,3,-10.68910564842638,10.68910564842638,bigORdZazm,anti_homophones
31766,1,3,0,5,2,-5.872304091055549,5.872304091055549,syblo,anti_homophones
31767,1,0,0,7,3,-7.109322313543427,7.109322313543427,k§paduR,anti_homophones
31768,1,2,0,6,3,-5.671669358696441,5.671669358696441,debuzi,anti_homophones
31769,1,0,0,7,3,-8.540136256846223,8.540136256846223,paRkaby,anti_homophones
31770,1,0,0,8,4,-9.945584138052686,9.945584138052686,eSisinOd,anti_homophones
31771,1,0,0,6,3,-6.288459547632864,6.288459547632864,etj5to,anti_homophones
31772,1,0,0,7,2,-6.772537567829195,6.772537567829195,pRop@dR,anti_homophones
31773,1,0,0,7,3,-6.2763950608334245,6.2763950608334245,5ZEstik,anti_homophones
31774,1,0,0,8,3,-7.267561468695594,7.267561468695594,libElist,anti_homophones
31775,1,0,0,8,3,-6.352352045823545,6.352352045823545,asEptizm,anti_homophones
31776,1,1,0,7,3,-7.063228531387598,7.063228531387598,S@tiz9R,anti_homophones
31777,1,0,0,11,4,-9.637055773358016,9.637055773358016,kuRsalv°niR,anti_homophones
31778,1,0,0,8,4,-6.535470219477746,6.535470219477746,otodOksi,anti_homophones
31779,1,4,0,6,3,-6.139975509624532,6.139975509624532,av@tiR,anti_homophones
31780,1,0,0,9,4,-8.456379358577268,8.456379358577268,gobERs°lE,anti_homophones
31781,1,0,0,6,3,-6.517141307819676,6.517141307819676,muZadi,anti_homophones
31782,1,0,0,11,4,-9.026722872041516,9.026722872041516,dREf§sjasj§,anti_homophones
31783,1,2,0,8,4,-6.786102179791788,6.786102179791788,paRaZ°Ri,anti_homophones
31784,1,0,0,8,3,-8.787312879561311,8.787312879561311,vistRipu,anti_homophones
31785,1,3,0,7,3,-5.38151494447121,5.38151494447121,kORS°m@,anti_homophones
31786,1,3,0,5,3,-6.4520795371441,6.4520795371441,Op°m@,anti_homophones
31787,1,0,0,8,3,-6.681192196535745,6.681192196535745,voteRj9R,anti_homophones
31788,1,0,0,6,3,-8.506992514666033,8.506992514666033,lifena,anti_homophones
31789,1,1,0,7,4,-5.890492460326823,5.890492460326823,efinite,anti_homophones
31790,1,0,0,7,2,-5.018926317590789,5.018926317590789,pResjal,anti_homophones
31791,1,0,0,8,3,-8.054231920508967,8.054231920508967,des@djag,anti_homophones
31792,1,1,0,7,4,-6.506332157296038,6.506332157296038,5koezj§,anti_homophones
31793,1,4,0,4,2,-5.223092089195232,5.223092089195232,RoSE,anti_homophones
31794,1,0,0,8,4,-7.70069008030109,7.70069008030109,fanylase,anti_homophones
31795,1,8,0,4,2,-5.928311719757773,5.928311719757773,ebyl,anti_homophones
31796,1,12,0,4,2,-4.531287098548312,4.531287098548312,ped@,anti_homophones
31797,1,0,0,8,3,-6.794631248499081,6.794631248499081,diREkabl,anti_homophones
31798,1,0,0,11,4,-10.719398843472279,10.719398843472279,plikalsibER,anti_homophones
31799,1,1,0,7,3,-6.39309560389163,6.39309560389163,koRoRik,anti_homophones
31800,1,0,0,7,3,-7.545519214077986,7.545519214077986,evaRdje,anti_homophones
31801,1,16,0,5,2,-4.6801830984263715,4.6801830984263715,saRde,anti_homophones
31802,1,0,0,9,4,-6.148281350775276,6.148281350775276,tetikasj§,anti_homophones
31803,1,0,0,7,3,-7.482674156692391,7.482674156692391,wEstole,anti_homophones
31804,1,0,0,6,3,-7.535853666752961,7.535853666752961,kefak5,anti_homophones
31805,1,4,0,7,3,-6.448918368679939,6.448918368679939,Rivizj§,anti_homophones
31806,1,0,0,8,3,-7.689311058057861,7.689311058057861,p5tyRbak,anti_homophones
31807,1,19,0,3,2,-4.426884477474771,4.426884477474771,ad5,anti_homophones
31808,1,7,0,4,2,-4.874617065175373,4.874617065175373,p5se,anti_homophones
31809,1,0,0,9,4,-8.052001377390887,8.052001377390887,EskinOkOk,anti_homophones
31810,1,2,0,5,2,-5.392593588504428,5.392593588504428,kuRto,anti_homophones
31811,1,1,0,7,3,-5.597124692984648,5.597124692984648,tRikote,anti_homophones
31812,1,0,0,9,4,-7.422909078094214,7.422909078094214,dekaRabil,anti_homophones
31813,1,1,0,7,3,-6.744622097764021,6.744622097764021,benERZe,anti_homophones
31814,1,1,0,7,3,-6.990583435705606,6.990583435705606,fl9Rete,anti_homophones
31815,1,0,0,9,3,-7.584113538403261,7.584113538403261,m§twaRist,anti_homophones
31816,1,2,0,7,3,-6.431564414709717,6.431564414709717,ZERmije,anti_homophones
31817,1,1,0,6,2,-7.687834352480497,7.687834352480497,fR@svE,anti_homophones
31818,1,2,0,4,2,-5.137806674060597,5.137806674060597,egut,anti_homophones
31819,1,1,0,8,3,-6.363790264009031,6.363790264009031,Sap°zabl,anti_homophones
31820,1,0,0,8,3,-8.173122272464827,8.173122272464827,m9bl@sEl,anti_homophones
31821,1,0,0,6,3,-5.925161355521803,5.925161355521803,f9jEze,anti_homophones
31822,1,0,0,9,4,-8.331671743012988,8.331671743012988,falogaRde,anti_homophones
31823,1,0,0,9,3,-8.048170126348046,8.048170126348046,gRafRoNyR,anti_homophones
31824,1,1,0,7,2,-7.337872062232233,7.337872062232233,b1zat9R,anti_homophones
31825,1,0,0,6,3,-7.329805834245151,7.329805834245151,etanil,anti_homophones
31826,1,0,0,9,4,-8.972150251705857,8.972150251705857,malgyRat5,anti_homophones
31827,1,0,0,6,2,-6.05517519499622,6.05517519499622,pSitik,anti_homophones
31828,1,1,0,6,3,-7.186811394297619,7.186811394297619,etimit,anti_homophones
31829,1,0,0,9,3,-6.276375674492192,6.276375674492192,pERfaksj§,anti_homophones
31830,1,10,0,4,2,-5.328668796413916,5.328668796413916,Rav5,anti_homophones
31831,1,0,0,8,3,-8.22554713284937,8.22554713284937,R§SitRal,anti_homophones
31832,1,0,0,8,4,-8.807193166780989,8.807193166780989,simalape,anti_homophones
31833,1,0,0,8,3,-7.517730297411593,7.517730297411593,destRok@,anti_homophones
31834,1,0,0,7,3,-9.222588280564265,9.222588280564265,inwanom,anti_homophones
31835,1,0,0,9,4,-9.979476564522123,9.979476564522123,tR5t@sik5,anti_homophones
31836,1,1,0,6,3,-5.608710587427257,5.608710587427257,ekon9R,anti_homophones
31837,1,0,0,9,4,-7.64271683961908,7.64271683961908,djapos°m@,anti_homophones
31838,1,0,0,10,4,-9.14670145961096,9.14670145961096,pRodaksiko,anti_homophones
31839,1,0,0,7,2,-6.642474010884532,6.642474010884532,dRagdal,anti_homophones
31840,1,1,0,7,2,-5.563323932478628,5.563323932478628,floRist,anti_homophones
31841,1,0,0,8,3,-6.00634980955565,6.00634980955565,gRadjote,anti_homophones
31842,1,2,0,7,2,-6.520247419027505,6.520247419027505,pRadjOm,anti_homophones
31843,1,0,0,7,2,-7.1057725856858704,7.1057725856858704,Rystibl,anti_homophones
31844,1,0,0,8,4,-7.313916030971558,7.313916030971558,5t@daRde,anti_homophones
31845,1,0,0,11,4,-9.93277286962803,9.93277286962803,spedikt8aZe,anti_homophones
31846,1,10,0,5,2,-5.1480877543848695,5.1480877543848695,denaR,anti_homophones
31847,1,0,0,10,3,-7.316352969872571,7.316352969872571,plEktRofOn,anti_homophones
31848,1,3,0,8,4,-4.946065601511947,4.946065601511947,ZeoloZik,anti_homophones
31849,1,0,0,7,3,-7.502085552586745,7.502085552586745,sil@sEl,anti_homophones
31850,1,13,0,4,2,-4.284864301632129,4.284864301632129,kani,anti_homophones
31851,1,5,1,6,3,-5.54697707965465,5.54697707965465,linite,anti_homophones
31852,1,0,0,8,4,-6.6881990743846265,6.6881990743846265,5fORmit@,anti_homophones
31853,1,0,0,7,3,-7.379829517397727,7.379829517397727,dek§vyR,anti_homophones
31854,1,6,0,6,2,-4.856024552936224,4.856024552936224,tRifje,anti_homophones
31855,1,3,0,6,2,-4.700378019838269,4.700378019838269,vaRjOm,anti_homophones
31856,1,0,0,6,2,-6.659262208649372,6.659262208649372,buRbEj,anti_homophones
31857,1,0,0,8,3,-6.69311006466078,6.69311006466078,p@kRet9R,anti_homophones
31858,1,0,0,9,4,-7.896467787148948,7.896467787148948,mekadylER,anti_homophones
31859,1,1,0,6,2,-5.810491447039288,5.810491447039288,speRER,anti_homophones
31860,1,8,0,3,2,-7.363615006646945,7.363615006646945,@sa,anti_homophones
31861,1,16,0,4,2,-4.85992206550621,4.85992206550621,kako,anti_homophones
31862,1,11,0,5,3,-4.644426880089065,4.644426880089065,5peRe,anti_homophones
31863,1,0,0,7,3,-7.329720566482869,7.329720566482869,Rev@taj,anti_homophones
31864,1,1,0,5,2,-5.600841464693548,5.600841464693548,lapiG,anti_homophones
31865,1,5,0,4,2,-4.90717423940581,4.90717423940581,emat,anti_homophones
31866,1,0,0,8,4,-8.65889621097076,8.65889621097076,asitanaZ,anti_homophones
31867,1,1,0,6,3,-6.933161305667338,6.933161305667338,maomik,anti_homophones
31868,1,7,0,4,2,-5.1717274251349075,5.1717274251349075,otod,anti_homophones
31869,1,13,0,3,2,-5.127595652533792,5.127595652533792,emy,anti_homophones
31870,1,0,0,9,3,-8.04188261445958,8.04188261445958,kROblat9R,anti_homophones
31871,1,0,0,8,3,-7.615128388066831,7.615128388066831,pasmok9R,anti_homophones
31872,1,9,1,4,2,-4.822570232646383,4.822570232646383,p@t@,anti_homophones
31873,1,1,0,7,3,-8.105602118688582,8.105602118688582,golenj5,anti_homophones
31874,1,0,0,8,3,-6.355859683909275,6.355859683909275,sERvERte,anti_homophones
31875,1,4,1,7,3,-5.211639639632127,5.211639639632127,elEktyR,anti_homophones
31876,1,0,0,7,3,-7.371874431919249,7.371874431919249,senebys,anti_homophones
31877,1,0,0,9,4,-9.27650990892979,9.27650990892979,admanatif,anti_homophones
31878,1,0,0,10,4,-12.040907697782492,12.040907697782492,5pERjat9Rn,anti_homophones
31879,1,0,0,10,4,-11.43876474369142,11.43876474369142,Ost@tRatom,anti_homophones
31880,1,4,0,5,2,-5.05060728867704,5.05060728867704,p8is§,anti_homophones
31881,1,6,0,5,2,-4.879258321464914,4.879258321464914,maRka,anti_homophones
31882,1,4,0,5,2,-5.556225927121538,5.556225927121538,devOl,anti_homophones
31883,1,0,0,8,4,-8.14003559987203,8.14003559987203,5kleynik,anti_homophones
31884,1,0,0,9,4,-9.513580256181319,9.513580256181319,def@tesif,anti_homophones
31885,1,6,0,5,2,-4.720377409838838,4.720377409838838,Z°nER,anti_homophones
31886,1,0,0,9,4,-6.324647983394978,6.324647983394978,malgoRize,anti_homophones
31887,1,0,0,7,2,-5.613471947141139,5.613471947141139,kR°vwaR,anti_homophones
31888,1,9,0,5,2,-4.876161965939942,4.876161965939942,oRabl,anti_homophones
31889,1,2,0,6,3,-5.365192370886579,5.365192370886579,k§sone,anti_homophones
31890,1,0,0,10,4,-10.496057155010005,10.496057155010005,saRaklikER,anti_homophones
31891,1,1,0,8,3,-6.384819826314302,6.384819826314302,akwadR9R,anti_homophones
31892,1,0,0,8,3,-6.620270020649395,6.620270020649395,psiklop@,anti_homophones
31893,1,14,0,5,2,-5.166009292778222,5.166009292778222,vaj9R,anti_homophones
31894,1,0,0,11,4,-9.23494035952565,9.23494035952565,globilitsj§,anti_homophones
31895,1,8,1,5,2,-4.3574222314438495,4.3574222314438495,viz9R,anti_homophones
31896,1,5,0,4,2,-4.743420363222137,4.743420363222137,R°Sa,anti_homophones
31897,1,3,0,5,3,-6.355781339720452,6.355781339720452,onole,anti_homophones
31898,1,2,0,4,2,-5.404401861439149,5.404401861439149,adus,anti_homophones
31899,1,1,0,6,2,-8.171311120420112,8.171311120420112,negwaR,anti_homophones
31900,1,3,0,6,3,-6.506587715941656,6.506587715941656,lipide,anti_homophones
31901,1,0,0,7,3,-7.802541291405468,7.802541291405468,tonEsti,anti_homophones
31902,1,1,0,6,3,-5.754251246830836,5.754251246830836,maZolE,anti_homophones
31903,1,1,0,5,2,-5.628811344524776,5.628811344524776,l2kos,anti_homophones
31904,1,0,0,8,3,-6.991399447626787,6.991399447626787,toRutjER,anti_homophones
31905,1,0,0,10,4,-10.509862671512234,10.509862671512234,gR°dEt°REn,anti_homophones
31906,1,0,0,9,4,-7.03335424356505,7.03335424356505,f9j°tonEl,anti_homophones
31907,1,0,0,12,4,-8.442888585066823,8.442888585066823,defEksploRja,anti_homophones
31908,1,0,0,9,4,-8.514157891446196,8.514157891446196,ReZetaRd2,anti_homophones
31909,1,0,0,9,4,-7.936136359266764,7.936136359266764,Rukulonj5,anti_homophones
31910,1,0,0,5,3,-5.480333645840015,5.480333645840015,5s5se,anti_homophones
31911,1,0,0,8,3,-8.223163471175315,8.223163471175315,tetRavwe,anti_homophones
31912,1,1,0,6,2,-5.015858119433889,5.015858119433889,sosjER,anti_homophones
31913,1,1,0,7,3,-6.097470568901004,6.097470568901004,akRonEl,anti_homophones
31914,1,1,0,5,2,-5.296469723065936,5.296469723065936,kwadi,anti_homophones
31915,1,6,0,5,2,-4.799725335820889,4.799725335820889,plySe,anti_homophones
31916,1,0,0,8,4,-5.3616420337671595,5.3616420337671595,papuj°m@,anti_homophones
31917,1,0,0,7,4,-5.823268224510592,5.823268224510592,@buSone,anti_homophones
31918,1,0,0,6,3,-6.415907179102936,6.415907179102936,pulaj§,anti_homophones
31919,1,1,0,6,2,-5.087838849026705,5.087838849026705,aRmwaR,anti_homophones
31920,1,1,0,6,3,-6.804751591051656,6.804751591051656,lavaR2,anti_homophones
31921,1,3,0,7,3,-4.658090630509613,4.658090630509613,siNasj§,anti_homophones
31922,1,0,0,8,4,-8.430117493626899,8.430117493626899,eS@kRavi,anti_homophones
31923,1,2,0,6,3,-6.469511866686076,6.469511866686076,Ramij§,anti_homophones
31924,1,3,0,6,3,-5.528349850002276,5.528349850002276,lus°m@,anti_homophones
31925,1,1,0,7,3,-6.395036757163826,6.395036757163826,5p8isaZ,anti_homophones
31926,1,0,0,10,4,-9.930429986560592,9.930429986560592,mastiZenin,anti_homophones
31927,1,6,0,4,2,-4.596040780117401,4.596040780117401,Zyve,anti_homophones
31928,1,0,0,9,4,-6.964645875147249,6.964645875147249,tRavaS°te,anti_homophones
31929,1,0,0,9,4,-9.225508588339942,9.225508588339942,aRtebagaR,anti_homophones
31930,1,2,0,6,3,-6.013892015185585,6.013892015185585,abORdy,anti_homophones
31931,1,0,0,8,4,-8.952729899358705,8.952729899358705,idRis°RE,anti_homophones
31932,1,0,0,10,4,-10.684879731257915,10.684879731257915,inERganjEl,anti_homophones
31933,1,2,0,6,3,-5.725086509164415,5.725086509164415,k§dole,anti_homophones
31934,1,0,0,6,3,-6.290204836618634,6.290204836618634,@tijEt,anti_homophones
31935,1,0,0,8,3,-6.874617522376806,6.874617522376806,pERgot9R,anti_homophones
31936,1,2,0,7,2,-5.957623670749269,5.957623670749269,suplist,anti_homophones
31937,1,0,0,9,3,-7.41515554521434,7.41515554521434,tRuvERnje,anti_homophones
31938,1,3,0,5,2,-6.186195892183157,6.186195892183157,aRZaZ,anti_homophones
31939,1,1,0,8,4,-6.523541763996958,6.523541763996958,5k§t°n9R,anti_homophones
31940,1,0,0,7,3,-9.474331363484605,9.474331363484605,m2kym9R,anti_homophones
31941,1,5,0,6,3,-4.721990437945591,4.721990437945591,depoze,anti_homophones
31942,1,0,0,8,3,-5.483914492979166,5.483914492979166,Esklasj§,anti_homophones
31943,1,0,0,7,3,-6.61963102856593,6.61963102856593,duglObi,anti_homophones
31944,1,0,0,9,4,-9.474674733432325,9.474674733432325,ReZetilam,anti_homophones
31945,1,0,0,7,3,-7.720801533863518,7.720801533863518,dekyRde,anti_homophones
31946,1,2,0,6,2,-6.3415537787020915,6.3415537787020915,modjal,anti_homophones
31947,1,17,0,4,2,-5.46520518243986,5.46520518243986,vate,anti_homophones
31948,1,6,0,4,2,-4.747286037468464,4.747286037468464,pupo,anti_homophones
31949,1,9,0,5,2,-5.258269327100295,5.258269327100295,baRad,anti_homophones
31950,1,1,0,5,2,-5.801283702730171,5.801283702730171,R@SiR,anti_homophones
31951,1,0,0,10,4,-9.069515646101047,9.069515646101047,p@d@t°Rizm,anti_homophones
31952,1,0,0,8,3,-6.774164412431154,6.774164412431154,skOpatik,anti_homophones
31953,1,7,0,5,2,-4.702211837085271,4.702211837085271,fuR9R,anti_homophones
31954,1,0,0,9,3,-6.925092593374782,6.925092593374782,Eksjalizm,anti_homophones
31955,1,3,0,6,3,-5.188788404815187,5.188788404815187,famine,anti_homophones
31956,1,0,0,8,3,-5.245617419867713,5.245617419867713,syksjone,anti_homophones
31957,1,0,0,9,3,-9.293024132069581,9.293024132069581,bRyRb5zEn,anti_homophones
31958,1,0,0,6,3,-6.482591413555402,6.482591413555402,bigoRe,anti_homophones
31959,1,0,0,6,2,-5.995378921357245,5.995378921357245,pRelad,anti_homophones
31960,1,0,0,8,3,-6.754727159029522,6.754727159029522,Rabolist,anti_homophones
31961,1,0,0,6,2,-5.91970114734655,5.91970114734655,vitR9R,anti_homophones
31962,1,4,0,4,2,-5.5260332379007835,5.5260332379007835,emos,anti_homophones
31963,1,4,0,7,3,-5.085113186736055,5.085113186736055,Radasj§,anti_homophones
31964,1,0,0,9,4,-8.340196944925333,8.340196944925333,patogRas§,anti_homophones
31965,1,0,0,9,4,-7.72676874294799,7.72676874294799,valeZitik,anti_homophones
31966,1,0,0,6,2,-5.988966440503469,5.988966440503469,buklik,anti_homophones
31967,1,10,0,6,2,-4.999847103010833,4.999847103010833,ksasj§,anti_homophones
31968,1,0,0,6,2,-5.8636092375950835,5.8636092375950835,bal@dR,anti_homophones
31969,1,0,0,7,3,-6.839641306000707,6.839641306000707,komaZin,anti_homophones
31970,1,0,0,8,3,-7.745143157072701,7.745143157072701,Rimaskyl,anti_homophones
31971,1,0,0,9,4,-7.5852663205046955,7.5852663205046955,sedamasj§,anti_homophones
31972,1,1,0,7,2,-7.10110718749897,7.10110718749897,gRipsje,anti_homophones
31973,1,1,0,5,2,-5.626377090238003,5.626377090238003,bRil2,anti_homophones
31974,1,1,0,6,3,-5.581646675785976,5.581646675785976,Sod°m@,anti_homophones
31975,1,0,0,8,3,-7.062469204614622,7.062469204614622,paniksj§,anti_homophones
31976,1,6,0,5,3,-5.404011243714896,5.404011243714896,afeRe,anti_homophones
31977,1,0,0,9,4,-9.686211868739454,9.686211868739454,anERZinEz,anti_homophones
31978,1,0,0,10,4,-10.89326588826712,10.89326588826712,s@psjat°m@,anti_homophones
31979,1,5,0,5,3,-5.9102245370482605,5.9102245370482605,apola,anti_homophones
31980,1,0,0,8,4,-9.613053134160594,9.613053134160594,EtnikEne,anti_homophones
31981,1,4,0,6,2,-6.151900869441701,6.151900869441701,Redizm,anti_homophones
31982,1,0,0,10,4,-8.551455131683792,8.551455131683792,s@blOkaRde,anti_homophones
31983,1,0,0,12,4,-11.764380512559905,11.764380512559905,sysm@snipRiz,anti_homophones
31984,1,0,0,7,3,-5.454598082118846,5.454598082118846,debityd,anti_homophones
31985,1,0,0,8,3,-7.01371188131849,7.01371188131849,djableje,anti_homophones
31986,1,1,0,5,2,-5.688212336102881,5.688212336102881,putSi,anti_homophones
31987,1,0,0,10,4,-8.16898130051735,8.16898130051735,pyblimonom,anti_homophones
31988,1,0,0,8,4,-7.362925238044837,7.362925238044837,5sanisj5,anti_homophones
31989,1,3,0,4,2,-5.0351486779436945,5.0351486779436945,naid,anti_homophones
31990,1,0,0,9,3,-8.490374978015575,8.490374978015575,bRogRasit,anti_homophones
31991,1,0,0,9,4,-8.250658233572588,8.250658233572588,adZypERly,anti_homophones
31992,1,5,0,5,3,-5.201377204232359,5.201377204232359,epim@,anti_homophones
31993,1,4,0,7,4,-4.956357123439273,4.956357123439273,@koloZi,anti_homophones
31994,1,0,0,7,2,-7.167068734120122,7.167068734120122,fleSEnt,anti_homophones
31995,1,0,0,5,2,-6.280654797863768,6.280654797863768,glap§,anti_homophones
31996,1,0,0,4,2,-5.022851751937264,5.022851751937264,l°s§,anti_homophones
31997,1,10,0,4,2,-5.154878141811608,5.154878141811608,Roma,anti_homophones
31998,1,1,0,5,2,-7.948569441118382,7.948569441118382,godaf,anti_homophones
31999,1,12,1,7,3,-4.803674766468748,4.803674766468748,demasj§,anti_homophones
32000,1,5,1,6,2,-4.758539106922937,4.758539106922937,gRaf9R,anti_homophones
32001,1,0,0,11,4,-10.240516116593861,10.240516116593861,libRijERZEn,anti_homophones
32002,1,0,0,8,3,-6.805716415501883,6.805716415501883,stenotaZ,anti_homophones
32003,1,0,0,8,3,-8.460432831115371,8.460432831115371,kRakt@bu,anti_homophones
32004,1,10,0,4,2,-5.101843518800044,5.101843518800044,Zoni,anti_homophones
32005,1,0,0,10,4,-10.470358405664772,10.470358405664772,foRelat8El,anti_homophones
32006,1,3,0,8,3,-5.450420121793239,5.450420121793239,fRoloZik,anti_homophones
32007,1,1,0,6,2,-5.605048653095021,5.605048653095021,kORbit,anti_homophones
32008,1,9,0,5,2,-4.512890037541252,4.512890037541252,tR@Se,anti_homophones
32009,1,6,1,6,3,-5.378850805271918,5.378850805271918,paRade,anti_homophones
32010,1,0,0,7,3,-6.50186069895194,6.50186069895194,tenolOg,anti_homophones
32011,1,1,0,5,2,-5.833781921451574,5.833781921451574,@d8El,anti_homophones
32012,1,4,0,7,3,-5.946438999325174,5.946438999325174,sasjone,anti_homophones
32013,1,0,0,10,4,-5.929468370254387,5.929468370254387,seksjOn°m@,anti_homophones
32014,1,2,0,6,3,-6.149253391915079,6.149253391915079,Refavo,anti_homophones
32015,1,1,0,8,3,-7.590814858639833,7.590814858639833,p5tasjal,anti_homophones
32016,1,0,0,9,4,-8.011436245076895,8.011436245076895,@glomodER,anti_homophones
32017,1,0,0,8,3,-8.290687573519248,8.290687573519248,RegRit9R,anti_homophones
32018,1,5,0,5,2,-5.139753577147224,5.139753577147224,manyl,anti_homophones
32019,1,0,0,10,4,-10.09498309576573,10.09498309576573,kalmobinje,anti_homophones
32020,1,0,0,10,4,-9.26732822813832,9.26732822813832,lynEspesje,anti_homophones
32021,1,0,0,7,3,-6.507479683242246,6.507479683242246,kafeRik,anti_homophones
32022,1,1,0,7,3,-5.825088424194013,5.825088424194013,gRiNolE,anti_homophones
32023,1,4,0,5,2,-5.079928312260555,5.079928312260555,k§siN,anti_homophones
32024,1,0,0,7,3,-7.364135436739951,7.364135436739951,kaloRys,anti_homophones
32025,1,0,0,9,4,-8.01955433567766,8.01955433567766,inEkstati,anti_homophones
32026,1,0,0,7,3,-5.5096959809097195,5.5096959809097195,dezonal,anti_homophones
32027,1,0,0,8,3,-6.869447700561519,6.869447700561519,pResesim,anti_homophones
32028,1,0,0,8,4,-7.523829561039108,7.523829561039108,g@tin°m@,anti_homophones
32029,1,1,0,5,2,-6.0110064123725335,6.0110064123725335,@kylt,anti_homophones
32030,1,7,0,3,2,-4.6673166404470425,4.6673166404470425,yze,anti_homophones
32031,1,0,0,6,3,-5.846849255682766,5.846849255682766,R°b@do,anti_homophones
32032,1,0,0,9,3,-7.3568073438429495,7.3568073438429495,k§pliftje,anti_homophones
32033,1,0,0,9,4,-8.815498851461328,8.815498851461328,R°pybliSE,anti_homophones
32034,1,1,0,5,3,-5.988339376551591,5.988339376551591,eR5d§,anti_homophones
32035,1,4,0,5,2,-4.673924256724793,4.673924256724793,Egzis,anti_homophones
32036,1,0,0,8,3,-6.665492722153359,6.665492722153359,gRososj§,anti_homophones
32037,1,1,0,6,3,-5.2264898795582795,5.2264898795582795,5Zenik,anti_homophones
32038,1,0,0,7,3,-7.457479248393114,7.457479248393114,avadwan,anti_homophones
32039,1,0,0,6,3,-7.30580644771212,7.30580644771212,tenyla,anti_homophones
32040,1,13,0,4,2,-4.8732801507946775,4.8732801507946775,avwa,anti_homophones
32041,1,3,0,5,2,-5.098761060076384,5.098761060076384,deblE,anti_homophones
32042,1,0,0,10,4,-11.131531347755816,11.131531347755816,detR5Zitom,anti_homophones
32043,1,2,0,5,2,-5.479783015740819,5.479783015740819,kapil,anti_homophones
32044,1,0,0,8,3,-6.627730383359651,6.627730383359651,k§tRijEt,anti_homophones
32045,1,0,0,9,3,-9.375309395712078,9.375309395712078,v@dRisj@s,anti_homophones
32046,1,0,0,6,3,-5.493622299782174,5.493622299782174,ZeR§te,anti_homophones
32047,1,4,0,5,2,-5.429743385875466,5.429743385875466,sERp@,anti_homophones
32048,1,4,0,4,2,-5.113053272961056,5.113053272961056,Okto,anti_homophones
32049,1,0,0,10,3,-10.094228985009327,10.094228985009327,bRynikstEl,anti_homophones
32050,1,0,0,8,3,-7.2559488234597875,7.2559488234597875,mORsajiR,anti_homophones
32051,1,1,0,6,3,-5.791932603794332,5.791932603794332,aR@tER,anti_homophones
32052,1,0,0,6,2,-6.440778994880301,6.440778994880301,fRiSOm,anti_homophones
32053,1,5,0,5,2,-6.11325369865328,6.11325369865328,skato,anti_homophones
32054,1,4,0,6,2,-5.218149753322793,5.218149753322793,glisj§,anti_homophones
32055,1,0,0,9,4,-7.639643407665599,7.639643407665599,komodEsti,anti_homophones
32056,1,0,0,9,3,-9.002736317073689,9.002736317073689,gR@daRd5g,anti_homophones
32057,1,6,0,5,2,-6.095572585647916,6.095572585647916,danik,anti_homophones
32058,1,0,0,9,4,-9.566133442647306,9.566133442647306,mem@saSEk,anti_homophones
32059,1,0,0,11,4,-7.576559673675612,7.576559673675612,pRovizjonaR,anti_homophones
32060,1,0,0,6,2,-5.798645111411573,5.798645111411573,klORN§,anti_homophones
32061,1,2,0,6,3,-6.900915836545528,6.900915836545528,k§fyme,anti_homophones
32062,1,3,0,6,2,-5.160726751009253,5.160726751009253,kupabl,anti_homophones
32063,1,0,0,9,4,-11.310337826224794,11.310337826224794,asyRifEsk,anti_homophones
32064,1,0,0,9,4,-6.448463943848964,6.448463943848964,dedylat9R,anti_homophones
32065,1,0,0,6,3,-6.4567310951176,6.4567310951176,ekivat,anti_homophones
32066,1,0,0,8,4,-6.447057989651803,6.447057989651803,k5kizite,anti_homophones
32067,1,0,0,10,4,-9.892478435649721,9.892478435649721,fivEltiZ9R,anti_homophones
32068,1,0,0,8,4,-9.091345806664505,9.091345806664505,waz°maSe,anti_homophones
32069,1,1,0,7,3,-7.705707845684762,7.705707845684762,Sikatl§,anti_homophones
32070,1,12,0,5,2,-4.869473036836775,4.869473036836775,latif,anti_homophones
32071,1,1,0,7,3,-5.728984615242632,5.728984615242632,apotabl,anti_homophones
32072,1,1,0,5,2,-5.53598537459519,5.53598537459519,RyZwa,anti_homophones
32073,1,3,0,5,2,-5.127499255733698,5.127499255733698,diREt,anti_homophones
32074,1,11,0,4,2,-5.185933336310908,5.185933336310908,miko,anti_homophones
32075,1,2,0,7,3,-5.2757912090724775,5.2757912090724775,teleg@s,anti_homophones
32076,1,0,0,7,2,-6.298786295355663,6.298786295355663,p@sjabl,anti_homophones
32077,1,0,0,8,4,-7.659299743850112,7.659299743850112,Ostetine,anti_homophones
32078,1,12,0,4,2,-5.0486364277141,5.0486364277141,alis,anti_homophones
32079,1,5,0,4,2,-5.191197554293103,5.191197554293103,@bR@,anti_homophones
32080,1,1,0,6,3,-6.896963090285267,6.896963090285267,dezEje,anti_homophones
32081,1,0,0,9,4,-8.602487175731905,8.602487175731905,Re5fEstj5,anti_homophones
32082,1,0,0,7,3,-6.662955410780815,6.662955410780815,tymylti,anti_homophones
32083,1,1,0,8,3,-6.922617802521971,6.922617802521971,fORtonje,anti_homophones
32084,1,0,0,6,2,-6.351697630785409,6.351697630785409,pReSEn,anti_homophones
32085,1,5,0,4,2,-5.060342477264633,5.060342477264633,p5p@,anti_homophones
32086,1,3,0,4,2,-4.621789449250082,4.621789449250082,@kl5,anti_homophones
32087,1,2,0,6,2,-5.353565283843491,5.353565283843491,sfeR@s,anti_homophones
32088,1,8,0,4,2,-4.762648263208969,4.762648263208969,5kle,anti_homophones
32089,1,2,0,5,2,-5.257396047966288,5.257396047966288,idRik,anti_homophones
32090,1,0,0,8,3,-10.873496858103671,10.873496858103671,SnOstanE,anti_homophones
32091,1,0,0,7,3,-7.113061674148828,7.113061674148828,maRmuli,anti_homophones
32092,1,1,0,7,3,-5.848273703698125,5.848273703698125,bRyt°m@,anti_homophones
32093,1,0,0,8,4,-7.716130959314291,7.716130959314291,aRs2line,anti_homophones
32094,1,2,0,6,3,-5.019811959944402,5.019811959944402,mazone,anti_homophones
32095,1,0,0,11,3,-6.071861149740177,6.071861149740177,sypstRykt9R,anti_homophones
32096,1,0,0,8,4,-9.9364212961138,9.9364212961138,os°mERZi,anti_homophones
32097,1,5,0,5,2,-5.423722762903471,5.423722762903471,selEm,anti_homophones
32098,1,0,0,6,3,-7.367961697203361,7.367961697203361,ekatad,anti_homophones
32099,1,0,0,7,4,-7.32283347114436,7.32283347114436,eZadij§,anti_homophones
32100,1,0,0,7,3,-5.949098380333043,5.949098380333043,pRotije,anti_homophones
32101,1,1,0,5,3,-5.46295454373789,5.46295454373789,inope,anti_homophones
32102,1,0,0,7,3,-5.655722131272276,5.655722131272276,R°SiNOl,anti_homophones
32103,1,0,0,7,3,-6.89630004037471,6.89630004037471,efaRabl,anti_homophones
32104,1,1,0,7,3,-7.306946917895635,7.306946917895635,abERkyl,anti_homophones
32105,1,4,0,5,2,-5.8679691427604626,5.8679691427604626,linit,anti_homophones
32106,1,0,0,8,4,-10.165814507251255,10.165814507251255,esuRd°la,anti_homophones
32107,1,1,0,7,4,-5.442378281298706,5.442378281298706,5tERite,anti_homophones
32108,1,0,0,7,4,-6.725173180756901,6.725173180756901,em2teRe,anti_homophones
32109,1,0,0,11,4,-7.611743322761538,7.611743322761538,deRit8alizm,anti_homophones
32110,1,0,0,7,3,-6.735836673345738,6.735836673345738,pylvEj@,anti_homophones
32111,1,0,0,10,4,-9.232364626832437,9.232364626832437,afadaptERn,anti_homophones
32112,1,0,0,9,3,-6.523011758353421,6.523011758353421,pRopozibl,anti_homophones
32113,1,0,0,9,4,-10.018081168712028,10.018081168712028,debabiska,anti_homophones
32114,1,1,0,6,2,-4.789233645716042,4.789233645716042,fuRSyR,anti_homophones
32115,1,7,0,6,3,-4.734947779644841,4.734947779644841,koRize,anti_homophones
32116,1,0,0,6,2,-6.319420412519353,6.319420412519353,dypl@t,anti_homophones
32117,1,0,0,8,4,-6.412109154491111,6.412109154491111,velozite,anti_homophones
32118,1,0,0,7,4,-8.6824669941868,8.6824669941868,goemita,anti_homophones
32119,1,0,0,7,3,-5.893999401934473,5.893999401934473,k§t@tif,anti_homophones
32120,1,3,0,7,3,-5.2953491446552166,5.2953491446552166,pikat9R,anti_homophones
32121,1,1,0,6,3,-6.40626002675305,6.40626002675305,otokOn,anti_homophones
32122,1,0,0,7,3,-6.301363875828317,6.301363875828317,vylsem@,anti_homophones
32123,1,0,0,7,3,-7.073364609127297,7.073364609127297,kadjoam,anti_homophones
32124,1,2,0,8,4,-6.080457647144341,6.080457647144341,manoloZi,anti_homophones
32125,1,0,0,10,4,-12.114005529134058,12.114005529134058,EmlEskORd@,anti_homophones
32126,1,7,0,4,2,-5.518453115829354,5.518453115829354,epip,anti_homophones
32127,1,1,0,7,3,-7.185629634114318,7.185629634114318,gR@site,anti_homophones
32128,1,1,0,8,4,-7.904581300383114,7.904581300383114,5klikite,anti_homophones
32129,1,0,0,8,3,-10.016941975743608,10.016941975743608,RedjezEn,anti_homophones
32130,1,6,0,5,2,-5.221043413410101,5.221043413410101,kil9R,anti_homophones
32131,1,8,0,6,3,-4.599612039790619,4.599612039790619,evasj§,anti_homophones
32132,1,1,0,6,2,-5.269693807588199,5.269693807588199,t5twaR,anti_homophones
32133,1,0,0,7,2,-5.833148757569212,5.833148757569212,admw5dR,anti_homophones
32134,1,2,0,5,2,-6.240934948808097,6.240934948808097,Swaj5,anti_homophones
32135,1,0,0,8,3,-7.685181347377963,7.685181347377963,seRebR@S,anti_homophones
32136,1,0,0,9,3,-7.5500713446430305,7.5500713446430305,sEptifist,anti_homophones
32137,1,2,0,6,2,-5.508762067505607,5.508762067505607,depRim,anti_homophones
32138,1,0,0,9,3,-8.544932052238545,8.544932052238545,skalpinER,anti_homophones
32139,1,0,0,8,4,-5.463095994572637,5.463095994572637,divEl°m@,anti_homophones
32140,1,0,0,10,4,-7.112309870364199,7.112309870364199,@ksgivifje,anti_homophones
32141,1,0,0,6,3,-6.822865709917904,6.822865709917904,mokyp@,anti_homophones
32142,1,0,0,8,3,-6.634988841033018,6.634988841033018,demaRjal,anti_homophones
32143,1,0,0,7,3,-5.334742857970249,5.334742857970249,5kizibl,anti_homophones
32144,1,3,0,5,2,-4.836758535025519,4.836758535025519,difyZ,anti_homophones
32145,1,1,0,7,2,-5.014552474614965,5.014552474614965,sygZEst,anti_homophones
32146,1,12,0,5,2,-5.230956263906795,5.230956263906795,tRote,anti_homophones
32147,1,0,0,8,3,-6.411607277001763,6.411607277001763,debRutje,anti_homophones
32148,1,2,0,7,3,-5.617295264954365,5.617295264954365,galat9R,anti_homophones
32149,1,0,0,8,3,-7.584956052298339,7.584956052298339,fafjable,anti_homophones
32150,1,0,0,7,3,-7.478771200095128,7.478771200095128,flapis@,anti_homophones
32151,1,0,0,7,3,-7.096099169595177,7.096099169595177,bjoZEn@,anti_homophones
32152,1,0,0,9,4,-8.955690211654483,8.955690211654483,kyRinefal,anti_homophones
32153,1,0,0,11,4,-10.622553653581567,10.622553653581567,efEktRogRiG,anti_homophones
32154,1,1,0,8,3,-6.214109443136446,6.214109443136446,stalasj§,anti_homophones
32155,1,0,0,7,2,-7.370239028900619,7.370239028900619,bRadjOd,anti_homophones
32156,1,0,0,8,2,-7.9677315159596525,7.9677315159596525,smistabl,anti_homophones
32157,1,0,0,7,3,-6.32037100292294,6.32037100292294,Revalje,anti_homophones
32158,1,0,0,9,4,-10.005921551518673,10.005921551518673,ZokaRgyle,anti_homophones
32159,1,0,0,9,4,-6.98633217361523,6.98633217361523,5syltifje,anti_homophones
32160,1,0,0,9,4,-6.711057191178344,6.711057191178344,buRbit°m@,anti_homophones
32161,1,0,0,9,4,-7.701147113471711,7.701147113471711,piZonizj§,anti_homophones
32162,1,0,0,11,4,-12.134725692003721,12.134725692003721,kwaRsERwaj2,anti_homophones
32163,1,1,0,6,2,-6.2246408910247135,6.2246408910247135,filitR,anti_homophones
32164,1,3,0,6,2,-4.901047760184503,4.901047760184503,viRZik,anti_homophones
32165,1,0,0,8,3,-7.36472850377051,7.36472850377051,k§kORbik,anti_homophones
32166,1,2,0,6,3,-6.458082318463097,6.458082318463097,@gR°l@,anti_homophones
32167,1,0,0,8,4,-8.374394118979815,8.374394118979815,kometon5,anti_homophones
32168,1,2,0,7,3,-6.456073740305266,6.456073740305266,Sal@sj§,anti_homophones
32169,1,0,0,8,4,-6.411078120266227,6.411078120266227,eklas°Ri,anti_homophones
32170,1,0,0,8,3,-7.39007329356975,7.39007329356975,fOsfalOg,anti_homophones
32171,1,8,0,4,2,-4.665321002683078,4.665321002683078,aRgo,anti_homophones
32172,1,0,0,9,3,-9.88494714135443,9.88494714135443,stisfemEt,anti_homophones
32173,1,0,0,9,4,-6.699069869539534,6.699069869539534,bOksikote,anti_homophones
32174,1,0,0,11,4,-12.506922202714287,12.506922202714287,kR°vetipwaz,anti_homophones
32175,1,3,0,8,3,-5.643446249356818,5.643446249356818,kolEksj§,anti_homophones
32176,1,0,0,6,3,-8.155737986075863,8.155737986075863,komiad,anti_homophones
32177,1,5,0,5,2,-5.57219913159459,5.57219913159459,mOnal,anti_homophones
32178,1,0,0,10,4,-8.855270881714628,8.855270881714628,tisyRalizm,anti_homophones
32179,1,2,0,7,3,-7.0874829757956075,7.0874829757956075,tRupEto,anti_homophones
32180,1,1,0,7,2,-7.814744350561979,7.814744350561979,sekspER,anti_homophones
32181,1,0,0,8,4,-8.208273691881589,8.208273691881589,defemaj§,anti_homophones
32182,1,0,0,8,3,-6.441624482386578,6.441624482386578,list@sj§,anti_homophones
32183,1,2,0,5,2,-5.654674819902638,5.654674819902638,dist§,anti_homophones
32184,1,1,0,5,2,-6.041595313356868,6.041595313356868,naniG,anti_homophones
32185,1,0,0,8,4,-7.370833335380189,7.370833335380189,neokRase,anti_homophones
32186,1,5,0,6,2,-4.929559956491408,4.929559956491408,kylt9R,anti_homophones
32187,1,0,0,10,4,-7.678722194455904,7.678722194455904,R°vivjat9R,anti_homophones
32188,1,4,0,5,2,-5.72029160582556,5.72029160582556,lepje,anti_homophones
32189,1,0,0,9,3,-8.588552661421494,8.588552661421494,aROtskizm,anti_homophones
32190,1,6,0,5,2,-5.423550362316503,5.423550362316503,kRomi,anti_homophones
32191,1,0,0,11,4,-10.783867227254111,10.783867227254111,gl@tistORte,anti_homophones
32192,1,6,0,5,2,-4.72398098033062,4.72398098033062,k§kyl,anti_homophones
32193,1,0,0,8,3,-8.516320585007843,8.516320585007843,Rakl@daZ,anti_homophones
32194,1,0,0,7,2,-8.293099664680641,8.293099664680641,stORkin,anti_homophones
32195,1,0,0,8,3,-8.017626305842617,8.017626305842617,islasist,anti_homophones
32196,1,4,0,7,3,-5.3356578534492725,5.3356578534492725,pREm°m@,anti_homophones
32197,1,22,0,4,2,-4.5399403378302345,4.5399403378302345,fyRe,anti_homophones
32198,1,0,0,7,4,-6.527540499472588,6.527540499472588,@supije,anti_homophones
32199,1,1,0,7,3,-6.368339792190216,6.368339792190216,gRafito,anti_homophones
32200,1,3,0,7,4,-5.579211867169787,5.579211867169787,asilite,anti_homophones
32201,1,0,0,8,3,-5.6409478790526135,5.6409478790526135,5dEmnizm,anti_homophones
32202,1,2,0,6,2,-6.260287287257989,6.260287287257989,RuZatR,anti_homophones
32203,1,0,1,7,3,-6.4232477904069265,6.4232477904069265,ORgamik,anti_homophones
32204,1,0,0,6,2,-5.474734789007874,5.474734789007874,R°kROS,anti_homophones
32205,1,0,0,5,2,-6.4198629411511785,6.4198629411511785,RubiN,anti_homophones
32206,1,1,0,7,3,-6.487054460705451,6.487054460705451,vRaZ°m@,anti_homophones
32207,1,0,0,8,4,-10.261690197267127,10.261690197267127,k§sERuj2,anti_homophones
32208,1,0,0,12,4,-12.457734343014732,12.457734343014732,degRavedjakl,anti_homophones
32209,1,0,0,7,3,-9.380665813235334,9.380665813235334,dobal@d,anti_homophones
32210,1,0,0,10,4,-9.248295763290463,9.248295763290463,sakRapot9R,anti_homophones
32211,1,0,0,9,3,-6.005177151204582,6.005177151204582,Opseks8El,anti_homophones
32212,1,0,0,8,4,-9.483067952436846,9.483067952436846,@filadiS,anti_homophones
32213,1,1,0,5,2,-4.82454953231138,4.82454953231138,ded8i,anti_homophones
32214,1,0,0,9,4,-8.791460416554878,8.791460416554878,patSiS°lo,anti_homophones
32215,1,0,0,7,4,-8.39777599994756,8.39777599994756,aeRjaSe,anti_homophones
32216,1,0,0,6,2,-5.620211105364697,5.620211105364697,Repybl,anti_homophones
32217,1,0,0,6,2,-6.260601025369589,6.260601025369589,negREn,anti_homophones
32218,1,0,0,10,4,-8.255423687524535,8.255423687524535,taktivizif,anti_homophones
32219,1,2,0,5,3,-5.714754717729867,5.714754717729867,in@se,anti_homophones
32220,1,5,0,5,3,-5.5343444365757675,5.5343444365757675,ekit@,anti_homophones
32221,1,0,0,9,4,-6.864491427207645,6.864491427207645,goelEktyR,anti_homophones
32222,1,0,0,8,4,-8.13897255353518,8.13897255353518,@kaRbOne,anti_homophones
32223,1,0,0,6,2,-5.789361092380782,5.789361092380782,pERfas,anti_homophones
32224,1,0,0,7,3,-7.374420826868695,7.374420826868695,bRatomi,anti_homophones
32225,1,0,0,9,4,-8.072123801856335,8.072123801856335,bR@S°vale,anti_homophones
32226,1,1,0,8,3,-6.967676426247385,6.967676426247385,kRwEt°m@,anti_homophones
32227,1,0,0,8,4,-7.4067343448245495,7.4067343448245495,kalOk°te,anti_homophones
32228,1,0,0,7,3,-7.9613347201967715,7.9613347201967715,evolEkt,anti_homophones
32229,1,3,0,8,3,-5.688447160932734,5.688447160932734,pRomasj§,anti_homophones
32230,1,2,0,5,3,-6.014581040083414,6.014581040083414,apok@,anti_homophones
32231,1,0,0,6,2,-5.705246530076072,5.705246530076072,stenER,anti_homophones
32232,1,0,0,10,4,-8.493256276934863,8.493256276934863,RusaRwat9R,anti_homophones
32233,1,2,0,9,4,-5.806680383348668,5.806680383348668,k@tabl°m@,anti_homophones
32234,1,2,0,6,3,-5.610872579810081,5.610872579810081,Sod°Ri,anti_homophones
32235,1,0,0,8,4,-10.41980700672682,10.41980700672682,ajatij9R,anti_homophones
32236,1,13,0,4,2,-4.498177354098074,4.498177354098074,baga,anti_homophones
32237,1,0,0,7,3,-4.907766671035485,4.907766671035485,pRovoid,anti_homophones
32238,1,0,0,6,3,-7.555155172742383,7.555155172742383,vOteZi,anti_homophones
32239,1,4,0,6,3,-5.82784942587559,5.82784942587559,sotize,anti_homophones
32240,1,5,0,4,2,-4.661559099778291,4.661559099778291,@b8e,anti_homophones
32241,1,13,0,4,2,-5.2587145929230825,5.2587145929230825,pemi,anti_homophones
32242,1,1,0,5,3,-5.696105551403382,5.696105551403382,okain,anti_homophones
32243,1,4,0,5,2,-5.176059940827288,5.176059940827288,sytje,anti_homophones
32244,1,2,0,5,3,-5.540353688137597,5.540353688137597,seleo,anti_homophones
32245,1,0,0,8,4,-8.810357785953581,8.810357785953581,eRistin2,anti_homophones
32246,1,0,0,9,4,-6.808825730629719,6.808825730629719,otopeRabl,anti_homophones
32247,1,1,0,5,2,-5.648955324892978,5.648955324892978,st@dy,anti_homophones
32248,1,0,0,10,4,-9.995687710418093,9.995687710418093,RasablazEl,anti_homophones
32249,1,0,0,6,3,-6.145897059007111,6.145897059007111,k@tipe,anti_homophones
32250,1,6,0,6,2,-5.226643503013385,5.226643503013385,Ostabl,anti_homophones
32251,1,3,0,5,2,-5.319751829906999,5.319751829906999,sypEs,anti_homophones
32252,1,3,0,5,2,-5.37560673756385,5.37560673756385,teRja,anti_homophones
32253,1,3,0,5,2,-5.470082716203742,5.470082716203742,maREs,anti_homophones
32254,1,0,0,10,4,-9.50055670889591,9.50055670889591,5vEstRidj2,anti_homophones
32255,1,0,0,10,4,-9.432538835025543,9.432538835025543,planEskOpe,anti_homophones
32256,1,0,0,7,3,-6.013343836817657,6.013343836817657,kaRap2t,anti_homophones
32257,1,5,0,6,2,-4.843305536370508,4.843305536370508,pitabl,anti_homophones
32258,1,2,0,9,4,-6.08929173368917,6.08929173368917,sem@tasj§,anti_homophones
32259,1,0,0,8,3,-6.985177592550241,6.985177592550241,aRbyRlyR,anti_homophones
32260,1,0,0,9,3,-11.703362147341501,11.703362147341501,d@ptOksj5,anti_homophones
32261,1,0,0,8,4,-7.248344089622858,7.248344089622858,ReteREz§,anti_homophones
32262,1,12,0,4,2,-4.514408840256296,4.514408840256296,elj5,anti_homophones
32263,1,3,0,7,3,-5.117368326173434,5.117368326173434,5tERnje,anti_homophones
32264,1,0,0,6,2,-6.8699267088574665,6.8699267088574665,ZEstEm,anti_homophones
32265,1,0,0,9,4,-9.404142840297027,9.404142840297027,5kRomaZEs,anti_homophones
32266,1,8,0,4,2,-5.456442011525098,5.456442011525098,eklo,anti_homophones
32267,1,0,0,6,3,-6.363061647045613,6.363061647045613,depyR5,anti_homophones
32268,1,1,0,6,2,-5.687917280287277,5.687917280287277,R°sikl,anti_homophones
32269,1,0,0,10,4,-11.64615534753993,11.64615534753993,adyktyRtin,anti_homophones
32270,1,0,0,7,3,-6.457730590527565,6.457730590527565,Ekstim@,anti_homophones
32271,1,6,0,5,2,-5.570067771276517,5.570067771276517,palj§,anti_homophones
32272,1,0,0,10,4,-8.443501631581345,8.443501631581345,s°kuvRwase,anti_homophones
32273,1,5,0,4,2,-5.002878733470771,5.002878733470771,Rut@,anti_homophones
32274,1,0,0,9,3,-9.71179654330067,9.71179654330067,plafmyz9R,anti_homophones
32275,1,4,0,4,2,-4.910486172334768,4.910486172334768,g§do,anti_homophones
32276,1,0,0,9,3,-12.25413896942321,12.25413896942321,f8ipistaf,anti_homophones
32277,1,3,0,6,3,-5.452634815400612,5.452634815400612,paRam@,anti_homophones
32278,1,0,0,6,3,-6.460222359749064,6.460222359749064,kypeRo,anti_homophones
32279,1,0,0,8,3,-8.280908922852102,8.280908922852102,megRozEj,anti_homophones
32280,1,19,0,3,2,-4.344753575162915,4.344753575162915,yte,anti_homophones
32281,1,0,0,9,4,-6.706747612131621,6.706747612131621,komynifOR,anti_homophones
32282,1,6,0,6,2,-4.957997827445368,4.957997827445368,kORdje,anti_homophones
32283,1,0,0,9,4,-6.330697190016125,6.330697190016125,neglis°m@,anti_homophones
32284,1,1,0,6,2,-8.393472293230968,8.393472293230968,k§suRn,anti_homophones
32285,1,0,0,7,3,-6.541505294340283,6.541505294340283,malam9R,anti_homophones
32286,1,4,0,5,2,-5.534705626981541,5.534705626981541,bal@Z,anti_homophones
32287,1,6,0,4,2,-5.364216658246576,5.364216658246576,lodi,anti_homophones
32288,1,0,0,6,2,-6.642392776800804,6.642392776800804,s8ifam,anti_homophones
32289,1,0,0,9,4,-9.205121284230128,9.205121284230128,penaminis,anti_homophones
32290,1,6,0,7,3,-5.309899324872569,5.309899324872569,sonasj§,anti_homophones
32291,1,5,0,4,2,-5.541915525814681,5.541915525814681,@pOl,anti_homophones
32292,1,0,0,7,3,-6.206716775584344,6.206716775584344,R°m§t9R,anti_homophones
32293,1,0,0,5,2,-5.8193922875955675,5.8193922875955675,aglas,anti_homophones
32294,1,12,0,7,4,-5.0072573325350325,5.0072573325350325,atik°m@,anti_homophones
32295,1,8,0,5,2,-5.231589049853288,5.231589049853288,kaizm,anti_homophones
32296,1,2,0,5,2,-5.149931771471695,5.149931771471695,mezaR,anti_homophones
32297,1,0,0,10,4,-9.725220298322293,9.725220298322293,aRtebRajad,anti_homophones
32298,1,1,0,7,3,-6.480239726678204,6.480239726678204,k§siliG,anti_homophones
32299,1,0,0,10,4,-11.389648396402972,11.389648396402972,ponadjatin,anti_homophones
32300,1,0,0,6,2,-5.448239095878086,5.448239095878086,logRam,anti_homophones
32301,1,0,0,5,2,-5.9066606908447365,5.9066606908447365,biRut,anti_homophones
32302,1,0,0,6,3,-5.478754170480244,5.478754170480244,R°vEz§,anti_homophones
32303,1,0,0,8,3,-8.599518037431123,8.599518037431123,glistiSi,anti_homophones
32304,1,3,0,6,3,-5.744648971676904,5.744648971676904,egORne,anti_homophones
32305,1,1,0,6,3,-5.470468628308298,5.470468628308298,5sid@s,anti_homophones
32306,1,0,0,10,3,-8.233099532535958,8.233099532535958,stigRoskOp,anti_homophones
32307,1,0,0,9,4,-6.881032350579531,6.881032350579531,@pRizat9R,anti_homophones
32308,1,0,0,9,4,-11.748802015604163,11.748802015604163,s@sabR°lE,anti_homophones
32309,1,0,0,12,4,-9.183525815702858,9.183525815702858,EksikstRasj§,anti_homophones
32310,1,0,0,8,4,-7.235358249519363,7.235358249519363,atRak°Ri,anti_homophones
32311,1,0,0,7,3,-5.215544646899838,5.215544646899838,pRyd°Ri,anti_homophones
32312,1,0,0,9,4,-8.468192352562905,8.468192352562905,saRysifj@,anti_homophones
32313,1,1,0,7,3,-6.77913482019711,6.77913482019711,galeZj5,anti_homophones
32314,1,0,0,8,3,-7.198747286721649,7.198747286721649,pjanit9R,anti_homophones
32315,1,2,0,5,3,-5.121845536471238,5.121845536471238,eS@te,anti_homophones
32316,1,7,0,5,2,-5.122534765962232,5.122534765962232,metRa,anti_homophones
32317,1,4,0,4,2,-6.179995507652364,6.179995507652364,byS§,anti_homophones
32318,1,2,0,7,3,-6.486338126183964,6.486338126183964,@tORtaZ,anti_homophones
32319,1,0,0,8,3,-8.060344430334546,8.060344430334546,datajwaR,anti_homophones
32320,1,0,0,8,4,-10.783995671046322,10.783995671046322,meRetani,anti_homophones
32321,1,2,0,6,3,-5.531603892607659,5.531603892607659,miNoR@,anti_homophones
32322,1,1,0,7,3,-6.089333536524485,6.089333536524485,desilje,anti_homophones
32323,1,0,0,7,3,-7.880810085508549,7.880810085508549,pjomEj@,anti_homophones
32324,1,0,0,8,4,-7.090895571086127,7.090895571086127,geSaR°m@,anti_homophones
32325,1,5,0,4,2,-5.267260972859118,5.267260972859118,abEj,anti_homophones
32326,1,0,0,8,4,-9.104151219547392,9.104151219547392,gealinER,anti_homophones
32327,1,0,0,4,2,-5.987863290573811,5.987863290573811,m@S°,anti_homophones
32328,1,0,0,8,2,-7.618917638191775,7.618917638191775,pREstRaf,anti_homophones
32329,1,2,0,5,2,-5.814557892285825,5.814557892285825,Opsje,anti_homophones
32330,1,0,0,7,3,-8.551070001724236,8.551070001724236,vestage,anti_homophones
32331,1,0,1,9,4,-7.702300822558428,7.702300822558428,faminyzaR,anti_homophones
32332,1,0,0,9,3,-7.67274522082661,7.67274522082661,plas@blEm,anti_homophones
32333,1,1,0,5,3,-6.106565529162456,6.106565529162456,ebySE,anti_homophones
32334,1,1,0,7,3,-6.255030936053933,6.255030936053933,monokOk,anti_homophones
32335,1,8,0,4,2,-5.378691299383412,5.378691299383412,tiR§,anti_homophones
32336,1,0,0,9,4,-6.4760926493896385,6.4760926493896385,salvis°m@,anti_homophones
32337,1,20,0,4,2,-5.027312699196385,5.027312699196385,gase,anti_homophones
32338,1,0,0,8,4,-8.274691335773426,8.274691335773426,alkolape,anti_homophones
32339,1,0,0,9,4,-5.2065423192784515,5.2065423192784515,libeRasj§,anti_homophones
32340,1,0,0,10,4,-8.444429879949713,8.444429879949713,paRistit9R,anti_homophones
32341,1,0,0,6,2,-6.912419256539057,6.912419256539057,dilaRZ,anti_homophones
32342,1,1,0,6,2,-5.8579854103436375,5.8579854103436375,pROfOn,anti_homophones
32343,1,1,0,5,2,-5.33741257822005,5.33741257822005,kymEn,anti_homophones
32344,1,0,0,9,4,-7.746256655118934,7.746256655118934,pal°f9jaZ,anti_homophones
32345,1,0,0,9,4,-8.104107503220362,8.104107503220362,s5kRedyRe,anti_homophones
32346,1,2,0,7,2,-6.239390280386949,6.239390280386949,tRotwaR,anti_homophones
32347,1,16,0,5,2,-4.934045007277701,4.934045007277701,kRote,anti_homophones
32348,1,0,0,6,3,-6.908227196098496,6.908227196098496,iReEgR,anti_homophones
32349,1,3,0,6,2,-6.166516831372494,6.166516831372494,Zjasj§,anti_homophones
32350,1,0,0,9,3,-9.312187885638137,9.312187885638137,p@pREspat,anti_homophones
32351,1,8,0,6,3,-5.77641392904035,5.77641392904035,sEm°m@,anti_homophones
32352,1,0,0,10,4,-12.604792623428152,12.604792623428152,m@djOgR@dE,anti_homophones
32353,1,1,0,6,3,-6.672483213977952,6.672483213977952,filOte,anti_homophones
32354,1,1,0,9,3,-6.728639328620913,6.728639328620913,pRogRafis,anti_homophones
32355,1,0,0,7,3,-6.301398278372686,6.301398278372686,RekORd@,anti_homophones
32356,1,0,0,9,4,-6.025141746009039,6.025141746009039,liminasj§,anti_homophones
32357,1,4,0,4,2,-5.171011940721066,5.171011940721066,abOS,anti_homophones
32358,1,0,0,7,3,-8.413063509257295,8.413063509257295,badeklE,anti_homophones
32359,1,0,0,10,4,-10.261893065552515,10.261893065552515,dedjatleR2,anti_homophones
32360,1,0,0,8,3,-9.106329505680918,9.106329505680918,lokRanjo,anti_homophones
32361,1,0,0,10,4,-7.874285234753698,7.874285234753698,pResjalim@,anti_homophones
32362,1,3,0,6,2,-5.446045011416982,5.446045011416982,pEktif,anti_homophones
32363,1,1,0,6,2,-5.124321154282026,5.124321154282026,gRafjo,anti_homophones
32364,1,1,0,8,4,-6.160613874286906,6.160613874286906,es8is°m@,anti_homophones
32365,1,0,0,5,2,-5.742076132284436,5.742076132284436,asuRd,anti_homophones
32366,1,6,0,5,3,-5.008194976470301,5.008194976470301,5peR@,anti_homophones
32367,1,0,0,10,4,-9.472140802865658,9.472140802865658,apRimalmuz,anti_homophones
32368,1,0,0,8,4,-7.358176122075242,7.358176122075242,byRolOZi,anti_homophones
32369,1,0,0,9,4,-9.294934385214525,9.294934385214525,efals§bRe,anti_homophones
32370,1,2,0,6,3,-5.762131307506185,5.762131307506185,ReZim@,anti_homophones
32371,1,4,0,8,3,-5.116193461154181,5.116193461154181,dedyksj§,anti_homophones
32372,1,0,0,7,3,-8.231725921795565,8.231725921795565,tamidjo,anti_homophones
32373,1,0,0,10,4,-9.133488978058711,9.133488978058711,jORdjOlOZi,anti_homophones
32374,1,5,0,5,2,-5.5630014188996295,5.5630014188996295,bloSe,anti_homophones
32375,1,0,0,10,4,-9.488140609013495,9.488140609013495,oklasEpsj§,anti_homophones
32376,1,2,1,7,3,-4.785460896103062,4.785460896103062,komyniR,anti_homophones
32377,1,0,0,7,3,-8.094381959937124,8.094381959937124,okaRlEt,anti_homophones
32378,1,0,0,8,4,-7.772307722417331,7.772307722417331,5tRavase,anti_homophones
32379,1,2,0,6,3,-7.277538176237626,7.277538176237626,fenyRe,anti_homophones
32380,1,0,0,11,4,-10.176220105396679,10.176220105396679,plaZEstRako,anti_homophones
32381,1,0,0,8,4,-6.8028363942227665,6.8028363942227665,vetivite,anti_homophones
32382,1,1,0,6,2,-5.334738645763896,5.334738645763896,sil5dR,anti_homophones
32383,1,0,0,11,4,-11.046691543997692,11.046691543997692,SaRlEskuROn,anti_homophones
32384,1,0,0,8,4,-8.986128015940292,8.986128015940292,zoofEsta,anti_homophones
32385,1,0,0,11,4,-10.182274844226674,10.182274844226674,paRsifjevis,anti_homophones
32386,1,1,0,7,4,-6.189819322373364,6.189819322373364,Onik°m@,anti_homophones
32387,1,3,0,8,4,-5.126453556079304,5.126453556079304,aRN2z°m@,anti_homophones
32388,1,0,0,10,4,-12.116918571795185,12.116918571795185,psaRm@tER§,anti_homophones
32389,1,0,0,9,2,-9.951892405447154,9.951892405447154,skRepRink,anti_homophones
32390,1,0,0,8,3,-6.263965361512173,6.263965361512173,@ksjonEt,anti_homophones
32391,1,0,0,7,3,-7.547938838036479,7.547938838036479,pERRen§,anti_homophones
32392,1,2,0,8,4,-6.080337740194453,6.080337740194453,ZemoloZi,anti_homophones
32393,1,0,0,9,4,-8.663022178376831,8.663022178376831,iRezidRam,anti_homophones
32394,1,1,0,5,2,-5.542564718724781,5.542564718724781,likyl,anti_homophones
32395,1,2,0,5,2,-5.625422777895438,5.625422777895438,@gust,anti_homophones
32396,1,1,0,8,4,-5.996163174995908,5.996163174995908,vagaZ°m@,anti_homophones
32397,1,0,0,6,3,-6.0172782710329695,6.0172782710329695,RigolE,anti_homophones
32398,1,4,0,5,2,-6.228220505431974,6.228220505431974,valam,anti_homophones
32399,1,1,0,6,3,-7.333806013530371,7.333806013530371,sij2te,anti_homophones
32400,1,0,0,7,3,-6.3373254470530105,6.3373254470530105,makol9R,anti_homophones
32401,1,2,0,6,2,-6.093536241186403,6.093536241186403,gROlOg,anti_homophones
32402,1,1,0,5,2,-5.380694923144575,5.380694923144575,Regl@,anti_homophones
32403,1,0,0,9,4,-8.157674378563021,8.157674378563021,fosilfite,anti_homophones
32404,1,5,0,6,2,-6.087360667911545,6.087360667911545,maRSiz,anti_homophones
32405,1,0,0,7,3,-6.1354210172421055,6.1354210172421055,dek§sEt,anti_homophones
32406,1,0,0,7,3,-7.131268584089034,7.131268584089034,p§tamid,anti_homophones
32407,1,0,0,6,2,-6.541051417173157,6.541051417173157,pRom@S,anti_homophones
32408,1,1,0,5,3,-5.943066405771993,5.943066405771993,eteRa,anti_homophones
32409,1,0,0,6,3,-6.768588785227135,6.768588785227135,asidoz,anti_homophones
32410,1,1,0,9,4,-5.654227563748133,5.654227563748133,degylasj§,anti_homophones
32411,1,1,0,9,4,-6.968903877346156,6.968903877346156,tRibal°m@,anti_homophones
32412,1,0,0,9,4,-7.863187412171699,7.863187412171699,noteinizm,anti_homophones
32413,1,0,0,5,2,-6.863859289306262,6.863859289306262,ElEnt,anti_homophones
32414,1,18,0,4,2,-4.945063322352651,4.945063322352651,kaR2,anti_homophones
32415,1,1,0,6,2,-6.278441712688893,6.278441712688893,pyltik,anti_homophones
32416,1,0,0,7,3,-6.9880333844822085,6.9880333844822085,Res°laZ,anti_homophones
32417,1,0,0,7,3,-8.209427386489285,8.209427386489285,vwatin2,anti_homophones
32418,1,7,0,5,2,-4.651855500762211,4.651855500762211,5st@s,anti_homophones
32419,1,1,0,6,2,-6.763827737277782,6.763827737277782,s5fizm,anti_homophones
32420,1,14,0,5,2,-5.0797378844796315,5.0797378844796315,patiR,anti_homophones
32421,1,0,0,10,4,-6.551648828336372,6.551648828336372,paRteRasj§,anti_homophones
32422,1,3,0,6,3,-5.604431380406955,5.604431380406955,imoRal,anti_homophones
32423,1,2,0,8,4,-5.9532046250594055,5.9532046250594055,ORganiz@,anti_homophones
32424,1,2,0,6,3,-5.276253597847666,5.276253597847666,kymyle,anti_homophones
32425,1,5,0,6,2,-5.390550317035867,5.390550317035867,Rasabl,anti_homophones
32426,1,0,0,8,4,-8.731644727397573,8.731644727397573,@gufRake,anti_homophones
32427,1,6,0,4,2,-5.070023552391102,5.070023552391102,limo,anti_homophones
32428,1,1,0,7,3,-6.405980712164427,6.405980712164427,limalje,anti_homophones
32429,1,1,0,9,4,-6.043610989443428,6.043610989443428,R2nabl°m@,anti_homophones
32430,1,0,0,9,2,-9.312170743255146,9.312170743255146,Zwnsjasj§,anti_homophones
32431,1,4,0,5,2,-6.275147519850917,6.275147519850917,flyRi,anti_homophones
32432,1,4,0,5,2,-5.326270950762838,5.326270950762838,l@dER,anti_homophones
32433,1,7,0,5,2,-5.241135134300755,5.241135134300755,devit,anti_homophones
32434,1,2,0,6,2,-6.2184848494817215,6.2184848494817215,desitR,anti_homophones
32435,1,1,0,6,3,-6.258406499758093,6.258406499758093,yRsite,anti_homophones
32436,1,0,0,9,4,-8.70710832525806,8.70710832525806,tetilibER,anti_homophones
32437,1,0,0,8,3,-6.98931136950011,6.98931136950011,kabRijEt,anti_homophones
32438,1,3,0,5,2,-4.654456721129657,4.654456721129657,pRov5,anti_homophones
32439,1,8,0,7,3,-4.868846094492798,4.868846094492798,pwaz°m@,anti_homophones
32440,1,0,0,8,3,-7.766343015319693,7.766343015319693,bakORnal,anti_homophones
32441,1,1,0,8,3,-6.270919102856053,6.270919102856053,kolaRizm,anti_homophones
32442,1,0,0,10,4,-10.31613815976085,10.31613815976085,kybREv°niG,anti_homophones
32443,1,0,0,7,3,-7.6089814695403435,7.6089814695403435,l§gasto,anti_homophones
32444,1,0,0,8,4,-6.149547228952638,6.149547228952638,suSEt°m@,anti_homophones
32445,1,6,0,4,2,-5.379148029956567,5.379148029956567,Zano,anti_homophones
32446,1,5,0,4,2,-4.602765389472894,4.602765389472894,nuvo,anti_homophones
32447,1,0,0,8,4,-10.392731904150862,10.392731904150862,gaeRoRip,anti_homophones
32448,1,6,0,6,2,-5.1513750797054865,5.1513750797054865,Ripsj§,anti_homophones
32449,1,1,0,5,3,-7.0605834586571925,7.0605834586571925,akuS§,anti_homophones
32450,1,0,0,11,4,-10.31992838198221,10.31992838198221,kRasERZes@s,anti_homophones
32451,1,0,0,7,3,-6.0958832892302945,6.0958832892302945,paRatEl,anti_homophones
32452,1,2,0,6,3,-5.743877327892613,5.743877327892613,5sonEt,anti_homophones
32453,1,1,0,8,3,-6.319889706529449,6.319889706529449,ZenetRik,anti_homophones
32454,1,0,0,5,2,-6.193944071002034,6.193944071002034,sedag,anti_homophones
32455,1,0,0,9,3,-7.9767625939256686,7.9767625939256686,madRist@s,anti_homophones
32456,1,4,0,5,2,-5.316400117441713,5.316400117441713,RepaR,anti_homophones
32457,1,4,0,4,2,-5.278628033429266,5.278628033429266,@bad,anti_homophones
32458,1,0,0,7,3,-6.174968036206961,6.174968036206961,glijote,anti_homophones
32459,1,0,0,8,4,-8.284722561563964,8.284722561563964,baRomEje,anti_homophones
32460,1,0,0,10,3,-9.848926669115805,9.848926669115805,kaRdjovajv,anti_homophones
32461,1,0,0,9,4,-7.732132335930246,7.732132335930246,paR@blote,anti_homophones
32462,1,0,0,7,3,-6.892533191460482,6.892533191460482,kRij@te,anti_homophones
32463,1,1,0,8,3,-5.714981198903801,5.714981198903801,fotomEtR,anti_homophones
32464,1,0,0,6,2,-5.572999200858382,5.572999200858382,bluz9R,anti_homophones
32465,1,0,0,9,4,-6.844815770335519,6.844815770335519,kafeblije,anti_homophones
32466,1,0,0,8,3,-6.1413910493243575,6.1413910493243575,EkstOksi,anti_homophones
32467,1,2,0,7,4,-6.296217439927905,6.296217439927905,2Rol°m@,anti_homophones
32468,1,0,0,9,4,-6.455170788379247,6.455170788379247,dek§fiRme,anti_homophones
32469,1,0,0,7,3,-6.6405664203704395,6.6405664203704395,pRimini,anti_homophones
32470,1,6,1,5,3,-4.721753594243109,4.721753594243109,inize,anti_homophones
32471,1,10,1,5,2,-4.829458228154094,4.829458228154094,fas9R,anti_homophones
32472,1,10,0,5,2,-5.026176801240739,5.026176801240739,kRuse,anti_homophones
32473,1,0,0,8,4,-6.31226926241871,6.31226926241871,dyRas°m@,anti_homophones
32474,1,0,0,8,4,-5.735563892715013,5.735563892715013,@gORZ°Ri,anti_homophones
32475,1,0,0,7,3,-7.976279883385385,7.976279883385385,patERZE,anti_homophones
32476,1,2,0,7,3,-4.393802503902098,4.393802503902098,Egzisj§,anti_homophones
32477,1,1,0,6,2,-4.893743696223229,4.893743696223229,Ekst82,anti_homophones
32478,1,1,0,7,3,-5.856458517073319,5.856458517073319,s°kwete,anti_homophones
32479,1,17,0,5,2,-4.69265957551891,4.69265957551891,Raj9R,anti_homophones
32480,1,1,0,7,3,-7.386351524063705,7.386351524063705,p5tamaZ,anti_homophones
32481,1,6,0,4,2,-4.95097025290824,4.95097025290824,fiSy,anti_homophones
32482,1,0,0,8,3,-6.196377161810722,6.196377161810722,SifRatik,anti_homophones
32483,1,0,0,8,3,-8.600568186883017,8.600568186883017,flemaRik,anti_homophones
32484,1,0,0,8,3,-7.534207625080774,7.534207625080774,kRulonik,anti_homophones
32485,1,4,0,5,2,-5.24879301677846,5.24879301677846,R°t@s,anti_homophones
32486,1,7,0,5,2,-4.4858390218477,4.4858390218477,k§tik,anti_homophones
32487,1,2,0,7,3,-6.678794566704566,6.678794566704566,maRaZ9R,anti_homophones
32488,1,2,0,5,3,-5.100819935443705,5.100819935443705,Os°le,anti_homophones
32489,1,2,0,7,4,-5.929175198136197,5.929175198136197,@baRize,anti_homophones
32490,1,32,1,6,3,-4.5825248371238025,4.5825248371238025,aRasj§,anti_homophones
32491,1,0,0,7,3,-5.277701429471207,5.277701429471207,Egzakte,anti_homophones
32492,1,3,0,6,2,-5.099668448712788,5.099668448712788,kRis9R,anti_homophones
32493,1,12,0,4,2,-4.885924832588529,4.885924832588529,oREl,anti_homophones
32494,1,0,0,7,2,-5.476770954390213,5.476770954390213,kwadRik,anti_homophones
32495,1,0,0,6,3,-6.754405990869639,6.754405990869639,fatati,anti_homophones
32496,1,0,0,11,4,-9.277500007106964,9.277500007106964,m9RtRilasj§,anti_homophones
32497,1,4,0,5,2,-4.938492183239413,4.938492183239413,agRam,anti_homophones
32498,1,3,0,6,2,-5.178828677454399,5.178828677454399,RamEtR,anti_homophones
32499,1,0,0,8,2,-6.71767776690919,6.71767776690919,puRvwatR,anti_homophones
32500,1,14,0,4,2,-4.81944202553615,4.81944202553615,depa,anti_homophones
32501,1,0,0,8,4,-6.275651897698233,6.275651897698233,5tOkasj§,anti_homophones
32502,1,2,0,5,3,-6.134657138072497,6.134657138072497,egozo,anti_homophones
32503,1,2,0,5,2,-5.488962574553882,5.488962574553882,kjave,anti_homophones
32504,1,12,1,6,3,-5.246839239168469,5.246839239168469,tit°m@,anti_homophones
32505,1,4,0,5,3,-5.374663030206114,5.374663030206114,anOmi,anti_homophones
32506,1,4,0,5,2,-5.584701978598596,5.584701978598596,klasi,anti_homophones
32507,1,0,0,7,3,-6.1483033818564685,6.1483033818564685,malitER,anti_homophones
32508,1,0,0,7,3,-7.006757926867927,7.006757926867927,emobizm,anti_homophones
32509,1,0,0,9,4,-7.314551071409341,7.314551071409341,koeR@sjal,anti_homophones
32510,1,3,0,5,2,-6.183194494537562,6.183194494537562,@tREz,anti_homophones
32511,1,0,0,7,3,-6.102386314055106,6.102386314055106,dam@tal,anti_homophones
32512,1,0,0,8,4,-7.585495109795196,7.585495109795196,oksidite,anti_homophones
32513,1,0,0,7,3,-6.772304461931029,6.772304461931029,leZitin,anti_homophones
32514,1,3,0,7,3,-6.591172975502742,6.591172975502742,kalakte,anti_homophones
32515,1,5,0,6,2,-4.936126266920962,4.936126266920962,divizm,anti_homophones
32516,1,3,0,6,3,-5.518649834302584,5.518649834302584,otopik,anti_homophones
32517,1,7,0,5,2,-4.928418741457814,4.928418741457814,seziR,anti_homophones
32518,1,0,0,7,4,-5.6359693689440435,5.6359693689440435,5dikyle,anti_homophones
32519,1,3,0,4,2,-5.761981853559853,5.761981853559853,yRbo,anti_homophones
32520,1,0,0,8,3,-6.33850484819029,6.33850484819029,advERtiR,anti_homophones
32521,1,0,0,11,4,-7.723835595144428,7.723835595144428,tR@SEntl°m@,anti_homophones
32522,1,0,0,8,3,-8.38609105202098,8.38609105202098,s8ivR°me,anti_homophones
32523,1,0,0,9,3,-9.927504793566257,9.927504793566257,ZaR°m89gl,anti_homophones
32524,1,1,0,8,3,-6.509081982322587,6.509081982322587,p@talizm,anti_homophones
32525,1,0,0,7,3,-6.287384670126544,6.287384670126544,koREste,anti_homophones
32526,1,5,0,6,3,-5.411432044148277,5.411432044148277,fagone,anti_homophones
32527,1,1,0,6,2,-7.111209743070466,7.111209743070466,skavit,anti_homophones
32528,1,0,0,7,3,-6.180390392467305,6.180390392467305,defReSe,anti_homophones
32529,1,0,0,6,3,-7.254906057976867,7.254906057976867,imitaj,anti_homophones
32530,1,0,0,7,3,-7.1472307144371126,7.1472307144371126,aksesER,anti_homophones
32531,1,0,0,7,2,-6.7140932944314144,6.7140932944314144,tREmlOk,anti_homophones
32532,1,1,0,7,3,-6.379377201102813,6.379377201102813,ORtiz9R,anti_homophones
32533,1,0,0,7,2,-7.041130451524128,7.041130451524128,RamblaZ,anti_homophones
32534,1,0,0,8,4,-8.971705770733733,8.971705770733733,omeRitan,anti_homophones
32535,1,0,0,5,2,-6.167461887666867,6.167461887666867,nOtje,anti_homophones
32536,1,0,0,8,3,-6.882203507755635,6.882203507755635,Ekst@tal,anti_homophones
32537,1,8,0,5,2,-4.903607189183262,4.903607189183262,met9R,anti_homophones
32538,1,0,0,7,3,-7.397296952770935,7.397296952770935,mekalfa,anti_homophones
32539,1,1,0,6,3,-6.329715563248398,6.329715563248398,uvERZe,anti_homophones
32540,1,0,0,7,3,-7.170175570169539,7.170175570169539,fakymba,anti_homophones
32541,1,1,0,6,2,-5.589823094236116,5.589823094236116,pRevys,anti_homophones
32542,1,0,0,9,4,-9.707250592517214,9.707250592517214,Rokopolin,anti_homophones
32543,1,0,0,10,4,-8.050296101638043,8.050296101638043,godRogat9R,anti_homophones
32544,1,5,0,4,2,-5.123659451909209,5.123659451909209,mesi,anti_homophones
32545,1,1,0,4,2,-5.076269551352977,5.076269551352977,pOgo,anti_homophones
32546,1,5,0,5,2,-5.7784940560484195,5.7784940560484195,dataZ,anti_homophones
32547,1,9,0,4,2,-4.604996067428033,4.604996067428033,5fER,anti_homophones
32548,1,24,0,4,2,-4.467006920877241,4.467006920877241,atER,anti_homophones
32549,1,0,0,6,3,-7.273254288370521,7.273254288370521,foRiZ@,anti_homophones
32550,1,0,0,7,3,-6.560364497787438,6.560364497787438,s5bos8e,anti_homophones
32551,1,0,0,11,4,-10.57954190355527,10.57954190355527,tapotekORdR,anti_homophones
32552,1,0,0,10,3,-9.064682863670232,9.064682863670232,dRwas@tRik,anti_homophones
32553,1,0,0,7,3,-5.655175944986947,5.655175944986947,dekol9R,anti_homophones
32554,1,2,0,6,2,-6.736782139523736,6.736782139523736,k§kt82,anti_homophones
32555,1,11,0,8,3,-4.711672532654391,4.711672532654391,tRizasj§,anti_homophones
32556,1,0,0,7,3,-8.756265790522681,8.756265790522681,f°likOR,anti_homophones
32557,1,0,0,6,2,-6.1350914435428185,6.1350914435428185,dybist,anti_homophones
32558,1,0,0,8,4,-7.978656525046521,7.978656525046521,notipase,anti_homophones
32559,1,0,0,8,3,-7.729909752268625,7.729909752268625,samuft@s,anti_homophones
32560,1,1,0,7,3,-5.362819292998461,5.362819292998461,sut°n9R,anti_homophones
32561,1,0,0,6,3,-7.0926481294715025,7.0926481294715025,filOik,anti_homophones
32562,1,9,0,5,3,-5.300933271697075,5.300933271697075,5dyle,anti_homophones
32563,1,3,0,4,2,-5.058428936923814,5.058428936923814,t@g§,anti_homophones
32564,1,4,0,5,3,-5.775337866437075,5.775337866437075,omoti,anti_homophones
32565,1,0,0,9,4,-7.617815417986207,7.617815417986207,R°poRalit,anti_homophones
32566,1,5,0,5,3,-5.653843517829101,5.653843517829101,anate,anti_homophones
32567,1,0,0,9,4,-5.477197306639495,5.477197306639495,p§sabl°m@,anti_homophones
32568,1,0,0,8,3,-5.819250726278527,5.819250726278527,deplyvje,anti_homophones
32569,1,4,0,7,2,-4.808713428623925,4.808713428623925,palpabl,anti_homophones
32570,1,6,0,6,3,-5.606975737195832,5.606975737195832,R°kuR@,anti_homophones
32571,1,0,0,7,3,-7.146330649178866,7.146330649178866,R°fORni,anti_homophones
32572,1,0,0,8,4,-8.532522075487075,8.532522075487075,kapotago,anti_homophones
32573,1,0,0,5,2,-6.509088138159062,6.509088138159062,dElk§,anti_homophones
32574,1,0,0,8,3,-9.41583194953886,9.41583194953886,Sapikist,anti_homophones
32575,1,2,0,7,3,-4.883412378748958,4.883412378748958,Reakt9R,anti_homophones
32576,1,1,0,6,2,-6.01361860890025,6.01361860890025,les@dR,anti_homophones
32577,1,1,0,7,3,-5.898966558215452,5.898966558215452,k§sifje,anti_homophones
32578,1,0,0,7,3,-4.928775741905658,4.928775741905658,m2n8ite,anti_homophones
32579,1,5,0,5,3,-5.619926506097357,5.619926506097357,5sonE,anti_homophones
32580,1,2,0,5,2,-5.651489080183026,5.651489080183026,m§sti,anti_homophones
32581,1,0,0,7,3,-5.247638657292672,5.247638657292672,R°l°v9R,anti_homophones
32582,1,6,0,4,2,-4.962192975474116,4.962192975474116,elj§,anti_homophones
32583,1,2,0,5,2,-4.941249466366532,4.941249466366532,advER,anti_homophones
32584,1,0,0,5,2,-5.997123802174679,5.997123802174679,l@bis,anti_homophones
32585,1,0,0,7,3,-7.742397899330511,7.742397899330511,spaRaiR,anti_homophones
32586,1,7,0,6,2,-5.1077688433566415,5.1077688433566415,RotwaR,anti_homophones
32587,1,0,0,9,4,-6.591447009791284,6.591447009791284,dis8aliz@,anti_homophones
32588,1,9,0,4,2,-4.496587199099375,4.496587199099375,eval,anti_homophones
32589,1,7,0,4,2,-5.887987086672128,5.887987086672128,azit,anti_homophones
32590,1,0,0,6,3,-7.512307061143533,7.512307061143533,adezag,anti_homophones
32591,1,2,0,6,2,-5.840493971085731,5.840493971085731,pelabl,anti_homophones
32592,1,10,0,5,2,-4.826224544510845,4.826224544510845,sERne,anti_homophones
32593,1,0,0,8,4,-7.458719032419771,7.458719032419771,panagOZi,anti_homophones
32594,1,1,0,7,4,-5.757543052969103,5.757543052969103,egozite,anti_homophones
32595,1,0,0,7,3,-6.217180489148163,6.217180489148163,k§v@t82,anti_homophones
32596,1,0,0,9,4,-10.424558438094037,10.424558438094037,@pyRgRaj§,anti_homophones
32597,1,0,0,8,3,-7.027200328784623,7.027200328784623,guvERsja,anti_homophones
32598,1,4,0,6,2,-5.217397336318014,5.217397336318014,pRijER,anti_homophones
32599,1,2,0,6,3,-6.5434941064685725,6.5434941064685725,elERZe,anti_homophones
32600,1,6,1,5,2,-4.992469455955985,4.992469455955985,bonER,anti_homophones
32601,1,4,0,7,3,-6.515766338583489,6.515766338583489,balakte,anti_homophones
32602,1,4,0,5,2,-6.166987530894308,6.166987530894308,naREt,anti_homophones
32603,1,18,0,5,2,-4.418148823269414,4.418148823269414,pRole,anti_homophones
32604,1,0,0,11,4,-12.086438018202672,12.086438018202672,sikOlzasjEt,anti_homophones
32605,1,0,0,9,4,-7.262404214546023,7.262404214546023,R2kalisj§,anti_homophones
32606,1,26,0,3,2,-4.824846580021537,4.824846580021537,aky,anti_homophones
32607,1,0,0,9,4,-6.847910994939871,6.847910994939871,jodinasj§,anti_homophones
32608,1,1,0,6,3,-6.044665786717845,6.044665786717845,afRem@,anti_homophones
32609,1,0,0,7,4,-6.631105069736744,6.631105069736744,5pozeOl,anti_homophones
32610,1,0,0,7,2,-5.298368171170598,5.298368171170598,sERtizm,anti_homophones
32611,1,2,0,5,3,-6.458981539099882,6.458981539099882,papay,anti_homophones
32612,1,0,0,9,3,-8.559532491659263,8.559532491659263,bezbuRsj§,anti_homophones
32613,1,2,0,5,3,-5.887573101689791,5.887573101689791,5syli,anti_homophones
32614,1,2,0,6,3,-6.764232009939318,6.764232009939318,esonER,anti_homophones
32615,1,0,0,12,4,-8.682942162704915,8.682942162704915,pResERv@tabl,anti_homophones
32616,1,0,0,9,4,-10.180803765099238,10.180803765099238,syksomat5,anti_homophones
32617,1,0,0,5,2,-7.055241926699259,7.055241926699259,bobad,anti_homophones
32618,1,1,0,6,3,-5.865300477615683,5.865300477615683,depeRe,anti_homophones
32619,1,0,0,8,3,-7.973229575110839,7.973229575110839,dyRaljaR,anti_homophones
32620,1,0,0,7,3,-6.118149523057961,6.118149523057961,kanimik,anti_homophones
32621,1,6,0,6,3,-5.370524207596417,5.370524207596417,R@Z°Ri,anti_homophones
32622,1,0,0,9,3,-6.8770431469882665,6.8770431469882665,siRkytizm,anti_homophones
32623,1,1,0,7,3,-5.46523154158737,5.46523154158737,dezORde,anti_homophones
32624,1,0,0,7,3,-5.75821483285099,5.75821483285099,des@dje,anti_homophones
32625,1,0,0,9,4,-10.238277117496756,10.238277117496756,m§sififik,anti_homophones
32626,1,5,0,9,4,-5.34858541370024,5.34858541370024,daktiv°m@,anti_homophones
32627,1,0,0,8,3,-7.778037528918003,7.778037528918003,taliptik,anti_homophones
32628,1,0,0,11,4,-9.992337921326019,9.992337921326019,m@bRikidnap,anti_homophones
32629,1,1,0,5,2,-6.116003249250885,6.116003249250885,dOpiG,anti_homophones
32630,1,0,0,6,3,-5.700349922450307,5.700349922450307,R°paRa,anti_homophones
32631,1,3,0,6,2,-5.361568029679173,5.361568029679173,pRoSyR,anti_homophones
32632,1,2,0,5,2,-5.291338072077875,5.291338072077875,@kORn,anti_homophones
32633,1,0,0,11,4,-6.299816946000005,6.299816946000005,tRyktibl°m@,anti_homophones
32634,1,2,0,6,3,-6.124940622353899,6.124940622353899,odinal,anti_homophones
32635,1,0,0,7,2,-5.837242084292849,5.837242084292849,kRyptik,anti_homophones
32636,1,2,0,6,3,-6.279627307343566,6.279627307343566,kavaRo,anti_homophones
32637,1,0,0,6,2,-5.947618899077972,5.947618899077972,kuRtuz,anti_homophones
32638,1,0,0,6,2,-5.118501948387919,5.118501948387919,ObZEkt,anti_homophones
32639,1,0,0,9,4,-8.763215421766064,8.763215421766064,kanatist@,anti_homophones
32640,1,4,0,6,2,-5.524780452293766,5.524780452293766,RitwaR,anti_homophones
32641,1,4,0,5,2,-4.823700729601197,4.823700729601197,baRbo,anti_homophones
32642,1,0,0,6,3,-7.130991051241024,7.130991051241024,5plot2,anti_homophones
32643,1,5,0,4,2,-4.702689068062221,4.702689068062221,piZ§,anti_homophones
32644,1,0,0,8,3,-6.409964561935932,6.409964561935932,volysjEl,anti_homophones
32645,1,0,0,8,3,-10.012042216825192,10.012042216825192,gwaz§bik,anti_homophones
32646,1,0,0,7,3,-7.723195675841421,7.723195675841421,ostRijE,anti_homophones
32647,1,2,0,5,2,-5.2887363471205795,5.2887363471205795,5fEkt,anti_homophones
32648,1,1,0,9,4,-6.246609646102896,6.246609646102896,5divizibl,anti_homophones
32649,1,2,0,6,3,-6.947154000092253,6.947154000092253,elyRZe,anti_homophones
32650,1,0,0,7,4,-7.508982402700712,7.508982402700712,enig@t5,anti_homophones
32651,1,0,0,6,2,-6.772547145165306,6.772547145165306,SjanEl,anti_homophones
32652,1,12,1,4,2,-5.1771279015107785,5.1771279015107785,mad@,anti_homophones
32653,1,0,0,7,4,-7.073571603631026,7.073571603631026,@doZEne,anti_homophones
32654,1,0,0,7,3,-7.5559407312918285,7.5559407312918285,R°modiz,anti_homophones
32655,1,4,0,6,3,-5.121340403219652,5.121340403219652,ivwaje,anti_homophones
32656,1,0,0,5,2,-6.297717757629658,6.297717757629658,adR9m,anti_homophones
32657,1,4,1,6,3,-5.8017617457365445,5.8017617457365445,anit9R,anti_homophones
32658,1,14,1,6,3,-4.58163373677432,4.58163373677432,bat°m@,anti_homophones
32659,1,0,0,7,3,-6.727779279304843,6.727779279304843,saladR@,anti_homophones
32660,1,0,0,7,3,-8.352781467019117,8.352781467019117,§s°vabl,anti_homophones
32661,1,5,0,5,2,-5.466327049648671,5.466327049648671,mERdi,anti_homophones
32662,1,2,0,5,3,-6.263048436636303,6.263048436636303,iREn@,anti_homophones
32663,1,0,0,7,3,-6.541520622326305,6.541520622326305,odjatyR,anti_homophones
32664,1,0,0,6,3,-9.023542908772853,9.023542908772853,degaky,anti_homophones
32665,1,0,0,9,3,-8.009854095803817,8.009854095803817,mORbjafOn,anti_homophones
32666,1,0,0,9,4,-7.11957519104003,7.11957519104003,god§tOlOg,anti_homophones
32667,1,0,0,6,3,-6.105717807212177,6.105717807212177,esoRja,anti_homophones
32668,1,0,0,9,4,-7.655742805567449,7.655742805567449,klotidite,anti_homophones
32669,1,0,0,10,4,-8.768521421758427,8.768521421758427,Esk°linjER,anti_homophones
32670,1,0,0,9,4,-8.125589468883046,8.125589468883046,pRofobijo,anti_homophones
32671,1,1,0,6,2,-4.697031411876582,4.697031411876582,lw@Z9R,anti_homophones
32672,1,9,0,5,2,-5.777523758272377,5.777523758272377,Rin9R,anti_homophones
32673,1,0,0,8,4,-7.999080400873784,7.999080400873784,d°v°nOte,anti_homophones
32674,1,5,0,5,2,-5.230461969651372,5.230461969651372,k§dyl,anti_homophones
32675,1,6,0,5,2,-5.432663050217807,5.432663050217807,spaRe,anti_homophones
32676,1,0,0,7,3,-7.152086781107465,7.152086781107465,pRev@ta,anti_homophones
32677,1,0,0,9,3,-7.226715679319805,7.226715679319805,Eksjalist,anti_homophones
32678,1,4,0,5,3,-5.808485010964361,5.808485010964361,apale,anti_homophones
32679,1,1,0,7,3,-6.277702570892866,6.277702570892866,bobityd,anti_homophones
32680,1,2,0,7,2,-5.388019430769717,5.388019430769717,kRanizm,anti_homophones
32681,1,0,0,8,3,-8.78063655715989,8.78063655715989,sijasjER,anti_homophones
32682,1,2,0,5,2,-6.086215652536808,6.086215652536808,kakon,anti_homophones
32683,1,0,0,9,4,-6.389476479871069,6.389476479871069,R2finasj§,anti_homophones
32684,1,0,0,7,4,-8.160421943912587,8.160421943912587,Re@baba,anti_homophones
32685,1,15,0,4,2,-4.957633260592188,4.957633260592188,tyRi,anti_homophones
32686,1,7,0,6,2,-5.147616007689814,5.147616007689814,paRtil,anti_homophones
32687,1,3,0,6,3,-5.99177873744547,5.99177873744547,epERme,anti_homophones
32688,1,0,0,9,4,-6.95937172835282,6.95937172835282,bR5gOt°m@,anti_homophones
32689,1,4,0,9,4,-5.629617351833734,5.629617351833734,Zaktiv°m@,anti_homophones
32690,1,6,0,4,2,-4.995543762179522,4.995543762179522,ZoZe,anti_homophones
32691,1,0,0,8,4,-7.568390570540082,7.568390570540082,5sut°nij,anti_homophones
32692,1,13,0,5,2,-4.823248463176371,4.823248463176371,Redik,anti_homophones
32693,1,4,0,4,2,-4.965869814936715,4.965869814936715,5ZyR,anti_homophones
32694,1,1,0,7,3,-6.529380478726098,6.529380478726098,denERZe,anti_homophones
32695,1,1,0,5,3,-5.360337031101297,5.360337031101297,@R°Z@,anti_homophones
32696,1,0,0,8,4,-6.868173974100837,6.868173974100837,inomiz9R,anti_homophones
32697,1,0,0,6,2,-5.945310575504772,5.945310575504772,libREt,anti_homophones
32698,1,2,1,6,3,-5.615163815391634,5.615163815391634,n2RolE,anti_homophones
32699,1,4,0,6,2,-5.008588227490461,5.008588227490461,k§kist,anti_homophones
32700,1,5,0,4,2,-5.156297373184696,5.156297373184696,Osti,anti_homophones
32701,1,2,0,6,3,-6.572793285283519,6.572793285283519,metoik,anti_homophones
32702,1,0,0,8,3,-6.783659757498572,6.783659757498572,platyRje,anti_homophones
32703,1,0,0,7,3,-6.515705944841806,6.515705944841806,RetRaje,anti_homophones
32704,1,0,0,6,2,-6.180747466211836,6.180747466211836,kwajEn,anti_homophones
32705,1,0,0,9,4,-8.61470244185639,8.61470244185639,speRap°ly,anti_homophones
32706,1,1,0,6,3,-6.249264010383522,6.249264010383522,menazi,anti_homophones
32707,1,3,0,8,3,-5.426837879492941,5.426837879492941,plikasj§,anti_homophones
32708,1,5,0,4,2,-5.309925960555486,5.309925960555486,mOde,anti_homophones
32709,1,0,0,6,3,-5.942571926666463,5.942571926666463,kaf@dy,anti_homophones
32710,1,4,0,4,2,-5.68370094257206,5.68370094257206,afEs,anti_homophones
32711,1,1,0,6,2,-6.352500825955801,6.352500825955801,baRZEt,anti_homophones
32712,1,4,0,4,2,-4.7432879207744145,4.7432879207744145,l@gi,anti_homophones
32713,1,1,0,6,3,-6.177504955834401,6.177504955834401,amuj9R,anti_homophones
32714,1,0,0,7,4,-6.689358276606759,6.689358276606759,elaRize,anti_homophones
32715,1,0,0,8,3,-8.441992576517382,8.441992576517382,stRepato,anti_homophones
32716,1,0,0,7,3,-9.168277109139384,9.168277109139384,kRESike,anti_homophones
32717,1,0,0,9,4,-10.29952048516774,10.29952048516774,gijogOnjE,anti_homophones
32718,1,0,0,9,4,-7.8109421773316905,7.8109421773316905,5klakasj§,anti_homophones
32719,1,6,0,5,2,-4.8674569963926775,4.8674569963926775,mORfi,anti_homophones
32720,1,1,0,7,3,-6.792156566581926,6.792156566581926,bRoseRe,anti_homophones
32721,1,2,0,5,2,-5.782959106200662,5.782959106200662,flij@,anti_homophones
32722,1,11,0,5,2,-4.734616218964213,4.734616218964213,malER,anti_homophones
32723,1,13,0,6,3,-5.151960842434679,5.151960842434679,lat°m@,anti_homophones
32724,1,0,0,6,2,-5.137366957208574,5.137366957208574,desEps,anti_homophones
32725,1,2,0,6,3,-6.797740075456002,6.797740075456002,goRik5,anti_homophones
32726,1,0,0,6,2,-6.086879314198196,6.086879314198196,styRb5,anti_homophones
32727,1,0,0,8,4,-8.79418098751334,8.79418098751334,akonolOS,anti_homophones
32728,1,2,0,5,2,-5.919163774993267,5.919163774993267,sofis,anti_homophones
32729,1,0,0,12,4,-11.552295594096034,11.552295594096034,vwajuntuRlup,anti_homophones
32730,1,4,0,6,3,-4.517017536240648,4.517017536240648,telem@,anti_homophones
32731,1,0,0,6,3,-7.6583760620357655,7.6583760620357655,ofERme,anti_homophones
32732,1,0,0,8,3,-6.103256302465673,6.103256302465673,R°s@blOk,anti_homophones
32733,1,5,0,5,2,-5.9031595924564515,5.9031595924564515,disis,anti_homophones
32734,1,0,0,8,3,-7.960315773658201,7.960315773658201,bisERval,anti_homophones
32735,1,1,0,5,3,-6.135812961036492,6.135812961036492,5deka,anti_homophones
32736,1,13,0,4,2,-4.581400917429572,4.581400917429572,koR5,anti_homophones
32737,1,3,0,6,3,-6.282085183006681,6.282085183006681,netije,anti_homophones
32738,1,4,0,5,2,-5.003174340209245,5.003174340209245,flyOR,anti_homophones
32739,1,0,0,10,4,-11.613944792397978,11.613944792397978,som§kORtaR,anti_homophones
32740,1,0,0,7,3,-7.862180601234,7.862180601234,t°nifiG,anti_homophones
32741,1,0,0,8,3,-7.523744178701361,7.523744178701361,bos8etyl,anti_homophones
32742,1,0,0,11,4,-7.027091965368267,7.027091965368267,k§sjalizabl,anti_homophones
32743,1,0,0,5,2,-6.88340521103974,6.88340521103974,pOkso,anti_homophones
32744,1,0,0,8,3,-6.783476087237783,6.783476087237783,k§sEptOl,anti_homophones
32745,1,0,0,6,3,-6.208313209905665,6.208313209905665,fymase,anti_homophones
32746,1,0,0,10,4,-8.866156998340657,8.866156998340657,kRativitas,anti_homophones
32747,1,0,0,8,4,-7.28571039237115,7.28571039237115,ERg§zole,anti_homophones
32748,1,1,0,7,2,-5.556365724318714,5.556365724318714,maRsist,anti_homophones
32749,1,0,0,12,4,-12.51751189846164,12.51751189846164,mistResyRlyS,anti_homophones
32750,1,7,0,4,2,-5.136712464743896,5.136712464743896,l@dy,anti_homophones
32751,1,0,0,6,2,-6.412495532623963,6.412495532623963,bugR@s,anti_homophones
32752,1,0,0,8,3,-6.413430674394953,6.413430674394953,R°planik,anti_homophones
32753,1,2,0,5,3,-5.355312663495647,5.355312663495647,Reyni,anti_homophones
32754,1,0,0,9,4,-7.6006061883813905,7.6006061883813905,gR5pekyze,anti_homophones
32755,1,0,0,7,3,-5.243779945342675,5.243779945342675,asEpsj§,anti_homophones
32756,1,5,0,5,2,-5.20340099396896,5.20340099396896,pREs2,anti_homophones
32757,1,0,0,9,4,-5.967666713114107,5.967666713114107,polabl°m@,anti_homophones
32758,1,7,0,5,2,-4.769562607566189,4.769562607566189,pOlik,anti_homophones
32759,1,0,0,7,3,-6.158193047936753,6.158193047936753,p@S@t9R,anti_homophones
32760,1,3,0,4,2,-4.982172165591305,4.982172165591305,fosE,anti_homophones
32761,1,0,0,7,2,-6.518654479834111,6.518654479834111,kRystif,anti_homophones
32762,1,0,0,9,4,-9.761122363134048,9.761122363134048,tSinefavo,anti_homophones
32763,1,5,0,4,2,-4.9964031192596705,4.9964031192596705,fEso,anti_homophones
32764,1,4,0,5,2,-5.522033051011009,5.522033051011009,laRgo,anti_homophones
32765,1,2,0,5,2,-6.438510909623339,6.438510909623339,tijal,anti_homophones
32766,1,2,0,6,2,-4.861708739013533,4.861708739013533,vERs9R,anti_homophones
32767,1,0,0,8,4,-8.512211984755965,8.512211984755965,Z5komOde,anti_homophones
32768,1,0,0,10,4,-8.930901718685028,8.930901718685028,bElikasabl,anti_homophones
32769,1,0,0,9,4,-9.298492043502758,9.298492043502758,lufjOt°m@,anti_homophones
32770,1,4,1,8,3,-4.857378489119695,4.857378489119695,pORtasj§,anti_homophones
32771,1,0,0,8,4,-7.691934447602985,7.691934447602985,bagojEz§,anti_homophones
32772,1,0,0,10,4,-6.430282366167596,6.430282366167596,Reziljasj§,anti_homophones
32773,1,11,0,5,2,-4.618040168976303,4.618040168976303,bisj5,anti_homophones
32774,1,2,0,5,2,-7.775288041692512,7.775288041692512,taviz,anti_homophones
32775,1,15,0,4,2,-4.68026406133385,4.68026406133385,kol§,anti_homophones
32776,1,2,0,7,3,-6.970422925276995,6.970422925276995,monjER2,anti_homophones
32777,1,6,0,5,2,-6.489093259684304,6.489093259684304,monEm,anti_homophones
32778,1,0,0,9,4,-10.806897931251278,10.806897931251278,epERfilif,anti_homophones
32779,1,0,0,10,4,-8.462122534628637,8.462122534628637,RekanogRam,anti_homophones
32780,1,0,0,7,2,-6.088822597555582,6.088822597555582,speRjEl,anti_homophones
32781,1,1,0,6,2,-5.554273474759774,5.554273474759774,k8ijER,anti_homophones
32782,1,5,0,6,2,-5.7355253428329585,5.7355253428329585,pRevje,anti_homophones
32783,1,0,0,5,2,-5.565329957881898,5.565329957881898,snobi,anti_homophones
32784,1,7,0,5,2,-4.95281483860279,4.95281483860279,palpe,anti_homophones
32785,1,0,0,6,2,-6.042411754268435,6.042411754268435,gRiNas,anti_homophones
32786,1,0,0,8,3,-7.381765051576111,7.381765051576111,Rip9nS9R,anti_homophones
32787,1,0,0,9,4,-7.460814023080338,7.460814023080338,salm5site,anti_homophones
32788,1,0,0,10,4,-10.405022198068481,10.405022198068481,ZeotERpROl,anti_homophones
32789,1,0,0,8,3,-7.401429631248498,7.401429631248498,desigabl,anti_homophones
32790,1,0,0,11,4,-10.237588662240604,10.237588662240604,pRaksomanje,anti_homophones
32791,1,0,0,8,4,-7.282166541609769,7.282166541609769,fuRonize,anti_homophones
32792,1,5,0,7,3,-5.588198403902614,5.588198403902614,blas°m@,anti_homophones
32793,1,0,0,6,3,-6.859570651046942,6.859570651046942,imalme,anti_homophones
32794,1,19,0,6,3,-4.622352365793753,4.622352365793753,iRasj§,anti_homophones
32795,1,8,0,4,2,-5.658754939858217,5.658754939858217,opil,anti_homophones
32796,1,1,0,6,3,-5.908505488596866,5.908505488596866,sefas§,anti_homophones
32797,1,0,0,7,3,-8.327013104963541,8.327013104963541,f@tomje,anti_homophones
32798,1,3,0,4,2,-7.284106417212039,7.284106417212039,ksie,anti_homophones
32799,1,1,0,7,3,-7.867017098432372,7.867017098432372,ZyRam9R,anti_homophones
32800,1,1,0,7,3,-6.202869144436115,6.202869144436115,5pORtil,anti_homophones
32801,1,2,0,5,2,-5.559009006453968,5.559009006453968,Retan,anti_homophones
32802,1,0,0,6,3,-6.3629306707111235,6.3629306707111235,pER§py,anti_homophones
32803,1,1,1,7,3,-5.333661003489937,5.333661003489937,Re@psj§,anti_homophones
32804,1,0,0,8,3,-8.159643148649995,8.159643148649995,s5distEm,anti_homophones
32805,1,4,0,4,2,-5.716391011939344,5.716391011939344,ozj5,anti_homophones
32806,1,1,0,6,2,-5.657385378785727,5.657385378785727,bORNEt,anti_homophones
32807,1,0,0,8,4,-6.862345718395556,6.862345718395556,pav°lote,anti_homophones
32808,1,1,0,6,3,-6.34124323045888,6.34124323045888,aRas9R,anti_homophones
32809,1,0,0,8,3,-7.870541543243818,7.870541543243818,fygasist,anti_homophones
32810,1,1,0,5,2,-5.664623119479547,5.664623119479547,@pulp,anti_homophones
32811,1,0,0,9,3,-7.857851097184458,7.857851097184458,R°k8isjal,anti_homophones
32812,1,2,0,6,3,-6.868953234566499,6.868953234566499,katata,anti_homophones
32813,1,0,0,7,4,-7.915597510292249,7.915597510292249,@Z°lySa,anti_homophones
32814,1,4,0,6,2,-5.591618857978122,5.591618857978122,kRoSyR,anti_homophones
32815,1,1,0,6,3,-5.993693324754883,5.993693324754883,v@piN§,anti_homophones
32816,1,0,0,8,4,-8.084041407332917,8.084041407332917,disipali,anti_homophones
32817,1,1,0,6,3,-7.638181592920533,7.638181592920533,paRyEl,anti_homophones
32818,1,0,0,9,4,-8.663108217192743,8.663108217192743,Esp§tinEs,anti_homophones
32819,1,0,0,6,2,-5.424631237502406,5.424631237502406,paRlOk,anti_homophones
32820,1,11,0,4,2,-4.876419046203478,4.876419046203478,oRiz,anti_homophones
32821,1,14,0,4,2,-4.894400583450052,4.894400583450052,atEl,anti_homophones
32822,1,0,0,10,4,-10.691205250131292,10.691205250131292,insOnOktOl,anti_homophones
32823,1,8,0,5,3,-5.204268460417727,5.204268460417727,apaRa,anti_homophones
32824,1,0,0,10,4,-11.799518091417033,11.799518091417033,misydEstif,anti_homophones
32825,1,4,0,5,3,-5.149792482905563,5.149792482905563,@tiR@,anti_homophones
32826,1,1,0,7,3,-6.037609377592927,6.037609377592927,tRavij§,anti_homophones
32827,1,1,0,5,3,-5.383736090878281,5.383736090878281,anoja,anti_homophones
32828,1,0,0,10,3,-7.037030858365943,7.037030858365943,EkstRoskOp,anti_homophones
32829,1,6,0,7,3,-5.006731532632503,5.006731532632503,penasj§,anti_homophones
32830,1,2,0,6,2,-5.080985178052814,5.080985178052814,myZist,anti_homophones
32831,1,1,0,6,2,-5.925070238255428,5.925070238255428,s9nlaj,anti_homophones
32832,1,1,0,7,3,-5.999740761101791,5.999740761101791,nymasj§,anti_homophones
32833,1,0,0,7,2,-6.762981706264553,6.762981706264553,t8ijEvR,anti_homophones
32834,1,0,0,6,3,-5.890869038689071,5.890869038689071,apsiSi,anti_homophones
32835,1,0,0,9,3,-8.448020680353894,8.448020680353894,@fwist5ks,anti_homophones
32836,1,0,0,7,4,-6.329843201404906,6.329843201404906,5pyd9je,anti_homophones
32837,1,5,0,5,3,-6.049613272729077,6.049613272729077,eRime,anti_homophones
32838,1,0,0,9,4,-10.040469313294395,10.040469313294395,ekRisim9R,anti_homophones
32839,1,0,0,9,4,-7.646572895403326,7.646572895403326,apRimasaZ,anti_homophones
32840,1,2,0,5,2,-6.535630410670311,6.535630410670311,fliba,anti_homophones
32841,1,0,0,7,3,-5.576204782680862,5.576204782680862,pRezije,anti_homophones
32842,1,0,0,7,3,-7.896586037126825,7.896586037126825,dodoRaj,anti_homophones
32843,1,3,0,6,3,-5.249046507641654,5.249046507641654,5pylER,anti_homophones
32844,1,3,0,6,2,-6.211464378395014,6.211464378395014,plasim,anti_homophones
32845,1,0,0,7,2,-8.291819791461194,8.291819791461194,skalmon,anti_homophones
32846,1,0,0,6,2,-6.665422257157363,6.665422257157363,tERfEv,anti_homophones
32847,1,0,0,8,4,-8.482983561651073,8.482983561651073,bozin°m@,anti_homophones
32848,1,0,0,5,2,-9.26956640019077,9.26956640019077,k§SOp,anti_homophones
32849,1,9,0,6,2,-4.603850634397588,4.603850634397588,delist,anti_homophones
32850,1,4,0,5,2,-5.650613029219793,5.650613029219793,agRav,anti_homophones
32851,1,0,0,7,3,-6.1517162499884055,6.1517162499884055,sefasaZ,anti_homophones
32852,1,0,0,11,4,-13.365121934873576,13.365121934873576,SastR°lujaZ,anti_homophones
32853,1,0,0,7,3,-8.868211214315394,8.868211214315394,mysj@te,anti_homophones
32854,1,11,0,5,2,-4.918294775186041,4.918294775186041,k§daZ,anti_homophones
32855,1,2,0,5,2,-5.37182923352383,5.37182923352383,R°buS,anti_homophones
32856,1,0,0,8,4,-9.28824092332167,9.28824092332167,sav@tiva,anti_homophones
32857,1,0,0,6,3,-6.084844722721087,6.084844722721087,b5b°l§,anti_homophones
32858,1,3,0,7,3,-5.301865200382824,5.301865200382824,R8El°m@,anti_homophones
32859,1,6,0,4,2,-5.328185141370005,5.328185141370005,guti,anti_homophones
32860,1,3,0,6,2,-5.202675540901932,5.202675540901932,felist,anti_homophones
32861,1,0,0,7,3,-5.713318213280562,5.713318213280562,paRafje,anti_homophones
32862,1,1,0,6,2,-5.386236973251877,5.386236973251877,gRupaZ,anti_homophones
32863,1,0,0,11,4,-7.235785367441152,7.235785367441152,k§tR°batizm,anti_homophones
32864,1,1,0,7,3,-5.776356009654034,5.776356009654034,salad9R,anti_homophones
32865,1,0,0,7,3,-8.111560268377843,8.111560268377843,@fujist,anti_homophones
32866,1,2,0,8,4,-5.720779132064588,5.720779132064588,peRilite,anti_homophones
32867,1,5,0,4,2,-4.990141629109038,4.990141629109038,akut,anti_homophones
32868,1,0,0,8,3,-8.552639937764404,8.552639937764404,kRinitRe,anti_homophones
32869,1,0,0,9,4,-8.30992946479743,8.30992946479743,REptibyna,anti_homophones
32870,1,2,0,6,2,-5.72544154885827,5.72544154885827,vEst9R,anti_homophones
32871,1,0,0,10,4,-9.19543152607974,9.19543152607974,komogRafad,anti_homophones
32872,1,0,0,9,4,-6.190333481813671,6.190333481813671,5pozitwaR,anti_homophones
32873,1,4,0,7,3,-5.188895201415833,5.188895201415833,miRat9R,anti_homophones
32874,1,2,0,6,2,-5.036661168062321,5.036661168062321,deklEt,anti_homophones
32875,1,5,0,6,3,-4.7261469408288,4.7261469408288,syR°m@,anti_homophones
32876,1,0,0,6,3,-8.380427646177278,8.380427646177278,amuvwe,anti_homophones
32877,1,0,0,9,4,-9.980862215230836,9.980862215230836,Rig@tipsi,anti_homophones
32878,1,0,0,7,3,-6.682521880089861,6.682521880089861,fygalEn,anti_homophones
32879,1,5,0,5,2,-5.408616763310069,5.408616763310069,Rativ,anti_homophones
32880,1,0,0,7,3,-8.328532129069007,8.328532129069007,Rabl2at,anti_homophones
32881,1,0,0,7,3,-8.184115571079436,8.184115571079436,damaRaf,anti_homophones
32882,1,0,0,10,4,-9.671233864209231,9.671233864209231,mafRetifik,anti_homophones
32883,1,5,0,5,2,-5.538326797302796,5.538326797302796,@Zizm,anti_homophones
32884,1,0,0,8,4,-6.7032395790531885,6.7032395790531885,otokRipe,anti_homophones
32885,1,2,0,7,3,-5.863280184426844,5.863280184426844,5koRizm,anti_homophones
32886,1,0,0,8,3,-6.057684347206418,6.057684347206418,k§pRetik,anti_homophones
32887,1,0,0,7,3,-5.902549885484008,5.902549885484008,kopik9R,anti_homophones
32888,1,0,0,11,4,-8.386353660625684,8.386353660625684,pinEkskylER,anti_homophones
32889,1,0,0,7,4,-7.4277853264835,7.4277853264835,egaloRa,anti_homophones
32890,1,6,0,4,2,-4.741936602538433,4.741936602538433,fuji,anti_homophones
32891,1,5,0,5,2,-5.323772314410618,5.323772314410618,ZaRge,anti_homophones
32892,1,0,0,9,4,-7.8663365656453745,7.8663365656453745,d°visemik,anti_homophones
32893,1,0,0,8,4,-6.449133922494953,6.449133922494953,k§kylite,anti_homophones
32894,1,0,0,8,3,-6.626726740833616,6.626726740833616,pRefetyd,anti_homophones
32895,1,5,0,5,2,-5.297057972003364,5.297057972003364,ZeziR,anti_homophones
32896,1,0,0,10,4,-8.290458559323403,8.290458559323403,fuRvwiv°m@,anti_homophones
32897,1,0,0,12,4,-10.704639496802523,10.704639496802523,tEkskRiptil@,anti_homophones
32898,1,2,0,6,3,-5.8398253178693995,5.8398253178693995,myzyRe,anti_homophones
32899,1,1,0,6,3,-8.060177373112122,8.060177373112122,tiz°te,anti_homophones
32900,1,2,0,6,3,-5.225432593722196,5.225432593722196,kuRaZe,anti_homophones
32901,1,2,0,6,3,-6.146438412678183,6.146438412678183,R2file,anti_homophones
32902,1,1,0,7,3,-6.492653697872338,6.492653697872338,n2RotEz,anti_homophones
32903,1,10,0,5,2,-4.494736978341669,4.494736978341669,kRem@,anti_homophones
32904,1,16,0,4,2,-4.636064008708152,4.636064008708152,atal,anti_homophones
32905,1,0,0,9,2,-7.798220982875864,7.798220982875864,stORsjabl,anti_homophones
32906,1,0,0,8,4,-6.725888077143487,6.725888077143487,Revolysi,anti_homophones
32907,1,0,0,7,3,-6.340426263267812,6.340426263267812,sOmnem@,anti_homophones
32908,1,10,0,7,3,-4.932733409877817,4.932733409877817,sitasj§,anti_homophones
32909,1,0,0,5,2,-6.204443341256221,6.204443341256221,idjOt,anti_homophones
32910,1,0,0,9,4,-8.457928067247916,8.457928067247916,gRegyRaje,anti_homophones
32911,1,0,0,9,4,-8.902541566416518,8.902541566416518,fyRiteRiR,anti_homophones
32912,1,0,0,6,2,-6.075926308753424,6.075926308753424,mustit,anti_homophones
32913,1,3,0,7,3,-5.453418623461758,5.453418623461758,mizat9R,anti_homophones
32914,1,0,0,8,3,-6.842033898833518,6.842033898833518,baskylte,anti_homophones
32915,1,7,0,5,2,-5.54870388217566,5.54870388217566,Rabik,anti_homophones
32916,1,0,0,8,3,-7.458085451614676,7.458085451614676,metaRj@s,anti_homophones
32917,1,5,0,5,3,-5.240286637314005,5.240286637314005,5fini,anti_homophones
32918,1,0,0,10,4,-8.930340015778356,8.930340015778356,kuRsek@sj§,anti_homophones
32919,1,0,0,6,3,-5.8964865485745195,5.8964865485745195,R°mym@,anti_homophones
32920,1,2,0,7,3,-6.949599844108585,6.949599844108585,Zeneist,anti_homophones
32921,1,0,0,8,4,-7.509133602562749,7.509133602562749,Siminim@,anti_homophones
32922,1,1,0,6,3,-5.686912755075828,5.686912755075828,p@site,anti_homophones
32923,1,1,0,6,3,-6.177042318098413,6.177042318098413,tyf°RE,anti_homophones
32924,1,0,0,8,4,-7.327763051463938,7.327763051463938,Robatone,anti_homophones
32925,1,0,0,10,4,-10.72995854468875,10.72995854468875,m8EdzaRab5,anti_homophones
32926,1,5,0,5,2,-5.459943705344099,5.459943705344099,k@dal,anti_homophones
32927,1,1,0,7,3,-6.098492503152157,6.098492503152157,RefRije,anti_homophones
32928,1,0,0,6,3,-6.589345078906066,6.589345078906066,toRafi,anti_homophones
32929,1,15,1,3,2,-4.10842002035962,4.10842002035962,id@,anti_homophones
32930,1,3,0,6,3,-5.646806098552343,5.646806098552343,gazule,anti_homophones
32931,1,0,0,7,3,-5.875139244916394,5.875139244916394,seg°diR,anti_homophones
32932,1,0,0,7,2,-6.420725073456079,6.420725073456079,maltjEm,anti_homophones
32933,1,1,0,9,4,-6.688117145586704,6.688117145586704,depyRasj§,anti_homophones
32934,1,0,0,10,4,-9.836079491596452,9.836079491596452,kOktERv°ny,anti_homophones
32935,1,16,0,4,2,-5.353872804190547,5.353872804190547,atiR,anti_homophones
32936,1,9,0,5,2,-4.539184963394741,4.539184963394741,s@tje,anti_homophones
32937,1,4,0,5,2,-5.923555261707125,5.923555261707125,danEl,anti_homophones
32938,1,0,0,7,3,-8.088976011914754,8.088976011914754,pus@tje,anti_homophones
32939,1,0,0,7,4,-7.9800588408246,7.9800588408246,inaRate,anti_homophones
32940,1,1,0,6,2,-5.590674663849848,5.590674663849848,paRtRe,anti_homophones
32941,1,1,0,7,3,-6.501584085494143,6.501584085494143,pasable,anti_homophones
32942,1,0,0,9,4,-8.459812925445371,8.459812925445371,R2kOslave,anti_homophones
32943,1,0,0,8,3,-7.311410074205554,7.311410074205554,degastER,anti_homophones
32944,1,1,0,6,2,-5.877497379946061,5.877497379946061,stRy@s,anti_homophones
32945,1,11,0,4,2,-4.648137792082655,4.648137792082655,waz§,anti_homophones
32946,1,0,0,12,4,-9.247006525051242,9.247006525051242,kabRiguRdizm,anti_homophones
32947,1,0,0,12,4,-11.045345858366552,11.045345858366552,m§tyREkst8El,anti_homophones
32948,1,0,0,6,3,-5.487290990788655,5.487290990788655,viRyl@,anti_homophones
32949,1,0,0,7,3,-7.624492923615734,7.624492923615734,RapRima,anti_homophones
32950,1,2,0,7,3,-5.990662404855773,5.990662404855773,vR§bine,anti_homophones
32951,1,2,0,6,3,-5.459547434371571,5.459547434371571,ORdon@,anti_homophones
32952,1,0,0,9,4,-7.664090613602465,7.664090613602465,adZan°tje,anti_homophones
32953,1,1,0,6,3,-6.72424615357647,6.72424615357647,p@dyRa,anti_homophones
32954,1,7,0,6,3,-5.242649822619351,5.242649822619351,fut°m@,anti_homophones
32955,1,0,0,10,4,-9.259943578870159,9.259943578870159,sypRezjOne,anti_homophones
32956,1,1,0,7,3,-5.658406579277544,5.658406579277544,volyzj§,anti_homophones
32957,1,13,1,5,3,-4.075366384417266,4.075366384417266,El°m@,anti_homophones
32958,1,0,0,10,4,-11.399496117049207,11.399496117049207,metORpetiG,anti_homophones
32959,1,2,0,7,3,-5.629150403672862,5.629150403672862,s°kuRaZ,anti_homophones
32960,1,0,0,5,3,-6.924234049721256,6.924234049721256,alaZ2,anti_homophones
32961,1,0,0,8,4,-6.910561628682251,6.910561628682251,R°laS°R§,anti_homophones
32962,1,0,0,7,2,-8.91513488994483,8.91513488994483,gORdjOp,anti_homophones
32963,1,0,0,10,4,-7.66887242253097,7.66887242253097,sysp@seRal,anti_homophones
32964,1,2,0,7,3,-6.876596576210576,6.876596576210576,R°dul9R,anti_homophones
32965,1,0,0,12,4,-12.39742606803008,12.39742606803008,gnozitEktRod,anti_homophones
32966,1,0,0,10,4,-7.438406425981829,7.438406425981829,pERsikotje,anti_homophones
32967,1,1,0,4,2,-4.743003871255941,4.743003871255941,sysy,anti_homophones
32968,1,0,0,7,3,-6.6307771106732725,6.6307771106732725,demelj5,anti_homophones
32969,1,6,0,4,2,-5.188684243037395,5.188684243037395,uvER,anti_homophones
32970,1,1,0,7,3,-6.385190534064217,6.385190534064217,telenin,anti_homophones
32971,1,0,0,6,3,-6.451545633855227,6.451545633855227,afR2l@,anti_homophones
32972,1,0,0,8,3,-7.729118771122805,7.729118771122805,palopEtR,anti_homophones
32973,1,1,0,6,3,-4.879186848639167,4.879186848639167,5diZEn,anti_homophones
32974,1,16,0,4,2,-4.914445709278522,4.914445709278522,Raj§,anti_homophones
32975,1,0,0,7,3,-7.4861591535013385,7.4861591535013385,nekRavi,anti_homophones
32976,1,1,0,8,3,-6.1349107419585645,6.1349107419585645,kaRisabl,anti_homophones
32977,1,0,0,8,3,-8.722422241552136,8.722422241552136,ZapOstRe,anti_homophones
32978,1,7,0,5,2,-5.190107743967356,5.190107743967356,m@tEl,anti_homophones
32979,1,3,0,5,2,-4.738345491244353,4.738345491244353,Egzil,anti_homophones
32980,1,0,0,9,4,-10.066380549051463,10.066380549051463,vivizikom,anti_homophones
32981,1,3,0,4,2,-5.729068634950076,5.729068634950076,§bRa,anti_homophones
32982,1,7,0,6,2,-5.568867540569752,5.568867540569752,titabl,anti_homophones
32983,1,4,0,6,2,-4.358834039668575,4.358834039668575,pRes9R,anti_homophones
32984,1,13,0,5,2,-4.8280469620027375,4.8280469620027375,atabl,anti_homophones
32985,1,0,0,8,2,-5.842887932812394,5.842887932812394,k§skRist,anti_homophones
32986,1,0,0,10,3,-10.853323419040265,10.853323419040265,kalsERpl@S,anti_homophones
32987,1,1,0,5,2,-4.904902276404658,4.904902276404658,tymje,anti_homophones
32988,1,1,0,8,3,-7.820742688172413,7.820742688172413,ROspERpe,anti_homophones
32989,1,0,0,10,4,-9.600938618492009,9.600938618492009,folipomEtR,anti_homophones
32990,1,4,0,6,2,-5.821561054829755,5.821561054829755,sykRys,anti_homophones
32991,1,0,0,6,3,-7.196100872056092,7.196100872056092,emalaZ,anti_homophones
32992,1,0,0,6,2,-5.1313136710840155,5.1313136710840155,s§pt82,anti_homophones
32993,1,0,0,5,2,-5.731455434523172,5.731455434523172,piN@s,anti_homophones
32994,1,0,0,8,3,-8.235577659681688,8.235577659681688,flebijad,anti_homophones
32995,1,0,0,7,2,-9.6862752413821,9.6862752413821,stakRyt,anti_homophones
32996,1,2,0,6,2,-5.372576500483778,5.372576500483778,paRtEz,anti_homophones
32997,1,0,0,7,3,-7.434193861412148,7.434193861412148,bl@S@ti,anti_homophones
32998,1,0,0,5,2,-5.319254149285167,5.319254149285167,duzEn,anti_homophones
32999,1,7,0,6,3,-5.417889582985052,5.417889582985052,R§s°m@,anti_homophones
33000,1,0,0,8,4,-9.13976785109552,9.13976785109552,idonimin,anti_homophones
33001,1,4,0,4,2,-4.711844517585418,4.711844517585418,R°g5,anti_homophones
33002,1,17,0,4,2,-6.002286494352582,6.002286494352582,Ralo,anti_homophones
33003,1,3,0,4,2,-4.8294608927086315,4.8294608927086315,buz2,anti_homophones
33004,1,2,0,7,2,-5.9841596177962115,5.9841596177962115,gREstj§,anti_homophones
33005,1,4,0,4,2,-4.60475802133127,4.60475802133127,p2R2,anti_homophones
33006,1,2,0,6,2,-5.336207631651746,5.336207631651746,EskRiR,anti_homophones
33007,1,0,0,6,2,-8.903783910141419,8.903783910141419,R@mwal,anti_homophones
33008,1,0,0,12,4,-10.06656638918744,10.06656638918744,zezEstyplist,anti_homophones
33009,1,0,0,8,3,-8.033091605224207,8.033091605224207,iREksism,anti_homophones
33010,1,3,0,6,2,-5.546008393430246,5.546008393430246,pROlOg,anti_homophones
33011,1,0,0,10,4,-9.341275624232685,9.341275624232685,ikonERvist,anti_homophones
33012,1,1,0,5,2,-5.630301569052445,5.630301569052445,EskRy,anti_homophones
33013,1,1,0,7,3,-6.093315878536381,6.093315878536381,sakRokE,anti_homophones
33014,1,0,0,6,2,-6.016723008383527,6.016723008383527,flykse,anti_homophones
33015,1,18,0,4,2,-4.78342935588186,4.78342935588186,pyle,anti_homophones
33016,1,0,0,8,3,-8.055006876218629,8.055006876218629,Zytasjal,anti_homophones
33017,1,11,0,5,3,-5.290575731440124,5.290575731440124,epize,anti_homophones
33018,1,0,0,7,2,-6.93296494887451,6.93296494887451,vjagnoz,anti_homophones
33019,1,1,0,5,2,-9.602760929895975,9.602760929895975,inafR,anti_homophones
33020,1,20,0,4,2,-4.404575495848345,4.404575495848345,v@te,anti_homophones
33021,1,1,0,6,3,-6.773051652429593,6.773051652429593,anikyl,anti_homophones
33022,1,2,0,4,2,-5.096560436776872,5.096560436776872,vik§,anti_homophones
33023,1,0,1,8,3,-6.150806513832892,6.150806513832892,k§kORdaZ,anti_homophones
33024,1,0,0,8,3,-6.199225487327094,6.199225487327094,laksasj§,anti_homophones
33025,1,5,0,5,2,-5.001508669663584,5.001508669663584,Repid,anti_homophones
33026,1,2,0,5,2,-5.7928752768183145,5.7928752768183145,tRep§,anti_homophones
33027,1,0,0,7,3,-7.97533454347046,7.97533454347046,fuRg§k5,anti_homophones
33028,1,0,0,9,4,-9.278780017268417,9.278780017268417,@RulajyRn,anti_homophones
33029,1,2,0,6,3,-5.905931062466465,5.905931062466465,kafaR5,anti_homophones
33030,1,0,0,10,3,-5.926129068826763,5.926129068826763,sybZEktabl,anti_homophones
33031,1,5,0,6,2,-5.108924137525791,5.108924137525791,sERtiR,anti_homophones
33032,1,0,0,7,3,-7.340722178091701,7.340722178091701,p@swaRe,anti_homophones
33033,1,4,0,7,4,-5.346776970741974,5.346776970741974,elis°m@,anti_homophones
33034,1,0,0,7,3,-7.992666931759283,7.992666931759283,piRefis,anti_homophones
33035,1,1,0,5,2,-5.710526648547152,5.710526648547152,tytwa,anti_homophones
33036,1,0,0,10,3,-11.52263794761331,11.52263794761331,tOpsEktRON,anti_homophones
33037,1,18,0,5,2,-4.266356153953872,4.266356153953872,satik,anti_homophones
33038,1,2,0,6,2,-5.207519029075563,5.207519029075563,tuRnik,anti_homophones
33039,1,1,0,5,2,-5.48711973488046,5.48711973488046,mysk@,anti_homophones
33040,1,18,1,5,2,-4.3830991836150925,4.3830991836150925,gaRde,anti_homophones
33041,1,0,0,8,3,-6.972744167633404,6.972744167633404,s9nlajys,anti_homophones
33042,1,0,0,8,3,-6.685888995747171,6.685888995747171,EskRyt9R,anti_homophones
33043,1,0,0,6,3,-7.432824150882382,7.432824150882382,epROse,anti_homophones
33044,1,2,0,5,2,-5.47054536339017,5.47054536339017,5bRik,anti_homophones
33045,1,0,0,7,3,-6.458401199526269,6.458401199526269,Rafolje,anti_homophones
33046,1,3,0,6,2,-4.897470637649877,4.897470637649877,pEpsj§,anti_homophones
33047,1,3,0,5,2,-5.658236698743488,5.658236698743488,memER,anti_homophones
33048,1,3,0,5,2,-5.584395506973601,5.584395506973601,aksif,anti_homophones
33049,1,7,0,4,2,-5.769202158295846,5.769202158295846,alyb,anti_homophones
33050,1,8,0,6,2,-5.090379294747854,5.090379294747854,matist,anti_homophones
33051,1,0,0,8,4,-9.002062270590486,9.002062270590486,akRoanEt,anti_homophones
33052,1,0,0,6,2,-6.6175178236896866,6.6175178236896866,tRinOk,anti_homophones
33053,1,1,0,7,3,-6.589983621588199,6.589983621588199,mERdije,anti_homophones
33054,1,2,0,5,2,-4.9062997945909865,4.9062997945909865,vak8e,anti_homophones
33055,1,0,0,7,3,-6.986946621262889,6.986946621262889,R°duj@s,anti_homophones
33056,1,0,0,9,4,-7.4705291255446555,7.4705291255446555,silabot9R,anti_homophones
33057,1,0,0,9,4,-8.957067179636464,8.957067179636464,RaRusaj@s,anti_homophones
33058,1,3,0,4,2,-4.776114512614693,4.776114512614693,nuga,anti_homophones
33059,1,1,0,6,2,-6.801004119703618,6.801004119703618,yltREt,anti_homophones
33060,1,9,0,4,2,-4.988229200431125,4.988229200431125,Repa,anti_homophones
33061,1,4,0,5,2,-7.2737013539591056,7.2737013539591056,zloRe,anti_homophones
33062,1,12,0,4,2,-5.887951263359452,5.887951263359452,gyte,anti_homophones
33063,1,1,0,6,3,-7.682945626988155,7.682945626988155,maRoz@,anti_homophones
33064,1,0,0,8,3,-7.035146541980218,7.035146541980218,sezynist,anti_homophones
33065,1,3,0,6,3,-5.295364363945462,5.295364363945462,akR°m@,anti_homophones
33066,1,0,0,5,2,-5.851710997526059,5.851710997526059,gzeky,anti_homophones
33067,1,0,0,9,4,-9.99022166831751,9.99022166831751,pORtyfoZe,anti_homophones
33068,1,0,0,9,4,-7.809280193239562,7.809280193239562,@titifj@s,anti_homophones
33069,1,2,0,7,4,-6.184348004225134,6.184348004225134,aRol°m@,anti_homophones
33070,1,0,0,9,4,-10.07815258885314,10.07815258885314,emusakRap,anti_homophones
33071,1,3,0,5,3,-6.063991103352675,6.063991103352675,eReje,anti_homophones
33072,1,2,0,5,2,-8.676027930325843,8.676027930325843,aflif,anti_homophones
33073,1,2,0,5,2,-4.516066664738085,4.516066664738085,R°lin,anti_homophones
33074,1,1,0,8,3,-6.385167893275421,6.385167893275421,telEstik,anti_homophones
33075,1,2,0,5,2,-5.538142079271614,5.538142079271614,vEst@,anti_homophones
33076,1,0,0,8,4,-9.707368474696908,9.707368474696908,tilipis@,anti_homophones
33077,1,0,0,6,3,-5.58134040887689,5.58134040887689,sydaik,anti_homophones
33078,1,2,0,5,2,-5.613464764390848,5.613464764390848,kl@de,anti_homophones
33079,1,3,0,7,3,-5.456040526255496,5.456040526255496,sikolOg,anti_homophones
33080,1,1,0,7,3,-5.772050374245019,5.772050374245019,sERveZe,anti_homophones
33081,1,2,0,5,2,-4.61126443302353,4.61126443302353,t°n9R,anti_homophones
33082,1,0,0,11,4,-10.530364073382103,10.530364073382103,kalibRomEjl,anti_homophones
33083,1,0,0,8,4,-8.690736202494557,8.690736202494557,l@binake,anti_homophones
33084,1,0,0,10,4,-6.270903855445369,6.270903855445369,defRikasj§,anti_homophones
33085,1,2,0,8,4,-5.573602455915873,5.573602455915873,@tRal°m@,anti_homophones
33086,1,1,0,7,3,-6.114149209417636,6.114149209417636,dekaRti,anti_homophones
33087,1,0,0,7,3,-6.451159791899742,6.451159791899742,ORZajiR,anti_homophones
33088,1,0,0,9,4,-8.895466461413035,8.895466461413035,gomeRitme,anti_homophones
33089,1,4,0,6,2,-5.963568853502236,5.963568853502236,sozist,anti_homophones
33090,1,0,0,7,3,-7.838720597021968,7.838720597021968,moRijEm,anti_homophones
33091,1,4,0,5,2,-5.509995500765649,5.509995500765649,metis,anti_homophones
33092,1,5,0,5,2,-5.197568721083626,5.197568721083626,Revys,anti_homophones
33093,1,2,0,6,2,-5.063329664986357,5.063329664986357,pw5tyR,anti_homophones
33094,1,0,0,8,3,-7.051566775448124,7.051566775448124,lifonizm,anti_homophones
33095,1,1,0,4,2,-6.032191540094583,6.032191540094583,im@t,anti_homophones
33096,1,0,0,7,3,-8.555616214464617,8.555616214464617,detijal,anti_homophones
33097,1,0,0,5,3,-5.724884999327083,5.724884999327083,2node,anti_homophones
33098,1,1,0,7,3,-6.800410278163953,6.800410278163953,aRink9R,anti_homophones
33099,1,0,0,9,3,-9.033013288165522,9.033013288165522,maRkizwaR,anti_homophones
33100,1,1,0,5,3,-5.411943122368456,5.411943122368456,5pyni,anti_homophones
33101,1,10,0,5,2,-4.830821262752568,4.830821262752568,palER,anti_homophones
33102,1,1,0,6,2,-5.949330510687855,5.949330510687855,pSitER,anti_homophones
33103,1,13,0,5,2,-4.635754637014621,4.635754637014621,demER,anti_homophones
33104,1,0,0,7,3,-7.518409210334547,7.518409210334547,nekRoto,anti_homophones
33105,1,0,0,7,4,-6.1211878276977,6.1211878276977,ameloZi,anti_homophones
33106,1,13,0,3,2,-5.610906743619466,5.610906743619466,ko@,anti_homophones
33107,1,0,0,7,2,-5.635388602685783,5.635388602685783,plEzwaR,anti_homophones
33108,1,8,0,3,2,-4.619064817249146,4.619064817249146,ip§,anti_homophones
33109,1,0,0,9,4,-7.7668525161470425,7.7668525161470425,Zib°liZj2,anti_homophones
33110,1,1,0,5,2,-5.9148469214987065,5.9148469214987065,9jEtR,anti_homophones
33111,1,0,0,8,3,-7.030185686836424,7.030185686836424,fyRistik,anti_homophones
33112,1,0,0,10,4,-10.485051829363327,10.485051829363327,taksitRon2,anti_homophones
33113,1,3,0,6,3,-5.013360281891191,5.013360281891191,kafuji,anti_homophones
33114,1,3,0,6,3,-5.766094500787775,5.766094500787775,epORte,anti_homophones
33115,1,0,0,9,4,-9.077743968807361,9.077743968807361,kivasjOne,anti_homophones
33116,1,3,0,5,3,-5.907430161329026,5.907430161329026,epan§,anti_homophones
33117,1,0,0,8,3,-7.994074122735409,7.994074122735409,vivistER,anti_homophones
33118,1,1,0,9,4,-6.218112417687952,6.218112417687952,memoRat9R,anti_homophones
33119,1,1,0,8,3,-6.266081276847563,6.266081276847563,sERbl2m@,anti_homophones
33120,1,0,0,7,3,-9.56387254716827,9.56387254716827,gaR@zZe,anti_homophones
33121,1,0,0,9,3,-9.403733253607088,9.403733253607088,mezERvwas,anti_homophones
33122,1,0,0,8,4,-8.163559749005525,8.163559749005525,5pitalaZ,anti_homophones
33123,1,0,0,8,3,-7.917110349258189,7.917110349258189,maRkabEs,anti_homophones
33124,1,8,0,5,2,-5.2081495001821345,5.2081495001821345,bolik,anti_homophones
33125,1,3,0,4,2,-6.4649429889890255,6.4649429889890255,s°p@,anti_homophones
33126,1,0,0,10,4,-9.387899656986514,9.387899656986514,Remedykt82,anti_homophones
33127,1,2,0,8,3,-6.440996623064223,6.440996623064223,wEstasj§,anti_homophones
33128,1,0,0,9,4,-7.29944870072658,7.29944870072658,R°s°v@daR,anti_homophones
33129,1,1,0,6,2,-6.997423676902775,6.997423676902775,nanj9R,anti_homophones
33130,1,1,0,4,2,-6.18268465437559,6.18268465437559,ilom,anti_homophones
33131,1,0,0,7,4,-7.583251952833249,7.583251952833249,ORkaize,anti_homophones
33132,1,1,0,5,2,-5.352098816087945,5.352098816087945,supiG,anti_homophones
33133,1,0,0,10,4,-8.764890494956061,8.764890494956061,R2vERsas9R,anti_homophones
33134,1,4,0,5,2,-4.850393108393947,4.850393108393947,vomik,anti_homophones
33135,1,0,0,8,3,-7.068837203779592,7.068837203779592,kuRtitys,anti_homophones
33136,1,0,0,8,4,-6.938826795070937,6.938826795070937,5vERujaZ,anti_homophones
33137,1,0,0,8,3,-8.583365340167289,8.583365340167289,tsigm@t5,anti_homophones
33138,1,6,0,6,3,-5.295288678001323,5.295288678001323,Zap°m@,anti_homophones
33139,1,0,0,8,4,-7.530313296994636,7.530313296994636,asomEnto,anti_homophones
33140,1,5,0,5,3,-5.460377681786335,5.460377681786335,ipER5,anti_homophones
33141,1,2,0,6,2,-5.976125573975639,5.976125573975639,swaN9R,anti_homophones
33142,1,2,0,6,3,-6.653270888794662,6.653270888794662,@tR@Se,anti_homophones
33143,1,0,0,10,4,-6.872463428492475,6.872463428492475,sybzid@Z9R,anti_homophones
33144,1,0,0,8,4,-8.601898593884794,8.601898593884794,pylataRi,anti_homophones
33145,1,0,0,8,3,-7.006456068979233,7.006456068979233,kORpoRiz,anti_homophones
33146,1,6,0,5,2,-5.3449027946354075,5.3449027946354075,sERn@,anti_homophones
33147,1,0,0,6,2,-6.906002787764792,6.906002787764792,fRufly,anti_homophones
33148,1,0,0,6,3,-6.5280404614681045,6.5280404614681045,penato,anti_homophones
33149,1,0,0,10,3,-9.396174657063556,9.396174657063556,baRbRezERn,anti_homophones
33150,1,0,0,7,3,-6.977144716673957,6.977144716673957,pRovol@,anti_homophones
33151,1,0,0,8,4,-7.540709166133563,7.540709166133563,@titufle,anti_homophones
33152,1,1,0,8,4,-5.5683447898802445,5.5683447898802445,s5divite,anti_homophones
33153,1,0,0,9,4,-8.555656579083928,8.555656579083928,saRyRZil@,anti_homophones
33154,1,2,0,7,3,-6.378166289555197,6.378166289555197,gaRgyRe,anti_homophones
33155,1,0,0,10,4,-7.54282555089305,7.54282555089305,k§gR82z°m@,anti_homophones
33156,1,0,0,10,4,-9.904190818873868,9.904190818873868,fobilitOsk,anti_homophones
33157,1,0,0,11,4,-9.109607546516298,9.109607546516298,pERmakinabl,anti_homophones
33158,1,0,0,9,4,-6.782877249554998,6.782877249554998,lokylat9R,anti_homophones
33159,1,0,0,7,3,-7.326790667376865,7.326790667376865,aRtitEn,anti_homophones
33160,1,0,0,5,2,-4.896013805399469,4.896013805399469,sekj2,anti_homophones
33161,1,0,0,7,3,-5.336272643409881,5.336272643409881,9pdat9R,anti_homophones
33162,1,1,0,8,3,-5.0688272855436285,5.0688272855436285,sal8asj§,anti_homophones
33163,1,0,0,10,3,-7.258089001260666,7.258089001260666,kRastRasj§,anti_homophones
33164,1,4,0,7,2,-5.619878383007372,5.619878383007372,pRetist,anti_homophones
33165,1,0,0,7,3,-7.810106701681592,7.810106701681592,nypityR,anti_homophones
33166,1,3,0,6,2,-5.867786091340544,5.867786091340544,folist,anti_homophones
33167,1,0,0,6,2,-8.659107374731011,8.659107374731011,ts8iko,anti_homophones
33168,1,2,0,5,2,-5.814094620852334,5.814094620852334,kR°di,anti_homophones
33169,1,0,0,7,3,-7.095389228245588,7.095389228245588,doZEkte,anti_homophones
33170,1,0,0,9,4,-7.837110419274187,7.837110419274187,depRefyt§,anti_homophones
33171,1,0,0,10,3,-9.134197722169377,9.134197722169377,pRevERstid,anti_homophones
33172,1,0,0,9,4,-11.052923604592513,11.052923604592513,stalodiby,anti_homophones
33173,1,0,0,8,3,-8.124949489090195,8.124949489090195,kalmikse,anti_homophones
33174,1,0,0,6,2,-7.714826437308453,7.714826437308453,mezikl,anti_homophones
33175,1,3,0,6,2,-5.484452994725156,5.484452994725156,sk@daZ,anti_homophones
33176,1,0,0,8,3,-6.808154978170856,6.808154978170856,ovERsibl,anti_homophones
33177,1,2,0,5,2,-5.216895622089151,5.216895622089151,babw5,anti_homophones
33178,1,1,0,6,3,-6.440137454450859,6.440137454450859,ZeR@s§,anti_homophones
33179,1,0,0,9,3,-7.8847135459435185,7.8847135459435185,pRotiplis,anti_homophones
33180,1,12,0,4,2,-4.677146008151308,4.677146008151308,muSe,anti_homophones
33181,1,0,0,9,4,-7.015140492423606,7.015140492423606,vERgoN2N2,anti_homophones
33182,1,1,0,10,4,-6.441413519074571,6.441413519074571,psiSikasj§,anti_homophones
33183,1,2,0,6,2,-6.06625734808345,6.06625734808345,tRam9R,anti_homophones
33184,1,0,0,10,4,-8.104243480771796,8.104243480771796,salySotjER,anti_homophones
33185,1,8,0,6,2,-4.824506271485405,4.824506271485405,Raktif,anti_homophones
33186,1,10,0,4,2,-4.844987788956044,4.844987788956044,pit§,anti_homophones
33187,1,0,0,7,3,-6.3732242488707955,6.3732242488707955,fatOlOg,anti_homophones
33188,1,1,0,6,3,-5.530723944670078,5.530723944670078,5k§sj@,anti_homophones
33189,1,1,0,7,3,-6.404027489018468,6.404027489018468,5palist,anti_homophones
33190,1,0,0,9,3,-8.64523675119892,8.64523675119892,k§pOstjOm,anti_homophones
33191,1,0,0,10,4,-6.490902905427583,6.490902905427583,patif§ksj§,anti_homophones
33192,1,0,0,8,4,-9.06402839253808,9.06402839253808,ot@titRe,anti_homophones
33193,1,2,0,7,3,-5.50312283301643,5.50312283301643,REkt°m@,anti_homophones
33194,1,0,0,8,3,-6.580749888931325,6.580749888931325,belykt9R,anti_homophones
33195,1,0,0,7,3,-7.941712256258647,7.941712256258647,kulpine,anti_homophones
33196,1,0,0,6,3,-6.520122735438769,6.520122735438769,navEle,anti_homophones
33197,1,6,0,5,2,-5.774011686024814,5.774011686024814,natEl,anti_homophones
33198,1,0,0,7,3,-5.9752634476839654,5.9752634476839654,5t@Zist,anti_homophones
33199,1,0,0,10,4,-7.640987315386244,7.640987315386244,adZanEksj§,anti_homophones
33200,1,0,0,9,4,-9.892980783732872,9.892980783732872,medjakide,anti_homophones
33201,1,0,0,8,3,-7.287188361433353,7.287188361433353,OfRaksj§,anti_homophones
33202,1,0,0,10,4,-8.541175522987805,8.541175522987805,dekosfERl@,anti_homophones
33203,1,1,0,7,3,-6.5886712307962565,6.5886712307962565,kak°tEl,anti_homophones
33204,1,0,0,6,2,-5.958637531492681,5.958637531492681,buft@s,anti_homophones
33205,1,0,0,9,4,-10.52266180627158,10.52266180627158,sikaRusti,anti_homophones
33206,1,8,0,5,2,-4.504222288617173,4.504222288617173,kap9R,anti_homophones
33207,1,0,0,8,3,-6.8212795233646135,6.8212795233646135,pn2mosj5,anti_homophones
33208,1,1,0,8,3,-6.720522199265664,6.720522199265664,kakatwaR,anti_homophones
33209,1,7,0,4,2,-5.5960519461834135,5.5960519461834135,k§kE,anti_homophones
33210,1,0,0,7,3,-7.723117063909426,7.723117063909426,mekliSe,anti_homophones
33211,1,5,0,5,2,-4.714371699102031,4.714371699102031,fyRje,anti_homophones
33212,1,0,0,7,3,-6.997621780971844,6.997621780971844,2diplOm,anti_homophones
33213,1,0,0,10,4,-9.115230284639592,9.115230284639592,deglikylte,anti_homophones
33214,1,1,0,8,4,-6.0597411528795355,6.0597411528795355,v5dik°m@,anti_homophones
33215,1,1,0,5,2,-6.516106794429951,6.516106794429951,RivES,anti_homophones
33216,1,0,0,9,4,-7.190961845209621,7.190961845209621,otokOsmik,anti_homophones
33217,1,0,0,10,4,-10.374906010953136,10.374906010953136,pRefak§Zwa,anti_homophones
33218,1,0,0,6,3,-7.423643197910706,7.423643197910706,zenozo,anti_homophones
33219,1,2,0,7,3,-6.069061174926622,6.069061174926622,ipERsj5,anti_homophones
33220,1,3,0,5,2,-5.298641940234438,5.298641940234438,teizm,anti_homophones
33221,1,0,0,9,3,-8.10651453008249,8.10651453008249,sutaRdjEn,anti_homophones
33222,1,0,0,10,4,-8.740148975866894,8.740148975866894,vERtiRiZid,anti_homophones
33223,1,0,0,9,4,-6.051915510196771,6.051915510196771,tERnal°m@,anti_homophones
33224,1,2,0,6,3,-5.965370652233474,5.965370652233474,koRase,anti_homophones
33225,1,14,0,4,2,-4.676476950192583,4.676476950192583,Rig@,anti_homophones
33226,1,0,0,7,2,-6.548135247324613,6.548135247324613,diskRyS,anti_homophones
33227,1,11,1,4,2,-4.965725733259576,4.965725733259576,madE,anti_homophones
33228,1,4,0,7,3,-4.946309949210056,4.946309949210056,def@d9R,anti_homophones
33229,1,1,0,7,3,-6.216661408558801,6.216661408558801,s@d@s9R,anti_homophones
33230,1,0,0,5,2,-5.897672040922618,5.897672040922618,uRvwa,anti_homophones
33231,1,3,0,5,2,-5.693537694338998,5.693537694338998,tEkne,anti_homophones
33232,1,0,0,8,3,-9.638263403563665,9.638263403563665,taRbutiR,anti_homophones
33233,1,2,0,5,3,-6.593616430316563,6.593616430316563,okEte,anti_homophones
33234,1,8,0,4,2,-5.27855374640981,5.27855374640981,selE,anti_homophones
33235,1,2,0,5,3,-5.8529364343884644,5.8529364343884644,aRodi,anti_homophones
33236,1,1,0,6,3,-6.830223788383644,6.830223788383644,afREj@,anti_homophones
33237,1,0,0,9,4,-8.218447252091217,8.218447252091217,aRomanz5g,anti_homophones
33238,1,2,0,5,2,-6.38604349751574,6.38604349751574,apOst,anti_homophones
33239,1,0,0,8,4,-6.551510992808824,6.551510992808824,@Zelat9R,anti_homophones
33240,1,3,0,6,4,-5.4590040069545305,5.4590040069545305,aan°m@,anti_homophones
33241,1,2,0,7,3,-6.028741766644023,6.028741766644023,avwat9R,anti_homophones
33242,1,2,0,9,4,-5.370985318585103,5.370985318585103,dem@tasj§,anti_homophones
33243,1,1,0,6,3,-6.419185756145401,6.419185756145401,5panaR,anti_homophones
33244,1,0,0,6,3,-7.179165000082221,7.179165000082221,5stap5,anti_homophones
33245,1,0,0,8,3,-6.9840655644515435,6.9840655644515435,libERZin,anti_homophones
33246,1,0,0,10,4,-10.850376667299699,10.850376667299699,sekaptysid,anti_homophones
33247,1,1,0,6,3,-6.565987926493326,6.565987926493326,@mEls§,anti_homophones
33248,1,0,0,6,2,-6.01770546145293,6.01770546145293,bERlyS,anti_homophones
33249,1,1,0,5,2,-6.64146721804009,6.64146721804009,vwani,anti_homophones
33250,1,6,0,4,2,-5.291606467091713,5.291606467091713,etaz,anti_homophones
33251,1,1,0,7,3,-6.70923860551515,6.70923860551515,5fORmyl,anti_homophones
33252,1,0,0,8,4,-6.986699833254339,6.986699833254339,5dystRy@,anti_homophones
33253,1,0,0,8,2,-7.81475988997534,7.81475988997534,vjolEkst,anti_homophones
33254,1,12,0,4,2,-5.538059693355917,5.538059693355917,kosi,anti_homophones
33255,1,0,0,10,4,-6.7290473643344235,6.7290473643344235,floRjalize,anti_homophones
33256,1,0,0,7,3,-7.616089514232184,7.616089514232184,@kloRys,anti_homophones
33257,1,0,0,8,4,-8.167951552335266,8.167951552335266,Rabetim@,anti_homophones
33258,1,2,0,6,3,-6.219097014096387,6.219097014096387,edikte,anti_homophones
33259,1,0,0,10,4,-8.014569472813566,8.014569472813566,malneRatyR,anti_homophones
33260,1,0,0,6,2,-7.164231914560001,7.164231914560001,bREsk5,anti_homophones
33261,1,8,0,4,2,-5.782584251040725,5.782584251040725,@dig,anti_homophones
33262,1,0,0,8,4,-8.881651416451156,8.881651416451156,epipaREs,anti_homophones
33263,1,2,0,4,2,-5.4009431652526505,5.4009431652526505,eblE,anti_homophones
33264,1,16,0,4,2,-4.367513502403356,4.367513502403356,aj9R,anti_homophones
33265,1,1,0,6,3,-6.436095833771846,6.436095833771846,legal@,anti_homophones
33266,1,0,0,9,3,-7.237875935186781,7.237875935186781,@bRifjabl,anti_homophones
33267,1,0,0,6,2,-6.153097098957869,6.153097098957869,buRs8i,anti_homophones
33268,1,1,0,6,3,-7.052066169000013,7.052066169000013,5dORme,anti_homophones
33269,1,0,0,8,3,-9.889837941663464,9.889837941663464,min5Zjom,anti_homophones
33270,1,0,0,5,3,-6.058886217753551,6.058886217753551,anaSa,anti_homophones
33271,1,0,0,7,3,-6.367989883937218,6.367989883937218,pRofOto,anti_homophones
33272,1,0,0,9,3,-10.412735523009562,10.412735523009562,valjazist,anti_homophones
33273,1,6,0,6,2,-4.642707133246094,4.642707133246094,maZist,anti_homophones
33274,1,1,0,8,4,-5.105923920570393,5.105923920570393,kokin°m@,anti_homophones
33275,1,1,0,6,2,-6.310726095359039,6.310726095359039,fEstin,anti_homophones
33276,1,0,0,9,4,-8.979435247421424,8.979435247421424,pRes@buti,anti_homophones
33277,1,0,0,6,3,-5.517834352868593,5.517834352868593,R°Sase,anti_homophones
33278,1,4,0,5,3,-5.521227698915306,5.521227698915306,@tipi,anti_homophones
33279,1,1,0,6,2,-5.849808401472453,5.849808401472453,plutje,anti_homophones
33280,1,5,0,7,3,-5.519578697125235,5.519578697125235,dekylER,anti_homophones
33281,1,0,0,6,3,-7.111548316070897,7.111548316070897,apsumi,anti_homophones
33282,1,9,0,5,2,-4.5137502138288985,4.5137502138288985,milj5,anti_homophones
33283,1,0,0,7,3,-6.884113466671633,6.884113466671633,f§deR@s,anti_homophones
33284,1,0,0,7,3,-7.0553065970058855,7.0553065970058855,p@d@tyR,anti_homophones
33285,1,2,0,6,2,-6.335403404317393,6.335403404317393,faSism,anti_homophones
33286,1,2,0,6,3,-4.746267944181323,4.746267944181323,libeRe,anti_homophones
33287,1,0,0,11,4,-7.190794734472853,7.190794734472853,pRek§tRasj§,anti_homophones
33288,1,0,0,8,3,-6.276969371136602,6.276969371136602,k§diskOp,anti_homophones
33289,1,0,0,10,4,-8.669807555442688,8.669807555442688,kopaminabl,anti_homophones
33290,1,0,0,10,4,-13.460363418636742,13.460363418636742,b5b°zagR9R,anti_homophones
33291,1,0,0,12,4,-11.594347064344742,11.594347064344742,blEmabum9RtR,anti_homophones
33292,1,0,0,5,2,-5.506354757155342,5.506354757155342,mEj@s,anti_homophones
33293,1,5,0,6,2,-5.470967608420548,5.470967608420548,gRafis,anti_homophones
33294,1,2,0,8,3,-5.536097811128622,5.536097811128622,k§pREsj§,anti_homophones
33295,1,0,0,8,4,-6.928706123895474,6.928706123895474,Reanonik,anti_homophones
33296,1,5,0,4,2,-5.399461868245312,5.399461868245312,fol5,anti_homophones
33297,1,0,0,10,4,-5.952449694568615,5.952449694568615,kaRtabl°m@,anti_homophones
33298,1,9,0,6,3,-5.264445069439822,5.264445069439822,R@t°Ri,anti_homophones
33299,1,12,0,5,2,-5.558287821073437,5.558287821073437,afizm,anti_homophones
33300,1,1,0,5,2,-5.944844844754343,5.944844844754343,difaz,anti_homophones
33301,1,1,0,9,4,-7.900225862227417,7.900225862227417,Raklimite,anti_homophones
33302,1,0,0,7,3,-5.858465837903684,5.858465837903684,mwan°Ri,anti_homophones
33303,1,0,0,6,2,-6.7715387177203095,6.7715387177203095,nonibl,anti_homophones
33304,1,1,0,8,3,-6.166116854961425,6.166116854961425,gRafinal,anti_homophones
33305,1,3,0,4,2,-4.966557833333313,4.966557833333313,sud5,anti_homophones
33306,1,0,0,7,3,-6.17920850424449,6.17920850424449,fonis9R,anti_homophones
33307,1,0,0,7,3,-5.533652489822444,5.533652489822444,myz°l9R,anti_homophones
33308,1,3,0,6,3,-5.6323059760075544,5.6323059760075544,5pozit,anti_homophones
33309,1,0,0,7,3,-6.009325005982642,6.009325005982642,avORsj§,anti_homophones
33310,1,0,0,9,4,-8.734022181618535,8.734022181618535,sifidERne,anti_homophones
33311,1,1,0,5,2,-6.059900992753022,6.059900992753022,satEm,anti_homophones
33312,1,0,0,9,4,-5.1927126577071565,5.1927126577071565,figyRasj§,anti_homophones
33313,1,2,0,6,3,-6.764352408295891,6.764352408295891,epaROt,anti_homophones
33314,1,0,0,7,3,-7.518558545183756,7.518558545183756,femiple,anti_homophones
33315,1,0,0,8,3,-6.316546837189288,6.316546837189288,fluvwaje,anti_homophones
33316,1,1,0,6,2,-4.709176007539299,4.709176007539299,kOmEtR,anti_homophones
33317,1,0,0,8,3,-7.755624969769624,7.755624969769624,g9lwaj9l,anti_homophones
33318,1,0,0,8,3,-8.769721242031853,8.769721242031853,bEz°lEtR,anti_homophones
33319,1,0,0,6,3,-6.996375040686767,6.996375040686767,Rinoze,anti_homophones
33320,1,1,0,6,3,-5.574686974356082,5.574686974356082,kOk°dy,anti_homophones
33321,1,6,0,8,4,-5.243079868620323,5.243079868620323,edikasj§,anti_homophones
33322,1,24,0,6,3,-4.570185079324891,4.570185079324891,eRasj§,anti_homophones
33323,1,0,0,8,4,-5.566533118518414,5.566533118518414,dez5teRe,anti_homophones
33324,1,2,0,6,3,-6.171332880025227,6.171332880025227,amOnEl,anti_homophones
33325,1,1,0,6,3,-5.439513423398074,5.439513423398074,modEz§,anti_homophones
33326,1,3,0,6,3,-5.303731058047886,5.303731058047886,gut°Ri,anti_homophones
33327,1,1,0,6,2,-6.779410620613773,6.779410620613773,suplat,anti_homophones
33328,1,8,0,5,2,-5.107501860630369,5.107501860630369,plyRe,anti_homophones
33329,1,0,0,7,3,-6.59118273838954,6.59118273838954,kaRalis,anti_homophones
33330,1,0,0,10,4,-9.954080840951468,9.954080840951468,adZaz9Rt9R,anti_homophones
33331,1,1,0,5,3,-7.29260613235195,7.29260613235195,Opone,anti_homophones
33332,1,13,0,3,2,-4.763440844619643,4.763440844619643,Ope,anti_homophones
33333,1,2,0,6,3,-5.078390429301758,5.078390429301758,idRole,anti_homophones
33334,1,1,0,6,3,-7.3193653348968555,7.3193653348968555,ymisEt,anti_homophones
33335,1,0,0,8,3,-7.475761213265023,7.475761213265023,pERfalEn,anti_homophones
33336,1,0,0,7,4,-6.611582233267494,6.611582233267494,etis°Ri,anti_homophones
33337,1,3,0,5,3,-5.7611067017963355,5.7611067017963355,imole,anti_homophones
33338,1,4,0,5,2,-5.392098248907931,5.392098248907931,negas,anti_homophones
33339,1,0,0,10,4,-7.570452409232354,7.570452409232354,dekaRtifik,anti_homophones
33340,1,0,0,10,4,-7.437888484672699,7.437888484672699,makR°v°niR,anti_homophones
33341,1,0,0,10,4,-8.907033672664674,8.907033672664674,5tRoZEktil,anti_homophones
33342,1,0,0,9,4,-7.6152873807206,7.6152873807206,monomatEl,anti_homophones
33343,1,0,0,7,3,-8.515942073481922,8.515942073481922,somaORt,anti_homophones
33344,1,3,0,6,3,-5.077220819421841,5.077220819421841,pOt°Ri,anti_homophones
33345,1,2,0,6,3,-5.824250542193908,5.824250542193908,bElize,anti_homophones
33346,1,0,0,10,4,-9.003884510377473,9.003884510377473,paRadotist,anti_homophones
33347,1,0,0,8,3,-6.157179239282497,6.157179239282497,kopatizm,anti_homophones
33348,1,2,0,4,2,-5.007058516527169,5.007058516527169,fRe§,anti_homophones
33349,1,1,0,7,3,-6.1073117454072525,6.1073117454072525,kRedika,anti_homophones
33350,1,0,0,7,3,-6.238697595486296,6.238697595486296,oseswaR,anti_homophones
33351,1,1,0,7,4,-6.399718653536747,6.399718653536747,@taliz@,anti_homophones
33352,1,3,0,5,2,-4.676329499038371,4.676329499038371,p§pje,anti_homophones
33353,1,1,0,7,4,-5.432692064546136,5.432692064546136,@tin°Ri,anti_homophones
33354,1,0,0,9,3,-8.069203285205482,8.069203285205482,detERplEz,anti_homophones
33355,1,10,0,4,2,-5.991511467934939,5.991511467934939,RivE,anti_homophones
33356,1,6,0,5,2,-5.430749135937837,5.430749135937837,Zonje,anti_homophones
33357,1,0,0,6,3,-8.294096124469636,8.294096124469636,siziZi,anti_homophones
33358,1,9,1,6,3,-4.694669911780939,4.694669911780939,Redite,anti_homophones
33359,1,1,0,7,3,-7.000783489063867,7.000783489063867,guRdoni,anti_homophones
33360,1,1,0,7,3,-6.01321991193845,6.01321991193845,@f§sj@s,anti_homophones
33361,1,6,0,5,2,-5.123293713553908,5.123293713553908,mORne,anti_homophones
33362,1,0,0,6,3,-6.743478427336078,6.743478427336078,saRkai,anti_homophones
33363,1,1,0,5,2,-5.7732128252781845,5.7732128252781845,notiv,anti_homophones
33364,1,2,0,6,2,-5.4123179125959435,5.4123179125959435,pOstaZ,anti_homophones
33365,1,7,0,7,3,-5.816097388764031,5.816097388764031,pegasj§,anti_homophones
33366,1,0,0,10,4,-7.961838780098349,7.961838780098349,melozitizm,anti_homophones
33367,1,2,0,5,3,-6.692556877017383,6.692556877017383,5viti,anti_homophones
33368,1,0,0,6,3,-7.712366770378735,7.712366770378735,b@liz@,anti_homophones
33369,1,1,0,8,4,-8.206452465095161,8.206452465095161,negatik@,anti_homophones
33370,1,1,0,7,3,-5.468087051136333,5.468087051136333,syRveje,anti_homophones
33371,1,0,0,9,4,-8.880441552928072,8.880441552928072,somenofOb,anti_homophones
33372,1,0,0,8,3,-6.362907468438452,6.362907468438452,k8idifje,anti_homophones
33373,1,0,0,8,3,-8.301610993900752,8.301610993900752,kopj9vje,anti_homophones
33374,1,0,0,6,3,-6.621884937112432,6.621884937112432,j@kije,anti_homophones
33375,1,0,0,9,4,-8.722363170949082,8.722363170949082,S@pwatine,anti_homophones
33376,1,4,0,5,2,-5.033449791320855,5.033449791320855,Egzag,anti_homophones
33377,1,3,0,5,2,-5.841879765760943,5.841879765760943,tRit§,anti_homophones
33378,1,0,0,5,3,-5.830900905096665,5.830900905096665,@REje,anti_homophones
33379,1,1,0,6,2,-5.5524683612315755,5.5524683612315755,tR§pEt,anti_homophones
33380,1,2,0,3,2,-4.8669507546381165,4.8669507546381165,ySE,anti_homophones
33381,1,0,0,8,4,-7.088371330324037,7.088371330324037,@kORpoRa,anti_homophones
33382,1,0,0,8,3,-10.265697649904075,10.265697649904075,tyf°tist,anti_homophones
33383,1,3,0,4,2,-5.0389709335629576,5.0389709335629576,omoz,anti_homophones
33384,1,0,0,8,2,-5.860274303530696,5.860274303530696,EkskRist,anti_homophones
33385,1,0,0,6,3,-7.32661075204646,7.32661075204646,azonER,anti_homophones
33386,1,0,0,8,4,-7.37278894014244,7.37278894014244,tetikase,anti_homophones
33387,1,6,0,5,2,-5.850158030879122,5.850158030879122,gRik5,anti_homophones
33388,1,0,0,8,4,-5.928345486321085,5.928345486321085,kal@s°m@,anti_homophones
33389,1,2,0,5,2,-6.098844404996805,6.098844404996805,tydj@,anti_homophones
33390,1,1,0,7,3,-6.303556855613329,6.303556855613329,pikjave,anti_homophones
33391,1,0,0,9,3,-7.89841219781027,7.89841219781027,mepR@tabl,anti_homophones
33392,1,0,0,10,4,-7.471673018850832,7.471673018850832,fRit8aliz@,anti_homophones
33393,1,0,0,10,4,-9.04154298480006,9.04154298480006,aRtRikl°m@,anti_homophones
33394,1,0,0,10,4,-10.30637819888433,10.30637819888433,kaRokinasm,anti_homophones
33395,1,4,0,5,2,-5.580120164322569,5.580120164322569,disja,anti_homophones
33396,1,0,0,7,3,-7.516963947321305,7.516963947321305,biboniR,anti_homophones
33397,1,0,0,9,3,-7.215482404844471,7.215482404844471,k§klyzj9l,anti_homophones
33398,1,0,0,9,4,-7.783534611642478,7.783534611642478,k§v5kybiR,anti_homophones
33399,1,1,0,9,4,-6.65469477796531,6.65469477796531,kOstis°m@,anti_homophones
33400,1,0,0,9,4,-9.515434314652357,9.515434314652357,savatikoz,anti_homophones
33401,1,0,0,7,3,-6.031470762868938,6.031470762868938,taksine,anti_homophones
33402,1,0,0,7,3,-6.7917220373138845,6.7917220373138845,lok@tif,anti_homophones
33403,1,2,0,5,3,-4.934209457310273,4.934209457310273,feode,anti_homophones
33404,1,0,0,9,4,-8.552778021903984,8.552778021903984,apROS°nEt,anti_homophones
33405,1,2,0,5,2,-6.223079922455023,6.223079922455023,fizit,anti_homophones
33406,1,0,0,7,3,-6.849796766113944,6.849796766113944,fyRinj5,anti_homophones
33407,1,0,0,8,3,-9.531192561292526,9.531192561292526,lytwajat,anti_homophones
33408,1,0,0,6,3,-8.376507535862187,8.376507535862187,amufRu,anti_homophones
33409,1,2,0,5,2,-5.455327641051009,5.455327641051009,belj§,anti_homophones
33410,1,3,1,5,2,-4.544302617097386,4.544302617097386,diZEn,anti_homophones
33411,1,0,0,7,3,-7.5128989770362,7.5128989770362,sybylEt,anti_homophones
33412,1,4,0,4,2,-4.75675300864596,4.75675300864596,k§gE,anti_homophones
33413,1,0,0,6,2,-5.853798200567293,5.853798200567293,glOfOn,anti_homophones
33414,1,1,0,7,4,-5.13179696908399,5.13179696908399,afik°m@,anti_homophones
33415,1,6,0,6,3,-5.518298430474215,5.518298430474215,kedite,anti_homophones
33416,1,0,0,8,3,-7.035767859846368,7.035767859846368,komyRjal,anti_homophones
33417,1,0,0,6,2,-5.8487017732341045,5.8487017732341045,sylt82,anti_homophones
33418,1,19,0,4,2,-4.764875942715226,4.764875942715226,aRse,anti_homophones
33419,1,1,0,6,2,-6.333049144027621,6.333049144027621,kwakyl,anti_homophones
33420,1,2,0,6,2,-5.4292533317755085,5.4292533317755085,divabl,anti_homophones
33421,1,2,0,6,2,-5.440856566179521,5.440856566179521,gOlf9R,anti_homophones
33422,1,0,0,9,3,-8.50189229782134,8.50189229782134,katakt82z,anti_homophones
33423,1,2,0,6,2,-6.310761646993236,6.310761646993236,vazibl,anti_homophones
33424,1,0,0,8,3,-10.09893941684831,10.09893941684831,atERlint,anti_homophones
33425,1,3,0,7,3,-5.243534549680865,5.243534549680865,Revizj§,anti_homophones
33426,1,1,0,7,3,-6.287551246603211,6.287551246603211,libwaje,anti_homophones
33427,1,0,0,7,3,-6.98263371773169,6.98263371773169,kiloman,anti_homophones
33428,1,0,0,6,2,-6.808116702945782,6.808116702945782,t5b@kR,anti_homophones
33429,1,0,0,8,4,-7.06001567479599,7.06001567479599,demat°te,anti_homophones
33430,1,0,0,11,4,-8.134462538535148,8.134462538535148,maRguj°mEtR,anti_homophones
33431,1,0,0,8,3,-5.872194772991494,5.872194772991494,dOgmat9R,anti_homophones
33432,1,2,0,6,2,-5.4433777329821345,5.4433777329821345,speRal,anti_homophones
33433,1,6,0,5,2,-4.602786438832829,4.602786438832829,k§sj@,anti_homophones
33434,1,0,0,8,4,-6.427401098469071,6.427401098469071,5divERti,anti_homophones
33435,1,2,0,6,3,-4.7359031896036985,4.7359031896036985,5tER9R,anti_homophones
33436,1,0,0,7,4,-8.033070189776554,8.033070189776554,@tilip@,anti_homophones
33437,1,0,0,11,4,-9.078814060263756,9.078814060263756,djalizastRe,anti_homophones
33438,1,6,0,4,2,-4.708534602051918,4.708534602051918,leze,anti_homophones
33439,1,0,0,12,4,-13.155974103033476,13.155974103033476,kaskylpitREm,anti_homophones
33440,1,5,0,5,2,-5.589199900540858,5.589199900540858,asmik,anti_homophones
33441,1,3,0,5,2,-5.17984596537183,5.17984596537183,stRy@,anti_homophones
33442,1,3,0,6,2,-5.001861646001091,5.001861646001091,fuRnwa,anti_homophones
33443,1,0,0,9,4,-5.394412609692845,5.394412609692845,adaptasj§,anti_homophones
33444,1,2,0,7,3,-6.285939327225129,6.285939327225129,k§sonER,anti_homophones
33445,1,0,0,10,4,-8.484052968799718,8.484052968799718,k§pleminit,anti_homophones
33446,1,0,0,10,4,-10.097701883238976,10.097701883238976,mon°vilizm,anti_homophones
33447,1,0,0,7,3,-6.461374316847379,6.461374316847379,ekaptik,anti_homophones
33448,1,0,0,7,2,-9.176271697197702,9.176271697197702,wEbkazj,anti_homophones
33449,1,0,0,8,3,-7.5466046021574416,7.5466046021574416,tRatERaZ,anti_homophones
33450,1,0,0,8,3,-7.177576690581724,7.177576690581724,pylswaje,anti_homophones
33451,1,0,0,8,3,-5.195114665925156,5.195114665925156,medjat9R,anti_homophones
33452,1,6,0,5,2,-5.213309700186116,5.213309700186116,van9R,anti_homophones
33453,1,10,0,3,2,-5.192734748122954,5.192734748122954,oky,anti_homophones
33454,1,1,0,6,3,-6.551445087632053,6.551445087632053,5pedj5,anti_homophones
33455,1,0,0,7,3,-9.190952463749964,9.190952463749964,p5sOl@S,anti_homophones
33456,1,0,0,9,4,-7.941435611476886,7.941435611476886,glofonomi,anti_homophones
33457,1,0,0,8,3,-5.70784154595588,5.70784154595588,k§Z§ktyR,anti_homophones
33458,1,3,0,5,2,-5.827241612685979,5.827241612685979,difyR,anti_homophones
33459,1,0,0,12,4,-12.766757886921924,12.766757886921924,vERogRadRist,anti_homophones
33460,1,0,0,8,4,-9.653210040175566,9.653210040175566,RanoRizo,anti_homophones
33461,1,0,0,8,4,-8.103378492811654,8.103378492811654,k§sylEse,anti_homophones
33462,1,0,0,12,4,-8.99526680609148,8.99526680609148,tR@skRibulEt,anti_homophones
33463,1,4,0,4,2,-5.446739285942108,5.446739285942108,fygy,anti_homophones
33464,1,0,0,7,4,-6.519666575276417,6.519666575276417,ipofiz@,anti_homophones
33465,1,5,0,6,3,-6.549626381500415,6.549626381500415,s°g§da,anti_homophones
33466,1,0,0,10,4,-7.939792271422677,7.939792271422677,sypRaksine,anti_homophones
33467,1,3,0,6,2,-5.036349682697806,5.036349682697806,kaRnEl,anti_homophones
33468,1,2,0,5,3,-5.474609502353522,5.474609502353522,asOne,anti_homophones
33469,1,0,0,9,4,-6.894518870964532,6.894518870964532,metRasite,anti_homophones
33470,1,0,0,8,3,-7.446402205430666,7.446402205430666,maRotist,anti_homophones
33471,1,2,0,5,3,-5.394975652794803,5.394975652794803,ineRe,anti_homophones
33472,1,1,0,7,4,-8.267201881832623,8.267201881832623,omonise,anti_homophones
33473,1,0,0,9,3,-7.152478422654017,7.152478422654017,gRafaksj§,anti_homophones
33474,1,0,0,8,4,-7.469016515774689,7.469016515774689,R@fenize,anti_homophones
33475,1,5,0,6,3,-5.025761784886228,5.025761784886228,piZone,anti_homophones
33476,1,0,0,7,3,-5.70365564790866,5.70365564790866,mORveje,anti_homophones
33477,1,0,0,6,2,-5.864985715657589,5.864985715657589,s8is@s,anti_homophones
33478,1,1,0,6,3,-5.178348709930103,5.178348709930103,5dEmni,anti_homophones
33479,1,1,0,6,2,-6.072770714832011,6.072770714832011,plytRe,anti_homophones
33480,1,1,0,6,3,-6.907074940933481,6.907074940933481,viRas§,anti_homophones
33481,1,0,0,8,3,-8.148857164951334,8.148857164951334,depRogid,anti_homophones
33482,1,0,0,11,4,-10.149808082678971,10.149808082678971,blastRadij§,anti_homophones
33483,1,7,0,3,2,-6.063435694611078,6.063435694611078,@N@,anti_homophones
33484,1,1,0,5,2,-5.452692505720857,5.452692505720857,fudR2,anti_homophones
33485,1,0,0,9,4,-6.384265683665192,6.384265683665192,sERvas°m@,anti_homophones
33486,1,1,0,8,3,-7.704455425763478,7.704455425763478,piROks9R,anti_homophones
33487,1,1,0,9,4,-5.427348723805183,5.427348723805183,sOsjOn°m@,anti_homophones
33488,1,5,0,6,3,-5.296936300940593,5.296936300940593,dedone,anti_homophones
33489,1,16,0,3,2,-4.289518897036024,4.289518897036024,am5,anti_homophones
33490,1,0,0,10,3,-9.542190386896426,9.542190386896426,spl@SwajaZ,anti_homophones
33491,1,0,0,8,3,-6.488237345823512,6.488237345823512,RezidjER,anti_homophones
33492,1,6,0,5,2,-5.235056938057841,5.235056938057841,bazal,anti_homophones
33493,1,0,0,8,3,-7.540688259750215,7.540688259750215,kliman9R,anti_homophones
33494,1,6,0,5,2,-5.4766461792940815,5.4766461792940815,dRose,anti_homophones
33495,1,0,0,8,2,-9.218314893879489,9.218314893879489,skw@tORS,anti_homophones
33496,1,2,0,6,3,-6.2902978964996805,6.2902978964996805,veloze,anti_homophones
33497,1,0,0,10,4,-11.070249167575781,11.070249167575781,idep@dEstR,anti_homophones
33498,1,0,0,9,4,-7.6147287750833454,7.6147287750833454,divit@sj§,anti_homophones
33499,1,0,0,8,4,-8.427066872042849,8.427066872042849,bagotiz@,anti_homophones
33500,1,1,0,9,4,-7.036401162693104,7.036401162693104,mORkin°m@,anti_homophones
33501,1,28,0,3,2,-4.324975650582721,4.324975650582721,aso,anti_homophones
33502,1,2,0,4,2,-6.314033889549202,6.314033889549202,zObi,anti_homophones
33503,1,0,0,9,3,-8.657217872455236,8.657217872455236,panwin9ts,anti_homophones
33504,1,0,0,9,3,-8.651695486733813,8.651695486733813,b9RgatwaR,anti_homophones
33505,1,0,0,7,2,-5.62207637193801,5.62207637193801,kaRdjEn,anti_homophones
33506,1,1,0,6,3,-6.637924656444902,6.637924656444902,vaponE,anti_homophones
33507,1,0,0,8,3,-8.225628068978011,8.225628068978011,kRavokaZ,anti_homophones
33508,1,1,0,6,3,-6.158611212724287,6.158611212724287,emERlo,anti_homophones
33509,1,1,0,9,4,-6.881706520704202,6.881706520704202,mitwaz°m@,anti_homophones
33510,1,0,0,8,3,-7.8314620891591655,7.8314620891591655,bREsifje,anti_homophones
33511,1,0,0,8,3,-6.328624634945891,6.328624634945891,mufleSiR,anti_homophones
33512,1,1,1,6,3,-4.893857924591045,4.893857924591045,R§Sone,anti_homophones
33513,1,0,0,10,4,-9.211198811739632,9.211198811739632,vid@tin8@s,anti_homophones
33514,1,0,0,6,3,-7.256000874938185,7.256000874938185,deRaz5,anti_homophones
33515,1,0,0,7,4,-7.141381407345285,7.141381407345285,aN2lEt2,anti_homophones
33516,1,4,0,6,3,-5.494768340218534,5.494768340218534,Simine,anti_homophones
33517,1,0,0,9,4,-8.323958117707805,8.323958117707805,5pERsinje,anti_homophones
33518,1,2,0,7,3,-6.353517106236929,6.353517106236929,desud9R,anti_homophones
33519,1,8,0,4,2,-5.473405810359624,5.473405810359624,felo,anti_homophones
33520,1,0,0,10,3,-8.990985868887527,8.990985868887527,plwazonabl,anti_homophones
33521,1,1,0,9,4,-5.831953214094474,5.831953214094474,maSizasj§,anti_homophones
33522,1,0,0,8,3,-5.878916788147935,5.878916788147935,debwaj9R,anti_homophones
33523,1,0,0,9,4,-7.6777704277168475,7.6777704277168475,k§solist@,anti_homophones
33524,1,7,0,5,3,-5.398927124857258,5.398927124857258,elate,anti_homophones
33525,1,0,0,8,3,-7.2265283276304,7.2265283276304,k§spERte,anti_homophones
33526,1,1,0,7,3,-6.451018876260159,6.451018876260159,dekatEl,anti_homophones
33527,1,1,0,6,2,-5.621136195173926,5.621136195173926,dadabl,anti_homophones
33528,1,0,0,6,2,-5.43142284236044,5.43142284236044,maskEt,anti_homophones
33529,1,0,0,7,2,-7.148735983917959,7.148735983917959,kRiljaZ,anti_homophones
33530,1,5,0,5,2,-5.371349290781282,5.371349290781282,nORmi,anti_homophones
33531,1,2,0,5,3,-5.413221375754377,5.413221375754377,5time,anti_homophones
33532,1,0,0,7,3,-7.651170869650441,7.651170869650441,vikital,anti_homophones
33533,1,3,0,8,4,-5.859719419517811,5.859719419517811,aRjEl°m@,anti_homophones
33534,1,0,0,6,2,-7.03521810501023,7.03521810501023,miksif,anti_homophones
33535,1,3,0,8,3,-4.735979578474237,4.735979578474237,R°plasj§,anti_homophones
33536,1,0,0,10,4,-8.28143508067779,8.28143508067779,izOtEktwaR,anti_homophones
33537,1,1,0,8,4,-5.662705333547608,5.662705333547608,koagylje,anti_homophones
33538,1,0,0,7,3,-7.376661146524708,7.376661146524708,SapeRal,anti_homophones
33539,1,1,0,7,4,-7.482587724164641,7.482587724164641,aeRebRe,anti_homophones
33540,1,0,0,7,3,-10.03320480265098,10.03320480265098,OblagR@,anti_homophones
33541,1,0,0,8,4,-8.03332507653519,8.03332507653519,idR°t°n@,anti_homophones
33542,1,0,0,8,4,-9.00119651859414,9.00119651859414,bavalipi,anti_homophones
33543,1,0,0,8,2,-7.98695859605715,7.98695859605715,kRapskyl,anti_homophones
33544,1,15,0,4,2,-4.504495136709478,4.504495136709478,etRe,anti_homophones
33545,1,2,0,5,2,-6.38199886354958,6.38199886354958,masak,anti_homophones
33546,1,4,0,9,4,-5.339936198034536,5.339936198034536,Radikasj§,anti_homophones
33547,1,0,0,9,4,-6.74542518392553,6.74542518392553,k§stRo@se,anti_homophones
33548,1,0,0,6,2,-6.466669329281445,6.466669329281445,tRomER,anti_homophones
33549,1,0,0,8,3,-6.751638251023773,6.751638251023773,dezoRjER,anti_homophones
33550,1,0,0,6,3,-6.8607046347698715,6.8607046347698715,degini,anti_homophones
33551,1,0,0,7,3,-6.003991674692708,6.003991674692708,pylsemi,anti_homophones
33552,1,2,0,6,3,-5.078424934760043,5.078424934760043,ek8ite,anti_homophones
33553,1,0,0,10,4,-7.10973123826163,7.10973123826163,k§disgRafi,anti_homophones
33554,1,0,0,8,3,-5.7287779476497365,5.7287779476497365,dez5tOks,anti_homophones
33555,1,1,0,6,3,-6.78435841197422,6.78435841197422,lav°si,anti_homophones
33556,1,0,0,6,3,-7.454250520381057,7.454250520381057,v@tuRe,anti_homophones
33557,1,0,0,7,3,-8.370205499614627,8.370205499614627,paRotaf,anti_homophones
33558,1,2,0,7,3,-6.471703076942985,6.471703076942985,tORt°n@,anti_homophones
33559,1,0,0,8,4,-8.624401534985157,8.624401534985157,vokaRak@,anti_homophones
33560,1,0,0,9,4,-9.081420734867226,9.081420734867226,dybikinal,anti_homophones
33561,1,1,0,6,3,-5.526384789551727,5.526384789551727,epilOt,anti_homophones
33562,1,0,0,6,3,-6.352316724350895,6.352316724350895,poSuz5,anti_homophones
33563,1,3,0,6,3,-6.311362697747291,6.311362697747291,aZityd,anti_homophones
33564,1,0,0,10,4,-7.3755302514648164,7.3755302514648164,k§pRes@s9R,anti_homophones
33565,1,0,0,10,4,-10.667400458441122,10.667400458441122,pRenonisim,anti_homophones
33566,1,0,0,8,3,-8.98215096372377,8.98215096372377,Osmanz5g,anti_homophones
33567,1,3,0,6,3,-5.811835194973484,5.811835194973484,R@bine,anti_homophones
33568,1,0,0,9,4,-7.460609124735644,7.460609124735644,taplasite,anti_homophones
33569,1,0,0,8,3,-7.099392734626624,7.099392734626624,kORpolj5,anti_homophones
33570,1,0,0,6,2,-5.673170050163136,5.673170050163136,9RtwaR,anti_homophones
33571,1,1,0,6,3,-5.812321856425111,5.812321856425111,p5p§de,anti_homophones
33572,1,1,0,9,4,-7.612242929484973,7.612242929484973,k§pozitRe,anti_homophones
33573,1,9,0,5,2,-4.924885805788347,4.924885805788347,buS9R,anti_homophones
33574,1,1,0,6,3,-6.2803763250713605,6.2803763250713605,@kORve,anti_homophones
33575,1,0,0,7,3,-7.745040512752325,7.745040512752325,RadajaR,anti_homophones
33576,1,0,0,7,3,-6.4228970101053235,6.4228970101053235,sinaZ9R,anti_homophones
33577,1,1,0,7,3,-6.458492377224378,6.458492377224378,patRika,anti_homophones
33578,1,1,0,6,3,-6.17635104810982,6.17635104810982,ak§plE,anti_homophones
33579,1,2,0,6,2,-5.9463418594910005,5.9463418594910005,lesizm,anti_homophones
33580,1,0,0,6,3,-5.659615833962982,5.659615833962982,R°gaNe,anti_homophones
33581,1,0,0,10,4,-9.54354970026369,9.54354970026369,@guRtisfER,anti_homophones
33582,1,1,0,8,3,-5.867285308022761,5.867285308022761,R°laksj§,anti_homophones
33583,1,0,0,9,3,-9.8360687637503,9.8360687637503,skRiblok@,anti_homophones
33584,1,0,0,7,3,-8.735695324339796,8.735695324339796,§bR@laR,anti_homophones
33585,1,11,0,6,3,-4.813748194641569,4.813748194641569,baRite,anti_homophones
33586,1,6,0,5,2,-5.286554971108705,5.286554971108705,pERd@,anti_homophones
33587,1,4,0,7,3,-5.14750826976537,5.14750826976537,aptasj§,anti_homophones
33588,1,0,0,7,3,-6.15174157451498,6.15174157451498,sufleSi,anti_homophones
33589,1,0,0,8,3,-6.970173473819062,6.970173473819062,ZOkosjal,anti_homophones
33590,1,22,0,4,2,-4.425324269196147,4.425324269196147,mote,anti_homophones
33591,1,3,0,5,2,-5.857769966284398,5.857769966284398,kedit,anti_homophones
33592,1,3,0,5,2,-5.198539697886816,5.198539697886816,sypRE,anti_homophones
33593,1,0,0,8,3,-8.920944807218271,8.920944807218271,5klosist,anti_homophones
33594,1,1,1,6,3,-6.052458078109603,6.052458078109603,astone,anti_homophones
33595,1,2,0,5,3,-5.580982498227937,5.580982498227937,ynivE,anti_homophones
33596,1,1,0,7,3,-5.0742602179778755,5.0742602179778755,5t@sjEl,anti_homophones
33597,1,0,0,6,3,-7.226559275241166,7.226559275241166,ER@tEl,anti_homophones
33598,1,0,0,6,3,-7.151157425166784,7.151157425166784,babusy,anti_homophones
33599,1,5,0,5,3,-5.477526343893757,5.477526343893757,anomi,anti_homophones
33600,1,4,0,6,3,-6.076344646764582,6.076344646764582,afRaZe,anti_homophones
33601,1,0,0,5,2,-5.838550067654746,5.838550067654746,b5Zam,anti_homophones
33602,1,0,0,11,4,-7.063650679678312,7.063650679678312,k§tR°pR°niR,anti_homophones
33603,1,9,0,5,2,-5.289659024064144,5.289659024064144,kofaZ,anti_homophones
33604,1,0,0,9,4,-8.963579579950718,8.963579579950718,R°klasaje,anti_homophones
33605,1,0,0,7,2,-6.247588193910963,6.247588193910963,kRepizm,anti_homophones
33606,1,1,0,6,3,-7.001619294948271,7.001619294948271,fyRige,anti_homophones
33607,1,4,0,5,2,-7.022197355617091,7.022197355617091,s@tiG,anti_homophones
33608,1,0,0,9,4,-5.399654386420831,5.399654386420831,t@poRasj§,anti_homophones
33609,1,0,0,10,4,-7.296568309503471,7.296568309503471,djatRal°m@,anti_homophones
33610,1,1,0,7,3,-9.09888190203133,9.09888190203133,mepROSE,anti_homophones
33611,1,3,0,6,3,-5.249265666515337,5.249265666515337,@tit9R,anti_homophones
33612,1,2,0,8,3,-6.785268932712747,6.785268932712747,blijonEl,anti_homophones
33613,1,0,0,6,3,-6.230593013830528,6.230593013830528,selygy,anti_homophones
33614,1,5,0,4,2,-5.202120545729722,5.202120545729722,afR§,anti_homophones
33615,1,0,0,6,3,-5.759189183846402,5.759189183846402,ORnize,anti_homophones
33616,1,1,0,7,3,-5.49783032437775,5.49783032437775,noblije,anti_homophones
33617,1,2,0,6,2,-6.079124753529489,6.079124753529489,kRol9R,anti_homophones
33618,1,6,0,5,2,-5.843510285334299,5.843510285334299,RotaR,anti_homophones
33619,1,0,0,8,3,-8.323303511257564,8.323303511257564,pletReje,anti_homophones
33620,1,0,0,10,4,-10.675454291549475,10.675454291549475,buskRilon2,anti_homophones
33621,1,0,0,9,4,-6.499193576322293,6.499193576322293,afEktoRj5,anti_homophones
33622,1,0,0,5,2,-5.976435662213509,5.976435662213509,bR°t5,anti_homophones
33623,1,2,0,6,2,-5.699067979122118,5.699067979122118,klafm@,anti_homophones
33624,1,0,0,7,3,-6.108410385572899,6.108410385572899,dez5sEl,anti_homophones
33625,1,0,0,7,3,-6.666761655923328,6.666761655923328,kolatRi,anti_homophones
33626,1,2,0,5,2,-5.984841910790497,5.984841910790497,Rimit,anti_homophones
33627,1,8,0,4,2,-5.029187172657952,5.029187172657952,Ret5,anti_homophones
33628,1,0,0,10,4,-9.963662061809897,9.963662061809897,majl@dikaR,anti_homophones
33629,1,0,0,9,3,-7.481369636869544,7.481369636869544,pOstyRlyR,anti_homophones
33630,1,0,0,8,4,-6.121603640466904,6.121603640466904,fofOn°m@,anti_homophones
33631,1,0,0,8,4,-8.268657883595463,8.268657883595463,aksidas5,anti_homophones
33632,1,0,0,8,2,-7.655781630234396,7.655781630234396,dRagmitR,anti_homophones
33633,1,14,0,4,2,-4.695448510172953,4.695448510172953,enik,anti_homophones
33634,1,0,0,8,4,-8.888483587589045,8.888483587589045,ebyS°vRo,anti_homophones
33635,1,0,0,8,3,-8.749455089828782,8.749455089828782,sObR@SaZ,anti_homophones
33636,1,17,0,3,2,-4.909444831128952,4.909444831128952,oRE,anti_homophones
33637,1,0,0,9,3,-7.951249958958255,7.951249958958255,OstRaktik,anti_homophones
33638,1,0,0,6,2,-5.9214081507801914,5.9214081507801914,Ekst@t,anti_homophones
33639,1,1,0,8,4,-5.897926784929967,5.897926784929967,@pytasj§,anti_homophones
33640,1,0,0,10,4,-8.3774928560528,8.3774928560528,mileZiptik,anti_homophones
33641,1,3,0,5,2,-6.147263831883577,6.147263831883577,apROg,anti_homophones
33642,1,7,0,6,3,-5.581900713619247,5.581900713619247,elisj§,anti_homophones
33643,1,13,0,4,2,-4.473059486845938,4.473059486845938,page,anti_homophones
33644,1,0,0,10,4,-9.366862088881907,9.366862088881907,delikyltiz,anti_homophones
33645,1,5,0,4,2,-4.73997073284585,4.73997073284585,kujo,anti_homophones
33646,1,12,0,4,2,-4.817023524088478,4.817023524088478,mal2,anti_homophones
33647,1,0,0,7,4,-8.019502133315049,8.019502133315049,apaSit§,anti_homophones
33648,1,0,0,7,4,-7.059339947377864,7.059339947377864,aRineER,anti_homophones
33649,1,0,0,5,2,-5.381027667816214,5.381027667816214,f2tRe,anti_homophones
33650,1,9,0,5,2,-5.045741023803421,5.045741023803421,polEt,anti_homophones
33651,1,0,0,8,4,-5.859198230694718,5.859198230694718,misEl°m@,anti_homophones
33652,1,0,0,6,3,-5.971863562135933,5.971863562135933,@pytRe,anti_homophones
33653,1,7,0,4,2,-4.875180432219695,4.875180432219695,m@t5,anti_homophones
33654,1,2,0,8,3,-6.086729287304666,6.086729287304666,Revjat9R,anti_homophones
33655,1,0,0,8,3,-6.630182548196694,6.630182548196694,depR@dje,anti_homophones
33656,1,0,0,7,3,-6.476883596798622,6.476883596798622,asivizm,anti_homophones
33657,1,4,0,4,2,-4.660803200613844,4.660803200613844,savo,anti_homophones
33658,1,0,0,6,3,-8.708006812216558,8.708006812216558,luSaj§,anti_homophones
33659,1,1,0,7,3,-6.688748846356924,6.688748846356924,det°nEz,anti_homophones
33660,1,0,0,8,3,-5.544830075139035,5.544830075139035,kRealizm,anti_homophones
33661,1,0,0,7,3,-7.221894250936578,7.221894250936578,degRiza,anti_homophones
33662,1,1,0,7,2,-5.542953245050083,5.542953245050083,pREsibl,anti_homophones
33663,1,2,0,6,3,-5.647373364162059,5.647373364162059,totaZe,anti_homophones
33664,1,0,0,6,3,-6.433096438866174,6.433096438866174,kOleRo,anti_homophones
33665,1,0,0,7,3,-6.7361488900481215,6.7361488900481215,fam2gle,anti_homophones
33666,1,0,0,11,4,-9.05305633677973,9.05305633677973,bR@k§tR°pEt,anti_homophones
33667,1,1,0,6,4,-7.249723106004259,7.249723106004259,imode§,anti_homophones
33668,1,5,0,5,2,-4.75184712357936,4.75184712357936,fin@s,anti_homophones
33669,1,0,0,7,2,-6.654519716064517,6.654519716064517,tRikt82,anti_homophones
33670,1,0,0,8,3,-9.128750094898948,9.128750094898948,@biskRiv,anti_homophones
33671,1,0,0,7,4,-7.830598402515992,7.830598402515992,imaZiRe,anti_homophones
33672,1,0,0,10,4,-7.726538426502662,7.726538426502662,pOstonasj§,anti_homophones
33673,1,8,0,5,2,-7.532431292682466,7.532431292682466,maRjE,anti_homophones
33674,1,0,0,9,3,-8.070831732498027,8.070831732498027,5k§fEkstR,anti_homophones
33675,1,0,0,8,4,-6.956380883474177,6.956380883474177,balol°m@,anti_homophones
33676,1,0,0,8,3,-7.206633537463476,7.206633537463476,EksikliN,anti_homophones
33677,1,1,0,8,3,-5.7983961755780316,5.7983961755780316,pRopolik,anti_homophones
33678,1,5,0,4,2,-5.143565243041595,5.143565243041595,afw5,anti_homophones
33679,1,4,0,6,3,-5.524967257653011,5.524967257653011,defalo,anti_homophones
33680,1,7,0,6,3,-4.8711287820660205,4.8711287820660205,avwaje,anti_homophones
33681,1,0,0,9,3,-8.46967943061443,8.46967943061443,modEkskly,anti_homophones
33682,1,0,0,11,4,-9.619045822905488,9.619045822905488,pRetRodakte,anti_homophones
33683,1,0,0,7,3,-7.973807445520676,7.973807445520676,akolEgR,anti_homophones
33684,1,3,0,5,2,-5.26211668213566,5.26211668213566,bRig@,anti_homophones
33685,1,5,0,4,2,-6.247636048528978,6.247636048528978,nepa,anti_homophones
33686,1,1,0,7,2,-5.6789879788178235,5.6789879788178235,patSizm,anti_homophones
33687,1,0,0,6,3,-6.6251885757408235,6.6251885757408235,R°lika,anti_homophones
33688,1,0,0,5,2,-6.339181080324494,6.339181080324494,buf9j,anti_homophones
33689,1,0,0,8,3,-8.419348127105131,8.419348127105131,pw5tanEl,anti_homophones
33690,1,3,0,5,2,-5.4885177376346315,5.4885177376346315,miliG,anti_homophones
33691,1,0,0,7,4,-6.86191345273128,6.86191345273128,5sipate,anti_homophones
33692,1,3,0,5,2,-4.851900926015862,4.851900926015862,man@s,anti_homophones
33693,1,0,0,8,4,-8.899724996163624,8.899724996163624,p°lasete,anti_homophones
33694,1,0,0,8,4,-7.9574466706416285,7.9574466706416285,efR§taNE,anti_homophones
33695,1,1,0,7,3,-5.927978062309188,5.927978062309188,R°s°val,anti_homophones
33696,1,0,0,6,3,-6.856536915208641,6.856536915208641,pipidi,anti_homophones
33697,1,2,0,6,2,-5.961373367599957,5.961373367599957,malmik,anti_homophones
33698,1,0,0,8,4,-7.409478124008047,7.409478124008047,kofonis@,anti_homophones
33699,1,0,0,7,4,-9.046629250701768,9.046629250701768,inetERe,anti_homophones
33700,1,9,0,7,3,-4.610177885895679,4.610177885895679,labl°m@,anti_homophones
33701,1,1,0,8,3,-5.958565635145263,5.958565635145263,RevERtik,anti_homophones
33702,1,0,0,8,4,-8.917307763528555,8.917307763528555,p§pilym@,anti_homophones
33703,1,2,0,5,3,-5.285266586092475,5.285266586092475,@bomi,anti_homophones
33704,1,0,0,8,4,-10.586019378891969,10.586019378891969,RibyRani,anti_homophones
33705,1,0,0,5,2,-6.935517299505527,6.935517299505527,mEgme,anti_homophones
33706,1,3,0,4,2,-5.310103942400186,5.310103942400186,uRse,anti_homophones
33707,1,4,0,5,2,-5.744467320724922,5.744467320724922,akutR,anti_homophones
33708,1,0,0,9,4,-6.372349152944051,6.372349152944051,paRakt°m@,anti_homophones
33709,1,0,0,6,2,-7.84148801502075,7.84148801502075,meS@bR,anti_homophones
33710,1,0,0,7,2,-5.488113056614713,5.488113056614713,diskRiR,anti_homophones
33711,1,1,0,9,4,-6.153818578060056,6.153818578060056,kRoSis°m@,anti_homophones
33712,1,0,0,6,3,-7.1438445393733945,7.1438445393733945,betolo,anti_homophones
33713,1,7,0,5,2,-4.88646349665633,4.88646349665633,bRym@,anti_homophones
33714,1,1,0,8,3,-6.091787946415224,6.091787946415224,deZetizm,anti_homophones
33715,1,0,0,6,2,-6.944802431063257,6.944802431063257,pOgRaf,anti_homophones
33716,1,0,0,6,2,-6.025329197222449,6.025329197222449,dykt82,anti_homophones
33717,1,0,0,7,3,-7.732641865420085,7.732641865420085,vatitik,anti_homophones
33718,1,0,0,7,3,-6.83536564447682,6.83536564447682,eploRal,anti_homophones
33719,1,0,0,7,3,-6.6257449439669465,6.6257449439669465,dusin8e,anti_homophones
33720,1,2,0,6,2,-5.364950647346375,5.364950647346375,steRja,anti_homophones
33721,1,0,0,9,4,-9.17091444628148,9.17091444628148,kolOgRamy,anti_homophones
33722,1,0,0,8,3,-7.636128105379965,7.636128105379965,lygylatR,anti_homophones
33723,1,0,0,8,3,-7.513127959339848,7.513127959339848,baRdalje,anti_homophones
33724,1,0,0,8,3,-8.814416875688648,8.814416875688648,RifuRvwa,anti_homophones
33725,1,0,0,9,4,-6.787428557806746,6.787428557806746,sERkOn°m@,anti_homophones
33726,1,0,0,7,3,-6.45691992124379,6.45691992124379,taRig9R,anti_homophones
33727,1,0,0,8,3,-8.797322777667416,8.797322777667416,tapkan9R,anti_homophones
33728,1,2,0,5,2,-6.61546371939114,6.61546371939114,piliG,anti_homophones
33729,1,12,0,7,3,-4.98917316748725,4.98917316748725,maRasj§,anti_homophones
33730,1,0,0,9,4,-7.674781364835224,7.674781364835224,5tERtin9R,anti_homophones
33731,1,1,0,9,4,-5.537608610908702,5.537608610908702,veRizasj§,anti_homophones
33732,1,0,0,6,2,-5.721543451703928,5.721543451703928,fRyske,anti_homophones
33733,1,2,0,4,2,-5.457313319878597,5.457313319878597,d°k5,anti_homophones
33734,1,0,0,8,3,-6.076834954030708,6.076834954030708,kOsmoz9R,anti_homophones
33735,1,0,0,10,4,-11.127245400044208,11.127245400044208,SERgOnisid,anti_homophones
33736,1,1,0,8,4,-5.936077076831116,5.936077076831116,teleRite,anti_homophones
33737,1,0,0,9,4,-8.967976245676411,8.967976245676411,k§sylabuR,anti_homophones
33738,1,1,0,8,3,-7.38650877192431,7.38650877192431,mesivizm,anti_homophones
33739,1,4,0,5,3,-5.929121679985449,5.929121679985449,eRoni,anti_homophones
33740,1,0,0,9,4,-8.108559278066982,8.108559278066982,toloZikOp,anti_homophones
33741,1,4,0,5,2,-5.368090414960598,5.368090414960598,tRym@,anti_homophones
33742,1,0,0,7,4,-7.9023079664056315,7.9023079664056315,5v@dina,anti_homophones
33743,1,1,0,4,2,-5.242523739687893,5.242523739687893,pOme,anti_homophones
33744,1,0,0,6,3,-4.891267441216259,4.891267441216259,biZute,anti_homophones
33745,1,0,0,9,4,-7.834492143966475,7.834492143966475,Ramiditik,anti_homophones
33746,1,14,0,4,2,-4.487738001198151,4.487738001198151,dek@,anti_homophones
33747,1,0,0,7,3,-6.50984966402678,6.50984966402678,legej@s,anti_homophones
33748,1,0,0,9,4,-10.545157115864749,10.545157115864749,koalpisj5,anti_homophones
33749,1,28,0,3,2,-4.798703112425282,4.798703112425282,@Re,anti_homophones
33750,1,0,0,7,3,-6.157326222350698,6.157326222350698,medis9R,anti_homophones
33751,1,16,0,5,2,-4.471000342150809,4.471000342150809,katif,anti_homophones
33752,1,8,0,5,2,-4.447489782894392,4.447489782894392,sotje,anti_homophones
33753,1,0,0,10,4,-9.880534751612753,9.880534751612753,oskolEstif,anti_homophones
33754,1,0,0,9,4,-9.481443134355432,9.481443134355432,melygylj5,anti_homophones
33755,1,18,0,4,2,-4.660328682225288,4.660328682225288,boRe,anti_homophones
33756,1,3,0,6,2,-5.8110604226239415,5.8110604226239415,dRonik,anti_homophones
33757,1,0,0,6,2,-6.3635742704036575,6.3635742704036575,m@bRyR,anti_homophones
33758,1,0,0,8,4,-8.345102529428658,8.345102529428658,dilysido,anti_homophones
33759,1,3,0,6,3,-5.258940816253687,5.258940816253687,fOl°Ri,anti_homophones
33760,1,10,0,9,4,-4.741176144438296,4.741176144438296,palizasj§,anti_homophones
33761,1,0,0,7,3,-7.786912700200456,7.786912700200456,dyRsima,anti_homophones
33762,1,1,0,5,2,-6.2113870671769,6.2113870671769,baziv,anti_homophones
33763,1,4,0,5,2,-5.205049966509489,5.205049966509489,SatSe,anti_homophones
33764,1,2,0,5,2,-4.976750309103944,4.976750309103944,milja,anti_homophones
33765,1,0,0,8,3,-7.185372678596802,7.185372678596802,aRkasjal,anti_homophones
33766,1,0,0,5,2,-5.841436882068308,5.841436882068308,pepES,anti_homophones
33767,1,2,0,5,2,-5.545969039611247,5.545969039611247,dOgm@,anti_homophones
33768,1,0,0,8,3,-7.054962090897821,7.054962090897821,5plEktyR,anti_homophones
33769,1,2,0,6,3,-5.95580329697524,5.95580329697524,R°duta,anti_homophones
33770,1,2,1,8,3,-5.703698712260182,5.703698712260182,djabl2m@,anti_homophones
33771,1,0,0,8,4,-6.096070938627354,6.096070938627354,ZyRalize,anti_homophones
33772,1,0,0,6,3,-6.075609601456185,6.075609601456185,kyRaje,anti_homophones
33773,1,0,0,7,3,-7.857157620266101,7.857157620266101,veZenyz,anti_homophones
33774,1,0,0,8,3,-6.259688295799154,6.259688295799154,kRatisj§,anti_homophones
33775,1,2,0,7,4,-4.521419583992959,4.521419583992959,Realize,anti_homophones
33776,1,0,0,6,3,-8.448609228045283,8.448609228045283,bigafe,anti_homophones
33777,1,0,0,8,4,-11.10298232221469,11.10298232221469,@som5mik,anti_homophones
33778,1,0,0,7,3,-8.144248285747041,8.144248285747041,gastat5,anti_homophones
33779,1,1,0,7,2,-6.2251492069858685,6.2251492069858685,spinjOm,anti_homophones
33780,1,3,0,6,2,-5.55647677000779,5.55647677000779,fRutje,anti_homophones
33781,1,1,0,9,3,-6.6669827624542535,6.6669827624542535,fERmatizm,anti_homophones
33782,1,6,0,5,2,-5.332600342752546,5.332600342752546,kasEt,anti_homophones
33783,1,0,0,10,4,-6.702072728519424,6.702072728519424,malgyRasj§,anti_homophones
33784,1,0,0,7,3,-6.76744009480063,6.76744009480063,RebReje,anti_homophones
33785,1,0,0,9,4,-7.089619113909845,7.089619113909845,debutisj§,anti_homophones
33786,1,0,0,10,4,-9.578853048029057,9.578853048029057,OktERn@tER,anti_homophones
33787,1,0,0,9,3,-7.945194715009537,7.945194715009537,algRafist,anti_homophones
33788,1,1,0,8,4,-6.636324155146058,6.636324155146058,5tERmato,anti_homophones
33789,1,0,0,7,2,-7.119260503651423,7.119260503651423,bjOksid,anti_homophones
33790,1,0,0,7,3,-7.159677565974659,7.159677565974659,ReveROt,anti_homophones
33791,1,1,0,7,3,-6.640944018164353,6.640944018164353,kOS°tje,anti_homophones
33792,1,0,0,8,4,-6.268027340566551,6.268027340566551,nym@t°Ri,anti_homophones
33793,1,1,0,5,2,-7.814755096513971,7.814755096513971,ispin,anti_homophones
33794,1,0,0,11,3,-10.10946913706606,10.10946913706606,spRevwatjER,anti_homophones
33795,1,3,0,4,2,-4.7329107424891115,4.7329107424891115,mut§,anti_homophones
33796,1,0,0,8,3,-6.32954282555274,6.32954282555274,veR@sibl,anti_homophones
33797,1,0,0,6,2,-6.898320662961331,6.898320662961331,twalad,anti_homophones
33798,1,4,0,6,3,-5.224131127034412,5.224131127034412,dezag@,anti_homophones
33799,1,0,0,7,3,-6.7144190184004575,6.7144190184004575,kabonje,anti_homophones
33800,1,0,0,7,3,-6.951239241509583,6.951239241509583,mez@guR,anti_homophones
33801,1,0,0,9,4,-8.605890774763399,8.605890774763399,S°viR°vyR,anti_homophones
33802,1,2,0,6,3,-6.595655162905639,6.595655162905639,m°note,anti_homophones
33803,1,6,0,5,2,-5.1311167139077165,5.1311167139077165,foR9R,anti_homophones
33804,1,1,0,8,3,-6.863485819015056,6.863485819015056,apsiSism,anti_homophones
33805,1,0,0,9,4,-8.10099174750711,8.10099174750711,k§v°nod@s,anti_homophones
33806,1,1,0,8,3,-6.239236316223602,6.239236316223602,malEksj§,anti_homophones
33807,1,1,0,9,4,-5.996407842012206,5.996407842012206,pRedis°m@,anti_homophones
33808,1,2,0,5,2,-5.73071885082728,5.73071885082728,SaRys,anti_homophones
33809,1,2,0,6,3,-5.79919274544016,5.79919274544016,poleRe,anti_homophones
33810,1,6,0,4,2,-6.059815255618483,6.059815255618483,sOni,anti_homophones
33811,1,1,0,7,4,-6.6690193070027455,6.6690193070027455,5vol§bo,anti_homophones
33812,1,0,0,8,3,-7.977497747440095,7.977497747440095,pRoditEm,anti_homophones
33813,1,0,0,7,3,-7.251147705384547,7.251147705384547,Olfamik,anti_homophones
33814,1,0,0,10,4,-9.56913360549286,9.56913360549286,laRmetRofe,anti_homophones
33815,1,9,0,4,2,-4.705578995272567,4.705578995272567,alOm,anti_homophones
33816,1,3,0,6,3,-5.8397978825413634,5.8397978825413634,ReaSaZ,anti_homophones
33817,1,4,0,4,2,-5.266481118907427,5.266481118907427,soR2,anti_homophones
33818,1,0,0,9,4,-8.794830356930493,8.794830356930493,Ekstabino,anti_homophones
33819,1,1,1,7,3,-4.281154404036338,4.281154404036338,tuRn°m@,anti_homophones
33820,1,0,0,9,4,-9.533281665821296,9.533281665821296,patopal@s,anti_homophones
33821,1,5,0,4,2,-4.91012277181676,4.91012277181676,ek8i,anti_homophones
33822,1,0,0,10,3,-6.984129145138768,6.984129145138768,skwadRijER,anti_homophones
33823,1,0,0,10,4,-6.752011593257747,6.752011593257747,elEktilizm,anti_homophones
33824,1,0,0,9,3,-8.553550178281926,8.553550178281926,vibRakl9R,anti_homophones
33825,1,2,0,6,3,-5.507919447070117,5.507919447070117,aduble,anti_homophones
33826,1,0,0,7,3,-7.6941679871380995,7.6941679871380995,p5s°lyS,anti_homophones
33827,1,1,0,6,2,-8.4923432468902,8.4923432468902,nivalk,anti_homophones
33828,1,1,0,8,3,-6.278014649908205,6.278014649908205,pRekolOg,anti_homophones
33829,1,8,0,5,2,-4.696840011050519,4.696840011050519,ast9R,anti_homophones
33830,1,2,0,6,3,-5.559828875918964,5.559828875918964,pakije,anti_homophones
33831,1,1,0,4,2,-5.526871709576962,5.526871709576962,tEN2,anti_homophones
33832,1,0,0,5,2,-6.018914521090331,6.018914521090331,mORys,anti_homophones
33833,1,0,0,8,4,-7.294052691873415,7.294052691873415,polidike,anti_homophones
33834,1,0,0,9,4,-9.871601299317508,9.871601299317508,S°vR§Siti,anti_homophones
33835,1,1,0,6,2,-5.5399032952213325,5.5399032952213325,fibRaZ,anti_homophones
33836,1,0,0,8,3,-8.082467584552326,8.082467584552326,SapaRpj5,anti_homophones
33837,1,0,0,8,4,-7.077414404823126,7.077414404823126,omEtR°m@,anti_homophones
33838,1,0,0,6,2,-6.766197280173385,6.766197280173385,kaRkl2,anti_homophones
33839,1,2,0,8,3,-4.8264281027316915,4.8264281027316915,EksjonEl,anti_homophones
33840,1,0,0,10,4,-6.839924813859717,6.839924813859717,debilitabl,anti_homophones
33841,1,0,0,6,3,-7.572453385719865,7.572453385719865,s5Zit@,anti_homophones
33842,1,1,0,8,3,-6.434176972241077,6.434176972241077,aRmyltyR,anti_homophones
33843,1,0,0,8,4,-7.209943074809795,7.209943074809795,@tuRmite,anti_homophones
33844,1,3,0,5,2,-5.916838583809406,5.916838583809406,anjal,anti_homophones
33845,1,0,0,11,4,-8.049059307320121,8.049059307320121,dezORdyRabl,anti_homophones
33846,1,0,0,11,4,-9.927028071619743,9.927028071619743,RezaRminabl,anti_homophones
33847,1,0,0,7,3,-7.849049583346803,7.849049583346803,tRoekOl,anti_homophones
33848,1,0,0,11,4,-10.748902645186933,10.748902645186933,RospERsalse,anti_homophones
33849,1,0,0,9,4,-7.338170486795046,7.338170486795046,pRez@t°ny,anti_homophones
33850,1,8,0,5,2,-5.120099952818735,5.120099952818735,tuRni,anti_homophones
33851,1,0,0,8,4,-8.618482438133265,8.618482438133265,S2vEn°m@,anti_homophones
33852,1,0,0,7,3,-7.532424907076303,7.532424907076303,SelEkta,anti_homophones
33853,1,0,0,7,3,-6.7881289452092,6.7881289452092,R°byzj5,anti_homophones
33854,1,0,0,10,4,-6.826757105608474,6.826757105608474,R°kOgRasj§,anti_homophones
33855,1,0,0,8,3,-6.799998115571983,6.799998115571983,vERnEjaZ,anti_homophones
33856,1,0,0,10,4,-8.2283692987763,8.2283692987763,k§ZEstORSe,anti_homophones
33857,1,0,0,8,3,-7.63008727747054,7.63008727747054,gRam§sti,anti_homophones
33858,1,0,0,8,3,-7.379447687489468,7.379447687489468,mitonjOm,anti_homophones
33859,1,0,0,9,4,-8.366701712689615,8.366701712689615,distimin2,anti_homophones
33860,1,0,0,10,4,-6.095123139012263,6.095123139012263,gRanizasj§,anti_homophones
33861,1,1,0,7,3,-5.481407061451809,5.481407061451809,vuvwaje,anti_homophones
33862,1,0,0,8,4,-5.0518086008086325,5.0518086008086325,n2RoloZi,anti_homophones
33863,1,4,0,5,2,-5.451506680916832,5.451506680916832,degOm,anti_homophones
33864,1,0,0,6,2,-7.47147506963396,7.47147506963396,aRkotR,anti_homophones
33865,1,11,0,6,3,-4.867280182984754,4.867280182984754,molite,anti_homophones
33866,1,0,0,9,4,-9.927649126274556,9.927649126274556,piREktaze,anti_homophones
33867,1,0,0,7,3,-6.804443600015358,6.804443600015358,vodalje,anti_homophones
33868,1,0,0,8,4,-7.569714870439286,7.569714870439286,5kalizaZ,anti_homophones
33869,1,7,0,5,2,-4.811135436841724,4.811135436841724,pRoS@,anti_homophones
33870,1,7,0,5,2,-5.622882530230897,5.622882530230897,panaj,anti_homophones
33871,1,1,0,7,3,-6.61866031299853,6.61866031299853,katakle,anti_homophones
33872,1,0,0,6,2,-5.229015052998128,5.229015052998128,s@ktif,anti_homophones
33873,1,1,0,6,3,-6.3431345694712125,6.3431345694712125,ematRe,anti_homophones
33874,1,2,0,6,3,-6.276451609113888,6.276451609113888,@byS9R,anti_homophones
33875,1,0,0,8,3,-7.532110971799932,7.532110971799932,EgzoREkt,anti_homophones
33876,1,0,0,10,4,-9.56253447797476,9.56253447797476,s8adeR@sje,anti_homophones
33877,1,0,0,8,3,-7.327746201207507,7.327746201207507,alteR5dR,anti_homophones
33878,1,0,0,8,3,-8.542335669845803,8.542335669845803,syspit82,anti_homophones
33879,1,0,0,6,2,-6.518710816367296,6.518710816367296,buftiR,anti_homophones
33880,1,0,0,6,2,-6.965981610340545,6.965981610340545,RiGman,anti_homophones
33881,1,3,0,4,2,-5.0722664039350995,5.0722664039350995,ynj2,anti_homophones
33882,1,0,0,7,3,-6.936854004894496,6.936854004894496,maSiswa,anti_homophones
33883,1,1,0,6,2,-6.514618007484338,6.514618007484338,vasjEl,anti_homophones
33884,1,0,0,7,2,-7.867510569499691,7.867510569499691,splozER,anti_homophones
33885,1,1,0,5,2,-6.326141870621039,6.326141870621039,lipse,anti_homophones
33886,1,5,0,5,2,-5.452297405779949,5.452297405779949,astEl,anti_homophones
33887,1,4,0,6,3,-5.641263699006612,5.641263699006612,alEkte,anti_homophones
33888,1,0,0,6,3,-5.802458209492313,5.802458209492313,Reekip,anti_homophones
33889,1,1,0,8,4,-6.965922811207652,6.965922811207652,solatize,anti_homophones
33890,1,1,0,6,2,-5.870436281858444,5.870436281858444,maRkiz,anti_homophones
33891,1,13,0,5,2,-5.294875957427388,5.294875957427388,asizm,anti_homophones
33892,1,0,0,10,4,-7.81382842276376,7.81382842276376,detostasj§,anti_homophones
33893,1,1,0,8,4,-7.793269294531169,7.793269294531169,epERtile,anti_homophones
33894,1,0,0,8,4,-7.438270077379523,7.438270077379523,5timynje,anti_homophones
33895,1,0,0,7,3,-6.954742248062989,6.954742248062989,R@t°laZ,anti_homophones
33896,1,0,0,5,2,-6.200746283578937,6.200746283578937,fidEm,anti_homophones
33897,1,0,0,6,3,-5.808618598556763,5.808618598556763,albyt@,anti_homophones
33898,1,0,0,8,3,-7.486735760963455,7.486735760963455,bREjonje,anti_homophones
33899,1,1,1,6,3,-4.9946901881748085,4.9946901881748085,RON°m@,anti_homophones
33900,1,0,0,11,4,-9.311198275569799,9.311198275569799,kOksisjonal,anti_homophones
33901,1,0,0,7,3,-8.93029383916701,8.93029383916701,abR9nZa,anti_homophones
33902,1,0,0,7,3,-6.358932761959061,6.358932761959061,kom@tif,anti_homophones
33903,1,0,0,7,4,-7.55876198873644,7.55876198873644,yzibili,anti_homophones
33904,1,5,0,5,2,-5.578518337127993,5.578518337127993,minil,anti_homophones
33905,1,2,0,4,2,-6.205152077836233,6.205152077836233,Ekt§,anti_homophones
33906,1,0,0,5,2,-5.989266426429492,5.989266426429492,fut2z,anti_homophones
33907,1,0,0,10,4,-8.594755811754467,8.594755811754467,pRevjaliNe,anti_homophones
33908,1,0,0,7,3,-7.376645026231058,7.376645026231058,R°k8iRa,anti_homophones
33909,1,12,0,3,2,-4.723873609468948,4.723873609468948,eve,anti_homophones
33910,1,0,0,7,3,-5.631917472868307,5.631917472868307,emuvwaR,anti_homophones
33911,1,1,0,8,3,-6.295323797226588,6.295323797226588,tRonisj§,anti_homophones
33912,1,2,0,5,3,-6.38476866548839,6.38476866548839,obuRi,anti_homophones
33913,1,0,0,8,4,-7.014665791395356,7.014665791395356,R°depote,anti_homophones
33914,1,0,0,12,4,-14.672829639787706,14.672829639787706,S@fRustREt@s,anti_homophones
33915,1,3,0,7,2,-5.196391032577016,5.196391032577016,pERmist,anti_homophones
33916,1,1,0,7,3,-6.94620311247229,6.94620311247229,g@bERni,anti_homophones
33917,1,0,0,8,4,-5.893134232311192,5.893134232311192,v°dEn°m@,anti_homophones
33918,1,0,0,7,3,-6.954763917670229,6.954763917670229,Reynj@s,anti_homophones
33919,1,0,0,9,3,-6.579223392121482,6.579223392121482,pRopogRam,anti_homophones
33920,1,1,0,6,2,-5.832058999346657,5.832058999346657,Ekspik,anti_homophones
33921,1,0,0,7,3,-7.965040968667095,7.965040968667095,Z9nkiN§,anti_homophones
33922,1,1,0,7,3,-7.323131652272406,7.323131652272406,taRijEm,anti_homophones
33923,1,0,0,7,4,-8.10518291611326,8.10518291611326,5ZeRama,anti_homophones
33924,1,1,0,8,4,-6.015514216122313,6.015514216122313,iRitasj§,anti_homophones
33925,1,6,0,5,2,-4.926742957201661,4.926742957201661,debwa,anti_homophones
33926,1,0,0,7,3,-7.085433197017144,7.085433197017144,Rez@kRe,anti_homophones
33927,1,3,0,5,2,-6.55873387652925,6.55873387652925,tajit,anti_homophones
33928,1,3,0,6,3,-5.532925204562516,5.532925204562516,kapot@,anti_homophones
33929,1,4,0,7,4,-5.795715096967658,5.795715096967658,5kin°m@,anti_homophones
33930,1,12,0,4,2,-4.7421198750457805,4.7421198750457805,otik,anti_homophones
33931,1,0,0,10,4,-9.673291857077267,9.673291857077267,salsematiR,anti_homophones
33932,1,0,0,8,4,-6.0371772745052406,6.0371772745052406,RezOR°Ri,anti_homophones
33933,1,0,0,6,2,-5.619937775595342,5.619937775595342,dekuRt,anti_homophones
33934,1,2,0,6,2,-6.655472450722093,6.655472450722093,bok§dR,anti_homophones
33935,1,1,0,6,2,-6.7516815062777535,6.7516815062777535,buR5dR,anti_homophones
33936,1,0,0,7,3,-7.227480431773907,7.227480431773907,depeRat,anti_homophones
33937,1,9,0,4,2,-5.247067494748143,5.247067494748143,5SaZ,anti_homophones
33938,1,0,0,7,4,-9.460747180300272,9.460747180300272,afiziNe,anti_homophones
33939,1,0,0,6,3,-6.712404793721538,6.712404793721538,baname,anti_homophones
33940,1,0,0,8,3,-7.781549402685508,7.781549402685508,niZeRjER,anti_homophones
33941,1,0,0,7,3,-7.9003959631637795,7.9003959631637795,tafazER,anti_homophones
33942,1,0,0,8,3,-7.426806131249169,7.426806131249169,pERbanEl,anti_homophones
33943,1,1,0,6,3,-6.121670435419771,6.121670435419771,Rabil@,anti_homophones
33944,1,2,0,6,2,-6.269911412389474,6.269911412389474,tR@blE,anti_homophones
33945,1,0,0,6,2,-5.785616902900844,5.785616902900844,taRjOl,anti_homophones
33946,1,0,0,10,4,-7.8600549662016,7.8600549662016,bEst8alite,anti_homophones
33947,1,0,0,8,3,-8.10391853621559,8.10391853621559,ZElasabl,anti_homophones
33948,1,0,0,9,4,-5.8940481310610515,5.8940481310610515,tapitasj§,anti_homophones
33949,1,6,0,5,2,-5.5670833988679505,5.5670833988679505,valse,anti_homophones
33950,1,1,0,7,2,-6.154366759882375,6.154366759882375,taklwaR,anti_homophones
33951,1,0,0,6,3,-7.852679902482765,7.852679902482765,at5tag,anti_homophones
33952,1,0,0,6,3,-6.183145702988048,6.183145702988048,komato,anti_homophones
33953,1,2,0,5,3,-6.313947989568983,6.313947989568983,awaj2,anti_homophones
33954,1,1,0,7,3,-6.277896469856539,6.277896469856539,ERbonje,anti_homophones
33955,1,12,0,5,2,-4.639043302726481,4.639043302726481,amabl,anti_homophones
33956,1,1,0,7,3,-5.583717103838057,5.583717103838057,def°nEz,anti_homophones
33957,1,5,0,5,2,-4.753090027197848,4.753090027197848,mytil,anti_homophones
33958,1,1,0,6,2,-6.533220686948423,6.533220686948423,fRipj@,anti_homophones
33959,1,0,0,9,4,-7.372130420902852,7.372130420902852,sakabat9R,anti_homophones
33960,1,0,0,6,3,-6.010617348469524,6.010617348469524,Eskaj§,anti_homophones
33961,1,1,0,7,3,-5.524582953623619,5.524582953623619,deblume,anti_homophones
33962,1,23,0,4,2,-4.680833650115277,4.680833650115277,pule,anti_homophones
33963,1,0,1,7,3,-5.36616622705044,5.36616622705044,Opst°m@,anti_homophones
33964,1,3,0,5,2,-6.103369239803712,6.103369239803712,S°vit,anti_homophones
33965,1,3,0,5,2,-5.9802498153176,5.9802498153176,kaRsE,anti_homophones
33966,1,0,0,9,3,-8.01412652712026,8.01412652712026,bRifjevR2,anti_homophones
33967,1,6,0,5,3,-5.72670895124318,5.72670895124318,abane,anti_homophones
33968,1,0,0,7,3,-6.7461640249703105,6.7461640249703105,RekOste,anti_homophones
33969,1,0,0,6,2,-6.0820524972998244,6.0820524972998244,aRSifR,anti_homophones
33970,1,1,0,6,3,-6.465374429927112,6.465374429927112,akwine,anti_homophones
33971,1,1,0,5,2,-6.053285658314932,6.053285658314932,k@guR,anti_homophones
33972,1,0,0,10,4,-12.152015156543285,12.152015156543285,bodaktalig,anti_homophones
33973,1,0,0,8,3,-7.194404402083578,7.194404402083578,libeRitm,anti_homophones
33974,1,2,0,6,2,-5.973821869044006,5.973821869044006,pRogRe,anti_homophones
33975,1,0,0,11,4,-10.740253041981134,10.740253041981134,kRinak§plEn,anti_homophones
33976,1,2,0,5,3,-5.42467844477737,5.42467844477737,5pyda,anti_homophones
33977,1,1,0,8,4,-6.132942983087478,6.132942983087478,@tasjone,anti_homophones
33978,1,0,0,11,4,-6.943217085884032,6.943217085884032,pResizjonER,anti_homophones
33979,1,8,0,4,2,-5.665716756450579,5.665716756450579,nade,anti_homophones
33980,1,0,0,7,3,-7.658297419159054,7.658297419159054,kautSis,anti_homophones
33981,1,0,0,7,3,-7.234484868308485,7.234484868308485,anEksin,anti_homophones
33982,1,0,0,6,2,-5.823747179461721,5.823747179461721,pynEbR,anti_homophones
33983,1,0,0,7,3,-7.192907298127638,7.192907298127638,t@pelas,anti_homophones
33984,1,3,0,5,2,-7.7504281611585695,7.7504281611585695,motel,anti_homophones
33985,1,2,0,5,2,-5.617847593762325,5.617847593762325,egl9R,anti_homophones
33986,1,1,0,6,3,-7.516317769897639,7.516317769897639,etRisE,anti_homophones
33987,1,2,0,5,2,-5.602564152138161,5.602564152138161,minom,anti_homophones
33988,1,4,0,4,2,-5.6800090366222165,5.6800090366222165,sas5,anti_homophones
33989,1,0,0,7,3,-6.760603670847162,6.760603670847162,demyzif,anti_homophones
33990,1,0,0,6,2,-5.797031692848145,5.797031692848145,R§flEt,anti_homophones
33991,1,2,0,6,2,-7.200526217763182,7.200526217763182,bliS9R,anti_homophones
33992,1,0,0,7,3,-7.494568143121116,7.494568143121116,ZERmikE,anti_homophones
33993,1,1,1,7,3,-5.2266598399704955,5.2266598399704955,dez@gaZ,anti_homophones
33994,1,0,0,9,4,-9.324727772095395,9.324727772095395,EsoRatSiG,anti_homophones
33995,1,2,0,7,3,-6.715377484312797,6.715377484312797,pRoviza,anti_homophones
33996,1,1,0,8,4,-6.699394515693942,6.699394515693942,afytat9R,anti_homophones
33997,1,0,0,7,2,-7.598832023916934,7.598832023916934,mERstiS,anti_homophones
33998,1,0,0,9,4,-8.512526192544511,8.512526192544511,R°k§balER,anti_homophones
33999,1,0,0,11,4,-11.184608941396235,11.184608941396235,ZakyltERmEz,anti_homophones
34000,1,0,0,10,4,-9.685587974521102,9.685587974521102,k§tymisjal,anti_homophones
34001,1,3,0,6,3,-5.476358612682109,5.476358612682109,simize,anti_homophones
34002,1,0,0,6,2,-5.373270973618725,5.373270973618725,R§flaZ,anti_homophones
34003,1,0,0,9,2,-9.865295385574663,9.865295385574663,Sw9RkRwan,anti_homophones
34004,1,15,0,3,2,-4.904908609304243,4.904908609304243,ipi,anti_homophones
34005,1,1,0,6,2,-5.058200963918786,5.058200963918786,sOftal,anti_homophones
34006,1,0,0,11,4,-7.709619209769641,7.709619209769641,5tERmalpabl,anti_homophones
34007,1,2,0,6,2,-5.772835055044711,5.772835055044711,fil5dR,anti_homophones
34008,1,7,0,5,2,-5.22790340749146,5.22790340749146,fenaZ,anti_homophones
34009,1,0,0,7,3,-6.466660742286801,6.466660742286801,luS°t9R,anti_homophones
34010,1,0,0,9,4,-9.377754442497295,9.377754442497295,aZysk@paf,anti_homophones
34011,1,0,0,5,3,-6.312511577206051,6.312511577206051,ekys§,anti_homophones
34012,1,11,0,4,2,-4.920469137961913,4.920469137961913,k@ti,anti_homophones
34013,1,0,0,8,3,-10.492040163796192,10.492040163796192,okRypt82,anti_homophones
34014,1,4,0,6,2,-5.983191329235551,5.983191329235551,lilizm,anti_homophones
34015,1,0,0,8,4,-8.298272817172965,8.298272817172965,Zibil5k@,anti_homophones
34016,1,1,0,6,3,-6.601114520891259,6.601114520891259,k§tano,anti_homophones
34017,1,0,0,11,4,-10.098927150286922,10.098927150286922,baRdjomEsta,anti_homophones
34018,1,0,0,7,3,-8.483291252334519,8.483291252334519,Re@pjEs,anti_homophones
34019,1,1,0,6,3,-6.801037586204673,6.801037586204673,onokOk,anti_homophones
34020,1,0,0,6,2,-5.106655417251958,5.106655417251958,kyRs9R,anti_homophones
34021,1,0,0,8,4,-7.8194015776399395,7.8194015776399395,epaRadyl,anti_homophones
34022,1,0,0,5,2,-5.822978030058222,5.822978030058222,NoNOl,anti_homophones
34023,1,0,0,8,4,-7.336012423154737,7.336012423154737,opikt°m@,anti_homophones
34024,1,0,0,6,2,-5.954973140223717,5.954973140223717,bORdij,anti_homophones
34025,1,1,0,8,4,-5.670116455949654,5.670116455949654,inogRafi,anti_homophones
34026,1,3,0,5,2,-5.389723542166031,5.389723542166031,RoSEt,anti_homophones
34027,1,8,0,3,2,-6.402423807646635,6.402423807646635,uba,anti_homophones
34028,1,1,0,8,3,-5.755130901404582,5.755130901404582,tR@zasj§,anti_homophones
34029,1,1,0,6,2,-5.066452383812996,5.066452383812996,vERsaZ,anti_homophones
34030,1,0,0,8,4,-7.6094336882856775,7.6094336882856775,maRabese,anti_homophones
34031,1,15,0,3,2,-5.037317710835882,5.037317710835882,ed@,anti_homophones
34032,1,0,0,6,3,-6.505276860044583,6.505276860044583,odizj§,anti_homophones
34033,1,2,0,5,2,-4.894809414319851,4.894809414319851,floR@,anti_homophones
34034,1,0,0,7,3,-8.360196032329728,8.360196032329728,ligaj2z,anti_homophones
34035,1,1,0,5,2,-6.008779439409252,6.008779439409252,damwE,anti_homophones
34036,1,1,0,6,3,-6.193208714092033,6.193208714092033,vagej@,anti_homophones
34037,1,1,0,5,2,-6.468485266909905,6.468485266909905,byfak,anti_homophones
34038,1,4,0,6,3,-5.384099111131962,5.384099111131962,lyn°m@,anti_homophones
34039,1,0,0,7,3,-6.240084900596196,6.240084900596196,gREfyz@,anti_homophones
34040,1,0,0,7,3,-6.372810704722044,6.372810704722044,z@zisj5,anti_homophones
34041,1,2,0,9,4,-6.050802632669809,6.050802632669809,natizasj§,anti_homophones
34042,1,2,0,8,4,-5.413315781400211,5.413315781400211,maSik°m@,anti_homophones
34043,1,1,0,9,4,-5.985318149534622,5.985318149534622,metRal°m@,anti_homophones
34044,1,0,0,9,3,-9.299767927259987,9.299767927259987,tRomatSip,anti_homophones
34045,1,2,0,5,2,-7.295271852587484,7.295271852587484,saSEl,anti_homophones
34046,1,2,0,6,3,-5.434193547987023,5.434193547987023,delase,anti_homophones
34047,1,1,0,6,2,-5.279581632202052,5.279581632202052,pRedyk,anti_homophones
34048,1,0,0,11,4,-9.878257875439251,9.878257875439251,ROskustat9R,anti_homophones
34049,1,0,0,8,4,-5.551374228249071,5.551374228249071,k§silize,anti_homophones
34050,1,0,0,11,4,-7.113702143374784,7.113702143374784,myltyRalizm,anti_homophones
34051,1,0,0,9,4,-7.8471895816637165,7.8471895816637165,k§fidbakE,anti_homophones
34052,1,3,0,5,3,-4.961634938916765,4.961634938916765,5flye,anti_homophones
34053,1,0,0,6,3,-7.074406428054731,7.074406428054731,majome,anti_homophones
34054,1,0,0,8,3,-6.18856743012584,6.18856743012584,d§Z8anER,anti_homophones
34055,1,4,0,6,3,-5.155165057765943,5.155165057765943,dOlOZi,anti_homophones
34056,1,0,0,7,3,-6.594229782666271,6.594229782666271,Refytan,anti_homophones
34057,1,4,0,5,3,-5.003562746799781,5.003562746799781,5bese,anti_homophones
34058,1,1,0,6,2,-6.274469422869341,6.274469422869341,sOftaR,anti_homophones
34059,1,0,0,6,2,-5.490703905813762,5.490703905813762,pl§bEl,anti_homophones
34060,1,0,0,7,3,-7.487765615150346,7.487765615150346,notafOn,anti_homophones
34061,1,2,0,7,3,-6.2904832415913265,6.2904832415913265,kaviz9R,anti_homophones
34062,1,3,0,5,2,-5.59756897247109,5.59756897247109,p@sj5,anti_homophones
34063,1,2,0,6,3,-5.4229035183489005,5.4229035183489005,aRt°le,anti_homophones
34064,1,0,0,9,4,-8.466669922620666,8.466669922620666,akint2REl,anti_homophones
34065,1,22,0,4,2,-4.381181580717536,4.381181580717536,taRi,anti_homophones
34066,1,0,0,10,4,-11.453219568453777,11.453219568453777,eSaRistEtR,anti_homophones
34067,1,1,0,7,3,-6.704159798628544,6.704159798628544,laminad,anti_homophones
34068,1,8,0,5,2,-5.518253741688388,5.518253741688388,plis@,anti_homophones
34069,1,8,0,5,2,-4.881847838409188,4.881847838409188,bRuse,anti_homophones
34070,1,1,0,6,3,-5.972457969059117,5.972457969059117,tRyote,anti_homophones
34071,1,7,0,5,2,-5.3139541434133,5.3139541434133,futaZ,anti_homophones
34072,1,0,0,7,3,-9.098788430301063,9.098788430301063,bwam@ty,anti_homophones
34073,1,2,0,4,2,-5.608444065836559,5.608444065836559,tok§,anti_homophones
34074,1,4,0,5,2,-5.386265811454028,5.386265811454028,ROlOg,anti_homophones
34075,1,0,0,8,4,-8.4343990475298,8.4343990475298,Repifasi,anti_homophones
34076,1,6,0,5,2,-5.45163178217797,5.45163178217797,myzER,anti_homophones
34077,1,2,0,7,3,-6.1932937351588135,6.1932937351588135,5k§stil,anti_homophones
34078,1,1,0,5,2,-6.025463052398916,6.025463052398916,tORil,anti_homophones
34079,1,0,0,7,3,-9.251508330556016,9.251508330556016,klepaNo,anti_homophones
34080,1,0,0,9,4,-6.446167333228064,6.446167333228064,k§tigasj§,anti_homophones
34081,1,0,0,11,4,-8.627128761569736,8.627128761569736,depasmogRaf,anti_homophones
34082,1,0,0,11,4,-13.684492680452747,13.684492680452747,floRisligat,anti_homophones
34083,1,1,0,8,3,-6.574417671501145,6.574417671501145,R°fORmin,anti_homophones
34084,1,0,0,7,3,-6.585763487206762,6.585763487206762,kavjole,anti_homophones
34085,1,0,0,7,3,-6.781600622647317,6.781600622647317,selepOl,anti_homophones
34086,1,0,0,10,4,-8.301555136727895,8.301555136727895,RotOksitER,anti_homophones
34087,1,0,0,7,3,-7.187221976534185,7.187221976534185,depaRne,anti_homophones
34088,1,0,0,8,3,-8.739805433258942,8.739805433258942,megRiviG,anti_homophones
34089,1,0,0,11,4,-8.696921923713138,8.696921923713138,Estisfakt9R,anti_homophones
34090,1,10,1,4,2,-4.726431518775976,4.726431518775976,mel@,anti_homophones
34091,1,0,0,12,4,-11.947049406632873,11.947049406632873,kadRiksjOnke,anti_homophones
34092,1,0,0,7,2,-7.5922386460837,7.5922386460837,stRemj5,anti_homophones
34093,1,0,0,8,4,-7.691234899224763,7.691234899224763,ORfikaZe,anti_homophones
34094,1,0,0,6,2,-6.517604459652695,6.517604459652695,pERlif,anti_homophones
34095,1,0,0,11,4,-9.800186424204295,9.800186424204295,kastR5balyR,anti_homophones
34096,1,0,0,8,3,-8.708571354254026,8.708571354254026,debysjys,anti_homophones
34097,1,0,0,8,4,-6.981966508891511,6.981966508891511,@tRofone,anti_homophones
34098,1,0,0,11,4,-9.617069747333904,9.617069747333904,displ@tikyl,anti_homophones
34099,1,0,0,8,3,-7.4379790552698575,7.4379790552698575,k§sistRi,anti_homophones
34100,1,0,0,6,2,-8.361417088564977,8.361417088564977,RizERZ,anti_homophones
34101,1,0,0,6,3,-6.814275594992237,6.814275594992237,kolap5,anti_homophones
34102,1,0,0,5,3,-7.827692657766645,7.827692657766645,5dyb§,anti_homophones
34103,1,1,0,7,3,-6.518512203670832,6.518512203670832,g@bERse,anti_homophones
34104,1,1,0,7,4,-5.587042555201575,5.587042555201575,veneite,anti_homophones
34105,1,5,0,5,2,-5.230186479406855,5.230186479406855,stafi,anti_homophones
34106,1,1,0,6,3,-5.949560759881312,5.949560759881312,maRigo,anti_homophones
34107,1,0,0,9,4,-7.209863168133062,7.209863168133062,dokRaSyte,anti_homophones
34108,1,0,0,6,2,-4.865059385363626,4.865059385363626,pRod8i,anti_homophones
34109,1,0,0,6,3,-7.62959205712067,7.62959205712067,lysilo,anti_homophones
34110,1,0,0,11,4,-8.835270372410733,8.835270372410733,gRafin@plin,anti_homophones
34111,1,0,0,9,4,-9.894960812607298,9.894960812607298,R2tybelin,anti_homophones
34112,1,10,0,6,3,-5.020247087932725,5.020247087932725,vEs°m@,anti_homophones
34113,1,8,0,5,2,-5.3548431614612975,5.3548431614612975,tRako,anti_homophones
34114,1,0,0,11,3,-9.742106516537806,9.742106516537806,pREstRwas@s,anti_homophones
34115,1,0,0,6,2,-7.08706932398161,7.08706932398161,daRmOt,anti_homophones
34116,1,0,0,9,4,-7.838498895609561,7.838498895609561,R°k8is@li,anti_homophones
34117,1,13,0,4,2,-4.946340807373024,4.946340807373024,wale,anti_homophones
34118,1,1,0,7,3,-6.020725331395143,6.020725331395143,5vEst9R,anti_homophones
34119,1,0,0,6,3,-6.55495881070873,6.55495881070873,dyRal§,anti_homophones
34120,1,0,0,7,3,-8.0173089377539,8.0173089377539,puRs2do,anti_homophones
34121,1,1,0,8,3,-6.6361418341277805,6.6361418341277805,siblijaZ,anti_homophones
34122,1,4,0,5,2,-5.582258160659173,5.582258160659173,Simin,anti_homophones
34123,1,0,0,6,3,-5.802037346539032,5.802037346539032,R°f9je,anti_homophones
34124,1,9,0,4,2,-4.383032319562874,4.383032319562874,vage,anti_homophones
34125,1,8,0,4,2,-5.211181812572824,5.211181812572824,inOl,anti_homophones
34126,1,0,0,7,3,-6.290229401252733,6.290229401252733,Zyskyle,anti_homophones
34127,1,1,0,8,4,-5.726076690502639,5.726076690502639,asyRasj§,anti_homophones
34128,1,0,0,10,4,-10.389591108802957,10.389591108802957,flykRetam@,anti_homophones
34129,1,5,0,6,3,-5.100477903502961,5.100477903502961,luS°m@,anti_homophones
34130,1,0,0,6,3,-6.033111723734701,6.033111723734701,pulOne,anti_homophones
34131,1,0,0,8,4,-9.419257339696749,9.419257339696749,fatenoga,anti_homophones
34132,1,0,0,9,3,-8.17695300544174,8.17695300544174,R°pRistER,anti_homophones
34133,1,4,0,5,2,-4.652538556070931,4.652538556070931,guRm@,anti_homophones
34134,1,0,0,5,3,-6.616164195920501,6.616164195920501,ilogi,anti_homophones
34135,1,1,0,6,3,-7.519778618525316,7.519778618525316,ZenymE,anti_homophones
34136,1,2,0,8,4,-4.879417650465842,4.879417650465842,odj2z°m@,anti_homophones
34137,1,2,0,5,2,-4.859184352276045,4.859184352276045,psiSe,anti_homophones
34138,1,15,0,4,2,-4.5608457002908445,4.5608457002908445,konE,anti_homophones
34139,1,0,0,8,4,-9.159502048184889,9.159502048184889,teRotaRi,anti_homophones
34140,1,0,0,12,4,-10.409565596847361,10.409565596847361,eflEktwaRjEl,anti_homophones
34141,1,1,0,6,2,-6.0748051997609345,6.0748051997609345,miRt8i,anti_homophones
34142,1,4,0,6,2,-4.648348943731104,4.648348943731104,deSist,anti_homophones
34143,1,2,0,6,2,-5.8429746942664424,5.8429746942664424,bugRiR,anti_homophones
34144,1,3,0,4,2,-4.83531562856827,4.83531562856827,R2vE,anti_homophones
34145,1,19,0,3,2,-5.214132993888271,5.214132993888271,iRE,anti_homophones
34146,1,3,0,4,2,-5.247964953612603,5.247964953612603,m@sy,anti_homophones
34147,1,0,0,7,3,-6.2786947687331,6.2786947687331,dOktomi,anti_homophones
34148,1,3,0,6,2,-6.122901937015355,6.122901937015355,baRakl,anti_homophones
34149,1,1,0,6,3,-6.381490774782464,6.381490774782464,@liz9R,anti_homophones
34150,1,0,0,8,4,-9.3073438900813,9.3073438900813,detimobi,anti_homophones
34151,1,0,0,7,4,-7.40688240319847,7.40688240319847,imytis@,anti_homophones
34152,1,0,0,8,4,-8.028417409555496,8.028417409555496,fataSine,anti_homophones
34153,1,1,0,9,3,-6.686036711495712,6.686036711495712,defloRizm,anti_homophones
34154,1,0,0,9,4,-6.799064067240658,6.799064067240658,leZ@tasj§,anti_homophones
34155,1,0,0,8,4,-7.58959124611213,7.58959124611213,tipiloZi,anti_homophones
34156,1,0,0,8,3,-9.092338426499412,9.092338426499412,salospEt,anti_homophones
34157,1,0,0,7,4,-8.449226831249172,8.449226831249172,elosili,anti_homophones
34158,1,10,0,4,2,-5.751586505710279,5.751586505710279,Sino,anti_homophones
34159,1,1,0,6,2,-5.87045472806312,5.87045472806312,tEkste,anti_homophones
34160,1,1,0,6,2,-5.335908293182694,5.335908293182694,plySaZ,anti_homophones
34161,1,0,0,8,3,-6.25185443073808,6.25185443073808,aRsjonEl,anti_homophones
34162,1,3,0,7,4,-5.894710305738298,5.894710305738298,oR@Z°Ri,anti_homophones
34163,1,0,0,6,3,-6.344262618365837,6.344262618365837,kot°la,anti_homophones
34164,1,1,0,7,3,-7.028658622442023,7.028658622442023,safRaZe,anti_homophones
34165,1,5,0,4,2,-4.832587872274802,4.832587872274802,Zymo,anti_homophones
34166,1,0,0,8,4,-8.35842875562089,8.35842875562089,gRibute§,anti_homophones
34167,1,0,0,10,4,-7.780995301441384,7.780995301441384,des8etydje,anti_homophones
34168,1,1,0,6,3,-6.2301293887064455,6.2301293887064455,imonOm,anti_homophones
34169,1,0,0,9,3,-7.520183602863634,7.520183602863634,Zovjetist,anti_homophones
34170,1,0,0,8,3,-7.632328588323336,7.632328588323336,pl§bazal,anti_homophones
34171,1,4,0,5,2,-5.474277172476806,5.474277172476806,venj@,anti_homophones
34172,1,0,0,7,2,-8.846981538976168,8.846981538976168,SEkskoz,anti_homophones
34173,1,0,0,7,3,-5.558235991823771,5.558235991823771,modylER,anti_homophones
34174,1,1,0,7,4,-5.310309108950047,5.310309108950047,5peRite,anti_homophones
34175,1,5,0,4,2,-5.216723525989351,5.216723525989351,asiv,anti_homophones
34176,1,1,0,7,3,-6.47709399589909,6.47709399589909,syRyl9R,anti_homophones
34177,1,7,0,5,2,-4.799129245595208,4.799129245595208,seRj5,anti_homophones
34178,1,0,0,7,3,-7.51632019021391,7.51632019021391,Zut°laZ,anti_homophones
34179,1,2,0,5,2,-5.949903357072262,5.949903357072262,t@pla,anti_homophones
34180,1,1,0,7,3,-5.2729349606150535,5.2729349606150535,tRuj°m@,anti_homophones
34181,1,1,0,6,3,-5.976975847568445,5.976975847568445,koezj§,anti_homophones
34182,1,3,0,4,2,-4.8420355353934115,4.8420355353934115,dONa,anti_homophones
34183,1,0,0,12,4,-11.295347035350082,11.295347035350082,syRplikast5g,anti_homophones
34184,1,2,0,6,2,-6.540950628117945,6.540950628117945,tRatit,anti_homophones
34185,1,2,0,7,3,-5.717828366992671,5.717828366992671,mORfeRe,anti_homophones
34186,1,0,0,11,3,-7.089460027765529,7.089460027765529,stRyktivizm,anti_homophones
34187,1,7,0,5,2,-5.129250130905417,5.129250130905417,sERZe,anti_homophones
34188,1,0,0,5,3,-6.765704181232517,6.765704181232517,omana,anti_homophones
34189,1,0,0,9,3,-7.550522466957435,7.550522466957435,spEktil@s,anti_homophones
34190,1,0,0,8,3,-7.342009670500478,7.342009670500478,eklastil,anti_homophones
34191,1,10,0,4,2,-4.465049015039584,4.465049015039584,sezi,anti_homophones
34192,1,0,0,7,3,-6.682327178990323,6.682327178990323,RifORme,anti_homophones
34193,1,1,0,5,2,-5.644164614045111,5.644164614045111,bOkse,anti_homophones
34194,1,1,0,8,3,-5.5501356750037685,5.5501356750037685,k§pResj§,anti_homophones
34195,1,0,0,9,4,-8.260028265677157,8.260028265677157,t°nipylse,anti_homophones
34196,1,0,0,10,4,-8.319618996856866,8.319618996856866,pRepifamik,anti_homophones
34197,1,1,0,5,3,-7.262377540887014,7.262377540887014,ab§dy,anti_homophones
34198,1,0,0,7,3,-6.634499110160515,6.634499110160515,komolje,anti_homophones
34199,1,0,0,7,4,-6.735071803764349,6.735071803764349,omofoni,anti_homophones
34200,1,2,0,6,3,-5.176357255777725,5.176357255777725,Satuji,anti_homophones
34201,1,0,0,5,3,-6.2381828045209655,6.2381828045209655,oRif@,anti_homophones
34202,1,6,1,4,2,-5.002022542312738,5.002022542312738,inwa,anti_homophones
34203,1,0,0,7,3,-6.87402589944059,6.87402589944059,pitoRj2,anti_homophones
34204,1,0,0,8,3,-6.8117005787714495,6.8117005787714495,s5kRes9R,anti_homophones
34205,1,0,0,9,4,-7.290944287629285,7.290944287629285,fRygaloZi,anti_homophones
34206,1,0,0,10,4,-8.16736420708053,8.16736420708053,R°pRofanwi,anti_homophones
34207,1,8,0,4,2,-4.89951947059027,4.89951947059027,5vaZ,anti_homophones
34208,1,0,0,10,4,-9.111300955679086,9.111300955679086,k§fR§tolEZ,anti_homophones
34209,1,2,0,5,2,-6.328897189240943,6.328897189240943,fal§Z,anti_homophones
34210,1,5,0,5,2,-5.3762673992669745,5.3762673992669745,palpo,anti_homophones
34211,1,0,0,8,4,-7.9743611868902935,7.9743611868902935,fyz@t°m@,anti_homophones
34212,1,9,0,4,2,-5.091135752487491,5.091135752487491,anj5,anti_homophones
34213,1,0,0,5,3,-7.19979367423591,7.19979367423591,otija,anti_homophones
34214,1,0,0,7,3,-7.565546656652658,7.565546656652658,kanamiR,anti_homophones
34215,1,0,0,10,4,-8.37327871776129,8.37327871776129,dekonistil,anti_homophones
34216,1,0,0,6,3,-6.603147100898962,6.603147100898962,aReSof,anti_homophones
34217,1,0,0,9,4,-9.035195145319282,9.035195145319282,RaboRalEt,anti_homophones
34218,1,1,0,7,3,-6.012708481245568,6.012708481245568,libeRat,anti_homophones
34219,1,15,0,3,2,-4.618865373586212,4.618865373586212,@li,anti_homophones
34220,1,1,0,7,2,-6.3673592767820155,6.3673592767820155,plastyd,anti_homophones
34221,1,4,0,6,2,-5.506487565081117,5.506487565081117,fRit8e,anti_homophones
34222,1,0,0,9,4,-8.838730452935241,8.838730452935241,toRizanaZ,anti_homophones
34223,1,6,0,5,2,-5.428684670821849,5.428684670821849,5fizm,anti_homophones
34224,1,0,0,5,3,-7.025246747239803,7.025246747239803,ekONe,anti_homophones
34225,1,0,0,9,4,-9.55979777806789,9.55979777806789,emobinwaR,anti_homophones
34226,1,0,0,7,3,-7.568582086489958,7.568582086489958,gositER,anti_homophones
34227,1,9,0,5,2,-4.544271039402155,4.544271039402155,floRe,anti_homophones
34228,1,7,0,5,2,-5.139651145225685,5.139651145225685,leZim,anti_homophones
34229,1,0,0,9,3,-7.75694489945703,7.75694489945703,@bRiktabl,anti_homophones
34230,1,6,0,6,3,-5.077744732872539,5.077744732872539,kaj°Ri,anti_homophones
34231,1,0,0,9,3,-7.517251396247094,7.517251396247094,psiklORj@,anti_homophones
34232,1,2,0,7,3,-5.365671392789665,5.365671392789665,modasj§,anti_homophones
34233,1,4,0,6,3,-5.378677201847588,5.378677201847588,favone,anti_homophones
34234,1,0,0,6,2,-6.297158260882868,6.297158260882868,vERZEn,anti_homophones
34235,1,0,0,9,4,-8.655722062067191,8.655722062067191,tR@kavij§,anti_homophones
34236,1,0,0,8,4,-9.365874340901515,9.365874340901515,ibRokaid,anti_homophones
34237,1,1,0,6,3,-5.204268242560726,5.204268242560726,pOzite,anti_homophones
34238,1,0,0,7,4,-7.577136233951246,7.577136233951246,aR@tal§,anti_homophones
34239,1,2,0,5,2,-4.924834680110749,4.924834680110749,ERbje,anti_homophones
34240,1,0,0,6,3,-6.507771661279102,6.507771661279102,iRepRi,anti_homophones
34241,1,0,0,9,3,-9.048404881011908,9.048404881011908,maRtRakEt,anti_homophones
34242,1,0,0,7,3,-8.02675914435533,8.02675914435533,patifom,anti_homophones
34243,1,1,0,6,3,-7.24893969145111,7.24893969145111,@tivER,anti_homophones
34244,1,0,0,6,3,-6.724149660453143,6.724149660453143,afOnal,anti_homophones
34245,1,0,0,7,3,-7.276263507702456,7.276263507702456,pileZid,anti_homophones
34246,1,0,0,9,4,-6.4675018331118626,6.4675018331118626,vOltER°m@,anti_homophones
34247,1,0,0,8,4,-7.809786515930221,7.809786515930221,afabRike,anti_homophones
34248,1,0,0,5,3,-6.581265897414862,6.581265897414862,evER§,anti_homophones
34249,1,1,0,9,4,-7.1362416201837595,7.1362416201837595,@sifiksj§,anti_homophones
34250,1,0,0,6,2,-5.862000017033657,5.862000017033657,gRimaZ,anti_homophones
34251,1,0,0,7,3,-7.358446704628761,7.358446704628761,Rydinj5,anti_homophones
34252,1,0,0,12,4,-12.579374991288871,12.579374991288871,stibletatibl,anti_homophones
34253,1,0,0,9,4,-8.880050222209999,8.880050222209999,molivREm@,anti_homophones
34254,1,2,0,7,3,-5.912595346776256,5.912595346776256,@tResj§,anti_homophones
34255,1,0,0,9,4,-8.691194440129033,8.691194440129033,5pl@k§bl@,anti_homophones
34256,1,0,0,7,3,-6.509696358809659,6.509696358809659,dek§siR,anti_homophones
34257,1,0,0,6,2,-6.983044632758013,6.983044632758013,minjEs,anti_homophones
34258,1,1,0,7,3,-5.987826241449082,5.987826241449082,peRisj5,anti_homophones
34259,1,1,0,5,2,-5.87006712312559,5.87006712312559,SosEl,anti_homophones
34260,1,2,0,8,3,-5.71394120271537,5.71394120271537,psikat9R,anti_homophones
34261,1,1,0,5,2,-4.90619553568467,4.90619553568467,l@giR,anti_homophones
34262,1,0,0,7,3,-8.930730745403409,8.930730745403409,beliRig,anti_homophones
34263,1,0,0,8,3,-7.414101778189416,7.414101778189416,tyRbanEl,anti_homophones
34264,1,0,0,9,4,-9.348623257696245,9.348623257696245,s@dokRas§,anti_homophones
34265,1,0,0,9,3,-10.160118952970876,10.160118952970876,naRsalvis,anti_homophones
34266,1,0,0,6,2,-5.582623981294789,5.582623981294789,lybRik,anti_homophones
34267,1,1,0,6,3,-6.304870244835319,6.304870244835319,Resimi,anti_homophones
34268,1,1,0,5,2,-5.910186762161247,5.910186762161247,d2nim,anti_homophones
34269,1,0,0,7,4,-6.400357296129669,6.400357296129669,apEzam@,anti_homophones
34270,1,3,0,6,3,-5.974743755623524,5.974743755623524,Rav°Ri,anti_homophones
34271,1,0,0,8,4,-7.185294878271033,7.185294878271033,batap°m@,anti_homophones
34272,1,0,0,10,4,-10.608698679042002,10.608698679042002,stistimoRa,anti_homophones
34273,1,0,0,6,3,-5.593595708756477,5.593595708756477,epinEt,anti_homophones
34274,1,3,0,5,3,-5.334368488316076,5.334368488316076,ap°ze,anti_homophones
34275,1,0,0,8,3,-8.072980797386629,8.072980797386629,RepERjEl,anti_homophones
34276,1,1,0,6,3,-6.06251388246109,6.06251388246109,5teROl,anti_homophones
34277,1,0,0,9,3,-8.169852323364022,8.169852323364022,kwakyljER,anti_homophones
34278,1,3,0,6,3,-5.749943776846483,5.749943776846483,abORdo,anti_homophones
34279,1,0,0,6,2,-6.377319675646692,6.377319675646692,skiziG,anti_homophones
34280,1,4,0,5,2,-4.576549509400186,4.576549509400186,fEs9R,anti_homophones
34281,1,0,0,8,3,-7.264125999350403,7.264125999350403,kloRj@t5,anti_homophones
34282,1,0,0,7,3,-7.127068203601666,7.127068203601666,naviRik,anti_homophones
34283,1,0,0,7,3,-7.5963409107578155,7.5963409107578155,5stORS§,anti_homophones
34284,1,2,0,8,4,-5.359250366221964,5.359250366221964,otoRasj§,anti_homophones
34285,1,1,0,8,3,-5.867292700039913,5.867292700039913,st@sjone,anti_homophones
34286,1,0,0,9,4,-7.249019588654884,7.249019588654884,steREt°m@,anti_homophones
34287,1,11,0,4,2,-4.59949128140827,4.59949128140827,R°d5,anti_homophones
34288,1,0,0,8,3,-7.945754611959314,7.945754611959314,vOltERit,anti_homophones
34289,1,0,0,9,4,-8.518897856054803,8.518897856054803,5kyREtjER,anti_homophones
34290,1,1,0,5,2,-5.812434452991454,5.812434452991454,limas,anti_homophones
34291,1,0,0,10,4,-10.265608265983955,10.265608265983955,djamEnaRj5,anti_homophones
34292,1,0,0,8,3,-9.285206356479478,9.285206356479478,bistiswa,anti_homophones
34293,1,2,0,6,2,-4.934418786854338,4.934418786854338,fOsfER,anti_homophones
34294,1,1,0,6,3,-8.122426349685224,8.122426349685224,fEResy,anti_homophones
34295,1,8,0,4,2,-4.667184240889258,4.667184240889258,@fil,anti_homophones
34296,1,0,0,9,4,-7.202052332860432,7.202052332860432,kOlS°v°n@,anti_homophones
34297,1,0,0,9,4,-8.078701471474744,8.078701471474744,Opstezine,anti_homophones
34298,1,0,0,9,4,-9.52959383509145,9.52959383509145,bOsed8iRa,anti_homophones
34299,1,6,0,6,3,-4.937682188396245,4.937682188396245,okylER,anti_homophones
34300,1,12,0,4,2,-4.782371456164758,4.782371456164758,R°de,anti_homophones
34301,1,2,0,6,2,-5.977464906093769,5.977464906093769,kOlizm,anti_homophones
34302,1,0,0,9,3,-7.612080424724941,7.612080424724941,EksplazEt,anti_homophones
34303,1,0,0,8,4,-9.592914073484996,9.592914073484996,sutapite,anti_homophones
34304,1,0,0,8,4,-8.624443047483803,8.624443047483803,pepasite,anti_homophones
34305,1,2,0,6,2,-6.633586403398988,6.633586403398988,laRmyR,anti_homophones
34306,1,11,0,5,2,-6.116167043912872,6.116167043912872,kuj9R,anti_homophones
34307,1,0,0,8,4,-9.331366575981061,9.331366575981061,gonoREla,anti_homophones
34308,1,2,0,7,3,-5.636291367998225,5.636291367998225,demotik,anti_homophones
34309,1,1,0,6,3,-7.329087957553478,7.329087957553478,yskyRe,anti_homophones
34310,1,3,0,6,2,-6.111122745079417,6.111122745079417,fORfoz,anti_homophones
34311,1,0,0,12,4,-12.683526480206556,12.683526480206556,iskRipsismat,anti_homophones
34312,1,1,0,8,3,-5.51694378643321,5.51694378643321,dekanizm,anti_homophones
34313,1,1,0,6,2,-6.702825020149662,6.702825020149662,fORdoz,anti_homophones
34314,1,1,0,6,2,-6.5090776423487675,6.5090776423487675,desipR,anti_homophones
34315,1,1,0,5,3,-5.854028457698312,5.854028457698312,adog5,anti_homophones
34316,1,0,0,6,3,-6.633712333095339,6.633712333095339,5bikER,anti_homophones
34317,1,0,0,8,3,-6.735855260825616,6.735855260825616,kORd°nje,anti_homophones
34318,1,11,0,4,2,-4.525504304184418,4.525504304184418,asif,anti_homophones
34319,1,1,0,4,2,-5.666092297979584,5.666092297979584,@SEn,anti_homophones
34320,1,0,0,6,2,-7.132495931079043,7.132495931079043,v@pitR,anti_homophones
34321,1,0,1,8,4,-5.159942538540394,5.159942538540394,p§p2z°m@,anti_homophones
34322,1,0,0,8,4,-5.261731013880569,5.261731013880569,pedik°m@,anti_homophones
34323,1,0,0,5,2,-6.729422791602607,6.729422791602607,sakyz,anti_homophones
34324,1,0,0,8,3,-9.853383548555533,9.853383548555533,SoS°nEtR,anti_homophones
34325,1,1,0,5,2,-4.888241171478789,4.888241171478789,pedal,anti_homophones
34326,1,5,0,5,2,-6.4876918565238615,6.4876918565238615,pRefi,anti_homophones
34327,1,8,0,5,2,-5.40915612691539,5.40915612691539,SaRp§,anti_homophones
34328,1,1,0,4,2,-5.860096199241871,5.860096199241871,luz§,anti_homophones
34329,1,0,0,10,4,-7.948648439538239,7.948648439538239,k§fORmafOb,anti_homophones
34330,1,0,0,7,3,-8.437925184363662,8.437925184363662,Rakab@d,anti_homophones
34331,1,0,0,10,4,-9.36137474899949,9.36137474899949,distRisaZe,anti_homophones
34332,1,9,0,3,2,-5.050410451260638,5.050410451260638,ivE,anti_homophones
34333,1,0,0,10,4,-9.525112841280539,9.525112841280539,lak°nobliR,anti_homophones
34334,1,1,0,7,3,-6.941833386891364,6.941833386891364,Eksin8@,anti_homophones
34335,1,4,0,5,2,-7.6557964789377015,7.6557964789377015,zinEz,anti_homophones
34336,1,0,0,7,2,-7.688688102676091,7.688688102676091,pRomZiR,anti_homophones
34337,1,0,0,11,4,-9.582004689323254,9.582004689323254,pRedilaZjEn,anti_homophones
34338,1,0,0,6,2,-5.902977650028249,5.902977650028249,k§vikt,anti_homophones
34339,1,4,0,4,2,-4.743579812477957,4.743579812477957,fyz@,anti_homophones
34340,1,6,0,4,2,-5.109430466059507,5.109430466059507,otop,anti_homophones
34341,1,0,0,9,3,-5.893085180069456,5.893085180069456,Ekspl@t9R,anti_homophones
34342,1,0,0,7,3,-7.382621550206457,7.382621550206457,palp5Ze,anti_homophones
34343,1,0,0,7,2,-6.736422759238427,6.736422759238427,puRpwaz,anti_homophones
34344,1,0,0,9,4,-8.160006186316588,8.160006186316588,SeRikylaR,anti_homophones
34345,1,1,0,6,3,-5.67297582970448,5.67297582970448,Zym°l§,anti_homophones
34346,1,0,0,7,3,-8.190240107278282,8.190240107278282,saRitim,anti_homophones
34347,1,0,0,9,3,-11.818442016090799,11.818442016090799,admjyRnjo,anti_homophones
34348,1,2,0,6,3,-7.127340337622004,7.127340337622004,R@fena,anti_homophones
34349,1,3,0,6,3,-5.216434252566953,5.216434252566953,dod°Ri,anti_homophones
34350,1,0,0,7,2,-6.783944496502354,6.783944496502354,fRizist,anti_homophones
34351,1,1,0,6,3,-5.466447333398742,5.466447333398742,yzyREl,anti_homophones
34352,1,0,0,8,4,-6.494145115775408,6.494145115775408,divinize,anti_homophones
34353,1,0,0,10,4,-9.09294211587618,9.09294211587618,pEktRomEt@,anti_homophones
34354,1,0,0,10,4,-9.083112306609124,9.083112306609124,aRtOgRam9R,anti_homophones
34355,1,2,0,5,2,-5.462701486509358,5.462701486509358,ded5g,anti_homophones
34356,1,0,0,9,3,-8.58983052208209,8.58983052208209,R°stREste,anti_homophones
34357,1,0,0,6,2,-5.999738997566533,5.999738997566533,S°vERn,anti_homophones
34358,1,0,0,8,3,-7.840436360805423,7.840436360805423,R°ZisjEn,anti_homophones
34359,1,0,0,6,2,-6.720539549159195,6.720539549159195,tRapsi,anti_homophones
34360,1,2,0,6,2,-5.687244876695856,5.687244876695856,sElt9R,anti_homophones
34361,1,3,0,6,2,-5.74594739494423,5.74594739494423,plakse,anti_homophones
34362,1,2,0,7,3,-4.9813440091915595,4.9813440091915595,def@s9R,anti_homophones
34363,1,8,0,6,3,-4.844278140799339,4.844278140799339,R°d°m@,anti_homophones
34364,1,0,0,7,3,-6.196310708311579,6.196310708311579,malfame,anti_homophones
34365,1,0,0,7,3,-6.708421879796701,6.708421879796701,pRovinE,anti_homophones
34366,1,4,0,7,4,-6.297781392240788,6.297781392240788,idik°m@,anti_homophones
34367,1,2,0,8,4,-5.423997192130801,5.423997192130801,anabl°m@,anti_homophones
34368,1,0,0,9,4,-9.526031240937037,9.526031240937037,paveR@din,anti_homophones
34369,1,0,0,8,3,-9.338979100869498,9.338979100869498,mOskRon§,anti_homophones
34370,1,5,0,4,2,-5.188279725349041,5.188279725349041,§bEl,anti_homophones
34371,1,0,0,9,3,-6.169875653453866,6.169875653453866,sybZEktaZ,anti_homophones
34372,1,0,0,6,3,-7.03850101840024,7.03850101840024,enEst§,anti_homophones
34373,1,0,0,9,4,-9.770831429836672,9.770831429836672,pitomiz@s,anti_homophones
34374,1,0,0,10,4,-10.081645901296861,10.081645901296861,mykonalist,anti_homophones
34375,1,1,0,6,3,-5.902032035205214,5.902032035205214,@f§sje,anti_homophones
34376,1,1,0,6,2,-5.108305547571744,5.108305547571744,Z9nkER,anti_homophones
34377,1,3,0,6,3,-5.5091594190979585,5.5091594190979585,5ploze,anti_homophones
34378,1,0,0,10,3,-9.445531140308523,9.445531140308523,REkspliz9R,anti_homophones
34379,1,3,0,5,2,-5.799232093578816,5.799232093578816,5pORn,anti_homophones
34380,1,0,0,9,4,-8.98347160155463,8.98347160155463,futR°v°la,anti_homophones
34381,1,0,0,6,2,-6.326534254208423,6.326534254208423,topatR,anti_homophones
34382,1,5,0,6,3,-5.186098648764462,5.186098648764462,veRize,anti_homophones
34383,1,0,0,8,3,-7.614190605574888,7.614190605574888,k§plEbdo,anti_homophones
34384,1,0,0,8,3,-8.28772380972185,8.28772380972185,kan°bRaz,anti_homophones
34385,1,0,0,6,2,-6.763376802864095,6.763376802864095,kRisko,anti_homophones
34386,1,1,0,8,4,-7.124464913715162,7.124464913715162,akRofite,anti_homophones
34387,1,0,0,8,4,-6.731299228902722,6.731299228902722,ipokRazi,anti_homophones
34388,1,1,0,8,3,-6.30742236480061,6.30742236480061,kORdizEt,anti_homophones
34389,1,1,0,8,4,-5.789627063005734,5.789627063005734,ebR@l°m@,anti_homophones
34390,1,2,0,9,4,-6.401955298018837,6.401955298018837,SaRd2z°m@,anti_homophones
34391,1,16,0,4,2,-5.143997082007288,5.143997082007288,lile,anti_homophones
34392,1,0,0,8,4,-8.255874699683485,8.255874699683485,nevetize,anti_homophones
34393,1,0,0,9,4,-8.485513871152317,8.485513871152317,5vetisizm,anti_homophones
34394,1,0,0,8,4,-8.58248954394438,8.58248954394438,v°nifEta,anti_homophones
34395,1,4,0,5,2,-5.755416754036104,5.755416754036104,R@blE,anti_homophones
34396,1,0,0,7,3,-6.46676086685507,6.46676086685507,filozoR,anti_homophones
34397,1,8,0,6,3,-5.414559014921495,5.414559014921495,Otasj§,anti_homophones
34398,1,0,0,9,4,-7.601703334493252,7.601703334493252,nymeRonik,anti_homophones
34399,1,20,0,5,2,-5.270803825827542,5.270803825827542,detik,anti_homophones
34400,1,5,0,4,2,-5.466319379654537,5.466319379654537,omEl,anti_homophones
34401,1,0,0,9,3,-8.306322674000416,8.306322674000416,R°blonjal,anti_homophones
34402,1,4,0,7,3,-5.9059309534617555,5.9059309534617555,bEkt°m@,anti_homophones
34403,1,0,0,7,3,-6.127125360259678,6.127125360259678,mitifik,anti_homophones
34404,1,10,0,5,2,-4.7933204679714,4.7933204679714,fuRje,anti_homophones
34405,1,1,0,5,2,-6.5675668189654886,6.5675668189654886,idRwa,anti_homophones
34406,1,1,0,6,2,-6.69559680902461,6.69559680902461,smatiR,anti_homophones
34407,1,15,0,4,2,-4.617636251339968,4.617636251339968,bati,anti_homophones
34408,1,0,0,9,3,-9.87879300546204,9.87879300546204,bwaziRakl,anti_homophones
34409,1,1,0,7,3,-5.616286834870282,5.616286834870282,ipERsaZ,anti_homophones
34410,1,0,0,8,4,-8.435147566524494,8.435147566524494,pot@taZ2,anti_homophones
34411,1,0,0,6,3,-8.234788066223832,8.234788066223832,saibaZ,anti_homophones
34412,1,0,0,10,4,-7.245067593528898,7.245067593528898,dek§dykabl,anti_homophones
34413,1,2,0,5,2,-5.251134780631937,5.251134780631937,bRuEl,anti_homophones
34414,1,1,0,6,3,-6.385921968218953,6.385921968218953,SaR°le,anti_homophones
34415,1,0,0,10,4,-8.993294499000895,8.993294499000895,5ZystRasj@,anti_homophones
34416,1,0,0,8,3,-8.30376299726114,8.30376299726114,kataRgul,anti_homophones
34417,1,0,0,8,4,-8.080221897623499,8.080221897623499,ipolEj@s,anti_homophones
34418,1,1,1,5,3,-5.073585613696379,5.073585613696379,epiN§,anti_homophones
34419,1,4,0,5,3,-5.627260154128955,5.627260154128955,5kybi,anti_homophones
34420,1,2,0,7,4,-5.739608551296411,5.739608551296411,@tOn°Ri,anti_homophones
34421,1,6,0,5,2,-5.305675499474802,5.305675499474802,tORti,anti_homophones
34422,1,0,0,8,4,-9.137034627664372,9.137034627664372,epRijake,anti_homophones
34423,1,0,0,9,4,-6.755208766935258,6.755208766935258,mORdid°m@,anti_homophones
34424,1,0,0,9,3,-8.139022051153002,8.139022051153002,tRaposfER,anti_homophones
34425,1,0,0,8,4,-6.997761197408102,6.997761197408102,kiRis°m@,anti_homophones
34426,1,0,0,9,4,-10.069028205488099,10.069028205488099,g@gly@saR,anti_homophones
34427,1,4,0,6,2,-5.0890303982208,5.0890303982208,maRtif,anti_homophones
34428,1,0,0,10,3,-10.537760407300615,10.537760407300615,pRedikspj5,anti_homophones
34429,1,7,0,4,2,-5.332615269614973,5.332615269614973,mozo,anti_homophones
34430,1,0,0,8,3,-8.546141188525421,8.546141188525421,mimORsEt,anti_homophones
34431,1,0,0,6,2,-5.505192408842793,5.505192408842793,dZijaZ,anti_homophones
34432,1,6,0,4,2,-5.208533901085787,5.208533901085787,kybi,anti_homophones
34433,1,0,0,6,3,-5.771168003377846,5.771168003377846,akonEt,anti_homophones
34434,1,4,0,7,4,-5.301176619999633,5.301176619999633,anoloZi,anti_homophones
34435,1,3,0,6,3,-5.845592498812083,5.845592498812083,aZinaZ,anti_homophones
34436,1,13,0,4,2,-4.545654203527568,4.545654203527568,lapi,anti_homophones
34437,1,0,0,8,3,-6.588230679611699,6.588230679611699,mORfeRik,anti_homophones
34438,1,0,0,6,2,-7.678007739984857,7.678007739984857,s°kRwE,anti_homophones
34439,1,0,0,11,4,-11.2572182009884,11.2572182009884,danjos5kROf,anti_homophones
34440,1,2,0,7,4,-5.70232786255188,5.70232786255188,azOt°m@,anti_homophones
34441,1,1,0,6,2,-5.182559942998662,5.182559942998662,kORnje,anti_homophones
34442,1,0,0,6,2,-5.641327606751706,5.641327606751706,fR@Z9R,anti_homophones
34443,1,0,0,8,4,-8.884252579187969,8.884252579187969,etalakER,anti_homophones
34444,1,0,0,7,2,-6.645997880969279,6.645997880969279,djatibl,anti_homophones
34445,1,1,0,7,3,-6.532228251285996,6.532228251285996,R°pRija,anti_homophones
34446,1,0,0,6,2,-5.408987086688201,5.408987086688201,s5kjEm,anti_homophones
34447,1,1,0,7,2,-5.265090808805888,5.265090808805888,R°fRwaR,anti_homophones
34448,1,0,0,7,2,-7.76651669912305,7.76651669912305,kapt@dR,anti_homophones
34449,1,2,0,6,2,-5.147236723322981,5.147236723322981,deblEm,anti_homophones
34450,1,2,0,7,3,-5.7068991041603265,5.7068991041603265,bRuj°Ri,anti_homophones
34451,1,0,0,9,4,-8.733768323353637,8.733768323353637,m@bRak§de,anti_homophones
34452,1,1,0,8,3,-5.314770306474036,5.314770306474036,puRvwaje,anti_homophones
34453,1,6,0,4,2,-4.734554851549386,4.734554851549386,ReaZ,anti_homophones
34454,1,0,0,8,3,-8.542119024759451,8.542119024759451,tR@paliz,anti_homophones
34455,1,0,0,6,3,-5.429417150038705,5.429417150038705,@tuzj5,anti_homophones
34456,1,4,0,4,2,-5.43561806720396,5.43561806720396,dujE,anti_homophones
34457,1,0,0,9,4,-9.785347513202492,9.785347513202492,voRypylER,anti_homophones
34458,1,3,0,7,2,-6.717621444626573,6.717621444626573,kotRist,anti_homophones
34459,1,0,0,7,3,-5.943241765581229,5.943241765581229,yzylt9R,anti_homophones
34460,1,1,0,5,2,-6.668144620395541,6.668144620395541,RiplE,anti_homophones
34461,1,0,0,8,4,-8.788742599927541,8.788742599927541,aRbaZil@,anti_homophones
34462,1,0,1,6,3,-5.293755672626494,5.293755672626494,R2v°te,anti_homophones
34463,1,1,0,5,3,-8.377371303906752,8.377371303906752,2Rive,anti_homophones
34464,1,0,0,7,3,-7.488754360720831,7.488754360720831,deZakaN,anti_homophones
34465,1,6,0,6,2,-4.987431806791203,4.987431806791203,makabl,anti_homophones
34466,1,0,0,7,3,-7.648871646077821,7.648871646077821,butlaje,anti_homophones
34467,1,10,0,6,2,-5.359754602734894,5.359754602734894,paRtis,anti_homophones
34468,1,8,0,5,2,-5.243236962451296,5.243236962451296,baSaZ,anti_homophones
34469,1,1,0,6,3,-6.0704352292984,6.0704352292984,@kynj2,anti_homophones
34470,1,0,0,9,4,-8.859573579393377,8.859573579393377,kaN2linOn,anti_homophones
34471,1,6,0,5,2,-5.033584264779266,5.033584264779266,finaZ,anti_homophones
34472,1,0,0,8,4,-7.148640003117829,7.148640003117829,5kjEl°m@,anti_homophones
34473,1,1,0,7,3,-6.473289162449634,6.473289162449634,monityd,anti_homophones
34474,1,0,0,8,3,-7.745687861282342,7.745687861282342,suflebRi,anti_homophones
34475,1,0,0,7,3,-7.721288635715766,7.721288635715766,avinjak,anti_homophones
34476,1,2,0,6,3,-6.482673810223605,6.482673810223605,sakabo,anti_homophones
34477,1,0,0,8,4,-9.313290809954934,9.313290809954934,fadijon@,anti_homophones
34478,1,1,0,7,3,-6.03557091179032,6.03557091179032,stoRize,anti_homophones
34479,1,4,0,5,3,-7.078249300483483,7.078249300483483,adaRi,anti_homophones
34480,1,0,0,12,4,-10.96425614269631,10.96425614269631,denjakRazizm,anti_homophones
34481,1,1,0,9,4,-7.816116011129983,7.816116011129983,@global@s,anti_homophones
34482,1,0,0,10,4,-7.03279755619241,7.03279755619241,pistabl°m@,anti_homophones
34483,1,0,0,8,3,-8.658113924578537,8.658113924578537,k5kastal,anti_homophones
34484,1,1,0,7,4,-7.178319124736463,7.178319124736463,5k§v@t5,anti_homophones
34485,1,8,0,5,2,-5.31556351162807,5.31556351162807,danal,anti_homophones
34486,1,1,0,5,3,-5.081642187982274,5.081642187982274,9j°te,anti_homophones
34487,1,0,0,10,3,-8.778207348480132,8.778207348480132,dRopRofizm,anti_homophones
34488,1,0,0,8,4,-7.754777641731376,7.754777641731376,pyl@seRe,anti_homophones
34489,1,0,0,7,3,-5.627136365878564,5.627136365878564,agRes9R,anti_homophones
34490,1,0,0,8,4,-6.44537780792096,6.44537780792096,R°konote,anti_homophones
34491,1,0,0,7,3,-7.745578334135241,7.745578334135241,@buRbjE,anti_homophones
34492,1,0,0,7,3,-9.187962525339659,9.187962525339659,Zakpodo,anti_homophones
34493,1,0,0,10,3,-7.4584092570475065,7.4584092570475065,sypstRyks5,anti_homophones
34494,1,2,0,5,2,-5.278188066769043,5.278188066769043,v°nij,anti_homophones
34495,1,0,0,8,4,-7.513319861271827,7.513319861271827,ebobOlik,anti_homophones
34496,1,2,0,4,2,-6.527605332143658,6.527605332143658,2ksi,anti_homophones
34497,1,0,0,8,3,-6.9354331119798385,6.9354331119798385,fR@kot9R,anti_homophones
34498,1,0,0,9,4,-9.281944648864275,9.281944648864275,Sodjoasti,anti_homophones
34499,1,5,0,4,2,-4.885494636597784,4.885494636597784,fika,anti_homophones
34500,1,0,0,7,3,-6.576910694988136,6.576910694988136,RetRik@,anti_homophones
34501,1,3,0,6,3,-5.453215020926782,5.453215020926782,n2RoSE,anti_homophones
34502,1,1,0,6,2,-6.376752250349024,6.376752250349024,pRefaz,anti_homophones
34503,1,3,0,5,2,-4.801462777001083,4.801462777001083,sypOR,anti_homophones
34504,1,1,0,6,2,-5.619380766123841,5.619380766123841,pRovOk,anti_homophones
34505,1,0,0,11,4,-9.48610617931801,9.48610617931801,dekRwat5tyR,anti_homophones
34506,1,0,0,10,4,-10.282380086943409,10.282380086943409,stoRegamEn,anti_homophones
34507,1,0,0,9,4,-7.96045402660965,7.96045402660965,R2bEknoid,anti_homophones
34508,1,3,0,5,2,-5.659626066488657,5.659626066488657,malOm,anti_homophones
34509,1,4,0,5,2,-5.978517086520444,5.978517086520444,dutSe,anti_homophones
34510,1,0,0,7,3,-7.683622067542934,7.683622067542934,pROpaja,anti_homophones
34511,1,0,0,8,4,-7.489911240826986,7.489911240826986,kal@tyRe,anti_homophones
34512,1,0,0,7,3,-8.372468579231773,8.372468579231773,EksizoR,anti_homophones
34513,1,0,0,6,2,-7.359617757446538,7.359617757446538,sklafe,anti_homophones
34514,1,2,0,7,3,-6.520580728951134,6.520580728951134,donat9R,anti_homophones
34515,1,0,0,7,3,-8.120298219533288,8.120298219533288,fRak§t§,anti_homophones
34516,1,0,0,11,4,-11.316858639692319,11.316858639692319,bR@kistREzi,anti_homophones
34517,1,1,0,5,2,-5.52940737038235,5.52940737038235,elism,anti_homophones
34518,1,0,0,7,3,-5.863947023996999,5.863947023996999,l2kosj§,anti_homophones
34519,1,4,0,6,3,-5.66308596982065,5.66308596982065,m5site,anti_homophones
34520,1,0,0,7,3,-5.879769659238719,5.879769659238719,depOkj5,anti_homophones
34521,1,15,0,4,2,-4.9732340831084585,4.9732340831084585,abik,anti_homophones
34522,1,0,0,7,3,-7.781339168630516,7.781339168630516,pRomaNo,anti_homophones
34523,1,4,0,5,2,-5.1724537682119465,5.1724537682119465,pwaN§,anti_homophones
34524,1,5,0,5,2,-5.5318005247054725,5.5318005247054725,fujaR,anti_homophones
34525,1,5,0,5,3,-5.474809284004118,5.474809284004118,epane,anti_homophones
34526,1,1,0,6,3,-5.247646463107889,5.247646463107889,fedeRe,anti_homophones
34527,1,0,0,9,4,-10.52144148820411,10.52144148820411,baRa§taks,anti_homophones
34528,1,15,0,4,2,-4.463365914787789,4.463365914787789,Resi,anti_homophones
34529,1,1,0,7,4,-6.448814170199743,6.448814170199743,5k§v@se,anti_homophones
34530,1,3,0,6,2,-5.808933376109207,5.808933376109207,suflyR,anti_homophones
34531,1,5,0,6,3,-5.50049091024599,5.50049091024599,motone,anti_homophones
34532,1,6,0,5,2,-5.225620142533434,5.225620142533434,tiz9R,anti_homophones
34533,1,0,0,7,2,-6.52361462192468,6.52361462192468,pRuvRaZ,anti_homophones
34534,1,0,0,9,4,-6.44050790709201,6.44050790709201,albinasj§,anti_homophones
34535,1,0,0,8,4,-7.13256343960918,7.13256343960918,@pR5side,anti_homophones
34536,1,0,0,6,3,-7.70910092041873,7.70910092041873,omadik,anti_homophones
34537,1,3,0,5,2,-6.691872840623504,6.691872840623504,tinaR,anti_homophones
34538,1,0,0,9,3,-10.50909463146393,10.50909463146393,f§dRisaks,anti_homophones
34539,1,1,0,6,2,-6.468508908585857,6.468508908585857,kRemyl,anti_homophones
34540,1,2,0,6,3,-6.850624459747884,6.850624459747884,R2fila,anti_homophones
34541,1,1,0,7,3,-6.870600891057288,6.870600891057288,bibityd,anti_homophones
34542,1,0,0,7,4,-8.005239702946902,8.005239702946902,@tyRezi,anti_homophones
34543,1,0,0,5,2,-4.953510595622866,4.953510595622866,Obvje,anti_homophones
34544,1,3,0,5,2,-6.736900709599121,6.736900709599121,SaRas,anti_homophones
34545,1,22,0,4,2,-4.541093225699673,4.541093225699673,vile,anti_homophones
34546,1,8,0,5,2,-5.095747807289859,5.095747807289859,kaRd5,anti_homophones
34547,1,3,0,7,3,-4.977064813261499,4.977064813261499,klik°m@,anti_homophones
34548,1,5,0,4,2,-5.179723859572945,5.179723859572945,yzaR,anti_homophones
34549,1,7,0,6,2,-5.227200146324296,5.227200146324296,gastik,anti_homophones
34550,1,13,0,6,3,-4.910798945445179,4.910798945445179,baR°m@,anti_homophones
34551,1,1,0,7,3,-5.415422119128697,5.415422119128697,vylgyRe,anti_homophones
34552,1,0,0,7,3,-7.122720108437543,7.122720108437543,fRiZita,anti_homophones
34553,1,0,0,8,3,-7.962311022908451,7.962311022908451,glERZ@te,anti_homophones
34554,1,1,0,4,2,-5.699720296866922,5.699720296866922,@kaz,anti_homophones
34555,1,0,0,5,2,-5.856980102044675,5.856980102044675,tipyl,anti_homophones
34556,1,8,0,5,2,-5.403147475869634,5.403147475869634,makal,anti_homophones
34557,1,7,0,6,3,-4.794702168207367,4.794702168207367,m@s°m@,anti_homophones
34558,1,7,0,6,3,-4.784582220420223,4.784582220420223,matize,anti_homophones
34559,1,9,0,4,2,-5.267172089785678,5.267172089785678,azEt,anti_homophones
34560,1,4,0,6,3,-5.35928186425446,5.35928186425446,teles@,anti_homophones
34561,1,0,0,7,3,-8.135349022864343,8.135349022864343,lamizas,anti_homophones
34562,1,0,0,9,4,-8.872994328754912,8.872994328754912,Esk°linaZ,anti_homophones
34563,1,7,0,5,2,-5.31691732976123,5.31691732976123,Rezim,anti_homophones
34564,1,1,0,6,3,-7.939419774938999,7.939419774938999,nenymE,anti_homophones
34565,1,8,0,6,2,-4.963334228210388,4.963334228210388,tRatik,anti_homophones
34566,1,0,0,7,3,-6.613935710669262,6.613935710669262,Z@bR°m@,anti_homophones
34567,1,1,0,6,2,-6.239252553111861,6.239252553111861,Revwaj,anti_homophones
34568,1,15,0,4,2,-5.383900998012828,5.383900998012828,sife,anti_homophones
34569,1,0,0,7,3,-7.323099019293442,7.323099019293442,paRkaZo,anti_homophones
34570,1,0,0,8,4,-8.901705150660863,8.901705150660863,bat@geje,anti_homophones
34571,1,3,0,5,2,-5.633502326429539,5.633502326429539,milaR,anti_homophones
34572,1,0,0,8,3,-6.395781999754473,6.395781999754473,patomist,anti_homophones
34573,1,0,0,7,4,-7.392539057853687,7.392539057853687,omotokE,anti_homophones
34574,1,4,0,5,2,-5.281116464562382,5.281116464562382,golje,anti_homophones
34575,1,2,0,5,2,-5.105351503402886,5.105351503402886,Z§gl§,anti_homophones
34576,1,3,0,7,3,-5.4275900388205365,5.4275900388205365,faRm°m@,anti_homophones
34577,1,5,0,5,2,-6.049666559199846,6.049666559199846,polEZ,anti_homophones
34578,1,0,0,8,3,-8.050798383222075,8.050798383222075,napolism,anti_homophones
34579,1,0,0,10,4,-10.502974062685103,10.502974062685103,bopReflike,anti_homophones
34580,1,0,0,8,3,-7.415721327290335,7.415721327290335,RadZyRal,anti_homophones
34581,1,0,0,6,2,-5.435234050158543,5.435234050158543,pl@tik,anti_homophones
34582,1,0,0,10,4,-7.805372886509553,7.805372886509553,R2b§ZuRnj5,anti_homophones
34583,1,2,0,6,3,-5.989362895181545,5.989362895181545,eRyRZe,anti_homophones
34584,1,0,0,9,4,-9.90807201307652,9.90807201307652,pidifikso,anti_homophones
34585,1,0,0,9,4,-6.812986055076068,6.812986055076068,R°dekat9R,anti_homophones
34586,1,2,0,6,3,-5.81880467783614,5.81880467783614,solate,anti_homophones
34587,1,0,0,7,2,-5.039295295161858,5.039295295161858,k§Zw5dR,anti_homophones
34588,1,2,0,6,3,-5.489434376078215,5.489434376078215,anofOn,anti_homophones
34589,1,3,0,6,2,-4.761059807650884,4.761059807650884,tytwaR,anti_homophones
34590,1,2,0,5,2,-5.050727160193992,5.050727160193992,miNaR,anti_homophones
34591,1,0,0,9,4,-11.834866442421148,11.834866442421148,jOnkEt°Re,anti_homophones
34592,1,0,0,7,3,-8.336200516744084,8.336200516744084,sakynEz,anti_homophones
34593,1,1,0,5,2,-5.213841940809598,5.213841940809598,enEbR,anti_homophones
34594,1,3,0,6,3,-5.836207843770813,5.836207843770813,teleRa,anti_homophones
34595,1,1,0,7,3,-5.415345123579061,5.415345123579061,edyktif,anti_homophones
34596,1,2,0,5,2,-5.997997254500855,5.997997254500855,kRom5,anti_homophones
34597,1,4,0,5,2,-5.931550519691925,5.931550519691925,bajit,anti_homophones
34598,1,0,0,9,4,-6.21013601585484,6.21013601585484,mobitasj§,anti_homophones
34599,1,0,0,6,3,-7.913321233188676,7.913321233188676,ab@dZe,anti_homophones
34600,1,1,0,6,3,-6.190959666405638,6.190959666405638,ekymba,anti_homophones
34601,1,1,0,6,2,-5.0178324459840145,5.0178324459840145,k§ZEst,anti_homophones
34602,1,0,0,12,4,-7.952809930722816,7.952809930722816,buZOlpORtabl,anti_homophones
34603,1,0,0,7,4,-7.665858098074464,7.665858098074464,5kopilo,anti_homophones
34604,1,0,0,13,4,-12.975317027049755,12.975317027049755,gRadZyp§ksjon,anti_homophones
34605,1,1,0,6,2,-5.449888758117598,5.449888758117598,ZuRnal,anti_homophones
34606,1,0,0,11,4,-9.71133232819009,9.71133232819009,R2bORdjosEl,anti_homophones
34607,1,2,0,7,3,-6.510633948415991,6.510633948415991,RepaRje,anti_homophones
34608,1,14,0,3,2,-5.272246355229325,5.272246355229325,uRa,anti_homophones
34609,1,2,0,5,2,-5.1891109215087585,5.1891109215087585,Zakpo,anti_homophones
34610,1,0,1,9,3,-7.16082703199909,7.16082703199909,tapufjabl,anti_homophones
34611,1,6,0,4,2,-5.292581620105909,5.292581620105909,ekEs,anti_homophones
34612,1,0,0,9,4,-7.926438145374915,7.926438145374915,zoosp§Zj2,anti_homophones
34613,1,1,0,5,2,-5.728443711177492,5.728443711177492,RydEt,anti_homophones
34614,1,1,0,7,3,-6.401452232195741,6.401452232195741,@pORtyR,anti_homophones
34615,1,8,0,5,2,-5.3626321729301,5.3626321729301,S@tik,anti_homophones
34616,1,0,0,6,3,-6.119553377204088,6.119553377204088,mobiz@,anti_homophones
34617,1,1,0,5,2,-5.681958585266198,5.681958585266198,5pl@d,anti_homophones
34618,1,0,0,9,4,-6.615734173977546,6.615734173977546,pERminize,anti_homophones
34619,1,0,0,8,3,-7.654117066260759,7.654117066260759,k§stadEl,anti_homophones
34620,1,0,0,6,2,-6.546556295207949,6.546556295207949,tavEtR,anti_homophones
34621,1,0,0,8,4,-8.442106911681902,8.442106911681902,5feRemat,anti_homophones
34622,1,1,0,8,3,-6.491465224967788,6.491465224967788,vapoRt9R,anti_homophones
34623,1,0,0,11,4,-10.568302009519785,10.568302009519785,im@taRtREtR,anti_homophones
34624,1,0,0,9,4,-10.232715731072311,10.232715731072311,salveRaz@,anti_homophones
34625,1,0,0,8,3,-8.48944355518056,8.48944355518056,spiRol§Z,anti_homophones
34626,1,0,0,9,4,-6.816988813058602,6.816988813058602,divERujaZ,anti_homophones
34627,1,0,0,8,3,-7.80660790889755,7.80660790889755,panylast,anti_homophones
34628,1,1,0,7,3,-7.00424361257168,7.00424361257168,kR5t@se,anti_homophones
34629,1,2,0,4,2,-5.625909127669104,5.625909127669104,emOn,anti_homophones
34630,1,0,0,9,4,-7.9793445583772895,7.9793445583772895,patuRbite,anti_homophones
34631,1,0,0,8,4,-8.115885338429722,8.115885338429722,eRatisje,anti_homophones
34632,1,1,0,6,3,-6.069942755761528,6.069942755761528,senote,anti_homophones
34633,1,3,0,7,2,-5.092440734699623,5.092440734699623,pRezist,anti_homophones
34634,1,1,0,6,3,-5.21086148351616,5.21086148351616,sEzone,anti_homophones
34635,1,0,0,8,3,-6.367676531271868,6.367676531271868,pRezynje,anti_homophones
34636,1,1,0,6,2,-5.0098358618854055,5.0098358618854055,fwin9R,anti_homophones
34637,1,2,0,7,3,-5.588363027732303,5.588363027732303,Reanizm,anti_homophones
34638,1,1,0,6,3,-6.267987428529817,6.267987428529817,katoZi,anti_homophones
34639,1,0,0,9,4,-9.825660513766103,9.825660513766103,im@tEnsja,anti_homophones
34640,1,0,0,9,3,-6.3868533315817455,6.3868533315817455,Re5skRist,anti_homophones
34641,1,1,0,7,3,-6.864044249606941,6.864044249606941,obylizm,anti_homophones
34642,1,2,0,6,2,-7.700046963861792,7.700046963861792,lERtiR,anti_homophones
34643,1,0,0,8,3,-7.640155375850743,7.640155375850743,papaRkj5,anti_homophones
34644,1,0,0,8,4,-7.766335204502614,7.766335204502614,s5pakite,anti_homophones
34645,1,1,0,6,3,-6.848643328920308,6.848643328920308,lav@de,anti_homophones
34646,1,0,0,8,3,-7.824285066950324,7.824285066950324,dekl@d9j,anti_homophones
34647,1,8,0,5,2,-5.021743497468455,5.021743497468455,pERt5,anti_homophones
34648,1,0,0,9,3,-7.713330222577004,7.713330222577004,tRadoRabl,anti_homophones
34649,1,3,0,7,3,-5.2757421678534815,5.2757421678534815,sERveje,anti_homophones
34650,1,0,0,9,3,-7.640727488761596,7.640727488761596,maskalabl,anti_homophones
34651,1,2,0,7,3,-6.140836709602721,6.140836709602721,divitRe,anti_homophones
34652,1,0,0,9,3,-7.072094538463003,7.072094538463003,pRovidabl,anti_homophones
34653,1,6,0,4,2,-5.369927223716579,5.369927223716579,5sys,anti_homophones
34654,1,2,0,7,3,-5.805656836141259,5.805656836141259,dekRim@,anti_homophones
34655,1,5,0,4,2,-4.923039850224769,4.923039850224769,@kEs,anti_homophones
34656,1,0,0,8,3,-6.421664630106962,6.421664630106962,pRepylER,anti_homophones
34657,1,0,0,7,3,-7.984962256485705,7.984962256485705,p2SERiS,anti_homophones
34658,1,0,0,9,3,-7.309085832232532,7.309085832232532,k§tREstj§,anti_homophones
34659,1,4,0,5,3,-6.112359807553296,6.112359807553296,inasi,anti_homophones
34660,1,1,0,5,2,-5.533134462169271,5.533134462169271,yRZj5,anti_homophones
34661,1,0,0,9,3,-6.839084799344609,6.839084799344609,dyplijwaR,anti_homophones
34662,1,0,0,7,3,-6.736956753410856,6.736956753410856,R°fiSEz,anti_homophones
34663,1,0,0,11,4,-9.847039358621322,9.847039358621322,EstRakteREt,anti_homophones
34664,1,0,0,9,4,-6.58303837768434,6.58303837768434,R°pRopoze,anti_homophones
34665,1,0,0,9,4,-8.122147170952266,8.122147170952266,pl@tatike,anti_homophones
34666,1,0,0,9,4,-7.118382296681516,7.118382296681516,Zitikasj§,anti_homophones
34667,1,0,0,11,4,-9.726269611516459,9.726269611516459,RaRSivifj@s,anti_homophones
34668,1,1,0,8,3,-6.577924499195485,6.577924499195485,sudwaj9R,anti_homophones
34669,1,17,0,3,2,-4.703136025901959,4.703136025901959,bau,anti_homophones
34670,1,4,0,5,2,-5.378082979441165,5.378082979441165,Rityd,anti_homophones
34671,1,2,0,7,3,-5.5404186168666225,5.5404186168666225,R°plije,anti_homophones
34672,1,0,0,8,4,-10.121450387335209,10.121450387335209,enEstOma,anti_homophones
34673,1,0,0,7,4,-8.232682686216526,8.232682686216526,am2n§Ze,anti_homophones
34674,1,0,0,7,3,-7.747742151762531,7.747742151762531,mafR§se,anti_homophones
34675,1,1,0,6,2,-6.591637648410593,6.591637648410593,fRazit,anti_homophones
34676,1,0,0,8,4,-7.497561548263327,7.497561548263327,t@tabili,anti_homophones
34677,1,3,0,5,2,-6.044009076654316,6.044009076654316,Opsil,anti_homophones
34678,1,10,0,3,2,-4.68809037815229,4.68809037815229,ono,anti_homophones
34679,1,0,0,8,4,-8.228067248249777,8.228067248249777,kot°Riz@,anti_homophones
34680,1,15,0,4,2,-4.463623980332187,4.463623980332187,emik,anti_homophones
34681,1,11,0,4,2,-4.895028763088862,4.895028763088862,ilEn,anti_homophones
34682,1,1,0,6,2,-5.928475306478578,5.928475306478578,sin8aZ,anti_homophones
34683,1,5,0,5,2,-5.033323324811476,5.033323324811476,vazj§,anti_homophones
34684,1,5,0,5,2,-4.793932267572244,4.793932267572244,pinj5,anti_homophones
34685,1,0,0,7,3,-7.3740991147313855,7.3740991147313855,kOlinEl,anti_homophones
34686,1,0,0,6,2,-6.375817933580936,6.375817933580936,vjEjoz,anti_homophones
34687,1,4,0,5,3,-5.636778651224299,5.636778651224299,egala,anti_homophones
34688,1,11,0,4,2,-5.010571378022728,5.010571378022728,miRa,anti_homophones
34689,1,4,0,6,3,-4.944309700212107,4.944309700212107,s°g§do,anti_homophones
34690,1,7,0,5,2,-5.0372574919173605,5.0372574919173605,SaRle,anti_homophones
34691,1,0,0,7,2,-5.447273600931423,5.447273600931423,g@gstER,anti_homophones
34692,1,0,0,8,4,-7.98361493227383,7.98361493227383,ototOnik,anti_homophones
34693,1,1,0,7,3,-7.249148158084713,7.249148158084713,aRing9l,anti_homophones
34694,1,3,0,6,2,-5.446583256764813,5.446583256764813,Radizm,anti_homophones
34695,1,1,0,6,3,-5.867769588483254,5.867769588483254,5tER5t,anti_homophones
34696,1,0,0,5,2,-6.735496017332834,6.735496017332834,g§zaj,anti_homophones
34697,1,0,0,8,3,-6.149804459596095,6.149804459596095,sEptis9R,anti_homophones
34698,1,0,0,7,3,-7.897770852318527,7.897770852318527,okystys,anti_homophones
34699,1,0,0,7,2,-8.497018952481486,8.497018952481486,gzoRizm,anti_homophones
34700,1,4,0,4,2,-7.041388609558928,7.041388609558928,OnOm,anti_homophones
34701,1,2,0,7,3,-6.954513549999983,6.954513549999983,5fORm@d,anti_homophones
34702,1,0,0,7,3,-7.605889745706666,7.605889745706666,§dykste,anti_homophones
34703,1,0,0,9,4,-7.346882079856083,7.346882079856083,RezERvase,anti_homophones
34704,1,2,0,6,2,-6.06264522160958,6.06264522160958,kaRlOp,anti_homophones
34705,1,1,0,7,3,-5.854373608620052,5.854373608620052,fabyzj§,anti_homophones
34706,1,0,0,10,4,-8.920433052082958,8.920433052082958,tomisiplOm,anti_homophones
34707,1,0,0,9,3,-5.645133953417596,5.645133953417596,pRogRat9R,anti_homophones
34708,1,0,0,10,4,-8.403207227207883,8.403207227207883,kOslovaRja,anti_homophones
34709,1,1,0,9,4,-6.078609567920874,6.078609567920874,katyRasj§,anti_homophones
34710,1,0,0,11,4,-9.76936777787103,9.76936777787103,fREkstenite,anti_homophones
34711,1,4,0,6,3,-5.330239343937244,5.330239343937244,divide,anti_homophones
34712,1,2,0,7,3,-5.7670596512462335,5.7670596512462335,apRofOn,anti_homophones
34713,1,1,0,9,3,-5.844055311067654,5.844055311067654,tR@sbORde,anti_homophones
34714,1,0,0,11,4,-8.458690937117504,8.458690937117504,lifORmalizm,anti_homophones
34715,1,0,0,9,3,-8.116441382810114,8.116441382810114,stRogamEl,anti_homophones
34716,1,1,0,8,4,-6.096519851576823,6.096519851576823,maniv°m@,anti_homophones
34717,1,0,1,7,3,-5.453989495439862,5.453989495439862,dEg°niR,anti_homophones
34718,1,0,0,8,3,-9.445918547708963,9.445918547708963,RasjeRon,anti_homophones
34719,1,0,0,9,4,-10.711173628365394,10.711173628365394,sevRal@k5,anti_homophones
34720,1,2,0,5,2,-6.450647349185809,6.450647349185809,sERba,anti_homophones
34721,1,0,0,6,3,-6.025670774801403,6.025670774801403,kafOid,anti_homophones
34722,1,5,0,6,2,-5.098468632246311,5.098468632246311,tiRabl,anti_homophones
34723,1,4,0,5,2,-5.135569689072269,5.135569689072269,kyRj5,anti_homophones
34724,1,0,0,6,3,-6.002386902333988,6.002386902333988,de§toz,anti_homophones
34725,1,0,0,7,2,-7.850200004620749,7.850200004620749,pORtigR,anti_homophones
34726,1,1,0,7,3,-6.6503495293741315,6.6503495293741315,ORgamEl,anti_homophones
34727,1,0,0,9,3,-9.963705784015362,9.963705784015362,t8itRejyR,anti_homophones
34728,1,0,0,10,4,-9.48861394720721,9.48861394720721,ERpROksid@,anti_homophones
34729,1,0,0,8,4,-7.5217290706675595,7.5217290706675595,domizone,anti_homophones
34730,1,5,0,5,2,-5.373830835599943,5.373830835599943,byRal,anti_homophones
34731,1,0,0,8,3,-8.538691765156733,8.538691765156733,glanERv@,anti_homophones
34732,1,0,0,9,4,-7.916654584156001,7.916654584156001,dezales@s,anti_homophones
34733,1,5,0,5,3,-5.7094651540630785,5.7094651540630785,maka§,anti_homophones
34734,1,0,0,8,3,-8.547359551267084,8.547359551267084,ZenjatOm,anti_homophones
34735,1,0,0,7,4,-7.53632227605567,7.53632227605567,5div°RE,anti_homophones
34736,1,0,0,9,4,-9.244149295422979,9.244149295422979,RezudRili,anti_homophones
34737,1,0,0,7,3,-8.573108864086743,8.573108864086743,lenonal,anti_homophones
34738,1,1,0,6,3,-7.7026208848987565,7.7026208848987565,elokat,anti_homophones
34739,1,0,0,7,3,-5.936529984588914,5.936529984588914,kRup°R§,anti_homophones
34740,1,1,0,8,3,-7.1804157312060966,7.1804157312060966,R°kORtif,anti_homophones
34741,1,0,0,6,3,-7.615757855038849,7.615757855038849,ZiRoZE,anti_homophones
34742,1,0,0,9,4,-8.261676545530424,8.261676545530424,abReZitik,anti_homophones
34743,1,0,0,7,3,-6.480973106649617,6.480973106649617,s8etyve,anti_homophones
34744,1,0,0,8,3,-8.210314441393555,8.210314441393555,gReZwine,anti_homophones
34745,1,0,0,9,4,-9.294465999115788,9.294465999115788,paRysitEm,anti_homophones
34746,1,2,0,6,3,-6.7423405914581,6.7423405914581,s@t°l@,anti_homophones
34747,1,0,0,9,3,-8.159488819893554,8.159488819893554,vERstinje,anti_homophones
34748,1,1,0,7,3,-6.948156046290227,6.948156046290227,m@Zwis@,anti_homophones
34749,1,2,0,5,3,-5.570086791579317,5.570086791579317,Eleni,anti_homophones
34750,1,0,0,7,3,-6.786197065291967,6.786197065291967,manOlOg,anti_homophones
34751,1,0,0,8,3,-7.806174901231734,7.806174901231734,fikalsiv,anti_homophones
34752,1,1,0,8,3,-5.337290748305746,5.337290748305746,des@sibl,anti_homophones
34753,1,0,0,9,4,-6.870358045566464,6.870358045566464,debwazone,anti_homophones
34754,1,0,0,9,3,-6.727788606884671,6.727788606884671,fRiZinabl,anti_homophones
34755,1,2,1,7,3,-5.421844206386657,5.421844206386657,sERv°ny,anti_homophones
34756,1,0,0,10,4,-9.178347322350136,9.178347322350136,Radjokypin,anti_homophones
34757,1,2,0,5,3,-6.27209709862001,6.27209709862001,iRika,anti_homophones
34758,1,2,0,7,3,-5.590929787963245,5.590929787963245,dolasj§,anti_homophones
34759,1,2,0,8,4,-5.963999914039685,5.963999914039685,ORganim@,anti_homophones
34760,1,0,0,6,3,-6.648649846196208,6.648649846196208,pypito,anti_homophones
34761,1,0,0,9,4,-7.7084744675491175,7.7084744675491175,Rekonifje,anti_homophones
34762,1,4,0,6,3,-6.161919351696306,6.161919351696306,Opatik,anti_homophones
34763,1,0,0,7,3,-7.762057358213921,7.762057358213921,s5kOpil,anti_homophones
34764,1,0,0,8,3,-6.999099435614042,6.999099435614042,v@dalist,anti_homophones
34765,1,0,0,7,3,-6.715712407417612,6.715712407417612,adiktyR,anti_homophones
34766,1,0,0,8,3,-7.931869641456653,7.931869641456653,demikRyR,anti_homophones
34767,1,0,0,8,3,-8.682648293048205,8.682648293048205,k§plotEn,anti_homophones
34768,1,1,0,7,3,-6.690210840692635,6.690210840692635,tylatik,anti_homophones
34769,1,2,0,6,3,-5.745476964020094,5.745476964020094,gOb°l§,anti_homophones
34770,1,1,0,7,3,-5.201884544071859,5.201884544071859,dist°m@,anti_homophones
34771,1,0,0,6,3,-6.553191438683007,6.553191438683007,somadE,anti_homophones
34772,1,0,0,8,4,-8.100751198588256,8.100751198588256,l§Z°R5go,anti_homophones
34773,1,0,0,7,3,-6.7880613841979125,6.7880613841979125,5kylmik,anti_homophones
34774,1,0,0,10,4,-7.617852152433558,7.617852152433558,televizjak,anti_homophones
34775,1,2,0,6,3,-6.2517101332132405,6.2517101332132405,pekylo,anti_homophones
34776,1,0,0,7,3,-9.399246867448992,9.399246867448992,kRot@po,anti_homophones
34777,1,0,0,8,3,-7.778368172301846,7.778368172301846,pRe@pREv,anti_homophones
34778,1,1,0,6,3,-6.520349580457198,6.520349580457198,mil@te,anti_homophones
34779,1,1,0,7,4,-5.806351675018048,5.806351675018048,sydaiz@,anti_homophones
34780,1,0,0,9,4,-8.10506731408023,8.10506731408023,afRematyR,anti_homophones
34781,1,0,0,11,4,-10.40939118644643,10.40939118644643,l§sERvjetik,anti_homophones
34782,1,0,0,8,3,-8.595980648732409,8.595980648732409,fjEskad@,anti_homophones
34783,1,0,0,9,3,-8.26014637411435,8.26014637411435,bR@kastik,anti_homophones
34784,1,0,0,7,3,-6.766965058419483,6.766965058419483,devis@s,anti_homophones
34785,1,1,0,6,3,-6.161847912170211,6.161847912170211,SOk°Ri,anti_homophones
34786,1,0,0,8,4,-7.1124659741855485,7.1124659741855485,supleite,anti_homophones
34787,1,0,0,8,3,-8.200162751942026,8.200162751942026,apjeZwaR,anti_homophones
34788,1,1,0,8,4,-6.258835068138231,6.258835068138231,telefeR@,anti_homophones
34789,1,1,0,9,4,-5.87970769644949,5.87970769644949,Ravitasj§,anti_homophones
34790,1,2,0,6,3,-6.396012288521527,6.396012288521527,fakym@,anti_homophones
34791,1,1,0,8,4,-5.934786686020745,5.934786686020745,demonomi,anti_homophones
34792,1,2,0,7,3,-5.666110928890092,5.666110928890092,dRaj°m@,anti_homophones
34793,1,0,0,9,4,-8.820968298548014,8.820968298548014,eSalast9R,anti_homophones
34794,1,1,0,9,4,-6.438003492056566,6.438003492056566,@tR°bat9R,anti_homophones
34795,1,0,0,8,3,-8.087673091121147,8.087673091121147,tRiv@sj2,anti_homophones
34796,1,0,0,6,3,-7.586211291820731,7.586211291820731,gaRol§,anti_homophones
34797,1,0,0,8,3,-8.302387178625242,8.302387178625242,suRdifja,anti_homophones
34798,1,0,0,8,3,-7.084242154124162,7.084242154124162,kafaRdiR,anti_homophones
34799,1,0,0,6,3,-6.6655853365711835,6.6655853365711835,Estig@,anti_homophones
34800,1,1,0,6,3,-5.700078937903889,5.700078937903889,adaizm,anti_homophones
34801,1,0,0,9,4,-9.248898078722444,9.248898078722444,Rod8iRaZu,anti_homophones
34802,1,1,0,7,3,-6.144128312230456,6.144128312230456,sERvis@,anti_homophones
34803,1,0,0,9,4,-8.189825626305964,8.189825626305964,gRamomEt@,anti_homophones
34804,1,0,0,7,3,-7.9152701560620615,7.9152701560620615,kap°lER,anti_homophones
34805,1,0,0,7,3,-7.032427794682644,7.032427794682644,plut°le,anti_homophones
34806,1,1,0,7,3,-6.6593189895764215,6.6593189895764215,volymEl,anti_homophones
34807,1,1,0,6,3,-6.584962624600337,6.584962624600337,k@dale,anti_homophones
34808,1,0,0,7,3,-5.97220073797697,5.97220073797697,natolOg,anti_homophones
34809,1,0,0,7,3,-6.1758259913857465,6.1758259913857465,m@disj§,anti_homophones
34810,1,1,0,5,3,-5.540747552574193,5.540747552574193,@peSe,anti_homophones
34811,1,0,0,7,4,-7.348122395063593,7.348122395063593,abesipe,anti_homophones
34812,1,0,0,8,3,-8.625780170878146,8.625780170878146,k§fiRZik,anti_homophones
34813,1,1,0,8,3,-7.003663402002861,7.003663402002861,RepaRtyR,anti_homophones
34814,1,7,0,7,4,-4.857949013776786,4.857949013776786,analize,anti_homophones
34815,1,0,0,9,4,-8.319525677285016,8.319525677285016,kloaRt°m@,anti_homophones
34816,1,0,0,6,3,-6.553550638719395,6.553550638719395,Sakut@,anti_homophones
34817,1,0,0,10,4,-10.585981707755742,10.585981707755742,petosilatR,anti_homophones
34818,1,0,0,9,4,-7.418498272592661,7.418498272592661,aRogRaf9R,anti_homophones
34819,1,0,0,7,3,-7.424133339839584,7.424133339839584,fiNotin,anti_homophones
34820,1,2,0,6,3,-6.087759489052908,6.087759489052908,balyRe,anti_homophones
34821,1,0,0,8,3,-7.860138753949666,7.860138753949666,fletalaZ,anti_homophones
34822,1,0,0,7,3,-9.965217148591371,9.965217148591371,ERnabw5,anti_homophones
34823,1,0,0,11,4,-10.326102950345497,10.326102950345497,zigzERniRit,anti_homophones
34824,1,0,0,6,3,-8.079689812000083,8.079689812000083,dodak5,anti_homophones
34825,1,0,0,10,4,-11.281495550760933,11.281495550760933,kaRsomanyR,anti_homophones
34826,1,1,0,7,4,-4.9345462204625665,4.9345462204625665,kaOt°m@,anti_homophones
34827,1,0,0,7,4,-6.224539279720702,6.224539279720702,Reative,anti_homophones
34828,1,0,0,9,4,-8.0710397489526,8.0710397489526,ipnoZenaZ,anti_homophones
34829,1,2,1,6,3,-5.83408831546995,5.83408831546995,atRijo,anti_homophones
34830,1,0,0,10,4,-8.902137875844572,8.902137875844572,faSonevRiR,anti_homophones
34831,1,1,0,7,3,-5.746812173205608,5.746812173205608,k§sj@te,anti_homophones
34832,1,1,0,8,3,-6.948683436788558,6.948683436788558,pRydwane,anti_homophones
34833,1,0,0,7,3,-7.519358027523057,7.519358027523057,kOkasEt,anti_homophones
34834,1,0,0,9,4,-7.611340969993363,7.611340969993363,paRapidza,anti_homophones
34835,1,0,0,10,4,-10.963527775490526,10.963527775490526,defigzagat,anti_homophones
34836,1,1,0,7,3,-5.840575388631927,5.840575388631927,buRd°Ri,anti_homophones
34837,1,11,0,6,3,-5.631416320784791,5.631416320784791,enasj§,anti_homophones
34838,1,8,0,6,3,-4.677621659319511,4.677621659319511,manite,anti_homophones
34839,1,0,0,8,4,-7.6794190251954815,7.6794190251954815,ekimolEt,anti_homophones
34840,1,0,0,9,4,-9.214416085170972,9.214416085170972,lavj§fal§,anti_homophones
34841,1,0,0,7,3,-7.567838719840481,7.567838719840481,pedOlba,anti_homophones
34842,1,0,0,8,4,-6.944448251534559,6.944448251534559,aRboloZi,anti_homophones
34843,1,0,0,10,4,-12.437291884408163,12.437291884408163,R°sokElkER,anti_homophones
34844,1,0,0,8,4,-6.651474002097525,6.651474002097525,paRagote,anti_homophones
34845,1,3,0,7,3,-5.702640428469556,5.702640428469556,dekRem@,anti_homophones
34846,1,2,0,8,3,-5.69030359225295,5.69030359225295,Eskalizm,anti_homophones
34847,1,2,0,7,3,-5.859754281384682,5.859754281384682,etRijER,anti_homophones
34848,1,0,0,10,4,-7.5999914801668265,7.5999914801668265,paktikylER,anti_homophones
34849,1,0,0,9,4,-8.361941915623442,8.361941915623442,miRatElEt,anti_homophones
34850,1,1,0,7,3,-6.121635941230487,6.121635941230487,divERde,anti_homophones
34851,1,0,0,9,4,-7.4424434055947115,7.4424434055947115,kloakut9R,anti_homophones
34852,1,0,0,7,3,-7.27338196399678,7.27338196399678,posemik,anti_homophones
34853,1,0,0,11,4,-9.548178009125317,9.548178009125317,bRazimERd9R,anti_homophones
34854,1,6,0,6,3,-5.4248798825438795,5.4248798825438795,poliz@,anti_homophones
34855,1,0,0,8,3,-7.513724491377911,7.513724491377911,R°platis,anti_homophones
34856,1,0,0,9,3,-9.324809607239752,9.324809607239752,l5fostREp,anti_homophones
34857,1,0,0,10,4,-8.080016909927956,8.080016909927956,fibRavERse,anti_homophones
34858,1,0,0,7,3,-6.915071868626578,6.915071868626578,sikolas,anti_homophones
34859,1,0,0,8,4,-9.202584223140546,9.202584223140546,dezepusi,anti_homophones
34860,1,0,0,7,4,-7.776137696114387,7.776137696114387,ap@duje,anti_homophones
34861,1,0,0,9,3,-7.850808074681339,7.850808074681339,metResEps,anti_homophones
34862,1,0,0,7,3,-6.358471743171597,6.358471743171597,@f@tizm,anti_homophones
34863,1,0,0,9,4,-8.574993722668278,8.574993722668278,navatRite,anti_homophones
34864,1,0,0,9,4,-7.504368662070824,7.504368662070824,dezORbity,anti_homophones
34865,1,0,0,9,4,-8.885290245757133,8.885290245757133,Som°dek@s,anti_homophones
34866,1,0,0,8,4,-7.331288326539426,7.331288326539426,eteORjOm,anti_homophones
34867,1,0,0,9,4,-7.8490615017990475,7.8490615017990475,mezoRifje,anti_homophones
34868,1,0,0,10,4,-5.621856922234214,5.621856922234214,tR@spozite,anti_homophones
34869,1,0,0,7,3,-8.155917796366944,8.155917796366944,baRispa,anti_homophones
34870,1,1,0,7,3,-5.682080445406975,5.682080445406975,miRatik,anti_homophones
34871,1,0,0,6,3,-6.414858200079041,6.414858200079041,g§s°te,anti_homophones
34872,1,3,0,7,3,-5.324651330935022,5.324651330935022,k§p@sje,anti_homophones
34873,1,0,0,12,4,-9.906087346658795,9.906087346658795,stRyksedagEt,anti_homophones
34874,1,0,0,9,4,-7.443241940681105,7.443241940681105,idRomynil,anti_homophones
34875,1,0,0,8,3,-7.426915408024543,7.426915408024543,Radzanal,anti_homophones
34876,1,0,0,8,4,-7.534663112273065,7.534663112273065,pal@gaZe,anti_homophones
34877,1,0,0,8,4,-8.873808608232295,8.873808608232295,mazofaR§,anti_homophones
34878,1,3,0,6,3,-6.149025850778486,6.149025850778486,dezani,anti_homophones
34879,1,0,0,7,4,-7.184155570662305,7.184155570662305,aRizoZi,anti_homophones
34880,1,0,0,9,4,-8.818281018203802,8.818281018203802,5fEsjonaj,anti_homophones
34881,1,0,0,8,3,-6.4352126806856536,6.4352126806856536,Ekspedal,anti_homophones
34882,1,0,0,8,3,-8.391802163658364,8.391802163658364,k2taRjEl,anti_homophones
34883,1,0,0,9,4,-7.106916203546589,7.106916203546589,Rivjejis@,anti_homophones
34884,1,0,0,6,3,-6.166298563207767,6.166298563207767,atRave,anti_homophones
34885,1,0,0,10,4,-9.857395253575687,9.857395253575687,pitwalEnte,anti_homophones
34886,1,11,1,5,3,-4.813586244434377,4.813586244434377,odite,anti_homophones
34887,1,1,0,7,3,-6.341763003026766,6.341763003026766,RefemER,anti_homophones
34888,1,2,0,8,3,-5.6231442964503,5.6231442964503,tRogRafi,anti_homophones
34889,1,0,0,8,4,-6.789883911632643,6.789883911632643,Rytin°m@,anti_homophones
34890,1,0,0,10,4,-8.050478834019373,8.050478834019373,salpabisj§,anti_homophones
34891,1,5,0,5,3,-5.380114770549044,5.380114770549044,5paRa,anti_homophones
34892,1,0,0,6,3,-8.530227372112385,8.530227372112385,bimabi,anti_homophones
34893,1,1,0,7,4,-7.039860533733525,7.039860533733525,epoliz@,anti_homophones
34894,1,1,0,6,3,-5.300969204927383,5.300969204927383,R°k9ji,anti_homophones
34895,1,0,0,6,3,-6.791299497736407,6.791299497736407,§g8ij@,anti_homophones
34896,1,0,0,8,3,-6.093217125056512,6.093217125056512,kRisjone,anti_homophones
34897,1,0,0,8,3,-7.256741232818379,7.256741232818379,favoksj§,anti_homophones
34898,1,0,0,9,4,-7.405573547970134,7.405573547970134,k§tR°poRE,anti_homophones
34899,1,2,0,8,3,-6.087635654339528,6.087635654339528,gosjonEl,anti_homophones
34900,1,0,0,10,4,-10.099550413755738,10.099550413755738,miZonistop,anti_homophones
34901,1,0,0,9,4,-8.287298957911995,8.287298957911995,Rasiklike,anti_homophones
34902,1,0,0,8,3,-6.033678067379409,6.033678067379409,pROteist,anti_homophones
34903,1,0,0,11,4,-8.285885345008664,8.285885345008664,dispoREktiv,anti_homophones
34904,1,0,0,7,3,-6.143909053391934,6.143909053391934,maRjete,anti_homophones
34905,1,0,0,8,3,-7.1658949266291,7.1658949266291,maksikje,anti_homophones
34906,1,0,0,10,4,-8.991443398020484,8.991443398020484,R@plaZoRal,anti_homophones
34907,1,0,0,6,3,-7.638591482934823,7.638591482934823,oResis,anti_homophones
34908,1,0,0,7,3,-7.978140546923721,7.978140546923721,tRasile,anti_homophones
34909,1,0,0,9,4,-8.133378373315484,8.133378373315484,k§ZyReziR,anti_homophones
34910,1,0,0,8,3,-8.341598088321312,8.341598088321312,atostist,anti_homophones
34911,1,0,0,7,3,-6.7317330003884495,6.7317330003884495,5sERviR,anti_homophones
34912,1,1,0,6,3,-8.32602688519842,8.32602688519842,s9nlao,anti_homophones
34913,1,0,0,9,4,-8.248705976443649,8.248705976443649,dypl@tyRe,anti_homophones
34914,1,0,0,12,4,-10.313231263733536,10.313231263733536,bR@kfORnat9R,anti_homophones
34915,1,0,0,10,4,-11.789434399230561,11.789434399230561,apOtEstatR,anti_homophones
34916,1,3,0,6,3,-6.044429642918409,6.044429642918409,m@zite,anti_homophones
34917,1,0,0,7,3,-7.061032513119101,7.061032513119101,gaNaNak,anti_homophones
34918,1,0,0,8,3,-8.28356863213342,8.28356863213342,valisOtR,anti_homophones
34919,1,0,0,10,4,-9.56957970944722,9.56957970944722,spEnsil°te,anti_homophones
34920,1,0,0,8,4,-7.306920797177755,7.306920797177755,pavas°m@,anti_homophones
34921,1,0,0,9,3,-7.721271937283001,7.721271937283001,ZavERtwaR,anti_homophones
34922,1,0,0,7,3,-9.625372466249955,9.625372466249955,pigl@t5,anti_homophones
34923,1,0,0,8,3,-5.803705015057002,5.803705015057002,vylsifje,anti_homophones
34924,1,0,0,7,3,-6.017976324000645,6.017976324000645,panatif,anti_homophones
34925,1,0,0,10,4,-10.475787071250663,10.475787071250663,s5t@sistik,anti_homophones
34926,1,0,0,7,3,-6.956593347853827,6.956593347853827,somaZEn,anti_homophones
34927,1,0,0,7,3,-5.746307680313515,5.746307680313515,bERZ@te,anti_homophones
34928,1,4,0,5,3,-6.179931424252868,6.179931424252868,al°R§,anti_homophones
34929,1,3,0,6,3,-5.165419678063552,5.165419678063552,pivote,anti_homophones
34930,1,0,0,9,4,-8.408292104272642,8.408292104272642,diskavize,anti_homophones
34931,1,0,0,10,4,-7.867830335979549,7.867830335979549,dezav@dizm,anti_homophones
34932,1,0,0,8,3,-7.939267205341297,7.939267205341297,smafly@s,anti_homophones
34933,1,1,0,5,3,-7.30007038903455,7.30007038903455,onal2,anti_homophones
34934,1,0,0,9,4,-6.782598980032416,6.782598980032416,EgzaminER,anti_homophones
34935,1,0,0,6,3,-6.706456870209055,6.706456870209055,nuRife,anti_homophones
34936,1,0,0,8,4,-6.826608180722933,6.826608180722933,dep@dam@,anti_homophones
34937,1,0,0,10,4,-11.496677524265191,11.496677524265191,pRoleksoly,anti_homophones
34938,1,0,0,9,4,-7.93825668404596,7.93825668404596,n2tR2z°m@,anti_homophones
34939,1,2,0,6,3,-5.3755495761960965,5.3755495761960965,R°kote,anti_homophones
34940,1,1,0,6,3,-4.9209016601469475,4.9209016601469475,flyoRe,anti_homophones
34941,1,0,0,11,4,-11.001498424546615,11.001498424546615,pERkR°bElik,anti_homophones
34942,1,0,0,10,3,-10.743714693647208,10.743714693647208,kERklatRik,anti_homophones
34943,1,0,0,7,3,-6.383477425569952,6.383477425569952,pERsala,anti_homophones
34944,1,0,0,7,3,-8.87281548793435,8.87281548793435,t@pajdo,anti_homophones
34945,1,0,0,7,3,-6.041387855090598,6.041387855090598,SifReje,anti_homophones
34946,1,0,0,10,4,-8.777606323610401,8.777606323610401,lufOksizje,anti_homophones
34947,1,0,0,7,3,-6.110927014009897,6.110927014009897,tuRdij§,anti_homophones
34948,1,0,0,9,4,-7.480029084545978,7.480029084545978,bERkOl°te,anti_homophones
34949,1,0,0,10,4,-6.358566975979262,6.358566975979262,R°n§sjasj§,anti_homophones
34950,1,0,0,8,4,-9.890860599974113,9.890860599974113,s5peR@te,anti_homophones
34951,1,0,0,8,3,-8.217215323179406,8.217215323179406,fRekad@s,anti_homophones
34952,1,6,0,5,3,-5.674677607976512,5.674677607976512,aRate,anti_homophones
34953,1,0,0,8,3,-6.1658577912115815,6.1658577912115815,medjafm@,anti_homophones
34954,1,1,0,6,3,-4.670663727188843,4.670663727188843,S°voSe,anti_homophones
34955,1,0,0,7,3,-5.864268982147405,5.864268982147405,@tRijaR,anti_homophones
34956,1,1,0,8,4,-6.7222967626673675,6.7222967626673675,m@bEl°m@,anti_homophones
34957,1,0,0,10,3,-10.530406974577627,10.530406974577627,gaRdjatlaj,anti_homophones
34958,1,0,0,8,3,-9.311381575542175,9.311381575542175,dRwalyme,anti_homophones
34959,1,2,0,7,3,-5.7682284996224995,5.7682284996224995,5pERtik,anti_homophones
34960,1,0,0,8,4,-8.055913141020199,8.055913141020199,eteRas@s,anti_homophones
34961,1,5,0,9,4,-5.45173930553625,5.45173930553625,faRizasj§,anti_homophones
34962,1,0,0,11,4,-8.90455166057155,8.90455166057155,k§skRimatje,anti_homophones
34963,1,0,0,9,4,-8.261900745039362,8.261900745039362,nORminyte,anti_homophones
34964,1,0,0,8,3,-6.660837197646289,6.660837197646289,evERnizm,anti_homophones
34965,1,1,0,6,3,-5.6231383100214165,5.6231383100214165,akRime,anti_homophones
34966,1,0,0,8,4,-8.596686736443838,8.596686736443838,amonjeRa,anti_homophones
34967,1,0,0,7,3,-6.902091671451393,6.902091671451393,volytOn,anti_homophones
34968,1,0,0,6,3,-7.38323656230632,7.38323656230632,gutike,anti_homophones
34969,1,0,0,7,3,-6.439660488398642,6.439660488398642,vivaRj5,anti_homophones
34970,1,2,0,7,3,-6.087549475248201,6.087549475248201,R°s°vaZ,anti_homophones
34971,1,0,0,9,4,-10.803234152588791,10.803234152588791,gERematos,anti_homophones
34972,1,0,0,8,3,-5.911570658025682,5.911570658025682,syREksj§,anti_homophones
34973,1,0,0,8,3,-9.222903973232896,9.222903973232896,kROglOR@,anti_homophones
34974,1,0,0,11,4,-9.505020216612582,9.505020216612582,plazinaktif,anti_homophones
34975,1,0,0,8,4,-8.926417186656206,8.926417186656206,@dyRefje,anti_homophones
34976,1,1,0,6,3,-6.015747422453288,6.015747422453288,laisaZ,anti_homophones
34977,1,0,0,7,4,-6.98121492617085,6.98121492617085,@sasite,anti_homophones
34978,1,3,0,6,3,-5.306092741470637,5.306092741470637,5k§sil,anti_homophones
34979,1,0,0,10,4,-7.73810543694207,7.73810543694207,elEksplane,anti_homophones
34980,1,0,0,11,4,-11.077655016318001,11.077655016318001,RyptilitRij,anti_homophones
34981,1,3,0,6,3,-5.339051826187879,5.339051826187879,Ruj°m@,anti_homophones
34982,1,0,0,10,4,-7.822838440563492,7.822838440563492,tRyktivini,anti_homophones
34983,1,1,0,7,4,-5.274549610663445,5.274549610663445,@m@S°m@,anti_homophones
34984,1,0,0,9,4,-8.66710822020391,8.66710822020391,asERnaSaZ,anti_homophones
34985,1,0,0,7,4,-7.213411663352585,7.213411663352585,afikapi,anti_homophones
34986,1,6,0,5,3,-6.171553414063741,6.171553414063741,anaRe,anti_homophones
34987,1,0,0,8,3,-8.987179205867093,8.987179205867093,fR§sERpi,anti_homophones
34988,1,0,0,8,4,-9.586295011670625,9.586295011670625,boEmaRme,anti_homophones
34989,1,0,0,8,4,-8.828655957335105,8.828655957335105,aminyzat,anti_homophones
34990,1,0,0,9,4,-9.363950702867362,9.363950702867362,faRadist@,anti_homophones
34991,1,0,0,7,3,-7.328488353206867,7.328488353206867,sypRoke,anti_homophones
34992,1,0,0,7,3,-6.43158643686792,6.43158643686792,tuRn°v2,anti_homophones
34993,1,0,0,8,4,-6.821335583341027,6.821335583341027,dekuteje,anti_homophones
34994,1,1,0,8,4,-6.301849158811333,6.301849158811333,asdik°m@,anti_homophones
34995,1,1,0,6,3,-6.382961951533893,6.382961951533893,peleRe,anti_homophones
34996,1,5,0,5,3,-5.31114760218891,5.31114760218891,av°le,anti_homophones
34997,1,0,0,9,4,-9.862572966376232,9.862572966376232,beziblimi,anti_homophones
34998,1,2,0,7,3,-5.209573089035007,5.209573089035007,sov°niR,anti_homophones
34999,1,0,0,7,3,-6.913939273475332,6.913939273475332,s@teRal,anti_homophones
35000,1,0,0,7,3,-6.740502753902997,6.740502753902997,pl§Zeni,anti_homophones
35001,1,0,0,9,4,-6.282048648884284,6.282048648884284,palm5t°m@,anti_homophones
35002,1,0,0,6,3,-7.619792626821378,7.619792626821378,p5salu,anti_homophones
35003,1,0,0,8,3,-6.947440292179458,6.947440292179458,bivwajEn,anti_homophones
35004,1,0,0,7,3,-8.169131099566798,8.169131099566798,dORf§d@,anti_homophones
35005,1,0,0,8,3,-8.838810947984625,8.838810947984625,depaRtj5,anti_homophones
35006,1,0,0,10,4,-9.045294231294346,9.045294231294346,legRositER,anti_homophones
35007,1,0,0,10,4,-10.204893293645714,10.204893293645714,sekEstefas,anti_homophones
35008,1,0,0,9,4,-6.783301613871385,6.783301613871385,kOdabl°m@,anti_homophones
35009,1,0,0,9,3,-8.568203041741024,8.568203041741024,fastRonad,anti_homophones
35010,1,0,0,10,4,-8.877221932479822,8.877221932479822,fliZitatif,anti_homophones
35011,1,1,0,8,3,-6.927365583407796,6.927365583407796,pytatizm,anti_homophones
35012,1,2,0,6,3,-5.31436695148366,5.31436695148366,Rabili,anti_homophones
35013,1,0,0,11,4,-9.453670132254654,9.453670132254654,taR@buRsist,anti_homophones
35014,1,0,0,7,3,-7.592244171425127,7.592244171425127,bizyRZ§,anti_homophones
35015,1,18,1,6,3,-4.419671355569952,4.419671355569952,elasj§,anti_homophones
35016,1,0,0,7,3,-7.460385466459699,7.460385466459699,m2zjEn@,anti_homophones
35017,1,1,0,6,3,-6.502487141168072,6.502487141168072,@gR°lo,anti_homophones
35018,1,0,0,8,4,-7.4231613715808225,7.4231613715808225,@tiniz9R,anti_homophones
35019,1,1,0,5,3,-5.923057410694475,5.923057410694475,de@S°,anti_homophones
35020,1,0,0,6,3,-5.7817306153770955,5.7817306153770955,deSofe,anti_homophones
35021,1,0,0,9,4,-7.284749833341416,7.284749833341416,demynisaZ,anti_homophones
35022,1,0,0,8,3,-7.263200550300016,7.263200550300016,tR@sp§t5,anti_homophones
35023,1,0,0,8,3,-7.5414985793655305,7.5414985793655305,toplad9R,anti_homophones
35024,1,0,0,8,3,-6.325316431838094,6.325316431838094,ERbonizm,anti_homophones
35025,1,1,0,7,3,-7.538998574941257,7.538998574941257,gaRgaRe,anti_homophones
35026,1,0,0,10,4,-6.240900886400816,6.240900886400816,Egzostat9R,anti_homophones
35027,1,0,0,9,3,-6.947719044530395,6.947719044530395,altERnjER,anti_homophones
35028,1,0,0,9,3,-7.140339471121237,7.140339471121237,flanetwaR,anti_homophones
35029,1,0,0,9,4,-7.448921704239556,7.448921704239556,tutSat°m@,anti_homophones
35030,1,1,0,6,3,-5.511763728090141,5.511763728090141,kym@te,anti_homophones
35031,1,8,0,4,3,-4.865818205068294,4.865818205068294,kaua,anti_homophones
35032,1,0,0,8,4,-6.48802821847626,6.48802821847626,otoRutje,anti_homophones
35033,1,1,0,6,3,-6.572458466130271,6.572458466130271,kavoSe,anti_homophones
35034,1,1,0,7,3,-6.5376183046232414,6.5376183046232414,baleZj5,anti_homophones
35035,1,0,0,6,3,-6.666909298758846,6.666909298758846,solEm@,anti_homophones
35036,1,0,0,7,3,-7.5333796179831065,7.5333796179831065,mwEk°te,anti_homophones
35037,1,0,0,10,4,-10.92545869339495,10.92545869339495,bonisfERno,anti_homophones
35038,1,1,0,7,3,-5.851983371352309,5.851983371352309,oblijaR,anti_homophones
35039,1,4,0,5,3,-5.433127402260251,5.433127402260251,ap°ti,anti_homophones
35040,1,1,0,7,3,-6.320779361774359,6.320779361774359,sysp@te,anti_homophones
35041,1,0,0,8,3,-6.939916554838599,6.939916554838599,R2fRakte,anti_homophones
35042,1,0,0,7,3,-7.468705132355367,7.468705132355367,gOslate,anti_homophones
35043,1,0,0,10,4,-8.738896631671402,8.738896631671402,SaRnalist5,anti_homophones
35044,1,0,0,8,4,-4.983712027330116,4.983712027330116,EtnoloZi,anti_homophones
35045,1,1,0,7,3,-6.390055846917513,6.390055846917513,golwam@,anti_homophones
35046,1,0,0,8,3,-7.880640023301567,7.880640023301567,@kaRswaR,anti_homophones
35047,1,0,0,9,4,-8.40105629678696,8.40105629678696,eguling9R,anti_homophones
35048,1,0,0,9,4,-8.691628342794752,8.691628342794752,tigRafito,anti_homophones
35049,1,0,0,7,3,-6.1216772809463285,6.1216772809463285,sofisj5,anti_homophones
35050,1,0,0,6,3,-6.0333242237328655,6.0333242237328655,navaj§,anti_homophones
35051,1,0,0,8,4,-5.840268446645732,5.840268446645732,R°sER°m@,anti_homophones
35052,1,3,0,7,3,-6.337837359426893,6.337837359426893,melatik,anti_homophones
35053,1,1,0,7,3,-6.748699654616483,6.748699654616483,5spiRys,anti_homophones
35054,1,0,0,7,3,-5.727771201405756,5.727771201405756,kaR§d9R,anti_homophones
35055,1,0,0,7,3,-8.168320793764666,8.168320793764666,RapoRis,anti_homophones
35056,1,2,0,6,3,-4.998391767900493,4.998391767900493,RevEj@,anti_homophones
35057,1,2,0,6,3,-6.307578518614112,6.307578518614112,tap°ti,anti_homophones
35058,1,0,0,7,3,-6.46961420831658,6.46961420831658,kRimale,anti_homophones
35059,1,15,0,5,3,-4.492100088311594,4.492100088311594,aRize,anti_homophones
35060,1,0,0,8,3,-6.975155722070827,6.975155722070827,dezaltuz,anti_homophones
35061,1,0,0,10,4,-9.37021263026641,9.37021263026641,steRiditEn,anti_homophones
35062,1,0,0,7,4,-7.221142612447451,7.221142612447451,evEj@se,anti_homophones
35063,1,5,0,7,3,-4.9528917707231175,4.9528917707231175,tREt°m@,anti_homophones
35064,1,0,0,8,4,-8.815450195033717,8.815450195033717,emaRmit§,anti_homophones
35065,1,0,0,6,3,-6.566227936570114,6.566227936570114,5Zwaz§,anti_homophones
35066,1,0,0,11,4,-7.541705531648456,7.541705531648456,adZ§ksjonER,anti_homophones
35067,1,0,0,8,3,-9.230254346312382,9.230254346312382,f§sekRan,anti_homophones
35068,1,0,0,9,4,-6.724025527789054,6.724025527789054,Re5vEksj§,anti_homophones
35069,1,2,1,6,3,-5.915067596098643,5.915067596098643,nEt°Ri,anti_homophones
35070,1,0,0,7,3,-6.9877819038398385,6.9877819038398385,p@dizEt,anti_homophones
35071,1,10,0,5,3,-5.088593963112007,5.088593963112007,adoRe,anti_homophones
35072,1,0,0,9,3,-7.547458754855115,7.547458754855115,pROpR°naS,anti_homophones
35073,1,2,0,9,4,-6.349537075735965,6.349537075735965,tajabl°m@,anti_homophones
35074,1,0,0,8,3,-6.528996031814662,6.528996031814662,kOsmonje,anti_homophones
35075,1,0,0,9,3,-10.29688201255473,10.29688201255473,klimiNObl,anti_homophones
35076,1,0,0,5,3,-6.060932431682076,6.060932431682076,akado,anti_homophones
35077,1,0,0,7,3,-6.870532434712434,6.870532434712434,asteRit,anti_homophones
35078,1,9,0,6,3,-5.32262479332994,5.32262479332994,sezite,anti_homophones
35079,1,0,0,9,4,-7.302154191911812,7.302154191911812,sElylERZe,anti_homophones
35080,1,2,0,5,3,-5.8782942838772305,5.8782942838772305,esule,anti_homophones
35081,1,0,0,11,4,-7.188276294162141,7.188276294162141,EspjoloZist,anti_homophones
35082,1,0,0,11,4,-8.383826570607967,8.383826570607967,pulbok§d8iR,anti_homophones
35083,1,0,0,8,3,-6.657373437181602,6.657373437181602,patyRist,anti_homophones
35084,1,0,0,9,3,-7.008165228415972,7.008165228415972,pREs@bl@S,anti_homophones
35085,1,0,0,10,4,-8.98108736739747,8.98108736739747,5pRekaSmEn,anti_homophones
35086,1,2,0,8,4,-5.73015735231092,5.73015735231092,amoRasj§,anti_homophones
35087,1,6,0,5,3,-5.850501869835363,5.850501869835363,peite,anti_homophones
35088,1,0,0,8,3,-7.3133152770840315,7.3133152770840315,vOlkloRa,anti_homophones
35089,1,0,0,10,4,-8.973708498130362,8.973708498130362,monjakudwa,anti_homophones
35090,1,5,0,5,3,-5.439570126362964,5.439570126362964,epus5,anti_homophones
35091,1,0,0,9,4,-8.972582408376958,8.972582408376958,gRikoRite,anti_homophones
35092,1,2,0,6,3,-5.899636459316007,5.899636459316007,degERe,anti_homophones
35093,1,0,0,7,3,-6.272444809868976,6.272444809868976,baRb°Ri,anti_homophones
35094,1,0,0,8,3,-7.428034973735377,7.428034973735377,EkspERsE,anti_homophones
35095,1,0,0,8,4,-7.023573574350893,7.023573574350893,t@dyR°Ri,anti_homophones
35096,1,2,0,7,3,-6.265159454336017,6.265159454336017,papit8e,anti_homophones
35097,1,13,0,6,3,-4.459909384545213,4.459909384545213,kaS°m@,anti_homophones
35098,1,0,0,9,4,-9.31900486575654,9.31900486575654,alipilabl,anti_homophones
35099,1,1,0,7,3,-7.242861317152092,7.242861317152092,sakRito,anti_homophones
35100,1,1,0,8,3,-6.588092812125856,6.588092812125856,lypylsj§,anti_homophones
35101,1,1,0,6,3,-6.7872770403670675,6.7872770403670675,popedi,anti_homophones
35102,1,0,0,10,4,-9.640837416541109,9.640837416541109,@tRakR°vER,anti_homophones
35103,1,0,0,10,4,-9.948441914872387,9.948441914872387,gulaZez8it,anti_homophones
35104,1,0,0,8,4,-7.899805590633562,7.899805590633562,agRem@s§,anti_homophones
35105,1,0,0,6,3,-6.033052416635549,6.033052416635549,aldeid,anti_homophones
35106,1,0,0,8,4,-9.175948454773575,9.175948454773575,memoRoto,anti_homophones
35107,1,0,0,8,3,-6.942329329446724,6.942329329446724,ligaRist,anti_homophones
35108,1,0,0,9,4,-9.512285764452814,9.512285764452814,ekwatERfe,anti_homophones
35109,1,2,0,7,3,-6.464202231161994,6.464202231161994,S@tityd,anti_homophones
35110,1,0,0,7,3,-7.090586482704342,7.090586482704342,supinaZ,anti_homophones
35111,1,0,0,6,3,-7.911240607192257,7.911240607192257,momikE,anti_homophones
35112,1,0,0,8,3,-7.0015443389102945,7.0015443389102945,vibRoSyR,anti_homophones
35113,1,0,0,8,4,-7.529709652530085,7.529709652530085,kOk°byt@,anti_homophones
35114,1,0,0,7,3,-7.614869486999754,7.614869486999754,R@bivwe,anti_homophones
35115,1,2,0,6,3,-5.306408714564864,5.306408714564864,asonaZ,anti_homophones
35116,1,0,0,6,3,-9.206729278348073,9.206729278348073,felob5,anti_homophones
35117,1,1,1,7,3,-6.448509644361937,6.448509644361937,salwam@,anti_homophones
35118,1,0,0,10,4,-7.428428738246735,7.428428738246735,bistoRasj§,anti_homophones
35119,1,0,0,9,4,-8.175294583869189,8.175294583869189,@viRgymEn,anti_homophones
35120,1,0,0,10,4,-8.398826149699689,8.398826149699689,kaR@tjERZe,anti_homophones
35121,1,6,0,6,3,-4.953044946866001,4.953044946866001,divize,anti_homophones
35122,1,0,0,8,3,-6.347678952990089,6.347678952990089,palEkt9R,anti_homophones
35123,1,5,0,7,3,-4.630087854068407,4.630087854068407,pyblije,anti_homophones
35124,1,0,0,7,3,-7.33598938266864,7.33598938266864,v@Zelip,anti_homophones
35125,1,1,0,7,3,-8.97330230150042,8.97330230150042,alvalin,anti_homophones
35126,1,0,0,7,3,-9.284940383633575,9.284940383633575,svazuti,anti_homophones
35127,1,4,0,5,3,-5.354944346053486,5.354944346053486,am°le,anti_homophones
35128,1,1,0,6,3,-5.497015252146177,5.497015252146177,fov°te,anti_homophones
35129,1,0,0,6,3,-5.6207561959682435,5.6207561959682435,5pydit,anti_homophones
35130,1,2,0,7,3,-5.7647188306063875,5.7647188306063875,pybliZe,anti_homophones
35131,1,0,0,8,3,-6.308094591418314,6.308094591418314,paRakt82,anti_homophones
35132,1,1,0,8,3,-9.145535275586074,9.145535275586074,n5sylfat,anti_homophones
35133,1,0,0,9,4,-8.495615546061416,8.495615546061416,plyRizone,anti_homophones
35134,1,0,0,7,3,-7.906245038779214,7.906245038779214,asablER,anti_homophones
35135,1,3,1,7,3,-4.979538904742432,4.979538904742432,@buRZwa,anti_homophones
35136,1,1,0,7,3,-9.047441309492905,9.047441309492905,uskRaSo,anti_homophones
35137,1,1,0,9,4,-6.4661292623763895,6.4661292623763895,disipasj§,anti_homophones
35138,1,0,0,6,3,-5.702837490007578,5.702837490007578,luS°R§,anti_homophones
35139,1,0,0,9,4,-9.015030167625083,9.015030167625083,S@pw5tite,anti_homophones
35140,1,0,0,9,4,-9.171703949301634,9.171703949301634,enysp@s9R,anti_homophones
35141,1,1,0,8,3,-6.774260264360523,6.774260264360523,buRdisj5,anti_homophones
35142,1,1,0,5,3,-5.7250991769581425,5.7250991769581425,peaZi,anti_homophones
35143,1,0,0,6,3,-7.639087162698995,7.639087162698995,butaR@,anti_homophones
35144,1,4,0,6,3,-4.972498869478564,4.972498869478564,Sozite,anti_homophones
35145,1,1,0,7,3,-5.818865782501535,5.818865782501535,silitik,anti_homophones
35146,1,0,0,9,4,-5.956486214040382,5.956486214040382,fjabilite,anti_homophones
35147,1,0,0,10,4,-10.80727851615141,10.80727851615141,5d§tR°b§dR,anti_homophones
35148,1,0,0,9,3,-7.853857679359924,7.853857679359924,EkskadRwa,anti_homophones
35149,1,0,0,9,3,-8.258038599342473,8.258038599342473,stOksitEn,anti_homophones
35150,1,0,0,9,4,-7.815457498354247,7.815457498354247,k§paZut9R,anti_homophones
35151,1,0,0,8,3,-6.833862735842471,6.833862735842471,dadaptif,anti_homophones
35152,1,1,0,6,3,-5.778178685909255,5.778178685909255,eklami,anti_homophones
35153,1,2,0,8,3,-7.411924471924729,7.411924471924729,pERklate,anti_homophones
35154,1,1,1,8,3,-5.636842485586786,5.636842485586786,tRijonEl,anti_homophones
35155,1,1,0,7,3,-6.3595891520659755,6.3595891520659755,t@potik,anti_homophones
35156,1,0,0,7,4,-7.219164710342826,7.219164710342826,@pelite,anti_homophones
35157,1,0,0,8,3,-7.23685999545773,7.23685999545773,tRonoRik,anti_homophones
35158,1,0,0,10,4,-8.675005666250932,8.675005666250932,kalpifR°Ri,anti_homophones
35159,1,0,0,8,4,-8.561178708388923,8.561178708388923,megaseSe,anti_homophones
35160,1,2,0,7,3,-5.779980357987464,5.779980357987464,psalite,anti_homophones
35161,1,0,0,9,4,-8.996201433741575,8.996201433741575,R°s@tismi,anti_homophones
35162,1,0,0,10,4,-12.891901209212664,12.891901209212664,smonismine,anti_homophones
35163,1,1,0,6,3,-7.194242014490193,7.194242014490193,aktika,anti_homophones
35164,1,0,0,6,3,-7.497275118091271,7.497275118091271,byREta,anti_homophones
35165,1,0,0,6,3,-6.690072656085689,6.690072656085689,vazeRe,anti_homophones
35166,1,0,0,10,4,-9.971569637371077,9.971569637371077,mamaRatibl,anti_homophones
35167,1,0,0,7,3,-6.786712172238101,6.786712172238101,demusaZ,anti_homophones
35168,1,0,0,9,4,-9.412321300938363,9.412321300938363,dekotijOl,anti_homophones
35169,1,1,0,7,3,-5.508698838755043,5.508698838755043,telef@s,anti_homophones
35170,1,0,0,7,3,-7.181148916500491,7.181148916500491,dam°lOt,anti_homophones
35171,1,1,0,7,3,-5.6295559835847495,5.6295559835847495,plazite,anti_homophones
35172,1,0,0,9,3,-8.229018679462792,8.229018679462792,ReZjakist,anti_homophones
35173,1,1,0,6,3,-5.841357613326703,5.841357613326703,denaZe,anti_homophones
35174,1,1,0,7,3,-6.303981747941328,6.303981747941328,@gloRik,anti_homophones
35175,1,0,0,7,4,-8.182858089860883,8.182858089860883,apodine,anti_homophones
35176,1,0,0,8,3,-7.892422497829967,7.892422497829967,lakist@s,anti_homophones
35177,1,2,0,7,3,-5.9945491941931435,5.9945491941931435,k§tRako,anti_homophones
35178,1,2,0,7,3,-6.692891962103364,6.692891962103364,psolize,anti_homophones
35179,1,0,0,9,4,-11.523800983281816,11.523800983281816,S@t°napOd,anti_homophones
35180,1,0,0,7,3,-5.21239030605148,5.21239030605148,k§siNaR,anti_homophones
35181,1,0,0,6,3,-7.310038027146056,7.310038027146056,teRabo,anti_homophones
35182,1,2,0,7,3,-5.68382928886157,5.68382928886157,mylatik,anti_homophones
35183,1,0,0,9,3,-7.118652526117016,7.118652526117016,dROgmatif,anti_homophones
35184,1,0,0,11,4,-10.51941309772015,10.51941309772015,tetRwadRamo,anti_homophones
35185,1,0,0,7,3,-7.076827383637385,7.076827383637385,laRmoRa,anti_homophones
35186,1,0,0,7,3,-9.491944372215508,9.491944372215508,sepisiv,anti_homophones
35187,1,2,0,6,3,-5.049227330380303,5.049227330380303,R°fule,anti_homophones
35188,1,0,0,7,3,-5.814923274073306,5.814923274073306,plEd°Ri,anti_homophones
35189,1,1,0,5,3,-6.554530450713364,6.554530450713364,etap@,anti_homophones
35190,1,0,0,11,4,-10.575138937656732,10.575138937656732,bERs°n§sj@s,anti_homophones
35191,1,1,0,7,3,-6.552942222096456,6.552942222096456,tR5t@dy,anti_homophones
35192,1,0,0,8,4,-6.8046701044745745,6.8046701044745745,Rap§t5Z@,anti_homophones
35193,1,0,0,10,4,-10.11870578710488,10.11870578710488,kaviv@djEn,anti_homophones
35194,1,0,0,8,3,-8.582193968308868,8.582193968308868,mekRetan,anti_homophones
35195,1,0,0,9,4,-7.232808088279464,7.232808088279464,kRomatyRe,anti_homophones
35196,1,0,0,9,4,-9.649297713648519,9.649297713648519,ORmist5go,anti_homophones
35197,1,2,0,6,3,-5.821182954463389,5.821182954463389,agRij§,anti_homophones
35198,1,1,0,6,3,-7.205240131983763,7.205240131983763,aviRat,anti_homophones
35199,1,0,0,8,4,-6.917351935900844,6.917351935900844,@kl@dEz§,anti_homophones
35200,1,0,0,7,3,-4.906488775426248,4.906488775426248,EgziZ@s,anti_homophones
35201,1,0,0,8,3,-8.298541049267603,8.298541049267603,kalmosif,anti_homophones
35202,1,0,0,8,3,-6.392039622344874,6.392039622344874,defRwaze,anti_homophones
35203,1,0,0,8,4,-7.6745321202706895,7.6745321202706895,avaloRal,anti_homophones
35204,1,3,0,7,3,-5.951210636532898,5.951210636532898,k§tRate,anti_homophones
35205,1,0,0,8,3,-6.393033811702396,6.393033811702396,pozisjER,anti_homophones
35206,1,0,0,13,4,-10.041078922145026,10.041078922145026,EkstRuvERsjal,anti_homophones
35207,1,0,0,9,4,-9.40253615778565,9.40253615778565,guRg@dize,anti_homophones
35208,1,1,0,7,4,-5.381980584458606,5.381980584458606,imaZ°m@,anti_homophones
35209,1,0,0,8,4,-7.633456489252475,7.633456489252475,d°suvise,anti_homophones
35210,1,0,0,10,4,-11.34860459588175,11.34860459588175,plodamwaje,anti_homophones
35211,1,0,0,5,3,-7.175714126413957,7.175714126413957,oRina,anti_homophones
35212,1,1,0,7,3,-7.371673975667607,7.371673975667607,nateZik,anti_homophones
35213,1,0,0,10,4,-9.072021609542007,9.072021609542007,kORdinERse,anti_homophones
35214,1,0,0,9,4,-8.348337448715249,8.348337448715249,jeRatitys,anti_homophones
35215,1,3,0,7,3,-5.9060159485468615,5.9060159485468615,dematiR,anti_homophones
35216,1,0,0,9,4,-9.739212656916203,9.739212656916203,ZynOmitOs,anti_homophones
35217,1,0,0,13,4,-12.603062493232022,12.603062493232022,bRastRablytil,anti_homophones
35218,1,0,0,7,3,-5.635814632286688,5.635814632286688,sov°n@s,anti_homophones
35219,1,0,0,8,4,-7.612883271467554,7.612883271467554,f@toloid,anti_homophones
35220,1,0,0,12,4,-11.59610341770878,11.59610341770878,ladRyptERnik,anti_homophones
35221,1,0,0,11,4,-8.724527686313406,8.724527686313406,palminEkdEn,anti_homophones
35222,1,0,0,9,4,-9.174905566408695,9.174905566408695,eRasilwaR,anti_homophones
35223,1,1,0,8,3,-6.571371017981115,6.571371017981115,kOskOpiG,anti_homophones
35224,1,0,0,8,4,-7.322819253149626,7.322819253149626,fizib°Ri,anti_homophones
35225,1,0,0,8,3,-11.015322133539076,11.015322133539076,pilibRym,anti_homophones
35226,1,0,0,10,4,-7.841508292611284,7.841508292611284,Sif§ksjoni,anti_homophones
35227,1,1,0,6,3,-5.36964859362704,5.36964859362704,R°pEje,anti_homophones
35228,1,0,0,9,4,-8.697124022494044,8.697124022494044,lakaREnaZ,anti_homophones
35229,1,0,0,7,3,-8.775750245356713,8.775750245356713,vERbujy,anti_homophones
35230,1,0,0,10,3,-7.845895907395325,7.845895907395325,petRistabl,anti_homophones
35231,1,1,0,7,3,-4.952091331509005,4.952091331509005,Reaktif,anti_homophones
35232,1,0,0,11,4,-7.848721991939247,7.848721991939247,glastitasj§,anti_homophones
35233,1,1,0,6,3,-5.741951419178651,5.741951419178651,jeRize,anti_homophones
35234,1,0,0,9,4,-9.014299379068628,9.014299379068628,osiklipje,anti_homophones
35235,1,0,0,9,3,-13.193686870808783,13.193686870808783,n@tR°s9Rf,anti_homophones
35236,1,0,0,11,3,-8.787265101285042,8.787265101285042,m82slistwaR,anti_homophones
35237,1,0,0,7,4,-7.069242841861562,7.069242841861562,5depujo,anti_homophones
35238,1,0,0,9,3,-8.545327314720991,8.545327314720991,fRaksonj5,anti_homophones
35239,1,1,0,6,3,-6.2024752625748505,6.2024752625748505,sakRee,anti_homophones
35240,1,0,0,7,3,-8.351610702784683,8.351610702784683,tERalik,anti_homophones
35241,1,1,0,6,3,-5.634191494734172,5.634191494734172,egos@s,anti_homophones
35242,1,2,0,6,3,-5.528608267718768,5.528608267718768,@nivER,anti_homophones
35243,1,1,0,6,3,-6.263270210419272,6.263270210419272,2klite,anti_homophones
35244,1,2,0,5,3,-5.883632974189238,5.883632974189238,ekij2,anti_homophones
35245,1,0,0,8,4,-6.826654766946101,6.826654766946101,@tig8ite,anti_homophones
35246,1,0,0,8,4,-9.184825027339937,9.184825027339937,suv@tisy,anti_homophones
35247,1,1,0,8,4,-5.981912651805432,5.981912651805432,R@Sis°m@,anti_homophones
35248,1,0,0,7,3,-7.747768729168159,7.747768729168159,desizad,anti_homophones
35249,1,0,0,7,3,-7.961229111406736,7.961229111406736,gR°desi,anti_homophones
35250,1,0,0,9,4,-7.866495647088839,7.866495647088839,lav°linER,anti_homophones
35251,1,0,0,8,4,-9.254469078917833,9.254469078917833,sogideR@,anti_homophones
35252,1,0,0,8,3,-7.098986128783057,7.098986128783057,ReZwajEn,anti_homophones
35253,1,0,0,8,4,-6.091445341561762,6.091445341561762,kuR@Z°m@,anti_homophones
35254,1,5,0,5,3,-5.2199482035062195,5.2199482035062195,5tER2,anti_homophones
35255,1,0,0,7,3,-6.93658223012216,6.93658223012216,b@kEst@,anti_homophones
35256,1,0,0,7,3,-7.53376976387067,7.53376976387067,myzemik,anti_homophones
35257,1,2,0,8,3,-7.028705588672818,7.028705588672818,tinalizm,anti_homophones
35258,1,0,0,8,3,-6.073880202350354,6.073880202350354,Sifonist,anti_homophones
35259,1,0,0,7,3,-7.660939488495851,7.660939488495851,devuvR@,anti_homophones
35260,1,1,0,8,4,-6.602344889887217,6.602344889887217,molOn°m@,anti_homophones
35261,1,0,0,10,4,-10.177622470654185,10.177622470654185,papidylaRZ,anti_homophones
35262,1,2,0,7,3,-5.3233801447031235,5.3233801447031235,delEkte,anti_homophones
35263,1,2,1,7,3,-5.666600112529721,5.666600112529721,baSotje,anti_homophones
35264,1,0,0,7,3,-7.2759167949134165,7.2759167949134165,aRabORd,anti_homophones
35265,1,0,0,9,4,-5.706488615876658,5.706488615876658,sEptiv°m@,anti_homophones
35266,1,0,0,9,4,-8.917598976342175,8.917598976342175,wEbkamaty,anti_homophones
35267,1,0,0,9,4,-9.82490440658938,9.82490440658938,RavjaRiz@,anti_homophones
35268,1,2,0,5,3,-5.522727745835642,5.522727745835642,anoze,anti_homophones
35269,1,1,0,10,4,-8.509875466546546,8.509875466546546,Est5ktasj§,anti_homophones
35270,1,1,0,8,3,-5.779562297628406,5.779562297628406,k§sylfyR,anti_homophones
35271,1,0,0,9,4,-8.138991281533603,8.138991281533603,inputaRde,anti_homophones
35272,1,0,0,9,4,-10.322251160100112,10.322251160100112,oteRjalif,anti_homophones
35273,1,0,0,9,3,-10.219772738445323,10.219772738445323,l1dilysid,anti_homophones
35274,1,0,0,7,3,-7.043419022496454,7.043419022496454,pR5s°lo,anti_homophones
35275,1,0,0,7,3,-7.1952821110656355,7.1952821110656355,5p8ijER,anti_homophones
35276,1,0,0,10,4,-8.877170351168036,8.877170351168036,fibRakRite,anti_homophones
35277,1,3,0,6,3,-5.436062426404101,5.436062426404101,Egzot@,anti_homophones
35278,1,0,0,10,4,-7.497291315806289,7.497291315806289,elEksteRiR,anti_homophones
35279,1,1,0,7,4,-5.974832152685908,5.974832152685908,@tidim@,anti_homophones
35280,1,0,0,8,3,-8.44820849749974,8.44820849749974,RypERmEl,anti_homophones
35281,1,0,0,7,3,-6.637765227565187,6.637765227565187,Zakas9R,anti_homophones
35282,1,0,0,9,4,-8.417725600148435,8.417725600148435,inisjonis,anti_homophones
35283,1,5,0,4,3,-5.8093897288418965,5.8093897288418965,ane@,anti_homophones
35284,1,1,1,7,3,-5.162280021370501,5.162280021370501,klun°Ri,anti_homophones
35285,1,1,0,6,3,-5.771578379518232,5.771578379518232,RedEN2,anti_homophones
35286,1,1,1,6,3,-5.25279137457225,5.25279137457225,papuje,anti_homophones
35287,1,0,0,7,3,-7.25045860574413,7.25045860574413,g§goldo,anti_homophones
35288,1,0,0,8,4,-7.021399955497343,7.021399955497343,dekyR°Ri,anti_homophones
35289,1,0,0,7,3,-6.4322558990817855,6.4322558990817855,buRaZik,anti_homophones
35290,1,1,0,7,3,-6.689782420692864,6.689782420692864,piRonj5,anti_homophones
35291,1,3,0,7,3,-5.726627325888624,5.726627325888624,5tERn8e,anti_homophones
35292,1,1,0,6,3,-7.2813097884922735,7.2813097884922735,tavive,anti_homophones
35293,1,1,0,6,3,-5.925410793133691,5.925410793133691,R@fly@,anti_homophones
35294,1,4,0,7,3,-5.292958247792622,5.292958247792622,sypERme,anti_homophones
35295,1,0,0,7,3,-5.497680147652007,5.497680147652007,@pwin9R,anti_homophones
35296,1,0,0,8,4,-7.573263497922339,7.573263497922339,@digat9R,anti_homophones
35297,1,0,0,7,3,-7.044250175213179,7.044250175213179,fRiside,anti_homophones
35298,1,1,0,6,3,-5.718274490337738,5.718274490337738,aksede,anti_homophones
35299,1,0,0,9,4,-11.229454593489699,11.229454593489699,@dostitiZ,anti_homophones
35300,1,0,0,9,4,-8.706776090059165,8.706776090059165,astilElER,anti_homophones
35301,1,0,0,7,4,-7.799570293324721,7.799570293324721,5saZile,anti_homophones
35302,1,1,0,7,4,-4.780737817286045,4.780737817286045,izOn°m@,anti_homophones
35303,1,0,0,8,4,-8.81561052735955,8.81561052735955,masim°ti,anti_homophones
35304,1,0,0,7,3,-6.058386048721068,6.058386048721068,idRolER,anti_homophones
35305,1,0,0,8,3,-7.322563353513121,7.322563353513121,dezostRi,anti_homophones
35306,1,2,0,7,3,-6.738657823696752,6.738657823696752,R°kolOR,anti_homophones
35307,1,0,0,7,3,-5.675177170874627,5.675177170874627,buRlupe,anti_homophones
35308,1,0,0,7,3,-6.428964927276933,6.428964927276933,R°bRuj@,anti_homophones
35309,1,4,0,6,3,-6.083747299001666,6.083747299001666,ipERj5,anti_homophones
35310,1,0,0,8,3,-7.673815676713741,7.673815676713741,glanitER,anti_homophones
35311,1,0,0,8,4,-7.557621802298572,7.557621802298572,apok§daZ,anti_homophones
35312,1,0,0,7,3,-6.004262713856636,6.004262713856636,s°kup9R,anti_homophones
35313,1,0,0,13,4,-12.341833613139432,12.341833613139432,vEksklapolift,anti_homophones
35314,1,0,0,8,3,-8.15041884548014,8.15041884548014,tREdl9Re,anti_homophones
35315,1,0,0,8,4,-6.5763978775383976,6.5763978775383976,l§Zilite,anti_homophones
35316,1,2,0,8,4,-6.578824228752483,6.578824228752483,Osibl°m@,anti_homophones
35317,1,4,0,6,3,-5.320150408714463,5.320150408714463,depoz@,anti_homophones
35318,1,0,0,7,3,-7.352040249518959,7.352040249518959,abakt82,anti_homophones
35319,1,0,0,6,3,-5.864401671612399,5.864401671612399,@pwaN2,anti_homophones
35320,1,0,0,8,4,-7.355965433278255,7.355965433278255,kopeRike,anti_homophones
35321,1,1,0,7,4,-6.1247997849598415,6.1247997849598415,iRegym@,anti_homophones
35322,1,0,0,8,4,-6.414320781118207,6.414320781118207,sosil°m@,anti_homophones
35323,1,0,0,7,3,-9.024778330318028,9.024778330318028,EsplEN@,anti_homophones
35324,1,2,0,7,4,-5.270473713059916,5.270473713059916,onEl°m@,anti_homophones
35325,1,0,0,8,4,-7.244699814349622,7.244699814349622,Sap°late,anti_homophones
35326,1,0,0,9,3,-7.538221766377395,7.538221766377395,sysdikabl,anti_homophones
35327,1,0,0,9,4,-8.636428520044543,8.636428520044543,demoRamEt,anti_homophones
35328,1,7,0,5,3,-5.183777435231897,5.183777435231897,@bute,anti_homophones
35329,1,0,0,10,3,-9.650787873745523,9.650787873745523,kEndZinjOm,anti_homophones
35330,1,2,0,6,3,-5.196535551247912,5.196535551247912,Zakyle,anti_homophones
35331,1,0,0,8,3,-6.9484514066655,6.9484514066655,suRs8ije,anti_homophones
35332,1,1,0,7,4,-5.697847969295154,5.697847969295154,eS@Z°m@,anti_homophones
35333,1,4,1,6,3,-5.141638785009908,5.141638785009908,evizj§,anti_homophones
35334,1,0,0,8,3,-7.939747653203219,7.939747653203219,fR°d§dEz,anti_homophones
35335,1,4,0,6,3,-5.5945984021238875,5.5945984021238875,5pRij§,anti_homophones
35336,1,2,0,6,3,-5.771827683121837,5.771827683121837,meliZe,anti_homophones
35337,1,0,0,9,3,-8.223027447755914,8.223027447755914,kastRopEt,anti_homophones
35338,1,0,0,11,4,-11.199524452677883,11.199524452677883,sekspaRiz9R,anti_homophones
35339,1,0,0,10,4,-8.478928682637179,8.478928682637179,m°zyRatizm,anti_homophones
35340,1,1,0,6,3,-7.47887042301478,7.47887042301478,otReje,anti_homophones
35341,1,0,0,11,4,-9.575319262266694,9.575319262266694,dispozofRak,anti_homophones
35342,1,1,0,10,4,-5.6710844586999265,5.6710844586999265,plEktiv°m@,anti_homophones
35343,1,0,0,7,3,-5.649101805178216,5.649101805178216,k§tR°po,anti_homophones
35344,1,2,0,6,3,-6.2255625632601665,6.2255625632601665,basiko,anti_homophones
35345,1,0,0,10,4,-8.137887759516449,8.137887759516449,dek§tR°Sas,anti_homophones
35346,1,3,0,7,3,-5.076294237726068,5.076294237726068,R@pl°m@,anti_homophones
35347,1,0,0,9,4,-8.452114509839527,8.452114509839527,5t@Z@dRiR,anti_homophones
35348,1,1,0,9,4,-7.648647874025595,7.648647874025595,polifikyl,anti_homophones
35349,1,0,0,9,4,-6.46358514773839,6.46358514773839,5pROpR°m@,anti_homophones
35350,1,0,0,8,4,-8.326946567849049,8.326946567849049,salamaZi,anti_homophones
35351,1,0,0,10,4,-7.89245571668907,7.89245571668907,dezafERmiR,anti_homophones
35352,1,0,0,13,4,-11.393010485734656,11.393010485734656,pREsplometR9s,anti_homophones
35353,1,0,0,8,3,-7.652692986363203,7.652692986363203,vitRaZ9R,anti_homophones
35354,1,0,0,9,4,-9.422980969172654,9.422980969172654,fanagatik,anti_homophones
35355,1,0,0,9,4,-11.44640137146817,11.44640137146817,dopanEk9R,anti_homophones
35356,1,1,0,6,3,-6.042422604556822,6.042422604556822,soligo,anti_homophones
35357,1,0,0,8,4,-7.9905383346118635,7.9905383346118635,tyneRaze,anti_homophones
35358,1,0,0,7,3,-7.645286309476974,7.645286309476974,moRijOl,anti_homophones
35359,1,0,0,8,4,-6.878048360087578,6.878048360087578,maRitize,anti_homophones
35360,1,0,0,11,4,-9.469961199633333,9.469961199633333,pakadRatizm,anti_homophones
35361,1,2,0,8,4,-5.395905416054853,5.395905416054853,sudEn°m@,anti_homophones
35362,1,0,0,8,4,-7.386319871434481,7.386319871434481,SySonaje,anti_homophones
35363,1,0,0,9,4,-7.181585483639585,7.181585483639585,laosjonaZ,anti_homophones
35364,1,0,0,10,4,-9.61023063251617,9.61023063251617,alSiminERv,anti_homophones
35365,1,0,0,7,3,-8.52365973267266,8.52365973267266,d@t2las,anti_homophones
35366,1,0,0,6,3,-7.196508727541781,7.196508727541781,bokumi,anti_homophones
35367,1,0,0,10,3,-10.318788434812006,10.318788434812006,ROwtRivabl,anti_homophones
35368,1,0,0,7,3,-8.860006598565775,8.860006598565775,pRopRoe,anti_homophones
35369,1,0,0,8,3,-7.185087193954966,7.185087193954966,defalsiv,anti_homophones
35370,1,0,0,10,4,-10.504048899228838,10.504048899228838,bR5dRigod§,anti_homophones
35371,1,0,0,13,4,-11.111326749614214,11.111326749614214,sypstidROksid,anti_homophones
35372,1,1,0,7,3,-7.116926368025219,7.116926368025219,salER9R,anti_homophones
35373,1,0,0,12,4,-9.569928026945492,9.569928026945492,ZaksEpsiklin,anti_homophones
35374,1,0,0,9,4,-8.00010533867407,8.00010533867407,REsablije,anti_homophones
35375,1,0,0,11,4,-9.521820546148232,9.521820546148232,R@fR°d°vabl,anti_homophones
35376,1,0,0,7,4,-7.266110982670654,7.266110982670654,otoiste,anti_homophones
35377,1,0,0,6,3,-7.096371523383367,7.096371523383367,itin@s,anti_homophones
35378,1,2,0,6,3,-6.803305482245348,6.803305482245348,OptikE,anti_homophones
35379,1,0,0,6,3,-7.360835975891752,7.360835975891752,kusin@,anti_homophones
35380,1,0,0,8,4,-6.453753627210694,6.453753627210694,salOp°m@,anti_homophones
35381,1,2,0,6,3,-5.715071891383471,5.715071891383471,pedika,anti_homophones
35382,1,2,0,9,4,-6.510181351137672,6.510181351137672,voRabl°m@,anti_homophones
35383,1,0,0,10,4,-10.480269147525973,10.480269147525973,Zez8isoliN,anti_homophones
35384,1,0,0,8,3,-6.005823142889749,6.005823142889749,bEktasj§,anti_homophones
35385,1,0,0,10,4,-9.216158920121705,9.216158920121705,skadRen°Ri,anti_homophones
35386,1,2,0,6,3,-6.026726096133288,6.026726096133288,aRkyle,anti_homophones
35387,1,1,0,7,3,-5.872566564744445,5.872566564744445,sybkyle,anti_homophones
35388,1,4,0,6,3,-5.012267847358903,5.012267847358903,degut@,anti_homophones
35389,1,0,0,8,3,-7.521580578085821,7.521580578085821,pREst@se,anti_homophones
35390,1,0,0,9,3,-8.120049723224561,8.120049723224561,siRkaftal,anti_homophones
35391,1,0,0,5,3,-8.67016571282091,8.67016571282091,5p@ty,anti_homophones
35392,1,0,0,7,3,-6.626597838710467,6.626597838710467,ORf°liR,anti_homophones
35393,1,0,0,7,3,-6.548706596942708,6.548706596942708,legalit,anti_homophones
35394,1,3,0,7,3,-5.574238608015189,5.574238608015189,kyRsite,anti_homophones
35395,1,2,0,6,3,-5.846829131248388,5.846829131248388,kative,anti_homophones
35396,1,1,0,6,3,-5.944216328762055,5.944216328762055,imylas,anti_homophones
35397,1,2,0,6,3,-5.486857102746701,5.486857102746701,apRese,anti_homophones
35398,1,0,0,7,3,-8.38605866964865,8.38605866964865,R2buRli,anti_homophones
35399,1,1,0,8,3,-7.334261784274062,7.334261784274062,metivizm,anti_homophones
35400,1,0,0,10,4,-6.268585383781049,6.268585383781049,n2Roplasj§,anti_homophones
35401,1,0,0,10,4,-8.174579012406227,8.174579012406227,kaRadOksid,anti_homophones
35402,1,0,0,9,4,-10.53250530010148,10.53250530010148,sotistEt@,anti_homophones
35403,1,0,0,8,3,-8.069896332849554,8.069896332849554,tREdlajE,anti_homophones
35404,1,0,0,9,4,-8.134131671681262,8.134131671681262,p@siblijo,anti_homophones
35405,1,0,0,7,3,-7.6462099564871835,7.6462099564871835,Refyzit,anti_homophones
35406,1,0,0,10,4,-9.54729467282506,9.54729467282506,Rez@tR°mOR,anti_homophones
35407,1,0,0,10,4,-9.894401583069683,9.894401583069683,kapaRtERn2,anti_homophones
35408,1,0,0,9,4,-8.499177289021473,8.499177289021473,@fatOgRaf,anti_homophones
35409,1,2,0,8,4,-5.342338566106799,5.342338566106799,kanalite,anti_homophones
35410,1,2,0,7,4,-5.104617722026312,5.104617722026312,yniv°m@,anti_homophones
35411,1,0,0,8,4,-9.775462160801798,9.775462160801798,kaotoR@Z,anti_homophones
35412,1,4,0,6,3,-5.803931903147988,5.803931903147988,5tERZ@,anti_homophones
35413,1,0,0,7,4,-8.38096577949172,8.38096577949172,noEl°t§,anti_homophones
35414,1,0,0,8,4,-9.400585708323522,9.400585708323522,kakalaZ@,anti_homophones
35415,1,2,0,8,4,-7.340114433350633,7.340114433350633,altiv°te,anti_homophones
35416,1,1,0,6,3,-5.860178603261358,5.860178603261358,sekyl2,anti_homophones
35417,1,0,0,7,4,-7.0358378028316535,7.0358378028316535,5tuS°mi,anti_homophones
35418,1,0,0,8,4,-8.104836899818077,8.104836899818077,myneRas§,anti_homophones
35419,1,0,0,9,3,-8.819595624252678,8.819595624252678,fek§vERts,anti_homophones
35420,1,1,0,7,4,-7.9265992098878755,7.9265992098878755,ez@t°m@,anti_homophones
35421,1,0,0,10,4,-10.927764285472144,10.927764285472144,beliZaRdOn,anti_homophones
35422,1,3,0,8,3,-5.271402285996322,5.271402285996322,dematizm,anti_homophones
35423,1,20,0,4,3,-4.803707675028241,4.803707675028241,aeRe,anti_homophones
35424,1,2,0,6,3,-5.528454060258952,5.528454060258952,mezole,anti_homophones
35425,1,2,0,7,3,-5.9112631381419884,5.9112631381419884,gR5s°m@,anti_homophones
35426,1,2,0,7,3,-6.9336006121291796,6.9336006121291796,epEktyR,anti_homophones
35427,1,0,0,7,3,-6.991114530920777,6.991114530920777,meditiR,anti_homophones
35428,1,0,0,8,4,-8.990027379790366,8.990027379790366,gosil5go,anti_homophones
35429,1,0,0,6,3,-5.478678575405072,5.478678575405072,otop9R,anti_homophones
35430,1,0,0,8,3,-7.85325643680491,7.85325643680491,sOsjaniG,anti_homophones
35431,1,13,0,5,3,-5.213499706182253,5.213499706182253,@aRde,anti_homophones
35432,1,0,0,6,3,-6.097786599555175,6.097786599555175,ne@tiR,anti_homophones
35433,1,0,0,7,3,-6.153183528611981,6.153183528611981,sijonEl,anti_homophones
35434,1,2,0,6,3,-5.555760572161931,5.555760572161931,l@guR2,anti_homophones
35435,1,2,0,7,3,-6.1574774657801585,6.1574774657801585,ftalize,anti_homophones
35436,1,0,0,6,3,-7.650591461756753,7.650591461756753,egaRna,anti_homophones
35437,1,0,0,9,3,-6.8744792809281705,6.8744792809281705,Egz@platR,anti_homophones
35438,1,0,0,9,3,-8.703998335088013,8.703998335088013,metaksjal,anti_homophones
35439,1,1,0,6,3,-6.488234322915676,6.488234322915676,5deplo,anti_homophones
35440,1,4,0,5,3,-5.2709681747843335,5.2709681747843335,@domi,anti_homophones
35441,1,0,0,8,3,-7.269179573705369,7.269179573705369,debRavER,anti_homophones
35442,1,0,0,7,3,-6.07199786758582,6.07199786758582,pRodoRe,anti_homophones
35443,1,0,0,10,4,-9.12807449633842,9.12807449633842,takolipsj§,anti_homophones
35444,1,0,0,9,3,-8.284494158873487,8.284494158873487,mERling9R,anti_homophones
35445,1,0,0,7,3,-7.030703506698286,7.030703506698286,diZeRwa,anti_homophones
35446,1,1,0,7,3,-6.391175536717616,6.391175536717616,k§sjEl2,anti_homophones
35447,1,3,0,9,4,-6.489608943760255,6.489608943760255,s@tabl°m@,anti_homophones
35448,1,0,0,7,3,-8.61406406103302,8.61406406103302,pilakRe,anti_homophones
35449,1,0,0,11,4,-8.315159210364486,8.315159210364486,kolysifjabl,anti_homophones
35450,1,6,0,6,3,-5.434828842534096,5.434828842534096,des°m@,anti_homophones
35451,1,0,0,8,3,-7.1363606120590255,7.1363606120590255,ORt8ozit,anti_homophones
35452,1,0,0,6,3,-5.581734384155101,5.581734384155101,n§Sal@,anti_homophones
35453,1,0,0,9,3,-6.58617844841382,6.58617844841382,pRevwaj@s,anti_homophones
35454,1,0,0,9,3,-7.9882485468575934,7.9882485468575934,5k§spEktR,anti_homophones
35455,1,3,0,6,3,-5.750101492238376,5.750101492238376,k§fine,anti_homophones
35456,1,1,0,7,3,-6.329790173048734,6.329790173048734,fORmone,anti_homophones
35457,1,0,0,7,3,-7.048486927150962,7.048486927150962,piNonEt,anti_homophones
35458,1,1,0,6,3,-6.130575707487016,6.130575707487016,R°f@d@,anti_homophones
35459,1,0,0,9,4,-11.443198428121388,11.443198428121388,ekok8itis,anti_homophones
35460,1,11,0,6,3,-5.391160133816561,5.391160133816561,lit°m@,anti_homophones
35461,1,1,0,9,4,-7.8421730781218635,7.8421730781218635,Raklisite,anti_homophones
35462,1,0,0,7,3,-6.163107632964164,6.163107632964164,dekalaZ,anti_homophones
35463,1,0,0,9,3,-9.368440313272423,9.368440313272423,telespaRk,anti_homophones
35464,1,0,0,9,4,-9.628689855457733,9.628689855457733,ligatopEt,anti_homophones
35465,1,0,0,8,4,-6.280131425773423,6.280131425773423,pynilite,anti_homophones
35466,1,0,0,9,3,-6.633131607944702,6.633131607944702,pRekytabl,anti_homophones
35467,1,0,0,8,4,-7.482637579682351,7.482637579682351,monos@t@,anti_homophones
35468,1,0,0,8,4,-6.631413100235182,6.631413100235182,fasil°m@,anti_homophones
35469,1,1,0,6,3,-5.89380113776613,5.89380113776613,papase,anti_homophones
35470,1,0,0,8,4,-7.892275331937679,7.892275331937679,ipotaRto,anti_homophones
35471,1,0,0,11,4,-8.39714603222766,8.39714603222766,syRfameRist,anti_homophones
35472,1,0,0,8,4,-7.651156987538983,7.651156987538983,amaRm°ne,anti_homophones
35473,1,0,0,9,4,-7.8952743556732115,7.8952743556732115,globilit5,anti_homophones
35474,1,0,0,6,3,-7.142723104013436,7.142723104013436,kasuvi,anti_homophones
35475,1,0,0,10,3,-7.488923353260171,7.488923353260171,sosjatRist,anti_homophones
35476,1,0,0,8,4,-7.894338893976169,7.894338893976169,paRaliko,anti_homophones
35477,1,1,0,7,3,-6.245518534423768,6.245518534423768,im8able,anti_homophones
35478,1,1,0,7,3,-6.023248660334601,6.023248660334601,vuvRije,anti_homophones
35479,1,0,0,8,3,-6.971866577786227,6.971866577786227,bwibwam@,anti_homophones
35480,1,0,0,8,4,-8.513179526825441,8.513179526825441,5posEnEt,anti_homophones
35481,1,0,0,7,3,-5.770963181933041,5.770963181933041,kom@dal,anti_homophones
35482,1,1,0,8,3,-6.529534083567524,6.529534083567524,deRutabl,anti_homophones
35483,1,2,0,7,3,-6.264901363393468,6.264901363393468,ymanjER,anti_homophones
35484,1,0,0,8,3,-6.442081454131528,6.442081454131528,selevist,anti_homophones
35485,1,1,0,5,3,-5.215982560898406,5.215982560898406,epuza,anti_homophones
35486,1,5,0,6,3,-5.211351574501753,5.211351574501753,komine,anti_homophones
35487,1,0,0,8,3,-7.144163031306936,7.144163031306936,aksisabl,anti_homophones
35488,1,0,0,9,4,-10.087980143845646,10.087980143845646,n2RozEj@s,anti_homophones
35489,1,0,0,9,3,-7.785005928419087,7.785005928419087,slovERtyR,anti_homophones
35490,1,0,0,11,4,-7.413273183922364,7.413273183922364,elEks8alizm,anti_homophones
35491,1,0,0,8,4,-5.291993445313652,5.291993445313652,k§tEn°m@,anti_homophones
35492,1,0,0,8,3,-9.670235627658743,9.670235627658743,gROt§baR,anti_homophones
35493,1,1,0,7,3,-6.5653252766178065,6.5653252766178065,tERv°ny,anti_homophones
35494,1,1,0,7,3,-5.318111249383313,5.318111249383313,5vEstj§,anti_homophones
35495,1,0,0,6,3,-5.53215545415367,5.53215545415367,metafi,anti_homophones
35496,1,0,0,8,4,-7.813902285136639,7.813902285136639,melosam@,anti_homophones
35497,1,0,0,9,4,-6.427107831346377,6.427107831346377,d§Z8alite,anti_homophones
35498,1,0,0,11,4,-9.601213459382484,9.601213459382484,systRiplije,anti_homophones
35499,1,0,0,10,4,-9.972203257547891,9.972203257547891,baRbOskupe,anti_homophones
35500,1,0,0,8,4,-7.482629749374449,7.482629749374449,sinomani,anti_homophones
35501,1,2,0,6,3,-5.679303002221147,5.679303002221147,t@buSe,anti_homophones
35502,1,0,0,7,3,-8.410724149209777,8.410724149209777,fimozis,anti_homophones
35503,1,0,0,10,3,-10.65000270098441,10.65000270098441,glodRognat,anti_homophones
35504,1,0,0,8,4,-8.43285798567191,8.43285798567191,deSaR§de,anti_homophones
35505,1,0,0,11,3,-9.257882182580154,9.257882182580154,flEkstRopin,anti_homophones
35506,1,0,0,8,4,-6.709224738661951,6.709224738661951,v@dij°m@,anti_homophones
35507,1,0,0,9,4,-5.958840778794954,5.958840778794954,tR@koloZi,anti_homophones
35508,1,1,0,8,4,-5.436989497041966,5.436989497041966,nybilite,anti_homophones
35509,1,1,0,8,4,-6.975276298683341,6.975276298683341,dekit°m@,anti_homophones
35510,1,0,0,6,3,-7.304257834965241,7.304257834965241,aktOni,anti_homophones
35511,1,0,0,7,4,-8.047594416238706,8.047594416238706,enalike,anti_homophones
35512,1,0,0,8,3,-6.892197343351755,6.892197343351755,pudRatif,anti_homophones
35513,1,0,0,7,3,-7.704176590166535,7.704176590166535,RotaRd§,anti_homophones
35514,1,0,0,12,4,-10.503710885825456,10.503710885825456,kanogREstjOl,anti_homophones
35515,1,0,0,9,4,-8.294569083460825,8.294569083460825,odaksasj§,anti_homophones
35516,1,0,0,7,3,-6.8213715444355865,6.8213715444355865,l°vRoN§,anti_homophones
35517,1,0,0,11,3,-8.020670666275882,8.020670666275882,pRogRafRist,anti_homophones
35518,1,1,0,8,3,-5.570775875587964,5.570775875587964,gRegl°m@,anti_homophones
35519,1,0,0,10,4,-8.961871207357653,8.961871207357653,klapidikal,anti_homophones
35520,1,2,0,6,3,-5.4331724743177965,5.4331724743177965,dekana,anti_homophones
35521,1,0,0,8,3,-6.265545081173226,6.265545081173226,pl@tR°m@,anti_homophones
35522,1,1,0,5,3,-6.6531726461613925,6.6531726461613925,@myRa,anti_homophones
35523,1,0,0,8,4,-8.353325243449197,8.353325243449197,@tiEst§p,anti_homophones
35524,1,0,0,6,3,-7.954650445691387,7.954650445691387,tiRity,anti_homophones
35525,1,9,0,5,3,-4.897730935164745,4.897730935164745,epit@,anti_homophones
35526,1,0,0,7,3,-8.801428180346802,8.801428180346802,aRgR@Za,anti_homophones
35527,1,0,0,8,3,-7.788445152435103,7.788445152435103,peleRjOm,anti_homophones
35528,1,3,0,6,3,-4.8575525785099565,4.8575525785099565,fotone,anti_homophones
35529,1,0,0,9,4,-6.155909871237116,6.155909871237116,R°bwaz°m@,anti_homophones
35530,1,0,0,6,3,-5.657284957056722,5.657284957056722,inEsaZ,anti_homophones
35531,1,1,0,10,4,-5.616676084872335,5.616676084872335,s8alizasj§,anti_homophones
35532,1,0,0,8,3,-6.753240465821507,6.753240465821507,kOsmofit,anti_homophones
35533,1,2,0,7,3,-6.425452255209259,6.425452255209259,lykysj§,anti_homophones
35534,1,3,0,5,3,-7.917476327463576,7.917476327463576,5tem@,anti_homophones
35535,1,0,0,6,3,-5.71638548370306,5.71638548370306,peSe@s,anti_homophones
35536,1,0,0,7,3,-7.419661436499211,7.419661436499211,vwaRine,anti_homophones
35537,1,0,0,8,4,-7.257681692119483,7.257681692119483,d°v@dite,anti_homophones
35538,1,0,0,11,4,-12.573861838713228,12.573861838713228,lORsikOlklo,anti_homophones
35539,1,0,0,10,4,-8.949696688780966,8.949696688780966,legosj@t9R,anti_homophones
35540,1,0,0,10,4,-7.971158859897784,7.971158859897784,telekoRizm,anti_homophones
35541,1,0,0,10,4,-12.234616579398883,12.234616579398883,sybseifORt,anti_homophones
35542,1,0,0,8,3,-7.886706930106092,7.886706930106092,R°k§kyst,anti_homophones
35543,1,0,0,6,3,-8.31983527389666,8.31983527389666,Rij§fe,anti_homophones
35544,1,0,0,8,3,-7.276223660521744,7.276223660521744,disZ§kas,anti_homophones
35545,1,0,0,6,3,-6.584184948182895,6.584184948182895,Re@bal,anti_homophones
35546,1,0,0,5,3,-5.187711449186678,5.187711449186678,eS°l§,anti_homophones
35547,1,0,0,9,4,-7.820855813325155,7.820855813325155,depaRazaZ,anti_homophones
35548,1,1,0,7,3,-7.156482463473899,7.156482463473899,natwaRo,anti_homophones
35549,1,1,0,6,3,-7.353540478921302,7.353540478921302,@bylEs,anti_homophones
35550,1,0,0,7,3,-6.149839331525282,6.149839331525282,Zibilik,anti_homophones
35551,1,0,0,8,3,-9.872247855077473,9.872247855077473,kutRiske,anti_homophones
35552,1,0,0,9,4,-5.697489413449099,5.697489413449099,aRSikasj§,anti_homophones
35553,1,2,0,7,3,-5.860005846555653,5.860005846555653,solytje,anti_homophones
35554,1,0,0,10,4,-9.622634135998833,9.622634135998833,tERmom°lje,anti_homophones
35555,1,0,0,13,4,-17.56314965378543,17.56314965378543,bastRswablim§,anti_homophones
35556,1,0,0,7,4,-7.607392387833411,7.607392387833411,elyl°ta,anti_homophones
35557,1,0,0,11,4,-9.096072722829653,9.096072722829653,seletRyksj§,anti_homophones
35558,1,0,0,8,4,-6.6620243080745665,6.6620243080745665,efR§tole,anti_homophones
35559,1,0,0,7,3,-6.088125316114841,6.088125316114841,pRofit@,anti_homophones
35560,1,0,0,8,4,-10.84839574578524,10.84839574578524,mus§dafe,anti_homophones
35561,1,0,0,9,4,-9.308408092036636,9.308408092036636,osaRk°REl,anti_homophones
35562,1,0,0,12,4,-9.637390325048118,9.637390325048118,tRimEksjonEl,anti_homophones
35563,1,0,0,9,4,-8.784450316229725,8.784450316229725,sosjanoma,anti_homophones
35564,1,0,0,8,3,-7.822084246207032,7.822084246207032,pedatwaR,anti_homophones
35565,1,0,0,13,3,-12.80862204678258,12.80862204678258,stREstpRod8El,anti_homophones
35566,1,0,0,7,3,-6.000780066367174,6.000780066367174,asERtik,anti_homophones
35567,1,0,0,6,3,-5.652585876004178,5.652585876004178,koabil,anti_homophones
35568,1,0,0,8,4,-8.071382695169634,8.071382695169634,dedikyl5,anti_homophones
35569,1,0,0,10,4,-9.524422466754837,9.524422466754837,sybRigolOk,anti_homophones
35570,1,0,0,6,3,-6.467130801212723,6.467130801212723,ERbana,anti_homophones
35571,1,2,0,5,3,-5.656076847218501,5.656076847218501,avage,anti_homophones
35572,1,3,0,7,3,-4.965336027504725,4.965336027504725,kliN°m@,anti_homophones
35573,1,0,0,9,4,-9.566805790177364,9.566805790177364,labukinOp,anti_homophones
35574,1,0,0,9,4,-7.490060044521327,7.490060044521327,piZeRat9R,anti_homophones
35575,1,0,0,8,3,-7.537767985954628,7.537767985954628,pERkomOd,anti_homophones
35576,1,0,0,8,3,-6.77967895538784,6.77967895538784,pRokinER,anti_homophones
35577,1,2,0,8,3,-5.78902931527879,5.78902931527879,doloZist,anti_homophones
35578,1,0,0,8,3,-7.9959924501734125,7.9959924501734125,vjol°taZ,anti_homophones
35579,1,1,0,6,3,-7.713459171949231,7.713459171949231,f@faz§,anti_homophones
35580,1,0,0,11,4,-10.346533387014901,10.346533387014901,syRnaminibl,anti_homophones
35581,1,2,0,7,3,-6.6346784749336285,6.6346784749336285,RiZinER,anti_homophones
35582,1,0,0,7,3,-9.689392614188389,9.689392614188389,ysitEkt,anti_homophones
35583,1,14,0,6,3,-4.6089415354995005,4.6089415354995005,Ralite,anti_homophones
35584,1,0,0,8,3,-6.234451239000043,6.234451239000043,kaRt°lje,anti_homophones
35585,1,12,0,7,3,-5.018833173557699,5.018833173557699,R@tasj§,anti_homophones
35586,1,2,0,6,3,-6.332912439120655,6.332912439120655,aRbyle,anti_homophones
35587,1,0,0,11,4,-8.663217582750066,8.663217582750066,pERfORmaste,anti_homophones
35588,1,8,0,7,3,-4.910200323661416,4.910200323661416,tyRasj§,anti_homophones
35589,1,1,0,7,4,-5.6350805840445455,5.6350805840445455,oZik°m@,anti_homophones
35590,1,0,0,12,4,-12.3729838614707,12.3729838614707,@kostREjsibl,anti_homophones
35591,1,1,0,7,3,-6.047375635889026,6.047375635889026,p@sat9R,anti_homophones
35592,1,0,0,8,4,-7.910467477269756,7.910467477269756,paRakaNa,anti_homophones
35593,1,0,0,9,4,-8.71215751494494,8.71215751494494,ORtezjonE,anti_homophones
35594,1,1,0,8,4,-4.750287832022748,4.750287832022748,mobilite,anti_homophones
35595,1,1,0,8,4,-5.265906476547924,5.265906476547924,5pytasj§,anti_homophones
35596,1,0,0,6,3,-7.240102865775479,7.240102865775479,byRidi,anti_homophones
35597,1,1,0,6,3,-5.810219446897111,5.810219446897111,tuRne5,anti_homophones
35598,1,0,0,10,4,-7.6776498070395025,7.6776498070395025,pOstemwaje,anti_homophones
35599,1,3,0,5,3,-5.804782549200243,5.804782549200243,emis@,anti_homophones
35600,1,4,0,6,3,-5.922305661801176,5.922305661801176,fasone,anti_homophones
35601,1,0,0,9,3,-8.24000134093143,8.24000134093143,k§plebRuf,anti_homophones
35602,1,0,0,9,4,-9.318523624221173,9.318523624221173,EmlOkasti,anti_homophones
35603,1,0,0,12,4,-11.415465810445497,11.415465810445497,kRokabRykt9R,anti_homophones
35604,1,0,0,8,3,-8.162612287035621,8.162612287035621,fiSismik,anti_homophones
35605,1,0,0,6,3,-6.448088829421342,6.448088829421342,palezi,anti_homophones
35606,1,0,0,9,4,-7.7185082836201895,7.7185082836201895,@tinEktif,anti_homophones
35607,1,10,0,7,3,-5.021946623875817,5.021946623875817,ekRasj§,anti_homophones
35608,1,0,0,6,3,-8.357190247999824,8.357190247999824,fERaj5,anti_homophones
35609,1,0,0,9,4,-8.544650035488928,8.544650035488928,Rak@tonik,anti_homophones
35610,1,0,0,8,3,-6.154564745501538,6.154564745501538,k§plisj5,anti_homophones
35611,1,1,0,7,3,-5.444912949298258,5.444912949298258,tSat°m@,anti_homophones
35612,1,0,0,9,3,-7.7251085843738245,7.7251085843738245,puRpwavRE,anti_homophones
35613,1,0,0,7,3,-6.685986598705702,6.685986598705702,devol@s,anti_homophones
35614,1,3,0,5,3,-5.30367996490077,5.30367996490077,akym@,anti_homophones
35615,1,1,0,6,3,-6.152168015623212,6.152168015623212,@teRiR,anti_homophones
35616,1,0,0,10,4,-9.025424941845461,9.025424941845461,5kRosatizm,anti_homophones
35617,1,0,0,10,4,-7.810122732624,7.810122732624,defEksEsj§,anti_homophones
35618,1,0,0,11,4,-10.956726205795725,10.956726205795725,falkylOmn@s,anti_homophones
35619,1,0,0,7,3,-7.8418621507927035,7.8418621507927035,5vERsta,anti_homophones
35620,1,0,0,9,4,-8.5009991313724,8.5009991313724,k§som@tEl,anti_homophones
35621,1,1,0,9,4,-7.48712010702832,7.48712010702832,palezasj§,anti_homophones
35622,1,2,0,8,4,-7.226371216097719,7.226371216097719,kabaRize,anti_homophones
35623,1,0,0,9,3,-7.382800842007445,7.382800842007445,Omnistabl,anti_homophones
35624,1,5,0,7,3,-6.411029884571101,6.411029884571101,smis°m@,anti_homophones
35625,1,1,0,9,4,-5.752457923445781,5.752457923445781,difikat9R,anti_homophones
35626,1,0,0,11,4,-8.275893969367626,8.275893969367626,kaRdiREktRi,anti_homophones
35627,1,0,0,8,3,-8.966858185776307,8.966858185776307,kORdit9l,anti_homophones
35628,1,0,0,6,3,-5.520242957508514,5.520242957508514,R°seRe,anti_homophones
35629,1,0,0,8,3,-7.119677676520168,7.119677676520168,klem@tER,anti_homophones
35630,1,0,0,7,3,-6.9734557892623625,6.9734557892623625,RekORny,anti_homophones
35631,1,0,0,7,3,-5.490319151174045,5.490319151174045,dREfyze,anti_homophones
35632,1,0,0,9,4,-9.909387883610675,9.909387883610675,RakudRen@,anti_homophones
35633,1,6,0,5,3,-4.970148856730342,4.970148856730342,ekole,anti_homophones
35634,1,0,0,6,3,-6.367496624058306,6.367496624058306,detati,anti_homophones
35635,1,0,0,9,4,-8.275835594530323,8.275835594530323,@kRetin@s,anti_homophones
35636,1,14,0,6,3,-5.690383822840668,5.690383822840668,kat°Ri,anti_homophones
35637,1,0,0,10,4,-8.1950211826276,8.1950211826276,pERsistoke,anti_homophones
35638,1,0,0,9,4,-8.633766899484339,8.633766899484339,vEspekyl2,anti_homophones
35639,1,0,0,8,3,-6.7219750346614155,6.7219750346614155,pleZjone,anti_homophones
35640,1,0,0,7,3,-7.708118415291102,7.708118415291102,bisatyR,anti_homophones
35641,1,1,0,7,3,-7.14519359734031,7.14519359734031,fekaRje,anti_homophones
35642,1,0,0,9,4,-7.2489177469573045,7.2489177469573045,patolonEl,anti_homophones
35643,1,5,0,7,3,-5.114045108785853,5.114045108785853,divasj§,anti_homophones
35644,1,0,0,8,3,-5.9858094410799305,5.9858094410799305,k§plenik,anti_homophones
35645,1,0,0,9,4,-9.34130267904029,9.34130267904029,syplisama,anti_homophones
35646,1,0,0,8,4,-6.734492003516534,6.734492003516534,@kOS°taZ,anti_homophones
35647,1,0,0,9,4,-7.328246280914618,7.328246280914618,otokRaSje,anti_homophones
35648,1,0,0,6,3,-6.934331138381158,6.934331138381158,fobuRE,anti_homophones
35649,1,0,0,6,3,-6.5855862873946425,6.5855862873946425,Redane,anti_homophones
35650,1,0,0,9,4,-8.391148415613596,8.391148415613596,Zibyskyte,anti_homophones
35651,1,1,0,7,3,-6.063269539585135,6.063269539585135,nymefj@,anti_homophones
35652,1,3,0,6,3,-5.085687565568714,5.085687565568714,faj°m@,anti_homophones
35653,1,0,0,7,3,-6.246823402258558,6.246823402258558,demjole,anti_homophones
35654,1,0,0,8,3,-7.795089991868052,7.795089991868052,sin85dol,anti_homophones
35655,1,2,0,7,3,-5.914781264900343,5.914781264900343,R@kasj§,anti_homophones
35656,1,1,0,6,3,-5.743126305518006,5.743126305518006,R2bObi,anti_homophones
35657,1,0,0,6,3,-6.983246479701432,6.983246479701432,ymoRas,anti_homophones
35658,1,0,0,9,4,-6.297427399786847,6.297427399786847,dep5gl°m@,anti_homophones
35659,1,0,0,10,4,-8.664316943491835,8.664316943491835,ORkEstoRje,anti_homophones
35660,1,0,0,8,4,-7.461676635789443,7.461676635789443,@g§s°vaZ,anti_homophones
35661,1,2,0,7,3,-7.02219727215234,7.02219727215234,2RoskOp,anti_homophones
35662,1,0,0,8,3,-6.849653473557008,6.849653473557008,RasitwaR,anti_homophones
35663,1,10,0,6,4,-5.244789800375214,5.244789800375214,ais°m@,anti_homophones
35664,1,0,0,9,4,-7.632098571014631,7.632098571014631,tenofisj§,anti_homophones
35665,1,0,0,10,4,-8.05148507939914,8.05148507939914,poSabilizm,anti_homophones
35666,1,0,0,9,4,-9.623237455605235,9.623237455605235,monjotiR@,anti_homophones
35667,1,0,0,8,3,-7.2461883906277125,7.2461883906277125,tuRbit8@,anti_homophones
35668,1,0,0,8,4,-7.062838043355603,7.062838043355603,debiSOfe,anti_homophones
35669,1,3,0,5,3,-5.862472354910324,5.862472354910324,elave,anti_homophones
35670,1,0,0,9,4,-8.884019861801093,8.884019861801093,sERnaliN§,anti_homophones
35671,1,0,0,7,3,-6.645402919256234,6.645402919256234,kajaRde,anti_homophones
35672,1,4,0,8,4,-5.193944849829813,5.193944849829813,evizasj§,anti_homophones
35673,1,0,0,8,4,-6.756811768348415,6.756811768348415,maatmode,anti_homophones
35674,1,0,0,7,3,-6.890437142537726,6.890437142537726,5susj@t,anti_homophones
35675,1,0,0,10,4,-10.79935721288824,10.79935721288824,@pReZ@tabl,anti_homophones
35676,1,0,0,8,4,-9.63441958106766,9.63441958106766,epotabiS,anti_homophones
35677,1,0,0,9,3,-5.207820079994581,5.207820079994581,tR@sfyzj§,anti_homophones
35678,1,0,0,7,3,-6.549194706517283,6.549194706517283,tROpoze,anti_homophones
35679,1,2,0,5,3,-6.0359962989023765,6.0359962989023765,ekym2,anti_homophones
35680,1,0,0,7,3,-6.182018745587462,6.182018745587462,k§kOsme,anti_homophones
35681,1,0,0,10,4,-8.486941993039418,8.486941993039418,kok§diskOp,anti_homophones
35682,1,0,0,9,4,-6.309158176088989,6.309158176088989,k§t@sjone,anti_homophones
35683,1,1,0,7,3,-6.937507035103863,6.937507035103863,ymajabl,anti_homophones
35684,1,2,0,6,3,-5.812639488145097,5.812639488145097,sed@ti,anti_homophones
35685,1,0,0,8,3,-5.8119245247116025,5.8119245247116025,k§vwajaZ,anti_homophones
35686,1,0,0,8,4,-7.545486827394234,7.545486827394234,bifikaZe,anti_homophones
35687,1,0,0,7,3,-7.200005827719725,7.200005827719725,senomEn,anti_homophones
35688,1,0,0,8,4,-8.88503599394759,8.88503599394759,fetisini,anti_homophones
35689,1,8,0,4,3,-5.043712681754465,5.043712681754465,obei,anti_homophones
35690,1,1,0,8,4,-6.075393970802069,6.075393970802069,komin°m@,anti_homophones
35691,1,1,0,7,3,-5.7061602618691065,5.7061602618691065,sOsjonE,anti_homophones
35692,1,0,0,8,4,-8.684670950664874,8.684670950664874,afaRij@s,anti_homophones
35693,1,0,0,8,3,-7.790603942282408,7.790603942282408,skwafyt§,anti_homophones
35694,1,3,0,6,3,-5.517651066384877,5.517651066384877,et@d@s,anti_homophones
35695,1,0,0,7,3,-6.112669509081352,6.112669509081352,k§vERNa,anti_homophones
35696,1,0,0,7,3,-7.3824880124148216,7.3824880124148216,guliste,anti_homophones
35697,1,0,0,6,3,-8.553047593086154,8.553047593086154,povok@,anti_homophones
35698,1,0,0,7,3,-7.8018987667500035,7.8018987667500035,RamizOl,anti_homophones
35699,1,0,0,6,3,-9.038872520207143,9.038872520207143,vipon@,anti_homophones
35700,1,1,0,7,3,-6.395362299410348,6.395362299410348,detERve,anti_homophones
35701,1,0,0,7,4,-7.471199739603819,7.471199739603819,5gylas@,anti_homophones
35702,1,0,0,9,3,-7.143736439156606,7.143736439156606,bRidiksj§,anti_homophones
35703,1,1,0,6,3,-6.580556791911646,6.580556791911646,vigad5,anti_homophones
35704,1,7,0,6,3,-4.884769461622247,4.884769461622247,kom@te,anti_homophones
35705,1,12,0,6,3,-5.05571745576052,5.05571745576052,k@t°m@,anti_homophones
35706,1,0,0,6,3,-5.92605363386234,5.92605363386234,Opt@te,anti_homophones
35707,1,0,0,7,4,-7.477097677174863,7.477097677174863,ekolikE,anti_homophones
35708,1,0,0,9,4,-6.081396833172925,6.081396833172925,baRbOn°Ri,anti_homophones
35709,1,0,0,8,4,-10.225011388968744,10.225011388968744,kaoliks5,anti_homophones
35710,1,2,0,7,3,-6.403293876486142,6.403293876486142,RepaRat,anti_homophones
35711,1,0,0,6,3,-5.940091506302031,5.940091506302031,otodiz,anti_homophones
35712,1,0,0,7,3,-7.674853605670956,7.674853605670956,gl@t°RE,anti_homophones
35713,1,0,0,6,3,-6.47002718955912,6.47002718955912,baj°RE,anti_homophones
35714,1,0,0,9,3,-9.472564016872665,9.472564016872665,svERtedR5,anti_homophones
35715,1,0,0,8,3,-6.504950809266141,6.504950809266141,mERs°l9R,anti_homophones
35716,1,0,0,7,4,-6.8480888264263795,6.8480888264263795,otopyl2,anti_homophones
35717,1,3,0,5,3,-5.064522165281175,5.064522165281175,izote,anti_homophones
35718,1,0,0,9,4,-7.613297915756771,7.613297915756771,ak§d8itje,anti_homophones
35719,1,0,0,10,3,-8.771994854219026,8.771994854219026,flagRanjOm,anti_homophones
35720,1,0,0,8,3,-7.604757388821348,7.604757388821348,pep5glEz,anti_homophones
35721,1,0,0,11,4,-11.07349930706126,11.07349930706126,RodERmjOksi,anti_homophones
35722,1,1,0,8,4,-5.850020086037723,5.850020086037723,bibil°m@,anti_homophones
35723,1,0,0,8,3,-7.914030875565759,7.914030875565759,p@pRwas@,anti_homophones
35724,1,0,0,10,4,-11.050950228702524,11.050950228702524,skotipERne,anti_homophones
35725,1,0,0,9,4,-10.196594596647936,10.196594596647936,ReOtERtil,anti_homophones
35726,1,1,0,8,3,-7.139171826767778,7.139171826767778,pRakolOg,anti_homophones
35727,1,0,0,6,3,-7.660101133831174,7.660101133831174,eflij§,anti_homophones
35728,1,0,0,12,4,-10.405525759574509,10.405525759574509,k85disp@sabl,anti_homophones
35729,1,0,0,9,3,-7.764042521634153,7.764042521634153,pRezigzak,anti_homophones
35730,1,0,0,9,4,-8.531535059723224,8.531535059723224,asfodetER,anti_homophones
35731,1,0,0,7,3,-6.885716136201178,6.885716136201178,mytatyR,anti_homophones
35732,1,0,0,8,3,-8.31654370022391,8.31654370022391,klik@daZ,anti_homophones
35733,1,3,0,6,3,-5.48580496334779,5.48580496334779,dekolo,anti_homophones
35734,1,0,0,7,3,-7.446745914101308,7.446745914101308,R°pERdi,anti_homophones
35735,1,0,0,6,3,-8.262767653370663,8.262767653370663,s2mega,anti_homophones
35736,1,4,0,5,3,-5.990953240141637,5.990953240141637,@tiji,anti_homophones
35737,1,0,0,12,4,-12.700506756318532,12.700506756318532,pitRisp@spEk,anti_homophones
35738,1,1,0,7,3,-6.508344881730138,6.508344881730138,levit9R,anti_homophones
35739,1,0,0,5,3,-6.524339690564523,6.524339690564523,aZiti,anti_homophones
35740,1,1,0,6,3,-6.161431516381322,6.161431516381322,R§d°m5,anti_homophones
35741,1,0,0,7,4,-7.4531571262956415,7.4531571262956415,Reatik@,anti_homophones
35742,1,1,0,8,3,-6.430562449669155,6.430562449669155,syRplije,anti_homophones
35743,1,0,0,8,4,-9.49507013252937,9.49507013252937,evERpiN§,anti_homophones
35744,1,2,0,6,3,-6.6773155069571315,6.6773155069571315,tineER,anti_homophones
35745,1,0,0,8,3,-7.748618996046508,7.748618996046508,@tRipsje,anti_homophones
35746,1,0,0,8,3,-7.524854219114052,7.524854219114052,gR@sEN9R,anti_homophones
35747,1,0,0,10,4,-8.745133932598874,8.745133932598874,dekaRgulOt,anti_homophones
35748,1,2,0,7,3,-6.796671101224611,6.796671101224611,RekaRje,anti_homophones
35749,1,0,0,8,4,-12.41074142718333,12.41074142718333,v°d§dySe,anti_homophones
35750,1,0,0,7,3,-6.1683150995757785,6.1683150995757785,palmyde,anti_homophones
35751,1,0,0,7,3,-8.263460086397295,8.263460086397295,ZovaRja,anti_homophones
35752,1,0,0,9,4,-6.353479060147552,6.353479060147552,paRabl°Ri,anti_homophones
35753,1,0,0,8,3,-6.5566523943489425,6.5566523943489425,R°pRopOR,anti_homophones
35754,1,1,0,8,3,-7.232626985897639,7.232626985897639,koRyksj§,anti_homophones
35755,1,0,0,10,4,-9.788051425904793,9.788051425904793,SaRZolERje,anti_homophones
35756,1,1,0,8,3,-6.930266640914759,6.930266640914759,pREv°nij,anti_homophones
35757,1,0,0,6,3,-6.162249275707964,6.162249275707964,salaf§,anti_homophones
35758,1,1,0,8,4,-5.63234789678404,5.63234789678404,aRjal°m@,anti_homophones
35759,1,0,0,11,4,-11.709629962180722,11.709629962180722,nOktRifolaR,anti_homophones
35760,1,0,0,9,3,-6.546313698332424,6.546313698332424,faksjonaZ,anti_homophones
35761,1,12,0,5,3,-5.364292046564619,5.364292046564619,awaje,anti_homophones
35762,1,0,0,7,3,-7.187243518638165,7.187243518638165,vokaRge,anti_homophones
35763,1,1,0,7,3,-7.608227085456286,7.608227085456286,R°kolOZ,anti_homophones
35764,1,0,0,8,4,-6.833522176258017,6.833522176258017,komonote,anti_homophones
35765,1,2,0,6,3,-5.243726585635701,5.243726585635701,ReyniR,anti_homophones
35766,1,1,0,6,3,-5.427972078267392,5.427972078267392,yg°niR,anti_homophones
35767,1,1,0,6,3,-7.121568702411607,7.121568702411607,5dolEn,anti_homophones
35768,1,0,0,8,3,-6.070523291994505,6.070523291994505,plasjonE,anti_homophones
35769,1,0,0,9,3,-11.376910648848861,11.376910648848861,aRagwERtR,anti_homophones
35770,1,0,0,10,4,-9.805282147676124,9.805282147676124,nyklebisim,anti_homophones
35771,1,10,1,6,3,-4.431278041527878,4.431278041527878,tER°m@,anti_homophones
35772,1,0,0,7,3,-6.834786639747135,6.834786639747135,kaRliNe,anti_homophones
35773,1,0,0,9,4,-9.230850983699119,9.230850983699119,t@dR2R2ze,anti_homophones
35774,1,0,0,7,3,-7.871607643039431,7.871607643039431,5fRapOR,anti_homophones
35775,1,0,0,9,4,-8.547600560436862,8.547600560436862,tERpat°m@,anti_homophones
35776,1,0,0,9,4,-6.4781391447153025,6.4781391447153025,alkyltyRe,anti_homophones
35777,1,0,0,7,3,-6.979086212736331,6.979086212736331,ekyltiR,anti_homophones
35778,1,0,0,7,3,-8.183400060856656,8.183400060856656,m2l2atR,anti_homophones
35779,1,0,0,8,3,-8.016555083116911,8.016555083116911,fR@sEs9R,anti_homophones
35780,1,0,0,9,4,-10.740516904482904,10.740516904482904,abRagEjaR,anti_homophones
35781,1,0,0,7,3,-7.325870794294053,7.325870794294053,s°kuRt2,anti_homophones
35782,1,2,0,7,4,-6.0949749019003825,6.0949749019003825,@REjone,anti_homophones
35783,1,0,0,7,3,-7.17366094928884,7.17366094928884,at@tRaZ,anti_homophones
35784,1,0,0,6,3,-5.752375623996735,5.752375623996735,RyS°Ri,anti_homophones
35785,1,0,0,6,3,-6.848382658315034,6.848382658315034,lim°Ro,anti_homophones
35786,1,0,0,10,4,-8.201995115591494,8.201995115591494,k§keRifj@s,anti_homophones
35787,1,0,0,8,3,-9.540750158184757,9.540750158184757,t5tRakse,anti_homophones
35788,1,0,0,7,4,-6.528137620833879,6.528137620833879,5kybine,anti_homophones
35789,1,0,0,8,3,-6.477175840150334,6.477175840150334,laRmat9R,anti_homophones
35790,1,0,0,7,3,-6.6763543219152695,6.6763543219152695,m@djete,anti_homophones
35791,1,0,0,7,4,-7.929523837602835,7.929523837602835,inolid§,anti_homophones
35792,1,4,0,6,3,-5.117893214232026,5.117893214232026,k§syle,anti_homophones
35793,1,0,0,9,4,-8.420961787748926,8.420961787748926,RemoRiz9R,anti_homophones
35794,1,0,0,8,4,-8.136577428140024,8.136577428140024,kanam@t5,anti_homophones
35795,1,0,0,7,3,-8.788167792162769,8.788167792162769,t5taRt§,anti_homophones
35796,1,1,0,6,3,-6.419036841018427,6.419036841018427,maReid,anti_homophones
35797,1,0,0,9,4,-6.185415852919565,6.185415852919565,speRal°m@,anti_homophones
35798,1,0,0,10,4,-9.019579199873032,9.019579199873032,EspeRaldiG,anti_homophones
35799,1,0,0,10,4,-10.588173085818838,10.588173085818838,tR@zymyl§Z,anti_homophones
35800,1,0,0,8,3,-9.320568025491578,9.320568025491578,livR@sik,anti_homophones
35801,1,3,0,5,3,-5.800062298440727,5.800062298440727,@dige,anti_homophones
35802,1,0,0,8,4,-8.312102811621537,8.312102811621537,egutijEl,anti_homophones
35803,1,0,0,10,4,-7.897348809562039,7.897348809562039,R°platikyl,anti_homophones
35804,1,0,0,9,4,-6.416843656281544,6.416843656281544,kymyltyRe,anti_homophones
35805,1,0,1,7,3,-5.542536670644234,5.542536670644234,fRiS°te,anti_homophones
35806,1,1,0,8,3,-5.63412178875528,5.63412178875528,k§fEksj§,anti_homophones
35807,1,1,0,10,4,-6.945361462876734,6.945361462876734,twajabl°m@,anti_homophones
35808,1,1,0,6,3,-6.18496990345716,6.18496990345716,odafne,anti_homophones
35809,1,0,0,6,3,-5.863448388444439,5.863448388444439,@lymje,anti_homophones
35810,1,0,0,8,3,-6.514247354924124,6.514247354924124,debasabl,anti_homophones
35811,1,0,0,6,3,-6.590123232522077,6.590123232522077,filik5,anti_homophones
35812,1,0,0,9,4,-10.274788742950424,10.274788742950424,ZOanitREs,anti_homophones
35813,1,0,0,10,4,-9.325796782501639,9.325796782501639,bisemigRat,anti_homophones
35814,1,0,0,6,3,-6.3764929305718825,6.3764929305718825,eRalje,anti_homophones
35815,1,1,0,7,3,-5.250999904401695,5.250999904401695,tRijone,anti_homophones
35816,1,0,0,8,4,-9.873701708484159,9.873701708484159,mamisidy,anti_homophones
35817,1,0,0,7,3,-6.481434239220889,6.481434239220889,ateRjER,anti_homophones
35818,1,2,0,5,3,-5.5592517014178195,5.5592517014178195,5def@,anti_homophones
35819,1,0,0,7,3,-6.911206600428854,6.911206600428854,peneREz,anti_homophones
35820,1,0,0,7,4,-7.602582926871959,7.602582926871959,gOesiz5,anti_homophones
35821,1,0,0,7,3,-6.599259380496792,6.599259380496792,RegalOp,anti_homophones
35822,1,0,0,7,3,-7.808304933159526,7.808304933159526,sepusti,anti_homophones
35823,1,1,0,6,3,-6.225736519125078,6.225736519125078,k@paNe,anti_homophones
35824,1,0,0,7,3,-8.368713186426074,8.368713186426074,mOnybje,anti_homophones
35825,1,0,0,9,4,-9.448235172780306,9.448235172780306,Rim@talip,anti_homophones
35826,1,0,0,9,4,-7.553456059149974,7.553456059149974,dekopRize,anti_homophones
35827,1,0,0,10,4,-11.55684780607922,11.55684780607922,s@gl2tR§b5,anti_homophones
35828,1,3,0,6,3,-4.988122635749593,4.988122635749593,egat9R,anti_homophones
35829,1,1,0,6,3,-7.916444854575717,7.916444854575717,epERd5,anti_homophones
35830,1,0,0,9,4,-7.136549454205308,7.136549454205308,@fERmisj§,anti_homophones
35831,1,0,0,10,4,-9.463657112308482,9.463657112308482,atR°mORsj§,anti_homophones
35832,1,0,0,7,3,-7.406405056604506,7.406405056604506,SatRis§,anti_homophones
35833,1,0,0,8,4,-8.568142619770606,8.568142619770606,dilymil@,anti_homophones
35834,1,0,0,6,3,-6.64908211660863,6.64908211660863,5demin,anti_homophones
35835,1,0,0,10,4,-8.444238873557667,8.444238873557667,mateRomEtR,anti_homophones
35836,1,2,0,8,3,-6.192540148943887,6.192540148943887,valjasj§,anti_homophones
35837,1,0,0,9,4,-6.205956913894052,6.205956913894052,mezkal°m@,anti_homophones
35838,1,0,0,9,4,-8.104763935586307,8.104763935586307,iREktilaZ,anti_homophones
35839,1,0,0,7,3,-6.563089991416447,6.563089991416447,@f8ij9R,anti_homophones
35840,1,0,0,7,3,-9.040138108556919,9.040138108556919,adEpsid,anti_homophones
35841,1,0,0,8,3,-7.305345985579019,7.305345985579019,linEkdEn,anti_homophones
35842,1,0,0,7,3,-6.4040458038704475,6.4040458038704475,@b§pw5t,anti_homophones
35843,1,0,0,9,4,-8.48931061497152,8.48931061497152,libRom@d@,anti_homophones
35844,1,0,0,6,3,-5.845264737971585,5.845264737971585,5dybil,anti_homophones
35845,1,0,0,8,4,-6.7451870636751705,6.7451870636751705,miNOt°Ri,anti_homophones
35846,1,0,0,9,4,-7.502805243266256,7.502805243266256,k§kuRwaje,anti_homophones
35847,1,0,0,10,4,-9.583174925166896,9.583174925166896,Satwalenil,anti_homophones
35848,1,0,0,10,4,-9.819644723229016,9.819644723229016,sploRypyt5,anti_homophones
35849,1,0,0,10,4,-9.246712503756916,9.246712503756916,takadRidj5,anti_homophones
35850,1,2,0,7,3,-5.9952077034466855,5.9952077034466855,amyltyR,anti_homophones
35851,1,0,0,6,3,-6.2537307176116865,6.2537307176116865,kaSuja,anti_homophones
35852,1,0,0,9,4,-9.43639112129216,9.43639112129216,ORfin@tEt,anti_homophones
35853,1,0,0,11,4,-7.555231175575143,7.555231175575143,balbyglasj§,anti_homophones
35854,1,0,0,9,3,-7.324861219713722,7.324861219713722,kakaRtizm,anti_homophones
35855,1,0,0,8,3,-7.180451882123031,7.180451882123031,pOstmome,anti_homophones
35856,1,4,0,5,3,-5.855370358917853,5.855370358917853,odis@,anti_homophones
35857,1,0,0,10,4,-7.739962033608645,7.739962033608645,dElk°fwaje,anti_homophones
35858,1,1,0,6,3,-6.171140815839054,6.171140815839054,@sERvi,anti_homophones
35859,1,0,0,7,3,-6.495495758841571,6.495495758841571,spaside,anti_homophones
35860,1,0,0,11,4,-9.643461682870706,9.643461682870706,bataRistRaZ,anti_homophones
35861,1,0,0,8,3,-7.045747529133882,7.045747529133882,meRilizm,anti_homophones
35862,1,0,0,9,4,-11.4001626988643,11.4001626988643,gzemosijo,anti_homophones
35863,1,0,0,8,4,-8.051902663837005,8.051902663837005,amORl5ge,anti_homophones
35864,1,0,0,8,3,-10.737137896003743,10.737137896003743,w5tERajv,anti_homophones
35865,1,0,0,8,3,-8.648540507353598,8.648540507353598,R°klas5t,anti_homophones
35866,1,0,0,8,3,-8.042456499405745,8.042456499405745,banivERs,anti_homophones
35867,1,3,0,7,3,-5.276336677265835,5.276336677265835,@pwasj§,anti_homophones
35868,1,0,0,10,4,-8.85469915676392,8.85469915676392,diskadRama,anti_homophones
35869,1,0,0,8,3,-7.88892150375251,7.88892150375251,nigoljER,anti_homophones
35870,1,1,0,6,3,-5.638820538684876,5.638820538684876,R°liZe,anti_homophones
35871,1,2,0,6,3,-7.75228161910624,7.75228161910624,lanide,anti_homophones
35872,1,0,0,10,4,-7.496893216312133,7.496893216312133,maatmanist,anti_homophones
35873,1,0,0,8,3,-5.63385313652453,5.63385313652453,tEknisj§,anti_homophones
35874,1,0,0,7,3,-9.734733758595599,9.734733758595599,aRkl@S@,anti_homophones
35875,1,0,0,8,4,-5.772528625398003,5.772528625398003,esufl°m@,anti_homophones
35876,1,5,0,6,3,-5.570927149657433,5.570927149657433,oRatik,anti_homophones
35877,1,3,0,6,3,-5.471108909186877,5.471108909186877,meteRe,anti_homophones
35878,1,0,0,7,3,-8.387683609610818,8.387683609610818,ipedjyR,anti_homophones
35879,1,0,0,8,4,-8.79293187082505,8.79293187082505,akw5size,anti_homophones
35880,1,2,0,8,4,-5.4448046020408025,5.4448046020408025,@titysj§,anti_homophones
35881,1,0,0,9,4,-7.955012922495679,7.955012922495679,f2ZeneRER,anti_homophones
35882,1,0,0,8,4,-5.988777258926561,5.988777258926561,maNifyze,anti_homophones
35883,1,1,0,9,4,-5.92623840427773,5.92623840427773,batoloZik,anti_homophones
35884,1,0,0,6,3,-6.838627263839832,6.838627263839832,emaRk@,anti_homophones
35885,1,0,0,8,3,-8.580131354913885,8.580131354913885,egREktOm,anti_homophones
35886,1,0,0,7,3,-6.472360073541664,6.472360073541664,koS°miz,anti_homophones
35887,1,0,0,9,3,-10.234839695825196,10.234839695825196,djafRisjo,anti_homophones
35888,1,1,0,7,3,-6.555488392653194,6.555488392653194,etRonaZ,anti_homophones
35889,1,0,0,9,4,-8.57475055171662,8.57475055171662,R°deselyl,anti_homophones
35890,1,0,0,9,4,-7.647410317743506,7.647410317743506,Egzifikal,anti_homophones
35891,1,0,0,8,3,-7.2979835601118666,7.2979835601118666,kaptyp9R,anti_homophones
35892,1,0,0,7,3,-6.551130771832182,6.551130771832182,R°k§bje,anti_homophones
35893,1,0,0,9,4,-7.308263000120642,7.308263000120642,@d8iRat9R,anti_homophones
35894,1,0,0,10,4,-8.115618857593205,8.115618857593205,k§skRibuji,anti_homophones
35895,1,0,0,9,3,-6.660804174398296,6.660804174398296,apsylpabl,anti_homophones
35896,1,1,0,8,4,-5.138112552083776,5.138112552083776,syRal°m@,anti_homophones
35897,1,0,0,8,3,-7.062974232698481,7.062974232698481,kuRyRZik,anti_homophones
35898,1,0,0,7,3,-7.478010647376102,7.478010647376102,toman8E,anti_homophones
35899,1,0,0,9,3,-8.950259259317786,8.950259259317786,difastibl,anti_homophones
35900,1,1,0,7,3,-6.515536242010762,6.515536242010762,v@tRij§,anti_homophones
35901,1,0,0,9,4,-8.374386954466342,8.374386954466342,finitERnE,anti_homophones
35902,1,0,0,7,3,-8.459567120185776,8.459567120185776,divEtym,anti_homophones
35903,1,0,0,8,3,-7.607319541730899,7.607319541730899,galimist,anti_homophones
35904,1,0,0,7,3,-7.024713508997545,7.024713508997545,papEs9R,anti_homophones
35905,1,0,0,8,3,-7.238251472387599,7.238251472387599,myskeRiR,anti_homophones
35906,1,0,0,9,4,-8.069134908316082,8.069134908316082,p5talysj§,anti_homophones
35907,1,1,0,6,3,-7.210077817848825,7.210077817848825,edikta,anti_homophones
35908,1,4,0,6,3,-5.332680534833893,5.332680534833893,dezami,anti_homophones
35909,1,1,0,6,3,-7.420307660628742,7.420307660628742,det@Si,anti_homophones
35910,1,6,1,5,3,-4.860241115731975,4.860241115731975,ot°m@,anti_homophones
35911,1,1,0,9,4,-5.8030804759520445,5.8030804759520445,Silizasj§,anti_homophones
35912,1,0,0,11,4,-7.0704646400790745,7.0704646400790745,seks8etydje,anti_homophones
35913,1,0,0,7,3,-7.685327467748082,7.685327467748082,detaZEn,anti_homophones
35914,1,9,0,6,3,-4.629489271211942,4.629489271211942,mOl°m@,anti_homophones
35915,1,0,0,9,4,-6.55306230503457,6.55306230503457,nonykleER,anti_homophones
35916,1,1,1,7,3,-5.244115718094553,5.244115718094553,depuz9R,anti_homophones
35917,1,0,0,11,4,-10.025443842293695,10.025443842293695,bisyRp8eRiR,anti_homophones
35918,1,1,0,5,3,-6.509625890696072,6.509625890696072,odiZ@,anti_homophones
35919,1,1,0,8,4,-6.920325920204271,6.920325920204271,n2tiR°m@,anti_homophones
35920,1,1,0,8,4,-5.465367720323502,5.465367720323502,denik°m@,anti_homophones
35921,1,0,0,9,3,-8.377857521322372,8.377857521322372,kaRbyRliN,anti_homophones
35922,1,0,0,9,3,-9.28954065789035,9.28954065789035,vizjastOR,anti_homophones
35923,1,0,0,8,3,-7.165547751909592,7.165547751909592,t5tatizm,anti_homophones
35924,1,0,0,8,4,-8.501847256005783,8.501847256005783,boRizola,anti_homophones
35925,1,2,0,7,3,-5.2280273949862,5.2280273949862,def§s9R,anti_homophones
35926,1,0,0,6,3,-7.320212647719588,7.320212647719588,@fymik,anti_homophones
35927,1,0,0,7,3,-7.147359393692326,7.147359393692326,b@bobil,anti_homophones
35928,1,0,0,10,4,-9.392150829139142,9.392150829139142,mesam@tism,anti_homophones
35929,1,0,0,7,3,-7.466977694061938,7.466977694061938,epR@dR§,anti_homophones
35930,1,1,0,7,3,-6.681923392985681,6.681923392985681,Regatin,anti_homophones
35931,1,0,0,10,4,-10.297406351614095,10.297406351614095,kobRisbije,anti_homophones
35932,1,3,0,5,3,-5.3972566740474095,5.3972566740474095,5pene,anti_homophones
35933,1,14,0,6,3,-5.128893256073152,5.128893256073152,Rat°m@,anti_homophones
35934,1,0,0,10,4,-7.355154411626124,7.355154411626124,5fRagwin9R,anti_homophones
35935,1,3,0,7,4,-4.819658356939538,4.819658356939538,inoloZi,anti_homophones
35936,1,0,0,8,3,-6.917279348191437,6.917279348191437,buRbijaR,anti_homophones
35937,1,0,0,9,3,-7.607162323006046,7.607162323006046,degREtabl,anti_homophones
35938,1,0,0,9,4,-8.233373034827201,8.233373034827201,tel@kofil,anti_homophones
35939,1,0,0,7,4,-6.6680104815775065,6.6680104815775065,zoologe,anti_homophones
35940,1,4,0,5,3,-5.495301726999374,5.495301726999374,@dim@,anti_homophones
35941,1,2,0,7,3,-5.912068707597081,5.912068707597081,glER°m@,anti_homophones
35942,1,0,0,9,4,-7.841657777240897,7.841657777240897,anORdonje,anti_homophones
35943,1,1,0,6,3,-6.6983970450926185,6.6983970450926185,§tonik,anti_homophones
35944,1,0,0,8,3,-7.534274831972994,7.534274831972994,dinapt9R,anti_homophones
35945,1,0,0,8,3,-5.542837794054038,5.542837794054038,k§vwaj9R,anti_homophones
35946,1,0,0,9,4,-8.158488450588964,8.158488450588964,5tER§pREm,anti_homophones
35947,1,5,0,8,4,-5.087426087629456,5.087426087629456,bativ°m@,anti_homophones
35948,1,0,0,9,4,-8.13182817187507,8.13182817187507,dezilyman,anti_homophones
35949,1,0,0,8,3,-8.214341567910171,8.214341567910171,mEstonj2,anti_homophones
35950,1,6,0,6,3,-5.3611140946549165,5.3611140946549165,bEk°m@,anti_homophones
35951,1,3,1,7,3,-4.4632168894149595,4.4632168894149595,pRoloZi,anti_homophones
35952,1,1,0,5,3,-7.452332793789634,7.452332793789634,abENE,anti_homophones
35953,1,4,0,6,3,-5.757097560576474,5.757097560576474,konite,anti_homophones
35954,1,3,0,6,3,-5.831767029855763,5.831767029855763,osifje,anti_homophones
35955,1,1,0,6,3,-6.42427796449386,6.42427796449386,Rapiz@,anti_homophones
35956,1,0,0,11,4,-10.83691465053185,10.83691465053185,vid8odenj9l,anti_homophones
35957,1,5,0,5,3,-6.066201566715056,6.066201566715056,etyne,anti_homophones
35958,1,1,0,5,3,-4.996623359561775,4.996623359561775,5faj@,anti_homophones
35959,1,0,0,12,4,-15.212873388258602,15.212873388258602,ZyZ9nbaRmjOS,anti_homophones
35960,1,0,0,8,3,-8.064216372740363,8.064216372740363,etRaksj2,anti_homophones
35961,1,0,0,9,4,-8.027111008058888,8.027111008058888,paRpet@d@,anti_homophones
35962,1,3,0,6,3,-5.453101412984044,5.453101412984044,faSone,anti_homophones
35963,1,4,0,5,3,-4.37668703328667,4.37668703328667,ipot@,anti_homophones
35964,1,0,0,10,4,-11.75684819708531,11.75684819708531,malenj2tER,anti_homophones
35965,1,0,0,6,3,-6.363755131966439,6.363755131966439,Zakada,anti_homophones
35966,1,1,0,8,4,-7.6073245789647945,7.6073245789647945,@s@blOid,anti_homophones
35967,1,2,0,8,4,-5.487137740148525,5.487137740148525,abitasj§,anti_homophones
35968,1,0,0,8,4,-7.173727397092788,7.173727397092788,veem@Z9R,anti_homophones
35969,1,0,0,7,3,-7.8893447201559415,7.8893447201559415,gob9Rgo,anti_homophones
35970,1,0,0,8,4,-6.100063873893755,6.100063873893755,dek§paN§,anti_homophones
35971,1,0,0,6,3,-6.501024620250225,6.501024620250225,5sOmaZ,anti_homophones
35972,1,0,0,9,3,-8.224933577567752,8.224933577567752,detRiklER,anti_homophones
35973,1,1,0,9,4,-6.598236958738571,6.598236958738571,defloRize,anti_homophones
35974,1,0,0,9,4,-8.73487215378424,8.73487215378424,R§Zedibys,anti_homophones
35975,1,0,0,8,4,-8.199115187925198,8.199115187925198,5fogRafo,anti_homophones
35976,1,0,0,6,3,-6.562012578194052,6.562012578194052,kikit@,anti_homophones
35977,1,0,0,7,3,-6.992828987100967,6.992828987100967,ezoblik,anti_homophones
35978,1,0,0,9,3,-8.003686907861262,8.003686907861262,pRetjol9R,anti_homophones
35979,1,0,0,6,3,-6.536755521782916,6.536755521782916,ZeRaje,anti_homophones
35980,1,1,0,8,3,-6.435120067918165,6.435120067918165,domanist,anti_homophones
35981,1,0,0,8,3,-8.92742930294333,8.92742930294333,veRybakt,anti_homophones
35982,1,1,0,6,3,-6.099386904867952,6.099386904867952,sEl°te,anti_homophones
35983,1,0,0,6,3,-6.798573837635864,6.798573837635864,inatEs,anti_homophones
35984,1,0,0,9,4,-9.84602914517793,9.84602914517793,mefisERaZ,anti_homophones
35985,1,0,0,7,3,-7.672214107222114,7.672214107222114,bokalEt,anti_homophones
35986,1,0,0,7,3,-6.179820915624708,6.179820915624708,@pEstj§,anti_homophones
35987,1,0,0,11,4,-7.37944614988936,7.37944614988936,sakRonomEtR,anti_homophones
35988,1,0,0,8,3,-6.572251520537278,6.572251520537278,savajd9R,anti_homophones
35989,1,8,1,5,3,-5.067541235840634,5.067541235840634,epiNe,anti_homophones
35990,1,0,0,7,4,-4.916542237616698,4.916542237616698,@tisite,anti_homophones
35991,1,0,0,8,3,-5.920759955654353,5.920759955654353,pRofizEt,anti_homophones
35992,1,0,0,9,4,-6.043698990314614,6.043698990314614,R°Zw5t°m@,anti_homophones
35993,1,0,0,7,3,-6.893015694652174,6.893015694652174,deseRyR,anti_homophones
35994,1,0,0,8,4,-8.852403092185744,8.852403092185744,ipoljomE,anti_homophones
35995,1,0,0,9,4,-7.443774134279753,7.443774134279753,kanifikal,anti_homophones
35996,1,1,0,7,3,-6.789108129157206,6.789108129157206,bajat9R,anti_homophones
35997,1,2,0,6,3,-5.574838035211515,5.574838035211515,s5dis@,anti_homophones
35998,1,0,0,8,4,-7.83604358838864,7.83604358838864,RaSimine,anti_homophones
35999,1,0,0,6,3,-7.455270482324223,7.455270482324223,iRifOR,anti_homophones
36000,1,5,0,7,3,-5.235082743761306,5.235082743761306,kabl2m@,anti_homophones
36001,1,0,0,10,4,-7.807950086567073,7.807950086567073,ReveRyktif,anti_homophones
36002,1,0,0,8,3,-6.588104353663351,6.588104353663351,det@ksj§,anti_homophones
36003,1,0,0,9,4,-6.503558075725691,6.503558075725691,kORbEt°m@,anti_homophones
36004,1,0,0,6,3,-5.504838496364748,5.504838496364748,R°m§te,anti_homophones
36005,1,3,0,6,3,-4.978875117616368,4.978875117616368,beatik,anti_homophones
36006,1,0,0,10,4,-6.903526958764671,6.903526958764671,pRynj2z°m@,anti_homophones
36007,1,4,0,7,4,-5.3227502028888,5.3227502028888,opozite,anti_homophones
36008,1,0,0,9,3,-7.390594965967018,7.390594965967018,RepERtizm,anti_homophones
36009,1,0,0,7,3,-7.515195784289539,7.515195784289539,ko@tR9R,anti_homophones
36010,1,0,0,8,3,-7.650483412137634,7.650483412137634,tRovERti,anti_homophones
36011,1,1,0,7,3,-6.710211593174408,6.710211593174408,sol@d9R,anti_homophones
36012,1,1,0,6,3,-6.370991176555211,6.370991176555211,Zap°Ra,anti_homophones
36013,1,0,0,7,4,-7.490085056386618,7.490085056386618,@tip@dy,anti_homophones
36014,1,6,0,5,3,-5.834488765915433,5.834488765915433,adole,anti_homophones
36015,1,0,0,11,4,-8.876352132840507,8.876352132840507,kOsmetRig9R,anti_homophones
36016,1,1,0,6,3,-6.7686332196830055,6.7686332196830055,maRijE,anti_homophones
36017,1,0,0,9,4,-6.209815405100312,6.209815405100312,myt8El°Ri,anti_homophones
36018,1,0,0,7,3,-7.892080439320164,7.892080439320164,Renofit,anti_homophones
36019,1,1,0,6,3,-5.414309957719359,5.414309957719359,ep@d@s,anti_homophones
36020,1,0,0,7,3,-6.333731285330041,6.333731285330041,deZ9nki,anti_homophones
36021,1,0,0,9,3,-8.187024241199305,8.187024241199305,pyRpasist,anti_homophones
36022,1,0,0,7,3,-7.017282090543277,7.017282090543277,s°m@taZ,anti_homophones
36023,1,0,0,8,4,-8.539559488141036,8.539559488141036,kReopat2,anti_homophones
36024,1,0,0,8,4,-7.269550926229333,7.269550926229333,ev@talad,anti_homophones
36025,1,0,0,7,3,-7.676552209287936,7.676552209287936,k§s5tte,anti_homophones
36026,1,0,0,9,4,-6.657431545877933,6.657431545877933,apopylsif,anti_homophones
36027,1,0,0,9,4,-8.596259192197358,8.596259192197358,k§t@potid,anti_homophones
36028,1,0,0,6,3,-6.332648912767268,6.332648912767268,p°kone,anti_homophones
36029,1,0,0,8,4,-7.746998809702843,7.746998809702843,taREzone,anti_homophones
36030,1,0,0,8,3,-8.833223735335492,8.833223735335492,pakseRje,anti_homophones
36031,1,0,0,9,4,-7.351152030801668,7.351152030801668,toRizjone,anti_homophones
36032,1,0,0,8,4,-8.112827393296099,8.112827393296099,kymylade,anti_homophones
36033,1,0,0,6,3,-7.5962283999839935,7.5962283999839935,avadj5,anti_homophones
36034,1,0,0,10,4,-10.852709383333291,10.852709383333291,kazistaRiz,anti_homophones
36035,1,0,0,8,4,-7.134653808680335,7.134653808680335,@faRat9R,anti_homophones
36036,1,0,0,8,3,-6.187054765363427,6.187054765363427,mwajasj§,anti_homophones
36037,1,9,0,7,3,-4.613567099425089,4.613567099425089,megasj§,anti_homophones
36038,1,0,0,7,3,-7.3528467879190345,7.3528467879190345,maRgOta,anti_homophones
36039,1,0,0,6,3,-7.052362349587536,7.052362349587536,@pilOs,anti_homophones
36040,1,0,0,8,4,-9.55042557058487,9.55042557058487,aSaplije,anti_homophones
36041,1,0,0,10,4,-9.513012260714442,9.513012260714442,mafRotinj5,anti_homophones
36042,1,0,0,9,4,-9.149232201419128,9.149232201419128,Rased@tyR,anti_homophones
36043,1,0,0,7,4,-5.941526655606474,5.941526655606474,inisite,anti_homophones
36044,1,0,0,6,3,-6.249914515742956,6.249914515742956,uRluze,anti_homophones
36045,1,0,0,7,3,-6.246216623589774,6.246216623589774,subR°te,anti_homophones
36046,1,0,0,10,4,-7.871807503448545,7.871807503448545,najp9pl°m@,anti_homophones
36047,1,0,0,6,3,-6.195404057274154,6.195404057274154,tityme,anti_homophones
36048,1,0,0,9,3,-10.543459730549925,10.543459730549925,slalkyl@s,anti_homophones
36049,1,0,0,7,3,-7.424485223761094,7.424485223761094,@tasman,anti_homophones
36050,1,1,1,8,3,-5.568520638132451,5.568520638132451,seksasj§,anti_homophones
36051,1,0,0,9,4,-7.926529058381837,7.926529058381837,Zyp§ktiv@,anti_homophones
36052,1,0,0,7,3,-5.9335257721727785,5.9335257721727785,kalsemi,anti_homophones
36053,1,2,0,6,3,-5.736141067893743,5.736141067893743,salyS§,anti_homophones
36054,1,2,0,6,3,-5.897445562132341,5.897445562132341,Semaje,anti_homophones
36055,1,0,0,8,4,-9.194189716036815,9.194189716036815,akablot§,anti_homophones
36056,1,0,0,7,3,-6.1494549488365635,6.1494549488365635,tRij§f@,anti_homophones
36057,1,1,0,9,4,-7.424286061748881,7.424286061748881,Sosefakte,anti_homophones
36058,1,0,0,8,3,-8.780152090915623,8.780152090915623,emyltRaz,anti_homophones
36059,1,1,0,7,3,-5.61594686367571,5.61594686367571,5diskOp,anti_homophones
36060,1,0,0,9,4,-6.9511328867402,6.9511328867402,s5boRat9R,anti_homophones
36061,1,0,0,8,3,-6.303510472010281,6.303510472010281,@kl@Sizm,anti_homophones
36062,1,0,0,9,3,-7.277497456058303,7.277497456058303,tipoglist,anti_homophones
36063,1,0,0,9,3,-7.638418482821394,7.638418482821394,maRkasjER,anti_homophones
36064,1,0,0,7,3,-7.090155839522659,7.090155839522659,syRpabi,anti_homophones
36065,1,0,0,7,3,-7.239515743071143,7.239515743071143,ORfleSe,anti_homophones
36066,1,0,0,9,3,-9.063788041257693,9.063788041257693,RapR@dj@s,anti_homophones
36067,1,1,0,7,3,-5.96708633734628,5.96708633734628,epORt9R,anti_homophones
36068,1,0,0,8,4,-7.182928208305416,7.182928208305416,bobinase,anti_homophones
36069,1,0,0,8,3,-6.653327909781793,6.653327909781793,R°k§sism,anti_homophones
36070,1,0,0,7,3,-6.787056752930427,6.787056752930427,p§pjeRo,anti_homophones
36071,1,0,0,8,3,-8.90775252148664,8.90775252148664,l°bEkt8e,anti_homophones
36072,1,1,0,7,3,-5.984607935061753,5.984607935061753,Zaluz9R,anti_homophones
36073,1,0,0,5,3,-6.3308490403702775,6.3308490403702775,eS°vo,anti_homophones
36074,1,0,0,6,3,-7.655644503951991,7.655644503951991,vEjozo,anti_homophones
36075,1,0,0,9,4,-8.32928958260475,8.32928958260475,ERpRuvaje,anti_homophones
36076,1,1,0,9,4,-6.930132957446074,6.930132957446074,pR5sidite,anti_homophones
36077,1,3,0,5,3,-5.8982286091723495,5.8982286091723495,ataRi,anti_homophones
36078,1,12,0,6,3,-4.709457191057021,4.709457191057021,mak°m@,anti_homophones
36079,1,2,0,8,3,-5.4391052855720545,5.4391052855720545,tRoloZik,anti_homophones
36080,1,0,0,10,4,-7.807163227638716,7.807163227638716,pRonisjonE,anti_homophones
36081,1,1,0,7,4,-8.280768899765288,8.280768899765288,aZinaZa,anti_homophones
36082,1,2,0,6,3,-5.267043030241226,5.267043030241226,pyR°Ri,anti_homophones
36083,1,0,0,7,4,-6.391603277810251,6.391603277810251,otodoR@,anti_homophones
36084,1,0,0,8,4,-6.201623301805153,6.201623301805153,t5balize,anti_homophones
36085,1,0,0,7,3,-5.531124707655507,5.531124707655507,byfl°m@,anti_homophones
36086,1,0,0,7,4,-6.7398439130972525,6.7398439130972525,5detane,anti_homophones
36087,1,0,0,7,3,-7.714560875398132,7.714560875398132,kabilEm,anti_homophones
36088,1,0,0,12,4,-15.818067169319884,15.818067169319884,fizj9viRt82z,anti_homophones
36089,1,1,0,6,3,-5.662500071953403,5.662500071953403,zigyRe,anti_homophones
36090,1,0,0,10,4,-9.289665921878582,9.289665921878582,k@peRj@t9R,anti_homophones
36091,1,2,0,6,3,-6.571567734137608,6.571567734137608,ResoR5,anti_homophones
36092,1,0,0,8,4,-7.694647506933417,7.694647506933417,RebyS°te,anti_homophones
36093,1,2,0,8,4,-6.290040225602681,6.290040225602681,paRas°Ri,anti_homophones
36094,1,0,0,6,3,-7.245480652754901,7.245480652754901,banivo,anti_homophones
36095,1,0,0,8,3,-7.5619330354501075,7.5619330354501075,kokazjak,anti_homophones
36096,1,0,0,6,3,-6.480403181644442,6.480403181644442,emynit,anti_homophones
36097,1,0,0,8,4,-8.352659051084048,8.352659051084048,s@t°REse,anti_homophones
36098,1,0,0,7,3,-6.606247645200662,6.606247645200662,n2tRaZ2,anti_homophones
36099,1,0,0,8,3,-7.31278445477787,7.31278445477787,metaRjaZ,anti_homophones
36100,1,0,0,9,3,-9.70015489225508,9.70015489225508,katREtSiG,anti_homophones
36101,1,1,0,7,3,-5.929295892683939,5.929295892683939,5tRofOn,anti_homophones
36102,1,1,0,6,3,-5.603908490584535,5.603908490584535,sekyR@,anti_homophones
36103,1,0,0,7,3,-8.079835242037614,8.079835242037614,fRolin@,anti_homophones
36104,1,0,0,8,4,-7.239210055995383,7.239210055995383,akolatik,anti_homophones
36105,1,0,0,7,3,-6.5495409379509075,6.5495409379509075,malamin,anti_homophones
36106,1,1,0,7,3,-5.5745035153697575,5.5745035153697575,paRaSaZ,anti_homophones
36107,1,0,0,7,3,-7.039204774506502,7.039204774506502,devoRid,anti_homophones
36108,1,0,0,6,3,-6.128095609494057,6.128095609494057,Estoid,anti_homophones
36109,1,0,0,7,4,-6.493247165152906,6.493247165152906,kokaim@,anti_homophones
36110,1,0,0,9,4,-9.098672453688998,9.098672453688998,swaRf°lue,anti_homophones
36111,1,1,0,6,3,-5.81418013987041,5.81418013987041,kom@d5,anti_homophones
36112,1,0,0,7,3,-8.183897327200103,8.183897327200103,@ginjOm,anti_homophones
36113,1,0,0,6,3,-7.006813180433905,7.006813180433905,eRitoz,anti_homophones
36114,1,0,0,6,3,-5.5292061047504415,5.5292061047504415,@glije,anti_homophones
36115,1,0,0,7,3,-8.394120454177942,8.394120454177942,ystafOn,anti_homophones
36116,1,0,0,9,4,-10.687474240304967,10.687474240304967,Radonavis,anti_homophones
36117,1,0,0,9,4,-5.317770668529822,5.317770668529822,pet8El°m@,anti_homophones
36118,1,0,0,9,4,-8.36628117575047,8.36628117575047,se@siflaZ,anti_homophones
36119,1,0,0,7,3,-7.4788262995955375,7.4788262995955375,petRop@,anti_homophones
36120,1,0,0,6,3,-7.502614932328134,7.502614932328134,epasto,anti_homophones
36121,1,3,0,7,3,-5.764606369983394,5.764606369983394,5seksj§,anti_homophones
36122,1,3,0,7,3,-5.507395737142837,5.507395737142837,negatik,anti_homophones
36123,1,0,0,8,4,-9.359917375656645,9.359917375656645,amaRlEt§,anti_homophones
36124,1,0,0,8,3,-6.490644925879347,6.490644925879347,egORZabl,anti_homophones
36125,1,0,0,9,4,-9.12136266729382,9.12136266729382,b§binoRaZ,anti_homophones
36126,1,4,0,6,3,-5.436340766307815,5.436340766307815,salone,anti_homophones
36127,1,0,0,7,3,-7.824134181304373,7.824134181304373,5pyd@dR,anti_homophones
36128,1,0,0,9,4,-7.645664436214091,7.645664436214091,ekyp§kt8e,anti_homophones
36129,1,0,0,9,4,-7.269080955590801,7.269080955590801,fORZ2z°m@,anti_homophones
36130,1,0,0,7,3,-7.2928491729005716,7.2928491729005716,laRgot@,anti_homophones
36131,1,0,0,7,3,-6.494098381901334,6.494098381901334,SatElER,anti_homophones
36132,1,0,0,8,4,-8.048070937029221,8.048070937029221,EskinyRe,anti_homophones
36133,1,0,0,9,3,-8.651259527472156,8.651259527472156,dizERvizm,anti_homophones
36134,1,2,0,5,3,-5.546867031948193,5.546867031948193,inolo,anti_homophones
36135,1,1,0,9,4,-5.970826755383332,5.970826755383332,@ksjOn°m@,anti_homophones
36136,1,0,0,8,3,-8.020833010447642,8.020833010447642,spytRik5,anti_homophones
36137,1,0,0,7,3,-6.689429766495812,6.689429766495812,5pRanje,anti_homophones
36138,1,0,0,8,3,-8.090131787253826,8.090131787253826,syRsalOg,anti_homophones
36139,1,1,0,7,3,-7.022477713513381,7.022477713513381,vuvwake,anti_homophones
36140,1,1,0,8,4,-6.400087288265705,6.400087288265705,salysite,anti_homophones
36141,1,0,0,8,4,-9.272346121876252,9.272346121876252,apsilas§,anti_homophones
36142,1,1,0,7,3,-6.596009735585161,6.596009735585161,baRadj@,anti_homophones
36143,1,0,0,11,4,-8.936814347679308,8.936814347679308,tR@seksasj§,anti_homophones
36144,1,0,0,7,3,-4.820862704035896,4.820862704035896,dispoze,anti_homophones
36145,1,0,0,8,3,-7.297859324137459,7.297859324137459,fasonabl,anti_homophones
36146,1,0,0,6,3,-5.7244979683177135,5.7244979683177135,@s@d@s,anti_homophones
36147,1,0,0,6,3,-8.902822317064526,8.902822317064526,b9fasi,anti_homophones
36148,1,0,0,11,4,-8.217844566159991,8.217844566159991,pResj@tat9R,anti_homophones
36149,1,0,0,11,4,-10.299028375924834,10.299028375924834,dekamaRkwaZ,anti_homophones
36150,1,0,0,10,4,-12.383999458612282,12.383999458612282,lyneitSist,anti_homophones
36151,1,0,0,7,3,-7.015116700029474,7.015116700029474,tuRb°R§,anti_homophones
36152,1,0,0,7,3,-6.291662553654524,6.291662553654524,eSaRjOm,anti_homophones
36153,1,3,0,7,3,-5.32045219757674,5.32045219757674,ekRat9R,anti_homophones
36154,1,0,0,9,4,-7.867077513938991,7.867077513938991,sypERt°f2,anti_homophones
36155,1,0,0,6,3,-7.1286994423178065,7.1286994423178065,Sibuke,anti_homophones
36156,1,0,0,9,4,-7.880703069202831,7.880703069202831,dekaRavyR,anti_homophones
36157,1,0,0,7,3,-8.539534373878038,8.539534373878038,Omenjak,anti_homophones
36158,1,2,0,6,3,-5.681740949020966,5.681740949020966,sypozi,anti_homophones
36159,1,0,0,7,3,-6.9882099025201,6.9882099025201,R@k§tin,anti_homophones
36160,1,3,0,6,3,-4.935067482603,4.935067482603,t@pone,anti_homophones
36161,1,0,0,8,3,-8.572056902916064,8.572056902916064,aRk@Z@dR,anti_homophones
36162,1,0,0,8,4,-8.714820380995516,8.714820380995516,sobRaik5,anti_homophones
36163,1,0,0,10,4,-9.981835228956102,9.981835228956102,ediktastRe,anti_homophones
36164,1,0,0,8,3,-6.995445409434433,6.995445409434433,ps2dobES,anti_homophones
36165,1,0,0,9,4,-9.686607190298316,9.686607190298316,pERvanade,anti_homophones
36166,1,0,0,8,3,-6.513598353946079,6.513598353946079,djakasj§,anti_homophones
36167,1,1,0,8,3,-6.785684325941966,6.785684325941966,navERsje,anti_homophones
36168,1,11,0,6,3,-5.16366455497403,5.16366455497403,2Rasj§,anti_homophones
36169,1,0,0,8,3,-7.2960352072212356,7.2960352072212356,viRyskle,anti_homophones
36170,1,0,0,10,4,-8.496507774981486,8.496507774981486,siniteRj9R,anti_homophones
36171,1,0,0,8,4,-8.744644188957054,8.744644188957054,kos°g§de,anti_homophones
36172,1,1,0,7,3,-6.949759335259116,6.949759335259116,laRisto,anti_homophones
36173,1,0,0,11,4,-6.899673253090712,6.899673253090712,syRvERnasj§,anti_homophones
36174,1,0,0,7,3,-6.372966757011532,6.372966757011532,kRimobi,anti_homophones
36175,1,1,0,7,3,-5.915889923373712,5.915889923373712,Zeotizm,anti_homophones
36176,1,2,0,8,3,-5.834612650992604,5.834612650992604,dekatwaR,anti_homophones
36177,1,0,0,8,3,-7.592214195382271,7.592214195382271,Refek§pR,anti_homophones
36178,1,0,0,8,3,-11.19509596399784,11.19509596399784,bRevazEk,anti_homophones
36179,1,0,0,10,4,-8.873068456311113,8.873068456311113,pRotEstate,anti_homophones
36180,1,3,1,5,3,-5.140450197155697,5.140450197155697,5diZe,anti_homophones
36181,1,0,0,7,3,-5.916311317502476,5.916311317502476,fuRaZ9R,anti_homophones
36182,1,1,0,6,3,-7.608756877026425,7.608756877026425,ZyzyRe,anti_homophones
36183,1,0,0,6,3,-7.317244108232843,7.317244108232843,naRave,anti_homophones
36184,1,0,0,6,3,-7.286812857784085,7.286812857784085,istutu,anti_homophones
36185,1,0,0,8,3,-8.060634237765484,8.060634237765484,minystif,anti_homophones
36186,1,0,0,8,3,-8.823050222341383,8.823050222341383,glifilje,anti_homophones
36187,1,0,0,9,4,-9.062058089832234,9.062058089832234,ef§seksta,anti_homophones
36188,1,0,0,7,3,-5.720918508453107,5.720918508453107,ERgotaZ,anti_homophones
36189,1,0,0,10,4,-8.781615453736736,8.781615453736736,lenominabl,anti_homophones
36190,1,1,0,8,4,-6.238680522327833,6.238680522327833,Zylozite,anti_homophones
36191,1,1,0,6,3,-6.851461074367156,6.851461074367156,Soviz§,anti_homophones
36192,1,0,0,10,3,-8.408414042966616,8.408414042966616,stRadipsj§,anti_homophones
36193,1,2,0,5,3,-5.288811225894554,5.288811225894554,inome,anti_homophones
36194,1,4,0,5,3,-6.102821507893032,6.102821507893032,se@si,anti_homophones
36195,1,0,0,11,4,-7.593117170514529,7.593117170514529,kwadRijotik,anti_homophones
36196,1,0,0,7,3,-8.158476315661035,8.158476315661035,dalERZe,anti_homophones
36197,1,0,0,10,4,-10.547184700633185,10.547184700633185,sypsEl°v@S,anti_homophones
36198,1,0,0,8,4,-6.1871547375674725,6.1871547375674725,apozisj5,anti_homophones
36199,1,0,0,8,4,-7.497397287166689,7.497397287166689,palak°Ri,anti_homophones
36200,1,0,0,11,4,-9.08650966647476,9.08650966647476,elEkstRagEt,anti_homophones
36201,1,0,0,8,3,-6.553248963998724,6.553248963998724,daktifj@,anti_homophones
36202,1,3,0,6,3,-6.301197577795073,6.301197577795073,Zeline,anti_homophones
36203,1,7,0,6,3,-4.801168820660101,4.801168820660101,misite,anti_homophones
36204,1,0,0,8,3,-8.5189543886618,8.5189543886618,5tRykt@t,anti_homophones
36205,1,0,0,11,4,-9.280434990750445,9.280434990750445,kilistoRjOm,anti_homophones
36206,1,0,0,8,3,-7.568158810409321,7.568158810409321,gulaktyR,anti_homophones
36207,1,0,0,9,4,-8.717726064445655,8.717726064445655,koSimisER,anti_homophones
36208,1,0,0,6,3,-5.949917967370607,5.949917967370607,papaRE,anti_homophones
36209,1,1,0,8,4,-7.093727794030388,7.093727794030388,SomaZ°m@,anti_homophones
36210,1,0,0,10,4,-11.582471409221561,11.582471409221561,yskavastRe,anti_homophones
36211,1,0,0,10,4,-8.669540367803585,8.669540367803585,vetilatizm,anti_homophones
36212,1,0,0,6,3,-6.956373566152926,6.956373566152926,5feREs,anti_homophones
36213,1,0,0,11,4,-11.317202954817438,11.317202954817438,OksiklozEbR,anti_homophones
36214,1,0,0,10,4,-7.829852102359537,7.829852102359537,Egzistoizm,anti_homophones
36215,1,8,0,6,3,-5.464310778261796,5.464310778261796,eSasj§,anti_homophones
36216,1,0,0,6,3,-6.612732771296338,6.612732771296338,Rul°va,anti_homophones
36217,1,0,0,10,3,-8.336763393482787,8.336763393482787,syRSaRtizm,anti_homophones
36218,1,5,0,6,3,-4.966379849961483,4.966379849961483,paRaze,anti_homophones
36219,1,0,0,7,3,-7.271164411529143,7.271164411529143,djalimi,anti_homophones
36220,1,1,0,8,3,-6.876095859007767,6.876095859007767,demjon9R,anti_homophones
36221,1,0,0,7,3,-8.608778669009617,8.608778669009617,kOpatOn,anti_homophones
36222,1,0,0,9,4,-7.821378676374523,7.821378676374523,paRtiRas§,anti_homophones
36223,1,0,0,7,3,-7.432045696623438,7.432045696623438,akOstj§,anti_homophones
36224,1,0,0,6,3,-7.197681632187858,7.197681632187858,5syl9b,anti_homophones
36225,1,1,0,9,4,-7.680943881074932,7.680943881074932,5palpabil,anti_homophones
36226,1,2,0,6,3,-7.401274683379608,7.401274683379608,aSlite,anti_homophones
36227,1,0,0,9,4,-6.930558268682326,6.930558268682326,Retilat9R,anti_homophones
36228,1,0,0,8,3,-7.183026644691675,7.183026644691675,tematjER,anti_homophones
36229,1,0,0,9,4,-8.081874452007185,8.081874452007185,defikasto,anti_homophones
36230,1,0,0,8,4,-8.754370945926441,8.754370945926441,tapoliak,anti_homophones
36231,1,0,0,8,3,-7.181307725226491,7.181307725226491,gaRisjEl,anti_homophones
36232,1,0,0,7,3,-8.210409621146255,8.210409621146255,f9nbaRy,anti_homophones
36233,1,2,0,7,3,-6.508730314874256,6.508730314874256,s°g§dam,anti_homophones
36234,1,0,0,7,3,-8.553892543251918,8.553892543251918,aRaktan,anti_homophones
36235,1,0,0,8,3,-7.399528783375702,7.399528783375702,R@vERnaS,anti_homophones
36236,1,0,0,10,4,-9.557091990621743,9.557091990621743,pRotovOlki,anti_homophones
36237,1,7,0,5,3,-5.091042391416715,5.091042391416715,5kyRe,anti_homophones
36238,1,0,0,8,3,-6.038418653582321,6.038418653582321,plySon9R,anti_homophones
36239,1,0,0,8,4,-10.454075505037991,10.454075505037991,lis@but§,anti_homophones
36240,1,0,0,8,3,-6.752678648090945,6.752678648090945,bigOtabl,anti_homophones
36241,1,6,0,6,3,-5.4222880586908,5.4222880586908,kam°Ri,anti_homophones
36242,1,0,0,9,4,-6.202018692653381,6.202018692653381,kyvjoloZi,anti_homophones
36243,1,5,0,6,3,-5.4362350707264815,5.4362350707264815,RaS°te,anti_homophones
36244,1,1,0,8,3,-8.023890836364888,8.023890836364888,fRim@tiR,anti_homophones
36245,1,1,0,6,3,-5.778595461257213,5.778595461257213,aRSiko,anti_homophones
36246,1,0,0,8,3,-8.281715747823057,8.281715747823057,kabRyNas,anti_homophones
36247,1,0,0,9,4,-9.04713539913079,9.04713539913079,adORs°lje,anti_homophones
36248,1,3,0,5,3,-6.274640247842734,6.274640247842734,EREs@,anti_homophones
36249,1,0,0,8,3,-7.438429174914714,7.438429174914714,fibRakje,anti_homophones
36250,1,0,0,7,3,-7.1475870423065535,7.1475870423065535,tatyRbe,anti_homophones
36251,1,2,0,7,4,-5.879956392373892,5.879956392373892,efisite,anti_homophones
36252,1,0,0,7,3,-7.638335161728587,7.638335161728587,@tRalad,anti_homophones
36253,1,0,0,9,4,-7.163829325065681,7.163829325065681,l8idivite,anti_homophones
36254,1,0,0,8,3,-6.815640174741223,6.815640174741223,kofilizm,anti_homophones
36255,1,0,0,8,4,-9.373556437965219,9.373556437965219,@kil°tuR,anti_homophones
36256,1,0,0,9,3,-6.950478897159488,6.950478897159488,pERfl8ize,anti_homophones
36257,1,1,0,7,3,-6.172686711905974,6.172686711905974,akRotaZ,anti_homophones
36258,1,2,0,5,3,-6.731135208357109,6.731135208357109,aviRa,anti_homophones
36259,1,0,1,8,3,-5.5184405975620745,5.5184405975620745,paRtis9R,anti_homophones
36260,1,0,0,9,4,-7.204052434122104,7.204052434122104,bRavil°m@,anti_homophones
36261,1,0,0,5,3,-6.885272353908072,6.885272353908072,oR5ke,anti_homophones
36262,1,0,0,9,4,-6.905529336747186,6.905529336747186,fRitalite,anti_homophones
36263,1,0,0,8,3,-7.892709135086202,7.892709135086202,mitROZEn,anti_homophones
36264,1,1,0,6,3,-6.521594320274852,6.521594320274852,zodoRe,anti_homophones
36265,1,0,0,10,4,-11.187380790437679,11.187380790437679,foSaRiRwEl,anti_homophones
36266,1,3,0,7,3,-6.000909251525977,6.000909251525977,Ravizj§,anti_homophones
36267,1,0,0,9,4,-8.253740828506459,8.253740828506459,ORZjaliz@,anti_homophones
36268,1,0,0,10,4,-9.107175789483986,9.107175789483986,ivERmist@s,anti_homophones
36269,1,0,0,11,4,-11.481984742191898,11.481984742191898,aRtRomatSal,anti_homophones
36270,1,0,0,9,4,-6.708797706272393,6.708797706272393,bazaRd°m@,anti_homophones
36271,1,0,0,8,4,-10.849262023858746,10.849262023858746,p°n§deRE,anti_homophones
36272,1,0,0,7,3,-6.015769442179478,6.015769442179478,tEknolo,anti_homophones
36273,1,0,0,10,4,-8.679583933567864,8.679583933567864,RetRav@tyR,anti_homophones
36274,1,1,0,6,3,-6.204674224712703,6.204674224712703,bidoze,anti_homophones
36275,1,0,0,11,4,-10.173639872656311,10.173639872656311,EkstERganis,anti_homophones
36276,1,0,0,10,3,-8.591311991945446,8.591311991945446,pRokwadRam,anti_homophones
36277,1,1,0,7,3,-6.2657954001896625,6.2657954001896625,Z@tisj§,anti_homophones
36278,1,0,0,7,3,-7.462782605519068,7.462782605519068,guRgot5,anti_homophones
36279,1,1,0,8,3,-6.65492297710255,6.65492297710255,EksjOnaR,anti_homophones
36280,1,1,0,7,3,-6.9540131361865765,6.9540131361865765,nabilik,anti_homophones
36281,1,1,0,6,3,-6.346682707987596,6.346682707987596,maZil2,anti_homophones
36282,1,0,0,6,3,-6.250499673534531,6.250499673534531,k§Z°lo,anti_homophones
36283,1,0,0,8,3,-6.634639947030673,6.634639947030673,depERmik,anti_homophones
36284,1,0,0,8,4,-8.847999880231018,8.847999880231018,@filakso,anti_homophones
36285,1,2,0,8,4,-5.538177222298609,5.538177222298609,defisite,anti_homophones
36286,1,0,0,12,4,-13.28099899046763,13.28099899046763,pResplomejbi,anti_homophones
36287,1,0,0,10,4,-7.914954758618959,7.914954758618959,minadaptik,anti_homophones
36288,1,0,0,9,4,-6.397344372463511,6.397344372463511,siZibl°m@,anti_homophones
36289,1,0,0,9,4,-6.3970313661893385,6.3970313661893385,5k§vEksj§,anti_homophones
36290,1,0,0,8,3,-6.473226338785327,6.473226338785327,debRijEt,anti_homophones
36291,1,0,0,11,4,-8.165111899920094,8.165111899920094,k§tR°kyltif,anti_homophones
36292,1,0,0,9,4,-9.541041370377794,9.541041370377794,fimilitik,anti_homophones
36293,1,0,0,9,4,-8.492649172349894,8.492649172349894,koRikozaZ,anti_homophones
36294,1,7,0,6,3,-6.0118152725457,6.0118152725457,al@sj§,anti_homophones
36295,1,0,0,8,3,-6.31539485175445,6.31539485175445,dekuRZwa,anti_homophones
36296,1,0,0,9,4,-8.09521779908266,8.09521779908266,k§kasyZEt,anti_homophones
36297,1,4,0,7,3,-6.486875079253209,6.486875079253209,falat9R,anti_homophones
36298,1,1,0,8,3,-7.286041325461169,7.286041325461169,dypleZid,anti_homophones
36299,1,0,0,9,4,-7.572102564803023,7.572102564803023,@gl@dRije,anti_homophones
36300,1,2,0,7,3,-5.283957662926463,5.283957662926463,kROS°m@,anti_homophones
36301,1,0,0,6,3,-7.112849754789579,7.112849754789579,tetodi,anti_homophones
36302,1,0,0,7,3,-8.131785042818093,8.131785042818093,s@baREt,anti_homophones
36303,1,0,0,7,4,-8.126960883262903,8.126960883262903,alapine,anti_homophones
36304,1,0,0,8,3,-7.532967135777714,7.532967135777714,taksesja,anti_homophones
36305,1,1,0,6,3,-6.539674601296389,6.539674601296389,podoR@,anti_homophones
36306,1,3,0,8,3,-6.368503869477655,6.368503869477655,dikatwaR,anti_homophones
36307,1,0,0,10,4,-9.267302112669995,9.267302112669995,lapistatyR,anti_homophones
36308,1,0,0,7,3,-7.774313828171767,7.774313828171767,Raksini,anti_homophones
36309,1,0,0,10,4,-7.957430308943358,7.957430308943358,menigmatif,anti_homophones
36310,1,1,0,7,3,-6.784057260842852,6.784057260842852,alp@s9R,anti_homophones
36311,1,1,0,7,3,-7.968773923182709,7.968773923182709,k§Z§kt§,anti_homophones
36312,1,0,0,8,3,-7.105972837540695,7.105972837540695,p@kl@S9R,anti_homophones
36313,1,2,0,6,3,-6.414575078276237,6.414575078276237,ebwaze,anti_homophones
36314,1,0,0,5,3,-6.228740001503039,6.228740001503039,abasi,anti_homophones
36315,1,0,0,7,4,-7.115589816981352,7.115589816981352,apasiNe,anti_homophones
36316,1,4,0,6,3,-5.839698799212044,5.839698799212044,oRit8e,anti_homophones
36317,1,3,0,6,3,-5.582986902526387,5.582986902526387,Radone,anti_homophones
36318,1,0,0,9,4,-9.923988395902942,9.923988395902942,oksediZEn,anti_homophones
36319,1,1,0,6,3,-6.359536943863069,6.359536943863069,pal2R@,anti_homophones
36320,1,0,0,6,3,-5.854312909090711,5.854312909090711,R°dis@,anti_homophones
36321,1,1,0,7,3,-7.066829986796263,7.066829986796263,k§sjame,anti_homophones
36322,1,0,0,10,4,-8.952326272933465,8.952326272933465,fORminotal,anti_homophones
36323,1,0,0,10,4,-7.495653810197803,7.495653810197803,@tR°bastik,anti_homophones
36324,1,1,0,6,3,-7.1247265704968825,7.1247265704968825,fetik@,anti_homophones
36325,1,0,0,9,3,-8.661175751308429,8.661175751308429,plikuSwaR,anti_homophones
36326,1,1,0,8,4,-6.91363386006191,6.91363386006191,5plas°Ri,anti_homophones
36327,1,0,0,10,3,-9.595000709177567,9.595000709177567,pERmitRubl,anti_homophones
36328,1,0,0,10,4,-9.084189769332697,9.084189769332697,sORtisipiG,anti_homophones
36329,1,1,0,8,3,-6.442851387970997,6.442851387970997,tetRijER,anti_homophones
36330,1,1,0,7,3,-5.735126402516682,5.735126402516682,R°k§sid,anti_homophones
36331,1,0,0,7,3,-7.165203454802263,7.165203454802263,s5kopik,anti_homophones
36332,1,0,0,8,3,-8.520590212979247,8.520590212979247,kaSERgys,anti_homophones
36333,1,0,0,8,4,-8.331350402959451,8.331350402959451,5tamjam@,anti_homophones
36334,1,2,0,7,3,-5.597427133582291,5.597427133582291,k§fisj5,anti_homophones
36335,1,1,0,8,4,-6.588003185336978,6.588003185336978,seZER°m@,anti_homophones
36336,1,0,0,7,3,-9.0012178193398,9.0012178193398,SeleZit,anti_homophones
36337,1,1,0,8,3,-6.448993594726106,6.448993594726106,stRolite,anti_homophones
36338,1,0,0,10,4,-9.996141089593891,9.996141089593891,palopOstif,anti_homophones
36339,1,0,0,6,3,-6.377091022746624,6.377091022746624,top9Re,anti_homophones
36340,1,1,0,7,3,-6.5175998453394195,6.5175998453394195,R°pRoni,anti_homophones
36341,1,0,0,9,4,-6.485285781500691,6.485285781500691,sERvisite,anti_homophones
36342,1,0,0,11,4,-8.553043294921554,8.553043294921554,5kROspEktik,anti_homophones
36343,1,0,0,12,4,-10.785614350731565,10.785614350731565,REptiljatwaR,anti_homophones
36344,1,1,0,8,3,-6.374349401568132,6.374349401568132,peR@sjEl,anti_homophones
36345,1,0,0,8,4,-6.039854035930029,6.039854035930029,dofilite,anti_homophones
36346,1,0,0,11,4,-8.149120617736385,8.149120617736385,k§pRogRatik,anti_homophones
36347,1,1,0,6,3,-5.877109703752359,5.877109703752359,desese,anti_homophones
36348,1,0,0,9,3,-6.918562808541058,6.918562808541058,pEsteRj9R,anti_homophones
36349,1,0,0,11,4,-9.469153058765984,9.469153058765984,gREskRyS°m@,anti_homophones
36350,1,0,0,12,4,-11.060220356282278,11.060220356282278,kalizatskRik,anti_homophones
36351,1,0,0,10,4,-10.822582935476346,10.822582935476346,taRjatanEl,anti_homophones
36352,1,0,0,7,3,-6.1408072957030715,6.1408072957030715,d2zjone,anti_homophones
36353,1,0,0,7,3,-6.859002207009585,6.859002207009585,negaRgo,anti_homophones
36354,1,2,0,6,3,-6.833639372587896,6.833639372587896,denam@,anti_homophones
36355,1,1,0,7,3,-5.354138618079066,5.354138618079066,aRSitik,anti_homophones
36356,1,1,0,7,3,-7.629707022681789,7.629707022681789,maRezj§,anti_homophones
36357,1,1,0,6,3,-5.466689779815238,5.466689779815238,tusote,anti_homophones
36358,1,1,0,9,4,-5.972890664004731,5.972890664004731,k§sylfyR§,anti_homophones
36359,1,2,0,6,3,-5.997406836160226,5.997406836160226,paRaik,anti_homophones
36360,1,0,0,7,3,-6.394743160662325,6.394743160662325,bizyniR,anti_homophones
36361,1,0,0,10,3,-8.114006635939568,8.114006635939568,tRisjOnabl,anti_homophones
36362,1,0,0,9,4,-8.805769757994351,8.805769757994351,R°kabilit,anti_homophones
36363,1,0,0,8,3,-7.306576742960471,7.306576742960471,R°vinism,anti_homophones
36364,1,1,0,7,3,-6.46916441599889,6.46916441599889,divERZ@,anti_homophones
36365,1,0,0,9,4,-6.3378188774965,6.3378188774965,metRijote,anti_homophones
36366,1,0,0,10,4,-9.721263701827956,9.721263701827956,stisabORne,anti_homophones
36367,1,0,0,9,4,-7.488608441997119,7.488608441997119,dezafERl@,anti_homophones
36368,1,0,0,12,4,-10.121113208474716,10.121113208474716,bl@SistR2mik,anti_homophones
36369,1,0,0,8,4,-6.429335714842262,6.429335714842262,n2Raz°m@,anti_homophones
36370,1,5,0,5,3,-4.559809027836524,4.559809027836524,ynite,anti_homophones
36371,1,4,0,6,3,-5.286075181664333,5.286075181664333,degut2,anti_homophones
36372,1,1,0,6,3,-5.953156051492183,5.953156051492183,ReseSe,anti_homophones
36373,1,0,0,8,4,-8.374341613971765,8.374341613971765,opERZ°m@,anti_homophones
36374,1,0,0,8,3,-9.07997161078937,9.07997161078937,eSEndZiz,anti_homophones
36375,1,2,0,5,3,-5.955687210677077,5.955687210677077,ofilu,anti_homophones
36376,1,0,0,7,3,-6.505819957892386,6.505819957892386,fold5ge,anti_homophones
36377,1,0,0,7,3,-6.772739808863417,6.772739808863417,balbana,anti_homophones
36378,1,4,0,7,3,-5.226845922145088,5.226845922145088,patRije,anti_homophones
36379,1,0,0,9,4,-8.049404183293825,8.049404183293825,vOlkozaik,anti_homophones
36380,1,1,0,8,3,-5.377196418446135,5.377196418446135,gaRnasj§,anti_homophones
36381,1,0,0,9,3,-6.284856843894549,6.284856843894549,pRoZEktif,anti_homophones
36382,1,8,0,6,3,-5.271540796422171,5.271540796422171,kyRite,anti_homophones
36383,1,0,0,7,3,-7.488535024547936,7.488535024547936,s@plyte,anti_homophones
36384,1,3,0,5,3,-5.561976059348763,5.561976059348763,teis@,anti_homophones
36385,1,0,0,8,3,-7.553064083967323,7.553064083967323,vERminaR,anti_homophones
36386,1,0,0,6,3,-9.224538778846833,9.224538778846833,os@saR,anti_homophones
36387,1,0,0,6,3,-6.789397363471849,6.789397363471849,S@bEle,anti_homophones
36388,1,0,0,10,4,-8.856155081543744,8.856155081543744,tyRadjot9R,anti_homophones
36389,1,0,0,9,3,-8.791388489850325,8.791388489850325,tORsjalOm,anti_homophones
36390,1,1,0,6,3,-5.910697693821424,5.910697693821424,@gl@de,anti_homophones
36391,1,1,0,7,4,-5.7560619133492175,5.7560619133492175,asEn°m@,anti_homophones
36392,1,1,0,8,4,-5.475065245277144,5.475065245277144,k§bilite,anti_homophones
36393,1,0,0,8,4,-6.829066477105993,6.829066477105993,@buRZon@,anti_homophones
36394,1,0,0,7,3,-6.1357486233196425,6.1357486233196425,kominER,anti_homophones
36395,1,0,0,8,4,-7.908074958748305,7.908074958748305,desam@t§,anti_homophones
36396,1,1,0,6,3,-5.959425802643736,5.959425802643736,5pot@s,anti_homophones
36397,1,0,0,8,3,-6.388112671676009,6.388112671676009,pRimatyR,anti_homophones
36398,1,0,0,7,3,-7.384671077347359,7.384671077347359,ERnityd,anti_homophones
36399,1,2,0,8,4,-5.5774495220201725,5.5774495220201725,@sibl°m@,anti_homophones
36400,1,0,0,11,4,-9.519739948994129,9.519739948994129,depORfEtabl,anti_homophones
36401,1,0,0,7,3,-6.094150980369273,6.094150980369273,bRyn°le,anti_homophones
36402,1,1,0,6,3,-6.455972034819392,6.455972034819392,meRine,anti_homophones
36403,1,0,0,8,3,-5.7368658139966655,5.7368658139966655,Egzalizm,anti_homophones
36404,1,0,0,6,3,-8.546534642270084,8.546534642270084,difeny,anti_homophones
36405,1,0,0,8,4,-7.622108693247291,7.622108693247291,eSofuj9R,anti_homophones
36406,1,0,0,8,4,-7.035131799665483,7.035131799665483,epigaRde,anti_homophones
36407,1,2,0,9,4,-6.0271287708736425,6.0271287708736425,v@tabl°m@,anti_homophones
36408,1,4,0,6,3,-5.6229918483038945,5.6229918483038945,palySe,anti_homophones
36409,1,3,0,5,3,-5.337719654400116,5.337719654400116,5vale,anti_homophones
36410,1,0,0,6,3,-8.044455398011417,8.044455398011417,s5t@Ze,anti_homophones
36411,1,2,0,5,3,-6.1239049361455615,6.1239049361455615,epete,anti_homophones
36412,1,0,0,8,3,-6.166821141009973,6.166821141009973,pROk°t9R,anti_homophones
36413,1,0,0,11,4,-8.186515194945978,8.186515194945978,malm2n8izEt,anti_homophones
36414,1,0,0,10,4,-7.8236297576770335,7.8236297576770335,5sypERsjEl,anti_homophones
36415,1,0,0,10,4,-9.177609491825814,9.177609491825814,kyvjetisj5,anti_homophones
36416,1,0,0,8,3,-7.538781360021452,7.538781360021452,pitSuliG,anti_homophones
36417,1,1,0,7,3,-8.298046554636588,8.298046554636588,R°s8isi,anti_homophones
36418,1,0,0,8,3,-8.000639465990693,8.000639465990693,suRs°lEn,anti_homophones
36419,1,1,0,8,3,-6.618574784011986,6.618574784011986,vOltiZEn,anti_homophones
36420,1,0,0,8,3,-6.47612293159233,6.47612293159233,penisabl,anti_homophones
36421,1,1,0,7,3,-5.732266765199788,5.732266765199788,k§poz@Z,anti_homophones
36422,1,0,0,10,3,-8.124650744610193,8.124650744610193,skwadRilit,anti_homophones
36423,1,0,0,6,3,-5.6983152828290216,5.6983152828290216,aplem@,anti_homophones
36424,1,8,0,6,3,-4.831262527517599,4.831262527517599,dekone,anti_homophones
36425,1,1,0,6,3,-7.659406213346577,7.659406213346577,etRitu,anti_homophones
36426,1,2,0,8,4,-6.7603056435158155,6.7603056435158155,aRmin°Ri,anti_homophones
36427,1,5,0,6,3,-5.603805123930346,5.603805123930346,kaRis@,anti_homophones
36428,1,0,0,7,3,-7.731269948258065,7.731269948258065,sifERaZ,anti_homophones
36429,1,1,1,7,3,-5.2955351576370475,5.2955351576370475,gaRguje,anti_homophones
36430,1,0,0,8,3,-5.2739190544996175,5.2739190544996175,telEktif,anti_homophones
36431,1,0,0,7,3,-5.211939730132828,5.211939730132828,kom@d9R,anti_homophones
36432,1,0,0,6,3,-6.85834048893307,6.85834048893307,Satein,anti_homophones
36433,1,0,0,9,4,-9.688979251185833,9.688979251185833,RadykleR2,anti_homophones
36434,1,2,0,7,3,-6.192119916107207,6.192119916107207,s5kRoke,anti_homophones
36435,1,0,0,7,3,-6.876214013543536,6.876214013543536,tREp°l5,anti_homophones
36436,1,4,0,6,3,-5.262509620278258,5.262509620278258,moRize,anti_homophones
36437,1,0,0,8,4,-8.322636841223803,8.322636841223803,maR@t°f2,anti_homophones
36438,1,0,0,6,3,-5.749501248953082,5.749501248953082,SazyRe,anti_homophones
36439,1,0,0,10,4,-9.1486916549653,9.1486916549653,pROtikylp5,anti_homophones
36440,1,0,0,9,4,-7.0236278335588995,7.0236278335588995,kagonasj§,anti_homophones
36441,1,4,0,8,4,-6.168044224701181,6.168044224701181,adizasj§,anti_homophones
36442,1,0,0,8,4,-7.59373161970357,7.59373161970357,kanadeRe,anti_homophones
36443,1,0,0,7,4,-9.154908486670648,9.154908486670648,R2kaiz§,anti_homophones
36444,1,0,0,10,4,-6.963612351967059,6.963612351967059,pozisjasj§,anti_homophones
36445,1,0,0,9,4,-10.56202971093573,10.56202971093573,vwat@tan5,anti_homophones
36446,1,2,0,6,3,-6.704083941494333,6.704083941494333,5titik,anti_homophones
36447,1,0,0,8,4,-7.88595275090515,7.88595275090515,koRozaEt,anti_homophones
36448,1,0,0,7,3,-6.692381814292428,6.692381814292428,pRoelje,anti_homophones
36449,1,0,0,9,4,-6.4589037935544535,6.4589037935544535,beneRatif,anti_homophones
36450,1,0,0,11,4,-9.20609616875167,9.20609616875167,destR°pusEt,anti_homophones
36451,1,1,0,7,3,-5.892240476606277,5.892240476606277,syplis@,anti_homophones
36452,1,0,0,7,3,-7.016370334088722,7.016370334088722,SifRap@,anti_homophones
36453,1,0,0,8,3,-7.901676175066254,7.901676175066254,Sakyltan,anti_homophones
36454,1,0,0,10,4,-9.202801913668807,9.202801913668807,k@tavERtin,anti_homophones
36455,1,0,0,8,4,-6.9951501231961055,6.9951501231961055,viRevite,anti_homophones
36456,1,0,0,8,3,-7.5046590312209105,7.5046590312209105,sypREn9R,anti_homophones
36457,1,0,0,10,4,-9.087165917681368,9.087165917681368,djasjonim2,anti_homophones
36458,1,0,0,8,4,-7.3857547370728565,7.3857547370728565,dez@tiR@,anti_homophones
36459,1,0,0,8,3,-9.648641448331876,9.648641448331876,vwazOS°n,anti_homophones
36460,1,0,0,7,3,-6.842009918795269,6.842009918795269,d8odike,anti_homophones
36461,1,0,0,7,3,-6.537252026431148,6.537252026431148,R@kiloz,anti_homophones
36462,1,0,0,8,4,-7.757783166903159,7.757783166903159,p@tipot@,anti_homophones
36463,1,0,0,6,3,-7.951385127878347,7.951385127878347,ostila,anti_homophones
36464,1,5,0,6,3,-5.737685766214939,5.737685766214939,omat9R,anti_homophones
36465,1,0,0,9,4,-6.995622875832281,6.995622875832281,psikotomi,anti_homophones
36466,1,0,0,9,3,-8.261748351645911,8.261748351645911,episkRism,anti_homophones
36467,1,0,0,7,3,-7.898688272299722,7.898688272299722,p5sasER,anti_homophones
36468,1,0,0,7,4,-7.967861051701833,7.967861051701833,elepat2,anti_homophones
36469,1,0,0,11,4,-11.166121805341495,11.166121805341495,klatRijobal,anti_homophones
36470,1,0,0,7,3,-6.493563747411542,6.493563747411542,kORtij§,anti_homophones
36471,1,1,0,7,3,-6.104278971801547,6.104278971801547,sysp@si,anti_homophones
36472,1,1,0,7,3,-8.09397622206536,8.09397622206536,velebR2,anti_homophones
36473,1,0,0,10,4,-6.097730529670864,6.097730529670864,pOsteRasj§,anti_homophones
36474,1,0,0,8,3,-10.101745128314924,10.101745128314924,kRanyflo,anti_homophones
36475,1,0,0,6,3,-6.356352753666586,6.356352753666586,@tRupi,anti_homophones
36476,1,1,0,6,3,-5.993588299272218,5.993588299272218,ap°lEt,anti_homophones
36477,1,14,0,6,3,-4.7757732340948165,4.7757732340948165,sEn°m@,anti_homophones
36478,1,0,0,7,3,-6.897135487704738,6.897135487704738,sanatik,anti_homophones
36479,1,1,0,6,3,-6.020427921983709,6.020427921983709,ReeliR,anti_homophones
36480,1,1,0,9,3,-6.654050101827046,6.654050101827046,kRonalizm,anti_homophones
36481,1,1,0,8,3,-7.12708017769528,7.12708017769528,molaRizm,anti_homophones
36482,1,4,0,5,3,-5.634199481267443,5.634199481267443,efini,anti_homophones
36483,1,0,0,6,3,-8.122932595982224,8.122932595982224,@t°lat,anti_homophones
36484,1,0,0,8,3,-7.737612610960225,7.737612610960225,dRwat°la,anti_homophones
36485,1,0,0,7,3,-6.987777989972621,6.987777989972621,dedjete,anti_homophones
36486,1,0,0,6,3,-5.28482442650192,5.28482442650192,muS°te,anti_homophones
36487,1,2,0,6,3,-6.7587340823607756,6.7587340823607756,@sifle,anti_homophones
36488,1,0,0,8,3,-7.33622874923025,7.33622874923025,l@bERZ@s,anti_homophones
36489,1,0,0,7,3,-8.003433707013114,8.003433707013114,biblOko,anti_homophones
36490,1,0,0,7,3,-6.21998879669487,6.21998879669487,k§vikyl,anti_homophones
36491,1,0,0,7,3,-7.7931367223130135,7.7931367223130135,Zovjade,anti_homophones
36492,1,0,0,8,3,-6.225606502323319,6.225606502323319,pReditif,anti_homophones
36493,1,0,0,8,3,-8.054441346652812,8.054441346652812,bRoklimi,anti_homophones
36494,1,1,0,6,3,-7.155926187598122,7.155926187598122,gozoik,anti_homophones
36495,1,0,0,8,3,-5.974236996021296,5.974236996021296,l5foswaR,anti_homophones
36496,1,1,0,6,3,-6.261578189106789,6.261578189106789,5valOg,anti_homophones
36497,1,0,0,8,3,-7.1915680853846045,7.1915680853846045,vERnifER,anti_homophones
36498,1,0,0,7,3,-8.217713527056297,8.217713527056297,RevikEl,anti_homophones
36499,1,2,0,6,3,-5.006740534663087,5.006740534663087,n2Role,anti_homophones
36500,1,3,0,6,3,-5.618824105793502,5.618824105793502,5tERik,anti_homophones
36501,1,0,0,8,3,-7.669241640992734,7.669241640992734,kORnelyl,anti_homophones
36502,1,0,0,9,3,-7.32240473877725,7.32240473877725,pERsEpsje,anti_homophones
36503,1,0,0,8,3,-8.465445078317671,8.465445078317671,fuRbilit,anti_homophones
36504,1,0,0,8,3,-7.801295057103402,7.801295057103402,ZenjalER,anti_homophones
36505,1,2,0,7,3,-6.2987792242489755,6.2987792242489755,fytyREl,anti_homophones
36506,1,1,0,8,3,-5.472727544638581,5.472727544638581,s5plasj§,anti_homophones
36507,1,2,0,5,3,-6.145700851038304,6.145700851038304,otony,anti_homophones
36508,1,0,0,7,3,-6.64106960256025,6.64106960256025,k@didaZ,anti_homophones
36509,1,2,0,7,3,-6.035787039953984,6.035787039953984,meljone,anti_homophones
36510,1,0,0,6,3,-6.136775497461037,6.136775497461037,amEnko,anti_homophones
36511,1,0,0,8,3,-5.720617542626466,5.720617542626466,ObZEktiv,anti_homophones
36512,1,1,0,6,3,-5.574296939619747,5.574296939619747,id@s9R,anti_homophones
36513,1,2,0,6,3,-5.519499837817786,5.519499837817786,oblike,anti_homophones
36514,1,0,0,8,3,-7.490443880761516,7.490443880761516,SatRijEm,anti_homophones
36515,1,0,0,7,3,-8.354995100357355,8.354995100357355,dezozOS,anti_homophones
36516,1,3,0,5,3,-4.805191355690242,4.805191355690242,@Rule,anti_homophones
36517,1,0,0,9,3,-6.727520050588351,6.727520050588351,kRwadR°m@,anti_homophones
36518,1,0,0,6,3,-7.102717450619972,7.102717450619972,vis°Ro,anti_homophones
36519,1,1,0,7,3,-6.143738569204086,6.143738569204086,apsikje,anti_homophones
36520,1,4,0,5,3,-5.690397039988814,5.690397039988814,5veR@,anti_homophones
36521,1,0,0,8,3,-8.207934330499135,8.207934330499135,amastRom,anti_homophones
36522,1,1,0,6,3,-5.4511093194054325,5.4511093194054325,kRiaje,anti_homophones
36523,1,0,0,6,3,-6.488121521711744,6.488121521711744,ZeZydo,anti_homophones
36524,1,1,0,6,3,-6.673344537828008,6.673344537828008,banaty,anti_homophones
36525,1,0,0,7,3,-5.495051841245706,5.495051841245706,fEblije,anti_homophones
36526,1,3,0,7,3,-5.620789936728371,5.620789936728371,denisj§,anti_homophones
36527,1,0,0,8,3,-6.563644174254473,6.563644174254473,pRofaZit,anti_homophones
36528,1,1,0,7,3,-7.0089440333639,7.0089440333639,demofOR,anti_homophones
36529,1,0,0,8,3,-8.804924214691939,8.804924214691939,9vRabizm,anti_homophones
36530,1,3,0,6,3,-5.266131561211937,5.266131561211937,katyRe,anti_homophones
36531,1,3,0,6,3,-5.738717993561765,5.738717993561765,5pERpe,anti_homophones
36532,1,1,0,7,3,-7.228124423872434,7.228124423872434,lav@tiR,anti_homophones
36533,1,10,0,7,3,-4.905535037203693,4.905535037203693,baRasj§,anti_homophones
36534,1,1,0,6,3,-6.207170069212532,6.207170069212532,eSaRke,anti_homophones
36535,1,8,0,5,3,-4.579138980464583,4.579138980464583,@boSe,anti_homophones
36536,1,1,0,7,3,-8.300442049945186,8.300442049945186,asmonaZ,anti_homophones
36537,1,0,0,8,3,-9.947630364571289,9.947630364571289,jakleRj2,anti_homophones
36538,1,2,0,6,3,-6.852336809568314,6.852336809568314,bok§dy,anti_homophones
36539,1,4,0,6,3,-5.827093080146828,5.827093080146828,dekol@,anti_homophones
36540,1,1,0,6,3,-5.468409931952601,5.468409931952601,5kaRde,anti_homophones
36541,1,3,0,8,3,-5.295061430628996,5.295061430628996,saRkasj§,anti_homophones
36542,1,1,0,6,3,-7.639984192804351,7.639984192804351,ef°nER,anti_homophones
36543,1,0,0,8,3,-7.15389725459903,7.15389725459903,defuRbje,anti_homophones
36544,1,0,0,9,3,-5.376029805277622,5.376029805277622,EkspEkt9R,anti_homophones
36545,1,1,0,7,3,-7.602979550200057,7.602979550200057,RiZinEz,anti_homophones
36546,1,2,0,7,3,-6.090394440786875,6.090394440786875,bR§t°m@,anti_homophones
36547,1,0,0,8,3,-6.155909701085952,6.155909701085952,Ost@sjEl,anti_homophones
36548,1,4,0,7,3,-5.3909710517538585,5.3909710517538585,sizat9R,anti_homophones
36549,1,9,0,6,3,-5.169341549322413,5.169341549322413,mad°m@,anti_homophones
36550,1,0,0,9,3,-7.26991724112087,7.26991724112087,megRimEtR,anti_homophones
36551,1,3,1,5,3,-5.450077502497279,5.450077502497279,5sole,anti_homophones
36552,1,0,0,8,3,-7.115825919625231,7.115825919625231,kRistite,anti_homophones
36553,1,0,0,7,3,-5.893217823012955,5.893217823012955,k§vERn@,anti_homophones
36554,1,0,0,9,3,-10.354326271333026,10.354326271333026,blef@dwit,anti_homophones
36555,1,0,0,7,3,-7.0901402968263145,7.0901402968263145,§bR°tje,anti_homophones
36556,1,0,0,6,3,-8.898999348776545,8.898999348776545,@pRoSy,anti_homophones
36557,1,0,0,7,3,-7.20276227066187,7.20276227066187,segResi,anti_homophones
36558,1,0,0,8,3,-8.7525601969298,8.7525601969298,k§dR°tER,anti_homophones
36559,1,0,0,9,3,-8.11377709445921,8.11377709445921,kobatRist,anti_homophones
36560,1,2,0,6,3,-4.926336539979892,4.926336539979892,ynifje,anti_homophones
36561,1,2,0,7,3,-6.244816836639978,6.244816836639978,detalj5,anti_homophones
36562,1,0,0,6,3,-6.24954902138166,6.24954902138166,seRese,anti_homophones
36563,1,2,0,6,3,-5.3668395170954355,5.3668395170954355,Reynj2,anti_homophones
36564,1,0,0,8,3,-6.89796853249674,6.89796853249674,lavwaj9R,anti_homophones
36565,1,1,0,7,3,-6.231550191343081,6.231550191343081,@bylist,anti_homophones
36566,1,3,0,7,3,-6.170582707533776,6.170582707533776,devosj§,anti_homophones
36567,1,2,0,6,3,-4.949525139215496,4.949525139215496,eg8ite,anti_homophones
36568,1,0,0,8,3,-7.4163811721719055,7.4163811721719055,fabRynEt,anti_homophones
36569,1,0,0,8,3,-6.984594326716025,6.984594326716025,zapw5tER,anti_homophones
36570,1,3,0,6,3,-6.29053956892201,6.29053956892201,debEte,anti_homophones
36571,1,1,0,7,3,-6.866004467707286,6.866004467707286,kanadjo,anti_homophones
36572,1,1,0,7,3,-5.199760031865929,5.199760031865929,kafuj9R,anti_homophones
36573,1,1,0,6,3,-5.68717178228541,5.68717178228541,kalde5,anti_homophones
36574,1,0,0,8,3,-5.883642349619018,5.883642349619018,pERfeR@s,anti_homophones
36575,1,0,0,7,3,-6.058934841854993,6.058934841854993,sj@s°m@,anti_homophones
36576,1,0,0,6,3,-5.687984657767714,5.687984657767714,memoRe,anti_homophones
36577,1,1,0,6,3,-7.101893248481704,7.101893248481704,tetyne,anti_homophones
36578,1,4,0,6,3,-4.9943144085613795,4.9943144085613795,myzite,anti_homophones
36579,1,1,0,9,3,-7.074371191191184,7.074371191191184,gRosjonal,anti_homophones
36580,1,1,0,6,3,-5.3110569543928285,5.3110569543928285,seboSe,anti_homophones
36581,1,0,0,6,3,-7.277231845928706,7.277231845928706,asbiN§,anti_homophones
36582,1,7,0,7,3,-5.3052039322590705,5.3052039322590705,kRas°m@,anti_homophones
36583,1,3,0,6,3,-4.796849337770894,4.796849337770894,kaotje,anti_homophones
36584,1,1,0,7,3,-6.056152487458752,6.056152487458752,libetik,anti_homophones
36585,1,0,0,7,3,-6.031408034930759,6.031408034930759,minatif,anti_homophones
36586,1,4,0,5,3,-5.441410040375138,5.441410040375138,alEj§,anti_homophones
36587,1,1,0,7,3,-6.102885758064157,6.102885758064157,buRisj5,anti_homophones
36588,1,1,0,6,3,-6.390857926330643,6.390857926330643,s5side,anti_homophones
36589,1,1,0,7,3,-5.700807451872894,5.700807451872894,gOlOZik,anti_homophones
36590,1,0,0,7,3,-6.064670364828978,6.064670364828978,kRatine,anti_homophones
36591,1,2,0,5,3,-6.379870634543067,6.379870634543067,ReOti,anti_homophones
36592,1,2,0,6,3,-5.102064934482069,5.102064934482069,s5gyle,anti_homophones
36593,1,0,0,6,3,-6.617060248520363,6.617060248520363,@tinis,anti_homophones
36594,1,0,0,8,3,-7.293654250655541,7.293654250655541,pERfetyv,anti_homophones
36595,1,0,0,7,3,-8.413940095494297,8.413940095494297,vaziliz,anti_homophones
36596,1,7,0,7,3,-4.847960310052474,4.847960310052474,dyRasj§,anti_homophones
36597,1,0,0,6,3,-5.684889779463709,5.684889779463709,9pl°m@,anti_homophones
36598,1,2,0,7,3,-5.9712756327916106,5.9712756327916106,bRus°Ri,anti_homophones
36599,1,0,0,7,3,-5.746200831536646,5.746200831536646,tRilize,anti_homophones
36600,1,2,0,6,3,-5.846662992900877,5.846662992900877,5g8ite,anti_homophones
36601,1,4,0,6,3,-5.298913279759184,5.298913279759184,vomize,anti_homophones
36602,1,0,0,7,3,-7.470624476082304,7.470624476082304,gogogOl,anti_homophones
36603,1,3,0,6,3,-4.727815290775733,4.727815290775733,5sylER,anti_homophones
36604,1,0,0,9,3,-8.983621924796312,8.983621924796312,sfigyljEn,anti_homophones
36605,1,5,0,5,3,-6.568793390604202,6.568793390604202,5kije,anti_homophones
36606,1,0,0,9,3,-6.844214225138741,6.844214225138741,defiltRaZ,anti_homophones
36607,1,0,0,7,3,-6.786055862902552,6.786055862902552,fuRaZEn,anti_homophones
36608,1,1,0,8,3,-6.138971599191155,6.138971599191155,kRupl°m@,anti_homophones
36609,1,0,0,6,3,-7.5521624618530945,7.5521624618530945,ebytER,anti_homophones
36610,1,0,0,7,3,-7.316017341115088,7.316017341115088,bORes@s,anti_homophones
36611,1,2,0,6,3,-6.619811582208008,6.619811582208008,meRape,anti_homophones
36612,1,0,0,9,3,-5.918946981426406,5.918946981426406,tRyktasj§,anti_homophones
36613,1,0,0,8,3,-7.084339456798747,7.084339456798747,salvatif,anti_homophones
36614,1,0,0,6,3,-7.371155512354311,7.371155512354311,lamame,anti_homophones
36615,1,0,0,8,3,-7.192694263776603,7.192694263776603,R°minizm,anti_homophones
36616,1,2,0,7,3,-5.526124013821047,5.526124013821047,makat9R,anti_homophones
36617,1,5,0,6,3,-5.401074375931663,5.401074375931663,telega,anti_homophones
36618,1,3,0,6,3,-5.521651176510148,5.521651176510148,Ravij§,anti_homophones
36619,1,13,0,6,3,-5.283354848447627,5.283354848447627,noloZi,anti_homophones
36620,1,6,0,5,3,-5.177900859581259,5.177900859581259,5vize,anti_homophones
36621,1,0,0,6,3,-7.089114133373893,7.089114133373893,efed§k,anti_homophones
36622,1,3,0,5,3,-6.585203954231965,6.585203954231965,adeRi,anti_homophones
36623,1,0,0,8,3,-7.731023535555235,7.731023535555235,tR@ziRka,anti_homophones
36624,1,0,0,8,3,-6.091556124387134,6.091556124387134,fjEvR°Ri,anti_homophones
36625,1,1,0,7,3,-4.943443890560547,4.943443890560547,@R°Zist,anti_homophones
36626,1,0,0,8,3,-7.3468638931289405,7.3468638931289405,fRekRoSe,anti_homophones
36627,1,0,0,8,3,-6.941848301845931,6.941848301845931,odiktabl,anti_homophones
36628,1,0,0,8,3,-7.370049960674445,7.370049960674445,vwanat9R,anti_homophones
36629,1,0,0,7,3,-7.443439075419126,7.443439075419126,SaRazyR,anti_homophones
36630,1,16,1,5,3,-4.469198191007874,4.469198191007874,evite,anti_homophones
36631,1,2,0,7,3,-5.663109033796502,5.663109033796502,kRasite,anti_homophones
36632,1,8,0,6,3,-5.305960906924525,5.305960906924525,banize,anti_homophones
36633,1,2,0,6,3,-5.261647469267869,5.261647469267869,Egzale,anti_homophones
36634,1,0,0,8,3,-6.968339364031393,6.968339364031393,vERtityl,anti_homophones
36635,1,0,0,8,3,-6.583721045803319,6.583721045803319,m°nevRiR,anti_homophones
36636,1,11,0,7,3,-4.907012014140629,4.907012014140629,sakasj§,anti_homophones
36637,1,0,0,8,3,-7.478636240656419,7.478636240656419,negalajt,anti_homophones
36638,1,0,0,7,3,-7.394589177563933,7.394589177563933,tR§bony,anti_homophones
36639,1,0,0,8,3,-6.8656774928888975,6.8656774928888975,epaRsibl,anti_homophones
36640,1,2,0,7,3,-6.991182613586832,6.991182613586832,sepaRme,anti_homophones
36641,1,1,0,7,3,-6.076397380282507,6.076397380282507,fORmas§,anti_homophones
36642,1,6,0,5,3,-5.100363716822235,5.100363716822235,eliZe,anti_homophones
36643,1,10,0,6,3,-5.387672839545109,5.387672839545109,5tERna,anti_homophones
36644,1,0,0,8,3,-8.487951684868799,8.487951684868799,sekRutiR,anti_homophones
36645,1,1,0,7,3,-6.33555492570426,6.33555492570426,ekORpj§,anti_homophones
36646,1,0,0,6,3,-6.35019187314729,6.35019187314729,gliame,anti_homophones
36647,1,2,0,6,3,-6.252523111089015,6.252523111089015,fasije,anti_homophones
36648,1,2,0,6,3,-5.563660225252809,5.563660225252809,gas°Ri,anti_homophones
36649,1,0,0,7,3,-8.171854914724916,8.171854914724916,miRakta,anti_homophones
36650,1,2,0,7,3,-5.120961548434362,5.120961548434362,otomEtR,anti_homophones
36651,1,2,0,6,3,-5.383565596452891,5.383565596452891,dekuty,anti_homophones
36652,1,2,0,7,3,-6.48984954133808,6.48984954133808,sepaRat,anti_homophones
36653,1,0,0,8,3,-8.171009571218688,8.171009571218688,skapizj§,anti_homophones
36654,1,0,0,7,3,-5.577050179336526,5.577050179336526,megatif,anti_homophones
36655,1,0,0,8,3,-7.297539233952579,7.297539233952579,bRyptike,anti_homophones
36656,1,2,0,7,3,-5.223052165420225,5.223052165420225,baRk°m@,anti_homophones
36657,1,0,0,7,3,-6.721576604707536,6.721576604707536,adZytRi,anti_homophones
36658,1,0,0,7,3,-6.925482101125102,6.925482101125102,spaRone,anti_homophones
36659,1,0,0,7,3,-7.228665101897601,7.228665101897601,adOktRo,anti_homophones
36660,1,0,0,6,3,-7.630352492420483,7.630352492420483,Rafado,anti_homophones
36661,1,0,0,7,3,-8.381102540534407,8.381102540534407,vastilE,anti_homophones
36662,1,0,0,7,3,-8.331433479392837,8.331433479392837,R@polip,anti_homophones
36663,1,0,0,8,3,-5.550636525062087,5.550636525062087,disp@s9R,anti_homophones
36664,1,3,0,6,3,-5.241132064828172,5.241132064828172,baSote,anti_homophones
36665,1,0,0,6,3,-6.098496800996588,6.098496800996588,5petal,anti_homophones
36666,1,2,0,7,3,-6.562341061892653,6.562341061892653,diks°m@,anti_homophones
36667,1,2,0,7,3,-6.490264976464744,6.490264976464744,kRutije,anti_homophones
36668,1,1,0,8,3,-7.3467955930986575,7.3467955930986575,deplwaRo,anti_homophones
36669,1,1,0,7,3,-6.168819041569581,6.168819041569581,natyRje,anti_homophones
36670,1,1,0,8,3,-5.410722904701502,5.410722904701502,filjasj§,anti_homophones
36671,1,0,0,9,3,-8.196081858843842,8.196081858843842,afEksplod,anti_homophones
36672,1,0,0,9,3,-9.508798663719487,9.508798663719487,lybintS9p,anti_homophones
36673,1,0,0,7,3,-7.792115001896483,7.792115001896483,gulaZw5,anti_homophones
36674,1,1,0,7,3,-5.81110586319371,5.81110586319371,ameRizm,anti_homophones
36675,1,0,0,7,3,-6.49331478955298,6.49331478955298,mumutaZ,anti_homophones
36676,1,1,0,7,3,-6.11876114390117,6.11876114390117,jeRatik,anti_homophones
36677,1,0,0,6,3,-6.953715629042643,6.953715629042643,pilok5,anti_homophones
36678,1,3,0,6,3,-6.141318538919714,6.141318538919714,@peRiR,anti_homophones
36679,1,2,0,5,3,-6.068178488137617,6.068178488137617,ybit@,anti_homophones
36680,1,0,0,8,3,-6.6319339061473395,6.6319339061473395,maEstabl,anti_homophones
36681,1,2,0,5,3,-5.403505786049033,5.403505786049033,aval@,anti_homophones
36682,1,0,0,7,3,-6.764689546597148,6.764689546597148,mezonER,anti_homophones
36683,1,4,0,8,3,-5.891018555439563,5.891018555439563,paRvasj§,anti_homophones
36684,1,2,0,6,3,-5.613366575785509,5.613366575785509,eblije,anti_homophones
36685,1,2,0,5,3,-6.52369366525863,6.52369366525863,iRale,anti_homophones
36686,1,0,0,7,3,-7.349286914560383,7.349286914560383,aglomOd,anti_homophones
36687,1,0,0,10,3,-9.105861194723786,9.105861194723786,fletRonabl,anti_homophones
36688,1,0,0,8,3,-7.674142685504859,7.674142685504859,pResivaR,anti_homophones
36689,1,2,0,7,3,-5.78980423432316,5.78980423432316,s°vwaje,anti_homophones
36690,1,0,0,7,3,-5.941910134716701,5.941910134716701,fetis9R,anti_homophones
36691,1,1,0,5,3,-6.249232231194253,6.249232231194253,eRokE,anti_homophones
36692,1,0,0,8,3,-6.378786753583143,6.378786753583143,bROlOZik,anti_homophones
36693,1,0,0,7,3,-6.863675565441355,6.863675565441355,R§d°laZ,anti_homophones
36694,1,2,0,7,3,-5.27004106591304,5.27004106591304,gRiv°m@,anti_homophones
36695,1,1,0,6,3,-5.593824213676984,5.593824213676984,R°don@,anti_homophones
36696,1,0,0,7,3,-7.6827678689790755,7.6827678689790755,R°devas,anti_homophones
36697,1,0,0,6,3,-6.6062341789516115,6.6062341789516115,kabato,anti_homophones
36698,1,5,0,5,3,-5.09642753521144,5.09642753521144,kaute,anti_homophones
36699,1,2,0,7,3,-5.023501613519151,5.023501613519151,sysp@se,anti_homophones
36700,1,0,0,9,3,-7.720811488196356,7.720811488196356,n2Ropsist,anti_homophones
36701,1,0,0,9,3,-8.033176353319572,8.033176353319572,vERbakwaR,anti_homophones
36702,1,4,0,7,3,-5.6624993925897416,5.6624993925897416,tRap°m@,anti_homophones
36703,1,1,0,7,3,-7.327268270404869,7.327268270404869,R°nadiR,anti_homophones
36704,1,1,0,7,3,-6.30455955336329,6.30455955336329,baRabil,anti_homophones
36705,1,0,0,7,3,-6.745368760577753,6.745368760577753,f@tisaZ,anti_homophones
36706,1,3,0,7,3,-6.530756160680357,6.530756160680357,ZiRaj9R,anti_homophones
36707,1,0,0,7,3,-6.277721795522607,6.277721795522607,petonik,anti_homophones
36708,1,1,0,7,3,-6.087263128383333,6.087263128383333,inasjal,anti_homophones
36709,1,3,0,6,3,-5.347615588190533,5.347615588190533,asosje,anti_homophones
36710,1,2,0,7,3,-6.079221825544971,6.079221825544971,tapityd,anti_homophones
36711,1,0,0,8,3,-6.636309893240892,6.636309893240892,klaminj5,anti_homophones
36712,1,1,0,7,3,-5.887370698638585,5.887370698638585,maRguz5,anti_homophones
36713,1,0,0,7,3,-6.35328715073401,6.35328715073401,bjoZeni,anti_homophones
36714,1,0,0,8,3,-7.1807435842553815,7.1807435842553815,RobaRd9R,anti_homophones
36715,1,1,0,6,3,-5.587633162749941,5.587633162749941,aplike,anti_homophones
36716,1,0,0,7,3,-6.286219058754792,6.286219058754792,konoman,anti_homophones
36717,1,2,0,7,3,-6.755483801998205,6.755483801998205,sosjono,anti_homophones
36718,1,1,0,7,3,-5.679584635011502,5.679584635011502,kOmynik,anti_homophones
36719,1,0,0,8,3,-7.2458182058733795,7.2458182058733795,vak8asj5,anti_homophones
36720,1,0,0,7,3,-6.76414189502823,6.76414189502823,kanof@s,anti_homophones
36721,1,1,0,6,3,-6.089739051698853,6.089739051698853,depan§,anti_homophones
36722,1,0,0,7,3,-6.7811791162222335,6.7811791162222335,@dOskOt,anti_homophones
36723,1,2,0,5,3,-5.585805772509856,5.585805772509856,aleOl,anti_homophones
36724,1,0,0,6,3,-7.199810403379231,7.199810403379231,viRid@,anti_homophones
36725,1,0,0,9,3,-7.371168586712598,7.371168586712598,daksEpsj§,anti_homophones
36726,1,1,0,7,3,-7.237828819306555,7.237828819306555,5sisjEl,anti_homophones
36727,1,0,0,8,3,-8.874405246385818,8.874405246385818,tRamatR2,anti_homophones
36728,1,0,0,9,3,-5.731515691072047,5.731515691072047,sybdyksj§,anti_homophones
36729,1,9,0,5,3,-5.15755752013499,5.15755752013499,idite,anti_homophones
36730,1,4,0,7,3,-6.00541496087223,6.00541496087223,SaRpij§,anti_homophones
36731,1,0,1,6,3,-4.509077831360221,4.509077831360221,R°poze,anti_homophones
36732,1,3,0,6,3,-5.467284338040824,5.467284338040824,5viz9R,anti_homophones
36733,1,0,0,7,3,-7.1034597351456075,7.1034597351456075,efRikER,anti_homophones
36734,1,0,0,6,3,-5.078622201532007,5.078622201532007,R°kyle,anti_homophones
36735,1,0,0,7,3,-6.617799598170316,6.617799598170316,devatif,anti_homophones
36736,1,0,0,6,3,-5.887007222520651,5.887007222520651,R2gut@,anti_homophones
36737,1,0,0,9,3,-6.557317904173672,6.557317904173672,dedublabl,anti_homophones
36738,1,0,0,7,3,-7.670166881220364,7.670166881220364,gRimaj§,anti_homophones
36739,1,1,0,6,3,-6.733611150952824,6.733611150952824,kalasi,anti_homophones
36740,1,0,0,8,3,-9.530674066180882,9.530674066180882,gRupERZ@,anti_homophones
36741,1,0,0,7,3,-5.962715772857811,5.962715772857811,mORfase,anti_homophones
36742,1,0,0,8,3,-6.86861185487225,6.86861185487225,sistoRj5,anti_homophones
36743,1,0,0,9,3,-6.757226231783232,6.757226231783232,k§stimEtR,anti_homophones
36744,1,0,0,9,3,-9.186835647551245,9.186835647551245,baRdikaZ1,anti_homophones
36745,1,0,0,8,3,-7.7113582749396565,7.7113582749396565,kaRmalfa,anti_homophones
36746,1,0,0,8,3,-5.578861661349335,5.578861661349335,fORmeabl,anti_homophones
36747,1,2,0,5,3,-5.459229237715967,5.459229237715967,5teRi,anti_homophones
36748,1,0,0,6,3,-6.977039580947081,6.977039580947081,fak§di,anti_homophones
36749,1,0,0,8,3,-5.613381501915913,5.613381501915913,EbdomEtR,anti_homophones
36750,1,0,0,8,3,-8.215930269833638,8.215930269833638,iRepjabl,anti_homophones
36751,1,3,0,5,3,-6.4488666755759425,6.4488666755759425,aRaka,anti_homophones
36752,1,0,0,8,3,-8.452803223779378,8.452803223779378,supletRo,anti_homophones
36753,1,0,0,8,3,-7.330852253454074,7.330852253454074,poplafm@,anti_homophones
36754,1,0,0,9,3,-7.3691891980623,7.3691891980623,klavanist,anti_homophones
36755,1,0,0,8,3,-7.784157381905998,7.784157381905998,mastERse,anti_homophones
36756,1,0,0,7,3,-6.544454449595128,6.544454449595128,kanifle,anti_homophones
36757,1,1,0,8,3,-6.268021109660294,6.268021109660294,flamifje,anti_homophones
36758,1,0,0,7,3,-6.573361157948175,6.573361157948175,papidEl,anti_homophones
36759,1,0,0,6,3,-6.6480327120740155,6.6480327120740155,Robado,anti_homophones
36760,1,9,0,5,3,-4.7957215470850265,4.7957215470850265,amize,anti_homophones
36761,1,0,0,7,3,-7.69677641048819,7.69677641048819,depavEl,anti_homophones
36762,1,0,0,7,3,-9.053325684445614,9.053325684445614,gabasEs,anti_homophones
36763,1,1,0,7,3,-6.016974950893338,6.016974950893338,@baRizm,anti_homophones
36764,1,4,0,6,3,-5.042427431832373,5.042427431832373,levite,anti_homophones
36765,1,0,0,7,3,-6.301137241206281,6.301137241206281,pOld°Ri,anti_homophones
36766,1,0,0,7,3,-7.261884944974465,7.261884944974465,5tR5saZ,anti_homophones
36767,1,1,0,6,3,-6.410994585894861,6.410994585894861,pavaZe,anti_homophones
36768,1,0,0,7,3,-8.004580753011691,8.004580753011691,Regal§b,anti_homophones
36769,1,0,0,8,3,-6.8422078878929495,6.8422078878929495,k§tR°mOR,anti_homophones
36770,1,4,0,6,3,-5.207345087912346,5.207345087912346,aloZik,anti_homophones
36771,1,0,0,7,3,-7.091798202174045,7.091798202174045,sERvEla,anti_homophones
36772,1,0,0,7,3,-6.377807241715857,6.377807241715857,poSaRZe,anti_homophones
36773,1,2,0,6,3,-7.323082494867922,7.323082494867922,apEnaZ,anti_homophones
36774,1,1,0,7,3,-7.050904694728927,7.050904694728927,5t8isaZ,anti_homophones
36775,1,1,0,9,3,-6.782300964634271,6.782300964634271,REskalizm,anti_homophones
36776,1,2,0,7,3,-5.233037088532704,5.233037088532704,abilist,anti_homophones
36777,1,2,0,6,3,-4.968577765902924,4.968577765902924,eS@Z9R,anti_homophones
36778,1,0,0,8,3,-6.599650326764911,6.599650326764911,RadZyt9R,anti_homophones
36779,1,1,0,7,3,-6.368277611282647,6.368277611282647,sERpeje,anti_homophones
36780,1,1,0,7,3,-5.879499889578776,5.879499889578776,pERp@t5,anti_homophones
36781,1,1,0,7,3,-7.535852141902264,7.535852141902264,R°s@bel,anti_homophones
36782,1,1,0,6,3,-6.43863551796091,6.43863551796091,abanaZ,anti_homophones
36783,1,7,0,6,3,-5.5326083896169385,5.5326083896169385,apatif,anti_homophones
36784,1,0,0,8,3,-5.91591450129101,5.91591450129101,EgzekwaR,anti_homophones
36785,1,2,0,8,3,-5.58960803558767,5.58960803558767,pjabl°m@,anti_homophones
36786,1,0,0,8,3,-6.60954484043332,6.60954484043332,pRoteRik,anti_homophones
36787,1,0,0,8,3,-9.65378706485545,9.65378706485545,spistiR§,anti_homophones
36788,1,1,1,7,3,-5.705361562303056,5.705361562303056,blEt°m@,anti_homophones
36789,1,2,0,6,3,-5.707278992115482,5.707278992115482,aRod9R,anti_homophones
36790,1,0,0,7,3,-7.7837796087546085,7.7837796087546085,Rotimit,anti_homophones
36791,1,2,0,6,3,-5.556531233889396,5.556531233889396,mal2R2,anti_homophones
36792,1,2,0,6,3,-6.217398535187237,6.217398535187237,R2fone,anti_homophones
36793,1,2,0,7,3,-6.326426669922954,6.326426669922954,bRifeRe,anti_homophones
36794,1,0,0,6,3,-6.167183301483436,6.167183301483436,t2nyRe,anti_homophones
36795,1,2,0,8,3,-5.553761439896141,5.553761439896141,babilizm,anti_homophones
36796,1,2,0,6,3,-6.456567213157159,6.456567213157159,apaRan,anti_homophones
36797,1,0,0,7,3,-7.612347857595697,7.612347857595697,ZERmyda,anti_homophones
36798,1,0,0,6,3,-6.8976935662754055,6.8976935662754055,asuRni,anti_homophones
36799,1,0,0,8,3,-8.081390727258723,8.081390727258723,laRg@diz,anti_homophones
36800,1,3,0,6,3,-5.556807418696662,5.556807418696662,alonEl,anti_homophones
36801,1,1,0,8,3,-6.3595477405804255,6.3595477405804255,syspij9R,anti_homophones
36802,1,0,0,8,3,-5.528604217981784,5.528604217981784,sybv°niR,anti_homophones
36803,1,0,0,8,3,-8.448132507159123,8.448132507159123,kOm@s8al,anti_homophones
36804,1,0,0,7,3,-6.778521699768837,6.778521699768837,kol9Rte,anti_homophones
36805,1,2,0,7,3,-6.309414015755394,6.309414015755394,denisaZ,anti_homophones
36806,1,0,0,10,3,-8.231715384316107,8.231715384316107,plEjbwasj§,anti_homophones
36807,1,1,0,6,3,-6.132178341453867,6.132178341453867,bigyR@,anti_homophones
36808,1,0,0,6,3,-7.284858236675764,7.284858236675764,omeRif,anti_homophones
36809,1,0,0,9,3,-8.841160437740692,8.841160437740692,g@glisist,anti_homophones
36810,1,2,0,5,3,-6.777555752575988,6.777555752575988,emili,anti_homophones
36811,1,6,0,6,3,-5.606381188472857,5.606381188472857,koRone,anti_homophones
36812,1,1,0,7,3,-6.899865431464473,6.899865431464473,futbulo,anti_homophones
36813,1,0,0,9,3,-7.6953169515975075,7.6953169515975075,k§tR°pR@g,anti_homophones
36814,1,1,0,7,3,-5.553111878080206,5.553111878080206,debyt9R,anti_homophones
36815,1,6,0,5,3,-5.41776284678007,5.41776284678007,etine,anti_homophones
36816,1,4,0,7,3,-5.913167015779762,5.913167015779762,etRisj§,anti_homophones
36817,1,0,0,9,3,-9.551613209352254,9.551613209352254,k@digwadR,anti_homophones
36818,1,0,0,8,3,-8.219868125019367,8.219868125019367,minypsj2,anti_homophones
36819,1,0,0,7,3,-9.331842500002418,9.331842500002418,spEsEta,anti_homophones
36820,1,0,0,7,3,-7.173853893445809,7.173853893445809,R°SaRd@,anti_homophones
36821,1,0,0,9,3,-7.936942651710554,7.936942651710554,statwaRte,anti_homophones
36822,1,1,0,6,3,-7.0583700301559915,7.0583700301559915,deRen§,anti_homophones
36823,1,0,0,8,3,-7.127260537918839,7.127260537918839,detERnad,anti_homophones
36824,1,0,0,8,3,-8.100803969538589,8.100803969538589,plytitik,anti_homophones
36825,1,1,0,7,3,-5.577054425507271,5.577054425507271,spOt°m@,anti_homophones
36826,1,2,0,6,3,-6.041781909891732,6.041781909891732,ekRip@,anti_homophones
36827,1,3,0,6,3,-5.611417554853702,5.611417554853702,piZoni,anti_homophones
36828,1,0,0,6,3,-5.967660438037164,5.967660438037164,agotik,anti_homophones
36829,1,0,0,6,3,-7.689172762330471,7.689172762330471,abRin2,anti_homophones
36830,1,0,0,7,3,-6.5900474445092225,6.5900474445092225,faRmati,anti_homophones
36831,1,0,0,10,3,-9.277001145192749,9.277001145192749,stRisbisj§,anti_homophones
36832,1,4,0,5,3,-5.580734760434352,5.580734760434352,emuli,anti_homophones
36833,1,1,0,7,3,-7.17087893889227,7.17087893889227,epostER,anti_homophones
36834,1,4,1,5,3,-5.840427615447222,5.840427615447222,medy5,anti_homophones
36835,1,0,0,7,3,-6.557865303763051,6.557865303763051,dekl5Se,anti_homophones
36836,1,0,0,6,3,-7.980862540390517,7.980862540390517,ZemaZe,anti_homophones
36837,1,1,0,7,3,-5.901723295529624,5.901723295529624,aRbujaR,anti_homophones
36838,1,0,0,7,3,-6.894690236603375,6.894690236603375,nanifj@,anti_homophones
36839,1,4,0,6,3,-4.792674231433081,4.792674231433081,REzone,anti_homophones
36840,1,0,0,7,3,-8.015810567641406,8.015810567641406,saRivwa,anti_homophones
36841,1,0,0,8,3,-7.037790391423063,7.037790391423063,fRek@sj§,anti_homophones
36842,1,0,0,7,3,-8.889569391455904,8.889569391455904,RybodaZ,anti_homophones
36843,1,0,0,8,3,-6.89090472068441,6.89090472068441,bRomynik,anti_homophones
36844,1,0,0,7,3,-7.736367446854121,7.736367446854121,5poljEf,anti_homophones
36845,1,2,0,6,3,-5.737189330573208,5.737189330573208,p@p°ze,anti_homophones
36846,1,0,0,7,3,-8.0380998612868,8.0380998612868,apesjOm,anti_homophones
36847,1,1,0,7,3,-6.750175227062913,6.750175227062913,kanadj5,anti_homophones
36848,1,4,0,7,3,-4.957714695770616,4.957714695770616,patifje,anti_homophones
36849,1,0,0,10,3,-7.194704474589209,7.194704474589209,pRekRipt9R,anti_homophones
36850,1,0,0,8,3,-8.306936554096582,8.306936554096582,tR@ploRe,anti_homophones
36851,1,0,0,6,3,-6.268148381509468,6.268148381509468,neveR@,anti_homophones
36852,1,3,0,6,3,-5.667321266921824,5.667321266921824,satike,anti_homophones
36853,1,0,0,7,3,-6.934617584052689,6.934617584052689,5tRavaj,anti_homophones
36854,1,0,0,8,3,-8.438587115481752,8.438587115481752,smagoZEn,anti_homophones
36855,1,3,0,6,3,-6.019482087442546,6.019482087442546,m@dem@,anti_homophones
36856,1,0,0,8,3,-7.819885839342156,7.819885839342156,pamORtyR,anti_homophones
36857,1,0,0,6,3,-6.698063581631801,6.698063581631801,aRtuj2,anti_homophones
36858,1,4,0,6,3,-5.9831712103299335,5.9831712103299335,paRage,anti_homophones
36859,1,4,0,5,3,-4.944666574940498,4.944666574940498,at@dy,anti_homophones
36860,1,0,0,8,3,-7.7695690671742215,7.7695690671742215,baRdim@s,anti_homophones
36861,1,0,0,10,3,-7.923354448505729,7.923354448505729,paRtRwad9R,anti_homophones
36862,1,1,0,6,3,-6.945157567372133,6.945157567372133,tal°z@,anti_homophones
36863,1,1,0,8,3,-6.5871080352062705,6.5871080352062705,mwaz°l9R,anti_homophones
36864,1,1,0,9,3,-6.587299288309526,6.587299288309526,paRt@sjEl,anti_homophones
36865,1,0,0,9,3,-8.789247579696173,8.789247579696173,gRadajabl,anti_homophones
36866,1,0,0,9,3,-7.095277593348787,7.095277593348787,tR@sgRam@,anti_homophones
36867,1,6,0,5,3,-5.340388000539798,5.340388000539798,@pije,anti_homophones
36868,1,2,0,6,3,-5.823555610559787,5.823555610559787,v@tone,anti_homophones
36869,1,12,0,7,3,-4.925417103120617,4.925417103120617,detasj§,anti_homophones
36870,1,0,0,8,3,-7.574004287002824,7.574004287002824,degRanEt,anti_homophones
36871,1,2,0,5,3,-5.347606231486444,5.347606231486444,enEZe,anti_homophones
36872,1,0,0,7,3,-7.165470473546827,7.165470473546827,v@tufle,anti_homophones
36873,1,1,0,5,3,-6.3126140413515675,6.3126140413515675,iRama,anti_homophones
36874,1,0,0,8,3,-9.024849126380156,9.024849126380156,s8ifeR9R,anti_homophones
36875,1,1,0,7,3,-6.513300112450986,6.513300112450986,R°kuRbi,anti_homophones
36876,1,0,0,7,3,-8.037753955072965,8.037753955072965,Zezital,anti_homophones
36877,1,0,0,6,3,-8.040397933926744,8.040397933926744,dafeRa,anti_homophones
36878,1,0,0,7,3,-7.334095891801084,7.334095891801084,mikopik,anti_homophones
36879,1,0,0,8,3,-7.59621687045374,7.59621687045374,baRkylOm,anti_homophones
36880,1,0,0,7,3,-7.279418910817406,7.279418910817406,sOmnibi,anti_homophones
36881,1,0,0,8,3,-6.365994654704051,6.365994654704051,bOjkotik,anti_homophones
36882,1,0,0,6,3,-6.408453050858486,6.408453050858486,@SERSe,anti_homophones
36883,1,0,0,7,3,-7.449343061329702,7.449343061329702,R°batEk,anti_homophones
36884,1,0,0,8,3,-7.975932960857167,7.975932960857167,kaskylta,anti_homophones
36885,1,0,0,6,3,-6.069854271671413,6.069854271671413,R°fiSy,anti_homophones
36886,1,1,0,8,3,-6.554841382078587,6.554841382078587,kOktasj§,anti_homophones
36887,1,1,0,7,3,-7.529412546277991,7.529412546277991,R°nabiR,anti_homophones
36888,1,0,0,8,3,-8.56571085220568,8.56571085220568,sibitRaZ,anti_homophones
36889,1,0,0,8,3,-6.22263352890623,6.22263352890623,R°klyzik,anti_homophones
36890,1,0,0,8,3,-8.829500254877841,8.829500254877841,swajutis,anti_homophones
36891,1,0,0,9,3,-10.949696812336033,10.949696812336033,aRbRj@taS,anti_homophones
36892,1,0,0,8,3,-7.11022758305491,7.11022758305491,5tR@plwa,anti_homophones
36893,1,0,0,8,3,-8.103700217341338,8.103700217341338,gastatin,anti_homophones
36894,1,1,0,6,3,-7.399153015348695,7.399153015348695,deZipa,anti_homophones
36895,1,0,0,7,3,-6.2913842362522185,6.2913842362522185,gRavide,anti_homophones
36896,1,0,0,7,3,-6.467686191753673,6.467686191753673,lytilEn,anti_homophones
36897,1,0,0,7,3,-6.7951099737677065,6.7951099737677065,bobOldo,anti_homophones
36898,1,0,0,7,3,-6.1622134810293145,6.1622134810293145,egomEtR,anti_homophones
36899,1,5,0,5,3,-5.082982283749151,5.082982283749151,5syRe,anti_homophones
36900,1,2,0,7,3,-6.119258443765814,6.119258443765814,Eskip9R,anti_homophones
36901,1,3,0,6,3,-5.438192407889676,5.438192407889676,Zakyze,anti_homophones
36902,1,0,0,7,3,-7.624145272044366,7.624145272044366,p§tenik,anti_homophones
36903,1,4,0,6,3,-5.098058601592897,5.098058601592897,pak°Ri,anti_homophones
36904,1,1,0,6,3,-5.664257047630817,5.664257047630817,R°vuly,anti_homophones
36905,1,9,0,7,3,-5.261023659797421,5.261023659797421,titasj§,anti_homophones
36906,1,1,0,7,3,-5.474320408053384,5.474320408053384,semisj§,anti_homophones
36907,1,0,0,7,3,-7.072446031782684,7.072446031782684,somaniS,anti_homophones
36908,1,0,0,8,3,-6.519413129861814,6.519413129861814,k§ploz9R,anti_homophones
36909,1,10,0,7,3,-5.02678331163003,5.02678331163003,p@tasj§,anti_homophones
36910,1,4,0,6,3,-5.325584287499912,5.325584287499912,R°v@Se,anti_homophones
36911,1,0,0,6,3,-6.0759074123340095,6.0759074123340095,amuREt,anti_homophones
36912,1,0,0,9,3,-8.018867607633958,8.018867607633958,flaZEstRe,anti_homophones
36913,1,1,0,7,3,-5.585171976278184,5.585171976278184,fenoZEn,anti_homophones
36914,1,0,0,7,3,-7.107492334368431,7.107492334368431,djeteRe,anti_homophones
36915,1,0,0,8,3,-7.9998176763919036,7.9998176763919036,k§pylaRZ,anti_homophones
36916,1,0,0,6,3,-6.208028035447888,6.208028035447888,satyle,anti_homophones
36917,1,0,0,6,3,-6.792266913736405,6.792266913736405,egamEn,anti_homophones
36918,1,1,0,7,3,-6.062327660340348,6.062327660340348,EgzoRj2,anti_homophones
36919,1,0,0,12,3,-11.132320323343764,11.132320323343764,listEkspjEgl,anti_homophones
36920,1,1,0,8,3,-5.571130142888401,5.571130142888401,fylgasj§,anti_homophones
36921,1,1,0,5,3,-6.46551182719105,6.46551182719105,esolE,anti_homophones
36922,1,0,0,8,3,-8.300958272721546,8.300958272721546,ljER°miz,anti_homophones
36923,1,3,0,5,3,-5.293687009554529,5.293687009554529,ep°Ri,anti_homophones
36924,1,0,0,6,3,-5.97275770615943,5.97275770615943,abwaz§,anti_homophones
36925,1,1,0,6,3,-6.569745778254068,6.569745778254068,@tREse,anti_homophones
36926,1,0,0,6,3,-6.241162785308219,6.241162785308219,R@baRi,anti_homophones
36927,1,0,0,7,3,-5.473170762936191,5.473170762936191,fakt°m@,anti_homophones
36928,1,0,0,8,3,-8.892627087514915,8.892627087514915,val°bjER,anti_homophones
36929,1,1,0,7,3,-6.633280181294149,6.633280181294149,pjaj°RE,anti_homophones
36930,1,1,0,7,3,-8.525195878464373,8.525195878464373,S@vERnE,anti_homophones
36931,1,0,0,8,3,-6.054762126577,6.054762126577,fOlOZist,anti_homophones
36932,1,1,0,7,3,-4.902481588363754,4.902481588363754,k§vwaje,anti_homophones
36933,1,2,0,6,3,-6.333687535536936,6.333687535536936,Zenote,anti_homophones
36934,1,0,0,7,3,-6.328165464460694,6.328165464460694,defin@t,anti_homophones
36935,1,0,0,8,3,-8.981061092036501,8.981061092036501,lipRinj5,anti_homophones
36936,1,4,0,5,3,-5.636728092891683,5.636728092891683,5lase,anti_homophones
36937,1,0,0,9,3,-8.121153914427968,8.121153914427968,fuRvwatv5,anti_homophones
36938,1,1,0,7,3,-5.856711414133743,5.856711414133743,akyltik,anti_homophones
36939,1,0,0,7,3,-7.502589008779896,7.502589008779896,fabRezi,anti_homophones
36940,1,2,0,7,3,-6.821278356873639,6.821278356873639,militiR,anti_homophones
36941,1,0,0,8,3,-9.862780429917509,9.862780429917509,Resj@tRo,anti_homophones
36942,1,0,0,9,3,-8.592224484996377,8.592224484996377,fRomElwEt,anti_homophones
36943,1,3,0,7,3,-5.720396751649425,5.720396751649425,pR§t°m@,anti_homophones
36944,1,1,0,8,3,-6.565450317864832,6.565450317864832,toRj@t9R,anti_homophones
36945,1,0,0,8,3,-6.934951635897614,6.934951635897614,sypsEs9R,anti_homophones
36946,1,0,0,6,3,-6.010322816830078,6.010322816830078,R°byfE,anti_homophones
36947,1,0,0,6,3,-7.556902210438437,7.556902210438437,dydisu,anti_homophones
36948,1,0,0,8,3,-9.031303679324267,9.031303679324267,Estyssys,anti_homophones
36949,1,0,0,7,3,-6.652493855784769,6.652493855784769,myzilEn,anti_homophones
36950,1,0,0,9,3,-8.652024343974906,8.652024343974906,SaRtodizm,anti_homophones
36951,1,2,0,6,3,-5.901334604281114,5.901334604281114,talone,anti_homophones
36952,1,0,0,7,3,-7.523039276013228,7.523039276013228,debaRni,anti_homophones
36953,1,1,0,6,3,-5.767404737688816,5.767404737688816,5tuSEt,anti_homophones
36954,1,2,0,5,3,-5.7282014770179,5.7282014770179,@gis@,anti_homophones
36955,1,0,0,8,3,-9.349619550384737,9.349619550384737,kRetylis,anti_homophones
36956,1,0,0,6,3,-6.339034514642432,6.339034514642432,kykybe,anti_homophones
36957,1,0,0,7,3,-6.570277424228424,6.570277424228424,galadRe,anti_homophones
36958,1,0,0,8,3,-7.439680885817597,7.439680885817597,peRapitS,anti_homophones
36959,1,0,0,6,3,-6.5688116002119985,6.5688116002119985,tel5ge,anti_homophones
36960,1,0,0,7,3,-6.916283695298392,6.916283695298392,mus°REt,anti_homophones
36961,1,0,0,9,3,-6.17207895173403,6.17207895173403,poljomEtR,anti_homophones
36962,1,1,0,6,3,-5.914600924925926,5.914600924925926,paRap§,anti_homophones
36963,1,4,0,6,3,-5.454582884275321,5.454582884275321,kolem@,anti_homophones
36964,1,1,0,8,3,-6.6511922124680645,6.6511922124680645,syRfizj§,anti_homophones
36965,1,0,0,10,3,-8.047886680189649,8.047886680189649,gRavajsbEs,anti_homophones
36966,1,2,0,7,3,-5.476750914235594,5.476750914235594,fRil°m@,anti_homophones
36967,1,1,0,7,3,-5.85164472580782,5.85164472580782,R2k8ite,anti_homophones
36968,1,1,0,6,3,-6.526941671201548,6.526941671201548,egafOn,anti_homophones
36969,1,0,0,7,3,-7.130120320720991,7.130120320720991,s@t°nEl,anti_homophones
36970,1,1,0,7,3,-6.4769969284412,6.4769969284412,byvable,anti_homophones
36971,1,0,0,8,3,-4.47030896295862,4.47030896295862,k§tRasj§,anti_homophones
36972,1,1,0,6,3,-5.524849147295799,5.524849147295799,aRZ@te,anti_homophones
36973,1,1,0,5,3,-6.554796466507566,6.554796466507566,iRoin,anti_homophones
36974,1,2,0,7,3,-6.142481458280278,6.142481458280278,eplyvj5,anti_homophones
36975,1,1,0,7,3,-5.8705615083936955,5.8705615083936955,b@dat9R,anti_homophones
36976,1,2,0,7,3,-6.5377305114366,6.5377305114366,@gRifje,anti_homophones
36977,1,0,0,8,3,-7.925143742304958,7.925143742304958,fERtygEz,anti_homophones
36978,1,0,0,7,3,-7.789808570422835,7.789808570422835,kanitim,anti_homophones
36979,1,9,0,5,3,-5.701422086663053,5.701422086663053,osine,anti_homophones
36980,1,0,0,8,3,-9.929178254180535,9.929178254180535,l5famEnt,anti_homophones
36981,1,0,0,7,3,-6.072536240206977,6.072536240206977,buRisaZ,anti_homophones
36982,1,2,0,6,3,-5.497050062195714,5.497050062195714,5t@sj5,anti_homophones
36983,1,0,0,7,3,-7.547734817668623,7.547734817668623,kRoniba,anti_homophones
36984,1,1,0,8,3,-4.792624868244692,4.792624868244692,sERvat9R,anti_homophones
36985,1,0,0,6,3,-5.812707219884551,5.812707219884551,kupeEn,anti_homophones
36986,1,0,0,8,3,-6.995110370352956,6.995110370352956,b§swasj§,anti_homophones
36987,1,0,0,8,3,-6.437931902953874,6.437931902953874,paRaktys,anti_homophones
36988,1,0,0,9,3,-6.711423510253746,6.711423510253746,flebRasj§,anti_homophones
36989,1,0,0,7,3,-5.011541061203097,5.011541061203097,pRopoze,anti_homophones
36990,1,1,0,8,3,-5.700241956827959,5.700241956827959,s8ikasj§,anti_homophones
36991,1,0,0,8,3,-7.127252831638682,7.127252831638682,pERsElto,anti_homophones
36992,1,1,0,7,3,-6.42070421198996,6.42070421198996,nebR@Se,anti_homophones
36993,1,1,0,10,3,-5.772679521185664,5.772679521185664,tR@sdyksj§,anti_homophones
36994,1,1,0,6,3,-5.83216291738587,5.83216291738587,@fluaZ,anti_homophones
36995,1,0,0,7,3,-8.084170718090505,8.084170718090505,mamElif,anti_homophones
36996,1,0,0,5,3,-6.846222872142948,6.846222872142948,koaku,anti_homophones
36997,1,19,0,6,3,-4.623580882263276,4.623580882263276,pat°m@,anti_homophones
36998,1,0,0,9,3,-6.233979731618573,6.233979731618573,kwadRijaR,anti_homophones
36999,1,0,0,9,3,-8.197588226890101,8.197588226890101,p5sEptizm,anti_homophones
37000,1,4,0,6,3,-4.913644843292799,4.913644843292799,otomik,anti_homophones
37001,1,1,0,5,3,-6.052028674162149,6.052028674162149,koReo,anti_homophones
37002,1,2,0,6,3,-6.339530295553904,6.339530295553904,makike,anti_homophones
37003,1,1,0,7,3,-7.009166123658046,7.009166123658046,metist@,anti_homophones
37004,1,8,0,5,3,-5.633796549746096,5.633796549746096,anane,anti_homophones
37005,1,0,0,7,3,-6.455604164343029,6.455604164343029,s@tRafi,anti_homophones
37006,1,2,0,6,3,-6.346789840110254,6.346789840110254,debil2,anti_homophones
37007,1,0,0,8,3,-6.22554453111919,6.22554453111919,simaZist,anti_homophones
37008,1,9,0,6,3,-5.528854595260347,5.528854595260347,feRite,anti_homophones
37009,1,2,0,6,3,-5.613122933701914,5.613122933701914,etOlOg,anti_homophones
37010,1,0,0,7,3,-7.624907747318438,7.624907747318438,pinatys,anti_homophones
37011,1,4,0,5,3,-7.965423973206193,7.965423973206193,@aRad,anti_homophones
37012,1,0,0,6,3,-8.07849527828318,8.07849527828318,5gRam2,anti_homophones
37013,1,0,0,6,3,-8.362021278840915,8.362021278840915,punEt2,anti_homophones
37014,1,3,0,5,3,-8.207717310295553,8.207717310295553,ekuje,anti_homophones
37015,1,1,0,6,3,-7.63146950491416,7.63146950491416,maSOte,anti_homophones
37016,1,0,0,10,3,-8.715614228803375,8.715614228803375,fl9RtREj9R,anti_homophones
37017,1,0,0,8,3,-7.705867505808252,7.705867505808252,klavERt@,anti_homophones
37018,1,1,0,7,3,-5.319671271213307,5.319671271213307,elEkt82,anti_homophones
37019,1,1,0,8,3,-5.846453161084058,5.846453161084058,kRealist,anti_homophones
37020,1,0,0,6,3,-6.883673558063915,6.883673558063915,@mER5t,anti_homophones
37021,1,0,0,9,3,-8.299420468602213,8.299420468602213,bOskORdij,anti_homophones
37022,1,3,0,6,3,-5.887938908601491,5.887938908601491,fil9Re,anti_homophones
37023,1,0,0,8,3,-8.873610817782065,8.873610817782065,bR@led@t,anti_homophones
37024,1,0,0,7,3,-6.769209264514689,6.769209264514689,kOsteRi,anti_homophones
37025,1,2,0,6,3,-5.762369647697488,5.762369647697488,apRole,anti_homophones
37026,1,0,0,7,3,-7.050738798358576,7.050738798358576,gazimaZ,anti_homophones
37027,1,0,0,7,3,-6.951909368339113,6.951909368339113,@sORbEt,anti_homophones
37028,1,1,0,6,3,-6.336989324198804,6.336989324198804,m@tali,anti_homophones
37029,1,1,0,6,3,-7.28272966755577,7.28272966755577,aRig9l,anti_homophones
37030,1,0,0,7,3,-5.325823511042048,5.325823511042048,pjOn°m@,anti_homophones
37031,1,0,0,8,3,-6.648099086740019,6.648099086740019,navinizm,anti_homophones
37032,1,0,0,8,3,-7.617729455296456,7.617729455296456,degRafR@,anti_homophones
37033,1,0,0,6,3,-5.615762277081678,5.615762277081678,eg8ijo,anti_homophones
37034,1,0,0,8,3,-6.740206047565253,6.740206047565253,s5ptomin,anti_homophones
37035,1,1,0,5,3,-5.814438288736691,5.814438288736691,ko5si,anti_homophones
37036,1,6,0,6,3,-6.078070046634281,6.078070046634281,sodite,anti_homophones
37037,1,3,0,6,3,-6.6551589656899806,6.6551589656899806,ginite,anti_homophones
37038,1,0,0,8,3,-7.88061049452405,7.88061049452405,EgzaRdij,anti_homophones
37039,1,0,0,8,3,-7.451786792229805,7.451786792229805,dipson9R,anti_homophones
37040,1,0,0,7,3,-8.424988533488307,8.424988533488307,k°Rotal,anti_homophones
37041,1,4,0,6,3,-5.734574529321583,5.734574529321583,pin°Ri,anti_homophones
37042,1,0,0,7,3,-5.403544344336796,5.403544344336796,astityd,anti_homophones
37043,1,0,0,6,3,-6.084994388089483,6.084994388089483,takiN§,anti_homophones
37044,1,0,0,8,3,-7.03869187962007,7.03869187962007,Sikjetik,anti_homophones
37045,1,0,0,7,3,-7.429641592519632,7.429641592519632,egalj@s,anti_homophones
37046,1,0,0,8,3,-7.655215132427594,7.655215132427594,nigduble,anti_homophones
37047,1,2,0,6,3,-7.137799996273824,7.137799996273824,akl@de,anti_homophones
37048,1,2,0,6,3,-6.800318573281196,6.800318573281196,fagoZe,anti_homophones
37049,1,0,0,6,3,-6.975811645071862,6.975811645071862,yminEd,anti_homophones
37050,1,0,0,8,3,-7.810435643738917,7.810435643738917,fRyktibe,anti_homophones
37051,1,2,0,5,3,-6.792490485533784,6.792490485533784,igule,anti_homophones
37052,1,2,1,6,3,-5.399847814421823,5.399847814421823,Z°nuje,anti_homophones
37053,1,0,0,6,3,-6.181916371902765,6.181916371902765,R@peR@,anti_homophones
37054,1,1,0,6,3,-7.608002174102197,7.608002174102197,ustezi,anti_homophones
37055,1,0,1,7,3,-5.207909949336149,5.207909949336149,bERZ°m@,anti_homophones
37056,1,0,0,6,3,-6.033467635952135,6.033467635952135,R°but§,anti_homophones
37057,1,0,0,8,3,-9.668984180630108,9.668984180630108,d§pt8Eto,anti_homophones
37058,1,0,0,6,3,-8.868706411486798,8.868706411486798,5pElEs,anti_homophones
37059,1,3,0,7,3,-5.408470300883062,5.408470300883062,5pORtik,anti_homophones
37060,1,0,0,8,3,-7.752060941958158,7.752060941958158,5flafl9R,anti_homophones
37061,1,0,0,7,3,-6.961029685280404,6.961029685280404,ekRoSEz,anti_homophones
37062,1,0,0,8,3,-7.267146481298739,7.267146481298739,puRsjam@,anti_homophones
37063,1,0,0,7,3,-7.286926828237466,7.286926828237466,agReZyZ,anti_homophones
37064,1,0,0,7,3,-6.99374245250566,6.99374245250566,kwaz°R§,anti_homophones
37065,1,3,0,6,3,-5.942078086298306,5.942078086298306,devani,anti_homophones
37066,1,7,0,5,3,-5.345853462697944,5.345853462697944,epiz@,anti_homophones
37067,1,0,0,7,3,-8.347014969314458,8.347014969314458,ebwajys,anti_homophones
37068,1,1,0,7,3,-6.743695072333286,6.743695072333286,k§tinil,anti_homophones
37069,1,1,0,6,3,-6.081523079212237,6.081523079212237,gazoZi,anti_homophones
37070,1,0,0,7,3,-6.579913410419913,6.579913410419913,vERsede,anti_homophones
37071,1,0,0,7,3,-6.312681936387436,6.312681936387436,balbine,anti_homophones
37072,1,0,0,6,3,-5.638549402207746,5.638549402207746,kamase,anti_homophones
37073,1,0,0,6,3,-5.532630617146558,5.532630617146558,popyla,anti_homophones
37074,1,1,0,7,3,-6.495924104205526,6.495924104205526,inaRizm,anti_homophones
37075,1,1,0,6,3,-6.498411362505209,6.498411362505209,@tREt@,anti_homophones
37076,1,0,0,9,3,-8.944425505307642,8.944425505307642,flESmanEt,anti_homophones
37077,1,2,0,7,3,-6.34913152376688,6.34913152376688,delist@,anti_homophones
37078,1,2,0,7,3,-5.603954889539567,5.603954889539567,ipERsif,anti_homophones
37079,1,0,0,8,3,-6.938888250801872,6.938888250801872,pRopinas,anti_homophones
37080,1,0,0,7,3,-9.51204159099285,9.51204159099285,idSip9l,anti_homophones
37081,1,1,0,7,3,-5.941348616008792,5.941348616008792,bobinER,anti_homophones
37082,1,0,0,7,3,-6.465927665808542,6.465927665808542,kamufEn,anti_homophones
37083,1,0,0,6,3,-6.998124416284434,6.998124416284434,ZiRoko,anti_homophones
37084,1,0,0,7,3,-6.171742203744392,6.171742203744392,aRdisj§,anti_homophones
37085,1,0,0,9,3,-5.881379062971896,5.881379062971896,k§st@sjER,anti_homophones
37086,1,0,0,8,3,-7.868508197178267,7.868508197178267,vylEpsj§,anti_homophones
37087,1,2,0,6,3,-6.149697477409454,6.149697477409454,amilit,anti_homophones
37088,1,0,0,6,3,-6.11642074208078,6.11642074208078,dem§so,anti_homophones
37089,1,1,0,8,3,-4.703246559094068,4.703246559094068,k§Z§ksj§,anti_homophones
37090,1,2,0,5,3,-4.942248394748726,4.942248394748726,ot°Ri,anti_homophones
37091,1,0,0,6,3,-5.643354620997365,5.643354620997365,idjote,anti_homophones
37092,1,0,0,8,3,-5.618923577747191,5.618923577747191,EkspRime,anti_homophones
37093,1,0,0,7,3,-7.342508303241588,7.342508303241588,kakozj§,anti_homophones
37094,1,0,0,6,3,-6.900412994772277,6.900412994772277,sulis@,anti_homophones
37095,1,2,0,6,3,-5.969666056975553,5.969666056975553,k§pat2,anti_homophones
37096,1,0,0,6,3,-6.730201932402324,6.730201932402324,komon2,anti_homophones
37097,1,1,0,6,3,-6.260007590739706,6.260007590739706,monase,anti_homophones
37098,1,0,0,7,3,-6.088627319834495,6.088627319834495,spekyle,anti_homophones
37099,1,2,0,6,3,-5.87102697700546,5.87102697700546,fym°te,anti_homophones
37100,1,0,0,8,3,-6.794597497329368,6.794597497329368,pORtyREt,anti_homophones
37101,1,2,0,6,3,-6.292796965178961,6.292796965178961,R2bine,anti_homophones
37102,1,0,0,7,3,-9.217927637841468,9.217927637841468,sikl9gi,anti_homophones
37103,1,3,0,5,3,-5.467633379407212,5.467633379407212,eSape,anti_homophones
37104,1,4,0,6,3,-6.715765558357635,6.715765558357635,l9n°m@,anti_homophones
37105,1,8,0,5,3,-5.999410272675598,5.999410272675598,epiR@,anti_homophones
37106,1,0,0,8,3,-7.405944454052872,7.405944454052872,av9gstER,anti_homophones
37107,1,0,0,9,3,-5.490810610493078,5.490810610493078,filtRasj§,anti_homophones
37108,1,0,0,7,3,-7.091077222542744,7.091077222542744,patytyR,anti_homophones
37109,1,0,0,7,3,-5.886396938817319,5.886396938817319,S°vRije,anti_homophones
37110,1,4,0,6,3,-6.279395219583962,6.279395219583962,kavone,anti_homophones
37111,1,10,0,7,3,-5.178771529739475,5.178771529739475,bylasj§,anti_homophones
37112,1,0,0,7,3,-6.429564609887012,6.429564609887012,egutjEm,anti_homophones
37113,1,0,0,7,3,-7.115033199976065,7.115033199976065,apsodj2,anti_homophones
37114,1,2,0,6,3,-5.9108855235495374,5.9108855235495374,t@buRi,anti_homophones
37115,1,0,0,6,3,-7.494632923415329,7.494632923415329,Sofut2,anti_homophones
37116,1,1,0,6,3,-5.880007435059725,5.880007435059725,5d@tif,anti_homophones
37117,1,8,0,7,3,-4.691153822570756,4.691153822570756,v@tasj§,anti_homophones
37118,1,4,0,7,3,-5.059391263557501,5.059391263557501,skal°m@,anti_homophones
37119,1,0,0,9,3,-9.723520692040967,9.723520692040967,apsodjakl,anti_homophones
37120,1,0,0,6,3,-6.410304720914928,6.410304720914928,k§kas@,anti_homophones
37121,1,1,0,7,3,-7.169581813386422,7.169581813386422,dZEN°m@,anti_homophones
37122,1,0,0,7,3,-8.185139779547967,8.185139779547967,omegast,anti_homophones
37123,1,0,0,7,3,-6.633821112445621,6.633821112445621,pEpERse,anti_homophones
37124,1,0,0,7,3,-7.0861585261208635,7.0861585261208635,syRRase,anti_homophones
37125,1,2,0,5,3,-5.2236959024676475,5.2236959024676475,5k§py,anti_homophones
37126,1,0,0,8,3,-8.282677257398285,8.282677257398285,dRomit9R,anti_homophones
37127,1,0,0,7,3,-9.04933892735853,9.04933892735853,memofR5,anti_homophones
37128,1,0,0,8,3,-6.538376513329288,6.538376513329288,spaRatif,anti_homophones
37129,1,0,0,7,3,-8.035838388335911,8.035838388335911,fiSaRl5,anti_homophones
37130,1,0,0,8,3,-7.589186937721498,7.589186937721498,skRipite,anti_homophones
37131,1,0,0,7,3,-6.053254482297087,6.053254482297087,l2kot9R,anti_homophones
37132,1,0,0,7,3,-6.798674019685413,6.798674019685413,inamjEl,anti_homophones
37133,1,2,0,7,3,-6.364843721000859,6.364843721000859,tRibute,anti_homophones
37134,1,1,0,7,3,-6.23748185057202,6.23748185057202,polidit,anti_homophones
37135,1,0,0,8,3,-6.851862955111528,6.851862955111528,pRov°REl,anti_homophones
37136,1,1,0,6,3,-6.985793146310545,6.985793146310545,dekabe,anti_homophones
37137,1,0,0,7,3,-7.745824857878949,7.745824857878949,kobRide,anti_homophones
37138,1,2,0,7,3,-6.160109041548886,6.160109041548886,5tERmiz,anti_homophones
37139,1,0,0,7,3,-7.602600622132555,7.602600622132555,takOsme,anti_homophones
37140,1,0,0,8,3,-8.94304977963736,8.94304977963736,ReZ@b9Rn,anti_homophones
37141,1,1,0,6,3,-7.05169774965616,7.05169774965616,asakRi,anti_homophones
37142,1,0,0,7,3,-7.3605603621924605,7.3605603621924605,EskaRt§,anti_homophones
37143,1,2,0,6,3,-6.632565960136668,6.632565960136668,@gORde,anti_homophones
37144,1,2,0,6,3,-5.599582639125966,5.599582639125966,matomi,anti_homophones
37145,1,0,0,7,3,-7.20288172167002,7.20288172167002,mOREzin,anti_homophones
37146,1,1,0,7,3,-5.426893721131375,5.426893721131375,debR@Se,anti_homophones
37147,1,2,0,7,3,-5.531670238414347,5.531670238414347,5tERniS,anti_homophones
37148,1,1,0,7,3,-6.574765988107447,6.574765988107447,RefEsj§,anti_homophones
37149,1,0,0,6,3,-5.574455745790563,5.574455745790563,fobine,anti_homophones
37150,1,2,0,6,3,-5.572110909247684,5.572110909247684,denyme,anti_homophones
37151,1,0,0,6,3,-6.920516906886074,6.920516906886074,RabySe,anti_homophones
37152,1,0,0,8,3,-5.939716253540886,5.939716253540886,telefist,anti_homophones
37153,1,0,0,8,3,-5.782160474546348,5.782160474546348,depORtaZ,anti_homophones
37154,1,1,0,6,3,-6.088920989306091,6.088920989306091,kapija,anti_homophones
37155,1,4,0,5,3,-6.240601191404556,6.240601191404556,@k§ba,anti_homophones
37156,1,0,0,7,3,-6.483778101371816,6.483778101371816,tominj5,anti_homophones
37157,1,4,0,7,3,-5.8272706536830245,5.8272706536830245,sikylER,anti_homophones
37158,1,1,0,6,3,-5.549295875113016,5.549295875113016,kol§Ze,anti_homophones
37159,1,0,0,7,3,-6.6071518411785535,6.6071518411785535,k§tanEt,anti_homophones
37160,1,0,0,9,3,-6.431996585352216,6.431996585352216,vERseksj§,anti_homophones
37161,1,1,0,6,3,-6.648273904975648,6.648273904975648,tizite,anti_homophones
37162,1,0,0,5,3,-5.826543565863086,5.826543565863086,et5ge,anti_homophones
37163,1,0,0,6,3,-5.366732831649441,5.366732831649441,t§b°Ri,anti_homophones
37164,1,0,0,8,3,-8.846686732931158,8.846686732931158,sistatij,anti_homophones
37165,1,0,0,7,3,-7.389154537979313,7.389154537979313,f@tonit,anti_homophones
37166,1,0,0,7,3,-8.65587365070397,8.65587365070397,odizERv,anti_homophones
37167,1,0,0,9,3,-9.648967836903832,9.648967836903832,palmasjan,anti_homophones
37168,1,5,0,6,3,-4.981329523687052,4.981329523687052,tiR°m@,anti_homophones
37169,1,0,0,7,3,-5.55245220896225,5.55245220896225,fagonik,anti_homophones
37170,1,10,0,6,3,-4.80006938487933,4.80006938487933,miS°m@,anti_homophones
37171,1,0,0,7,3,-7.646458289677828,7.646458289677828,RotERp@,anti_homophones
37172,1,0,0,6,3,-7.129000060781937,7.129000060781937,tubad@,anti_homophones
37173,1,0,0,7,3,-7.454101892181884,7.454101892181884,Rav°dEn,anti_homophones
37174,1,0,0,7,3,-7.096243722461958,7.096243722461958,RezORto,anti_homophones
37175,1,1,0,6,3,-5.857498211273442,5.857498211273442,buk°t§,anti_homophones
37176,1,0,0,8,3,-8.020180992386457,8.020180992386457,tab°zabl,anti_homophones
37177,1,0,0,7,3,-6.172371062922031,6.172371062922031,dezakOt,anti_homophones
37178,1,0,0,6,3,-7.416700233372559,7.416700233372559,Reomj§,anti_homophones
37179,1,0,0,7,3,-7.003019851338932,7.003019851338932,@gwanje,anti_homophones
37180,1,0,0,8,3,-7.063197306661103,7.063197306661103,kalkom@s,anti_homophones
37181,1,0,0,6,3,-6.529792955637565,6.529792955637565,melozo,anti_homophones
37182,1,0,0,7,3,-6.79019017416878,6.79019017416878,aRgulad,anti_homophones
37183,1,7,0,6,3,-4.842052273875493,4.842052273875493,sim°m@,anti_homophones
37184,1,0,0,6,3,-7.913636107303052,7.913636107303052,eRemys,anti_homophones
37185,1,3,0,6,3,-5.209558324574965,5.209558324574965,sin°Ri,anti_homophones
37186,1,3,0,8,3,-5.773526042199877,5.773526042199877,RokRasj§,anti_homophones
37187,1,0,0,7,3,-7.096458733796031,7.096458733796031,dobERte,anti_homophones
37188,1,0,0,7,3,-7.123964183025442,7.123964183025442,5disfEm,anti_homophones
37189,1,0,0,7,3,-8.706958911812135,8.706958911812135,sebelas,anti_homophones
37190,1,2,0,6,3,-5.818328514305139,5.818328514305139,koman@,anti_homophones
37191,1,1,0,9,3,-6.726113483023144,6.726113483023144,k§flEktif,anti_homophones
37192,1,0,0,9,3,-7.5295924606312985,7.5295924606312985,k§stRoSiR,anti_homophones
37193,1,1,0,7,3,-5.204883433862548,5.204883433862548,@plwaje,anti_homophones
37194,1,2,0,6,3,-5.395506649117715,5.395506649117715,teleRo,anti_homophones
37195,1,0,0,8,3,-6.996187308737617,6.996187308737617,Ravigabl,anti_homophones
37196,1,0,0,9,3,-8.367281487568603,8.367281487568603,EkspRat8e,anti_homophones
37197,1,1,0,5,3,-6.340067536529086,6.340067536529086,5vEjo,anti_homophones
37198,1,1,0,6,3,-5.533264107923807,5.533264107923807,oblij§,anti_homophones
37199,1,0,0,8,3,-9.137397716917828,9.137397716917828,lot@sjaZ,anti_homophones
37200,1,0,0,7,3,-6.317947282708882,6.317947282708882,t5b@kje,anti_homophones
37201,1,0,0,7,3,-7.387659386249565,7.387659386249565,afROtik,anti_homophones
37202,1,0,0,8,3,-8.548204041833074,8.548204041833074,baRiswaN,anti_homophones
37203,1,0,0,7,3,-7.593291113945289,7.593291113945289,tebaRby,anti_homophones
37204,1,5,0,6,3,-4.859142119080056,4.859142119080056,mEm°m@,anti_homophones
37205,1,0,0,8,3,-7.63797992933784,7.63797992933784,moRaldju,anti_homophones
37206,1,0,0,10,3,-9.30345133648106,9.30345133648106,fRakRobjER,anti_homophones
37207,1,1,0,7,3,-5.953083155019306,5.953083155019306,denisj5,anti_homophones
37208,1,2,0,6,3,-6.85942446628547,6.85942446628547,k@Z°Ri,anti_homophones
37209,1,0,0,8,3,-11.534956222502725,11.534956222502725,l§divylv,anti_homophones
37210,1,0,0,8,3,-6.846124898635137,6.846124898635137,@klatwaR,anti_homophones
37211,1,0,0,6,3,-6.200339954283043,6.200339954283043,yltive,anti_homophones
37212,1,3,0,6,3,-6.0472235844927535,6.0472235844927535,dyRite,anti_homophones
37213,1,0,0,6,3,-7.335635548946245,7.335635548946245,b@k°R5,anti_homophones
37214,1,2,0,7,3,-6.056424792353224,6.056424792353224,5plis9R,anti_homophones
37215,1,0,0,7,3,-6.512709169616075,6.512709169616075,alOZist,anti_homophones
37216,1,3,0,7,3,-4.843660221321166,4.843660221321166,djalite,anti_homophones
37217,1,0,0,9,3,-7.534487995603745,7.534487995603745,kaviRZizm,anti_homophones
37218,1,0,0,7,3,-7.224189316943348,7.224189316943348,s8avij§,anti_homophones
37219,1,0,0,7,3,-8.08911201490394,8.08911201490394,baltyR5,anti_homophones
37220,1,0,0,7,3,-9.73556715106005,9.73556715106005,l§beSaR,anti_homophones
37221,1,0,0,10,3,-6.975851718534124,6.975851718534124,tR@sbORdoz,anti_homophones
37222,1,0,0,7,3,-9.571868514884123,9.571868514884123,pElikEk,anti_homophones
37223,1,0,0,9,3,-11.541503791620798,11.541503791620798,pskyltasi,anti_homophones
37224,1,1,0,7,3,-5.826101723102163,5.826101723102163,k§v°niG,anti_homophones
37225,1,3,0,6,3,-5.805748510237784,5.805748510237784,bit°Ri,anti_homophones
37226,1,0,0,7,3,-5.736655379574782,5.736655379574782,b§ZuRne,anti_homophones
37227,1,2,0,5,3,-6.535888771992043,6.535888771992043,osin@,anti_homophones
37228,1,0,0,8,3,-7.810915487158288,7.810915487158288,pyRgRij§,anti_homophones
37229,1,0,0,7,3,-8.253648609748776,8.253648609748776,bReSos@,anti_homophones
37230,1,1,0,8,3,-7.559385644482494,7.559385644482494,tORpolis,anti_homophones
37231,1,1,0,7,3,-6.35614406254725,6.35614406254725,ep8iz@s,anti_homophones
37232,1,2,0,7,3,-5.276336495335108,5.276336495335108,delylER,anti_homophones
37233,1,1,0,6,3,-5.603364086066517,5.603364086066517,imylt@,anti_homophones
37234,1,1,0,8,3,-5.656386366287489,5.656386366287489,divizibl,anti_homophones
37235,1,2,0,7,3,-5.776817416000273,5.776817416000273,elEktys,anti_homophones
37236,1,0,0,8,3,-6.716826668859513,6.716826668859513,melizabl,anti_homophones
37237,1,8,0,5,3,-6.565734232891021,6.565734232891021,aaRje,anti_homophones
37238,1,1,0,6,3,-7.258774870190662,7.258774870190662,afRivo,anti_homophones
37239,1,0,0,8,3,-8.36033055161823,8.36033055161823,smativOR,anti_homophones
37240,1,3,0,8,3,-5.29032707410569,5.29032707410569,tRibl°m@,anti_homophones
37241,1,1,0,7,3,-6.116123463326225,6.116123463326225,agastik,anti_homophones
37242,1,0,0,10,3,-8.728516820259859,8.728516820259859,myflEktRil,anti_homophones
37243,1,1,0,7,3,-6.122822464471789,6.122822464471789,depesif,anti_homophones
37244,1,0,0,8,3,-6.684757229095351,6.684757229095351,peRit8ER,anti_homophones
37245,1,0,0,6,3,-7.135042130969263,7.135042130969263,sam°R§,anti_homophones
37246,1,8,0,6,3,-5.069651337395312,5.069651337395312,dos°m@,anti_homophones
37247,1,0,0,7,3,-6.823531027841602,6.823531027841602,sypoRas,anti_homophones
37248,1,0,0,7,3,-6.695679074850031,6.695679074850031,k§fORdo,anti_homophones
37249,1,1,0,7,3,-6.21198840490956,6.21198840490956,paRsine,anti_homophones
37250,1,0,0,6,3,-7.3233481905884315,7.3233481905884315,veROpi,anti_homophones
37251,1,1,0,7,3,-5.90982959150913,5.90982959150913,RezijaZ,anti_homophones
37252,1,1,0,7,3,-4.861109433086933,4.861109433086933,REvasj§,anti_homophones
37253,1,0,0,6,3,-6.631213612497722,6.631213612497722,altin@,anti_homophones
37254,1,0,0,7,3,-7.707362749975419,7.707362749975419,blok5te,anti_homophones
37255,1,0,0,7,3,-6.31393600485056,6.31393600485056,buld5go,anti_homophones
37256,1,0,0,8,3,-9.01575194169947,9.01575194169947,degRetaf,anti_homophones
37257,1,1,0,7,3,-6.2476825923779105,6.2476825923779105,paR@tEn,anti_homophones
37258,1,0,0,7,3,-7.079242869689747,7.079242869689747,yRist@s,anti_homophones
37259,1,3,0,6,3,-5.747783879240557,5.747783879240557,sekyl@,anti_homophones
37260,1,1,0,8,3,-7.588691831874301,7.588691831874301,Zinasjal,anti_homophones
37261,1,0,0,8,3,-9.072414904316465,9.072414904316465,bEtatism,anti_homophones
37262,1,1,0,6,3,-6.008087972608365,6.008087972608365,R°keRo,anti_homophones
37263,1,0,0,7,3,-8.415490715101996,8.415490715101996,dyRetEk,anti_homophones
37264,1,0,0,7,3,-6.863578274138837,6.863578274138837,b2gl°R§,anti_homophones
37265,1,0,0,6,3,-6.39404242909454,6.39404242909454,apRog@,anti_homophones
37266,1,1,0,6,3,-6.359804683018044,6.359804683018044,apl§be,anti_homophones
37267,1,1,0,6,3,-8.115922121574842,8.115922121574842,met@Si,anti_homophones
37268,1,0,0,7,3,-7.855888047510613,7.855888047510613,lupjER2,anti_homophones
37269,1,13,0,5,3,-4.635354497028402,4.635354497028402,epine,anti_homophones
37270,1,0,0,7,3,-7.631827132542684,7.631827132542684,RivERsy,anti_homophones
37271,1,0,0,7,3,-6.606794883654077,6.606794883654077,poliRj5,anti_homophones
37272,1,0,0,8,3,-7.383202537211553,7.383202537211553,seRjalis,anti_homophones
37273,1,0,0,6,3,-7.36056125701551,7.36056125701551,bukoRe,anti_homophones
37274,1,1,0,6,3,-5.174232592382287,5.174232592382287,suvij§,anti_homophones
37275,1,0,0,7,3,-7.466517295284965,7.466517295284965,p5tatit,anti_homophones
37276,1,0,0,7,3,-6.960146275902428,6.960146275902428,patomat,anti_homophones
37277,1,2,0,8,3,-5.926192056834876,5.926192056834876,Saplasj§,anti_homophones
37278,1,3,0,6,3,-5.540266480996635,5.540266480996635,pRese@,anti_homophones
37279,1,2,0,7,3,-6.8971988682458685,6.8971988682458685,tRisem@,anti_homophones
37280,1,0,0,9,3,-8.740849470662152,8.740849470662152,tRuspeR@t,anti_homophones
37281,1,0,0,6,3,-7.285966513340082,7.285966513340082,d@tiR§,anti_homophones
37282,1,10,0,6,3,-4.846915425392304,4.846915425392304,R§d°m@,anti_homophones
37283,1,1,0,7,3,-6.696129742448998,6.696129742448998,RobatER,anti_homophones
37284,1,9,0,5,3,-5.512021800780988,5.512021800780988,efine,anti_homophones
37285,1,0,0,7,3,-5.650835202435499,5.650835202435499,avaZist,anti_homophones
37286,1,0,0,7,3,-5.794968671445393,5.794968671445393,veneRal,anti_homophones
37287,1,4,0,7,3,-4.762914433620947,4.762914433620947,lokasj§,anti_homophones
37288,1,0,0,11,3,-8.840807611467065,8.840807611467065,vREspwavRiR,anti_homophones
37289,1,1,0,7,3,-6.52380937605245,6.52380937605245,tapityR,anti_homophones
37290,1,1,0,6,3,-7.044584898743252,7.044584898743252,petuRe,anti_homophones
37291,1,0,0,6,3,-5.9428760955230215,5.9428760955230215,RapyS2,anti_homophones
37292,1,0,0,5,3,-6.99420614375812,6.99420614375812,iRyb5,anti_homophones
37293,1,1,0,5,3,-5.566745383826922,5.566745383826922,alboa,anti_homophones
37294,1,0,0,7,3,-7.970008727123955,7.970008727123955,@gREsEt,anti_homophones
37295,1,0,0,6,3,-6.742823675503452,6.742823675503452,otokom,anti_homophones
37296,1,0,0,9,3,-7.838620046568934,7.838620046568934,blaRmatif,anti_homophones
37297,1,0,0,6,3,-7.6339686655335,7.6339686655335,akelas,anti_homophones
37298,1,6,0,6,3,-5.21349028578915,5.21349028578915,@tiz9R,anti_homophones
37299,1,0,0,6,3,-5.960810290377616,5.960810290377616,tygEz§,anti_homophones
37300,1,0,0,7,3,-6.4250466296301765,6.4250466296301765,b5zEnda,anti_homophones
37301,1,0,0,8,3,-6.23430076243334,6.23430076243334,pRofilaR,anti_homophones
37302,1,0,0,8,3,-6.637561587655321,6.637561587655321,buf°tjEm,anti_homophones
37303,1,5,0,6,3,-5.9363519689816835,5.9363519689816835,epist@,anti_homophones
37304,1,0,0,9,3,-8.711038729701631,8.711038729701631,plesizibl,anti_homophones
37305,1,4,0,6,3,-5.060685866378256,5.060685866378256,Re@sj§,anti_homophones
37306,1,0,0,7,3,-7.564145058614402,7.564145058614402,inistOk,anti_homophones
37307,1,0,0,6,3,-7.439156545325799,7.439156545325799,edivEl,anti_homophones
37308,1,0,0,6,3,-5.477776106344152,5.477776106344152,Ret@dy,anti_homophones
37309,1,1,0,6,3,-7.077890106749166,7.077890106749166,silas§,anti_homophones
37310,1,0,0,8,3,-6.258879854052346,6.258879854052346,syRRenik,anti_homophones
37311,1,0,0,8,3,-7.204444064395719,7.204444064395719,palydist,anti_homophones
37312,1,0,0,8,3,-7.028080436613488,7.028080436613488,pRekyl@s,anti_homophones
37313,1,1,0,7,3,-6.524023978686476,6.524023978686476,agR@dR2,anti_homophones
37314,1,4,0,6,3,-6.5106337219643935,6.5106337219643935,alakte,anti_homophones
37315,1,0,0,7,3,-5.531774488903083,5.531774488903083,REzon9R,anti_homophones
37316,1,1,0,6,3,-5.24683607627696,5.24683607627696,m5t°n@,anti_homophones
37317,1,1,0,7,3,-5.427074830970522,5.427074830970522,eg8ij9R,anti_homophones
37318,1,0,0,6,3,-6.100557556764601,6.100557556764601,Ziz°Ri,anti_homophones
37319,1,0,0,8,3,-6.975605741639173,6.975605741639173,kokonist,anti_homophones
37320,1,1,1,7,3,-5.965214457228527,5.965214457228527,pResoRe,anti_homophones
37321,1,0,0,8,3,-7.801578249551304,7.801578249551304,Razyblik,anti_homophones
37322,1,1,0,6,3,-5.018468045458638,5.018468045458638,komyno,anti_homophones
37323,1,0,0,7,3,-7.001305400612063,7.001305400612063,dyplimi,anti_homophones
37324,1,2,0,5,3,-5.655140666344436,5.655140666344436,epaRo,anti_homophones
37325,1,0,0,8,3,-7.628352847878034,7.628352847878034,lasjoniR,anti_homophones
37326,1,2,1,6,3,-4.849201425681338,4.849201425681338,Reynje,anti_homophones
37327,1,0,0,7,3,-7.2265521740165894,7.2265521740165894,pRimEta,anti_homophones
37328,1,7,0,7,3,-5.566971692591794,5.566971692591794,kaRs°m@,anti_homophones
37329,1,0,0,9,3,-6.6455680618554664,6.6455680618554664,pRimitwaR,anti_homophones
37330,1,1,0,7,3,-5.661793187930944,5.661793187930944,nymefje,anti_homophones
37331,1,3,0,6,3,-6.401131372724794,6.401131372724794,natyR5,anti_homophones
37332,1,1,0,8,3,-7.21376760444862,7.21376760444862,libRakEt,anti_homophones
37333,1,3,0,7,3,-5.955699110046717,5.955699110046717,efiksj§,anti_homophones
37334,1,1,0,8,3,-7.10830985731271,7.10830985731271,veRutabl,anti_homophones
37335,1,1,0,5,3,-7.189590729625978,7.189590729625978,eveti,anti_homophones
37336,1,0,0,7,3,-7.626530511085807,7.626530511085807,zezEsto,anti_homophones
37337,1,0,0,10,3,-8.848158161926662,8.848158161926662,koREkstRaR,anti_homophones
37338,1,0,0,7,3,-6.842656531395576,6.842656531395576,inebRik,anti_homophones
37339,1,2,0,6,3,-5.659084599160472,5.659084599160472,debuS§,anti_homophones
37340,1,0,0,8,3,-6.810022977303167,6.810022977303167,fEblijaR,anti_homophones
37341,1,0,0,7,3,-6.612242388765991,6.612242388765991,tagonER,anti_homophones
37342,1,1,0,7,3,-5.206760473991646,5.206760473991646,degut9R,anti_homophones
37343,1,0,0,9,3,-7.1175496235800955,7.1175496235800955,maskyRabl,anti_homophones
37344,1,2,0,7,3,-6.246008676609077,6.246008676609077,abitwaR,anti_homophones
37345,1,0,0,8,3,-7.465852744991281,7.465852744991281,baRbozom,anti_homophones
37346,1,2,0,7,3,-5.792946044404721,5.792946044404721,mORt°Ri,anti_homophones
37347,1,0,0,8,3,-9.425592881117627,9.425592881117627,saglapOd,anti_homophones
37348,1,21,0,6,3,-4.416964303772401,4.416964303772401,akasj§,anti_homophones
37349,1,0,0,6,3,-7.503276175077778,7.503276175077778,5kyzaZ,anti_homophones
37350,1,0,0,8,3,-9.387315288311546,9.387315288311546,kOSOnOkR,anti_homophones
37351,1,0,0,7,3,-5.428268731307354,5.428268731307354,devj@de,anti_homophones
37352,1,0,0,6,3,-7.084391464366428,7.084391464366428,bElate,anti_homophones
37353,1,2,0,5,3,-6.586117080169958,6.586117080169958,utim@,anti_homophones
37354,1,2,0,7,3,-6.178121477464835,6.178121477464835,5paRsj§,anti_homophones
37355,1,0,0,6,3,-7.273448609928197,7.273448609928197,nebRai,anti_homophones
37356,1,0,0,6,3,-6.757590187002529,6.757590187002529,deZyd@,anti_homophones
37357,1,0,0,7,3,-6.19156366474731,6.19156366474731,Rybityd,anti_homophones
37358,1,2,0,6,3,-5.953612251213145,5.953612251213145,anityd,anti_homophones
37359,1,6,0,6,3,-4.806154462732721,4.806154462732721,R2s°m@,anti_homophones
37360,1,0,0,8,3,-8.014139593397775,8.014139593397775,vapoRjEl,anti_homophones
37361,1,0,0,6,3,-7.0186445837951865,7.0186445837951865,atRaZu,anti_homophones
37362,1,5,0,6,3,-4.895705281760414,4.895705281760414,sES°m@,anti_homophones
37363,1,0,0,6,3,-5.68191531774832,5.68191531774832,pekyze,anti_homophones
37364,1,0,0,6,3,-6.562077659748672,6.562077659748672,5dEsif,anti_homophones
37365,1,0,0,8,3,-7.908418783799429,7.908418783799429,kolabRam,anti_homophones
37366,1,4,0,5,3,-5.2309638834139855,5.2309638834139855,akyl@,anti_homophones
37367,1,1,0,7,3,-6.297953738679943,6.297953738679943,5syltiR,anti_homophones
37368,1,2,0,6,3,-4.942769198125659,4.942769198125659,Reynj§,anti_homophones
37369,1,0,0,8,3,-7.5157896969944815,7.5157896969944815,pisjonje,anti_homophones
37370,1,1,0,7,3,-7.96694998888707,7.96694998888707,t@sat9R,anti_homophones
37371,1,0,0,11,3,-9.90241037000744,9.90241037000744,lystRykst82,anti_homophones
37372,1,0,0,8,3,-7.006823004580616,7.006823004580616,tEkspesi,anti_homophones
37373,1,3,0,6,3,-6.266354114983093,6.266354114983093,maRiv@,anti_homophones
37374,1,2,0,6,3,-5.797346937884227,5.797346937884227,mik°te,anti_homophones
37375,1,0,0,7,3,-7.263737746816084,7.263737746816084,fORnit@,anti_homophones
37376,1,0,0,5,3,-8.489744725544565,8.489744725544565,akas2,anti_homophones
37377,1,2,0,6,3,-7.474538830251338,7.474538830251338,aklyRe,anti_homophones
37378,1,1,0,6,3,-5.247708298409333,5.247708298409333,teoRik,anti_homophones
37379,1,0,0,6,3,-6.038395330274851,6.038395330274851,k5kapi,anti_homophones
37380,1,0,0,6,3,-6.934679426642453,6.934679426642453,afRESi,anti_homophones
37381,1,1,0,5,3,-5.551650333251248,5.551650333251248,afiSe,anti_homophones
37382,1,0,0,6,3,-5.5990424630872235,5.5990424630872235,d°v°n@,anti_homophones
37383,1,1,0,6,3,-6.0075860142815385,6.0075860142815385,imitif,anti_homophones
37384,1,0,0,7,3,-7.493270997256561,7.493270997256561,RevOlym,anti_homophones
37385,1,0,0,7,3,-7.801089445221791,7.801089445221791,aRmadOR,anti_homophones
37386,1,0,0,7,3,-5.919643387722926,5.919643387722926,S5toist,anti_homophones
37387,1,0,0,8,3,-7.009819785578644,7.009819785578644,k§kOst9R,anti_homophones
37388,1,0,0,6,3,-6.393036679227125,6.393036679227125,ynilit,anti_homophones
37389,1,4,0,6,3,-5.300343614371821,5.300343614371821,piRize,anti_homophones
37390,1,0,0,11,3,-8.994146175431501,8.994146175431501,pliksjOnist,anti_homophones
37391,1,1,0,7,3,-6.35520902336695,6.35520902336695,nipotaZ,anti_homophones
37392,1,0,0,8,3,-6.644805961416796,6.644805961416796,RetR@sj§,anti_homophones
37393,1,0,0,8,3,-7.611047718802736,7.611047718802736,sulogRat,anti_homophones
37394,1,5,1,7,3,-4.8856646579857195,4.8856646579857195,sovasj§,anti_homophones
37395,1,3,0,6,3,-6.318556469471233,6.318556469471233,fasize,anti_homophones
37396,1,0,0,8,3,-6.765975328010913,6.765975328010913,maRZinaZ,anti_homophones
37397,1,0,0,8,3,-7.4264591616145434,7.4264591616145434,R°selEsk,anti_homophones
37398,1,0,0,8,3,-10.01086317640348,10.01086317640348,bistaN2l,anti_homophones
37399,1,0,0,6,3,-8.901733090800507,8.901733090800507,dyp°m§,anti_homophones
37400,1,0,0,7,3,-6.801002808913463,6.801002808913463,Rap°niR,anti_homophones
37401,1,0,0,6,3,-7.193514567976332,7.193514567976332,@kl@b@,anti_homophones
37402,1,6,0,6,3,-6.558276155926572,6.558276155926572,fyZ°m@,anti_homophones
37403,1,1,0,7,3,-5.755380333360651,5.755380333360651,salifje,anti_homophones
37404,1,0,0,7,3,-7.586758634287827,7.586758634287827,p°komEn,anti_homophones
37405,1,2,0,7,3,-5.41154319007082,5.41154319007082,ipERs9R,anti_homophones
37406,1,0,0,6,3,-5.407264499255781,5.407264499255781,ORbite,anti_homophones
37407,1,0,0,8,3,-6.470908336283337,6.470908336283337,desifj@s,anti_homophones
37408,1,0,0,11,3,-10.462667309801125,10.462667309801125,RefREstRakt,anti_homophones
37409,1,0,0,9,3,-8.097151127815197,8.097151127815197,tuRminwaR,anti_homophones
37410,1,3,0,7,3,-6.2884815540717875,6.2884815540717875,salid9R,anti_homophones
37411,1,1,0,5,3,-6.949117462377848,6.949117462377848,5bes@,anti_homophones
37412,1,0,0,8,3,-7.61692448590988,7.61692448590988,pwaletER,anti_homophones
37413,1,0,0,8,3,-7.773516177667745,7.773516177667745,pRevwat@,anti_homophones
37414,1,0,0,6,3,-6.956115332846861,6.956115332846861,fatiko,anti_homophones
37415,1,0,0,7,3,-6.688937776966658,6.688937776966658,alamEtR,anti_homophones
37416,1,1,0,7,3,-7.96475874062032,7.96475874062032,atRovis,anti_homophones
37417,1,0,0,7,3,-8.4867345908726,8.4867345908726,goRj@t5,anti_homophones
37418,1,1,0,7,3,-6.363669818400007,6.363669818400007,sakRupe,anti_homophones
37419,1,0,0,6,3,-7.623971559740917,7.623971559740917,aloR5t,anti_homophones
37420,1,0,0,8,3,-6.793597990764943,6.793597990764943,wiljat9R,anti_homophones
37421,1,1,0,7,3,-6.767826455980361,6.767826455980361,apERsaZ,anti_homophones
37422,1,1,0,7,3,-7.162292525523018,7.162292525523018,gamitif,anti_homophones
37423,1,3,0,6,3,-6.688298048499617,6.688298048499617,5paRl5,anti_homophones
37424,1,1,0,6,3,-6.4996031183015415,6.4996031183015415,biseRo,anti_homophones
37425,1,0,0,6,3,-5.90811538949289,5.90811538949289,@kl5Se,anti_homophones
37426,1,0,0,7,3,-7.513373029678963,7.513373029678963,liktive,anti_homophones
37427,1,0,0,8,3,-6.395378480444904,6.395378480444904,vERson@s,anti_homophones
37428,1,1,0,7,3,-6.7654577064201336,6.7654577064201336,veRilER,anti_homophones
37429,1,5,0,8,3,-5.4779315357844185,5.4779315357844185,kORtasj§,anti_homophones
37430,1,0,0,9,3,-8.792324425300562,8.792324425300562,bERglas@s,anti_homophones
37431,1,0,0,8,3,-9.433704294953602,9.433704294953602,etROpRiG,anti_homophones
37432,1,0,0,7,3,-5.9494425488414615,5.9494425488414615,S5tolOg,anti_homophones
37433,1,0,0,7,3,-6.749310575273495,6.749310575273495,paviNOl,anti_homophones
37434,1,1,0,9,3,-7.014800322224603,7.014800322224603,tR@sbORd§,anti_homophones
37435,1,1,0,6,3,-6.738320191004736,6.738320191004736,polEt@,anti_homophones
37436,1,1,0,7,3,-6.586759249766891,6.586759249766891,demokRa,anti_homophones
37437,1,0,0,7,3,-6.881517033362684,6.881517033362684,fataksi,anti_homophones
37438,1,0,0,8,3,-6.719635296201733,6.719635296201733,kRepyske,anti_homophones
37439,1,0,0,9,3,-7.605765674337009,7.605765674337009,egRiptibl,anti_homophones
37440,1,0,0,6,3,-5.889302954189818,5.889302954189818,Optim@,anti_homophones
37441,1,0,0,9,3,-10.405282306134005,10.405282306134005,def1t9bli,anti_homophones
37442,1,1,0,7,3,-6.030170282243682,6.030170282243682,OdOmEtR,anti_homophones
37443,1,0,0,7,3,-7.632860982727051,7.632860982727051,m@dR2l@,anti_homophones
37444,1,2,0,6,3,-6.015537962454512,6.015537962454512,@vazj§,anti_homophones
37445,1,0,0,8,3,-6.873785040155669,6.873785040155669,naglasj§,anti_homophones
37446,1,0,0,8,3,-8.072391329785393,8.072391329785393,vjEjozom,anti_homophones
37447,1,1,0,8,3,-6.084504162250751,6.084504162250751,sOsjat9R,anti_homophones
37448,1,0,0,8,3,-8.019659731164223,8.019659731164223,klEj@sje,anti_homophones
37449,1,1,0,7,3,-6.73066516751897,6.73066516751897,maNatyR,anti_homophones
37450,1,0,0,7,3,-7.594477486641221,7.594477486641221,gomanEt,anti_homophones
37451,1,0,0,5,3,-7.743515237972729,7.743515237972729,ReasE,anti_homophones
37452,1,0,0,9,3,-8.094927049465445,8.094927049465445,gRadikast,anti_homophones
37453,1,0,0,8,3,-5.684347736083724,5.684347736083724,k§kyltyR,anti_homophones
37454,1,0,0,7,3,-5.789592233551724,5.789592233551724,deguRm@,anti_homophones
37455,1,0,0,8,3,-7.871613137477879,7.871613137477879,tR@kaRme,anti_homophones
37456,1,0,0,7,3,-7.078340372048224,7.078340372048224,denyloz,anti_homophones
37457,1,9,0,7,3,-4.898011895332122,4.898011895332122,batasj§,anti_homophones
37458,1,2,0,6,3,-5.714134648237188,5.714134648237188,Rim°m@,anti_homophones
37459,1,0,0,7,3,-6.167792799987461,6.167792799987461,mamEnto,anti_homophones
37460,1,0,0,7,3,-7.107908291658854,7.107908291658854,veliste,anti_homophones
37461,1,0,0,6,3,-6.721109749145184,6.721109749145184,Oksil5,anti_homophones
37462,1,1,0,6,3,-6.36690421999935,6.36690421999935,§ktive,anti_homophones
37463,1,1,0,6,3,-7.174875266245601,7.174875266245601,5vjeji,anti_homophones
37464,1,0,0,8,3,-6.619540595778445,6.619540595778445,figyRZin,anti_homophones
37465,1,4,0,6,3,-5.16407926910263,5.16407926910263,kapij§,anti_homophones
37466,1,12,0,5,3,-5.158137822025138,5.158137822025138,ekyle,anti_homophones
37467,1,1,0,7,3,-5.365430727866673,5.365430727866673,tuRnite,anti_homophones
37468,1,5,0,6,3,-5.005899555725295,5.005899555725295,k§tin@,anti_homophones
37469,1,0,0,6,3,-6.5425237894002795,6.5425237894002795,kybik@,anti_homophones
37470,1,0,0,7,3,-6.024837930997437,6.024837930997437,m@sjonE,anti_homophones
37471,1,5,0,6,3,-4.625747571381223,4.625747571381223,degute,anti_homophones
37472,1,3,0,6,3,-5.685174488938118,5.685174488938118,kanomi,anti_homophones
37473,1,2,0,6,3,-6.430002626482479,6.430002626482479,pavam@,anti_homophones
37474,1,0,0,7,3,-7.756149364653299,7.756149364653299,batilEZ,anti_homophones
37475,1,0,0,6,3,-4.6922693006898895,4.6922693006898895,Re5tER,anti_homophones
37476,1,2,0,7,3,-6.561172156879528,6.561172156879528,militiv,anti_homophones
37477,1,0,0,7,3,-6.302681790743592,6.302681790743592,vERt°le,anti_homophones
37478,1,0,0,10,3,-9.732353501297082,9.732353501297082,fR@buRg9Rl,anti_homophones
37479,1,0,0,8,3,-7.706707730739025,7.706707730739025,gRonetik,anti_homophones
37480,1,0,0,7,3,-7.56637688661604,7.56637688661604,kymeRif,anti_homophones
37481,1,0,0,7,3,-6.428469082887786,6.428469082887786,sofOn9R,anti_homophones
37482,1,4,0,6,3,-4.788284829571487,4.788284829571487,penite,anti_homophones
37483,1,0,0,7,3,-6.832543281407341,6.832543281407341,tyRbuif,anti_homophones
37484,1,0,0,6,3,-6.7978274677817305,6.7978274677817305,5sElaZ,anti_homophones
37485,1,0,0,7,3,-8.219943470846559,8.219943470846559,katosyk,anti_homophones
37486,1,0,0,6,3,-7.054495150394955,7.054495150394955,agRino,anti_homophones
37487,1,0,0,8,3,-8.272194111596255,8.272194111596255,k§ZERzat,anti_homophones
37488,1,0,0,8,3,-6.665312209282808,6.665312209282808,siRk§fit,anti_homophones
37489,1,2,0,6,3,-6.221155303022102,6.221155303022102,agR@d@,anti_homophones
37490,1,0,0,7,3,-6.7617667823754894,6.7617667823754894,nav@d9R,anti_homophones
37491,1,2,0,5,3,-6.2456035735911035,6.2456035735911035,al@gi,anti_homophones
37492,1,0,0,7,3,-7.562822038592206,7.562822038592206,odjosER,anti_homophones
37493,1,0,0,7,3,-6.8722820572865455,6.8722820572865455,denifER,anti_homophones
37494,1,1,0,8,3,-7.849463007860987,7.849463007860987,pERklaRe,anti_homophones
37495,1,0,0,6,3,-5.596397997088962,5.596397997088962,@vj@de,anti_homophones
37496,1,3,0,5,3,-5.3286665162183064,5.3286665162183064,2Zene,anti_homophones
37497,1,0,0,7,3,-7.364411315495139,7.364411315495139,ORtijEt,anti_homophones
37498,1,5,0,7,3,-6.095948654637273,6.095948654637273,Ravwaje,anti_homophones
37499,1,0,0,10,3,-8.193203509710223,8.193203509710223,pRimvERsif,anti_homophones
37500,1,7,0,8,3,-5.351101211518699,5.351101211518699,skoloZik,anti_homophones
37501,1,0,0,6,3,-6.656388245680469,6.656388245680469,@fl°te,anti_homophones
37502,1,0,0,8,3,-9.169397240424077,9.169397240424077,flipotR§,anti_homophones
37503,1,0,0,6,3,-6.97483937719905,6.97483937719905,liteaz,anti_homophones
37504,1,0,0,8,3,-6.513443931998151,6.513443931998151,mustatik,anti_homophones
37505,1,7,0,6,3,-4.917949768032339,4.917949768032339,silize,anti_homophones
37506,1,2,0,7,3,-5.048348728384404,5.048348728384404,5pylsj§,anti_homophones
37507,1,0,0,6,3,-8.208722399860195,8.208722399860195,d@tabe,anti_homophones
37508,1,0,0,7,3,-6.310815890106301,6.310815890106301,gRijonE,anti_homophones
37509,1,1,0,7,3,-7.4797363319724965,7.4797363319724965,kRyt°Ra,anti_homophones
37510,1,4,0,7,3,-4.638522749511206,4.638522749511206,negasj§,anti_homophones
37511,1,3,0,7,3,-6.417356533716915,6.417356533716915,danatyR,anti_homophones
37512,1,4,0,6,3,-5.241643722860904,5.241643722860904,mak°te,anti_homophones
37513,1,0,0,7,3,-7.571412519552011,7.571412519552011,ymistER,anti_homophones
37514,1,4,0,5,3,-5.057436455581683,5.057436455581683,5v@te,anti_homophones
37515,1,0,0,6,3,-6.429352778422521,6.429352778422521,R°lEz@,anti_homophones
37516,1,0,0,8,3,-8.987294771984754,8.987294771984754,etRil9Rn,anti_homophones
37517,1,0,0,6,3,-6.711764261605984,6.711764261605984,5f@tj5,anti_homophones
37518,1,2,0,8,3,-5.978263651528023,5.978263651528023,dodyksj§,anti_homophones
37519,1,1,0,6,3,-6.368089267211712,6.368089267211712,ab@dal,anti_homophones
37520,1,3,0,6,3,-6.235813727119714,6.235813727119714,5vERn@,anti_homophones
37521,1,0,0,9,3,-7.6942813706340845,7.6942813706340845,peRjEktif,anti_homophones
37522,1,0,0,8,3,-8.536434544049293,8.536434544049293,djagRebe,anti_homophones
37523,1,0,0,7,3,-7.172558947125878,7.172558947125878,RamamEl,anti_homophones
37524,1,7,0,7,3,-5.5379526594149615,5.5379526594149615,Zwaz°m@,anti_homophones
37525,1,1,0,6,3,-7.07284868989933,7.07284868989933,onalj5,anti_homophones
37526,1,0,0,7,3,-6.905835751509313,6.905835751509313,epaRlup,anti_homophones
37527,1,2,0,8,3,-6.068903499932511,6.068903499932511,Eksplij@,anti_homophones
37528,1,0,0,6,3,-5.669037911918622,5.669037911918622,sopud5,anti_homophones
37529,1,0,0,10,3,-7.623024583372232,7.623024583372232,tRogRamabl,anti_homophones
37530,1,4,0,5,3,-5.264895931636336,5.264895931636336,abese,anti_homophones
37531,1,0,0,7,3,-6.826796227136441,6.826796227136441,Sod°lyR,anti_homophones
37532,1,0,0,7,3,-7.895266640042934,7.895266640042934,RokonEs,anti_homophones
37533,1,0,0,8,3,-8.060179511953166,8.060179511953166,faRniz9R,anti_homophones
37534,1,0,0,7,3,-7.0446223690202014,7.0446223690202014,pjeZeni,anti_homophones
37535,1,0,0,9,3,-7.604209157501593,7.604209157501593,klavwajaR,anti_homophones
37536,1,3,0,6,3,-5.671620470054227,5.671620470054227,R°v@te,anti_homophones
37537,1,0,0,7,3,-6.601242243980225,6.601242243980225,kokopik,anti_homophones
37538,1,0,0,6,3,-7.0555064329630826,7.0555064329630826,pEl°v5,anti_homophones
37539,1,0,0,10,3,-9.347256195601167,9.347256195601167,skaRmogRav,anti_homophones
37540,1,2,0,5,3,-6.189594338566883,6.189594338566883,inide,anti_homophones
37541,1,0,0,7,3,-7.788803425675796,7.788803425675796,t@gloze,anti_homophones
37542,1,0,0,6,3,-5.712175801111615,5.712175801111615,R°dese,anti_homophones
37543,1,0,0,6,3,-8.305248861293235,8.305248861293235,papuf5,anti_homophones
37544,1,0,0,8,3,-7.529010927051014,7.529010927051014,R2kORnaZ,anti_homophones
37545,1,0,0,6,3,-6.595115752628249,6.595115752628249,lavase,anti_homophones
37546,1,0,0,8,3,-6.810828780638296,6.810828780638296,klavjete,anti_homophones
37547,1,2,0,6,3,-5.53666123826787,5.53666123826787,@gR°Ri,anti_homophones
37548,1,0,0,7,3,-9.087944457833068,9.087944457833068,R°pekyt,anti_homophones
37549,1,0,0,6,3,-6.310281163033316,6.310281163033316,megafe,anti_homophones
37550,1,1,0,7,3,-5.842860720475479,5.842860720475479,Retat9R,anti_homophones
37551,1,1,0,7,3,-5.432433155861004,5.432433155861004,5pytabl,anti_homophones
37552,1,3,0,6,3,-5.988946028558568,5.988946028558568,dikate,anti_homophones
37553,1,4,0,5,3,-5.931007656124793,5.931007656124793,anis@,anti_homophones
37554,1,0,0,7,3,-6.103064930028187,6.103064930028187,R°komyR,anti_homophones
37555,1,0,0,7,3,-7.449798483308215,7.449798483308215,bjonaZe,anti_homophones
37556,1,0,0,7,3,-6.466894298607002,6.466894298607002,modinER,anti_homophones
37557,1,14,0,7,3,-4.578240183256641,4.578240183256641,kaRasj§,anti_homophones
37558,1,1,0,6,3,-6.68286780460301,6.68286780460301,kOmite,anti_homophones
37559,1,0,0,8,3,-7.405100436690508,7.405100436690508,bulOnabl,anti_homophones
37560,1,0,0,10,3,-9.617802601714592,9.617802601714592,blaRmwazim,anti_homophones
37561,1,3,0,6,3,-6.088573885435597,6.088573885435597,kalonE,anti_homophones
37562,1,0,0,6,3,-6.13626132050142,6.13626132050142,R2f9jy,anti_homophones
37563,1,3,0,5,3,-5.460821845866147,5.460821845866147,emobi,anti_homophones
37564,1,0,0,8,3,-7.881313560084411,7.881313560084411,leZERmit,anti_homophones
37565,1,4,0,6,3,-6.202796291658445,6.202796291658445,tiRaZe,anti_homophones
37566,1,0,0,7,3,-7.258573872103142,7.258573872103142,vEstaRi,anti_homophones
37567,1,0,0,7,3,-7.884619773139538,7.884619773139538,@gRimik,anti_homophones
37568,1,0,0,6,3,-5.189101746890965,5.189101746890965,k§pyte,anti_homophones
37569,1,1,0,7,3,-5.792111787147449,5.792111787147449,ORganin,anti_homophones
37570,1,0,0,8,3,-6.493509277386727,6.493509277386727,l@bwatje,anti_homophones
37571,1,1,0,8,3,-7.0602159906773485,7.0602159906773485,paRtERaZ,anti_homophones
37572,1,0,0,8,3,-7.417934556860144,7.417934556860144,fEblEsde,anti_homophones
37573,1,3,0,7,3,-5.927163113586673,5.927163113586673,flaRite,anti_homophones
37574,1,0,0,7,3,-6.53457785384243,6.53457785384243,detRafi,anti_homophones
37575,1,0,0,8,3,-7.193556662771305,7.193556662771305,pRemiz9R,anti_homophones
37576,1,0,0,9,3,-8.554908160713138,8.554908160713138,R°pResilv,anti_homophones
37577,1,0,0,8,3,-6.324417343137437,6.324417343137437,k§v5kRwa,anti_homophones
37578,1,0,0,9,3,-7.7744471209353785,7.7744471209353785,flEktRofi,anti_homophones
37579,1,2,0,9,3,-6.020068009223951,6.020068009223951,pERklasj§,anti_homophones
37580,1,0,0,6,3,-7.003357621492835,7.003357621492835,RodiZe,anti_homophones
37581,1,0,0,7,3,-7.492988730713814,7.492988730713814,falizj5,anti_homophones
37582,1,0,0,7,3,-6.383942557175505,6.383942557175505,n2Rolj5,anti_homophones
37583,1,10,0,5,3,-4.473208028156227,4.473208028156227,apote,anti_homophones
37584,1,1,0,6,3,-5.321834387115784,5.321834387115784,@n8ize,anti_homophones
37585,1,0,0,7,3,-8.436243582772859,8.436243582772859,veladRa,anti_homophones
37586,1,2,0,6,3,-6.33485904583836,6.33485904583836,k§paty,anti_homophones
37587,1,3,0,5,3,-5.6981394711617535,5.6981394711617535,yRyle,anti_homophones
37588,1,0,0,6,3,-6.995925494445666,6.995925494445666,R2l@do,anti_homophones
37589,1,0,0,8,3,-6.498775949337063,6.498775949337063,stilat9R,anti_homophones
37590,1,0,0,9,3,-7.711199803968586,7.711199803968586,mepRedist,anti_homophones
37591,1,0,0,8,3,-6.6692408784617605,6.6692408784617605,apRuvR9R,anti_homophones
37592,1,1,0,6,3,-6.946257821212033,6.946257821212033,wawaja,anti_homophones
37593,1,0,0,7,3,-6.625257667236943,6.625257667236943,Rublote,anti_homophones
37594,1,0,0,7,3,-7.778267218250222,7.778267218250222,yzibist,anti_homophones
37595,1,0,0,7,3,-8.963565366517106,8.963565366517106,akobitR,anti_homophones
37596,1,0,0,7,3,-5.730051207176921,5.730051207176921,pRofEso,anti_homophones
37597,1,1,0,7,3,-6.137578487598332,6.137578487598332,latwaje,anti_homophones
37598,1,0,0,7,3,-7.380379860963941,7.380379860963941,SaRZilE,anti_homophones
37599,1,0,0,10,3,-10.667007255345293,10.667007255345293,maRgRafism,anti_homophones
37600,1,0,0,7,3,-5.989530746513832,5.989530746513832,dep@sje,anti_homophones
37601,1,0,0,7,3,-7.45358160254604,7.45358160254604,eks8Ele,anti_homophones
37602,1,1,0,8,3,-6.290525142991085,6.290525142991085,pORtonje,anti_homophones
37603,1,0,0,8,3,-7.675139339645181,7.675139339645181,feleRabl,anti_homophones
37604,1,0,0,9,3,-8.00923283497374,8.00923283497374,fibRikylt,anti_homophones
37605,1,2,0,5,3,-5.816441209654689,5.816441209654689,bene@,anti_homophones
37606,1,0,0,7,3,-6.593694897264581,6.593694897264581,OsmofOn,anti_homophones
37607,1,1,0,6,3,-7.440994760839058,7.440994760839058,amnas§,anti_homophones
37608,1,1,0,7,3,-7.05248495898131,7.05248495898131,Oksil@s,anti_homophones
37609,1,0,0,6,3,-6.694960088776355,6.694960088776355,5kRoko,anti_homophones
37610,1,0,0,7,3,-7.552113588554956,7.552113588554956,apRelyl,anti_homophones
37611,1,1,0,7,3,-6.397621215041146,6.397621215041146,siRatik,anti_homophones
37612,1,0,0,8,3,-7.129632368498159,7.129632368498159,@kyltabl,anti_homophones
37613,1,0,0,8,3,-7.821413444115366,7.821413444115366,tamin8Om,anti_homophones
37614,1,0,0,9,3,-8.527066368694749,8.527066368694749,syfR8iRaj,anti_homophones
37615,1,0,0,8,3,-7.737727791273188,7.737727791273188,bidERliG,anti_homophones
37616,1,0,0,9,3,-7.319172587286257,7.319172587286257,pRokRanje,anti_homophones
37617,1,0,0,6,3,-6.5119116215171235,6.5119116215171235,5flaRi,anti_homophones
37618,1,2,0,6,3,-5.241683622436995,5.241683622436995,sypoz@,anti_homophones
37619,1,0,0,8,3,-7.886115140440442,7.886115140440442,bR@laboS,anti_homophones
37620,1,0,0,7,3,-6.701178417916187,6.701178417916187,supleZi,anti_homophones
37621,1,2,0,7,3,-4.892954667208859,4.892954667208859,totasj§,anti_homophones
37622,1,1,0,7,3,-8.058739370669997,8.058739370669997,R°flase,anti_homophones
37623,1,0,0,9,3,-8.120417620026515,8.120417620026515,bRukumund,anti_homophones
37624,1,1,0,6,3,-6.408067597597327,6.408067597597327,Estase,anti_homophones
37625,1,0,0,7,3,-8.384205690891129,8.384205690891129,m5l@dit,anti_homophones
37626,1,0,0,6,3,-7.197995012745512,7.197995012745512,t@pati,anti_homophones
37627,1,2,0,7,3,-6.276104024581722,6.276104024581722,RezORbi,anti_homophones
37628,1,0,0,7,3,-7.890293643758431,7.890293643758431,deglaso,anti_homophones
37629,1,1,0,7,3,-6.609577963454897,6.609577963454897,aZystj5,anti_homophones
37630,1,0,0,5,3,-5.947801144502302,5.947801144502302,imyt5,anti_homophones
37631,1,0,0,8,3,-6.9990259425550585,6.9990259425550585,kaRmosj§,anti_homophones
37632,1,3,0,5,3,-5.71729365473637,5.71729365473637,afaRi,anti_homophones
37633,1,2,0,6,3,-6.974413804691873,6.974413804691873,alson@,anti_homophones
37634,1,0,0,7,3,-7.042332867243655,7.042332867243655,n2tR@Ze,anti_homophones
37635,1,2,0,7,3,-6.052806555075767,6.052806555075767,apRod9R,anti_homophones
37636,1,0,0,7,3,-7.117542877235322,7.117542877235322,kafanje,anti_homophones
37637,1,0,0,5,3,-6.674908253112803,6.674908253112803,yg°lE,anti_homophones
37638,1,0,0,8,3,-9.1363703315063,9.1363703315063,fatmotim,anti_homophones
37639,1,0,0,7,3,-8.769576884700532,8.769576884700532,balaRbi,anti_homophones
37640,1,5,0,8,3,-5.341511881697295,5.341511881697295,medyksj§,anti_homophones
37641,1,1,0,6,3,-6.445282990252667,6.445282990252667,b@d°Ra,anti_homophones
37642,1,0,0,6,3,-6.767095111290106,6.767095111290106,ReSofa,anti_homophones
37643,1,1,0,6,3,-5.706601880333569,5.706601880333569,ZEN°Ri,anti_homophones
37644,1,13,0,6,3,-4.283454703707465,4.283454703707465,galite,anti_homophones
37645,1,0,0,9,3,-8.027464161348263,8.027464161348263,tRopORtyg,anti_homophones
37646,1,0,0,6,3,-7.892624940985362,7.892624940985362,OtanER,anti_homophones
37647,1,0,0,9,3,-8.907269525551401,8.907269525551401,swaRtilER,anti_homophones
37648,1,1,0,6,3,-5.842547908412013,5.842547908412013,depus5,anti_homophones
37649,1,0,0,7,3,-6.836049751163543,6.836049751163543,piRid@s,anti_homophones
37650,1,0,0,8,3,-7.689523997985733,7.689523997985733,kRepeRiR,anti_homophones
37651,1,0,0,6,3,-6.577343365759355,6.577343365759355,akOnOk,anti_homophones
37652,1,0,0,6,3,-7.091407510874097,7.091407510874097,mezyRE,anti_homophones
37653,1,0,0,8,3,-10.807285192895725,10.807285192895725,goREskus,anti_homophones
37654,1,1,0,6,3,-7.283821404733199,7.283821404733199,yzabyl,anti_homophones
37655,1,0,0,8,3,-6.772506199675178,6.772506199675178,k§stin8e,anti_homophones
37656,1,3,0,6,3,-5.651525104508366,5.651525104508366,detERi,anti_homophones
37657,1,2,0,6,3,-5.952932030619304,5.952932030619304,boniz@,anti_homophones
37658,1,0,0,7,3,-6.880626289966711,6.880626289966711,topeRje,anti_homophones
37659,1,1,0,8,3,-6.282137993004394,6.282137993004394,SeSjat9R,anti_homophones
37660,1,0,0,7,3,-7.391370487935992,7.391370487935992,efRoNaR,anti_homophones
37661,1,0,0,6,3,-8.94339560238391,8.94339560238391,sOZEne,anti_homophones
37662,1,0,0,7,3,-6.007390460517413,6.007390460517413,RapitER,anti_homophones
37663,1,0,0,7,3,-7.224151732054843,7.224151732054843,mORniz@,anti_homophones
37664,1,1,0,7,3,-6.760263952165085,6.760263952165085,babuj9R,anti_homophones
37665,1,2,0,6,3,-5.966816018712011,5.966816018712011,Rep@Se,anti_homophones
37666,1,0,0,7,3,-6.509139839175804,6.509139839175804,Revwazi,anti_homophones
37667,1,0,0,7,3,-6.031353784191456,6.031353784191456,aRmonEl,anti_homophones
37668,1,14,0,6,3,-4.981692796186036,4.981692796186036,pit°m@,anti_homophones
37669,1,2,0,8,3,-5.741333663764202,5.741333663764202,tetRasj§,anti_homophones
37670,1,0,0,8,3,-6.466747380067462,6.466747380067462,@bR@Sist,anti_homophones
37671,1,0,0,8,3,-7.2414963111727095,7.2414963111727095,Ekstomik,anti_homophones
37672,1,0,0,6,3,-6.450392663200647,6.450392663200647,tab°lE,anti_homophones
37673,1,0,0,8,3,-6.989505459115642,6.989505459115642,fORmanwa,anti_homophones
37674,1,0,0,9,3,-10.161638487666732,10.161638487666732,mEspERkyl,anti_homophones
37675,1,0,0,8,3,-7.967617217138404,7.967617217138404,fRateRj2,anti_homophones
37676,1,1,0,7,3,-6.3991148603761445,6.3991148603761445,kaR@tEn,anti_homophones
37677,1,0,0,8,3,-6.375738473291471,6.375738473291471,R2k8asj§,anti_homophones
37678,1,0,0,7,3,-5.863960377146635,5.863960377146635,kolisj§,anti_homophones
37679,1,0,0,7,3,-6.687741610900871,6.687741610900871,denikEt,anti_homophones
37680,1,0,0,8,3,-7.812389762014519,7.812389762014519,dRwam@de,anti_homophones
37681,1,8,0,6,3,-5.129797991123084,5.129797991123084,mozite,anti_homophones
37682,1,0,0,7,3,-7.190172958481135,7.190172958481135,kRat°la,anti_homophones
37683,1,0,0,7,3,-6.509986550470401,6.509986550470401,kad@sje,anti_homophones
37684,1,1,0,9,3,-6.510029473794223,6.510029473794223,sybZEktOR,anti_homophones
37685,1,1,0,6,3,-6.639596832420355,6.639596832420355,aflika,anti_homophones
37686,1,0,0,6,3,-6.0136688377026415,6.0136688377026415,5poz@Z,anti_homophones
37687,1,0,0,10,3,-9.239197725214236,9.239197725214236,tRiptistEl,anti_homophones
37688,1,4,0,7,3,-4.77609614109653,4.77609614109653,demat9R,anti_homophones
37689,1,0,0,9,3,-6.8144159633559,6.8144159633559,demonjabl,anti_homophones
37690,1,0,0,6,3,-6.6468132214383555,6.6468132214383555,@tilas,anti_homophones
37691,1,0,0,7,3,-7.357528925609251,7.357528925609251,petaRd§,anti_homophones
37692,1,5,0,5,3,-5.043096044262783,5.043096044262783,at@d@,anti_homophones
37693,1,1,0,8,3,-7.2370771224339485,7.2370771224339485,vEstRase,anti_homophones
37694,1,0,0,7,3,-8.113672270308582,8.113672270308582,elegREb,anti_homophones
37695,1,0,0,6,3,-8.250022437480741,8.250022437480741,sigRea,anti_homophones
37696,1,0,0,7,3,-6.7985647963437765,6.7985647963437765,migRate,anti_homophones
37697,1,0,0,9,3,-9.06605355175671,9.06605355175671,tRakapsik,anti_homophones
37698,1,0,0,8,3,-9.149385494048532,9.149385494048532,kabRab@s,anti_homophones
37699,1,1,0,6,3,-7.200480180818529,7.200480180818529,fetide,anti_homophones
37700,1,0,0,8,3,-8.86290819792909,8.86290819792909,pReNatEN,anti_homophones
37701,1,1,0,5,3,-6.511485173160251,6.511485173160251,5p°RE,anti_homophones
37702,1,4,0,6,3,-6.200246108561091,6.200246108561091,atin9R,anti_homophones
37703,1,0,0,7,3,-6.514164245850504,6.514164245850504,kaRjOlo,anti_homophones
37704,1,0,0,7,3,-8.428695926326347,8.428695926326347,kanikab,anti_homophones
37705,1,0,0,9,3,-8.489428625819533,8.489428625819533,stERval8e,anti_homophones
37706,1,0,0,7,3,-5.479224791234312,5.479224791234312,elEktil,anti_homophones
37707,1,0,0,8,3,-9.290250017973635,9.290250017973635,psiditas,anti_homophones
37708,1,0,0,7,3,-7.617830291634923,7.617830291634923,eplijOl,anti_homophones
37709,1,0,0,7,3,-7.267261179218578,7.267261179218578,SikataR,anti_homophones
37710,1,0,0,8,3,-7.862423630823249,7.862423630823249,RefRekER,anti_homophones
37711,1,0,0,8,3,-6.136747641990316,6.136747641990316,fotonjER,anti_homophones
37712,1,2,0,6,3,-5.919373825336593,5.919373825336593,afRiZe,anti_homophones
37713,1,0,0,7,3,-6.03554863405432,6.03554863405432,ekolabl,anti_homophones
37714,1,0,0,8,3,-6.6058702263748845,6.6058702263748845,RotEstik,anti_homophones
37715,1,0,0,6,3,-6.975489704203346,6.975489704203346,omatoz,anti_homophones
37716,1,0,0,7,3,-6.751003601732868,6.751003601732868,sutaRin,anti_homophones
37717,1,0,0,6,3,-5.926715988712801,5.926715988712801,ymilje,anti_homophones
37718,1,0,0,7,3,-6.848377774236532,6.848377774236532,pRotos@,anti_homophones
37719,1,9,0,7,3,-4.744959451340059,4.744959451340059,likasj§,anti_homophones
37720,1,4,0,6,3,-5.564605218975135,5.564605218975135,aRnite,anti_homophones
37721,1,0,0,9,3,-12.663337950520937,12.663337950520937,5plkanabl,anti_homophones
37722,1,0,0,7,3,-6.799753644337949,6.799753644337949,@bERnje,anti_homophones
37723,1,1,0,7,3,-6.295291923285068,6.295291923285068,vEstije,anti_homophones
37724,1,0,0,9,3,-8.30361647005474,8.30361647005474,bRagResif,anti_homophones
37725,1,0,0,5,3,-5.748637511085145,5.748637511085145,@bOdi,anti_homophones
37726,1,0,0,7,3,-7.153397921984417,7.153397921984417,medibyt,anti_homophones
37727,1,0,0,7,3,-7.753782161653835,7.753782161653835,R°sERZE,anti_homophones
37728,1,0,0,8,3,-6.556978193648409,6.556978193648409,disiljOm,anti_homophones
37729,1,3,0,5,3,-5.107314586007791,5.107314586007791,5tij§,anti_homophones
37730,1,0,0,7,3,-8.307645894129571,8.307645894129571,S@paRyR,anti_homophones
37731,1,0,0,10,3,-9.45644520877759,9.45644520877759,splodRopOd,anti_homophones
37732,1,1,0,7,3,-5.714094320352944,5.714094320352944,metRik5,anti_homophones
37733,1,0,0,9,3,-10.23826755774381,10.23826755774381,batRiklab,anti_homophones
37734,1,0,0,6,3,-6.7620732655559745,6.7620732655559745,ebRaj§,anti_homophones
37735,1,0,0,7,3,-6.83490385967995,6.83490385967995,atl@dEz,anti_homophones
37736,1,0,0,7,3,-7.866744480836616,7.866744480836616,iRegRat,anti_homophones
37737,1,0,0,9,3,-9.183362770512787,9.183362770512787,tiZEstRav,anti_homophones
37738,1,0,0,6,3,-6.024846011893446,6.024846011893446,5sidit,anti_homophones
37739,1,0,0,7,3,-8.641555099718843,8.641555099718843,kOR@taZ,anti_homophones
37740,1,0,0,10,3,-7.864384731955384,7.864384731955384,tRykt9Rist,anti_homophones
37741,1,0,0,7,3,-9.253797212833824,9.253797212833824,miNalab,anti_homophones
37742,1,2,0,7,3,-4.734734066124667,4.734734066124667,maNifje,anti_homophones
37743,1,0,0,8,3,-7.474316373644843,7.474316373644843,kRapaREt,anti_homophones
37744,1,0,0,7,3,-6.219126237566333,6.219126237566333,panykle,anti_homophones
37745,1,0,0,8,3,-9.228430735899098,9.228430735899098,gugR°taZ,anti_homophones
37746,1,2,0,8,3,-6.2705096735099595,6.2705096735099595,bilitabl,anti_homophones
37747,1,0,0,8,3,-7.165157084118293,7.165157084118293,devjatl§,anti_homophones
37748,1,2,0,6,3,-5.210985627247593,5.210985627247593,depuze,anti_homophones
37749,1,0,0,7,3,-6.64718296918798,6.64718296918798,totOmik,anti_homophones
37750,1,0,0,7,3,-8.889574617614201,8.889574617614201,d5pRije,anti_homophones
37751,1,0,0,9,3,-7.757583636923594,7.757583636923594,gzekytizm,anti_homophones
37752,1,0,0,7,3,-6.678111966798414,6.678111966798414,ipodabl,anti_homophones
37753,1,0,0,9,3,-7.541591722493702,7.541591722493702,pROsmofOn,anti_homophones
37754,1,1,0,6,3,-5.55451646726388,5.55451646726388,aspiR@,anti_homophones
37755,1,0,0,9,3,-8.189516668551697,8.189516668551697,ofystRabl,anti_homophones
37756,1,0,0,8,3,-9.32082403844528,9.32082403844528,tRybylge,anti_homophones
37757,1,0,0,8,3,-6.756100057915703,6.756100057915703,vag°nabl,anti_homophones
37758,1,0,0,8,3,-5.897948677080388,5.897948677080388,kaRdinal,anti_homophones
37759,1,4,0,6,3,-5.832847622034155,5.832847622034155,ilenik,anti_homophones
37760,1,0,0,9,3,-7.845207226538052,7.845207226538052,skagonizm,anti_homophones
37761,1,0,0,8,3,-7.801827119998584,7.801827119998584,tRakORny,anti_homophones
37762,1,0,0,8,3,-8.180725613884363,8.180725613884363,kzaRd°m5,anti_homophones
37763,1,11,0,5,3,-5.329760330954343,5.329760330954343,oRije,anti_homophones
37764,1,0,0,8,3,-5.547952410635368,5.547952410635368,elEktwaR,anti_homophones
37765,1,5,0,6,3,-6.0295695475697695,6.0295695475697695,kalop@,anti_homophones
37766,1,3,0,7,3,-5.4069058880365,5.4069058880365,agRat9R,anti_homophones
37767,1,0,0,8,3,-8.560705610602803,8.560705610602803,klaksati,anti_homophones
37768,1,0,0,7,3,-7.039868069595581,7.039868069595581,mominje,anti_homophones
37769,1,6,0,7,3,-4.669577233550597,4.669577233550597,miRasj§,anti_homophones
37770,1,1,0,6,3,-7.022680617930917,7.022680617930917,alEjER,anti_homophones
37771,1,0,0,6,3,-6.8563497798770605,6.8563497798770605,eRodit,anti_homophones
37772,1,1,0,6,3,-6.3532345477105805,6.3532345477105805,vaR°te,anti_homophones
37773,1,1,0,6,3,-5.618066968764917,5.618066968764917,debyS@,anti_homophones
37774,1,3,0,7,3,-5.105413221753139,5.105413221753139,anatwaR,anti_homophones
37775,1,0,0,7,3,-8.458857519270305,8.458857519270305,bulizaZ,anti_homophones
37776,1,0,0,7,3,-7.340833088566914,7.340833088566914,paRitOs,anti_homophones
37777,1,0,0,6,3,-7.055746693149122,7.055746693149122,R@Sis2,anti_homophones
37778,1,0,0,6,3,-6.124798326742612,6.124798326742612,am5sin,anti_homophones
37779,1,1,0,7,3,-6.862561963855694,6.862561963855694,pikonik,anti_homophones
37780,1,2,0,6,3,-5.392745719243278,5.392745719243278,patuji,anti_homophones
37781,1,1,0,6,3,-5.816751737182789,5.816751737182789,R2s°v@,anti_homophones
37782,1,0,0,7,3,-6.805845927252765,6.805845927252765,nwam@te,anti_homophones
37783,1,0,0,9,3,-10.083773860316818,10.083773860316818,ZEst@patR,anti_homophones
37784,1,1,0,8,3,-5.148629360866912,5.148629360866912,sEptasj§,anti_homophones
37785,1,0,0,6,3,-6.735844872818363,6.735844872818363,uRsine,anti_homophones
37786,1,2,0,7,3,-7.0083350587755096,7.0083350587755096,R°komOk,anti_homophones
37787,1,2,0,6,3,-6.011802117713958,6.011802117713958,fam°Ri,anti_homophones
37788,1,3,0,6,3,-6.023070867694394,6.023070867694394,m@s°Ri,anti_homophones
37789,1,0,0,6,3,-7.462720705511219,7.462720705511219,pas@sy,anti_homophones
37790,1,3,0,6,3,-5.58959464941206,5.58959464941206,RepaRe,anti_homophones
37791,1,1,0,8,3,-5.704766618929475,5.704766618929475,sifiksj§,anti_homophones
37792,1,0,0,8,3,-5.667825032259379,5.667825032259379,debuSwaR,anti_homophones
37793,1,7,0,6,3,-4.796011844167267,4.796011844167267,patize,anti_homophones
37794,1,0,0,8,3,-6.278360675373468,6.278360675373468,aRSidjER,anti_homophones
37795,1,1,0,6,3,-6.265623629178208,6.265623629178208,maZil@,anti_homophones
37796,1,1,0,7,3,-6.422622253658177,6.422622253658177,faRmOni,anti_homophones
37797,1,0,0,7,3,-5.691272333311395,5.691272333311395,dekw5s§,anti_homophones
37798,1,0,0,7,3,-7.651499831635682,7.651499831635682,RulyREl,anti_homophones
37799,1,7,0,5,3,-5.5619204083061815,5.5619204083061815,atike,anti_homophones
37800,1,0,0,7,3,-6.677309153378005,6.677309153378005,apR@dOl,anti_homophones
37801,1,0,0,7,3,-8.10592115574474,8.10592115574474,Rasedal,anti_homophones
37802,1,0,0,8,3,-7.350814146394935,7.350814146394935,ORtinjER,anti_homophones
37803,1,0,0,7,3,-8.2581756470441,8.2581756470441,kaRgete,anti_homophones
37804,1,0,0,8,3,-7.1108658740639665,7.1108658740639665,oblwat9R,anti_homophones
37805,1,12,0,5,3,-4.780351503791963,4.780351503791963,ekone,anti_homophones
37806,1,2,0,8,3,-5.5105368413001266,5.5105368413001266,fotogRaf,anti_homophones
37807,1,2,0,7,3,-6.465169224297726,6.465169224297726,maZityd,anti_homophones
37808,1,0,0,10,3,-9.480784790265059,9.480784790265059,bEgzORsjal,anti_homophones
37809,1,0,0,7,3,-8.297815212489489,8.297815212489489,binazj§,anti_homophones
37810,1,1,0,6,3,-7.276261933606299,7.276261933606299,@paRfE,anti_homophones
37811,1,1,0,5,3,-5.137534817373855,5.137534817373855,Zyde5,anti_homophones
37812,1,1,0,7,3,-6.193347398955272,6.193347398955272,dekutEj,anti_homophones
37813,1,0,0,7,3,-6.177615570955024,6.177615570955024,vOl°t9R,anti_homophones
37814,1,3,0,6,3,-5.6779709472457744,5.6779709472457744,@tR°po,anti_homophones
37815,1,3,0,5,3,-5.759148837812721,5.759148837812721,olem@,anti_homophones
37816,1,0,0,7,3,-8.109527007380194,8.109527007380194,doRatEs,anti_homophones
37817,1,1,0,6,3,-6.811338681107263,6.811338681107263,vaREje,anti_homophones
37818,1,0,0,8,3,-5.706110000092603,5.706110000092603,k§p@sjER,anti_homophones
37819,1,0,0,7,3,-7.069765700903453,7.069765700903453,gRamat§,anti_homophones
37820,1,0,0,7,3,-8.515995791128862,8.515995791128862,tanaRd2,anti_homophones
37821,1,3,0,6,3,-5.515078125126531,5.515078125126531,van°Ri,anti_homophones
37822,1,1,0,6,3,-6.107493305602012,6.107493305602012,onisj5,anti_homophones
37823,1,7,0,5,3,-6.2344188535178064,6.2344188535178064,abike,anti_homophones
37824,1,0,0,8,3,-7.660794414679087,7.660794414679087,R@fERt@s,anti_homophones
37825,1,4,0,4,3,-5.166329154601744,5.166329154601744,ane5,anti_homophones
37826,1,0,0,9,3,-7.432120728747305,7.432120728747305,pRekimEtR,anti_homophones
37827,1,0,0,7,3,-7.497218116823818,7.497218116823818,kotopla,anti_homophones
37828,1,0,0,9,3,-9.079658831206247,9.079658831206247,bipastRaj,anti_homophones
37829,1,0,0,7,3,-6.018836452114649,6.018836452114649,R°f9jaZ,anti_homophones
37830,1,1,0,8,3,-5.391485821211826,5.391485821211826,siRkyt9R,anti_homophones
37831,1,2,0,7,3,-5.3261358219730255,5.3261358219730255,Eskat9R,anti_homophones
37832,1,2,0,6,3,-5.514586029431108,5.514586029431108,agonaZ,anti_homophones
37833,1,0,0,7,3,-7.402764683370141,7.402764683370141,S@fR°le,anti_homophones
37834,1,1,0,6,3,-6.410719325606346,6.410719325606346,myz°RE,anti_homophones
37835,1,0,0,9,3,-9.265864549170866,9.265864549170866,baklyzabl,anti_homophones
37836,1,1,0,6,3,-7.723940280116739,7.723940280116739,seteRa,anti_homophones
37837,1,7,0,7,3,-4.351904855605622,4.351904855605622,minasj§,anti_homophones
37838,1,0,0,7,3,-6.0348758528139435,6.0348758528139435,Revital,anti_homophones
37839,1,1,0,5,3,-6.58587431927714,6.58587431927714,§dyR@,anti_homophones
37840,1,0,0,7,3,-6.986808560526293,6.986808560526293,Es@sjER,anti_homophones
37841,1,0,0,6,3,-7.434127650012594,7.434127650012594,bizyt@,anti_homophones
37842,1,1,0,6,3,-6.515594522987606,6.515594522987606,p§pet2,anti_homophones
37843,1,0,0,8,3,-6.278718856522841,6.278718856522841,dekudwaR,anti_homophones
37844,1,0,0,7,3,-6.644282011882543,6.644282011882543,bRav°ny,anti_homophones
37845,1,0,0,8,3,-9.521504278061007,9.521504278061007,RamseRiR,anti_homophones
37846,1,2,0,7,3,-6.2371082198028525,6.2371082198028525,nefRize,anti_homophones
37847,1,0,0,10,3,-7.6559616742508565,7.6559616742508565,skRipatizm,anti_homophones
37848,1,0,0,7,3,-7.678599280424083,7.678599280424083,manamuR,anti_homophones
37849,1,2,0,6,3,-6.9211105925003675,6.9211105925003675,SalonE,anti_homophones
37850,1,1,0,7,3,-6.096367944125724,6.096367944125724,R°kopje,anti_homophones
37851,1,3,0,6,3,-5.1446228501678215,5.1446228501678215,Eksine,anti_homophones
37852,1,6,0,5,3,-4.779166214770305,4.779166214770305,ev@te,anti_homophones
37853,1,1,0,6,3,-5.084673893920474,5.084673893920474,ep@d9R,anti_homophones
37854,1,0,0,8,3,-7.371549661227914,7.371549661227914,gasjonje,anti_homophones
37855,1,0,0,7,3,-10.252032535974765,10.252032535974765,ad5stoz,anti_homophones
37856,1,4,0,5,3,-5.294556878841894,5.294556878841894,maiz@,anti_homophones
37857,1,0,0,6,3,-6.76202277990655,6.76202277990655,emomEn,anti_homophones
37858,1,1,0,7,3,-6.560573737192333,6.560573737192333,apst@se,anti_homophones
37859,1,0,0,7,3,-7.902557020634127,7.902557020634127,kaptoga,anti_homophones
37860,1,0,0,8,3,-5.891963113886131,5.891963113886131,R°batwaR,anti_homophones
37861,1,0,0,6,3,-8.25836092789376,8.25836092789376,od§sje,anti_homophones
37862,1,1,0,8,3,-7.042450747669141,7.042450747669141,lakyltik,anti_homophones
37863,1,0,0,9,3,-6.452280490071758,6.452280490071758,k§stalizm,anti_homophones
37864,1,0,0,7,3,-6.944828629971014,6.944828629971014,kolORit,anti_homophones
37865,1,0,0,6,3,-7.209991048501123,7.209991048501123,ReSam@,anti_homophones
37866,1,0,0,10,3,-9.375748862616575,9.375748862616575,mEskwatjER,anti_homophones
37867,1,1,0,7,3,-6.818436640935129,6.818436640935129,monoliR,anti_homophones
37868,1,0,0,6,3,-7.088038250268659,7.088038250268659,suviRi,anti_homophones
37869,1,0,0,8,3,-7.018015568022361,7.018015568022361,bRynEs@s,anti_homophones
37870,1,0,0,9,3,-8.041854673066354,8.041854673066354,skalvERse,anti_homophones
37871,1,0,0,5,3,-6.39261066197484,6.39261066197484,aeROk,anti_homophones
37872,1,1,0,7,3,-6.689297838494914,6.689297838494914,Rapitwa,anti_homophones
37873,1,0,0,9,3,-6.745850076734931,6.745850076734931,flaminizm,anti_homophones
37874,1,0,0,8,3,-7.594883223510476,7.594883223510476,im@sjabl,anti_homophones
37875,1,0,0,8,3,-6.8236978672499475,6.8236978672499475,pRovidit,anti_homophones
37876,1,0,0,7,3,-6.094385323821126,6.094385323821126,Eksfigy,anti_homophones
37877,1,1,0,7,3,-5.943405810595871,5.943405810595871,k§tR°fy,anti_homophones
37878,1,0,0,7,3,-6.791248708911176,6.791248708911176,R°s@tEn,anti_homophones
37879,1,1,0,7,3,-5.896559657180533,5.896559657180533,gegEj9R,anti_homophones
37880,1,1,0,6,3,-6.1171155789968585,6.1171155789968585,map°le,anti_homophones
37881,1,0,0,8,3,-8.64045039781447,8.64045039781447,bitwaRit,anti_homophones
37882,1,0,0,7,3,-9.04195072389719,9.04195072389719,pynERt@,anti_homophones
37883,1,1,0,6,3,-5.692441736252735,5.692441736252735,id@sje,anti_homophones
37884,1,0,0,8,3,-7.084158630503674,7.084158630503674,demERdOn,anti_homophones
37885,1,1,0,7,3,-5.8216666600814975,5.8216666600814975,kanolOg,anti_homophones
37886,1,0,0,7,3,-6.99122213344497,6.99122213344497,djapon@,anti_homophones
37887,1,0,0,7,3,-5.455166538855814,5.455166538855814,kORS°Ri,anti_homophones
37888,1,0,0,6,3,-8.113198086448694,8.113198086448694,lopano,anti_homophones
37889,1,1,0,6,3,-5.767645368268817,5.767645368268817,k§fit@,anti_homophones
37890,1,1,0,6,3,-5.604901832641529,5.604901832641529,5fR@Se,anti_homophones
37891,1,0,0,8,3,-6.7504588464369135,6.7504588464369135,pERp@taZ,anti_homophones
37892,1,5,0,6,3,-4.9913175234723965,4.9913175234723965,8il°m@,anti_homophones
37893,1,2,0,6,3,-6.090943940323909,6.090943940323909,eRap9R,anti_homophones
37894,1,13,0,6,3,-4.525656112500515,4.525656112500515,dilite,anti_homophones
37895,1,0,0,7,3,-6.754943601891803,6.754943601891803,R2kROte,anti_homophones
37896,1,0,0,9,3,-10.368669127813813,10.368669127813813,sORbjEgl§,anti_homophones
37897,1,0,0,8,3,-6.669578251649745,6.669578251649745,tRenasj§,anti_homophones
37898,1,0,0,8,3,-7.531867341949728,7.531867341949728,S@pEstje,anti_homophones
37899,1,0,0,9,3,-7.515224078841294,7.515224078841294,sysykREtR,anti_homophones
37900,1,0,0,8,3,-10.43953401031479,10.43953401031479,kadRuk5t,anti_homophones
37901,1,0,0,7,3,-6.410104108275389,6.410104108275389,fotosEt,anti_homophones
37902,1,5,0,8,3,-6.109702936322396,6.109702936322396,paRdasj§,anti_homophones
37903,1,0,0,7,3,-7.053067781365592,7.053067781365592,@kRupiG,anti_homophones
37904,1,0,0,7,3,-4.708732235938157,4.708732235938157,pw5t°m@,anti_homophones
37905,1,0,0,8,3,-7.254361389587379,7.254361389587379,kROn§sj@,anti_homophones
37906,1,0,0,7,3,-5.870515933344012,5.870515933344012,titydj2,anti_homophones
37907,1,0,0,7,3,-6.1035702578043445,6.1035702578043445,sEN9RiR,anti_homophones
37908,1,0,0,7,3,-9.20771458560173,9.20771458560173,pOsed@d,anti_homophones
37909,1,1,0,8,3,-5.99231832107155,5.99231832107155,pERs°laZ,anti_homophones
37910,1,1,0,6,3,-6.3986208216776275,6.3986208216776275,tav°le,anti_homophones
37911,1,0,0,9,3,-6.745789918684074,6.745789918684074,pERfORtaZ,anti_homophones
37912,1,0,0,7,3,-7.165658129453823,7.165658129453823,fenof@s,anti_homophones
37913,1,3,0,7,3,-5.719304707353225,5.719304707353225,koloZin,anti_homophones
37914,1,1,0,5,3,-6.101692624425621,6.101692624425621,@melo,anti_homophones
37915,1,1,0,7,3,-6.652567336738059,6.652567336738059,epaRtyR,anti_homophones
37916,1,0,0,8,3,-6.4681583565280665,6.4681583565280665,pROksize,anti_homophones
37917,1,0,0,7,3,-7.490885493392715,7.490885493392715,pROseRe,anti_homophones
37918,1,0,0,8,3,-7.419443556781454,7.419443556781454,kRem@sj5,anti_homophones
37919,1,0,0,6,3,-7.03084482737246,7.03084482737246,kuR@s§,anti_homophones
37920,1,0,0,6,3,-8.372107311902704,8.372107311902704,Ositas,anti_homophones
37921,1,2,0,7,3,-5.207892432612131,5.207892432612131,vjEt°m@,anti_homophones
37922,1,0,0,6,3,-7.166492980298489,7.166492980298489,bataR2,anti_homophones
37923,1,18,0,6,3,-4.829462880148949,4.829462880148949,yRasj§,anti_homophones
37924,1,0,0,9,3,-9.379512844434466,9.379512844434466,pORsevR2z,anti_homophones
37925,1,0,0,9,3,-8.790910099788178,8.790910099788178,saglomatR,anti_homophones
37926,1,1,0,7,3,-5.8090273934879,5.8090273934879,RavaRje,anti_homophones
37927,1,0,0,7,3,-5.977229976385692,5.977229976385692,pRosede,anti_homophones
37928,1,0,0,6,3,-7.005238015623267,7.005238015623267,buSoke,anti_homophones
37929,1,0,0,7,3,-7.7294223411143985,7.7294223411143985,syR@tja,anti_homophones
37930,1,0,0,8,3,-7.72863596878831,7.72863596878831,5tRotist,anti_homophones
37931,1,0,0,7,3,-7.039034168830179,7.039034168830179,REv°nOt,anti_homophones
37932,1,2,0,8,3,-7.522598236379466,7.522598236379466,k§pREsk§,anti_homophones
37933,1,1,0,7,3,-6.94181771351201,6.94181771351201,gRataSe,anti_homophones
37934,1,1,0,7,3,-6.380549308423459,6.380549308423459,pjad°m@,anti_homophones
37935,1,3,0,6,3,-5.448012077217166,5.448012077217166,deg2li,anti_homophones
37936,1,1,0,7,3,-5.855320875655888,5.855320875655888,totat9R,anti_homophones
37937,1,0,0,8,3,-6.038732230247461,6.038732230247461,kalizibl,anti_homophones
37938,1,0,0,7,3,-5.76135572493447,5.76135572493447,koRyRZe,anti_homophones
37939,1,5,0,7,3,-5.531898821403512,5.531898821403512,kRut°m@,anti_homophones
37940,1,0,0,8,3,-7.698284760483109,7.698284760483109,pepidzan,anti_homophones
37941,1,0,0,7,3,-6.014755906592028,6.014755906592028,Eks@tje,anti_homophones
37942,1,0,0,8,3,-7.783431291832362,7.783431291832362,malneRja,anti_homophones
37943,1,1,0,8,3,-6.904880443348554,6.904880443348554,fRim@tER,anti_homophones
37944,1,0,0,6,3,-8.375487128401078,8.375487128401078,seNale,anti_homophones
37945,1,2,0,6,3,-5.298265590418088,5.298265590418088,5petik,anti_homophones
37946,1,0,0,6,3,-6.735553901233217,6.735553901233217,duluzi,anti_homophones
37947,1,0,0,8,3,-7.701762863577406,7.701762863577406,nEstjote,anti_homophones
37948,1,0,0,8,3,-8.451771435089178,8.451771435089178,mERl5psE,anti_homophones
37949,1,1,0,8,3,-7.722816283880255,7.722816283880255,dERmisEt,anti_homophones
37950,1,0,0,7,3,-6.891336597834159,6.891336597834159,devidik,anti_homophones
37951,1,2,0,7,3,-5.331050307982036,5.331050307982036,epitabl,anti_homophones
37952,1,0,0,6,3,-5.972635050077202,5.972635050077202,in§das,anti_homophones
37953,1,0,0,8,3,-7.338813677494747,7.338813677494747,kOksimit,anti_homophones
37954,1,0,0,6,3,-7.167334814836751,7.167334814836751,pal@bo,anti_homophones
37955,1,1,0,6,3,-6.998918126061848,6.998918126061848,byR@s@,anti_homophones
37956,1,0,0,7,3,-7.033975427057242,7.033975427057242,ReveR@Z,anti_homophones
37957,1,2,0,7,3,-6.171717976477291,6.171717976477291,met@sj§,anti_homophones
37958,1,1,0,7,3,-6.85199494095122,6.85199494095122,kolatER,anti_homophones
37959,1,2,0,6,3,-6.176869953147028,6.176869953147028,balonE,anti_homophones
37960,1,0,0,6,3,-7.096055975919814,7.096055975919814,navili,anti_homophones
37961,1,0,0,8,3,-7.719054472870849,7.719054472870849,vEstRiko,anti_homophones
37962,1,0,0,7,3,-6.224121696895342,6.224121696895342,guRmine,anti_homophones
37963,1,5,0,5,3,-5.259613656048318,5.259613656048318,inaje,anti_homophones
37964,1,4,0,6,3,-6.163408382162753,6.163408382162753,5t@tik,anti_homophones
37965,1,1,0,7,3,-6.11611572771848,6.11611572771848,nekRem@,anti_homophones
37966,1,0,0,6,3,-6.168257428319107,6.168257428319107,Reetys,anti_homophones
37967,1,1,0,6,3,-5.521189008538331,5.521189008538331,afytyR,anti_homophones
37968,1,0,0,7,3,-8.812667116841851,8.812667116841851,eksitEn,anti_homophones
37969,1,0,0,6,3,-7.779187818394666,7.779187818394666,amnik5,anti_homophones
37970,1,0,0,9,3,-6.598409455199264,6.598409455199264,bR§Sitizm,anti_homophones
37971,1,0,0,7,3,-5.8641865012675165,5.8641865012675165,OktoRja,anti_homophones
37972,1,0,0,6,3,-5.487401067917915,5.487401067917915,R°kuve,anti_homophones
37973,1,0,0,6,3,-6.454628492323983,6.454628492323983,kosEz§,anti_homophones
37974,1,1,0,7,3,-6.376710124862739,6.376710124862739,galatik,anti_homophones
37975,1,2,0,7,3,-5.948715276872264,5.948715276872264,papisj§,anti_homophones
37976,1,0,0,8,3,-5.3566824438453855,5.3566824438453855,R°komEtR,anti_homophones
37977,1,0,0,8,3,-8.232757317874736,8.232757317874736,sylERtin,anti_homophones
37978,1,0,0,7,3,-8.043785663954273,8.043785663954273,tRopad5,anti_homophones
37979,1,1,0,7,3,-5.527826737157477,5.527826737157477,R°plase,anti_homophones
37980,1,0,0,5,3,-5.763735480831249,5.763735480831249,@kana,anti_homophones
37981,1,0,0,7,3,-7.907290536606085,7.907290536606085,bOlZezi,anti_homophones
37982,1,0,0,6,3,-6.034416017003305,6.034416017003305,kam°l@,anti_homophones
37983,1,0,0,8,3,-6.432262331478479,6.432262331478479,baRboRaZ,anti_homophones
37984,1,4,0,6,3,-6.174871402040736,6.174871402040736,ResoRe,anti_homophones
37985,1,2,0,6,3,-6.305720235052883,6.305720235052883,@vizjo,anti_homophones
37986,1,1,0,9,3,-6.585477465570173,6.585477465570173,gRasjonER,anti_homophones
37987,1,7,0,7,3,-5.855060248542928,5.855060248542928,vREs°m@,anti_homophones
37988,1,0,0,7,3,-7.343194522189144,7.343194522189144,l§tEnEt,anti_homophones
37989,1,0,0,8,3,-8.024344224116989,8.024344224116989,fRazigON,anti_homophones
37990,1,4,0,7,3,-5.877291161454046,5.877291161454046,kwak°m@,anti_homophones
37991,1,0,0,6,3,-8.43391702124196,8.43391702124196,§bifaz,anti_homophones
37992,1,0,0,6,3,-7.620444487568989,7.620444487568989,t§bato,anti_homophones
37993,1,1,0,6,3,-6.6382021097227595,6.6382021097227595,inekRo,anti_homophones
37994,1,1,0,7,3,-6.548187615613939,6.548187615613939,Refin@s,anti_homophones
37995,1,0,0,6,3,-7.32507127433386,7.32507127433386,@dital,anti_homophones
37996,1,0,0,6,3,-6.795181730176456,6.795181730176456,Rakawa,anti_homophones
37997,1,0,0,6,3,-6.165421607307114,6.165421607307114,sOlde5,anti_homophones
37998,1,3,0,7,3,-4.796696361931409,4.796696361931409,deRat9R,anti_homophones
37999,1,5,0,6,3,-6.344809085762068,6.344809085762068,maRSie,anti_homophones
38000,1,0,0,6,3,-7.442946973600383,7.442946973600383,@kRipo,anti_homophones
38001,1,0,0,7,3,-7.2056252657503,7.2056252657503,odaljOm,anti_homophones
38002,1,4,0,6,3,-6.561853142319736,6.561853142319736,votize,anti_homophones
38003,1,1,0,7,3,-5.77989977706948,5.77989977706948,k§pline,anti_homophones
38004,1,0,0,9,3,-9.353782811207143,9.353782811207143,spistokaZ,anti_homophones
38005,1,1,0,5,3,-7.094181620767165,7.094181620767165,ovaki,anti_homophones
38006,1,0,0,7,3,-6.882455926395231,6.882455926395231,bukinOm,anti_homophones
38007,1,10,0,6,3,-5.520384263365258,5.520384263365258,deline,anti_homophones
38008,1,0,0,7,3,-7.3506362613154455,7.3506362613154455,kukuman,anti_homophones
38009,1,1,0,7,3,-6.844118827331687,6.844118827331687,diasist,anti_homophones
38010,1,0,0,8,3,-8.125555219879752,8.125555219879752,molEksim,anti_homophones
38011,1,1,0,7,3,-6.138969688517355,6.138969688517355,vylgyR@,anti_homophones
38012,1,1,0,5,3,-5.804197507048817,5.804197507048817,am°s§,anti_homophones
38013,1,0,0,7,3,-6.129230995959211,6.129230995959211,oRatizm,anti_homophones
38014,1,0,0,7,3,-9.048959675640354,9.048959675640354,batando,anti_homophones
38015,1,0,0,7,3,-7.307699719135518,7.307699719135518,5pReSEz,anti_homophones
38016,1,0,0,7,3,-6.238688284156971,6.238688284156971,m5t°nEz,anti_homophones
38017,1,0,0,6,3,-8.938542643414367,8.938542643414367,em§taj,anti_homophones
38018,1,0,0,7,3,-7.970912983140332,7.970912983140332,ROk°duj,anti_homophones
38019,1,0,0,7,3,-6.005241610921503,6.005241610921503,dek§fit,anti_homophones
38020,1,0,0,7,3,-7.1485516032061405,7.1485516032061405,m@syRdy,anti_homophones
38021,1,0,0,9,3,-7.421540893938704,7.421540893938704,R°plEktyR,anti_homophones
38022,1,0,0,9,3,-7.281893159084751,7.281893159084751,skRimilje,anti_homophones
38023,1,0,0,8,3,-6.964499007828448,6.964499007828448,debaRbyl,anti_homophones
38024,1,0,0,9,3,-9.071801017295316,9.071801017295316,atR§pREtR,anti_homophones
38025,1,0,0,8,3,-9.987992572504101,9.987992572504101,daktosEs,anti_homophones
38026,1,0,0,6,3,-6.359609381747235,6.359609381747235,kaRod§,anti_homophones
38027,1,0,0,8,3,-6.730883458467003,6.730883458467003,kORdoniR,anti_homophones
38028,1,8,0,7,3,-4.650122742070936,4.650122742070936,vitasj§,anti_homophones
38029,1,8,0,7,3,-5.3414187116646215,5.3414187116646215,bRas°m@,anti_homophones
38030,1,1,0,8,3,-7.929736319442667,7.929736319442667,smatin8e,anti_homophones
38031,1,1,0,6,3,-6.220603742490173,6.220603742490173,paRlea,anti_homophones
38032,1,0,0,9,3,-8.494539549098299,8.494539549098299,laRZajist,anti_homophones
38033,1,2,0,6,3,-4.843303117074505,4.843303117074505,f9j°t§,anti_homophones
38034,1,1,0,6,3,-6.3117626161190765,6.3117626161190765,kokola,anti_homophones
38035,1,9,0,6,3,-4.9461222500796085,4.9461222500796085,kavite,anti_homophones
38036,1,0,0,6,3,-7.029628985450047,7.029628985450047,lamid@,anti_homophones
38037,1,1,0,7,3,-6.223905323294019,6.223905323294019,kvavite,anti_homophones
38038,1,0,0,7,3,-5.544964653791604,5.544964653791604,k§vylse,anti_homophones
38039,1,1,0,7,3,-5.803848553705705,5.803848553705705,@gR°niR,anti_homophones
38040,1,0,0,7,3,-7.737777597064823,7.737777597064823,fuRbinE,anti_homophones
38041,1,0,0,8,3,-9.585923394204892,9.585923394204892,gEstigaj,anti_homophones
38042,1,2,0,6,3,-6.7944271627486135,6.7944271627486135,talini,anti_homophones
38043,1,0,0,8,3,-7.260489657288481,7.260489657288481,mekaRnje,anti_homophones
38044,1,0,0,8,3,-8.457708916069084,8.457708916069084,kOltiRaj,anti_homophones
38045,1,0,0,10,3,-7.216568198581587,7.216568198581587,apstRaksj§,anti_homophones
38046,1,2,0,6,3,-6.18199372027305,6.18199372027305,otonit,anti_homophones
38047,1,1,0,7,3,-6.66041555706438,6.66041555706438,Rytisj§,anti_homophones
38048,1,1,0,8,3,-6.027912833219982,6.027912833219982,Repylsif,anti_homophones
38049,1,0,0,7,3,-11.319733979246884,11.319733979246884,afOtjaR,anti_homophones
38050,1,0,0,5,3,-5.548284196987782,5.548284196987782,asid@,anti_homophones
38051,1,0,0,8,3,-6.9395896643564265,6.9395896643564265,k§tResj2,anti_homophones
38052,1,0,0,6,3,-5.994878663323475,5.994878663323475,s5dife,anti_homophones
38053,1,4,0,6,3,-6.651305225151475,6.651305225151475,iminas,anti_homophones
38054,1,1,0,7,3,-5.256315245140428,5.256315245140428,deSiRyR,anti_homophones
38055,1,4,0,5,3,-6.18154484936375,6.18154484936375,eRemi,anti_homophones
38056,1,1,0,6,3,-6.629083097823438,6.629083097823438,kootaZ,anti_homophones
38057,1,4,0,5,3,-5.5133124299756195,5.5133124299756195,afaR5,anti_homophones
38058,1,5,0,7,3,-5.169054173741783,5.169054173741783,kavasj§,anti_homophones
38059,1,1,0,6,3,-8.161183146897,8.161183146897,zelEs@,anti_homophones
38060,1,1,0,6,3,-5.810747819063262,5.810747819063262,ORgote,anti_homophones
38061,1,0,0,6,3,-7.567782593602239,7.567782593602239,mitifa,anti_homophones
38062,1,0,0,8,3,-7.12521389431927,7.12521389431927,RaS°tabl,anti_homophones
38063,1,0,0,8,3,-8.118070014863346,8.118070014863346,epR@dRin,anti_homophones
38064,1,1,0,7,3,-6.680723411954457,6.680723411954457,kRytili,anti_homophones
38065,1,0,0,7,3,-7.684659282100192,7.684659282100192,taliswa,anti_homophones
38066,1,1,0,5,3,-6.2126371604379305,6.2126371604379305,alyto,anti_homophones
38067,1,0,0,8,3,-7.83785274561369,7.83785274561369,aplastR2,anti_homophones
38068,1,0,0,7,3,-7.9044528128382625,7.9044528128382625,tRolame,anti_homophones
38069,1,0,0,7,3,-6.597599897992048,6.597599897992048,l5fORma,anti_homophones
38070,1,1,0,8,3,-9.63588417211014,9.63588417211014,bavajvaZ,anti_homophones
38071,1,0,0,6,3,-6.725778029296774,6.725778029296774,ekabRe,anti_homophones
38072,1,0,0,8,3,-7.848097746102699,7.848097746102699,plesizj§,anti_homophones
38073,1,1,0,7,3,-5.403251706406132,5.403251706406132,R°dujER,anti_homophones
38074,1,1,0,7,3,-6.196901449292397,6.196901449292397,5k@tabl,anti_homophones
38075,1,1,0,6,3,-5.8014485941753495,5.8014485941753495,5tERwa,anti_homophones
38076,1,0,0,7,3,-8.58918121249588,8.58918121249588,akalast,anti_homophones
38077,1,2,0,7,3,-5.5089615978492255,5.5089615978492255,vizisj§,anti_homophones
38078,1,0,0,6,3,-6.209740138579615,6.209740138579615,efRiS§,anti_homophones
38079,1,2,0,6,3,-5.811514294207502,5.811514294207502,RealaZ,anti_homophones
38080,1,0,0,6,3,-6.294327915884276,6.294327915884276,deZ9nE,anti_homophones
38081,1,8,0,7,3,-4.652540306838653,4.652540306838653,kokasj§,anti_homophones
38082,1,0,0,8,3,-8.236841035503362,8.236841035503362,piskajaZ,anti_homophones
38083,1,2,0,6,3,-6.11888454933809,6.11888454933809,bonim@,anti_homophones
38084,1,1,0,7,3,-6.144032231506631,6.144032231506631,leZisj§,anti_homophones
38085,1,4,0,6,3,-5.552079475697817,5.552079475697817,f9l°Ri,anti_homophones
38086,1,0,0,6,3,-5.781785736659585,5.781785736659585,Repyl2,anti_homophones
38087,1,1,0,7,3,-6.99161501265222,6.99161501265222,toleRj5,anti_homophones
38088,1,1,0,7,3,-6.787966349249681,6.787966349249681,Rusoizm,anti_homophones
38089,1,3,0,6,3,-4.81727623474835,4.81727623474835,Egzone,anti_homophones
38090,1,5,0,6,3,-5.189351561561382,5.189351561561382,metone,anti_homophones
38091,1,3,0,7,3,-5.917053387617453,5.917053387617453,aRitwaR,anti_homophones
38092,1,1,0,7,3,-7.350964033088561,7.350964033088561,sykRane,anti_homophones
38093,1,6,0,7,3,-4.55300564508149,4.55300564508149,R°sasj§,anti_homophones
38094,1,5,0,5,3,-5.621903575264373,5.621903575264373,inis@,anti_homophones
38095,1,0,0,7,3,-6.280249815806709,6.280249815806709,kasjon@,anti_homophones
38096,1,0,0,8,3,-7.422743531343244,7.422743531343244,syRk§t9R,anti_homophones
38097,1,1,0,6,3,-5.936602686873563,5.936602686873563,p§p9Re,anti_homophones
38098,1,0,0,6,3,-8.643133606832084,8.643133606832084,Otal5g,anti_homophones
38099,1,0,0,9,3,-6.59082965249031,6.59082965249031,Eksponist,anti_homophones
38100,1,5,0,5,3,-5.643833461101499,5.643833461101499,apij§,anti_homophones
38101,1,0,0,6,3,-8.75252795832618,8.75252795832618,sal9Ra,anti_homophones
38102,1,0,0,7,3,-7.21386181756289,7.21386181756289,kil9RiR,anti_homophones
38103,1,0,0,7,3,-8.62845082543254,8.62845082543254,ZiditEs,anti_homophones
38104,1,2,0,6,3,-5.891307754957453,5.891307754957453,abataZ,anti_homophones
38105,1,0,0,10,3,-8.586209345918604,8.586209345918604,disfERmatR,anti_homophones
38106,1,1,0,7,3,-5.737359743193882,5.737359743193882,kokolOg,anti_homophones
38107,1,1,0,6,3,-7.22347883420437,7.22347883420437,dipolE,anti_homophones
38108,1,7,0,5,3,-5.463356398617631,5.463356398617631,alyRe,anti_homophones
38109,1,0,1,7,3,-6.48588174328682,6.48588174328682,fases9R,anti_homophones
38110,1,1,0,6,3,-6.9198534444021735,6.9198534444021735,oRalyR,anti_homophones
38111,1,3,0,7,3,-5.599665207739973,5.599665207739973,kaRpij§,anti_homophones
38112,1,0,0,6,3,-6.553213513275579,6.553213513275579,p@sasi,anti_homophones
38113,1,1,0,7,3,-5.925716910852253,5.925716910852253,ReatRik,anti_homophones
38114,1,1,0,5,3,-5.395549733678729,5.395549733678729,yn°te,anti_homophones
38115,1,1,0,5,3,-6.082015093471058,6.082015093471058,@fER2,anti_homophones
38116,1,0,0,7,3,-7.663763763848402,7.663763763848402,s@tam9R,anti_homophones
38117,1,0,0,9,3,-6.446770881196076,6.446770881196076,tRaktysj§,anti_homophones
38118,1,0,0,7,3,-8.322510089935005,8.322510089935005,azaRkoz,anti_homophones
38119,1,5,0,5,3,-5.764002704984645,5.764002704984645,asaZe,anti_homophones
38120,1,0,0,8,3,-8.304617826591741,8.304617826591741,EkstaSin,anti_homophones
38121,1,1,0,7,3,-5.761774563866656,5.761774563866656,k§Zygys,anti_homophones
38122,1,0,0,8,3,-7.5223684880811845,7.5223684880811845,gnubl°m@,anti_homophones
38123,1,0,0,7,3,-7.958154298673038,7.958154298673038,plaZ@te,anti_homophones
38124,1,0,0,7,3,-6.496002255607778,6.496002255607778,teledOk,anti_homophones
38125,1,1,0,7,3,-6.288322005870311,6.288322005870311,sERpij§,anti_homophones
38126,1,1,0,6,3,-6.583795593040885,6.583795593040885,fERese,anti_homophones
38127,1,0,0,8,3,-6.390539865502006,6.390539865502006,apR@dizm,anti_homophones
38128,1,1,0,7,3,-8.142369460287346,8.142369460287346,bRetije,anti_homophones
38129,1,7,0,6,3,-4.57109395567883,4.57109395567883,Revite,anti_homophones
38130,1,4,0,6,3,-5.4590048963113365,5.4590048963113365,koRiz@,anti_homophones
38131,1,1,0,8,3,-6.118938166860359,6.118938166860359,aRkizibl,anti_homophones
38132,1,0,0,6,3,-6.148966393763624,6.148966393763624,lokote,anti_homophones
38133,1,1,0,7,3,-7.874856582565243,7.874856582565243,betofan,anti_homophones
38134,1,0,0,6,3,-6.516371482886933,6.516371482886933,veRut§,anti_homophones
38135,1,0,0,9,3,-8.493720622896483,8.493720622896483,vEstibjaZ,anti_homophones
38136,1,0,0,10,3,-11.564355294396586,11.564355294396586,tEskwistik,anti_homophones
38137,1,2,0,6,3,-5.910825531733281,5.910825531733281,adenik,anti_homophones
38138,1,0,0,9,3,-9.097857952642254,9.097857952642254,lydiskRil,anti_homophones
38139,1,0,0,7,3,-6.498816574649489,6.498816574649489,k§kaj9R,anti_homophones
38140,1,2,0,6,3,-6.180858833611075,6.180858833611075,dolone,anti_homophones
38141,1,3,0,6,3,-6.024162026707341,6.024162026707341,gomize,anti_homophones
38142,1,0,0,7,3,-5.8847019945535,5.8847019945535,bujOnEl,anti_homophones
38143,1,1,0,6,3,-5.749342598602934,5.749342598602934,elEste,anti_homophones
38144,1,1,0,7,3,-5.7192678810285935,5.7192678810285935,peaZist,anti_homophones
38145,1,0,0,8,3,-5.700967997028078,5.700967997028078,pOst@sj§,anti_homophones
38146,1,0,0,8,3,-9.262646819327367,9.262646819327367,fl@tuREl,anti_homophones
38147,1,5,0,5,3,-6.213398690287452,6.213398690287452,@bylE,anti_homophones
38148,1,0,0,7,3,-6.385816594841354,6.385816594841354,ERgymje,anti_homophones
38149,1,0,0,9,3,-9.497832418658117,9.497832418658117,sybRostEl,anti_homophones
38150,1,4,0,7,3,-6.2415626588603965,6.2415626588603965,manatyR,anti_homophones
38151,1,0,0,6,3,-5.521942741513789,5.521942741513789,t@poR2,anti_homophones
38152,1,0,0,8,3,-7.599034767550671,7.599034767550671,R2tRisj§,anti_homophones
38153,1,6,0,6,3,-6.658432236177881,6.658432236177881,gavite,anti_homophones
38154,1,0,0,7,3,-9.165778013467394,9.165778013467394,d5p§d9R,anti_homophones
38155,1,0,0,6,3,-6.227001671242383,6.227001671242383,mateZe,anti_homophones
38156,1,1,0,7,3,-6.712488534144604,6.712488534144604,ovalizm,anti_homophones
38157,1,1,0,7,3,-5.830840531149213,5.830840531149213,sERviv@,anti_homophones
38158,1,0,0,8,3,-7.496222848185211,7.496222848185211,dOksatif,anti_homophones
38159,1,0,0,4,3,-4.738430651110329,4.738430651110329,@vai,anti_homophones
38160,1,0,0,6,3,-6.565663411760332,6.565663411760332,adiZj2,anti_homophones
38161,1,4,0,6,3,-5.136203241027805,5.136203241027805,Ryasj§,anti_homophones
38162,1,0,0,6,3,-8.810861386362486,8.810861386362486,aRnaj§,anti_homophones
38163,1,0,0,7,3,-6.4110954559368345,6.4110954559368345,aktyRje,anti_homophones
38164,1,1,0,7,3,-6.75823917559933,6.75823917559933,S@t@d@s,anti_homophones
38165,1,0,0,8,3,-6.808098376786739,6.808098376786739,pRotoRal,anti_homophones
38166,1,12,0,6,3,-5.381843558695674,5.381843558695674,mid°m@,anti_homophones
38167,1,0,0,8,3,-7.5404084968759175,7.5404084968759175,tRipsoli,anti_homophones
38168,1,0,0,10,3,-8.851203391963226,8.851203391963226,vwaRkomEtR,anti_homophones
38169,1,0,0,6,3,-7.671292528342978,7.671292528342978,izas@s,anti_homophones
38170,1,4,0,7,3,-5.476831217387698,5.476831217387698,damasj§,anti_homophones
38171,1,0,0,7,3,-6.098915902405762,6.098915902405762,vERgym@,anti_homophones
38172,1,0,0,8,3,-6.820847083315214,6.820847083315214,skaRatik,anti_homophones
38173,1,0,0,7,3,-6.547033247373205,6.547033247373205,ZydoRal,anti_homophones
38174,1,0,0,8,3,-8.20845452486734,8.20845452486734,Estilits,anti_homophones
38175,1,0,0,7,3,-7.729437429616446,7.729437429616446,inORmij,anti_homophones
38176,1,1,0,6,3,-6.762965507590518,6.762965507590518,kapola,anti_homophones
38177,1,0,0,7,3,-7.652218115338654,7.652218115338654,k§s@d9R,anti_homophones
38178,1,0,0,8,3,-5.463310158297931,5.463310158297931,sERvEj@s,anti_homophones
38179,1,0,0,7,3,-6.427590639666466,6.427590639666466,ERminj5,anti_homophones
38180,1,0,0,9,3,-7.966561844494304,7.966561844494304,mORtiR9st,anti_homophones
38181,1,0,0,7,3,-7.698085803228033,7.698085803228033,dedyzje,anti_homophones
38182,1,2,0,6,3,-6.844308768206306,6.844308768206306,safiz@,anti_homophones
38183,1,2,0,6,3,-5.529803456882415,5.529803456882415,aRbuji,anti_homophones
38184,1,0,0,8,3,-6.715227109671108,6.715227109671108,pR5sid@s,anti_homophones
38185,1,0,0,8,3,-8.808108493417944,8.808108493417944,liponabl,anti_homophones
38186,1,1,0,6,3,-7.156548186870461,7.156548186870461,SifoRa,anti_homophones
38187,1,0,0,6,3,-7.232403446182247,7.232403446182247,s@tuze,anti_homophones
38188,1,0,0,7,3,-7.211620243042818,7.211620243042818,ekResim,anti_homophones
38189,1,0,0,7,3,-8.033655049434197,8.033655049434197,@gRival,anti_homophones
38190,1,1,0,9,3,-5.085518877322781,5.085518877322781,sybZEkt9R,anti_homophones
38191,1,1,0,6,3,-4.925749679353236,4.925749679353236,ev@Z9R,anti_homophones
38192,1,1,0,6,3,-6.608496023511747,6.608496023511747,ipilER,anti_homophones
38193,1,0,0,8,3,-7.258508244127866,7.258508244127866,sypylist,anti_homophones
38194,1,0,0,8,3,-7.006891759775374,7.006891759775374,pRolOgaZ,anti_homophones
38195,1,1,0,6,3,-5.2890020495352585,5.2890020495352585,ReveSe,anti_homophones
38196,1,1,0,8,3,-6.567272830615989,6.567272830615989,papasabl,anti_homophones
38197,1,0,0,6,3,-6.455957379618075,6.455957379618075,minuka,anti_homophones
38198,1,1,0,6,3,-6.873302471174978,6.873302471174978,kutymo,anti_homophones
38199,1,0,0,7,3,-7.417704905403401,7.417704905403401,koERtER,anti_homophones
38200,1,0,0,9,3,-9.546338095957061,9.546338095957061,kamjokOst,anti_homophones
38201,1,1,0,7,3,-5.361157190033676,5.361157190033676,k§pat9R,anti_homophones
38202,1,0,0,9,3,-9.938604692819888,9.938604692819888,stoistRif,anti_homophones
38203,1,0,0,7,3,-8.49931886396061,8.49931886396061,viZinsi,anti_homophones
38204,1,0,0,6,3,-6.649421426601115,6.649421426601115,batak5,anti_homophones
38205,1,0,0,7,3,-7.594948544064782,7.594948544064782,k§taRt5,anti_homophones
38206,1,0,0,5,3,-6.482467544248835,6.482467544248835,kooky,anti_homophones
38207,1,0,0,6,3,-6.308338680750668,6.308338680750668,aRaksi,anti_homophones
38208,1,0,0,8,3,-7.7078378910081025,7.7078378910081025,Rutijizm,anti_homophones
38209,1,0,0,7,3,-5.882582665447466,5.882582665447466,pERd°Ri,anti_homophones
38210,1,6,0,6,3,-5.383067238645373,5.383067238645373,metaje,anti_homophones
38211,1,1,0,7,3,-5.32870567995601,5.32870567995601,finisj§,anti_homophones
38212,1,0,0,7,3,-7.958038435190069,7.958038435190069,patR°k5,anti_homophones
38213,1,3,0,5,3,-5.726750965169169,5.726750965169169,inani,anti_homophones
38214,1,0,0,6,3,-7.225314043629869,7.225314043629869,valala,anti_homophones
38215,1,0,0,8,3,-6.4297123983784985,6.4297123983784985,stezid@s,anti_homophones
38216,1,0,0,6,3,-6.370043300633902,6.370043300633902,gupine,anti_homophones
38217,1,0,0,9,3,-7.5758682947997205,7.5758682947997205,pist5ktik,anti_homophones
38218,1,1,0,7,3,-6.3335630903811815,6.3335630903811815,avwaz9R,anti_homophones
38219,1,0,0,6,3,-6.709072865726133,6.709072865726133,vid@s@,anti_homophones
38220,1,0,0,7,3,-6.7390565447025175,6.7390565447025175,bidozaZ,anti_homophones
38221,1,0,0,7,3,-5.637694297853058,5.637694297853058,elEktRi,anti_homophones
38222,1,4,0,5,3,-5.515443203525075,5.515443203525075,5diso,anti_homophones
38223,1,1,0,7,3,-5.576983047742198,5.576983047742198,emylt9R,anti_homophones
38224,1,1,0,6,3,-7.201575374418302,7.201575374418302,5k@tij,anti_homophones
38225,1,0,0,8,3,-7.208560035198558,7.208560035198558,p§ktyRj5,anti_homophones
38226,1,0,0,7,3,-6.785895345580013,6.785895345580013,k§flami,anti_homophones
38227,1,0,0,6,3,-6.9746151303166775,6.9746151303166775,dyp°l@,anti_homophones
38228,1,0,0,7,3,-6.180366316268584,6.180366316268584,evERsje,anti_homophones
38229,1,8,0,5,3,-5.034386676214042,5.034386676214042,5feRe,anti_homophones
38230,1,0,0,7,3,-7.562643737814445,7.562643737814445,negRoni,anti_homophones
38231,1,0,0,9,3,-5.889941316254062,5.889941316254062,syksjonER,anti_homophones
38232,1,2,0,6,3,-6.0023068500133805,6.0023068500133805,aglote,anti_homophones
38233,1,0,0,8,3,-6.974860008645159,6.974860008645159,aRmanjak,anti_homophones
38234,1,1,0,6,3,-6.5258250481523445,6.5258250481523445,degaze,anti_homophones
38235,1,0,0,8,3,-7.111282828360856,7.111282828360856,paRtEkno,anti_homophones
38236,1,0,0,5,3,-6.051919324812159,6.051919324812159,aRaz@,anti_homophones
38237,1,0,0,8,3,-7.028903759486331,7.028903759486331,fylmikR§,anti_homophones
38238,1,2,0,6,3,-6.085810501312462,6.085810501312462,RotaZe,anti_homophones
38239,1,0,0,8,3,-6.648983389432938,6.648983389432938,pERkaizm,anti_homophones
38240,1,1,0,6,3,-6.4024446513889375,6.4024446513889375,atElEt,anti_homophones
38241,1,7,0,6,3,-5.34045631042563,5.34045631042563,sinite,anti_homophones
38242,1,0,0,6,3,-5.937557050218627,5.937557050218627,@timOm,anti_homophones
38243,1,0,0,7,3,-6.42949566058993,6.42949566058993,opsEsif,anti_homophones
38244,1,0,0,8,3,-5.990239820095254,5.990239820095254,volytwaR,anti_homophones
38245,1,0,0,6,3,-6.60297072405445,6.60297072405445,k§bazi,anti_homophones
38246,1,4,0,6,3,-5.397015855807986,5.397015855807986,bifeRe,anti_homophones
38247,1,0,0,7,3,-6.513683848528457,6.513683848528457,ebR@SEt,anti_homophones
38248,1,0,0,7,3,-6.158485830906617,6.158485830906617,tuRnEz§,anti_homophones
38249,1,1,0,7,3,-5.352446192969473,5.352446192969473,veZetik,anti_homophones
38250,1,1,0,8,3,-6.094308737615099,6.094308737615099,patRijER,anti_homophones
38251,1,0,0,7,3,-7.861180165015467,7.861180165015467,sizeR@s,anti_homophones
38252,1,1,0,7,3,-6.405687346858549,6.405687346858549,5sylfat,anti_homophones
38253,1,0,0,10,3,-8.990945918884057,8.990945918884057,skaRvatwaR,anti_homophones
38254,1,1,0,7,3,-6.413883570250456,6.413883570250456,tERaZ9R,anti_homophones
38255,1,0,0,6,3,-6.389591848896897,6.389591848896897,anytil,anti_homophones
38256,1,1,0,7,3,-6.8604416129212815,6.8604416129212815,apRetRe,anti_homophones
38257,1,0,0,8,3,-8.280434139968932,8.280434139968932,dodyksyd,anti_homophones
38258,1,0,0,6,3,-10.59660836452297,10.59660836452297,befav@,anti_homophones
38259,1,0,0,8,3,-6.840019945600625,6.840019945600625,zigRafik,anti_homophones
38260,1,0,0,6,3,-6.956879082352783,6.956879082352783,legeji,anti_homophones
38261,1,1,0,7,3,-8.216328264132263,8.216328264132263,5tERplo,anti_homophones
38262,1,0,0,8,3,-6.354031210567584,6.354031210567584,patRibys,anti_homophones
38263,1,0,0,8,3,-11.70925710090398,11.70925710090398,p5stR@sE,anti_homophones
38264,1,0,0,7,3,-7.450964781406615,7.450964781406615,amnez8E,anti_homophones
38265,1,1,0,6,3,-6.128424368950598,6.128424368950598,navam@,anti_homophones
38266,1,0,0,6,3,-5.568194977498441,5.568194977498441,bul@Ze,anti_homophones
38267,1,0,0,6,3,-6.459480036143835,6.459480036143835,eSaRyR,anti_homophones
38268,1,3,0,8,3,-5.142628437685475,5.142628437685475,pRogasj§,anti_homophones
38269,1,0,0,7,3,-7.059904549733448,7.059904549733448,kRemajo,anti_homophones
38270,1,1,0,7,3,-7.606480113038195,7.606480113038195,apostOR,anti_homophones
38271,1,0,0,7,3,-6.433122491077516,6.433122491077516,fR@gyle,anti_homophones
38272,1,0,0,7,3,-7.333399079921542,7.333399079921542,bERlyR§,anti_homophones
38273,1,0,0,8,3,-8.275447725743803,8.275447725743803,syksElER,anti_homophones
38274,1,0,0,8,3,-8.50207038559517,8.50207038559517,debonysk,anti_homophones
38275,1,0,0,8,3,-7.96523094148674,7.96523094148674,penigREf,anti_homophones
38276,1,0,0,10,3,-8.329044915775876,8.329044915775876,k§baRkmEtR,anti_homophones
38277,1,1,0,7,3,-6.832634341411968,6.832634341411968,sakRane,anti_homophones
38278,1,4,0,5,3,-5.177374489009926,5.177374489009926,ebule,anti_homophones
38279,1,0,0,7,3,-7.641901776609925,7.641901776609925,@tRolOp,anti_homophones
38280,1,6,0,6,3,-5.354687630753494,5.354687630753494,tut°m@,anti_homophones
38281,1,0,0,7,3,-7.414658606031403,7.414658606031403,Rab§din,anti_homophones
38282,1,2,0,5,3,-6.909686630812701,6.909686630812701,apeti,anti_homophones
38283,1,1,0,6,3,-5.462619129898378,5.462619129898378,vol§be,anti_homophones
38284,1,0,0,6,3,-6.751113708101556,6.751113708101556,komyl§,anti_homophones
38285,1,5,0,6,3,-5.836692213466274,5.836692213466274,gaz°m@,anti_homophones
38286,1,0,0,7,3,-6.314092572621549,6.314092572621549,myz°lik,anti_homophones
38287,1,0,0,7,3,-7.586793346806464,7.586793346806464,etanaft,anti_homophones
38288,1,0,0,8,3,-6.512312910482568,6.512312910482568,dORmatif,anti_homophones
38289,1,0,0,8,3,-7.997214535703444,7.997214535703444,R°b@dERn,anti_homophones
