,word,num_phones,prob,num_sylls_est,surprisal,lexicon,num_homophones,neighborhood_size,mode
0,nE4ru2,6,-6.081682623905559,2,6.081682623905559,1,0,0,anti_homophones
1,zhu1,4,-3.4476640398823184,1,3.4476640398823184,1,3,15,anti_homophones
2,feng5,5,-4.7590400104315025,1,4.7590400104315025,1,0,6,anti_homophones
3,dong1min2dO3,12,-10.121197302635956,3,10.121197302635956,1,0,0,anti_homophones
4,shi4ce4,7,-5.6019230548062415,2,5.6019230548062415,1,1,1,anti_homophones
5,zE2zhe3,7,-6.624386795064968,2,6.624386795064968,1,0,3,anti_homophones
6,mi2bE1,6,-6.59497121783268,2,6.59497121783268,1,0,1,anti_homophones
7,tV2,3,-2.8879772718331873,1,2.8879772718331873,1,23,12,anti_homophones
8,lLn4,4,-3.3292518909022304,1,3.3292518909022304,1,4,14,anti_homophones
9,re4,3,-3.259245065753059,1,3.259245065753059,1,3,16,anti_homophones
10,fan4zhong2,10,-6.334602668879136,2,6.334602668879136,1,0,3,anti_homophones
11,ji2feng3lO4,11,-9.390033073471548,3,9.390033073471548,1,0,0,anti_homophones
12,xing1kV3shi2,12,-8.22223528444956,3,8.22223528444956,1,0,0,anti_homophones
13,cu1xLn4dV4nu4,13,-12.352371789034178,4,12.352371789034178,1,0,0,anti_homophones
14,zi4yi4fu4,9,-8.065856266973402,3,8.065856266973402,1,0,0,anti_homophones
15,dW4,3,-3.1151640415209254,1,3.1151640415209254,1,8,15,anti_homophones
16,bi4,3,-3.0817951062808984,1,3.0817951062808984,1,5,21,anti_homophones
17,zhu3,4,-3.0461800040214153,1,3.0461800040214153,1,5,10,anti_homophones
18,fang4,5,-3.0846549282018074,1,3.0846549282018074,1,4,19,anti_homophones
19,jW4xW4,6,-5.456451261219518,2,5.456451261219518,1,0,1,anti_homophones
20,zhi3,4,-2.991047002896085,1,2.991047002896085,1,5,9,anti_homophones
21,wE3yang4xing3,13,-9.285770975923949,3,9.285770975923949,1,0,0,anti_homophones
22,gO3tan4,7,-6.174475997605819,2,6.174475997605819,1,0,0,anti_homophones
23,shI3qin1xing4rang4,18,-12.61771400603969,4,12.61771400603969,1,0,0,anti_homophones
24,jLn4ju2,7,-5.5107880782203,2,5.5107880782203,1,0,4,anti_homophones
25,qUn2bu4yan1,11,-8.523794237658828,3,8.523794237658828,1,0,0,anti_homophones
26,jing2gI1,8,-5.662822519290584,2,5.662822519290584,1,0,0,anti_homophones
27,chang3,6,-3.421513746950438,1,3.421513746950438,1,3,9,anti_homophones
28,qi4zhen4dQ1,11,-10.233174291148245,3,10.233174291148245,1,0,0,anti_homophones
29,shang2,6,-3.1842951724008857,1,3.1842951724008857,1,4,9,anti_homophones
30,zO3fu4,6,-5.842395813175741,2,5.842395813175741,1,0,2,anti_homophones
31,ye3yi4,6,-5.645188690294263,2,5.645188690294263,1,1,3,anti_homophones
32,zhi4hA4,7,-5.758486741901617,2,5.758486741901617,1,0,6,anti_homophones
33,cA2lan2yong4,12,-9.506087569188463,3,9.506087569188463,1,0,0,anti_homophones
34,nW4ge5,6,-7.0698921105285715,2,7.0698921105285715,1,0,0,anti_homophones
35,zhe3,4,-2.776902758992562,1,2.776902758992562,1,8,10,anti_homophones
36,zhQ4dQ4,7,-5.693156980937501,2,5.693156980937501,1,0,3,anti_homophones
37,yQ4,3,-3.029170999438229,1,3.029170999438229,1,13,19,anti_homophones
38,ye3,3,-3.415869940874531,1,3.415869940874531,1,4,8,anti_homophones
39,cun1jing2,9,-6.842189851748454,2,6.842189851748454,1,1,1,anti_homophones
40,jLng2qu1,8,-6.34061511810216,2,6.34061511810216,1,0,0,anti_homophones
41,zhong4du4ji2jK3,15,-10.72789809046207,4,10.72789809046207,1,0,0,anti_homophones
42,shV3,4,-2.6604371112432443,1,2.6604371112432443,1,16,10,anti_homophones
43,shi2,4,-2.7337174031526787,1,2.7337174031526787,1,12,9,anti_homophones
44,yin1pQ4hI2ju2,13,-12.28506382781592,4,12.28506382781592,1,0,0,anti_homophones
45,sO3,3,-3.417198147339696,1,3.417198147339696,1,4,9,anti_homophones
46,wE2ji1cong2tV2,14,-11.3880275809478,4,11.3880275809478,1,0,0,anti_homophones
47,wE1lM4,6,-5.756939042565847,2,5.756939042565847,1,0,2,anti_homophones
48,hun1dong1dQ4yi2,15,-12.60245730322455,4,12.60245730322455,1,0,0,anti_homophones
49,nv4,3,-5.209648177646273,1,5.209648177646273,1,2,11,anti_homophones
50,cang3lLn2,9,-7.102282106497402,2,7.102282106497402,1,0,0,anti_homophones
51,yang4,5,-3.2661062427452205,1,3.2661062427452205,1,3,19,anti_homophones
52,han3,4,-3.821425184366862,1,3.821425184366862,1,1,20,anti_homophones
53,kong1wA4,8,-6.831636402655751,2,6.831636402655751,1,0,1,anti_homophones
54,cheng3ta3,9,-7.088167103016567,2,7.088167103016567,1,0,1,anti_homophones
55,bu4,3,-2.8091063221600354,1,2.8091063221600354,1,7,23,anti_homophones
56,jK4,3,-3.1129829304184886,1,3.1129829304184886,1,8,9,anti_homophones
57,peng2jL4,8,-6.438102947467717,2,6.438102947467717,1,0,2,anti_homophones
58,nLn2qing2,9,-6.124207470239639,2,6.124207470239639,1,1,1,anti_homophones
59,wu4zi5,6,-5.222891638462837,2,5.222891638462837,1,0,11,anti_homophones
60,ju3lLng2,8,-6.838644965510032,2,6.838644965510032,1,0,1,anti_homophones
61,ri4,3,-3.1368564586871885,1,3.1368564586871885,1,4,20,anti_homophones
62,yu2,3,-2.867251942084866,1,2.867251942084866,1,13,21,anti_homophones
63,wen1,4,-3.7660067126425965,1,3.7660067126425965,1,0,9,anti_homophones
64,shen1chang3men2kV3,18,-11.957559604287312,4,11.957559604287312,1,0,0,anti_homophones
65,shi4,4,-2.431285353536701,1,2.431285353536701,1,23,15,anti_homophones
66,yQ1,3,-3.514394040242047,1,3.514394040242047,1,2,15,anti_homophones
67,zhe4yi4bQ4,10,-9.160957746447165,3,9.160957746447165,1,0,0,anti_homophones
68,sheng2,6,-3.097574526923433,1,3.097574526923433,1,3,8,anti_homophones
69,tu2,3,-3.1140310920305927,1,3.1140310920305927,1,3,22,anti_homophones
70,pA1mA2ta3,9,-8.756534820189984,3,8.756534820189984,1,0,0,anti_homophones
71,bu4lLn2,7,-5.426447642555975,2,5.426447642555975,1,0,5,anti_homophones
72,jin4ling3,9,-6.701123633415858,2,6.701123633415858,1,0,2,anti_homophones
73,xi1,3,-2.956308838738689,1,2.956308838738689,1,6,19,anti_homophones
74,fang2,5,-3.1493932549008514,1,3.1493932549008514,1,6,20,anti_homophones
75,yUn2zhang1,10,-6.187132946298099,2,6.187132946298099,1,0,3,anti_homophones
76,zu3,3,-3.2543469289137503,1,3.2543469289137503,1,4,23,anti_homophones
77,ni2shu4qi4,10,-8.092184806159866,3,8.092184806159866,1,0,0,anti_homophones
78,shV4ci2,7,-6.119557730364075,2,6.119557730364075,1,0,2,anti_homophones
79,cI1fa1,6,-6.436490283415069,2,6.436490283415069,1,0,0,anti_homophones
80,di1wu2,6,-6.685939315834483,2,6.685939315834483,1,0,3,anti_homophones
81,fan2,4,-3.511768570095755,1,3.511768570095755,1,2,15,anti_homophones
82,gong2,5,-3.189653401465225,1,3.189653401465225,1,4,15,anti_homophones
83,chang2,6,-3.3528991526558602,1,3.3528991526558602,1,1,11,anti_homophones
84,da4,3,-2.9809914767854826,1,2.9809914767854826,1,6,19,anti_homophones
85,yi1shV4,7,-5.160085426613391,2,5.160085426613391,1,0,7,anti_homophones
86,dLn3,4,-2.991199097244293,1,2.991199097244293,1,5,10,anti_homophones
87,bQ3bo2bLn4,10,-9.8501475457049,3,9.8501475457049,1,0,0,anti_homophones
88,jin4ying1,9,-6.322371256957534,2,6.322371256957534,1,0,1,anti_homophones
89,bo2dQ4,6,-5.046748278283129,2,5.046748278283129,1,0,3,anti_homophones
90,ti2chi2,7,-6.324668927262065,2,6.324668927262065,1,0,1,anti_homophones
91,tong3,5,-3.520555001644339,1,3.520555001644339,1,3,12,anti_homophones
92,di3dA4,6,-5.684899988357801,2,5.684899988357801,1,0,8,anti_homophones
93,bE4,3,-3.079503381934873,1,3.079503381934873,1,8,15,anti_homophones
94,lu4mLn4,7,-6.517583744298032,2,6.517583744298032,1,0,4,anti_homophones
95,re4shi2,7,-5.3938394959310765,2,5.3938394959310765,1,0,3,anti_homophones
96,san1leng2mE2,12,-10.122042266937617,3,10.122042266937617,1,0,0,anti_homophones
97,cang4,5,-3.7473130691432486,1,3.7473130691432486,1,2,18,anti_homophones
98,yan1ji4ming1,12,-9.143044781868314,3,9.143044781868314,1,0,0,anti_homophones
99,yi3,3,-3.2533314876372588,1,3.2533314876372588,1,3,22,anti_homophones
100,gUn1jing5,9,-7.8052446122673755,2,7.8052446122673755,1,0,0,anti_homophones
101,xC2nLn2,7,-6.03360942809208,2,6.03360942809208,1,0,0,anti_homophones
102,gong1hQ4zhe3,12,-8.456561984968385,3,8.456561984968385,1,0,0,anti_homophones
103,tLn1shi2xing2,13,-7.830361032856373,3,7.830361032856373,1,0,0,anti_homophones
104,du4yV2,6,-6.936405373780412,2,6.936405373780412,1,0,3,anti_homophones
105,nQ3,3,-3.4881621408935795,1,3.4881621408935795,1,3,20,anti_homophones
106,yi4ji3,6,-6.540251936303824,2,6.540251936303824,1,0,9,anti_homophones
107,qu1,3,-3.0792619221515367,1,3.0792619221515367,1,6,18,anti_homophones
108,xLn3,4,-3.411961135060972,1,3.411961135060972,1,7,11,anti_homophones
109,kV3,3,-3.1776390582084675,1,3.1776390582084675,1,5,11,anti_homophones
110,jin4dA4,7,-5.187327489367874,2,5.187327489367874,1,0,2,anti_homophones
111,yi1ban3shQ4xi2,14,-11.617808338186306,4,11.617808338186306,1,0,0,anti_homophones
112,fan4mo4di4,10,-8.329869109175917,3,8.329869109175917,1,0,0,anti_homophones
113,pin2bQ1che1,11,-9.279891393795202,3,9.279891393795202,1,0,0,anti_homophones
114,shi3ke3nK2gE3,13,-10.636548084455205,4,10.636548084455205,1,0,0,anti_homophones
115,yan3,4,-3.013955799581863,1,3.013955799581863,1,7,19,anti_homophones
116,can1,4,-3.3558502162519166,1,3.3558502162519166,1,7,18,anti_homophones
117,da4xC2,6,-4.483956800409713,2,4.483956800409713,1,2,8,anti_homophones
118,sheng2yan3xu4xLn4,17,-11.158876522243494,4,11.158876522243494,1,0,0,anti_homophones
119,tang4A4,7,-6.295203832003749,2,6.295203832003749,1,0,1,anti_homophones
120,ying1,5,-3.3457640356370217,1,3.3457640356370217,1,3,16,anti_homophones
121,jLng4,5,-3.3372280755461654,1,3.3372280755461654,1,2,9,anti_homophones
122,he2ye5,6,-6.031233164596491,2,6.031233164596491,1,1,2,anti_homophones
123,da4bQ4tV2,9,-7.227093571832469,3,7.227093571832469,1,0,0,anti_homophones
124,si4yV3si1,9,-8.1337648278741,3,8.1337648278741,1,0,0,anti_homophones
125,xun2,4,-3.4195229790391997,1,3.4195229790391997,1,2,9,anti_homophones
126,pQ3dLn4,7,-6.324823381115322,2,6.324823381115322,1,0,2,anti_homophones
127,hV4yan2,7,-5.482570941058736,2,5.482570941058736,1,0,2,anti_homophones
128,jK3cA4mLn4zhi4,14,-11.029666047261799,4,11.029666047261799,1,0,0,anti_homophones
129,qi2,3,-3.208238169526441,1,3.208238169526441,1,4,17,anti_homophones
130,dong4lW3,8,-7.380064039185505,2,7.380064039185505,1,0,1,anti_homophones
131,men2hA4,7,-6.38442716622148,2,6.38442716622148,1,0,2,anti_homophones
132,bo1wen3,7,-6.544547510771154,2,6.544547510771154,1,0,1,anti_homophones
133,da3de2,6,-5.547385506648787,2,5.547385506648787,1,0,3,anti_homophones
134,su4,3,-3.0477402872473687,1,3.0477402872473687,1,6,25,anti_homophones
135,pW1,3,-4.043363306425291,1,4.043363306425291,1,0,11,anti_homophones
136,pang4,5,-4.042170913310411,1,4.042170913310411,1,0,18,anti_homophones
137,hUn2,4,-3.2865086992362444,1,3.2865086992362444,1,5,14,anti_homophones
138,zhO1,4,-3.561417689342984,1,3.561417689342984,1,4,10,anti_homophones
139,bing4,5,-3.2257478278150367,1,3.2257478278150367,1,5,14,anti_homophones
140,tang3sQ3hu1,11,-10.33275641732496,3,10.33275641732496,1,0,0,anti_homophones
141,qu3,3,-3.1933821763211614,1,3.1933821763211614,1,6,20,anti_homophones
142,ji1ren2lLng4,12,-8.577966370371337,3,8.577966370371337,1,0,0,anti_homophones
143,cheng4hU4,9,-5.631421157109726,2,5.631421157109726,1,1,6,anti_homophones
144,xin1,4,-2.8101697106812633,1,2.8101697106812633,1,6,10,anti_homophones
145,sha1yan2shi2,12,-7.829805339611751,3,7.829805339611751,1,0,0,anti_homophones
146,gu3,3,-2.9374907707766527,1,2.9374907707766527,1,6,24,anti_homophones
147,ying1jin4,9,-5.959295440891285,2,5.959295440891285,1,1,2,anti_homophones
148,hI4,3,-2.9223851449304794,1,2.9223851449304794,1,5,20,anti_homophones
149,hO2,3,-3.36523413733066,1,3.36523413733066,1,2,16,anti_homophones
150,mE3hI1pen1A4,12,-10.961406806673597,4,10.961406806673597,1,0,0,anti_homophones
151,cun4er2,7,-6.310824733295852,2,6.310824733295852,1,0,1,anti_homophones
152,jing3,5,-3.3883198518494577,1,3.3883198518494577,1,6,15,anti_homophones
153,ceng1yang3,10,-7.421358176243847,2,7.421358176243847,1,0,0,anti_homophones
154,gan3lu4qi4,10,-7.8522859484856316,3,7.8522859484856316,1,0,0,anti_homophones
155,li3xu4qi4,9,-7.781029357000552,3,7.781029357000552,1,0,0,anti_homophones
156,yin1bE1,7,-6.034904129352499,2,6.034904129352499,1,0,0,anti_homophones
157,dUn1ye4can1,11,-9.540771364370746,3,9.540771364370746,1,0,0,anti_homophones
158,dan1,4,-3.275684274541256,1,3.275684274541256,1,5,17,anti_homophones
159,cA3,3,-3.3757303844962028,1,3.3757303844962028,1,5,12,anti_homophones
160,xing1tV2,8,-5.912705315945896,2,5.912705315945896,1,0,2,anti_homophones
161,fen2ping1gUn3wE4,16,-13.503485597733707,4,13.503485597733707,1,0,0,anti_homophones
162,lv4,3,-3.2693384806478334,1,3.2693384806478334,1,4,14,anti_homophones
163,ke1ji4,6,-5.447252200303845,2,5.447252200303845,1,0,1,anti_homophones
164,ren2,4,-2.7236441075566775,1,2.7236441075566775,1,16,7,anti_homophones
165,gong1,5,-2.991323336350949,1,2.991323336350949,1,9,17,anti_homophones
166,pE2qu3,6,-5.962445389760016,2,5.962445389760016,1,0,2,anti_homophones
167,tO1shI3xM2,10,-8.958884247479906,3,8.958884247479906,1,0,0,anti_homophones
168,ce4,3,-3.279981918613026,1,3.279981918613026,1,3,16,anti_homophones
169,fu3,3,-3.3273567741645773,1,3.3273567741645773,1,4,19,anti_homophones
170,gu1kV3,6,-5.276167435876544,2,5.276167435876544,1,0,2,anti_homophones
171,feng1,5,-3.047095784173369,1,3.047095784173369,1,7,16,anti_homophones
172,lQ2gang3,8,-6.5004747440654205,2,6.5004747440654205,1,0,0,anti_homophones
173,fan4hU1ping2yUn2,16,-11.473981516328651,4,11.473981516328651,1,0,0,anti_homophones
174,ban3lW4,7,-5.953373577162708,2,5.953373577162708,1,0,2,anti_homophones
175,tQ2tA4,6,-5.652440860056975,2,5.652440860056975,1,0,0,anti_homophones
176,chi3,4,-3.5429058258833552,1,3.5429058258833552,1,3,8,anti_homophones
177,bQ4an4yong1,11,-8.06750011891181,3,8.06750011891181,1,0,0,anti_homophones
178,ma3,3,-3.217872410860585,1,3.217872410860585,1,3,18,anti_homophones
179,kA1zhi3,7,-5.832666186481805,2,5.832666186481805,1,0,0,anti_homophones
180,zhu2ta3,7,-7.057463417928335,2,7.057463417928335,1,0,1,anti_homophones
181,chQ1xin4ran2,12,-8.636652469835077,3,8.636652469835077,1,0,0,anti_homophones
182,fa4,3,-3.680445403031884,1,3.680445403031884,1,1,14,anti_homophones
183,shen1,5,-3.1897230045727385,1,3.1897230045727385,1,3,9,anti_homophones
184,fu2lu4,6,-5.495250957759351,2,5.495250957759351,1,0,5,anti_homophones
185,shI4,4,-3.2931857679975587,1,3.2931857679975587,1,2,12,anti_homophones
186,xun4,4,-3.3933966507414803,1,3.3933966507414803,1,2,14,anti_homophones
187,dI4,3,-2.936637376632752,1,2.936637376632752,1,7,16,anti_homophones
188,jLn4zhi3,8,-5.543440298379761,2,5.543440298379761,1,0,4,anti_homophones
189,zhang4,6,-3.3032728827073807,1,3.3032728827073807,1,4,12,anti_homophones
190,ju4,3,-2.920465212241052,1,2.920465212241052,1,7,27,anti_homophones
191,sheng1shang2xing1xi5,20,-11.879766127284679,4,11.879766127284679,1,0,0,anti_homophones
192,hu2,3,-3.256403986636199,1,3.256403986636199,1,6,26,anti_homophones
193,ke4,3,-3.0242612304343774,1,3.0242612304343774,1,5,18,anti_homophones
194,hI2,3,-3.2801518882266105,1,3.2801518882266105,1,4,16,anti_homophones
195,chang4,6,-3.2881608259568162,1,3.2881608259568162,1,4,11,anti_homophones
196,chang4yV2zhi4fen2,17,-12.724426955659261,4,12.724426955659261,1,0,0,anti_homophones
197,sUn1zhan3ran3nLng2,18,-14.854170382246254,4,14.854170382246254,1,0,0,anti_homophones
198,chUng4zhe3,10,-6.290564689014456,2,6.290564689014456,1,0,0,anti_homophones
199,zhang5,6,-4.868155989482429,1,4.868155989482429,1,0,5,anti_homophones
200,yUn2,4,-2.7979158838733396,1,2.7979158838733396,1,10,10,anti_homophones
201,jM1,3,-3.2645637814339565,1,3.2645637814339565,1,4,15,anti_homophones
202,zhi1,4,-2.8795886313640238,1,2.8795886313640238,1,8,14,anti_homophones
203,ju1lu1,6,-6.239546460787407,2,6.239546460787407,1,0,3,anti_homophones
204,dA4,3,-2.911605031969309,1,2.911605031969309,1,4,19,anti_homophones
205,ting4pA2,8,-6.596414957078159,2,6.596414957078159,1,0,0,anti_homophones
206,bing2rong2,10,-6.586598396837007,2,6.586598396837007,1,0,0,anti_homophones
207,chV2,4,-3.2857572764911716,1,3.2857572764911716,1,5,10,anti_homophones
208,ru2shi2jing4lan2,16,-11.787218268618272,4,11.787218268618272,1,0,0,anti_homophones
209,hU4,3,-2.8029198360151866,1,2.8029198360151866,1,7,12,anti_homophones
210,jLn3,4,-3.132984291282344,1,3.132984291282344,1,4,12,anti_homophones
211,tQ4hong4li3,11,-8.924651048637394,3,8.924651048637394,1,0,0,anti_homophones
212,xW4,3,-3.040295227810484,1,3.040295227810484,1,5,15,anti_homophones
213,yC4jing3me5,11,-9.41978210937873,3,9.41978210937873,1,0,0,anti_homophones
214,tong1,5,-3.082540338409476,1,3.082540338409476,1,5,17,anti_homophones
215,qC2zhi2sheng2xC3,16,-13.053327585812527,4,13.053327585812527,1,0,0,anti_homophones
216,nong4,5,-3.6086151264743918,1,3.6086151264743918,1,1,16,anti_homophones
217,ma2su4he1,9,-10.479397690771174,3,10.479397690771174,1,0,0,anti_homophones
218,qUn2,4,-2.951740915883934,1,2.951740915883934,1,8,10,anti_homophones
219,jing2yUn2nong4,14,-8.975063354810759,3,8.975063354810759,1,0,0,anti_homophones
220,qing2,5,-3.0305485488456667,1,3.0305485488456667,1,7,15,anti_homophones
221,he2,3,-2.764229378752174,1,2.764229378752174,1,8,16,anti_homophones
222,chi1,4,-3.6447459372495827,1,3.6447459372495827,1,2,12,anti_homophones
223,ke3shV3,7,-5.686974223915991,2,5.686974223915991,1,1,3,anti_homophones
224,fen1qUn2,8,-5.270557524310864,2,5.270557524310864,1,1,3,anti_homophones
225,qLn1,4,-3.208903940428996,1,3.208903940428996,1,4,13,anti_homophones
226,rong1cha2zhi3ji4,16,-11.832211503628892,4,11.832211503628892,1,0,0,anti_homophones
227,mW2du4,6,-6.180198379034913,2,6.180198379034913,1,1,1,anti_homophones
228,xi3ci2,6,-6.471057475923497,2,6.471057475923497,1,0,3,anti_homophones
229,jing4ke3,8,-6.735551659760544,2,6.735551659760544,1,0,0,anti_homophones
230,yV4shUng4,9,-7.247464101469864,2,7.247464101469864,1,0,3,anti_homophones
231,jing2nW3,8,-5.9057185162966634,2,5.9057185162966634,1,0,1,anti_homophones
232,tu4,3,-3.9653312551738202,1,3.9653312551738202,1,2,29,anti_homophones
233,fen1song1chi1shi2,17,-12.121475609236743,4,12.121475609236743,1,0,0,anti_homophones
234,qun2jun1qLng1,13,-9.9216418707207,3,9.9216418707207,1,0,0,anti_homophones
235,yin3xLn4dI4di4,14,-11.247821008830233,4,11.247821008830233,1,0,0,anti_homophones
236,xi4,3,-3.139481452483112,1,3.139481452483112,1,6,24,anti_homophones
237,gu4,3,-3.320143547793887,1,3.320143547793887,1,4,30,anti_homophones
238,ben4tI4wu4ming4,15,-12.428952974172692,4,12.428952974172692,1,0,0,anti_homophones
239,xLng2,5,-3.3186793622270057,1,3.3186793622270057,1,3,10,anti_homophones
240,yV3,3,-3.007770281719251,1,3.007770281719251,1,10,13,anti_homophones
241,ding4,5,-3.406166418302915,1,3.406166418302915,1,3,16,anti_homophones
242,hO4yC4du4,9,-7.864943460600277,3,7.864943460600277,1,0,0,anti_homophones
243,che1,4,-2.8393157788016437,1,2.8393157788016437,1,17,10,anti_homophones
244,ben3,4,-3.132468862381335,1,3.132468862381335,1,7,7,anti_homophones
245,dLn3zhi5,8,-7.692318112548884,2,7.692318112548884,1,0,2,anti_homophones
246,cQ3wE2kP4jing2,14,-11.25580536397409,4,11.25580536397409,1,0,0,anti_homophones
247,shV4yV2zi5,10,-7.501802920025069,3,7.501802920025069,1,0,0,anti_homophones
248,ji2,3,-2.7847921036801737,1,2.7847921036801737,1,5,17,anti_homophones
249,chen2shV4shi4pQ4,16,-12.375896498198271,4,12.375896498198271,1,0,0,anti_homophones
250,jL3,3,-3.4439295276328097,1,3.4439295276328097,1,3,8,anti_homophones
251,xLng3,5,-3.311177772150436,1,3.311177772150436,1,3,10,anti_homophones
252,yang1wu2nA3,11,-9.246780211977343,3,9.246780211977343,1,0,0,anti_homophones
253,yan1qUn1,8,-6.8050100923250385,2,6.8050100923250385,1,0,0,anti_homophones
254,kang3,5,-4.089327038314727,1,4.089327038314727,1,0,19,anti_homophones
255,wen2,4,-2.9288278132376186,1,2.9288278132376186,1,9,8,anti_homophones
256,xLng2du4,8,-5.973823206372804,2,5.973823206372804,1,0,2,anti_homophones
257,zhan4,5,-3.3359880456170967,1,3.3359880456170967,1,2,11,anti_homophones
258,bu4xin1shV3,11,-7.312285489190012,3,7.312285489190012,1,0,0,anti_homophones
259,yi2bu4nen2,10,-10.430123344935975,3,10.430123344935975,1,0,0,anti_homophones
260,lLn2,4,-3.231825015982462,1,3.231825015982462,1,5,11,anti_homophones
261,wen4,4,-3.4873919107477582,1,3.4873919107477582,1,3,7,anti_homophones
262,ran2,4,-3.483757662174709,1,3.483757662174709,1,2,10,anti_homophones
263,jing2ri4,8,-5.7919731514189845,2,5.7919731514189845,1,2,2,anti_homophones
264,A1tO1,5,-5.634110375112633,2,5.634110375112633,1,0,2,anti_homophones
265,dan4,4,-3.1317433887138777,1,3.1317433887138777,1,9,22,anti_homophones
266,xing4,5,-3.026066035482194,1,3.026066035482194,1,5,15,anti_homophones
267,dQ4,3,-2.8766346552881497,1,2.8766346552881497,1,7,19,anti_homophones
268,jin1ze2zhi1,11,-9.35475425395803,3,9.35475425395803,1,0,0,anti_homophones
269,hI4kan1yV4yi4,13,-11.63888584295209,4,11.63888584295209,1,0,0,anti_homophones
270,can3,4,-3.8447041755019438,1,3.8447041755019438,1,0,16,anti_homophones
271,zO3fu2,6,-5.837850805990079,2,5.837850805990079,1,0,4,anti_homophones
272,deng4yun4mLn4,13,-9.835809731601664,3,9.835809731601664,1,0,0,anti_homophones
273,zi4chUn2chan4fu2,16,-12.396190379361197,4,12.396190379361197,1,0,0,anti_homophones
274,bu4ji2,6,-4.6900150270499426,2,4.6900150270499426,1,2,9,anti_homophones
275,rong1wu4,8,-6.037571059398326,2,6.037571059398326,1,0,6,anti_homophones
276,gan3,4,-3.020165019159335,1,3.020165019159335,1,7,18,anti_homophones
277,xing4chi4,9,-6.819950455158331,2,6.819950455158331,1,0,1,anti_homophones
278,hE1qi4,6,-4.983980377617223,2,4.983980377617223,1,1,8,anti_homophones
279,gUng1,5,-3.4039279151926483,1,3.4039279151926483,1,4,9,anti_homophones
280,zhu4,4,-2.840140994526383,1,2.840140994526383,1,7,14,anti_homophones
281,bang2pQ2,8,-7.197774376973119,2,7.197774376973119,1,0,0,anti_homophones
282,an4,3,-3.1317569492910438,1,3.1317569492910438,1,4,17,anti_homophones
283,fan1dM1,7,-7.351669609193642,2,7.351669609193642,1,0,0,anti_homophones
284,hA2,3,-3.7725543546574727,1,3.7725543546574727,1,0,17,anti_homophones
285,fen4tO1chen2,12,-9.780771203223203,3,9.780771203223203,1,0,0,anti_homophones
286,ling2,5,-3.3330623107730957,1,3.3330623107730957,1,3,17,anti_homophones
287,gong1zhu3lin2,13,-8.740365146126383,3,8.740365146126383,1,0,0,anti_homophones
288,shu4,4,-2.8227382093726288,1,2.8227382093726288,1,9,14,anti_homophones
289,xing3,5,-3.446727356560803,1,3.446727356560803,1,3,14,anti_homophones
290,yC4dI4,6,-4.734236147914812,2,4.734236147914812,1,1,2,anti_homophones
291,wang4pQ2,8,-7.2461248274341905,2,7.2461248274341905,1,0,0,anti_homophones
292,gUng4,5,-3.6237707844476637,1,3.6237707844476637,1,2,11,anti_homophones
293,wan3yan2,8,-6.2887395412322284,2,6.2887395412322284,1,0,2,anti_homophones
294,chu1,4,-2.840312370555608,1,2.840312370555608,1,10,14,anti_homophones
295,hV4,3,-3.0027318161833505,1,3.0027318161833505,1,6,23,anti_homophones
296,tV4,3,-3.893280438416717,1,3.893280438416717,1,0,19,anti_homophones
297,zhan3,5,-3.6353497389966734,1,3.6353497389966734,1,1,8,anti_homophones
298,qW3,3,-3.743472266426725,1,3.743472266426725,1,3,13,anti_homophones
299,hong2shu4,9,-6.187769670947166,2,6.187769670947166,1,0,2,anti_homophones
300,yi1xK1xL4xin1,13,-10.43681564451977,4,10.43681564451977,1,0,0,anti_homophones
301,yong1chu1,9,-6.235145788556283,2,6.235145788556283,1,0,0,anti_homophones
302,sheng4tan2shi4,14,-8.528395443913567,3,8.528395443913567,1,0,0,anti_homophones
303,lu4,3,-2.982053253786345,1,2.982053253786345,1,10,31,anti_homophones
304,hun2ku3mu3,10,-9.402766729402545,3,9.402766729402545,1,0,0,anti_homophones
305,dLn3zhu2xLn4dong1,17,-12.21794695248316,4,12.21794695248316,1,0,0,anti_homophones
306,ji4si4hU4bM2,12,-10.09414169590614,4,10.09414169590614,1,0,0,anti_homophones
307,cha2qing2xC4,12,-10.216197277775999,3,10.216197277775999,1,0,0,anti_homophones
308,xW4hU1,6,-5.920358269928434,2,5.920358269928434,1,0,1,anti_homophones
309,mi4,3,-3.3258749774482372,1,3.3258749774482372,1,3,24,anti_homophones
310,chi2xin1ling1,13,-8.823121004776615,3,8.823121004776615,1,0,0,anti_homophones
311,hU4jing4,8,-5.810352974988244,2,5.810352974988244,1,0,2,anti_homophones
312,sQ3,3,-3.904760140938733,1,3.904760140938733,1,0,17,anti_homophones
313,cUn2yan4,8,-8.241056125888234,2,8.241056125888234,1,0,0,anti_homophones
314,wE3jin4zhe3,11,-8.608214288780632,3,8.608214288780632,1,0,0,anti_homophones
315,tI1qLng4,8,-6.617399445832463,2,6.617399445832463,1,0,1,anti_homophones
316,heng1xin4ru2ya2,15,-12.09047207999371,4,12.09047207999371,1,0,0,anti_homophones
317,rO4gen1mi4,10,-10.028616576322474,3,10.028616576322474,1,0,0,anti_homophones
318,zhong2,6,-3.2282447735314475,1,3.2282447735314475,1,3,9,anti_homophones
319,xUn3,4,-3.287385246142253,1,3.287385246142253,1,4,11,anti_homophones
320,nUn3,4,-3.646180713836307,1,3.646180713836307,1,2,7,anti_homophones
321,chang3chen4hQ2fang1,19,-13.74569752518892,4,13.74569752518892,1,0,0,anti_homophones
322,ning2li4lLng4cha2,17,-13.153255344128077,4,13.153255344128077,1,0,0,anti_homophones
323,tA4,3,-3.404352160883167,1,3.404352160883167,1,2,22,anti_homophones
324,ying1jL5,8,-6.723184148399968,2,6.723184148399968,1,0,0,anti_homophones
325,qi2ben3zi5,10,-7.947824434073111,3,7.947824434073111,1,0,0,anti_homophones
326,cang1zi5,8,-6.043745585919348,2,6.043745585919348,1,0,3,anti_homophones
327,nLn2,4,-3.2055678110695154,1,3.2055678110695154,1,4,9,anti_homophones
328,ding4li4,8,-5.624470152340385,2,5.624470152340385,1,0,5,anti_homophones
329,qK2zhUn2bW3qi4,14,-12.080953616869364,4,12.080953616869364,1,0,0,anti_homophones
330,peng5,5,-5.377707581043946,1,5.377707581043946,1,0,4,anti_homophones
331,hun1ting4,9,-6.661564002319164,2,6.661564002319164,1,0,0,anti_homophones
332,shi1,4,-3.1224393348124857,1,3.1224393348124857,1,8,16,anti_homophones
333,rUn3,4,-3.486806979861211,1,3.486806979861211,1,5,8,anti_homophones
334,gang2,5,-3.7278927065832947,1,3.7278927065832947,1,1,19,anti_homophones
335,fang3,5,-3.218007849195429,1,3.218007849195429,1,5,21,anti_homophones
336,fu2,3,-2.9466359076120163,1,2.9466359076120163,1,5,17,anti_homophones
337,bQ3,3,-3.1923141553334777,1,3.1923141553334777,1,3,23,anti_homophones
338,song4hU4,8,-5.87428963213498,2,5.87428963213498,1,0,4,anti_homophones
339,tW3qu3,6,-6.255452596562912,2,6.255452596562912,1,0,1,anti_homophones
340,seng4che1,9,-7.903524536601742,2,7.903524536601742,1,0,1,anti_homophones
341,dI4hV4,6,-5.646270177984855,2,5.646270177984855,1,0,2,anti_homophones
342,ang1lv4,7,-7.288422843135176,2,7.288422843135176,1,0,0,anti_homophones
343,er3,3,-3.4774071230932617,1,3.4774071230932617,1,4,2,anti_homophones
344,kQ4ling2,8,-6.643067190763569,2,6.643067190763569,1,0,2,anti_homophones
345,gV1,3,-3.622227963276335,1,3.622227963276335,1,2,14,anti_homophones
346,du2,3,-3.0424392979458195,1,3.0424392979458195,1,7,19,anti_homophones
347,te4pQ4,6,-5.2531220702808445,2,5.2531220702808445,1,0,4,anti_homophones
348,zO4ren2kA1shi4,14,-10.688834684152026,4,10.688834684152026,1,0,0,anti_homophones
349,xLn2,4,-3.4423404923106036,1,3.4423404923106036,1,6,12,anti_homophones
350,xW3,3,-3.1772831669657537,1,3.1772831669657537,1,4,11,anti_homophones
351,hUng2,5,-3.628635239417505,1,3.628635239417505,1,2,11,anti_homophones
352,qi3,3,-3.061945825584553,1,3.061945825584553,1,6,20,anti_homophones
353,zhQ1,4,-3.6760956530650093,1,3.6760956530650093,1,1,13,anti_homophones
354,yi1zO4se4zhi4,13,-11.484898567492207,4,11.484898567492207,1,0,0,anti_homophones
355,yV1yV3,6,-5.073452576939073,2,5.073452576939073,1,0,3,anti_homophones
356,gQ1Q1,5,-6.717222564478607,2,6.717222564478607,1,0,3,anti_homophones
357,qi1zhan1,8,-6.783146964720845,2,6.783146964720845,1,0,2,anti_homophones
358,shi3,4,-3.2509809601574085,1,3.2509809601574085,1,3,14,anti_homophones
359,lA2,3,-3.2826524881370833,1,3.2826524881370833,1,3,14,anti_homophones
360,qi4,3,-2.747820492013856,1,2.747820492013856,1,10,22,anti_homophones
361,shV3xi4bang4,12,-8.806876812894648,3,8.806876812894648,1,0,0,anti_homophones
362,da4mo4,6,-5.344296138720526,2,5.344296138720526,1,0,1,anti_homophones
363,zhi3li3,7,-5.629424519693352,2,5.629424519693352,1,0,3,anti_homophones
364,mo2,3,-3.178171680759119,1,3.178171680759119,1,7,12,anti_homophones
365,zhQ4bu4pW4,10,-8.945324962834825,3,8.945324962834825,1,0,0,anti_homophones
366,shan4ren2,9,-5.5984478925905465,2,5.5984478925905465,1,0,3,anti_homophones
367,peng2gI1yu3ru3,14,-12.191324004878101,4,12.191324004878101,1,0,0,anti_homophones
368,gong1shI3yan3,13,-8.23428411346282,3,8.23428411346282,1,0,0,anti_homophones
369,ya3ban3bing4,12,-9.140846644332111,3,9.140846644332111,1,0,0,anti_homophones
370,zheng2zhong4tV2,15,-8.833849405955394,3,8.833849405955394,1,0,0,anti_homophones
371,zhi2,4,-3.022664994619559,1,3.022664994619559,1,8,10,anti_homophones
372,yin1,4,-2.946152164151318,1,2.946152164151318,1,11,11,anti_homophones
373,hE1feng1yang1cing1,18,-14.953726613344717,4,14.953726613344717,1,0,0,anti_homophones
374,yV3se4,6,-5.1178611500957505,2,5.1178611500957505,1,0,1,anti_homophones
375,fu4,3,-2.8191057873333625,1,2.8191057873333625,1,9,23,anti_homophones
376,jun1,4,-3.0277927801436255,1,3.0277927801436255,1,11,8,anti_homophones
377,mLn4,4,-3.018719453519979,1,3.018719453519979,1,6,11,anti_homophones
378,zi4nB4dA4,9,-7.749630758676105,3,7.749630758676105,1,0,0,anti_homophones
379,shu1,4,-3.094240762190634,1,3.094240762190634,1,5,16,anti_homophones
380,ping2shI3yUn2,13,-8.595810001596151,3,8.595810001596151,1,0,0,anti_homophones
381,shang3yi4,9,-5.6354559191096945,2,5.6354559191096945,1,0,2,anti_homophones
382,wu3se4,6,-5.141149863167287,2,5.141149863167287,1,1,4,anti_homophones
383,qLn1ti3,7,-5.8118341396470035,2,5.8118341396470035,1,0,3,anti_homophones
384,bQ4,3,-2.9759752318860064,1,2.9759752318860064,1,5,17,anti_homophones
385,bQ4nB4,6,-5.949008910343104,2,5.949008910343104,1,0,1,anti_homophones
386,fu4zhi4shu4,11,-7.751410484106486,3,7.751410484106486,1,0,1,anti_homophones
387,ying4,5,-3.130780074340003,1,3.130780074340003,1,7,16,anti_homophones
388,kI1shi2,7,-6.178871633511352,2,6.178871633511352,1,0,1,anti_homophones
389,pLn4,4,-3.323107886133562,1,3.323107886133562,1,3,10,anti_homophones
390,ke1,3,-3.402236440156411,1,3.402236440156411,1,3,7,anti_homophones
391,qing2zhu1shI3ji1,16,-11.046476457858944,4,11.046476457858944,1,0,0,anti_homophones
392,wu4,3,-3.0829931711722938,1,3.0829931711722938,1,9,25,anti_homophones
393,chUn2bi4shi4,12,-8.527522992109486,3,8.527522992109486,1,0,0,anti_homophones
394,bQ1,3,-3.2604499117264476,1,3.2604499117264476,1,5,16,anti_homophones
395,an4yan2,7,-5.93998586222491,2,5.93998586222491,1,0,4,anti_homophones
396,mo1qi1zhan1hU4,14,-12.166703874844234,4,12.166703874844234,1,0,0,anti_homophones
397,di4bQ4,6,-5.473796770942986,2,5.473796770942986,1,2,4,anti_homophones
398,shUng4,6,-4.118513516725941,1,4.118513516725941,1,0,7,anti_homophones
399,na4,3,-3.535284907687054,1,3.535284907687054,1,5,19,anti_homophones
400,zO4,3,-3.005602105204724,1,3.005602105204724,1,7,14,anti_homophones
401,zhUn3ze2lW3,11,-9.6761613269577,3,9.6761613269577,1,0,0,anti_homophones
402,jC2yu3,6,-5.732827545207354,2,5.732827545207354,1,0,0,anti_homophones
403,jK1ba1bi3,9,-9.707069621136752,3,9.707069621136752,1,0,0,anti_homophones
404,ran2dUn4,8,-6.382905447532968,2,6.382905447532968,1,0,2,anti_homophones
405,zUn4jLn4,8,-6.8919839348415985,2,6.8919839348415985,1,0,0,anti_homophones
406,xing1,5,-3.241049996779213,1,3.241049996779213,1,4,16,anti_homophones
407,shQ1dA4shi2,11,-8.010257275033071,3,8.010257275033071,1,0,0,anti_homophones
408,xLng1ji1gUng1,13,-8.474997561718295,3,8.474997561718295,1,0,0,anti_homophones
409,chang3ji4ce4ya1,15,-12.00748617847997,4,12.00748617847997,1,0,0,anti_homophones
410,chV2ban4,8,-5.972271993522131,2,5.972271993522131,1,0,1,anti_homophones
411,fE2ming2,8,-6.3719031882271855,2,6.3719031882271855,1,0,0,anti_homophones
412,cQ3bo1feng2,11,-9.063264688784294,3,9.063264688784294,1,0,0,anti_homophones
413,nW3shV3shu4ji1,14,-11.78172681414391,4,11.78172681414391,1,0,0,anti_homophones
414,ding2qu3,8,-6.137891218570041,2,6.137891218570041,1,0,3,anti_homophones
415,da4tV2,6,-4.761624316917017,2,4.761624316917017,1,1,6,anti_homophones
416,bE4fu3po4ye4,12,-11.202316855735646,4,11.202316855735646,1,0,0,anti_homophones
417,gang4fa3,8,-6.450191954762365,2,6.450191954762365,1,0,1,anti_homophones
418,hu4,3,-3.125449037049009,1,3.125449037049009,1,7,33,anti_homophones
419,dang2,5,-3.522613704499278,1,3.522613704499278,1,1,20,anti_homophones
420,ji4,3,-2.736182191630327,1,2.736182191630327,1,12,23,anti_homophones
421,lE3lu4,6,-6.125232412053444,2,6.125232412053444,1,0,4,anti_homophones
422,tA2qUn3,7,-7.330781036764648,2,7.330781036764648,1,0,0,anti_homophones
423,gQ1tan4,7,-6.153514739028324,2,6.153514739028324,1,0,3,anti_homophones
424,gO3,3,-3.4250277858836986,1,3.4250277858836986,1,2,15,anti_homophones
425,te4bu4,6,-5.34651149031845,2,5.34651149031845,1,0,6,anti_homophones
426,gA4,3,-3.596683340795574,1,3.596683340795574,1,3,24,anti_homophones
427,gen1chQ2mW2tV5,14,-11.840656966230295,4,11.840656966230295,1,0,0,anti_homophones
428,zhu2lV2ban1,11,-9.335511092763205,3,9.335511092763205,1,0,0,anti_homophones
429,bQ4jLn4wan2,11,-8.996264244497702,3,8.996264244497702,1,0,0,anti_homophones
430,lin2hI2lang4,12,-9.477931048047544,3,9.477931048047544,1,0,0,anti_homophones
431,shi2yun4ting4li4,16,-11.646263881369938,4,11.646263881369938,1,0,0,anti_homophones
432,zhi4,4,-2.6852124721018464,1,2.6852124721018464,1,20,13,anti_homophones
433,zheng1shI3mM4hU4,16,-10.371708848983818,4,10.371708848983818,1,0,0,anti_homophones
434,bu4xLn2,7,-5.560998657702322,2,5.560998657702322,1,0,5,anti_homophones
435,lLng2,5,-3.6098431192342995,1,3.6098431192342995,1,2,10,anti_homophones
436,xing1jM2,8,-5.780570268276582,2,5.780570268276582,1,0,2,anti_homophones
437,nu2,3,-4.048238791334652,1,4.048238791334652,1,0,18,anti_homophones
438,lQ3du2,6,-5.798746013801628,2,5.798746013801628,1,1,6,anti_homophones
439,wE1he2xM3xing2,14,-11.240278545661917,4,11.240278545661917,1,0,0,anti_homophones
440,gQ1zi5,6,-4.762831296650819,2,4.762831296650819,1,2,9,anti_homophones
441,qin2,4,-3.4142961585301586,1,3.4142961585301586,1,2,11,anti_homophones
442,shan4,5,-3.152272008611557,1,3.152272008611557,1,5,10,anti_homophones
443,si1fan4gu3,10,-8.490317305038552,3,8.490317305038552,1,0,0,anti_homophones
444,hU2,3,-3.3778530075846387,1,3.3778530075846387,1,2,11,anti_homophones
445,hun1,4,-3.5645056626557734,1,3.5645056626557734,1,2,11,anti_homophones
446,shun3ru2qK2,11,-9.632769431696692,3,9.632769431696692,1,0,0,anti_homophones
447,pin2lv4,7,-6.51817698916369,2,6.51817698916369,1,0,1,anti_homophones
448,chu1qK2hU4,10,-7.816163772847638,3,7.816163772847638,1,0,0,anti_homophones
449,song1seng2bo2bi3,16,-13.996781592236879,4,13.996781592236879,1,0,0,anti_homophones
450,lK2yang4chun4,13,-9.784133906455718,3,9.784133906455718,1,0,0,anti_homophones
451,jun1wE3,7,-6.299238466928436,2,6.299238466928436,1,0,1,anti_homophones
452,ku1wA4,6,-6.523257877747276,2,6.523257877747276,1,0,2,anti_homophones
453,gQ1,3,-3.1949594305795777,1,3.1949594305795777,1,3,18,anti_homophones
454,bQ3jL1ya1,9,-8.062890113760908,3,8.062890113760908,1,0,0,anti_homophones
455,zhu3chong4qing2shV3,19,-12.380336138264989,4,12.380336138264989,1,0,0,anti_homophones
456,wu3jLn4man3,11,-8.809473874268031,3,8.809473874268031,1,0,0,anti_homophones
457,ju1xin1,7,-5.879503993216695,2,5.879503993216695,1,0,4,anti_homophones
458,sheng4,6,-3.0935721069860316,1,3.0935721069860316,1,8,8,anti_homophones
459,ma2zhan4chI1,12,-10.541832014342235,3,10.541832014342235,1,0,0,anti_homophones
460,hO3,3,-3.072850886904787,1,3.072850886904787,1,5,12,anti_homophones
461,qLng3qi2,8,-6.730130284448315,2,6.730130284448315,1,0,2,anti_homophones
462,ma2fen4dQ4,10,-8.29181066219906,3,8.29181066219906,1,0,0,anti_homophones
463,feng4zhi4,9,-5.81462759988031,2,5.81462759988031,1,0,4,anti_homophones
464,ban4,4,-3.1411232022570257,1,3.1411232022570257,1,3,19,anti_homophones
465,ying1kA1ban1V1,14,-11.888149246844552,4,11.888149246844552,1,0,0,anti_homophones
466,xC3jing1ren2,12,-8.491156196209321,3,8.491156196209321,1,0,0,anti_homophones
467,cu4sheng2,9,-6.498160327092966,2,6.498160327092966,1,0,3,anti_homophones
468,zhe5,4,-3.6027651167514203,1,3.6027651167514203,1,0,5,anti_homophones
469,shan1xing4,10,-6.141549652986519,2,6.141549652986519,1,0,2,anti_homophones
470,lLn4mQ2cQ3,10,-9.254080263315666,3,9.254080263315666,1,0,0,anti_homophones
471,di2,3,-3.4552162308617254,1,3.4552162308617254,1,2,19,anti_homophones
472,zQ1shV4,7,-6.875244511506309,2,6.875244511506309,1,0,1,anti_homophones
473,sang2,5,-4.148627007399289,1,4.148627007399289,1,2,18,anti_homophones
474,tA2,3,-3.2997983380506777,1,3.2997983380506777,1,5,14,anti_homophones
475,dLn3bA4jM1hUng4,15,-13.055568008821234,4,13.055568008821234,1,0,0,anti_homophones
476,qLng2li2,8,-6.621913801677218,2,6.621913801677218,1,0,1,anti_homophones
477,ben3ku4,7,-6.643337633400519,2,6.643337633400519,1,0,0,anti_homophones
478,bi3lA2lO2,9,-8.955468332005628,3,8.955468332005628,1,0,0,anti_homophones
479,hA1dQ4gQ1dLn4,13,-11.914989713424196,4,11.914989713424196,1,0,0,anti_homophones
480,ding2,5,-3.4319354604884986,1,3.4319354604884986,1,4,16,anti_homophones
481,feng1he2,8,-5.718571145362769,2,5.718571145362769,1,1,3,anti_homophones
482,yQ4fu4,6,-6.037322670886382,2,6.037322670886382,1,0,4,anti_homophones
483,hQ4chu1,7,-6.434728694896755,2,6.434728694896755,1,0,1,anti_homophones
484,pu3,3,-3.521903116160376,1,3.521903116160376,1,4,19,anti_homophones
485,bing4fV4mLn4,12,-11.257024505474103,3,11.257024505474103,1,0,0,anti_homophones
486,shi4xin1le4,11,-8.1978929724337,3,8.1978929724337,1,0,0,anti_homophones
487,sha3,4,-4.263074854757358,1,4.263074854757358,1,0,10,anti_homophones
488,fen1ming4,9,-5.79532527836264,2,5.79532527836264,1,0,1,anti_homophones
489,ku3deng4yu2,11,-10.274304760470137,3,10.274304760470137,1,0,0,anti_homophones
490,chu3,4,-3.4434509440109227,1,3.4434509440109227,1,0,8,anti_homophones
491,jin4,4,-2.8603304102801865,1,2.8603304102801865,1,8,9,anti_homophones
492,shI3,4,-2.801387976455928,1,2.801387976455928,1,4,10,anti_homophones
493,hP4dong2,8,-6.91988663280144,2,6.91988663280144,1,0,1,anti_homophones
494,bE1shV4,7,-6.286893599159529,2,6.286893599159529,1,0,3,anti_homophones
495,yi1xin1zhen1hu4,15,-10.867826967809211,4,10.867826967809211,1,0,0,anti_homophones
496,kA1,3,-3.016902911733353,1,3.016902911733353,1,6,13,anti_homophones
497,tLn1shQ4,8,-6.449941486472823,2,6.449941486472823,1,0,2,anti_homophones
498,tu1ji4xin4,10,-8.51320602808764,3,8.51320602808764,1,0,0,anti_homophones
499,ni2lang2ren2,12,-8.714443676674835,3,8.714443676674835,1,0,0,anti_homophones
500,kong4,5,-3.4008369123098983,1,3.4008369123098983,1,3,14,anti_homophones
501,shi4zhi3,8,-5.270668310515162,2,5.270668310515162,1,1,5,anti_homophones
502,yu3,3,-3.059294598718003,1,3.059294598718003,1,5,22,anti_homophones
503,mu3lLng3,8,-6.85662539904062,2,6.85662539904062,1,0,1,anti_homophones
504,mE3,3,-3.31950227519015,1,3.31950227519015,1,3,12,anti_homophones
505,jW3kUng3,8,-8.888246652849306,2,8.888246652849306,1,0,0,anti_homophones
506,yV2,3,-2.926010595234958,1,2.926010595234958,1,8,13,anti_homophones
507,fen3ping4pen2,13,-10.342547689765176,3,10.342547689765176,1,0,0,anti_homophones
508,yan2ming3dan4,13,-9.252683595062424,3,9.252683595062424,1,0,0,anti_homophones
509,jL1ji1,6,-4.887530232060604,2,4.887530232060604,1,1,10,anti_homophones
510,qin1,4,-3.290349390841346,1,3.290349390841346,1,4,10,anti_homophones
511,qu1deng2beng2he5,16,-15.702852903625717,4,15.702852903625717,1,0,0,anti_homophones
512,gV4jW3xY3,9,-11.160867930701434,3,11.160867930701434,1,0,0,anti_homophones
513,na2,3,-4.051791409301975,1,4.051791409301975,1,1,14,anti_homophones
514,yV2zhe3,7,-5.466207451106436,2,5.466207451106436,1,1,3,anti_homophones
515,yan4shV3,8,-6.039704812642582,2,6.039704812642582,1,0,0,anti_homophones
516,di3er5,6,-7.936603925067729,2,7.936603925067729,1,0,1,anti_homophones
517,zhi2jLn4,8,-5.548240961957407,2,5.548240961957407,1,0,1,anti_homophones
518,wan2dQ4,7,-5.821961794344659,2,5.821961794344659,1,0,5,anti_homophones
519,fa1,3,-3.0229893501569762,1,3.0229893501569762,1,7,16,anti_homophones
520,jC2ming1,8,-5.861817709560977,2,5.861817709560977,1,0,0,anti_homophones
521,lang3,5,-4.098638055089992,1,4.098638055089992,1,1,20,anti_homophones
522,ju2hU4,6,-5.36452076413296,2,5.36452076413296,1,1,3,anti_homophones
523,yi1,3,-2.8635389461245966,1,2.8635389461245966,1,14,19,anti_homophones
524,chong1,6,-3.438444073915035,1,3.438444073915035,1,2,8,anti_homophones
525,sA1,3,-4.029983600233783,1,4.029983600233783,1,2,16,anti_homophones
526,da4shI3,7,-5.001356901916048,2,5.001356901916048,1,1,5,anti_homophones
527,lv4da4li3tUn2,13,-12.026799036259407,4,12.026799036259407,1,0,0,anti_homophones
528,kI2,3,-4.082258288163679,1,4.082258288163679,1,2,6,anti_homophones
529,hI4lK2dLn3,10,-8.870278865062996,3,8.870278865062996,1,0,0,anti_homophones
530,er4ba5,6,-7.0517567188270895,2,7.0517567188270895,1,0,1,anti_homophones
531,sO1,3,-3.726957785234669,1,3.726957785234669,1,0,11,anti_homophones
532,zhang1,6,-3.5787544617997122,1,3.5787544617997122,1,2,10,anti_homophones
533,za2,3,-3.6513560888371677,1,3.6513560888371677,1,1,12,anti_homophones
534,qC1,3,-3.731129645357394,1,3.731129645357394,1,1,9,anti_homophones
535,yong4,5,-3.4448174195099126,1,3.4448174195099126,1,3,16,anti_homophones
536,mLn2,4,-3.7928664595363712,1,3.7928664595363712,1,0,9,anti_homophones
537,ying1tLn1cA4,12,-9.030729157942979,3,9.030729157942979,1,0,0,anti_homophones
538,lE1,3,-4.774819936845505,1,4.774819936845505,1,0,11,anti_homophones
539,xi1sheng4tW2jL1,15,-11.341782267263053,4,11.341782267263053,1,0,0,anti_homophones
540,ming2qi4,8,-5.51673039637216,2,5.51673039637216,1,1,6,anti_homophones
541,xLn4zheng2,10,-5.95084556746003,2,5.95084556746003,1,0,1,anti_homophones
542,bA2fan4,7,-5.595265922698384,2,5.595265922698384,1,0,3,anti_homophones
543,gUn3ran2wE5,11,-9.489085355136591,3,9.489085355136591,1,0,0,anti_homophones
544,zhV1chV2bing4,13,-9.434849708635797,3,9.434849708635797,1,0,0,anti_homophones
545,tM3,3,-3.402877667853745,1,3.402877667853745,1,3,11,anti_homophones
546,tQ2,3,-3.479024731220207,1,3.479024731220207,1,2,16,anti_homophones
547,ni2dun4,7,-7.80380740788954,2,7.80380740788954,1,0,0,anti_homophones
548,kong3gong3xin1bu4,17,-12.455973279215558,4,12.455973279215558,1,0,0,anti_homophones
549,qun2,4,-3.6835971447085223,1,3.6835971447085223,1,2,10,anti_homophones
550,san1yang2,9,-6.3323641957293555,2,6.3323641957293555,1,0,0,anti_homophones
551,qing4,5,-3.0047795066600838,1,3.0047795066600838,1,5,16,anti_homophones
552,da4dLn4,7,-4.824942507297222,2,4.824942507297222,1,0,8,anti_homophones
553,wen4bQ4jun1lM4,14,-12.103538028696972,4,12.103538028696972,1,0,0,anti_homophones
554,zong2ba1lO4shu1,15,-12.308976834687961,4,12.308976834687961,1,0,0,anti_homophones
555,dQ4qu1xC2,9,-8.00465962087089,3,8.00465962087089,1,0,0,anti_homophones
556,wen3shi2zhan4,13,-9.119312825801202,3,9.119312825801202,1,0,0,anti_homophones
557,dUn3,4,-3.5698599793956762,1,3.5698599793956762,1,5,11,anti_homophones
558,hong2ye4,8,-5.911324005332357,2,5.911324005332357,1,0,2,anti_homophones
559,xW3hO3yUn2shang4,16,-10.744003660887401,4,10.744003660887401,1,0,0,anti_homophones
560,yV4,3,-3.628370984465759,1,3.628370984465759,1,2,19,anti_homophones
561,pu1teng2,8,-6.478603110301504,2,6.478603110301504,1,0,1,anti_homophones
562,jM3,3,-3.2440938247214293,1,3.2440938247214293,1,4,11,anti_homophones
563,tang3,5,-3.679663182462633,1,3.679663182462633,1,1,21,anti_homophones
564,zheng4jLn4,10,-6.073637774792173,2,6.073637774792173,1,0,2,anti_homophones
565,bA4,3,-3.4901381305225425,1,3.4901381305225425,1,4,20,anti_homophones
566,pin2yu2,7,-6.404997503378364,2,6.404997503378364,1,0,2,anti_homophones
567,jLng4lu4,8,-6.128829515595261,2,6.128829515595261,1,0,3,anti_homophones
568,zhQ3rO4hU4,10,-8.983479876646442,3,8.983479876646442,1,0,0,anti_homophones
569,hang1ding2,10,-6.895231415134637,2,6.895231415134637,1,0,0,anti_homophones
570,cun2hun2,8,-6.922649434740731,2,6.922649434740731,1,0,0,anti_homophones
571,cen1,4,-5.364837060243932,1,5.364837060243932,1,0,7,anti_homophones
572,gong2yi4pi2,11,-8.734457788995078,3,8.734457788995078,1,0,0,anti_homophones
573,zha4,4,-3.886743440255362,1,3.886743440255362,1,3,11,anti_homophones
574,dong4,5,-3.3108660434630446,1,3.3108660434630446,1,4,17,anti_homophones
575,ming1,5,-3.448476104330353,1,3.448476104330353,1,5,15,anti_homophones
576,pV1xW3,6,-6.654800124369024,2,6.654800124369024,1,0,2,anti_homophones
577,dLn4zhO1yo1,11,-11.124522544972478,3,11.124522544972478,1,0,0,anti_homophones
578,yi1tu2,6,-5.187151799694914,2,5.187151799694914,1,1,8,anti_homophones
579,ji1zhu3ya1,10,-8.445852813723898,3,8.445852813723898,1,0,0,anti_homophones
580,fan3,4,-3.260023393707945,1,3.260023393707945,1,5,18,anti_homophones
581,shQ3,4,-3.9031074885679824,1,3.9031074885679824,1,1,13,anti_homophones
582,zQ1,3,-3.916639807328427,1,3.916639807328427,1,1,13,anti_homophones
583,fen2mi4gan3shi3,15,-12.488011251260739,4,12.488011251260739,1,0,0,anti_homophones
584,shI3min2,8,-6.0311963261600745,2,6.0311963261600745,1,0,1,anti_homophones
585,zhV1,4,-3.7050595470344683,1,3.7050595470344683,1,2,12,anti_homophones
586,sha1fE2,7,-6.32746712510154,2,6.32746712510154,1,0,0,anti_homophones
587,fen3sheng1dW4,13,-9.117305722923662,3,9.117305722923662,1,0,0,anti_homophones
588,yUn2bQ4,7,-5.9065549796990044,2,5.9065549796990044,1,0,0,anti_homophones
589,ren3he2,7,-7.014401811864659,2,7.014401811864659,1,0,1,anti_homophones
590,jM1gA4,6,-6.393427283617812,2,6.393427283617812,1,0,1,anti_homophones
591,zong3zi5,8,-5.864907502714601,2,5.864907502714601,1,0,1,anti_homophones
592,ni2hU4,6,-5.7442788663956845,2,5.7442788663956845,1,0,5,anti_homophones
593,ben3ma3,7,-5.951653525174915,2,5.951653525174915,1,0,0,anti_homophones
594,fen4,4,-3.1758929604181874,1,3.1758929604181874,1,4,8,anti_homophones
595,gong1ling2yi3fang2,18,-11.732751610938355,4,11.732751610938355,1,0,0,anti_homophones
596,zi4li4zhA1ke1,13,-11.64224850436593,4,11.64224850436593,1,0,0,anti_homophones
597,tQ3,3,-3.936749205192013,1,3.936749205192013,1,3,22,anti_homophones
598,yUn2lLng3,9,-6.476017481309042,2,6.476017481309042,1,0,0,anti_homophones
599,shi1yang2,9,-5.970679597481898,2,5.970679597481898,1,0,0,anti_homophones
600,ge1,3,-3.207946997761535,1,3.207946997761535,1,6,13,anti_homophones
601,ku1jL3,6,-6.84449830518657,2,6.84449830518657,1,0,0,anti_homophones
602,di3lA2dQ4,9,-8.551303745113566,3,8.551303745113566,1,0,0,anti_homophones
603,zhi2zi5,7,-4.7375050137507,2,4.7375050137507,1,2,9,anti_homophones
604,kan4ming2xL4xLn4,16,-11.848518173365877,4,11.848518173365877,1,0,0,anti_homophones
605,fE4,3,-3.081067294702184,1,3.081067294702184,1,5,13,anti_homophones
606,dQ1,3,-3.5026403568068973,1,3.5026403568068973,1,4,17,anti_homophones
607,wE1ji4zhe1,10,-9.112576176596283,3,9.112576176596283,1,0,0,anti_homophones
608,wE4na4qi4,9,-8.435716031297682,3,8.435716031297682,1,0,0,anti_homophones
609,wen4hU1,7,-6.572090700608288,2,6.572090700608288,1,0,1,anti_homophones
610,pA1ba1,6,-6.036795706362231,2,6.036795706362231,1,0,3,anti_homophones
611,ce4li4,6,-5.569767096514774,2,5.569767096514774,1,1,7,anti_homophones
612,jYng2zhi2,9,-7.24764336016459,2,7.24764336016459,1,0,0,anti_homophones
613,qi4kA1pQ4,9,-8.918629559969322,3,8.918629559969322,1,0,0,anti_homophones
614,tong1ku3,8,-6.4206410800265905,2,6.4206410800265905,1,0,2,anti_homophones
615,jLng2hO3li4,11,-8.86307709507953,3,8.86307709507953,1,0,0,anti_homophones
616,san4,4,-3.540570525845687,1,3.540570525845687,1,2,20,anti_homophones
617,cha2ma3pQ5,10,-9.618730737896195,3,9.618730737896195,1,0,0,anti_homophones
618,fu3yi3,6,-5.904962800240681,2,5.904962800240681,1,0,2,anti_homophones
619,min3,4,-4.029222413647408,1,4.029222413647408,1,1,9,anti_homophones
620,bLn1tLn1ji1,11,-7.755690691459011,3,7.755690691459011,1,0,0,anti_homophones
621,kun4wu4pLn4jin4,15,-12.311597672346922,4,12.311597672346922,1,0,0,anti_homophones
622,nLng2yV3,8,-7.444134127872493,2,7.444134127872493,1,0,0,anti_homophones
623,yC1,3,-3.724706382746286,1,3.724706382746286,1,1,8,anti_homophones
624,li3,3,-3.041409129406913,1,3.041409129406913,1,7,21,anti_homophones
625,qLn2heng1ming4fan1,18,-13.330259757964155,4,13.330259757964155,1,0,0,anti_homophones
626,rV4dQ4,6,-5.63529145865555,2,5.63529145865555,1,1,3,anti_homophones
627,zhi1de2,7,-5.673281934113594,2,5.673281934113594,1,0,1,anti_homophones
628,men2pu3tUn1lO4,14,-13.711678425407705,4,13.711678425407705,1,0,0,anti_homophones
629,ding1qing4,10,-6.42345310633426,2,6.42345310633426,1,0,0,anti_homophones
630,wu3dong1,8,-5.463570274261126,2,5.463570274261126,1,0,4,anti_homophones
631,ying2zO4meng4,13,-9.799690123071125,3,9.799690123071125,1,0,0,anti_homophones
632,an1,3,-3.1962627982152827,1,3.1962627982152827,1,3,14,anti_homophones
633,san1qLng4bu4wen2,16,-11.238059003741693,4,11.238059003741693,1,0,0,anti_homophones
634,wang2yun2jLn4,13,-9.419532780452357,3,9.419532780452357,1,0,0,anti_homophones
635,chong4,6,-3.439370492552412,1,3.439370492552412,1,2,8,anti_homophones
636,bQ3hu1si1lA4,12,-11.237659623979974,4,11.237659623979974,1,0,0,anti_homophones
637,gUn1xun4fa2zhP4,15,-14.667082732785307,4,14.667082732785307,1,0,0,anti_homophones
638,jM2,3,-2.916087677017936,1,2.916087677017936,1,7,10,anti_homophones
639,da4nLn2zhe3,11,-7.381168473189212,3,7.381168473189212,1,0,0,anti_homophones
640,tLn1mo2ge2,10,-9.1694444345493,3,9.1694444345493,1,0,0,anti_homophones
641,kong1,5,-3.3999104936725213,1,3.3999104936725213,1,3,14,anti_homophones
642,tI4,3,-3.499258604826245,1,3.499258604826245,1,2,18,anti_homophones
643,man3,4,-3.3540854020916875,1,3.3540854020916875,1,3,17,anti_homophones
644,jC2,3,-3.04379048030792,1,3.04379048030792,1,4,5,anti_homophones
645,dan1jW3dV4,10,-8.383649296117198,3,8.383649296117198,1,0,0,anti_homophones
646,mV1si1yan1li5,13,-13.571128766583263,4,13.571128766583263,1,0,0,anti_homophones
647,hE1mW4fa1shu4,13,-10.293885471852054,4,10.293885471852054,1,0,0,anti_homophones
648,zhUng1zhen4,11,-6.613068692205477,2,6.613068692205477,1,1,1,anti_homophones
649,hP2bW1chang2gong1,17,-12.074353309811178,4,12.074353309811178,1,0,0,anti_homophones
650,ji1ke4hu4,9,-8.129543555296669,3,8.129543555296669,1,0,0,anti_homophones
651,xin1fE4,7,-5.76358509050242,2,5.76358509050242,1,0,5,anti_homophones
652,sQ3dM2qK2ding2,14,-13.128877578106325,4,13.128877578106325,1,0,0,anti_homophones
653,gu1jLng3qUn2,12,-9.469895708294684,3,9.469895708294684,1,0,0,anti_homophones
654,jun1wan1,8,-7.021424104730522,2,7.021424104730522,1,0,2,anti_homophones
655,hUng4dI4bin4,12,-10.13864215524589,3,10.13864215524589,1,0,0,anti_homophones
656,tQ2yQ4wu3yi4,12,-10.180444961949709,4,10.180444961949709,1,0,0,anti_homophones
657,bu4ru4e1,8,-7.73087864376221,3,7.73087864376221,1,0,0,anti_homophones
658,dong1,5,-3.3099396248256676,1,3.3099396248256676,1,5,17,anti_homophones
659,tO1tV5,6,-5.425128335211231,2,5.425128335211231,1,1,2,anti_homophones
660,chu4,4,-3.1347874425950772,1,3.1347874425950772,1,5,13,anti_homophones
661,mE3zhe3,7,-5.830848142978453,2,5.830848142978453,1,0,2,anti_homophones
662,zi4gong1,8,-5.736942908237494,2,5.736942908237494,1,0,2,anti_homophones
663,ji1ding2,8,-5.876444942007497,2,5.876444942007497,1,0,4,anti_homophones
664,yan2da2shi1,11,-9.052304347767574,3,9.052304347767574,1,0,0,anti_homophones
665,pA4,3,-3.6240329043918256,1,3.6240329043918256,1,4,21,anti_homophones
666,di3,3,-3.280923945224006,1,3.280923945224006,1,3,20,anti_homophones
667,dQ3,3,-3.2511651258554624,1,3.2511651258554624,1,2,19,anti_homophones
668,kV3jL4,6,-6.107622693071319,2,6.107622693071319,1,0,1,anti_homophones
669,fu2ding3lB4,11,-9.431869881010586,3,9.431869881010586,1,0,0,anti_homophones
670,hU1,3,-3.0422247248818515,1,3.0422247248818515,1,5,10,anti_homophones
671,yC4shP1,7,-7.30372723453372,2,7.30372723453372,1,0,0,anti_homophones
672,zhI1,4,-3.659891482875489,1,3.659891482875489,1,2,10,anti_homophones
673,li4,3,-2.772266235581271,1,2.772266235581271,1,20,27,anti_homophones
674,ban1lQ3hO3jin1,14,-11.929395103093633,4,11.929395103093633,1,0,0,anti_homophones
675,ye4bu4ren2,10,-7.079477352341106,3,7.079477352341106,1,0,0,anti_homophones
676,fang1yu2,8,-5.750623429203315,2,5.750623429203315,1,0,3,anti_homophones
677,tV2tLn1bu4,10,-8.243888456419166,3,8.243888456419166,1,0,0,anti_homophones
678,qLng4,5,-3.2716574154475753,1,3.2716574154475753,1,6,11,anti_homophones
679,tan5,4,-4.980207168251419,1,4.980207168251419,1,0,5,anti_homophones
680,bo1san1wen2shang4,17,-11.5836028815167,4,11.5836028815167,1,0,0,anti_homophones
681,gu1jL1hA4,9,-8.624359621069749,3,8.624359621069749,1,0,0,anti_homophones
682,chang1tan2,10,-6.505483263052783,2,6.505483263052783,1,0,1,anti_homophones
683,shun1,5,-4.083544420653559,1,4.083544420653559,1,2,6,anti_homophones
684,san1tV2,7,-5.66313645656651,2,5.66313645656651,1,0,5,anti_homophones
685,ben3shi4bing2,13,-8.465440552011295,3,8.465440552011295,1,0,0,anti_homophones
686,da3jLn1,7,-5.448810232605847,2,5.448810232605847,1,0,4,anti_homophones
687,fan4,4,-3.069846595115483,1,3.069846595115483,1,4,21,anti_homophones
688,wE2zhong1,9,-5.887709699028147,2,5.887709699028147,1,0,3,anti_homophones
689,zong2zheng1,11,-6.498459208790557,2,6.498459208790557,1,0,2,anti_homophones
690,ting1,5,-3.730904890739062,1,3.730904890739062,1,0,16,anti_homophones
691,chUng4,6,-3.597062826953901,1,3.597062826953901,1,5,11,anti_homophones
692,fan3zhi1,8,-5.8799194718985905,2,5.8799194718985905,1,0,2,anti_homophones
693,ping3,5,-3.832823793619582,1,3.832823793619582,1,3,14,anti_homophones
694,hen1yC4wE4mu3,13,-12.712751467417855,4,12.712751467417855,1,0,0,anti_homophones
695,jM1zi3,6,-5.602253157422914,2,5.602253157422914,1,1,3,anti_homophones
696,mi3ke1zhan1,11,-10.10841539283844,3,10.10841539283844,1,0,0,anti_homophones
697,wang3,5,-3.4630128919601852,1,3.4630128919601852,1,2,19,anti_homophones
698,jL1cA3,6,-5.6029338968337195,2,5.6029338968337195,1,1,4,anti_homophones
699,zhUn2,5,-3.273207220342062,1,3.273207220342062,1,7,9,anti_homophones
700,gu4yUn2,7,-5.370534748053177,2,5.370534748053177,1,1,8,anti_homophones
701,san1si1zhe3,11,-8.66340874454513,3,8.66340874454513,1,0,0,anti_homophones
702,jW1ju4qi2neng1,14,-12.058562986587669,4,12.058562986587669,1,0,0,anti_homophones
703,wE3,3,-3.353474397910504,1,3.353474397910504,1,3,13,anti_homophones
704,dV1,3,-3.953952866381164,1,3.953952866381164,1,0,13,anti_homophones
705,zhA2tV2xLng4,12,-9.02228068394932,3,9.02228068394932,1,0,0,anti_homophones
706,she4yang2rQ3,12,-9.577106657978272,3,9.577106657978272,1,0,0,anti_homophones
707,xL4,3,-2.8712413465761766,1,2.8712413465761766,1,8,11,anti_homophones
708,he2pan2qu1,10,-8.566808288782799,3,8.566808288782799,1,0,0,anti_homophones
709,zhUng1,6,-3.271287317334569,1,3.271287317334569,1,4,9,anti_homophones
710,kQ3qi4,6,-5.293453113954639,2,5.293453113954639,1,0,5,anti_homophones
711,zhUng1xin1,10,-5.633194695854611,2,5.633194695854611,1,0,1,anti_homophones
712,ji4pLn1ting1,12,-9.760607663655945,3,9.760607663655945,1,0,0,anti_homophones
713,zhUn4,5,-3.3645056768042396,1,3.3645056768042396,1,2,10,anti_homophones
714,zhen2,5,-3.3371750586704714,1,3.3371750586704714,1,3,9,anti_homophones
715,wan3,4,-3.5592429271917654,1,3.5592429271917654,1,2,18,anti_homophones
716,yin3,4,-3.100498674953687,1,3.100498674953687,1,8,11,anti_homophones
717,yan2,4,-2.884277253231769,1,2.884277253231769,1,9,17,anti_homophones
718,ming3zhUng4,11,-7.1831066067244205,2,7.1831066067244205,1,0,0,anti_homophones
719,ci2,3,-3.07778833725865,1,3.07778833725865,1,8,16,anti_homophones
720,xW3qW3lO4,9,-8.368867090639343,3,8.368867090639343,1,0,0,anti_homophones
721,ji4yi4,6,-5.261465043753153,2,5.261465043753153,1,0,11,anti_homophones
722,dLn4,4,-2.740627770273386,1,2.740627770273386,1,15,13,anti_homophones
723,di1wu4tW4,9,-9.12321074074218,3,9.12321074074218,1,0,0,anti_homophones
724,sUn1zA4,7,-7.24996490724784,2,7.24996490724784,1,0,2,anti_homophones
725,tI1gO2se4,9,-8.2580248498674,3,8.2580248498674,1,0,0,anti_homophones
726,bM2,3,-3.5064346430090008,1,3.5064346430090008,1,3,10,anti_homophones
727,mo2gP1,6,-7.141234171486021,2,7.141234171486021,1,0,1,anti_homophones
728,e,1,-5.810588008563531,1,5.810588008563531,1,0,0,anti_homophones
729,jLn1ji2jM2qi4,13,-10.851837334865335,4,10.851837334865335,1,0,0,anti_homophones
730,gan4jW1,7,-6.853238852035638,2,6.853238852035638,1,0,1,anti_homophones
731,bu3yun2,7,-6.888270820061617,2,6.888270820061617,1,0,0,anti_homophones
732,wA4,3,-3.1116397867696595,1,3.1116397867696595,1,3,18,anti_homophones
733,mA2can2,7,-7.49396982541698,2,7.49396982541698,1,0,0,anti_homophones
734,bu2gu1zhu2,10,-10.883699076865817,3,10.883699076865817,1,0,0,anti_homophones
735,mo4rO4,6,-5.417732681829294,2,5.417732681829294,1,0,2,anti_homophones
736,hA3,3,-3.210843346619292,1,3.210843346619292,1,5,14,anti_homophones
737,wu2ming2jLn1,12,-8.40130831671648,3,8.40130831671648,1,0,0,anti_homophones
738,men2yi3nA4,10,-10.903097280129586,3,10.903097280129586,1,0,0,anti_homophones
739,zong4su2yu2,11,-10.051913852366976,3,10.051913852366976,1,0,0,anti_homophones
740,lA2se4,6,-5.159542962668496,2,5.159542962668496,1,1,6,anti_homophones
741,bo2,3,-3.329867725368129,1,3.329867725368129,1,6,10,anti_homophones
742,she2,4,-3.791390039109551,1,3.791390039109551,1,2,10,anti_homophones
743,kQ3gen1,7,-6.49735951739129,2,6.49735951739129,1,0,1,anti_homophones
744,dV4,3,-3.2976307348870058,1,3.2976307348870058,1,3,18,anti_homophones
745,zang3,5,-4.170805694802722,1,4.170805694802722,1,0,19,anti_homophones
746,wan1xK1ke3kan1,14,-12.815251160971101,4,12.815251160971101,1,0,0,anti_homophones
747,bQ3jLng1jin4,12,-8.528974392168438,3,8.528974392168438,1,0,0,anti_homophones
748,zhang3,6,-3.4366258037010025,1,3.4366258037010025,1,6,11,anti_homophones
749,hE1,3,-3.606858679817912,1,3.606858679817912,1,4,7,anti_homophones
750,lM1,3,-4.937156374765581,1,4.937156374765581,1,0,11,anti_homophones
751,pE2,3,-3.6936003154345434,1,3.6936003154345434,1,3,11,anti_homophones
752,shI3xLng2di3jL4,15,-11.561472225634628,4,11.561472225634628,1,0,0,anti_homophones
753,zha2qM4,7,-6.816672688416729,2,6.816672688416729,1,0,0,anti_homophones
754,zhong4qi3du4,12,-8.871459754221613,3,8.871459754221613,1,0,0,anti_homophones
755,fE2zhUn2,8,-6.540678629797085,2,6.540678629797085,1,0,1,anti_homophones
756,sA4ping2,8,-6.920150235817434,2,6.920150235817434,1,0,0,anti_homophones
757,jM1gO4dLn4,10,-8.540583534745188,3,8.540583534745188,1,0,0,anti_homophones
758,pQ1ge1,6,-5.767362864398383,2,5.767362864398383,1,0,2,anti_homophones
759,mu4,3,-2.9595198390245083,1,2.9595198390245083,1,11,27,anti_homophones
760,sQ3mA4tLn1,10,-8.522928758018406,3,8.522928758018406,1,0,0,anti_homophones
761,yan2yC1,7,-5.8573445303870475,2,5.8573445303870475,1,0,2,anti_homophones
762,ting3shi4,9,-6.029576489359607,2,6.029576489359607,1,0,4,anti_homophones
763,zhV4kong1,9,-7.064237388125814,2,7.064237388125814,1,0,0,anti_homophones
764,chi1mLn4,8,-6.092004173867245,2,6.092004173867245,1,0,2,anti_homophones
765,ting2zhi1fu2,12,-8.863772335302412,3,8.863772335302412,1,0,0,anti_homophones
766,men2,4,-3.0962305721679906,1,3.0962305721679906,1,5,6,anti_homophones
767,zhi3zhe3hO2,11,-9.098653500162529,3,9.098653500162529,1,0,0,anti_homophones
768,fu3dW4,6,-6.200692616196593,2,6.200692616196593,1,0,2,anti_homophones
769,di4yi3di4,9,-8.498766292765495,3,8.498766292765495,1,0,0,anti_homophones
770,pi4,3,-3.968785165255194,1,3.968785165255194,1,3,24,anti_homophones
771,te4dA4,6,-5.104136534808502,2,5.104136534808502,1,1,6,anti_homophones
772,chi2xLng4,9,-6.160328945526272,2,6.160328945526272,1,0,1,anti_homophones
773,zong3qLn1,9,-7.475264880763293,2,7.475264880763293,1,0,0,anti_homophones
774,sV1sV1zhUn2,11,-8.910078681220233,3,8.910078681220233,1,0,0,anti_homophones
775,ji3,3,-3.5242531883051114,1,3.5242531883051114,1,3,22,anti_homophones
776,pi3chang1,9,-7.144032298478665,2,7.144032298478665,1,0,1,anti_homophones
777,pW4,3,-3.573615781888506,1,3.573615781888506,1,2,15,anti_homophones
778,jing4jL4,8,-5.714679891415,2,5.714679891415,1,0,6,anti_homophones
779,de5,3,-3.516793868201076,1,3.516793868201076,1,6,2,anti_homophones
780,zi4jL1,6,-5.19582887353538,2,5.19582887353538,1,1,6,anti_homophones
781,bin1,4,-3.7875590956462633,1,3.7875590956462633,1,0,9,anti_homophones
782,hU1gong2,8,-6.342155711010834,2,6.342155711010834,1,0,1,anti_homophones
783,lun2,4,-3.5754767443421893,1,3.5754767443421893,1,2,11,anti_homophones
784,san1gUn1tV2,11,-8.140692857581415,3,8.140692857581415,1,0,0,anti_homophones
785,ya1,3,-3.348881995702371,1,3.348881995702371,1,3,20,anti_homophones
786,nv3,3,-3.2226849019213795,1,3.2226849019213795,1,3,7,anti_homophones
787,qUn2zi5,7,-4.997009604713714,2,4.997009604713714,1,2,6,anti_homophones
788,sha1ke1,7,-6.231927408540687,2,6.231927408540687,1,0,1,anti_homophones
789,jin3,4,-3.430118789334954,1,3.430118789334954,1,1,10,anti_homophones
790,tUn2ju1si1,10,-10.0897523142542,3,10.0897523142542,1,0,0,anti_homophones
791,shen1chUn4,10,-6.338147259610613,2,6.338147259610613,1,0,3,anti_homophones
792,chan3zhan1li4,13,-9.129996594325693,3,9.129996594325693,1,0,0,anti_homophones
793,sI2,3,-3.969910614006686,1,3.969910614006686,1,1,8,anti_homophones
794,zhi2zi3,7,-5.3721877784405,2,5.3721877784405,1,0,6,anti_homophones
795,hUng4,5,-3.504431665483766,1,3.504431665483766,1,4,13,anti_homophones
796,fang1ya1dLn4,12,-8.533464235214666,3,8.533464235214666,1,0,0,anti_homophones
797,zhang2,6,-3.3680112094064247,1,3.3680112094064247,1,5,12,anti_homophones
798,xing2ming4shV4,14,-9.402189070178782,3,9.402189070178782,1,0,0,anti_homophones
799,zhan2,5,-3.964028211425724,1,3.964028211425724,1,2,9,anti_homophones
800,ni2,3,-3.541650252383182,1,3.541650252383182,1,5,19,anti_homophones
801,yi4ben3,7,-6.114168756040414,2,6.114168756040414,1,0,4,anti_homophones
802,gQ1fu4yu3,9,-7.96249768747853,3,7.96249768747853,1,0,1,anti_homophones
803,re4sO3yQ1ya2,12,-11.112123772283192,4,11.112123772283192,1,0,0,anti_homophones
804,hO3jL4,6,-5.30461163295675,2,5.30461163295675,1,0,3,anti_homophones
805,zhen1yUn1gUng1tu5,17,-14.62506632911014,4,14.62506632911014,1,0,0,anti_homophones
806,le4,3,-3.6750439155453423,1,3.6750439155453423,1,2,20,anti_homophones
807,zeng1ding4,10,-6.795482560776664,2,6.795482560776664,1,0,0,anti_homophones
808,ming2,5,-3.2592611852189175,1,3.2592611852189175,1,2,14,anti_homophones
809,zu1lan4zhu1,11,-11.0169067036127,3,11.0169067036127,1,0,0,anti_homophones
810,cheng2deng4shi3pi2,18,-12.844496995007429,4,12.844496995007429,1,0,0,anti_homophones
811,fang1di4,8,-5.760957057073108,2,5.760957057073108,1,0,3,anti_homophones
812,han3ba5,7,-7.242684339402774,2,7.242684339402774,1,0,0,anti_homophones
813,xLn4wA4fa3,10,-9.283463183494542,3,9.283463183494542,1,0,0,anti_homophones
814,nan4ji2,7,-6.191044004560197,2,6.191044004560197,1,0,3,anti_homophones
815,cA2,3,-3.2312053426592238,1,3.2312053426592238,1,4,11,anti_homophones
816,chun1si1lLng1,13,-9.09843482634773,3,9.09843482634773,1,0,0,anti_homophones
817,zhUng4,6,-3.4911301865895843,1,3.4911301865895843,1,3,9,anti_homophones
818,gP1pin3,7,-5.946804069092226,2,5.946804069092226,1,0,0,anti_homophones
819,ping2,5,-3.437931514726556,1,3.437931514726556,1,2,16,anti_homophones
820,dM1mLn3,7,-6.683707919707209,2,6.683707919707209,1,0,0,anti_homophones
821,jW1,3,-2.9856312749422496,1,2.9856312749422496,1,4,14,anti_homophones
822,yC4,3,-3.0311003973710884,1,3.0311003973710884,1,3,9,anti_homophones
823,yan3feng4yun4,13,-9.617521425095067,3,9.617521425095067,1,0,0,anti_homophones
824,nu4,3,-3.8226044908079424,1,3.8226044908079424,1,0,28,anti_homophones
825,bA4fa3,6,-5.833922549435554,2,5.833922549435554,1,0,5,anti_homophones
826,fE4ju2,6,-5.987691839563648,2,5.987691839563648,1,0,2,anti_homophones
827,xM3dQ3,6,-6.4495239419634585,2,6.4495239419634585,1,0,2,anti_homophones
828,dQ3ji4kUng1,11,-10.11811536732134,3,10.11811536732134,1,0,0,anti_homophones
829,wE3tan2,7,-6.1040842666622925,2,6.1040842666622925,1,0,2,anti_homophones
830,xL4jUn4qi2,10,-8.605196659346854,3,8.605196659346854,1,0,0,anti_homophones
831,shO4,4,-4.109622436828548,1,4.109622436828548,1,0,10,anti_homophones
832,kUng4,5,-3.8212776442762526,1,3.8212776442762526,1,0,9,anti_homophones
833,fu2bQ1ke1,9,-10.209196369765538,3,10.209196369765538,1,0,0,anti_homophones
834,gQ1jL3zhUn3fang2,16,-12.46400325097562,4,12.46400325097562,1,0,0,anti_homophones
835,shO1han4,8,-6.686712358454734,2,6.686712358454734,1,0,1,anti_homophones
836,mQ2kV3,6,-6.875221488513438,2,6.875221488513438,1,0,0,anti_homophones
837,mA3,3,-4.1456785569464785,1,4.1456785569464785,1,0,12,anti_homophones
838,bing3,5,-3.646409148893645,1,3.646409148893645,1,0,12,anti_homophones
839,su1di3xi4,9,-9.17479435035487,3,9.17479435035487,1,0,0,anti_homophones
840,xW1ye4,6,-5.378721450704401,2,5.378721450704401,1,0,5,anti_homophones
841,hQ3shen2A2,10,-9.640128879178107,3,9.640128879178107,1,0,0,anti_homophones
842,jUn4qing4,9,-6.6285680483913385,2,6.6285680483913385,1,0,0,anti_homophones
843,jing3gQ3,8,-6.0059333792034515,2,6.0059333792034515,1,0,2,anti_homophones
844,bA3xing2,8,-6.1844715349644614,2,6.1844715349644614,1,0,3,anti_homophones
845,zA4zA4,6,-6.099295981503671,2,6.099295981503671,1,0,2,anti_homophones
846,yu1fa3,6,-6.2217848349128415,2,6.2217848349128415,1,0,3,anti_homophones
847,e4xi2,5,-5.955879429707108,2,5.955879429707108,1,0,1,anti_homophones
848,zQ4,3,-3.3849620860327363,1,3.3849620860327363,1,3,18,anti_homophones
849,yong3yV3lV2,11,-9.226350906601198,3,9.226350906601198,1,0,0,anti_homophones
850,chun2,5,-3.906184072622162,1,3.906184072622162,1,2,8,anti_homophones
851,gI4shi2,7,-6.109102927998159,2,6.109102927998159,1,0,5,anti_homophones
852,zu1qC4bi4hU4,12,-10.921713789561169,4,10.921713789561169,1,0,0,anti_homophones
853,dan1she2,8,-6.90120960205164,2,6.90120960205164,1,0,1,anti_homophones
854,chu4jM4,7,-5.933032246435421,2,5.933032246435421,1,0,3,anti_homophones
855,mQ4zi3qing1shen1,16,-12.682694217941426,4,12.682694217941426,1,0,0,anti_homophones
856,qM4,3,-3.527556119194295,1,3.527556119194295,1,1,12,anti_homophones
857,yi4lO3ling4he2,14,-12.453313228491579,4,12.453313228491579,1,0,0,anti_homophones
858,xun4qi4lin2,11,-9.468574953802582,3,9.468574953802582,1,0,0,anti_homophones
859,tI1tV2,6,-5.650144286625719,2,5.650144286625719,1,0,4,anti_homophones
860,lQ3tan4,7,-5.567788079659096,2,5.567788079659096,1,0,5,anti_homophones
861,tun1qM4zha4xing4,16,-12.985824684129035,4,12.985824684129035,1,0,0,anti_homophones
862,san1zhi1,8,-5.914337584103375,2,5.914337584103375,1,1,2,anti_homophones
863,xK1,3,-3.2513000997611203,1,3.2513000997611203,1,4,11,anti_homophones
864,ze2,3,-3.5079363400548536,1,3.5079363400548536,1,2,10,anti_homophones
865,dV4ceng1,8,-7.454610125209754,2,7.454610125209754,1,0,0,anti_homophones
866,pW1shi5,7,-7.121940012843188,2,7.121940012843188,1,0,0,anti_homophones
867,mV2qK2,6,-6.071719325608535,2,6.071719325608535,1,0,1,anti_homophones
868,jLn4,4,-2.7081695047658303,1,2.7081695047658303,1,12,15,anti_homophones
869,tM3dQ4,6,-5.2305498345864585,2,5.2305498345864585,1,0,2,anti_homophones
870,chA2zheng4qLn2tLn1,18,-12.509806217207666,4,12.509806217207666,1,0,0,anti_homophones
871,xin4xing4li4,12,-7.929125922401445,3,7.929125922401445,1,0,0,anti_homophones
872,zhu2jing2dQ4,12,-8.599493821910146,3,8.599493821910146,1,0,0,anti_homophones
873,te4jW3,6,-5.937034113820019,2,5.937034113820019,1,0,2,anti_homophones
874,zong2,5,-3.6304357846529696,1,3.6304357846529696,1,5,15,anti_homophones
875,zu3gV1,6,-6.890109561441435,2,6.890109561441435,1,0,1,anti_homophones
876,ta4,3,-4.036667095021137,1,4.036667095021137,1,2,19,anti_homophones
877,bi3,3,-3.1316441142105123,1,3.1316441142105123,1,5,23,anti_homophones
878,jL1,3,-2.7462530417330804,1,2.7462530417330804,1,8,10,anti_homophones
879,pa4,3,-4.062692074155115,1,4.062692074155115,1,1,17,anti_homophones
880,bA2si1,6,-5.831098486488437,2,5.831098486488437,1,0,1,anti_homophones
881,teng3run4qK2zA3,15,-15.012674774793236,4,15.012674774793236,1,0,0,anti_homophones
882,ke3ke1zi5,9,-7.514221757859137,3,7.514221757859137,1,0,0,anti_homophones
883,lang4,5,-3.9652851340963706,1,3.9652851340963706,1,2,19,anti_homophones
884,jLng2he4qLng2,13,-11.366493243509998,3,11.366493243509998,1,0,0,anti_homophones
885,yi2,3,-3.054090445076455,1,3.054090445076455,1,7,20,anti_homophones
886,xM5nQ1ning1,11,-9.981515951155059,3,9.981515951155059,1,0,0,anti_homophones
887,cha2,4,-3.2626801525166567,1,3.2626801525166567,1,4,10,anti_homophones
888,gUn1,4,-3.036921738064031,1,3.036921738064031,1,5,13,anti_homophones
889,ku4,3,-3.456789485415386,1,3.456789485415386,1,2,26,anti_homophones
890,jLn4shen1tLn2,13,-8.971922561984812,3,8.971922561984812,1,0,0,anti_homophones
891,tLn1tang2,9,-6.384859449431594,2,6.384859449431594,1,0,0,anti_homophones
892,ye4,3,-2.9887623142306534,1,2.9887623142306534,1,6,17,anti_homophones
893,shi2xing4,9,-5.160124699303743,2,5.160124699303743,1,0,4,anti_homophones
894,ci4hU4,6,-5.616694326087298,2,5.616694326087298,1,0,5,anti_homophones
895,zhQ1dA4,7,-5.1437477248371035,2,5.1437477248371035,1,2,4,anti_homophones
896,wE1,3,-3.207006455162617,1,3.207006455162617,1,4,11,anti_homophones
897,fan1,4,-3.6145733827639983,1,3.6145733827639983,1,2,17,anti_homophones
898,ji1,3,-2.5878299376633542,1,2.5878299376633542,1,14,20,anti_homophones
899,song3bQ4xLn3e2,14,-12.483786394697548,4,12.483786394697548,1,0,0,anti_homophones
900,feng1tong3,10,-6.5005107627161,2,6.5005107627161,1,0,1,anti_homophones
901,bW3dong3,8,-6.72768180102174,2,6.72768180102174,1,0,0,anti_homophones
902,nQ5,3,-5.201440968869825,1,5.201440968869825,1,0,2,anti_homophones
903,hQ3ri4,6,-6.096355498648149,2,6.096355498648149,1,0,3,anti_homophones
904,xing4song1,10,-6.64981507231297,2,6.64981507231297,1,0,1,anti_homophones
905,ju4shi2,7,-5.474053971484934,2,5.474053971484934,1,0,9,anti_homophones
906,li3zhi4,7,-5.841092900926582,2,5.841092900926582,1,1,8,anti_homophones
907,qing4zhi4,9,-5.564800130396172,2,5.564800130396172,1,0,5,anti_homophones
908,pQ4,3,-3.459950769105487,1,3.459950769105487,1,4,18,anti_homophones
909,gu3shen2,8,-5.988671177289033,2,5.988671177289033,1,0,1,anti_homophones
910,wa3jW3zhu4fu2,13,-11.33134963549675,4,11.33134963549675,1,0,0,anti_homophones
911,hO4zhi4wan3zhan4,16,-12.275035319218555,4,12.275035319218555,1,0,0,anti_homophones
912,ru4sO3wE4,9,-7.372254222065782,3,7.372254222065782,1,0,0,anti_homophones
913,hang3zhen2lLn4,14,-10.27969480344759,3,10.27969480344759,1,0,0,anti_homophones
914,bi1,3,-4.102729869607014,1,4.102729869607014,1,0,20,anti_homophones
915,cheng1,6,-3.196299926279742,1,3.196299926279742,1,6,9,anti_homophones
916,feng1zhong1xLng1,16,-8.820339492702654,3,8.820339492702654,1,0,0,anti_homophones
917,di4,3,-2.8219355033678446,1,2.8219355033678446,1,7,24,anti_homophones
918,chan2,5,-3.9489161546751594,1,3.9489161546751594,1,2,12,anti_homophones
919,yin4lV2,7,-6.880363212280857,2,6.880363212280857,1,0,1,anti_homophones
920,hQ2mo2,6,-5.768567208497644,2,5.768567208497644,1,0,2,anti_homophones
921,lQ3ban3,7,-5.343006865470686,2,5.343006865470686,1,0,3,anti_homophones
922,bQ3xin1,7,-5.172093361959133,2,5.172093361959133,1,1,8,anti_homophones
923,chu2,4,-3.370514139845469,1,3.370514139845469,1,2,12,anti_homophones
924,sheng1bing3gun4,15,-10.229213852409583,3,10.229213852409583,1,0,0,anti_homophones
925,che1li4,7,-5.5491062301371015,2,5.5491062301371015,1,0,3,anti_homophones
926,han1,4,-3.9301874731880435,1,3.9301874731880435,1,4,19,anti_homophones
927,yQ4sUn4,7,-6.461911149386019,2,6.461911149386019,1,0,3,anti_homophones
928,dA1zhQ4,7,-6.526381936637123,2,6.526381936637123,1,0,2,anti_homophones
929,gO4,3,-3.2802620477623785,1,3.2802620477623785,1,3,19,anti_homophones
930,ping2jK4zhong2,14,-9.448060053128117,3,9.448060053128117,1,0,0,anti_homophones
931,qK2,3,-3.082502949629357,1,3.082502949629357,1,6,5,anti_homophones
932,fu4jC2,6,-5.352119204369217,2,5.352119204369217,1,0,7,anti_homophones
933,xC4zi5,6,-5.182224562743424,2,5.182224562743424,1,1,2,anti_homophones
934,gen1ji1bE4,10,-8.637000056752852,3,8.637000056752852,1,0,0,anti_homophones
935,dan4yi4,7,-5.58111712494651,2,5.58111712494651,1,1,8,anti_homophones
936,xLn4pLn2,8,-7.1006714740499834,2,7.1006714740499834,1,0,0,anti_homophones
937,lLn3pang4,9,-7.08431878337167,2,7.08431878337167,1,0,0,anti_homophones
938,shi1mu4,7,-5.647084646973538,2,5.647084646973538,1,1,8,anti_homophones
939,jing4zhun2,10,-7.286672193299929,2,7.286672193299929,1,0,0,anti_homophones
940,zi3mi4xL2,9,-10.49093692866968,3,10.49093692866968,1,0,0,anti_homophones
941,sha1ru4xing4,12,-9.02922406192704,3,9.02922406192704,1,0,0,anti_homophones
942,wE3hI4zI4,9,-7.665350452985835,3,7.665350452985835,1,0,0,anti_homophones
943,xL1,3,-3.9064726292239604,1,3.9064726292239604,1,2,9,anti_homophones
944,chu1tu3xing4ling2,17,-12.037254855298203,4,12.037254855298203,1,0,0,anti_homophones
945,kQ3,3,-3.592176068396041,1,3.592176068396041,1,3,19,anti_homophones
946,yi4meng1,8,-6.666256273309775,2,6.666256273309775,1,0,0,anti_homophones
947,zi4lu4,6,-4.9776141342387605,2,4.9776141342387605,1,0,16,anti_homophones
948,si1yC4yang4ce4,14,-11.289979736738946,4,11.289979736738946,1,0,0,anti_homophones
949,hI3gO4zhi2,10,-8.876963269542703,3,8.876963269542703,1,0,0,anti_homophones
950,da4bLn4,7,-4.866337060250554,2,4.866337060250554,1,1,8,anti_homophones
951,dang1,5,-3.7333569568925653,1,3.7333569568925653,1,2,16,anti_homophones
952,zi3gO2,6,-6.758373284622394,2,6.758373284622394,1,0,2,anti_homophones
953,jM1tV2ming2kP4,14,-11.180362033152756,4,11.180362033152756,1,0,0,anti_homophones
954,pE4,3,-3.559067532265383,1,3.559067532265383,1,2,16,anti_homophones
955,tLn1,4,-2.953456948863703,1,2.953456948863703,1,7,9,anti_homophones
956,la4,3,-3.6645604638631823,1,3.6645604638631823,1,1,23,anti_homophones
957,cun4,4,-4.001212429212719,1,4.001212429212719,1,3,13,anti_homophones
958,shan3gUn1,9,-6.124650066076714,2,6.124650066076714,1,0,2,anti_homophones
959,cheng1lK2,9,-6.07776721259974,2,6.07776721259974,1,1,0,anti_homophones
960,jW1yQ4,6,-5.083265192163438,2,5.083265192163438,1,0,6,anti_homophones
961,sheng1rV4,9,-5.945799955861523,2,5.945799955861523,1,0,1,anti_homophones
962,hP4,3,-3.740121776220874,1,3.740121776220874,1,2,14,anti_homophones
963,lLn2xing3,9,-6.187557018929838,2,6.187557018929838,1,0,0,anti_homophones
964,long2ji1qW3,11,-9.858974047189808,3,9.858974047189808,1,0,0,anti_homophones
965,bu4shi4,7,-4.51324597686586,2,4.51324597686586,1,2,8,anti_homophones
966,jK3ya1,6,-6.102242639499882,2,6.102242639499882,1,0,1,anti_homophones
967,si1lLn4,7,-5.780884742908954,2,5.780884742908954,1,0,1,anti_homophones
968,shU3,4,-4.162037127804503,1,4.162037127804503,1,1,8,anti_homophones
969,zhan2bgQ1cha4,13,-14.814757232649606,3,14.814757232649606,1,0,0,anti_homophones
970,da3,3,-3.2100117264028336,1,3.2100117264028336,1,2,18,anti_homophones
971,jM1dLn4,7,-5.161277041053231,2,5.161277041053231,1,0,5,anti_homophones
972,dUn4xin1,8,-5.615022411555971,2,5.615022411555971,1,0,2,anti_homophones
973,shP4,4,-3.568708489171798,1,3.568708489171798,1,2,12,anti_homophones
974,hang1mu4,8,-6.477934583247994,2,6.477934583247994,1,0,3,anti_homophones
975,rV4,3,-3.3434591972065393,1,3.3434591972065393,1,2,17,anti_homophones
976,lO4da4yan2tu5,13,-11.75045703100387,4,11.75045703100387,1,0,0,anti_homophones
977,yu4,3,-2.920677187218648,1,2.920677187218648,1,5,28,anti_homophones
978,pQ1qLng4,8,-6.5048384643579,2,6.5048384643579,1,0,1,anti_homophones
979,lQ3nLn2hUn1,11,-7.885582197256227,3,7.885582197256227,1,0,0,anti_homophones
980,si3wan1zhi4,11,-8.924219438592809,3,8.924219438592809,1,0,0,anti_homophones
981,mu2zhan4bing3,13,-10.24075760411642,3,10.24075760411642,1,0,0,anti_homophones
982,shen2,5,-3.152659373829305,1,3.152659373829305,1,4,9,anti_homophones
983,zhi1qLng4dan3ran2,17,-12.425104622914029,4,12.425104622914029,1,0,0,anti_homophones
984,qLn2bi4yUn2,11,-7.773366653589928,3,7.773366653589928,1,0,0,anti_homophones
985,cO4,3,-3.513500477585814,1,3.513500477585814,1,3,14,anti_homophones
986,wE4ke3ji4chUn2,14,-11.63980605183959,4,11.63980605183959,1,0,0,anti_homophones
987,sV1gong1,8,-6.200662716857442,2,6.200662716857442,1,0,0,anti_homophones
988,da3zi5,6,-4.2674310177894395,2,4.2674310177894395,1,2,5,anti_homophones
989,lO4dQ4qing2,11,-9.263041553905582,3,9.263041553905582,1,0,0,anti_homophones
990,yin1A4,6,-5.272225431642395,2,5.272225431642395,1,1,3,anti_homophones
991,zi1bu4yi4qi4,12,-9.447744302531675,4,9.447744302531675,1,0,0,anti_homophones
992,lLng3,5,-3.6023415291577296,1,3.6023415291577296,1,2,10,anti_homophones
993,gang4,5,-3.6631543798842507,1,3.6631543798842507,1,1,20,anti_homophones
994,yan1cQ2,7,-6.977886938214666,2,6.977886938214666,1,0,0,anti_homophones
995,xLn1,4,-3.4076327949743925,1,3.4076327949743925,1,4,14,anti_homophones
996,yin2qu3,7,-6.244181341932522,2,6.244181341932522,1,0,2,anti_homophones
997,yong1,5,-3.4438910008725356,1,3.4438910008725356,1,2,16,anti_homophones
998,jing2xLng2wE4,13,-8.468771861758622,3,8.468771861758622,1,0,0,anti_homophones
999,jLn1ti4,7,-6.341277219602369,2,6.341277219602369,1,0,4,anti_homophones
1000,ming3xing2zhi1ling2,19,-12.169422465582134,4,12.169422465582134,1,0,0,anti_homophones
1001,sun3,4,-4.161598772802794,1,4.161598772802794,1,1,3,anti_homophones
1002,qu3ju4mu4de5,12,-11.536040438507136,4,11.536040438507136,1,0,0,anti_homophones
1003,hang3,5,-3.6227012490711905,1,3.6227012490711905,1,3,26,anti_homophones
1004,jM1lO4,6,-5.430534083448109,2,5.430534083448109,1,0,4,anti_homophones
1005,ni2zO4,6,-6.685446411840531,2,6.685446411840531,1,0,1,anti_homophones
1006,tI4xLng4xi2shang4,17,-12.14691479011804,4,12.14691479011804,1,0,0,anti_homophones
1007,er3ge2,6,-5.775902719336549,2,5.775902719336549,1,0,1,anti_homophones
1008,zhu1fu2,7,-5.903762867538463,2,5.903762867538463,1,0,4,anti_homophones
1009,qing1mK4,8,-7.129969725384491,2,7.129969725384491,1,0,0,anti_homophones
1010,bing2qUn1,9,-6.9784743330890935,2,6.9784743330890935,1,0,2,anti_homophones
1011,gUn3qu3,7,-5.840665176565779,2,5.840665176565779,1,0,0,anti_homophones
1012,leng1jL4,8,-5.973795893744249,2,5.973795893744249,1,0,1,anti_homophones
1013,hP4hO3dan1,10,-10.637194082453227,3,10.637194082453227,1,0,0,anti_homophones
1014,xK1bi5,6,-7.348162589774581,2,7.348162589774581,1,0,0,anti_homophones
1015,qW2tW2,6,-5.534428959419536,2,5.534428959419536,1,0,2,anti_homophones
1016,gUn3pan4hU4,11,-8.25643686957471,3,8.25643686957471,1,0,0,anti_homophones
1017,bing1lu4,8,-5.960935996759403,2,5.960935996759403,1,0,3,anti_homophones
1018,yi1ren2xin1,11,-7.269240805166889,3,7.269240805166889,1,0,0,anti_homophones
1019,ri4ye4yi1jin3,13,-11.703958480487696,4,11.703958480487696,1,0,0,anti_homophones
1020,wa4,3,-4.164044228525704,1,4.164044228525704,1,0,16,anti_homophones
1021,xLng4ti2dLn3,12,-8.986405739046457,3,8.986405739046457,1,0,0,anti_homophones
1022,qing2jin4,9,-5.8325868668481595,2,5.8325868668481595,1,0,3,anti_homophones
1023,ke4zhi1ling2hong1,17,-12.299272753713973,4,12.299272753713973,1,0,0,anti_homophones
1024,zang4qLn1jing4,14,-10.039090890051492,3,10.039090890051492,1,0,0,anti_homophones
1025,ti3,3,-3.1458926104905944,1,3.1458926104905944,1,4,23,anti_homophones
1026,ba1lan2hUn1,11,-9.302653050240071,3,9.302653050240071,1,0,0,anti_homophones
1027,keng1fa3,8,-7.133647879878739,2,7.133647879878739,1,0,0,anti_homophones
1028,ma1,3,-3.9733498943422956,1,3.9733498943422956,1,1,17,anti_homophones
1029,cheng1shi3,10,-6.139843708112376,2,6.139843708112376,1,0,2,anti_homophones
1030,yi3wen2hI4,10,-8.11918690989197,3,8.11918690989197,1,0,0,anti_homophones
1031,Q4yu2feng4,10,-9.327038835434031,3,9.327038835434031,1,0,0,anti_homophones
1032,yin1yC4,7,-5.281261239408724,2,5.281261239408724,1,1,4,anti_homophones
1033,xing1dM2,8,-6.818707567084597,2,6.818707567084597,1,0,1,anti_homophones
1034,chi3gan1dV3,11,-9.649981601097085,3,9.649981601097085,1,0,0,anti_homophones
1035,yang3,5,-3.3994591637388423,1,3.3994591637388423,1,3,21,anti_homophones
1036,can2,4,-3.5706321277019053,1,3.5706321277019053,1,1,15,anti_homophones
1037,lLn3,4,-3.6791913644397707,1,3.6791913644397707,1,1,11,anti_homophones
1038,gI4ma3,6,-6.9881439649791055,2,6.9881439649791055,1,0,1,anti_homophones
1039,yu4zO4zha4,10,-8.853942360607089,3,8.853942360607089,1,0,0,anti_homophones
1040,wang1,5,-3.605141550058895,1,3.605141550058895,1,2,13,anti_homophones
1041,cong4,5,-3.69710978836111,1,3.69710978836111,1,2,17,anti_homophones
1042,han4nQ3,7,-6.827270325817195,2,6.827270325817195,1,0,1,anti_homophones
1043,ren3,4,-4.171011023481692,1,4.171011023481692,1,0,7,anti_homophones
1044,chang2shi4xC3,13,-9.288039715433195,3,9.288039715433195,1,0,0,anti_homophones
1045,gUn1ji2,7,-5.524810127795261,2,5.524810127795261,1,0,5,anti_homophones
1046,peng1hO2bo2wang4,16,-11.570686968267594,4,11.570686968267594,1,0,0,anti_homophones
1047,ji4tang2,8,-6.3943660947623515,2,6.3943660947623515,1,1,1,anti_homophones
1048,gI1,3,-3.2644476729718575,1,3.2644476729718575,1,3,15,anti_homophones
1049,shUn4,5,-3.9918890069405966,1,3.9918890069405966,1,1,9,anti_homophones
1050,ji2jing1hQ4,11,-8.846875949749125,3,8.846875949749125,1,0,0,anti_homophones
1051,zhO2zI4zhi4,11,-8.878178910117587,3,8.878178910117587,1,0,0,anti_homophones
1052,wang3jing1tQ4lW2,16,-14.174159085353077,4,14.174159085353077,1,0,0,anti_homophones
1053,dong4jLn4,9,-6.106416026428021,2,6.106416026428021,1,0,2,anti_homophones
1054,zhan4hU1,8,-6.381444159787337,2,6.381444159787337,1,0,1,anti_homophones
1055,ju3ming2dan4,12,-9.118565661619593,3,9.118565661619593,1,0,0,anti_homophones
1056,zun1po4la3ban1,14,-12.937141625508463,4,12.937141625508463,1,0,0,anti_homophones
1057,re4chan4,8,-6.086281875730613,2,6.086281875730613,1,0,4,anti_homophones
1058,hU1jW3,6,-5.3573684755711515,2,5.3573684755711515,1,0,2,anti_homophones
1059,dUn1ji1,7,-5.936969392346782,2,5.936969392346782,1,0,4,anti_homophones
1060,zheng2,6,-3.2820902117645985,1,3.2820902117645985,1,2,11,anti_homophones
1061,jLn4li4,7,-4.9995220084790155,2,4.9995220084790155,1,0,6,anti_homophones
1062,zhu4zhu4fang2,13,-8.774587333514686,3,8.774587333514686,1,0,0,anti_homophones
1063,wE3tan1,7,-6.476909634817059,2,6.476909634817059,1,0,3,anti_homophones
1064,gQ4ling1,8,-6.703129462407306,2,6.703129462407306,1,0,1,anti_homophones
1065,gA4er2ku3dA4,12,-12.489491274332952,4,12.489491274332952,1,0,0,anti_homophones
1066,gu4qK2li4,9,-9.201091544134846,3,9.201091544134846,1,0,0,anti_homophones
1067,lLn2wu2xu4bu3,13,-12.673774292747794,4,12.673774292747794,1,0,0,anti_homophones
1068,zhQ4gQ4cheng1ye4,16,-11.171248370247417,4,11.171248370247417,1,0,0,anti_homophones
1069,fu4jM4,6,-5.476989144102527,2,5.476989144102527,1,0,4,anti_homophones
1070,yong1ya4,8,-7.750584790388653,2,7.750584790388653,1,0,0,anti_homophones
1071,yQ4chun2qing2,13,-10.022659369208727,3,10.022659369208727,1,0,0,anti_homophones
1072,gan3fun3si4su4,14,-14.837369142199723,4,14.837369142199723,1,0,0,anti_homophones
1073,ma2bE4,6,-5.842169344772161,2,5.842169344772161,1,0,3,anti_homophones
1074,bLn4,4,-2.937183179229957,1,2.937183179229957,1,9,12,anti_homophones
1075,li3jW4,6,-6.266707821636905,2,6.266707821636905,1,0,3,anti_homophones
1076,jK3,3,-3.1329058733185216,1,3.1329058733185216,1,7,8,anti_homophones
1077,chen4,5,-3.6760204824338225,1,3.6760204824338225,1,3,9,anti_homophones
1078,sha1zhan1,9,-6.43281882131478,2,6.43281882131478,1,0,1,anti_homophones
1079,zhu4shi2sun1,12,-8.85204673256918,3,8.85204673256918,1,0,0,anti_homophones
1080,gu3shang4,9,-5.96205184548262,2,5.96205184548262,1,0,2,anti_homophones
1081,ge4wI3,6,-9.373919254542633,2,9.373919254542633,1,0,0,anti_homophones
1082,tQ3shi4,7,-6.004444767431114,2,6.004444767431114,1,0,8,anti_homophones
1083,ru2dQ1he2,9,-9.404267632281266,3,9.404267632281266,1,0,0,anti_homophones
1084,mo4,3,-3.2636484284359697,1,3.2636484284359697,1,4,12,anti_homophones
1085,bu4xLng2,8,-5.437337527618722,2,5.437337527618722,1,0,3,anti_homophones
1086,chen2,5,-3.462898385093869,1,3.462898385093869,1,5,8,anti_homophones
1087,yi4xC2,6,-5.20326664394031,2,5.20326664394031,1,0,7,anti_homophones
1088,jin1zheng2,10,-6.227890707367055,2,6.227890707367055,1,0,2,anti_homophones
1089,kUn1yUn2dUn3hO2,15,-12.847216952852179,4,12.847216952852179,1,0,0,anti_homophones
1090,hU1qi4la4,9,-9.779438139078016,3,9.779438139078016,1,0,0,anti_homophones
1091,kan1,4,-3.597116753948626,1,3.597116753948626,1,2,15,anti_homophones
1092,xW3xin4qL1,10,-10.009827328531832,3,10.009827328531832,1,0,0,anti_homophones
1093,xLng4,5,-2.976538923920742,1,2.976538923920742,1,5,10,anti_homophones
1094,she1,4,-4.26427685121996,1,4.26427685121996,1,0,16,anti_homophones
1095,yUn4,4,-3.271620745287107,1,3.271620745287107,1,5,13,anti_homophones
1096,ke4tan4,7,-5.9940326620861635,2,5.9940326620861635,1,0,1,anti_homophones
1097,li4ya1,6,-6.331240666406797,2,6.331240666406797,1,0,1,anti_homophones
1098,jLng4cha2zI3,12,-8.89374185796353,3,8.89374185796353,1,0,0,anti_homophones
1099,pin3,4,-3.111158990536646,1,3.111158990536646,1,4,9,anti_homophones
1100,chang1chV1,10,-7.318210677359513,2,7.318210677359513,1,0,0,anti_homophones
1101,yC4zhan4xing4,13,-9.017824413462762,3,9.017824413462762,1,0,0,anti_homophones
1102,yun2xL1yi1yan2,14,-12.72078462876864,4,12.72078462876864,1,0,0,anti_homophones
1103,shen1xi4,8,-5.796336210622535,2,5.796336210622535,1,0,8,anti_homophones
1104,jing3yong1jL4ba1,16,-13.427148125448623,4,13.427148125448623,1,0,0,anti_homophones
1105,gO2,3,-3.069881662193199,1,3.069881662193199,1,9,12,anti_homophones
1106,shi2da3jing2sU2,15,-14.581530490658546,4,14.581530490658546,1,0,0,anti_homophones
1107,lUn4dQ4,7,-6.297607545911189,2,6.297607545911189,1,0,0,anti_homophones
1108,ang2yan1chu1,12,-10.384829807297294,3,10.384829807297294,1,0,0,anti_homophones
1109,tong4jLn4,9,-5.879016740011829,2,5.879016740011829,1,0,6,anti_homophones
1110,zhu3ye4,7,-5.271297900374994,2,5.271297900374994,1,0,3,anti_homophones
1111,gan1,4,-3.2404940159266884,1,3.2404940159266884,1,4,16,anti_homophones
1112,gUn4shu1jW1,11,-9.56021517326277,3,9.56021517326277,1,0,0,anti_homophones
1113,yin3qi2,7,-6.408484136632085,2,6.408484136632085,1,0,0,anti_homophones
1114,zong4,5,-3.4330321381760704,1,3.4330321381760704,1,2,16,anti_homophones
1115,zhQ4hU4,7,-5.69591201048384,2,5.69591201048384,1,0,1,anti_homophones
1116,zheng4,6,-3.278087791827197,1,3.278087791827197,1,3,10,anti_homophones
1117,gQ1fu4tu2,9,-8.510734836461895,3,8.510734836461895,1,0,0,anti_homophones
1118,fE2sheng2lv4ye4,15,-11.333215093418383,4,11.333215093418383,1,0,0,anti_homophones
1119,xC2,3,-3.1216275502856257,1,3.1216275502856257,1,6,6,anti_homophones
1120,ke1xing4,8,-5.870204229048569,2,5.870204229048569,1,1,2,anti_homophones
1121,xLn1zi1bE1,10,-8.741268355964374,3,8.741268355964374,1,0,0,anti_homophones
1122,zA3,3,-4.160938408078383,1,4.160938408078383,1,0,15,anti_homophones
1123,ya2,3,-3.469586354588424,1,3.469586354588424,1,3,17,anti_homophones
1124,yu2ren2,7,-4.793234001478026,2,4.793234001478026,1,1,8,anti_homophones
1125,shang3,6,-3.2529097666954634,1,3.2529097666954634,1,2,9,anti_homophones
1126,shang4,6,-3.1195568457018417,1,3.1195568457018417,1,2,10,anti_homophones
1127,dUn4,4,-3.2016359439984927,1,3.2016359439984927,1,2,13,anti_homophones
1128,mo4bu4er2,9,-7.908419812353773,3,7.908419812353773,1,0,0,anti_homophones
1129,tA4se4,6,-6.024906246049045,2,6.024906246049045,1,0,4,anti_homophones
1130,hun4,4,-3.6399511103782487,1,3.6399511103782487,1,2,17,anti_homophones
1131,yi2tV2yan3,10,-8.642821005027555,3,8.642821005027555,1,0,0,anti_homophones
1132,bu4qu3,6,-5.036925126679951,2,5.036925126679951,1,2,10,anti_homophones
1133,yi1fang2,8,-5.284546030086127,2,5.284546030086127,1,0,2,anti_homophones
1134,mu4de2chQ2sQ1,13,-11.486804975781325,4,11.486804975781325,1,0,0,anti_homophones
1135,da4yUn2ji2,10,-7.484240115795503,3,7.484240115795503,1,0,0,anti_homophones
1136,shQ2er2jing2,12,-9.998303785894844,3,9.998303785894844,1,0,0,anti_homophones
1137,gO2wan3,7,-6.002403293670484,2,6.002403293670484,1,0,1,anti_homophones
1138,jW4qi2,6,-6.455225447808841,2,6.455225447808841,1,0,2,anti_homophones
1139,zhu3sheng3pW4,13,-9.750783296745945,3,9.750783296745945,1,0,0,anti_homophones
1140,an4pW4hU4,9,-9.70458332272066,3,9.70458332272066,1,0,0,anti_homophones
1141,zi4zhQ4yUn4,11,-8.686349240738855,3,8.686349240738855,1,0,0,anti_homophones
1142,yang2,5,-3.3308445694442645,1,3.3308445694442645,1,4,21,anti_homophones
1143,leng1beng4kUn1,14,-11.519941763096508,3,11.519941763096508,1,0,0,anti_homophones
1144,tQ3ling4,8,-7.066580042711217,2,7.066580042711217,1,0,1,anti_homophones
1145,qin2hang2,9,-6.63030213564232,2,6.63030213564232,1,0,2,anti_homophones
1146,men2zhUn4,9,-6.620172890835361,2,6.620172890835361,1,0,0,anti_homophones
1147,pan2pu3,7,-6.616526436235782,2,6.616526436235782,1,0,0,anti_homophones
1148,cheng1bLn1qLn2,14,-9.140933756956052,3,9.140933756956052,1,0,0,anti_homophones
1149,hQ4,3,-3.2317892630373786,1,3.2317892630373786,1,4,22,anti_homophones
1150,jun4,4,-4.0828065210027615,1,4.0828065210027615,1,1,14,anti_homophones
1151,lLng1,5,-3.467330167360873,1,3.467330167360873,1,2,10,anti_homophones
1152,gUn1nLn2,8,-5.731241831116288,2,5.731241831116288,1,1,2,anti_homophones
1153,jM1ye4,6,-5.369033274494699,2,5.369033274494699,1,2,5,anti_homophones
1154,yUn2zhang4,10,-5.911651367205767,2,5.911651367205767,1,0,2,anti_homophones
1155,jL1zhan2,8,-6.438292830631008,2,6.438292830631008,1,0,1,anti_homophones
1156,che1yan3,8,-5.611709276032389,2,5.611709276032389,1,0,0,anti_homophones
1157,tong2xin1,9,-5.570250089050532,2,5.570250089050532,1,0,3,anti_homophones
1158,la1zi5,6,-5.527055157413189,2,5.527055157413189,1,0,3,anti_homophones
1159,yUn1ba1,7,-7.8436059069872766,2,7.8436059069872766,1,0,0,anti_homophones
1160,yang1mu3,8,-6.839059287413832,2,6.839059287413832,1,0,0,anti_homophones
1161,fen1xin1bi4,11,-8.169417505501526,3,8.169417505501526,1,0,0,anti_homophones
1162,wE4,3,-2.910862363426304,1,2.910862363426304,1,6,15,anti_homophones
1163,shi2er2gUn1,11,-8.422002642736627,3,8.422002642736627,1,0,0,anti_homophones
1164,wu2xi4bQ1lUn4,13,-10.862362346840806,4,10.862362346840806,1,0,0,anti_homophones
1165,xi3,3,-3.3351731379216036,1,3.3351731379216036,1,1,19,anti_homophones
1166,jK1,3,-4.042030433040038,1,4.042030433040038,1,1,13,anti_homophones
1167,ji4bW3,6,-5.398768385106605,2,5.398768385106605,1,0,5,anti_homophones
1168,lK2long4qLn1,12,-9.242845421171664,3,9.242845421171664,1,0,0,anti_homophones
1169,tong1Q1bing2ce4,15,-13.946115941620494,4,13.946115941620494,1,0,0,anti_homophones
1170,kA1hI3,6,-5.813362408160571,2,5.813362408160571,1,0,3,anti_homophones
1171,zong2er2,8,-6.491336378560106,2,6.491336378560106,1,0,0,anti_homophones
1172,sheng1,6,-2.886060915015179,1,2.886060915015179,1,9,9,anti_homophones
1173,cha2tang3sUn4,13,-9.894610547078589,3,9.894610547078589,1,0,0,anti_homophones
1174,ge2zhan3,8,-7.015766778805685,2,7.015766778805685,1,0,0,anti_homophones
1175,tLn2ya2,7,-6.469585371861873,2,6.469585371861873,1,0,0,anti_homophones
1176,chUng2,6,-3.72126640088764,1,3.72126640088764,1,2,9,anti_homophones
1177,zi4qLn2ming1,12,-8.760524591863694,3,8.760524591863694,1,0,0,anti_homophones
1178,can3chu1li4,11,-9.259901749861708,3,9.259901749861708,1,0,0,anti_homophones
1179,zheng1,6,-3.070576599856344,1,3.070576599856344,1,4,11,anti_homophones
1180,gong4gun3tLn3,13,-12.01013722543199,3,12.01013722543199,1,0,0,anti_homophones
1181,hV4jLng4ci2,11,-9.021272220544846,3,9.021272220544846,1,0,0,anti_homophones
1182,se4,3,-3.4074169899771287,1,3.4074169899771287,1,2,14,anti_homophones
1183,qi2chang2zhi3ye4,16,-11.179884636497464,4,11.179884636497464,1,0,0,anti_homophones
1184,nong1cong4,10,-6.9362563267468715,2,6.9362563267468715,1,0,0,anti_homophones
1185,dW1ke4,6,-4.829866475123944,2,4.829866475123944,1,1,5,anti_homophones
1186,yi1man4,7,-5.959255154690183,2,5.959255154690183,1,0,5,anti_homophones
1187,fE1jLn1wen3chen3,16,-13.263050767855546,4,13.263050767855546,1,0,0,anti_homophones
1188,yi4,3,-2.700327685539783,1,2.700327685539783,1,21,24,anti_homophones
1189,bLn4zi5,7,-4.860591133384495,2,4.860591133384495,1,1,9,anti_homophones
1190,zhi4ji4yong4,12,-8.46547777206912,3,8.46547777206912,1,0,0,anti_homophones
1191,cheng3ru2cQ1chen2,17,-12.663083453836553,4,12.663083453836553,1,0,0,anti_homophones
1192,pE4jing4,8,-6.180155760929388,2,6.180155760929388,1,0,1,anti_homophones
1193,xL4ji2,6,-5.354885591101507,2,5.354885591101507,1,0,6,anti_homophones
1194,cheng2zI3,9,-7.369143176055061,2,7.369143176055061,1,0,0,anti_homophones
1195,chang4zV4,9,-7.033907929832946,2,7.033907929832946,1,0,1,anti_homophones
1196,bu4lu4,6,-4.840508216932853,2,4.840508216932853,1,0,12,anti_homophones
1197,kUng2gUn1gU1shO4,16,-14.231072199442984,4,14.231072199442984,1,0,0,anti_homophones
1198,ta1,3,-3.9240776864962283,1,3.9240776864962283,1,2,20,anti_homophones
1199,he2shi2zi5,10,-6.814018094621919,3,6.814018094621919,1,0,0,anti_homophones
1200,zhI4zhUng3men2,14,-10.94296446527018,3,10.94296446527018,1,0,0,anti_homophones
1201,si3,3,-3.3180170312231887,1,3.3180170312231887,1,4,19,anti_homophones
1202,xC2li3ping2,11,-9.14151748369716,3,9.14151748369716,1,0,0,anti_homophones
1203,wu2gUn1,7,-5.365614118648346,2,5.365614118648346,1,0,4,anti_homophones
1204,zO4lUn4dun4,11,-9.458191121968982,3,9.458191121968982,1,0,0,anti_homophones
1205,kA1wa3gUng1,11,-8.575619861121599,3,8.575619861121599,1,0,0,anti_homophones
1206,hU2ting2tA2,11,-8.763955227923896,3,8.763955227923896,1,0,0,anti_homophones
1207,dan1ben1zhen4,13,-10.312226262331581,3,10.312226262331581,1,0,0,anti_homophones
1208,ling1kV3,8,-6.080940621807417,2,6.080940621807417,1,0,1,anti_homophones
1209,mLn2han3,8,-7.372638205248466,2,7.372638205248466,1,0,1,anti_homophones
1210,ban1wE1,7,-6.463725187608863,2,6.463725187608863,1,0,1,anti_homophones
1211,zhV2,4,-4.111758805160318,1,4.111758805160318,1,0,9,anti_homophones
1212,dO2,3,-3.9663021460220143,1,3.9663021460220143,1,1,12,anti_homophones
1213,xW3jM2shi4,10,-6.967495035329803,3,6.967495035329803,1,0,1,anti_homophones
1214,chV1er2,7,-6.4436891345993565,2,6.4436891345993565,1,0,2,anti_homophones
1215,lan2xin1er5,11,-9.183283295210172,3,9.183283295210172,1,0,0,anti_homophones
1216,pA2jL4,6,-5.763885558611307,2,5.763885558611307,1,0,2,anti_homophones
1217,ku1ku4,6,-6.109597569423125,2,6.109597569423125,1,0,3,anti_homophones
1218,shang4li4,9,-5.337860579739312,2,5.337860579739312,1,0,7,anti_homophones
1219,qUn2fu5,7,-6.856245991713763,2,6.856245991713763,1,0,0,anti_homophones
1220,jLn4xLn3,8,-6.14343262792412,2,6.14343262792412,1,0,1,anti_homophones
1221,gong1dI4,8,-5.597845808841682,2,5.597845808841682,1,0,3,anti_homophones
1222,lK4fa1,6,-6.228148624601386,2,6.228148624601386,1,0,1,anti_homophones
1223,ji1xM3,6,-5.895546928409279,2,5.895546928409279,1,1,3,anti_homophones
1224,xM1shan4ji3,11,-10.634062697439152,3,10.634062697439152,1,0,0,anti_homophones
1225,yi4ji4,6,-5.334857737317189,2,5.334857737317189,1,0,14,anti_homophones
1226,tu1xLn4,7,-5.7796252762377005,2,5.7796252762377005,1,0,9,anti_homophones
1227,man4mLn3er2,11,-8.932635241381906,3,8.932635241381906,1,0,0,anti_homophones
1228,zA4hQ4ming4,11,-8.166907229909835,3,8.166907229909835,1,0,0,anti_homophones
1229,bu4yV2,6,-5.217530304363681,2,5.217530304363681,1,0,9,anti_homophones
1230,shV1,4,-3.4584146314734365,1,3.4584146314734365,1,1,14,anti_homophones
1231,shI3ming2,9,-5.831175799183175,2,5.831175799183175,1,0,4,anti_homophones
1232,mu3gang2,8,-6.9093418608527335,2,6.9093418608527335,1,0,0,anti_homophones
1233,zhI1fu3,7,-6.447965992731056,2,6.447965992731056,1,0,0,anti_homophones
1234,jL3ming2,8,-5.717470675978995,2,5.717470675978995,1,0,1,anti_homophones
1235,keng1,5,-4.306482658717629,1,4.306482658717629,1,0,12,anti_homophones
1236,wu2chen2shO1yC4,15,-11.979674192167396,4,11.979674192167396,1,0,0,anti_homophones
1237,yi1rV4ban3kUn3,14,-11.868014814872428,4,11.868014814872428,1,0,0,anti_homophones
1238,tang4ti3,8,-6.232686498373557,2,6.232686498373557,1,1,3,anti_homophones
1239,da4shan4yu3,11,-8.244809436281304,3,8.244809436281304,1,0,0,anti_homophones
1240,cA4yang3,8,-6.4867414279320075,2,6.4867414279320075,1,0,0,anti_homophones
1241,cha1dI4xing2kU4,15,-13.863155388223088,4,13.863155388223088,1,0,0,anti_homophones
1242,bi3fang2,8,-5.916288723288424,2,5.916288723288424,1,0,3,anti_homophones
1243,bA2,3,-3.2259251776567117,1,3.2259251776567117,1,3,15,anti_homophones
1244,hQ2se4,6,-5.541142196987537,2,5.541142196987537,1,1,6,anti_homophones
1245,jing1,5,-3.1826424920678673,1,3.1826424920678673,1,4,15,anti_homophones
1246,yin3hO4zhu4,11,-8.767636865069807,3,8.767636865069807,1,0,0,anti_homophones
1247,rong4,5,-3.6817308364078887,1,3.6817308364078887,1,3,14,anti_homophones
1248,zheng2zhV4,10,-6.921590760446224,2,6.921590760446224,1,0,0,anti_homophones
1249,zO4hQ4,6,-5.592209079030846,2,5.592209079030846,1,1,4,anti_homophones
1250,wA4xLng1zhan4,13,-8.636956159345077,3,8.636956159345077,1,0,0,anti_homophones
1251,jL3yu2,6,-5.745513413464473,2,5.745513413464473,1,0,0,anti_homophones
1252,gan4,4,-3.5733357502896337,1,3.5733357502896337,1,3,20,anti_homophones
1253,ning4,5,-3.9553578836895205,1,3.9553578836895205,1,1,15,anti_homophones
1254,shUng1yun4,10,-6.670541686464971,2,6.670541686464971,1,0,1,anti_homophones
1255,jing4,5,-2.9676585307708487,1,2.9676585307708487,1,4,15,anti_homophones
1256,bQ4jK3,6,-5.779853723302661,2,5.779853723302661,1,1,3,anti_homophones
1257,lQ3nu4,6,-5.619922644060923,2,5.619922644060923,1,0,6,anti_homophones
1258,jLn1,4,-3.0625485510425863,1,3.0625485510425863,1,6,14,anti_homophones
1259,da2yan3ba1dQ3,13,-12.998585528119142,4,12.998585528119142,1,0,0,anti_homophones
1260,jL3yang4su4,11,-8.838615196895784,3,8.838615196895784,1,0,0,anti_homophones
1261,qLng4shu1lK2,12,-8.968569513091422,3,8.968569513091422,1,0,0,anti_homophones
1262,jL4zi5,6,-4.929362900751401,2,4.929362900751401,1,2,6,anti_homophones
1263,qW2dI4,6,-5.486616291510992,2,5.486616291510992,1,1,1,anti_homophones
1264,yan2yin4lV2,11,-9.970908354724475,3,9.970908354724475,1,0,0,anti_homophones
1265,er2qi4,6,-5.425476618641183,2,5.425476618641183,1,1,1,anti_homophones
1266,wE2,3,-3.1600577276261372,1,3.1600577276261372,1,5,9,anti_homophones
1267,fang1gang3feng1,15,-10.241661226245645,3,10.241661226245645,1,0,0,anti_homophones
1268,man4tV2,7,-6.0094983920862965,2,6.0094983920862965,1,0,5,anti_homophones
1269,fang1,5,-3.360136507294139,1,3.360136507294139,1,2,15,anti_homophones
1270,hQ2yUn4,7,-6.672812819312625,2,6.672812819312625,1,0,2,anti_homophones
1271,xi1se4,6,-5.194554251589468,2,5.194554251589468,1,0,6,anti_homophones
1272,zUn4ta3,7,-7.434261455104835,2,7.434261455104835,1,0,0,anti_homophones
1273,bQ2,3,-4.076573315284901,1,4.076573315284901,1,1,16,anti_homophones
1274,A4ban4wE4,9,-8.73984192934764,3,8.73984192934764,1,0,0,anti_homophones
1275,tan2xC2,7,-5.7481113222211295,2,5.7481113222211295,1,0,2,anti_homophones
1276,zhV1qi4zhi3wE4,14,-11.48255716046068,4,11.48255716046068,1,0,0,anti_homophones
1277,pA2,3,-3.1459096417937245,1,3.1459096417937245,1,4,13,anti_homophones
1278,shi4ying1,9,-6.051145705234295,2,6.051145705234295,1,0,1,anti_homophones
1279,qu1hu4,6,-6.151803204225808,2,6.151803204225808,1,0,3,anti_homophones
1280,tO3wE1rO4,9,-10.485550782731151,3,10.485550782731151,1,0,0,anti_homophones
1281,zhQ3,4,-3.7897530819399172,1,3.7897530819399172,1,1,8,anti_homophones
1282,xi1gO3hO4,9,-9.043128621733887,3,9.043128621733887,1,0,0,anti_homophones
1283,tQ4fen4ji2,10,-9.229289522621272,3,9.229289522621272,1,0,0,anti_homophones
1284,yi3zhang1,9,-6.500982114929094,2,6.500982114929094,1,0,0,anti_homophones
1285,shu1chQ1hU4he5,14,-12.79516438087733,4,12.79516438087733,1,0,0,anti_homophones
1286,lLn2qin1xi5,11,-9.455187192494298,3,9.455187192494298,1,0,0,anti_homophones
1287,jing1yi4,8,-5.401034226337926,2,5.401034226337926,1,0,8,anti_homophones
1288,ming4,5,-3.2334921430333345,1,3.2334921430333345,1,5,14,anti_homophones
1289,xing1gO3,8,-6.31896347177171,2,6.31896347177171,1,0,1,anti_homophones
1290,gong4wan3,9,-6.594972321689439,2,6.594972321689439,1,0,1,anti_homophones
1291,tong4,5,-3.083466757046853,1,3.083466757046853,1,6,17,anti_homophones
1292,chu2tA1e2,9,-8.59162677362935,3,8.59162677362935,1,0,0,anti_homophones
1293,sQ3cun2,7,-6.565780210353616,2,6.565780210353616,1,0,1,anti_homophones
1294,nin2,4,-4.713918511588793,1,4.713918511588793,1,0,9,anti_homophones
1295,li4can2nong2,12,-10.587644480121604,3,10.587644480121604,1,0,0,anti_homophones
1296,fan4bing4,9,-5.959238566943245,2,5.959238566943245,1,0,1,anti_homophones
1297,xLn4xM2shO1,11,-9.15104803453654,3,9.15104803453654,1,0,0,anti_homophones
1298,jing2gong4,10,-5.823376068395206,2,5.823376068395206,1,0,2,anti_homophones
1299,zhUn2rQ3,8,-6.216095330346495,2,6.216095330346495,1,0,0,anti_homophones
1300,hI2bo2,6,-5.928290244775706,2,5.928290244775706,1,0,0,anti_homophones
1301,ting4,5,-3.5159209294420433,1,3.5159209294420433,1,3,16,anti_homophones
1302,he2lM4,6,-5.615171845601957,2,5.615171845601957,1,0,5,anti_homophones
1303,er2,3,-3.651786160195644,1,3.651786160195644,1,3,2,anti_homophones
1304,jL1zha4zi5,10,-8.113875540934746,3,8.113875540934746,1,0,0,anti_homophones
1305,she4shu3,8,-6.306499972557656,2,6.306499972557656,1,0,2,anti_homophones
1306,du2shen4,8,-5.986399941354082,2,5.986399941354082,1,0,1,anti_homophones
1307,yin1gang1,9,-6.748755768063567,2,6.748755768063567,1,0,2,anti_homophones
1308,lQ3fa3,6,-5.5120727641319185,2,5.5120727641319185,1,1,3,anti_homophones
1309,jL1xLn4xM2,10,-9.331156501439194,3,9.331156501439194,1,0,0,anti_homophones
1310,hu1,3,-3.526406786348396,1,3.526406786348396,1,1,21,anti_homophones
1311,nM1hV4,6,-6.157894255108865,2,6.157894255108865,1,0,2,anti_homophones
1312,shen1cha2,9,-5.9120050373875825,2,5.9120050373875825,1,0,1,anti_homophones
1313,fa1mu4,6,-5.511077169804789,2,5.511077169804789,1,0,4,anti_homophones
1314,mQ2yang4,8,-6.424735482374577,2,6.424735482374577,1,0,0,anti_homophones
1315,tW2,3,-3.2392967634873258,1,3.2392967634873258,1,4,11,anti_homophones
1316,sha4jK3chun4,12,-11.70895781077904,3,11.70895781077904,1,0,0,anti_homophones
1317,wa1ji2ding4,11,-9.679058434069933,3,9.679058434069933,1,0,0,anti_homophones
1318,chi1xing2lLng4,14,-9.174651227214873,3,9.174651227214873,1,0,0,anti_homophones
1319,da3dan3ping3zhe3,16,-12.50975732685159,4,12.50975732685159,1,0,0,anti_homophones
1320,bQ3ji1,6,-5.048372996657588,2,5.048372996657588,1,0,9,anti_homophones
1321,an1qin1,7,-6.318885299766848,2,6.318885299766848,1,0,0,anti_homophones
1322,lE4zhe3,7,-6.33797792213975,2,6.33797792213975,1,0,3,anti_homophones
1323,chQ2ting2xLn4xi1,16,-12.487743817244368,4,12.487743817244368,1,0,0,anti_homophones
1324,dUn3yV3,7,-6.821098979083103,2,6.821098979083103,1,0,0,anti_homophones
1325,lM4di4,6,-5.643146674323504,2,5.643146674323504,1,0,8,anti_homophones
1326,bA1,3,-4.4456171619088884,1,4.4456171619088884,1,1,19,anti_homophones
1327,tO1xM4,6,-5.618871348801259,2,5.618871348801259,1,1,3,anti_homophones
1328,yun4,4,-3.1501317112844562,1,3.1501317112844562,1,4,14,anti_homophones
1329,sha1shan1,9,-6.6341442817157805,2,6.6341442817157805,1,0,1,anti_homophones
1330,an4shi4,7,-5.16473848913035,2,5.16473848913035,1,0,4,anti_homophones
1331,zA4,3,-3.30728536301243,1,3.30728536301243,1,3,20,anti_homophones
1332,kA1pQ4,6,-5.409058413252992,2,5.409058413252992,1,0,2,anti_homophones
1333,zhen1,5,-3.374238689413904,1,3.374238689413904,1,1,7,anti_homophones
1334,bQ4xi4min3gang4,15,-13.535626645496786,4,13.535626645496786,1,0,0,anti_homophones
1335,chan4cheng3,11,-7.005534549686507,2,7.005534549686507,1,0,0,anti_homophones
1336,qun2yan4,8,-6.738338136622241,2,6.738338136622241,1,0,1,anti_homophones
1337,li3fang2,8,-5.785309727134018,2,5.785309727134018,1,0,2,anti_homophones
1338,en1,3,-3.9617018481407573,1,3.9617018481407573,1,2,6,anti_homophones
1339,wan4,4,-3.3320825814143564,1,3.3320825814143564,1,3,21,anti_homophones
1340,jLn3xW4zi5,10,-7.95058905845455,3,7.95058905845455,1,0,0,anti_homophones
1341,bu4rI3er2shI3,13,-11.909346072612077,4,11.909346072612077,1,0,0,anti_homophones
1342,kP4ban3jing2dQ1,15,-12.385063187216835,4,12.385063187216835,1,0,0,anti_homophones
1343,shan2,5,-3.780312174420185,1,3.780312174420185,1,2,9,anti_homophones
1344,shi2ren2ji4jM4,14,-10.132158673600037,4,10.132158673600037,1,0,0,anti_homophones
1345,dan3,4,-3.7266716791610337,1,3.7266716791610337,1,1,18,anti_homophones
1346,feng2an4,8,-6.400095346779722,2,6.400095346779722,1,0,1,anti_homophones
1347,rV2sheng2,9,-6.453472361026032,2,6.453472361026032,1,0,2,anti_homophones
1348,ge2,3,-3.3436407001524393,1,3.3436407001524393,1,6,11,anti_homophones
1349,kUn3,4,-3.5603746326342534,1,3.5603746326342534,1,3,11,anti_homophones
1350,ke1he1lLng3wang2,16,-13.680810335533304,4,13.680810335533304,1,0,0,anti_homophones
1351,kQ3gO2,6,-5.821933134590217,2,5.821933134590217,1,0,1,anti_homophones
1352,xM2jM2zhan1,11,-9.8506557143371,3,9.8506557143371,1,0,0,anti_homophones
1353,feng4qUn4,9,-6.770091812886818,2,6.770091812886818,1,0,1,anti_homophones
1354,yi1pLn1e2,9,-8.381875271153904,3,8.381875271153904,1,0,0,anti_homophones
1355,jin4zO4,7,-5.860358234024532,2,5.860358234024532,1,0,1,anti_homophones
1356,lQ3hQ3,6,-5.428794701356099,2,5.428794701356099,1,0,7,anti_homophones
1357,lW4wE4,6,-6.462119218885877,2,6.462119218885877,1,0,2,anti_homophones
1358,shV3ju2,7,-5.7386056137585,2,5.7386056137585,1,0,7,anti_homophones
1359,fu4xW1sO1,9,-8.554233186803144,3,8.554233186803144,1,0,0,anti_homophones
1360,wE4gU3jun1,10,-9.719014350745246,3,9.719014350745246,1,0,0,anti_homophones
1361,mi4wu2dM2li4,12,-10.827603327201851,4,10.827603327201851,1,0,0,anti_homophones
1362,feng2,5,-3.258609396081624,1,3.258609396081624,1,2,12,anti_homophones
1363,zi4yu4no4,9,-9.696981206372033,3,9.696981206372033,1,0,0,anti_homophones
1364,hO4shP1zQ4,10,-10.250303624066781,3,10.250303624066781,1,0,0,anti_homophones
1365,qu4,3,-3.5040019333573773,1,3.5040019333573773,1,4,25,anti_homophones
1366,neng4,5,-4.218566854617758,1,4.218566854617758,1,1,14,anti_homophones
1367,san1,4,-3.3475534602563513,1,3.3475534602563513,1,6,16,anti_homophones
1368,ji3yUn4,7,-6.369474602134714,2,6.369474602134714,1,0,2,anti_homophones
1369,shI3chi3,8,-5.926041001731507,2,5.926041001731507,1,0,0,anti_homophones
1370,bo1,3,-3.257173908517443,1,3.257173908517443,1,3,11,anti_homophones
1371,ti2,3,-3.307642702879646,1,3.307642702879646,1,6,20,anti_homophones
1372,jM1dI4,6,-6.488431245596757,2,6.488431245596757,1,0,2,anti_homophones
1373,hU1qC2,6,-8.244519669346552,2,8.244519669346552,1,0,1,anti_homophones
1374,sha3yan2,8,-6.105680987392683,2,6.105680987392683,1,0,2,anti_homophones
1375,nK2,3,-3.5805566042001864,1,3.5805566042001864,1,4,9,anti_homophones
1376,di2ren2,7,-5.765724661481522,2,5.765724661481522,1,0,3,anti_homophones
1377,shUng1yC4,9,-6.7673900953538055,2,6.7673900953538055,1,0,1,anti_homophones
1378,wo1,3,-3.690954559897313,1,3.690954559897313,1,2,9,anti_homophones
1379,da3dV4jLn4,10,-7.7846253649172406,3,7.7846253649172406,1,0,0,anti_homophones
1380,pin3bu4ke4,10,-7.473815267437058,3,7.473815267437058,1,0,0,anti_homophones
1381,hU4jing1ba4,11,-9.602625759526077,3,9.602625759526077,1,0,0,anti_homophones
1382,sheng3,6,-3.467598062602526,1,3.467598062602526,1,2,8,anti_homophones
1383,wu2xing4,8,-5.236026381969965,2,5.236026381969965,1,0,5,anti_homophones
1384,po1,3,-3.867055643180673,1,3.867055643180673,1,2,9,anti_homophones
1385,le4yi4,6,-5.473395307891193,2,5.473395307891193,1,1,10,anti_homophones
1386,long1,5,-3.917594177394681,1,3.917594177394681,1,1,17,anti_homophones
1387,xW3hU4,6,-5.210304897859976,2,5.210304897859976,1,0,3,anti_homophones
1388,li2ye4,6,-6.330246249344785,2,6.330246249344785,1,0,4,anti_homophones
1389,yang2men2,9,-5.935691341451944,2,5.935691341451944,1,0,5,anti_homophones
1390,zhe2tA2men2,11,-9.87312098858833,3,9.87312098858833,1,0,0,anti_homophones
1391,she4,4,-3.0993745258664096,1,3.0993745258664096,1,3,17,anti_homophones
1392,bQ3da4dLn3,10,-8.051335869075276,3,8.051335869075276,1,0,0,anti_homophones
1393,wen2ming4lA2cA3,15,-12.124646074846215,4,12.124646074846215,1,0,0,anti_homophones
1394,neng1bE1,8,-7.142124212698178,2,7.142124212698178,1,0,1,anti_homophones
1395,fen1fu4shi2,11,-7.79565281813553,3,7.79565281813553,1,0,0,anti_homophones
1396,jM1tan1,7,-6.374359532680407,2,6.374359532680407,1,0,0,anti_homophones
1397,gu4shan4,8,-6.541587492441696,2,6.541587492441696,1,0,1,anti_homophones
1398,er4bA2xLng2,11,-8.885840276172315,3,8.885840276172315,1,0,0,anti_homophones
1399,dV3lv4,6,-6.387893134300002,2,6.387893134300002,1,0,1,anti_homophones
1400,bing2yi3wE4,11,-7.991816909827992,3,7.991816909827992,1,0,0,anti_homophones
1401,fa3jK4sUn4,10,-9.003849125193685,3,9.003849125193685,1,0,0,anti_homophones
1402,bLn1,4,-3.2453980220230814,1,3.2453980220230814,1,4,11,anti_homophones
1403,dQ4li4,6,-5.10569173652166,2,5.10569173652166,1,1,8,anti_homophones
1404,bW3,3,-3.164921316383339,1,3.164921316383339,1,3,14,anti_homophones
1405,yu2zi5,6,-5.190647649530628,2,5.190647649530628,1,0,9,anti_homophones
1406,qK1,3,-3.6359090598579606,1,3.6359090598579606,1,3,11,anti_homophones
1407,xW3jW4,6,-5.409700883272905,2,5.409700883272905,1,0,7,anti_homophones
1408,mi3fa3xLng2qK2,14,-12.037158776157245,4,12.037158776157245,1,0,0,anti_homophones
1409,ke3ren2yu4cun2,14,-11.438106564586045,4,11.438106564586045,1,0,0,anti_homophones
1410,chu1bLn1zhang4,14,-9.114005811411989,3,9.114005811411989,1,0,0,anti_homophones
1411,da4fa3chan4,11,-8.777236237322485,3,8.777236237322485,1,0,0,anti_homophones
1412,zhi3zhan4an1,12,-9.230320695982556,3,9.230320695982556,1,0,0,anti_homophones
1413,xC4ye4,6,-4.889067792110961,2,4.889067792110961,1,0,4,anti_homophones
1414,yang1neng1,10,-6.806651956611563,2,6.806651956611563,1,0,0,anti_homophones
1415,ma2bu4,6,-5.606923302067278,2,5.606923302067278,1,0,2,anti_homophones
1416,yC4er5,6,-5.6622569668075,2,5.6622569668075,1,1,1,anti_homophones
1417,pin2jin4qu1yan2,15,-12.365993981641852,4,12.365993981641852,1,0,0,anti_homophones
1418,tLn1ye4,7,-5.417524939178554,2,5.417524939178554,1,0,1,anti_homophones
1419,lv3,3,-3.5831834703034486,1,3.5831834703034486,1,2,8,anti_homophones
1420,xK1bo2li4,9,-8.016253393064126,3,8.016253393064126,1,0,0,anti_homophones
1421,an4xin1,7,-5.546909018307705,2,5.546909018307705,1,0,1,anti_homophones
1422,zong1pang1,10,-7.339621234309786,2,7.339621234309786,1,0,0,anti_homophones
1423,ying1du4,8,-5.96020238929356,2,5.96020238929356,1,0,4,anti_homophones
1424,fang2lK3zQ4xW3,14,-12.694298446784305,4,12.694298446784305,1,0,0,anti_homophones
1425,fa1ji4,6,-5.318482979853621,2,5.318482979853621,1,1,14,anti_homophones
1426,ma2hO4pi2da4,12,-12.313385258891024,4,12.313385258891024,1,0,0,anti_homophones
1427,she4qi4gang3li4,15,-11.410324981705255,4,11.410324981705255,1,0,0,anti_homophones
1428,jW4yu2,6,-4.945981719440123,2,4.945981719440123,1,1,8,anti_homophones
1429,xM2yan3men2,11,-8.673103940492457,3,8.673103940492457,1,0,0,anti_homophones
1430,nLng4,5,-4.1938937565451395,1,4.1938937565451395,1,0,9,anti_homophones
1431,tO1,3,-3.3714803198710057,1,3.3714803198710057,1,2,13,anti_homophones
1432,si1,3,-3.1294611545936273,1,3.1294611545936273,1,4,18,anti_homophones
1433,qing1ji1chQ1tan1,16,-12.58207026181849,4,12.58207026181849,1,0,0,anti_homophones
1434,xin1wen1,8,-6.0988328231315565,2,6.0988328231315565,1,0,2,anti_homophones
1435,feng4,5,-3.254606976144222,1,3.254606976144222,1,4,15,anti_homophones
1436,tun2gQ1mE3,10,-10.266527542715604,3,10.266527542715604,1,0,0,anti_homophones
1437,li4ji1,6,-5.259736980794739,2,5.259736980794739,1,0,7,anti_homophones
1438,xing2,5,-3.051835077667777,1,3.051835077667777,1,7,15,anti_homophones
1439,yin3hI1jing4,12,-8.895539132356754,3,8.895539132356754,1,0,0,anti_homophones
1440,hI2xLng4,8,-5.381381197005581,2,5.381381197005581,1,1,2,anti_homophones
1441,tA4kUng2xin1,12,-8.361821121173021,3,8.361821121173021,1,0,0,anti_homophones
1442,xW4gI1xing1lu4,14,-11.53139901962079,4,11.53139901962079,1,0,0,anti_homophones
1443,gu3zhi4,7,-5.296850301175085,2,5.296850301175085,1,0,5,anti_homophones
1444,cQ1xLn3jL1,10,-9.702580637610724,3,9.702580637610724,1,0,0,anti_homophones
1445,pi1pan4,7,-5.523581863736871,2,5.523581863736871,1,1,7,anti_homophones
1446,gu1,3,-3.5362458954095666,1,3.5362458954095666,1,3,21,anti_homophones
1447,tI4bW1,6,-6.258569874050965,2,6.258569874050965,1,0,1,anti_homophones
1448,tu2li4,6,-5.284225257951931,2,5.284225257951931,1,0,8,anti_homophones
1449,jun1dQ3bE4,10,-8.705266015284911,3,8.705266015284911,1,0,0,anti_homophones
1450,tO3,3,-4.186152463153068,1,4.186152463153068,1,1,14,anti_homophones
1451,feng2yin1,9,-6.387484869166209,2,6.387484869166209,1,0,2,anti_homophones
1452,du2che1,7,-5.447939743731058,2,5.447939743731058,1,0,2,anti_homophones
1453,wan1yi4,7,-6.27694523624088,2,6.27694523624088,1,0,1,anti_homophones
1454,zheng1hU2jLn1zi5,16,-11.12166580342931,4,11.12166580342931,1,0,0,anti_homophones
1455,shi2ke4,7,-5.479203824816577,2,5.479203824816577,1,0,2,anti_homophones
1456,gen1he2,7,-6.055817762670582,2,6.055817762670582,1,0,0,anti_homophones
1457,tW2shi1jing4tV2,15,-11.41961986193716,4,11.41961986193716,1,0,0,anti_homophones
1458,wen3,4,-3.7772213583954737,1,3.7772213583954737,1,2,8,anti_homophones
1459,zhen1zhO2,9,-6.604324285850401,2,6.604324285850401,1,0,0,anti_homophones
1460,zeng1di4zi5,11,-8.336881957425463,3,8.336881957425463,1,0,0,anti_homophones
1461,mLn4yu3,7,-5.841342595898684,2,5.841342595898684,1,0,4,anti_homophones
1462,shen2jLn1,9,-6.199887910673481,2,6.199887910673481,1,1,1,anti_homophones
1463,tM3gO2,6,-5.703018706393652,2,5.703018706393652,1,0,0,anti_homophones
1464,mi3,3,-3.776803917758104,1,3.776803917758104,1,2,20,anti_homophones
1465,zhV4,4,-3.8715780482610094,1,3.8715780482610094,1,1,13,anti_homophones
1466,fen3dK2,7,-9.671492876706647,2,9.671492876706647,1,0,0,anti_homophones
1467,hO4,3,-3.0865618732554174,1,3.0865618732554174,1,4,18,anti_homophones
1468,gen1mV2,7,-6.104281786194088,2,6.104281786194088,1,0,2,anti_homophones
1469,fan4ye4,7,-5.569038667813219,2,5.569038667813219,1,0,4,anti_homophones
1470,ying1sha3zhi1,13,-10.000578176803765,3,10.000578176803765,1,0,0,anti_homophones
1471,gQ3hO3,6,-6.639063790723447,2,6.639063790723447,1,0,2,anti_homophones
1472,zhu4gI3,7,-6.373040232135883,2,6.373040232135883,1,0,0,anti_homophones
1473,wo3men2,7,-5.654749075378789,2,5.654749075378789,1,0,1,anti_homophones
1474,jing2fa4bing1qu1,16,-12.53269663083607,4,12.53269663083607,1,0,0,anti_homophones
1475,zhong1,6,-3.0299147084171714,1,3.0299147084171714,1,3,9,anti_homophones
1476,di2qin1qi4yu3,13,-12.094184488998373,4,12.094184488998373,1,0,0,anti_homophones
1477,nLn4,4,-3.589168419859594,1,3.589168419859594,1,0,12,anti_homophones
1478,sheng2bW1,9,-6.291458744511618,2,6.291458744511618,1,0,0,anti_homophones
1479,ban1zhan4,9,-6.292327002629658,2,6.292327002629658,1,0,0,anti_homophones
1480,nong2,5,-3.806018772951291,1,3.806018772951291,1,2,15,anti_homophones
1481,cong2chang3,11,-7.050142159875784,2,7.050142159875784,1,0,0,anti_homophones
1482,hA2tV2,6,-5.674893107360848,2,5.674893107360848,1,0,7,anti_homophones
1483,jW3,3,-3.0441816528050563,1,3.0441816528050563,1,7,13,anti_homophones
1484,ji4shi4tO1shi4,14,-10.398471883835912,4,10.398471883835912,1,0,0,anti_homophones
1485,re4che4ben3,11,-9.64858722623288,3,9.64858722623288,1,0,0,anti_homophones
1486,kong3nLn2gO2,12,-9.95127126038359,3,9.95127126038359,1,0,0,anti_homophones
1487,xLn4,4,-2.7827406135438344,1,2.7827406135438344,1,6,16,anti_homophones
1488,gQ1hU1,6,-6.336224006551867,2,6.336224006551867,1,0,2,anti_homophones
1489,zeng2wan4zu2,12,-10.164910738894635,3,10.164910738894635,1,0,0,anti_homophones
1490,lun2che4jM2,11,-9.735565301963273,3,9.735565301963273,1,0,0,anti_homophones
1491,zu2qLn1,7,-6.5462707580662896,2,6.5462707580662896,1,0,1,anti_homophones
1492,cA2deng5,8,-8.280795701597196,2,8.280795701597196,1,0,1,anti_homophones
1493,hO3men2,7,-5.97358251370335,2,5.97358251370335,1,0,1,anti_homophones
1494,wang3dQ4,8,-5.897406688658119,2,5.897406688658119,1,0,5,anti_homophones
1495,po4,3,-3.31942064502004,1,3.31942064502004,1,4,11,anti_homophones
1496,ting2,5,-3.5416899716276267,1,3.5416899716276267,1,3,15,anti_homophones
1497,fen1,4,-3.173743711385531,1,3.173743711385531,1,5,10,anti_homophones
1498,yC4ji4zi5,9,-7.562003016984209,3,7.562003016984209,1,0,0,anti_homophones
1499,jLn1ran2,8,-5.574089036612235,2,5.574089036612235,1,0,3,anti_homophones
1500,ji3dA4,6,-5.423739986926841,2,5.423739986926841,1,1,8,anti_homophones
1501,mi3zi3lin2,10,-10.05139734800539,3,10.05139734800539,1,0,0,anti_homophones
1502,ben1cha2,8,-6.786355826185257,2,6.786355826185257,1,0,0,anti_homophones
1503,te4,3,-3.8965334785825787,1,3.8965334785825787,1,2,17,anti_homophones
1504,nK2ming2yang4,13,-8.898278994772694,3,8.898278994772694,1,0,0,anti_homophones
1505,gU1,3,-3.60609790631048,1,3.60609790631048,1,3,12,anti_homophones
1506,heng1,5,-3.8523445674029175,1,3.8523445674029175,1,0,18,anti_homophones
1507,hUn1,4,-3.5264616352036255,1,3.5264616352036255,1,2,16,anti_homophones
1508,dI4bW3,6,-5.6177562434058474,2,5.6177562434058474,1,0,2,anti_homophones
1509,hUng1,5,-3.2845887962287508,1,3.2845887962287508,1,3,12,anti_homophones
1510,han2sheng4xi3dang3,18,-14.00616473400293,4,14.00616473400293,1,0,0,anti_homophones
1511,zO4wE5ca1,9,-10.680832736208432,3,10.680832736208432,1,0,0,anti_homophones
1512,fu4chI2shen1bM2,15,-12.664597238450764,4,12.664597238450764,1,0,0,anti_homophones
1513,shu2di4,7,-6.098383643114386,2,6.098383643114386,1,0,4,anti_homophones
1514,xi2,3,-3.503242898991425,1,3.503242898991425,1,3,17,anti_homophones
1515,tO1tO1gV4zi5,12,-9.765519620110172,4,9.765519620110172,1,0,0,anti_homophones
1516,mE2,3,-3.2947154169477755,1,3.2947154169477755,1,4,14,anti_homophones
1517,zan4,4,-3.687554163121184,1,3.687554163121184,1,2,17,anti_homophones
1518,jW4xing2,8,-5.772761158279504,2,5.772761158279504,1,0,1,anti_homophones
1519,zhe2qin2qing4dLn3,17,-12.750801566833925,4,12.750801566833925,1,0,0,anti_homophones
1520,er4lK2,6,-4.926516972233604,2,4.926516972233604,1,0,1,anti_homophones
1521,du2jin1cQ3,10,-8.693986635154019,3,8.693986635154019,1,0,0,anti_homophones
1522,er2zV4jLn1,10,-8.844059825514748,3,8.844059825514748,1,0,0,anti_homophones
1523,chu3ling1chun3jin3,18,-14.028840763434083,4,14.028840763434083,1,0,0,anti_homophones
1524,gan3tan2,8,-6.102301039409036,2,6.102301039409036,1,0,1,anti_homophones
1525,shan3,5,-3.4516337019911347,1,3.4516337019911347,1,3,10,anti_homophones
1526,ba1sI2da3gUn3,13,-11.989018668461846,4,11.989018668461846,1,0,0,anti_homophones
1527,jL3cheng2sheng3,15,-9.547157175100416,3,9.547157175100416,1,0,0,anti_homophones
1528,man4,4,-3.509682852320149,1,3.509682852320149,1,2,18,anti_homophones
1529,shi1ren2sO3ying2,16,-11.384474966795482,4,11.384474966795482,1,0,0,anti_homophones
1530,shi4yu2,7,-4.979484812101496,2,4.979484812101496,1,0,7,anti_homophones
1531,mi2li5,6,-6.283115504457539,2,6.283115504457539,1,0,3,anti_homophones
1532,fan2lO2bo1,10,-8.400212269268875,3,8.400212269268875,1,0,0,anti_homophones
1533,ming1shV3ji1,12,-8.216158606154083,3,8.216158606154083,1,0,0,anti_homophones
1534,mA4gu4ti3,9,-9.030723345551966,3,9.030723345551966,1,0,0,anti_homophones
1535,zhi3li4gU1,10,-9.191055903596622,3,9.191055903596622,1,0,0,anti_homophones
1536,yan1zhi1shun3yan1,17,-13.47025141443468,4,13.47025141443468,1,0,0,anti_homophones
1537,zhO2di2,7,-6.638881462984965,2,6.638881462984965,1,0,1,anti_homophones
1538,leng3,5,-4.0982315138236185,1,4.0982315138236185,1,0,9,anti_homophones
1539,qin2ge2shang3,13,-9.845873133506899,3,9.845873133506899,1,0,0,anti_homophones
1540,gI3zi5,6,-5.365941764924679,2,5.365941764924679,1,0,3,anti_homophones
1541,tan1,4,-3.6856623976659266,1,3.6856623976659266,1,3,17,anti_homophones
1542,ba1,3,-3.645918346805048,1,3.645918346805048,1,3,19,anti_homophones
1543,bQ3jM3yi3chang1,15,-12.48747486612637,4,12.48747486612637,1,0,0,anti_homophones
1544,da4gUn3,7,-5.1372130876193385,2,5.1372130876193385,1,1,5,anti_homophones
1545,hA3kan4min2,11,-9.630724281956523,3,9.630724281956523,1,0,0,anti_homophones
1546,wu2fang2,8,-5.491283777379681,2,5.491283777379681,1,0,4,anti_homophones
1547,wE1xin1,7,-4.980689740581747,2,4.980689740581747,1,1,2,anti_homophones
1548,ju4chu1hun3,11,-8.892860414987247,3,8.892860414987247,1,0,0,anti_homophones
1549,gE4,3,-5.568254544403973,1,5.568254544403973,1,0,18,anti_homophones
1550,ling2dQ3,8,-6.3412749233536765,2,6.3412749233536765,1,0,0,anti_homophones
1551,lLn2shV1ju4,11,-9.104401451515812,3,9.104401451515812,1,0,0,anti_homophones
1552,da4yu4zi5,9,-7.1380645719605464,3,7.1380645719605464,1,0,0,anti_homophones
1553,yin1yin1qLng3,13,-9.3166768297005,3,9.3166768297005,1,0,0,anti_homophones
1554,mi2,3,-3.474643598685445,1,3.474643598685445,1,3,21,anti_homophones
1555,gUn4,4,-3.4190780187217324,1,3.4190780187217324,1,4,14,anti_homophones
1556,chUng2zi3gI3,12,-9.634329551127887,3,9.634329551127887,1,0,0,anti_homophones
1557,nA4ran2xLn4fa3,14,-11.238877782892999,4,11.238877782892999,1,0,0,anti_homophones
1558,bLn3,4,-4.0150203926310875,1,4.0150203926310875,1,1,10,anti_homophones
1559,ban3mE3,7,-6.765857079619506,2,6.765857079619506,1,0,0,anti_homophones
1560,zhe2,4,-3.6421940033174445,1,3.6421940033174445,1,1,13,anti_homophones
1561,jW4,3,-3.098986563724039,1,3.098986563724039,1,3,14,anti_homophones
1562,bA4gong4ji4,11,-9.271479631881753,3,9.271479631881753,1,0,0,anti_homophones
1563,xing2mE2hO2,11,-8.925427318994506,3,8.925427318994506,1,0,0,anti_homophones
1564,zhong4li5,9,-6.493267945501791,2,6.493267945501791,1,0,2,anti_homophones
1565,bLn4yu3,7,-5.759806321608663,2,5.759806321608663,1,0,5,anti_homophones
1566,yV1men2,7,-5.305401369469275,2,5.305401369469275,1,0,1,anti_homophones
1567,mA4,3,-3.3646381735366258,1,3.3646381735366258,1,4,21,anti_homophones
1568,ceng2rV4,8,-7.447784802852597,2,7.447784802852597,1,0,0,anti_homophones
1569,yi1fa3gUng1,11,-8.260603935754506,3,8.260603935754506,1,0,0,anti_homophones
1570,ci2hV5ba1ming1,14,-11.364263617233346,4,11.364263617233346,1,0,0,anti_homophones
1571,kA1kO4shi4,10,-6.912890390186012,3,6.912890390186012,1,0,0,anti_homophones
1572,ling2kong4,10,-6.1063720057639745,2,6.1063720057639745,1,0,2,anti_homophones
1573,lLn4zi5,7,-5.252659845056768,2,5.252659845056768,1,0,8,anti_homophones
1574,bQ2zhu3ying4,12,-8.928140738720433,3,8.928140738720433,1,0,0,anti_homophones
1575,ken3xLn4fen1,12,-9.979029521080177,3,9.979029521080177,1,0,0,anti_homophones
1576,ding2ge4wan2nv3,15,-13.496084480539466,4,13.496084480539466,1,0,0,anti_homophones
1577,qing2di4,8,-5.538720828225967,2,5.538720828225967,1,0,6,anti_homophones
1578,tan1gA4,7,-6.582864809715229,2,6.582864809715229,1,0,2,anti_homophones
1579,kong1ying1shu1,14,-9.358849790077205,3,9.358849790077205,1,0,0,anti_homophones
1580,dan3bu4fen1yong5,16,-14.508568591318468,4,14.508568591318468,1,0,0,anti_homophones
1581,ting2ming2ban3,14,-9.54096479897466,3,9.54096479897466,1,0,0,anti_homophones
1582,tun1fu4dQ3,10,-9.523194728736899,3,9.523194728736899,1,0,0,anti_homophones
1583,xL4lA2,6,-5.096594595606947,2,5.096594595606947,1,0,3,anti_homophones
1584,nUn3shO1,8,-6.799091554917722,2,6.799091554917722,1,0,0,anti_homophones
1585,mu3,3,-3.5310514908450115,1,3.5310514908450115,1,3,19,anti_homophones
1586,nE4,3,-3.419125346441228,1,3.419125346441228,1,5,19,anti_homophones
1587,keng2tV2,8,-6.85362631633598,2,6.85362631633598,1,0,1,anti_homophones
1588,tW2li4,6,-5.322202339614411,2,5.322202339614411,1,2,3,anti_homophones
1589,jun1yi4,7,-5.27373339626147,2,5.27373339626147,1,0,6,anti_homophones
1590,pA2zi5,6,-5.02203702810927,2,5.02203702810927,1,0,8,anti_homophones
1591,cong2jLn4,9,-6.411862968999808,2,6.411862968999808,1,0,0,anti_homophones
1592,hA2yV3,6,-5.960564933762119,2,5.960564933762119,1,0,1,anti_homophones
1593,bing2,5,-3.25151687000062,1,3.25151687000062,1,2,14,anti_homophones
1594,tong4jun4chu1,13,-10.062755576657093,3,10.062755576657093,1,0,0,anti_homophones
1595,yu4xLng3,8,-5.980196407824498,2,5.980196407824498,1,0,2,anti_homophones
1596,he2di4,6,-5.347319415345348,2,5.347319415345348,1,0,9,anti_homophones
1597,lUn4,4,-3.59560227613673,1,3.59560227613673,1,2,11,anti_homophones
1598,hun1ran2,8,-6.383458810499195,2,6.383458810499195,1,0,1,anti_homophones
1599,ying1zhi1ru4wE2,15,-11.490177866089441,4,11.490177866089441,1,0,0,anti_homophones
1600,zi4hU4yV3A4,11,-9.973684044911701,4,9.973684044911701,1,0,0,anti_homophones
1601,di4shu4,7,-5.762033953226577,2,5.762033953226577,1,0,7,anti_homophones
1602,fE4yong2zQ1,11,-10.672692105779559,3,10.672692105779559,1,0,0,anti_homophones
1603,yang2bQ4zhu2pa1,15,-13.224565869823737,4,13.224565869823737,1,0,0,anti_homophones
1604,xM3,3,-3.563974881579792,1,3.563974881579792,1,5,9,anti_homophones
1605,an4zhong1xC3,12,-9.705073159937875,3,9.705073159937875,1,0,0,anti_homophones
1606,ju2weng1qi4,11,-10.483026066043417,3,10.483026066043417,1,0,0,anti_homophones
1607,jun1xin1rI4nM4,14,-12.5345183944752,4,12.5345183944752,1,0,0,anti_homophones
1608,bLn1dan4,8,-6.425293566223161,2,6.425293566223161,1,0,0,anti_homophones
1609,ku1kI2wu2sheng4,15,-13.748327982710972,4,13.748327982710972,1,0,0,anti_homophones
1610,yV3wu2mu4,9,-7.869741989166786,3,7.869741989166786,1,0,0,anti_homophones
1611,xUn3yUn1,8,-6.962233608346594,2,6.962233608346594,1,0,0,anti_homophones
1612,lu2,3,-3.616495676901684,1,3.616495676901684,1,3,21,anti_homophones
1613,xYng1xun2,9,-6.599559345780302,2,6.599559345780302,1,0,0,anti_homophones
1614,zeng3,5,-4.272387242584859,1,4.272387242584859,1,0,8,anti_homophones
1615,sha1,4,-3.212941278285825,1,3.212941278285825,1,4,14,anti_homophones
1616,xLng2ren2,9,-5.324105110577136,2,5.324105110577136,1,0,2,anti_homophones
1617,xu4,3,-3.394497373594584,1,3.394497373594584,1,2,26,anti_homophones
1618,mA4jL1,6,-5.7903691470277865,2,5.7903691470277865,1,0,4,anti_homophones
1619,qM4gu3po1,9,-10.294178027802005,3,10.294178027802005,1,0,0,anti_homophones
1620,shan4yin3sheng1fan2,19,-12.799526860953897,4,12.799526860953897,1,0,0,anti_homophones
1621,hQ4nB4,6,-5.927732508523022,2,5.927732508523022,1,0,1,anti_homophones
1622,hQ4se4,6,-6.0845182456523155,2,6.0845182456523155,1,0,4,anti_homophones
1623,fan3tan1yu3zhu2,15,-13.396323950343902,4,13.396323950343902,1,0,0,anti_homophones
1624,shV4,4,-3.0777116912376266,1,3.0777116912376266,1,6,13,anti_homophones
1625,shI4yin4bing3yi4,16,-12.678230010386445,4,12.678230010386445,1,0,0,anti_homophones
1626,hA3zV3,6,-7.614983400473388,2,7.614983400473388,1,0,1,anti_homophones
1627,zhQ4nM4,7,-5.905576326446569,2,5.905576326446569,1,0,1,anti_homophones
1628,zhQ4,4,-3.0683654437567003,1,3.0683654437567003,1,4,12,anti_homophones
1629,tQ3yin3shP4,11,-10.833371382329858,3,10.833371382329858,1,0,0,anti_homophones
1630,mu4xC2,6,-5.431035411551628,2,5.431035411551628,1,0,5,anti_homophones
1631,cA2zi5,6,-4.791053190123168,2,4.791053190123168,1,1,6,anti_homophones
1632,gO2si4hU4,9,-7.288259632458958,3,7.288259632458958,1,0,0,anti_homophones
1633,tM3lun4zi5,10,-7.195622866068155,3,7.195622866068155,1,0,0,anti_homophones
1634,bLn1qi4,7,-5.362381295471996,2,5.362381295471996,1,0,3,anti_homophones
1635,fang3yong4,10,-6.336800965796218,2,6.336800965796218,1,0,0,anti_homophones
1636,dan4yan2,8,-5.939972301647744,2,5.939972301647744,1,0,6,anti_homophones
1637,lM4ju3,6,-6.493259712415748,2,6.493259712415748,1,0,2,anti_homophones
1638,zi4qi3yi4,9,-7.702821064544497,3,7.702821064544497,1,0,0,anti_homophones
1639,lE3,3,-3.9625089688060315,1,3.9625089688060315,1,2,14,anti_homophones
1640,zhi4bE1,7,-6.28986554991007,2,6.28986554991007,1,0,3,anti_homophones
1641,dan4bo2fang4,12,-8.96881736056099,3,8.96881736056099,1,0,1,anti_homophones
1642,chQ1da4,7,-6.337662548042519,2,6.337662548042519,1,0,2,anti_homophones
1643,qLn1ren2min2geng4,17,-11.87830790761962,4,11.87830790761962,1,0,0,anti_homophones
1644,xu1fE4,6,-6.415048016714806,2,6.415048016714806,1,0,4,anti_homophones
1645,wu1zi5,6,-5.383526737726134,2,5.383526737726134,1,0,6,anti_homophones
1646,gV4,3,-3.4597243532379753,1,3.4597243532379753,1,3,21,anti_homophones
1647,hE1gUn4,7,-5.744062045376891,2,5.744062045376891,1,0,1,anti_homophones
1648,an1rV4mu3xu4,12,-12.578107262766764,4,12.578107262766764,1,0,0,anti_homophones
1649,meng4,5,-3.99038785703783,1,3.99038785703783,1,0,11,anti_homophones
1650,qin1xM2lang1,12,-11.322793124325177,3,11.322793124325177,1,0,0,anti_homophones
1651,ling3,5,-3.727954589666121,1,3.727954589666121,1,2,16,anti_homophones
1652,xM4,3,-3.4376266489560257,1,3.4376266489560257,1,1,14,anti_homophones
1653,jL3xW3,6,-7.267591501339811,2,7.267591501339811,1,0,2,anti_homophones
1654,xL4xu3,6,-6.148198635337947,2,6.148198635337947,1,0,3,anti_homophones
1655,qW4,3,-3.895811864245136,1,3.895811864245136,1,0,15,anti_homophones
1656,chun1zhan2,10,-7.147778475623483,2,7.147778475623483,1,0,0,anti_homophones
1657,chUng1shV1,10,-6.70102238949139,2,6.70102238949139,1,0,1,anti_homophones
1658,jLn1tLn1,8,-5.569485935273154,2,5.569485935273154,1,0,1,anti_homophones
1659,mE3rong2,8,-5.591421087339135,2,5.591421087339135,1,0,1,anti_homophones
1660,ju1,3,-3.393491947400021,1,3.393491947400021,1,2,22,anti_homophones
1661,shen4chUng3,11,-7.748736070029586,2,7.748736070029586,1,0,0,anti_homophones
1662,li4jL1li5,9,-8.413300322442671,3,8.413300322442671,1,0,0,anti_homophones
1663,ying2fu2xLng4,13,-8.925794361056154,3,8.925794361056154,1,0,0,anti_homophones
1664,lan4,4,-3.9671448999312107,1,3.9671448999312107,1,1,22,anti_homophones
1665,dQ4zhi3,7,-6.00490298777234,2,6.00490298777234,1,0,3,anti_homophones
1666,zI4,3,-3.2759847236081554,1,3.2759847236081554,1,3,15,anti_homophones
1667,zhu3cang1jin4,13,-9.265893197705674,3,9.265893197705674,1,0,0,anti_homophones
1668,yi1xin1,7,-4.68971746338762,2,4.68971746338762,1,2,7,anti_homophones
1669,jLn3tO1kU3,10,-9.490736082698655,3,9.490736082698655,1,0,0,anti_homophones
1670,jL4,3,-3.130851692094163,1,3.130851692094163,1,3,10,anti_homophones
1671,lW3,3,-3.7239752264354817,1,3.7239752264354817,1,3,12,anti_homophones
1672,nong1chUng2,11,-7.113406050036617,2,7.113406050036617,1,0,1,anti_homophones
1673,bE3,3,-3.8562149254557654,1,3.8562149254557654,1,1,16,anti_homophones
1674,yi2ming1yu2,11,-8.302281520846165,3,8.302281520846165,1,0,0,anti_homophones
1675,shi2jin4,8,-5.517043212648448,2,5.517043212648448,1,0,3,anti_homophones
1676,kA1zi4ji1,9,-7.972889252313911,3,7.972889252313911,1,0,0,anti_homophones
1677,zhan4mLn4,9,-5.88186297298415,2,5.88186297298415,1,0,2,anti_homophones
1678,dK1se4,6,-5.094807749196344,2,5.094807749196344,1,0,3,anti_homophones
1679,pLn4hP2,7,-8.098224527790807,2,8.098224527790807,1,0,0,anti_homophones
1680,yong4hO3yi4,11,-8.906831485341943,3,8.906831485341943,1,0,0,anti_homophones
1681,chI1,4,-3.9585627228817764,1,3.9585627228817764,1,1,10,anti_homophones
1682,heng3,5,-4.433881714990265,1,4.433881714990265,1,0,11,anti_homophones
1683,han2,4,-4.1501036567959115,1,4.1501036567959115,1,0,18,anti_homophones
1684,chA2,4,-4.128722161986219,1,4.128722161986219,1,0,8,anti_homophones
1685,shV3du4,7,-5.353596718183071,2,5.353596718183071,1,0,8,anti_homophones
1686,tu3,3,-3.3763413465991263,1,3.3763413465991263,1,4,24,anti_homophones
1687,mQ2,3,-3.4048897344708076,1,3.4048897344708076,1,2,17,anti_homophones
1688,chong2,6,-3.636774139029311,1,3.636774139029311,1,1,8,anti_homophones
1689,peng2,5,-3.8772769666940667,1,3.8772769666940667,1,1,12,anti_homophones
1690,wa1,3,-3.8429476941220915,1,3.8429476941220915,1,3,18,anti_homophones
1691,hang2,5,-3.554086654776613,1,3.554086654776613,1,2,25,anti_homophones
1692,yin2,4,-3.49680275425584,1,3.49680275425584,1,2,13,anti_homophones
1693,shUn1,5,-4.140543486445801,1,4.140543486445801,1,1,11,anti_homophones
1694,lLn4ji2,7,-5.9442713215741945,2,5.9442713215741945,1,0,6,anti_homophones
1695,wu1lUn4mA4gan3,14,-11.962945689808418,4,11.962945689808418,1,0,0,anti_homophones
1696,jing2ku3lLng4,13,-9.34092169073254,3,9.34092169073254,1,0,0,anti_homophones
1697,si3zhu2kong4,12,-10.191770159427666,3,10.191770159427666,1,0,0,anti_homophones
1698,chi4wE4,7,-6.2237556631353135,2,6.2237556631353135,1,0,6,anti_homophones
1699,san1zI4shI3chA2,15,-13.505801996494228,4,13.505801996494228,1,0,0,anti_homophones
1700,kong1zhan4tV2,13,-8.816990626222237,3,8.816990626222237,1,0,0,anti_homophones
1701,cQ1,3,-3.722596747521149,1,3.722596747521149,1,1,14,anti_homophones
1702,qi1si1,6,-6.427167101872495,2,6.427167101872495,1,0,3,anti_homophones
1703,hA3nLn2jun1,11,-8.298118528176216,3,8.298118528176216,1,0,0,anti_homophones
1704,qi4xu4hI4,9,-8.440109705056406,3,8.440109705056406,1,0,0,anti_homophones
1705,xin4,4,-3.3714171543945266,1,3.3714171543945266,1,5,8,anti_homophones
1706,tW3,3,-4.377662507189278,1,4.377662507189278,1,1,16,anti_homophones
1707,zang2,5,-4.1021911005081435,1,4.1021911005081435,1,1,19,anti_homophones
1708,xLng1wu2du2yan4,15,-11.441006606504873,4,11.441006606504873,1,0,0,anti_homophones
1709,gI4bA4,6,-6.164901247048286,2,6.164901247048286,1,0,0,anti_homophones
1710,xYng3,5,-4.262691395341336,1,4.262691395341336,1,1,5,anti_homophones
1711,ju1gE3,6,-6.179728694160619,2,6.179728694160619,1,0,2,anti_homophones
1712,nan2wu3,7,-6.4727838991757185,2,6.4727838991757185,1,0,2,anti_homophones
1713,bE1,3,-3.3861816329745236,1,3.3861816329745236,1,3,13,anti_homophones
1714,zhO2ming4,9,-6.333549635352546,2,6.333549635352546,1,0,0,anti_homophones
1715,zO2yi1,6,-6.281004191097741,2,6.281004191097741,1,1,0,anti_homophones
1716,xC4xi4,6,-5.918466200121714,2,5.918466200121714,1,0,5,anti_homophones
1717,gUn3dLn4,8,-5.62543066028924,2,5.62543066028924,1,0,1,anti_homophones
1718,shi1ting2ma3,12,-9.47148746898989,3,9.47148746898989,1,0,0,anti_homophones
1719,dW4dW4,6,-5.578727442137218,2,5.578727442137218,1,0,2,anti_homophones
1720,tong4zO4ban4,12,-8.577785704664123,3,8.577785704664123,1,0,0,anti_homophones
1721,nong4chV1,9,-7.948783128059406,2,7.948783128059406,1,0,1,anti_homophones
1722,ru2ye4shu3yi1,13,-11.339432341840492,4,11.339432341840492,1,0,0,anti_homophones
1723,da4yV3zheng2,12,-7.936926478293163,3,7.936926478293163,1,0,0,anti_homophones
1724,song1chong4,11,-6.989359043794099,2,6.989359043794099,1,0,0,anti_homophones
1725,zhi4sA4,7,-5.75526511677577,2,5.75526511677577,1,0,5,anti_homophones
1726,tW1zhong2rO4,12,-9.689554473117596,3,9.689554473117596,1,0,0,anti_homophones
1727,kA1mu4tM3xYng2,14,-13.049872992073876,4,13.049872992073876,1,0,0,anti_homophones
1728,wu2zhe3,7,-5.329259503690949,2,5.329259503690949,1,1,4,anti_homophones
1729,lK1ding2,8,-6.629067046863071,2,6.629067046863071,1,0,3,anti_homophones
1730,yan1jLn4,8,-5.911727728702875,2,5.911727728702875,1,0,6,anti_homophones
1731,da4jin4zhong1,13,-8.108472466639006,3,8.108472466639006,1,0,0,anti_homophones
1732,chA1shV4cheng4zi5,17,-11.894737708635294,4,11.894737708635294,1,0,0,anti_homophones
1733,heng1chi1,9,-7.160497866440608,2,7.160497866440608,1,0,0,anti_homophones
1734,yQ1zu2dong4,11,-9.12384250937612,3,9.12384250937612,1,0,0,anti_homophones
1735,cheng3,6,-3.7778370738670892,1,3.7778370738670892,1,2,9,anti_homophones
1736,ju3,3,-3.4592507876336587,1,3.4592507876336587,1,3,22,anti_homophones
1737,cheng1re4zha4zhi4,17,-12.773384413064411,4,12.773384413064411,1,0,0,anti_homophones
1738,lan4hQ4ren4,11,-9.872934063127671,3,9.872934063127671,1,0,0,anti_homophones
1739,chV2cheng2,10,-6.418243404469431,2,6.418243404469431,1,0,1,anti_homophones
1740,xing2mi4,8,-6.288108539342913,2,6.288108539342913,1,0,3,anti_homophones
1741,feng3yi4tA2qK2,14,-10.87137923839702,4,10.87137923839702,1,0,0,anti_homophones
1742,kQ3gu3,6,-5.282250316145868,2,5.282250316145868,1,1,4,anti_homophones
1743,chu4zheng1,10,-6.098738600608868,2,6.098738600608868,1,0,0,anti_homophones
1744,hI1bing4,8,-5.911811780758187,2,5.911811780758187,1,0,3,anti_homophones
1745,tA4kO4cA3tV5,12,-12.241513972723984,4,12.241513972723984,1,0,0,anti_homophones
1746,long2wen2,9,-6.751085222418667,2,6.751085222418667,1,0,0,anti_homophones
1747,dang1dLn4,9,-6.210037391091427,2,6.210037391091427,1,0,0,anti_homophones
1748,mi3bLn4,7,-6.644910244361706,2,6.644910244361706,1,0,4,anti_homophones
1749,yC4hong1,8,-5.9685878762186535,2,5.9685878762186535,1,0,0,anti_homophones
1750,zi4ben3hong2bA3,15,-12.423275176830648,4,12.423275176830648,1,0,0,anti_homophones
1751,hUn4,4,-3.3778071556984215,1,3.3778071556984215,1,4,17,anti_homophones
1752,yu2qing1qUn2,12,-9.174640245088781,3,9.174640245088781,1,0,0,anti_homophones
1753,dang2sheng4shi2,15,-8.99858986432396,3,8.99858986432396,1,0,0,anti_homophones
1754,nLn4lA2,7,-6.617960504629058,2,6.617960504629058,1,0,0,anti_homophones
1755,lLng4shi4yu4bu4,15,-10.448905700094977,4,10.448905700094977,1,0,0,anti_homophones
1756,lQ3tV2,6,-4.828106610421926,2,4.828106610421926,1,2,9,anti_homophones
1757,che3,4,-3.947983381780001,1,3.947983381780001,1,2,7,anti_homophones
1758,gan3yC4yC4,10,-8.05062991114224,3,8.05062991114224,1,0,0,anti_homophones
1759,ye4wang4jM4,11,-9.383259055675857,3,9.383259055675857,1,0,0,anti_homophones
1760,tLn2,4,-3.538211453154284,1,3.538211453154284,1,3,9,anti_homophones
1761,wE1rO4tA2tLn2,13,-11.546457807621431,4,11.546457807621431,1,0,0,anti_homophones
1762,ji1gun3wang2,12,-9.620191072465397,3,9.620191072465397,1,0,0,anti_homophones
1763,gu3chen3shi2qing2,17,-12.13443519231148,4,12.13443519231148,1,0,0,anti_homophones
1764,ge1men2,7,-5.24903037043187,2,5.24903037043187,1,0,2,anti_homophones
1765,yang4ji4,8,-5.84486926653823,2,5.84486926653823,1,0,5,anti_homophones
1766,bing2dQ3ren2,12,-8.218384324821733,3,8.218384324821733,1,0,0,anti_homophones
1767,yi1xLng4,8,-4.976223616936285,2,4.976223616936285,1,0,6,anti_homophones
1768,yV4di4,6,-5.878992569774802,2,5.878992569774802,1,0,2,anti_homophones
1769,gu4ya1,6,-6.307400188193823,2,6.307400188193823,1,0,0,anti_homophones
1770,ba1ban3zhu4feng1,16,-11.803741397092173,4,11.803741397092173,1,0,0,anti_homophones
1771,chu1shV3kP4zhu3,15,-10.770891445281416,4,10.770891445281416,1,0,0,anti_homophones
1772,yi2chQ1jL1xK4,13,-13.36436068839037,4,13.36436068839037,1,0,0,anti_homophones
1773,bu4lW4jC2,9,-7.899376175071092,3,7.899376175071092,1,0,0,anti_homophones
1774,fu4jin3,7,-6.0929417954434255,2,6.0929417954434255,1,0,0,anti_homophones
1775,hu3dun4nLn2mLn4,15,-12.946088351635824,4,12.946088351635824,1,0,0,anti_homophones
1776,fang4qing1,10,-6.5369665848599015,2,6.5369665848599015,1,0,0,anti_homophones
1777,xM2ba4,6,-6.467907203346051,2,6.467907203346051,1,0,3,anti_homophones
1778,qUn2za2,7,-6.932562265190816,2,6.932562265190816,1,0,1,anti_homophones
1779,lE2hV4,6,-6.054103098174968,2,6.054103098174968,1,0,1,anti_homophones
1780,jun1dong1ming3de2,17,-12.262015303336167,4,12.262015303336167,1,0,0,anti_homophones
1781,di3hI4,6,-5.830721871644725,2,5.830721871644725,1,1,7,anti_homophones
1782,chu1hV4chQ2dI4,14,-12.781762967828264,4,12.781762967828264,1,0,0,anti_homophones
1783,wu2xun4ying2,12,-9.378131987849576,3,9.378131987849576,1,0,0,anti_homophones
1784,wan4wE4,7,-5.819829820037539,2,5.819829820037539,1,1,5,anti_homophones
1785,xK1zhan3xing4,13,-8.929952581500084,3,8.929952581500084,1,0,0,anti_homophones
1786,san1mV2,7,-5.9660242091743685,2,5.9660242091743685,1,0,1,anti_homophones
1787,lW2cheng2,9,-7.134670553350316,2,7.134670553350316,1,0,0,anti_homophones
1788,tW3xL2,6,-7.095482239846718,2,7.095482239846718,1,0,2,anti_homophones
1789,pin2ji1,7,-5.930274460372549,2,5.930274460372549,1,0,6,anti_homophones
1790,xLn4zhi4,8,-5.312176876363526,2,5.312176876363526,1,0,7,anti_homophones
1791,chen1se4,8,-5.62656087659301,2,5.62656087659301,1,0,1,anti_homophones
1792,gO2zhu1,7,-6.345721005427102,2,6.345721005427102,1,0,2,anti_homophones
1793,sQ3xLng1,8,-6.190785915751609,2,6.190785915751609,1,0,2,anti_homophones
1794,bo2er5,6,-5.776970752914718,2,5.776970752914718,1,0,0,anti_homophones
1795,jLng1zhen3,10,-7.117816401162738,2,7.117816401162738,1,0,0,anti_homophones
1796,mang3wu4,8,-6.625322052060434,2,6.625322052060434,1,0,2,anti_homophones
1797,tLn1mu4li4,10,-8.024242633700858,3,8.024242633700858,1,0,0,anti_homophones
1798,yi1wen2,7,-4.990878879099751,2,4.990878879099751,1,0,3,anti_homophones
1799,zV3hO2bo1,9,-8.51860686948618,3,8.51860686948618,1,0,0,anti_homophones
1800,gV1jW3kan1,10,-10.401867875308893,3,10.401867875308893,1,0,0,anti_homophones
1801,shan3jM4,8,-6.341674546609803,2,6.341674546609803,1,0,1,anti_homophones
1802,jing2qun2,9,-6.124830202388249,2,6.124830202388249,1,0,0,anti_homophones
1803,po4qUn2,7,-5.974859573966548,2,5.974859573966548,1,0,1,anti_homophones
1804,bE4qi4,6,-5.207998501341266,2,5.207998501341266,1,0,9,anti_homophones
1805,zhan4ji1,8,-5.849376309701474,2,5.849376309701474,1,1,1,anti_homophones
1806,bi4lE4,6,-5.982861390505717,2,5.982861390505717,1,0,4,anti_homophones
1807,gong4rO4,8,-6.259127254596716,2,6.259127254596716,1,0,1,anti_homophones
1808,dQ4xi1tang4sheng1,17,-12.273093595259322,4,12.273093595259322,1,0,0,anti_homophones
1809,di1yQ4,6,-5.988619913359496,2,5.988619913359496,1,0,1,anti_homophones
1810,wE1hUng2,8,-6.5666729338905725,2,6.5666729338905725,1,0,1,anti_homophones
1811,chang3bM2cQ1,12,-9.965740782597704,3,9.965740782597704,1,0,0,anti_homophones
1812,gen1hQ4,7,-6.242377822445887,2,6.242377822445887,1,0,2,anti_homophones
1813,ren4che1xC2,11,-8.598706676949105,3,8.598706676949105,1,0,0,anti_homophones
1814,xLng1yi4,8,-5.394558144623639,2,5.394558144623639,1,0,5,anti_homophones
1815,gUn1zO4wen2mi4,14,-11.625617342934467,4,11.625617342934467,1,0,0,anti_homophones
1816,hUn3xu4,7,-6.698543297175174,2,6.698543297175174,1,0,1,anti_homophones
1817,zV3hong4ling4,13,-9.597232616051377,3,9.597232616051377,1,0,0,anti_homophones
1818,ji1an4xC4,9,-9.126472281337882,3,9.126472281337882,1,0,0,anti_homophones
1819,jing1sO3,8,-6.479263976666456,2,6.479263976666456,1,0,1,anti_homophones
1820,hO3chi2,7,-5.84829230261086,2,5.84829230261086,1,0,1,anti_homophones
1821,zhen4,5,-3.550297156010425,1,3.550297156010425,1,2,10,anti_homophones
1822,deng1,5,-3.471130131106253,1,3.471130131106253,1,2,15,anti_homophones
1823,song1,5,-3.6457531746384717,1,3.6457531746384717,1,0,14,anti_homophones
1824,tong1xLn3,9,-6.174033442261616,2,6.174033442261616,1,0,1,anti_homophones
1825,chi1rO4xin1ye4,14,-11.238640839491808,4,11.238640839491808,1,0,0,anti_homophones
1826,lLng1qin1wen1li3,16,-12.422368285713812,4,12.422368285713812,1,0,0,anti_homophones
1827,chong1ying3,11,-6.765934502807074,2,6.765934502807074,1,0,1,anti_homophones
1828,ru2shi4,7,-5.065630260969834,2,5.065630260969834,1,1,6,anti_homophones
1829,ke3chan2qi4,11,-9.035374232300914,3,9.035374232300914,1,0,0,anti_homophones
1830,fang1ban3jW4,12,-9.394622242456254,3,9.394622242456254,1,0,0,anti_homophones
1831,dA1zQ3,6,-6.383316223772455,2,6.383316223772455,1,0,2,anti_homophones
1832,feng1xu4,8,-6.230270595982879,2,6.230270595982879,1,0,4,anti_homophones
1833,xUn3zhu4,8,-6.080816345067006,2,6.080816345067006,1,1,3,anti_homophones
1834,chi2jLn1,8,-6.290031721146652,2,6.290031721146652,1,0,0,anti_homophones
1835,li2jLng2,8,-6.7521457244985745,2,6.7521457244985745,1,0,1,anti_homophones
1836,tA4heng3dong4,13,-10.682363817762168,3,10.682363817762168,1,0,0,anti_homophones
1837,fen1pLn4ran3,12,-9.510694949943678,3,9.510694949943678,1,0,0,anti_homophones
1838,ting2ju4pu3zhong3,17,-14.002091951654794,4,14.002091951654794,1,0,0,anti_homophones
1839,ru4,3,-3.151414886892327,1,3.151414886892327,1,7,27,anti_homophones
1840,tV2le4gI3,9,-8.095919323606635,3,8.095919323606635,1,0,0,anti_homophones
1841,hE1kP4,6,-5.3452159111385855,2,5.3452159111385855,1,0,3,anti_homophones
1842,hUng1gU1,8,-6.373179393425334,2,6.373179393425334,1,1,1,anti_homophones
1843,gI1zhong4,9,-6.0282671386304045,2,6.0282671386304045,1,0,1,anti_homophones
1844,sheng1nv3qUn2,13,-8.18421166190143,3,8.18421166190143,1,0,0,anti_homophones
1845,tO1lA2,6,-5.11618807816341,2,5.11618807816341,1,0,0,anti_homophones
1846,zQ3,3,-3.380433941227461,1,3.380433941227461,1,5,22,anti_homophones
1847,lQ2de5,6,-6.006083874812288,2,6.006083874812288,1,0,3,anti_homophones
1848,hA3xW4yV2deng1,14,-10.694965976313592,4,10.694965976313592,1,0,0,anti_homophones
1849,lK2xi1,6,-5.703229886819844,2,5.703229886819844,1,1,4,anti_homophones
1850,hI4fE4,6,-5.983681222576432,2,5.983681222576432,1,1,4,anti_homophones
1851,dang3,5,-3.5912282987938555,1,3.5912282987938555,1,2,21,anti_homophones
1852,xun4dI4,7,-6.248626712179837,2,6.248626712179837,1,0,2,anti_homophones
1853,lE1ji2chV4,10,-12.235794711450035,3,12.235794711450035,1,0,0,anti_homophones
1854,sA4,3,-3.528880400001508,1,3.528880400001508,1,2,18,anti_homophones
1855,fa4cheng1hU1si1,15,-11.817445143059935,4,11.817445143059935,1,0,0,anti_homophones
1856,chu1jL1,7,-5.3942838494686525,2,5.3942838494686525,1,0,5,anti_homophones
1857,jLn1shi4xin1fang2,17,-10.995043723604967,4,10.995043723604967,1,0,0,anti_homophones
1858,qin2kA1,7,-6.330296175054549,2,6.330296175054549,1,0,0,anti_homophones
1859,ding1,5,-3.621150379599934,1,3.621150379599934,1,2,16,anti_homophones
1860,xing1tu2dM2qin1,15,-11.779344370575139,4,11.779344370575139,1,0,0,anti_homophones
1861,zhong4zO4shan3hI1,17,-12.563221365268268,4,12.563221365268268,1,0,0,anti_homophones
1862,sheng1song2,11,-6.346392893393544,2,6.346392893393544,1,0,1,anti_homophones
1863,shI3shV4shu4,12,-8.722634014850206,3,8.722634014850206,1,0,0,anti_homophones
1864,xM2,3,-3.231760880591664,1,3.231760880591664,1,3,10,anti_homophones
1865,tang2,5,-3.6110485881680554,1,3.6110485881680554,1,2,21,anti_homophones
1866,zhu4lv4se4,10,-6.734434490060368,3,6.734434490060368,1,0,0,anti_homophones
1867,da4bu4lW4,9,-6.509409426054652,3,6.509409426054652,1,0,1,anti_homophones
1868,shV4gang1kV3chen3,17,-12.859285569999766,4,12.859285569999766,1,0,0,anti_homophones
1869,kan4,4,-3.4351895446956333,1,3.4351895446956333,1,2,19,anti_homophones
1870,zhu1jLn4yUn3ping2,17,-12.831815970223634,4,12.831815970223634,1,0,0,anti_homophones
1871,wA1wang1ci2,11,-9.681287161331042,3,9.681287161331042,1,0,0,anti_homophones
1872,hu4shQ3yan4,11,-9.951455050895085,3,9.951455050895085,1,0,0,anti_homophones
1873,ji4ji4,6,-5.266469226724461,2,5.266469226724461,1,0,16,anti_homophones
1874,tan2e4,6,-6.648782716892749,2,6.648782716892749,1,0,0,anti_homophones
1875,da3cA2,6,-5.665349056167585,2,5.665349056167585,1,0,4,anti_homophones
1876,zhu4xing4yi3,12,-8.851479731962772,3,8.851479731962772,1,0,0,anti_homophones
1877,xM2ti3,6,-5.696940269979294,2,5.696940269979294,1,0,2,anti_homophones
1878,yV1shQ1,7,-6.772848910914984,2,6.772848910914984,1,0,1,anti_homophones
1879,jC2ming5qLn1,12,-10.154543828106132,3,10.154543828106132,1,0,0,anti_homophones
1880,she4man4wE4,11,-9.017863098158958,3,9.017863098158958,1,0,0,anti_homophones
1881,bA3dI4yUn2,10,-9.283082947857963,3,9.283082947857963,1,0,0,anti_homophones
1882,tI1can3lun4,11,-9.468775552206854,3,9.468775552206854,1,0,0,anti_homophones
1883,ru4tu2,6,-6.266764632621095,2,6.266764632621095,1,1,0,anti_homophones
1884,gun3,4,-3.9270234051691473,1,3.9270234051691473,1,1,6,anti_homophones
1885,gu3ming3,8,-6.455772900633798,2,6.455772900633798,1,0,0,anti_homophones
1886,qLn1zheng4,10,-6.114053423103556,2,6.114053423103556,1,0,3,anti_homophones
1887,shi1xun2,8,-6.217982054199384,2,6.217982054199384,1,0,0,anti_homophones
1888,shV3zu2xYng1,12,-8.754906439370817,3,8.754906439370817,1,0,0,anti_homophones
1889,ce4sUn4,7,-6.458431884229144,2,6.458431884229144,1,0,1,anti_homophones
1890,wE2qi3er2,9,-8.37511300282927,3,8.37511300282927,1,0,0,anti_homophones
1891,ge4zi5,6,-4.778299994524772,2,4.778299994524772,1,0,10,anti_homophones
1892,mLn3,4,-3.729015703562884,1,3.729015703562884,1,3,10,anti_homophones
1893,fen1yun2zheng4,14,-9.353982806221099,3,9.353982806221099,1,0,0,anti_homophones
1894,dI4bi4,6,-5.586727115828514,2,5.586727115828514,1,1,2,anti_homophones
1895,ji1bA3ri4,9,-8.350140448484431,3,8.350140448484431,1,0,0,anti_homophones
1896,xM2xLng4,8,-6.259207415265335,2,6.259207415265335,1,0,3,anti_homophones
1897,fang4dan4ting4man2,18,-14.02792283053805,4,14.02792283053805,1,0,0,anti_homophones
1898,ci4,3,-3.3013706589773015,1,3.3013706589773015,1,3,24,anti_homophones
1899,han1zi3,7,-6.418251296438846,2,6.418251296438846,1,0,2,anti_homophones
1900,shi3lLng1,9,-6.806618529975847,2,6.806618529975847,1,0,0,anti_homophones
1901,tV1zhi3kong1,12,-10.170406185369723,3,10.170406185369723,1,0,0,anti_homophones
1902,kang2,5,-4.02071244402015,1,4.02071244402015,1,0,17,anti_homophones
1903,bi3ji4,6,-5.555056207194019,2,5.555056207194019,1,0,10,anti_homophones
1904,yu3sa4,6,-8.178406065009463,2,8.178406065009463,1,0,0,anti_homophones
1905,sun1zhan2,9,-7.739622219399683,2,7.739622219399683,1,0,0,anti_homophones
1906,ma3dA3,6,-7.663724532228832,2,7.663724532228832,1,0,1,anti_homophones
1907,shi4yan4,8,-5.713525588442711,2,5.713525588442711,1,0,6,anti_homophones
1908,kA1pE4tA4yan2,13,-10.119433745309905,4,10.119433745309905,1,0,0,anti_homophones
1909,hV4pW4feng3lW4,14,-11.97642178367114,4,11.97642178367114,1,0,0,anti_homophones
1910,gQ1ji1du2,9,-8.299646007954504,3,8.299646007954504,1,0,0,anti_homophones
1911,nv3jL1wu3ru4,12,-11.145729495338951,4,11.145729495338951,1,0,0,anti_homophones
1912,zhUng1bu4,9,-5.92293763329299,2,5.92293763329299,1,0,2,anti_homophones
1913,qing2hu5,8,-6.098067641306524,2,6.098067641306524,1,1,2,anti_homophones
1914,lang3tA4hO3hUng1,16,-14.373062761494339,4,14.373062761494339,1,0,0,anti_homophones
1915,wA4jL1,6,-5.299708644297775,2,5.299708644297775,1,0,5,anti_homophones
1916,ba1bQ3mW4chI1,13,-12.95667042207095,4,12.95667042207095,1,0,0,anti_homophones
1917,nLn2ren2,8,-5.182059538952787,2,5.182059538952787,1,1,5,anti_homophones
1918,kQ3ti2dQ4,9,-8.518521606457712,3,8.518521606457712,1,0,0,anti_homophones
1919,zhUng3zI3yU1,12,-12.554851288752241,3,12.554851288752241,1,0,0,anti_homophones
1920,zI4xLn4,7,-5.624505538813761,2,5.624505538813761,1,0,5,anti_homophones
1921,gQ1feng4dan4,12,-8.512268608112382,3,8.512268608112382,1,0,0,anti_homophones
1922,wE2ren4bang2cQ3,15,-12.97456570508829,4,12.97456570508829,1,0,0,anti_homophones
1923,shu4wE4,7,-5.490932248061205,2,5.490932248061205,1,1,4,anti_homophones
1924,zhong4,6,-3.0308411270545483,1,3.0308411270545483,1,5,9,anti_homophones
1925,yi1jing1gUn1,12,-8.142007575253288,3,8.142007575253288,1,0,0,anti_homophones
1926,che1su4,7,-5.677041053477032,2,5.677041053477032,1,0,2,anti_homophones
1927,wu2xK4wen2,10,-8.723559766640484,3,8.723559766640484,1,0,0,anti_homophones
1928,yi1zi3,6,-5.078092947123706,2,5.078092947123706,1,1,10,anti_homophones
1929,lu4zhu4,7,-6.072449396646109,2,6.072449396646109,1,0,8,anti_homophones
1930,gong4qi1,8,-5.847596608752453,2,5.847596608752453,1,0,3,anti_homophones
1931,hO4sa1sO3dong1,14,-12.737393195449478,4,12.737393195449478,1,0,0,anti_homophones
1932,hun2ming1sheng2,15,-10.065385249024459,3,10.065385249024459,1,0,0,anti_homophones
1933,lan3,4,-3.6811459319101534,1,3.6811459319101534,1,2,18,anti_homophones
1934,qing1,5,-3.2197634679571023,1,3.2197634679571023,1,4,15,anti_homophones
1935,tV1pA2,6,-5.874736948641683,2,5.874736948641683,1,0,1,anti_homophones
1936,dan1qing4,9,-6.112736891911559,2,6.112736891911559,1,0,1,anti_homophones
1937,de2,3,-3.352267958247813,1,3.352267958247813,1,2,11,anti_homophones
1938,zO4jin3,7,-6.221547427797922,2,6.221547427797922,1,0,5,anti_homophones
1939,ren2zhu2,8,-6.359872588946663,2,6.359872588946663,1,0,0,anti_homophones
1940,shA4,4,-4.238732918058831,1,4.238732918058831,1,0,12,anti_homophones
1941,ge4zhan1sheng1hang2,19,-12.589367463762274,4,12.589367463762274,1,0,0,anti_homophones
1942,shun4er2,8,-6.468602172459167,2,6.468602172459167,1,0,0,anti_homophones
1943,ting2tV2zi3shu4,15,-10.960634345691691,4,10.960634345691691,1,0,0,anti_homophones
1944,wan3ti2,7,-6.744349520886789,2,6.744349520886789,1,0,1,anti_homophones
1945,jK4hO3bo1,9,-9.540701350747813,3,9.540701350747813,1,0,0,anti_homophones
1946,da4gUng1yong4zhi1,17,-11.228257090747471,4,11.228257090747471,1,0,0,anti_homophones
1947,kA1er2su1,9,-9.003526360824104,3,9.003526360824104,1,0,0,anti_homophones
1948,xLng1,5,-3.17616641035358,1,3.17616641035358,1,2,11,anti_homophones
1949,tQ4shV3yi1,10,-9.496530827654508,3,9.496530827654508,1,0,0,anti_homophones
1950,qin2ran2,8,-6.570171751154955,2,6.570171751154955,1,0,1,anti_homophones
1951,zi4feng1shen1,13,-8.384605673729885,3,8.384605673729885,1,0,0,anti_homophones
1952,ming1xLn2,9,-6.570348565432126,2,6.570348565432126,1,0,2,anti_homophones
1953,qL4,3,-4.158093946178551,1,4.158093946178551,1,0,8,anti_homophones
1954,ying1zhU2,9,-9.834033168520444,2,9.834033168520444,1,0,0,anti_homophones
1955,xLn4shi4li2,11,-8.502312301680584,3,8.502312301680584,1,0,0,anti_homophones
1956,sheng1tan2,10,-5.827901773018814,2,5.827901773018814,1,0,1,anti_homophones
1957,zheng1pin3yu3,13,-8.830509599485154,3,8.830509599485154,1,0,0,anti_homophones
1958,tan1gA3gV3po2,13,-11.954850258839452,4,11.954850258839452,1,0,0,anti_homophones
1959,yang4cha1qing1,14,-9.963211562739238,3,9.963211562739238,1,0,0,anti_homophones
1960,yUn2xLn4pan1meng1,17,-13.054703322756486,4,13.054703322756486,1,0,0,anti_homophones
1961,jW3ji3ji2,9,-8.95486176933545,3,8.95486176933545,1,0,0,anti_homophones
1962,qi1,3,-3.054467036944016,1,3.054467036944016,1,4,19,anti_homophones
1963,shen4,5,-3.3657814711692593,1,3.3657814711692593,1,3,9,anti_homophones
1964,pang2,5,-4.106909240009455,1,4.106909240009455,1,0,19,anti_homophones
1965,ma3lLng2qin2,12,-9.990553504662614,3,9.990553504662614,1,0,0,anti_homophones
1966,tong2,5,-3.280870403523752,1,3.280870403523752,1,1,15,anti_homophones
1967,xi1xing1,8,-5.52556147554601,2,5.52556147554601,1,0,5,anti_homophones
1968,zi1,3,-3.4349643600990465,1,3.4349643600990465,1,4,16,anti_homophones
1969,bA3tu2,6,-5.267350190267998,2,5.267350190267998,1,2,5,anti_homophones
1970,ren4,4,-3.465262061899598,1,3.465262061899598,1,2,7,anti_homophones
1971,xLn3li5lO1shV4,14,-11.495264046667643,4,11.495264046667643,1,0,0,anti_homophones
1972,hong4li3he4zu2,14,-12.62305106882713,4,12.62305106882713,1,0,0,anti_homophones
1973,tA4ying2,8,-6.285792579934428,2,6.285792579934428,1,0,0,anti_homophones
1974,du3jL4,6,-6.187747264259778,2,6.187747264259778,1,0,2,anti_homophones
1975,ba3,3,-4.060405871870577,1,4.060405871870577,1,3,20,anti_homophones
1976,jLn1zhUng4,10,-6.3288753399083735,2,6.3288753399083735,1,0,1,anti_homophones
1977,nV4,3,-4.934798262051078,1,4.934798262051078,1,0,19,anti_homophones
1978,wu1rang3,8,-6.278859495022533,2,6.278859495022533,1,0,2,anti_homophones
1979,zheng4xin1,10,-5.752571421609529,2,5.752571421609529,1,0,4,anti_homophones
1980,ru4yun4jLn1,11,-9.274000530778826,3,9.274000530778826,1,0,0,anti_homophones
1981,ge2bLn1zhu4,11,-9.265417743325033,3,9.265417743325033,1,0,0,anti_homophones
1982,zO3tI4shen1,11,-9.060280133030199,3,9.060280133030199,1,0,0,anti_homophones
1983,tQ2feng1,8,-6.393745480725185,2,6.393745480725185,1,0,0,anti_homophones
1984,dang1kUn3,9,-6.97875732598035,2,6.97875732598035,1,0,0,anti_homophones
1985,zhi3xing4qC1di4,15,-11.097369997270738,4,11.097369997270738,1,0,0,anti_homophones
1986,shI2,4,-4.8466778406745465,1,4.8466778406745465,1,0,8,anti_homophones
1987,shI3xLn2,8,-5.79140712117417,2,5.79140712117417,1,0,2,anti_homophones
1988,shang1,6,-3.395038424794173,1,3.395038424794173,1,2,9,anti_homophones
1989,dO1dO1ba1feng2,14,-10.688102940184969,4,10.688102940184969,1,0,0,anti_homophones
1990,qing1xM4fen4,12,-9.394689381858628,3,9.394689381858628,1,0,0,anti_homophones
1991,ye4yUn2,7,-5.644573545802563,2,5.644573545802563,1,0,3,anti_homophones
1992,shen1tong1,10,-6.182636737160217,2,6.182636737160217,1,0,2,anti_homophones
1993,peng3shi4,9,-6.340294741212114,2,6.340294741212114,1,0,0,anti_homophones
1994,zheng1dO5,9,-7.1796996735660725,2,7.1796996735660725,1,0,0,anti_homophones
1995,ban4xi1,7,-6.049587574162719,2,6.049587574162719,1,0,2,anti_homophones
1996,fa1shen3cheng2,14,-9.521583751120163,3,9.521583751120163,1,0,0,anti_homophones
1997,pi1,3,-3.7310026381269035,1,3.7310026381269035,1,1,18,anti_homophones
1998,yV4hU4,6,-5.5185907029484955,2,5.5185907029484955,1,0,5,anti_homophones
1999,kI2hV4dQ4,9,-8.478825725347253,3,8.478825725347253,1,0,0,anti_homophones
2000,ca1zhen4,8,-7.12187184972879,2,7.12187184972879,1,0,1,anti_homophones
2001,ku1ji1,6,-5.53937103257147,2,5.53937103257147,1,0,2,anti_homophones
2002,fa3lLn4,7,-6.395021103468676,2,6.395021103468676,1,0,2,anti_homophones
2003,qUn2zhang2dUn4pu4,17,-13.012673112536056,4,13.012673112536056,1,0,0,anti_homophones
2004,zhu3zhi1zhu1,12,-8.783968809750116,3,8.783968809750116,1,0,0,anti_homophones
2005,gQ1zu1chang5,12,-10.680051196176697,3,10.680051196176697,1,0,0,anti_homophones
2006,hQ4ci2,6,-6.149713833895038,2,6.149713833895038,1,0,3,anti_homophones
2007,jing4bE4,8,-6.158499767456136,2,6.158499767456136,1,0,1,anti_homophones
2008,yC4jUn1xW1xi1,13,-11.994551669993825,4,11.994551669993825,1,0,0,anti_homophones
2009,lQ2gO4zhong4,12,-9.429174198946676,3,9.429174198946676,1,0,0,anti_homophones
2010,gA3gUn1,7,-5.658488869269934,2,5.658488869269934,1,0,0,anti_homophones
2011,wang1gang1pen1,14,-11.211234434277731,3,11.211234434277731,1,0,0,anti_homophones
2012,ning1kUng2,10,-7.80084879965006,2,7.80084879965006,1,0,0,anti_homophones
2013,min2chen3,9,-7.2316695562323385,2,7.2316695562323385,1,0,0,anti_homophones
2014,si1lE4,6,-5.865347435606316,2,5.865347435606316,1,0,6,anti_homophones
2015,tLn1chV2le4ji4,14,-11.008123940366012,4,11.008123940366012,1,0,0,anti_homophones
2016,yi2zhi1,7,-5.445819441105991,2,5.445819441105991,1,1,5,anti_homophones
2017,hUng1mQ1xYng2zi1,16,-13.607200591683084,4,13.607200591683084,1,0,0,anti_homophones
2018,dI4kong2,8,-6.238997312201916,2,6.238997312201916,1,0,0,anti_homophones
2019,pan4bing3,9,-6.816589797000748,2,6.816589797000748,1,0,0,anti_homophones
2020,qi3pan2,7,-6.10171483507325,2,6.10171483507325,1,0,2,anti_homophones
2021,jW3xYng2,8,-5.727143975228989,2,5.727143975228989,1,0,1,anti_homophones
2022,yan3yi4,7,-5.180105343037,2,5.180105343037,1,1,10,anti_homophones
2023,hA3bu4zhe1zQ1,13,-12.736793035293312,4,12.736793035293312,1,0,0,anti_homophones
2024,ya3gUng4fa3,11,-9.582467348848633,3,9.582467348848633,1,0,0,anti_homophones
2025,ru3zhen1,8,-6.618874123339505,2,6.618874123339505,1,0,0,anti_homophones
2026,xing1ta5shO1,12,-8.829046827516374,3,8.829046827516374,1,0,0,anti_homophones
2027,lLng4xi4,8,-6.445125751465866,2,6.445125751465866,1,0,3,anti_homophones
2028,bE1bE3,6,-6.621119569903665,2,6.621119569903665,1,0,2,anti_homophones
2029,yC4jC2zhe2dLn4,14,-12.343407611476385,4,12.343407611476385,1,0,0,anti_homophones
2030,shi1tLn1,8,-6.037757436080768,2,6.037757436080768,1,0,0,anti_homophones
2031,jin3pin3shI3,12,-9.121140009566389,3,9.121140009566389,1,0,0,anti_homophones
2032,da4chen2fu4shi4,15,-10.521117525161488,4,10.521117525161488,1,0,0,anti_homophones
2033,qLn2yu4,7,-5.604537846618434,2,5.604537846618434,1,0,7,anti_homophones
2034,deng3zi5,8,-6.0474543986346445,2,6.0474543986346445,1,0,3,anti_homophones
2035,jin1chong1,10,-6.458786145058732,2,6.458786145058732,1,0,1,anti_homophones
2036,pi2,3,-3.2047647766547334,1,3.2047647766547334,1,2,20,anti_homophones
2037,gU4hQ4,6,-5.407367239761166,2,5.407367239761166,1,0,1,anti_homophones
2038,zhQ3xL2,7,-6.583601015981053,2,6.583601015981053,1,0,1,anti_homophones
2039,yu4chu4,7,-5.916561973614532,2,5.916561973614532,1,0,5,anti_homophones
2040,kP4,3,-3.2725767750209642,1,3.2725767750209642,1,0,8,anti_homophones
2041,zQ3si1ming4xM4,14,-12.963124361759645,4,12.963124361759645,1,0,0,anti_homophones
2042,za2fan3fu2w4,12,-13.650965391446777,3,13.650965391446777,1,0,0,anti_homophones
2043,xun1zhUn3,9,-7.579769648558086,2,7.579769648558086,1,0,0,anti_homophones
2044,cang1,5,-4.02279464823558,1,4.02279464823558,1,1,14,anti_homophones
2045,ji2feng3,8,-6.725239998783292,2,6.725239998783292,1,0,0,anti_homophones
2046,shan3chV2mu4qi4,15,-11.256379983972112,4,11.256379983972112,1,0,0,anti_homophones
2047,bLn4fa3,7,-5.689475654070706,2,5.689475654070706,1,1,1,anti_homophones
2048,xC4zhang1ming2zhI4,18,-13.000456149665471,4,13.000456149665471,1,0,0,anti_homophones
2049,lM4chen1bu4ding4,16,-11.156696767359916,4,11.156696767359916,1,0,0,anti_homophones
2050,hQ3,3,-3.2600463208996353,1,3.2600463208996353,1,4,22,anti_homophones
2051,gong4ji1,8,-5.468771514843614,2,5.468771514843614,1,0,7,anti_homophones
2052,zhi3lA2,7,-5.5297385598042395,2,5.5297385598042395,1,1,2,anti_homophones
2053,bi4yi3,6,-5.92425850847877,2,5.92425850847877,1,1,6,anti_homophones
2054,A1gUng1,7,-6.195750071958351,2,6.195750071958351,1,0,1,anti_homophones
2055,dO1,3,-3.600679524526247,1,3.600679524526247,1,1,14,anti_homophones
2056,wan4du3,7,-7.140980956540982,2,7.140980956540982,1,0,0,anti_homophones
2057,du2dUn1,7,-6.646062286143508,2,6.646062286143508,1,0,0,anti_homophones
2058,ling2jL4,8,-5.893888291546746,2,5.893888291546746,1,0,4,anti_homophones
2059,dLn4ke4,7,-5.9194416699494266,2,5.9194416699494266,1,0,2,anti_homophones
2060,qLn2rong4,9,-6.325168355694894,2,6.325168355694894,1,0,1,anti_homophones
2061,sheng2yQ4,9,-6.065237534642877,2,6.065237534642877,1,0,1,anti_homophones
2062,qu1qu3qi4,9,-8.271869713838464,3,8.271869713838464,1,0,0,anti_homophones
2063,ke3li4,6,-5.6255661468961655,2,5.6255661468961655,1,0,6,anti_homophones
2064,nM4shi3qC4,10,-10.488106959165636,3,10.488106959165636,1,0,0,anti_homophones
2065,mQ2wu4,6,-5.547397346621538,2,5.547397346621538,1,0,6,anti_homophones
2066,shu1gV4,7,-6.2350112210870465,2,6.2350112210870465,1,0,0,anti_homophones
2067,qLn1fen3,8,-6.156623183230888,2,6.156623183230888,1,0,0,anti_homophones
2068,xLng2tang2,10,-6.787172453585629,2,6.787172453585629,1,0,0,anti_homophones
2069,mE2bQ1,6,-5.977776508004044,2,5.977776508004044,1,0,1,anti_homophones
2070,min2jLng2,9,-6.836137065893836,2,6.836137065893836,1,0,1,anti_homophones
2071,bA4tan1ding4xM2,15,-13.401518585305423,4,13.401518585305423,1,0,0,anti_homophones
2072,long5,5,-5.882335579699356,1,5.882335579699356,1,0,3,anti_homophones
2073,yu2ming2fa2,11,-9.001885952134275,3,9.001885952134275,1,0,0,anti_homophones
2074,mV3bE1ting1ge1,14,-12.89811387473565,4,12.89811387473565,1,0,0,anti_homophones
2075,xM1,3,-3.827425217216104,1,3.827425217216104,1,0,14,anti_homophones
2076,hu2si1,6,-6.116897862235716,2,6.116897862235716,1,0,3,anti_homophones
2077,qu1zheng1zhan3,14,-9.255854591419686,3,9.255854591419686,1,0,0,anti_homophones
2078,dan1dQ4,7,-5.449138781340034,2,5.449138781340034,1,0,4,anti_homophones
2079,mM4,3,-3.732092656280167,1,3.732092656280167,1,2,15,anti_homophones
2080,bu3,3,-3.3616995851079197,1,3.3616995851079197,1,3,22,anti_homophones
2081,wA4kUn3,7,-5.742247318349353,2,5.742247318349353,1,0,0,anti_homophones
2082,gan4dA4,7,-5.859241342253499,2,5.859241342253499,1,1,3,anti_homophones
2083,sUn2shu4,8,-8.974414392848898,2,8.974414392848898,1,0,2,anti_homophones
2084,gO4lv4,6,-5.043860251248204,2,5.043860251248204,1,1,6,anti_homophones
2085,hA3xLng2da4gan1,15,-11.861671456342506,4,11.861671456342506,1,0,0,anti_homophones
2086,chUn2hQ3ti4di3,14,-13.35956119585576,4,13.35956119585576,1,0,0,anti_homophones
2087,xi2hu1hun1,10,-9.629260243555736,3,9.629260243555736,1,0,0,anti_homophones
2088,qi3ceng1pA4,11,-9.420851864225762,3,9.420851864225762,1,0,0,anti_homophones
2089,wen1er2,7,-6.193519568902748,2,6.193519568902748,1,0,0,anti_homophones
2090,gQ4mi4song1,11,-10.165406669223838,3,10.165406669223838,1,0,0,anti_homophones
2091,fu4fa1,6,-6.00346694255954,2,6.00346694255954,1,0,1,anti_homophones
2092,xin1bE4zI3,10,-8.979575927575018,3,8.979575927575018,1,0,0,anti_homophones
2093,jLn1ce4lu4,10,-8.885373505137354,3,8.885373505137354,1,0,0,anti_homophones
2094,jL3mi4gUng4jing1,16,-12.056941056015553,4,12.056941056015553,1,0,0,anti_homophones
2095,nan2bA2shu3,11,-9.678533508441491,3,9.678533508441491,1,0,0,anti_homophones
2096,jL3zO4wu3,9,-8.920768429464106,3,8.920768429464106,1,0,0,anti_homophones
2097,ju4yu2ru4,9,-9.170580476295362,3,9.170580476295362,1,0,1,anti_homophones
2098,fen3,4,-3.451422129044983,1,3.451422129044983,1,2,9,anti_homophones
2099,hE1he2,6,-5.457434940882019,2,5.457434940882019,1,1,2,anti_homophones
2100,cu1wE1jun1,10,-10.60841538681654,3,10.60841538681654,1,0,0,anti_homophones
2101,da4zhu3yi1,10,-7.733914713054826,3,7.733914713054826,1,0,0,anti_homophones
2102,ren2bing4,9,-6.120696393788751,2,6.120696393788751,1,0,2,anti_homophones
2103,rQ2,3,-4.00479950877927,1,4.00479950877927,1,0,11,anti_homophones
2104,dI4dan4,7,-5.681310577660351,2,5.681310577660351,1,0,6,anti_homophones
2105,jin1hV4dQ5,10,-9.577638488981815,3,9.577638488981815,1,0,0,anti_homophones
2106,zO4wu4,6,-4.8636019763273985,2,4.8636019763273985,1,1,9,anti_homophones
2107,ji2fu2wu1yin1,13,-11.228940568875661,4,11.228940568875661,1,0,0,anti_homophones
2108,wu3kong3,8,-7.165215709163193,2,7.165215709163193,1,0,0,anti_homophones
2109,bA4zhu2gUng2meng3,17,-13.942691974157867,4,13.942691974157867,1,0,0,anti_homophones
2110,men2wE1ri4,10,-9.569349473721255,3,9.569349473721255,1,0,0,anti_homophones
2111,cong1,5,-3.696183369723733,1,3.696183369723733,1,2,16,anti_homophones
2112,ji1xM2he2,9,-8.515527932279227,3,8.515527932279227,1,0,0,anti_homophones
2113,yan2qC4dong3,12,-9.235435625033453,3,9.235435625033453,1,0,0,anti_homophones
2114,bQ4ju3,6,-6.565320454762434,2,6.565320454762434,1,0,3,anti_homophones
2115,cang2yUn3,9,-7.0496532460821495,2,7.0496532460821495,1,0,3,anti_homophones
2116,wu3si1,6,-5.928041260826588,2,5.928041260826588,1,0,2,anti_homophones
2117,ni3,3,-3.980760783424934,1,3.980760783424934,1,1,20,anti_homophones
2118,shUng1,6,-3.898670647470926,1,3.898670647470926,1,0,7,anti_homophones
2119,cong2,5,-3.894513434838009,1,3.894513434838009,1,0,15,anti_homophones
2120,zhUn2nang4cang2,15,-11.807293019254246,3,11.807293019254246,1,0,0,anti_homophones
2121,yi1mi3jL3,9,-9.338029361479624,3,9.338029361479624,1,0,0,anti_homophones
2122,gu4fE4,6,-6.077116644415227,2,6.077116644415227,1,0,6,anti_homophones
2123,de2shi2,7,-5.70290981386605,2,5.70290981386605,1,0,1,anti_homophones
2124,xun2chen2,9,-6.557343800281174,2,6.557343800281174,1,0,0,anti_homophones
2125,lL3mQ4yu4,9,-10.485291652427227,3,10.485291652427227,1,0,0,anti_homophones
2126,kun4,4,-3.8240072924826176,1,3.8240072924826176,1,0,11,anti_homophones
2127,hUn1dQ4,7,-5.935305746991775,2,5.935305746991775,1,0,3,anti_homophones
2128,zhi2xi2jin1xi1,14,-11.591515483137325,4,11.591515483137325,1,0,0,anti_homophones
2129,kUng4fang2,10,-7.109241820002974,2,7.109241820002974,1,0,0,anti_homophones
2130,ti2qin2sheng1shu4,17,-11.272163043239793,4,11.272163043239793,1,0,0,anti_homophones
2131,da3yang3tV5,11,-8.951446022386117,3,8.951446022386117,1,0,0,anti_homophones
2132,li3tV2ben1,10,-9.180760362325303,3,9.180760362325303,1,0,0,anti_homophones
2133,pen1kang2,9,-8.075557669139663,2,8.075557669139663,1,0,0,anti_homophones
2134,wan2zhe2,8,-6.884141603270464,2,6.884141603270464,1,0,0,anti_homophones
2135,sV1bi4bing2,11,-9.419472688755334,3,9.419472688755334,1,0,0,anti_homophones
2136,chu2cQ3ge1ji2,13,-11.59982948174046,4,11.59982948174046,1,0,0,anti_homophones
2137,wen1ju4,7,-6.1811188130423975,2,6.1811188130423975,1,0,3,anti_homophones
2138,jK4yC4dUn4,10,-7.912796677653807,3,7.912796677653807,1,0,0,anti_homophones
2139,chu3xK1,7,-6.3892384899986725,2,6.3892384899986725,1,0,0,anti_homophones
2140,xLng2zheng1,11,-6.186702786364593,2,6.186702786364593,1,0,0,anti_homophones
2141,dong2,5,-3.5082696899399437,1,3.5082696899399437,1,2,16,anti_homophones
2142,zhe1,4,-3.919706469156769,1,3.919706469156769,1,0,15,anti_homophones
2143,xW4wen2,7,-6.2672449999427196,2,6.2672449999427196,1,0,1,anti_homophones
2144,hun1fang2di4jYng1,17,-13.84250113333808,4,13.84250113333808,1,0,0,anti_homophones
2145,xing2hU1bu4,11,-8.044655675961227,3,8.044655675961227,1,0,0,anti_homophones
2146,xW3chu2xW3sheng2,16,-12.21041817164239,4,12.21041817164239,1,0,0,anti_homophones
2147,bQ3nLn2,7,-5.686449154537494,2,5.686449154537494,1,0,7,anti_homophones
2148,ca1dong2jL1,11,-9.383313705001449,3,9.383313705001449,1,0,0,anti_homophones
2149,hO3men2wan4zhi1,15,-11.743788034865458,4,11.743788034865458,1,0,0,anti_homophones
2150,yu2cA4,6,-6.179612932901584,2,6.179612932901584,1,0,3,anti_homophones
2151,da2bu4fan2fu4,13,-11.826831713886778,4,11.826831713886778,1,0,0,anti_homophones
2152,fang5,5,-4.649538034976856,1,4.649538034976856,1,0,7,anti_homophones
2153,jW4zi5,6,-4.674400555502248,2,4.674400555502248,1,2,6,anti_homophones
2154,jin3hO5,7,-6.929728006386353,2,6.929728006386353,1,0,1,anti_homophones
2155,mo4dUn4,7,-5.687475456358831,2,5.687475456358831,1,0,2,anti_homophones
2156,ru3xL4yC1su4,12,-11.450956602174646,4,11.450956602174646,1,0,0,anti_homophones
2157,jW1dong4ye4,11,-8.881315930716651,3,8.881315930716651,1,0,0,anti_homophones
2158,zhang2xLng2shi3,15,-9.401516746164315,3,9.401516746164315,1,0,0,anti_homophones
2159,xW3zhi3,7,-5.28980257904048,2,5.28980257904048,1,0,3,anti_homophones
2160,dL3qUn2zhu2er5,14,-11.792753118099997,4,11.792753118099997,1,0,0,anti_homophones
2161,tu3min2ti3,10,-9.954001850220562,3,9.954001850220562,1,0,0,anti_homophones
2162,pi3zhu1ju4chu4,14,-13.037431771117395,4,13.037431771117395,1,0,0,anti_homophones
2163,jM2yV4,6,-6.487461602060202,2,6.487461602060202,1,0,5,anti_homophones
2164,shO1ji1,7,-5.555081611769211,2,5.555081611769211,1,1,3,anti_homophones
2165,li4zhu4,7,-5.622982844876637,2,5.622982844876637,1,0,6,anti_homophones
2166,peng1,5,-3.6657633547858124,1,3.6657633547858124,1,2,15,anti_homophones
2167,fE1xing4yQ4,11,-8.443462211263538,3,8.443462211263538,1,0,0,anti_homophones
2168,feng2da4shV3,12,-8.480891686747933,3,8.480891686747933,1,0,0,anti_homophones
2169,gQ1qLn1cheng4,13,-9.014963454730216,3,9.014963454730216,1,0,0,anti_homophones
2170,han4,4,-3.5220634909872843,1,3.5220634909872843,1,2,24,anti_homophones
2171,su4shV4,7,-6.160629209820619,2,6.160629209820619,1,0,1,anti_homophones
2172,tI4gu3gO2zE4,12,-12.163769642079487,4,12.163769642079487,1,0,0,anti_homophones
2173,mE3qLn2,7,-7.0043060179602765,2,7.0043060179602765,1,0,0,anti_homophones
2174,shu4bu4,7,-5.796507280138017,2,5.796507280138017,1,0,3,anti_homophones
2175,cang4pLn4zO4,12,-9.870134358110631,3,9.870134358110631,1,0,0,anti_homophones
2176,zV3,3,-3.3611660721225687,1,3.3611660721225687,1,3,12,anti_homophones
2177,wE2gUn4,7,-5.8499678551387895,2,5.8499678551387895,1,1,1,anti_homophones
2178,xi1xing3shU1lu4,15,-12.237231474881538,4,12.237231474881538,1,0,0,anti_homophones
2179,ying2,5,-3.156549116525586,1,3.156549116525586,1,4,16,anti_homophones
2180,bM2li3,6,-6.264111622118116,2,6.264111622118116,1,0,2,anti_homophones
2181,chUng4bu4tV2,12,-8.658063376121547,3,8.658063376121547,1,0,0,anti_homophones
2182,zu1,3,-3.970835595472562,1,3.970835595472562,1,0,18,anti_homophones
2183,gI4,3,-3.412989703652981,1,3.412989703652981,1,2,19,anti_homophones
2184,bE5,3,-4.699561561688134,1,4.699561561688134,1,0,5,anti_homophones
2185,jW3qUn3yong1qUn2,16,-13.215956975043614,4,13.215956975043614,1,0,0,anti_homophones
2186,shu3da4jing3,12,-9.753389052590721,3,9.753389052590721,1,0,0,anti_homophones
2187,chun1,5,-3.710911289647563,1,3.710911289647563,1,2,8,anti_homophones
2188,tong2zhi4,9,-5.670844111016626,2,5.670844111016626,1,0,2,anti_homophones
2189,gen1pin3lu4,11,-8.754610306525395,3,8.754610306525395,1,0,0,anti_homophones
2190,mA3di4,6,-6.562238563524439,2,6.562238563524439,1,0,0,anti_homophones
2191,xi1qYng1cheng4lLng1,19,-13.197519905338227,4,13.197519905338227,1,0,0,anti_homophones
2192,hUn1nLn2yi1cheng4,17,-11.66902823461778,4,11.66902823461778,1,0,0,anti_homophones
2193,zi4A2,5,-5.397339492571885,2,5.397339492571885,1,0,3,anti_homophones
2194,dLn1,4,-4.116896511886237,1,4.116896511886237,1,1,11,anti_homophones
2195,kang2xM2,8,-7.499462371632284,2,7.499462371632284,1,0,0,anti_homophones
2196,fang3bi4,8,-6.537222423808146,2,6.537222423808146,1,0,3,anti_homophones
2197,yun2,4,-3.5734862409859947,1,3.5734862409859947,1,3,11,anti_homophones
2198,gUn1xing4lu4,12,-8.2928812808849,3,8.2928812808849,1,0,0,anti_homophones
2199,gQ1zhQ4yi1,10,-8.99973950216193,3,8.99973950216193,1,0,0,anti_homophones
2200,sheng1chang4,12,-5.740288624712827,2,5.740288624712827,1,0,4,anti_homophones
2201,fa3,3,-3.1276640722493267,1,3.1276640722493267,1,3,16,anti_homophones
2202,yi4qM4,6,-6.131983078524339,2,6.131983078524339,1,0,3,anti_homophones
2203,dQ4gUn3hO4,10,-8.574483234693355,3,8.574483234693355,1,0,0,anti_homophones
2204,ma4men2,7,-6.0761889646201235,2,6.0761889646201235,1,0,5,anti_homophones
2205,kan1yin1,8,-6.307732606859879,2,6.307732606859879,1,0,1,anti_homophones
2206,zheng2ju1,9,-6.3976319772539565,2,6.3976319772539565,1,0,1,anti_homophones
2207,kV4,3,-3.7226115929576893,1,3.7226115929576893,1,1,17,anti_homophones
2208,shi1shang4,10,-6.0481032413596045,2,6.0481032413596045,1,0,1,anti_homophones
2209,shan1,5,-3.5603959908123164,1,3.5603959908123164,1,2,11,anti_homophones
2210,jUn4,4,-3.5418982038575395,1,3.5418982038575395,1,1,14,anti_homophones
2211,fE3qu4hU2,9,-9.895926283869269,3,9.895926283869269,1,0,0,anti_homophones
2212,pan2,4,-3.487886489264372,1,3.487886489264372,1,3,15,anti_homophones
2213,lK2ling4,8,-6.209461405884484,2,6.209461405884484,1,0,3,anti_homophones
2214,pA1,3,-3.700898371374312,1,3.700898371374312,1,3,15,anti_homophones
2215,tang4,5,-3.5463102614690114,1,3.5463102614690114,1,2,21,anti_homophones
2216,ting1dong1zO4,13,-9.055136902791938,3,9.055136902791938,1,0,0,anti_homophones
2217,ye3chUn1,8,-6.888807883745094,2,6.888807883745094,1,0,2,anti_homophones
2218,cQ3ji1,6,-5.39725777422946,2,5.39725777422946,1,1,7,anti_homophones
2219,zO4rong1,8,-6.493810941458116,2,6.493810941458116,1,0,0,anti_homophones
2220,feng3,5,-3.628632931760716,1,3.628632931760716,1,1,9,anti_homophones
2221,hang3lO4cang3,13,-9.990968608104145,3,9.990968608104145,1,0,0,anti_homophones
2222,tLn1tV2,7,-5.187261315673441,2,5.187261315673441,1,0,2,anti_homophones
2223,kong1ban1,9,-6.4843167843732425,2,6.4843167843732425,1,0,0,anti_homophones
2224,shi4shi4wu3,11,-7.9412384029703205,3,7.9412384029703205,1,0,0,anti_homophones
2225,zhu4shi4,8,-4.992901582426845,2,4.992901582426845,1,0,10,anti_homophones
2226,fang4li4,8,-5.302958662239277,2,5.302958662239277,1,0,5,anti_homophones
2227,jin1lLn2V3,10,-8.47724202590889,3,8.47724202590889,1,0,0,anti_homophones
2228,gang3yi4,8,-6.179053453292105,2,6.179053453292105,1,0,2,anti_homophones
2229,qLng3de2,8,-6.303398171903977,2,6.303398171903977,1,0,0,anti_homophones
2230,dong2hU4,8,-5.653793241163639,2,5.653793241163639,1,1,4,anti_homophones
2231,ning1ju2,8,-7.015381961042399,2,7.015381961042399,1,0,1,anti_homophones
2232,li2ping1pi2,11,-9.472861519263883,3,9.472861519263883,1,0,0,anti_homophones
2233,she4jin4qing4,13,-8.509215930583128,3,8.509215930583128,1,0,0,anti_homophones
2234,lK4gan3,7,-7.9554336380509225,2,7.9554336380509225,1,0,0,anti_homophones
2235,ji1bu3kun4kV3,13,-12.006189145701388,4,12.006189145701388,1,0,0,anti_homophones
2236,shan4jM4,8,-5.89989676374331,2,5.89989676374331,1,0,2,anti_homophones
2237,feng2de5shu4,12,-8.726651027565087,3,8.726651027565087,1,0,0,anti_homophones
2238,wo4,3,-3.7566325125870916,1,3.7566325125870916,1,2,8,anti_homophones
2239,an1xLn4ren2,11,-8.005638418228624,3,8.005638418228624,1,0,0,anti_homophones
2240,cheng3gUng2,11,-7.2624606032003705,2,7.2624606032003705,1,0,0,anti_homophones
2241,yi1pE4xi2,9,-8.429187532495268,3,8.429187532495268,1,0,0,anti_homophones
2242,xK1qM4,6,-5.619791540364567,2,5.619791540364567,1,0,4,anti_homophones
2243,qing2shV3,9,-5.668637955678562,2,5.668637955678562,1,0,3,anti_homophones
2244,yang3xing1pV2ji1,16,-14.939790901148932,4,14.939790901148932,1,0,0,anti_homophones
2245,jing2,5,-2.9934275729564317,1,2.9934275729564317,1,5,14,anti_homophones
2246,zeng1,5,-3.690850094997512,1,3.690850094997512,1,2,15,anti_homophones
2247,zheng4yUn3chO4dA4,17,-13.251437663477745,4,13.251437663477745,1,0,0,anti_homophones
2248,tong4zhu2lK2,12,-9.45497473761576,3,9.45497473761576,1,0,0,anti_homophones
2249,mu4jC2kan1,10,-8.881380365657469,3,8.881380365657469,1,0,0,anti_homophones
2250,mW4,3,-3.748825276795212,1,3.748825276795212,1,1,16,anti_homophones
2251,gQ1e2,5,-4.704672667761669,2,4.704672667761669,1,2,3,anti_homophones
2252,xun4hI4,7,-5.779639798813735,2,5.779639798813735,1,0,5,anti_homophones
2253,shu1hU1la1men2,14,-10.941036743873735,4,10.941036743873735,1,0,0,anti_homophones
2254,sheng4su4,9,-5.966289539069251,2,5.966289539069251,1,0,6,anti_homophones
2255,chu1xu1,7,-5.972121164830714,2,5.972121164830714,1,0,5,anti_homophones
2256,gan1jL3si1xu1,13,-11.550696690853567,4,11.550696690853567,1,0,0,anti_homophones
2257,ling4,5,-3.3072932685875123,1,3.3072932685875123,1,5,17,anti_homophones
2258,yV4bing2,8,-5.876511375034909,2,5.876511375034909,1,0,2,anti_homophones
2259,yV1yan1,7,-5.85481183420028,2,5.85481183420028,1,0,4,anti_homophones
2260,zI2,3,-6.008771087875365,1,6.008771087875365,1,0,9,anti_homophones
2261,kUng1sheng3yan2,15,-9.733719092105984,3,9.733719092105984,1,0,0,anti_homophones
2262,qLng1,5,-3.471284901880413,1,3.471284901880413,1,3,9,anti_homophones
2263,ke3ni2bo2,9,-9.071880653916738,3,9.071880653916738,1,0,0,anti_homophones
2264,yong1shi4bing1qK2,17,-11.733600243837051,4,11.733600243837051,1,0,0,anti_homophones
2265,lLng3shi1,9,-6.386489749272467,2,6.386489749272467,1,0,2,anti_homophones
2266,tun1bE3jW4chUn2,15,-13.372610293643264,4,13.372610293643264,1,0,0,anti_homophones
2267,yan1tV2yi3,10,-8.986349476374507,3,8.986349476374507,1,0,0,anti_homophones
2268,qLng3shi4ci2xin1,16,-10.846387022111594,4,10.846387022111594,1,0,0,anti_homophones
2269,da4gV4che1,10,-8.175585237824858,3,8.175585237824858,1,0,0,anti_homophones
2270,bi4hU4xC3de2,12,-10.094848945366795,4,10.094848945366795,1,0,0,anti_homophones
2271,lin2wan2lK2yi4,14,-11.372511617958564,4,11.372511617958564,1,0,0,anti_homophones
2272,na3xW1,6,-6.752321761128055,2,6.752321761128055,1,0,0,anti_homophones
2273,da4dA4wu1,9,-8.781251033094742,3,8.781251033094742,1,0,0,anti_homophones
2274,zheng4hUn2,10,-6.859998068563813,2,6.859998068563813,1,0,1,anti_homophones
2275,wu2yong1tang2,13,-8.559820060034873,3,8.559820060034873,1,0,0,anti_homophones
2276,lM4qi4,6,-5.367209196681463,2,5.367209196681463,1,1,6,anti_homophones
2277,bi1pA4,6,-6.219294386848995,2,6.219294386848995,1,1,0,anti_homophones
2278,bQ3yV2,6,-5.561499492577077,2,5.561499492577077,1,0,3,anti_homophones
2279,fang3jun1,9,-6.255580647581423,2,6.255580647581423,1,0,0,anti_homophones
2280,mLn4jLn1mE2,11,-9.791008551844472,3,9.791008551844472,1,0,0,anti_homophones
2281,an1yi4yV2,9,-8.080917900616758,3,8.080917900616758,1,0,0,anti_homophones
2282,zhong1dQ4kV3,12,-8.680601467745097,3,8.680601467745097,1,0,0,anti_homophones
2283,bi2ke4bLn4,10,-8.849466795699412,3,8.849466795699412,1,0,0,anti_homophones
2284,ling1,5,-3.522277229884531,1,3.522277229884531,1,2,16,anti_homophones
2285,ji4kong4,8,-6.146086772155179,2,6.146086772155179,1,0,1,anti_homophones
2286,ren4dLn3,8,-6.455881698980474,2,6.455881698980474,1,0,0,anti_homophones
2287,mQ1,3,-4.119752930642885,1,4.119752930642885,1,0,13,anti_homophones
2288,gQ3zeng4zheng4qing1,19,-14.47490253343286,4,14.47490253343286,1,0,0,anti_homophones
2289,feng4zhan2,10,-7.06706459315987,2,7.06706459315987,1,0,0,anti_homophones
2290,bA3shV1,7,-6.253416858821957,2,6.253416858821957,1,0,2,anti_homophones
2291,ju1gV4ru2xing4,14,-12.218810146360225,4,12.218810146360225,1,0,0,anti_homophones
2292,yi1cA3,6,-5.961680962952054,2,5.961680962952054,1,0,5,anti_homophones
2293,dong3xu4,8,-7.450248858116493,2,7.450248858116493,1,0,0,anti_homophones
2294,tun1xing4,9,-6.5735634400777565,2,6.5735634400777565,1,0,0,anti_homophones
2295,zi3,3,-3.25678269521878,1,3.25678269521878,1,3,22,anti_homophones
2296,nQ3zI4zhu3lan2,14,-12.57196125310871,4,12.57196125310871,1,0,0,anti_homophones
2297,hI1,3,-3.5010619551357403,1,3.5010619551357403,1,2,13,anti_homophones
2298,zha1,4,-4.057242078101012,1,4.057242078101012,1,2,12,anti_homophones
2299,chQ2yV1lang4,12,-10.74639326781374,3,10.74639326781374,1,0,0,anti_homophones
2300,ti2shen4,8,-6.30951147378634,2,6.30951147378634,1,0,2,anti_homophones
2301,fan3rI4,7,-7.1899847189718304,2,7.1899847189718304,1,0,2,anti_homophones
2302,jL1shV4hA4,10,-8.393837852829801,3,8.393837852829801,1,0,0,anti_homophones
2303,dUn3li4,7,-5.785045554565693,2,5.785045554565693,1,0,3,anti_homophones
2304,xLn4tu2sheng1,13,-8.236060234387073,3,8.236060234387073,1,0,0,anti_homophones
2305,qin2bE1,7,-7.053507383175511,2,7.053507383175511,1,0,2,anti_homophones
2306,er4chong2,9,-6.648866550575959,2,6.648866550575959,1,0,0,anti_homophones
2307,xLng5,5,-4.507750417671579,1,4.507750417671579,1,0,4,anti_homophones
2308,cang2bang4,10,-7.4743894288096895,2,7.4743894288096895,1,0,0,anti_homophones
2309,fan4mLn4,8,-5.615721522482536,2,5.615721522482536,1,0,6,anti_homophones
2310,chan4yang3,10,-6.644286812307473,2,6.644286812307473,1,0,0,anti_homophones
2311,shen4shu4,9,-6.124680362038395,2,6.124680362038395,1,0,1,anti_homophones
2312,xC4ku1,6,-6.3454618103468725,2,6.3454618103468725,1,0,1,anti_homophones
2313,ding1xun2zu2,12,-9.671298738285294,3,9.671298738285294,1,0,0,anti_homophones
2314,kUng1,5,-3.601434775021237,1,3.601434775021237,1,1,8,anti_homophones
2315,gQ4,3,-3.6166998935284442,1,3.6166998935284442,1,2,22,anti_homophones
2316,gUn1chan4,9,-5.836848152794802,2,5.836848152794802,1,0,1,anti_homophones
2317,chUn2,5,-3.3791398607063794,1,3.3791398607063794,1,2,10,anti_homophones
2318,ci2bW1,6,-6.515805227127564,2,6.515805227127564,1,0,1,anti_homophones
2319,fu1,3,-3.655360700590313,1,3.655360700590313,1,2,16,anti_homophones
2320,cang2hV2,8,-7.350558968409696,2,7.350558968409696,1,0,0,anti_homophones
2321,ge5,3,-5.223654016731749,1,5.223654016731749,1,0,4,anti_homophones
2322,cu1,3,-3.904479106704651,1,3.904479106704651,1,2,19,anti_homophones
2323,nong1yV3,8,-6.537663867502489,2,6.537663867502489,1,0,0,anti_homophones
2324,er2gI4gQ1pLn1,13,-11.863803685468948,4,11.863803685468948,1,0,0,anti_homophones
2325,tW1,3,-4.440683812693284,1,4.440683812693284,1,0,16,anti_homophones
2326,shu4xLng3,9,-6.091702618307984,2,6.091702618307984,1,1,1,anti_homophones
2327,sen1e2,6,-7.010708822151638,2,7.010708822151638,1,0,1,anti_homophones
2328,sA1ge1ke3,9,-10.228554152323762,3,10.228554152323762,1,0,0,anti_homophones
2329,man3chI1zi5,11,-8.998883224662897,3,8.998883224662897,1,0,0,anti_homophones
2330,zi4fu1,6,-5.745283750030992,2,5.745283750030992,1,0,5,anti_homophones
2331,ping4zhong1du4,14,-9.154851937077714,3,9.154851937077714,1,0,0,anti_homophones
2332,bi3jL3,6,-6.480672954595625,2,6.480672954595625,1,0,3,anti_homophones
2333,chQ2meng4,9,-6.934630198449717,2,6.934630198449717,1,0,0,anti_homophones
2334,dO1shen2,8,-5.893192673011651,2,5.893192673011651,1,1,1,anti_homophones
2335,yong2,5,-3.6422210659868117,1,3.6422210659868117,1,1,15,anti_homophones
2336,hV2,3,-3.7588575574182297,1,3.7588575574182297,1,2,17,anti_homophones
2337,gong1zhi2,9,-5.740555845392372,2,5.740555845392372,1,0,4,anti_homophones
2338,wu2bu4ci2,9,-7.46944795948783,3,7.46944795948783,1,0,0,anti_homophones
2339,shP1,4,-4.393737413231469,1,4.393737413231469,1,0,10,anti_homophones
2340,wen1dA4shi3hu4,14,-12.150362838867736,4,12.150362838867736,1,0,0,anti_homophones
2341,ting1lLng4,10,-6.609334691523613,2,6.609334691523613,1,0,3,anti_homophones
2342,tM3qUn2yV2,10,-8.313689256048674,3,8.313689256048674,1,0,0,anti_homophones
2343,da3gan1yu2,10,-9.439964813228952,3,9.439964813228952,1,0,0,anti_homophones
2344,ma2feng1,8,-5.657713566671975,2,5.657713566671975,1,0,2,anti_homophones
2345,wu2rong1,8,-6.2112092187328,2,6.2112092187328,1,0,3,anti_homophones
2346,gO2hI1jLn4,10,-8.324532640915708,3,8.324532640915708,1,0,0,anti_homophones
2347,bo1ting3zhQ1lin2,16,-13.410238548221338,4,13.410238548221338,1,0,0,anti_homophones
2348,pA1a1,5,-5.530211885902149,2,5.530211885902149,1,0,1,anti_homophones
2349,ne4,3,-4.70491369475701,1,4.70491369475701,1,0,18,anti_homophones
2350,wo1li3shV4mA3,13,-12.141415422743506,4,12.141415422743506,1,0,0,anti_homophones
2351,tong3li3,8,-6.018161230544531,2,6.018161230544531,1,0,0,anti_homophones
2352,jL3jM4,6,-5.9725364043029385,2,5.9725364043029385,1,0,2,anti_homophones
2353,han4bing2bing2li4,17,-11.888799021865776,4,11.888799021865776,1,0,0,anti_homophones
2354,kA1fang3,8,-5.2445917712336625,2,5.2445917712336625,1,1,4,anti_homophones
2355,bA3shi4,7,-4.896776255621004,2,4.896776255621004,1,1,9,anti_homophones
2356,yi1zhUn3,8,-5.9531774131782225,2,5.9531774131782225,1,0,2,anti_homophones
2357,na3jL1tun2fang2,15,-13.233781262170583,4,13.233781262170583,1,0,0,anti_homophones
2358,Q2Q2qin2,8,-9.019784848640368,3,9.019784848640368,1,0,0,anti_homophones
2359,hong4,5,-3.415694686259466,1,3.415694686259466,1,2,18,anti_homophones
2360,dan3li4,7,-5.97956616059091,2,5.97956616059091,1,0,8,anti_homophones
2361,gon3sUn1kan1,12,-13.605455150923122,3,13.605455150923122,1,0,0,anti_homophones
2362,lin2wE2lE4,10,-8.59501645302489,3,8.59501645302489,1,0,0,anti_homophones
2363,shV3ze2,7,-5.095038784626478,2,5.095038784626478,1,1,1,anti_homophones
2364,zhong2ding2,11,-6.506745102021303,2,6.506745102021303,1,0,0,anti_homophones
2365,di4xing3hV4,11,-8.881505773235501,3,8.881505773235501,1,0,0,anti_homophones
2366,zV3xin4,7,-6.1080190622170205,2,6.1080190622170205,1,0,3,anti_homophones
2367,chI2,4,-3.8394800412921883,1,3.8394800412921883,1,0,9,anti_homophones
2368,zI4xLn4yun4,11,-8.800293061904194,3,8.800293061904194,1,0,0,anti_homophones
2369,qLn2yi4,7,-4.928234219232417,2,4.928234219232417,1,2,6,anti_homophones
2370,zUn4qu3,7,-7.022927783270387,2,7.022927783270387,1,0,0,anti_homophones
2371,da3xin1chan3,12,-8.67576918589218,3,8.67576918589218,1,0,0,anti_homophones
2372,lan3qi4,7,-5.7333424461937375,2,5.7333424461937375,1,0,4,anti_homophones
2373,lang1ji4,8,-6.547932351094968,2,6.547932351094968,1,0,3,anti_homophones
2374,qi2han1fa3,10,-9.844550060866565,3,9.844550060866565,1,0,0,anti_homophones
2375,yUn2xin1chu1,12,-8.31920845861626,3,8.31920845861626,1,0,0,anti_homophones
2376,wu1,3,-3.3338459978128427,1,3.3338459978128427,1,2,18,anti_homophones
2377,zu3zhan1,8,-6.103834522561093,2,6.103834522561093,1,0,1,anti_homophones
2378,zhQ4hU4wen1qu1,14,-11.896282469346485,4,11.896282469346485,1,0,0,anti_homophones
2379,za2jK3,6,-6.0573219562166125,2,6.0573219562166125,1,0,0,anti_homophones
2380,tong1di3qK2,11,-9.063861867676842,3,9.063861867676842,1,0,0,anti_homophones
2381,shQ1jLn4,8,-5.864373244482318,2,5.864373244482318,1,0,3,anti_homophones
2382,ci3jLng3ban4,12,-9.970487299823299,3,9.970487299823299,1,0,0,anti_homophones
2383,fa3fen1xing2shi3,16,-12.068492687321982,4,12.068492687321982,1,0,0,anti_homophones
2384,wan2yu3,7,-6.241157055228223,2,6.241157055228223,1,0,2,anti_homophones
2385,shi4xLng2,9,-5.959672962137401,2,5.959672962137401,1,0,4,anti_homophones
2386,ji3nv3,6,-7.478450011800673,2,7.478450011800673,1,0,2,anti_homophones
2387,yi1xi3shi2zA3,13,-10.75672275279637,4,10.75672275279637,1,0,0,anti_homophones
2388,bQ3wA4zhu4,10,-8.245472244905558,3,8.245472244905558,1,0,0,anti_homophones
2389,gong3sO3,8,-6.3901139409965815,2,6.3901139409965815,1,0,0,anti_homophones
2390,he2zi5,6,-4.500437962344351,2,4.500437962344351,1,2,6,anti_homophones
2391,pen2chi1bu3,11,-10.629352333350159,3,10.629352333350159,1,0,0,anti_homophones
2392,yi1jK3,6,-5.705520392312904,2,5.705520392312904,1,0,1,anti_homophones
2393,shQ1hO4,7,-6.074696416606535,2,6.074696416606535,1,0,1,anti_homophones
2394,feng1cA2,8,-6.092437383639147,2,6.092437383639147,1,0,4,anti_homophones
2395,tLn2tong3ti3,12,-9.630003851526904,3,9.630003851526904,1,0,0,anti_homophones
2396,dang4zA4ren2,12,-8.373775207584309,3,8.373775207584309,1,0,0,anti_homophones
2397,chUn4,5,-3.4704383171685564,1,3.4704383171685564,1,2,10,anti_homophones
2398,wu3er3,6,-7.5181421686788985,2,7.5181421686788985,1,0,0,anti_homophones
2399,yin1lLn3,8,-6.291692699579433,2,6.291692699579433,1,0,1,anti_homophones
2400,bu4jin3ren2,11,-7.6844908507277525,3,7.6844908507277525,1,0,0,anti_homophones
2401,tV2bu4cha2,10,-8.42530647624692,3,8.42530647624692,1,0,0,anti_homophones
2402,chu1lBg2qi4bQ1,14,-14.389388331634684,4,14.389388331634684,1,0,0,anti_homophones
2403,chu3cha2,8,-6.391489423507766,2,6.391489423507766,1,0,0,anti_homophones
2404,li4ren2,7,-5.4383565278407575,2,5.4383565278407575,1,1,10,anti_homophones
2405,yan2qC4zi3,10,-9.019703928986175,3,9.019703928986175,1,0,0,anti_homophones
2406,gQ1qW3,6,-5.827146165083649,2,5.827146165083649,1,0,2,anti_homophones
2407,mo2dQ4,6,-5.15112637830265,2,5.15112637830265,1,1,4,anti_homophones
2408,bu3xin1ming2,12,-9.165875701846845,3,9.165875701846845,1,0,0,anti_homophones
2409,hen2rO4,7,-7.676952532285939,2,7.676952532285939,1,0,0,anti_homophones
2410,yang2yin3zhu3yi4,16,-11.179159083477089,4,11.179159083477089,1,0,0,anti_homophones
2411,deng2,5,-3.682643743014508,1,3.682643743014508,1,2,11,anti_homophones
2412,jM2man4,7,-6.453796943634779,2,6.453796943634779,1,0,0,anti_homophones
2413,mang1ying2,10,-7.10205118098845,2,7.10205118098845,1,0,1,anti_homophones
2414,bi3xC4,6,-6.118066577944394,2,6.118066577944394,1,0,4,anti_homophones
2415,xu4ji1,6,-5.476823492810891,2,5.476823492810891,1,0,8,anti_homophones
2416,xC3he1,6,-6.908136632465966,2,6.908136632465966,1,0,0,anti_homophones
2417,bu4neng1,8,-5.602843537830086,2,5.602843537830086,1,0,3,anti_homophones
2418,lv3yV3ren2,10,-6.976618484583188,3,6.976618484583188,1,0,0,anti_homophones
2419,tM3shu4,7,-5.514793715759312,2,5.514793715759312,1,1,1,anti_homophones
2420,feng1ji1,8,-5.072836332424165,2,5.072836332424165,1,1,5,anti_homophones
2421,qin1yC1,7,-6.109890098364044,2,6.109890098364044,1,0,1,anti_homophones
2422,ren3shu4,8,-6.678576101115221,2,6.678576101115221,1,0,3,anti_homophones
2423,zhang2fa2li3tV2,15,-11.741803270548019,4,11.741803270548019,1,0,0,anti_homophones
2424,ba3san3li3di3,13,-12.182939852435592,4,12.182939852435592,1,0,0,anti_homophones
2425,tang2jL4sheng2,14,-9.340898634738256,3,9.340898634738256,1,0,0,anti_homophones
2426,wan3fu2,7,-6.2458898433816055,2,6.2458898433816055,1,0,0,anti_homophones
2427,za2gUng2zE2chUng3,17,-14.951557306095298,4,14.951557306095298,1,0,0,anti_homophones
2428,ya1sa4,6,-7.42921443279782,2,7.42921443279782,1,0,0,anti_homophones
2429,ban4ban3,8,-6.204049844945617,2,6.204049844945617,1,0,2,anti_homophones
2430,rO4,3,-3.747547125095207,1,3.747547125095207,1,2,13,anti_homophones
2431,ji1bu4ji1,9,-6.967469876130813,3,6.967469876130813,1,0,0,anti_homophones
2432,xing4ji1shu4,12,-8.21750327691379,3,8.21750327691379,1,0,0,anti_homophones
2433,chang2pA2lin3,13,-10.982655578307426,3,10.982655578307426,1,0,0,anti_homophones
2434,shu4er5,7,-6.2387648663048,2,6.2387648663048,1,0,1,anti_homophones
2435,bu3li4,6,-5.273345778111505,2,5.273345778111505,1,0,5,anti_homophones
2436,hO3shi4,7,-4.799879263483756,2,4.799879263483756,1,1,3,anti_homophones
2437,pE2yV3lA2,9,-8.221254358206476,3,8.221254358206476,1,0,0,anti_homophones
2438,cA2dang2,8,-6.791111700074148,2,6.791111700074148,1,0,1,anti_homophones
2439,jin1,4,-2.9724943288977257,1,2.9724943288977257,1,4,12,anti_homophones
2440,wE1dW4,6,-5.9096254698391695,2,5.9096254698391695,1,0,3,anti_homophones
2441,dang3pLn4xing4,14,-9.519523965773447,3,9.519523965773447,1,0,0,anti_homophones
2442,shang2shen2,11,-6.179465940780872,2,6.179465940780872,1,0,2,anti_homophones
2443,le4tQ3zi5,9,-8.895306420372213,3,8.895306420372213,1,0,0,anti_homophones
2444,ti3tang3,8,-6.787129123012012,2,6.787129123012012,1,0,2,anti_homophones
2445,bQ1shV4,7,-6.772498457186377,2,6.772498457186377,1,0,2,anti_homophones
2446,tong2zhan2,10,-7.042998851464386,2,7.042998851464386,1,0,0,anti_homophones
2447,nW3qW4tu2,9,-10.168230372391761,3,10.168230372391761,1,0,0,anti_homophones
2448,tang2dan4zi5,12,-8.436193207638107,3,8.436193207638107,1,0,0,anti_homophones
2449,xUn3sheng2gang4,15,-10.105906953961057,3,10.105906953961057,1,0,0,anti_homophones
2450,chUng1,6,-3.3772199576988857,1,3.3772199576988857,1,3,10,anti_homophones
2451,chen3,5,-3.91519994674665,1,3.91519994674665,1,1,8,anti_homophones
2452,hang4zhang4,11,-6.641050616374874,2,6.641050616374874,1,0,0,anti_homophones
2453,hA3shi4bu4jM2,13,-9.8307452453321,4,9.8307452453321,1,0,0,anti_homophones
2454,zV3li4,6,-5.199067821007405,2,5.199067821007405,1,0,4,anti_homophones
2455,xing2zhi3hUn1dQ4,16,-11.594805159417914,4,11.594805159417914,1,0,0,anti_homophones
2456,ma2heng1,8,-7.1015791890757285,2,7.1015791890757285,1,0,1,anti_homophones
2457,xing2bing2rong3,15,-9.887015755632993,3,9.887015755632993,1,0,0,anti_homophones
2458,sang4,5,-4.083888680700245,1,4.083888680700245,1,1,18,anti_homophones
2459,xing1ding2,10,-6.371451504743948,2,6.371451504743948,1,0,1,anti_homophones
2460,xC4,3,-3.365603554070618,1,3.365603554070618,1,3,10,anti_homophones
2461,wan2dUn3jM2,11,-9.17255790188785,3,9.17255790188785,1,0,0,anti_homophones
2462,sa1qLng4lLn3song2,17,-13.863112244524086,4,13.863112244524086,1,0,0,anti_homophones
2463,nK2ming4zhi1ren2,16,-11.059284257293104,4,11.059284257293104,1,0,0,anti_homophones
2464,tA4zi4rang4,11,-9.487130823488346,3,9.487130823488346,1,0,0,anti_homophones
2465,jUn3,4,-4.01335954553093,1,4.01335954553093,1,0,12,anti_homophones
2466,shen1fang4ku3dQ3,16,-12.113509367892853,4,12.113509367892853,1,0,0,anti_homophones
2467,li3ren4,7,-5.909008147197853,2,5.909008147197853,1,0,2,anti_homophones
2468,yi4shi2dW1,10,-8.705274545299623,3,8.705274545299623,1,0,0,anti_homophones
2469,hA2zhu3she4,11,-9.56735763277919,3,9.56735763277919,1,0,0,anti_homophones
2470,yi1zhu4,7,-5.050229241293172,2,5.050229241293172,1,1,5,anti_homophones
2471,wang3gu3,8,-6.325579188303978,2,6.325579188303978,1,0,0,anti_homophones
2472,hu4long3yi2,11,-10.897614556814919,3,10.897614556814919,1,0,0,anti_homophones
2473,li3shi4she4bQ1,14,-11.716751291666112,4,11.716751291666112,1,0,0,anti_homophones
2474,yin1kP2ben1se4,14,-14.934829646916556,4,14.934829646916556,1,0,0,anti_homophones
2475,qC1yi1li3tong1,14,-10.667072643190386,4,10.667072643190386,1,0,0,anti_homophones
2476,ju4tU1,6,-7.747057601081504,2,7.747057601081504,1,0,2,anti_homophones
2477,shO1,4,-3.2705860991672466,1,3.2705860991672466,1,2,12,anti_homophones
2478,zhan1gUng4,10,-6.918323053816723,2,6.918323053816723,1,0,1,anti_homophones
2479,yu4si3,6,-6.0792693483416445,2,6.0792693483416445,1,0,4,anti_homophones
2480,chong3zhV4,10,-7.555333771820475,2,7.555333771820475,1,0,0,anti_homophones
2481,gQ1dA4,6,-4.634600862675642,2,4.634600862675642,1,1,4,anti_homophones
2482,nK1nQ3jLng2,11,-8.928653292236834,3,8.928653292236834,1,0,0,anti_homophones
2483,zO4lun4kV3,10,-8.837385255584776,3,8.837385255584776,1,0,0,anti_homophones
2484,jW1xing2xun4gO2,15,-12.571633462638871,4,12.571633462638871,1,0,0,anti_homophones
2485,bang1er2fu4,11,-9.352909549543247,3,9.352909549543247,1,0,0,anti_homophones
2486,san4lUn4,8,-6.720660986178334,2,6.720660986178334,1,0,1,anti_homophones
2487,nan2xLn2,8,-6.366192334136932,2,6.366192334136932,1,0,2,anti_homophones
2488,pin2,4,-3.7790583061782095,1,3.7790583061782095,1,2,11,anti_homophones
2489,shi2cha2pi2zhen4,16,-12.861255187868743,4,12.861255187868743,1,0,0,anti_homophones
2490,gUn1zhang2yang1,15,-9.089784389443818,3,9.089784389443818,1,0,0,anti_homophones
2491,chQ3hA4,7,-7.00884996827201,2,7.00884996827201,1,0,3,anti_homophones
2492,gu1bu4,6,-5.9697656382629365,2,5.9697656382629365,1,0,7,anti_homophones
2493,hA3xLn4,7,-5.585238356765695,2,5.585238356765695,1,0,2,anti_homophones
2494,hI2nUn3,7,-5.8168264837587795,2,5.8168264837587795,1,1,0,anti_homophones
2495,lan3tQ4,7,-6.844054366251634,2,6.844054366251634,1,0,1,anti_homophones
2496,jun1xC3dI4,10,-8.846018223277039,3,8.846018223277039,1,0,0,anti_homophones
2497,zi4,3,-3.1181748073244924,1,3.1181748073244924,1,2,22,anti_homophones
2498,pQ3ban4jLn4,11,-9.13887851031382,3,9.13887851031382,1,0,0,anti_homophones
2499,sha3yi1jM4,10,-9.447809057009001,3,9.447809057009001,1,0,0,anti_homophones
2500,sI4,3,-3.634141220950501,1,3.634141220950501,1,2,15,anti_homophones
2501,wo3xW3jK3,9,-8.603300923425792,3,8.603300923425792,1,0,0,anti_homophones
2502,lun2zhong3,10,-6.86893354721057,2,6.86893354721057,1,0,0,anti_homophones
2503,mE2xW3xLng1ping2,16,-12.643537866255667,4,12.643537866255667,1,0,0,anti_homophones
2504,wE1mW4shi3,10,-8.787389525074236,3,8.787389525074236,1,0,0,anti_homophones
2505,xC4jLn1shu1,11,-9.535283504342454,3,9.535283504342454,1,0,0,anti_homophones
2506,zV4qi1,6,-6.197533000951549,2,6.197533000951549,1,0,3,anti_homophones
2507,yC4lu4cang2,11,-10.925824178457017,3,10.925824178457017,1,0,0,anti_homophones
2508,zhan1yu2,8,-6.0547651858418865,2,6.0547651858418865,1,0,1,anti_homophones
2509,bi4hI4,6,-4.952028841909193,2,4.952028841909193,1,1,10,anti_homophones
2510,ci2tang3wu1mE3,14,-12.70293805006037,4,12.70293805006037,1,0,0,anti_homophones
2511,xUn3kO4,7,-8.70587358094953,2,8.70587358094953,1,0,0,anti_homophones
2512,jM1lM4,6,-4.89393915388021,2,4.89393915388021,1,0,6,anti_homophones
2513,zi4zhen1zi5,11,-7.251419395874326,3,7.251419395874326,1,0,0,anti_homophones
2514,tong1yi3hU4,11,-8.300172236390143,3,8.300172236390143,1,0,0,anti_homophones
2515,zheng1wu2ji4,12,-7.676245745191692,3,7.676245745191692,1,0,0,anti_homophones
2516,shV3shi4wA4,11,-8.372188623036271,3,8.372188623036271,1,0,0,anti_homophones
2517,ri4lQ2,6,-6.516268337693925,2,6.516268337693925,1,0,1,anti_homophones
2518,lQ3le4,6,-5.548487783843205,2,5.548487783843205,1,0,8,anti_homophones
2519,shQ2,4,-4.323611949959922,1,4.323611949959922,1,0,8,anti_homophones
2520,gUn3,4,-3.088404938723454,1,3.088404938723454,1,5,12,anti_homophones
2521,ying4hU4,8,-5.358390113199134,2,5.358390113199134,1,0,5,anti_homophones
2522,ye3man2,7,-6.745589564943672,2,6.745589564943672,1,0,1,anti_homophones
2523,feng1yi4,8,-5.265487518443428,2,5.265487518443428,1,1,4,anti_homophones
2524,fang4zhi2,9,-5.982128074455609,2,5.982128074455609,1,0,3,anti_homophones
2525,tan4,4,-3.3481939690697806,1,3.3481939690697806,1,3,20,anti_homophones
2526,yi3bE4,6,-5.857429835474882,2,5.857429835474882,1,0,3,anti_homophones
2527,kan1mE3,7,-7.003523672582265,2,7.003523672582265,1,0,1,anti_homophones
2528,bA2fa3,6,-5.170864811128286,2,5.170864811128286,1,1,4,anti_homophones
2529,lE2,3,-3.717097451567424,1,3.717097451567424,1,1,15,anti_homophones
2530,si3zhong4,9,-6.372086851874226,2,6.372086851874226,1,0,2,anti_homophones
2531,feng1tan4gu1,12,-10.05835005194003,3,10.05835005194003,1,0,0,anti_homophones
2532,wu3ren4,7,-5.964109997051682,2,5.964109997051682,1,0,4,anti_homophones
2533,hUng3ke3xLng1,13,-10.346290211023396,3,10.346290211023396,1,0,0,anti_homophones
2534,zO4shi4,7,-5.120082313463759,2,5.120082313463759,1,2,5,anti_homophones
2535,tLn1ying4,9,-6.067896594881029,2,6.067896594881029,1,0,4,anti_homophones
2536,jin4qLn2,8,-5.920995485288724,2,5.920995485288724,1,0,1,anti_homophones
2537,tu1bLn4ming1,12,-10.09895997946128,3,10.09895997946128,1,0,0,anti_homophones
2538,tW2ti3,6,-5.876543026934502,2,5.876543026934502,1,1,1,anti_homophones
2539,sheng1bo1,9,-6.014584318466329,2,6.014584318466329,1,0,3,anti_homophones
2540,tV2kI4fa1,9,-9.29573139949684,3,9.29573139949684,1,0,0,anti_homophones
2541,zi4gQ4feng4,11,-8.945267617455231,3,8.945267617455231,1,0,0,anti_homophones
2542,da4lA2wE4,9,-8.335942168889616,3,8.335942168889616,1,0,0,anti_homophones
2543,da2dI4,6,-5.61458771858573,2,5.61458771858573,1,0,5,anti_homophones
2544,qi3pin3xW1sheng1,16,-11.27826687692081,4,11.27826687692081,1,0,0,anti_homophones
2545,zhu2ji4,7,-5.777377292186935,2,5.777377292186935,1,0,4,anti_homophones
2546,yUn3,4,-3.6444809469185517,1,3.6444809469185517,1,2,11,anti_homophones
2547,tan2xi2,7,-6.36758075506598,2,6.36758075506598,1,0,1,anti_homophones
2548,ge4,3,-3.6987138472439614,1,3.6987138472439614,1,2,21,anti_homophones
2549,ji1zi3bi3shu1,13,-11.760683500241996,4,11.760683500241996,1,0,0,anti_homophones
2550,di4dV4meng1zi5,14,-11.905960749228198,4,11.905960749228198,1,0,0,anti_homophones
2551,fa1qLn1,7,-5.536498865297278,2,5.536498865297278,1,0,4,anti_homophones
2552,bW3zhu3yi2mQ2,13,-11.54975867972053,4,11.54975867972053,1,0,0,anti_homophones
2553,chQ3mo2da4shI4,14,-12.977606498460412,4,12.977606498460412,1,0,0,anti_homophones
2554,ka1fa4,6,-5.8945675416393835,2,5.8945675416393835,1,0,3,anti_homophones
2555,han4dA4,7,-5.80796908295115,2,5.80796908295115,1,0,3,anti_homophones
2556,yV3qing4lv4,11,-8.718815785051683,3,8.718815785051683,1,0,0,anti_homophones
2557,meng4bQ3zO4zA1,14,-13.930795899320128,4,13.930795899320128,1,0,0,anti_homophones
2558,leng4xin1gUn1,13,-8.901748692645436,3,8.901748692645436,1,0,0,anti_homophones
2559,yin1jing4zhi1,13,-8.53623622744604,3,8.53623622744604,1,0,0,anti_homophones
2560,jLng2,5,-3.6793685138524292,1,3.6793685138524292,1,2,7,anti_homophones
2561,qing1zA1,8,-6.907423142743685,2,6.907423142743685,1,0,0,anti_homophones
2562,chUn2feng2ci2,13,-9.59090102632813,3,9.59090102632813,1,0,0,anti_homophones
2563,ti2gQ1,6,-6.269824748309564,2,6.269824748309564,1,0,1,anti_homophones
2564,zhA4,4,-3.668148730378135,1,3.668148730378135,1,0,10,anti_homophones
2565,lQ3gO2,6,-5.808411257874863,2,5.808411257874863,1,0,1,anti_homophones
2566,wu4xing1,8,-6.159817058665548,2,6.159817058665548,1,0,2,anti_homophones
2567,pan2ren4zhong4,14,-9.404468225034945,3,9.404468225034945,1,0,0,anti_homophones
2568,di4gang2wE2kP4,14,-11.774623868173492,4,11.774623868173492,1,0,0,anti_homophones
2569,chan2zhen1,10,-7.1633400326689545,2,7.1633400326689545,1,0,0,anti_homophones
2570,xM3zi3,6,-6.027539843236785,2,6.027539843236785,1,0,0,anti_homophones
2571,ji4hU4,6,-5.004317562424394,2,5.004317562424394,1,0,9,anti_homophones
2572,ren4yu2shi4zhe2,15,-12.068881261648903,4,12.068881261648903,1,0,0,anti_homophones
2573,lLn2chA2se4,11,-10.080909692699151,3,10.080909692699151,1,0,0,anti_homophones
2574,dLn3cV4xing4,12,-8.751496891494135,3,8.751496891494135,1,0,0,anti_homophones
2575,ca1zV3lA2,9,-9.385920839063246,3,9.385920839063246,1,0,0,anti_homophones
2576,wA4gO4,6,-5.426565114394937,2,5.426565114394937,1,0,1,anti_homophones
2577,yan2gong1kQ3lLng4,17,-12.050053170549461,4,12.050053170549461,1,0,0,anti_homophones
2578,bi2,3,-4.110694875529424,1,4.110694875529424,1,1,20,anti_homophones
2579,lan2mE3yUn4,11,-9.183649458080827,3,9.183649458080827,1,0,0,anti_homophones
2580,jM4gen1zhi3,11,-9.374440996227651,3,9.374440996227651,1,0,0,anti_homophones
2581,yi3lQ5sheng2,12,-10.245132595247515,3,10.245132595247515,1,0,0,anti_homophones
2582,zI4shi3,7,-6.623223086099408,2,6.623223086099408,1,0,0,anti_homophones
2583,yV1yUn2zi4shi2,14,-10.52381394105761,4,10.52381394105761,1,0,0,anti_homophones
2584,lK3an1he1,9,-8.836588927943025,3,8.836588927943025,1,0,0,anti_homophones
2585,da3li3,6,-5.160074674852557,2,5.160074674852557,1,1,6,anti_homophones
2586,pi1han4,7,-6.930092219611572,2,6.930092219611572,1,0,4,anti_homophones
2587,su4bu4deng2ji1,14,-10.988188497560163,4,10.988188497560163,1,0,0,anti_homophones
2588,zhu4zi5,7,-5.056657873471427,2,5.056657873471427,1,0,3,anti_homophones
2589,dan1ding2,9,-6.28303747163355,2,6.28303747163355,1,0,0,anti_homophones
2590,gan3han4shi4,12,-8.453161804746614,3,8.453161804746614,1,0,0,anti_homophones
2591,xLn2jin4shu4,12,-8.638631378492784,3,8.638631378492784,1,0,0,anti_homophones
2592,ban4bo2,7,-6.236224937812724,2,6.236224937812724,1,0,1,anti_homophones
2593,zi4lang4,8,-6.5086325215839524,2,6.5086325215839524,1,0,2,anti_homophones
2594,mA3tu2,6,-5.897629373124372,2,5.897629373124372,1,0,2,anti_homophones
2595,xK1she4shi2,11,-8.42674821391039,3,8.42674821391039,1,0,0,anti_homophones
2596,di4bA2che1,10,-8.591246231249112,3,8.591246231249112,1,0,0,anti_homophones
2597,wE1zhV4yUn4,11,-10.057268018480054,3,10.057268018480054,1,0,0,anti_homophones
2598,zi4tong4,8,-5.590508983547167,2,5.590508983547167,1,1,3,anti_homophones
2599,ang4,4,-4.385185498093794,1,4.385185498093794,1,0,16,anti_homophones
2600,tO1ren2shi4,11,-7.635733468946983,3,7.635733468946983,1,0,0,anti_homophones
2601,ji4fa2,6,-6.0047375767128734,2,6.0047375767128734,1,0,0,anti_homophones
2602,tLn1zhe3,8,-5.357421398703628,2,5.357421398703628,1,0,3,anti_homophones
2603,hV4an4meng2wA4,14,-13.870448838668384,4,13.870448838668384,1,0,0,anti_homophones
2604,lE2dLn4ye3,10,-9.328985300343106,3,9.328985300343106,1,0,0,anti_homophones
2605,nang1ji2,8,-6.920835995166068,2,6.920835995166068,1,0,1,anti_homophones
2606,mW3shi2er5,10,-9.470205378700756,3,9.470205378700756,1,0,0,anti_homophones
2607,feng1zUn4,9,-6.970164722870448,2,6.970164722870448,1,0,0,anti_homophones
2608,zu3mi3,6,-6.373859865542906,2,6.373859865542906,1,0,0,anti_homophones
2609,pi1li5,6,-5.658767412439091,2,5.658767412439091,1,0,6,anti_homophones
2610,wu3xin4wu4yu2,13,-10.991273910656284,4,10.991273910656284,1,0,0,anti_homophones
2611,sheng3yu4ju4,12,-8.697963466096091,3,8.697963466096091,1,0,0,anti_homophones
2612,tO1gI4jing3ping2,16,-13.10338487941054,4,13.10338487941054,1,0,0,anti_homophones
2613,ru3,3,-3.6557750657432058,1,3.6557750657432058,1,0,17,anti_homophones
2614,yV4jin1,7,-6.247634849417251,2,6.247634849417251,1,0,2,anti_homophones
2615,chi3zhi1,8,-6.0313597386634346,2,6.0313597386634346,1,0,1,anti_homophones
2616,xu3kUn3,7,-6.842588844534296,2,6.842588844534296,1,0,1,anti_homophones
2617,chQ1wE2mu4,10,-8.634884658109423,3,8.634884658109423,1,0,0,anti_homophones
2618,cha1ye3,7,-7.1610313874972435,2,7.1610313874972435,1,0,0,anti_homophones
2619,bi3da2,6,-6.501487916323451,2,6.501487916323451,1,0,0,anti_homophones
2620,jK4gQ1jing2,11,-10.095430203622861,3,10.095430203622861,1,0,0,anti_homophones
2621,bA3,3,-3.5585463859753563,1,3.5585463859753563,1,2,18,anti_homophones
2622,lM4,3,-3.1999725803136703,1,3.1999725803136703,1,2,17,anti_homophones
2623,ding4dang4,10,-6.611179253857154,2,6.611179253857154,1,0,2,anti_homophones
2624,kO4,3,-3.815841669261912,1,3.815841669261912,1,1,13,anti_homophones
2625,lQ3dM2,6,-5.951234482820198,2,5.951234482820198,1,0,5,anti_homophones
2626,rong2,5,-3.879134482884788,1,3.879134482884788,1,2,13,anti_homophones
2627,jC2yan2,7,-7.001278610924524,2,7.001278610924524,1,0,2,anti_homophones
2628,ning1xW3lW4,11,-9.552497169650424,3,9.552497169650424,1,0,0,anti_homophones
2629,sheng2jW3,9,-5.912776278125149,2,5.912776278125149,1,0,0,anti_homophones
2630,jing4shu4,9,-5.744292922579191,2,5.744292922579191,1,0,5,anti_homophones
2631,bE4ke1,6,-6.275392213375927,2,6.275392213375927,1,0,0,anti_homophones
2632,nong4mi4,8,-7.158028064489799,2,7.158028064489799,1,0,2,anti_homophones
2633,zhong1bi4,9,-5.95990115474247,2,5.95990115474247,1,0,4,anti_homophones
2634,shUn2jLn4,9,-6.622252327701469,2,6.622252327701469,1,0,2,anti_homophones
2635,bu4chu1jin1wang1,16,-11.568983758343103,4,11.568983758343103,1,0,0,anti_homophones
2636,shi2ni4gong4dQ1,15,-12.793588779683605,4,12.793588779683605,1,0,0,anti_homophones
2637,tLn1ming2yan3,13,-8.505453021144184,3,8.505453021144184,1,0,0,anti_homophones
2638,bi4fu3,6,-6.162014880769006,2,6.162014880769006,1,0,6,anti_homophones
2639,tLn1wen2,8,-5.2773320556060215,2,5.2773320556060215,1,0,3,anti_homophones
2640,pLn1ji2,7,-6.106694425407599,2,6.106694425407599,1,0,0,anti_homophones
2641,yin1zhu3lQ3hu4,14,-10.43622762708833,4,10.43622762708833,1,0,0,anti_homophones
2642,gA3,3,-3.6273602884468663,1,3.6273602884468663,1,3,17,anti_homophones
2643,qing3,5,-3.4254408277386927,1,3.4254408277386927,1,2,13,anti_homophones
2644,yV2wu4zhi1,10,-7.928738158091267,3,7.928738158091267,1,0,0,anti_homophones
2645,ying1ying4,10,-6.252593143450452,2,6.252593143450452,1,0,1,anti_homophones
2646,ji4zheng2,9,-5.940921192160188,2,5.940921192160188,1,0,3,anti_homophones
2647,xLn4chu2cun2,12,-9.083824475621759,3,9.083824475621759,1,0,0,anti_homophones
2648,jin4lLn3qi4,11,-8.648262218342106,3,8.648262218342106,1,0,0,anti_homophones
2649,hong1rong4lLng1,15,-10.0899605020335,3,10.0899605020335,1,0,0,anti_homophones
2650,nan2ren2shi4er5,15,-11.095524753260921,4,11.095524753260921,1,0,0,anti_homophones
2651,wE1xing2xing3,13,-8.14829243897458,3,8.14829243897458,1,0,0,anti_homophones
2652,hV4mLn4xin1jing2,16,-10.70479235847421,4,10.70479235847421,1,0,0,anti_homophones
2653,di4dO2,6,-6.460279243099321,2,6.460279243099321,1,0,3,anti_homophones
2654,tA4pi2,6,-5.833161261627282,2,5.833161261627282,1,0,1,anti_homophones
2655,qi3tV5,6,-5.803355841786418,2,5.803355841786418,1,0,2,anti_homophones
2656,feng2gV4jW1,11,-9.449241953766009,3,9.449241953766009,1,0,0,anti_homophones
2657,cI1sUn4tV2,10,-8.47846257526954,3,8.47846257526954,1,0,0,anti_homophones
2658,dW1cQ3chan4,11,-10.877266693696157,3,10.877266693696157,1,0,0,anti_homophones
2659,kan3dLn4,8,-6.639740172989622,2,6.639740172989622,1,0,2,anti_homophones
2660,wu3zhi1,7,-5.388735352577955,2,5.388735352577955,1,1,8,anti_homophones
2661,nLn2chang4ri4,13,-9.145881527598815,3,9.145881527598815,1,0,0,anti_homophones
2662,shV3tV2,7,-4.720477458713026,2,4.720477458713026,1,1,6,anti_homophones
2663,gong1zhi4,9,-5.403103322874659,2,5.403103322874659,1,0,3,anti_homophones
2664,kQ4,3,-3.8514300156482664,1,3.8514300156482664,1,2,17,anti_homophones
2665,fan4dLn4lLng2yi4,16,-11.63612996056722,4,11.63612996056722,1,0,0,anti_homophones
2666,lQ3da4bu3fa1,12,-11.455778515560391,4,11.455778515560391,1,0,0,anti_homophones
2667,tQ4,3,-3.550843687590012,1,3.550843687590012,1,2,20,anti_homophones
2668,wang4,5,-3.3296599709665635,1,3.3296599709665635,1,2,17,anti_homophones
2669,xW3qC4xing4,11,-7.616068209365609,3,7.616068209365609,1,0,0,anti_homophones
2670,V1ye3hE1gu3,11,-12.587192319039314,4,12.587192319039314,1,0,0,anti_homophones
2671,lan2zheng1zhu4shi4,18,-11.232991704606315,4,11.232991704606315,1,0,0,anti_homophones
2672,bE1wu3zi5,9,-7.972969052252453,3,7.972969052252453,1,0,0,anti_homophones
2673,zhu3se4shi2,11,-8.402965076863328,3,8.402965076863328,1,0,0,anti_homophones
2674,qin1jM2ji1ren2,14,-10.648560902678925,4,10.648560902678925,1,0,0,anti_homophones
2675,bi3jW3sheng1dQ4,15,-11.255602691876406,4,11.255602691876406,1,0,0,anti_homophones
2676,bo2ma1bu4,9,-9.828216536417436,3,9.828216536417436,1,0,0,anti_homophones
2677,xLng4kUn1ye4,12,-8.77911303858609,3,8.77911303858609,1,0,0,anti_homophones
2678,wE1mW4can1ying4,15,-12.253670233289927,4,12.253670233289927,1,0,0,anti_homophones
2679,kU2ti3,6,-7.282894290523186,2,7.282894290523186,1,0,0,anti_homophones
2680,san1fen1bo2shi2,15,-11.509420984442011,4,11.509420984442011,1,0,0,anti_homophones
2681,dang1shV3wE3,12,-9.248031254708891,3,9.248031254708891,1,0,0,anti_homophones
2682,A4fa3,5,-5.847537130870534,2,5.847537130870534,1,0,2,anti_homophones
2683,lW4,3,-3.7186643984978263,1,3.7186643984978263,1,0,19,anti_homophones
2684,wang3zhun4,10,-7.609564079538766,2,7.609564079538766,1,0,1,anti_homophones
2685,lO4,3,-3.267628029957351,1,3.267628029957351,1,2,19,anti_homophones
2686,bQ3lLn2,7,-5.9082205593704,2,5.9082205593704,1,0,4,anti_homophones
2687,tang3gQ3fan4,12,-9.533119835256333,3,9.533119835256333,1,0,0,anti_homophones
2688,shan1bE4wo1,11,-9.833468170714154,3,9.833468170714154,1,0,0,anti_homophones
2689,jC2ci3,6,-6.186247593002211,2,6.186247593002211,1,1,2,anti_homophones
2690,xW3jLn4,7,-4.972494627340571,2,4.972494627340571,1,1,9,anti_homophones
2691,kQ3chV1yV2zi5,13,-10.832070590929082,4,10.832070590929082,1,0,0,anti_homophones
2692,mLn4hU4jin1,11,-8.229642222832032,3,8.229642222832032,1,0,0,anti_homophones
2693,yang4gUng1re4ting2,18,-12.721082160362457,4,12.721082160362457,1,0,0,anti_homophones
2694,hO3chUn2,8,-6.277327275605639,2,6.277327275605639,1,0,0,anti_homophones
2695,chI1zI4,7,-6.808233713798975,2,6.808233713798975,1,0,0,anti_homophones
2696,chQ2,4,-3.3336031889277233,1,3.3336031889277233,1,3,9,anti_homophones
2697,jW1sI1,6,-7.439707937175189,2,7.439707937175189,1,0,1,anti_homophones
2698,tLn1weng1,9,-7.101383874924434,2,7.101383874924434,1,0,1,anti_homophones
2699,jin3chi2,8,-6.698057126476927,2,6.698057126476927,1,0,2,anti_homophones
2700,hP2hen1xM2gong4,15,-13.1376393082009,4,13.1376393082009,1,0,0,anti_homophones
2701,bi3man4,7,-6.539630140961037,2,6.539630140961037,1,0,1,anti_homophones
2702,nLn4gUng1zhang3qi4,18,-12.165941844998207,4,12.165941844998207,1,0,0,anti_homophones
2703,tu3yC4,6,-6.793455614128103,2,6.793455614128103,1,0,2,anti_homophones
2704,wan2,4,-3.401762411373128,1,3.401762411373128,1,2,14,anti_homophones
2705,chV1shang1,10,-6.87872278853478,2,6.87872278853478,1,0,0,anti_homophones
2706,gang2hun4,9,-7.070697431382253,2,7.070697431382253,1,0,0,anti_homophones
2707,chu1mM4,7,-5.539402649190611,2,5.539402649190611,1,1,4,anti_homophones
2708,da4chu1,7,-5.181413450552226,2,5.181413450552226,1,0,2,anti_homophones
2709,bA4bi4xC4lv4,12,-10.88660693249167,4,10.88660693249167,1,0,0,anti_homophones
2710,ni4,3,-3.7698702761423832,1,3.7698702761423832,1,2,25,anti_homophones
2711,bi3dang4,8,-6.693264036941287,2,6.693264036941287,1,0,1,anti_homophones
2712,ya4yang3po4tu2,14,-11.170801772774743,4,11.170801772774743,1,0,0,anti_homophones
2713,jing2xing2ya2,13,-8.51446979132991,3,8.51446979132991,1,0,0,anti_homophones
2714,ge1che4tLn1dong1,16,-12.560831209525581,4,12.560831209525581,1,0,0,anti_homophones
2715,pW1pin3,7,-5.87743277426251,2,5.87743277426251,1,0,0,anti_homophones
2716,pA1dUn1,7,-7.08122431159243,2,7.08122431159243,1,0,0,anti_homophones
2717,li3bi4,6,-6.144073178011664,2,6.144073178011664,1,0,2,anti_homophones
2718,qi2bu4xC2shi4,13,-9.235934844265485,4,9.235934844265485,1,0,0,anti_homophones
2719,shen1si1,8,-5.568351367299747,2,5.568351367299747,1,0,2,anti_homophones
2720,kV3zhe3,7,-6.2898481801048955,2,6.2898481801048955,1,0,1,anti_homophones
2721,san4hU4,7,-5.669799368783436,2,5.669799368783436,1,0,6,anti_homophones
2722,da4xW4,6,-4.463743721696704,2,4.463743721696704,1,1,6,anti_homophones
2723,chan4,5,-3.3208759888665322,1,3.3208759888665322,1,2,11,anti_homophones
2724,hang2shu4,9,-6.128757992987413,2,6.128757992987413,1,0,2,anti_homophones
2725,shi2dan4ban4,12,-8.81130357835484,3,8.81130357835484,1,0,0,anti_homophones
2726,ba4zhen2qi1,11,-9.719077687850845,3,9.719077687850845,1,0,0,anti_homophones
2727,xLng4mu4shu4,12,-8.455180968064779,3,8.455180968064779,1,0,0,anti_homophones
2728,kong4qLng4,10,-6.766754240871376,2,6.766754240871376,1,0,0,anti_homophones
2729,qC4,3,-3.7530993780750017,1,3.7530993780750017,1,1,9,anti_homophones
2730,jLng4fu5,8,-6.678158620958177,2,6.678158620958177,1,0,2,anti_homophones
2731,lK2,3,-2.9809182105229253,1,2.9809182105229253,1,5,11,anti_homophones
2732,shang2hUn3,10,-6.678268481675758,2,6.678268481675758,1,0,1,anti_homophones
2733,da1fE2pan2zhe1,14,-13.576202349586927,4,13.576202349586927,1,0,0,anti_homophones
2734,re4la5lQ2,9,-9.703626244361207,3,9.703626244361207,1,0,0,anti_homophones
2735,lK4se4,6,-5.731404657443343,2,5.731404657443343,1,0,2,anti_homophones
2736,yV2yQ4xu4,9,-10.170019243447367,3,10.170019243447367,1,0,0,anti_homophones
2737,sheng3hI4,9,-5.913571643052247,2,5.913571643052247,1,0,1,anti_homophones
2738,di1feng3,8,-7.179819942569266,2,7.179819942569266,1,0,0,anti_homophones
2739,bLn4hU1zhUng4jing4,18,-12.494255061019157,4,12.494255061019157,1,0,0,anti_homophones
2740,zhong3se4,9,-6.146384883182343,2,6.146384883182343,1,0,1,anti_homophones
2741,rO4xi1,6,-6.522891600738456,2,6.522891600738456,1,0,2,anti_homophones
2742,dM2,3,-3.8514877397885794,1,3.8514877397885794,1,1,10,anti_homophones
2743,ru2she4ji4,10,-7.995763779199332,3,7.995763779199332,1,0,0,anti_homophones
2744,yV4pLn4,7,-5.582389845723998,2,5.582389845723998,1,1,3,anti_homophones
2745,bi3xLng2li5,11,-9.703133667114686,3,9.703133667114686,1,0,0,anti_homophones
2746,wang2fu4,8,-6.200655600327259,2,6.200655600327259,1,0,2,anti_homophones
2747,zhUng2yi4shi2,13,-8.217037396272758,3,8.217037396272758,1,0,0,anti_homophones
2748,gV3,3,-3.6909296638472324,1,3.6909296638472324,1,2,14,anti_homophones
2749,qYng4,5,-5.953217689358948,1,5.953217689358948,1,0,3,anti_homophones
2750,qLn2lO4cha2,11,-8.693842306722974,3,8.693842306722974,1,0,0,anti_homophones
2751,jM2bQ4yan2yC4,13,-11.317170039154545,4,11.317170039154545,1,0,0,anti_homophones
2752,jC2ren2jL1meng4,15,-10.48298633254948,4,10.48298633254948,1,0,0,anti_homophones
2753,jK4hU4,6,-4.910278377976893,2,4.910278377976893,1,1,5,anti_homophones
2754,shI3dW4zhu4,11,-8.051024229963478,3,8.051024229963478,1,0,0,anti_homophones
2755,pi1pW4,6,-5.337742230988197,2,5.337742230988197,1,2,4,anti_homophones
2756,jK2xing1,8,-8.45652555409654,2,8.45652555409654,1,0,0,anti_homophones
2757,dang3meng4dan1,14,-10.321587266172028,3,10.321587266172028,1,0,0,anti_homophones
2758,ben4,4,-4.212686194373903,1,4.212686194373903,1,1,7,anti_homophones
2759,min2gI1,7,-6.4231483574994455,2,6.4231483574994455,1,0,1,anti_homophones
2760,nW3,3,-3.695778779549062,1,3.695778779549062,1,2,11,anti_homophones
2761,dan1xM4,7,-6.320647213456419,2,6.320647213456419,1,0,0,anti_homophones
2762,hA3shun4,8,-6.793232914070527,2,6.793232914070527,1,0,2,anti_homophones
2763,hI1xi4tV5,9,-9.116867493798257,3,9.116867493798257,1,0,0,anti_homophones
2764,wu3jK3lv2,9,-8.825475076093086,3,8.825475076093086,1,0,0,anti_homophones
2765,si3xLn3,7,-6.3016559734723705,2,6.3016559734723705,1,1,3,anti_homophones
2766,ji4ka3,6,-5.863895346798686,2,5.863895346798686,1,0,0,anti_homophones
2767,ye4shu4,7,-5.931698289190219,2,5.931698289190219,1,1,5,anti_homophones
2768,xin1jL1,7,-5.332783458822769,2,5.332783458822769,1,0,2,anti_homophones
2769,chang1ge1,9,-6.655344879036631,2,6.655344879036631,1,0,1,anti_homophones
2770,qK2cheng3,9,-6.506298646209067,2,6.506298646209067,1,0,2,anti_homophones
2771,wu2an1,6,-6.597225398936528,2,6.597225398936528,1,0,1,anti_homophones
2772,yV4shQ1zi5,10,-8.454234007090564,3,8.454234007090564,1,0,0,anti_homophones
2773,wu3,3,-3.0554834629552694,1,3.0554834629552694,1,3,21,anti_homophones
2774,ang2nLng2,9,-8.657146137688544,2,8.657146137688544,1,0,0,anti_homophones
2775,ti2an4,6,-5.507855423007856,2,5.507855423007856,1,0,2,anti_homophones
2776,kA1tO4men2,10,-7.303011892982287,3,7.303011892982287,1,0,0,anti_homophones
2777,yi1bang2shU3lLn2,16,-12.01974304518765,4,12.01974304518765,1,0,0,anti_homophones
2778,qi3dUn4,7,-6.116108209131639,2,6.116108209131639,1,0,1,anti_homophones
2779,hUng1di4ci2,11,-8.633168395625562,3,8.633168395625562,1,0,0,anti_homophones
2780,hP2bLn1,7,-7.5221935395050314,2,7.5221935395050314,1,0,1,anti_homophones
2781,hu4dong4,8,-6.534036406594971,2,6.534036406594971,1,0,1,anti_homophones
2782,sheng1chang3,12,-5.873641545706449,2,5.873641545706449,1,0,2,anti_homophones
2783,tV4lK2,6,-5.650781382150397,2,5.650781382150397,1,0,2,anti_homophones
2784,ban4gong2tV5,12,-8.97613518560484,3,8.97613518560484,1,0,0,anti_homophones
2785,chi1zhUng2,10,-7.115636921633581,2,7.115636921633581,1,0,0,anti_homophones
2786,wu3kV3,6,-5.747343095854724,2,5.747343095854724,1,0,1,anti_homophones
2787,gU4hQ4nu4,9,-8.20797194553701,3,8.20797194553701,1,0,0,anti_homophones
2788,zhO1shV3,8,-6.27130650045795,2,6.27130650045795,1,0,3,anti_homophones
2789,zhi1xin1,8,-5.140571021148343,2,5.140571021148343,1,1,4,anti_homophones
2790,mM2,3,-5.529540171686284,1,5.529540171686284,1,0,13,anti_homophones
2791,shang4lM4,9,-6.209867842824929,2,6.209867842824929,1,0,2,anti_homophones
2792,bE4yang2,8,-6.396894578931392,2,6.396894578931392,1,0,2,anti_homophones
2793,shV4shu3yi1,11,-8.478991583462065,3,8.478991583462065,1,0,0,anti_homophones
2794,sha1zhun2fen4,13,-10.312605932676572,3,10.312605932676572,1,0,0,anti_homophones
2795,meng1ji3pA2,11,-9.716238596384091,3,9.716238596384091,1,0,0,anti_homophones
2796,hQ3yu2,6,-5.767748752797147,2,5.767748752797147,1,0,3,anti_homophones
2797,hI3,3,-3.695649797896071,1,3.695649797896071,1,1,13,anti_homophones
2798,dO1chan4dQ4,11,-8.623068799353774,3,8.623068799353774,1,0,0,anti_homophones
2799,zhen1ling4,10,-6.45213686578476,2,6.45213686578476,1,0,1,anti_homophones
2800,che1pA2,7,-6.057105302235822,2,6.057105302235822,1,1,0,anti_homophones
2801,zhong3,6,-3.4679293716520347,1,3.4679293716520347,1,3,6,anti_homophones
2802,zhu1hu1,7,-5.431713191109431,2,5.431713191109431,1,1,5,anti_homophones
2803,mo2te4dW4,9,-8.127342731457157,3,8.127342731457157,1,0,0,anti_homophones
2804,yQ2,3,-3.5778951562427403,1,3.5778951562427403,1,1,16,anti_homophones
2805,tong2xK1,8,-7.250203106723949,2,7.250203106723949,1,0,1,anti_homophones
2806,chQ3zhUn4,9,-7.436202987447503,2,7.436202987447503,1,0,0,anti_homophones
2807,pA1an4,6,-5.119362249032192,2,5.119362249032192,1,1,0,anti_homophones
2808,tW2ren2zhi4,11,-8.172447769391919,3,8.172447769391919,1,0,0,anti_homophones
2809,mu4zO4,6,-5.775037111150072,2,5.775037111150072,1,0,4,anti_homophones
2810,zu2jing2gP4,11,-10.178744599275962,3,10.178744599275962,1,0,0,anti_homophones
2811,nLng4hO3,8,-7.34747369371275,2,7.34747369371275,1,0,0,anti_homophones
2812,xLng3jL1jW4tong1,16,-11.819966585145089,4,11.819966585145089,1,0,0,anti_homophones
2813,cA2xin4,7,-6.985136682368126,2,6.985136682368126,1,0,0,anti_homophones
2814,cQ3pen4,7,-7.294006208994843,2,7.294006208994843,1,0,0,anti_homophones
2815,fE4shV3zi5,10,-8.193919523767981,3,8.193919523767981,1,0,0,anti_homophones
2816,xin4shan4,9,-6.525900425646414,2,6.525900425646414,1,0,0,anti_homophones
2817,xLn4sheng1kA1,13,-8.573237811810017,3,8.573237811810017,1,0,0,anti_homophones
2818,da4zO4qi2shUng2,15,-11.757992332675157,4,11.757992332675157,1,0,0,anti_homophones
2819,dang4,5,-3.457875377800234,1,3.457875377800234,1,3,20,anti_homophones
2820,jW4ku3nUn3,10,-8.038139915771282,3,8.038139915771282,1,0,0,anti_homophones
2821,wu3cA4,6,-5.6570132700451286,2,5.6570132700451286,1,0,3,anti_homophones
2822,hu4jing3,8,-6.497847554744755,2,6.497847554744755,1,0,5,anti_homophones
2823,gen1yC4,7,-5.867266854984135,2,5.867266854984135,1,0,3,anti_homophones
2824,hV4xLn4,7,-5.528858925794176,2,5.528858925794176,1,0,5,anti_homophones
2825,shI4yUn2,8,-5.649919872953809,2,5.649919872953809,1,1,6,anti_homophones
2826,hun3song4zhi4,13,-10.059155391902648,3,10.059155391902648,1,0,0,anti_homophones
2827,yV3shen2bu4,11,-8.303189112306532,3,8.303189112306532,1,0,0,anti_homophones
2828,pu1,3,-3.903632822482451,1,3.903632822482451,1,2,18,anti_homophones
2829,shun4dang2,10,-7.642250650927585,2,7.642250650927585,1,0,0,anti_homophones
2830,an1yan2,7,-5.734506217475792,2,5.734506217475792,1,0,4,anti_homophones
2831,yong2qu1,8,-6.303467670236542,2,6.303467670236542,1,0,2,anti_homophones
2832,zi1bing4,8,-6.162346774536125,2,6.162346774536125,1,0,4,anti_homophones
2833,feng3di2,8,-6.910217756184013,2,6.910217756184013,1,0,1,anti_homophones
2834,pQ3ben1mu4,10,-9.628363623133186,3,9.628363623133186,1,0,0,anti_homophones
2835,kUng2xW4,8,-6.503562863118604,2,6.503562863118604,1,0,0,anti_homophones
2836,bW1,3,-3.422456445031843,1,3.422456445031843,1,2,13,anti_homophones
2837,zheng1ren2,10,-5.209536566552013,2,5.209536566552013,1,0,8,anti_homophones
2838,mo1,3,-4.100170136173907,1,4.100170136173907,1,1,9,anti_homophones
2839,bA2zi5,6,-4.7802254432999565,2,4.7802254432999565,1,2,8,anti_homophones
2840,xLn4xing1,9,-5.679316719683041,2,5.679316719683041,1,2,2,anti_homophones
2841,be1ha1ming4,11,-12.58285146105028,3,12.58285146105028,1,0,0,anti_homophones
2842,lO2jW4,6,-6.415401444230983,2,6.415401444230983,1,0,2,anti_homophones
2843,gong1shen1mE4wo1,16,-12.835852420496243,4,12.835852420496243,1,0,0,anti_homophones
2844,hu1gQ1qLn1,10,-8.98030242005797,3,8.98030242005797,1,0,0,anti_homophones
2845,jM2zhi2,7,-5.748439921163307,2,5.748439921163307,1,0,5,anti_homophones
2846,yun2lu2,7,-6.670155432227832,2,6.670155432227832,1,0,1,anti_homophones
2847,jing1ce4,8,-6.25042789450387,2,6.25042789450387,1,0,0,anti_homophones
2848,zhO2ji1tW2jM2,13,-11.266572189300671,4,11.266572189300671,1,0,0,anti_homophones
2849,yan2tan4,8,-6.263019564119194,2,6.263019564119194,1,0,3,anti_homophones
2850,wu2,3,-3.977319761279221,1,3.977319761279221,1,2,16,anti_homophones
2851,chV2zhong1,10,-6.541008929668289,2,6.541008929668289,1,0,1,anti_homophones
2852,li2fang4,8,-6.740894001206472,2,6.740894001206472,1,0,0,anti_homophones
2853,hE1tong3,8,-5.786819611352734,2,5.786819611352734,1,0,2,anti_homophones
2854,jLn3qi4,7,-5.373719535036175,2,5.373719535036175,1,0,6,anti_homophones
2855,ting2bQ3hang4,13,-9.478558220256259,3,9.478558220256259,1,0,0,anti_homophones
2856,ban1,4,-3.4144344317849535,1,3.4144344317849535,1,2,17,anti_homophones
2857,yang4shen1xM2,13,-9.524582547536433,3,9.524582547536433,1,0,0,anti_homophones
2858,jLn4ci2le4tan2,14,-11.571650544361875,4,11.571650544361875,1,0,0,anti_homophones
2859,he2li4,6,-4.729479871020345,2,4.729479871020345,1,2,11,anti_homophones
2860,jLn3jLn1yang2,13,-9.254182971687685,3,9.254182971687685,1,0,0,anti_homophones
2861,ting1sO1,8,-7.212361209731182,2,7.212361209731182,1,0,0,anti_homophones
2862,fa1jLn4su2,10,-9.192347304870626,3,9.192347304870626,1,0,0,anti_homophones
2863,sheng2bA2men2,13,-8.497088981424193,3,8.497088981424193,1,0,0,anti_homophones
2864,qing1yu2,8,-5.610250389866278,2,5.610250389866278,1,0,3,anti_homophones
2865,an1ji4shi2,10,-7.731660168960524,3,7.731660168960524,1,0,0,anti_homophones
2866,fen1bQ3hA4pin2,14,-12.44436247158077,4,12.44436247158077,1,0,0,anti_homophones
2867,du2xing2,8,-5.614075668879203,2,5.614075668879203,1,0,4,anti_homophones
2868,pi1ling1ce4,11,-9.21194865243494,3,9.21194865243494,1,0,0,anti_homophones
2869,jL1shi4yi4,10,-7.565574877691004,3,7.565574877691004,1,0,0,anti_homophones
2870,rQ2yQ2,6,-6.119737396934568,2,6.119737396934568,1,0,1,anti_homophones
2871,ban3qLng4dong2,14,-10.71021482035736,3,10.71021482035736,1,0,0,anti_homophones
2872,gong1jing2nu3gu3,16,-11.064925747950523,4,11.064925747950523,1,0,0,anti_homophones
2873,da1,3,-3.8279575073381515,1,3.8279575073381515,1,0,22,anti_homophones
2874,min2yun4,8,-6.480039547496045,2,6.480039547496045,1,0,1,anti_homophones
2875,xW3ci2xin1xing4,15,-10.455597313114447,4,10.455597313114447,1,0,0,anti_homophones
2876,ju1chan4,8,-8.080511111092026,2,8.080511111092026,1,0,2,anti_homophones
2877,ben3tang2yan1,13,-9.498483208486668,3,9.498483208486668,1,0,0,anti_homophones
2878,ca1shen3,8,-7.055822570443111,2,7.055822570443111,1,0,1,anti_homophones
2879,ying2wang1ti2yV3,16,-13.184244178660212,4,13.184244178660212,1,0,0,anti_homophones
2880,zhO2,4,-3.6293109815009124,1,3.6293109815009124,1,2,8,anti_homophones
2881,cheng1bo2xi2,12,-10.041690564159753,3,10.041690564159753,1,0,0,anti_homophones
2882,hong3,5,-3.8527829308569523,1,3.8527829308569523,1,1,14,anti_homophones
2883,zhUn3,5,-3.601955555547539,1,3.601955555547539,1,0,6,anti_homophones
2884,tong2wang5,10,-8.061309841140464,2,8.061309841140464,1,0,0,anti_homophones
2885,yi3dA4,6,-5.292279260763618,2,5.292279260763618,1,0,10,anti_homophones
2886,mV2,3,-3.7553194648015316,1,3.7553194648015316,1,1,13,anti_homophones
2887,gong1qing2,10,-5.819395105270859,2,5.819395105270859,1,0,1,anti_homophones
2888,ming1jK3,8,-6.586860085568283,2,6.586860085568283,1,0,0,anti_homophones
2889,xUn4,4,-3.980348777640124,1,3.980348777640124,1,2,14,anti_homophones
2890,yUn2sha1zI3,11,-8.26852690891856,3,8.26852690891856,1,0,0,anti_homophones
2891,fu2qi1yQ4,9,-9.323542841829953,3,9.323542841829953,1,0,0,anti_homophones
2892,mA2zheng1qLng3,14,-10.316473533879877,3,10.316473533879877,1,0,0,anti_homophones
2893,nE4bW3,6,-6.472532944719994,2,6.472532944719994,1,0,1,anti_homophones
2894,qK2shi3,7,-6.095747840260321,2,6.095747840260321,1,1,4,anti_homophones
2895,bLn4yan3,8,-5.9903489829092536,2,5.9903489829092536,1,0,1,anti_homophones
2896,kP4cang4,8,-6.189534123997669,2,6.189534123997669,1,0,0,anti_homophones
2897,li3bu4yu3,9,-7.7085569402844625,3,7.7085569402844625,1,0,0,anti_homophones
2898,yan4,4,-3.3177043694518624,1,3.3177043694518624,1,1,23,anti_homophones
2899,qLng3,5,-3.6062962636772693,1,3.6062962636772693,1,1,8,anti_homophones
2900,keng2ren4dA4,12,-9.512935687303655,3,9.512935687303655,1,0,0,anti_homophones
2901,zhi4man3,8,-6.658853375742297,2,6.658853375742297,1,0,1,anti_homophones
2902,tu1bing4,8,-6.223488438681278,2,6.223488438681278,1,0,2,anti_homophones
2903,jL1zO4jing4,11,-7.982630515034114,3,7.982630515034114,1,0,0,anti_homophones
2904,gO2qi4,6,-5.079852833912519,2,5.079852833912519,1,0,3,anti_homophones
2905,tang1,5,-3.821791840561343,1,3.821791840561343,1,1,17,anti_homophones
2906,lQ3dang2ji4feng2,16,-11.331504303822117,4,11.331504303822117,1,0,0,anti_homophones
2907,jW1yun1,7,-6.775505745557098,2,6.775505745557098,1,0,1,anti_homophones
2908,yV3deng1,8,-6.505047227880193,2,6.505047227880193,1,0,0,anti_homophones
2909,mi1mu3,6,-6.609181274932281,2,6.609181274932281,1,0,1,anti_homophones
2910,shu1gI3,7,-5.870087595490171,2,5.870087595490171,1,0,2,anti_homophones
2911,ming3,5,-3.6541534641119435,1,3.6541534641119435,1,0,14,anti_homophones
2912,yi1se4,6,-4.6547658749428455,2,4.6547658749428455,1,2,4,anti_homophones
2913,jW3shI3gUng1tUn2,16,-11.865629574688482,4,11.865629574688482,1,0,0,anti_homophones
2914,xW3dV4,6,-5.020626582291381,2,5.020626582291381,1,1,3,anti_homophones
2915,shI4yin1,8,-6.263596267360734,2,6.263596267360734,1,0,0,anti_homophones
2916,chUng3yi4lLng1ya2,17,-13.261465838153613,4,13.261465838153613,1,0,0,anti_homophones
2917,ku3,3,-3.435492904326192,1,3.435492904326192,1,2,20,anti_homophones
2918,mang3zhi3,9,-6.734479543589242,2,6.734479543589242,1,0,0,anti_homophones
2919,shan3xLng4shV4,14,-9.580655236600267,3,9.580655236600267,1,0,0,anti_homophones
2920,jLn4feng2bA2,12,-9.34108326384117,3,9.34108326384117,1,0,0,anti_homophones
2921,zheng2xW3,9,-6.884220132971481,2,6.884220132971481,1,0,0,anti_homophones
2922,tV2tong4tu2,11,-8.521852405877322,3,8.521852405877322,1,0,0,anti_homophones
2923,ke4sA4,6,-6.832032030553628,2,6.832032030553628,1,0,2,anti_homophones
2924,tI1jK3,6,-5.723108988714545,2,5.723108988714545,1,0,1,anti_homophones
2925,da4yu2,6,-4.8981098536960275,2,4.8981098536960275,1,1,10,anti_homophones
2926,lv4bang4,8,-7.955409288446213,2,7.955409288446213,1,0,0,anti_homophones
2927,gang2yi4,8,-5.998280739706842,2,5.998280739706842,1,0,3,anti_homophones
2928,xi1lM4,6,-5.962993973011131,2,5.962993973011131,1,0,6,anti_homophones
2929,shi4bQ4,7,-5.243849488133435,2,5.243849488133435,1,0,9,anti_homophones
2930,jing3ru2shI2lu4,15,-12.405661488272,4,12.405661488272,1,0,0,anti_homophones
2931,hu2zi3,6,-5.965082021032957,2,5.965082021032957,1,0,5,anti_homophones
2932,jW1hU1li4gUn1,13,-10.99349787837221,4,10.99349787837221,1,0,0,anti_homophones
2933,qYng1zhi4,9,-6.59120332344208,2,6.59120332344208,1,0,0,anti_homophones
2934,shu3,4,-3.4665188818524686,1,3.4665188818524686,1,2,12,anti_homophones
2935,tong4hU4jLng3,13,-8.846888469814367,3,8.846888469814367,1,0,0,anti_homophones
2936,kO4leng1,8,-7.223998344112819,2,7.223998344112819,1,0,0,anti_homophones
2937,ge4jL1,6,-5.698170317990433,2,5.698170317990433,1,0,5,anti_homophones
2938,lK2ci2,6,-5.971539897745119,2,5.971539897745119,1,0,1,anti_homophones
2939,zi4yV3,6,-5.1346179107186085,2,5.1346179107186085,1,0,7,anti_homophones
2940,qUn2hU1bu4,10,-8.067851641800985,3,8.067851641800985,1,0,0,anti_homophones
2941,lQ2ling2,8,-6.438578132265929,2,6.438578132265929,1,0,0,anti_homophones
2942,lLn2chUng1,10,-6.420008633763541,2,6.420008633763541,1,0,1,anti_homophones
2943,sheng1qi1,9,-5.345242231222138,2,5.345242231222138,1,1,7,anti_homophones
2944,lM4ri4,6,-5.911238144764324,2,5.911238144764324,1,0,3,anti_homophones
2945,fen1yi5,7,-7.77993866272655,2,7.77993866272655,1,0,2,anti_homophones
2946,shI4mo2fang4,12,-8.912589760927666,3,8.912589760927666,1,0,0,anti_homophones
2947,zhe4wang4,9,-7.844553200248246,2,7.844553200248246,1,0,1,anti_homophones
2948,da4yV1yong2,11,-9.59378704534108,3,9.59378704534108,1,0,0,anti_homophones
2949,yan2zi5,7,-4.95992194225006,2,4.95992194225006,1,0,6,anti_homophones
2950,can4fa3,7,-6.889484379754395,2,6.889484379754395,1,0,4,anti_homophones
2951,fang4shi4he2,12,-8.231121777546003,3,8.231121777546003,1,0,0,anti_homophones
2952,ming4du2zong4,13,-9.849433543179735,3,9.849433543179735,1,0,0,anti_homophones
2953,da4shi2tQ4,10,-9.712922609766132,3,9.712922609766132,1,0,0,anti_homophones
2954,mE3zhi3,7,-5.8634617476796995,2,5.8634617476796995,1,0,3,anti_homophones
2955,nan2,4,-3.1445758918292364,1,3.1445758918292364,1,3,14,anti_homophones
2956,min2,4,-3.459281712195817,1,3.459281712195817,1,1,10,anti_homophones
2957,yu4keng3,8,-7.469388569266768,2,7.469388569266768,1,0,0,anti_homophones
2958,dQ3shV3chan4,12,-9.116596002941414,3,9.116596002941414,1,0,0,anti_homophones
2959,zhO1fang4,9,-6.263162368704444,2,6.263162368704444,1,0,0,anti_homophones
2960,yu4yang2,8,-6.2404025769363,2,6.2404025769363,1,0,5,anti_homophones
2961,kV3kI2hU1yan3,13,-11.397090684578389,4,11.397090684578389,1,0,0,anti_homophones
2962,gong3ceng4she4ma3,17,-13.524066646158813,4,13.524066646158813,1,0,0,anti_homophones
2963,geng1,5,-3.9823371390188442,1,3.9823371390188442,1,1,15,anti_homophones
2964,gP1,3,-4.2889374959836895,1,4.2889374959836895,1,0,9,anti_homophones
2965,yu1jin4zhu3xi4,14,-12.066808024066203,4,12.066808024066203,1,0,0,anti_homophones
2966,chang4xLng4,11,-6.061734809063125,2,6.061734809063125,1,0,0,anti_homophones
2967,xLng3shu1,9,-6.202211078617063,2,6.202211078617063,1,0,2,anti_homophones
2968,ran3hU4wo3su4,13,-12.946924678806344,4,12.946924678806344,1,0,0,anti_homophones
2969,zhang2ci2,9,-6.131474000573593,2,6.131474000573593,1,0,0,anti_homophones
2970,da4mang4tA2,11,-8.516434063084533,3,8.516434063084533,1,0,0,anti_homophones
2971,dan4ming4ze2,12,-9.67107616234459,3,9.67107616234459,1,0,0,anti_homophones
2972,gu4tong1,8,-5.954710678319705,2,5.954710678319705,1,0,1,anti_homophones
2973,lan2jK4,7,-6.595457760092925,2,6.595457760092925,1,0,0,anti_homophones
2974,zeng1chUn3,10,-7.183189232221331,2,7.183189232221331,1,0,0,anti_homophones
2975,ying1A4,7,-6.27455869429768,2,6.27455869429768,1,0,4,anti_homophones
2976,xK1zhUng2,9,-6.455194247921471,2,6.455194247921471,1,0,1,anti_homophones
2977,xLng3nE4sQ2,11,-11.851244710429599,3,11.851244710429599,1,0,0,anti_homophones
2978,qYng2bu4,8,-6.773558573006587,2,6.773558573006587,1,0,1,anti_homophones
2979,xC4xi2wE4,9,-8.09307381523215,3,8.09307381523215,1,0,0,anti_homophones
2980,gong3,5,-3.429337999585812,1,3.429337999585812,1,2,13,anti_homophones
2981,ping4le4hun4er2,15,-13.115795657926581,4,13.115795657926581,1,0,0,anti_homophones
2982,shV4fa3,7,-5.582464360718851,2,5.582464360718851,1,1,3,anti_homophones
2983,li3wu3gu3,9,-8.595834001920961,3,8.595834001920961,1,0,0,anti_homophones
2984,shA3yi4ji4,10,-9.753344068210406,3,9.753344068210406,1,0,0,anti_homophones
2985,tM3zi4fE1,9,-9.414803067057052,3,9.414803067057052,1,0,0,anti_homophones
2986,gQ1da3yV3jun1,13,-11.26040611921497,4,11.26040611921497,1,0,0,anti_homophones
2987,qing1lB4di4,11,-10.048399681778065,3,10.048399681778065,1,0,0,anti_homophones
2988,he4,3,-3.7455867239362433,1,3.7455867239362433,1,2,21,anti_homophones
2989,tQ2tV5,6,-5.301097608039794,2,5.301097608039794,1,0,4,anti_homophones
2990,ju1ran3gUn1zeng3,16,-14.039717157954254,4,14.039717157954254,1,0,0,anti_homophones
2991,wA4shi4wang3,12,-8.451444841240354,3,8.451444841240354,1,0,0,anti_homophones
2992,gUn3mi1bi4fE4,13,-13.331442302762689,4,13.331442302762689,1,0,0,anti_homophones
2993,yi1xi3er5,9,-7.648780228016774,3,7.648780228016774,1,0,0,anti_homophones
2994,yQ2tu3ci3wang2,14,-12.480311450329738,4,12.480311450329738,1,0,0,anti_homophones
2995,te4xu1ben4,10,-10.16004119349478,3,10.16004119349478,1,0,0,anti_homophones
2996,bo2yi1dQ1li3,12,-11.880245085617997,4,11.880245085617997,1,0,0,anti_homophones
2997,da4dO1de2,9,-7.4016773249982295,3,7.4016773249982295,1,0,0,anti_homophones
2998,xW1se4,6,-5.23303515773559,2,5.23303515773559,1,2,6,anti_homophones
2999,jW1he2tang2,11,-8.251022249682181,3,8.251022249682181,1,0,0,anti_homophones
3000,yUn2gong3ran2zhUn2,18,-12.296681855417813,4,12.296681855417813,1,0,0,anti_homophones
3001,gQ1zhang1zhang2,15,-8.94611281596144,3,8.94611281596144,1,0,0,anti_homophones
3002,gQ1gUn3,7,-5.466511530927097,2,5.466511530927097,1,0,2,anti_homophones
3003,qLng4yong3xC2,13,-10.27263703587479,3,10.27263703587479,1,0,0,anti_homophones
3004,heng1da4ying2chun1,18,-13.32766716937233,4,13.32766716937233,1,0,0,anti_homophones
3005,la1,3,-3.6169274974534935,1,3.6169274974534935,1,2,18,anti_homophones
3006,hang2bu4yan3bo4,15,-14.66965390802584,4,14.66965390802584,1,0,0,anti_homophones
3007,lK2shV1li3,10,-8.973858240271015,3,8.973858240271015,1,0,0,anti_homophones
3008,yu2zhi4pi2cA4,13,-11.67678527217366,4,11.67678527217366,1,0,0,anti_homophones
3009,yV3wE4,6,-5.063104511537747,2,5.063104511537747,1,0,6,anti_homophones
3010,xK1lK2,6,-5.0821258627168415,2,5.0821258627168415,1,0,0,anti_homophones
3011,kA1pan2,7,-5.472328939974265,2,5.472328939974265,1,0,3,anti_homophones
3012,chu3yu3,7,-5.636046614020101,2,5.636046614020101,1,0,4,anti_homophones
3013,lLng1zhang1lan2zA3,18,-13.231223238010301,4,13.231223238010301,1,0,0,anti_homophones
3014,hV4yUn4,7,-5.876808322470657,2,5.876808322470657,1,0,3,anti_homophones
3015,bQ3yi4zO5yV2,12,-12.293917901370154,4,12.293917901370154,1,0,0,anti_homophones
3016,cheng2yUn2tW4,13,-9.9686626139224,3,9.9686626139224,1,0,0,anti_homophones
3017,wu2qLn1zu2dW4,13,-11.415384598522543,4,11.415384598522543,1,0,0,anti_homophones
3018,xun2cA2ji2hI4,13,-11.339983807982884,4,11.339983807982884,1,0,0,anti_homophones
3019,nQ3zhUng1cheng4,15,-9.602643933420524,3,9.602643933420524,1,0,0,anti_homophones
3020,kI3lE4zi5,9,-8.059494321449664,3,8.059494321449664,1,0,0,anti_homophones
3021,fa1qLng2fa3lu4,14,-11.111617780453813,4,11.111617780453813,1,0,0,anti_homophones
3022,mo4su4,6,-5.658619356064214,2,5.658619356064214,1,0,5,anti_homophones
3023,wen1qUn3,8,-7.080122213651945,2,7.080122213651945,1,0,0,anti_homophones
3024,zong2de5lA2,11,-7.77487852220579,3,7.77487852220579,1,0,0,anti_homophones
3025,gun4li3,7,-6.50873207865621,2,6.50873207865621,1,0,1,anti_homophones
3026,qing4lu4,8,-5.796380946709179,2,5.796380946709179,1,0,5,anti_homophones
3027,li3bi3qi4,9,-8.388877428279743,3,8.388877428279743,1,0,0,anti_homophones
3028,zi4du4,6,-5.002437380864512,2,5.002437380864512,1,0,17,anti_homophones
3029,bu4jLn1hI3wan3,14,-11.847361673886365,4,11.847361673886365,1,0,0,anti_homophones
3030,lQ3xLn1hI4qi4,13,-10.793203003605393,4,10.793203003605393,1,0,0,anti_homophones
3031,chi2,4,-3.410076707532047,1,3.410076707532047,1,3,12,anti_homophones
3032,chu1ban2,8,-8.254770401351855,2,8.254770401351855,1,0,3,anti_homophones
3033,da4fu4,6,-5.1184221352924615,2,5.1184221352924615,1,1,11,anti_homophones
3034,lLng1kong2,10,-6.926998268969874,2,6.926998268969874,1,0,1,anti_homophones
3035,jing1yi2cQ2,11,-10.335770474255543,3,10.335770474255543,1,0,0,anti_homophones
3036,hun1ge1tang4,12,-10.174679571639363,3,10.174679571639363,1,0,0,anti_homophones
3037,ke3jL1,6,-5.4624337877173925,2,5.4624337877173925,1,0,0,anti_homophones
3038,mA4hI1bu4jL1,12,-11.327579595132379,4,11.327579595132379,1,0,0,anti_homophones
3039,ku1gV1wE1jin3,13,-12.437203057983897,4,12.437203057983897,1,0,0,anti_homophones
3040,gong1zhang1cha2,15,-8.98010138157462,3,8.98010138157462,1,0,0,anti_homophones
3041,lW3zhang2,9,-7.1376917371330775,2,7.1376917371330775,1,0,0,anti_homophones
3042,xL4ban3ye4gU3,13,-12.33927446519889,4,12.33927446519889,1,0,0,anti_homophones
3043,bu3lB4zhan1,11,-9.778378453863663,3,9.778378453863663,1,0,0,anti_homophones
3044,gen1cQ3,7,-6.448389875478691,2,6.448389875478691,1,0,1,anti_homophones
3045,shI3gUn3yUn4,12,-8.249965054848994,3,8.249965054848994,1,0,0,anti_homophones
3046,te4xin1nv3,10,-8.048128210736241,3,8.048128210736241,1,0,0,anti_homophones
3047,zhQ1cA4de2,10,-9.299196437674649,3,9.299196437674649,1,0,0,anti_homophones
3048,gO2hI4,6,-5.257125090261221,2,5.257125090261221,1,1,3,anti_homophones
3049,chan1,5,-3.7289999710672905,1,3.7289999710672905,1,1,10,anti_homophones
3050,tO1zhan3,8,-6.963554802460782,2,6.963554802460782,1,0,1,anti_homophones
3051,bing2da4zhang4,14,-9.049747466300493,3,9.049747466300493,1,0,0,anti_homophones
3052,yu2le4tQ4,9,-8.038276709253623,3,8.038276709253623,1,0,0,anti_homophones
3053,heng2,5,-4.063858179311172,1,4.063858179311172,1,0,14,anti_homophones
3054,tM3qing2mang3,13,-9.70619786305489,3,9.70619786305489,1,0,0,anti_homophones
3055,fang2bQ4,8,-5.821134381330752,2,5.821134381330752,1,0,5,anti_homophones
3056,hang4,5,-3.489348328077569,1,3.489348328077569,1,2,23,anti_homophones
3057,ting3zhi3,9,-6.643737421219167,2,6.643737421219167,1,0,1,anti_homophones
3058,gong4pu4,8,-6.516556853721973,2,6.516556853721973,1,0,4,anti_homophones
3059,qUn1ti4xC2wu4,13,-11.896413995047876,4,11.896413995047876,1,0,0,anti_homophones
3060,sha1mi2,7,-6.364265537169089,2,6.364265537169089,1,0,0,anti_homophones
3061,pQ3bo2,6,-6.7491391232060485,2,6.7491391232060485,1,0,0,anti_homophones
3062,da4men2,7,-4.7162258651635485,2,4.7162258651635485,1,1,8,anti_homophones
3063,yin3da3zi5,10,-7.6157113258394915,3,7.6157113258394915,1,0,0,anti_homophones
3064,zu3zhan4ming4qi4,16,-11.030679581548759,4,11.030679581548759,1,0,0,anti_homophones
3065,zi4pLn1xi2,10,-9.729832310817407,3,9.729832310817407,1,0,0,anti_homophones
3066,wu2lu2,6,-5.467841341516712,2,5.467841341516712,1,1,10,anti_homophones
3067,lQ3che1,7,-5.573895639362473,2,5.573895639362473,1,0,2,anti_homophones
3068,bQ3shu4,7,-5.396524047593072,2,5.396524047593072,1,0,5,anti_homophones
3069,zhi1dong1,9,-5.760367580236538,2,5.760367580236538,1,0,0,anti_homophones
3070,nA4,3,-4.025011759049075,1,4.025011759049075,1,2,21,anti_homophones
3071,si3hV4,6,-5.588428502732144,2,5.588428502732144,1,0,5,anti_homophones
3072,hU4bQ1,6,-6.078076704981635,2,6.078076704981635,1,0,3,anti_homophones
3073,da4bing4,8,-5.240453857361342,2,5.240453857361342,1,0,6,anti_homophones
3074,bE3ji1,6,-5.032814703441739,2,5.032814703441739,1,0,5,anti_homophones
3075,jW4mLn4,7,-5.51216158302634,2,5.51216158302634,1,0,3,anti_homophones
3076,gan4hU4,7,-5.7025645932273825,2,5.7025645932273825,1,0,5,anti_homophones
3077,wang2,5,-3.3943982976656075,1,3.3943982976656075,1,0,18,anti_homophones
3078,ji1gu3shu1hu1,13,-10.23241465862603,4,10.23241465862603,1,0,0,anti_homophones
3079,ye3lin2,7,-6.601134479782742,2,6.601134479782742,1,0,1,anti_homophones
3080,zhe3zhU1bQ4,11,-10.602523898168299,3,10.602523898168299,1,0,0,anti_homophones
3081,ru2yi4,6,-4.845521869972674,2,4.845521869972674,1,0,8,anti_homophones
3082,nan2jLng1jW3bu3,15,-13.062223174107066,4,13.062223174107066,1,0,0,anti_homophones
3083,zhQ1jL4bing2shi4,16,-12.221145733467907,4,12.221145733467907,1,0,0,anti_homophones
3084,fa1ding4hU4,11,-8.052906298075165,3,8.052906298075165,1,0,0,anti_homophones
3085,sO3hang2,8,-7.747738209303141,2,7.747738209303141,1,0,1,anti_homophones
3086,gong2yUn3,9,-6.427255251705082,2,6.427255251705082,1,0,1,anti_homophones
3087,gang2da4hu4,11,-8.860636262783329,3,8.860636262783329,1,0,0,anti_homophones
3088,shi4hI2,7,-6.162784692528594,2,6.162784692528594,1,0,2,anti_homophones
3089,ge1ben3,7,-5.766625882366323,2,5.766625882366323,1,0,2,anti_homophones
3090,xi3yan2,7,-5.618751869692865,2,5.618751869692865,1,0,1,anti_homophones
3091,ge1qW1,6,-7.195039408761068,2,7.195039408761068,1,0,0,anti_homophones
3092,qi4hP4shu3,10,-10.40781353209079,3,10.40781353209079,1,0,0,anti_homophones
3093,yi3qi4,6,-4.9423267344936335,2,4.9423267344936335,1,1,8,anti_homophones
3094,da4dan4hV4,10,-8.027309687888234,3,8.027309687888234,1,0,0,anti_homophones
3095,ti2xing4ren2ku4,15,-10.64267674623461,4,10.64267674623461,1,0,0,anti_homophones
3096,ya1zI3,6,-5.71540093634693,2,5.71540093634693,1,0,7,anti_homophones
3097,yang2er4chUng1gU1,17,-13.07111035997728,4,13.07111035997728,1,0,0,anti_homophones
3098,yi4xin4shu1,11,-8.572039612454288,3,8.572039612454288,1,0,0,anti_homophones
3099,wA4lA2shI3,10,-7.800913109726961,3,7.800913109726961,1,0,0,anti_homophones
3100,jLn1wang4,9,-6.0082883376379606,2,6.0082883376379606,1,0,0,anti_homophones
3101,hI2chu1,7,-5.565356739461535,2,5.565356739461535,1,2,2,anti_homophones
3102,an1gong1lLng2,13,-9.208702809895565,3,9.208702809895565,1,0,0,anti_homophones
3103,yin1lin2,8,-5.909843555289122,2,5.909843555289122,1,0,2,anti_homophones
3104,tI1,3,-4.073335064474174,1,4.073335064474174,1,0,14,anti_homophones
3105,cA3ge3,6,-6.628340865153747,2,6.628340865153747,1,0,2,anti_homophones
3106,dV4bLn1chV4mE4,14,-13.285444858698705,4,13.285444858698705,1,0,0,anti_homophones
3107,mu4ban4,7,-5.882585988063146,2,5.882585988063146,1,0,1,anti_homophones
3108,wu2lan4xYng2pQ3,15,-13.693221621316193,4,13.693221621316193,1,0,0,anti_homophones
3109,jC2shi4tang2,12,-8.60515540009652,3,8.60515540009652,1,0,0,anti_homophones
3110,qYng2pin3li4,12,-9.682163476776147,3,9.682163476776147,1,0,0,anti_homophones
3111,yin4,4,-3.536507714074791,1,3.536507714074791,1,2,10,anti_homophones
3112,hang4mLn3hu1,12,-10.989151539056786,3,10.989151539056786,1,0,0,anti_homophones
3113,yi4neng1hI4e4,13,-11.406120054147616,4,11.406120054147616,1,0,0,anti_homophones
3114,yin1qing4,9,-5.9989843543076375,2,5.9989843543076375,1,0,0,anti_homophones
3115,sV1,3,-4.199793650866248,1,4.199793650866248,1,1,10,anti_homophones
3116,ben4wE1,7,-7.927237187923378,2,7.927237187923378,1,0,0,anti_homophones
3117,yi1ru4,6,-5.301654422991495,2,5.301654422991495,1,0,16,anti_homophones
3118,pu3xL2qu3,9,-8.550543677230811,3,8.550543677230811,1,0,0,anti_homophones
3119,yu4yUn4xin1,11,-8.162816163341635,3,8.162816163341635,1,0,1,anti_homophones
3120,mang3,5,-4.027324372890727,1,4.027324372890727,1,0,18,anti_homophones
3121,yUn4mu3du4,10,-9.886552082772642,3,9.886552082772642,1,0,0,anti_homophones
3122,gA1,3,-4.649654831835933,1,4.649654831835933,1,0,20,anti_homophones
3123,jW1lv4se4,9,-6.466710463035177,3,6.466710463035177,1,0,0,anti_homophones
3124,zhe4shu4,8,-6.665659195388807,2,6.665659195388807,1,0,3,anti_homophones
3125,bing1,5,-3.4407317891120552,1,3.4407317891120552,1,2,15,anti_homophones
3126,si1zhi3,7,-5.9451676698833475,2,5.9451676698833475,1,0,4,anti_homophones
3127,zi4chu2,7,-5.997000251200795,2,5.997000251200795,1,0,1,anti_homophones
3128,dQ3gong1,8,-6.323638957255649,2,6.323638957255649,1,0,1,anti_homophones
3129,shUng1chang4xLn4,16,-9.332674029897976,3,9.332674029897976,1,0,0,anti_homophones
3130,zhong3yun2,10,-7.14925149591376,2,7.14925149591376,1,0,0,anti_homophones
3131,bE4ren2,7,-5.720624848789643,2,5.720624848789643,1,1,4,anti_homophones
3132,ming1lu1,8,-6.874483843857304,2,6.874483843857304,1,0,0,anti_homophones
3133,jM2hu2neng1,11,-8.519935351130142,3,8.519935351130142,1,0,0,anti_homophones
3134,jL3dLn4chu2,11,-10.10287455565252,3,10.10287455565252,1,0,0,anti_homophones
3135,ma2li5,6,-6.27752567885978,2,6.27752567885978,1,0,3,anti_homophones
3136,fan2yun5hu1,11,-9.394132779323229,3,9.394132779323229,1,0,0,anti_homophones
3137,zeng4meng1ma3zhong1,19,-13.953757869772923,4,13.953757869772923,1,0,0,anti_homophones
3138,xL4xW4,6,-5.599568105952592,2,5.599568105952592,1,1,3,anti_homophones
3139,yi1wang3gI3yi4,14,-11.134294167785184,4,11.134294167785184,1,0,0,anti_homophones
3140,yang3mo2,8,-6.609442708944553,2,6.609442708944553,1,0,1,anti_homophones
3141,bA3bA3,6,-6.3088085005822085,2,6.3088085005822085,1,0,2,anti_homophones
3142,sheng1xin1,10,-5.24796829353522,2,5.24796829353522,1,1,7,anti_homophones
3143,cI1,3,-4.184705029958056,1,4.184705029958056,1,0,12,anti_homophones
3144,hu4shUn4,8,-7.369110053067839,2,7.369110053067839,1,0,0,anti_homophones
3145,da3tA2,6,-5.326248195299579,2,5.326248195299579,1,0,5,anti_homophones
3146,gU3lK2li5,9,-8.995581006971166,3,8.995581006971166,1,0,0,anti_homophones
3147,kUn1jL1,7,-6.4650418086216,2,6.4650418086216,1,0,3,anti_homophones
3148,mW4bi2zheng4,12,-11.029294417973794,3,11.029294417973794,1,0,0,anti_homophones
3149,jL1ju1,6,-5.659858174315793,2,5.659858174315793,1,0,3,anti_homophones
3150,hU1da4zhi4,10,-8.388214522545944,3,8.388214522545944,1,0,0,anti_homophones
3151,xu1wu1long1,11,-8.95228691148457,3,8.95228691148457,1,0,0,anti_homophones
3152,sha3bQ4,7,-6.334753463287494,2,6.334753463287494,1,0,1,anti_homophones
3153,zhi4zO4,7,-5.630199414428776,2,5.630199414428776,1,0,3,anti_homophones
3154,ma4ju4ci4shi4,13,-12.040689781320888,4,12.040689781320888,1,0,0,anti_homophones
3155,pin3cA4,7,-6.192735710804097,2,6.192735710804097,1,0,2,anti_homophones
3156,dO1dV4,6,-6.0086247028855535,2,6.0086247028855535,1,0,3,anti_homophones
3157,nLn1,4,-5.214550387257236,1,5.214550387257236,1,0,10,anti_homophones
3158,xing2jM1shi2,12,-8.195295654154997,3,8.195295654154997,1,0,0,anti_homophones
3159,qLn3dI4,7,-6.061668916014198,2,6.061668916014198,1,0,0,anti_homophones
3160,chu1dA4,7,-5.694695646349203,2,5.694695646349203,1,1,3,anti_homophones
3161,lun2jing1qi4,12,-8.644528718247638,3,8.644528718247638,1,0,0,anti_homophones
3162,er4xin1yu2,10,-7.702572732315335,3,7.702572732315335,1,0,0,anti_homophones
3163,ji4xun4,7,-6.155109323344923,2,6.155109323344923,1,0,3,anti_homophones
3164,sheng2dLn4,10,-5.823088553628878,2,5.823088553628878,1,0,4,anti_homophones
3165,can1shi4bu4wE4,14,-9.96183412890732,4,9.96183412890732,1,0,0,anti_homophones
3166,gu1wu1,6,-6.595506520811333,2,6.595506520811333,1,0,1,anti_homophones
3167,mE2pang2,8,-6.396985338825318,2,6.396985338825318,1,0,1,anti_homophones
3168,xW3gong2,8,-5.614138968555474,2,5.614138968555474,1,0,2,anti_homophones
3169,ba3hQ4,6,-7.841713272273879,2,7.841713272273879,1,0,0,anti_homophones
3170,qing2zhi3,9,-5.72635678713278,2,5.72635678713278,1,0,4,anti_homophones
3171,gU4mo1,6,-7.364288673519317,2,7.364288673519317,1,0,0,anti_homophones
3172,feng1zO4,8,-5.465918582272428,2,5.465918582272428,1,0,1,anti_homophones
3173,shi2zhu1zong4,13,-9.604050132103122,3,9.604050132103122,1,0,0,anti_homophones
3174,shang1hO3peng1fu2,17,-12.262747762577916,4,12.262747762577916,1,0,0,anti_homophones
3175,yu4mu4,6,-5.1498239003131445,2,5.1498239003131445,1,1,7,anti_homophones
3176,wE2ming1tan4gan1,16,-12.198171298532642,4,12.198171298532642,1,0,0,anti_homophones
3177,bE4wen4xLn4pW4,14,-11.790765995494176,4,11.790765995494176,1,0,0,anti_homophones
3178,qi3er2,6,-5.6824016393743415,2,5.6824016393743415,1,0,3,anti_homophones
3179,cA2fa3,6,-5.5102453922499866,2,5.5102453922499866,1,0,3,anti_homophones
3180,wang2qu1,8,-6.055644901915339,2,6.055644901915339,1,0,1,anti_homophones
3181,zI3,3,-3.736413562575937,1,3.736413562575937,1,0,12,anti_homophones
3182,ye3xi1,6,-5.730124648472288,2,5.730124648472288,1,1,1,anti_homophones
3183,di4chu1,7,-5.933529553488301,2,5.933529553488301,1,0,2,anti_homophones
3184,ting2kong1,10,-6.314073247981128,2,6.314073247981128,1,0,1,anti_homophones
3185,bu4qu3gu3,9,-8.18344139037468,3,8.18344139037468,1,0,0,anti_homophones
3186,lV4dA4,6,-5.513312770836517,2,5.513312770836517,1,0,2,anti_homophones
3187,ben3du2,7,-6.019031446834278,2,6.019031446834278,1,0,2,anti_homophones
3188,A4sQ1,5,-6.864800267478018,2,6.864800267478018,1,0,0,anti_homophones
3189,shi3pin3qi4,11,-8.663935139153804,3,8.663935139153804,1,0,0,anti_homophones
3190,jing2xing4jin4,14,-8.37856108172712,3,8.37856108172712,1,0,0,anti_homophones
3191,pi1yC4ji4,9,-8.683041417996284,3,8.683041417996284,1,0,0,anti_homophones
3192,jLn1mu4,7,-5.8782349126741655,2,5.8782349126741655,1,0,4,anti_homophones
3193,yong4ren2,9,-5.712259485914969,2,5.712259485914969,1,0,4,anti_homophones
3194,feng2yan2,9,-5.743698671948978,2,5.743698671948978,1,0,4,anti_homophones
3195,xW3shi2,7,-4.925565764333766,2,4.925565764333766,1,0,4,anti_homophones
3196,nLng1,5,-4.393521242977977,1,4.393521242977977,1,0,9,anti_homophones
3197,ti2mQ4,6,-5.8905807911238295,2,5.8905807911238295,1,1,4,anti_homophones
3198,pM4ju2shV3su4,13,-14.454468936023288,4,14.454468936023288,1,0,0,anti_homophones
3199,he2ya2,6,-6.249653835106569,2,6.249653835106569,1,0,1,anti_homophones
3200,yan4li3cang2ren2,16,-11.633680765213816,4,11.633680765213816,1,0,0,anti_homophones
3201,hu2sO3da4ren2,13,-10.51341995819523,4,10.51341995819523,1,0,0,anti_homophones
3202,fa1dUn1dI4,10,-9.264381213064178,3,9.264381213064178,1,0,0,anti_homophones
3203,geng4,5,-4.189848330989697,1,4.189848330989697,1,0,13,anti_homophones
3204,she3,4,-3.7358486386114382,1,3.7358486386114382,1,0,14,anti_homophones
3205,kO4bing4,8,-6.184476314240324,2,6.184476314240324,1,0,0,anti_homophones
3206,si4,3,-3.4465933248948293,1,3.4465933248948293,1,2,21,anti_homophones
3207,tu2bu4qu1,9,-7.670366627309391,3,7.670366627309391,1,0,0,anti_homophones
3208,dang3yi3da4zhUng1,17,-12.870916307287766,4,12.870916307287766,1,0,0,anti_homophones
3209,ma2zI1dong4,11,-9.600180108119236,3,9.600180108119236,1,0,0,anti_homophones
3210,ying2gUn1,9,-5.7778041718223685,2,5.7778041718223685,1,0,2,anti_homophones
3211,ding3,5,-3.8268277393815238,1,3.8268277393815238,1,1,14,anti_homophones
3212,lE4xing4,8,-5.939041108286105,2,5.939041108286105,1,0,1,anti_homophones
3213,gQ1ce4,6,-5.788105689831507,2,5.788105689831507,1,0,2,anti_homophones
3214,dLn4xC2,7,-5.7178651669371865,2,5.7178651669371865,1,0,1,anti_homophones
3215,ke3lLng2gUn1he2,15,-11.18015063072678,4,11.18015063072678,1,0,0,anti_homophones
3216,mo4shi2,7,-5.386474709011237,2,5.386474709011237,1,0,6,anti_homophones
3217,gO4jW1,6,-5.886536572061243,2,5.886536572061243,1,0,3,anti_homophones
3218,feng2ji4yu2dUn4,15,-11.720499723277584,4,11.720499723277584,1,0,0,anti_homophones
3219,hUn1ning4hQ2zhe2,16,-15.25444320509806,4,15.25444320509806,1,0,0,anti_homophones
3220,jM2ji2,6,-5.27843264350316,2,5.27843264350316,1,0,3,anti_homophones
3221,zhUn2zhu2,9,-6.728231518319538,2,6.728231518319538,1,0,2,anti_homophones
3222,yi1tA2,6,-5.202663519471285,2,5.202663519471285,1,1,6,anti_homophones
3223,bu4yu3ru3,9,-8.175500098895801,3,8.175500098895801,1,0,0,anti_homophones
3224,re4chong4,9,-6.533060454068817,2,6.533060454068817,1,0,1,anti_homophones
3225,hO3shu1xun4,11,-8.552971227532009,3,8.552971227532009,1,0,0,anti_homophones
3226,mi2lLng2,8,-6.249349836279063,2,6.249349836279063,1,0,1,anti_homophones
3227,he2fang2,8,-5.462324865971357,2,5.462324865971357,1,0,4,anti_homophones
3228,qi2zhi4zi5,10,-7.8515870826758505,3,7.8515870826758505,1,0,0,anti_homophones
3229,lQ3yi4,6,-5.044623138448842,2,5.044623138448842,1,0,7,anti_homophones
3230,shan2gong1,10,-6.732301476418255,2,6.732301476418255,1,0,0,anti_homophones
3231,zhUn1chang4xi4,14,-9.45779447866833,3,9.45779447866833,1,0,0,anti_homophones
3232,wu2yi4tong2,11,-7.7702046500431035,3,7.7702046500431035,1,0,0,anti_homophones
3233,qing1zheng1,11,-6.081824286673929,2,6.081824286673929,1,0,0,anti_homophones
3234,ma4,3,-3.962469215689809,1,3.962469215689809,1,1,20,anti_homophones
3235,jW1jM4jing3,11,-8.751096431820354,3,8.751096431820354,1,0,0,anti_homophones
3236,yun1gan1sI2,11,-11.480094480735932,3,11.480094480735932,1,0,0,anti_homophones
3237,chV2jL1,7,-5.586830610943107,2,5.586830610943107,1,0,2,anti_homophones
3238,hO3li2shI3di3,13,-12.380924419320142,4,12.380924419320142,1,0,0,anti_homophones
3239,cong1xu3,8,-7.156404988545354,2,7.156404988545354,1,0,0,anti_homophones
3240,pin2kA1hU4jL4,13,-11.020115766961563,4,11.020115766961563,1,0,0,anti_homophones
3241,yi4ji1,6,-5.232616473379468,2,5.232616473379468,1,0,15,anti_homophones
3242,zQ4ci2,6,-5.585687404742708,2,5.585687404742708,1,0,5,anti_homophones
3243,bo1sUn4,7,-6.737951599745314,2,6.737951599745314,1,0,2,anti_homophones
3244,man3fE4,7,-6.0329358068717704,2,6.0329358068717704,1,0,1,anti_homophones
3245,dQ3hU4shU3hUn4,14,-12.06955352770205,4,12.06955352770205,1,0,0,anti_homophones
3246,re4zhong4,9,-6.437142357411556,2,6.437142357411556,1,0,2,anti_homophones
3247,qin1xing1,9,-5.952050657847572,2,5.952050657847572,1,1,2,anti_homophones
3248,hong3zi3,8,-6.874067067384277,2,6.874067067384277,1,0,0,anti_homophones
3249,hUn1hu5,7,-7.076400919278185,2,7.076400919278185,1,0,0,anti_homophones
3250,zi4yV2dang2,11,-8.280207114561259,3,8.280207114561259,1,0,0,anti_homophones
3251,yV2sheng2,9,-6.043809988743273,2,6.043809988743273,1,0,3,anti_homophones
3252,hQ3shu2,7,-6.623791176678019,2,6.623791176678019,1,0,2,anti_homophones
3253,yi1di4bA2,9,-8.175145857833506,3,8.175145857833506,1,0,0,anti_homophones
3254,jW4si4,6,-6.402512307064469,2,6.402512307064469,1,1,7,anti_homophones
3255,ping4dang4,10,-6.617175308095211,2,6.617175308095211,1,0,2,anti_homophones
3256,jW1tong2mu4,11,-7.759442224102106,3,7.759442224102106,1,0,0,anti_homophones
3257,xi1yong1,8,-6.155745613688045,2,6.155745613688045,1,0,3,anti_homophones
3258,cheng1yC4ji1,12,-8.20009429918472,3,8.20009429918472,1,0,0,anti_homophones
3259,hUn1nQ3ze2,10,-9.217359505748162,3,9.217359505748162,1,0,0,anti_homophones
3260,jW1jin1,7,-5.473081674695434,2,5.473081674695434,1,0,7,anti_homophones
3261,chUng1chUng4zi4gan1,19,-13.006073639634746,4,13.006073639634746,1,0,0,anti_homophones
3262,chang3feng1jL5,14,-9.942652767971685,3,9.942652767971685,1,0,0,anti_homophones
3263,lv3sheng4,9,-6.625613948064325,2,6.625613948064325,1,0,0,anti_homophones
3264,jing4wu2zheng1jin4,18,-11.346837653484261,4,11.346837653484261,1,0,0,anti_homophones
3265,fu4qi4,6,-4.654078455436677,2,4.654078455436677,1,1,10,anti_homophones
3266,lin5,4,-5.480628561660119,1,5.480628561660119,1,0,2,anti_homophones
3267,jL1zi5,6,-4.518010961686708,2,4.518010961686708,1,2,6,anti_homophones
3268,jW4meng1cA5,11,-10.530092600569915,3,10.530092600569915,1,0,0,anti_homophones
3269,tong4xi3,8,-6.519304247345561,2,6.519304247345561,1,0,1,anti_homophones
3270,da3fE4fa3,9,-8.275044046554877,3,8.275044046554877,1,0,0,anti_homophones
3271,xW3xing4,8,-4.923491452448372,2,4.923491452448372,1,0,8,anti_homophones
3272,gO1,3,-3.830627634171642,1,3.830627634171642,1,1,15,anti_homophones
3273,dQ4qi4gUn1jLn3,14,-11.022483649905704,4,11.022483649905704,1,0,0,anti_homophones
3274,hU4zhe2ba4,10,-10.251953361029429,3,10.251953361029429,1,0,0,anti_homophones
3275,mE2tV2hU4,9,-7.587172788403987,3,7.587172788403987,1,0,0,anti_homophones
3276,zi4yUn4zI4,10,-8.205448087407639,3,8.205448087407639,1,0,0,anti_homophones
3277,kA1wan4cheng1,13,-8.81940139230493,3,8.81940139230493,1,0,0,anti_homophones
3278,yan4teng3,9,-8.225763899925228,2,8.225763899925228,1,0,0,anti_homophones
3279,po2jW3jM1dM1,12,-11.663454160018215,4,11.663454160018215,1,0,0,anti_homophones
3280,ye3jLng2,8,-6.569425875747165,2,6.569425875747165,1,0,1,anti_homophones
3281,tW2lK2,6,-5.839435490971786,2,5.839435490971786,1,1,0,anti_homophones
3282,bA3ge1bE3yi4,12,-12.434477079845417,4,12.434477079845417,1,0,0,anti_homophones
3283,xLn3zhUn1jW4zhe3,16,-12.500760680479557,4,12.500760680479557,1,0,0,anti_homophones
3284,dLn4zi5,7,-4.664035724427925,2,4.664035724427925,1,2,8,anti_homophones
3285,shQ1shu1shI3,12,-8.61734833066049,3,8.61734833066049,1,0,0,anti_homophones
3286,gu3shu4,7,-5.476494070230924,2,5.476494070230924,1,0,3,anti_homophones
3287,zhUng4zi3,9,-6.329800304360044,2,6.329800304360044,1,0,1,anti_homophones
3288,she4yi4yi4,10,-7.5092576196860055,3,7.5092576196860055,1,0,0,anti_homophones
3289,za2jing4ren2,12,-8.400256554734506,3,8.400256554734506,1,0,0,anti_homophones
3290,chu3dUn4lK2,11,-9.63122424986414,3,9.63122424986414,1,0,0,anti_homophones
3291,da4cA3,6,-5.436797422024625,2,5.436797422024625,1,0,3,anti_homophones
3292,gong2yan2,9,-5.6747426773325795,2,5.6747426773325795,1,0,3,anti_homophones
3293,gI3hu4lW4,9,-8.00586605608921,3,8.00586605608921,1,0,0,anti_homophones
3294,mE4,3,-3.8272563145570673,1,3.8272563145570673,1,0,18,anti_homophones
3295,bu4sheng3,9,-5.840234317356009,2,5.840234317356009,1,0,1,anti_homophones
3296,jK4ren2hU1,10,-8.080412387261381,3,8.080412387261381,1,0,0,anti_homophones
3297,kong1bi3zi5,11,-8.410610651796873,3,8.410610651796873,1,0,0,anti_homophones
3298,tang4xin1,9,-6.020793891251343,2,6.020793891251343,1,0,2,anti_homophones
3299,hI2yi1shan4,11,-8.251300753004736,3,8.251300753004736,1,0,0,anti_homophones
3300,hUng4yQ4,8,-6.332559391449776,2,6.332559391449776,1,0,1,anti_homophones
3301,sA1yV3shan4,11,-9.431244857932635,3,9.431244857932635,1,0,0,anti_homophones
3302,gV1chO4,7,-8.096358180039003,2,8.096358180039003,1,0,0,anti_homophones
3303,xi4ban1xin1,11,-8.325190140628967,3,8.325190140628967,1,0,0,anti_homophones
3304,leng2deng1,10,-6.790799737647771,2,6.790799737647771,1,0,0,anti_homophones
3305,bo1di3kV3qi4,12,-10.856321871695386,4,10.856321871695386,1,0,0,anti_homophones
3306,nong1,5,-3.607688707837015,1,3.607688707837015,1,1,16,anti_homophones
3307,mo4lO4,6,-5.35599832184802,2,5.35599832184802,1,0,1,anti_homophones
3308,dong1xLn3,9,-6.401432728677807,2,6.401432728677807,1,0,2,anti_homophones
3309,chu1zE2li3,10,-8.416564310059446,3,8.416564310059446,1,0,0,anti_homophones
3310,tu2zhu3ban4,11,-9.127591585951883,3,9.127591585951883,1,0,0,anti_homophones
3311,shV3xu4shi4,11,-7.2638508604780565,3,7.2638508604780565,1,0,0,anti_homophones
3312,de2jC2,6,-6.208222507311202,2,6.208222507311202,1,0,0,anti_homophones
3313,neng2kong1yV2,13,-9.893423889513254,3,9.893423889513254,1,0,0,anti_homophones
3314,xL4zu2qUn2,10,-9.236154632291758,3,9.236154632291758,1,0,0,anti_homophones
3315,shan1jW4yang2,13,-9.188848945076597,3,9.188848945076597,1,0,0,anti_homophones
3316,si1sUn4,7,-6.171221414594607,2,6.171221414594607,1,0,2,anti_homophones
3317,jM2hO4yong4,11,-8.15330931447451,3,8.15330931447451,1,0,0,anti_homophones
3318,jLng3,5,-3.6718669237758594,1,3.6718669237758594,1,2,9,anti_homophones
3319,rV2mLn4hI4,10,-8.847057345562327,3,8.847057345562327,1,0,0,anti_homophones
3320,leng4ming3shV3,14,-9.97739703875604,3,9.97739703875604,1,0,0,anti_homophones
3321,ma3yang1,8,-6.523891237021341,2,6.523891237021341,1,0,2,anti_homophones
3322,xi2qK2jC2,9,-9.386292804058048,3,9.386292804058048,1,0,0,anti_homophones
3323,shi2ji2,7,-5.321859782619578,2,5.321859782619578,1,0,5,anti_homophones
3324,xL4jLn4hU4dLn3,14,-12.087263062889672,4,12.087263062889672,1,0,0,anti_homophones
3325,shV3tW2sheng3xK4,16,-12.083704947534658,4,12.083704947534658,1,0,0,anti_homophones
3326,fu4xL4li4lW4,12,-10.620546859807783,4,10.620546859807783,1,0,0,anti_homophones
3327,V1men2,6,-5.319355153264638,2,5.319355153264638,1,0,1,anti_homophones
3328,chan3,5,-3.620237682246109,1,3.620237682246109,1,2,10,anti_homophones
3329,li2qu4,6,-5.790712237790947,2,5.790712237790947,1,0,4,anti_homophones
3330,song2li2jin1,12,-9.65821520493037,3,9.65821520493037,1,0,0,anti_homophones
3331,di1shi4,7,-5.187643244684172,2,5.187643244684172,1,2,9,anti_homophones
3332,zhUn1min2shang2xing2,20,-12.399096742256596,4,12.399096742256596,1,0,0,anti_homophones
3333,tV2ping1,8,-6.0390075038614635,2,6.0390075038614635,1,0,0,anti_homophones
3334,chUng1kUng1gO4,14,-9.983436214643723,3,9.983436214643723,1,0,0,anti_homophones
3335,cha2men2,8,-5.635099506310621,2,5.635099506310621,1,0,2,anti_homophones
3336,er4,3,-3.7499695266852404,1,3.7499695266852404,1,1,2,anti_homophones
3337,yUn4shi4,8,-5.591184600417796,2,5.591184600417796,1,0,4,anti_homophones
3338,tu3wE4shi4,10,-7.425407899712467,3,7.425407899712467,1,0,0,anti_homophones
3339,ru2qYng1,8,-6.037108706389699,2,6.037108706389699,1,0,1,anti_homophones
3340,da3dQ3,6,-5.477161877219564,2,5.477161877219564,1,0,2,anti_homophones
3341,shan4shu1,9,-5.99592988440522,2,5.99592988440522,1,0,3,anti_homophones
3342,bi3lA4,6,-5.705846567067732,2,5.705846567067732,1,0,6,anti_homophones
3343,yi3yi1,6,-6.301861783656458,2,6.301861783656458,1,0,5,anti_homophones
3344,bi4he2fan2wen2,14,-11.178450223024521,4,11.178450223024521,1,0,0,anti_homophones
3345,yu4hen1ji1,10,-8.649138784344398,3,8.649138784344398,1,0,0,anti_homophones
3346,lW2xi4tan2shu4,14,-12.03221156060586,4,12.03221156060586,1,0,0,anti_homophones
3347,chUn4hU4zI3,11,-10.737031774528079,3,10.737031774528079,1,0,0,anti_homophones
3348,shu1gV1xUn2,11,-9.319639812410024,3,9.319639812410024,1,0,0,anti_homophones
3349,fE4di2,6,-6.3602926804865145,2,6.3602926804865145,1,0,0,anti_homophones
3350,hong1mo2,8,-6.867716749118872,2,6.867716749118872,1,0,0,anti_homophones
3351,san1yC4,7,-5.575387930496198,2,5.575387930496198,1,0,4,anti_homophones
3352,bi3mLn3xLng2mi4,15,-12.390199102778345,4,12.390199102778345,1,0,0,anti_homophones
3353,mE3ren2,7,-4.5813137600952665,2,4.5813137600952665,1,2,2,anti_homophones
3354,zheng3,6,-3.6521137474436913,1,3.6521137474436913,1,1,10,anti_homophones
3355,shu3dLn3shi1ti2,15,-12.572856396500814,4,12.572856396500814,1,0,0,anti_homophones
3356,yV2yong3,8,-5.691620721071842,2,5.691620721071842,1,0,2,anti_homophones
3357,ping1qi1,8,-6.086327750044952,2,6.086327750044952,1,0,2,anti_homophones
3358,jLng1zheng2ya2,14,-9.600427158464269,3,9.600427158464269,1,0,0,anti_homophones
3359,sheng3yi3,9,-6.622844266627634,2,6.622844266627634,1,0,2,anti_homophones
3360,xin1yu3,7,-5.423031244219949,2,5.423031244219949,1,1,5,anti_homophones
3361,dUn3hI4ma3,10,-9.797623577687638,3,9.797623577687638,1,0,0,anti_homophones
3362,xC4pQ2,6,-6.080507338853705,2,6.080507338853705,1,0,1,anti_homophones
3363,shang4dW4,9,-6.356105059199474,2,6.356105059199474,1,0,1,anti_homophones
3364,run4zhi1,8,-6.567000608785193,2,6.567000608785193,1,0,0,anti_homophones
3365,zQ3sQ3xL4tLn2,13,-12.247886985396516,4,12.247886985396516,1,0,0,anti_homophones
3366,bA2ri4er3bE4,12,-10.05490617654066,4,10.05490617654066,1,0,0,anti_homophones
3367,jin1bu4,7,-5.47350532940268,2,5.47350532940268,1,0,4,anti_homophones
3368,qK2qi4,6,-5.4445926976822285,2,5.4445926976822285,1,0,3,anti_homophones
3369,ye4wE4,6,-5.533404668613989,2,5.533404668613989,1,1,8,anti_homophones
3370,chA1sha1che1,12,-9.061197163619111,3,9.061197163619111,1,0,0,anti_homophones
3371,wu2sheng1zhi3,13,-7.821029725588068,3,7.821029725588068,1,0,0,anti_homophones
3372,zheng4xing1,11,-6.183451707707479,2,6.183451707707479,1,0,2,anti_homophones
3373,nA4hang4,8,-6.387889449677041,2,6.387889449677041,1,2,4,anti_homophones
3374,pA1hO5,6,-7.049785982416752,2,7.049785982416752,1,0,0,anti_homophones
3375,ta1she2xin1,11,-9.573288644605626,3,9.573288644605626,1,0,0,anti_homophones
3376,xW1su4,6,-5.066289580367863,2,5.066289580367863,1,2,4,anti_homophones
3377,xM1jin4,7,-6.644663223900316,2,6.644663223900316,1,0,2,anti_homophones
3378,can1ning2,9,-7.8859408175708365,2,7.8859408175708365,1,0,3,anti_homophones
3379,zi1shang3,9,-6.618243004607652,2,6.618243004607652,1,0,3,anti_homophones
3380,shu1yan4xin1,12,-8.620386940237305,3,8.620386940237305,1,0,0,anti_homophones
3381,A4gu4er3,8,-9.050688649224206,3,9.050688649224206,1,0,0,anti_homophones
3382,de2qi4gang3,11,-9.510429818900047,3,9.510429818900047,1,0,0,anti_homophones
3383,ni2tong1,8,-6.4667194579174145,2,6.4667194579174145,1,0,0,anti_homophones
3384,shang1li4,9,-5.699591143016082,2,5.699591143016082,1,0,2,anti_homophones
3385,nan2chun3pa4,12,-10.7174321956799,3,10.7174321956799,1,0,0,anti_homophones
3386,ya2yi3,6,-6.443539114233285,2,6.443539114233285,1,0,1,anti_homophones
3387,hU1cA2,6,-5.532262655576868,2,5.532262655576868,1,0,0,anti_homophones
3388,jM1gQ1gU4jL1,12,-11.545287717662708,4,11.545287717662708,1,0,0,anti_homophones
3389,gan1hong2,9,-6.551102334370721,2,6.551102334370721,1,0,1,anti_homophones
3390,jC2shu4jing1bing3,17,-11.908044989478197,4,11.908044989478197,1,0,0,anti_homophones
3391,pin2xing2li3,12,-9.228517817552722,3,9.228517817552722,1,0,0,anti_homophones
3392,tLn1ke1,7,-6.2260079026300925,2,6.2260079026300925,1,1,0,anti_homophones
3393,lQ3zhi1,7,-5.47284216019232,2,5.47284216019232,1,0,3,anti_homophones
3394,bQ4ye4,6,-5.343296329805049,2,5.343296329805049,1,2,6,anti_homophones
3395,de5li5,6,-6.212035337602811,2,6.212035337602811,1,0,0,anti_homophones
3396,te4shi4,7,-5.002203341163442,2,5.002203341163442,1,0,4,anti_homophones
3397,lQ3,3,-3.387701716604414,1,3.387701716604414,1,4,19,anti_homophones
3398,tLn1ru4,7,-5.547643707436409,2,5.547643707436409,1,0,6,anti_homophones
3399,tang1shu4,9,-6.387415515037572,2,6.387415515037572,1,0,3,anti_homophones
3400,tI4hu4heng2,11,-10.144448841761342,3,10.144448841761342,1,0,0,anti_homophones
3401,hI2xC2,6,-6.266273339688118,2,6.266273339688118,1,0,4,anti_homophones
3402,ke3gQ4chu1cA3,13,-11.534032885469966,4,11.534032885469966,1,0,0,anti_homophones
3403,ge4shu4,7,-5.835879200325708,2,5.835879200325708,1,1,2,anti_homophones
3404,ba1si1,6,-6.826339478005828,2,6.826339478005828,1,0,4,anti_homophones
3405,cong3,5,-4.134198032958596,1,4.134198032958596,1,0,10,anti_homophones
3406,cun2er2mW2dong1,15,-12.201824328000116,4,12.201824328000116,1,0,0,anti_homophones
3407,lLng4,5,-3.2677026809280356,1,3.2677026809280356,1,2,12,anti_homophones
3408,yV4shu4,7,-5.569112946702504,2,5.569112946702504,1,1,7,anti_homophones
3409,xLn1pQ4,7,-6.3387647791418695,2,6.3387647791418695,1,0,3,anti_homophones
3410,yin2lO2,7,-6.56241569779365,2,6.56241569779365,1,0,0,anti_homophones
3411,xin1wen2dA4yu2,14,-10.742078029087901,4,10.742078029087901,1,0,0,anti_homophones
3412,A4yu3,5,-5.974845969358993,2,5.974845969358993,1,0,4,anti_homophones
3413,wA4shi4,7,-4.967068160005446,2,4.967068160005446,1,0,7,anti_homophones
3414,man4fu4,7,-6.727797303226148,2,6.727797303226148,1,0,1,anti_homophones
3415,meng2xC2jL1,11,-8.44549714649493,3,8.44549714649493,1,0,0,anti_homophones
3416,chi4jK4,7,-6.854954057487523,2,6.854954057487523,1,0,2,anti_homophones
3417,dong1cA2hQ4,11,-9.069409538053934,3,9.069409538053934,1,0,0,anti_homophones
3418,ku1zi5,6,-5.461498558945238,2,5.461498558945238,1,0,6,anti_homophones
3419,zheng2xW3zhan2,14,-9.932098274881152,3,9.932098274881152,1,0,0,anti_homophones
3420,yi1lA2yV3fang4,14,-10.477726096506343,4,10.477726096506343,1,0,0,anti_homophones
3421,sO3zi4wE2,9,-9.43841630123187,3,9.43841630123187,1,0,0,anti_homophones
3422,bA4shUng1mE2su4,15,-12.936567284048895,4,12.936567284048895,1,0,0,anti_homophones
3423,mi2mu4,6,-5.631926515188566,2,5.631926515188566,1,0,6,anti_homophones
3424,gong2dQ4xC2ji1,14,-10.445367475061728,4,10.445367475061728,1,0,0,anti_homophones
3425,tW4wang4,8,-6.548198187063792,2,6.548198187063792,1,0,0,anti_homophones
3426,chI2kI2hUng4,12,-9.357975034384147,3,9.357975034384147,1,0,0,anti_homophones
3427,qi4jing1xC2,11,-9.066130391028356,3,9.066130391028356,1,0,0,anti_homophones
3428,zhi4mu3wE4,10,-10.538070230646536,3,10.538070230646536,1,0,0,anti_homophones
3429,wang4ji4lu2,11,-9.511037024482881,3,9.511037024482881,1,0,0,anti_homophones
3430,zi4yC1,6,-5.397878972526808,2,5.397878972526808,1,0,5,anti_homophones
3431,yV3wo4tLn1,10,-8.477277468604498,3,8.477277468604498,1,0,0,anti_homophones
3432,nang4du4,8,-6.9804095121811,2,6.9804095121811,1,0,0,anti_homophones
3433,mu4kUn1tu3,10,-9.832062856769276,3,9.832062856769276,1,0,0,anti_homophones
3434,fE4xu1,6,-6.655742147774746,2,6.655742147774746,1,0,1,anti_homophones
3435,jW4chang4,9,-5.960115459888457,2,5.960115459888457,1,1,2,anti_homophones
3436,ceng1bQ1rQ3,11,-9.810604579257097,3,9.810604579257097,1,0,0,anti_homophones
3437,gQ1nM2zhUn4,11,-10.1104156465223,3,10.1104156465223,1,0,0,anti_homophones
3438,pu1chang2re4,12,-9.52578695928467,3,9.52578695928467,1,0,0,anti_homophones
3439,chan1ji1,8,-5.7440387702654006,2,5.7440387702654006,1,0,3,anti_homophones
3440,xC2ye4,6,-5.752421987042934,2,5.752421987042934,1,0,2,anti_homophones
3441,lB4jL1,6,-5.858873747410401,2,5.858873747410401,1,0,1,anti_homophones
3442,peng1yang1hu4qK2,16,-13.51573862621887,4,13.51573862621887,1,0,0,anti_homophones
3443,ren4bQ1tA1,10,-9.11971937248229,3,9.11971937248229,1,0,0,anti_homophones
3444,yi1bE1ban1bu3,13,-11.008262205268622,4,11.008262205268622,1,0,0,anti_homophones
3445,shI3ding1,9,-6.252749640550138,2,6.252749640550138,1,0,2,anti_homophones
3446,jing1ban4,9,-5.993737553240662,2,5.993737553240662,1,0,1,anti_homophones
3447,qC3,3,-5.409350211426254,1,5.409350211426254,1,0,7,anti_homophones
3448,yi1sha1,7,-5.343069208628608,2,5.343069208628608,1,0,7,anti_homophones
3449,dang4nQ3xing4tu2,16,-12.38879461007437,4,12.38879461007437,1,0,0,anti_homophones
3450,wu4li4zhun1,11,-9.487425916978486,3,9.487425916978486,1,0,0,anti_homophones
3451,lK2he2che1,10,-7.903201813123987,3,7.903201813123987,1,0,0,anti_homophones
3452,she4dA4,7,-5.519445409204241,2,5.519445409204241,1,0,1,anti_homophones
3453,ji4tUn2,7,-5.81946234852023,2,5.81946234852023,1,0,2,anti_homophones
3454,he2qing4li4,11,-7.8730489469210045,3,7.8730489469210045,1,0,0,anti_homophones
3455,zhu2tA1jing2ji4,15,-12.39381894043709,4,12.39381894043709,1,0,0,anti_homophones
3456,lM4chUn4fan1,12,-10.275850579720101,3,10.275850579720101,1,0,0,anti_homophones
3457,xUn3fu4,7,-6.095100422950828,2,6.095100422950828,1,0,4,anti_homophones
3458,wang2xC2,8,-6.116085710105527,2,6.116085710105527,1,0,1,anti_homophones
3459,da4qi3li3xM4,12,-10.759363082483867,4,10.759363082483867,1,0,0,anti_homophones
3460,can3yu4,7,-6.64201232443571,2,6.64201232443571,1,0,3,anti_homophones
3461,xC4ye4li3,9,-7.606686685707689,3,7.606686685707689,1,0,0,anti_homophones
3462,du2zhu4,7,-5.4919436377985225,2,5.4919436377985225,1,0,3,anti_homophones
3463,jL1gu4,6,-6.027684476279206,2,6.027684476279206,1,0,3,anti_homophones
3464,shUn2,5,-3.9005905504784195,1,3.9005905504784195,1,2,7,anti_homophones
3465,ping2ju2,8,-6.396801473667664,2,6.396801473667664,1,0,1,anti_homophones
3466,yan1hQ4,7,-6.131343634941947,2,6.131343634941947,1,0,3,anti_homophones
3467,lQ2dong3jW3zhi2,15,-11.408048291315525,4,11.408048291315525,1,0,0,anti_homophones
3468,jLn4pi2jK4,10,-8.443511750852517,3,8.443511750852517,1,0,0,anti_homophones
3469,wE4jC2,6,-5.422791264319659,2,5.422791264319659,1,0,3,anti_homophones
3470,nM1zQ2,6,-7.255237086635069,2,7.255237086635069,1,0,0,anti_homophones
3471,yan3fan3che1,12,-8.728823523439702,3,8.728823523439702,1,0,0,anti_homophones
3472,kA1chang3yong3,14,-9.281402972819446,3,9.281402972819446,1,0,0,anti_homophones
3473,kan3,4,-4.128692190941712,1,4.128692190941712,1,1,18,anti_homophones
3474,li3hV2cA3hong3,14,-12.780483453691637,4,12.780483453691637,1,0,0,anti_homophones
3475,xW4ren4er5,10,-9.275181711261906,3,9.275181711261906,1,0,0,anti_homophones
3476,nLng4ya1,8,-7.447780701612052,2,7.447780701612052,1,0,0,anti_homophones
3477,pin1cheng1su4,13,-9.550142060908245,3,9.550142060908245,1,0,0,anti_homophones
3478,zhUn2cha2dI4wu4,15,-11.018467814626108,4,11.018467814626108,1,0,0,anti_homophones
3479,xW1sUn4,7,-4.891552520771615,2,4.891552520771615,1,1,0,anti_homophones
3480,kQ3qing2yV2di4,14,-11.28761875215315,4,11.28761875215315,1,0,0,anti_homophones
3481,gV3nLn2,7,-5.996884522060761,2,5.996884522060761,1,0,2,anti_homophones
3482,zhong3yang1san4,15,-10.649633930321551,3,10.649633930321551,1,0,0,anti_homophones
3483,cang4jW4,8,-7.162171856962065,2,7.162171856962065,1,0,0,anti_homophones
3484,cA4gO2,6,-5.864589658924775,2,5.864589658924775,1,1,1,anti_homophones
3485,jun1zheng2hO3chong2,19,-12.209675428651256,4,12.209675428651256,1,0,0,anti_homophones
3486,ju4jM4,6,-5.533988312595899,2,5.533988312595899,1,0,5,anti_homophones
3487,ta1jK4zha4,10,-10.244982281027646,3,10.244982281027646,1,0,0,anti_homophones
3488,hang1,5,-3.7648299071699003,1,3.7648299071699003,1,2,20,anti_homophones
3489,men2lE4zi5,10,-8.317185284092654,3,8.317185284092654,1,0,0,anti_homophones
3490,bQ4bM2,6,-5.623931205763821,2,5.623931205763821,1,0,2,anti_homophones
3491,chen2nv3,8,-6.793040925144865,2,6.793040925144865,1,0,0,anti_homophones
3492,tW1shan3,8,-6.840694281800886,2,6.840694281800886,1,0,0,anti_homophones
3493,shen4qi3li3,11,-8.803665396769567,3,8.803665396769567,1,0,0,anti_homophones
3494,zhi4xUn3hU4,11,-8.943555017361856,3,8.943555017361856,1,0,0,anti_homophones
3495,ming2shi3,9,-6.2092113011796535,2,6.2092113011796535,1,0,1,anti_homophones
3496,kA1chang4,9,-5.592168690627552,2,5.592168690627552,1,1,5,anti_homophones
3497,tI4bi2yan1,10,-9.959545483325234,3,9.959545483325234,1,0,0,anti_homophones
3498,ren2po1pin3,11,-9.331169714947059,3,9.331169714947059,1,0,0,anti_homophones
3499,hU1gUn3zu3cheng2,16,-12.347942573294814,4,12.347942573294814,1,0,0,anti_homophones
3500,shi4zhQ3dA4,11,-9.010773419956772,3,9.010773419956772,1,0,0,anti_homophones
3501,xLn4bM2,7,-5.969080272496129,2,5.969080272496129,1,1,2,anti_homophones
3502,zhun1cheng1jL3,14,-10.483204024435853,3,10.483204024435853,1,0,0,anti_homophones
3503,ni3jin1di2jLn4,14,-13.078536738939894,4,13.078536738939894,1,0,0,anti_homophones
3504,qLn1zi1,7,-5.912565821820215,2,5.912565821820215,1,0,5,anti_homophones
3505,yu2xLn3,7,-6.30233336663811,2,6.30233336663811,1,1,1,anti_homophones
3506,tQ2teng4,8,-6.467263717047739,2,6.467263717047739,1,0,0,anti_homophones
3507,san3xi4,7,-6.6775433432832765,2,6.6775433432832765,1,0,2,anti_homophones
3508,fV3ji2hUng1ji2,14,-11.96342108797333,4,11.96342108797333,1,0,0,anti_homophones
3509,e4ci2zhi3zhan4,14,-12.09916446683068,4,12.09916446683068,1,0,0,anti_homophones
3510,za2hI4,6,-5.297265244885175,2,5.297265244885175,1,0,4,anti_homophones
3511,qi2xLn4,7,-5.449304146379992,2,5.449304146379992,1,0,1,anti_homophones
3512,da4ye4,6,-4.518098611177125,2,4.518098611177125,1,1,10,anti_homophones
3513,zhi1ba3shi4xing4,16,-10.931242710664492,4,10.931242710664492,1,0,0,anti_homophones
3514,mo4li2jK3,9,-8.933207355418439,3,8.933207355418439,1,0,0,anti_homophones
3515,zhi2yong1yi4,12,-8.06450464963137,3,8.06450464963137,1,0,0,anti_homophones
3516,wu4deng1,8,-6.81265733839205,2,6.81265733839205,1,0,1,anti_homophones
3517,wA4le4,6,-7.6800061058764095,2,7.6800061058764095,1,0,6,anti_homophones
3518,cha4xC2,7,-6.227844316346588,2,6.227844316346588,1,0,0,anti_homophones
3519,si1fen4,7,-5.988752571031088,2,5.988752571031088,1,0,2,anti_homophones
3520,tan4yV2,7,-6.1848547101579125,2,6.1848547101579125,1,0,2,anti_homophones
3521,ding4shi4pin3,13,-8.298657353754717,3,8.298657353754717,1,0,0,anti_homophones
3522,sa1qLng4yan4zi5,15,-11.580658963717475,4,11.580658963717475,1,0,0,anti_homophones
3523,bW3hO5,6,-6.908642024342724,2,6.908642024342724,1,0,1,anti_homophones
3524,yi1da3kan1tan2,14,-11.719307048755203,4,11.719307048755203,1,0,0,anti_homophones
3525,shO4yong1,9,-6.806674970624282,2,6.806674970624282,1,0,2,anti_homophones
3526,jun1zhang2fu2,13,-8.652633727902758,3,8.652633727902758,1,0,0,anti_homophones
3527,jLn1jing4,9,-5.761022813742078,2,5.761022813742078,1,0,3,anti_homophones
3528,xing4zhan1,10,-6.618607468889974,2,6.618607468889974,1,0,0,anti_homophones
3529,sheng1xYng2xing1zi5,19,-10.772046657438729,4,10.772046657438729,1,0,0,anti_homophones
3530,heng4zhUng2,11,-7.85669726918399,2,7.85669726918399,1,0,0,anti_homophones
3531,tV1la1,6,-6.4467107429397865,2,6.4467107429397865,1,0,1,anti_homophones
3532,man3lV4qi4,10,-8.968306983127722,3,8.968306983127722,1,0,0,anti_homophones
3533,zan1kUng1bi3,12,-11.161433951547954,3,11.161433951547954,1,0,0,anti_homophones
3534,yi1pan4yV3,10,-8.365355314508715,3,8.365355314508715,1,0,0,anti_homophones
3535,da4dang1,8,-5.735172113078479,2,5.735172113078479,1,0,4,anti_homophones
3536,fa4shi4she3,11,-9.51156707146043,3,9.51156707146043,1,0,0,anti_homophones
3537,sUn1,4,-3.7441354778348854,1,3.7441354778348854,1,2,10,anti_homophones
3538,jM1ming1mK1ren2,15,-13.294574470156295,4,13.294574470156295,1,0,0,anti_homophones
3539,ni2tV2san3,10,-10.695481853874286,3,10.695481853874286,1,0,0,anti_homophones
3540,pi2jL4qi3,9,-8.508323157494818,3,8.508323157494818,1,0,0,anti_homophones
3541,lin1xing1,9,-7.1448554040159244,2,7.1448554040159244,1,0,3,anti_homophones
3542,gP4,3,-3.6898165127844997,1,3.6898165127844997,1,0,12,anti_homophones
3543,ta1long1,8,-7.159979293064607,2,7.159979293064607,1,0,2,anti_homophones
3544,gQ1bi4,6,-6.042140620190658,2,6.042140620190658,1,0,5,anti_homophones
3545,san1cheng1qi4,13,-8.230037604066595,3,8.230037604066595,1,0,0,anti_homophones
3546,xUn2,4,-3.4587839272879384,1,3.4587839272879384,1,2,10,anti_homophones
3547,yun4er5,7,-5.794712706030672,2,5.794712706030672,1,0,0,anti_homophones
3548,shi2zi3,7,-5.08324018697362,2,5.08324018697362,1,1,7,anti_homophones
3549,mLn4tV2,7,-5.512612096394523,2,5.512612096394523,1,0,4,anti_homophones
3550,fu4si1yu2,9,-8.399622862280305,3,8.399622862280305,1,0,0,anti_homophones
3551,zhUn1xW1sheng3yUn2,18,-11.76376543024428,4,11.76376543024428,1,0,0,anti_homophones
3552,meng1,5,-3.7828766650669774,1,3.7828766650669774,1,1,13,anti_homophones
3553,yi4shang4ju2,12,-8.678940731053862,3,8.678940731053862,1,0,0,anti_homophones
3554,zeng2,5,-3.9023637069057666,1,3.9023637069057666,1,1,12,anti_homophones
3555,xW3bi4,6,-6.302289930036936,2,6.302289930036936,1,0,7,anti_homophones
3556,jW4gUn1yu4,10,-8.061921333085492,3,8.061921333085492,1,0,0,anti_homophones
3557,da4ke4,6,-5.168605631752756,2,5.168605631752756,1,0,7,anti_homophones
3558,gUn3dLn4pLn4hUn1,16,-12.471763686822907,4,12.471763686822907,1,0,0,anti_homophones
3559,fa1lin2xu4,10,-8.64570016990657,3,8.64570016990657,1,0,0,anti_homophones
3560,chQ2zhi3,8,-6.291990122110309,2,6.291990122110309,1,0,1,anti_homophones
3561,fa1lO4,6,-5.639397680174502,2,5.639397680174502,1,0,3,anti_homophones
3562,dV4ban3gUng4,12,-9.310996002611638,3,9.310996002611638,1,0,0,anti_homophones
3563,qLn2ti1yin4,11,-9.626863184091384,3,9.626863184091384,1,0,0,anti_homophones
3564,xC4jing1fu5,11,-9.729568882836116,3,9.729568882836116,1,0,0,anti_homophones
3565,lv3dA4chUn4,11,-9.03377367219824,3,9.03377367219824,1,0,0,anti_homophones
3566,yC4li3xW4,9,-8.362977506462878,3,8.362977506462878,1,0,0,anti_homophones
3567,E4,2,-4.934554704717967,1,4.934554704717967,1,0,8,anti_homophones
3568,kI3lLn2yi4,10,-8.044009805004503,3,8.044009805004503,1,0,0,anti_homophones
3569,A1,2,-4.618466329761848,1,4.618466329761848,1,0,10,anti_homophones
3570,zan4pin3,8,-6.971341068278476,2,6.971341068278476,1,0,1,anti_homophones
3571,fu2shu1yu2,10,-8.191017788920869,3,8.191017788920869,1,0,0,anti_homophones
3572,wE1bQ3,6,-6.039390884921957,2,6.039390884921957,1,0,1,anti_homophones
3573,pE2xin4zI4,10,-8.849911926949645,3,8.849911926949645,1,0,0,anti_homophones
3574,chang1,6,-3.5636424050491478,1,3.5636424050491478,1,1,11,anti_homophones
3575,fang4lLn4bo1,12,-9.617990336657659,3,9.617990336657659,1,0,0,anti_homophones
3576,yin4tI3dLn3zi3,14,-12.264507980117896,4,12.264507980117896,1,0,0,anti_homophones
3577,ce4fen1,7,-6.470517574082174,2,6.470517574082174,1,0,1,anti_homophones
3578,bLn4bi3,7,-6.010387345123663,2,6.010387345123663,1,1,1,anti_homophones
3579,bu4yi4zhan4,11,-7.774850863368017,3,7.774850863368017,1,0,0,anti_homophones
3580,shan4lun2gong3,14,-9.941109468416904,3,9.941109468416904,1,0,0,anti_homophones
3581,di3qi4chen2xin1,15,-11.79650799842742,4,11.79650799842742,1,0,0,anti_homophones
3582,mi2hU4,6,-5.035547554240976,2,5.035547554240976,1,0,8,anti_homophones
3583,jL4qin1bA2tV2,13,-11.652032735561596,4,11.652032735561596,1,0,0,anti_homophones
3584,yun4chen4fE4,12,-9.381475543933705,3,9.381475543933705,1,0,0,anti_homophones
3585,shV4xUn2,8,-5.99334905211901,2,5.99334905211901,1,0,1,anti_homophones
3586,ding4yV3,8,-6.456675239029116,2,6.456675239029116,1,0,0,anti_homophones
3587,wu3me5,6,-6.938989926471327,2,6.938989926471327,1,0,1,anti_homophones
3588,jM4,3,-3.0974228749661856,1,3.0974228749661856,1,4,13,anti_homophones
3589,jK4xLng3wu2li5,14,-11.821836138723176,4,11.821836138723176,1,0,0,anti_homophones
3590,lLn4jL2,7,-7.3797973246014745,2,7.3797973246014745,1,0,1,anti_homophones
3591,rong1hu4,8,-6.731513072046468,2,6.731513072046468,1,0,2,anti_homophones
3592,ku1wE2wu2kU3,12,-12.560345074956897,4,12.560345074956897,1,0,0,anti_homophones
3593,chV2ming2,9,-5.99154259812059,2,5.99154259812059,1,0,0,anti_homophones
3594,gun3yu3,7,-6.717578665239919,2,6.717578665239919,1,0,1,anti_homophones
3595,er2zi3,6,-6.019900968464922,2,6.019900968464922,1,0,1,anti_homophones
3596,tun1tan4,8,-7.085913407950133,2,7.085913407950133,1,0,1,anti_homophones
3597,cha4,4,-4.118299286549901,1,4.118299286549901,1,0,9,anti_homophones
3598,xK4,3,-3.5675648279217023,1,3.5675648279217023,1,1,9,anti_homophones
3599,heng1jing2,10,-6.598973135333425,2,6.598973135333425,1,0,0,anti_homophones
3600,zQ3ri4,6,-6.4744951092046605,2,6.4744951092046605,1,0,3,anti_homophones
3601,shi1jing2,9,-5.84909775367795,2,5.84909775367795,1,0,6,anti_homophones
3602,lK1zhUng3qi4,12,-9.81843144595049,3,9.81843144595049,1,0,0,anti_homophones
3603,xM2xing4,8,-5.8768087211442355,2,5.8768087211442355,1,0,4,anti_homophones
3604,chu1bing4,9,-5.722835977232075,2,5.722835977232075,1,0,2,anti_homophones
3605,can1hA3,7,-6.911840254069372,2,6.911840254069372,1,1,0,anti_homophones
3606,dM1,3,-3.8170679784101904,1,3.8170679784101904,1,1,15,anti_homophones
3607,zhUng1chan2e4,13,-10.122216043132152,3,10.122216043132152,1,0,0,anti_homophones
3608,shu4li4,7,-5.089971493297189,2,5.089971493297189,1,0,14,anti_homophones
3609,ji2shi5,7,-6.354089012415636,2,6.354089012415636,1,0,1,anti_homophones
3610,fan4jing4zi5,12,-8.195034620565965,3,8.195034620565965,1,0,0,anti_homophones
3611,ji1lA2,6,-5.483174815455286,2,5.483174815455286,1,0,4,anti_homophones
3612,yan3sA4,7,-6.165025363205151,2,6.165025363205151,1,0,2,anti_homophones
3613,shUn1dI4,8,-6.932640700807018,2,6.932640700807018,1,0,2,anti_homophones
3614,jing2se4gan3,12,-8.560526708952823,3,8.560526708952823,1,0,0,anti_homophones
3615,bi3lun2,7,-6.1993970671244405,2,6.1993970671244405,1,0,1,anti_homophones
3616,ba3shV1,7,-6.810451109765726,2,6.810451109765726,1,0,2,anti_homophones
3617,dLn4dA4tan4,11,-8.638970140054676,3,8.638970140054676,1,0,0,anti_homophones
3618,ying1ying1,10,-6.467577104747471,2,6.467577104747471,1,0,3,anti_homophones
3619,tA4bQ3ha3yC4,12,-14.86671303187365,4,14.86671303187365,1,0,0,anti_homophones
3620,ke3,3,-3.705909204845087,1,3.705909204845087,1,1,10,anti_homophones
3621,jW1zhe3,7,-5.432652087701691,2,5.432652087701691,1,1,3,anti_homophones
3622,yin4lan3cA3yan4,15,-13.198986723724692,4,13.198986723724692,1,0,0,anti_homophones
3623,qi2ju4,6,-5.944276022359568,2,5.944276022359568,1,0,3,anti_homophones
3624,chu4qu1,7,-6.03342176260166,2,6.03342176260166,1,0,1,anti_homophones
3625,qin1kang2,9,-7.33863325165846,2,7.33863325165846,1,0,0,anti_homophones
3626,she4zhe3ce4,11,-9.656781966505145,3,9.656781966505145,1,0,0,anti_homophones
3627,bE1xi1,6,-5.96304284765336,2,5.96304284765336,1,0,0,anti_homophones
3628,gUn1dLn3,8,-5.969118724966113,2,5.969118724966113,1,0,2,anti_homophones
3629,fu4yUn2,7,-4.866546095067211,2,4.866546095067211,1,1,6,anti_homophones
3630,zhu4gong4,9,-6.362655361916948,2,6.362655361916948,1,0,1,anti_homophones
3631,beng4,5,-4.516812646834116,1,4.516812646834116,1,1,11,anti_homophones
3632,gA4nW4si3,9,-9.859038457613366,3,9.859038457613366,1,0,0,anti_homophones
3633,ku3yu4zhi4,10,-8.694407981700463,3,8.694407981700463,1,0,0,anti_homophones
3634,ci1,3,-4.744972362390114,1,4.744972362390114,1,0,19,anti_homophones
3635,er3fu4zhu4sheng2,16,-10.707208662615544,4,10.707208662615544,1,0,0,anti_homophones
3636,V1dM2,5,-8.23388184282852,2,8.23388184282852,1,0,0,anti_homophones
3637,hu4si4mLn2,10,-9.436961650288797,3,9.436961650288797,1,0,0,anti_homophones
3638,tI1dQ4,6,-5.194856089506559,2,5.194856089506559,1,1,3,anti_homophones
3639,qM1po4shen2,11,-8.547060415960713,3,8.547060415960713,1,0,0,anti_homophones
3640,fu4jC2ze2ren4,13,-9.931669294162822,4,9.931669294162822,1,0,0,anti_homophones
3641,da4jM4,6,-4.907514482658559,2,4.907514482658559,1,2,9,anti_homophones
3642,ning4hI4,8,-6.698427616910365,2,6.698427616910365,1,0,1,anti_homophones
3643,shi4xLn4,8,-5.42373421345423,2,5.42373421345423,1,0,8,anti_homophones
3644,jing2nW3er2shi4,15,-10.06741404406662,4,10.06741404406662,1,0,0,anti_homophones
3645,zhi4chi1,8,-6.56638368648543,2,6.56638368648543,1,0,2,anti_homophones
3646,shQ1sheng4,10,-6.148150173144018,2,6.148150173144018,1,0,3,anti_homophones
3647,ba3sA4,6,-6.019393100377329,2,6.019393100377329,1,0,2,anti_homophones
3648,jin1chang1,10,-6.245815983330462,2,6.245815983330462,1,0,3,anti_homophones
3649,pang3kV3,8,-6.732045145101391,2,6.732045145101391,1,0,2,anti_homophones
3650,jin1gI4,7,-6.104571237289707,2,6.104571237289707,1,0,3,anti_homophones
3651,xYng1,5,-3.5142725452394763,1,3.5142725452394763,1,2,4,anti_homophones
3652,wu2A3,5,-6.6265382216624635,2,6.6265382216624635,1,0,1,anti_homophones
3653,xu1kong1tun1shU1,16,-14.302008397307178,4,14.302008397307178,1,0,0,anti_homophones
3654,zhUng1zheng3,12,-6.714885283638743,2,6.714885283638743,1,0,1,anti_homophones
3655,po4zheng1,9,-6.062683829655843,2,6.062683829655843,1,0,0,anti_homophones
3656,lV4hI1,6,-7.294289350175179,2,7.294289350175179,1,0,1,anti_homophones
3657,jin3pin3,8,-6.399209373590648,2,6.399209373590648,1,0,0,anti_homophones
3658,mE2yan3er5,10,-8.00150353592484,3,8.00150353592484,1,0,0,anti_homophones
3659,teng1bLn4li4,12,-9.41432050249425,3,9.41432050249425,1,0,0,anti_homophones
3660,qing2ke3kA3ji4,14,-11.3557630439385,4,11.3557630439385,1,0,0,anti_homophones
3661,zQ3ye4,6,-6.021060536999861,2,6.021060536999861,1,1,5,anti_homophones
3662,mLn4qi4,7,-5.356358479046919,2,5.356358479046919,1,1,5,anti_homophones
3663,zhP4,4,-4.8603073941653125,1,4.8603073941653125,1,0,10,anti_homophones
3664,ke1he2,6,-6.092623417062263,2,6.092623417062263,1,0,4,anti_homophones
3665,sheng1xi1qing4kang3,19,-12.846380206984099,4,12.846380206984099,1,0,0,anti_homophones
3666,dLn4er2yi4zhi1,14,-10.500148302524943,4,10.500148302524943,1,0,0,anti_homophones
3667,zheng2yUn3,10,-6.519692062004456,2,6.519692062004456,1,0,1,anti_homophones
3668,tO1shan4,8,-6.132954305107635,2,6.132954305107635,1,0,2,anti_homophones
3669,yi1sen1ting2bLn4,16,-12.460744051520406,4,12.460744051520406,1,0,0,anti_homophones
3670,gUn1shu1,8,-6.00204155387663,2,6.00204155387663,1,0,1,anti_homophones
3671,mLn4hU4de2ran2,14,-11.569200937827675,4,11.569200937827675,1,0,0,anti_homophones
3672,yC4se4,6,-4.653501291973185,2,4.653501291973185,1,0,4,anti_homophones
3673,gan3mo2wu3,10,-9.443126881406899,3,9.443126881406899,1,0,0,anti_homophones
3674,lLn4xin1,8,-5.794947710943488,2,5.794947710943488,1,0,4,anti_homophones
3675,ni2tUn2yu2cong1,15,-11.729458937896185,4,11.729458937896185,1,0,0,anti_homophones
3676,gQ2,3,-5.404783728605672,1,5.404783728605672,1,0,14,anti_homophones
3677,jM2bA3wu2shi4,13,-10.053436274553976,4,10.053436274553976,1,0,0,anti_homophones
3678,cu4,3,-3.76787069249679,1,3.76787069249679,1,0,27,anti_homophones
3679,zhUng1ya1,9,-6.261645906456248,2,6.261645906456248,1,0,1,anti_homophones
3680,dW1,3,-3.783705784467222,1,3.783705784467222,1,0,15,anti_homophones
3681,xL4tW2,6,-5.254390156525744,2,5.254390156525744,1,1,1,anti_homophones
3682,gU4neng3,8,-8.01538176391147,2,8.01538176391147,1,0,0,anti_homophones
3683,shV3jin3sheng1ting1,19,-12.174483768956183,4,12.174483768956183,1,0,0,anti_homophones
3684,lLn2yUn2da2,11,-8.611735234476257,3,8.611735234476257,1,0,0,anti_homophones
3685,yang2yang2gUn1ta3,17,-12.336420386705397,4,12.336420386705397,1,0,0,anti_homophones
3686,zV3gong1,8,-5.626267455681483,2,5.626267455681483,1,0,0,anti_homophones
3687,tu1jun1yu2,10,-8.330900107383778,3,8.330900107383778,1,0,0,anti_homophones
3688,chQ2li4mQ4,10,-9.192892374193125,3,9.192892374193125,1,0,0,anti_homophones
3689,shV3zi5feng2fu5,15,-12.535212922401344,4,12.535212922401344,1,0,0,anti_homophones
3690,dLn4hO4dLn1,11,-9.330269452548997,3,9.330269452548997,1,0,0,anti_homophones
3691,gong2ban1za2xM3,15,-12.657996275955462,4,12.657996275955462,1,0,0,anti_homophones
3692,yong3lE4,8,-7.137911954710927,2,7.137911954710927,1,0,0,anti_homophones
3693,chUng4nu4,9,-6.71645810895731,2,6.71645810895731,1,0,2,anti_homophones
3694,chu1fang2bW3yan2,16,-10.779256749651125,4,10.779256749651125,1,0,0,anti_homophones
3695,jin4wang4lV2,12,-9.881068673938122,3,9.881068673938122,1,0,0,anti_homophones
3696,da4yV3xing4qu1,14,-10.046207034891381,4,10.046207034891381,1,0,0,anti_homophones
3697,hV2lA2,6,-6.507281495060226,2,6.507281495060226,1,0,3,anti_homophones
3698,tW2zhang2,9,-6.308187331461119,2,6.308187331461119,1,0,1,anti_homophones
3699,zu3fu2,6,-5.697302413329368,2,5.697302413329368,1,0,4,anti_homophones
3700,sI2jLn1bin1jing4,16,-12.371740001009355,4,12.371740001009355,1,0,0,anti_homophones
3701,kA1dO2li4,9,-7.6910019583480445,3,7.6910019583480445,1,0,0,anti_homophones
3702,tu1pin3,7,-5.435994030003855,2,5.435994030003855,1,0,2,anti_homophones
3703,cA2kP4,6,-6.0603870580448005,2,6.0603870580448005,1,0,0,anti_homophones
3704,cheng2,6,-3.407813538187997,1,3.407813538187997,1,3,10,anti_homophones
3705,A1mu4,5,-5.66853550509873,2,5.66853550509873,1,0,4,anti_homophones
3706,zhi2ban4bu4zan4,15,-11.423056371342964,4,11.423056371342964,1,0,0,anti_homophones
3707,re4fang3,8,-6.126313942701446,2,6.126313942701446,1,0,2,anti_homophones
3708,zV3zhen2,8,-6.606072071161098,2,6.606072071161098,1,0,1,anti_homophones
3709,po2,3,-4.016498749637188,1,4.016498749637188,1,1,10,anti_homophones
3710,bQ3wan4,7,-5.825905232765673,2,5.825905232765673,1,0,5,anti_homophones
3711,tA4yUn2,7,-5.173534498902405,2,5.173534498902405,1,1,3,anti_homophones
3712,ming2lin5,9,-8.785311133387037,2,8.785311133387037,1,0,0,anti_homophones
3713,wang1lB4,8,-7.294560647206206,2,7.294560647206206,1,0,0,anti_homophones
3714,ying1zi5,8,-5.366714973320789,2,5.366714973320789,1,0,9,anti_homophones
3715,chang3zhi1zV3,13,-9.480907875685402,3,9.480907875685402,1,0,0,anti_homophones
3716,yQ4sheng2hI4,12,-8.853069498776941,3,8.853069498776941,1,0,0,anti_homophones
3717,te4ba4,6,-6.40585947801459,2,6.40585947801459,1,0,3,anti_homophones
3718,zO2yV3,6,-5.595470556264276,2,5.595470556264276,1,0,0,anti_homophones
3719,xi1rO4zi5,9,-8.205898896420353,3,8.205898896420353,1,0,0,anti_homophones
3720,tan1qLn2ge1e2,13,-12.069239305400352,4,12.069239305400352,1,0,0,anti_homophones
3721,zho1zhi2bing2,13,-12.42840772365837,3,12.42840772365837,1,0,0,anti_homophones
3722,xu4xLn4li4,10,-7.989670425639712,3,7.989670425639712,1,0,0,anti_homophones
3723,yang1fan3,9,-6.783804844594555,2,6.783804844594555,1,0,1,anti_homophones
3724,wen2hu4,7,-6.235261001031212,2,6.235261001031212,1,0,3,anti_homophones
3725,cA1,3,-4.1524262255899345,1,4.1524262255899345,1,1,17,anti_homophones
3726,beng4gan4zA4xLng2,17,-14.087895528060159,4,14.087895528060159,1,0,0,anti_homophones
3727,shI3qK2zhi1zhe5,15,-11.304110462367156,4,11.304110462367156,1,0,0,anti_homophones
3728,cI3chi2ye4xLng2,15,-12.275285819654657,4,12.275285819654657,1,0,0,anti_homophones
3729,bE1wu2jin4yUn2,14,-10.78456023081178,4,10.78456023081178,1,0,0,anti_homophones
3730,qi3jM2,6,-5.469565041608631,2,5.469565041608631,1,0,2,anti_homophones
3731,yang4gI3,8,-6.513386093565826,2,6.513386093565826,1,0,1,anti_homophones
3732,hU4cheng1xLn4,13,-8.890049614010417,3,8.890049614010417,1,0,0,anti_homophones
3733,wA4lu4,6,-5.325555905668382,2,5.325555905668382,1,0,9,anti_homophones
3734,bi4lin2bu4,10,-8.594865671606907,3,8.594865671606907,1,0,0,anti_homophones
3735,hI2yi5hu1,9,-7.800802213266264,3,7.800802213266264,1,0,0,anti_homophones
3736,tan2su4dW4,10,-9.077089662382022,3,9.077089662382022,1,0,0,anti_homophones
3737,yong2jing4,10,-6.551587504479966,2,6.551587504479966,1,0,0,anti_homophones
3738,da2,3,-3.6390018650393223,1,3.6390018650393223,1,1,15,anti_homophones
3739,fE4feng1de2,11,-8.797402748459197,3,8.797402748459197,1,0,0,anti_homophones
3740,sheng1shi2ren2,14,-7.571710963919239,3,7.571710963919239,1,0,0,anti_homophones
3741,tLn1du2zi5,10,-7.4356898926188455,3,7.4356898926188455,1,0,0,anti_homophones
3742,lO2,3,-3.749368113383137,1,3.749368113383137,1,1,13,anti_homophones
3743,lM4zhong1wu2er5,15,-11.361434672940904,4,11.361434672940904,1,0,0,anti_homophones
3744,zhi4zhen2,9,-5.912514436288444,2,5.912514436288444,1,1,2,anti_homophones
3745,qUn2zhi4hP4,11,-9.135655539478794,3,9.135655539478794,1,0,0,anti_homophones
3746,bu4dUn1,7,-5.654328524332429,2,5.654328524332429,1,0,0,anti_homophones
3747,fang4dan4,9,-5.9635357746696895,2,5.9635357746696895,1,0,0,anti_homophones
3748,hUn4li4zhu3,11,-8.706692753614407,3,8.706692753614407,1,0,0,anti_homophones
3749,gu3su4,6,-5.604786651426069,2,5.604786651426069,1,0,1,anti_homophones
3750,bang4lW4,8,-7.433678776959789,2,7.433678776959789,1,0,0,anti_homophones
3751,yU1,3,-5.834842542647235,1,5.834842542647235,1,0,7,anti_homophones
3752,rQ4ji1xM4gu4,12,-14.007019524794204,4,14.007019524794204,1,0,0,anti_homophones
3753,qi3ye4,6,-5.25868142545244,2,5.25868142545244,1,1,8,anti_homophones
3754,wu3tV2shi4xL4,13,-10.493611116132998,4,10.493611116132998,1,0,0,anti_homophones
3755,chQ2mQ4,7,-5.572107335946547,2,5.572107335946547,1,1,2,anti_homophones
3756,wu2shV4,7,-5.430206885531536,2,5.430206885531536,1,0,4,anti_homophones
3757,bo2zhi4hU4,10,-8.250400809781691,3,8.250400809781691,1,0,0,anti_homophones
3758,fang2ye4,8,-5.447618927496843,2,5.447618927496843,1,0,3,anti_homophones
3759,zeng4,5,-3.8983612869683646,1,3.8983612869683646,1,0,15,anti_homophones
3760,shQ4,4,-3.502038507797229,1,3.502038507797229,1,1,13,anti_homophones
3761,qLn2,4,-2.9607482676900827,1,2.9607482676900827,1,3,12,anti_homophones
3762,re4lLng3,8,-6.19013677677138,2,6.19013677677138,1,0,0,anti_homophones
3763,xun4li5,7,-6.672558236789173,2,6.672558236789173,1,0,1,anti_homophones
3764,kUng1lM4,8,-6.4887054660703045,2,6.4887054660703045,1,0,0,anti_homophones
3765,chP4,4,-4.809007343612897,1,4.809007343612897,1,0,8,anti_homophones
3766,gen1zhang4,10,-6.219195818297309,2,6.219195818297309,1,0,2,anti_homophones
3767,na2yi4de2,9,-9.205401028776256,3,9.205401028776256,1,0,0,anti_homophones
3768,bQ3lLn3zhi3,11,-9.157534691424505,3,9.157534691424505,1,0,0,anti_homophones
3769,zu3zhang2,9,-5.727733704149661,2,5.727733704149661,1,0,4,anti_homophones
3770,man4wang1zhe3,13,-9.597741481972676,3,9.597741481972676,1,0,0,anti_homophones
3771,ka1,3,-4.625416313343261,1,4.625416313343261,1,0,15,anti_homophones
3772,qLn2he2,7,-5.524446554073799,2,5.524446554073799,1,1,1,anti_homophones
3773,ying1lLn2,9,-6.188316171476001,2,6.188316171476001,1,0,2,anti_homophones
3774,bang1dA4fa1sheng2,17,-12.621028852428019,4,12.621028852428019,1,0,0,anti_homophones
3775,qK1gQ1di3,9,-8.736213376023905,3,8.736213376023905,1,0,0,anti_homophones
3776,zhi1jW1yin2,11,-8.755235718621499,3,8.755235718621499,1,0,0,anti_homophones
3777,zu3can1bi4yu3,13,-11.569233787722654,4,11.569233787722654,1,0,0,anti_homophones
3778,xi1deng4mi3zhi2,15,-12.216168347604738,4,12.216168347604738,1,0,0,anti_homophones
3779,ke4xing2,8,-6.623893758764865,2,6.623893758764865,1,0,2,anti_homophones
3780,hA2yin3yi5hu4,13,-13.04141162965149,4,13.04141162965149,1,0,0,anti_homophones
3781,dong1wu4,8,-5.666706266453482,2,5.666706266453482,1,0,9,anti_homophones
3782,tLn1fu2fang4qi4,15,-10.610688399577029,4,10.610688399577029,1,0,0,anti_homophones
3783,jW3tang3jLn3li3,15,-11.882891189292385,4,11.882891189292385,1,0,0,anti_homophones
3784,wE4chang1chen1bQ3,17,-12.70713668757576,4,12.70713668757576,1,0,0,anti_homophones
3785,jW4tong4lLng4,13,-9.028841811253496,3,9.028841811253496,1,0,0,anti_homophones
3786,shV3pan2,8,-5.969136908215512,2,5.969136908215512,1,0,1,anti_homophones
3787,tun2lv3,7,-7.9770596142222505,2,7.9770596142222505,1,0,1,anti_homophones
3788,tV4bu4,6,-6.292227588639124,2,6.292227588639124,1,0,5,anti_homophones
3789,kan1chu1er3jLn4,15,-12.98881381130044,4,12.98881381130044,1,0,0,anti_homophones
3790,zhen3yong4di3ji2,16,-13.603085917147169,4,13.603085917147169,1,0,0,anti_homophones
3791,gUng3,5,-4.140940171298477,1,4.140940171298477,1,0,8,anti_homophones
3792,lQ3nUn3,7,-5.370136072311313,2,5.370136072311313,1,1,0,anti_homophones
3793,yu5,3,-5.084418828162274,1,5.084418828162274,1,0,4,anti_homophones
3794,ji1xin1,7,-5.117197687809565,2,5.117197687809565,1,1,7,anti_homophones
3795,zong1,5,-3.4321057195386935,1,3.4321057195386935,1,2,15,anti_homophones
3796,qLn1tu3,7,-6.287047448869827,2,6.287047448869827,1,0,1,anti_homophones
3797,fu2li4tA4jLng1,14,-12.18580805177671,4,12.18580805177671,1,0,0,anti_homophones
3798,ya1zhen4hU4shang3,17,-12.59405728281599,4,12.59405728281599,1,0,0,anti_homophones
3799,yu2chang1han1,13,-10.280667895852257,3,10.280667895852257,1,0,0,anti_homophones
3800,yi1kV3rV4,9,-8.01972249836803,3,8.01972249836803,1,0,0,anti_homophones
3801,zhen1fen4,9,-6.122771339144565,2,6.122771339144565,1,0,1,anti_homophones
3802,shi3yi4ran2,11,-7.959075339219404,3,7.959075339219404,1,0,0,anti_homophones
3803,hI4fang1,8,-6.842320617446016,2,6.842320617446016,1,0,0,anti_homophones
3804,tu4xing3lu4,11,-9.596791526570856,3,9.596791526570856,1,0,0,anti_homophones
3805,sheng2hI1she4yi4,16,-11.436591579353435,4,11.436591579353435,1,0,0,anti_homophones
3806,yang1,5,-3.541587821837552,1,3.541587821837552,1,0,15,anti_homophones
3807,chu2fang2lun4,13,-9.563935944096333,3,9.563935944096333,1,0,0,anti_homophones
3808,jC2di4,6,-4.765597509388291,2,4.765597509388291,1,1,1,anti_homophones
3809,mE2shu3qUn2,11,-8.83340032007451,3,8.83340032007451,1,0,0,anti_homophones
3810,qi3bW3qu3,9,-9.058006838752224,3,9.058006838752224,1,0,0,anti_homophones
3811,zhong1shen4fen2,15,-10.112776976898123,3,10.112776976898123,1,0,0,anti_homophones
3812,xLn3fen1,8,-6.800201153679637,2,6.800201153679637,1,0,0,anti_homophones
3813,lan2mLn4shi1ru3,15,-12.593476429217255,4,12.593476429217255,1,0,0,anti_homophones
3814,xu1se4,6,-6.016922798595362,2,6.016922798595362,1,0,4,anti_homophones
3815,zhi1yang2cQ1zhQ4,16,-11.937353212478182,4,11.937353212478182,1,0,0,anti_homophones
3816,jLn4zhi4,8,-5.237605767585522,2,5.237605767585522,1,1,7,anti_homophones
3817,mE3dLn4,7,-7.444273770155708,2,7.444273770155708,1,0,0,anti_homophones
3818,dUn1dan1zi5,11,-9.085300584431778,3,9.085300584431778,1,0,0,anti_homophones
3819,chang2zhi4ding1,15,-9.38304283261041,3,9.38304283261041,1,0,0,anti_homophones
3820,zi4hI4,6,-4.885466830404754,2,4.885466830404754,1,1,8,anti_homophones
3821,qu1zhu3yQ4,10,-8.374423714552684,3,8.374423714552684,1,0,0,anti_homophones
3822,xLng3dan3kP4,12,-9.561324404818887,3,9.561324404818887,1,0,0,anti_homophones
3823,yun2dUn4,8,-6.477489144572861,2,6.477489144572861,1,0,1,anti_homophones
3824,zheng1yi1san3,13,-9.105671800893596,3,9.105671800893596,1,0,0,anti_homophones
3825,dan3bing4,9,-6.813530977257622,2,6.813530977257622,1,0,1,anti_homophones
3826,si3chan3gu4bo5,14,-15.412319459257146,4,15.412319459257146,1,0,0,anti_homophones
3827,qi1rV4,6,-6.200051215459222,2,6.200051215459222,1,1,2,anti_homophones
3828,wang2yUn3,9,-6.632000147905465,2,6.632000147905465,1,0,2,anti_homophones
3829,deng4ran2,9,-6.760624383086664,2,6.760624383086664,1,0,1,anti_homophones
3830,ming4xin4tLn2,13,-9.820613568516817,3,9.820613568516817,1,0,0,anti_homophones
3831,wu2qu3,6,-5.408396998670818,2,5.408396998670818,1,0,5,anti_homophones
3832,fE1,3,-3.319929150204517,1,3.319929150204517,1,2,9,anti_homophones
3833,kQ3zhi4,7,-6.022553357339563,2,6.022553357339563,1,0,5,anti_homophones
3834,kUng2yin3,9,-7.228703202096946,2,7.228703202096946,1,0,0,anti_homophones
3835,chu2de5,7,-6.866748998810867,2,6.866748998810867,1,0,1,anti_homophones
3836,wu2ye4,6,-4.984871144467592,2,4.984871144467592,1,0,8,anti_homophones
3837,dong3,5,-3.747954288060531,1,3.747954288060531,1,0,12,anti_homophones
3838,yi2chu1shang4,13,-8.651585159270542,3,8.651585159270542,1,0,0,anti_homophones
3839,ru2sang2tV2,11,-9.382436902113957,3,9.382436902113957,1,0,0,anti_homophones
3840,mQ4jK4hO3,9,-8.795394451354914,3,8.795394451354914,1,0,0,anti_homophones
3841,jin4ji2,7,-5.255621782074902,2,5.255621782074902,1,0,3,anti_homophones
3842,tu2wu1gU1,9,-9.890536983433249,3,9.890536983433249,1,0,0,anti_homophones
3843,chQ3dong2,9,-7.374202622584772,2,7.374202622584772,1,0,0,anti_homophones
3844,zi4bu4de2,9,-6.714843744060401,3,6.714843744060401,1,0,0,anti_homophones
3845,nan4,4,-3.5980844599367012,1,3.5980844599367012,1,0,18,anti_homophones
3846,ren2yC1jL1,10,-8.320068742555518,3,8.320068742555518,1,0,0,anti_homophones
3847,lLn2lW2,7,-6.608418929055033,2,6.608418929055033,1,0,0,anti_homophones
3848,lLng1hang1,10,-7.226220876778895,2,7.226220876778895,1,0,0,anti_homophones
3849,pA2hA2,6,-6.289314206925092,2,6.289314206925092,1,0,2,anti_homophones
3850,bu4ting2,8,-5.90852308934755,2,5.90852308934755,1,0,4,anti_homophones
3851,zhang3xL2xLn2hU4,16,-11.753425783975745,4,11.753425783975745,1,0,0,anti_homophones
3852,hUng3lM4,8,-7.3867933667200285,2,7.3867933667200285,1,0,1,anti_homophones
3853,gun4jun1,8,-6.8660637254057635,2,6.8660637254057635,1,0,1,anti_homophones
3854,kan4ju2,7,-6.215748232101635,2,6.215748232101635,1,0,6,anti_homophones
3855,zhen1dV3,8,-6.515268192520025,2,6.515268192520025,1,0,0,anti_homophones
3856,mi4lM4shi2,10,-8.811833186436083,3,8.811833186436083,1,0,0,anti_homophones
3857,jW4tong4qi1,11,-8.797915839674697,3,8.797915839674697,1,0,0,anti_homophones
3858,yUn3ran2,8,-6.158073548231371,2,6.158073548231371,1,0,4,anti_homophones
3859,xi4chO4,7,-7.458417012674367,2,7.458417012674367,1,0,0,anti_homophones
3860,bin1si1,7,-6.389939879808286,2,6.389939879808286,1,0,1,anti_homophones
3861,ning2feng2,10,-7.077546627611043,2,7.077546627611043,1,0,1,anti_homophones
3862,qi3yi4,6,-4.861737442032628,2,4.861737442032628,1,1,12,anti_homophones
3863,sheng1di3yin1,13,-8.745582465762439,3,8.745582465762439,1,0,0,anti_homophones
3864,chan4qu1,8,-6.150166642713004,2,6.150166642713004,1,0,1,anti_homophones
3865,jLn1nK2,7,-5.880065402155503,2,5.880065402155503,1,0,1,anti_homophones
3866,ming1lLng4,10,-6.326905905114905,2,6.326905905114905,1,0,3,anti_homophones
3867,de2jL4,6,-6.24066489418394,2,6.24066489418394,1,0,2,anti_homophones
3868,mV2chong3,9,-7.748481097110461,2,7.748481097110461,1,0,0,anti_homophones
3869,lin2,4,-3.283435295127901,1,3.283435295127901,1,2,12,anti_homophones
3870,hA4ce4lv3yV2,12,-11.886782596414541,4,11.886782596414541,1,0,0,anti_homophones
3871,xK1zQ4jing4,11,-8.281122442622976,3,8.281122442622976,1,0,0,anti_homophones
3872,xW1,3,-3.187338192049351,1,3.187338192049351,1,4,13,anti_homophones
3873,fen2,4,-3.9545470519595485,1,3.9545470519595485,1,1,9,anti_homophones
3874,yV4e2,5,-4.986215446124994,2,4.986215446124994,1,1,4,anti_homophones
3875,feng1zheng1,11,-5.909156602890196,2,5.909156602890196,1,0,1,anti_homophones
3876,da3gu3ding2shu4,15,-10.94304787814568,4,10.94304787814568,1,0,0,anti_homophones
3877,men1ren2,8,-7.72533729502066,2,7.72533729502066,1,0,0,anti_homophones
3878,gong4,5,-2.992249754988326,1,2.992249754988326,1,3,17,anti_homophones
3879,lLn2du2jLn1chUng4,17,-12.914076623494493,4,12.914076623494493,1,0,0,anti_homophones
3880,chI1se4,7,-5.469897118361401,2,5.469897118361401,1,0,1,anti_homophones
3881,gI3,3,-3.383208157249218,1,3.383208157249218,1,2,13,anti_homophones
3882,bE3cQ1,6,-6.120834692978296,2,6.120834692978296,1,1,1,anti_homophones
3883,ru3bQ3yV2,9,-8.905091302186559,3,8.905091302186559,1,0,0,anti_homophones
3884,shi1cun4,8,-6.641800653165259,2,6.641800653165259,1,0,0,anti_homophones
3885,fen4tu2bu4,10,-8.173739131644941,3,8.173739131644941,1,0,0,anti_homophones
3886,zhQ1xW4gA4,10,-9.0933265019025,3,9.0933265019025,1,0,0,anti_homophones
3887,qUn2yin1,8,-6.120463641708553,2,6.120463641708553,1,0,2,anti_homophones
3888,ying3yC3gQ4,11,-11.238111622478833,3,11.238111622478833,1,0,0,anti_homophones
3889,tong4sO3,8,-6.327352676021115,2,6.327352676021115,1,0,1,anti_homophones
3890,mQ4hU4,6,-5.598519207928994,2,5.598519207928994,1,1,6,anti_homophones
3891,bQ3dQ4zi3,9,-8.230766587066645,3,8.230766587066645,1,0,0,anti_homophones
3892,jLn4hI4di2,10,-8.736918896000248,3,8.736918896000248,1,0,0,anti_homophones
3893,hO4dLn3mA4,10,-9.17350588942372,3,9.17350588942372,1,0,0,anti_homophones
3894,dLn4dong1,9,-5.795682505547453,2,5.795682505547453,1,0,0,anti_homophones
3895,nv3yV4,6,-6.290575894515149,2,6.290575894515149,1,0,0,anti_homophones
3896,hE1sheng2,9,-5.877878782824217,2,5.877878782824217,1,0,1,anti_homophones
3897,mo4sI4,6,-5.11148308039472,2,5.11148308039472,1,0,1,anti_homophones
3898,hU2bing4,8,-5.547678898342473,2,5.547678898342473,1,1,2,anti_homophones
3899,tA2zhQ3xLng2,12,-10.432948220628365,3,10.432948220628365,1,0,0,anti_homophones
3900,bW1zhV1,7,-6.591305182609222,2,6.591305182609222,1,0,2,anti_homophones
3901,zhi1gUn1,8,-5.748105643999876,2,5.748105643999876,1,1,2,anti_homophones
3902,zhi4ming1shu4,13,-8.803361866731395,3,8.803361866731395,1,0,0,anti_homophones
3903,xC4se4lLn2xLn2,14,-11.4721028198541,4,11.4721028198541,1,0,0,anti_homophones
3904,gO2zhi4shu1,11,-8.6101726732974,3,8.6101726732974,1,0,0,anti_homophones
3905,can5,4,-5.560489800331026,1,5.560489800331026,1,0,4,anti_homophones
3906,xW1shan1zA4,11,-9.582759649406738,3,9.582759649406738,1,0,0,anti_homophones
3907,du3,3,-3.742288222606649,1,3.742288222606649,1,0,20,anti_homophones
3908,qing2jLng1zi3,13,-9.023025581711792,3,9.023025581711792,1,0,0,anti_homophones
3909,hUn4la1jM2,10,-9.419568839061988,3,9.419568839061988,1,0,0,anti_homophones
3910,hV4tI3zhu3,10,-8.605777414853417,3,8.605777414853417,1,0,0,anti_homophones
3911,ling2fE4,8,-6.249364270753382,2,6.249364270753382,1,0,0,anti_homophones
3912,an1hUng4tA2,11,-9.180740206111041,3,9.180740206111041,1,0,0,anti_homophones
3913,jK4nan2tLn1,11,-8.170332491463943,3,8.170332491463943,1,0,0,anti_homophones
3914,neng1ying1de2jLng3,18,-13.72199428867773,4,13.72199428867773,1,0,0,anti_homophones
3915,xi1teng2,8,-7.5850910157270635,2,7.5850910157270635,1,0,0,anti_homophones
3916,cQ3yan3sA4,10,-8.935916480946485,3,8.935916480946485,1,0,0,anti_homophones
3917,fE1si1,6,-6.980122496755738,2,6.980122496755738,1,0,2,anti_homophones
3918,jW1di1shan4,11,-9.296073476330077,3,9.296073476330077,1,0,0,anti_homophones
3919,hE1ke4chu4,10,-8.50686623538956,3,8.50686623538956,1,0,0,anti_homophones
3920,hA3lO2wE4,9,-8.742089615924439,3,8.742089615924439,1,0,0,anti_homophones
3921,lu4hu3,6,-7.013937765512274,2,7.013937765512274,1,0,1,anti_homophones
3922,gu3chang4,9,-6.200978881037601,2,6.200978881037601,1,0,1,anti_homophones
3923,chen3xin1,9,-6.489327785890589,2,6.489327785890589,1,0,0,anti_homophones
3924,ning2,5,-3.981126925875104,1,3.981126925875104,1,1,16,anti_homophones
3925,mQ4dLn4,7,-6.249326315590105,2,6.249326315590105,1,0,5,anti_homophones
3926,hUn1di4,7,-6.039623479099523,2,6.039623479099523,1,0,4,anti_homophones
3927,tong4dLn4,9,-5.772204772066804,2,5.772204772066804,1,1,7,anti_homophones
3928,wu2jing1zhong3bA2,17,-12.165133321526447,4,12.165133321526447,1,0,0,anti_homophones
3929,qLn2sO3,7,-5.628169726880565,2,5.628169726880565,1,0,3,anti_homophones
3930,fang2ren2,9,-5.154819003250982,2,5.154819003250982,1,1,7,anti_homophones
3931,zu2,3,-3.5724853267239514,1,3.5724853267239514,1,1,19,anti_homophones
3932,wE4mLn4zhi1,11,-8.360183594432597,3,8.360183594432597,1,0,0,anti_homophones
3933,pan4,4,-3.5065365040943766,1,3.5065365040943766,1,1,20,anti_homophones
3934,jL1yan2,7,-5.397296955877094,2,5.397296955877094,1,1,2,anti_homophones
3935,zhu2shi2ye4,11,-8.251174699591447,3,8.251174699591447,1,0,0,anti_homophones
3936,deng1la1dQ4,11,-8.924805577455873,3,8.924805577455873,1,0,0,anti_homophones
3937,jW1shi2sheng4,13,-8.446268638548545,3,8.446268638548545,1,0,0,anti_homophones
3938,wu2gu3shi1,10,-8.017302021401044,3,8.017302021401044,1,0,0,anti_homophones
3939,leng2che1hU2,12,-10.210012296682788,3,10.210012296682788,1,0,0,anti_homophones
3940,la1wan3cang2,12,-9.912796026228856,3,9.912796026228856,1,0,0,anti_homophones
3941,hang3yV1yV2,11,-9.268085123860528,3,9.268085123860528,1,0,0,anti_homophones
3942,ju4tV2fE4,9,-8.342049170693064,3,8.342049170693064,1,0,0,anti_homophones
3943,sheng1zhi1bi4,13,-8.50597324751605,3,8.50597324751605,1,0,0,anti_homophones
3944,dUn4lu4shi4,11,-8.227266542011757,3,8.227266542011757,1,0,0,anti_homophones
3945,zong1di4lu4hang2,16,-12.095147304083135,4,12.095147304083135,1,0,0,anti_homophones
3946,mo2li2,6,-6.295830333256243,2,6.295830333256243,1,0,3,anti_homophones
3947,wA1,3,-4.407005469749727,1,4.407005469749727,1,0,15,anti_homophones
3948,jL3da2yu2,9,-9.35861493068403,3,9.35861493068403,1,0,0,anti_homophones
3949,da4zang4,8,-5.856554436031909,2,5.856554436031909,1,0,7,anti_homophones
3950,nO2nW3,6,-5.508162012810227,2,5.508162012810227,1,0,1,anti_homophones
3951,men2xW4da4hu5,13,-12.677746001578598,4,12.677746001578598,1,0,0,anti_homophones
3952,hO3che1,7,-5.398968871371858,2,5.398968871371858,1,0,3,anti_homophones
3953,bi4shI3dW4,10,-8.111669443634032,3,8.111669443634032,1,0,0,anti_homophones
3954,tLn1tLn1,8,-5.46039433309427,2,5.46039433309427,1,0,2,anti_homophones
3955,ban4nin2,8,-8.020009407696625,2,8.020009407696625,1,0,0,anti_homophones
3956,zong2che1gA4,12,-8.733318351542371,3,8.733318351542371,1,0,0,anti_homophones
3957,bQ3zhan4,8,-5.7061135023651754,2,5.7061135023651754,1,1,1,anti_homophones
3958,tW1chu4,7,-6.830706153429434,2,6.830706153429434,1,0,2,anti_homophones
3959,xLng1bo1xC3ji1,14,-11.016707011743417,4,11.016707011743417,1,0,0,anti_homophones
3960,xW4shi4qUn4,11,-9.163247177024243,3,9.163247177024243,1,0,0,anti_homophones
3961,cheng4,6,-3.403811118250595,1,3.403811118250595,1,2,9,anti_homophones
3962,mu4gUng3jLn3,12,-9.840319438004377,3,9.840319438004377,1,0,0,anti_homophones
3963,ju2shi4zQ4jL4,13,-11.278179535902055,4,11.278179535902055,1,0,0,anti_homophones
3964,kUng2,5,-3.9454812182099914,1,3.9454812182099914,1,1,6,anti_homophones
3965,zhQ1ya2wen2,11,-9.188592456680654,3,9.188592456680654,1,0,0,anti_homophones
3966,ni2lu4,6,-5.668562377631246,2,5.668562377631246,1,0,4,anti_homophones
3967,gang4xing4yV3,13,-9.404043155193717,3,9.404043155193717,1,0,0,anti_homophones
3968,yQ2yang3,8,-6.056411311797999,2,6.056411311797999,1,0,2,anti_homophones
3969,yin2shi2,8,-5.820768369436529,2,5.820768369436529,1,0,4,anti_homophones
3970,li4cha4lu4,10,-8.875491774574453,3,8.875491774574453,1,0,0,anti_homophones
3971,shang2sUn1shV4zheng4,20,-12.356695348279281,4,12.356695348279281,1,0,0,anti_homophones
3972,hI2fang3,8,-6.2082406182249565,2,6.2082406182249565,1,0,1,anti_homophones
3973,jK3wo4,6,-5.850291962566549,2,5.850291962566549,1,0,1,anti_homophones
3974,qing4gQ4fang1,13,-8.940028923047146,3,8.940028923047146,1,0,0,anti_homophones
3975,bE4dong2,8,-6.140030362765376,2,6.140030362765376,1,0,2,anti_homophones
3976,qK2shu4,7,-5.720469062510386,2,5.720469062510386,1,0,4,anti_homophones
3977,tan2er4hU4,10,-7.860682673112546,3,7.860682673112546,1,0,0,anti_homophones
3978,zhong2zhi3,10,-5.924053011818561,2,5.924053011818561,1,0,1,anti_homophones
3979,ke1zQ3,6,-6.810883299436566,2,6.810883299436566,1,0,1,anti_homophones
3980,da3zhong3,9,-5.985316397325452,2,5.985316397325452,1,0,3,anti_homophones
3981,mQ2tV5,6,-5.640668672878256,2,5.640668672878256,1,0,6,anti_homophones
3982,wen2sheng1,10,-5.919829235244077,2,5.919829235244077,1,0,3,anti_homophones
3983,da4tA4,6,-6.793541084359867,2,6.793541084359867,1,0,7,anti_homophones
3984,xing2se4,8,-5.07448429618785,2,5.07448429618785,1,1,5,anti_homophones
3985,mQ4,3,-3.315604873487233,1,3.315604873487233,1,3,20,anti_homophones
3986,zO3chA1,7,-6.910521122371658,2,6.910521122371658,1,0,0,anti_homophones
3987,wE2cO4,6,-6.0018518655680095,2,6.0018518655680095,1,0,1,anti_homophones
3988,xC3,3,-3.568639578860964,1,3.568639578860964,1,0,6,anti_homophones
3989,xing1gA4,8,-6.452687276762181,2,6.452687276762181,1,0,2,anti_homophones
3990,ning1,5,-4.170341844986539,1,4.170341844986539,1,0,15,anti_homophones
3991,yu4hU4,6,-5.026246595433928,2,5.026246595433928,1,1,13,anti_homophones
3992,zhen1jM4ti3,11,-8.478927094667826,3,8.478927094667826,1,0,0,anti_homophones
3993,mu4can2chan1lLng4,17,-12.815509231253401,4,12.815509231253401,1,0,0,anti_homophones
3994,yi1ji1,6,-4.589360915344481,2,4.589360915344481,1,2,13,anti_homophones
3995,nE4shi2,7,-5.670024506386974,2,5.670024506386974,1,0,1,anti_homophones
3996,li4xing1,8,-5.798177736009068,2,5.798177736009068,1,0,3,anti_homophones
3997,bu4ming1jing2,13,-8.409241007206921,3,8.409241007206921,1,0,0,anti_homophones
3998,rV2,3,-4.056629441466425,1,4.056629441466425,1,2,8,anti_homophones
3999,pE4qin2zhV1lO4,14,-11.900950648507326,4,11.900950648507326,1,0,0,anti_homophones
4000,tang5,5,-5.111193368244059,1,5.111193368244059,1,0,7,anti_homophones
4001,en1yUn2ru4,10,-9.254041520292887,3,9.254041520292887,1,0,0,anti_homophones
4002,wE2ren2,7,-4.921613797713076,2,4.921613797713076,1,1,3,anti_homophones
4003,shu1jL1hong4,12,-10.352332639629823,3,10.352332639629823,1,0,0,anti_homophones
4004,qLn2gO2kA1kV5,13,-12.675642005548518,4,12.675642005548518,1,0,0,anti_homophones
4005,fan1bang2zu2,12,-10.195507286827915,3,10.195507286827915,1,0,0,anti_homophones
4006,mE3zhen1sang3shV3,17,-13.363570575803825,4,13.363570575803825,1,0,0,anti_homophones
4007,zhong2xLn4,10,-5.775861445645429,2,5.775861445645429,1,0,6,anti_homophones
4008,jL1cA4,6,-5.34473497772025,2,5.34473497772025,1,0,3,anti_homophones
4009,mLn3xu3ke1ke4,13,-11.204320764717057,4,11.204320764717057,1,0,0,anti_homophones
4010,kA1yQ1,6,-6.301499524103138,2,6.301499524103138,1,0,1,anti_homophones
4011,gQ3,3,-3.6215506750895097,1,3.6215506750895097,1,0,23,anti_homophones
4012,jun1yi4yV2yin3,14,-10.99100297230314,4,10.99100297230314,1,0,0,anti_homophones
4013,nQ4shen4,8,-6.905130255462751,2,6.905130255462751,1,0,0,anti_homophones
4014,pLn1mV2,7,-6.661399437382322,2,6.661399437382322,1,0,1,anti_homophones
4015,su4zhen4yi4zeng2,16,-13.347137841904654,4,13.347137841904654,1,0,0,anti_homophones
4016,jW3jM1,6,-6.200272680762951,2,6.200272680762951,1,0,1,anti_homophones
4017,gQ1shi3,7,-5.663195720099989,2,5.663195720099989,1,0,4,anti_homophones
4018,pi1fa3zi4hU4,12,-10.668154678855654,4,10.668154678855654,1,0,0,anti_homophones
4019,wu3tW2tLn1bu4,13,-11.32750288968807,4,11.32750288968807,1,0,0,anti_homophones
4020,kV3gan4dUn3,11,-10.170283626283533,3,10.170283626283533,1,0,0,anti_homophones
4021,sI1jLn4xW4neng1,15,-13.79005604050049,4,13.79005604050049,1,0,0,anti_homophones
4022,xW3ding4A4,10,-8.794085197248908,3,8.794085197248908,1,0,0,anti_homophones
4023,jLn1bW1bing4,12,-9.171728406410123,3,9.171728406410123,1,0,0,anti_homophones
4024,zhi2su4cheng2qun2,17,-12.261508379234819,4,12.261508379234819,1,0,0,anti_homophones
4025,wu2xLn1zhong1,13,-8.445490646332066,3,8.445490646332066,1,0,0,anti_homophones
4026,xLn1shV4,8,-6.349179807359206,2,6.349179807359206,1,0,2,anti_homophones
4027,gong2zhu4,9,-5.87801026760537,2,5.87801026760537,1,0,1,anti_homophones
4028,chu3qi3,7,-6.658146012127219,2,6.658146012127219,1,0,1,anti_homophones
4029,pan2san4lang1cun2,17,-14.24211696279627,4,14.24211696279627,1,0,0,anti_homophones
4030,leng2zi5,8,-5.8406457311162585,2,5.8406457311162585,1,0,0,anti_homophones
4031,chUng3,6,-4.114232213804715,1,4.114232213804715,1,1,7,anti_homophones
4032,yi4yu2wu4ti3,12,-10.13513104312274,4,10.13513104312274,1,0,0,anti_homophones
4033,ji1shu3,7,-5.946526091719503,2,5.946526091719503,1,0,4,anti_homophones
4034,da3shi1,7,-5.712610783624649,2,5.712610783624649,1,1,4,anti_homophones
4035,cO4cQ3,6,-6.843415999103604,2,6.843415999103604,1,0,0,anti_homophones
4036,gP4zhen4zheng2,14,-9.999117384641696,3,9.999117384641696,1,0,0,anti_homophones
4037,xL1zE2,6,-6.234797026889666,2,6.234797026889666,1,0,0,anti_homophones
4038,sV1gV4,6,-6.049960791023413,2,6.049960791023413,1,0,2,anti_homophones
4039,zhUng1yan2sheng4,16,-8.869989408714758,3,8.869989408714758,1,0,0,anti_homophones
4040,yV1ji1jW3,9,-8.295635110321125,3,8.295635110321125,1,0,0,anti_homophones
4041,xW3xin1gQ1,10,-8.14130315051726,3,8.14130315051726,1,0,0,anti_homophones
4042,ce4zhong2cha2,13,-9.46815893859299,3,9.46815893859299,1,0,0,anti_homophones
4043,bu4ren2xYng2zu2,15,-11.019185268948771,4,11.019185268948771,1,0,0,anti_homophones
4044,zhQ4pLn4zhi3yu2,15,-11.607030700509018,4,11.607030700509018,1,0,0,anti_homophones
4045,gU4zhi3,7,-5.870453711127932,2,5.870453711127932,1,0,2,anti_homophones
4046,chun4,5,-3.7863567373700384,1,3.7863567373700384,1,2,9,anti_homophones
4047,tong1yang3,10,-6.297274008049002,2,6.297274008049002,1,0,2,anti_homophones
4048,ji4xW4ming2shu3,15,-12.304774544879713,4,12.304774544879713,1,0,0,anti_homophones
4049,ci2xLng3,8,-6.197577658138092,2,6.197577658138092,1,0,3,anti_homophones
4050,sa1shV1ri4,10,-8.982213587035947,3,8.982213587035947,1,0,0,anti_homophones
4051,du2hI4mLn4ming4,15,-11.524704526144046,4,11.524704526144046,1,0,0,anti_homophones
4052,chUn3qing3lLn4,14,-10.545819098703067,3,10.545819098703067,1,0,0,anti_homophones
4053,chang4zQ4,9,-6.297854422751993,2,6.297854422751993,1,0,1,anti_homophones
4054,gQ1yan2,7,-5.04606254691249,2,5.04606254691249,1,1,4,anti_homophones
4055,yu3po4xM3,9,-8.754475901742355,3,8.754475901742355,1,0,0,anti_homophones
4056,lu2qK2jun1deng4,15,-12.965791317644094,4,12.965791317644094,1,0,0,anti_homophones
4057,yUn4jL4zi5,10,-7.883256462638793,3,7.883256462638793,1,0,0,anti_homophones
4058,dan4li3fa3,10,-7.936258647413154,3,7.936258647413154,1,0,0,anti_homophones
4059,lV4,3,-3.6728321822667342,1,3.6728321822667342,1,1,22,anti_homophones
4060,zhUn3jM4,8,-6.537911610921493,2,6.537911610921493,1,0,0,anti_homophones
4061,ban3,4,-3.267236936731747,1,3.267236936731747,1,2,17,anti_homophones
4062,bing2jM3,8,-6.47682415559303,2,6.47682415559303,1,0,0,anti_homophones
4063,hU4xLng4xUn3hO4,15,-11.877764996002092,4,11.877764996002092,1,0,0,anti_homophones
4064,ta3,3,-3.884528262592617,1,3.884528262592617,1,0,19,anti_homophones
4065,gP3zu2xLng4,11,-8.940603312965074,3,8.940603312965074,1,0,0,anti_homophones
4066,shang2hong3,11,-6.916125256917031,2,6.916125256917031,1,0,0,anti_homophones
4067,qing4ti3lLng1ti3,16,-11.972188173779216,4,11.972188173779216,1,0,0,anti_homophones
4068,jin1ji4,7,-5.394487721355522,2,5.394487721355522,1,0,7,anti_homophones
4069,gan1ren4,8,-6.1143452459805685,2,6.1143452459805685,1,0,1,anti_homophones
4070,bA4zhUn4,8,-6.705247609805108,2,6.705247609805108,1,0,0,anti_homophones
4071,ma3chQ2,7,-6.7925880569335355,2,6.7925880569335355,1,0,1,anti_homophones
4072,yC4ku1zV3,9,-9.627775513300447,3,9.627775513300447,1,0,0,anti_homophones
4073,chen1e2,7,-5.967685554608695,2,5.967685554608695,1,0,2,anti_homophones
4074,jLn4qi4,7,-5.045808530292771,2,5.045808530292771,1,0,8,anti_homophones
4075,zhi4pa4rV4,10,-8.942139868378836,3,8.942139868378836,1,0,0,anti_homophones
4076,shQ1,4,-3.8341432608730734,1,3.8341432608730734,1,0,14,anti_homophones
4077,man3shi4shi2,12,-8.0188395682685,3,8.0188395682685,1,0,0,anti_homophones
4078,qUn2ren2fu3A2,13,-11.15306749615797,4,11.15306749615797,1,0,0,anti_homophones
4079,jLn1jLn4,8,-5.431102106424219,2,5.431102106424219,1,1,2,anti_homophones
4080,da4fa2,6,-5.4619962503266,2,5.4619962503266,1,0,5,anti_homophones
4081,xW3jM2hu1yi4,12,-10.060136681644698,4,10.060136681644698,1,0,0,anti_homophones
4082,jW3zi5,6,-4.984005253532786,2,4.984005253532786,1,2,10,anti_homophones
4083,mW4cha2sI4,10,-9.5428804879764,3,9.5428804879764,1,0,0,anti_homophones
4084,jK1da3jLn4,10,-9.346180397814509,3,9.346180397814509,1,0,0,anti_homophones
4085,tong4mLn4,9,-5.915061295717251,2,5.915061295717251,1,0,6,anti_homophones
4086,tV1kan1deng1,12,-8.85956446703145,3,8.85956446703145,1,0,0,anti_homophones
4087,tong4hang3,10,-6.98503437388042,2,6.98503437388042,1,0,1,anti_homophones
4088,zQ4jK3,6,-6.021107947863346,2,6.021107947863346,1,0,1,anti_homophones
4089,fu4chUng4pan4,13,-10.068041313432916,3,10.068041313432916,1,0,0,anti_homophones
4090,ju3bQ4,6,-5.432796647033783,2,5.432796647033783,1,1,7,anti_homophones
4091,man3mu4,7,-5.9228771927788175,2,5.9228771927788175,1,0,4,anti_homophones
4092,da4mLn2,7,-6.19870003306739,2,6.19870003306739,1,0,5,anti_homophones
4093,rV2ran2,7,-5.8933459121258,2,5.8933459121258,1,0,1,anti_homophones
4094,su1,3,-3.9807152605657445,1,3.9807152605657445,1,1,19,anti_homophones
4095,shang2gO3,9,-6.339100540332485,2,6.339100540332485,1,0,0,anti_homophones
4096,chUn1,5,-3.6190927966737605,1,3.6190927966737605,1,2,9,anti_homophones
4097,gu1ji2,6,-5.600420823849017,2,5.600420823849017,1,0,5,anti_homophones
4098,bu4zhen1,8,-5.6032797827867435,2,5.6032797827867435,1,0,0,anti_homophones
4099,tA4su4,6,-5.559320673895208,2,5.559320673895208,1,0,6,anti_homophones
4100,xW1fen1ying4,12,-8.842247328635313,3,8.842247328635313,1,0,0,anti_homophones
4101,sha1qu1zhi2,11,-8.811290682739235,3,8.811290682739235,1,0,0,anti_homophones
4102,gang2fen2ling4,14,-11.13487103625405,3,11.13487103625405,1,0,0,anti_homophones
4103,song4,5,-3.6466795932758487,1,3.6466795932758487,1,2,15,anti_homophones
4104,shV4tA2,7,-5.670755399181225,2,5.670755399181225,1,0,2,anti_homophones
4105,fang1di1cheng3,14,-10.109615741689424,3,10.109615741689424,1,0,0,anti_homophones
4106,nE4jL1hQ3,9,-9.219455012758104,3,9.219455012758104,1,0,0,anti_homophones
4107,zong1ying3fang1jing2,20,-13.196245735774292,4,13.196245735774292,1,0,0,anti_homophones
4108,gUn4gUn1gUn3gO2,15,-12.553665986878366,4,12.553665986878366,1,0,0,anti_homophones
4109,zeng1shE1,9,-11.657042006212917,2,11.657042006212917,1,0,0,anti_homophones
4110,lE3li4,6,-6.320634455367131,2,6.320634455367131,1,0,5,anti_homophones
4111,xL4ce4ying4,11,-8.301987374593894,3,8.301987374593894,1,0,0,anti_homophones
4112,jM1shang1shi4,13,-8.08703784532999,3,8.08703784532999,1,0,0,anti_homophones
4113,te4zhi3,7,-5.620662793504751,2,5.620662793504751,1,0,2,anti_homophones
4114,jM2yan2deng1,12,-9.466282440192519,3,9.466282440192519,1,0,0,anti_homophones
4115,xLng1fan4,9,-6.228206634518121,2,6.228206634518121,1,0,3,anti_homophones
4116,gV3zhi2pang4,12,-10.323781288315272,3,10.323781288315272,1,0,0,anti_homophones
4117,nK2yan2,7,-6.390580945515117,2,6.390580945515117,1,0,2,anti_homophones
4118,ka3,3,-3.775089728944577,1,3.775089728944577,1,1,17,anti_homophones
4119,da3gu3,6,-5.44567645541696,2,5.44567645541696,1,0,1,anti_homophones
4120,xL2cha1,7,-7.258776242457438,2,7.258776242457438,1,0,0,anti_homophones
4121,ying1tUn2,9,-6.398021199370359,2,6.398021199370359,1,0,1,anti_homophones
4122,hA3lK4fV1fE4,12,-13.56571564101413,4,13.56571564101413,1,0,0,anti_homophones
4123,chu2nLn2,8,-6.065906010525561,2,6.065906010525561,1,0,1,anti_homophones
4124,xLng4ji1ge1,11,-8.35699820775767,3,8.35699820775767,1,0,0,anti_homophones
4125,ju4mo4,6,-6.091148202565264,2,6.091148202565264,1,0,5,anti_homophones
4126,jW3shV3du2shO1,14,-11.293286817482876,4,11.293286817482876,1,0,0,anti_homophones
4127,bQ4qi4,6,-5.3977501722547565,2,5.3977501722547565,1,0,8,anti_homophones
4128,sheng2dQ4dLn4,13,-8.242805614003762,3,8.242805614003762,1,0,0,anti_homophones
4129,fan4xLn1,8,-6.450237627162599,2,6.450237627162599,1,0,0,anti_homophones
4130,nan2zha4xC2jin4,15,-11.612719877124194,4,11.612719877124194,1,0,0,anti_homophones
4131,shU1,4,-3.920406646339363,1,3.920406646339363,1,0,13,anti_homophones
4132,pi2fan1ji4chang4,16,-11.897246356286221,4,11.897246356286221,1,0,0,anti_homophones
4133,sQ4bu4,6,-6.040548382084868,2,6.040548382084868,1,0,4,anti_homophones
4134,zhong1tV2,9,-5.701570027583854,2,5.701570027583854,1,0,3,anti_homophones
4135,can3li4,7,-6.09759865693182,2,6.09759865693182,1,0,6,anti_homophones
4136,yV1tV2,6,-5.684984220542092,2,5.684984220542092,1,0,5,anti_homophones
4137,tong1kUn3,9,-6.327940707497261,2,6.327940707497261,1,0,0,anti_homophones
4138,da3chUn4,8,-6.1506234591397355,2,6.1506234591397355,1,0,1,anti_homophones
4139,xi2fu4zO4zhu4,13,-10.75038789549633,4,10.75038789549633,1,0,0,anti_homophones
4140,bA2ri4,6,-4.866636762753105,2,4.866636762753105,1,0,6,anti_homophones
4141,chang4xin1er4,13,-9.645056549643895,3,9.645056549643895,1,0,0,anti_homophones
4142,ka4sUn4,7,-8.75410947715768,2,8.75410947715768,1,0,0,anti_homophones
4143,po1la1,6,-6.422130388759139,2,6.422130388759139,1,0,0,anti_homophones
4144,ping2jun1ji2,12,-8.834618232638865,3,8.834618232638865,1,0,0,anti_homophones
4145,shang3shV4xin1,14,-8.816135573121498,3,8.816135573121498,1,0,0,anti_homophones
4146,xLng4zhong4ren2,15,-8.373158519843377,3,8.373158519843377,1,0,0,anti_homophones
4147,wo3da2,6,-6.412723099399191,2,6.412723099399191,1,0,0,anti_homophones
4148,gUn3jW1mE4,10,-9.393303304964407,3,9.393303304964407,1,0,0,anti_homophones
4149,ti2gUn3,7,-5.69312634713385,2,5.69312634713385,1,0,2,anti_homophones
4150,lin2hun4,8,-6.455726996883094,2,6.455726996883094,1,0,0,anti_homophones
4151,wo4qi2bW3,9,-9.281551563057336,3,9.281551563057336,1,0,0,anti_homophones
4152,da4xC3lLng1,11,-7.943825742353203,3,7.943825742353203,1,0,0,anti_homophones
4153,yin2xing2,9,-6.247818767057952,2,6.247818767057952,1,0,4,anti_homophones
4154,zI2shI3,7,-8.256774940465293,2,8.256774940465293,1,0,0,anti_homophones
4155,san3,4,-3.8155935147569595,1,3.8155935147569595,1,1,18,anti_homophones
4156,wu2shO1,7,-5.28724884498448,2,5.28724884498448,1,0,2,anti_homophones
4157,zun1fen1,8,-6.624468927883984,2,6.624468927883984,1,0,0,anti_homophones
4158,dQ4ying4,8,-6.233824719291203,2,6.233824719291203,1,0,0,anti_homophones
4159,qLn3,4,-3.621259577686612,1,3.621259577686612,1,2,10,anti_homophones
4160,wan1tV2,7,-6.38572184299447,2,6.38572184299447,1,0,5,anti_homophones
4161,di4ti3hI2wE3,12,-11.390875913041313,4,11.390875913041313,1,0,0,anti_homophones
4162,zhi4di2,7,-6.0338765417929885,2,6.0338765417929885,1,0,2,anti_homophones
4163,li3sun1,7,-6.458141057864746,2,6.458141057864746,1,0,0,anti_homophones
4164,ru4mQ4,6,-6.123841465610366,2,6.123841465610366,1,0,1,anti_homophones
4165,xYng2wE2,8,-6.429836267532851,2,6.429836267532851,1,0,0,anti_homophones
4166,zheng1tun1,10,-6.853833043058736,2,6.853833043058736,1,0,0,anti_homophones
4167,li3xing3dang4,13,-9.361183215838482,3,9.361183215838482,1,0,0,anti_homophones
4168,mL3si3,6,-8.769852277278776,2,8.769852277278776,1,0,0,anti_homophones
4169,fang3xin1fan4,13,-8.879569461538077,3,8.879569461538077,1,0,0,anti_homophones
4170,li3sA1,6,-6.435909004403749,2,6.435909004403749,1,0,0,anti_homophones
4171,yV1cha2ren4hun2,15,-14.744238824325228,4,14.744238824325228,1,0,0,anti_homophones
4172,si4bQ1tu2,9,-8.99081160793618,3,8.99081160793618,1,0,0,anti_homophones
4173,hU1hUn3xi1,10,-9.22374574328306,3,9.22374574328306,1,0,0,anti_homophones
4174,er3yan4,7,-6.408061137756139,2,6.408061137756139,1,1,1,anti_homophones
4175,bA3cO4,6,-6.196746671778584,2,6.196746671778584,1,0,1,anti_homophones
4176,she4bu4zhi1xM4,14,-10.527124912636694,4,10.527124912636694,1,0,0,anti_homophones
4177,fE1fang4chUng3,14,-10.098370235055572,3,10.098370235055572,1,0,0,anti_homophones
4178,e2ming2,7,-5.6445419950130935,2,5.6445419950130935,1,1,1,anti_homophones
4179,da3ku4,6,-5.247493789707778,2,5.247493789707778,1,0,3,anti_homophones
4180,meng1hA3zong2shi4,17,-14.171921310834936,4,14.171921310834936,1,0,0,anti_homophones
4181,yi1kI3,6,-7.3945895448755286,2,7.3945895448755286,1,0,7,anti_homophones
4182,ke3jW4ma3,9,-9.491909744901195,3,9.491909744901195,1,0,0,anti_homophones
4183,wE2zhi1ben3,11,-8.064390516297468,3,8.064390516297468,1,0,0,anti_homophones
4184,tI1she4yan2wen2,15,-11.885456886910982,4,11.885456886910982,1,0,0,anti_homophones
4185,fE3,3,-4.01608035492595,1,4.01608035492595,1,0,11,anti_homophones
4186,ni2wa4,6,-7.29493166912429,2,7.29493166912429,1,0,1,anti_homophones
4187,hA3tan2er3,10,-8.685379294648138,3,8.685379294648138,1,0,0,anti_homophones
4188,lK2fan3,7,-6.156067292127476,2,6.156067292127476,1,0,3,anti_homophones
4189,di2gan3xLng1,12,-9.174631829989519,3,9.174631829989519,1,0,0,anti_homophones
4190,wE2xK1zhe3,10,-7.570294640361509,3,7.570294640361509,1,0,0,anti_homophones
4191,nLn2yi1jing1,12,-8.58066449626906,3,8.58066449626906,1,0,0,anti_homophones
4192,chun4jM3,8,-6.865639673333141,2,6.865639673333141,1,0,1,anti_homophones
4193,dan4zhi1,8,-5.824315069481319,2,5.824315069481319,1,0,2,anti_homophones
4194,dW1xing4,8,-6.145868206128682,2,6.145868206128682,1,0,2,anti_homophones
4195,zong1hI1,8,-6.73134334960252,2,6.73134334960252,1,0,1,anti_homophones
4196,yan1,4,-3.531490659328495,1,3.531490659328495,1,1,17,anti_homophones
4197,ji1yin3ma3gong1,15,-11.611804525016895,4,11.611804525016895,1,0,0,anti_homophones
4198,pang3,5,-4.175523834304033,1,4.175523834304033,1,0,19,anti_homophones
4199,yUn2xin4jM2,11,-8.711733964662104,3,8.711733964662104,1,0,0,anti_homophones
4200,bA4jUn4li4,10,-8.46260589334341,3,8.46260589334341,1,0,0,anti_homophones
4201,fa1shu3,7,-5.8090307527263745,2,5.8090307527263745,1,1,2,anti_homophones
4202,jing3dQ4,8,-5.822713648547392,2,5.822713648547392,1,0,3,anti_homophones
4203,chQ1,4,-3.6649679036115552,1,3.6649679036115552,1,0,10,anti_homophones
4204,zang4,5,-4.0374527738090995,1,4.0374527738090995,1,1,19,anti_homophones
4205,ji1ju4ding2ming1,16,-11.93021738943502,4,11.93021738943502,1,0,0,anti_homophones
4206,da4gUng2,8,-5.796782507277287,2,5.796782507277287,1,0,4,anti_homophones
4207,mQ2zi5,6,-4.890021687819308,2,4.890021687819308,1,1,4,anti_homophones
4208,du3ba1,6,-6.55335830762184,2,6.55335830762184,1,0,0,anti_homophones
4209,dQ4bA2,6,-6.180102964254823,2,6.180102964254823,1,0,3,anti_homophones
4210,li3hU4,6,-5.246790024080262,2,5.246790024080262,1,0,6,anti_homophones
4211,zi4fa3,6,-5.098150584638256,2,5.098150584638256,1,0,4,anti_homophones
4212,run4,4,-3.9620781483775644,1,3.9620781483775644,1,1,11,anti_homophones
4213,lQ3ze2xin1,10,-8.17989017204145,3,8.17989017204145,1,0,0,anti_homophones
4214,jM2wen2,7,-5.469350845164837,2,5.469350845164837,1,0,2,anti_homophones
4215,cQ3,3,-3.4180407286107726,1,3.4180407286107726,1,1,16,anti_homophones
4216,zhQ1shen1jLn4,13,-8.45001604819006,3,8.45001604819006,1,0,0,anti_homophones
4217,ma3lQ2shi2xing2,15,-11.321537319124376,4,11.321537319124376,1,0,0,anti_homophones
4218,xK1sO1yan1,10,-9.116112274960116,3,9.116112274960116,1,0,0,anti_homophones
4219,fu2tQ3hO4,9,-8.69507624072884,3,8.69507624072884,1,0,0,anti_homophones
4220,wA4qUn2,7,-5.236060660232782,2,5.236060660232782,1,0,7,anti_homophones
4221,dUn1gQ3,7,-7.150591256085147,2,7.150591256085147,1,0,0,anti_homophones
4222,yQ1dM1,6,-7.86137646125238,2,7.86137646125238,1,0,0,anti_homophones
4223,xL4hUn1,7,-6.746663320168399,2,6.746663320168399,1,0,0,anti_homophones
4224,shI3qing4yan3gI4,16,-11.791556738419747,4,11.791556738419747,1,0,0,anti_homophones
4225,fang3qi4hun4,12,-9.658124461111203,3,9.658124461111203,1,0,0,anti_homophones
4226,ju4jC2,6,-5.40911837286259,2,5.40911837286259,1,1,6,anti_homophones
4227,ji1che1di4,10,-8.203567251932911,3,8.203567251932911,1,0,0,anti_homophones
4228,zhang4qi2di4,12,-9.338660285458397,3,9.338660285458397,1,0,0,anti_homophones
4229,A4hQ3nLn2cheng4,15,-11.509085299264877,4,11.509085299264877,1,0,0,anti_homophones
4230,yu4zi5,6,-4.959990501759679,2,4.959990501759679,1,1,10,anti_homophones
4231,zhang3gu3fan3shu4,17,-12.037465291446887,4,12.037465291446887,1,0,0,anti_homophones
4232,qW1,3,-3.90002035898123,1,3.90002035898123,1,0,14,anti_homophones
4233,ni4gO3,6,-6.847228362102115,2,6.847228362102115,1,0,3,anti_homophones
4234,ceng1yi1bW1zheng2,17,-12.269736042841997,4,12.269736042841997,1,0,0,anti_homophones
4235,hQ2,3,-3.451709547140177,1,3.451709547140177,1,3,20,anti_homophones
4236,la4tV2,6,-5.795668024870936,2,5.795668024870936,1,0,4,anti_homophones
4237,zhi1ye4ye4,10,-7.516456721138352,3,7.516456721138352,1,0,0,anti_homophones
4238,jL3si1lv4,9,-7.684391635750485,3,7.684391635750485,1,0,0,anti_homophones
4239,ge1jL4,6,-5.949429265886576,2,5.949429265886576,1,0,1,anti_homophones
4240,gU2xC2jM4,9,-9.488197377966817,3,9.488197377966817,1,0,0,anti_homophones
4241,qi3hUng4zhen1,13,-10.027626897971457,3,10.027626897971457,1,0,0,anti_homophones
4242,za2yi2fang4,11,-9.106841490464165,3,9.106841490464165,1,0,0,anti_homophones
4243,yin1yQ1gQ1qLn1,14,-11.48691603972429,4,11.48691603972429,1,0,0,anti_homophones
4244,jin4reng1xM4,12,-10.02144577274183,3,10.02144577274183,1,0,0,anti_homophones
4245,wang4si3lin2,12,-9.806597646275435,3,9.806597646275435,1,0,0,anti_homophones
4246,chI2ju4de5tV2,13,-11.797481466202065,4,11.797481466202065,1,0,0,anti_homophones
4247,wA4bing4,8,-5.695962378806542,2,5.695962378806542,1,0,2,anti_homophones
4248,feng1cI4,8,-5.844795189244744,2,5.844795189244744,1,0,2,anti_homophones
4249,tang1jun1wen2,13,-9.427144429565413,3,9.427144429565413,1,0,0,anti_homophones
4250,hang3gen1yun4,13,-10.193784195181776,3,10.193784195181776,1,0,0,anti_homophones
4251,jW4ming1,8,-6.33150347865377,2,6.33150347865377,1,0,0,anti_homophones
4252,bo1ju1,6,-6.100262998344571,2,6.100262998344571,1,0,0,anti_homophones
4253,V1qi1,5,-7.569141698099966,2,7.569141698099966,1,0,0,anti_homophones
4254,jW3dV4zu3,9,-8.712950631248843,3,8.712950631248843,1,0,0,anti_homophones
4255,tong1jing3,10,-6.224061185233009,2,6.224061185233009,1,1,0,anti_homophones
4256,xUn2dLn4,8,-6.260965726801945,2,6.260965726801945,1,0,0,anti_homophones
4257,ju2,3,-3.3317761210781107,1,3.3317761210781107,1,3,18,anti_homophones
4258,xLng2rV4jL4,11,-8.853594477509297,3,8.853594477509297,1,0,0,anti_homophones
4259,min2ke4,7,-6.16111220373503,2,6.16111220373503,1,0,1,anti_homophones
4260,xL4jin3,7,-6.248438428204847,2,6.248438428204847,1,0,1,anti_homophones
4261,zhUn4ma3,8,-6.255206427523044,2,6.255206427523044,1,0,0,anti_homophones
4262,tLn1jLn4,8,-5.322010504245336,2,5.322010504245336,1,0,3,anti_homophones
4263,dang3zhen4,10,-7.039164261808987,2,7.039164261808987,1,0,0,anti_homophones
4264,qK2yu3,6,-6.209278555089912,2,6.209278555089912,1,0,1,anti_homophones
4265,ru2nM4,6,-6.4753159397025035,2,6.4753159397025035,1,0,0,anti_homophones
4266,hang4ju1wE4zi3,14,-12.072654960252327,4,12.072654960252327,1,0,0,anti_homophones
4267,shi4xin1,8,-5.13030489949232,2,5.13030489949232,1,1,4,anti_homophones
4268,bu4gI3,6,-5.29014383434054,2,5.29014383434054,1,1,4,anti_homophones
4269,gI1yin1,7,-5.764172715322769,2,5.764172715322769,1,1,2,anti_homophones
4270,zhi1fan4tLn1,12,-8.596460672440145,3,8.596460672440145,1,0,0,anti_homophones
4271,ju1zhi1,7,-5.98278721462634,2,5.98278721462634,1,0,3,anti_homophones
4272,chen1yC4qW2,11,-8.934099319954223,3,8.934099319954223,1,0,0,anti_homophones
4273,cQ3shi4bW3,10,-8.016054186458172,3,8.016054186458172,1,0,0,anti_homophones
4274,zhV1er5,7,-6.850212638200538,2,6.850212638200538,1,0,1,anti_homophones
4275,zhong1yin1xing4,15,-8.198833211751122,3,8.198833211751122,1,0,0,anti_homophones
4276,pQ3,3,-3.8804983745178427,1,3.8804983745178427,1,1,16,anti_homophones
4277,gA2,3,-5.3220015523774915,1,5.3220015523774915,1,1,12,anti_homophones
4278,yan3ran2zQ4,11,-9.014381498216956,3,9.014381498216956,1,0,0,anti_homophones
4279,ye3chUn2,8,-6.648854947777712,2,6.648854947777712,1,0,2,anti_homophones
4280,he2mo2,6,-5.755513153840149,2,5.755513153840149,1,1,1,anti_homophones
4281,da4can2mLn4,11,-8.275199915952651,3,8.275199915952651,1,0,0,anti_homophones
4282,yan1jun1,8,-6.286627305318117,2,6.286627305318117,1,0,1,anti_homophones
4283,nu2lV2,6,-6.172817834671297,2,6.172817834671297,1,0,0,anti_homophones
4284,du4,3,-3.340017729372088,1,3.340017729372088,1,2,28,anti_homophones
4285,dI4dA4ren2ji3,13,-11.120052631179881,4,11.120052631179881,1,0,0,anti_homophones
4286,yi1mang2de2,11,-9.24318822801085,3,9.24318822801085,1,0,0,anti_homophones
4287,mo4neng4,8,-6.104068168135572,2,6.104068168135572,1,0,1,anti_homophones
4288,si3wE2ran2,10,-8.444528936660321,3,8.444528936660321,1,0,0,anti_homophones
4289,yan3shen4tan4,13,-9.571623921325799,3,9.571623921325799,1,0,0,anti_homophones
4290,fan4sA4,7,-6.334141663053921,2,6.334141663053921,1,0,1,anti_homophones
4291,deng1yUn2,9,-6.097843688921932,2,6.097843688921932,1,0,1,anti_homophones
4292,ning2chUng1ma3,14,-10.180834844703737,3,10.180834844703737,1,0,0,anti_homophones
4293,zhi3chQ1qu3chi3,15,-13.009554264114913,4,13.009554264114913,1,0,0,anti_homophones
4294,shang2yan2kA1dUn3,17,-11.853042393523072,4,11.853042393523072,1,0,0,anti_homophones
4295,dUn4zhu3dV4,11,-8.997519919651797,3,8.997519919651797,1,0,0,anti_homophones
4296,tLn1shi2,8,-5.378184694519725,2,5.378184694519725,1,0,4,anti_homophones
4297,qing1gun4,9,-7.145031450343263,2,7.145031450343263,1,0,0,anti_homophones
4298,jM1shI3tan2che1,15,-11.069353840689043,4,11.069353840689043,1,0,0,anti_homophones
4299,gong2qun2,9,-6.321056030897043,2,6.321056030897043,1,0,2,anti_homophones
4300,zong1tong1tUn2xLng2,19,-12.794307902670973,4,12.794307902670973,1,0,0,anti_homophones
4301,mu4ke5lA2fa3,12,-10.226637791398405,4,10.226637791398405,1,0,0,anti_homophones
4302,tO1er2ling1dQ4,14,-11.549216135296911,4,11.549216135296911,1,0,0,anti_homophones
4303,bu4qi1,6,-4.994115868486342,2,4.994115868486342,1,1,8,anti_homophones
4304,xW3qW1qLng1ye4,14,-10.69735184486503,4,10.69735184486503,1,0,0,anti_homophones
4305,zhi4ping2,9,-5.667015323071566,2,5.667015323071566,1,0,6,anti_homophones
4306,dan1da4bLn4,11,-8.591541385673093,3,8.591541385673093,1,0,0,anti_homophones
4307,zhi2xing1,9,-5.664056252067642,2,5.664056252067642,1,0,5,anti_homophones
4308,pa2,3,-4.381886211758236,1,4.381886211758236,1,0,14,anti_homophones
4309,ju4lLn2,7,-5.989124035473932,2,5.989124035473932,1,0,3,anti_homophones
4310,zhUn1,5,-3.5131601563094437,1,3.5131601563094437,1,0,9,anti_homophones
4311,ying1yang2,10,-6.491883110981969,2,6.491883110981969,1,0,1,anti_homophones
4312,ba2,3,-3.9513990988581726,1,3.9513990988581726,1,1,15,anti_homophones
4313,hU4ken3,7,-6.960601070943085,2,6.960601070943085,1,0,0,anti_homophones
4314,jK4gang2,8,-6.636825126286015,2,6.636825126286015,1,0,2,anti_homophones
4315,si4fan3,7,-6.501345264777528,2,6.501345264777528,1,0,1,anti_homophones
4316,dA4li3,6,-5.52588517950896,2,5.52588517950896,1,1,2,anti_homophones
4317,yang4mang2kI4,13,-11.262057482799111,3,11.262057482799111,1,0,0,anti_homophones
4318,jun1hV2ren2,11,-8.650795492871861,3,8.650795492871861,1,0,0,anti_homophones
4319,xUng1fu4hun1zi1,15,-15.150506913067439,4,15.150506913067439,1,0,0,anti_homophones
4320,ti4,3,-3.774944907907552,1,3.774944907907552,1,0,25,anti_homophones
4321,zhi4xYng2,9,-6.435064558533327,2,6.435064558533327,1,0,0,anti_homophones
4322,bQ3la4,6,-6.534144762483346,2,6.534144762483346,1,0,2,anti_homophones
4323,fa1zhi3chO1,11,-10.289671857350926,3,10.289671857350926,1,0,0,anti_homophones
4324,gUng1han3chang4yi4,18,-12.629807688570555,4,12.629807688570555,1,0,0,anti_homophones
4325,jM1ming1,8,-6.038481055785286,2,6.038481055785286,1,0,2,anti_homophones
4326,ji4xin4ren2,11,-7.639875700439833,3,7.639875700439833,1,0,0,anti_homophones
4327,hUng1zhen3,10,-6.865549635412486,2,6.865549635412486,1,0,2,anti_homophones
4328,fu2dan3xLng3,12,-10.397316250760802,3,10.397316250760802,1,0,0,anti_homophones
4329,zhUng4bu4ke4ya3,15,-11.938299434578857,4,11.938299434578857,1,0,0,anti_homophones
4330,chQ3mV2,7,-7.540691872836216,2,7.540691872836216,1,0,0,anti_homophones
4331,wan1,4,-4.070138846684312,1,4.070138846684312,1,1,17,anti_homophones
4332,pA2hO3,6,-6.036716523446042,2,6.036716523446042,1,0,0,anti_homophones
4333,rong1,5,-3.6808044177705117,1,3.6808044177705117,1,1,14,anti_homophones
4334,yan2zheng1,10,-5.795039041668004,2,5.795039041668004,1,0,2,anti_homophones
4335,yun4jL3,7,-6.882598335363183,2,6.882598335363183,1,1,0,anti_homophones
4336,shu1xC2shen4,12,-8.415920003025812,3,8.415920003025812,1,0,0,anti_homophones
4337,gV1can2,7,-6.343490293286075,2,6.343490293286075,1,0,1,anti_homophones
4338,zhan2hUn2,9,-7.0849789082482575,2,7.0849789082482575,1,0,0,anti_homophones
4339,xW1ke3qC1ye4,12,-13.454121467010307,4,13.454121467010307,1,0,0,anti_homophones
4340,qL4man4,7,-8.189904421672228,2,8.189904421672228,1,0,1,anti_homophones
4341,jUn2,4,-5.8590572883599705,1,5.8590572883599705,1,0,8,anti_homophones
4342,chun3shu1hu1mM4,15,-11.399803783344211,4,11.399803783344211,1,0,0,anti_homophones
4343,pLn4li4,7,-5.614460389846746,2,5.614460389846746,1,0,5,anti_homophones
4344,dLn3sA1cA3dQ3,13,-12.325851809868084,4,12.325851809868084,1,0,0,anti_homophones
4345,zQ3shan3dang3,13,-10.115017840545798,3,10.115017840545798,1,0,0,anti_homophones
4346,bA2bA2hP2,9,-8.14625980121525,3,8.14625980121525,1,0,0,anti_homophones
4347,gan1qK2zhA2yan3,15,-12.340677512744248,4,12.340677512744248,1,0,0,anti_homophones
4348,ting2yang2,10,-6.473346563707476,2,6.473346563707476,1,0,0,anti_homophones
4349,chang1ji4,9,-5.870808042955413,2,5.870808042955413,1,0,3,anti_homophones
4350,lK2dI4,6,-4.8385785092145115,2,4.8385785092145115,1,1,2,anti_homophones
4351,tO2nO4,6,-6.345254644581798,2,6.345254644581798,1,0,1,anti_homophones
4352,bing4ting4,10,-6.5826587972998745,2,6.5826587972998745,1,0,2,anti_homophones
4353,dQ1jin4fen1,11,-9.797198931176542,3,9.797198931176542,1,0,0,anti_homophones
4354,te4xW4,6,-5.323054409963934,2,5.323054409963934,1,0,5,anti_homophones
4355,ye2,3,-4.03236947441325,1,4.03236947441325,1,0,12,anti_homophones
4356,xW4he1ji4,9,-10.043374899819955,3,10.043374899819955,1,0,0,anti_homophones
4357,ju4qLng1,8,-6.683913532250503,2,6.683913532250503,1,1,1,anti_homophones
4358,shang2tu2,9,-5.953225151866984,2,5.953225151866984,1,0,1,anti_homophones
4359,jM4sheng2zhang2,15,-9.270584670228596,3,9.270584670228596,1,0,0,anti_homophones
4360,wang3hI1,8,-6.51098975304588,2,6.51098975304588,1,0,1,anti_homophones
4361,Q4hen2,6,-7.338696459578214,2,7.338696459578214,1,0,0,anti_homophones
4362,du2ben3shO1,11,-8.90115377980072,3,8.90115377980072,1,0,0,anti_homophones
4363,re4qin1,7,-6.082077957190805,2,6.082077957190805,1,0,3,anti_homophones
4364,cheng3yUn2,10,-6.199695783415458,2,6.199695783415458,1,0,1,anti_homophones
4365,yin3lLng4qing2,14,-9.449638238964823,3,9.449638238964823,1,0,0,anti_homophones
4366,yi1bE4pW4yV2,12,-10.80285046717535,4,10.80285046717535,1,0,0,anti_homophones
4367,hUn2zhen2pu3,12,-9.873080172424629,3,9.873080172424629,1,0,0,anti_homophones
4368,qin2dang2wE2xun2,16,-12.37097449038764,4,12.37097449038764,1,0,0,anti_homophones
4369,yi4yUn3,7,-5.857237652902722,2,5.857237652902722,1,1,2,anti_homophones
4370,kA1mo1qin2dong1,15,-12.434608887083177,4,12.434608887083177,1,0,0,anti_homophones
4371,xYnQ3jin4,9,-10.466382400829099,3,10.466382400829099,1,0,0,anti_homophones
4372,bang1,5,-4.238150664123242,1,4.238150664123242,1,1,12,anti_homophones
4373,jun1zhe3,8,-5.4877421853803945,2,5.4877421853803945,1,0,2,anti_homophones
4374,zhong1wu2di4,12,-7.883894065032284,3,7.883894065032284,1,0,0,anti_homophones
4375,ni2tu3,6,-6.3351960721343685,2,6.3351960721343685,1,0,1,anti_homophones
4376,kang3fa4,8,-7.495493255568927,2,7.495493255568927,1,0,1,anti_homophones
4377,zhUng2,6,-3.615333760523323,1,3.615333760523323,1,2,8,anti_homophones
4378,shi1shi2dA4ren2,15,-9.703498186976246,4,9.703498186976246,1,0,0,anti_homophones
4379,keng2ka3,8,-8.43302540296475,2,8.43302540296475,1,0,0,anti_homophones
4380,bA3fa2,6,-5.696117760552032,2,5.696117760552032,1,0,3,anti_homophones
4381,qM1xW4,6,-5.876458743543464,2,5.876458743543464,1,0,2,anti_homophones
4382,Q2xin1zheng1chen1,17,-12.419357747280301,4,12.419357747280301,1,0,0,anti_homophones
4383,tun2,4,-4.260415135130076,1,4.260415135130076,1,0,10,anti_homophones
4384,xLn2tA1,7,-6.6100734927384455,2,6.6100734927384455,1,0,1,anti_homophones
4385,kong1jing4,10,-6.120770019417446,2,6.120770019417446,1,0,0,anti_homophones
4386,da4jun1gI3,10,-8.232220193730312,3,8.232220193730312,1,0,0,anti_homophones
4387,leng2fen1mW3zu3,15,-12.337655572757765,4,12.337655572757765,1,0,0,anti_homophones
4388,jK3ding4bLn1zi5,15,-11.461406215540011,4,11.461406215540011,1,0,0,anti_homophones
4389,hA3lK2di3,9,-8.574525917046419,3,8.574525917046419,1,0,0,anti_homophones
4390,yu4yi1xLn3,10,-8.506528868049493,3,8.506528868049493,1,0,0,anti_homophones
4391,yC4yu4bi4hE2,12,-13.576128084388076,4,13.576128084388076,1,0,0,anti_homophones
4392,qK1zu2,6,-8.048196638078672,2,8.048196638078672,1,0,2,anti_homophones
4393,ping2qUn2er5,12,-8.995712095183904,3,8.995712095183904,1,0,0,anti_homophones
4394,hO2zhi1e4,9,-8.973341123366106,3,8.973341123366106,1,0,0,anti_homophones
4395,ju4li4fE4zang1,14,-12.177246103311985,4,12.177246103311985,1,0,0,anti_homophones
4396,ba2dQ3,6,-6.21377610182582,2,6.21377610182582,1,0,1,anti_homophones
4397,chu1bQ4jun1,11,-8.503415371819058,3,8.503415371819058,1,0,0,anti_homophones
4398,zhi4hQ4,7,-5.586665491821659,2,5.586665491821659,1,0,7,anti_homophones
4399,fa1ri4,6,-5.40948671921999,2,5.40948671921999,1,1,6,anti_homophones
4400,yi1ru2,6,-5.998838810715489,2,5.998838810715489,1,1,4,anti_homophones
4401,xL4fu1,6,-5.92308731852856,2,5.92308731852856,1,0,0,anti_homophones
4402,ling1zV3,8,-7.3621815210368435,2,7.3621815210368435,1,0,1,anti_homophones
4403,zi4yV3qLn2chan3,15,-11.001030458563749,4,11.001030458563749,1,0,0,anti_homophones
4404,yan4ming2,9,-6.49370627333491,2,6.49370627333491,1,0,0,anti_homophones
4405,mi2han3,7,-6.541231485202499,2,6.541231485202499,1,0,1,anti_homophones
4406,gQ1zong1,8,-5.724231136938861,2,5.724231136938861,1,0,4,anti_homophones
4407,jK3shV3,7,-5.964390916178369,2,5.964390916178369,1,0,1,anti_homophones
4408,ming3zheng2gong1ju1,19,-12.769149824190393,4,12.769149824190393,1,0,0,anti_homophones
4409,yu1yV1yang1,11,-9.345309366773224,3,9.345309366773224,1,0,0,anti_homophones
4410,jin1xing2yUn4shi2,17,-10.931718230147593,4,10.931718230147593,1,0,0,anti_homophones
4411,xW3xM4zhUng1,12,-8.651047362597543,3,8.651047362597543,1,0,0,anti_homophones
4412,ma3fan4,7,-6.0266440557265994,2,6.0266440557265994,1,0,2,anti_homophones
4413,zhA4li4,7,-6.1678505672118344,2,6.1678505672118344,1,0,4,anti_homophones
4414,pin2hA2,7,-6.745486482564918,2,6.745486482564918,1,0,2,anti_homophones
4415,jun1shi4gu4kV3,14,-11.43835026006606,4,11.43835026006606,1,0,0,anti_homophones
4416,yin3zi5,7,-5.291831790031708,2,5.291831790031708,1,0,6,anti_homophones
4417,fan4dLn3dQ4,11,-8.468534829729723,3,8.468534829729723,1,0,0,anti_homophones
4418,hUng2fang1ning3,15,-11.641135757973231,3,11.641135757973231,1,0,0,anti_homophones
4419,xLng1ku4jM2,11,-9.934736358832216,3,9.934736358832216,1,0,0,anti_homophones
4420,ti2hU4wu4,9,-7.693219540004192,3,7.693219540004192,1,0,0,anti_homophones
4421,ling2zi3gA4mi4,14,-12.818883377349112,4,12.818883377349112,1,0,0,anti_homophones
4422,gang3,5,-3.7965073008778725,1,3.7965073008778725,1,1,21,anti_homophones
4423,qi4yi4shi1tL2,13,-14.410804183362085,4,14.410804183362085,1,0,0,anti_homophones
4424,mQ2tA1,6,-6.1662619018043525,2,6.1662619018043525,1,0,0,anti_homophones
4425,yQ1qin1,7,-6.105786115026157,2,6.105786115026157,1,0,1,anti_homophones
4426,ya3gI3jK4ji4,12,-12.042069927144922,4,12.042069927144922,1,0,0,anti_homophones
4427,gA2tV2,6,-7.34532158939913,2,7.34532158939913,1,0,3,anti_homophones
4428,zong2ti3xC2,11,-8.519584634796646,3,8.519584634796646,1,0,0,anti_homophones
4429,ti2chang1zhe3,13,-8.943250162658078,3,8.943250162658078,1,0,0,anti_homophones
4430,xM1ji3,6,-7.380165121322052,2,7.380165121322052,1,0,0,anti_homophones
4431,zeng4wE4,8,-6.562004190089586,2,6.562004190089586,1,0,0,anti_homophones
4432,tI4sI2kV3,9,-8.059860828358309,3,8.059860828358309,1,0,0,anti_homophones
4433,yi1zhan1,8,-5.736991302325689,2,5.736991302325689,1,0,2,anti_homophones
4434,zheng1shu4,10,-5.636200274332573,2,5.636200274332573,1,0,5,anti_homophones
4435,ta1wA3,6,-7.943173718421655,2,7.943173718421655,1,0,0,anti_homophones
4436,da4feng4,8,-5.490124832705104,2,5.490124832705104,1,0,4,anti_homophones
4437,zhUng4tA2,9,-6.237813653143436,2,6.237813653143436,1,0,2,anti_homophones
4438,hV2ding1,8,-7.037094822639163,2,7.037094822639163,1,0,0,anti_homophones
4439,mo2yang2yin4xYng1,17,-13.00747399290041,4,13.00747399290041,1,0,0,anti_homophones
4440,xLn3yin1pu4,11,-11.003504605760947,3,11.003504605760947,1,0,0,anti_homophones
4441,qi2sI4,6,-6.207084209008419,2,6.207084209008419,1,0,4,anti_homophones
4442,xW3zhi2pan4xLng4,16,-11.550964751214487,4,11.550964751214487,1,0,0,anti_homophones
4443,Q1ke1kQ3lv4,11,-10.629672996697547,4,10.629672996697547,1,0,0,anti_homophones
4444,jun1zUn1,8,-7.1615777646379595,2,7.1615777646379595,1,0,2,anti_homophones
4445,ting1pin2zhi1sheng2,19,-12.55355282856133,4,12.55355282856133,1,0,0,anti_homophones
4446,shu3zan1fang3li4,16,-13.341958665139748,4,13.341958665139748,1,0,0,anti_homophones
4447,pu2,3,-3.8995824741145517,1,3.8995824741145517,1,2,20,anti_homophones
4448,hA3bQ4tV5,9,-8.46476947630703,3,8.46476947630703,1,0,0,anti_homophones
4449,xUn3du4,7,-6.1296452804880355,2,6.1296452804880355,1,0,5,anti_homophones
4450,jin4ru2hU4wu4,13,-9.383946572442486,4,9.383946572442486,1,0,0,anti_homophones
4451,she2lV2,7,-6.309175677505074,2,6.309175677505074,1,0,1,anti_homophones
4452,chUng1ti3gUng4,14,-9.771474380125289,3,9.771474380125289,1,0,0,anti_homophones
4453,rUn3xLn2zhong1,14,-9.541240260980688,3,9.541240260980688,1,0,0,anti_homophones
4454,re4se4,6,-4.90987719133326,2,4.90987719133326,1,1,4,anti_homophones
4455,gE3,3,-4.152855958895797,1,4.152855958895797,1,0,14,anti_homophones
4456,wan2zhong4tu2,13,-9.251672586864194,3,9.251672586864194,1,0,0,anti_homophones
4457,A2bA2dQ4,8,-8.384502926136985,3,8.384502926136985,1,0,0,anti_homophones
4458,sha1fang2lUn4qi4,16,-11.376779451626511,4,11.376779451626511,1,0,0,anti_homophones
4459,an4wu3shi4ding2,15,-11.85234530657971,4,11.85234530657971,1,0,0,anti_homophones
4460,lun4,4,-3.4926993882023663,1,3.4926993882023663,1,1,14,anti_homophones
4461,xM2xUn3,7,-5.810376496865713,2,5.810376496865713,1,0,1,anti_homophones
4462,yang3yang4,10,-6.6321973896507265,2,6.6321973896507265,1,0,2,anti_homophones
4463,yan3chang1,10,-6.281530851472635,2,6.281530851472635,1,0,2,anti_homophones
4464,qLn2ku4qi4,10,-7.850990440169877,3,7.850990440169877,1,0,0,anti_homophones
4465,wA4jin4cI4,10,-9.579147055566331,3,9.579147055566331,1,0,0,anti_homophones
4466,bi2xL4tW2,9,-8.681455629036622,3,8.681455629036622,1,0,0,anti_homophones
4467,zhang3zi5,9,-5.431412923642046,2,5.431412923642046,1,0,2,anti_homophones
4468,yan2jK4ji1ge2,13,-10.896373884314546,4,10.896373884314546,1,0,0,anti_homophones
4469,yUn2yi4,7,-5.108151169736922,2,5.108151169736922,1,0,5,anti_homophones
4470,zhU1,4,-4.139174379944623,1,4.139174379944623,1,0,11,anti_homophones
4471,ben3xi4xC4qing2,15,-11.908273525013085,4,11.908273525013085,1,0,0,anti_homophones
4472,ge2gang4yC1ding4,16,-13.210878428513128,4,13.210878428513128,1,0,0,anti_homophones
4473,chang4di4,9,-6.119101973913371,2,6.119101973913371,1,0,5,anti_homophones
4474,ri4zhen2,8,-6.408567010753322,2,6.408567010753322,1,0,3,anti_homophones
4475,qM4tA2gu3,9,-9.659797902361472,3,9.659797902361472,1,0,0,anti_homophones
4476,yang4li4,8,-5.484409976782691,2,5.484409976782691,1,0,6,anti_homophones
4477,shi4mu4shi4yi4,14,-10.31106638612715,4,10.31106638612715,1,0,0,anti_homophones
4478,ban4xL4shen1,12,-9.153364062223437,3,9.153364062223437,1,0,0,anti_homophones
4479,mQ4shV4,7,-6.574559688279486,2,6.574559688279486,1,0,2,anti_homophones
4480,tI3,3,-4.02847722289836,1,4.02847722289836,1,1,13,anti_homophones
4481,ling2hV4shi4fang3,17,-11.737837689277002,4,11.737837689277002,1,0,0,anti_homophones
4482,hu3ji2,6,-6.325544822870176,2,6.325544822870176,1,0,9,anti_homophones
4483,chQ1zhan3,9,-6.553371366574979,2,6.553371366574979,1,0,0,anti_homophones
4484,che1yang2,9,-5.92859804589479,2,5.92859804589479,1,0,0,anti_homophones
4485,sha4w4,6,-10.208209072231957,1,10.208209072231957,1,0,0,anti_homophones
4486,gan3shi1xC4,11,-8.769001933618423,3,8.769001933618423,1,0,0,anti_homophones
4487,du2pLn4xC2li3,13,-11.665642583639988,4,11.665642583639988,1,0,0,anti_homophones
4488,jLn1fu4,7,-5.4617626431258595,2,5.4617626431258595,1,0,4,anti_homophones
4489,pQ1zi5,6,-5.797950997773482,2,5.797950997773482,1,0,5,anti_homophones
4490,hI4ci2,6,-6.4345467249717245,2,6.4345467249717245,1,0,3,anti_homophones
4491,bu4jing3,8,-5.541768926667785,2,5.541768926667785,1,0,6,anti_homophones
4492,fan4sUn4,8,-6.111837576543413,2,6.111837576543413,1,0,2,anti_homophones
4493,fu3xM2,6,-6.8749902390418445,2,6.8749902390418445,1,0,2,anti_homophones
4494,bA2hUng1,8,-5.875235989900505,2,5.875235989900505,1,0,2,anti_homophones
4495,tW2tV2pW4,9,-6.984912342184003,3,6.984912342184003,1,0,0,anti_homophones
4496,xW3de5,6,-5.072822632776476,2,5.072822632776476,1,0,2,anti_homophones
4497,jin4bQ3,7,-6.3464942852809285,2,6.3464942852809285,1,0,2,anti_homophones
4498,lLn2ru3,7,-6.522500180873849,2,6.522500180873849,1,0,1,anti_homophones
4499,shen3,5,-3.604960935482086,1,3.604960935482086,1,2,8,anti_homophones
4500,bE1xu4,6,-6.932893370557899,2,6.932893370557899,1,0,1,anti_homophones
4501,kP4li3,6,-5.950568568756021,2,5.950568568756021,1,0,1,anti_homophones
4502,tO1chu3,7,-6.61892656538075,2,6.61892656538075,1,0,1,anti_homophones
4503,qLn2ji2,7,-5.4389765418653475,2,5.4389765418653475,1,1,6,anti_homophones
4504,tu2cun4,7,-6.8967544998160335,2,6.8967544998160335,1,0,0,anti_homophones
4505,bu4geng4qLng2,13,-10.634102804236937,3,10.634102804236937,1,0,0,anti_homophones
4506,lV2shi1,7,-6.698013259291933,2,6.698013259291933,1,0,1,anti_homophones
4507,she4ri4,7,-6.862159222432345,2,6.862159222432345,1,0,6,anti_homophones
4508,hu2nE4jL1dA4,12,-11.152122702643975,4,11.152122702643975,1,0,0,anti_homophones
4509,cI3can2,7,-7.205684012931802,2,7.205684012931802,1,0,0,anti_homophones
4510,de2shUng1bE4,12,-10.14578923465111,3,10.14578923465111,1,0,0,anti_homophones
4511,yan4bing4hu4ma4,15,-12.62963296287341,4,12.62963296287341,1,0,0,anti_homophones
4512,shen1shV3,9,-5.465158240715139,2,5.465158240715139,1,0,1,anti_homophones
4513,yV3si1xin1xing1,15,-10.364663499290723,4,10.364663499290723,1,0,0,anti_homophones
4514,zhan3zi4li4,11,-8.649991884913453,3,8.649991884913453,1,0,0,anti_homophones
4515,da4pu4shI4,10,-9.969114522746116,3,9.969114522746116,1,0,0,anti_homophones
4516,qUn4,4,-3.8736208350089814,1,3.8736208350089814,1,0,12,anti_homophones
4517,da4ji1,6,-4.710179862484528,2,4.710179862484528,1,0,11,anti_homophones
4518,yV1,3,-3.546544775313855,1,3.546544775313855,1,2,12,anti_homophones
4519,tUn2tLn1,8,-6.538594368453211,2,6.538594368453211,1,0,1,anti_homophones
4520,ping1lLng4,10,-6.505576234622544,2,6.505576234622544,1,0,3,anti_homophones
4521,qi2bM2gV4,9,-8.208380654817754,3,8.208380654817754,1,0,0,anti_homophones
4522,ku4shI3,7,-6.633552916371768,2,6.633552916371768,1,0,2,anti_homophones
4523,bu4bE1tW2,9,-8.292187103729795,3,8.292187103729795,1,0,0,anti_homophones
4524,chUng1zhen1,11,-6.542942865973273,2,6.542942865973273,1,0,0,anti_homophones
4525,lQ3qi1,6,-5.895624018378009,2,5.895624018378009,1,0,4,anti_homophones
4526,nLn2zhi2yi3,11,-8.606556392488029,3,8.606556392488029,1,0,0,anti_homophones
4527,ba3shi4,7,-5.453810506564774,2,5.453810506564774,1,0,8,anti_homophones
4528,qLn3chang3,10,-6.826223237087219,2,6.826223237087219,1,0,0,anti_homophones
4529,xin1jC2,7,-5.682988018560995,2,5.682988018560995,1,0,2,anti_homophones
4530,jL1gQ1jing2,11,-8.629839952164861,3,8.629839952164861,1,0,0,anti_homophones
4531,xu4zhu4,7,-6.873064923688661,2,6.873064923688661,1,0,5,anti_homophones
4532,gO2bo2,6,-5.255653945368376,2,5.255653945368376,1,1,1,anti_homophones
4533,nong2jM1ge4zi5,14,-11.175450413789934,4,11.175450413789934,1,0,0,anti_homophones
4534,ke3jK3,6,-5.830563659419281,2,5.830563659419281,1,0,0,anti_homophones
4535,re4lO2chUn4e2,13,-14.360503883580826,4,14.360503883580826,1,0,0,anti_homophones
4536,wang4gen1bLn1wen2,17,-12.069664098879988,4,12.069664098879988,1,0,0,anti_homophones
4537,fen1zi5,7,-4.872761373323504,2,4.872761373323504,1,0,6,anti_homophones
4538,su4xi3,6,-6.528598874018626,2,6.528598874018626,1,0,1,anti_homophones
4539,bu3kV3,6,-5.745864726112027,2,5.745864726112027,1,0,3,anti_homophones
4540,yang4yi1,8,-6.481188195744863,2,6.481188195744863,1,0,1,anti_homophones
4541,jin4cQ3jLn4,11,-8.624789379264126,3,8.624789379264126,1,0,0,anti_homophones
4542,xLn2min3ba1,11,-10.5718455748612,3,10.5718455748612,1,0,0,anti_homophones
4543,gQ1Q4,5,-5.1013667407632015,2,5.1013667407632015,1,1,4,anti_homophones
4544,zhong2bQ4zhi4,13,-8.07342022738179,3,8.07342022738179,1,0,0,anti_homophones
4545,che1yi1,7,-6.490436682390595,2,6.490436682390595,1,0,2,anti_homophones
4546,ting4yi2men2,12,-9.467280724633797,3,9.467280724633797,1,0,0,anti_homophones
4547,he1qu1,6,-7.19070817400667,2,7.19070817400667,1,0,0,anti_homophones
4548,nW4bQ4zhang2,12,-9.356858199673828,3,9.356858199673828,1,0,0,anti_homophones
4549,kUn1ye4,7,-6.120475767001737,2,6.120475767001737,1,0,4,anti_homophones
4550,wE1fE4jC2,9,-8.44063117419142,3,8.44063117419142,1,0,0,anti_homophones
4551,dV1lV4ding4jun1,15,-12.78589741385594,4,12.78589741385594,1,0,0,anti_homophones
4552,jK4bi4,6,-5.7358043054162025,2,5.7358043054162025,1,0,5,anti_homophones
4553,tang2lun2,9,-6.919376951257567,2,6.919376951257567,1,0,0,anti_homophones
4554,ken3,4,-4.017182396753754,1,4.017182396753754,1,0,7,anti_homophones
4555,pE2xing2dLn4,12,-8.450037155474142,3,8.450037155474142,1,0,0,anti_homophones
4556,gI1sI2jW3yUn2,13,-11.390418608837123,4,11.390418608837123,1,0,0,anti_homophones
4557,shI3fheng4,10,-9.952902371919835,2,9.952902371919835,1,0,0,anti_homophones
4558,sheng2ran2,10,-6.092756287245161,2,6.092756287245161,1,0,1,anti_homophones
4559,nLn1sI4,7,-8.263310297099112,2,8.263310297099112,1,0,0,anti_homophones
4560,kong2hUn4,9,-6.854763989318371,2,6.854763989318371,1,0,1,anti_homophones
4561,ge1dan1mV2,10,-8.484295722967042,3,8.484295722967042,1,0,0,anti_homophones
4562,he1chA1lu4,10,-9.923330529641648,3,9.923330529641648,1,0,0,anti_homophones
4563,tan2,4,-3.3128370295111598,1,3.3128370295111598,1,0,16,anti_homophones
4564,zhi1tLn1chen1jL1,16,-11.403122590786852,4,11.403122590786852,1,0,0,anti_homophones
4565,bu4gu3tLn1shang1,16,-10.957560664969911,4,10.957560664969911,1,0,0,anti_homophones
4566,chV2rUn3,8,-6.3226944562369205,2,6.3226944562369205,1,0,1,anti_homophones
4567,yi4zA4,6,-5.892130783011787,2,5.892130783011787,1,0,3,anti_homophones
4568,sheng3qi4,9,-5.5740416868081875,2,5.5740416868081875,1,0,2,anti_homophones
4569,ling4jLn1pi2,12,-9.264313243513293,3,9.264313243513293,1,0,0,anti_homophones
4570,du2shI3xLng4,12,-7.983143599402336,3,7.983143599402336,1,0,0,anti_homophones
4571,qW2fu4,6,-5.971008062355479,2,5.971008062355479,1,0,2,anti_homophones
4572,cV4hA4,6,-6.004010411135933,2,6.004010411135933,1,0,2,anti_homophones
4573,fa1hI3,6,-6.130897707910721,2,6.130897707910721,1,0,2,anti_homophones
4574,lahi1,5,-7.995887093632827,2,7.995887093632827,1,0,0,anti_homophones
4575,kV3bing4,8,-6.613372948718507,2,6.613372948718507,1,0,0,anti_homophones
4576,zi4ran2shO1,11,-7.646090652614615,3,7.646090652614615,1,0,0,anti_homophones
4577,che1yang1gO3,12,-9.217254773280576,3,9.217254773280576,1,0,0,anti_homophones
4578,ci3zhi3,7,-6.433502286421479,2,6.433502286421479,1,0,1,anti_homophones
4579,ma3xC2,6,-5.388646685265893,2,5.388646685265893,1,1,3,anti_homophones
4580,ming2pin3,9,-6.497433149644625,2,6.497433149644625,1,0,1,anti_homophones
4581,chen1lA4,8,-6.849791155065369,2,6.849791155065369,1,0,1,anti_homophones
4582,fa2,3,-3.7618379112673876,1,3.7618379112673876,1,0,13,anti_homophones
4583,shang1ji1,9,-5.420778973044969,2,5.420778973044969,1,0,3,anti_homophones
4584,shQ1shen1,9,-6.244301070730725,2,6.244301070730725,1,0,1,anti_homophones
4585,hU4shang1,9,-6.482610669976988,2,6.482610669976988,1,0,0,anti_homophones
4586,feng1jLng4,10,-6.206026892416838,2,6.206026892416838,1,0,0,anti_homophones
4587,lQ3xLn3,7,-5.696981009035217,2,5.696981009035217,1,0,2,anti_homophones
4588,mang2dong1,10,-7.009209516989678,2,7.009209516989678,1,0,0,anti_homophones
4589,kang3wE1,8,-7.77823419420677,2,7.77823419420677,1,0,0,anti_homophones
4590,zhong4lM4,9,-6.121152124177636,2,6.121152124177636,1,1,1,anti_homophones
4591,zhan3cheng2kong1,16,-9.53159232168113,3,9.53159232168113,1,0,0,anti_homophones
4592,yi1bu4,6,-4.4745257356285455,2,4.4745257356285455,1,2,19,anti_homophones
4593,bLn3lLng1,9,-7.54675926928715,2,7.54675926928715,1,0,0,anti_homophones
4594,sO3bu4wE,8,-10.029687223325553,3,10.029687223325553,1,0,0,anti_homophones
4595,cA4,3,-3.3837228191560267,1,3.3837228191560267,1,1,21,anti_homophones
4596,mo2gP4,6,-5.416338007225737,2,5.416338007225737,1,0,2,anti_homophones
4597,wan4bu4,7,-5.7144779688321945,2,5.7144779688321945,1,1,3,anti_homophones
4598,tQ2san1hO2qu1,13,-12.149088962505248,4,12.149088962505248,1,0,0,anti_homophones
4599,qLng2lan2rO4kUn3,16,-12.579690412062392,4,12.579690412062392,1,0,0,anti_homophones
4600,hA3bE4,6,-6.047167932990276,2,6.047167932990276,1,0,2,anti_homophones
4601,pu4,3,-3.934593132266331,1,3.934593132266331,1,1,28,anti_homophones
4602,jK3qLn2yi3ran2,14,-11.052995079649799,4,11.052995079649799,1,0,0,anti_homophones
4603,shu2nA1cA4,10,-10.78266029204436,3,10.78266029204436,1,0,0,anti_homophones
4604,fang1ji2jLn4,12,-8.376133909039226,3,8.376133909039226,1,0,0,anti_homophones
4605,yi4li4,6,-4.963729521235183,2,4.963729521235183,1,1,18,anti_homophones
4606,bA4wu3,6,-6.587628341813312,2,6.587628341813312,1,0,3,anti_homophones
4607,da4jW4sheng1xL4,15,-10.550807084743644,4,10.550807084743644,1,0,0,anti_homophones
4608,cheng1er3,9,-6.52487878745482,2,6.52487878745482,1,0,2,anti_homophones
4609,gUn4da4gUn1,11,-9.258328484360364,3,9.258328484360364,1,0,0,anti_homophones
4610,jYng1yin1,9,-7.194947158245574,2,7.194947158245574,1,0,0,anti_homophones
4611,yUn2yang3tLn1zhA4,17,-12.078541304746825,4,12.078541304746825,1,0,0,anti_homophones
4612,yu2sheng4,9,-6.139903252053752,2,6.139903252053752,1,0,1,anti_homophones
4613,zhV1feng1,9,-6.141601061503572,2,6.141601061503572,1,0,2,anti_homophones
4614,fu2jin1bA3zi5,13,-11.400155844413321,4,11.400155844413321,1,0,0,anti_homophones
4615,dA4xM1,6,-6.61282199544365,2,6.61282199544365,1,0,0,anti_homophones
4616,er4lQ2lQ3qing1,14,-12.154324419350083,4,12.154324419350083,1,0,0,anti_homophones
4617,da4lu4,6,-4.730369158085158,2,4.730369158085158,1,0,16,anti_homophones
4618,ming2xLng4,10,-6.000676167709807,2,6.000676167709807,1,0,2,anti_homophones
4619,mLn4chang1gUn3gUn4,18,-12.334640485903119,4,12.334640485903119,1,0,0,anti_homophones
4620,lin3,4,-4.475108344396965,1,4.475108344396965,1,0,10,anti_homophones
4621,bLn4deng2,9,-6.873929193815995,2,6.873929193815995,1,0,1,anti_homophones
4622,wE4sI4yUn3jM3,13,-11.963056215730523,4,11.963056215730523,1,0,0,anti_homophones
4623,zhUng4pLn4,10,-6.511213767415603,2,6.511213767415603,1,0,0,anti_homophones
4624,yQ4shi4,7,-5.091427122712334,2,5.091427122712334,1,0,10,anti_homophones
4625,zhUng1ci2yi4,12,-8.900529890469642,3,8.900529890469642,1,0,0,anti_homophones
4626,yV3chu3cha2,11,-9.371819338927612,3,9.371819338927612,1,0,0,anti_homophones
4627,han1cA2,7,-7.021765588513507,2,7.021765588513507,1,0,1,anti_homophones
4628,kan1li4she4,11,-8.924882615649217,3,8.924882615649217,1,0,0,anti_homophones
4629,zhi4lW2,7,-6.15418280386173,2,6.15418280386173,1,0,1,anti_homophones
4630,dQ4xing2,8,-5.727138129056864,2,5.727138129056864,1,0,3,anti_homophones
4631,yong2jW4,8,-6.750747328918383,2,6.750747328918383,1,0,0,anti_homophones
4632,fu4zhan2,8,-6.104992158330544,2,6.104992158330544,1,0,1,anti_homophones
4633,bu3ru4wen2,10,-8.104178433039763,3,8.104178433039763,1,0,0,anti_homophones
4634,bE3A2,5,-5.608820866288106,2,5.608820866288106,1,0,1,anti_homophones
4635,bQ3zhi2kA1,10,-8.560247832089983,3,8.560247832089983,1,0,0,anti_homophones
4636,gUn1zi5,7,-4.900042129780062,2,4.900042129780062,1,1,7,anti_homophones
4637,neng1,5,-4.011055662646906,1,4.011055662646906,1,0,15,anti_homophones
4638,zhu3ying4tW2ke4,15,-11.591843378165027,4,11.591843378165027,1,0,0,anti_homophones
4639,tW4,3,-3.7426444903857954,1,3.7426444903857954,1,0,18,anti_homophones
4640,an1lM4,6,-5.797349072070727,2,5.797349072070727,1,1,2,anti_homophones
4641,gP4lun2tu2,10,-8.933430766363749,3,8.933430766363749,1,0,0,anti_homophones
4642,gu1dO2bE4,9,-8.900262467375498,3,8.900262467375498,1,0,0,anti_homophones
4643,ru2yi3,6,-5.52078470846636,2,5.52078470846636,1,1,4,anti_homophones
4644,lv3ci2chi4,10,-9.410139939430048,3,9.410139939430048,1,0,0,anti_homophones
4645,ni2bA2ci2,9,-9.100972982639652,3,9.100972982639652,1,0,0,anti_homophones
4646,ba2cQ1men5,10,-10.210916718851932,3,10.210916718851932,1,0,0,anti_homophones
4647,bo1song2,8,-6.138249287627066,2,6.138249287627066,1,0,0,anti_homophones
4648,ba1shP3kang4hQ4,15,-14.74048537679111,4,14.74048537679111,1,0,0,anti_homophones
4649,peng3qi4,8,-6.353744126578821,2,6.353744126578821,1,0,0,anti_homophones
4650,shu1hu1,7,-5.078289913417745,2,5.078289913417745,1,0,5,anti_homophones
4651,meng1dV4mLn4jLng4,17,-13.088857746493606,4,13.088857746493606,1,0,0,anti_homophones
4652,fu4xK1,6,-5.783673072160033,2,5.783673072160033,1,0,1,anti_homophones
4653,can1hU1lE3,10,-8.802933472480513,3,8.802933472480513,1,0,0,anti_homophones
4654,sang2dLn4,9,-6.874141034104734,2,6.874141034104734,1,0,4,anti_homophones
4655,song1su4xLng1,13,-9.14726909311033,3,9.14726909311033,1,0,0,anti_homophones
4656,wA4sheng1,9,-5.712519352908246,2,5.712519352908246,1,0,4,anti_homophones
4657,jLn1qing2mu4,12,-8.605975065243626,3,8.605975065243626,1,0,0,anti_homophones
4658,ji4ya1lun2,10,-9.76223162129997,3,9.76223162129997,1,0,0,anti_homophones
4659,A4hO3jLn3,9,-9.152483616289931,3,9.152483616289931,1,0,0,anti_homophones
4660,cA4gu3,6,-6.268278703067405,2,6.268278703067405,1,0,2,anti_homophones
4661,ji4mo2,6,-6.376649691640979,2,6.376649691640979,1,0,1,anti_homophones
4662,rV4shi3,7,-6.243805705318331,2,6.243805705318331,1,0,0,anti_homophones
4663,ya4men2,7,-5.6698464003370095,2,5.6698464003370095,1,0,6,anti_homophones
4664,gu3si1,6,-5.729773552850833,2,5.729773552850833,1,0,5,anti_homophones
4665,le1lu4,6,-6.585475128136261,2,6.585475128136261,1,0,1,anti_homophones
4666,qu3xW3qu1,9,-8.945791453718082,3,8.945791453718082,1,0,0,anti_homophones
4667,jLn1wan2yan1ren2,16,-11.612750150426765,4,11.612750150426765,1,0,0,anti_homophones
4668,tI4hI4,6,-5.186987306701116,2,5.186987306701116,1,0,4,anti_homophones
4669,mE2qing2yV1,11,-9.837843011142766,3,9.837843011142766,1,0,0,anti_homophones
4670,hV3,3,-4.476478444917808,1,4.476478444917808,1,0,13,anti_homophones
4671,shang3pi2gu3tV5,15,-12.028069859212174,4,12.028069859212174,1,0,0,anti_homophones
4672,kA1yV1yV1,9,-8.822267205903943,3,8.822267205903943,1,0,0,anti_homophones
4673,er3bE4yV2,9,-8.214822422327181,3,8.214822422327181,1,0,0,anti_homophones
4674,zi4kA1,6,-6.0230535339803195,2,6.0230535339803195,1,0,2,anti_homophones
4675,lLng4zhi1xLng3tong4,19,-12.022697633954186,4,12.022697633954186,1,0,0,anti_homophones
4676,pi4xu3,6,-7.269475468744931,2,7.269475468744931,1,0,0,anti_homophones
4677,xL4bo2men2,10,-9.52372434239754,3,9.52372434239754,1,0,0,anti_homophones
4678,ci3,3,-3.78148507822006,1,3.78148507822006,1,1,19,anti_homophones
4679,yi4dLn3xLn4,11,-8.332325806641226,3,8.332325806641226,1,0,0,anti_homophones
4680,qK1li4,6,-5.347080015455061,2,5.347080015455061,1,2,0,anti_homophones
4681,zA1cheng1,9,-8.120051671306433,2,8.120051671306433,1,0,1,anti_homophones
4682,xLng2wang4ti3,13,-9.220611929973213,3,9.220611929973213,1,0,0,anti_homophones
4683,mo3hI4,6,-5.555657733900356,2,5.555657733900356,1,0,3,anti_homophones
4684,hun3,4,-3.87903021980787,1,3.87903021980787,1,0,7,anti_homophones
4685,jM4ru2,6,-6.384687898640588,2,6.384687898640588,1,0,0,anti_homophones
4686,cO4ji1qi2,9,-9.189728944527632,3,9.189728944527632,1,0,0,anti_homophones
4687,yi1ge5,6,-5.912671590422092,2,5.912671590422092,1,0,3,anti_homophones
4688,bu3yi4pA4yUn2,13,-11.233859005281916,4,11.233859005281916,1,0,0,anti_homophones
4689,zhUng1sUn4jUn4,14,-9.927868506792542,3,9.927868506792542,1,0,0,anti_homophones
4690,hO3xing1,8,-6.237582645940748,2,6.237582645940748,1,0,0,anti_homophones
4691,te4xLng2,8,-5.719961938755403,2,5.719961938755403,1,0,2,anti_homophones
4692,shI3pin3,8,-5.033925577465629,2,5.033925577465629,1,1,3,anti_homophones
4693,rQ2yUn3,7,-6.834511644346788,2,6.834511644346788,1,0,0,anti_homophones
4694,xLng4zi5,8,-5.0776748262084945,2,5.0776748262084945,1,1,2,anti_homophones
4695,ye4cheng4si3,12,-9.62578188290209,3,9.62578188290209,1,0,0,anti_homophones
4696,gOn2,4,-7.0959383907197395,1,7.0959383907197395,1,0,1,anti_homophones
4697,tQ2hU1dO1,9,-8.96518559123343,3,8.96518559123343,1,0,0,anti_homophones
4698,qi2se4,6,-5.778132112552957,2,5.778132112552957,1,1,7,anti_homophones
4699,jW4yV2,6,-5.425920087230411,2,5.425920087230411,1,1,5,anti_homophones
4700,chV4,4,-3.9379116213069816,1,3.9379116213069816,1,2,11,anti_homophones
4701,qLng4xM3,8,-6.810057903757573,2,6.810057903757573,1,0,1,anti_homophones
4702,sheng4ye4,9,-5.791960993548869,2,5.791960993548869,1,0,2,anti_homophones
4703,lLng4zhe3,9,-5.9612045429885905,2,5.9612045429885905,1,0,1,anti_homophones
4704,gA3jC2,6,-5.894216995333747,2,5.894216995333747,1,0,2,anti_homophones
4705,mi2yi2yun4,10,-9.472244347496744,3,9.472244347496744,1,0,0,anti_homophones
4706,yi1gE3,6,-6.331422319136955,2,6.331422319136955,1,0,2,anti_homophones
4707,xL4zhu2,7,-6.641666550069351,2,6.641666550069351,1,0,1,anti_homophones
4708,bA2lun4,7,-6.013430575492444,2,6.013430575492444,1,0,0,anti_homophones
4709,yi4jL1po4,9,-8.147555256691705,3,8.147555256691705,1,0,0,anti_homophones
4710,jing4pu4jing4,13,-9.491512457768723,3,9.491512457768723,1,0,0,anti_homophones
4711,ji4jing4,8,-5.674891821865093,2,5.674891821865093,1,0,3,anti_homophones
4712,jin4tM3zhan2zhi3,16,-12.594662691866473,4,12.594662691866473,1,0,0,anti_homophones
4713,ling2qu3,8,-6.039018068854639,2,6.039018068854639,1,0,5,anti_homophones
4714,wen1tu2li5,10,-9.850000424693066,3,9.850000424693066,1,0,0,anti_homophones
4715,so2,3,-5.774951621648279,1,5.774951621648279,1,0,5,anti_homophones
4716,dA4bing3,8,-6.125117105809394,2,6.125117105809394,1,0,0,anti_homophones
4717,zV4,3,-4.129803953324568,1,4.129803953324568,1,1,17,anti_homophones
4718,ji4zi5,6,-5.029768622283629,2,5.029768622283629,1,0,13,anti_homophones
4719,tV2ting2,8,-6.528182203265639,2,6.528182203265639,1,0,3,anti_homophones
4720,chUng2zhi4,10,-6.111240108380514,2,6.111240108380514,1,0,1,anti_homophones
4721,re4qi4zi4bang4,14,-12.139816730395276,4,12.139816730395276,1,0,0,anti_homophones
4722,she5,4,-5.037860592407743,1,5.037860592407743,1,0,6,anti_homophones
4723,xi3li3,6,-5.954104655330861,2,5.954104655330861,1,0,3,anti_homophones
4724,hI2zhP4yi4,10,-11.811329162141725,3,11.811329162141725,1,0,0,anti_homophones
4725,chi4,4,-3.6143894489729034,1,3.6143894489729034,1,1,11,anti_homophones
4726,jLn3jLn3xin1xin1,16,-10.78517884055821,4,10.78517884055821,1,0,0,anti_homophones
4727,sI2tLn1,7,-5.969446312826108,2,5.969446312826108,1,0,1,anti_homophones
4728,tM1,3,-3.794086019747901,1,3.794086019747901,1,0,14,anti_homophones
4729,jL4pL4,6,-8.486500660418603,2,8.486500660418603,1,0,1,anti_homophones
4730,long4ji2er2,11,-9.319900204815825,3,9.319900204815825,1,0,0,anti_homophones
4731,yQ3teng1,8,-7.467587093409666,2,7.467587093409666,1,0,0,anti_homophones
4732,wE2yu3,6,-5.762071629294526,2,5.762071629294526,1,0,2,anti_homophones
4733,si4wen2xC3,10,-9.32482109209167,3,9.32482109209167,1,0,0,anti_homophones
4734,qi3shi4pan2hQ4,14,-12.213108079561154,4,12.213108079561154,1,0,0,anti_homophones
4735,kUn3lan3shu4,12,-9.254507462538703,3,9.254507462538703,1,0,0,anti_homophones
4736,yUn2shV3,8,-5.553127068218352,2,5.553127068218352,1,0,2,anti_homophones
4737,tO3yV2qi2,9,-8.785994887676393,3,8.785994887676393,1,0,0,anti_homophones
4738,mE2long2,8,-6.8597907564542275,2,6.8597907564542275,1,0,3,anti_homophones
4739,jing2ren2,9,-4.998853321306562,2,4.998853321306562,1,0,5,anti_homophones
4740,zhu3hun2,8,-7.187181092625818,2,7.187181092625818,1,0,0,anti_homophones
4741,dW4yan4,7,-6.12360935115332,2,6.12360935115332,1,0,1,anti_homophones
4742,jL1zhu3,7,-5.737653595485656,2,5.737653595485656,1,0,3,anti_homophones
4743,hQ2fan4jW1xLng4,15,-11.711895120958857,4,11.711895120958857,1,0,0,anti_homophones
4744,ke1dQ4,6,-5.9513357024364195,2,5.9513357024364195,1,0,2,anti_homophones
4745,lQ3yV3zhen2,11,-8.397689362938184,3,8.397689362938184,1,0,0,anti_homophones
4746,yQ1ren4,7,-6.325290828915491,2,6.325290828915491,1,0,0,anti_homophones
4747,cheng1si3jing1,14,-9.443608570634877,3,9.443608570634877,1,0,0,anti_homophones
4748,hang4zhi3wu2yi1,15,-11.700725456222933,4,11.700725456222933,1,0,0,anti_homophones
4749,yun4fE4xLn2,11,-9.543724131093246,3,9.543724131093246,1,0,0,anti_homophones
4750,yu2ming1,8,-6.039394186208865,2,6.039394186208865,1,0,3,anti_homophones
4751,ke4tV2yV2,9,-8.955660273015813,3,8.955660273015813,1,0,0,anti_homophones
4752,yin3bo1,7,-5.971029905970958,2,5.971029905970958,1,0,1,anti_homophones
4753,san3zing1,9,-9.422133093414022,2,9.422133093414022,1,0,0,anti_homophones
4754,bu4ke3shV3,10,-7.013982442743535,3,7.013982442743535,1,0,0,anti_homophones
4755,shUn2jin4,9,-6.802831480229462,2,6.802831480229462,1,0,1,anti_homophones
4756,chUn2wan3hP4qUn2,16,-12.357409991456608,4,12.357409991456608,1,0,0,anti_homophones
4757,du1dLn4,7,-6.029711800074063,2,6.029711800074063,1,0,4,anti_homophones
4758,A1shen1fang2,12,-9.053756218408626,3,9.053756218408626,1,0,0,anti_homophones
4759,yan4shV4zhi4,12,-8.942360630905407,3,8.942360630905407,1,0,0,anti_homophones
4760,ka1chV2,7,-6.658977880875719,2,6.658977880875719,1,0,0,anti_homophones
4761,jC2zhong1xing2,14,-8.719030132320075,3,8.719030132320075,1,0,0,anti_homophones
4762,tLn1qUn2ming3,13,-8.803826438041865,3,8.803826438041865,1,0,0,anti_homophones
4763,shQ1sha1,8,-6.366884321646109,2,6.366884321646109,1,0,0,anti_homophones
4764,an1ming3sha1deng2,17,-13.444447060137119,4,13.444447060137119,1,0,0,anti_homophones
4765,dLn3shO1,8,-5.9854555208866005,2,5.9854555208866005,1,0,1,anti_homophones
4766,cA4cA3mA2tV5,12,-13.010704623712568,4,13.010704623712568,1,0,0,anti_homophones
4767,ban4ke4ban1,11,-9.139687484912516,3,9.139687484912516,1,0,0,anti_homophones
4768,xLn2zi4bQ4,10,-8.893939961659509,3,8.893939961659509,1,0,0,anti_homophones
4769,feng1hI1,8,-6.346333414237196,2,6.346333414237196,1,0,1,anti_homophones
4770,gong1xW1sUn1,12,-7.911208202825738,3,7.911208202825738,1,0,1,anti_homophones
4771,shUng2xW3ming4,14,-10.292820299137512,3,10.292820299137512,1,0,0,anti_homophones
4772,mang1xing1xi2,13,-9.914086133952003,3,9.914086133952003,1,0,0,anti_homophones
4773,wa3ma3,6,-7.616202851926857,2,7.616202851926857,1,0,0,anti_homophones
4774,si3dQ4,6,-5.889878648857939,2,5.889878648857939,1,0,5,anti_homophones
4775,ge1wu4,6,-5.04284655660928,2,5.04284655660928,1,0,3,anti_homophones
4776,jLn4dLn4,8,-5.591610204743704,2,5.591610204743704,1,0,4,anti_homophones
4777,gan1se4cA3da4,13,-12.675825734588667,4,12.675825734588667,1,0,0,anti_homophones
4778,lu4ju3ba5,9,-9.220244921272357,3,9.220244921272357,1,0,0,anti_homophones
4779,tLn1xUn3,8,-6.478699205214339,2,6.478699205214339,1,0,0,anti_homophones
4780,shu1po1,7,-6.42038380899547,2,6.42038380899547,1,0,0,anti_homophones
4781,nA3pin1,7,-6.817796213946103,2,6.817796213946103,1,0,0,anti_homophones
4782,zi4si1mu4chUng4,15,-11.666237222625726,4,11.666237222625726,1,0,0,anti_homophones
4783,yUn2jM3di4lu4,13,-10.92237633880738,4,10.92237633880738,1,0,0,anti_homophones
4784,pi2zi5,6,-5.02327949535189,2,5.02327949535189,1,0,6,anti_homophones
4785,yong1ji4dLn4,12,-8.498191359801062,3,8.498191359801062,1,0,0,anti_homophones
4786,zhang3shang2,12,-6.606452659300364,2,6.606452659300364,1,0,0,anti_homophones
4787,yV2di3zhang4,12,-8.383441229868614,3,8.383441229868614,1,0,0,anti_homophones
4788,nu4ming2,8,-6.34461432750463,2,6.34461432750463,1,0,5,anti_homophones
4789,yin4jL4,7,-6.139334597614766,2,6.139334597614766,1,0,2,anti_homophones
4790,yang2xun1,9,-7.333816590604229,2,7.333816590604229,1,0,1,anti_homophones
4791,hA3yan2,7,-5.719013081302991,2,5.719013081302991,1,0,2,anti_homophones
4792,fan1deng2,9,-6.86381240595242,2,6.86381240595242,1,0,0,anti_homophones
4793,ang3,4,-4.518538419087416,1,4.518538419087416,1,2,17,anti_homophones
4794,xW1yV3,6,-5.547713477851186,2,5.547713477851186,1,0,3,anti_homophones
4795,yong4lLng3zQ3,13,-10.686415565336555,3,10.686415565336555,1,0,0,anti_homophones
4796,xi1cun2,7,-6.239009188935382,2,6.239009188935382,1,0,1,anti_homophones
4797,chu3jing2,9,-6.379260937110179,2,6.379260937110179,1,0,2,anti_homophones
4798,nLng4zhO1sha1,13,-11.280983103113167,3,11.280983103113167,1,0,0,anti_homophones
4799,mo2shan4,8,-6.4885869760747585,2,6.4885869760747585,1,0,0,anti_homophones
4800,kan1chUng1qing1qUn2,19,-12.350728426500174,4,12.350728426500174,1,0,0,anti_homophones
4801,xLn3di1,7,-6.8855170705880795,2,6.8855170705880795,1,0,0,anti_homophones
4802,hu2tQ2,6,-5.485863123786995,2,5.485863123786995,1,0,4,anti_homophones
4803,ru2qi4,6,-5.34036438844833,2,5.34036438844833,1,1,4,anti_homophones
4804,gen1,4,-3.5375740678677623,1,3.5375740678677623,1,0,9,anti_homophones
4805,hQ3lLng4,8,-6.242234613349314,2,6.242234613349314,1,0,1,anti_homophones
4806,jM1xLng1si1,11,-8.122188535438159,3,8.122188535438159,1,0,0,anti_homophones
4807,kUn1,4,-3.893633035597771,1,3.893633035597771,1,2,10,anti_homophones
4808,bo1lQ2she4,10,-8.785313279137528,3,8.785313279137528,1,0,0,anti_homophones
4809,gang1zha1,9,-7.577154584244067,2,7.577154584244067,1,0,1,anti_homophones
4810,gUng2,5,-3.7479743583814025,1,3.7479743583814025,1,0,7,anti_homophones
4811,he2yi3xC2,9,-7.636305348374612,3,7.636305348374612,1,0,1,anti_homophones
4812,song2,5,-3.844083239752748,1,3.844083239752748,1,0,14,anti_homophones
4813,ji4tu2,6,-5.516858741984832,2,5.516858741984832,1,1,4,anti_homophones
4814,jun1fu4shan3jin1,16,-11.808706213709957,4,11.808706213709957,1,0,0,anti_homophones
4815,fa1yu4kUng4,11,-9.20540577954546,3,9.20540577954546,1,0,0,anti_homophones
4816,kI4,3,-3.8951556611990616,1,3.8951556611990616,1,2,16,anti_homophones
4817,li3ren2,7,-5.167390192854932,2,5.167390192854932,1,0,4,anti_homophones
4818,tV2jL1hO3la4,12,-11.32195043604075,4,11.32195043604075,1,0,0,anti_homophones
4819,du4ju2,6,-6.097021306310204,2,6.097021306310204,1,0,6,anti_homophones
4820,gI1gan3neng4,12,-9.535043035399271,3,9.535043035399271,1,0,0,anti_homophones
4821,wu1yun4,7,-5.815816802647357,2,5.815816802647357,1,0,2,anti_homophones
4822,xing1nW4gUn1nK1,15,-12.877541398941696,4,12.877541398941696,1,0,0,anti_homophones
4823,zhV1zhen3xin1hA3,16,-13.435877025140734,4,13.435877025140734,1,0,0,anti_homophones
4824,dO3,3,-4.011418425410841,1,4.011418425410841,1,1,11,anti_homophones
4825,bi2hU4fE1chu4,13,-11.829825755269464,4,11.829825755269464,1,0,0,anti_homophones
4826,xun2bu4,7,-5.996617297384094,2,5.996617297384094,1,0,0,anti_homophones
4827,chong4mV2lW4,12,-9.997017474657254,3,9.997017474657254,1,0,0,anti_homophones
4828,li2,3,-3.3448444589331916,1,3.3448444589331916,1,3,21,anti_homophones
4829,shi1xM4xi1zI3,13,-12.103094503615617,4,12.103094503615617,1,0,0,anti_homophones
4830,mi2tW4,6,-7.029074465976444,2,7.029074465976444,1,0,0,anti_homophones
4831,zi4dan4kV3,10,-8.3848024471535,3,8.3848024471535,1,0,0,anti_homophones
4832,er4feng1an4hO3,14,-11.995025832767029,4,11.995025832767029,1,0,0,anti_homophones
4833,gI1shu1,7,-6.145269508150738,2,6.145269508150738,1,0,0,anti_homophones
4834,gong1qing4,10,-5.793626063085275,2,5.793626063085275,1,0,3,anti_homophones
4835,jin1xin1,8,-5.203315309806002,2,5.203315309806002,1,1,7,anti_homophones
4836,chan3nLn4xM4,12,-10.541807750511186,3,10.541807750511186,1,0,0,anti_homophones
4837,hun2gQ1dI4jLng4,15,-12.931174918005121,4,12.931174918005121,1,0,0,anti_homophones
4838,fan2zi4,7,-7.033012895367657,2,7.033012895367657,1,0,1,anti_homophones
4839,fa1shi4ji1,10,-7.242605889973359,3,7.242605889973359,1,0,0,anti_homophones
4840,tQ2pi4gO4yi2,12,-12.984853749473293,4,12.984853749473293,1,0,0,anti_homophones
4841,shI3qi4,7,-4.6900985705144915,2,4.6900985705144915,1,0,8,anti_homophones
4842,pA2qK2,6,-4.844054564967736,2,4.844054564967736,1,1,1,anti_homophones
4843,ti1dI4,6,-5.9657014243565785,2,5.9657014243565785,1,0,4,anti_homophones
4844,hO3long2,8,-6.339967131757556,2,6.339967131757556,1,0,0,anti_homophones
4845,yi1xW4,6,-5.044355255068776,2,5.044355255068776,1,0,7,anti_homophones
4846,zQ4ji2,6,-5.539086535321246,2,5.539086535321246,1,0,5,anti_homophones
4847,jW1cheng2xin4,13,-8.797423104050901,3,8.797423104050901,1,0,0,anti_homophones
4848,qLn4fa3hO3,10,-9.787936097029682,3,9.787936097029682,1,0,0,anti_homophones
4849,yi4xing3,8,-5.852968079824515,2,5.852968079824515,1,1,3,anti_homophones
4850,bang3zhi2,9,-6.8347951684465205,2,6.8347951684465205,1,0,1,anti_homophones
4851,ji1na4mo4lv3,12,-12.24461158864916,4,12.24461158864916,1,0,0,anti_homophones
4852,shI3beng2,9,-7.096799105844682,2,7.096799105844682,1,0,0,anti_homophones
4853,xLn1shen2,9,-6.372516707715605,2,6.372516707715605,1,0,2,anti_homophones
4854,qL2er4lQ3wu2,12,-14.167073854912374,4,14.167073854912374,1,0,0,anti_homophones
4855,dI1jin1,7,-6.617758049057355,2,6.617758049057355,1,0,2,anti_homophones
4856,mW2,3,-3.761998700526988,1,3.761998700526988,1,2,10,anti_homophones
4857,bM5,3,-5.877159909778158,1,5.877159909778158,1,0,3,anti_homophones
4858,fan1sO3,7,-6.764055965415267,2,6.764055965415267,1,0,2,anti_homophones
4859,mu4ci4ban4,10,-9.315867535808387,3,9.315867535808387,1,0,0,anti_homophones
4860,jM1shi1,7,-5.470011406525515,2,5.470011406525515,1,0,6,anti_homophones
4861,chu2ping1chUn4,14,-10.360277157954226,3,10.360277157954226,1,0,0,anti_homophones
4862,dW1hQ4ji2,9,-8.658976967630965,3,8.658976967630965,1,0,0,anti_homophones
4863,gI3ti2,6,-6.385899482343959,2,6.385899482343959,1,0,2,anti_homophones
4864,beng4ren2,9,-6.784254713239172,2,6.784254713239172,1,0,0,anti_homophones
4865,wen1wan3sO3,11,-9.902093113030997,3,9.902093113030997,1,0,0,anti_homophones
4866,sheng2hUn2,10,-6.26279950099283,2,6.26279950099283,1,0,0,anti_homophones
4867,chV1,4,-3.9625870155661533,1,3.9625870155661533,1,1,10,anti_homophones
4868,da4ju4,6,-4.8491052396043175,2,4.8491052396043175,1,1,16,anti_homophones
4869,tong2gUng2jLn1,14,-9.484906659576462,3,9.484906659576462,1,0,0,anti_homophones
4870,cO4jLn3zheng2ji1,16,-12.041391672413335,4,12.041391672413335,1,0,0,anti_homophones
4871,bu4ci4ren2,10,-8.317677283626523,3,8.317677283626523,1,0,0,anti_homophones
4872,hUn3zhang3,10,-6.7454594405158685,2,6.7454594405158685,1,0,1,anti_homophones
4873,xUn1zhu4,8,-6.275225285562664,2,6.275225285562664,1,0,2,anti_homophones
4874,xW3wu4bu4xi2,12,-10.77188272483309,4,10.77188272483309,1,0,0,anti_homophones
4875,se2lV2,6,-8.367553622355173,2,8.367553622355173,1,0,1,anti_homophones
4876,wu3jL1,6,-5.378220068728447,2,5.378220068728447,1,0,3,anti_homophones
4877,shV1yC4hong1,12,-8.47533157257931,3,8.47533157257931,1,0,0,anti_homophones
4878,mE3lu4,6,-5.4976052272107285,2,5.4976052272107285,1,0,2,anti_homophones
4879,wa5,3,-4.6989130409376,1,4.6989130409376,1,0,4,anti_homophones
4880,ban4jin1jW4,11,-9.22006102549757,3,9.22006102549757,1,0,0,anti_homophones
4881,chQ1jL1,7,-5.712045062383709,2,5.712045062383709,1,1,4,anti_homophones
4882,xin1gUn3qi4,11,-7.615447675894111,3,7.615447675894111,1,0,0,anti_homophones
4883,yi3hV4hO4,9,-8.010615765618143,3,8.010615765618143,1,0,0,anti_homophones
4884,bQ4mLn3,7,-6.463820094940811,2,6.463820094940811,1,0,1,anti_homophones
4885,dong4wang1,10,-6.959487233031288,2,6.959487233031288,1,0,0,anti_homophones
4886,hV4zhan3pE2chen4,16,-13.297665880818972,4,13.297665880818972,1,0,0,anti_homophones
4887,gO1zO4,6,-6.462144038670361,2,6.462144038670361,1,0,2,anti_homophones
4888,dI4zhe3,7,-5.456659768733159,2,5.456659768733159,1,0,2,anti_homophones
4889,xLng2jLn4zu3zhu3,16,-11.851476327947612,4,11.851476327947612,1,0,0,anti_homophones
4890,cheng1dQ3,9,-6.0741935185492855,2,6.0741935185492855,1,0,1,anti_homophones
4891,yong2di3,8,-6.801513684907668,2,6.801513684907668,1,0,0,anti_homophones
4892,zhUn4nA3ping2,13,-9.741931514877285,3,9.741931514877285,1,0,0,anti_homophones
4893,an4du2,6,-6.231588196779628,2,6.231588196779628,1,0,2,anti_homophones
4894,yi2xi3zhe5,10,-10.605690974447336,3,10.605690974447336,1,0,0,anti_homophones
4895,zhUn4xM2men5,12,-10.397153071169518,3,10.397153071169518,1,0,0,anti_homophones
4896,shan4zhi2,9,-5.987920052634534,2,5.987920052634534,1,0,2,anti_homophones
4897,si4lW4,6,-5.670153660689409,2,5.670153660689409,1,0,6,anti_homophones
4898,zO3hU4,6,-5.848012436262446,2,5.848012436262446,1,0,2,anti_homophones
4899,hI1ge2xLn4,10,-8.716661509178397,3,8.716661509178397,1,0,0,anti_homophones
4900,ru2shen1,8,-5.967610150753225,2,5.967610150753225,1,0,2,anti_homophones
4901,e2wu2zi5,8,-7.740853094468949,3,7.740853094468949,1,0,0,anti_homophones
4902,dong1tu1jLn4di4,15,-11.784762914392926,4,11.784762914392926,1,0,0,anti_homophones
4903,yi4xing2,8,-5.458075800931489,2,5.458075800931489,1,0,8,anti_homophones
4904,lQ3hun1,7,-5.605867559764197,2,5.605867559764197,1,0,3,anti_homophones
4905,di2xLng2,8,-7.169849964021586,2,7.169849964021586,1,0,0,anti_homophones
4906,wu2he2chu1,10,-8.404318320224231,3,8.404318320224231,1,0,0,anti_homophones
4907,qi1qin1,7,-5.976924397727475,2,5.976924397727475,1,0,2,anti_homophones
4908,qL4si4,6,-6.675837596722136,2,6.675837596722136,1,0,0,anti_homophones
4909,dUn3lV2,7,-7.144625884917482,2,7.144625884917482,1,0,1,anti_homophones
4910,zhe2shi4pLn4,12,-8.770383771830216,3,8.770383771830216,1,0,0,anti_homophones
4911,fE4xi2jK3,9,-9.179389518863301,3,9.179389518863301,1,0,0,anti_homophones
4912,gang2A2,7,-6.637829125497776,2,6.637829125497776,1,0,3,anti_homophones
4913,he2xC2xing2su4,14,-10.481998170524665,4,10.481998170524665,1,0,0,anti_homophones
4914,ren2xLng2du2yu3,15,-11.729634383209266,4,11.729634383209266,1,0,0,anti_homophones
4915,zhV1lV2jLng4,12,-9.658763072729162,3,9.658763072729162,1,0,0,anti_homophones
4916,leng2,5,-3.728207978144526,1,3.728207978144526,1,2,12,anti_homophones
4917,an1hu4,6,-5.921876667553569,2,5.921876667553569,1,0,6,anti_homophones
4918,chI2zhi1tan3lun2,16,-12.898112529630962,4,12.898112529630962,1,0,0,anti_homophones
4919,xC4xin1qi4,10,-7.4771457995834965,3,7.4771457995834965,1,0,0,anti_homophones
4920,yong2hUng2zhUn1kQ3,18,-13.738640720213342,4,13.738640720213342,1,0,0,anti_homophones
4921,hU4ren2xW4,10,-8.420732315848673,3,8.420732315848673,1,0,0,anti_homophones
4922,hQ3shV4bE4zi5,13,-10.597458319886957,4,10.597458319886957,1,0,0,anti_homophones
4923,shi1xLng3,9,-6.004566726375165,2,6.004566726375165,1,0,2,anti_homophones
4924,jM4yQ4xing3,11,-8.577214798251402,3,8.577214798251402,1,0,0,anti_homophones
4925,yan2nK2sA4,10,-8.82866520179319,3,8.82866520179319,1,0,0,anti_homophones
4926,si1tUn2,7,-6.01540660185114,2,6.01540660185114,1,0,4,anti_homophones
4927,jW4fu3,6,-5.818245318942931,2,5.818245318942931,1,0,2,anti_homophones
4928,zhong1tu2,9,-5.881122867536946,2,5.881122867536946,1,1,4,anti_homophones
4929,feng1dong4,10,-5.953431416764566,2,5.953431416764566,1,0,1,anti_homophones
4930,di1,3,-3.4721909780176454,1,3.4721909780176454,1,2,21,anti_homophones
4931,lLng1xin4,9,-6.390484989594178,2,6.390484989594178,1,0,2,anti_homophones
4932,meng4ji4,8,-6.569150880830839,2,6.569150880830839,1,0,0,anti_homophones
4933,chUng4xLn4bi3yi4,16,-11.730478331187099,4,11.730478331187099,1,0,0,anti_homophones
4934,hP2,3,-3.709763175533806,1,3.709763175533806,1,1,9,anti_homophones
4935,chi4de5,7,-6.8105516682257035,2,6.8105516682257035,1,0,1,anti_homophones
4936,sheng1gO2hUn4,13,-9.473297280413075,3,9.473297280413075,1,0,0,anti_homophones
4937,da4qin1xxC3,11,-13.557034772849189,3,13.557034772849189,1,0,0,anti_homophones
4938,zO3,3,-4.111472725533313,1,4.111472725533313,1,0,13,anti_homophones
4939,qUn1yi4,7,-6.112281786027281,2,6.112281786027281,1,0,5,anti_homophones
4940,gan3shi4fan4,12,-8.324625569621132,3,8.324625569621132,1,0,0,anti_homophones
4941,xi1qi4,6,-5.091867906477691,2,5.091867906477691,1,0,11,anti_homophones
4942,zha4nLn4gP4,11,-10.016749611896728,3,10.016749611896728,1,0,0,anti_homophones
4943,bA2chen1qK2,11,-8.531812502928672,3,8.531812502928672,1,0,0,anti_homophones
4944,pE2yu4che1gUn3,14,-11.134952892293855,4,11.134952892293855,1,0,0,anti_homophones
4945,yin1e2,6,-5.584916325872621,2,5.584916325872621,1,0,4,anti_homophones
4946,hO4jL1,6,-5.603187318008995,2,5.603187318008995,1,0,3,anti_homophones
4947,cha2feng4zhe3,13,-8.887198466180074,3,8.887198466180074,1,0,0,anti_homophones
4948,tA4zV1shi2,10,-10.556071487607957,3,10.556071487607957,1,0,0,anti_homophones
4949,cA2neng4,8,-6.349430313343844,2,6.349430313343844,1,0,0,anti_homophones
4950,lv4se4,6,-4.464824532529528,2,4.464824532529528,1,1,4,anti_homophones
4951,e4hu4,5,-5.528196976169651,2,5.528196976169651,1,0,4,anti_homophones
4952,ke3da4xing1,11,-8.074461158225475,3,8.074461158225475,1,0,0,anti_homophones
4953,xLn3chu4,8,-6.488912762061393,2,6.488912762061393,1,0,0,anti_homophones
4954,lV3zhi4,7,-6.424236518759467,2,6.424236518759467,1,0,4,anti_homophones
4955,leng4,5,-3.724205558207124,1,3.724205558207124,1,2,16,anti_homophones
4956,dLn3e2,6,-5.385794168505996,2,5.385794168505996,1,1,1,anti_homophones
4957,lK1,3,-4.116425875903331,1,4.116425875903331,1,0,11,anti_homophones
4958,tu1,3,-3.9289546751063087,1,3.9289546751063087,1,2,21,anti_homophones
4959,nLng4gI4pQ4,11,-10.589481160742455,3,10.589481160742455,1,0,0,anti_homophones
4960,dang4li3,8,-6.112694855346531,2,6.112694855346531,1,0,1,anti_homophones
4961,ke2,3,-4.216391113757521,1,4.216391113757521,1,0,9,anti_homophones
4962,gUn1tLn1du4,11,-7.9015392991424855,3,7.9015392991424855,1,0,0,anti_homophones
4963,ping3lan4xLng4du4,17,-13.467644560593948,4,13.467644560593948,1,0,0,anti_homophones
4964,qLn4,4,-3.6917906723720053,1,3.6917906723720053,1,1,14,anti_homophones
4965,jW1cI4yUn2,10,-7.2791239163988575,3,7.2791239163988575,1,0,0,anti_homophones
4966,wa3,3,-4.340910763427197,1,4.340910763427197,1,0,18,anti_homophones
4967,ran2jL4,7,-6.1519806782171,2,6.1519806782171,1,0,3,anti_homophones
4968,chu1tong4,9,-5.777536083003023,2,5.777536083003023,1,0,1,anti_homophones
4969,cheng1A4,8,-6.1250945849404,2,6.1250945849404,1,0,1,anti_homophones
4970,jM2fa3shV4,10,-9.236296765980699,3,9.236296765980699,1,0,0,anti_homophones
4971,mu3jM2,6,-6.480578469282214,2,6.480578469282214,1,0,1,anti_homophones
4972,jL1yin3bi3,10,-9.099704964145033,3,9.099704964145033,1,0,0,anti_homophones
4973,da4qu1,6,-5.321301045919575,2,5.321301045919575,1,0,6,anti_homophones
4974,teng1,5,-4.248999455762695,1,4.248999455762695,1,0,14,anti_homophones
4975,zi4bu4tong4qW4,14,-11.022091287810374,4,11.022091287810374,1,0,0,anti_homophones
4976,wA4bW3,6,-5.055794059255642,2,5.055794059255642,1,0,4,anti_homophones
4977,hU2jL1qLn1,10,-8.853398271123563,3,8.853398271123563,1,0,0,anti_homophones
4978,zhen3,5,-3.7894766203232515,1,3.7894766203232515,1,0,9,anti_homophones
4979,bQ3wu2gUn4,10,-8.339979196328784,3,8.339979196328784,1,0,0,anti_homophones
4980,hu3,3,-3.7556113021014914,1,3.7556113021014914,1,1,26,anti_homophones
4981,shi1chang4zhUng1dong3,21,-12.784773306813625,4,12.784773306813625,1,0,0,anti_homophones
4982,gUng1jing2li2,13,-9.158672431046536,3,9.158672431046536,1,0,0,anti_homophones
4983,pen2,4,-3.888247280114845,1,3.888247280114845,1,1,8,anti_homophones
4984,chu3jing1shi4,13,-8.692324031433541,3,8.692324031433541,1,0,0,anti_homophones
4985,kA1dan1,7,-5.986264702402777,2,5.986264702402777,1,0,1,anti_homophones
4986,hE1hO4,6,-5.595965673391925,2,5.595965673391925,1,0,4,anti_homophones
4987,hong2yin1,9,-6.74197380582095,2,6.74197380582095,1,0,0,anti_homophones
4988,nong1tang2xC2jL1,16,-11.298847994017246,4,11.298847994017246,1,0,0,anti_homophones
4989,rI4mu4bW1ba5,12,-14.148585303088067,4,14.148585303088067,1,0,0,anti_homophones
4990,hu2hI4,6,-5.890452044320412,2,5.890452044320412,1,0,7,anti_homophones
4991,cA3qi4,6,-5.315001785129991,2,5.315001785129991,1,0,0,anti_homophones
4992,hI4bin1,7,-6.715220438920449,2,6.715220438920449,1,0,1,anti_homophones
4993,zhi3tQ3,7,-6.377770031319474,2,6.377770031319474,1,0,0,anti_homophones
4994,bQ3jL4,6,-5.069280040162733,2,5.069280040162733,1,1,9,anti_homophones
4995,qK2shP4,7,-6.591703157352258,2,6.591703157352258,1,0,1,anti_homophones
4996,yV1lu4,6,-5.692706761299804,2,5.692706761299804,1,0,7,anti_homophones
4997,ta1mu4,6,-6.154346589747372,2,6.154346589747372,1,0,4,anti_homophones
4998,wu2di1,6,-6.434036159763762,2,6.434036159763762,1,0,4,anti_homophones
4999,pu1bi3dA4,9,-8.493985786341891,3,8.493985786341891,1,0,0,anti_homophones
5000,lLn2ban4,8,-5.887210239663133,2,5.887210239663133,1,0,2,anti_homophones
5001,jW4shu3,7,-6.103495846687303,2,6.103495846687303,1,0,1,anti_homophones
5002,da4xLn1,7,-5.6457816291033565,2,5.6457816291033565,1,0,5,anti_homophones
5003,tV2mu4,6,-5.682949129393687,2,5.682949129393687,1,0,4,anti_homophones
5004,shV4ren4,8,-5.796507776616322,2,5.796507776616322,1,0,2,anti_homophones
5005,shan4qUn2jK4pA4,15,-11.270581391076359,4,11.270581391076359,1,0,0,anti_homophones
5006,she4fu4qi1kP4,13,-11.675348777540153,4,11.675348777540153,1,0,0,anti_homophones
5007,rV4shV3du2,10,-9.01966990480506,3,9.01966990480506,1,0,0,anti_homophones
5008,cI4,3,-3.875403225727809,1,3.875403225727809,1,0,15,anti_homophones
5009,sang2gI4zhun2,13,-11.440847232258985,3,11.440847232258985,1,0,0,anti_homophones
5010,lin2sI3yang4,12,-9.403510374193722,3,9.403510374193722,1,0,0,anti_homophones
5011,jM4dLn4,7,-5.669206455960468,2,5.669206455960468,1,0,3,anti_homophones
5012,xW1she4,7,-5.517090850118195,2,5.517090850118195,1,1,5,anti_homophones
5013,bA2jing3bu4,11,-8.920060239710496,3,8.920060239710496,1,0,0,anti_homophones
5014,wu1man3sO3,10,-9.360452990767095,3,9.360452990767095,1,0,0,anti_homophones
5015,bLn1lin2er4,11,-10.388230356222744,3,10.388230356222744,1,0,0,anti_homophones
5016,kO4fE4zhen1cA3,14,-12.49073385912144,4,12.49073385912144,1,0,0,anti_homophones
5017,lLn2dong3,9,-6.740927465795297,2,6.740927465795297,1,0,1,anti_homophones
5018,shang3bu4lW4,12,-7.701123588273429,3,7.701123588273429,1,0,0,anti_homophones
5019,cang1ji4,8,-6.329960286141845,2,6.329960286141845,1,0,4,anti_homophones
5020,bing2gong4,10,-6.081465365439394,2,6.081465365439394,1,0,4,anti_homophones
5021,da4lLn2,7,-5.386688955262074,2,5.386688955262074,1,1,5,anti_homophones
5022,zhUng1lLn2ye4,13,-8.526523490759576,3,8.526523490759576,1,0,0,anti_homophones
5023,fa1cA2,6,-5.73570751101557,2,5.73570751101557,1,0,1,anti_homophones
5024,cha1zi1tUn2,11,-9.14572916561882,3,9.14572916561882,1,0,0,anti_homophones
5025,zhi3ni3,7,-6.416063714010063,2,6.416063714010063,1,0,1,anti_homophones
5026,shun1geng2,10,-8.348342132861172,2,8.348342132861172,1,0,0,anti_homophones
5027,shi2jK3,7,-5.203672570419429,2,5.203672570419429,1,1,3,anti_homophones
5028,an4zhen1,8,-6.360769639542116,2,6.360769639542116,1,0,0,anti_homophones
5029,wu2shu4,7,-4.949514236915059,2,4.949514236915059,1,1,5,anti_homophones
5030,song4zeng1dA4,13,-10.144862848174256,3,10.144862848174256,1,0,0,anti_homophones
5031,he2wu4lin2,10,-8.025561120034606,3,8.025561120034606,1,0,0,anti_homophones
5032,xW1shan4,8,-5.669353310065639,2,5.669353310065639,1,0,2,anti_homophones
5033,bQ4lu4,6,-5.300926136545981,2,5.300926136545981,1,0,5,anti_homophones
5034,zi4zhan1,8,-5.854105374862234,2,5.854105374862234,1,1,4,anti_homophones
5035,ya4xing2,8,-6.145974544249982,2,6.145974544249982,1,0,5,anti_homophones
5036,dQ3gu3,6,-5.469831131964717,2,5.469831131964717,1,0,5,anti_homophones
5037,ge4fen4,7,-6.726680983850355,2,6.726680983850355,1,0,0,anti_homophones
5038,yUn4dLn4,8,-6.208374405889269,2,6.208374405889269,1,0,4,anti_homophones
5039,gUng1jW1su4,11,-9.102510019324477,3,9.102510019324477,1,0,0,anti_homophones
5040,zhang4song1xYng1,16,-10.024325583120032,3,10.024325583120032,1,0,0,anti_homophones
5041,qi2xing2ke4,11,-8.264223819635047,3,8.264223819635047,1,0,0,anti_homophones
5042,zhong3gu3,9,-6.330495667995827,2,6.330495667995827,1,0,0,anti_homophones
5043,bQ3shi2zhong2,13,-8.263280002940894,3,8.263280002940894,1,0,0,anti_homophones
5044,yi3bu4ye4lLng3,14,-11.39593195964137,4,11.39593195964137,1,0,0,anti_homophones
5045,ju4shi4,7,-5.171621921868957,2,5.171621921868957,1,0,6,anti_homophones
5046,zhA1ye4shen1,12,-9.615163922496077,3,9.615163922496077,1,0,0,anti_homophones
5047,qLng4yu2wu4,11,-8.166929920970585,3,8.166929920970585,1,0,0,anti_homophones
5048,xin4han3,8,-7.106572133185258,2,7.106572133185258,1,0,1,anti_homophones
5049,dI1,3,-3.958880510295254,1,3.958880510295254,1,1,14,anti_homophones
5050,bu4qing4ling3,13,-9.183829988679712,3,9.183829988679712,1,0,0,anti_homophones
5051,tan4ban3,8,-6.411120611758372,2,6.411120611758372,1,0,2,anti_homophones
5052,bi4yC4yi4,9,-8.182251245046714,3,8.182251245046714,1,0,0,anti_homophones
5053,hu2wo1,6,-7.878726149049759,2,7.878726149049759,1,0,1,anti_homophones
5054,yin4jun1fan4,12,-9.19341636968891,3,9.19341636968891,1,0,0,anti_homophones
5055,hE1bi3,6,-5.868698182789309,2,5.868698182789309,1,1,4,anti_homophones
5056,pi2ji1shO1,10,-8.871274006709527,3,8.871274006709527,1,0,0,anti_homophones
5057,zhong1wen1,10,-6.667120689750267,2,6.667120689750267,1,0,0,anti_homophones
5058,si1han1jW1,10,-9.68108794727415,3,9.68108794727415,1,0,0,anti_homophones
5059,gu4wen2,7,-5.817425061883945,2,5.817425061883945,1,0,2,anti_homophones
5060,dUn3dI4,7,-6.2328423921340015,2,6.2328423921340015,1,0,1,anti_homophones
5061,pen4bi3he2zhi1,14,-13.30659257857818,4,13.30659257857818,1,0,0,anti_homophones
5062,bu4xLn4zi3shO1,14,-10.742752791542715,4,10.742752791542715,1,0,0,anti_homophones
5063,shV4zhu4,8,-5.834047631127701,2,5.834047631127701,1,0,3,anti_homophones
5064,cu4xi1,6,-6.325761210934161,2,6.325761210934161,1,0,3,anti_homophones
5065,jW1zheng1jing4,14,-8.447185454310398,3,8.447185454310398,1,0,0,anti_homophones
5066,gUn4qUn4nB4,11,-11.835950163523211,3,11.835950163523211,1,0,0,anti_homophones
5067,ren2hUng4,9,-6.289300608068457,2,6.289300608068457,1,0,0,anti_homophones
5068,jM4du3,6,-6.509173905332048,2,6.509173905332048,1,0,1,anti_homophones
5069,man4shi3zheng1ling4,19,-12.379904611102061,4,12.379904611102061,1,0,0,anti_homophones
5070,yan3jM3,7,-5.948727632377686,2,5.948727632377686,1,0,0,anti_homophones
5071,ma3tong2chan4xing3,18,-11.814687351546237,4,11.814687351546237,1,0,0,anti_homophones
5072,da4dQ4,6,-4.547007998666631,2,4.547007998666631,1,1,15,anti_homophones
5073,cang2,5,-3.8120513958422926,1,3.8120513958422926,1,1,19,anti_homophones
5074,jL1geng4,8,-7.1306878454698115,2,7.1306878454698115,1,0,0,anti_homophones
5075,deng1gV4ba4,11,-10.633637834298668,3,10.633637834298668,1,0,0,anti_homophones
5076,xLng1fu3shen1,13,-9.57578663678867,3,9.57578663678867,1,0,0,anti_homophones
5077,nE3,3,-4.702206080678171,1,4.702206080678171,1,0,13,anti_homophones
5078,tu3fa3,6,-5.65760549563604,2,5.65760549563604,1,0,1,anti_homophones
5079,yUn4ling4,9,-6.7125189478930345,2,6.7125189478930345,1,0,2,anti_homophones
5080,yu3ji1,6,-5.747094963356875,2,5.747094963356875,1,0,6,anti_homophones
5081,ke3kA1jLn3,10,-8.480404716210819,3,8.480404716210819,1,0,0,anti_homophones
5082,gu3yi1wE4,9,-7.935219404160188,3,7.935219404160188,1,0,0,anti_homophones
5083,dUn4di4,7,-6.038203502320431,2,6.038203502320431,1,0,2,anti_homophones
5084,cu1ba5jLn1,10,-10.38055879377259,3,10.38055879377259,1,0,0,anti_homophones
5085,de2zhi1,7,-6.316083842995754,2,6.316083842995754,1,0,2,anti_homophones
5086,kUng3,5,-4.338447031127067,1,4.338447031127067,1,1,7,anti_homophones
5087,zhi1ba1,7,-5.918563176391354,2,5.918563176391354,1,0,3,anti_homophones
5088,qLn2wu2wE4,10,-8.196926453435637,3,8.196926453435637,1,0,0,anti_homophones
5089,du2zhong4,9,-5.772500972889107,2,5.772500972889107,1,0,2,anti_homophones
5090,jW3ge4xu4,9,-9.513417647722447,3,9.513417647722447,1,0,0,anti_homophones
5091,rUn3ji2pi2jW4,13,-12.192831304849364,4,12.192831304849364,1,0,0,anti_homophones
5092,de2lM4ren2ju4,13,-11.574383862850883,4,11.574383862850883,1,0,0,anti_homophones
5093,bW3zhi3,7,-6.049143232620534,2,6.049143232620534,1,1,2,anti_homophones
5094,di4ye3xin1,10,-8.386828116645928,3,8.386828116645928,1,0,0,anti_homophones
5095,nO4,3,-4.201069811695798,1,4.201069811695798,1,0,16,anti_homophones
5096,wen2lQ2,7,-6.401105118026836,2,6.401105118026836,1,0,1,anti_homophones
5097,dong4xin1,9,-5.785349673245377,2,5.785349673245377,1,0,2,anti_homophones
5098,pan1jW3,7,-6.851881760115842,2,6.851881760115842,1,0,3,anti_homophones
5099,hong1,5,-3.414768267622089,1,3.414768267622089,1,2,19,anti_homophones
5100,hu1bu4qi4,9,-7.562207599493698,3,7.562207599493698,1,0,0,anti_homophones
5101,ya1pLn4pA2zhu4,14,-12.528759024743064,4,12.528759024743064,1,0,0,anti_homophones
5102,shi2lun2,8,-6.128763737515038,2,6.128763737515038,1,0,0,anti_homophones
5103,chong3sI2shI3li3,16,-12.7354278800169,4,12.7354278800169,1,0,0,anti_homophones
5104,lK2pi2yang3yC4,14,-12.536604910029348,4,12.536604910029348,1,0,0,anti_homophones
5105,Q2,2,-4.640427266138845,1,4.640427266138845,1,0,9,anti_homophones
5106,sI2jC2,6,-5.496407240234366,2,5.496407240234366,1,0,3,anti_homophones
5107,dLn4yi4jin4,11,-8.240884377328731,3,8.240884377328731,1,0,0,anti_homophones
5108,shV3jW3shu3gan1,15,-11.343845805895397,4,11.343845805895397,1,0,0,anti_homophones
5109,nK3ding2yUn2,12,-8.75646480798938,3,8.75646480798938,1,0,0,anti_homophones
5110,mE3sheng1yV2lu4,15,-10.56030613117745,4,10.56030613117745,1,0,0,anti_homophones
5111,lO4ban3,7,-5.912951170549572,2,5.912951170549572,1,0,0,anti_homophones
5112,nQ3me5,6,-6.273400094684491,2,6.273400094684491,1,0,0,anti_homophones
5113,yang1jM1zI4,11,-9.377267415604653,3,9.377267415604653,1,0,0,anti_homophones
5114,jun1shV3yi3,11,-8.414077823534832,3,8.414077823534832,1,0,0,anti_homophones
5115,cA2jC2keng1,11,-9.778720068612648,3,9.778720068612648,1,0,0,anti_homophones
5116,chi1mV2,7,-7.715782439329125,2,7.715782439329125,1,0,1,anti_homophones
5117,chang2yu3,9,-6.105553501215456,2,6.105553501215456,1,1,1,anti_homophones
5118,zhi1ji4,7,-5.166784120205245,2,5.166784120205245,1,0,13,anti_homophones
5119,shi2bM2,7,-5.394193900936176,2,5.394193900936176,1,0,1,anti_homophones
5120,ji3jW3,6,-5.973775282033797,2,5.973775282033797,1,1,2,anti_homophones
5121,hQ4xin1,7,-5.868379277003854,2,5.868379277003854,1,0,4,anti_homophones
5122,zO4zhang3,9,-5.850445001935296,2,5.850445001935296,1,0,2,anti_homophones
5123,zu3zi5,6,-4.724718114763073,2,4.724718114763073,1,1,8,anti_homophones
5124,su4qi3dE3yi4,12,-14.09099846474561,4,14.09099846474561,1,0,0,anti_homophones
5125,xu1,3,-3.514080707692587,1,3.514080707692587,1,2,17,anti_homophones
5126,shang4ri4,9,-6.086008142030023,2,6.086008142030023,1,0,2,anti_homophones
5127,an4wE1mA4,9,-9.137887897248905,3,9.137887897248905,1,0,0,anti_homophones
5128,bA3zhong2,9,-6.24131656224995,2,6.24131656224995,1,0,0,anti_homophones
5129,da4tV4,6,-6.274094721076433,2,6.274094721076433,1,0,8,anti_homophones
5130,wan4hI3xLng2wen2,16,-12.51621460530317,4,12.51621460530317,1,0,0,anti_homophones
5131,A3tu3zhu3,9,-10.595026248449301,3,10.595026248449301,1,0,0,anti_homophones
5132,ming2jLn1rI1,12,-10.69141986962633,3,10.69141986962633,1,0,0,anti_homophones
5133,dO2ren2hU4,10,-8.010645748418352,3,8.010645748418352,1,0,0,anti_homophones
5134,en1zhi2,7,-6.508006677737875,2,6.508006677737875,1,0,1,anti_homophones
5135,ce4ren2chun1,12,-9.694126845241637,3,9.694126845241637,1,0,0,anti_homophones
5136,lLng4xLng2,10,-6.383417102340608,2,6.383417102340608,1,0,1,anti_homophones
5137,yi1sheng4xLng1,14,-8.097536529665664,3,8.097536529665664,1,0,0,anti_homophones
5138,yi1kA3,6,-6.296858968934771,2,6.296858968934771,1,0,6,anti_homophones
5139,da4tV2shang3,12,-8.267586377296057,3,8.267586377296057,1,0,0,anti_homophones
5140,yQ4li4jing1gV4,14,-11.867519868049357,4,11.867519868049357,1,0,0,anti_homophones
5141,jun4fang1,9,-7.27017868350727,2,7.27017868350727,1,0,1,anti_homophones
5142,sheng1zhi3,10,-5.603675432333128,2,5.603675432333128,1,0,3,anti_homophones
5143,kong4zE2,8,-7.6664658777191566,2,7.6664658777191566,1,0,0,anti_homophones
5144,bQ4lA2,6,-5.593771618940966,2,5.593771618940966,1,0,1,anti_homophones
5145,zhI1ga1,7,-7.5006862202827325,2,7.5006862202827325,1,0,0,anti_homophones
5146,jun1ge2zhu3,11,-9.265346814988078,3,9.265346814988078,1,0,0,anti_homophones
5147,qing2jW1,8,-6.103271760091822,2,6.103271760091822,1,0,0,anti_homophones
5148,sa3,3,-4.049373813818519,1,4.049373813818519,1,1,16,anti_homophones
5149,tan2bu4zu1,10,-9.401793026962997,3,9.401793026962997,1,0,0,anti_homophones
5150,cheng2jK3,9,-6.2431713668756545,2,6.2431713668756545,1,0,0,anti_homophones
5151,gO3sheng4,9,-6.398266694941708,2,6.398266694941708,1,0,1,anti_homophones
5152,mQ2mo4,6,-5.933770714901987,2,5.933770714901987,1,0,0,anti_homophones
5153,che4,4,-3.958282472720283,1,3.958282472720283,1,0,12,anti_homophones
5154,bQ4chang3chong4,15,-10.167060466104914,3,10.167060466104914,1,0,0,anti_homophones
5155,qUng4,5,-6.374175616480219,1,6.374175616480219,1,0,8,anti_homophones
5156,dK1,3,-4.647664939180817,1,4.647664939180817,1,0,13,anti_homophones
5157,zQ3hU4de2,9,-9.128281781850328,3,9.128281781850328,1,0,0,anti_homophones
5158,yi2fu4zhi4,10,-7.529334408196163,3,7.529334408196163,1,0,0,anti_homophones
5159,mo2men5,7,-6.7716713358851575,2,6.7716713358851575,1,0,0,anti_homophones
5160,gQ1feng2cha1hQ4,15,-11.936053163986433,4,11.936053163986433,1,0,0,anti_homophones
5161,cha2hO2,7,-5.945721936047258,2,5.945721936047258,1,0,0,anti_homophones
5162,cA1qUn2chan1,12,-10.146460869455776,3,10.146460869455776,1,0,0,anti_homophones
5163,long1xin1,9,-6.279501555914723,2,6.279501555914723,1,1,5,anti_homophones
5164,chQ1bu4qi1,10,-7.849215966947676,3,7.849215966947676,1,0,0,anti_homophones
5165,qi2bM2,6,-5.498103144571713,2,5.498103144571713,1,0,2,anti_homophones
5166,di4ke3cA4,9,-8.618868512519597,3,8.618868512519597,1,0,0,anti_homophones
5167,lan2lv3xing2ti3,15,-11.781373405293298,4,11.781373405293298,1,0,0,anti_homophones
5168,neng4dW1yi4,11,-12.198167247450092,3,12.198167247450092,1,0,0,anti_homophones
5169,qUn2wan4,8,-6.06376305216807,2,6.06376305216807,1,0,2,anti_homophones
5170,tO4pin2,7,-6.413258797505711,2,6.413258797505711,1,0,1,anti_homophones
5171,ke3feng1pan2,12,-8.639746432148717,3,8.639746432148717,1,0,0,anti_homophones
5172,gQ1yin2,7,-6.078428849554326,2,6.078428849554326,1,1,2,anti_homophones
5173,shu4du4ji4,10,-8.513649091569649,3,8.513649091569649,1,0,0,anti_homophones
5174,kA1zu2zhen4zE2,14,-13.828382477124183,4,13.828382477124183,1,0,0,anti_homophones
5175,gun3rO3,7,-8.57074590384042,2,8.57074590384042,1,0,0,anti_homophones
5176,bQ4li4shang4yang1,17,-11.720032954544012,4,11.720032954544012,1,0,0,anti_homophones
5177,fa1sO3,6,-5.257412531083825,2,5.257412531083825,1,0,2,anti_homophones
5178,xLn4zI4,7,-5.691257219395054,2,5.691257219395054,1,0,4,anti_homophones
5179,yV3chan3yu3,11,-9.271061483128033,3,9.271061483128033,1,0,0,anti_homophones
5180,bQ1gan3ze2dan4,14,-12.45760704062779,4,12.45760704062779,1,0,0,anti_homophones
5181,lE2chV3yi4,10,-9.883308279607956,3,9.883308279607956,1,0,0,anti_homophones
5182,nQ3xLng1,8,-5.889054083371333,2,5.889054083371333,1,0,1,anti_homophones
5183,dA4bQ1,6,-5.893157657097683,2,5.893157657097683,1,0,2,anti_homophones
5184,ye3hO4,6,-5.589564874312357,2,5.589564874312357,1,0,3,anti_homophones
5185,zhi2zhong1,10,-5.915195350046795,2,5.915195350046795,1,0,2,anti_homophones
5186,feng4xing1dA4yang2,18,-11.632913876806796,4,11.632913876806796,1,0,0,anti_homophones
5187,nQ3jLn3,7,-5.796301993913163,2,5.796301993913163,1,1,1,anti_homophones
5188,hO4yin4,7,-6.7804138958855145,2,6.7804138958855145,1,0,1,anti_homophones
5189,da4wE2xin1,10,-7.970757745884579,3,7.970757745884579,1,0,0,anti_homophones
5190,tV4mE3shV4pW4,13,-11.193644695971253,4,11.193644695971253,1,0,0,anti_homophones
5191,dang4yUn2,9,-6.088384679878963,2,6.088384679878963,1,0,0,anti_homophones
5192,dan1an3chan4,12,-10.351312134491865,3,10.351312134491865,1,0,0,anti_homophones
5193,ge4er2chong2,12,-7.935149684467774,3,7.935149684467774,1,0,0,anti_homophones
5194,rI4,3,-4.05955010755484,1,4.05955010755484,1,2,15,anti_homophones
5195,ti2xun4dA4,10,-8.641880887494567,3,8.641880887494567,1,0,0,anti_homophones
5196,lin3gA3ge2ye3,13,-13.520986917017288,4,13.520986917017288,1,0,0,anti_homophones
5197,mM1,3,-4.78572881926421,1,4.78572881926421,1,1,12,anti_homophones
5198,chV3hP4,7,-7.59310963377116,2,7.59310963377116,1,0,0,anti_homophones
5199,kang3he2jin4shen4,17,-12.98620058677412,4,12.98620058677412,1,0,0,anti_homophones
5200,zQ3chan4,8,-5.981161886216061,2,5.981161886216061,1,0,1,anti_homophones
5201,hun3mu4,7,-6.462385280755842,2,6.462385280755842,1,0,0,anti_homophones
5202,cI3ci4,6,-7.306284977961721,2,7.306284977961721,1,0,1,anti_homophones
5203,gu3dQ4,6,-4.940454814735933,2,4.940454814735933,1,1,9,anti_homophones
5204,ya4yun2chu3,11,-9.976092376195654,3,9.976092376195654,1,0,0,anti_homophones
5205,mE3tu2jun1,10,-8.732370138746523,3,8.732370138746523,1,0,0,anti_homophones
5206,zhe1dQ1,7,-6.995852475158998,2,6.995852475158998,1,0,2,anti_homophones
5207,fang3feng2,10,-6.573240369361986,2,6.573240369361986,1,0,0,anti_homophones
5208,gu4bu4,6,-5.414183439325097,2,5.414183439325097,1,0,7,anti_homophones
5209,du3zi5,6,-5.1600245772714075,2,5.1600245772714075,1,0,7,anti_homophones
5210,fu3sang2,8,-7.263378666909191,2,7.263378666909191,1,0,1,anti_homophones
5211,ji4dUn3,7,-6.180469969031021,2,6.180469969031021,1,0,1,anti_homophones
5212,zhUng1kan4dLn3,14,-9.90998841905491,3,9.90998841905491,1,0,0,anti_homophones
5213,bA3hO4,6,-5.190594178280858,2,5.190594178280858,1,2,7,anti_homophones
5214,feng1tu2,8,-5.898303943293143,2,5.898303943293143,1,0,2,anti_homophones
5215,jLn4ce4,7,-5.803346783360309,2,5.803346783360309,1,0,3,anti_homophones
5216,zi4ju4er2,9,-7.899918133799932,3,7.899918133799932,1,0,0,anti_homophones
5217,tUn2,4,-3.638939039816405,1,3.638939039816405,1,2,8,anti_homophones
5218,chun2zhe3,9,-6.367988012936133,2,6.367988012936133,1,0,0,anti_homophones
5219,lLng4yC4hang4,13,-9.587813163187917,3,9.587813163187917,1,0,0,anti_homophones
5220,pi2bE4,6,-5.727112218705246,2,5.727112218705246,1,0,5,anti_homophones
5221,di1shang3hO3,12,-9.612846097057034,3,9.612846097057034,1,0,0,anti_homophones
5222,bA2dA4,6,-5.424886507774025,2,5.424886507774025,1,1,4,anti_homophones
5223,da3fE4,6,-5.196969817323037,2,5.196969817323037,1,0,1,anti_homophones
5224,pi3ming4,8,-6.453889995211799,2,6.453889995211799,1,0,1,anti_homophones
5225,lQ3sheng2,9,-5.716965382600761,2,5.716965382600761,1,1,2,anti_homophones
5226,yi2neng3yV3,11,-9.756463928585445,3,9.756463928585445,1,0,0,anti_homophones
5227,kA1ye4,6,-5.297052357347973,2,5.297052357347973,1,1,2,anti_homophones
5228,A1jL4lO4ri4,11,-11.219534196599957,4,11.219534196599957,1,0,0,anti_homophones
5229,wA4zha4qi4,10,-8.19863181363816,3,8.19863181363816,1,0,0,anti_homophones
5230,shV3xLn4ji2,11,-7.930199783584012,3,7.930199783584012,1,0,0,anti_homophones
5231,yV4bQ4ban4,10,-9.08721130479726,3,9.08721130479726,1,0,0,anti_homophones
5232,shen1qi4,8,-5.03062070851307,2,5.03062070851307,1,0,6,anti_homophones
5233,zi1fu4,6,-6.37246746403169,2,6.37246746403169,1,0,5,anti_homophones
5234,jK3zu3,6,-5.970380595850995,2,5.970380595850995,1,0,1,anti_homophones
5235,dong4kong2lan3,14,-10.299835746547044,3,10.299835746547044,1,0,0,anti_homophones
5236,lan2e2,6,-6.28132438081721,2,6.28132438081721,1,0,0,anti_homophones
5237,jing2chang3,11,-6.149056297994206,2,6.149056297994206,1,0,0,anti_homophones
5238,zeng1lu4yUn2,12,-8.674069679877908,3,8.674069679877908,1,0,0,anti_homophones
5239,xing1ming2xin1,14,-8.360662149690443,3,8.360662149690443,1,0,0,anti_homophones
5240,bLn4gan1qi3,11,-9.43856096354633,3,9.43856096354633,1,0,0,anti_homophones
5241,za1hang4,8,-8.450143775986378,2,8.450143775986378,1,0,1,anti_homophones
5242,gang4ye2,8,-7.766407039306471,2,7.766407039306471,1,0,0,anti_homophones
5243,qi2lK2bu4,9,-8.169346711400248,3,8.169346711400248,1,0,0,anti_homophones
5244,mE2jin3,7,-6.404558850358813,2,6.404558850358813,1,0,1,anti_homophones
5245,sheng4bA4,9,-6.622361832124926,2,6.622361832124926,1,0,0,anti_homophones
5246,wE1ci1,6,-6.86857464371766,2,6.86857464371766,1,0,1,anti_homophones
5247,zun1,4,-3.7659513799142856,1,3.7659513799142856,1,2,4,anti_homophones
5248,da4shV3yu4yUn2,14,-9.981706712842406,4,9.981706712842406,1,0,0,anti_homophones
5249,xW3jM3di3,9,-8.03608917287227,3,8.03608917287227,1,0,0,anti_homophones
5250,lK2lan3xing2ren4,16,-10.874845170245303,4,10.874845170245303,1,0,0,anti_homophones
5251,jin4tLn1qUn2,12,-8.19986564041141,3,8.19986564041141,1,0,0,anti_homophones
5252,yV3bQ4li4,9,-7.715146480798166,3,7.715146480798166,1,0,0,anti_homophones
5253,ba3jLn1,7,-6.527472146208748,2,6.527472146208748,1,0,3,anti_homophones
5254,jM1mLn4shi4,11,-7.39995417113172,3,7.39995417113172,1,0,0,anti_homophones
5255,yV2ji1bW3gu3,12,-11.138660242141288,4,11.138660242141288,1,0,0,anti_homophones
5256,an4gUn3dUn4,11,-9.064832356116922,3,9.064832356116922,1,0,0,anti_homophones
5257,yi3cheng1,9,-6.064754799871528,2,6.064754799871528,1,0,2,anti_homophones
5258,bLn4feng1ren2,13,-8.342933985108694,3,8.342933985108694,1,0,0,anti_homophones
5259,zhV1zhi3,8,-6.198494284443782,2,6.198494284443782,1,0,4,anti_homophones
5260,zhang2ti1,9,-6.93892583084511,2,6.93892583084511,1,0,1,anti_homophones
5261,dUn3dang2,9,-7.008679692173897,2,7.008679692173897,1,0,0,anti_homophones
5262,da3chang4zhi4,13,-8.177719148033706,3,8.177719148033706,1,0,0,anti_homophones
5263,tu2ding2,8,-6.384403718630877,2,6.384403718630877,1,0,0,anti_homophones
5264,dang1nQ3kUn3,12,-10.370500985709722,3,10.370500985709722,1,0,0,anti_homophones
5265,xing4gUn3yi4,12,-8.319168183174,3,8.319168183174,1,0,0,anti_homophones
5266,ru2gong2li3jLn4,15,-11.540937034911378,4,11.540937034911378,1,0,0,anti_homophones
5267,fang4cu2,8,-8.078467591569046,2,8.078467591569046,1,0,0,anti_homophones
5268,hong3shu1,9,-6.74381623732358,2,6.74381623732358,1,0,0,anti_homophones
5269,deng3tLn2pW4qu1,15,-13.087755040039973,4,13.087755040039973,1,0,0,anti_homophones
5270,gang4ci2,8,-6.617623882974504,2,6.617623882974504,1,0,1,anti_homophones
5271,bi4lu2,6,-6.49411078810877,2,6.49411078810877,1,1,2,anti_homophones
5272,xin1shi2da2che1,15,-11.069385990590748,4,11.069385990590748,1,0,0,anti_homophones
5273,zheng1dong2,11,-6.17431587892444,2,6.17431587892444,1,0,1,anti_homophones
5274,wA4sQ1lA2bu4,12,-11.935918727734634,4,11.935918727734634,1,0,0,anti_homophones
5275,bM2shu4wE4,10,-9.0391221245489,3,9.0391221245489,1,0,0,anti_homophones
5276,xL4cO4,6,-5.465056227222562,2,5.465056227222562,1,1,3,anti_homophones
5277,gE3shQ4,7,-7.9017706398458785,2,7.9017706398458785,1,0,0,anti_homophones
5278,lW3zi5,6,-6.035686107956853,2,6.035686107956853,1,0,5,anti_homophones
5279,shA1,4,-4.653802940590737,1,4.653802940590737,1,0,11,anti_homophones
5280,ma2dQ4,6,-5.849103437419975,2,5.849103437419975,1,0,4,anti_homophones
5281,jing2jK1,8,-6.28280763492649,2,6.28280763492649,1,0,0,anti_homophones
5282,shP1bLn4,8,-5.6399838592189235,2,5.6399838592189235,1,0,2,anti_homophones
5283,yin1nan2er3lu4,14,-11.350745056394954,4,11.350745056394954,1,0,0,anti_homophones
5284,xC4zhan3yun3zO4,15,-14.407694191211805,4,14.407694191211805,1,0,0,anti_homophones
5285,da4xLng1hQ4,11,-8.204605375158183,3,8.204605375158183,1,0,0,anti_homophones
5286,chu3wang2jW1,12,-10.131658375970915,3,10.131658375970915,1,0,0,anti_homophones
5287,lQ1,3,-4.405608919727524,1,4.405608919727524,1,0,12,anti_homophones
5288,du3zi3,6,-6.186521593857688,2,6.186521593857688,1,0,1,anti_homophones
5289,dA4ban1cQ3,10,-8.928840265931756,3,8.928840265931756,1,0,0,anti_homophones
5290,ci2de2yi4,9,-8.135223608328245,3,8.135223608328245,1,0,0,anti_homophones
5291,yUn2hang1wu1,12,-9.683938677203805,3,9.683938677203805,1,0,0,anti_homophones
5292,ling1wan2,9,-6.7718297716999265,2,6.7718297716999265,1,0,0,anti_homophones
5293,yi1bE4,6,-4.9970848953058375,2,4.9970848953058375,1,0,7,anti_homophones
5294,yi2shi4,7,-5.20588769071399,2,5.20588769071399,1,1,9,anti_homophones
5295,dW4tW2,6,-6.182396764308708,2,6.182396764308708,1,0,2,anti_homophones
5296,bu4ren4chan3,12,-8.840062824362251,3,8.840062824362251,1,0,0,anti_homophones
5297,chen2si4shun1,13,-10.612522428550392,3,10.612522428550392,1,0,0,anti_homophones
5298,qK1se4,6,-5.034295893710685,2,5.034295893710685,1,1,3,anti_homophones
5299,hong1ren2hU2pQ4,15,-11.18523690132207,4,11.18523690132207,1,0,0,anti_homophones
5300,sUn4,4,-3.7250747930425487,1,3.7250747930425487,1,0,11,anti_homophones
5301,shen1sA4chu1tong4,17,-11.355562402799366,4,11.355562402799366,1,0,0,anti_homophones
5302,fan4gU4ji1,10,-8.777397932699643,3,8.777397932699643,1,0,0,anti_homophones
5303,jin4se4,7,-5.268995390858959,2,5.268995390858959,1,0,2,anti_homophones
5304,yi1shi1,7,-5.031988091544408,2,5.031988091544408,1,0,11,anti_homophones
5305,zi4gQ1wu2yi2,12,-10.702218658074617,4,10.702218658074617,1,0,0,anti_homophones
5306,ju4jing1,8,-5.902464666669711,2,5.902464666669711,1,0,5,anti_homophones
5307,si4lLng1cu1xC2,14,-12.582881208707917,4,12.582881208707917,1,0,0,anti_homophones
5308,bi4dLn3,7,-5.883556374752714,2,5.883556374752714,1,0,4,anti_homophones
5309,xW1qLng1,8,-6.208076256178566,2,6.208076256178566,1,0,1,anti_homophones
5310,gUn1che1,8,-5.452967186867671,2,5.452967186867671,1,0,2,anti_homophones
5311,tong1gan3,9,-6.044003867384141,2,6.044003867384141,1,0,4,anti_homophones
5312,yi1chUn1ji4nB4,14,-11.07460730448339,4,11.07460730448339,1,0,0,anti_homophones
5313,zong1di4,8,-5.832926269317663,2,5.832926269317663,1,0,4,anti_homophones
5314,jL1chV2bQ4,10,-8.51933972187215,3,8.51933972187215,1,0,0,anti_homophones
5315,ji4bing4gUng4,13,-9.727949690708716,3,9.727949690708716,1,0,0,anti_homophones
5316,qW2feng3rO4kUn3,15,-12.908416942698826,4,12.908416942698826,1,0,0,anti_homophones
5317,shang3dO4,9,-6.675514658493464,2,6.675514658493464,1,0,2,anti_homophones
5318,lO4chu4,7,-6.418589876186001,2,6.418589876186001,1,0,0,anti_homophones
5319,zhUng1ye4,9,-5.571990855718597,2,5.571990855718597,1,0,3,anti_homophones
5320,qing3shi2,9,-5.820867116193624,2,5.820867116193624,1,0,2,anti_homophones
5321,di3ye4,6,-5.700415296408179,2,5.700415296408179,1,0,4,anti_homophones
5322,bLn1si1se4,10,-8.172136188432583,3,8.172136188432583,1,0,0,anti_homophones
5323,mQ2she4tLn2,11,-9.506635694000718,3,9.506635694000718,1,0,0,anti_homophones
5324,yan2kA1fan2,11,-8.573197342293126,3,8.573197342293126,1,0,0,anti_homophones
5325,bu4xin1jing2dQ4,15,-10.074831915430149,4,10.074831915430149,1,0,0,anti_homophones
5326,yV2kong1ti4pi2,14,-12.084335478079899,4,12.084335478079899,1,0,0,anti_homophones
5327,yV4ren2xC2,10,-8.015011865118222,3,8.015011865118222,1,0,0,anti_homophones
5328,san4bing2zha2,13,-10.506174329429763,3,10.506174329429763,1,0,0,anti_homophones
5329,mLn4mE2ji1qu4,13,-11.685770549927451,4,11.685770549927451,1,0,0,anti_homophones
5330,ga3,3,-4.772436640682152,1,4.772436640682152,1,1,18,anti_homophones
5331,A4gO2yV2qLng4,13,-11.207190511414018,4,11.207190511414018,1,0,0,anti_homophones
5332,ping4,5,-3.412162472540973,1,3.412162472540973,1,2,15,anti_homophones
5333,shan1shV4ru4,12,-9.135680759507942,3,9.135680759507942,1,0,0,anti_homophones
5334,dan1jL1ren2,11,-7.605053507903242,3,7.605053507903242,1,0,0,anti_homophones
5335,A4shi4,6,-5.3225807233544105,2,5.3225807233544105,1,0,7,anti_homophones
5336,zhun4,5,-4.208351996445619,1,4.208351996445619,1,0,6,anti_homophones
5337,han1di3pQ4di3,13,-12.869586031929964,4,12.869586031929964,1,0,0,anti_homophones
5338,xC4xin4,7,-5.776774203079479,2,5.776774203079479,1,0,2,anti_homophones
5339,gUn3fu1,7,-6.271269487954536,2,6.271269487954536,1,0,1,anti_homophones
5340,ke4ban3lUn4,11,-8.892081101155783,3,8.892081101155783,1,0,0,anti_homophones
5341,bi2kUng1ce4,11,-9.68037984107359,3,9.68037984107359,1,0,0,anti_homophones
5342,wA4xC2,6,-5.265731757271401,2,5.265731757271401,1,1,3,anti_homophones
5343,jW1dA4,6,-5.315253674837277,2,5.315253674837277,1,1,6,anti_homophones
5344,da4shV3,7,-5.055685669239155,2,5.055685669239155,1,0,4,anti_homophones
5345,yQ1zong1,8,-6.229744996095823,2,6.229744996095823,1,0,2,anti_homophones
5346,la1chen2,8,-6.326954985715412,2,6.326954985715412,1,0,1,anti_homophones
5347,da2fa3,6,-5.815373487061994,2,5.815373487061994,1,0,3,anti_homophones
5348,ling4cheng2,11,-6.765869896058185,2,6.765869896058185,1,0,0,anti_homophones
5349,jLn1zu2,7,-5.759284354510168,2,5.759284354510168,1,0,4,anti_homophones
5350,xL2,3,-3.7533708536918153,1,3.7533708536918153,1,0,6,anti_homophones
5351,zhI1hong2,9,-6.598545268309521,2,6.598545268309521,1,0,1,anti_homophones
5352,gV1jing3,8,-7.269635683118595,2,7.269635683118595,1,0,1,anti_homophones
5353,yV4mW2,6,-6.1247452315257505,2,6.1247452315257505,1,0,0,anti_homophones
5354,da4me5dA4,9,-8.403100052633162,3,8.403100052633162,1,0,0,anti_homophones
5355,ming1nQ3jLn4za2,15,-12.472040568969831,4,12.472040568969831,1,0,0,anti_homophones
5356,zong2zhang4,11,-6.73180890387526,2,6.73180890387526,1,0,2,anti_homophones
5357,mLn4pQ4,7,-5.846739578542416,2,5.846739578542416,1,0,2,anti_homophones
5358,tQ2tA4ya1zhu4,13,-10.796860797368279,4,10.796860797368279,1,0,0,anti_homophones
5359,bLn4zI4,7,-5.845699785081177,2,5.845699785081177,1,0,3,anti_homophones
5360,hE1mW2,6,-5.834800795195553,2,5.834800795195553,1,0,1,anti_homophones
5361,qM3,3,-4.25498380337129,1,4.25498380337129,1,0,9,anti_homophones
5362,meng4chan4,10,-7.306854379934982,2,7.306854379934982,1,0,0,anti_homophones
5363,kan1nK2,7,-7.115543129004404,2,7.115543129004404,1,0,0,anti_homophones
5364,fE2jL1,6,-6.3241621428096355,2,6.3241621428096355,1,0,2,anti_homophones
5365,mA3zhan4,8,-6.259988064069689,2,6.259988064069689,1,0,0,anti_homophones
5366,lv2gan3,7,-6.121803140313343,2,6.121803140313343,1,0,0,anti_homophones
5367,yi4xLn1,7,-6.134731929337443,2,6.134731929337443,1,0,1,anti_homophones
5368,pA2shO1,7,-6.203677968628366,2,6.203677968628366,1,1,0,anti_homophones
5369,zhang3fen1teng1,15,-10.000231353720746,3,10.000231353720746,1,0,0,anti_homophones
5370,qUn1,4,-3.9235047724642107,1,3.9235047724642107,1,0,11,anti_homophones
5371,gA3zu3gan3,10,-9.093181607102592,3,9.093181607102592,1,0,0,anti_homophones
5372,xin4jL1,7,-5.948836916560315,2,5.948836916560315,1,1,4,anti_homophones
5373,lang3hI1xing2,13,-9.604664410877303,3,9.604664410877303,1,0,0,anti_homophones
5374,na4mang1,8,-6.775091658441282,2,6.775091658441282,1,0,0,anti_homophones
5375,xW1shi4hU1,10,-7.973422227328195,3,7.973422227328195,1,0,0,anti_homophones
5376,ma3jing2chang4,14,-9.225156739023118,3,9.225156739023118,1,0,0,anti_homophones
5377,jW4sO1,6,-5.916391201916684,2,5.916391201916684,1,0,2,anti_homophones
5378,hU4gong2,8,-6.248640042341356,2,6.248640042341356,1,0,1,anti_homophones
5379,fen3sha1ji2,11,-9.093135022929994,3,9.093135022929994,1,0,0,anti_homophones
5380,kong4ge4er2,11,-8.214027576733953,3,8.214027576733953,1,0,0,anti_homophones
5381,pi1chen2,8,-6.607699841347363,2,6.607699841347363,1,0,1,anti_homophones
5382,wen4fu2,7,-6.3707480525294535,2,6.3707480525294535,1,0,3,anti_homophones
5383,nang2,5,-4.385827132475404,1,4.385827132475404,1,0,19,anti_homophones
5384,jLn1na4,7,-5.973814731381231,2,5.973814731381231,1,1,3,anti_homophones
5385,fu4yun4,7,-5.518813797788817,2,5.518813797788817,1,1,0,anti_homophones
5386,ran2lLn4,8,-6.628832886722711,2,6.628832886722711,1,0,3,anti_homophones
5387,tM3gong1,8,-5.418320714402696,2,5.418320714402696,1,1,0,anti_homophones
5388,qing2zI4,8,-6.819112538007069,2,6.819112538007069,1,0,2,anti_homophones
5389,jin1yan2,8,-5.618012353175795,2,5.618012353175795,1,0,4,anti_homophones
5390,jM1tV2tQ4,9,-8.081861673100454,3,8.081861673100454,1,0,0,anti_homophones
5391,fa1qLn2shan2,12,-9.170337885224468,3,9.170337885224468,1,0,0,anti_homophones
5392,che1che1kUng4,13,-9.538427650084806,3,9.538427650084806,1,0,0,anti_homophones
5393,ha4nLng1,8,-8.665081016819748,2,8.665081016819748,1,0,0,anti_homophones
5394,yQ2yV2mE2,9,-8.312117295010308,3,8.312117295010308,1,0,0,anti_homophones
5395,wu2jLn1chQ1bQ3,14,-12.014496320506655,4,12.014496320506655,1,0,0,anti_homophones
5396,ti2hu4fen4fan4,14,-12.831680767137575,4,12.831680767137575,1,0,0,anti_homophones
5397,jLn1lu1lLng4,12,-8.999293270728819,3,8.999293270728819,1,0,0,anti_homophones
5398,yun4lu4,7,-5.641419684384516,2,5.641419684384516,1,0,2,anti_homophones
5399,qLn2chI1jLn3,12,-9.750028378011484,3,9.750028378011484,1,0,0,anti_homophones
5400,ci4ri4,6,-6.147368953144243,2,6.147368953144243,1,0,7,anti_homophones
5401,wA4zheng1,9,-5.89300772548806,2,5.89300772548806,1,0,2,anti_homophones
5402,hang2zhi4xing2,14,-8.884745275211621,3,8.884745275211621,1,0,0,anti_homophones
5403,hong1lLng3,10,-6.627836916636335,2,6.627836916636335,1,0,0,anti_homophones
5404,xLn4hU4jK3,10,-8.778178561885415,3,8.778178561885415,1,0,0,anti_homophones
5405,hu4shen2,8,-6.290259276666399,2,6.290259276666399,1,0,1,anti_homophones
5406,kong1qing3jing4,15,-9.445032113098236,3,9.445032113098236,1,0,0,anti_homophones
5407,mu4ma3,6,-5.908950492059023,2,5.908950492059023,1,0,4,anti_homophones
5408,hV3nE4ban3gu4,13,-15.825554175991103,4,15.825554175991103,1,0,0,anti_homophones
5409,chQ2e4,6,-6.448249939020286,2,6.448249939020286,1,0,2,anti_homophones
5410,gUn3jing1he4xing1,17,-12.181476584682594,4,12.181476584682594,1,0,0,anti_homophones
5411,pan2li4,7,-5.663848305929433,2,5.663848305929433,1,0,3,anti_homophones
5412,qi3ban1wang2,12,-9.481256926434563,3,9.481256926434563,1,0,0,anti_homophones
5413,peng4pi5,8,-8.448941942823497,2,8.448941942823497,1,0,1,anti_homophones
5414,tI4tW2,6,-7.201150721588065,2,7.201150721588065,1,0,1,anti_homophones
5415,qin1shan3,9,-6.628487834133667,2,6.628487834133667,1,0,1,anti_homophones
5416,zhQ1hO2,7,-6.175580121841637,2,6.175580121841637,1,0,2,anti_homophones
5417,sQ3zA1qi2rQ3,12,-13.745451883501396,4,13.745451883501396,1,0,0,anti_homophones
5418,ban4yan1bi4,11,-9.330321488010604,3,9.330321488010604,1,0,0,anti_homophones
5419,kA3,3,-4.296238148307025,1,4.296238148307025,1,0,13,anti_homophones
5420,xin1qLng4ge4se4,15,-11.380471640060723,4,11.380471640060723,1,0,0,anti_homophones
5421,da4zi5,6,-4.303310213401383,2,4.303310213401383,1,2,13,anti_homophones
5422,tong1dan1,9,-6.117593231827315,2,6.117593231827315,1,0,1,anti_homophones
5423,jC2bQ4lan2dQ4,13,-11.261170749319954,4,11.261170749319954,1,0,0,anti_homophones
5424,hA3jing1ran2ren4,16,-12.176221527860033,4,12.176221527860033,1,0,0,anti_homophones
5425,hU4she4shV3,11,-8.741021079564678,3,8.741021079564678,1,0,0,anti_homophones
5426,hI2xin1,7,-5.325608138629721,2,5.325608138629721,1,0,5,anti_homophones
5427,chUn3,5,-3.7078881959118557,1,3.7078881959118557,1,1,7,anti_homophones
5428,shV4ding4,9,-6.319869760147544,2,6.319869760147544,1,0,3,anti_homophones
5429,dLn4xin1,8,-5.206323590314643,2,5.206323590314643,1,0,2,anti_homophones
5430,bA4ban4xLn3,11,-9.323251166223482,3,9.323251166223482,1,0,0,anti_homophones
5431,dW4du2tQ2,9,-8.700559873435896,3,8.700559873435896,1,0,0,anti_homophones
5432,qC4se4gan3,10,-9.398239126743652,3,9.398239126743652,1,0,0,anti_homophones
5433,tM3hO4,6,-5.6803940857009785,2,5.6803940857009785,1,0,0,anti_homophones
5434,bQ1ji2shUn3,11,-10.408696127325442,3,10.408696127325442,1,0,0,anti_homophones
5435,nLn2jun1hU4ji1,14,-10.882236300561825,4,10.882236300561825,1,0,0,anti_homophones
5436,chu1zA4tA4,10,-9.136632668811984,3,9.136632668811984,1,0,0,anti_homophones
5437,mA4bQ4gQ3,9,-9.012416296635305,3,9.012416296635305,1,0,0,anti_homophones
5438,wu2bing4,8,-5.785451429498937,2,5.785451429498937,1,0,5,anti_homophones
5439,yi1jing2yu3se4,14,-10.418410778695655,4,10.418410778695655,1,0,0,anti_homophones
5440,da4zI4nW3,9,-7.711226373129743,3,7.711226373129743,1,0,0,anti_homophones
5441,xLng2kang4,10,-7.758125010149553,2,7.758125010149553,1,0,0,anti_homophones
5442,fu4hun1,7,-6.576227516104088,2,6.576227516104088,1,0,1,anti_homophones
5443,gQ1ji4,6,-5.416797250619927,2,5.416797250619927,1,0,8,anti_homophones
5444,tan4wen1chong1sang3,19,-14.586605989292842,4,14.586605989292842,1,0,0,anti_homophones
5445,pang1mo4,8,-7.704916415366713,2,7.704916415366713,1,0,0,anti_homophones
5446,bang1yV2ming3jK3,16,-13.378364897871638,4,13.378364897871638,1,0,0,anti_homophones
5447,sheng2qu4,9,-5.841233189159739,2,5.841233189159739,1,0,1,anti_homophones
5448,nong4li4,8,-5.826918860511862,2,5.826918860511862,1,0,4,anti_homophones
5449,gan3li3,7,-5.503275231607545,2,5.503275231607545,1,0,1,anti_homophones
5450,ling4yu3,8,-6.189987110729202,2,6.189987110729202,1,1,4,anti_homophones
5451,zhi1pi2,7,-5.760902672321427,2,5.760902672321427,1,0,2,anti_homophones
5452,shQ4xW4,7,-6.219205085950888,2,6.219205085950888,1,0,2,anti_homophones
5453,tO4xK1xLng3qi4,14,-11.750893466896427,4,11.750893466896427,1,0,0,anti_homophones
5454,ling1ban1gu3,12,-9.120483869755049,3,9.120483869755049,1,0,0,anti_homophones
5455,hI4xu4,6,-6.676968073398553,2,6.676968073398553,1,0,2,anti_homophones
5456,jun1ya1,7,-5.895977255954639,2,5.895977255954639,1,0,2,anti_homophones
5457,pen2shi2,8,-6.5833629515114485,2,6.5833629515114485,1,0,3,anti_homophones
5458,nan2gUn3,8,-6.049828082691672,2,6.049828082691672,1,0,1,anti_homophones
5459,jK4sUn1rO4,10,-9.761016873616827,3,9.761016873616827,1,0,0,anti_homophones
5460,de2shi4zhan4,12,-8.558423017905227,3,8.558423017905227,1,0,0,anti_homophones
5461,chV2kUn1,8,-6.682072535756635,2,6.682072535756635,1,0,0,anti_homophones
5462,qW2,3,-3.560808613161846,1,3.560808613161846,1,0,7,anti_homophones
5463,tong2wA4hU4,11,-8.645360383345379,3,8.645360383345379,1,0,0,anti_homophones
5464,xi1zong2se4,11,-9.206820828468691,3,9.206820828468691,1,0,0,anti_homophones
5465,hQ3han4,7,-6.514454858354667,2,6.514454858354667,1,0,3,anti_homophones
5466,xLn4chu2fa3xing2,16,-11.764314416625508,4,11.764314416625508,1,0,0,anti_homophones
5467,yun4nan2zhUng1gong4,19,-12.164952441550247,4,12.164952441550247,1,0,0,anti_homophones
5468,gun3xLn4ren2xing2,17,-11.22192722485959,4,11.22192722485959,1,0,0,anti_homophones
5469,fang1de5hU4xC2,14,-10.370721414680936,4,10.370721414680936,1,0,0,anti_homophones
5470,dLn4tV2ren2wang1,16,-10.880021046834699,4,10.880021046834699,1,0,0,anti_homophones
5471,fu3shV3,7,-5.692332611680509,2,5.692332611680509,1,0,8,anti_homophones
5472,bM2yV2le4pQ4,12,-10.718803513119559,4,10.718803513119559,1,0,0,anti_homophones
5473,ping2ding1xW3yi4,16,-12.239888935641217,4,12.239888935641217,1,0,0,anti_homophones
5474,ba3zhang2xYng2,14,-10.126962586631729,3,10.126962586631729,1,0,0,anti_homophones
5475,lv4yi3lin2dQ4,13,-11.289344348793334,4,11.289344348793334,1,0,0,anti_homophones
5476,xUn1,4,-3.675423721277102,1,3.675423721277102,1,0,12,anti_homophones
5477,chen1dong4,10,-6.475593794390537,2,6.475593794390537,1,1,0,anti_homophones
5478,zhi4yV4bo2zi5,13,-10.211462313551777,4,10.211462313551777,1,0,0,anti_homophones
5479,ben3chong4pQ4,13,-10.425330947559265,3,10.425330947559265,1,0,0,anti_homophones
5480,ren4wE4,7,-6.025415073029017,2,6.025415073029017,1,0,3,anti_homophones
5481,hI4ke4yV2zi5,12,-10.283014701578383,4,10.283014701578383,1,0,0,anti_homophones
5482,qi3re4,6,-6.390207943308335,2,6.390207943308335,1,0,2,anti_homophones
5483,kUn3mLn3,8,-6.9707909083331865,2,6.9707909083331865,1,0,0,anti_homophones
5484,da4zhi3,7,-5.345786841105741,2,5.345786841105741,1,0,8,anti_homophones
5485,zi4yi4,6,-4.8429227511089925,2,4.8429227511089925,1,0,10,anti_homophones
5486,ji4wu4lLn3,10,-8.969412960908299,3,8.969412960908299,1,0,0,anti_homophones
5487,wu3zi5,6,-4.836519862539075,2,4.836519862539075,1,1,9,anti_homophones
5488,lE2da4,6,-6.141843440119215,2,6.141843440119215,1,0,0,anti_homophones
5489,xLn4qK2,7,-5.866421418050245,2,5.866421418050245,1,0,1,anti_homophones
5490,qu1chen3ting1,13,-10.814970225575012,3,10.814970225575012,1,0,0,anti_homophones
5491,jM4rV4,6,-6.147389624138238,2,6.147389624138238,1,0,1,anti_homophones
5492,kang4,5,-3.955974117321106,1,3.955974117321106,1,0,18,anti_homophones
5493,shu3shV3qW1wang3,16,-12.976501910811459,4,12.976501910811459,1,0,0,anti_homophones
5494,ban3xi1,7,-6.347316423291949,2,6.347316423291949,1,0,1,anti_homophones
5495,feng2xW4,8,-5.816691040990236,2,5.816691040990236,1,1,1,anti_homophones
5496,gA3zhi1,7,-5.591452138606623,2,5.591452138606623,1,1,2,anti_homophones
5497,zhang2zhUng1lan4,16,-10.251125188708627,3,10.251125188708627,1,0,0,anti_homophones
5498,hang5,5,-5.054231434852618,1,5.054231434852618,1,0,7,anti_homophones
5499,sheng2wang4,11,-6.313130857765096,2,6.313130857765096,1,0,1,anti_homophones
5500,qLng4song4,10,-6.896332870915728,2,6.896332870915728,1,0,1,anti_homophones
5501,tO4zhV4he2,10,-9.898976196914845,3,9.898976196914845,1,0,0,anti_homophones
5502,zhang2tQ2,9,-6.6695163263402755,2,6.6695163263402755,1,0,1,anti_homophones
5503,tu1yi2xu4jLng4,14,-13.099206362883066,4,13.099206362883066,1,0,0,anti_homophones
5504,fu4jLn1shi2,11,-8.302486893535193,3,8.302486893535193,1,0,0,anti_homophones
5505,yV3shi4,7,-4.632715062281479,2,4.632715062281479,1,2,13,anti_homophones
5506,zA4gan3,7,-6.239089475889472,2,6.239089475889472,1,0,3,anti_homophones
5507,kO4zI4shan4shi4,15,-12.306171430790924,4,12.306171430790924,1,0,0,anti_homophones
5508,jLn4hu2hU4pLn4,14,-11.755746400021797,4,11.755746400021797,1,0,0,anti_homophones
5509,ci4yun4,7,-6.234055309736392,2,6.234055309736392,1,0,3,anti_homophones
5510,gan4zheng2,10,-6.710199962891401,2,6.710199962891401,1,0,0,anti_homophones
5511,zhi1chQ2,8,-6.248743770042238,2,6.248743770042238,1,0,0,anti_homophones
5512,wu3xu3nv3,9,-8.232146818593826,3,8.232146818593826,1,0,0,anti_homophones
5513,ge4ta3,6,-6.2822386280037446,2,6.2822386280037446,1,0,0,anti_homophones
5514,zhan4zheng1bu4,14,-8.912988962269027,3,8.912988962269027,1,0,0,anti_homophones
5515,zhu4ren2,8,-5.383469917233571,2,5.383469917233571,1,0,7,anti_homophones
5516,ye4xing1he1,11,-9.335321727631307,3,9.335321727631307,1,0,0,anti_homophones
5517,yan2zhan1jW1pLn4,16,-12.106152809448325,4,12.106152809448325,1,0,0,anti_homophones
5518,rang3,5,-4.682964438258649,1,4.682964438258649,1,1,16,anti_homophones
5519,lA4yong2lLng1,13,-10.360853088309437,3,10.360853088309437,1,0,0,anti_homophones
5520,fen4xin1li2,11,-8.558188425473736,3,8.558188425473736,1,0,0,anti_homophones
5521,xK4zO4chu2,10,-9.073884149381179,3,9.073884149381179,1,0,0,anti_homophones
5522,hO4zhu4tong4,12,-8.986836799312394,3,8.986836799312394,1,0,0,anti_homophones
5523,hQ2yQ2kun4,10,-9.345612309886954,3,9.345612309886954,1,0,0,anti_homophones
5524,chang4shi4feng3,15,-9.270553677408133,3,9.270553677408133,1,0,0,anti_homophones
5525,zhe4cong4,9,-7.799955178520406,2,7.799955178520406,1,0,1,anti_homophones
5526,lQ3po4,6,-5.139573251552905,2,5.139573251552905,1,0,2,anti_homophones
5527,gu3an1,6,-5.578005007098756,2,5.578005007098756,1,0,0,anti_homophones
5528,xLng1dA4,8,-5.564825738166319,2,5.564825738166319,1,1,3,anti_homophones
5529,si3hU4,6,-5.124441014398262,2,5.124441014398262,1,1,8,anti_homophones
5530,zhi2gang2sheng4,15,-9.503974069254513,3,9.503974069254513,1,0,0,anti_homophones
5531,nv3qUn2wan1,11,-9.299161249444644,3,9.299161249444644,1,0,0,anti_homophones
5532,hO3tI2,6,-7.024061451521253,2,7.024061451521253,1,0,2,anti_homophones
5533,chQ2bing2lA2,12,-9.543047112361007,3,9.543047112361007,1,0,0,anti_homophones
5534,su2,3,-3.9741895723498,1,3.9741895723498,1,0,16,anti_homophones
5535,hO3ke3nA3xLn3,13,-12.054337597301306,4,12.054337597301306,1,0,0,anti_homophones
5536,dLn4yan4,8,-6.097542143822682,2,6.097542143822682,1,0,5,anti_homophones
5537,geng4dang2,10,-7.4595994932429806,2,7.4595994932429806,1,0,0,anti_homophones
5538,ho1song1chI2,12,-12.492089160553956,3,12.492089160553956,1,0,0,anti_homophones
5539,an1yC4,6,-5.42409726845513,2,5.42409726845513,1,0,3,anti_homophones
5540,shi3hU4,7,-5.287664819061778,2,5.287664819061778,1,1,5,anti_homophones
5541,kA1he2,6,-5.460138815740805,2,5.460138815740805,1,0,4,anti_homophones
5542,ku3ji4,6,-5.842264487621356,2,5.842264487621356,1,0,5,anti_homophones
5543,chen4kP4,8,-7.314368219649891,2,7.314368219649891,1,0,0,anti_homophones
5544,cheng1dV3qi4,12,-8.734258093381845,3,8.734258093381845,1,0,0,anti_homophones
5545,cUn2wen2ji1xC1,14,-14.361350473558078,4,14.361350473558078,1,0,0,anti_homophones
5546,ying1dI4xing1wE2,16,-12.024291498244336,4,12.024291498244336,1,0,0,anti_homophones
5547,xL2er5,6,-5.476042208171934,2,5.476042208171934,1,0,0,anti_homophones
5548,ting4zhu4,9,-6.3468962547997645,2,6.3468962547997645,1,0,2,anti_homophones
5549,ying3,5,-3.551441395418612,1,3.551441395418612,1,0,15,anti_homophones
5550,dan4qUn2,8,-5.795280369064626,2,5.795280369064626,1,1,3,anti_homophones
5551,si1shi4,7,-5.114801997353869,2,5.114801997353869,1,0,10,anti_homophones
5552,tun2zhi1hO2hu3,14,-13.38057131157371,4,13.38057131157371,1,0,0,anti_homophones
5553,te4pW4,6,-5.3818832609398415,2,5.3818832609398415,1,0,6,anti_homophones
5554,pLn4che1he2,11,-8.474312512353556,3,8.474312512353556,1,0,0,anti_homophones
5555,gun4,4,-4.037177833509462,1,4.037177833509462,1,1,13,anti_homophones
5556,qLng2hU4,8,-5.759321404977534,2,5.759321404977534,1,0,2,anti_homophones
5557,si1du4,6,-5.735141584797536,2,5.735141584797536,1,0,3,anti_homophones
5558,xYng2,5,-3.5617437147726507,1,3.5617437147726507,1,0,4,anti_homophones
5559,mA4yUn2nLn2,11,-8.794298461350904,3,8.794298461350904,1,0,0,anti_homophones
5560,qing2sUn1,9,-6.01180813522146,2,6.01180813522146,1,0,0,anti_homophones
5561,qLn2bu3,7,-6.144336132750787,2,6.144336132750787,1,0,6,anti_homophones
5562,hU1nu4so4xM2,12,-13.737723001794754,4,13.737723001794754,1,0,0,anti_homophones
5563,dQ4hU4,6,-5.563491842823703,2,5.563491842823703,1,2,5,anti_homophones
5564,fa1hen1hong1,12,-9.726722632903341,3,9.726722632903341,1,0,0,anti_homophones
5565,shi4fang4,9,-5.747913656443138,2,5.747913656443138,1,0,1,anti_homophones
5566,yUn4zA4bW3,10,-8.684051835940945,3,8.684051835940945,1,0,0,anti_homophones
5567,jin1di3,7,-6.1597025968832595,2,6.1597025968832595,1,0,2,anti_homophones
5568,zA4ya1,6,-5.952144444777527,2,5.952144444777527,1,0,2,anti_homophones
5569,shi2bQ3sha1jM2,14,-11.81172218841789,4,11.81172218841789,1,0,0,anti_homophones
5570,shP1wE2,7,-6.141952253841795,2,6.141952253841795,1,0,1,anti_homophones
5571,zA4jLn1jLn1,11,-8.561504902893804,3,8.561504902893804,1,0,0,anti_homophones
5572,xi1ta3,6,-6.381732512579399,2,6.381732512579399,1,0,3,anti_homophones
5573,zi4dong4yUn3,12,-8.99888247483522,3,8.99888247483522,1,0,0,anti_homophones
5574,wu2bu3,6,-5.9943752037914795,2,5.9943752037914795,1,0,6,anti_homophones
5575,jL1V3,5,-5.277752372373935,2,5.277752372373935,1,1,3,anti_homophones
5576,pW4li4,6,-6.005122557030331,2,6.005122557030331,1,0,3,anti_homophones
5577,yV3xLng4,8,-5.4123184866458915,2,5.4123184866458915,1,1,3,anti_homophones
5578,heng4xin1,9,-6.534339389156102,2,6.534339389156102,1,0,2,anti_homophones
5579,xW3qu3,6,-5.282730338824901,2,5.282730338824901,1,0,5,anti_homophones
5580,yi1zu3,6,-5.630257945032799,2,5.630257945032799,1,0,9,anti_homophones
5581,zu3zu2,6,-5.469684087159915,2,5.469684087159915,1,0,3,anti_homophones
5582,tW2zheng1,9,-6.010099309677372,2,6.010099309677372,1,0,2,anti_homophones
5583,tong4wan2,9,-6.528708807929329,2,6.528708807929329,1,0,1,anti_homophones
5584,hO4zhi1yan1,11,-8.899018100818857,3,8.899018100818857,1,0,0,anti_homophones
5585,qing2qu1,8,-5.691795153095398,2,5.691795153095398,1,0,5,anti_homophones
5586,lin2xL2,7,-6.771535620311044,2,6.771535620311044,1,0,1,anti_homophones
5587,yUn2wE4,7,-5.29140319206444,2,5.29140319206444,1,2,3,anti_homophones
5588,zhong1cQ3,9,-6.157284542577955,2,6.157284542577955,1,0,0,anti_homophones
5589,chen3de2kO4yC4,14,-12.3750375941401,4,12.3750375941401,1,0,0,anti_homophones
5590,jW1pen1zE2,10,-9.82630531930368,3,9.82630531930368,1,0,0,anti_homophones
5591,tW4rong4,8,-6.064005369576785,2,6.064005369576785,1,0,1,anti_homophones
5592,ying2xi2,8,-6.110836498057745,2,6.110836498057745,1,0,5,anti_homophones
5593,A4hu5,5,-5.9782715524708,2,5.9782715524708,1,0,2,anti_homophones
5594,chang3ran2,10,-6.122569047280588,2,6.122569047280588,1,0,2,anti_homophones
5595,fE4pa4,6,-6.207515191926366,2,6.207515191926366,1,0,0,anti_homophones
5596,cA2ping3qK2,11,-9.22227281981873,3,9.22227281981873,1,0,0,anti_homophones
5597,chang4zhe1,10,-7.124466398181579,2,7.124466398181579,1,0,0,anti_homophones
5598,sI4shi4,7,-5.593403130191972,2,5.593403130191972,1,0,2,anti_homophones
5599,xL4po1,6,-5.477993661370909,2,5.477993661370909,1,0,2,anti_homophones
5600,shi4tUn2,8,-5.555767507707161,2,5.555767507707161,1,0,2,anti_homophones
5601,song2wan2,9,-7.131742011000975,2,7.131742011000975,1,0,2,anti_homophones
5602,gan1shi1,8,-6.075854442731444,2,6.075854442731444,1,0,0,anti_homophones
5603,bi4shi2tUn2,11,-8.38432552386146,3,8.38432552386146,1,0,0,anti_homophones
5604,zhong4zu2,9,-6.53277606227678,2,6.53277606227678,1,0,2,anti_homophones
5605,hI4bing4,8,-6.153409171089222,2,6.153409171089222,1,0,1,anti_homophones
5606,dI4tu2,6,-5.790760287507965,2,5.790760287507965,1,0,1,anti_homophones
5607,ping1xW1fE4,11,-8.489341015772101,3,8.489341015772101,1,0,0,anti_homophones
5608,jC2hang3,8,-7.916412103791177,2,7.916412103791177,1,0,0,anti_homophones
5609,can1xLn2,8,-6.5218284398396476,2,6.5218284398396476,1,0,0,anti_homophones
5610,yV1xW1,6,-5.730291599199984,2,5.730291599199984,1,0,1,anti_homophones
5611,xLn2nong4xing1,14,-9.573438052513474,3,9.573438052513474,1,0,0,anti_homophones
5612,zhang4chen2,11,-6.816934357083926,2,6.816934357083926,1,0,0,anti_homophones
5613,zhong1shi4,10,-5.153762883629098,2,5.153762883629098,1,0,7,anti_homophones
5614,ben1qing2,9,-6.7219536894353675,2,6.7219536894353675,1,0,1,anti_homophones
5615,pen1wE3,7,-6.905845757479353,2,6.905845757479353,1,0,1,anti_homophones
5616,ling1pa1,8,-6.956352423783868,2,6.956352423783868,1,0,1,anti_homophones
5617,dO1dV3,6,-6.10755502456903,2,6.10755502456903,1,0,2,anti_homophones
5618,gP1zi1fE4kQ3,12,-12.946643689443201,4,12.946643689443201,1,0,0,anti_homophones
5619,xW3tang2,8,-5.732136269874441,2,5.732136269874441,1,0,2,anti_homophones
5620,jLng1qi1,8,-5.996036878185962,2,5.996036878185962,1,0,5,anti_homophones
5621,dong1zhu3,9,-6.154605148272512,2,6.154605148272512,1,0,0,anti_homophones
5622,di4zhun1ci2,11,-9.793003759087885,3,9.793003759087885,1,0,0,anti_homophones
5623,yang2yun4,9,-6.3775533597349865,2,6.3775533597349865,1,0,0,anti_homophones
5624,du4yu3,6,-6.694134037393582,2,6.694134037393582,1,0,8,anti_homophones
5625,qi2gan1,7,-5.968263229180396,2,5.968263229180396,1,0,1,anti_homophones
5626,bE3zhi1nE4qi4,13,-11.497756163901757,4,11.497756163901757,1,0,0,anti_homophones
5627,hu2gI4,6,-6.40384740403722,2,6.40384740403722,1,0,4,anti_homophones
5628,ru2ren2zi5,10,-7.348684633339149,3,7.348684633339149,1,0,0,anti_homophones
5629,jin1kang2ding4,14,-10.273509476019115,3,10.273509476019115,1,0,0,anti_homophones
5630,chu1bE4dQ1,10,-9.16545568280977,3,9.16545568280977,1,0,0,anti_homophones
5631,si3bu4kV3,9,-7.092742678016009,3,7.092742678016009,1,0,0,anti_homophones
5632,cha2zI4xC2zi5,13,-10.012928230199622,4,10.012928230199622,1,0,0,anti_homophones
5633,ben3wu4lLn2hI1,14,-12.19566785551666,4,12.19566785551666,1,0,0,anti_homophones
5634,pA2dQ3,6,-6.55966893107937,2,6.55966893107937,1,0,0,anti_homophones
5635,da4jL1,6,-4.790728131809304,2,4.790728131809304,1,2,4,anti_homophones
5636,yV1xi1yang4,11,-8.373737703807217,3,8.373737703807217,1,0,0,anti_homophones
5637,dan4wan4,8,-6.378356071868823,2,6.378356071868823,1,0,1,anti_homophones
5638,wen1shi5,8,-6.98694686519009,2,6.98694686519009,1,0,1,anti_homophones
5639,da3bing2fan4,12,-9.185700281619845,3,9.185700281619845,1,0,0,anti_homophones
5640,ang3ji2,7,-7.000588560555207,2,7.000588560555207,1,0,1,anti_homophones
5641,shV4wE3fang1,12,-10.009729191453681,3,10.009729191453681,1,0,0,anti_homophones
5642,bu4ren4,7,-5.156101428668086,2,5.156101428668086,1,0,3,anti_homophones
5643,yin3yi4shA4,11,-9.162509478068111,3,9.162509478068111,1,0,0,anti_homophones
5644,li3mLn4,7,-5.7807815391285,2,5.7807815391285,1,0,3,anti_homophones
5645,dLn4di4,7,-5.523882367971035,2,5.523882367971035,1,0,5,anti_homophones
5646,hU1yu2,6,-5.883681065839863,2,5.883681065839863,1,0,0,anti_homophones
5647,cu1zhUng1,9,-6.4095778785913256,2,6.4095778785913256,1,0,1,anti_homophones
5648,hQ2sQ4zhQ4xing4,15,-12.12013132208965,4,12.12013132208965,1,0,0,anti_homophones
5649,yi3wu2yV3,9,-7.89736122375356,3,7.89736122375356,1,0,0,anti_homophones
5650,lin2bing1yan2lLng1,18,-12.54168092855598,4,12.54168092855598,1,0,0,anti_homophones
5651,chang2mE2qUn2sO1,16,-11.989958560052926,4,11.989958560052926,1,0,0,anti_homophones
5652,he2qing1zhUn4,13,-9.173853981274114,3,9.173853981274114,1,0,0,anti_homophones
5653,zQ3cun4jW3,10,-9.25417549473579,3,9.25417549473579,1,0,0,anti_homophones
5654,zhu2,4,-3.594446062253575,1,3.594446062253575,1,2,11,anti_homophones
5655,Q4shI3,6,-6.095223376531511,2,6.095223376531511,1,0,3,anti_homophones
5656,chang3zhi3chu1,14,-9.12644563661285,3,9.12644563661285,1,0,0,anti_homophones
5657,pin1jW1di4gen1,14,-13.47593909593897,4,13.47593909593897,1,0,0,anti_homophones
5658,jW1chUng1,9,-6.03690720775512,2,6.03690720775512,1,0,2,anti_homophones
5659,mA2fu2neng1,11,-10.334733782576004,3,10.334733782576004,1,0,0,anti_homophones
5660,hun1pLn4,8,-7.128191021414235,2,7.128191021414235,1,0,2,anti_homophones
5661,ge4hU4,6,-5.465846450866168,2,5.465846450866168,1,0,3,anti_homophones
5662,zhe3zheng4ju3,13,-10.403197311348908,3,10.403197311348908,1,0,0,anti_homophones
5663,xing4lLng1mu3,13,-9.609437812834237,3,9.609437812834237,1,0,0,anti_homophones
5664,chV2ku4,7,-5.692911733512951,2,5.692911733512951,1,0,1,anti_homophones
5665,ye4ji1,6,-5.430347734010206,2,5.430347734010206,1,0,5,anti_homophones
5666,zhQ4ji2yu4lu4,13,-11.183207266947894,4,11.183207266947894,1,0,0,anti_homophones
5667,nE4shu3,7,-6.550546912387188,2,6.550546912387188,1,0,0,anti_homophones
5668,mo2dV4yin1,10,-8.50171822740612,3,8.50171822740612,1,0,0,anti_homophones
5669,gA4li4,6,-5.214462186631556,2,5.214462186631556,1,1,8,anti_homophones
5670,da4shan4,8,-5.537444638297934,2,5.537444638297934,1,1,1,anti_homophones
5671,sI4lu4,6,-6.392004839835794,2,6.392004839835794,1,0,0,anti_homophones
5672,hV4yV2,6,-6.027817639442294,2,6.027817639442294,1,0,5,anti_homophones
5673,shen3bLn4,9,-6.493191624034389,2,6.493191624034389,1,0,2,anti_homophones
5674,ting1chu3bQ3chen1,17,-13.294847263380806,4,13.294847263380806,1,0,0,anti_homophones
5675,yV3gUng2,8,-6.843514476254956,2,6.843514476254956,1,0,2,anti_homophones
5676,hA3gU4ce4,9,-8.92529461229315,3,8.92529461229315,1,0,0,anti_homophones
5677,chun1sun1,9,-7.714874344702119,2,7.714874344702119,1,0,0,anti_homophones
5678,hong2pi2hU2,11,-10.02820345942088,3,10.02820345942088,1,0,0,anti_homophones
5679,jing4qi1mLn4,12,-8.588976415083797,3,8.588976415083797,1,0,0,anti_homophones
5680,tLn1xL4,7,-5.664420807075329,2,5.664420807075329,1,0,1,anti_homophones
5681,wang4yu2,8,-6.125614304994472,2,6.125614304994472,1,0,1,anti_homophones
5682,xUn2hang3pi2qUn4,16,-13.822448524096306,4,13.822448524096306,1,0,0,anti_homophones
5683,shang3lV4lE4ti4,15,-13.431764546846582,4,13.431764546846582,1,0,0,anti_homophones
5684,xin1shi2,8,-5.2098126815242685,2,5.2098126815242685,1,0,4,anti_homophones
5685,ben3ting2jLn4mQ4,16,-12.551879056167776,4,12.551879056167776,1,0,0,anti_homophones
5686,bE4chu1ni4,10,-10.079849419001489,3,10.079849419001489,1,0,0,anti_homophones
5687,da4ze2,6,-5.463866186798187,2,5.463866186798187,1,0,7,anti_homophones
5688,shu4song4,9,-6.359340258235678,2,6.359340258235678,1,0,0,anti_homophones
5689,ping2gUng2chong1tang3,21,-13.342487425590363,4,13.342487425590363,1,0,0,anti_homophones
5690,da3zhUn4,8,-5.916907224891077,2,5.916907224891077,1,0,4,anti_homophones
5691,dUn1,4,-3.747606064662132,1,3.747606064662132,1,2,11,anti_homophones
5692,te4ye4,6,-5.186649746467582,2,5.186649746467582,1,0,6,anti_homophones
5693,jW1tong4,8,-4.952577528997706,2,4.952577528997706,1,1,4,anti_homophones
5694,ge4xing2an1qUn2,15,-11.508723171609926,4,11.508723171609926,1,0,0,anti_homophones
5695,zhen1li5,8,-6.181724989521932,2,6.181724989521932,1,0,3,anti_homophones
5696,qLn1feng1,9,-5.752296838359272,2,5.752296838359272,1,0,0,anti_homophones
5697,jLn4an4,7,-6.18667162204579,2,6.18667162204579,1,0,1,anti_homophones
5698,tu3bQ4,6,-5.612072711910893,2,5.612072711910893,1,0,4,anti_homophones
5699,che4li4,7,-5.9109469110528075,2,5.9109469110528075,1,1,4,anti_homophones
5700,na4yu2ci2zhang4,15,-12.309939954919948,4,12.309939954919948,1,0,0,anti_homophones
5701,yV3dLn4,7,-5.826217277495676,2,5.826217277495676,1,0,5,anti_homophones
5702,xC4kP4,6,-5.478780262545598,2,5.478780262545598,1,0,0,anti_homophones
5703,zhUng2men2,10,-6.220180532531003,2,6.220180532531003,1,0,1,anti_homophones
5704,zhQ1lLn2,8,-6.149876744235334,2,6.149876744235334,1,0,0,anti_homophones
5705,shu2neng1,9,-6.6481339523688145,2,6.6481339523688145,1,0,0,anti_homophones
5706,ping1zi1ru4qu4,14,-12.133679280992041,4,12.133679280992041,1,0,0,anti_homophones
5707,jM2mQ4,6,-5.419930799123194,2,5.419930799123194,1,1,2,anti_homophones
5708,bW1zhi4mLn4gong2,16,-11.602440408777198,4,11.602440408777198,1,0,0,anti_homophones
5709,jLn4shen2,9,-5.930133103648884,2,5.930133103648884,1,0,1,anti_homophones
5710,na4lV2bu4dW4,12,-11.106866098832263,4,11.106866098832263,1,0,0,anti_homophones
5711,jLng3gI2zhi1,12,-11.052531471987658,3,11.052531471987658,1,0,0,anti_homophones
5712,pin3lUn4zha1zhang2,18,-12.969076018329112,4,12.969076018329112,1,0,0,anti_homophones
5713,shang1jin4,10,-6.008569830048437,2,6.008569830048437,1,0,1,anti_homophones
5714,nK2che4yi1lK2,13,-12.072935676001245,4,12.072935676001245,1,0,0,anti_homophones
5715,jK4xin4,7,-6.155946012380164,2,6.155946012380164,1,0,4,anti_homophones
5716,nQ2,3,-4.311253868856035,1,4.311253868856035,1,0,15,anti_homophones
5717,nan2zhi2,8,-5.91474048613847,2,5.91474048613847,1,0,1,anti_homophones
5718,zheng2mu4ji2,12,-8.333044375315085,3,8.333044375315085,1,0,0,anti_homophones
5719,tLn1sO3wen1,11,-8.994935790633184,3,8.994935790633184,1,0,0,anti_homophones
5720,min3shan4yV2,12,-9.95422918256703,3,9.95422918256703,1,0,0,anti_homophones
5721,zA4dQ3,6,-6.12475494380798,2,6.12475494380798,1,0,3,anti_homophones
5722,yong1wu4,8,-5.80065764250035,2,5.80065764250035,1,0,9,anti_homophones
5723,da4bA3yV2,9,-7.543041099999006,3,7.543041099999006,1,0,0,anti_homophones
5724,gan4shi2,8,-5.908749339744917,2,5.908749339744917,1,0,5,anti_homophones
5725,qLng2,5,-3.613797853753839,1,3.613797853753839,1,1,8,anti_homophones
5726,fu4fE1dan3zi5,13,-11.895817902092917,4,11.895817902092917,1,0,0,anti_homophones
5727,rong2pu3,8,-7.440869077891156,2,7.440869077891156,1,0,1,anti_homophones
5728,gong1mi3,8,-6.222532430270451,2,6.222532430270451,1,0,1,anti_homophones
5729,tO2,3,-4.1042866824138695,1,4.1042866824138695,1,0,13,anti_homophones
5730,chan4bA4shI3,12,-9.330386973838015,3,9.330386973838015,1,0,0,anti_homophones
5731,hUng1si1cQ1zi5,14,-11.445530878243686,4,11.445530878243686,1,0,0,anti_homophones
5732,zi4zheng4,9,-5.456250836349645,2,5.456250836349645,1,1,3,anti_homophones
5733,lLng1yi4wE4wE2,14,-11.612873211651078,4,11.612873211651078,1,0,0,anti_homophones
5734,ni2mo2,6,-6.5987286607837525,2,6.5987286607837525,1,0,1,anti_homophones
5735,shi4shi2shi1,12,-7.9639979069989035,3,7.9639979069989035,1,0,0,anti_homophones
5736,la,2,-5.804298318622123,1,5.804298318622123,1,0,3,anti_homophones
5737,meng1lv3jLn4zi3,15,-12.124719583417582,4,12.124719583417582,1,0,0,anti_homophones
5738,shi4re5ne5,10,-7.6320031802411625,3,7.6320031802411625,1,0,0,anti_homophones
5739,chUn3li3,8,-6.153289502100207,2,6.153289502100207,1,0,1,anti_homophones
5740,zA1,3,-3.781830204460105,1,3.781830204460105,1,0,14,anti_homophones
5741,chen4kUn1mi3,12,-10.907497959705728,3,10.907497959705728,1,0,0,anti_homophones
5742,chu1hI3,7,-5.989029447399084,2,5.989029447399084,1,0,0,anti_homophones
5743,da3fang3,8,-5.703612223100758,2,5.703612223100758,1,0,4,anti_homophones
5744,ya4ren2,7,-5.559980283075928,2,5.559980283075928,1,1,5,anti_homophones
5745,qLng4lLng1,10,-6.5575577272233385,2,6.5575577272233385,1,0,1,anti_homophones
5746,si3zi5,6,-5.386266428973151,2,5.386266428973151,1,0,6,anti_homophones
5747,ji2dLn4yong4cun4,16,-12.504528160220168,4,12.504528160220168,1,0,0,anti_homophones
5748,ti2ji4,6,-5.771591254915437,2,5.771591254915437,1,0,5,anti_homophones
5749,di4xing4,8,-5.548964300618172,2,5.548964300618172,1,0,5,anti_homophones
5750,lA2du2,6,-6.444973473088572,2,6.444973473088572,1,0,3,anti_homophones
5751,ma2zi5,6,-4.92522089692618,2,4.92522089692618,1,2,7,anti_homophones
5752,hUn4jun1yin3,12,-9.310913626951429,3,9.310913626951429,1,0,0,anti_homophones
5753,zhUn4zhu4gong1,14,-9.783507142042435,3,9.783507142042435,1,0,0,anti_homophones
5754,hE1bo2shang2,12,-8.740274728737605,3,8.740274728737605,1,0,0,anti_homophones
5755,he2qi4xin1,10,-7.663944736961022,3,7.663944736961022,1,0,0,anti_homophones
5756,nong4hu,7,-9.028077455545201,2,9.028077455545201,1,0,0,anti_homophones
5757,qLng1zi3,8,-6.117726343371566,2,6.117726343371566,1,0,2,anti_homophones
5758,tM3shi2,7,-5.290689250565621,2,5.290689250565621,1,0,3,anti_homophones
5759,qi3yi1lO4,9,-7.868871789955898,3,7.868871789955898,1,0,0,anti_homophones
5760,lan2zhe1,8,-7.290734472054468,2,7.290734472054468,1,0,0,anti_homophones
5761,leng1,5,-3.5166943662362713,1,3.5166943662362713,1,2,16,anti_homophones
5762,shI4shen2mV2zhU1,16,-14.24602192385992,4,14.24602192385992,1,0,0,anti_homophones
5763,tQ3ku4,6,-5.7690098200659525,2,5.7690098200659525,1,1,2,anti_homophones
5764,wang1ji1jLn1,12,-8.772711417188544,3,8.772711417188544,1,0,0,anti_homophones
5765,bo4hUn3,7,-6.925558844302303,2,6.925558844302303,1,0,0,anti_homophones
5766,he2bLn1shen1,12,-9.047124478640399,3,9.047124478640399,1,0,0,anti_homophones
5767,yun4shi1dLn3,12,-8.1931979159024,3,8.1931979159024,1,0,0,anti_homophones
5768,tong4kP4,8,-6.29586493989813,2,6.29586493989813,1,0,2,anti_homophones
5769,gen1shi2da3,11,-9.589501249887913,3,9.589501249887913,1,0,0,anti_homophones
5770,hong3fu2,8,-6.552895101573654,2,6.552895101573654,1,0,1,anti_homophones
5771,jM1gu3di4,9,-7.716625672694856,3,7.716625672694856,1,0,0,anti_homophones
5772,shV3ke1jin4ji1,14,-10.30935579444736,4,10.30935579444736,1,0,0,anti_homophones
5773,yong2qi4,8,-5.899690277140055,2,5.899690277140055,1,0,5,anti_homophones
5774,wu1nin2xing4,12,-10.034075765567914,3,10.034075765567914,1,0,0,anti_homophones
5775,shu4qi2gu3an1,13,-11.200091755774377,4,11.200091755774377,1,0,0,anti_homophones
5776,bi4mi4lv4shi4,13,-11.108528170568198,4,11.108528170568198,1,0,0,anti_homophones
5777,hen2hO4shen3shu4,16,-13.303692221765782,4,13.303692221765782,1,0,0,anti_homophones
5778,bQ4bu4dA4po4,12,-10.714739920071482,4,10.714739920071482,1,0,0,anti_homophones
5779,wu3hQ4yQ4,9,-8.34600287865911,3,8.34600287865911,1,0,0,anti_homophones
5780,jW3mW2,6,-5.72823601037422,2,5.72823601037422,1,0,1,anti_homophones
5781,zi4gong4,8,-5.737869326874872,2,5.737869326874872,1,0,3,anti_homophones
5782,zhong1ku4,9,-6.165024399806852,2,6.165024399806852,1,0,7,anti_homophones
5783,zhe2ming2chang4ge2,18,-12.95255284410205,4,12.95255284410205,1,0,0,anti_homophones
5784,gQ3ji4,6,-6.724820628133502,2,6.724820628133502,1,0,3,anti_homophones
5785,fang1xL4shi4,12,-8.094866026688504,3,8.094866026688504,1,0,0,anti_homophones
5786,leng2jW4shu3,12,-9.841243524039362,3,9.841243524039362,1,0,0,anti_homophones
5787,si1lLng3,8,-6.053974381164454,2,6.053974381164454,1,0,0,anti_homophones
5788,Q4wang3po4,10,-9.796278473051844,3,9.796278473051844,1,0,0,anti_homophones
5789,chV1ji1,7,-5.854570094042984,2,5.854570094042984,1,0,5,anti_homophones
5790,qLng4tW4,8,-7.407735316799092,2,7.407735316799092,1,0,1,anti_homophones
5791,hun1zhong4mu4bE1,16,-12.170565889306387,4,12.170565889306387,1,0,0,anti_homophones
5792,yUn2zhong4li4fu2,16,-11.075512320359294,4,11.075512320359294,1,0,0,anti_homophones
5793,ru2gu3,6,-5.8857885501590195,2,5.8857885501590195,1,0,4,anti_homophones
5794,zhi2ye4,7,-5.238684755676924,2,5.238684755676924,1,0,2,anti_homophones
5795,jLn3du2zi5,10,-7.591746662340413,3,7.591746662340413,1,0,0,anti_homophones
5796,nQ4shI3gong3,12,-9.85629926346873,3,9.85629926346873,1,0,0,anti_homophones
5797,ya1chi1,7,-7.31619227878568,2,7.31619227878568,1,0,0,anti_homophones
5798,da1dV4pQ4,9,-9.69071781332222,3,9.69071781332222,1,0,0,anti_homophones
5799,jC1,3,-4.700392816901113,1,4.700392816901113,1,1,9,anti_homophones
5800,ni4wu2shi2,10,-8.295212978292199,3,8.295212978292199,1,0,0,anti_homophones
5801,rong2jing2le4hU1,16,-13.133208579067196,4,13.133208579067196,1,0,0,anti_homophones
5802,mE3gan4,7,-6.289287357335534,2,6.289287357335534,1,0,1,anti_homophones
5803,he2shV3,7,-5.304580923367669,2,5.304580923367669,1,0,1,anti_homophones
5804,zong2tV5,8,-6.430439808469407,2,6.430439808469407,1,0,0,anti_homophones
5805,bLn4zhi2,8,-5.8040719645673615,2,5.8040719645673615,1,1,2,anti_homophones
5806,san4zhi4li2fan1,15,-13.474391785157044,4,13.474391785157044,1,0,0,anti_homophones
5807,xM2hQ2,6,-7.815463827836814,2,7.815463827836814,1,0,0,anti_homophones
5808,fan2jL1xin4,11,-9.35943249152656,3,9.35943249152656,1,0,0,anti_homophones
5809,wu2ce4,6,-5.5350007673216055,2,5.5350007673216055,1,0,4,anti_homophones
5810,wu2ke3hQ4,9,-7.40282401944269,3,7.40282401944269,1,0,0,anti_homophones
5811,lQ3cha1ren2,11,-8.12283031076753,3,8.12283031076753,1,0,0,anti_homophones
5812,ru3gQ4zhe3qi1,13,-12.573479436061541,4,12.573479436061541,1,0,0,anti_homophones
5813,wE1shi1,7,-5.867572345666918,2,5.867572345666918,1,0,2,anti_homophones
5814,pan3,4,-5.692359325981253,1,5.692359325981253,1,0,16,anti_homophones
5815,cheng3ma3,9,-6.865892763402712,2,6.865892763402712,1,0,1,anti_homophones
5816,qLn2qK2,7,-5.301025576523059,2,5.301025576523059,1,0,4,anti_homophones
5817,she4yan2sI4bLn4,15,-12.047204551917202,4,12.047204551917202,1,0,0,anti_homophones
5818,ji4shen1ren2,12,-7.870792499819707,3,7.870792499819707,1,0,0,anti_homophones
5819,shQ1dLn4xing4zV3,16,-12.054724864125557,4,12.054724864125557,1,0,0,anti_homophones
5820,shu1jW4,7,-6.136397337234751,2,6.136397337234751,1,0,1,anti_homophones
5821,gU4,3,-3.6418155540626227,1,3.6418155540626227,1,0,12,anti_homophones
5822,gI1mLn4,7,-5.606761776642601,2,5.606761776642601,1,0,2,anti_homophones
5823,e4zi3,5,-5.552615039802367,2,5.552615039802367,1,0,3,anti_homophones
5824,hU1lang2xLn3,12,-9.167776595914532,3,9.167776595914532,1,0,0,anti_homophones
5825,lLng1jing2qing4,15,-9.267969276107944,3,9.267969276107944,1,0,0,anti_homophones
5826,cha1,4,-3.6091383961073653,1,3.6091383961073653,1,2,11,anti_homophones
5827,sQ3dA4,6,-5.754232215233239,2,5.754232215233239,1,0,5,anti_homophones
5828,qin5qL3ke4kV3,13,-12.766963092059516,4,12.766963092059516,1,0,0,anti_homophones
5829,jW1hen3sI4,10,-9.960817162980325,3,9.960817162980325,1,0,0,anti_homophones
5830,xing2xLng1,10,-5.9928775465915045,2,5.9928775465915045,1,0,2,anti_homophones
5831,tV2jM2hQ4,9,-8.588185662602477,3,8.588185662602477,1,0,0,anti_homophones
5832,dQ4che1gUn1,11,-8.191973528384791,3,8.191973528384791,1,0,0,anti_homophones
5833,tong2zhi1tV5,12,-8.891610533479646,3,8.891610533479646,1,0,0,anti_homophones
5834,dLn4bu4,7,-5.273919533783279,2,5.273919533783279,1,2,3,anti_homophones
5835,shI3shi4,8,-5.206165823767125,2,5.206165823767125,1,0,4,anti_homophones
5836,yun4sheng1dQ4,13,-8.307717836220622,3,8.307717836220622,1,0,0,anti_homophones
5837,cun1,4,-3.878408809751295,1,3.878408809751295,1,1,9,anti_homophones
5838,shi4fa3,7,-5.311725382293574,2,5.311725382293574,1,1,4,anti_homophones
5839,san1jW4an4,10,-8.709876934120045,3,8.709876934120045,1,0,0,anti_homophones
5840,qM1xi4,6,-6.5848857782168295,2,6.5848857782168295,1,0,3,anti_homophones
5841,gUn3yV2,7,-6.316185899647615,2,6.316185899647615,1,0,1,anti_homophones
5842,sheng3shV3gan4shI3,18,-12.244880627936277,4,12.244880627936277,1,0,0,anti_homophones
5843,ku3mo2,6,-6.190242662971901,2,6.190242662971901,1,0,1,anti_homophones
5844,shen3can1ji1qu1,15,-12.002995674780164,4,12.002995674780164,1,0,0,anti_homophones
5845,fang3zhO1,9,-6.992540767549288,2,6.992540767549288,1,0,0,anti_homophones
5846,shen4han1,9,-7.385718311374649,2,7.385718311374649,1,0,0,anti_homophones
5847,dQ3yV3,6,-5.867779568419245,2,5.867779568419245,1,0,0,anti_homophones
5848,qLng2se4,8,-5.636447072273913,2,5.636447072273913,1,1,3,anti_homophones
5849,er4hU4,6,-4.727371052560352,2,4.727371052560352,1,1,1,anti_homophones
5850,zong1ren2,9,-5.5710656862343635,2,5.5710656862343635,1,0,5,anti_homophones
5851,cA2wu1,6,-6.351406349493087,2,6.351406349493087,1,0,2,anti_homophones
5852,yV3hU4,6,-5.368171021209594,2,5.368171021209594,1,0,5,anti_homophones
5853,fang3yUn4pW4,12,-9.357389884810688,3,9.357389884810688,1,0,0,anti_homophones
5854,da3gong4,8,-5.3033325722347655,2,5.3033325722347655,1,1,4,anti_homophones
5855,shang3xin1,10,-5.882838108256764,2,5.882838108256764,1,0,1,anti_homophones
5856,po1li3,6,-5.6066581026983835,2,5.6066581026983835,1,0,4,anti_homophones
5857,shu4ji2ri4,10,-8.097842438257922,3,8.097842438257922,1,0,0,anti_homophones
5858,qi3tong1,8,-5.8852864402457765,2,5.8852864402457765,1,0,1,anti_homophones
5859,gA3shV3tV5,10,-8.860793553750995,3,8.860793553750995,1,0,0,anti_homophones
5860,wu3hang2bu4,11,-8.574457401429903,3,8.574457401429903,1,0,0,anti_homophones
5861,hA3hU4,6,-5.539846598155125,2,5.539846598155125,1,1,3,anti_homophones
5862,shi4qi3ji1,10,-7.754749097881622,3,7.754749097881622,1,0,0,anti_homophones
5863,qUn2he4ju4,10,-9.497268522799876,3,9.497268522799876,1,0,0,anti_homophones
5864,wE1ya1,6,-6.0417137677424835,2,6.0417137677424835,1,0,1,anti_homophones
5865,qi2she4,7,-5.589369003413624,2,5.589369003413624,1,0,4,anti_homophones
5866,sheng4dQ4,9,-5.738058909391473,2,5.738058909391473,1,1,2,anti_homophones
5867,zhe4,4,-4.102314421177401,1,4.102314421177401,1,0,15,anti_homophones
5868,hU1pA1xin1,10,-9.090993225835202,3,9.090993225835202,1,0,0,anti_homophones
5869,shu2ming2hV4fa3,15,-12.320768392893134,4,12.320768392893134,1,0,0,anti_homophones
5870,jK4xC2jM2,9,-7.7380398857957795,3,7.7380398857957795,1,0,0,anti_homophones
5871,qu4wE4,6,-5.487770677167298,2,5.487770677167298,1,1,3,anti_homophones
5872,ma2ling4,8,-6.354002400368645,2,6.354002400368645,1,0,2,anti_homophones
5873,shu1zhQ4jLn4,12,-8.930002355786451,3,8.930002355786451,1,0,0,anti_homophones
5874,qing1er2,8,-5.803052192663171,2,5.803052192663171,1,0,2,anti_homophones
5875,xW1yi2,6,-5.876200286543862,2,5.876200286543862,1,0,3,anti_homophones
5876,gen1jM2ji1hO3,13,-11.39600269326285,4,11.39600269326285,1,0,0,anti_homophones
5877,chUn4cUn4,9,-8.398911159949904,2,8.398911159949904,1,0,0,anti_homophones
5878,qUn2dUn1lLng1,13,-9.751047719129318,3,9.751047719129318,1,0,0,anti_homophones
5879,tLn2xK1,7,-6.755766023215217,2,6.755766023215217,1,1,0,anti_homophones
5880,hUn4yi4,7,-5.897653420293347,2,5.897653420293347,1,0,2,anti_homophones
5881,lO2bi3zI4,9,-9.308559028590894,3,9.308559028590894,1,0,0,anti_homophones
5882,lLng1kI2,8,-7.57991063143784,2,7.57991063143784,1,0,0,anti_homophones
5883,di3ke1ma1,9,-8.837254080273667,3,8.837254080273667,1,0,0,anti_homophones
5884,xin1ku3zhUng3,13,-9.899508427660743,3,9.899508427660743,1,0,0,anti_homophones
5885,yV1hO3hQ4,9,-8.090159277647324,3,8.090159277647324,1,0,0,anti_homophones
5886,xu4sheng1,9,-5.967413220348074,2,5.967413220348074,1,0,3,anti_homophones
5887,sQ4zhang1gQ3,12,-9.89445535792587,3,9.89445535792587,1,0,0,anti_homophones
5888,yun4er2yi4chang1,16,-11.050582056045847,4,11.050582056045847,1,0,0,anti_homophones
5889,xi1lW2yi2,9,-8.484945349035435,3,8.484945349035435,1,0,0,anti_homophones
5890,jM4dA4,6,-5.23563744643312,2,5.23563744643312,1,0,6,anti_homophones
5891,ba3yUn2,7,-6.525372568736993,2,6.525372568736993,1,0,2,anti_homophones
5892,ying4qUn2hI4,12,-8.323720127933948,3,8.323720127933948,1,0,0,anti_homophones
5893,mE2nQ3he2ji4,12,-11.110608106452533,4,11.110608106452533,1,0,0,anti_homophones
5894,rI3,3,-4.690122444831993,1,4.690122444831993,1,0,6,anti_homophones
5895,ni4ji1,6,-5.777899672812919,2,5.777899672812919,1,0,6,anti_homophones
5896,hQ3hO3chong3,12,-9.695392610746273,3,9.695392610746273,1,0,0,anti_homophones
5897,leng2lK4bLn4wu4,15,-12.860972261595515,4,12.860972261595515,1,0,0,anti_homophones
5898,cu1yi4yC4fu4,12,-12.294423599351711,4,12.294423599351711,1,0,0,anti_homophones
5899,zhV4ru4hen2,11,-10.275528628388916,3,10.275528628388916,1,0,0,anti_homophones
5900,gang3zhu4,9,-6.574847486537217,2,6.574847486537217,1,0,1,anti_homophones
5901,zhi2neng1,9,-6.490946403340447,2,6.490946403340447,1,0,0,anti_homophones
5902,rV4pi2ju2,9,-8.833545123067326,3,8.833545123067326,1,0,0,anti_homophones
5903,zhi2qu4qun2,11,-9.76499071086862,3,9.76499071086862,1,0,0,anti_homophones
5904,zu1hO4,6,-7.100654972524818,2,7.100654972524818,1,0,1,anti_homophones
5905,ji2sun1,7,-6.383875473535227,2,6.383875473535227,1,0,0,anti_homophones
5906,ke3xi1bu4,9,-7.721356593048287,3,7.721356593048287,1,0,0,anti_homophones
5907,wu1lun2,7,-6.139888240387107,2,6.139888240387107,1,0,0,anti_homophones
5908,yUn2sha1tu4,11,-9.643714854235562,3,9.643714854235562,1,0,0,anti_homophones
5909,xing4pLn4,9,-6.046149616308212,2,6.046149616308212,1,1,0,anti_homophones
5910,zi3sO3zO4,9,-8.378249672939296,3,8.378249672939296,1,0,0,anti_homophones
5911,sheng2nK2lan2,13,-9.419991690268144,3,9.419991690268144,1,0,0,anti_homophones
5912,bQ3zhQ4,7,-5.829886763715907,2,5.829886763715907,1,0,1,anti_homophones
5913,Q4shi4,6,-5.460533240503205,2,5.460533240503205,1,0,8,anti_homophones
5914,hO3qun2,7,-5.995478586369159,2,5.995478586369159,1,0,1,anti_homophones
5915,bing3wo3gUn1xC2,15,-13.514979478117436,4,13.514979478117436,1,0,0,anti_homophones
5916,fang3ren2,9,-5.68375828974327,2,5.68375828974327,1,0,1,anti_homophones
5917,zi4zhong3qLng3shO1,18,-12.89651792277778,4,12.89651792277778,1,0,0,anti_homophones
5918,lQ2wu4,6,-4.973162036053958,2,4.973162036053958,1,1,10,anti_homophones
5919,dan4sO3,7,-5.9279791382910725,2,5.9279791382910725,1,0,0,anti_homophones
5920,dUn4zi5,7,-5.2220664501967144,2,5.2220664501967144,1,2,4,anti_homophones
5921,gong2hQ3,8,-6.460712619392756,2,6.460712619392756,1,0,0,anti_homophones
5922,chI2qu1,7,-6.2350355785026625,2,6.2350355785026625,1,0,1,anti_homophones
5923,lLng2cun2qUn2ti3,16,-12.023572165174237,4,12.023572165174237,1,0,0,anti_homophones
5924,du3dan4lB4wE4,13,-12.165653647386552,4,12.165653647386552,1,0,0,anti_homophones
5925,xM2zi5,6,-5.036281264051524,2,5.036281264051524,1,2,3,anti_homophones
5926,fu2hU2bing4po1,14,-12.255210311590638,4,12.255210311590638,1,0,0,anti_homophones
5927,wE2gu1ding2shu1,15,-12.116498635837837,4,12.116498635837837,1,0,0,anti_homophones
5928,chang3ru2neng1shu4,18,-11.858691217499427,4,11.858691217499427,1,0,0,anti_homophones
5929,di4wE2fE1,9,-9.147662048221417,3,9.147662048221417,1,0,0,anti_homophones
5930,wu2qu3shang4,12,-8.711558090607044,3,8.711558090607044,1,0,0,anti_homophones
5931,feng1jM1ji4,11,-8.50849194959137,3,8.50849194959137,1,0,0,anti_homophones
5932,lin2ju2,7,-6.057925195569058,2,6.057925195569058,1,0,0,anti_homophones
5933,fa4lV2,6,-6.0739412346464,2,6.0739412346464,1,0,1,anti_homophones
5934,hun2,4,-3.7597784456303724,1,3.7597784456303724,1,0,13,anti_homophones
5935,da3hun3,7,-6.404238958959953,2,6.404238958959953,1,0,1,anti_homophones
5936,hU1jin4yun4jLng3,16,-12.335864784083013,4,12.335864784083013,1,0,0,anti_homophones
5937,bing2bQ1fu4,11,-8.822358660581079,3,8.822358660581079,1,0,0,anti_homophones
5938,ding2yin3,9,-6.715157444375453,2,6.715157444375453,1,0,3,anti_homophones
5939,he2fang3,8,-5.530939460265935,2,5.530939460265935,1,0,2,anti_homophones
5940,chUng1wu2tLn1,13,-9.136931979188635,3,9.136931979188635,1,0,0,anti_homophones
5941,dan4zhang4,10,-6.221620574780357,2,6.221620574780357,1,0,1,anti_homophones
5942,ji2zi3,6,-5.359917630443199,2,5.359917630443199,1,0,6,anti_homophones
5943,he2le4,6,-5.5251509207071985,2,5.5251509207071985,1,0,6,anti_homophones
5944,yi1bing4jing3nA3,16,-13.610820760579001,4,13.610820760579001,1,0,0,anti_homophones
5945,bQ3wE4,6,-5.277453411640189,2,5.277453411640189,1,1,5,anti_homophones
5946,hu3ting1,8,-7.308648276675802,2,7.308648276675802,1,0,1,anti_homophones
5947,ke3fV3jC2,9,-7.146469878096082,3,7.146469878096082,1,0,0,anti_homophones
5948,jing2bW3,8,-5.7715853297245685,2,5.7715853297245685,1,0,4,anti_homophones
5949,shen2gO2,8,-6.404741600664202,2,6.404741600664202,1,0,0,anti_homophones
5950,jLng1,5,-3.536855561979003,1,3.536855561979003,1,1,9,anti_homophones
5951,wu1yan3,7,-5.905909799007983,2,5.905909799007983,1,0,1,anti_homophones
5952,shV3xu4,7,-5.436386206627367,2,5.436386206627367,1,0,5,anti_homophones
5953,chUng4xL4fa3,12,-8.673939063515485,3,8.673939063515485,1,0,0,anti_homophones
5954,qin1ren2,8,-5.250319836452676,2,5.250319836452676,1,2,9,anti_homophones
5955,ku3zi4fang2,11,-9.313553626511839,3,9.313553626511839,1,0,0,anti_homophones
5956,ju1zhu1qLn1ti2,14,-13.348246539435122,4,13.348246539435122,1,0,0,anti_homophones
5957,shi3ji1,7,-5.595028648337027,2,5.595028648337027,1,0,6,anti_homophones
5958,kan1mi3,7,-6.697207020238066,2,6.697207020238066,1,0,1,anti_homophones
5959,dang4jin4,9,-6.337732876243213,2,6.337732876243213,1,0,2,anti_homophones
5960,xin1zhang3,10,-6.009894009392984,2,6.009894009392984,1,0,0,anti_homophones
5961,cho1li4shu1xin1,15,-13.10458158613754,4,13.10458158613754,1,0,0,anti_homophones
5962,zi4dan1da2shi2,14,-11.872870170070565,4,11.872870170070565,1,0,0,anti_homophones
5963,cun2ting1,9,-6.892403372387077,2,6.892403372387077,1,0,1,anti_homophones
5964,she4wu3xK1xLng1,15,-11.718459385275402,4,11.718459385275402,1,0,0,anti_homophones
5965,ming2qu1,8,-5.920507789468648,2,5.920507789468648,1,0,5,anti_homophones
5966,zI3pi2ban4,10,-8.513827425902438,3,8.513827425902438,1,0,0,anti_homophones
5967,lK2zheng1,9,-6.012176588260621,2,6.012176588260621,1,1,1,anti_homophones
5968,bu4hen2sheng4,13,-9.735172771543107,3,9.735172771543107,1,0,0,anti_homophones
5969,lu2bo2ding2fE4,14,-13.126428590526135,4,13.126428590526135,1,0,0,anti_homophones
5970,lE4jL4,6,-6.385777755584388,2,6.385777755584388,1,0,0,anti_homophones
5971,chu3xing2,9,-6.069380352477296,2,6.069380352477296,1,0,3,anti_homophones
5972,jC2shang1deng1,14,-9.269137302920571,3,9.269137302920571,1,0,0,anti_homophones
5973,xC2qUn2bi4zhi4,14,-11.60285259032861,4,11.60285259032861,1,0,0,anti_homophones
5974,xing2ma1,8,-6.844366647215388,2,6.844366647215388,1,0,0,anti_homophones
5975,xW3hO4sO3zA1,12,-10.948067466789512,4,10.948067466789512,1,0,0,anti_homophones
5976,jLn1ya1,7,-6.11079468320971,2,6.11079468320971,1,0,2,anti_homophones
5977,shi2xin1,8,-4.944228374502812,2,4.944228374502812,1,1,5,anti_homophones
5978,bE3bu4pin3,10,-7.689673469906477,3,7.689673469906477,1,0,0,anti_homophones
5979,yi1min2,7,-5.5950355553267554,2,5.5950355553267554,1,0,1,anti_homophones
5980,zha2,4,-4.25234255305582,1,4.25234255305582,1,0,10,anti_homophones
5981,yan3chUng1,10,-6.445755847752751,2,6.445755847752751,1,0,1,anti_homophones
5982,feng2zhang2zhi2fa2,18,-12.789133189773871,4,12.789133189773871,1,0,0,anti_homophones
5983,ju4lA2shI3zI4,13,-11.558743402894194,4,11.558743402894194,1,0,0,anti_homophones
5984,xM3gu3,6,-6.140954491196198,2,6.140954491196198,1,0,3,anti_homophones
5985,jK1che1,7,-6.134843862818278,2,6.134843862818278,1,0,1,anti_homophones
5986,yun4dA4,7,-5.337447308126311,2,5.337447308126311,1,0,5,anti_homophones
5987,zhi3ji1zhong4nu4,16,-11.686328509354764,4,11.686328509354764,1,0,0,anti_homophones
5988,dUn1a1,6,-7.402966247141471,2,7.402966247141471,1,0,0,anti_homophones
5989,ling4xLn4,9,-5.887068941316913,2,5.887068941316913,1,0,2,anti_homophones
5990,tong3lA2,8,-6.2491334079134955,2,6.2491334079134955,1,0,1,anti_homophones
5991,hE1ke4,6,-5.529053826619241,2,5.529053826619241,1,1,4,anti_homophones
5992,jC2dan3,7,-6.47393130666579,2,6.47393130666579,1,0,3,anti_homophones
5993,fen3ru3hA4,10,-10.299030826802873,3,10.299030826802873,1,0,0,anti_homophones
5994,ce4men2ji2gu4,13,-11.532233836392344,4,11.532233836392344,1,0,0,anti_homophones
5995,gI1qUn1lun2xLn1,15,-13.492231598437414,4,13.492231598437414,1,0,0,anti_homophones
5996,jK3jLn4zi5,10,-7.915747291876326,3,7.915747291876326,1,0,0,anti_homophones
5997,zhu1ran3,8,-6.385872219795999,2,6.385872219795999,1,0,0,anti_homophones
5998,bLn4yi3nan2se4,14,-11.12694863950736,4,11.12694863950736,1,0,0,anti_homophones
5999,da4yi3dLn3,10,-7.861288590099526,3,7.861288590099526,1,0,0,anti_homophones
6000,lv2,3,-4.377951129184728,1,4.377951129184728,1,0,9,anti_homophones
6001,qing2yi4shi4,12,-7.3298201349791245,3,7.3298201349791245,1,0,1,anti_homophones
6002,ti2qing3yi1lQ2,14,-12.083133882797814,4,12.083133882797814,1,0,0,anti_homophones
6003,zhi1tI1yUn4,11,-9.603968148850084,3,9.603968148850084,1,0,0,anti_homophones
6004,zhUn2zA3zO4,11,-9.215224318248538,3,9.215224318248538,1,0,0,anti_homophones
6005,hI4xin1,7,-5.617302351922276,2,5.617302351922276,1,0,5,anti_homophones
6006,han4xing4,9,-6.1531118848048765,2,6.1531118848048765,1,0,1,anti_homophones
6007,bQ4ding1,8,-6.245865745922599,2,6.245865745922599,1,0,2,anti_homophones
6008,zhu4feng3,9,-6.881774005673116,2,6.881774005673116,1,0,1,anti_homophones
6009,qu3ji2,6,-5.788401884863341,2,5.788401884863341,1,0,6,anti_homophones
6010,tang2gUn1zi5,12,-8.095424035180868,3,8.095424035180868,1,0,0,anti_homophones
6011,zhUn3shQ4leng4,14,-11.459438932162671,3,11.459438932162671,1,0,0,anti_homophones
6012,bQ4gen1,7,-6.681927782456382,2,6.681927782456382,1,0,1,anti_homophones
6013,chu1mA3,7,-7.311449428382199,2,7.311449428382199,1,0,0,anti_homophones
6014,lQ3li4,6,-5.212727712588793,2,5.212727712588793,1,0,11,anti_homophones
6015,feng1shi4,9,-5.170943959385296,2,5.170943959385296,1,0,5,anti_homophones
6016,yQ4kV3,6,-5.838679907810778,2,5.838679907810778,1,1,2,anti_homophones
6017,hong4ying4,10,-6.752543578661099,2,6.752543578661099,1,0,0,anti_homophones
6018,hO3ji1ji4,9,-7.857991420775449,3,7.857991420775449,1,0,0,anti_homophones
6019,zhi4cha1zi5,11,-7.955400714259707,3,7.955400714259707,1,0,0,anti_homophones
6020,ban1xLn4,8,-5.920812776605914,2,5.920812776605914,1,0,2,anti_homophones
6021,an1gan1jLng4,12,-9.19432257419161,3,9.19432257419161,1,0,0,anti_homophones
6022,tLn1ji1,7,-4.956812234069066,2,4.956812234069066,1,2,7,anti_homophones
6023,shV3xi4tan2,11,-8.384461810592045,3,8.384461810592045,1,0,0,anti_homophones
6024,an4hUn1zi4,10,-10.107088870086924,3,10.107088870086924,1,0,0,anti_homophones
6025,neng2shV3wu2mW4,15,-12.49775032770086,4,12.49775032770086,1,0,0,anti_homophones
6026,zhQ1pW4,7,-5.837203031402144,2,5.837203031402144,1,0,0,anti_homophones
6027,di4xC2,6,-5.319924185812575,2,5.319924185812575,1,0,6,anti_homophones
6028,yan3li4,7,-5.266850281011739,2,5.266850281011739,1,0,10,anti_homophones
6029,xLn4ting2,9,-6.489663901160154,2,6.489663901160154,1,0,2,anti_homophones
6030,reng1sa3,8,-8.73506637487815,2,8.73506637487815,1,0,0,anti_homophones
6031,chang2zhu4,10,-6.0412560187960045,2,6.0412560187960045,1,0,2,anti_homophones
6032,jL1meng1lv4,11,-8.304515596233992,3,8.304515596233992,1,0,0,anti_homophones
6033,jC2sA4,6,-5.086474315487383,2,5.086474315487383,1,1,3,anti_homophones
6034,yi1rV2lLn4,10,-9.524874061084724,3,9.524874061084724,1,0,0,anti_homophones
6035,wu3ci2ming1yUn2,15,-11.903368677103186,4,11.903368677103186,1,0,0,anti_homophones
6036,mu4ri4,6,-6.101956204748683,2,6.101956204748683,1,0,8,anti_homophones
6037,shen1zA4,8,-6.531449704207635,2,6.531449704207635,1,0,1,anti_homophones
6038,hU4fen1shen3jin1,16,-12.200944793098467,4,12.200944793098467,1,0,0,anti_homophones
6039,xLn2zhen1,9,-6.5088298555878845,2,6.5088298555878845,1,0,3,anti_homophones
6040,fen4fang2yang2,14,-9.089830300446051,3,9.089830300446051,1,0,0,anti_homophones
6041,zhen1chu1jing1xC2,17,-11.628465479710417,4,11.628465479710417,1,0,0,anti_homophones
6042,ji1yin2,7,-6.2727334022821015,2,6.2727334022821015,1,0,1,anti_homophones
6043,re4qin2hU4,10,-8.109349821026973,3,8.109349821026973,1,0,0,anti_homophones
6044,ya3zi5,6,-5.289890965439778,2,5.289890965439778,1,0,7,anti_homophones
6045,pQ4fa1cA4,9,-9.168597552019435,3,9.168597552019435,1,0,0,anti_homophones
6046,min3qu5,7,-8.152128836265309,2,8.152128836265309,1,0,0,anti_homophones
6047,gen1fa1,7,-6.263666561224237,2,6.263666561224237,1,0,0,anti_homophones
6048,shan3shi2cun2,13,-9.299366655485727,3,9.299366655485727,1,0,0,anti_homophones
6049,deng4,5,-3.678641323077106,1,3.678641323077106,1,0,14,anti_homophones
6050,yV2pW4,6,-4.9825152771963594,2,4.9825152771963594,1,2,3,anti_homophones
6051,hI2shQ1zi5,10,-8.469808773277204,3,8.469808773277204,1,0,0,anti_homophones
6052,feng2yu2,8,-5.9104995482722735,2,5.9104995482722735,1,0,0,anti_homophones
6053,xLng1fen4lE4,12,-9.83297235151702,3,9.83297235151702,1,0,0,anti_homophones
6054,yi2long1wE4yQ4,14,-11.457772856679558,4,11.457772856679558,1,0,0,anti_homophones
6055,zhV1ting1jLn4,13,-9.247678762364036,3,9.247678762364036,1,0,0,anti_homophones
6056,tLn1can1hO2zi5,14,-11.620467575980213,4,11.620467575980213,1,0,0,anti_homophones
6057,che1qUn1zang2,13,-10.549503562570663,3,10.549503562570663,1,0,0,anti_homophones
6058,dLn3dI1,7,-6.325528297545809,2,6.325528297545809,1,0,1,anti_homophones
6059,chan1ji4bu4zhen4,16,-11.494827689251924,4,11.494827689251924,1,0,0,anti_homophones
6060,gO4chQ1bQ3chun2,15,-13.03579415154528,4,13.03579415154528,1,0,0,anti_homophones
6061,shen3jC2,8,-6.791603187667158,2,6.791603187667158,1,0,1,anti_homophones
6062,shV4re4hU4,10,-7.843755555441129,3,7.843755555441129,1,0,0,anti_homophones
6063,zhi2ming4lUn4,13,-9.168846565152805,3,9.168846565152805,1,0,0,anti_homophones
6064,pu1ku4,6,-5.428693358264054,2,5.428693358264054,1,0,4,anti_homophones
6065,yong3,5,-3.881905664107399,1,3.881905664107399,1,0,12,anti_homophones
6066,xYng3zhi1,9,-6.858388194507789,2,6.858388194507789,1,0,1,anti_homophones
6067,bu4shi2,7,-4.815678026481837,2,4.815678026481837,1,1,7,anti_homophones
6068,xW1xUn3,7,-6.071196772512106,2,6.071196772512106,1,1,0,anti_homophones
6069,lO2jC2shU1,10,-9.905683447249727,3,9.905683447249727,1,0,0,anti_homophones
6070,shi4bo2,7,-5.591000511356562,2,5.591000511356562,1,0,2,anti_homophones
6071,zhang4dLn4,10,-5.992010897727332,2,5.992010897727332,1,0,2,anti_homophones
6072,tI4wu4,6,-5.0619857047811525,2,5.0619857047811525,1,0,1,anti_homophones
6073,tI1jLn3yong1,12,-9.007444016209641,3,9.007444016209641,1,0,0,anti_homophones
6074,chun3chan3,10,-7.752558591409366,2,7.752558591409366,1,0,0,anti_homophones
6075,bu4tM3nan2e1,12,-13.046363330950705,4,13.046363330950705,1,0,0,anti_homophones
6076,nv3shi1,7,-5.887902069125321,2,5.887902069125321,1,0,2,anti_homophones
6077,e4gu3,5,-5.2686306122327045,2,5.2686306122327045,1,0,3,anti_homophones
6078,shan3xK4,8,-6.873951132218788,2,6.873951132218788,1,0,0,anti_homophones
6079,gan3kQ3,7,-6.862163180087159,2,6.862163180087159,1,0,1,anti_homophones
6080,zhu3hU4wu2zI3,13,-10.830951333937419,4,10.830951333937419,1,0,0,anti_homophones
6081,la1li2,6,-5.839711831847261,2,5.839711831847261,1,0,4,anti_homophones
6082,zQ1jLn4ju1qu1,13,-12.485089999501653,4,12.485089999501653,1,0,0,anti_homophones
6083,dM1dQ4,6,-5.886876323607027,2,5.886876323607027,1,0,3,anti_homophones
6084,yV2qu3bi3,9,-9.11473698344513,3,9.11473698344513,1,0,0,anti_homophones
6085,bQ1zhang3,9,-6.0352375144773225,2,6.0352375144773225,1,0,1,anti_homophones
6086,song3,5,-4.083767837873335,1,4.083767837873335,1,0,11,anti_homophones
6087,jM1qW1zhi1zhe3,14,-10.699940152691724,4,10.699940152691724,1,0,0,anti_homophones
6088,wang3qM4,8,-7.491029352685278,2,7.491029352685278,1,0,1,anti_homophones
6089,kUng2yi3qLng2zhong4,19,-12.954989886477009,4,12.954989886477009,1,0,0,anti_homophones
6090,hen1zi5,7,-5.855024318898451,2,5.855024318898451,1,1,7,anti_homophones
6091,nA3chen1dA4sheng4,17,-12.814596323783526,4,12.814596323783526,1,0,0,anti_homophones
6092,tong4xC2shang3,14,-9.142868165038005,3,9.142868165038005,1,0,0,anti_homophones
6093,ling2qi3yong1,13,-9.080747972157857,3,9.080747972157857,1,0,0,anti_homophones
6094,xu3qi4,6,-5.8994015242835385,2,5.8994015242835385,1,1,5,anti_homophones
6095,fan1sA1,7,-7.584726620334445,2,7.584726620334445,1,0,0,anti_homophones
6096,shi5,4,-3.7787670062921794,1,3.7787670062921794,1,1,5,anti_homophones
6097,da3chen2,8,-5.804549204736003,2,5.804549204736003,1,1,0,anti_homophones
6098,ke4ben1,7,-6.7975663340673895,2,6.7975663340673895,1,0,0,anti_homophones
6099,pin3yV1,7,-7.56152037967134,2,7.56152037967134,1,0,0,anti_homophones
6100,su4xM3zi5,9,-7.685084239520955,3,7.685084239520955,1,0,0,anti_homophones
6101,lLng1mE4mi3,11,-10.376771701616171,3,10.376771701616171,1,0,0,anti_homophones
6102,dLn4dA4,7,-5.131915874126014,2,5.131915874126014,1,0,4,anti_homophones
6103,hong1kV3hE1yC1,14,-12.526247538353099,4,12.526247538353099,1,0,0,anti_homophones
6104,da3gong3,8,-5.740420816832251,2,5.740420816832251,1,0,2,anti_homophones
6105,di1ga1zi1,9,-9.791353339488175,3,9.791353339488175,1,0,0,anti_homophones
6106,neng1deng1yan2,14,-9.732291031252169,3,9.732291031252169,1,0,0,anti_homophones
6107,er4yUn2,7,-5.260082479734017,2,5.260082479734017,1,1,1,anti_homophones
6108,tV2shI3xLn4,11,-8.075367500598377,3,8.075367500598377,1,0,0,anti_homophones
6109,mLn3chUng1sheng1zhi4,20,-12.351950936964995,4,12.351950936964995,1,0,0,anti_homophones
6110,bu4jC2jL1,9,-6.968254417944391,3,6.968254417944391,1,0,0,anti_homophones
6111,na4xC4qi4,9,-8.622099408638205,3,8.622099408638205,1,0,0,anti_homophones
6112,fang1er2,8,-5.943425232000207,2,5.943425232000207,1,0,0,anti_homophones
6113,sheng1dQ4,9,-5.387606764217069,2,5.387606764217069,1,0,4,anti_homophones
6114,zhe2jK1,7,-6.971472846846684,2,6.971472846846684,1,0,0,anti_homophones
6115,deng1xun4,9,-6.53029060334936,2,6.53029060334936,1,0,2,anti_homophones
6116,zhUn2ban4,9,-6.269330860412349,2,6.269330860412349,1,0,0,anti_homophones
6117,ban1gang2,9,-6.89059725826317,2,6.89059725826317,1,0,0,anti_homophones
6118,shi1xing2,9,-5.625087091583319,2,5.625087091583319,1,0,8,anti_homophones
6119,ru2shP1zhu4mi4,14,-13.124387133794146,4,13.124387133794146,1,0,0,anti_homophones
6120,hun1shu4,8,-6.099132970911281,2,6.099132970911281,1,0,0,anti_homophones
6121,fan4zi5,7,-4.962013807955592,2,4.962013807955592,1,0,10,anti_homophones
6122,yu4lu4,6,-5.345120845606009,2,5.345120845606009,1,1,9,anti_homophones
6123,man3kA1pi5,10,-9.995930903436738,3,9.995930903436738,1,0,0,anti_homophones
6124,nA4li4,6,-5.357292015073161,2,5.357292015073161,1,0,6,anti_homophones
6125,wen1qUn1zhi4lM4,15,-12.232279892503671,4,12.232279892503671,1,0,0,anti_homophones
6126,qLn1ku4,7,-5.978227094112536,2,5.978227094112536,1,0,2,anti_homophones
6127,lun4qLng2xL4,12,-10.473918030103818,3,10.473918030103818,1,0,0,anti_homophones
6128,zong3dQ1zhQ4,12,-10.638832941948001,3,10.638832941948001,1,0,0,anti_homophones
6129,yUn2zu2,7,-5.887685449087846,2,5.887685449087846,1,0,3,anti_homophones
6130,zhQ4gUng2ren2,13,-8.888938484611575,3,8.888938484611575,1,0,0,anti_homophones
6131,cI1cu4yong1,11,-9.206747445371454,3,9.206747445371454,1,0,0,anti_homophones
6132,qing2jin1,9,-5.944750785465699,2,5.944750785465699,1,1,3,anti_homophones
6133,hun4ji4si1,10,-9.031563778506369,3,9.031563778506369,1,0,0,anti_homophones
6134,gan1jM1er2,10,-8.488290175983522,3,8.488290175983522,1,0,0,anti_homophones
6135,nK1,3,-4.573035685213692,1,4.573035685213692,1,0,7,anti_homophones
6136,fa1dang3jin4,12,-8.71486491950863,3,8.71486491950863,1,0,0,anti_homophones
6137,qLn3hu2lLng1shI3,16,-13.332305514256458,4,13.332305514256458,1,0,0,anti_homophones
6138,xK4xC2,6,-6.9985846656490445,2,6.9985846656490445,1,0,2,anti_homophones
6139,shU1sha4nLn2xi1,15,-12.984257058476555,4,12.984257058476555,1,0,0,anti_homophones
6140,re4chan2,8,-6.714322041539241,2,6.714322041539241,1,0,2,anti_homophones
6141,bu3zhe3,7,-5.880541320360413,2,5.880541320360413,1,0,4,anti_homophones
6142,jLn4bQ4,7,-5.658200626854376,2,5.658200626854376,1,0,2,anti_homophones
6143,ning1hO2,8,-7.146564951939091,2,7.146564951939091,1,0,0,anti_homophones
6144,fang3chu4min2,13,-9.689777239512582,3,9.689777239512582,1,0,0,anti_homophones
6145,re4bi4gU4,9,-10.096184406636809,3,10.096184406636809,1,0,0,anti_homophones
6146,gong2ni2,8,-7.397498112853324,2,7.397498112853324,1,0,1,anti_homophones
6147,shi1yi4,7,-5.2488864375256785,2,5.2488864375256785,1,0,10,anti_homophones
6148,zi4bQ4deng4jM4,14,-11.5727061314542,4,11.5727061314542,1,0,0,anti_homophones
6149,zV3mLn4,7,-5.916937792804212,2,5.916937792804212,1,0,1,anti_homophones
6150,he2zhen2,8,-6.024763716170699,2,6.024763716170699,1,0,2,anti_homophones
6151,fa1lE4,6,-5.349920805178065,2,5.349920805178065,1,0,5,anti_homophones
6152,pLn1shO1,8,-7.241190979753526,2,7.241190979753526,1,0,0,anti_homophones
6153,jing2gu1gI3,11,-9.435150777884935,3,9.435150777884935,1,0,0,anti_homophones
6154,han4xLng2,9,-6.813501090287013,2,6.813501090287013,1,0,0,anti_homophones
6155,qing4ji1hU4,11,-8.492044910848339,3,8.492044910848339,1,0,0,anti_homophones
6156,ke1xM4shi4,10,-8.713698944424982,3,8.713698944424982,1,0,0,anti_homophones
6157,wu2mu4,6,-5.094592387387353,2,5.094592387387353,1,0,8,anti_homophones
6158,fen4tV2,7,-5.5991840460576565,2,5.5991840460576565,1,0,2,anti_homophones
6159,cI1ling4tUn2,12,-10.6432866307064,3,10.6432866307064,1,0,0,anti_homophones
6160,dQ4xC2,6,-5.536073396064863,2,5.536073396064863,1,0,5,anti_homophones
6161,ji1ban3ji1shi4,14,-10.268617115103963,4,10.268617115103963,1,0,0,anti_homophones
6162,zi4jM4,6,-5.053915919120519,2,5.053915919120519,1,1,7,anti_homophones
6163,xun2bE4zhen3,12,-10.212472731553168,3,10.212472731553168,1,0,0,anti_homophones
6164,zhu3hUn2jLn4,12,-9.367853014599847,3,9.367853014599847,1,0,0,anti_homophones
6165,hE1bang4,8,-6.216576718900518,2,6.216576718900518,1,0,4,anti_homophones
6166,ti3bing2yi4,11,-9.388821593911155,3,9.388821593911155,1,0,0,anti_homophones
6167,shang3bo1wan3ban3,17,-12.669639277736579,4,12.669639277736579,1,0,0,anti_homophones
6168,qUn2tong4zhi4,13,-8.610987740414004,3,8.610987740414004,1,0,0,anti_homophones
6169,jM2ban1,7,-5.759722394198788,2,5.759722394198788,1,0,1,anti_homophones
6170,yUn2ji2,7,-5.5049733835955115,2,5.5049733835955115,1,1,1,anti_homophones
6171,gQ1qing1qu4,11,-9.015670458969849,3,9.015670458969849,1,0,0,anti_homophones
6172,jL3di4zu2,9,-8.353656552780537,3,8.353656552780537,1,0,0,anti_homophones
6173,zi4zi5,6,-4.549100686410489,2,4.549100686410489,1,2,11,anti_homophones
6174,he2li2ting4dan4,15,-11.339302020794994,4,11.339302020794994,1,0,0,anti_homophones
6175,qi2gUn3ni2ri4,13,-11.722686229901756,4,11.722686229901756,1,0,0,anti_homophones
6176,xL4gO4,6,-7.232013286584785,2,7.232013286584785,1,0,2,anti_homophones
6177,fan1yUn2chan4,13,-9.180339437318572,3,9.180339437318572,1,0,0,anti_homophones
6178,bQ4qM3mE4,9,-8.04028480988976,3,8.04028480988976,1,0,0,anti_homophones
6179,da4meng1rong1dLn3,17,-11.518489223230576,4,11.518489223230576,1,0,0,anti_homophones
6180,wen4hU4,7,-5.655863429375796,2,5.655863429375796,1,0,2,anti_homophones
6181,mo3fE4zhi1,10,-9.23138364130874,3,9.23138364130874,1,0,0,anti_homophones
6182,dI4de5,6,-6.435938081946723,2,6.435938081946723,1,1,1,anti_homophones
6183,shQ1bu4fa3xLng4,15,-10.974718711741554,4,10.974718711741554,1,0,0,anti_homophones
6184,di1jL3,6,-6.5796268507757025,2,6.5796268507757025,1,0,2,anti_homophones
6185,jW1wu4,6,-5.354055761294768,2,5.354055761294768,1,0,4,anti_homophones
6186,xLng4yan2,9,-5.811670855200424,2,5.811670855200424,1,0,3,anti_homophones
6187,hU4he2che1,10,-8.089869684637954,3,8.089869684637954,1,0,0,anti_homophones
6188,qi3ying4,8,-5.950196843220852,2,5.950196843220852,1,0,1,anti_homophones
6189,yi2lA2hV4,9,-9.0441891419421,3,9.0441891419421,1,0,0,anti_homophones
6190,gA3ji1,6,-5.4673175438909105,2,5.4673175438909105,1,1,6,anti_homophones
6191,fan4zhen2fu5,12,-10.139769112803831,3,10.139769112803831,1,0,0,anti_homophones
6192,ban3shan1,9,-6.722810952545269,2,6.722810952545269,1,0,0,anti_homophones
6193,xUn2zhi1,8,-6.055496158153126,2,6.055496158153126,1,0,1,anti_homophones
6194,zO4zhV4,7,-6.450378535802484,2,6.450378535802484,1,0,2,anti_homophones
6195,zV3ser4yang3du4,15,-14.604442991762935,4,14.604442991762935,1,0,0,anti_homophones
6196,sheng1ji4,9,-5.193226552921444,2,5.193226552921444,1,1,4,anti_homophones
6197,kong4xLn4,9,-5.980612585039299,2,5.980612585039299,1,1,3,anti_homophones
6198,ku3hU4,6,-5.483388202483673,2,5.483388202483673,1,0,2,anti_homophones
6199,dong4feng1wu3shi4,17,-11.615243408807212,4,11.615243408807212,1,0,0,anti_homophones
6200,yan3fang4,9,-5.998093510988965,2,5.998093510988965,1,0,4,anti_homophones
6201,chun2shu4,9,-6.473362975576359,2,6.473362975576359,1,0,0,anti_homophones
6202,yu2pu3,6,-6.058016606774142,2,6.058016606774142,1,0,1,anti_homophones
6203,shV3zu3zheng1xi4,16,-10.75406184131107,4,10.75406184131107,1,0,0,anti_homophones
6204,pA2zhi4,7,-5.82511875391872,2,5.82511875391872,1,1,1,anti_homophones
6205,yC4mW3sO3zi5,12,-13.038732215521303,4,13.038732215521303,1,0,0,anti_homophones
6206,da3dQ4,6,-5.042411829063791,2,5.042411829063791,1,0,9,anti_homophones
6207,yV3xing2ren2,12,-7.323860532470553,3,7.323860532470553,1,0,0,anti_homophones
6208,shQ1shen2,9,-6.207237439987292,2,6.207237439987292,1,0,3,anti_homophones
6209,shang4bu4an4,12,-7.617535953615043,3,7.617535953615043,1,0,0,anti_homophones
6210,la1yun2yi3fen3,14,-13.060654852339448,4,13.060654852339448,1,0,0,anti_homophones
6211,tu3bo1,6,-6.080482695366433,2,6.080482695366433,1,0,3,anti_homophones
6212,tI1qUn4,7,-6.259880966687696,2,6.259880966687696,1,0,2,anti_homophones
6213,shI3bLn4hU4,11,-7.48066834802493,3,7.48066834802493,1,0,0,anti_homophones
6214,yin3wu1,7,-6.574275471934903,2,6.574275471934903,1,0,1,anti_homophones
6215,cA1yan3bu4,10,-9.225527845525589,3,9.225527845525589,1,0,0,anti_homophones
6216,chQ1sheng1pi1chong1,19,-12.888230838560427,4,12.888230838560427,1,0,0,anti_homophones
6217,hQ3cA4ming2,11,-9.188832717271547,3,9.188832717271547,1,0,0,anti_homophones
6218,da4cA3ge2,9,-7.642653199785511,3,7.642653199785511,1,0,0,anti_homophones
6219,zhu4jin1A4,10,-8.122787256761473,3,8.122787256761473,1,0,0,anti_homophones
6220,dUn4lO4hU4,10,-8.147190108270456,3,8.147190108270456,1,0,0,anti_homophones
6221,lu4zhi1bo1sa3,13,-11.497884975063199,4,11.497884975063199,1,0,0,anti_homophones
6222,yQ4chan2she2,12,-10.581365349015073,3,10.581365349015073,1,0,0,anti_homophones
6223,xing4dang4,10,-6.231078871036432,2,6.231078871036432,1,0,3,anti_homophones
6224,qi4jL1,6,-5.977797437390866,2,5.977797437390866,1,0,3,anti_homophones
6225,she4jL4,7,-5.425647417164556,2,5.425647417164556,1,1,2,anti_homophones
6226,dLn3yQ4,7,-5.709523160639299,2,5.709523160639299,1,0,5,anti_homophones
6227,chV1shi2,8,-5.996822593282427,2,5.996822593282427,1,0,3,anti_homophones
6228,bi3ying3jin1,12,-9.948193871827092,3,9.948193871827092,1,0,0,anti_homophones
6229,lO2shen3,8,-6.835586665950586,2,6.835586665950586,1,0,0,anti_homophones
6230,xW1rO4,6,-6.227070939244929,2,6.227070939244929,1,0,0,anti_homophones
6231,ji4chUn2lu4,11,-9.029574690692879,3,9.029574690692879,1,0,0,anti_homophones
6232,zQ4ji2qu1,9,-8.476641265266387,3,8.476641265266387,1,0,0,anti_homophones
6233,hu2bu4zhu2,10,-8.668894606921832,3,8.668894606921832,1,0,0,anti_homophones
6234,shun3pu3,8,-7.717359347918877,2,7.717359347918877,1,0,0,anti_homophones
6235,zhUn4zi3qi1,11,-9.090660694137519,3,9.090660694137519,1,0,0,anti_homophones
6236,he2lv4,6,-5.343234783512135,2,5.343234783512135,1,0,6,anti_homophones
6237,gUn3qK2,7,-5.695127532850309,2,5.695127532850309,1,0,0,anti_homophones
6238,fE4jing1yUn2,12,-9.096300218518135,3,9.096300218518135,1,0,0,anti_homophones
6239,gong4wu4,8,-5.521325864186211,2,5.521325864186211,1,0,9,anti_homophones
6240,zQ4wA4,6,-6.44204730239984,2,6.44204730239984,1,0,1,anti_homophones
6241,zeng1yin4ting3dong4,19,-13.92870325301103,4,13.92870325301103,1,0,0,anti_homophones
6242,de5shU3,7,-7.600839820068081,2,7.600839820068081,1,0,0,anti_homophones
6243,jYng3,5,-5.221164810722689,1,5.221164810722689,1,0,3,anti_homophones
6244,xing4sheng2du2,14,-9.331938365831506,3,9.331938365831506,1,0,0,anti_homophones
6245,da3kang3tI3,11,-9.910493065018319,3,9.910493065018319,1,0,0,anti_homophones
6246,hu2lQ3,6,-6.771316446421865,2,6.771316446421865,1,0,1,anti_homophones
6247,gQ4chang4,9,-6.42393481117311,2,6.42393481117311,1,0,4,anti_homophones
6248,sI5,3,-6.525220393184123,1,6.525220393184123,1,0,2,anti_homophones
6249,jK3kV3,6,-6.1974674529702325,2,6.1974674529702325,1,0,2,anti_homophones
6250,jK3nLn4,7,-6.5358410239018285,2,6.5358410239018285,1,0,2,anti_homophones
6251,tan3gu3di3,10,-9.114613059175182,3,9.114613059175182,1,0,0,anti_homophones
6252,bQ2dong1,8,-6.084055613793389,2,6.084055613793389,1,0,1,anti_homophones
6253,dLn4tu2,7,-5.365175042452219,2,5.365175042452219,1,0,3,anti_homophones
6254,man4ma4ma1zI3,13,-11.768008832208078,4,11.768008832208078,1,0,0,anti_homophones
6255,pW1fE2dun4,10,-9.287290281318079,3,9.287290281318079,1,0,0,anti_homophones
6256,hu4yV2,6,-6.231316530926966,2,6.231316530926966,1,1,3,anti_homophones
6257,hu2tQ2fa3,9,-7.611942026683753,3,7.611942026683753,1,0,0,anti_homophones
6258,wan4men4,8,-7.263679735206421,2,7.263679735206421,1,0,1,anti_homophones
6259,la1shen3,8,-6.6921055470071815,2,6.6921055470071815,1,0,2,anti_homophones
6260,zhong4mLn4,10,-5.862435665724947,2,5.862435665724947,1,0,2,anti_homophones
6261,dLn4zhi3,8,-5.575898563887317,2,5.575898563887317,1,0,3,anti_homophones
6262,nv3se4,6,-5.160043571159466,2,5.160043571159466,1,0,1,anti_homophones
6263,nan4xin4,8,-6.574483972666626,2,6.574483972666626,1,0,1,anti_homophones
6264,kI4zI3pang2,11,-11.795381593956222,3,11.795381593956222,1,0,0,anti_homophones
6265,qi1cong1,8,-6.900913073777116,2,6.900913073777116,1,0,1,anti_homophones
6266,du2xLn4tA2,10,-8.408203912372462,3,8.408203912372462,1,0,0,anti_homophones
6267,tu3bing2li4,11,-8.521956358802463,3,8.521956358802463,1,0,0,anti_homophones
6268,di1yi4,6,-5.5072613536939,2,5.5072613536939,1,0,7,anti_homophones
6269,xK1xLng4,8,-5.289323582875818,2,5.289323582875818,1,1,5,anti_homophones
6270,pW1pA2xing1qing4,16,-11.61186886792745,4,11.61186886792745,1,0,0,anti_homophones
6271,pang4ku3xi4,11,-9.656014436927604,3,9.656014436927604,1,0,0,anti_homophones
6272,san3lin2hA4,11,-9.862228433067362,3,9.862228433067362,1,0,0,anti_homophones
6273,mA4tan4,7,-6.645167527472501,2,6.645167527472501,1,0,1,anti_homophones
6274,fa1sUn4dI4di3,13,-12.322406687179368,4,12.322406687179368,1,0,0,anti_homophones
6275,xM4shi4,7,-5.472439186615706,2,5.472439186615706,1,0,4,anti_homophones
6276,shu1tu2,7,-5.866345899812577,2,5.866345899812577,1,0,4,anti_homophones
6277,shan1tLn1,9,-6.149112004543304,2,6.149112004543304,1,0,1,anti_homophones
6278,shi3xing4,9,-5.948001487473266,2,5.948001487473266,1,0,4,anti_homophones
6279,pen1,4,-3.8798449571674194,1,3.8798449571674194,1,0,9,anti_homophones
6280,xi4tUn2zhong2,13,-8.98774047843159,3,8.98774047843159,1,0,0,anti_homophones
6281,ru4yu4sheng1can1,16,-12.031163031957245,4,12.031163031957245,1,0,0,anti_homophones
6282,cu4shi4dQ4,10,-8.28872019201297,3,8.28872019201297,1,0,0,anti_homophones
6283,sI2sun3sha3yQ1,14,-14.117528594270137,4,14.117528594270137,1,0,0,anti_homophones
6284,di3gan3,7,-6.160725883700281,2,6.160725883700281,1,0,2,anti_homophones
6285,cheng1yin1feng4,15,-9.051318807623739,3,9.051318807623739,1,0,0,anti_homophones
6286,jL4gV4,6,-6.512138675355235,2,6.512138675355235,1,0,0,anti_homophones
6287,ban3bQ4,7,-6.221978208601486,2,6.221978208601486,1,0,0,anti_homophones
6288,dong1zi5,8,-5.330890562509435,2,5.330890562509435,1,1,5,anti_homophones
6289,ji1sUn4shi4xing3,16,-11.572530384181945,4,11.572530384181945,1,0,0,anti_homophones
6290,tang1tan4,9,-6.798989638123599,2,6.798989638123599,1,0,1,anti_homophones
6291,pA2zheng1chen4,14,-9.642935080875844,3,9.642935080875844,1,0,0,anti_homophones
6292,yin2jin4,8,-6.083038251395254,2,6.083038251395254,1,1,2,anti_homophones
6293,zi4zu3,6,-5.523818952397217,2,5.523818952397217,1,0,6,anti_homophones
6294,da4jLn4sUn1zheng1,17,-10.925883818101983,4,10.925883818101983,1,0,0,anti_homophones
6295,zang2lV2,8,-7.209547488695938,2,7.209547488695938,1,0,0,anti_homophones
6296,pE4zhQ4,7,-6.791660471633224,2,6.791660471633224,1,0,0,anti_homophones
6297,lQ2gan3can1chong1,17,-12.264777418950091,4,12.264777418950091,1,0,0,anti_homophones
6298,zhun4yi1dI4xing4,16,-12.450425644683717,4,12.450425644683717,1,0,0,anti_homophones
6299,xC4kV3,6,-5.502796270196639,2,5.502796270196639,1,1,3,anti_homophones
6300,ya3,3,-3.7608195062855994,1,3.7608195062855994,1,1,20,anti_homophones
6301,chi4xu4fu4,10,-10.008833625131453,3,10.008833625131453,1,0,0,anti_homophones
6302,wu3nong2ying4,13,-10.03321775287253,3,10.03321775287253,1,0,0,anti_homophones
6303,zI3pQ3lun4gO2,13,-13.30793180512166,4,13.30793180512166,1,0,0,anti_homophones
6304,qM1,3,-4.369644205793011,1,4.369644205793011,1,0,13,anti_homophones
6305,long4,5,-3.918520596032058,1,3.918520596032058,1,0,18,anti_homophones
6306,ti3xLng4xi4,11,-9.207974604031696,3,9.207974604031696,1,0,0,anti_homophones
6307,lu2she4ding2w3,14,-15.808421800738877,3,15.808421800738877,1,0,0,anti_homophones
6308,chi3zhi4li4xLng3,16,-11.637850062079277,4,11.637850062079277,1,0,0,anti_homophones
6309,lLng3han4hU4,12,-9.0799890626803,3,9.0799890626803,1,0,0,anti_homophones
6310,bu3yi4,6,-5.048538552179289,2,5.048538552179289,1,1,10,anti_homophones
6311,qin1jL4,7,-5.723344953864789,2,5.723344953864789,1,0,3,anti_homophones
6312,zI4wE4se4,9,-8.596088626785859,3,8.596088626785859,1,0,0,anti_homophones
6313,shI3cA3,7,-6.166168293315462,2,6.166168293315462,1,0,0,anti_homophones
6314,dW1bi4yan2yu3,13,-11.422235378314518,4,11.422235378314518,1,0,0,anti_homophones
6315,zhu1tA4hV2,10,-11.357914795374262,3,11.357914795374262,1,0,0,anti_homophones
6316,ya1ji4wu3hUn2,13,-12.101469446977829,4,12.101469446977829,1,0,0,anti_homophones
6317,sha1zQ3,7,-5.898850463541392,2,5.898850463541392,1,0,4,anti_homophones
6318,jLn1jLng5,9,-7.591372170955392,2,7.591372170955392,1,0,0,anti_homophones
6319,shan4zhan4,10,-6.274864357587752,2,6.274864357587752,1,0,0,anti_homophones
6320,fE4li4,6,-5.852253559653758,2,5.852253559653758,1,0,5,anti_homophones
6321,mQ2ke3xing1,11,-8.21173243111267,3,8.21173243111267,1,0,0,anti_homophones
6322,da4hA3,6,-5.066769961757537,2,5.066769961757537,1,0,3,anti_homophones
6323,yi4he2,6,-5.809775930401059,2,5.809775930401059,1,0,6,anti_homophones
6324,xing2shV4,9,-6.107199064495054,2,6.107199064495054,1,0,2,anti_homophones
6325,wA3,3,-5.2815992268135155,1,5.2815992268135155,1,0,13,anti_homophones
6326,fang1zO4tan1xin4,16,-11.800179398871602,4,11.800179398871602,1,0,0,anti_homophones
6327,a1an1,5,-5.75988924540953,2,5.75988924540953,1,0,3,anti_homophones
6328,jW4yang2,8,-5.802919119641598,2,5.802919119641598,1,0,1,anti_homophones
6329,rV4yUn2,7,-6.0725899320335275,2,6.0725899320335275,1,0,1,anti_homophones
6330,shQ1bing1,9,-6.3358216355775365,2,6.3358216355775365,1,0,0,anti_homophones
6331,pu3tong3bLn4,12,-9.081785960291098,3,9.081785960291098,1,0,0,anti_homophones
6332,kA1tV2,6,-5.330966088547909,2,5.330966088547909,1,1,0,anti_homophones
6333,hUn2hI1,7,-6.768569362665912,2,6.768569362665912,1,0,1,anti_homophones
6334,feng4fE4,8,-6.020574545393681,2,6.020574545393681,1,0,1,anti_homophones
6335,ha1shan4,8,-7.126356053557148,2,7.126356053557148,1,0,2,anti_homophones
6336,qM4shQ1,7,-7.495196389399271,2,7.495196389399271,1,0,0,anti_homophones
6337,da3jK3ju1wE3,12,-11.42573151333256,4,11.42573151333256,1,0,0,anti_homophones
6338,shQ1tV2bLn3,11,-10.48626796359134,3,10.48626796359134,1,0,0,anti_homophones
6339,jK3zhi4,7,-5.66343612820229,2,5.66343612820229,1,0,1,anti_homophones
6340,jM3da4jLn1lv4,13,-11.902352592261273,4,11.902352592261273,1,0,0,anti_homophones
6341,pi3hI4,6,-6.037871121911078,2,6.037871121911078,1,0,6,anti_homophones
6342,er4feng3,8,-6.463249654561358,2,6.463249654561358,1,0,0,anti_homophones
6343,gUn1dI1meng1li5,15,-12.819909294417744,4,12.819909294417744,1,0,0,anti_homophones
6344,qi2he2dUn4,10,-8.476468794818066,3,8.476468794818066,1,0,0,anti_homophones
6345,fen3nan2er5,11,-8.673047445245553,3,8.673047445245553,1,0,0,anti_homophones
6346,shUng2ye4,9,-6.540942763255672,2,6.540942763255672,1,0,1,anti_homophones
6347,pu1gA3,6,-7.056472165127974,2,7.056472165127974,1,0,1,anti_homophones
6348,mo4dLn4jing2,12,-8.73114760409348,3,8.73114760409348,1,0,0,anti_homophones
6349,xW3nQ3,6,-5.236580607862636,2,5.236580607862636,1,0,3,anti_homophones
6350,yi4lM4,6,-5.60450119895352,2,5.60450119895352,1,0,8,anti_homophones
6351,zun1ya3,7,-7.279921956983896,2,7.279921956983896,1,0,0,anti_homophones
6352,da4kV3,6,-4.953954648174854,2,4.953954648174854,1,0,3,anti_homophones
6353,qi3bu4wen2,10,-7.6953406106679605,3,7.6953406106679605,1,0,0,anti_homophones
6354,mA4ye3,6,-6.682627603456715,2,6.682627603456715,1,0,1,anti_homophones
6355,kong2shi2,9,-6.030927117742802,2,6.030927117742802,1,0,4,anti_homophones
6356,long4zhong2jM2qLng2,19,-14.002598441351957,4,14.002598441351957,1,0,0,anti_homophones
6357,ku3mu4,6,-5.499675466736825,2,5.499675466736825,1,0,3,anti_homophones
6358,zhun4zhUn4,10,-7.6048910999461174,2,7.6048910999461174,1,0,0,anti_homophones
6359,yu4mi2rong4ren2,15,-12.197137546759082,4,12.197137546759082,1,0,0,anti_homophones
6360,lLn2yUn4,8,-5.737818582778582,2,5.737818582778582,1,0,2,anti_homophones
6361,yQ4zhi4,7,-5.687823118351017,2,5.687823118351017,1,1,6,anti_homophones
6362,shang4zhi3,10,-5.985412000232169,2,5.985412000232169,1,0,2,anti_homophones
6363,pu1gu3,6,-6.108517838828516,2,6.108517838828516,1,0,4,anti_homophones
6364,ye4zhi3shan3zi5,15,-11.576238095842937,4,11.576238095842937,1,0,0,anti_homophones
6365,hUng1ying4qUn2,14,-8.78502282165973,3,8.78502282165973,1,0,0,anti_homophones
6366,mV1,3,-4.554035554521339,1,4.554035554521339,1,0,9,anti_homophones
6367,qK2zA3,6,-5.656151506819853,2,5.656151506819853,1,0,1,anti_homophones
6368,shi4jing2,9,-5.4868495637917665,2,5.4868495637917665,1,0,5,anti_homophones
6369,jM1min3,7,-6.619227365102341,2,6.619227365102341,1,0,1,anti_homophones
6370,ang2,4,-4.449923824792838,1,4.449923824792838,1,0,16,anti_homophones
6371,shV3bE4,7,-4.9956481157891846,2,4.9956481157891846,1,1,4,anti_homophones
6372,qUn4tu2sheng1su4,16,-11.7359678261563,4,11.7359678261563,1,0,0,anti_homophones
6373,shi2zhO1jK3,11,-8.89219012689635,3,8.89219012689635,1,0,0,anti_homophones
6374,jLng4li4jLn1dQ1,15,-11.496573181303264,4,11.496573181303264,1,0,0,anti_homophones
6375,tO1jW3xing2tQ2,14,-11.666135361077295,4,11.666135361077295,1,0,0,anti_homophones
6376,tW2jM2,6,-5.190727751949173,2,5.190727751949173,1,0,1,anti_homophones
6377,zhi2jL1,7,-5.344791036991526,2,5.344791036991526,1,1,2,anti_homophones
6378,fu2hUn1qM4hU4,13,-12.439896472430586,4,12.439896472430586,1,0,0,anti_homophones
6379,chu3bQ4,7,-6.062438195202902,2,6.062438195202902,1,0,3,anti_homophones
6380,cang2shI3lun4,13,-9.619135713610737,3,9.619135713610737,1,0,0,anti_homophones
6381,yi1lO4,6,-4.955820391170814,2,4.955820391170814,1,1,10,anti_homophones
6382,zu1xLng4,8,-6.665399947768386,2,6.665399947768386,1,0,2,anti_homophones
6383,fang1gUn1dO2,12,-9.49899533314146,3,9.49899533314146,1,0,0,anti_homophones
6384,lE1jLn3,7,-8.451761690484423,2,8.451761690484423,1,0,1,anti_homophones
6385,hA4,3,-3.799853085316749,1,3.799853085316749,1,0,24,anti_homophones
6386,ji4bi4lu2,9,-9.387178924058258,3,9.387178924058258,1,0,0,anti_homophones
6387,si4shi2zhong1,13,-8.442901348433717,3,8.442901348433717,1,0,0,anti_homophones
6388,mo4jing2ji4,11,-8.35202739814432,3,8.35202739814432,1,0,0,anti_homophones
6389,ji2dO2,6,-6.195617398653342,2,6.195617398653342,1,0,0,anti_homophones
6390,mi4tu2,6,-5.553544526508995,2,5.553544526508995,1,0,3,anti_homophones
6391,rV4zI4zi5,9,-8.050651698023987,3,8.050651698023987,1,0,0,anti_homophones
6392,yang4tu2gen1,12,-9.777232216003032,3,9.777232216003032,1,0,0,anti_homophones
6393,yong1yan2sA1,12,-10.050355013460996,3,10.050355013460996,1,0,0,anti_homophones
6394,qLn2xL4,7,-5.747926379159802,2,5.747926379159802,1,0,3,anti_homophones
6395,fan3shi3,8,-6.082359580970335,2,6.082359580970335,1,0,2,anti_homophones
6396,yQ4fE2,6,-6.818956540906855,2,6.818956540906855,1,0,1,anti_homophones
6397,gUng2nE4dong4,13,-10.172208175135818,3,10.172208175135818,1,0,0,anti_homophones
6398,rV4shu1xu3,10,-9.590900477651074,3,9.590900477651074,1,0,0,anti_homophones
6399,pA2fa5lM1,9,-9.212385931262766,3,9.212385931262766,1,0,0,anti_homophones
6400,jL1zi4sha1,10,-8.776045611469144,3,8.776045611469144,1,0,0,anti_homophones
6401,po4jM4fE4,9,-8.35369249839318,3,8.35369249839318,1,0,0,anti_homophones
6402,xing1qi2zQ4,11,-9.077189959723958,3,9.077189959723958,1,0,0,anti_homophones
6403,xW3xLng1shQ4,12,-8.875830883225273,3,8.875830883225273,1,0,0,anti_homophones
6404,zhQ1he2tV2xu4,13,-10.906836743640898,4,10.906836743640898,1,0,0,anti_homophones
6405,chi2ji1ta3,10,-9.548053530125939,3,9.548053530125939,1,0,0,anti_homophones
6406,la3,3,-4.692032079508766,1,4.692032079508766,1,0,19,anti_homophones
6407,na4si4,6,-6.693983348545398,2,6.693983348545398,1,0,3,anti_homophones
6408,tQ4zhi2le4,10,-9.498103756341807,3,9.498103756341807,1,0,0,anti_homophones
6409,ying4shu4,9,-5.907414466148346,2,5.907414466148346,1,0,6,anti_homophones
6410,tI1chen4qu1,11,-9.117478760941694,3,9.117478760941694,1,0,0,anti_homophones
6411,xW1ben3,7,-6.55426468855416,2,6.55426468855416,1,0,1,anti_homophones
6412,xi1kong4,8,-5.9275632584033975,2,5.9275632584033975,1,0,3,anti_homophones
6413,bi4kan4,7,-6.177371082441662,2,6.177371082441662,1,0,3,anti_homophones
6414,dLn3lLn4zhang1bu3,17,-13.124175439291871,4,13.124175439291871,1,0,0,anti_homophones
6415,yi1yi2,6,-5.545435267984037,2,5.545435267984037,1,1,9,anti_homophones
6416,tang4jL1,8,-6.267924500738975,2,6.267924500738975,1,0,3,anti_homophones
6417,gu4gO2,6,-6.324744830528129,2,6.324744830528129,1,0,5,anti_homophones
6418,shUng1qUn1,10,-7.433740076703933,2,7.433740076703933,1,0,0,anti_homophones
6419,wu1mu4,6,-5.743923771882469,2,5.743923771882469,1,0,8,anti_homophones
6420,wE4shan1,8,-6.486417395752692,2,6.486417395752692,1,0,0,anti_homophones
6421,cu4yan2wu4,10,-8.812655209657319,3,8.812655209657319,1,0,0,anti_homophones
6422,nW4shP4xC2xin4,14,-11.846631407251072,4,11.846631407251072,1,0,0,anti_homophones
6423,jW4zong2,8,-6.342681279272918,2,6.342681279272918,1,0,0,anti_homophones
6424,gun4zhu3,8,-6.924717845771579,2,6.924717845771579,1,0,0,anti_homophones
6425,fu4lE4,6,-5.893413298189837,2,5.893413298189837,1,0,7,anti_homophones
6426,feng4shi4,9,-5.4920675848162155,2,5.4920675848162155,1,0,4,anti_homophones
6427,da3cA4,6,-5.581139058223669,2,5.581139058223669,1,0,6,anti_homophones
6428,hA3shang1zhan2,14,-9.763325368003343,3,9.763325368003343,1,0,0,anti_homophones
6429,yi1ya2,6,-5.559343419650073,2,5.559343419650073,1,0,7,anti_homophones
6430,nE4pA2ta3dan4,13,-14.99284028713093,4,14.99284028713093,1,0,0,anti_homophones
6431,shP1di3,7,-7.280134231702189,2,7.280134231702189,1,0,0,anti_homophones
6432,ya3ba3yan3,10,-9.452678535903116,3,9.452678535903116,1,0,0,anti_homophones
6433,min3shi4,8,-6.07275898850782,2,6.07275898850782,1,0,1,anti_homophones
6434,jin4tu2,7,-5.414227258047096,2,5.414227258047096,1,0,2,anti_homophones
6435,fen1zhe4shV3,12,-9.577804566405575,3,9.577804566405575,1,0,0,anti_homophones
6436,mi4ping1jing2nan4,17,-14.327680771666323,4,14.327680771666323,1,0,0,anti_homophones
6437,la1xM4,6,-6.361645638217476,2,6.361645638217476,1,0,3,anti_homophones
6438,qLn1pin3shV3,12,-8.641473633505694,3,8.641473633505694,1,0,0,anti_homophones
6439,ma2,3,-3.7040732577528392,1,3.7040732577528392,1,0,17,anti_homophones
6440,zeng1yan3,9,-6.520080400480059,2,6.520080400480059,1,0,1,anti_homophones
6441,jin1fen1,8,-6.024448747858286,2,6.024448747858286,1,0,1,anti_homophones
6442,yV2le4,6,-5.145758464363226,2,5.145758464363226,1,1,6,anti_homophones
6443,sO3ba4,6,-6.910398403717509,2,6.910398403717509,1,0,1,anti_homophones
6444,chang3ye4,9,-5.885617567469751,2,5.885617567469751,1,0,2,anti_homophones
6445,ping2jL4,8,-5.998757495500206,2,5.998757495500206,1,0,3,anti_homophones
6446,qUn2gUng1,9,-6.298407110215759,2,6.298407110215759,1,0,0,anti_homophones
6447,lQ3lW4,6,-5.576168584912188,2,5.576168584912188,1,0,9,anti_homophones
6448,zhen1qYng2xW4,13,-9.46052867544141,3,9.46052867544141,1,0,0,anti_homophones
6449,zhU1shV3,8,-6.395386652401404,2,6.395386652401404,1,0,4,anti_homophones
6450,ti1,3,-3.7759297906679103,1,3.7759297906679103,1,0,20,anti_homophones
6451,ji2tV4qing4,11,-10.360228288010825,3,10.360228288010825,1,0,0,anti_homophones
6452,yi3zhi3hI2fo2,13,-12.136670613994504,4,12.136670613994504,1,0,0,anti_homophones
6453,dLn3dang2du2,12,-9.318892652478038,3,9.318892652478038,1,0,0,anti_homophones
6454,shi4ping1shi2,13,-8.02858334844576,3,8.02858334844576,1,0,0,anti_homophones
6455,tO1sang2dQ1,11,-10.425347987017236,3,10.425347987017236,1,0,0,anti_homophones
6456,chen1san1pLn4zhan4,18,-13.324475943148581,4,13.324475943148581,1,0,0,anti_homophones
6457,peng1can1dong1,14,-9.79937618534104,3,9.79937618534104,1,0,0,anti_homophones
6458,kA1lu4zA4zO4,12,-11.11081868257318,4,11.11081868257318,1,0,0,anti_homophones
6459,zong3shI3,9,-6.64150868272784,2,6.64150868272784,1,0,1,anti_homophones
6460,dang4ti3,8,-6.144251614704779,2,6.144251614704779,1,0,2,anti_homophones
6461,hO3ku4che1hI4,13,-11.355706657190087,4,11.355706657190087,1,0,0,anti_homophones
6462,ka1fE4,6,-4.499501962964928,2,4.499501962964928,1,2,5,anti_homophones
6463,chong2jL4,9,-6.197600119802962,2,6.197600119802962,1,0,3,anti_homophones
6464,jK4xi2tu2,9,-9.23964552242925,3,9.23964552242925,1,0,0,anti_homophones
6465,po4sI2yi4,9,-7.73989548211642,3,7.73989548211642,1,0,0,anti_homophones
6466,pW1yV3,6,-5.71882658375082,2,5.71882658375082,1,0,1,anti_homophones
6467,shang1yan2,10,-6.094590183926625,2,6.094590183926625,1,0,1,anti_homophones
6468,peng4,5,-3.873274546756665,1,3.873274546756665,1,0,14,anti_homophones
6469,ma3hO3,6,-6.1848844075019915,2,6.1848844075019915,1,0,0,anti_homophones
6470,lQ3qLng3zhu3,12,-9.800418970465042,3,9.800418970465042,1,0,0,anti_homophones
6471,zhu3gI4,7,-6.505195229390642,2,6.505195229390642,1,0,0,anti_homophones
6472,dUn4xing3dQ3,12,-9.12072390228922,3,9.12072390228922,1,0,0,anti_homophones
6473,qLng1jM3,8,-6.625808882218427,2,6.625808882218427,1,0,2,anti_homophones
6474,mu4tan2,7,-6.477873005334682,2,6.477873005334682,1,0,0,anti_homophones
6475,hU1sheng1,9,-5.4724500188752865,2,5.4724500188752865,1,0,2,anti_homophones
6476,jL3shi3,7,-5.920444831082269,2,5.920444831082269,1,0,5,anti_homophones
6477,xLng4wE2,8,-6.179880296134444,2,6.179880296134444,1,0,1,anti_homophones
6478,shV3tLn1,8,-6.8627359261725145,2,6.8627359261725145,1,0,2,anti_homophones
6479,nQ3chI2jW4,10,-9.769785533190309,3,9.769785533190309,1,0,0,anti_homophones
6480,ti2bQ4jing3ji2,14,-11.744707638906725,4,11.744707638906725,1,0,0,anti_homophones
6481,yQ4gQ4lu4,9,-8.175967788859726,3,8.175967788859726,1,0,0,anti_homophones
6482,bQ4an2,6,-7.30400813826368,2,7.30400813826368,1,0,0,anti_homophones
6483,gI4fu4zhi3xing3,15,-11.231395307724345,4,11.231395307724345,1,0,0,anti_homophones
6484,qi3bing3zhan1qUn2,17,-12.355702132705,4,12.355702132705,1,0,0,anti_homophones
6485,sI2xing3dA4,11,-8.770850394502437,3,8.770850394502437,1,0,0,anti_homophones
6486,shan3chu1gUn3,13,-9.105303579894665,3,9.105303579894665,1,0,0,anti_homophones
6487,yang2ji1,8,-5.697863544501684,2,5.697863544501684,1,1,6,anti_homophones
6488,pLn4zV4,7,-7.060672970321133,2,7.060672970321133,1,0,1,anti_homophones
6489,yang4ju2,8,-6.077773025748914,2,6.077773025748914,1,0,2,anti_homophones
6490,mA4hI4,6,-5.713708500069647,2,5.713708500069647,1,0,3,anti_homophones
6491,cV4,3,-4.20608620492301,1,4.20608620492301,1,1,17,anti_homophones
6492,nLng1bW3,8,-7.475209907548988,2,7.475209907548988,1,0,0,anti_homophones
6493,cun2,4,-3.582525622741931,1,3.582525622741931,1,1,10,anti_homophones
6494,yi2xYng3,8,-6.864395574283178,2,6.864395574283178,1,0,0,anti_homophones
6495,po4ge1ya2,9,-9.194937751652763,3,9.194937751652763,1,0,0,anti_homophones
6496,nLng2yi2hen3,12,-11.998767507973339,3,11.998767507973339,1,0,0,anti_homophones
6497,dun4tUn2cA4,11,-10.28254596257404,3,10.28254596257404,1,0,0,anti_homophones
6498,yQ3,3,-4.360777994836737,1,4.360777994836737,1,0,21,anti_homophones
6499,pu1zhi3yi4,10,-8.210687524332418,3,8.210687524332418,1,0,0,anti_homophones
6500,dLn4bi3lQ1,10,-9.567292077178804,3,9.567292077178804,1,0,0,anti_homophones
6501,nA3zu3,6,-6.612160338035251,2,6.612160338035251,1,0,2,anti_homophones
6502,ji3dLn4,7,-5.66731198973779,2,5.66731198973779,1,0,6,anti_homophones
6503,can2she4,8,-6.47558487883002,2,6.47558487883002,1,0,1,anti_homophones
6504,bLn1da3lun2,11,-9.745339293297516,3,9.745339293297516,1,0,0,anti_homophones
6505,han3tV2,7,-6.36184068788556,2,6.36184068788556,1,0,2,anti_homophones
6506,dA4ren2yV1yan4,14,-11.570982466514863,4,11.570982466514863,1,0,0,anti_homophones
6507,la4zi5,6,-5.541365389169059,2,5.541365389169059,1,0,6,anti_homophones
6508,qing4ji4,8,-5.583542530453093,2,5.583542530453093,1,0,3,anti_homophones
6509,peng2shI4,9,-7.0498937056755135,2,7.0498937056755135,1,0,0,anti_homophones
6510,ru2,3,-3.737372912711271,1,3.737372912711271,1,0,16,anti_homophones
6511,du2zhi4xin4qi4,14,-10.391480775864329,4,10.391480775864329,1,0,0,anti_homophones
6512,A4fo2mo2,8,-8.479188278579741,3,8.479188278579741,1,0,0,anti_homophones
6513,dO1neng1wu4song1,16,-12.038107440042468,4,12.038107440042468,1,0,0,anti_homophones
6514,mu4mo4wu2ben3,13,-10.944402895827938,4,10.944402895827938,1,0,0,anti_homophones
6515,ru2fang4pu4,11,-9.505809978257444,3,9.505809978257444,1,0,0,anti_homophones
6516,tO4qin2fan2zhen4,16,-13.606071833448803,4,13.606071833448803,1,0,0,anti_homophones
6517,ji1xing4yi4,11,-7.75139432657498,3,7.75139432657498,1,0,0,anti_homophones
6518,zV3hong4gong4,13,-9.389141141017655,3,9.389141141017655,1,0,0,anti_homophones
6519,gen1lv4,7,-6.656555568566829,2,6.656555568566829,1,0,1,anti_homophones
6520,fan4shu4,8,-5.64200191809114,2,5.64200191809114,1,1,2,anti_homophones
6521,wE1shi4xLn4,11,-8.168867224308663,3,8.168867224308663,1,0,0,anti_homophones
6522,kA1fu4zhang4yV2,15,-11.353506745419551,4,11.353506745419551,1,0,0,anti_homophones
6523,shen1yUn2,9,-5.505969420367185,2,5.505969420367185,1,0,5,anti_homophones
6524,gu3di2,6,-5.662827626037451,2,5.662827626037451,1,1,1,anti_homophones
6525,fang1chQ1bW3xUn2,16,-12.856393144731124,4,12.856393144731124,1,0,0,anti_homophones
6526,ju4pan4,7,-6.404088221834316,2,6.404088221834316,1,0,0,anti_homophones
6527,shang5hU1,9,-8.003955619677258,2,8.003955619677258,1,0,1,anti_homophones
6528,jK4jing4,8,-5.559255598232229,2,5.559255598232229,1,1,4,anti_homophones
6529,lan2ren2,8,-5.84328382094371,2,5.84328382094371,1,0,3,anti_homophones
6530,cI3cheng3wo4,12,-10.649584156570558,3,10.649584156570558,1,0,0,anti_homophones
6531,zhi3keng5,9,-8.678470330204936,2,8.678470330204936,1,0,0,anti_homophones
6532,hong2xLn4,9,-6.1607150048503465,2,6.1607150048503465,1,0,3,anti_homophones
6533,da4bA2fan2,10,-7.862372844519202,3,7.862372844519202,1,0,1,anti_homophones
6534,wo4zA4er3,9,-8.999557086474894,3,8.999557086474894,1,0,0,anti_homophones
6535,yun3nLn4,8,-7.692665740370011,2,7.692665740370011,1,0,0,anti_homophones
6536,she4hu4,7,-5.389936694220747,2,5.389936694220747,1,1,7,anti_homophones
6537,ren4dang2,9,-7.009102961594016,2,7.009102961594016,1,0,0,anti_homophones
6538,bE1xLng4ya1,11,-9.190915617340659,3,9.190915617340659,1,0,0,anti_homophones
6539,di1yUn4,7,-6.1071915587974885,2,6.1071915587974885,1,1,1,anti_homophones
6540,wan4zhong2,10,-6.596838655178009,2,6.596838655178009,1,0,2,anti_homophones
6541,jL5hang2ban4,12,-10.656533474925414,3,10.656533474925414,1,0,0,anti_homophones
6542,qi2mo2,6,-6.2518939401761475,2,6.2518939401761475,1,0,2,anti_homophones
6543,qLn1dUn4,8,-6.064168656701087,2,6.064168656701087,1,0,0,anti_homophones
6544,bu4zhi3,7,-5.178297144835173,2,5.178297144835173,1,0,6,anti_homophones
6545,fen1ye4,7,-5.520474135659519,2,5.520474135659519,1,1,7,anti_homophones
6546,hU1lK2,6,-5.683141297432707,2,5.683141297432707,1,0,3,anti_homophones
6547,jun1bi4,7,-6.12519301648838,2,6.12519301648838,1,0,2,anti_homophones
6548,wo3dA4,6,-5.332072156688652,2,5.332072156688652,1,0,1,anti_homophones
6549,dang3li4,8,-5.858618796675713,2,5.858618796675713,1,1,3,anti_homophones
6550,yi1jLng3,8,-5.958493643247465,2,5.958493643247465,1,0,1,anti_homophones
6551,zhang3jin4ji4nLn2,17,-10.658241026654466,4,10.658241026654466,1,0,0,anti_homophones
6552,heng2rong4tV2,13,-9.784381052630726,3,9.784381052630726,1,0,0,anti_homophones
6553,ya3zi5yUn2,10,-9.639772379607647,3,9.639772379607647,1,0,0,anti_homophones
6554,hun4chUn1,9,-7.327827659529626,2,7.327827659529626,1,0,0,anti_homophones
6555,ba3shang4wE4,12,-9.12954769974736,3,9.12954769974736,1,0,0,anti_homophones
6556,hong2tA2,8,-6.387204460128917,2,6.387204460128917,1,0,2,anti_homophones
6557,ha1yC4yu3,9,-9.343450687928202,3,9.343450687928202,1,0,0,anti_homophones
6558,chun2zhi4,9,-6.183612137155201,2,6.183612137155201,1,0,0,anti_homophones
6559,zhong1kV3chang2,15,-8.552049869475457,3,8.552049869475457,1,0,0,anti_homophones
6560,shI3dQ4kV3,10,-8.071668360732696,3,8.071668360732696,1,0,0,anti_homophones
6561,can3shi4,8,-5.847344756143627,2,5.847344756143627,1,0,3,anti_homophones
6562,xC3bang4tO3shQ3,15,-14.50667894224637,4,14.50667894224637,1,0,0,anti_homophones
6563,re4lan4,7,-6.024403354208172,2,6.024403354208172,1,0,2,anti_homophones
6564,ke1jun1,7,-5.709281255136729,2,5.709281255136729,1,0,0,anti_homophones
6565,na4de2jL1wan4,13,-12.53488969899437,4,12.53488969899437,1,0,0,anti_homophones
6566,yang2chang3chang1mE1,20,-14.956818356319838,4,14.956818356319838,1,0,0,anti_homophones
6567,tun2wang3gong1,14,-10.336754286242632,3,10.336754286242632,1,0,0,anti_homophones
6568,wE3ying4,8,-6.230723772030404,2,6.230723772030404,1,0,2,anti_homophones
6569,wen4bu4shV4jL4,14,-11.233166048504462,4,11.233166048504462,1,0,0,anti_homophones
6570,sheng2an4yan3,13,-9.176967936905493,3,9.176967936905493,1,0,0,anti_homophones
6571,na4ma4,6,-5.717479326663401,2,5.717479326663401,1,0,1,anti_homophones
6572,xL4jW1,6,-6.002167663572015,2,6.002167663572015,1,0,1,anti_homophones
6573,fen1gUn4,8,-6.336097427627232,2,6.336097427627232,1,0,0,anti_homophones
6574,zi1fang2se4,11,-8.367157344196892,3,8.367157344196892,1,0,0,anti_homophones
6575,zQ4jLn4,7,-5.63883878972998,2,5.63883878972998,1,0,6,anti_homophones
6576,zO2,3,-4.2059781775482366,1,4.2059781775482366,1,0,12,anti_homophones
6577,zQ1yin3,7,-6.494963515069377,2,6.494963515069377,1,0,0,anti_homophones
6578,wen3xin1bu4,11,-8.852360198044366,3,8.852360198044366,1,0,0,anti_homophones
6579,ye1zhong3sA4,12,-9.177047733838972,3,9.177047733838972,1,0,0,anti_homophones
6580,dong4qUn2,9,-5.904470961080593,2,5.904470961080593,1,0,1,anti_homophones
6581,xYng1hU2,8,-6.972359582769797,2,6.972359582769797,1,0,1,anti_homophones
6582,zhUn4tang2,10,-6.909896597251916,2,6.909896597251916,1,0,1,anti_homophones
6583,pi1pa1pi4,9,-8.248303906222672,3,8.248303906222672,1,0,0,anti_homophones
6584,jW1zhang4shu3bing2,18,-12.506940538237329,4,12.506940538237329,1,0,0,anti_homophones
6585,bu3bu4,6,-5.796124615585156,2,5.796124615585156,1,0,5,anti_homophones
6586,wo3,3,-4.110045392243047,1,4.110045392243047,1,0,7,anti_homophones
6587,yi1nan2che1,11,-8.407588528770525,3,8.407588528770525,1,0,0,anti_homophones
6588,bo2bo2,6,-4.848428332711544,2,4.848428332711544,1,1,1,anti_homophones
6589,nLn2pA2cheng4,13,-9.324539282679675,3,9.324539282679675,1,0,0,anti_homophones
6590,te4xin1li2,10,-8.09228315691403,3,8.09228315691403,1,0,0,anti_homophones
6591,fu3shan3,8,-6.477840675060405,2,6.477840675060405,1,0,1,anti_homophones
6592,zu3ju4li4,9,-8.166327184442842,3,8.166327184442842,1,0,0,anti_homophones
6593,zi4shang4,9,-5.894095512225709,2,5.894095512225709,1,0,1,anti_homophones
6594,sheng4pE4,9,-6.862517733260982,2,6.862517733260982,1,0,0,anti_homophones
6595,wu3xL4wen4,10,-8.888387114014616,3,8.888387114014616,1,0,0,anti_homophones
6596,ding1shu4,9,-6.186774054076164,2,6.186774054076164,1,0,3,anti_homophones
6597,bE3wu4,6,-5.98646280051532,2,5.98646280051532,1,0,6,anti_homophones
6598,zhV1dV3,7,-6.544270779656658,2,6.544270779656658,1,0,0,anti_homophones
6599,nLn2zhi1jin1,12,-8.390446702213458,3,8.390446702213458,1,0,0,anti_homophones
6600,da3xi2zQ4,9,-9.125473996909275,3,9.125473996909275,1,0,0,anti_homophones
6601,jM4mu4kang2,11,-9.62122093799543,3,9.62122093799543,1,0,0,anti_homophones
6602,pLn1,4,-3.8048140781556565,1,3.8048140781556565,1,1,10,anti_homophones
6603,lQ3dO1yUn2,10,-7.795373084114417,3,7.795373084114417,1,0,0,anti_homophones
6604,zhi3ning2,9,-7.492111060656332,2,7.492111060656332,1,0,1,anti_homophones
6605,zhUn3se4,8,-6.0494066382395175,2,6.0494066382395175,1,0,0,anti_homophones
6606,mW4yun4ji4ri4,13,-11.34464478589829,4,11.34464478589829,1,0,0,anti_homophones
6607,ping1ju4,8,-6.27766119234313,2,6.27766119234313,1,0,4,anti_homophones
6608,dang2hA4,8,-6.5892330398317736,2,6.5892330398317736,1,0,1,anti_homophones
6609,du2xLn4hong2,12,-9.241660445079468,3,9.241660445079468,1,0,0,anti_homophones
6610,zi4ri4jin1,10,-7.6362940025728445,3,7.6362940025728445,1,0,0,anti_homophones
6611,fu2ren2,7,-4.954906587567279,2,4.954906587567279,1,1,6,anti_homophones
6612,ping2wan4dQ4,12,-9.19922025327742,3,9.19922025327742,1,0,0,anti_homophones
6613,fang4yi4shu4fang1,17,-11.40845138924697,4,11.40845138924697,1,0,0,anti_homophones
6614,zhong1ting1chu2,15,-9.7559671326682,3,9.7559671326682,1,0,0,anti_homophones
6615,qi1zhen1,8,-6.623481298010904,2,6.623481298010904,1,0,1,anti_homophones
6616,zO4yQ4shI3,10,-9.027432069507237,3,9.027432069507237,1,0,0,anti_homophones
6617,zhi4rong1,9,-6.680705599522061,2,6.680705599522061,1,0,0,anti_homophones
6618,shV3hU4xLn1,11,-8.33201898342565,3,8.33201898342565,1,0,0,anti_homophones
6619,rV4yan1zhUn1,12,-10.212678082792003,3,10.212678082792003,1,0,0,anti_homophones
6620,qW2xi4,6,-6.712197938191898,2,6.712197938191898,1,0,2,anti_homophones
6621,ji3pA2,6,-6.108581816946227,2,6.108581816946227,1,0,1,anti_homophones
6622,tI4zheng1ting1la1,17,-13.269552461792923,4,13.269552461792923,1,0,0,anti_homophones
6623,pA2yu2,6,-5.831985569536152,2,5.831985569536152,1,0,3,anti_homophones
6624,gI1ba1jW1hUng1,14,-11.898699243825291,4,11.898699243825291,1,0,0,anti_homophones
6625,jK3zhu4ming4,12,-8.992173740077927,3,8.992173740077927,1,0,0,anti_homophones
6626,zhong4yan2xLng2,15,-8.963928370558328,3,8.963928370558328,1,0,0,anti_homophones
6627,tW2shan4,8,-6.543649288602633,2,6.543649288602633,1,0,1,anti_homophones
6628,re4lu4,6,-5.481265049939663,2,5.481265049939663,1,1,10,anti_homophones
6629,fu4bu4wu4,9,-7.4880520127674055,3,7.4880520127674055,1,0,0,anti_homophones
6630,feng1hu4,8,-6.097804438449326,2,6.097804438449326,1,0,6,anti_homophones
6631,fu4sheng2,9,-5.619990981639602,2,5.619990981639602,1,0,3,anti_homophones
6632,qi2jL1chan4,11,-8.520207856221498,3,8.520207856221498,1,0,0,anti_homophones
6633,jK4fu4,6,-5.8431539814583155,2,5.8431539814583155,1,0,3,anti_homophones
6634,ma2men2,7,-5.527898891107332,2,5.527898891107332,1,0,2,anti_homophones
6635,zhan4bu4ke4,11,-7.324578722426191,3,7.324578722426191,1,0,0,anti_homophones
6636,ping4shV3,9,-6.338641984564379,2,6.338641984564379,1,0,1,anti_homophones
6637,xLn4zi5,7,-4.706148567698373,2,4.706148567698373,1,1,8,anti_homophones
6638,shu4jM2an1bLn1,14,-11.939378420774302,4,11.939378420774302,1,0,0,anti_homophones
6639,xing2mo4zha2se4,15,-12.30495667413344,4,12.30495667413344,1,0,0,anti_homophones
6640,an1lUn4,7,-6.331521817308348,2,6.331521817308348,1,0,0,anti_homophones
6641,zhong1di4,9,-5.430735258196141,2,5.430735258196141,1,1,9,anti_homophones
6642,jun1qUn2,8,-5.545446416303171,2,5.545446416303171,1,0,0,anti_homophones
6643,ci2hUn4,7,-6.5176355977701075,2,6.5176355977701075,1,0,1,anti_homophones
6644,yV1cheng4,9,-6.425821481000293,2,6.425821481000293,1,0,1,anti_homophones
6645,qUn2sO3,7,-5.711501912650291,2,5.711501912650291,1,0,3,anti_homophones
6646,mi2che1,7,-6.378140751088054,2,6.378140751088054,1,0,1,anti_homophones
6647,yC4jUn4,7,-5.553335745776257,2,5.553335745776257,1,0,2,anti_homophones
6648,ji2gong4,8,-6.0518911828744475,2,6.0518911828744475,1,0,1,anti_homophones
6649,ying4kV3,8,-5.942128244351927,2,5.942128244351927,1,0,1,anti_homophones
6650,lin2ren2,8,-5.773660727671975,2,5.773660727671975,1,0,5,anti_homophones
6651,zhi4ce4pin3,11,-9.079986359983511,3,9.079986359983511,1,0,0,anti_homophones
6652,xC4yan2,7,-5.3657740798965285,2,5.3657740798965285,1,0,3,anti_homophones
6653,ji1chan1,8,-6.110228889142133,2,6.110228889142133,1,0,3,anti_homophones
6654,che1jLn1gong3,13,-9.892992937537668,3,9.892992937537668,1,0,0,anti_homophones
6655,wu2yong2,8,-5.518097708488616,2,5.518097708488616,1,0,4,anti_homophones
6656,fE3bLn4,7,-5.673849025281714,2,5.673849025281714,1,0,0,anti_homophones
6657,cheng1hO5,9,-6.426885095328475,2,6.426885095328475,1,0,0,anti_homophones
6658,qi2xin1,7,-5.103361190112808,2,5.103361190112808,1,0,6,anti_homophones
6659,yang4zi3,8,-6.1047763605156815,2,6.1047763605156815,1,0,3,anti_homophones
6660,zhong2hU1ye4,12,-8.031970451696681,3,8.031970451696681,1,0,0,anti_homophones
6661,hong4hU4gI1,11,-8.925854823306743,3,8.925854823306743,1,0,0,anti_homophones
6662,yang4du2jing1,13,-9.114505858056443,3,9.114505858056443,1,0,0,anti_homophones
6663,bM2cheng4ci2,12,-9.441539885986746,3,9.441539885986746,1,0,0,anti_homophones
6664,chu1ran2,8,-5.15532472438049,2,5.15532472438049,1,0,5,anti_homophones
6665,bA3tan3,7,-6.420463476998749,2,6.420463476998749,1,0,0,anti_homophones
6666,pu1jM2,6,-6.631609947951391,2,6.631609947951391,1,0,1,anti_homophones
6667,tM3li3tA2,9,-8.126577003990995,3,8.126577003990995,1,0,0,anti_homophones
6668,bE1ben3sha1,11,-9.21173202765204,3,9.21173202765204,1,0,0,anti_homophones
6669,li2hI4,6,-5.737317641852467,2,5.737317641852467,1,0,7,anti_homophones
6670,qu1cha2,7,-6.273632122210757,2,6.273632122210757,1,1,1,anti_homophones
6671,di2wen2,7,-6.186639826172655,2,6.186639826172655,1,0,3,anti_homophones
6672,ju4jUn1jLng2se4,15,-12.265754589742942,4,12.265754589742942,1,0,0,anti_homophones
6673,qK1lLn4,7,-6.191418771188432,2,6.191418771188432,1,0,0,anti_homophones
6674,leng2ban1ye4,12,-9.087183465263431,3,9.087183465263431,1,0,0,anti_homophones
6675,zi4fen1zhO2,11,-8.73783917472202,3,8.73783917472202,1,0,0,anti_homophones
6676,hQ3rQ4ku3,9,-9.607854162957349,3,9.607854162957349,1,0,0,anti_homophones
6677,la1ga4,6,-7.4986794216815085,2,7.4986794216815085,1,0,1,anti_homophones
6678,gA3tu2qu3,9,-9.07131666653512,3,9.07131666653512,1,0,0,anti_homophones
6679,man3ye4,7,-5.969651263758583,2,5.969651263758583,1,0,1,anti_homophones
6680,dun4,4,-4.005229054468954,1,4.005229054468954,1,0,13,anti_homophones
6681,wu2bLn1dQ1,10,-8.500851176321408,3,8.500851176321408,1,0,0,anti_homophones
6682,ying2da4gong1she3,17,-11.868735885474448,4,11.868735885474448,1,0,0,anti_homophones
6683,lLng2xin4,9,-6.460470248474343,2,6.460470248474343,1,0,2,anti_homophones
6684,yi1bing1shi4zhan3,17,-11.09286374573686,4,11.09286374573686,1,0,0,anti_homophones
6685,du3dA4kong2zi5,14,-11.590990882486388,4,11.590990882486388,1,0,0,anti_homophones
6686,hUng1fa1,8,-6.3366592612309764,2,6.3366592612309764,1,0,0,anti_homophones
6687,tu3pin2gu4,10,-9.762833813799151,3,9.762833813799151,1,0,0,anti_homophones
6688,zhu4nv3yV2,10,-8.155653793079242,3,8.155653793079242,1,0,0,anti_homophones
6689,nK2zhe3,7,-5.924437348720626,2,5.924437348720626,1,0,1,anti_homophones
6690,ru2shO1lM4,10,-8.557139757129168,3,8.557139757129168,1,0,0,anti_homophones
6691,an4cheng2fan4xing4,18,-12.065957420923294,4,12.065957420923294,1,0,0,anti_homophones
6692,cha1sO3chUn1,12,-10.371133570399554,3,10.371133570399554,1,0,0,anti_homophones
6693,zhQ4shV4,8,-6.195244456395038,2,6.195244456395038,1,0,1,anti_homophones
6694,bu4ke4qu3,9,-7.396027738735546,3,7.396027738735546,1,0,0,anti_homophones
6695,hV4yQ3shi4,10,-9.831569761777814,3,9.831569761777814,1,0,0,anti_homophones
6696,nan2er2gQ1di4,13,-10.16373064176392,4,10.16373064176392,1,0,0,anti_homophones
6697,xW1chi4xin1hang3,16,-13.056199918308216,4,13.056199918308216,1,0,0,anti_homophones
6698,ting4yan3,9,-6.48073140707182,2,6.48073140707182,1,0,1,anti_homophones
6699,zhV1qing4hQ4gQ4,15,-12.308248821511157,4,12.308248821511157,1,0,0,anti_homophones
6700,dUn1qi4,7,-6.095843568985928,2,6.095843568985928,1,0,5,anti_homophones
6701,da4dI4dLn4,10,-7.720186781204687,3,7.720186781204687,1,0,0,anti_homophones
6702,nUn3dan4nLn2yong3,17,-13.009767670528648,4,13.009767670528648,1,0,0,anti_homophones
6703,shUn2fan1,9,-7.689038492655739,2,7.689038492655739,1,0,0,anti_homophones
6704,ge4yan2,7,-5.766196347891302,2,5.766196347891302,1,0,2,anti_homophones
6705,dM2ban4,7,-5.808040601257961,2,5.808040601257961,1,1,2,anti_homophones
6706,jing2feng2ci2,13,-8.853310065859539,3,8.853310065859539,1,0,0,anti_homophones
6707,li3se4si3,9,-9.201230739135113,3,9.201230739135113,1,0,0,anti_homophones
6708,pi2ming1kP4xLng3,16,-12.830087486704162,4,12.830087486704162,1,0,0,anti_homophones
6709,xLn4shang3,10,-6.264070191204058,2,6.264070191204058,1,0,1,anti_homophones
6710,cheng1hU4,9,-5.537113747842853,2,5.537113747842853,1,0,4,anti_homophones
6711,qK2jW3zi4,9,-8.871719888436273,3,8.871719888436273,1,0,0,anti_homophones
6712,shI3gong1zhi4,13,-8.316803920779332,3,8.316803920779332,1,0,0,anti_homophones
6713,V3,2,-4.630508431853276,1,4.630508431853276,1,0,6,anti_homophones
6714,qing4zhang1,11,-6.43196337404972,2,6.43196337404972,1,0,1,anti_homophones
6715,yan3xC2sA4,10,-8.05036087354973,3,8.05036087354973,1,0,0,anti_homophones
6716,jLn1ci4,7,-6.04710834158973,2,6.04710834158973,1,0,5,anti_homophones
6717,di3kang3ren2,12,-9.182873676774635,3,9.182873676774635,1,0,0,anti_homophones
6718,xW4jK3dLn3,10,-8.272158740404475,3,8.272158740404475,1,0,0,anti_homophones
6719,wE4lLn2fen4,11,-9.287886661729734,3,9.287886661729734,1,0,0,anti_homophones
6720,fE2,3,-3.770870927713159,1,3.770870927713159,1,0,10,anti_homophones
6721,bi3jL1di4,9,-8.240143047773309,3,8.240143047773309,1,0,0,anti_homophones
6722,cheng4han1A4,12,-10.368047742908821,3,10.368047742908821,1,0,0,anti_homophones
6723,yun2gUng2,9,-7.2186785295304485,2,7.2186785295304485,1,0,1,anti_homophones
6724,li3xC2ji2,9,-7.349674591370072,3,7.349674591370072,1,0,0,anti_homophones
6725,qing2nong4,10,-7.175673527828735,2,7.175673527828735,1,0,1,anti_homophones
6726,rong3,5,-4.118819081005375,1,4.118819081005375,1,1,11,anti_homophones
6727,lK4,3,-4.139305375104516,1,4.139305375104516,1,0,15,anti_homophones
6728,mi2ti3tQ3,9,-8.7021512937969,3,8.7021512937969,1,0,0,anti_homophones
6729,jW1sa3,6,-5.878629226655831,2,5.878629226655831,1,0,2,anti_homophones
6730,sheng1du3,9,-6.840584398822465,2,6.840584398822465,1,0,4,anti_homophones
6731,ji2shang2xing3,14,-9.063485632437011,3,9.063485632437011,1,0,0,anti_homophones
6732,zhang4re4ti3,12,-8.59516429542288,3,8.59516429542288,1,0,0,anti_homophones
6733,kV3li3,6,-5.4695371704304545,2,5.4695371704304545,1,0,3,anti_homophones
6734,yi1she4,7,-5.130137479006895,2,5.130137479006895,1,1,6,anti_homophones
6735,lQ3lun4,7,-5.58308625875005,2,5.58308625875005,1,0,5,anti_homophones
6736,zhi1dQ1,7,-5.763308952287829,2,5.763308952287829,1,0,3,anti_homophones
6737,qing3qUn4chang1,15,-10.800079531071678,3,10.800079531071678,1,0,0,anti_homophones
6738,shV4xu4xLn4,11,-8.315242686050127,3,8.315242686050127,1,0,0,anti_homophones
6739,cUng4,5,-6.268407562328916,1,6.268407562328916,1,0,7,anti_homophones
6740,hU1er2lLng1,11,-8.709437217846336,3,8.709437217846336,1,0,0,anti_homophones
6741,gQ1dLn4,7,-5.180635399275163,2,5.180635399275163,1,0,3,anti_homophones
6742,tO2fE1,6,-6.150042292271165,2,6.150042292271165,1,0,1,anti_homophones
6743,sO3zhu3,7,-6.40421559733141,2,6.40421559733141,1,1,1,anti_homophones
6744,hI4tan3zhi2,11,-9.548419835324168,3,9.548419835324168,1,0,0,anti_homophones
6745,tan3gUn1,8,-6.565042314201585,2,6.565042314201585,1,0,1,anti_homophones
6746,ju2hU4fang2jing1,16,-12.358454547885984,4,12.358454547885984,1,0,0,anti_homophones
6747,zhong1ji1,9,-5.055655256667967,2,5.055655256667967,1,1,2,anti_homophones
6748,ye4cA3dA4xC2,12,-11.308687242330135,4,11.308687242330135,1,0,0,anti_homophones
6749,gI1zO4,6,-6.601416766416215,2,6.601416766416215,1,0,4,anti_homophones
6750,bQ1ping2nL4zhen2,16,-14.54000172955373,4,14.54000172955373,1,0,0,anti_homophones
6751,jLng1lu4ju4shu1,15,-11.92176103993186,4,11.92176103993186,1,0,0,anti_homophones
6752,du2ji1,6,-4.985910196895076,2,4.985910196895076,1,1,6,anti_homophones
6753,ding3zhen2,10,-7.0616416050567015,2,7.0616416050567015,1,0,0,anti_homophones
6754,tu3bW1,6,-6.412481053669434,2,6.412481053669434,1,0,2,anti_homophones
6755,tun1cheng1jM2,13,-9.491939412324863,3,9.491939412324863,1,0,0,anti_homophones
6756,hE1dA4hU4,9,-7.933370177758914,3,7.933370177758914,1,0,0,anti_homophones
6757,can1hO3zhI1fan4,15,-12.378368091557666,4,12.378368091557666,1,0,0,anti_homophones
6758,zhi1wang2du4,12,-8.562413089859175,3,8.562413089859175,1,0,0,anti_homophones
6759,nK3,3,-3.98091583804506,1,3.98091583804506,1,1,8,anti_homophones
6760,jL3mLn3,7,-6.053578079434202,2,6.053578079434202,1,0,1,anti_homophones
6761,jing4an4shu4,12,-8.603550602646099,3,8.603550602646099,1,0,0,anti_homophones
6762,tW2qi2lLn4,10,-8.730396828333951,3,8.730396828333951,1,0,0,anti_homophones
6763,yUn3zheng3,10,-7.209324414632357,2,7.209324414632357,1,0,0,anti_homophones
6764,da4lLng1he5tV2,14,-11.968034974461487,4,11.968034974461487,1,0,0,anti_homophones
6765,he2wu4,6,-4.619700287699808,2,4.619700287699808,1,2,6,anti_homophones
6766,zO4peng1,8,-6.342989264323136,2,6.342989264323136,1,0,0,anti_homophones
6767,xW3chu1,7,-5.2764615609886985,2,5.2764615609886985,1,1,2,anti_homophones
6768,te4xL4,6,-5.423280654466925,2,5.423280654466925,1,1,7,anti_homophones
6769,pi3,3,-4.09165574581894,1,4.09165574581894,1,1,19,anti_homophones
6770,gU4pA4,6,-5.605010176033629,2,5.605010176033629,1,1,0,anti_homophones
6771,pu2gan4,7,-6.643095510273935,2,6.643095510273935,1,0,1,anti_homophones
6772,mang1,5,-4.1694530309894375,1,4.1694530309894375,1,0,12,anti_homophones
6773,fE1chi3yi4,10,-8.207341434769711,3,8.207341434769711,1,0,0,anti_homophones
6774,qi2shen1,8,-5.679717482119954,2,5.679717482119954,1,0,3,anti_homophones
6775,gUng4lLn2wen2nW3,16,-13.292845482791416,4,13.292845482791416,1,0,0,anti_homophones
6776,du3cheng4di4yi4,15,-12.247546914544444,4,12.247546914544444,1,0,0,anti_homophones
6777,xC2nW3qu3,9,-9.872136843671946,3,9.872136843671946,1,0,0,anti_homophones
6778,tong2shi2zi5,12,-7.428396981610898,3,7.428396981610898,1,0,0,anti_homophones
6779,zhi3me5,7,-6.822898182386878,2,6.822898182386878,1,0,0,anti_homophones
6780,ban3jM2bQ4chu1,14,-11.441230517450375,4,11.441230517450375,1,0,0,anti_homophones
6781,xYng2feng1yu4jing2,18,-11.712559440413743,4,11.712559440413743,1,0,0,anti_homophones
6782,ge1dQ4,6,-5.398542823073854,2,5.398542823073854,1,0,4,anti_homophones
6783,xing1gQ1,8,-6.330201599876359,2,6.330201599876359,1,0,2,anti_homophones
6784,lQ3xLng2chen2,13,-8.812001787694575,3,8.812001787694575,1,0,0,anti_homophones
6785,zhi1deng2,9,-6.12597150690859,2,6.12597150690859,1,0,2,anti_homophones
6786,gO2wang4,8,-5.772820337445282,2,5.772820337445282,1,0,0,anti_homophones
6787,tW1zha1ma3,10,-9.90556809455249,3,9.90556809455249,1,0,0,anti_homophones
6788,ti2fu4se4,9,-8.385436570088368,3,8.385436570088368,1,0,0,anti_homophones
6789,da3zhi3hU4,10,-7.258417621666828,3,7.258417621666828,1,0,0,anti_homophones
6790,shI3ling4,9,-5.780838152487076,2,5.780838152487076,1,0,2,anti_homophones
6791,sI2ju2,6,-6.122624764472993,2,6.122624764472993,1,0,3,anti_homophones
6792,ping1qLn2qi4,12,-8.614786072202985,3,8.614786072202985,1,0,0,anti_homophones
6793,gang1,5,-3.9386359589765823,1,3.9386359589765823,1,0,16,anti_homophones
6794,yi2zA3nA4xi1,12,-11.300279158674348,4,11.300279158674348,1,0,0,anti_homophones
6795,V3ri4,5,-5.7184931383423265,2,5.7184931383423265,1,0,1,anti_homophones
6796,ying2wen4,9,-6.350274193945436,2,6.350274193945436,1,0,0,anti_homophones
6797,qW1wen4yUn2,11,-9.958846912265901,3,9.958846912265901,1,0,0,anti_homophones
6798,tu2bu4jM4,9,-7.716440438965938,3,7.716440438965938,1,0,0,anti_homophones
6799,li2zi4yC1,9,-8.636003306639012,3,8.636003306639012,1,0,0,anti_homophones
6800,zhi1yV2,7,-5.474459444453936,2,5.474459444453936,1,0,1,anti_homophones
6801,yC4tA2,6,-5.565696284491913,2,5.565696284491913,1,2,1,anti_homophones
6802,zhen1xi3yun2,12,-9.09526293496863,3,9.09526293496863,1,0,0,anti_homophones
6803,gUng2ji1,8,-6.114993333438821,2,6.114993333438821,1,0,2,anti_homophones
6804,xing2jin1,9,-5.966037314287808,2,5.966037314287808,1,0,3,anti_homophones
6805,min2bi3,7,-6.439174213901672,2,6.439174213901672,1,0,4,anti_homophones
6806,yi1ci2,6,-5.131037559464647,2,5.131037559464647,1,0,6,anti_homophones
6807,hV2zhi1ge2,10,-9.604776757979867,3,9.604776757979867,1,0,0,anti_homophones
6808,jL1men2,7,-4.990113737385956,2,4.990113737385956,1,0,4,anti_homophones
6809,nK2mang1shI3,12,-9.382998199222797,3,9.382998199222797,1,0,0,anti_homophones
6810,kA1hO3,6,-5.379666110740381,2,5.379666110740381,1,0,3,anti_homophones
6811,gU1zhan2,8,-7.328643556839873,2,7.328643556839873,1,0,0,anti_homophones
6812,lK2xin1su4,10,-7.837612194402851,3,7.837612194402851,1,0,0,anti_homophones
6813,dI4zi5,6,-4.923814126951956,2,4.923814126951956,1,1,8,anti_homophones
6814,hI4tA4,6,-6.086033251453382,2,6.086033251453382,1,0,1,anti_homophones
6815,xi4bA4,6,-6.324067013319884,2,6.324067013319884,1,0,4,anti_homophones
6816,zhi4mW2,7,-6.634621452159356,2,6.634621452159356,1,0,1,anti_homophones
6817,hE1tong4,8,-5.349731366755249,2,5.349731366755249,1,0,3,anti_homophones
6818,wE2fE1,6,-6.179351790886295,2,6.179351790886295,1,0,0,anti_homophones
6819,tong1ji1bu4,11,-7.686583400776942,3,7.686583400776942,1,0,0,anti_homophones
6820,hU4A1,5,-7.991072815902825,2,7.991072815902825,1,0,0,anti_homophones
6821,yV2yan1,7,-5.98917764973918,2,5.98917764973918,1,0,4,anti_homophones
6822,ke4yu2zhi1,10,-9.031036134816613,3,9.031036134816613,1,0,0,anti_homophones
6823,tang1shi2gO5,12,-11.095078956012802,3,11.095078956012802,1,0,0,anti_homophones
6824,pan2ka1,7,-8.626974731294426,2,8.626974731294426,1,0,1,anti_homophones
6825,yi1wE3hI1hI4,12,-9.142205018009284,4,9.142205018009284,1,0,0,anti_homophones
6826,can1qu4,7,-6.2172569654921785,2,6.2172569654921785,1,0,1,anti_homophones
6827,li2jun1gong2sheng2,18,-12.279319308751903,4,12.279319308751903,1,0,0,anti_homophones
6828,du1ji2,6,-6.103847187296712,2,6.103847187296712,1,0,2,anti_homophones
6829,qu1shV4,7,-6.675365803638596,2,6.675365803638596,1,0,2,anti_homophones
6830,jin3yi4,7,-5.569337467575878,2,5.569337467575878,1,0,7,anti_homophones
6831,bu4yV3shu3shi2,14,-10.680119748577699,4,10.680119748577699,1,0,0,anti_homophones
6832,fu4wE4,6,-5.171910629859129,2,5.171910629859129,1,0,7,anti_homophones
6833,tu1jing3,8,-6.310277195209214,2,6.310277195209214,1,0,4,anti_homophones
6834,rQ4,3,-4.384600060527668,1,4.384600060527668,1,0,17,anti_homophones
6835,zhUng1gI3,9,-6.467864271136909,2,6.467864271136909,1,0,0,anti_homophones
6836,si1fan4,7,-5.5829928682792005,2,5.5829928682792005,1,0,5,anti_homophones
6837,ba4bE1,6,-7.21889444337951,2,7.21889444337951,1,0,0,anti_homophones
6838,yu2ji1gUn1zi5,13,-10.251225988746224,4,10.251225988746224,1,0,0,anti_homophones
6839,gUn1chang4zhi1,14,-8.558529772883352,3,8.558529772883352,1,0,0,anti_homophones
6840,nLn2shP1,8,-7.5012844081181,2,7.5012844081181,1,0,0,anti_homophones
6841,fa3wu4,6,-5.904465083730355,2,5.904465083730355,1,0,1,anti_homophones
6842,hI2zhi3hV4,10,-8.285263648052243,3,8.285263648052243,1,0,0,anti_homophones
6843,dQ4tV2xu4jUn4,13,-11.68523805751833,4,11.68523805751833,1,0,0,anti_homophones
6844,xLng2bing2,10,-6.579093915235248,2,6.579093915235248,1,0,2,anti_homophones
6845,bing2lE4,8,-6.483657860505763,2,6.483657860505763,1,0,3,anti_homophones
6846,lv3xing4,8,-5.214552271068368,2,5.214552271068368,1,0,4,anti_homophones
6847,ti4xLn4,7,-6.2417936151292945,2,6.2417936151292945,1,0,6,anti_homophones
6848,zhe3hO4zha4nLn4,15,-11.833796362044206,4,11.833796362044206,1,0,0,anti_homophones
6849,dan3zO4ying1,12,-10.047979647179309,3,10.047979647179309,1,0,0,anti_homophones
6850,yin2zhong4,10,-6.274143392920038,2,6.274143392920038,1,0,2,anti_homophones
6851,nLn4he2bi3mLn4,14,-11.573385344153712,4,11.573385344153712,1,0,0,anti_homophones
6852,cA2nE4xC2,9,-8.018833367768536,3,8.018833367768536,1,0,0,anti_homophones
6853,cI4ru2chQ2,10,-9.674847657305367,3,9.674847657305367,1,0,0,anti_homophones
6854,bo3,3,-4.548679082644301,1,4.548679082644301,1,0,10,anti_homophones
6855,teng4,5,-4.456510647733547,1,4.456510647733547,1,0,13,anti_homophones
6856,shV4qu3du4,10,-9.037350616495376,3,9.037350616495376,1,0,0,anti_homophones
6857,hO3hU1zhong1,12,-8.615988702155539,3,8.615988702155539,1,0,0,anti_homophones
6858,bu4re4tLn1,10,-7.775826756760846,3,7.775826756760846,1,0,0,anti_homophones
6859,chi2jK1xLn4mLn4,15,-11.122280843179354,4,11.122280843179354,1,0,0,anti_homophones
6860,ke3xing3kV4,11,-9.059882176273948,3,9.059882176273948,1,0,0,anti_homophones
6861,fu4xu1,6,-5.981935703651948,2,5.981935703651948,1,0,4,anti_homophones
6862,gUn1nan2lO4,11,-8.741449653943814,3,8.741449653943814,1,0,0,anti_homophones
6863,xLn4li4,7,-5.07409311725702,2,5.07409311725702,1,2,12,anti_homophones
6864,ji1ju4,6,-5.44177135202783,2,5.44177135202783,1,0,9,anti_homophones
6865,shI3yUn2,8,-5.278447515885708,2,5.278447515885708,1,0,1,anti_homophones
6866,shen1cun1,9,-6.632385974612971,2,6.632385974612971,1,0,1,anti_homophones
6867,jM3pin3nLn2gI1,14,-12.268839484105127,4,12.268839484105127,1,0,0,anti_homophones
6868,hun2chen2she4,13,-10.101914299730035,3,10.101914299730035,1,0,0,anti_homophones
6869,cO1,3,-4.189138051950784,1,4.189138051950784,1,0,10,anti_homophones
6870,bang2,5,-4.027407411729954,1,4.027407411729954,1,0,16,anti_homophones
6871,san1cong1,9,-7.1768906089419975,2,7.1768906089419975,1,0,1,anti_homophones
6872,fa1hang3zhong4,14,-8.658811494521155,3,8.658811494521155,1,0,0,anti_homophones
6873,pin1,4,-4.046199193022884,1,4.046199193022884,1,1,11,anti_homophones
6874,qLn3zhong1qi2,13,-9.701261485301211,3,9.701261485301211,1,0,0,anti_homophones
6875,bA4xing3fa4,11,-9.79081213354706,3,9.79081213354706,1,0,0,anti_homophones
6876,mE2sheng1li4,12,-7.978195498424383,3,7.978195498424383,1,0,0,anti_homophones
6877,zhu2hU4,7,-5.881686792735823,2,5.881686792735823,1,0,1,anti_homophones
6878,zhang2zhe3,10,-5.94236079268023,2,5.94236079268023,1,0,1,anti_homophones
6879,hu1shV4,7,-6.291432745409177,2,6.291432745409177,1,0,3,anti_homophones
6880,lLn2xLn3xing1,13,-9.217026480769754,3,9.217026480769754,1,0,0,anti_homophones
6881,zO4ding4,8,-6.0833142197154695,2,6.0833142197154695,1,1,3,anti_homophones
6882,rV2qun2lK2,10,-9.046616247345865,3,9.046616247345865,1,0,0,anti_homophones
6883,lLng4tan1hu4,12,-9.707643915297572,3,9.707643915297572,1,0,0,anti_homophones
6884,chong1mo4,9,-6.825707996879006,2,6.825707996879006,1,0,0,anti_homophones
6885,zhu4wE4,7,-5.508335033214959,2,5.508335033214959,1,1,2,anti_homophones
6886,jC2dI4wu4,9,-7.454053813817382,3,7.454053813817382,1,0,0,anti_homophones
6887,lO4du4,6,-6.13446910161337,2,6.13446910161337,1,0,3,anti_homophones
6888,lu4lLng1cu4,11,-9.820742377885871,3,9.820742377885871,1,0,0,anti_homophones
6889,zhi1lK2chang2,13,-8.60153440945744,3,8.60153440945744,1,0,0,anti_homophones
6890,shUng2pi2,9,-7.337642895347319,2,7.337642895347319,1,0,1,anti_homophones
6891,ci2he2hI3,9,-9.119940123489508,3,9.119940123489508,1,0,0,anti_homophones
6892,jLn1yu4tV5,10,-9.528821704480254,3,9.528821704480254,1,0,0,anti_homophones
6893,feng4dLn4pLn2ge1,16,-13.56828017335445,4,13.56828017335445,1,0,0,anti_homophones
6894,qing1long1tong2mE3,18,-12.831926794145032,4,12.831926794145032,1,0,0,anti_homophones
6895,qC1de5,6,-5.632415124752798,2,5.632415124752798,1,0,1,anti_homophones
6896,yi2fE4,6,-6.3090589228311975,2,6.3090589228311975,1,0,1,anti_homophones
6897,xLn1jM4,7,-6.073566301157094,2,6.073566301157094,1,0,2,anti_homophones
6898,jing2feng1zi5,13,-7.899284600467883,3,7.899284600467883,1,0,0,anti_homophones
6899,ya5,3,-4.481851212943771,1,4.481851212943771,1,0,6,anti_homophones
6900,xLng4qi4,8,-5.1612751034117,2,5.1612751034117,1,1,9,anti_homophones
6901,hV4re4,6,-6.021591075253676,2,6.021591075253676,1,0,2,anti_homophones
6902,xun2qing4,9,-6.302059200396188,2,6.302059200396188,1,0,0,anti_homophones
6903,ping1mQ4shu1,12,-9.93234191566088,3,9.93234191566088,1,0,0,anti_homophones
6904,chV3qi4,7,-6.199220780446189,2,6.199220780446189,1,0,3,anti_homophones
6905,kang2hQ4,8,-6.757587412945098,2,6.757587412945098,1,0,1,anti_homophones
6906,jW1xing2da4leng1,16,-11.682915355977165,4,11.682915355977165,1,0,0,anti_homophones
6907,jC2hUng4,8,-7.151592077676979,2,7.151592077676979,1,0,0,anti_homophones
6908,chV2yan2bo1li4,14,-10.741190843037403,4,10.741190843037403,1,0,0,anti_homophones
6909,wA4hI4,6,-5.032106455152347,2,5.032106455152347,1,1,6,anti_homophones
6910,wE3hI4,6,-4.776308496887008,2,4.776308496887008,1,2,4,anti_homophones
6911,yan3shi2dang2chu1,17,-11.662955034379548,4,11.662955034379548,1,0,0,anti_homophones
6912,ying3de2qing1,13,-9.431188278621999,3,9.431188278621999,1,0,0,anti_homophones
6913,ying4dA4,8,-5.919992831958602,2,5.919992831958602,1,0,2,anti_homophones
6914,dI4zhi2xUn3,11,-9.10616942392409,3,9.10616942392409,1,0,0,anti_homophones
6915,wA4lK2,6,-5.715854544149915,2,5.715854544149915,1,0,3,anti_homophones
6916,dV4nong3tLn1mu4,15,-12.327726676608036,4,12.327726676608036,1,0,0,anti_homophones
6917,sheng1cA3nan2sUn1,17,-12.11524538132624,4,12.11524538132624,1,0,0,anti_homophones
6918,qL4qK1lLn4,10,-9.118425210714182,3,9.118425210714182,1,0,0,anti_homophones
6919,wA4bW3xW4,9,-7.907033407111574,3,7.907033407111574,1,0,0,anti_homophones
6920,gA3gV1can1,10,-7.835135550066723,3,7.835135550066723,1,0,0,anti_homophones
6921,jW3hU4qin2,10,-9.263400777071704,3,9.263400777071704,1,0,0,anti_homophones
6922,xUn2zhQ4,8,-6.784909278688254,2,6.784909278688254,1,0,1,anti_homophones
6923,qi3li3,6,-5.463019461252362,2,5.463019461252362,1,0,4,anti_homophones
6924,xLn4zhV1zhQ4gQ4,15,-12.369563293798358,4,12.369563293798358,1,0,0,anti_homophones
6925,gong4xLng4,10,-5.765823738094634,2,5.765823738094634,1,0,5,anti_homophones
6926,ren4mE3hI4,10,-8.705151023538267,3,8.705151023538267,1,0,0,anti_homophones
6927,qLn2hA3lLng3,12,-9.24306077926244,3,9.24306077926244,1,0,0,anti_homophones
6928,mo4ren2bang4qi4,15,-11.266948666301584,4,11.266948666301584,1,0,0,anti_homophones
6929,yin3yUn2cheng1jin1,18,-11.40252620982484,4,11.40252620982484,1,0,0,anti_homophones
6930,chu1gQ1,7,-5.605659180252075,2,5.605659180252075,1,1,3,anti_homophones
6931,chan1ke4mu4,11,-10.13670995148373,3,10.13670995148373,1,0,0,anti_homophones
6932,tO1mE2,6,-6.153602080250954,2,6.153602080250954,1,0,2,anti_homophones
6933,nQ3lA4,6,-6.9552397699312944,2,6.9552397699312944,1,0,3,anti_homophones
6934,ji3hI2xLn4,10,-8.18138919350689,3,8.18138919350689,1,0,0,anti_homophones
6935,ceng1tan3,9,-7.727654285212802,2,7.727654285212802,1,0,0,anti_homophones
6936,hong2,5,-3.613098332736365,1,3.613098332736365,1,1,18,anti_homophones
6937,nu2li2su4mo4,12,-11.806430513900642,4,11.806430513900642,1,0,0,anti_homophones
6938,cheng1cong1,11,-6.523941126552222,2,6.523941126552222,1,0,1,anti_homophones
6939,tA4pu3,6,-6.466948522548364,2,6.466948522548364,1,0,0,anti_homophones
6940,yUn2gI1gan3,11,-8.592858377510238,3,8.592858377510238,1,0,0,anti_homophones
6941,ya1tu2,6,-5.80207973229854,2,5.80207973229854,1,0,3,anti_homophones
6942,pi2jing1,8,-6.0413842435724545,2,6.0413842435724545,1,0,2,anti_homophones
6943,qLng1jin4hO2,12,-9.20517401885704,3,9.20517401885704,1,0,0,anti_homophones
6944,tong1kV3,8,-5.6412037303323626,2,5.6412037303323626,1,0,2,anti_homophones
6945,fE1ya2jK3,9,-9.242997889425792,3,9.242997889425792,1,0,0,anti_homophones
6946,qi4fen1ji4qUn4,14,-12.44640910675726,4,12.44640910675726,1,0,0,anti_homophones
6947,bu4xL2,6,-5.892067835296708,2,5.892067835296708,1,0,3,anti_homophones
6948,gQ1shi3su4,10,-8.483319299008658,3,8.483319299008658,1,0,0,anti_homophones
6949,zhe2dUn4wen2,12,-9.34002219023734,3,9.34002219023734,1,0,0,anti_homophones
6950,shi2shang2fang1,15,-9.322910296026935,3,9.322910296026935,1,0,0,anti_homophones
6951,kA1chu2xLng1dLn4,16,-11.4737590225921,4,11.4737590225921,1,0,0,anti_homophones
6952,hen1dQ1,7,-6.9102011731103925,2,6.9102011731103925,1,0,1,anti_homophones
6953,gQ1sa4men2,10,-10.111780316066564,3,10.111780316066564,1,0,0,anti_homophones
6954,dun4dM3,7,-9.385391469747697,2,9.385391469747697,1,0,0,anti_homophones
6955,kO4cA3,6,-7.093347140535307,2,7.093347140535307,1,0,1,anti_homophones
6956,yan4fang1zE2,12,-10.697356649236982,3,10.697356649236982,1,0,0,anti_homophones
6957,shi2shu4,8,-5.357579218674742,2,5.357579218674742,1,0,2,anti_homophones
6958,bu4ren2cha1gang4,16,-11.855101172637722,4,11.855101172637722,1,0,0,anti_homophones
6959,lV4ma4,6,-6.3650570441332786,2,6.3650570441332786,1,0,1,anti_homophones
6960,gu1xLn4,7,-5.887024141403662,2,5.887024141403662,1,0,3,anti_homophones
6961,sQ3mE3ji1,9,-8.201776902968154,3,8.201776902968154,1,0,0,anti_homophones
6962,zi1yV2,6,-6.218200945125065,2,6.218200945125065,1,0,6,anti_homophones
6963,xK1lLng1,8,-5.9910547826456435,2,5.9910547826456435,1,0,0,anti_homophones
6964,shang3li3wu3,12,-9.006544659986695,3,9.006544659986695,1,0,0,anti_homophones
6965,she4ji2,7,-5.195206649620244,2,5.195206649620244,1,0,4,anti_homophones
6966,wE1dLn4di2yi4,13,-11.093686515685654,4,11.093686515685654,1,0,0,anti_homophones
6967,zO2ye4yi3,9,-8.514374238476615,3,8.514374238476615,1,0,0,anti_homophones
6968,er4bu4kP3tu2,12,-14.711513577629276,4,14.711513577629276,1,0,0,anti_homophones
6969,jM1ban3,7,-5.3270032753940875,2,5.3270032753940875,1,0,3,anti_homophones
6970,yi2shu4yUn2,11,-8.214797355066008,3,8.214797355066008,1,0,0,anti_homophones
6971,su4sI4shu4,10,-8.808893514482817,3,8.808893514482817,1,0,0,anti_homophones
6972,pE4tQ4,6,-6.324040523613673,2,6.324040523613673,1,0,3,anti_homophones
6973,feng2xin1yang3,14,-8.708689016393544,3,8.708689016393544,1,0,0,anti_homophones
6974,tW4wu4zi5,9,-7.653441187395735,3,7.653441187395735,1,0,0,anti_homophones
6975,si1qi4,6,-5.037499789719089,2,5.037499789719089,1,0,14,anti_homophones
6976,neng2yi2,8,-7.144968631239886,2,7.144968631239886,1,0,1,anti_homophones
6977,zhong2zhi1zO3,13,-10.175589748249129,3,10.175589748249129,1,0,0,anti_homophones
6978,tA1mu4,6,-6.471063059208263,2,6.471063059208263,1,0,4,anti_homophones
6979,xC4xin4ju2hI4,13,-10.739216687913515,4,10.739216687913515,1,0,0,anti_homophones
6980,li4lLng2nW3,11,-9.749395385076559,3,9.749395385076559,1,0,0,anti_homophones
6981,han2gO3,7,-7.258530515617439,2,7.258530515617439,1,0,1,anti_homophones
6982,ke3tu3bu4,9,-7.965499597800424,3,7.965499597800424,1,0,0,anti_homophones
6983,lK3se4,6,-5.913159440115203,2,5.913159440115203,1,1,3,anti_homophones
6984,qLng1nan2,9,-6.5310248586053845,2,6.5310248586053845,1,0,1,anti_homophones
6985,nong2qu3,8,-6.511974531032833,2,6.511974531032833,1,0,0,anti_homophones
6986,gA3tu2gu3dQ4,12,-10.364083429235091,4,10.364083429235091,1,0,0,anti_homophones
6987,he2ti3hV4,9,-7.958050819038312,3,7.958050819038312,1,0,0,anti_homophones
6988,zhan4yu2wu1,11,-9.049871712627148,3,9.049871712627148,1,0,0,anti_homophones
6989,ding1pi4,8,-6.935036076746762,2,6.935036076746762,1,0,2,anti_homophones
6990,sQ3sheng3tu2,12,-9.992894807596292,3,9.992894807596292,1,0,0,anti_homophones
6991,gu4yu3,6,-5.6696380700630575,2,5.6696380700630575,1,1,7,anti_homophones
6992,fu4hun1hO2zhong4,16,-12.827373061625355,4,12.827373061625355,1,0,0,anti_homophones
6993,kong1qK2,8,-6.0246135155075775,2,6.0246135155075775,1,1,3,anti_homophones
6994,tV2lW4qi4,9,-8.575804358744502,3,8.575804358744502,1,0,0,anti_homophones
6995,chen1shi2,9,-5.675852565245294,2,5.675852565245294,1,0,0,anti_homophones
6996,dO1dUn1dong1,12,-8.719197390393175,3,8.719197390393175,1,0,0,anti_homophones
6997,yin3shQ1rV4ta4,14,-13.301798158328603,4,13.301798158328603,1,0,0,anti_homophones
6998,shi1wE4,7,-5.680139253108845,2,5.680139253108845,1,1,5,anti_homophones
6999,chi3hI1yi4,10,-8.31313131203621,3,8.31313131203621,1,0,0,anti_homophones
7000,zhA4bo1,7,-7.085350386058526,2,7.085350386058526,1,0,0,anti_homophones
7001,pE2yu3shI3,10,-8.76256354999701,3,8.76256354999701,1,0,0,anti_homophones
7002,hu2jW4,6,-6.217942353767004,2,6.217942353767004,1,1,3,anti_homophones
7003,bQ3er2,6,-6.095846948080847,2,6.095846948080847,1,0,2,anti_homophones
7004,fu4jun1,7,-5.790589010898446,2,5.790589010898446,1,0,4,anti_homophones
7005,tong1xC2,8,-5.713477063917285,2,5.713477063917285,1,0,2,anti_homophones
7006,sheng2rong2fan4,15,-9.421173106433594,3,9.421173106433594,1,0,0,anti_homophones
7007,gan1si3ma3bW3,13,-12.05192418139534,4,12.05192418139534,1,0,0,anti_homophones
7008,fen4fu2,7,-6.059249102199883,2,6.059249102199883,1,0,3,anti_homophones
7009,xLn4jM4,7,-5.552425254724056,2,5.552425254724056,1,1,3,anti_homophones
7010,chV2tong4ren2,13,-8.588436172976595,3,8.588436172976595,1,0,0,anti_homophones
7011,jing1xC2jL4,11,-7.789925046233188,3,7.789925046233188,1,0,0,anti_homophones
7012,ba1li2,6,-6.286963709218366,2,6.286963709218366,1,0,5,anti_homophones
7013,tO1cheng1,9,-6.0845792584000185,2,6.0845792584000185,1,0,0,anti_homophones
7014,sheng2fa2,9,-6.249281211960278,2,6.249281211960278,1,0,1,anti_homophones
7015,cang1fan3,9,-7.265011670992583,2,7.265011670992583,1,0,3,anti_homophones
7016,gUng1ren2yan2cheng3,19,-12.188975534820603,4,12.188975534820603,1,0,0,anti_homophones
7017,bo2shi4tu2ti3,13,-11.825410650706734,4,11.825410650706734,1,0,0,anti_homophones
7018,mQ1zhU1,7,-8.245268627859414,2,8.245268627859414,1,0,0,anti_homophones
7019,kong2hI4,8,-6.402918130040348,2,6.402918130040348,1,0,1,anti_homophones
7020,ben1li4cu1bing1,15,-13.253912522709895,4,13.253912522709895,1,0,0,anti_homophones
7021,ju4zhu4,7,-5.571532479075455,2,5.571532479075455,1,0,6,anti_homophones
7022,qLn2hI1,7,-6.173747587429492,2,6.173747587429492,1,1,2,anti_homophones
7023,yu4er2gen1xin1,14,-10.328844623104876,4,10.328844623104876,1,0,0,anti_homophones
7024,shu4ye4can3zi5,14,-11.663830799963991,4,11.663830799963991,1,0,0,anti_homophones
7025,qi3chI2shV3,11,-9.055301100490581,3,9.055301100490581,1,0,0,anti_homophones
7026,hUn4shi4feng3nLn2,17,-12.525906412043971,4,12.525906412043971,1,0,0,anti_homophones
7027,shan4shi1,9,-5.876407529726647,2,5.876407529726647,1,0,7,anti_homophones
7028,qu3xu4hI4,9,-8.142406739005267,3,8.142406739005267,1,0,0,anti_homophones
7029,qin3jin1,8,-7.2584665698881174,2,7.2584665698881174,1,0,0,anti_homophones
7030,yQ3yan4ren2,11,-8.656354450954126,3,8.656354450954126,1,0,0,anti_homophones
7031,yV3yan2,7,-5.4728342446279274,2,5.4728342446279274,1,0,1,anti_homophones
7032,shO4hV4lLng2,12,-10.254964454357207,3,10.254964454357207,1,0,0,anti_homophones
7033,bu4shI3tong4,12,-8.298440712392686,3,8.298440712392686,1,0,0,anti_homophones
7034,cun4de5,7,-7.198659706650417,2,7.198659706650417,1,0,0,anti_homophones
7035,wA4ding1,8,-6.159110342588318,2,6.159110342588318,1,1,0,anti_homophones
7036,shan4xC2,8,-6.078965654250762,2,6.078965654250762,1,0,1,anti_homophones
7037,li4yong1,8,-6.182683802175295,2,6.182683802175295,1,0,2,anti_homophones
7038,ke4li3yin1ji1,13,-10.80302373461171,4,10.80302373461171,1,0,0,anti_homophones
7039,ran2jM2,7,-6.274393742607998,2,6.274393742607998,1,0,2,anti_homophones
7040,shI3lLng4,9,-5.3400328111450905,2,5.3400328111450905,1,1,3,anti_homophones
7041,lE4bu4ju4,9,-8.014517986270747,3,8.014517986270747,1,0,0,anti_homophones
7042,ming3gUn1yu2,12,-8.720348155158387,3,8.720348155158387,1,0,0,anti_homophones
7043,xing2hO4rong4,13,-9.232018819601452,3,9.232018819601452,1,0,0,anti_homophones
7044,kP4e4,5,-6.043696317592306,2,6.043696317592306,1,0,0,anti_homophones
7045,ban4ding3kV3,12,-9.379089442914195,3,9.379089442914195,1,0,0,anti_homophones
7046,zhi1cha2yC1,11,-8.554161147282011,3,8.554161147282011,1,0,0,anti_homophones
7047,wE2jing2fu4,11,-8.668828869264358,3,8.668828869264358,1,0,0,anti_homophones
7048,jW1tV2shi2dQ4,13,-9.806618305741726,4,9.806618305741726,1,0,0,anti_homophones
7049,lan2,4,-3.5308428143178068,1,3.5308428143178068,1,0,14,anti_homophones
7050,ying3shu1cun1shu2,17,-13.52321861883756,4,13.52321861883756,1,0,0,anti_homophones
7051,chu1fan4,8,-5.760561967050359,2,5.760561967050359,1,0,2,anti_homophones
7052,zi4zhi1hE1xLn4,14,-10.621581372681213,4,10.621581372681213,1,0,0,anti_homophones
7053,ping2wE1shV3xLng1,17,-11.951634215660693,4,11.951634215660693,1,0,0,anti_homophones
7054,bu4zhUng1jLng2,14,-9.266308603476043,3,9.266308603476043,1,0,0,anti_homophones
7055,shi2ye4,7,-4.9497371642100445,2,4.9497371642100445,1,1,6,anti_homophones
7056,nK2zun1cha2ban4,15,-13.216269044878706,4,13.216269044878706,1,0,0,anti_homophones
7057,si1fang1hu4xing2,16,-11.817883104726128,4,11.817883104726128,1,0,0,anti_homophones
7058,di3can4,7,-7.659102666943309,2,7.659102666943309,1,0,0,anti_homophones
7059,dong2ji4,8,-6.021566402230981,2,6.021566402230981,1,0,3,anti_homophones
7060,zhQ4pu4jun1shI3,15,-12.304292099243803,4,12.304292099243803,1,0,0,anti_homophones
7061,qLn1shi2,8,-5.633631686085019,2,5.633631686085019,1,0,4,anti_homophones
7062,qLn2ming4,9,-5.583727387288922,2,5.583727387288922,1,0,3,anti_homophones
7063,ding4shu4tV2,12,-9.058611702298943,3,9.058611702298943,1,0,0,anti_homophones
7064,fu4hI4,6,-4.895541519551285,2,4.895541519551285,1,1,12,anti_homophones
7065,ri4jun4shu4,11,-9.349976758122384,3,9.349976758122384,1,0,0,anti_homophones
7066,hU2ji4,6,-5.246320590911852,2,5.246320590911852,1,2,9,anti_homophones
7067,shi2dO2,7,-6.0575887618900435,2,6.0575887618900435,1,1,0,anti_homophones
7068,fE2pan4,7,-5.795887999707244,2,5.795887999707244,1,0,0,anti_homophones
7069,che1zha4,8,-6.459309735242602,2,6.459309735242602,1,0,1,anti_homophones
7070,zhang4chen4shi2,15,-9.552213611772641,3,9.552213611772641,1,0,0,anti_homophones
7071,chI1gu3,7,-6.124995419867979,2,6.124995419867979,1,1,4,anti_homophones
7072,tong2zhang4,11,-6.382243522746043,2,6.382243522746043,1,0,2,anti_homophones
7073,zhUng4qu1xi4,12,-9.469534679792073,3,9.469534679792073,1,0,0,anti_homophones
7074,shen1ye1zhi1fu5,15,-11.93796123833911,4,11.93796123833911,1,0,0,anti_homophones
7075,zhen4shi4,9,-5.770022263743211,2,5.770022263743211,1,0,1,anti_homophones
7076,kA1kUn3,7,-5.968198695748239,2,5.968198695748239,1,0,0,anti_homophones
7077,e1yan3,6,-6.148335158358051,2,6.148335158358051,1,0,1,anti_homophones
7078,zheng4chUng2,12,-7.199943398353011,2,7.199943398353011,1,0,1,anti_homophones
7079,ta1re4,6,-6.341898756801949,2,6.341898756801949,1,0,1,anti_homophones
7080,dan1ku1zi5,10,-8.859291706519105,3,8.859291706519105,1,0,0,anti_homophones
7081,tu2shV3tV1kA1,13,-11.559380002341731,4,11.559380002341731,1,0,0,anti_homophones
7082,mu4er2,6,-5.757896193983244,2,5.757896193983244,1,0,4,anti_homophones
7083,ming3yu4,8,-6.354323193267425,2,6.354323193267425,1,0,1,anti_homophones
7084,xUn3shi2,8,-5.769570989708345,2,5.769570989708345,1,1,2,anti_homophones
7085,xUn2hen3song1,13,-11.96566630642085,3,11.96566630642085,1,0,0,anti_homophones
7086,xC4yu2,6,-5.269079034629864,2,5.269079034629864,1,1,2,anti_homophones
7087,da3qi4lK1,9,-9.36814223601988,3,9.36814223601988,1,0,0,anti_homophones
7088,xC2fa3,6,-5.911586047430944,2,5.911586047430944,1,0,0,anti_homophones
7089,yun2shi1dQ4,11,-8.771677714469686,3,8.771677714469686,1,0,0,anti_homophones
7090,tI1tu2,6,-5.335524944055293,2,5.335524944055293,1,1,3,anti_homophones
7091,jK3yi2,6,-6.125589055438264,2,6.125589055438264,1,0,4,anti_homophones
7092,zi4ji2jK4,9,-7.888915973856396,3,7.888915973856396,1,0,0,anti_homophones
7093,gen1gQ4wu4,10,-9.826430775983104,3,9.826430775983104,1,0,0,anti_homophones
7094,yV1mi3,6,-6.8768012039670285,2,6.8768012039670285,1,0,0,anti_homophones
7095,lO4bi4,6,-6.0083699021013475,2,6.0083699021013475,1,0,3,anti_homophones
7096,zhi4tong4,9,-5.948663687579469,2,5.948663687579469,1,0,2,anti_homophones
7097,nang3,5,-4.454441726769982,1,4.454441726769982,1,0,16,anti_homophones
7098,jUn3mi4mu3,10,-10.144179846141883,3,10.144179846141883,1,0,0,anti_homophones
7099,gUn1ren2gu3,11,-8.834296037580886,3,8.834296037580886,1,0,0,anti_homophones
7100,yin1shUng4qLn2,14,-10.279958344858532,3,10.279958344858532,1,0,0,anti_homophones
7101,ju4bLn4bLn4,11,-8.75086018599368,3,8.75086018599368,1,0,0,anti_homophones
7102,cu1shV4li4,10,-8.729102883922804,3,8.729102883922804,1,0,0,anti_homophones
7103,pA2ba1,6,-6.32652529579371,2,6.32652529579371,1,0,1,anti_homophones
7104,hO4rO4jin1,10,-8.907982441389178,3,8.907982441389178,1,0,0,anti_homophones
7105,jK3ang4,7,-7.914211754367216,2,7.914211754367216,1,0,0,anti_homophones
7106,chV2chUng4,10,-6.72146557076111,2,6.72146557076111,1,0,1,anti_homophones
7107,lun2jLn3shI3,12,-9.25485603127953,3,9.25485603127953,1,0,0,anti_homophones
7108,chan3yan3gI3,12,-9.517413217001023,3,9.517413217001023,1,0,0,anti_homophones
7109,tW3dan4mQ4,10,-9.171474061309608,3,9.171474061309608,1,0,0,anti_homophones
7110,xW1mLn4zheng3,13,-9.145563568435833,3,9.145563568435833,1,0,0,anti_homophones
7111,hU2de5,6,-5.33255047647388,2,5.33255047647388,1,1,0,anti_homophones
7112,ding3xC2,8,-6.870023045044125,2,6.870023045044125,1,0,1,anti_homophones
7113,xLn2dang2,9,-6.950550392734722,2,6.950550392734722,1,0,0,anti_homophones
7114,fu4zhe2,7,-5.851327647700335,2,5.851327647700335,1,0,4,anti_homophones
7115,fE1ye4,6,-5.15086850943432,2,5.15086850943432,1,0,3,anti_homophones
7116,hQ2zi4fa3,9,-8.82349294207756,3,8.82349294207756,1,0,0,anti_homophones
7117,fan4gen1jL4yQ4,14,-12.112609539580081,4,12.112609539580081,1,0,0,anti_homophones
7118,wu2shu1wE2xi4,13,-11.064794632749024,4,11.064794632749024,1,0,0,anti_homophones
7119,gQ1ta2xM1,9,-11.307225247136117,3,11.307225247136117,1,0,0,anti_homophones
7120,dQ4gQ3,6,-5.917347364277734,2,5.917347364277734,1,0,2,anti_homophones
7121,ke4san4,7,-7.116173506743969,2,7.116173506743969,1,0,1,anti_homophones
7122,feng1ye4,8,-5.347799322557397,2,5.347799322557397,1,0,5,anti_homophones
7123,da3tong1xin1,12,-7.525008720883875,3,7.525008720883875,1,0,0,anti_homophones
7124,lLng4pin2gong4ji1,17,-12.113526164650938,4,12.113526164650938,1,0,0,anti_homophones
7125,gU4kUng1hUn4jW3,15,-12.513875226622742,4,12.513875226622742,1,0,0,anti_homophones
7126,bu4zA3ban4,10,-8.89963014744389,3,8.89963014744389,1,0,0,anti_homophones
7127,pE4dI4,6,-5.225751544575885,2,5.225751544575885,1,1,3,anti_homophones
7128,ying1zu2,8,-6.372731569786329,2,6.372731569786329,1,0,1,anti_homophones
7129,pA2hU2,6,-6.143360731158263,2,6.143360731158263,1,1,2,anti_homophones
7130,gUng1wu2bLn4,12,-8.66542184041179,3,8.66542184041179,1,0,0,anti_homophones
7131,rV4pA2tV2,9,-7.880341066959881,3,7.880341066959881,1,0,0,anti_homophones
7132,mang2ren2,9,-5.96413552694628,2,5.96413552694628,1,0,7,anti_homophones
7133,xun2mLn2yi2,11,-9.706886447345825,3,9.706886447345825,1,0,0,anti_homophones
7134,mLn4yV2,7,-5.9706385390034455,2,5.9706385390034455,1,1,2,anti_homophones
7135,gong4xLng5,10,-7.297035231845472,2,7.297035231845472,1,0,2,anti_homophones
7136,tQ2bin4,7,-7.123016724518333,2,7.123016724518333,1,0,0,anti_homophones
7137,ren2xC3,7,-6.152471302137335,2,6.152471302137335,1,0,1,anti_homophones
7138,xLng2lM4,8,-6.239046664957811,2,6.239046664957811,1,0,0,anti_homophones
7139,bLn3shQ2ji1,11,-10.680490197344762,3,10.680490197344762,1,0,0,anti_homophones
7140,qW2mu4zQ4gu3,12,-11.90746470983501,4,11.90746470983501,1,0,0,anti_homophones
7141,pi2lA2dLn4,10,-8.661361312282535,3,8.661361312282535,1,0,0,anti_homophones
7142,yQ2tQ2hun1,10,-8.88042116139422,3,8.88042116139422,1,0,0,anti_homophones
7143,tV4chen2,8,-6.584776684822247,2,6.584776684822247,1,0,1,anti_homophones
7144,chUn2si3,8,-6.867966787743503,2,6.867966787743503,1,0,0,anti_homophones
7145,chI2long2,9,-6.541522411426644,2,6.541522411426644,1,0,0,anti_homophones
7146,dUn4li4jK3,10,-8.501440352008686,3,8.501440352008686,1,0,0,anti_homophones
7147,bo1xLn2qi3,10,-10.212664708699073,3,10.212664708699073,1,0,0,anti_homophones
7148,ming1sI4zhong1min2,18,-13.142612101822408,4,13.142612101822408,1,0,0,anti_homophones
7149,hun3dO2,7,-7.5201714533811606,2,7.5201714533811606,1,0,0,anti_homophones
7150,zhu2jin3ding4,13,-10.043183126816794,3,10.043183126816794,1,0,0,anti_homophones
7151,lO2lun4shu4zi5,14,-11.002392759637535,4,11.002392759637535,1,0,0,anti_homophones
7152,he2dang2,8,-6.087802047141518,2,6.087802047141518,1,0,1,anti_homophones
7153,tLn1fang1,9,-5.893466538005583,2,5.893466538005583,1,1,2,anti_homophones
7154,gP3jW3zhe3,10,-8.21213914541177,3,8.21213914541177,1,0,0,anti_homophones
7155,neng2,5,-4.22256927455516,1,4.22256927455516,1,0,11,anti_homophones
7156,ge2ren4,7,-6.060129638922974,2,6.060129638922974,1,0,0,anti_homophones
7157,bing1yun4shan3,14,-9.593331476727345,3,9.593331476727345,1,0,0,anti_homophones
7158,cun2gO2,7,-6.704254100439896,2,6.704254100439896,1,0,0,anti_homophones
7159,wan2ta1jM1dA4,13,-12.065230703469421,4,12.065230703469421,1,0,0,anti_homophones
7160,gA3zen3,7,-8.120404104122853,2,8.120404104122853,1,0,0,anti_homophones
7161,yan3sUn1,8,-6.831280265097132,2,6.831280265097132,1,0,0,anti_homophones
7162,pQ4ming2shO1,12,-9.374794293519393,3,9.374794293519393,1,0,0,anti_homophones
7163,she2yi1she2ye4,14,-11.77132178793037,4,11.77132178793037,1,0,0,anti_homophones
7164,chQ1yi4,7,-5.658682089430953,2,5.658682089430953,1,1,4,anti_homophones
7165,jing3hO3,8,-6.771319117452701,2,6.771319117452701,1,0,1,anti_homophones
7166,tO1ka3,6,-6.364602105314472,2,6.364602105314472,1,1,3,anti_homophones
7167,hUng3,5,-4.02160105233458,1,4.02160105233458,1,0,9,anti_homophones
7168,meng1lan2,9,-6.992531147080725,2,6.992531147080725,1,0,0,anti_homophones
7169,tO1jLn1fan4,11,-9.075299865392868,3,9.075299865392868,1,0,0,anti_homophones
7170,bang2dLn4,9,-6.7529214384354,2,6.7529214384354,1,0,2,anti_homophones
7171,an1ti3,6,-5.880971626933711,2,5.880971626933711,1,0,1,anti_homophones
7172,xin1qu1hUng1,12,-9.49175884032464,3,9.49175884032464,1,0,0,anti_homophones
7173,bQ1xin4,7,-6.439203202425957,2,6.439203202425957,1,0,1,anti_homophones
7174,ping4shi2zheng1,15,-8.744621127800414,3,8.744621127800414,1,0,0,anti_homophones
7175,xing2shu4tUn2,13,-8.672512187775533,3,8.672512187775533,1,0,0,anti_homophones
7176,hUn4she4er2ban1,15,-12.536999996775751,4,12.536999996775751,1,0,0,anti_homophones
7177,bQ2mQ2sQ1shi5,13,-11.569508769156533,4,11.569508769156533,1,0,0,anti_homophones
7178,lQ3lu4,6,-4.938288923139613,2,4.938288923139613,1,2,16,anti_homophones
7179,zhu4jM4,7,-5.638385798366727,2,5.638385798366727,1,1,5,anti_homophones
7180,ji1hU4,6,-5.598573581996322,2,5.598573581996322,1,0,9,anti_homophones
7181,lQ3zhi2qi4,10,-7.804451608341826,3,7.804451608341826,1,0,0,anti_homophones
7182,yV3dA4,6,-5.282696959485033,2,5.282696959485033,1,2,4,anti_homophones
7183,pLn4yu2,7,-6.058991520398487,2,6.058991520398487,1,0,2,anti_homophones
7184,mo4shi5,7,-6.431524312150738,2,6.431524312150738,1,0,3,anti_homophones
7185,si4ji1,6,-5.455241300613211,2,5.455241300613211,1,0,8,anti_homophones
7186,nK2qUn3qu1xing1,15,-12.660627251434569,4,12.660627251434569,1,0,0,anti_homophones
7187,mo2yu3,6,-6.908421060558963,2,6.908421060558963,1,0,2,anti_homophones
7188,tQ1shi2,7,-6.41934392948128,2,6.41934392948128,1,0,2,anti_homophones
7189,zhI1tV5,7,-7.0378958467334485,2,7.0378958467334485,1,0,0,anti_homophones
7190,zhan4dan4hU4,12,-8.656197350443009,3,8.656197350443009,1,0,0,anti_homophones
7191,sUn1zhi3gUng1e4,15,-12.59837294670492,4,12.59837294670492,1,0,0,anti_homophones
7192,shang4zi3,9,-5.958226963472302,2,5.958226963472302,1,1,2,anti_homophones
7193,kUn3zO4an4,10,-8.82086095846011,3,8.82086095846011,1,0,0,anti_homophones
7194,bu4yang1ye4,11,-8.152280179310198,3,8.152280179310198,1,0,0,anti_homophones
7195,fan3wE4yu2er2,13,-10.854225813981182,4,10.854225813981182,1,0,0,anti_homophones
7196,chu1hV4,7,-5.366196817381406,2,5.366196817381406,1,1,4,anti_homophones
7197,xing3tA2,8,-6.485204585187103,2,6.485204585187103,1,0,1,anti_homophones
7198,hong2hV4hO2jin3,15,-12.569055345335446,4,12.569055345335446,1,0,0,anti_homophones
7199,sheng1ye4,9,-5.186764453399207,2,5.186764453399207,1,0,7,anti_homophones
7200,kA1meng3zhe1,12,-10.245000896620068,3,10.245000896620068,1,0,0,anti_homophones
7201,jin3mu4,7,-6.1002375067875025,2,6.1002375067875025,1,0,2,anti_homophones
7202,dan1yin3,8,-6.1406466382548786,2,6.1406466382548786,1,0,2,anti_homophones
7203,da4xin1lB4,10,-7.82718718549937,3,7.82718718549937,1,0,0,anti_homophones
7204,jUn1,4,-4.15299021067414,1,4.15299021067414,1,0,13,anti_homophones
7205,feng2fu4hO4,11,-8.562612018555686,3,8.562612018555686,1,0,0,anti_homophones
7206,wu2he2cheng2hA4,15,-11.811872338377844,4,11.811872338377844,1,0,0,anti_homophones
7207,fu4jing1ya1,11,-8.835824087298016,3,8.835824087298016,1,0,0,anti_homophones
7208,jL1re4,6,-5.843260364276354,2,5.843260364276354,1,0,3,anti_homophones
7209,shi4mi2man3,11,-8.984439444219854,3,8.984439444219854,1,0,0,anti_homophones
7210,long2,5,-4.115924242508957,1,4.115924242508957,1,0,16,anti_homophones
7211,lLn4xi1hI4,10,-8.604789416841431,3,8.604789416841431,1,0,0,anti_homophones
7212,mA4du1lQ5yu3,12,-13.66255453258625,4,13.66255453258625,1,0,0,anti_homophones
7213,kan1qW1wang1shu4,16,-12.813193529683511,4,12.813193529683511,1,0,0,anti_homophones
7214,hU4ji4,6,-5.401930379847612,2,5.401930379847612,1,0,5,anti_homophones
7215,lM4xin1qi4,10,-7.96730566798829,3,7.96730566798829,1,0,0,anti_homophones
7216,sa3sI4,6,-6.653197703284679,2,6.653197703284679,1,0,0,anti_homophones
7217,mE2qing1li3,11,-8.518148639786224,3,8.518148639786224,1,0,0,anti_homophones
7218,jM2dA4,6,-5.814957214623994,2,5.814957214623994,1,0,5,anti_homophones
7219,di3xC2jL1hO3,12,-9.519550743873026,4,9.519550743873026,1,0,0,anti_homophones
7220,wu2mo2lang3dM3,14,-13.875741882871921,4,13.875741882871921,1,0,0,anti_homophones
7221,chu1lu4jW1tV5,13,-10.670008049127945,4,10.670008049127945,1,0,0,anti_homophones
7222,zi4gUng1jMe5,12,-13.309731516491993,4,13.309731516491993,1,0,0,anti_homophones
7223,dW1zheng3,9,-7.006050897302377,2,7.006050897302377,1,0,0,anti_homophones
7224,dI4fan4,7,-6.1255875182593975,2,6.1255875182593975,1,0,3,anti_homophones
7225,hu1xing2,8,-6.113545510184563,2,6.113545510184563,1,0,5,anti_homophones
7226,hI2ying1,8,-6.318853245975559,2,6.318853245975559,1,0,1,anti_homophones
7227,bLn4cheng1,10,-6.071967105237406,2,6.071967105237406,1,0,4,anti_homophones
7228,yan2xLn2,8,-6.105893695539465,2,6.105893695539465,1,0,2,anti_homophones
7229,dan4bing4,9,-6.02113536054164,2,6.02113536054164,1,1,3,anti_homophones
7230,xM2yun4he2gQ1,13,-11.944460867023274,4,11.944460867023274,1,0,0,anti_homophones
7231,mA4ji4,6,-5.966853023114623,2,5.966853023114623,1,0,3,anti_homophones
7232,lA4,3,-4.03214310103535,1,4.03214310103535,1,0,24,anti_homophones
7233,bE1gUn3,7,-5.769353420091379,2,5.769353420091379,1,1,1,anti_homophones
7234,chu1yUn2,8,-5.454269120511798,2,5.454269120511798,1,0,4,anti_homophones
7235,nLn2ci2tV2shi4,14,-10.697815271583755,4,10.697815271583755,1,0,0,anti_homophones
7236,zhUn2gA4bW1xLng1,16,-12.954802742513516,4,12.954802742513516,1,0,0,anti_homophones
7237,xL4xW4gI4,9,-8.865038784130629,3,8.865038784130629,1,0,0,anti_homophones
7238,dan3ye4,7,-6.34223754082793,2,6.34223754082793,1,0,4,anti_homophones
7239,da4hU4bM2jin1,13,-10.353242294367844,4,10.353242294367844,1,0,0,anti_homophones
7240,feng4jL2,8,-7.229618828070393,2,7.229618828070393,1,0,0,anti_homophones
7241,gu1mi4,6,-6.117486727124164,2,6.117486727124164,1,0,6,anti_homophones
7242,ke1hu2,6,-7.393417520950781,2,7.393417520950781,1,0,3,anti_homophones
7243,hQ3shu4,7,-5.590009620312388,2,5.590009620312388,1,0,7,anti_homophones
7244,chu1ji4dLn4,11,-7.897269522989789,3,7.897269522989789,1,0,0,anti_homophones
7245,xin1gu4shi4,11,-8.109012183202271,3,8.109012183202271,1,0,0,anti_homophones
7246,er3shi1zan4mu3,14,-12.75488745025021,4,12.75488745025021,1,0,0,anti_homophones
7247,fu2dUn4cheng2,13,-9.871160452082599,3,9.871160452082599,1,0,0,anti_homophones
7248,tong1xi1,8,-5.711811754802107,2,5.711811754802107,1,0,5,anti_homophones
7249,wang4dan1zhi1,13,-8.919265827108848,3,8.919265827108848,1,0,0,anti_homophones
7250,xM2mu4mu3,9,-8.246901538918717,3,8.246901538918717,1,0,0,anti_homophones
7251,dW4xC4qi2,9,-9.451265597012931,3,9.451265597012931,1,0,0,anti_homophones
7252,jing2zO4wE4,11,-7.890351261622505,3,7.890351261622505,1,0,0,anti_homophones
7253,san4nan2qUn1,12,-10.309279159412041,3,10.309279159412041,1,0,0,anti_homophones
7254,ti2qing2ku4,11,-8.76182751243163,3,8.76182751243163,1,0,0,anti_homophones
7255,A2pQ4,5,-6.1487077328868995,2,6.1487077328868995,1,0,1,anti_homophones
7256,wu1shV4,7,-6.23164010131183,2,6.23164010131183,1,0,5,anti_homophones
7257,yong2lV2,8,-6.749577454174605,2,6.749577454174605,1,0,2,anti_homophones
7258,re4hO4yan2,10,-8.58585919086636,3,8.58585919086636,1,0,0,anti_homophones
7259,fen3pu2tLn2,11,-9.30942205760758,3,9.30942205760758,1,0,0,anti_homophones
7260,qW2fE4shI3,10,-8.488405913869311,3,8.488405913869311,1,0,0,anti_homophones
7261,ya4,3,-4.157373610705813,1,4.157373610705813,1,0,19,anti_homophones
7262,sang3,5,-4.217241601693866,1,4.217241601693866,1,0,20,anti_homophones
7263,lLng2cA2di4jM2,14,-12.154942970178249,4,12.154942970178249,1,0,0,anti_homophones
7264,da4han3,7,-5.400905090455404,2,5.400905090455404,1,0,7,anti_homophones
7265,zi4lun4,7,-5.605164179214802,2,5.605164179214802,1,0,5,anti_homophones
7266,shu1hQ3,7,-6.447319504740091,2,6.447319504740091,1,0,1,anti_homophones
7267,bing2zA4,8,-6.62442488249572,2,6.62442488249572,1,0,1,anti_homophones
7268,zheng3lO4hQ4,12,-8.482649927455975,3,8.482649927455975,1,0,0,anti_homophones
7269,chong2yUn2,10,-6.027810926223957,2,6.027810926223957,1,0,0,anti_homophones
7270,nM4,3,-4.170628943076504,1,4.170628943076504,1,0,14,anti_homophones
7271,xLng4en1tV2,11,-9.081409927561733,3,9.081409927561733,1,0,0,anti_homophones
7272,dUn1chi2,8,-6.7340736761056945,2,6.7340736761056945,1,0,0,anti_homophones
7273,pE2yan1xLn1ru4,14,-11.961439945573403,4,11.961439945573403,1,0,0,anti_homophones
7274,qi3tQ4,6,-6.0138559200843655,2,6.0138559200843655,1,0,3,anti_homophones
7275,shI3xLng1kUng2,14,-9.155739993880667,3,9.155739993880667,1,0,0,anti_homophones
7276,fang1bu4chu1ming1,17,-11.71891531490989,4,11.71891531490989,1,0,0,anti_homophones
7277,ye4xing2,8,-5.8696380594487785,2,5.8696380594487785,1,0,6,anti_homophones
7278,zhong4wa2wa1ji4,15,-13.236287069501673,4,13.236287069501673,1,0,0,anti_homophones
7279,yan4zi5,7,-5.209871582291972,2,5.209871582291972,1,1,11,anti_homophones
7280,zA4di4lA2,9,-8.61762162235382,3,8.61762162235382,1,0,0,anti_homophones
7281,yUn2zhu3,8,-5.704674123618655,2,5.704674123618655,1,0,0,anti_homophones
7282,zu3te4jL3ban4,13,-12.672067873175811,4,12.672067873175811,1,0,0,anti_homophones
7283,zi3dong1,8,-6.35319904925716,2,6.35319904925716,1,0,1,anti_homophones
7284,ci2shO1yu2,10,-9.082887795021108,3,9.082887795021108,1,0,0,anti_homophones
7285,na4na4gA4lv4,12,-11.185486654792964,4,11.185486654792964,1,0,0,anti_homophones
7286,qM4ti3,6,-5.364938273500204,2,5.364938273500204,1,0,2,anti_homophones
7287,yu4du2shan1,11,-9.88319620083887,3,9.88319620083887,1,0,0,anti_homophones
7288,da4wE4ying4,11,-8.5497360391863,3,8.5497360391863,1,0,0,anti_homophones
7289,kang1zhang2,11,-7.180743452986333,2,7.180743452986333,1,0,0,anti_homophones
7290,yang3he2,8,-6.147232981035565,2,6.147232981035565,1,0,1,anti_homophones
7291,yV3qi4,6,-4.7821618066965454,2,4.7821618066965454,1,1,8,anti_homophones
7292,da4kan1,7,-6.053058391868869,2,6.053058391868869,1,0,4,anti_homophones
7293,nv3er2xLng2,11,-8.335060105283183,3,8.335060105283183,1,0,0,anti_homophones
7294,jLn3bE4,7,-6.635693038995546,2,6.635693038995546,1,0,3,anti_homophones
7295,chen1yun4,9,-6.293857607822727,2,6.293857607822727,1,0,2,anti_homophones
7296,lLng4zhang4ren2,15,-8.686847035630397,3,8.686847035630397,1,0,0,anti_homophones
7297,Q3,2,-4.779172332857908,1,4.779172332857908,1,0,15,anti_homophones
7298,er3dQ4,6,-5.1345224613718745,2,5.1345224613718745,1,0,0,anti_homophones
7299,wu2xu2,6,-6.814726765155465,2,6.814726765155465,1,0,8,anti_homophones
7300,zha4han4wE4bE5,14,-13.962286206605437,4,13.962286206605437,1,0,0,anti_homophones
7301,kang3fu4zheng1ming1,19,-12.274036059618847,4,12.274036059618847,1,0,0,anti_homophones
7302,yi4jK4hO4,9,-7.981765355711319,3,7.981765355711319,1,0,0,anti_homophones
7303,bu4nong4,8,-5.970436991434257,2,5.970436991434257,1,0,3,anti_homophones
7304,ti2ji1jLn4,10,-8.412763790283915,3,8.412763790283915,1,0,0,anti_homophones
7305,fen4yu4tong2,12,-9.768719592947626,3,9.768719592947626,1,0,0,anti_homophones
7306,dQ3hI4,6,-5.977519132121056,2,5.977519132121056,1,0,6,anti_homophones
7307,zhu3gong2,9,-6.052270421206991,2,6.052270421206991,1,0,1,anti_homophones
7308,sa1,3,-4.357341118141026,1,4.357341118141026,1,0,18,anti_homophones
7309,jin4hUng2shi3,13,-9.499159250334229,3,9.499159250334229,1,0,0,anti_homophones
7310,tLn1shi4ren2,12,-7.584256104780294,3,7.584256104780294,1,0,0,anti_homophones
7311,tang4dLn3jLng1,14,-9.877118676411236,3,9.877118676411236,1,0,0,anti_homophones
7312,hUn4fan4ju2yi4,14,-11.9610946278589,4,11.9610946278589,1,0,0,anti_homophones
7313,kQ3ru4jC2zi5,12,-11.135563213477898,4,11.135563213477898,1,0,0,anti_homophones
7314,jL1ji4,6,-5.168955321716074,2,5.168955321716074,1,0,9,anti_homophones
7315,jin1e2,6,-5.611258490619028,2,5.611258490619028,1,0,2,anti_homophones
7316,kong3dO4xin1jM2,15,-12.063908467784822,4,12.063908467784822,1,0,0,anti_homophones
7317,cA3qu4bA4zi5,12,-11.459625230359219,4,11.459625230359219,1,0,0,anti_homophones
7318,wu3qLng4,8,-6.2395575703904775,2,6.2395575703904775,1,0,1,anti_homophones
7319,lQ3nLn2jun1,11,-7.384240285399159,3,7.384240285399159,1,0,0,anti_homophones
7320,nv3sheng1,9,-5.968863250903187,2,5.968863250903187,1,0,1,anti_homophones
7321,dO3lan2,7,-6.83598544027813,2,6.83598544027813,1,0,1,anti_homophones
7322,bQ3zi5,6,-4.55715971994342,2,4.55715971994342,1,2,12,anti_homophones
7323,yQ4bu4hang4,11,-8.905728953120862,3,8.905728953120862,1,0,0,anti_homophones
7324,yV1shi3yi4,10,-7.990077360169745,3,7.990077360169745,1,0,0,anti_homophones
7325,mQ2tV2,6,-5.176294694771915,2,5.176294694771915,1,1,6,anti_homophones
7326,shi1yC4,7,-5.555014275601017,2,5.555014275601017,1,1,4,anti_homophones
7327,pi4xM1,6,-8.029125884292785,2,8.029125884292785,1,0,0,anti_homophones
7328,ru2yu4xun2jin4,14,-11.803596647389206,4,11.803596647389206,1,0,0,anti_homophones
7329,ti2xi2shi4,10,-8.271608069753173,3,8.271608069753173,1,0,0,anti_homophones
7330,zhi1bi3,7,-5.822525073707759,2,5.822525073707759,1,0,2,anti_homophones
7331,pi2jK1,6,-5.859723752838155,2,5.859723752838155,1,0,1,anti_homophones
7332,zO4xLn3ba5,10,-9.676537085708429,3,9.676537085708429,1,0,0,anti_homophones
7333,ye3cheng1jLn4,13,-8.657353228485162,3,8.657353228485162,1,0,0,anti_homophones
7334,ke3zhan4bing2ren2,17,-10.953388267803692,4,10.953388267803692,1,0,0,anti_homophones
7335,he2ju3,6,-6.395448428945531,2,6.395448428945531,1,0,5,anti_homophones
7336,xLng3yUn2fang2,14,-9.056304296012978,3,9.056304296012978,1,0,0,anti_homophones
7337,bi4xin1geng1tu3,15,-12.200315046973875,4,12.200315046973875,1,0,0,anti_homophones
7338,lun2da4ban3cA2,14,-11.741268864563503,4,11.741268864563503,1,0,0,anti_homophones
7339,shang1pin2,10,-7.020593447861509,2,7.020593447861509,1,0,1,anti_homophones
7340,lM4chan4,8,-6.225812339687075,2,6.225812339687075,1,0,1,anti_homophones
7341,zhUn1ran3,9,-7.260179377080165,2,7.260179377080165,1,0,0,anti_homophones
7342,zO4fE4,6,-5.088497696775202,2,5.088497696775202,1,1,4,anti_homophones
7343,xK4meng1,8,-7.0089982202552505,2,7.0089982202552505,1,0,0,anti_homophones
7344,qi4xLng4bi3an4,14,-11.881864191853035,4,11.881864191853035,1,0,0,anti_homophones
7345,de5lW3zheng2zi5,15,-11.448239450789563,4,11.448239450789563,1,0,0,anti_homophones
7346,nLng2jL1li4,11,-9.153638056087077,3,9.153638056087077,1,0,0,anti_homophones
7347,tO1kUn3zheng2,13,-9.401146064011156,3,9.401146064011156,1,0,0,anti_homophones
7348,leng3ji2qUn2,12,-9.46669375512227,3,9.46669375512227,1,0,0,anti_homophones
7349,qLng4qUn2he2ye4,15,-10.845909147905747,4,10.845909147905747,1,0,0,anti_homophones
7350,shi4zha4kUng2,13,-9.455630037880026,3,9.455630037880026,1,0,0,anti_homophones
7351,sa1pW1yin1,10,-8.925728534465131,3,8.925728534465131,1,0,0,anti_homophones
7352,gu4ji1,6,-5.500925052761372,2,5.500925052761372,1,0,9,anti_homophones
7353,hO4zheng2yang1,14,-9.43682412457268,3,9.43682412457268,1,0,0,anti_homophones
7354,si1fa1qi4,9,-7.416851348006415,3,7.416851348006415,1,0,0,anti_homophones
7355,tM3ping1wu4,11,-8.628578671836003,3,8.628578671836003,1,0,0,anti_homophones
7356,hu2hU1shen2,11,-8.810907604050369,3,8.810907604050369,1,0,0,anti_homophones
7357,hV4yu4hA4qUn2,13,-10.48205519663565,4,10.48205519663565,1,0,0,anti_homophones
7358,qin1he2,7,-5.947560848549268,2,5.947560848549268,1,0,3,anti_homophones
7359,shun1teng1ling1,15,-10.824276262556914,3,10.824276262556914,1,0,0,anti_homophones
7360,ling4zhe2,9,-6.86608637497295,2,6.86608637497295,1,0,0,anti_homophones
7361,dan4e2,6,-5.983899207374762,2,5.983899207374762,1,0,2,anti_homophones
7362,yi4li2xin1yC4,13,-10.410343845842615,4,10.410343845842615,1,0,0,anti_homophones
7363,shu1tQ1san3,11,-10.3454626602167,3,10.3454626602167,1,0,0,anti_homophones
7364,nong1yi4,8,-5.826080442107074,2,5.826080442107074,1,1,2,anti_homophones
7365,yi2xi4,6,-5.657409021864006,2,5.657409021864006,1,1,5,anti_homophones
7366,mu4ke4fE4,9,-8.69784831485205,3,8.69784831485205,1,0,0,anti_homophones
7367,zhi1dI4,7,-5.298846719820496,2,5.298846719820496,1,0,5,anti_homophones
7368,si3ji4,6,-5.83399538476268,2,5.83399538476268,1,0,9,anti_homophones
7369,jW1hU4,6,-4.727439398002619,2,4.727439398002619,1,0,6,anti_homophones
7370,jL1zhi3gV1,10,-9.127605344418512,3,9.127605344418512,1,0,0,anti_homophones
7371,yi1kI1,6,-5.489590186478214,2,5.489590186478214,1,1,4,anti_homophones
7372,bA3shu4,7,-5.423312770430671,2,5.423312770430671,1,0,5,anti_homophones
7373,qLn1se4,7,-5.5843399974327355,2,5.5843399974327355,1,0,4,anti_homophones
7374,fu2yUn2dong2,12,-8.900618082562907,3,8.900618082562907,1,0,0,anti_homophones
7375,yi1mA4,6,-5.6539129694221835,2,5.6539129694221835,1,0,5,anti_homophones
7376,tLn2ge1,7,-6.8452157748384135,2,6.8452157748384135,1,0,0,anti_homophones
7377,ban1fE1,7,-6.645146556705619,2,6.645146556705619,1,0,2,anti_homophones
7378,ge4er2hUng1,11,-8.143838377247828,3,8.143838377247828,1,0,0,anti_homophones
7379,fu4ming2hU4,11,-7.480915763122338,3,7.480915763122338,1,0,0,anti_homophones
7380,lLng1zhang3,11,-6.485232518228346,2,6.485232518228346,1,0,0,anti_homophones
7381,nK2jL1zhi4,10,-8.45485493008842,3,8.45485493008842,1,0,0,anti_homophones
7382,rV2ren2hI4,10,-7.447353739507946,3,7.447353739507946,1,0,0,anti_homophones
7383,po4jM4chong2ju2,15,-12.143700603975395,4,12.143700603975395,1,0,0,anti_homophones
7384,sI2xing1,8,-6.020213200299111,2,6.020213200299111,1,0,4,anti_homophones
7385,zhong4pi2cheng4tong4,20,-12.740576132676036,4,12.740576132676036,1,0,0,anti_homophones
7386,sheng1mi4fa3,12,-8.395420379781376,3,8.395420379781376,1,0,0,anti_homophones
7387,xu4dong4ta3,11,-9.954100003205378,3,9.954100003205378,1,0,0,anti_homophones
7388,zhi3li4sang2,12,-9.83165816141653,3,9.83165816141653,1,0,0,anti_homophones
7389,xi3jin4se4,10,-8.090549668332114,3,8.090549668332114,1,0,0,anti_homophones
7390,yi1shi4,7,-4.3408341102686245,2,4.3408341102686245,1,2,19,anti_homophones
7391,qK2gUng2tV5,11,-9.479960721308261,3,9.479960721308261,1,0,0,anti_homophones
7392,shV1fE4xing4shi4,16,-10.879502538866076,4,10.879502538866076,1,0,0,anti_homophones
7393,bQ3chang4an1yan1,16,-12.681009272258628,4,12.681009272258628,1,0,0,anti_homophones
7394,lQ3mu4,6,-5.3491184661612925,2,5.3491184661612925,1,0,12,anti_homophones
7395,ping1,5,-3.6271464338379915,1,3.6271464338379915,1,0,15,anti_homophones
7396,jun1sI2,7,-6.9001607833623,2,6.9001607833623,1,0,0,anti_homophones
7397,jLng3xK1dQ4,11,-8.917883303261279,3,8.917883303261279,1,0,0,anti_homophones
7398,cang2hI4,8,-6.616728967095844,2,6.616728967095844,1,0,1,anti_homophones
7399,jing2hO4,8,-5.64228248311703,2,5.64228248311703,1,0,4,anti_homophones
7400,wu2ke3ze2,9,-7.024043588789824,3,7.024043588789824,1,0,0,anti_homophones
7401,shan4hU4ke3shi4,15,-10.322709391599503,4,10.322709391599503,1,0,0,anti_homophones
7402,yUn2ren2bu4za2,14,-10.849777992460993,4,10.849777992460993,1,0,0,anti_homophones
7403,xW3ping4zhi4,12,-8.60472440503777,3,8.60472440503777,1,0,0,anti_homophones
7404,kV3yi4,6,-5.4932773442775416,2,5.4932773442775416,1,0,7,anti_homophones
7405,gV3wE4,6,-5.907749705205053,2,5.907749705205053,1,0,1,anti_homophones
7406,bo4hA4,6,-5.80105453193706,2,5.80105453193706,1,0,2,anti_homophones
7407,tO1shang4,9,-6.100239142197919,2,6.100239142197919,1,0,1,anti_homophones
7408,chong1yi4,9,-5.656835808185094,2,5.656835808185094,1,0,4,anti_homophones
7409,ban4kong2shen4tu2,17,-12.697807867842592,4,12.697807867842592,1,0,0,anti_homophones
7410,xun2han3hong4shi1,17,-12.988664896988666,4,12.988664896988666,1,0,0,anti_homophones
7411,bQ1tQ1qing4,11,-9.510617689551419,3,9.510617689551419,1,0,0,anti_homophones
7412,jW4wu4,6,-5.164625732232771,2,5.164625732232771,1,1,4,anti_homophones
7413,ci2yi5,6,-7.0264213428621725,2,7.0264213428621725,1,0,0,anti_homophones
7414,xK1ci1,6,-6.469295237440055,2,6.469295237440055,1,0,2,anti_homophones
7415,qi2chong1,9,-6.1598730710629175,2,6.1598730710629175,1,0,2,anti_homophones
7416,gUn3yang2zheng2,15,-9.314259861566898,3,9.314259861566898,1,0,0,anti_homophones
7417,gA4pi2zhUn2,11,-9.77894250088209,3,9.77894250088209,1,0,0,anti_homophones
7418,fang1xi4,8,-6.2183039819589485,2,6.2183039819589485,1,0,3,anti_homophones
7419,si3wen1qLng1mi2,15,-12.65608276428113,4,12.65608276428113,1,0,0,anti_homophones
7420,chu1ji2,7,-5.167234774358639,2,5.167234774358639,1,0,6,anti_homophones
7421,chen3yi2,8,-7.45758521983753,2,7.45758521983753,1,0,0,anti_homophones
7422,xLng3shi1,9,-6.095325992265174,2,6.095325992265174,1,0,4,anti_homophones
7423,jLn1can3,8,-7.200618221361649,2,7.200618221361649,1,0,2,anti_homophones
7424,fen4dan1yu2,11,-8.783457588178614,3,8.783457588178614,1,0,0,anti_homophones
7425,ming2hO2she3shi2,16,-12.901179906416157,4,12.901179906416157,1,0,0,anti_homophones
7426,pi2tan1ping3,12,-10.377161089635766,3,10.377161089635766,1,0,0,anti_homophones
7427,mE3hI4,6,-5.062695237449368,2,5.062695237449368,1,2,5,anti_homophones
7428,bi4zu2,6,-5.7147538454970235,2,5.7147538454970235,1,0,4,anti_homophones
7429,gan3hI2sA4,10,-8.658145921579624,3,8.658145921579624,1,0,0,anti_homophones
7430,du2min2pong2,12,-11.017723858858838,3,11.017723858858838,1,0,0,anti_homophones
7431,tong1qin1zhong2wu3,18,-12.928466580779451,4,12.928466580779451,1,0,0,anti_homophones
7432,fE1ci4ti2,9,-8.86253544989474,3,8.86253544989474,1,0,0,anti_homophones
7433,wE2jin4,7,-5.729474403926461,2,5.729474403926461,1,1,2,anti_homophones
7434,dan4zhong1tu3,13,-9.211833427595824,3,9.211833427595824,1,0,0,anti_homophones
7435,kUn1shi1,8,-6.836628780603846,2,6.836628780603846,1,0,2,anti_homophones
7436,gQ1yUn4he2,10,-8.923507863480816,3,8.923507863480816,1,0,0,anti_homophones
7437,bW1zhi1,7,-5.4931264386896395,2,5.4931264386896395,1,0,3,anti_homophones
7438,neng4tA2,8,-6.96525032117161,2,6.96525032117161,1,0,2,anti_homophones
7439,ying2cA3,8,-6.567223242583916,2,6.567223242583916,1,0,2,anti_homophones
7440,mang3ji4,8,-6.502552138353468,2,6.502552138353468,1,0,4,anti_homophones
7441,cA4gong1kV3,11,-8.953709650548337,3,8.953709650548337,1,0,0,anti_homophones
7442,zheng1du3,9,-7.02510008366363,2,7.02510008366363,1,0,3,anti_homophones
7443,chu1xUn2,8,-6.4774921158876575,2,6.4774921158876575,1,0,2,anti_homophones
7444,tLn1na3jLn4,11,-9.67260548605166,3,9.67260548605166,1,0,0,anti_homophones
7445,chI1jL4,7,-6.070473736127834,2,6.070473736127834,1,0,3,anti_homophones
7446,jM2hO3hA3tu3,12,-11.005538790624824,4,11.005538790624824,1,0,0,anti_homophones
7447,zhi2ming2wen2lLn4,17,-12.17401013888794,4,12.17401013888794,1,0,0,anti_homophones
7448,wang4zQ4xW4,11,-8.961359481252344,3,8.961359481252344,1,0,0,anti_homophones
7449,ya1yQ1,6,-6.719418441094986,2,6.719418441094986,1,0,0,anti_homophones
7450,qUn2cheng1,10,-6.18983199724591,2,6.18983199724591,1,0,0,anti_homophones
7451,lun2bu4jing3dang4,17,-12.367217740386097,4,12.367217740386097,1,0,0,anti_homophones
7452,zu3hI4,6,-6.408445751593881,2,6.408445751593881,1,1,1,anti_homophones
7453,xi1sha1,7,-5.88285758527523,2,5.88285758527523,1,0,3,anti_homophones
7454,lu4jin4,7,-5.819302341075102,2,5.819302341075102,1,0,2,anti_homophones
7455,gan1zhe5,8,-6.595371329599728,2,6.595371329599728,1,0,1,anti_homophones
7456,ya3gI3hU4,9,-8.721555728774472,3,8.721555728774472,1,0,0,anti_homophones
7457,bo1sha1zI4,10,-9.002630175007814,3,9.002630175007814,1,0,0,anti_homophones
7458,yan1sI3,7,-7.347631021266578,2,7.347631021266578,1,0,1,anti_homophones
7459,hI2chu5,7,-8.017006488268901,2,8.017006488268901,1,0,2,anti_homophones
7460,ji2yu2,6,-5.656295868732741,2,5.656295868732741,1,0,5,anti_homophones
7461,chu1tA4ping1,12,-9.27759186980318,3,9.27759186980318,1,0,0,anti_homophones
7462,la1xing2mo4lLng2,16,-12.552709005686886,4,12.552709005686886,1,0,0,anti_homophones
7463,ku1wE2hO2,9,-9.190770616599462,3,9.190770616599462,1,0,0,anti_homophones
7464,yQ4shang1,9,-6.504971411305142,2,6.504971411305142,1,0,1,anti_homophones
7465,kO3hUn2shu4,11,-11.883161223150086,3,11.883161223150086,1,0,0,anti_homophones
7466,xW1hUng2,8,-6.007936179389126,2,6.007936179389126,1,0,1,anti_homophones
7467,tan4ye4,7,-5.847386041767517,2,5.847386041767517,1,0,2,anti_homophones
7468,kI1,3,-3.895155661199061,1,3.895155661199061,1,0,10,anti_homophones
7469,a1,2,-4.623739732670372,1,4.623739732670372,1,0,12,anti_homophones
7470,kan4yang1dong4,14,-9.807064658826482,3,9.807064658826482,1,0,0,anti_homophones
7471,du2po4,6,-6.332812122111997,2,6.332812122111997,1,0,0,anti_homophones
7472,er3lLng1,8,-7.414255893357149,2,7.414255893357149,1,0,1,anti_homophones
7473,sha1dM2bo2,10,-9.157296637856078,3,9.157296637856078,1,0,0,anti_homophones
7474,jW1yang4ming1,13,-9.052676632555535,3,9.052676632555535,1,0,0,anti_homophones
7475,nLn2zi3dW4,10,-8.490800664107857,3,8.490800664107857,1,0,0,anti_homophones
7476,A1chan3,7,-6.775134552570141,2,6.775134552570141,1,0,0,anti_homophones
7477,fE2qUn2,7,-6.337637286159694,2,6.337637286159694,1,0,2,anti_homophones
7478,shi4fa1she2,11,-9.021150994609403,3,9.021150994609403,1,0,0,anti_homophones
7479,xing1dQ1zi4li3,14,-12.108914526826382,4,12.108914526826382,1,0,0,anti_homophones
7480,xi1wan2,7,-5.982066554190826,2,5.982066554190826,1,0,2,anti_homophones
7481,gO4qLng2,8,-6.885103045688239,2,6.885103045688239,1,0,0,anti_homophones
7482,qLn2shi4,8,-5.115785016966353,2,5.115785016966353,1,0,6,anti_homophones
7483,yUn4qUn2tong3,13,-9.519394771102798,3,9.519394771102798,1,0,0,anti_homophones
7484,kU4gUn3bi4ren4,14,-12.000929277345929,4,12.000929277345929,1,0,0,anti_homophones
7485,shV3jing3,9,-5.912437226279203,2,5.912437226279203,1,1,1,anti_homophones
7486,bu4xK2,6,-6.506515655484327,2,6.506515655484327,1,0,2,anti_homophones
7487,yV2kI4,6,-6.105184601084417,2,6.105184601084417,1,0,0,anti_homophones
7488,wan4tun4nan2,12,-11.58070305204921,3,11.58070305204921,1,0,0,anti_homophones
7489,jing1gI3mM4shang1,17,-12.026551152521867,4,12.026551152521867,1,0,0,anti_homophones
7490,bi2A2,5,-5.170610916763022,2,5.170610916763022,1,0,2,anti_homophones
7491,lV4du4,6,-5.71408339389927,2,5.71408339389927,1,0,5,anti_homophones
7492,shI3nUn3,8,-5.414986302917237,2,5.414986302917237,1,1,0,anti_homophones
7493,shI3ya2,7,-5.687693832209842,2,5.687693832209842,1,0,1,anti_homophones
7494,yun4shI3,8,-5.695410930144238,2,5.695410930144238,1,0,1,anti_homophones
7495,fang1zhang3,11,-6.378038858161612,2,6.378038858161612,1,0,2,anti_homophones
7496,ke4shi4,7,-5.430201777609784,2,5.430201777609784,1,0,6,anti_homophones
7497,fu4shi4,7,-4.663026176828547,2,4.663026176828547,1,0,9,anti_homophones
7498,tA1,3,-3.804014521610224,1,3.804014521610224,1,0,18,anti_homophones
7499,bing4cha1,9,-6.830476757953023,2,6.830476757953023,1,0,0,anti_homophones
7500,bE3ban1jM4,10,-8.424225393098732,3,8.424225393098732,1,0,0,anti_homophones
7501,che4qu3,7,-6.491356324074813,2,6.491356324074813,1,0,2,anti_homophones
7502,tong2min2sUn1,13,-9.575658795844694,3,9.575658795844694,1,0,0,anti_homophones
7503,sO3ye4,6,-6.620200141439184,2,6.620200141439184,1,0,2,anti_homophones
7504,na4shi4,7,-5.429207655370863,2,5.429207655370863,1,1,4,anti_homophones
7505,mE3nv3,6,-5.588096921453786,2,5.588096921453786,1,0,0,anti_homophones
7506,shV3zhan4,9,-5.818840805519993,2,5.818840805519993,1,0,2,anti_homophones
7507,yin3jing4,9,-6.059985440842406,2,6.059985440842406,1,1,4,anti_homophones
7508,shi4ban1,8,-5.788746810867203,2,5.788746810867203,1,1,2,anti_homophones
7509,ying1yun4hUn4,13,-9.558775179023625,3,9.558775179023625,1,0,0,anti_homophones
7510,cheng4jW1fang2hUn4,18,-12.921164156555903,4,12.921164156555903,1,0,0,anti_homophones
7511,shi4wE4,7,-5.040651567699111,2,5.040651567699111,1,1,7,anti_homophones
7512,shan3yang2li2,13,-9.635813580167472,3,9.635813580167472,1,0,0,anti_homophones
7513,ji2bQ3chQ2,10,-9.419847514480837,3,9.419847514480837,1,0,0,anti_homophones
7514,yan2wE2xing2,12,-8.199780536527781,3,8.199780536527781,1,0,0,anti_homophones
7515,zhi3dQ4,7,-5.967417503857609,2,5.967417503857609,1,0,4,anti_homophones
7516,kUn1qi4,7,-6.241870539921567,2,6.241870539921567,1,0,2,anti_homophones
7517,dang1ye4jing3lO4,16,-12.071764169901366,4,12.071764169901366,1,0,0,anti_homophones
7518,mLn4chan4,9,-6.2229068868621615,2,6.2229068868621615,1,0,0,anti_homophones
7519,yi1zhi4,7,-4.823382713865072,2,4.823382713865072,1,0,8,anti_homophones
7520,ri4zhi2sang2hQ4,15,-12.804595364375588,4,12.804595364375588,1,0,0,anti_homophones
7521,jUn4lLn2zO4,11,-9.763246586066954,3,9.763246586066954,1,0,0,anti_homophones
7522,fen4ye4,7,-5.658935716389866,2,5.658935716389866,1,0,4,anti_homophones
7523,hA3nLn4tW2,10,-8.910752490797298,3,8.910752490797298,1,0,0,anti_homophones
7524,sha1kI4,7,-5.965714600227787,2,5.965714600227787,1,1,0,anti_homophones
7525,fen1zhu3,8,-5.815481555388069,2,5.815481555388069,1,0,2,anti_homophones
7526,nE2,3,-5.74067323314882,1,5.74067323314882,1,0,12,anti_homophones
7527,ning2shi4,9,-6.111381435215133,2,6.111381435215133,1,0,6,anti_homophones
7528,qLn2dUn3jC2,11,-9.35684623111391,3,9.35684623111391,1,0,0,anti_homophones
7529,gUn1tV2deng2,12,-8.535262397990344,3,8.535262397990344,1,0,0,anti_homophones
7530,ting3,5,-3.936582250520652,1,3.936582250520652,1,0,14,anti_homophones
7531,qUn2shu4,8,-5.643534031606849,2,5.643534031606849,1,0,3,anti_homophones
7532,lQ3xK3,6,-6.021781604361095,2,6.021781604361095,1,0,2,anti_homophones
7533,Q2yUn2,6,-5.89963363453291,2,5.89963363453291,1,0,1,anti_homophones
7534,tV2ping2yan3gE4,15,-12.602570560668722,4,12.602570560668722,1,0,0,anti_homophones
7535,da4qi4,6,-4.342023701927687,2,4.342023701927687,1,1,12,anti_homophones
7536,yV2ji5,6,-7.215722420978997,2,7.215722420978997,1,0,3,anti_homophones
7537,tong4mW4fen1,12,-10.035202573160552,3,10.035202573160552,1,0,0,anti_homophones
7538,xLng1qi4tu2,11,-8.004729807316291,3,8.004729807316291,1,0,0,anti_homophones
7539,dang3hU4,8,-5.860185242340122,2,5.860185242340122,1,0,2,anti_homophones
7540,gong1ye3ze2ran3,15,-11.841552239321874,4,11.841552239321874,1,0,0,anti_homophones
7541,ling3zu2,8,-6.472937114195307,2,6.472937114195307,1,0,1,anti_homophones
7542,zhang1gQ4,9,-6.913104591680614,2,6.913104591680614,1,0,2,anti_homophones
7543,ku3hU4xLn4wE4,13,-10.809922232955728,4,10.809922232955728,1,0,0,anti_homophones
7544,du1yu4zhan3,11,-9.838818476158584,3,9.838818476158584,1,0,0,anti_homophones
7545,A4lv4,5,-5.304076424800492,2,5.304076424800492,1,0,8,anti_homophones
7546,xW3cong4,8,-5.794475438659044,2,5.794475438659044,1,0,1,anti_homophones
7547,xW1mLn4,7,-5.607435078840545,2,5.607435078840545,1,0,3,anti_homophones
7548,dQ3qu1,6,-6.488643798674497,2,6.488643798674497,1,0,3,anti_homophones
7549,jW3sQ1,6,-6.986700879792779,2,6.986700879792779,1,0,0,anti_homophones
7550,yUn2ye4,7,-5.553349255780614,2,5.553349255780614,1,0,4,anti_homophones
7551,qM4an1,6,-5.843616832968564,2,5.843616832968564,1,0,0,anti_homophones
7552,bu4xing2ping1,13,-8.808922606326165,3,8.808922606326165,1,0,0,anti_homophones
7553,hang2sUn4,9,-6.516285556360071,2,6.516285556360071,1,0,0,anti_homophones
7554,ka1fE1,6,-4.926627379929128,2,4.926627379929128,1,1,5,anti_homophones
7555,qM4che1,7,-6.19713533887999,2,6.19713533887999,1,0,2,anti_homophones
7556,jLn4bing4yV3,12,-8.798966673411849,3,8.798966673411849,1,0,0,anti_homophones
7557,jLng4dLn1la1,12,-10.651153487258487,3,10.651153487258487,1,0,0,anti_homophones
7558,tu3qLn2ran3zeng5,16,-14.54765611907468,4,14.54765611907468,1,0,0,anti_homophones
7559,wang1cheng2kong2,16,-9.64741455759326,3,9.64741455759326,1,0,0,anti_homophones
7560,feng1chang2zV4jing4,19,-12.33311201300431,4,12.33311201300431,1,0,0,anti_homophones
7561,tu1tW2,6,-6.846480594232723,2,6.846480594232723,1,0,4,anti_homophones
7562,cheng4po2,9,-7.29704222267605,2,7.29704222267605,1,0,0,anti_homophones
7563,jLn3ran2ren2,12,-8.206803373474573,3,8.206803373474573,1,0,0,anti_homophones
7564,jW1tV2,6,-4.870406820277935,2,4.870406820277935,1,1,4,anti_homophones
7565,gQ1an1di4,9,-8.172107519856034,3,8.172107519856034,1,0,0,anti_homophones
7566,dO1xLng4,8,-6.157911490283205,2,6.157911490283205,1,0,0,anti_homophones
7567,xM4yang3,8,-6.448372526505577,2,6.448372526505577,1,0,1,anti_homophones
7568,zi4yan2,7,-5.205408057831484,2,5.205408057831484,1,1,7,anti_homophones
7569,xM2dQ4xM2,9,-8.748394849352032,3,8.748394849352032,1,0,0,anti_homophones
7570,mu3zhi4,7,-5.815578736625412,2,5.815578736625412,1,0,8,anti_homophones
7571,chu1gu3re4,10,-9.021473866732276,3,9.021473866732276,1,0,0,anti_homophones
7572,yUn4gong2gUn1,13,-9.061638521651545,3,9.061638521651545,1,0,0,anti_homophones
7573,jM2yun2jM2,10,-8.953610151775857,3,8.953610151775857,1,0,0,anti_homophones
7574,e4gan4,6,-6.334057664572972,2,6.334057664572972,1,0,0,anti_homophones
7575,jLng2fu3wE3,11,-9.957273843024716,3,9.957273843024716,1,0,0,anti_homophones
7576,wan1yUn4dong1,13,-9.866599502914358,3,9.866599502914358,1,0,0,anti_homophones
7577,er4ru4,6,-5.439617679290938,2,5.439617679290938,1,1,2,anti_homophones
7578,bW3sheng3,9,-6.711317279731877,2,6.711317279731877,1,0,2,anti_homophones
7579,hO3chen1rV4,11,-9.247796948234281,3,9.247796948234281,1,0,0,anti_homophones
7580,jK4shi2,7,-5.024258888374661,2,5.024258888374661,1,0,6,anti_homophones
7581,ben3cV4fu4tong3,15,-12.292263656987798,4,12.292263656987798,1,0,0,anti_homophones
7582,shV3cheng4,10,-5.818659118932479,2,5.818659118932479,1,0,3,anti_homophones
7583,wA1qu3se4,9,-8.481945307655339,3,8.481945307655339,1,0,0,anti_homophones
7584,mu4qi4jW1jLn3,13,-11.226168122446493,4,11.226168122446493,1,0,0,anti_homophones
7585,qLn1pLn4,8,-6.041786251232574,2,6.041786251232574,1,1,1,anti_homophones
7586,du1chang2,9,-6.406642479268069,2,6.406642479268069,1,0,0,anti_homophones
7587,qLn2yUn3,8,-5.839602036117647,2,5.839602036117647,1,0,1,anti_homophones
7588,jLn4hO3,7,-5.841274802833326,2,5.841274802833326,1,0,2,anti_homophones
7589,feng1shi2,9,-5.473376009001273,2,5.473376009001273,1,0,6,anti_homophones
7590,xYng1kUng2,10,-7.144779499902998,2,7.144779499902998,1,0,0,anti_homophones
7591,yQ1qing4,8,-5.820216230844895,2,5.820216230844895,1,0,1,anti_homophones
7592,tong3ya2zI4gO2,14,-11.635597991044637,4,11.635597991044637,1,0,0,anti_homophones
7593,fang2jun1zong2tA1,17,-13.236939909091522,4,13.236939909091522,1,0,0,anti_homophones
7594,xLng4shen3,10,-6.678350745962445,2,6.678350745962445,1,0,1,anti_homophones
7595,wan3shI4,8,-6.732075360490407,2,6.732075360490407,1,0,0,anti_homophones
7596,mQ2li4,6,-5.0807864184723615,2,5.0807864184723615,1,0,6,anti_homophones
7597,wu2shi4,7,-4.5050974080442865,2,4.5050974080442865,1,1,11,anti_homophones
7598,hI1xu3di4kA3,12,-13.766768334751875,4,13.766768334751875,1,0,0,anti_homophones
7599,qing2yan2,9,-5.515637824713021,2,5.515637824713021,1,0,3,anti_homophones
7600,yong4yi2tong2,13,-10.322357865248065,3,10.322357865248065,1,0,0,anti_homophones
7601,li4li3,6,-5.855939106467716,2,5.855939106467716,1,0,4,anti_homophones
7602,er4ran2,7,-5.9837255296076055,2,5.9837255296076055,1,0,1,anti_homophones
7603,ba3zhang1,9,-6.968515377060946,2,6.968515377060946,1,0,0,anti_homophones
7604,pE4qLn2cA2zi5,13,-10.772855571504182,4,10.772855571504182,1,0,0,anti_homophones
7605,xC2yu4yi4,9,-8.072546720735733,3,8.072546720735733,1,0,0,anti_homophones
7606,bA4zQ4he5,9,-10.399798060206484,3,10.399798060206484,1,0,0,anti_homophones
7607,mQ1hA3,6,-8.944588439571953,2,8.944588439571953,1,0,0,anti_homophones
7608,mE2ting1ren2,12,-8.187349122102223,3,8.187349122102223,1,0,0,anti_homophones
7609,zhan3ju4,8,-6.232098264734629,2,6.232098264734629,1,0,0,anti_homophones
7610,can2yUn2tong4,13,-9.028593695738031,3,9.028593695738031,1,0,0,anti_homophones
7611,hun2cheng2,10,-6.842514419966474,2,6.842514419966474,1,0,0,anti_homophones
7612,da4lang4,8,-5.43500442867465,2,5.43500442867465,1,0,10,anti_homophones
7613,nu2pa5,6,-7.20265179315809,2,7.20265179315809,1,0,0,anti_homophones
7614,ci2lA2,6,-6.07219595743143,2,6.07219595743143,1,0,1,anti_homophones
7615,qi4li5,6,-6.560494234115027,2,6.560494234115027,1,0,1,anti_homophones
7616,gong1shV1gen1sO1,16,-12.38422807449178,4,12.38422807449178,1,0,0,anti_homophones
7617,bu4jC2dI4,9,-6.813833843320571,3,6.813833843320571,1,0,0,anti_homophones
7618,jL3jM1geng1xing3,16,-12.585605502102178,4,12.585605502102178,1,0,0,anti_homophones
7619,shang1ren2zi5,13,-7.760471263732134,3,7.760471263732134,1,0,0,anti_homophones
7620,di4xC2fE4feng1,14,-10.721631153486582,4,10.721631153486582,1,0,0,anti_homophones
7621,bQ3chi3,7,-6.0743288444080825,2,6.0743288444080825,1,0,4,anti_homophones
7622,yong1qi4,8,-5.454980577667823,2,5.454980577667823,1,0,5,anti_homophones
7623,qin1yan2,8,-5.935867415119414,2,5.935867415119414,1,0,2,anti_homophones
7624,bu4lK2,6,-5.21915148261354,2,5.21915148261354,1,0,4,anti_homophones
7625,xUn3lLng3ding2,14,-10.185103543787964,3,10.185103543787964,1,0,0,anti_homophones
7626,zhan3gO4wan2,12,-10.386342304593832,3,10.386342304593832,1,0,0,anti_homophones
7627,hP2zi5,6,-5.887392484957015,2,5.887392484957015,1,0,5,anti_homophones
7628,yin4ban1gO1,11,-9.870111496404794,3,9.870111496404794,1,0,0,anti_homophones
7629,cO1ba3jLn1tUn2,14,-13.406890292652227,4,13.406890292652227,1,0,0,anti_homophones
7630,chang1gU1,9,-6.65223300224573,2,6.65223300224573,1,0,3,anti_homophones
7631,ge1yang2,8,-6.153697632310572,2,6.153697632310572,1,0,0,anti_homophones
7632,gO5sheng1,9,-7.913810689970659,2,7.913810689970659,1,0,0,anti_homophones
7633,qK2ji1fang2xin1,15,-10.733337044564278,4,10.733337044564278,1,0,0,anti_homophones
7634,tLn1hu4,7,-5.738248727608002,2,5.738248727608002,1,0,7,anti_homophones
7635,qin1yUn3zi5,11,-8.386403639923588,3,8.386403639923588,1,0,0,anti_homophones
7636,zV1zhen4chen3,13,-12.832729573797668,3,12.832729573797668,1,0,0,anti_homophones
7637,wu3gan3kV3,10,-9.442176708325508,3,9.442176708325508,1,0,0,anti_homophones
7638,jL1dQ4yi1ming2,14,-11.319639125077886,4,11.319639125077886,1,0,0,anti_homophones
7639,ke4se4,6,-5.248671522627944,2,5.248671522627944,1,0,3,anti_homophones
7640,hO3zhV1gong4,12,-9.046575592358918,3,9.046575592358918,1,0,0,anti_homophones
7641,yi1ba1,6,-5.281453284900106,2,5.281453284900106,1,0,6,anti_homophones
7642,kQ3xLng3,8,-6.164914564360749,2,6.164914564360749,1,0,3,anti_homophones
7643,shUn1wE3hI2,11,-9.940423535974535,3,9.940423535974535,1,0,0,anti_homophones
7644,zhang2xW4,9,-5.926092854315037,2,5.926092854315037,1,1,2,anti_homophones
7645,te4zhun4shen1,13,-9.913696331543214,3,9.913696331543214,1,0,0,anti_homophones
7646,nW4yu3xing1nan2,15,-12.322597627946548,4,12.322597627946548,1,0,0,anti_homophones
7647,lK1lK2ci2,9,-8.44313208100348,3,8.44313208100348,1,0,0,anti_homophones
7648,xW3zheng1,9,-5.550862815203016,2,5.550862815203016,1,1,2,anti_homophones
7649,ma3tV2she2dLn4,14,-11.467104920183143,4,11.467104920183143,1,0,0,anti_homophones
7650,xLng4bE1sheng2,14,-9.48226711734361,3,9.48226711734361,1,0,0,anti_homophones
7651,fa1dLn4bQ1,10,-7.726671790878753,3,7.726671790878753,1,0,0,anti_homophones
7652,yang3ji1er2,11,-8.983255776797057,3,8.983255776797057,1,0,0,anti_homophones
7653,gong1dW4,8,-5.904063204352118,2,5.904063204352118,1,0,5,anti_homophones
7654,ba1wen3pi4,10,-10.208186733620792,3,10.208186733620792,1,0,0,anti_homophones
7655,da3nLng2ri4,11,-10.01961094384991,3,10.01961094384991,1,0,0,anti_homophones
7656,jing1ha1,8,-6.7346664179918445,2,6.7346664179918445,1,0,1,anti_homophones
7657,ban3jW3,7,-6.061281579659566,2,6.061281579659566,1,0,3,anti_homophones
7658,zhI1bu4qUn1kong4,16,-11.637935866952658,4,11.637935866952658,1,0,0,anti_homophones
7659,bo1lang1mE3ren2,15,-11.094373711872263,4,11.094373711872263,1,0,0,anti_homophones
7660,ci4yu3hU4,9,-8.248751782909917,3,8.248751782909917,1,0,0,anti_homophones
7661,gO2jLn4yi4,10,-8.008334057461957,3,8.008334057461957,1,0,0,anti_homophones
7662,jing1lu4sA4,11,-8.95388905869283,3,8.95388905869283,1,0,0,anti_homophones
7663,lE4,3,-3.411943154957547,1,3.411943154957547,1,0,22,anti_homophones
7664,ban1dQ4,7,-5.587888938583731,2,5.587888938583731,1,0,4,anti_homophones
7665,tong2dLn3ji1,12,-8.704523581620847,3,8.704523581620847,1,0,0,anti_homophones
7666,lV2,3,-3.5513664113627645,1,3.5513664113627645,1,0,13,anti_homophones
7667,bA5,3,-5.451287605691423,1,5.451287605691423,1,0,6,anti_homophones
7668,mA3ku4,6,-6.128841425209655,2,6.128841425209655,1,0,1,anti_homophones
7669,bA3ku4,6,-5.322832142970723,2,5.322832142970723,1,0,4,anti_homophones
7670,shen4xing4,10,-5.933431140364878,2,5.933431140364878,1,0,1,anti_homophones
7671,chA1xL4fu5,10,-9.56067797952805,3,9.56067797952805,1,0,0,anti_homophones
7672,mu3gu3,6,-5.860967620102467,2,5.860967620102467,1,0,1,anti_homophones
7673,xLng3lLn4,9,-6.630220763430734,2,6.630220763430734,1,0,1,anti_homophones
7674,tang2tV2,8,-5.946678633878152,2,5.946678633878152,1,1,3,anti_homophones
7675,shen3hU4,8,-5.8844688896789945,2,5.8844688896789945,1,0,2,anti_homophones
7676,kang2qi3,8,-7.100572170292002,2,7.100572170292002,1,0,0,anti_homophones
7677,lin2qi1,7,-5.805962218833742,2,5.805962218833742,1,0,4,anti_homophones
7678,chi1yan4,8,-6.479845999926593,2,6.479845999926593,1,0,2,anti_homophones
7679,ji4jC2da4dLn4,13,-10.630958384725558,4,10.630958384725558,1,0,0,anti_homophones
7680,xing1lLng4,10,-6.119479797563765,2,6.119479797563765,1,0,3,anti_homophones
7681,xLn2ban4,8,-6.097725715991275,2,6.097725715991275,1,0,2,anti_homophones
7682,hV4shang2,9,-6.206889597364461,2,6.206889597364461,1,0,0,anti_homophones
7683,ku3lin2gong2rong4,17,-12.189762528748975,4,12.189762528748975,1,0,0,anti_homophones
7684,pen2xL1yan3,11,-10.388354978706081,3,10.388354978706081,1,0,0,anti_homophones
7685,ba3xC2,6,-5.7463287516290045,2,5.7463287516290045,1,0,2,anti_homophones
7686,bQ4lun4,7,-5.928476181522023,2,5.928476181522023,1,0,5,anti_homophones
7687,fa1qLng1,8,-5.798879826748696,2,5.798879826748696,1,0,2,anti_homophones
7688,xLn4sheng1,10,-5.738105753612761,2,5.738105753612761,1,1,4,anti_homophones
7689,gun3dLn4nan2,12,-9.716851976423579,3,9.716851976423579,1,0,0,anti_homophones
7690,lK2fa3lun2,10,-8.875173134443193,3,8.875173134443193,1,0,0,anti_homophones
7691,dan1ru4shI3,11,-8.775967449150134,3,8.775967449150134,1,0,0,anti_homophones
7692,shen1dLn4,9,-5.717254166066355,2,5.717254166066355,1,0,4,anti_homophones
7693,qu1ju3,6,-6.708459729314292,2,6.708459729314292,1,0,0,anti_homophones
7694,zhi3hUn1yV2,11,-9.212602312278355,3,9.212602312278355,1,0,0,anti_homophones
7695,zhV1xin1wu2yi4,14,-10.295794972144575,4,10.295794972144575,1,0,0,anti_homophones
7696,bu4gu4er2qing4,14,-10.308149298005906,4,10.308149298005906,1,0,0,anti_homophones
7697,mV2shV3,7,-5.909053271942715,2,5.909053271942715,1,0,0,anti_homophones
7698,hong1bu3kV3,11,-9.141649644003117,3,9.141649644003117,1,0,0,anti_homophones
7699,tI2fE4,6,-5.998495407147363,2,5.998495407147363,1,0,2,anti_homophones
7700,rong1kUng1,10,-6.967264929245279,2,6.967264929245279,1,0,0,anti_homophones
7701,xL1ya1,6,-6.64069136028328,2,6.64069136028328,1,0,3,anti_homophones
7702,shan3zhu4,9,-6.254173166674672,2,6.254173166674672,1,0,2,anti_homophones
7703,yin4jL1,7,-6.113927476240579,2,6.113927476240579,1,0,4,anti_homophones
7704,chI1ju4,7,-6.194114437792535,2,6.194114437792535,1,0,3,anti_homophones
7705,wu2sheng1,9,-5.1034152082701185,2,5.1034152082701185,1,1,4,anti_homophones
7706,hong2wu4song3ji4,16,-12.59460659100213,4,12.59460659100213,1,0,0,anti_homophones
7707,dan1li4ji2jL4,13,-10.640896454483201,4,10.640896454483201,1,0,0,anti_homophones
7708,kQ3wen2xin1ce4,14,-11.324049555435469,4,11.324049555435469,1,0,0,anti_homophones
7709,yi3yi4ye4,9,-7.835857475672823,3,7.835857475672823,1,0,0,anti_homophones
7710,min2jLn4,8,-5.864938056807238,2,5.864938056807238,1,0,1,anti_homophones
7711,cheng1yi4,9,-5.414691660549801,2,5.414691660549801,1,0,6,anti_homophones
7712,zhu4shu1ga3tM3,14,-14.320059863536013,4,14.320059863536013,1,0,0,anti_homophones
7713,leng2da4,8,-6.875796076357164,2,6.875796076357164,1,0,1,anti_homophones
7714,da4qu4,6,-5.542053346238243,2,5.542053346238243,1,0,10,anti_homophones
7715,shO1mE4,7,-5.934324647751498,2,5.934324647751498,1,0,3,anti_homophones
7716,jM2yun4dI4bA2,13,-11.708160552994684,4,11.708160552994684,1,0,0,anti_homophones
7717,tW1feng1qUn4,12,-10.103028182047083,3,10.103028182047083,1,0,0,anti_homophones
7718,yangO2,6,-8.182728459407906,2,8.182728459407906,1,0,1,anti_homophones
7719,ci2jLng1,8,-6.902477529206097,2,6.902477529206097,1,0,0,anti_homophones
7720,fa1sUn1shV3,11,-8.57756148125598,3,8.57756148125598,1,0,0,anti_homophones
7721,gI3yi1qi1,9,-8.925077507008481,3,8.925077507008481,1,0,0,anti_homophones
7722,ke4li4,6,-5.182724519450625,2,5.182724519450625,1,1,9,anti_homophones
7723,hong2kong2,10,-6.583811674204143,2,6.583811674204143,1,0,1,anti_homophones
7724,bQ3hUng2bang4,13,-10.050683683875356,3,10.050683683875356,1,0,0,anti_homophones
7725,shen4se4,8,-6.010466160639122,2,6.010466160639122,1,0,2,anti_homophones
7726,jK4shi4,7,-4.721826838758684,2,4.721826838758684,1,0,8,anti_homophones
7727,lQ3hu4hU4ti3,12,-9.929644640709096,4,9.929644640709096,1,0,0,anti_homophones
7728,ke4cha4,7,-6.812896380084189,2,6.812896380084189,1,0,0,anti_homophones
7729,lQ3ti3,6,-5.113325570687253,2,5.113325570687253,1,0,3,anti_homophones
7730,chUn3chang2,11,-6.897120322164544,2,6.897120322164544,1,0,1,anti_homophones
7731,jL1ran2sun3,11,-9.895469078616308,3,9.895469078616308,1,0,0,anti_homophones
7732,xi1shi3da4,10,-9.319856708288102,3,9.319856708288102,1,0,0,anti_homophones
7733,da4xYng2,8,-5.392352375420381,2,5.392352375420381,1,0,3,anti_homophones
7734,bQ4bW3,6,-5.841520637071238,2,5.841520637071238,1,0,3,anti_homophones
7735,xL4bu4ke3xin4,13,-9.48690699699776,4,9.48690699699776,1,0,0,anti_homophones
7736,bA2man2,7,-6.436077228293392,2,6.436077228293392,1,0,2,anti_homophones
7737,zi4qUn2jK4,10,-8.571566020448794,3,8.571566020448794,1,0,0,anti_homophones
7738,shu4nO4,7,-8.122876497353886,2,8.122876497353886,1,0,1,anti_homophones
7739,tong2jL1ti3,11,-8.148298449448493,3,8.148298449448493,1,0,0,anti_homophones
7740,xUn3yan2bu4zhe3,15,-10.455457997446057,4,10.455457997446057,1,0,0,anti_homophones
7741,jW3zi3,6,-6.0105022701190665,2,6.0105022701190665,1,0,3,anti_homophones
7742,qUn2geng2re4,12,-10.361473961080513,3,10.361473961080513,1,0,0,anti_homophones
7743,yin3bA4jing2,12,-9.046922858308927,3,9.046922858308927,1,0,0,anti_homophones
7744,tong4rV4,8,-6.505611744985278,2,6.505611744985278,1,0,1,anti_homophones
7745,hO4dI1,6,-6.7060213888915365,2,6.7060213888915365,1,0,1,anti_homophones
7746,yi4du4,6,-5.566357689521444,2,5.566357689521444,1,0,11,anti_homophones
7747,jing2tA2,8,-5.7675337003489835,2,5.7675337003489835,1,0,2,anti_homophones
7748,zong4dLn4zV3,12,-9.638890983546146,3,9.638890983546146,1,0,0,anti_homophones
7749,he2gan1pA4,10,-8.827243823719229,3,8.827243823719229,1,0,0,anti_homophones
7750,yu4sO3zha1,10,-9.484979747913117,3,9.484979747913117,1,0,0,anti_homophones
7751,chi1zi4,7,-6.990413259093131,2,6.990413259093131,1,0,1,anti_homophones
7752,wen2jL1,7,-5.4182273788391555,2,5.4182273788391555,1,0,2,anti_homophones
7753,fE2re4ling2xL4,14,-12.396847319834425,4,12.396847319834425,1,0,0,anti_homophones
7754,leng1gong1bE4,13,-9.376106425379088,3,9.376106425379088,1,0,0,anti_homophones
7755,bQ3gUn1,7,-5.539281838543586,2,5.539281838543586,1,1,2,anti_homophones
7756,qLn2nK3,7,-7.350939748828499,2,7.350939748828499,1,0,0,anti_homophones
7757,xin1ci2tun1,11,-9.453727143529518,3,9.453727143529518,1,0,0,anti_homophones
7758,can2peng1tLn1,13,-9.997344688751108,3,9.997344688751108,1,0,0,anti_homophones
7759,ding3li4,8,-6.094218237263381,2,6.094218237263381,1,0,3,anti_homophones
7760,da4jLn3shen1,12,-8.386355191143048,3,8.386355191143048,1,0,0,anti_homophones
7761,rV4pin1ming3yin3,16,-14.15380686210434,4,14.15380686210434,1,0,0,anti_homophones
7762,pW1qi3,6,-7.0524871246498755,2,7.0524871246498755,1,0,2,anti_homophones
7763,hA2cA2,6,-6.645547447341083,2,6.645547447341083,1,0,3,anti_homophones
7764,lin2mi4,7,-6.247085673549047,2,6.247085673549047,1,0,6,anti_homophones
7765,er4yUn2yQ4,10,-8.5667560020551,3,8.5667560020551,1,0,0,anti_homophones
7766,qLn1si3,7,-6.365704335628597,2,6.365704335628597,1,0,3,anti_homophones
7767,si4xLng4,8,-6.232744877857919,2,6.232744877857919,1,0,1,anti_homophones
7768,she2mo5,7,-7.551397707014149,2,7.551397707014149,1,0,0,anti_homophones
7769,zheng1ze2er2hO3,15,-11.299418925931404,4,11.299418925931404,1,0,0,anti_homophones
7770,fang2chV2cha4,13,-10.3627348743205,3,10.3627348743205,1,0,0,anti_homophones
7771,gong1hUng1,10,-6.097674640121795,2,6.097674640121795,1,0,3,anti_homophones
7772,da4hong4dQ4,11,-7.840800375502377,3,7.840800375502377,1,0,0,anti_homophones
7773,han2ling4,9,-7.4876201646995835,2,7.4876201646995835,1,0,1,anti_homophones
7774,yi1xLng1gUn1,12,-7.818394824486782,3,7.818394824486782,1,0,0,anti_homophones
7775,zhen2zhUn2V3,12,-10.797152378019643,3,10.797152378019643,1,0,0,anti_homophones
7776,bQ4deng1,8,-6.220389823626268,2,6.220389823626268,1,0,3,anti_homophones
7777,shi4ping4,9,-5.387319162320837,2,5.387319162320837,1,0,5,anti_homophones
7778,yin1yong2,9,-6.309343647674265,2,6.309343647674265,1,0,1,anti_homophones
7779,xun1zhen2,9,-7.166854240252179,2,7.166854240252179,1,0,1,anti_homophones
7780,zheng4fE4,9,-6.044055361076656,2,6.044055361076656,1,1,0,anti_homophones
7781,lQ3peng1,8,-5.521455171908225,2,5.521455171908225,1,1,0,anti_homophones
7782,hP2zhen2du4,11,-9.8414176598941,3,9.8414176598941,1,0,0,anti_homophones
7783,jin1zhu4hUng2fa3,16,-12.70409745119396,4,12.70409745119396,1,0,0,anti_homophones
7784,han4shi1,8,-6.246199012102375,2,6.246199012102375,1,0,4,anti_homophones
7785,shP4xun4,8,-6.626312561004382,2,6.626312561004382,1,0,1,anti_homophones
7786,si3jM2,6,-5.955793133697179,2,5.955793133697179,1,1,3,anti_homophones
7787,e4chan4,7,-6.53940457603877,2,6.53940457603877,1,0,2,anti_homophones
7788,ma3bang1,8,-6.841815354912325,2,6.841815354912325,1,0,2,anti_homophones
7789,mu4ming1ren2zhong2,18,-11.39539113015514,4,11.39539113015514,1,0,0,anti_homophones
7790,xW3xin1,7,-4.7075951276474415,2,4.7075951276474415,1,2,2,anti_homophones
7791,zhi4wen1,8,-6.2899051977878235,2,6.2899051977878235,1,0,1,anti_homophones
7792,wA4sI4,6,-5.578377456546444,2,5.578377456546444,1,0,5,anti_homophones
7793,zhu2hUn4mo2,11,-10.179062862662219,3,10.179062862662219,1,0,0,anti_homophones
7794,chang3li4yang4,14,-9.210952651384043,3,9.210952651384043,1,0,0,anti_homophones
7795,yu2dizheng4,11,-10.956339483914553,3,10.956339483914553,1,0,0,anti_homophones
7796,wu2sheng4,9,-5.310926400240971,2,5.310926400240971,1,1,3,anti_homophones
7797,zQ4long2,8,-7.401816191384073,2,7.401816191384073,1,0,0,anti_homophones
7798,zi1ling4,8,-6.477449129920217,2,6.477449129920217,1,0,5,anti_homophones
7799,cha1ban4,8,-6.086317735368469,2,6.086317735368469,1,0,1,anti_homophones
7800,gQ1shi2,7,-5.145932163095259,2,5.145932163095259,1,0,6,anti_homophones
7801,hV4qi1,6,-5.613679197710409,2,5.613679197710409,1,1,4,anti_homophones
7802,da4zhong1lu4,12,-8.128387005102963,3,8.128387005102963,1,0,0,anti_homophones
7803,tu4ce4,6,-6.368564374619524,2,6.368564374619524,1,0,3,anti_homophones
7804,ba4cA3feng3,11,-9.51183295630894,3,9.51183295630894,1,0,0,anti_homophones
7805,fang3shen1,10,-6.386779340645593,2,6.386779340645593,1,0,1,anti_homophones
7806,chang3jing3nv3nv3,17,-11.950685317939573,4,11.950685317939573,1,0,0,anti_homophones
7807,hUn4fa2,7,-6.796202247409343,2,6.796202247409343,1,0,0,anti_homophones
7808,hQ2an4shang3ding1,17,-12.894824441971108,4,12.894824441971108,1,0,0,anti_homophones
7809,shi2li4,7,-5.159792901982493,2,5.159792901982493,1,1,10,anti_homophones
7810,gang4xLng2,10,-6.778868801296823,2,6.778868801296823,1,0,1,anti_homophones
7811,shV3ze2tQ4yang2,15,-11.579842275870885,4,11.579842275870885,1,0,0,anti_homophones
7812,ding1zO4jun1,12,-9.591245842722104,3,9.591245842722104,1,0,0,anti_homophones
7813,zhi3dLn4xing1xC2,16,-11.247911697175159,4,11.247911697175159,1,0,0,anti_homophones
7814,wa3ge2,6,-6.068442925953019,2,6.068442925953019,1,0,1,anti_homophones
7815,shang4fang5,11,-7.907665801504569,2,7.907665801504569,1,0,1,anti_homophones
7816,pu4mu3yUn4,10,-10.368354166797195,3,10.368354166797195,1,0,0,anti_homophones
7817,ban1qi4zhi1zhu3,15,-11.514979477588435,4,11.514979477588435,1,0,0,anti_homophones
7818,du2chang4lM4,12,-8.975806599697199,3,8.975806599697199,1,0,0,anti_homophones
7819,wu1su4,6,-5.990317736993928,2,5.990317736993928,1,0,5,anti_homophones
7820,re4li4,6,-4.764821258232353,2,4.764821258232353,1,1,12,anti_homophones
7821,mu4shi1,7,-5.6987926595047735,2,5.6987926595047735,1,0,3,anti_homophones
7822,shV3tV2pi1fa3,13,-9.969618455501093,4,9.969618455501093,1,0,0,anti_homophones
7823,si1qu1,6,-5.576396272379831,2,5.576396272379831,1,1,2,anti_homophones
7824,hUn4mu3xing3chang4,18,-13.073487624996025,4,13.073487624996025,1,0,0,anti_homophones
7825,lun4zheng1,10,-6.330400768536066,2,6.330400768536066,1,0,1,anti_homophones
7826,wA4tan4,7,-6.206139127901676,2,6.206139127901676,1,0,1,anti_homophones
7827,ke1she4,7,-6.2567236245582825,2,6.2567236245582825,1,0,0,anti_homophones
7828,di3hun2su2,10,-10.751189019285079,3,10.751189019285079,1,0,0,anti_homophones
7829,hO3lW4,6,-5.002864714570344,2,5.002864714570344,1,1,2,anti_homophones
7830,jLn1xu4,7,-6.307758437722007,2,6.307758437722007,1,0,6,anti_homophones
7831,zhi1yUn4,8,-5.605965939180805,2,5.605965939180805,1,0,4,anti_homophones
7832,qLn2sheng4dong1,15,-9.662599849155075,3,9.662599849155075,1,0,0,anti_homophones
7833,fE1ban3,7,-6.050444562708966,2,6.050444562708966,1,0,2,anti_homophones
7834,jM2chang1,9,-6.152288292610763,2,6.152288292610763,1,0,2,anti_homophones
7835,nE4chan3hP4,11,-9.45708884555954,3,9.45708884555954,1,0,0,anti_homophones
7836,te4cha1,7,-6.188538616424709,2,6.188538616424709,1,0,0,anti_homophones
7837,han4jW3,7,-6.516159913876716,2,6.516159913876716,1,0,1,anti_homophones
7838,yang4gO1,8,-7.3297257858631575,2,7.3297257858631575,1,0,1,anti_homophones
7839,cA4dUn1zi5,10,-9.026935980538187,3,9.026935980538187,1,0,0,anti_homophones
7840,run4cA2jM4,10,-10.576699302569601,3,10.576699302569601,1,0,0,anti_homophones
7841,feng1cA4,8,-6.044812985639156,2,6.044812985639156,1,0,3,anti_homophones
7842,yV2wu2qK2,9,-8.07462001605555,3,8.07462001605555,1,0,0,anti_homophones
7843,chi2qLng2,9,-7.248298325562874,2,7.248298325562874,1,0,0,anti_homophones
7844,wen2fen4,8,-6.267878134379647,2,6.267878134379647,1,0,2,anti_homophones
7845,mLn4pang4,9,-7.003883735987369,2,7.003883735987369,1,0,2,anti_homophones
7846,tan2kan1,8,-6.730291015142215,2,6.730291015142215,1,0,0,anti_homophones
7847,gI4gan1gI1,10,-9.500159624359071,3,9.500159624359071,1,0,0,anti_homophones
7848,jW3dV4jW3,9,-8.006513775452847,3,8.006513775452847,1,0,0,anti_homophones
7849,xL4tan3,7,-6.38887463519749,2,6.38887463519749,1,0,2,anti_homophones
7850,bQ3mE2tong4,11,-8.648357366408996,3,8.648357366408996,1,0,0,anti_homophones
7851,ye4shan4,8,-6.563302378464062,2,6.563302378464062,1,0,0,anti_homophones
7852,shu2si1qi2,10,-9.566448852357619,3,9.566448852357619,1,0,0,anti_homophones
7853,kong4er2,8,-6.387194231655294,2,6.387194231655294,1,0,2,anti_homophones
7854,shI3mM4xM4,10,-8.532852465689462,3,8.532852465689462,1,0,0,anti_homophones
7855,A1gan1bu4shi4,13,-10.294665461679012,4,10.294665461679012,1,0,0,anti_homophones
7856,bo1fang2,8,-5.879786641938485,2,5.879786641938485,1,0,2,anti_homophones
7857,bu4ren2,7,-4.414483474325166,2,4.414483474325166,1,2,9,anti_homophones
7858,she4an4,7,-5.742013718850254,2,5.742013718850254,1,1,1,anti_homophones
7859,bu4dUn4yC1e4,12,-12.236783353878613,4,12.236783353878613,1,0,0,anti_homophones
7860,bing2lA2zi5,11,-8.07215610280197,3,8.07215610280197,1,0,0,anti_homophones
7861,jin1bang4,9,-6.740696052822179,2,6.740696052822179,1,0,1,anti_homophones
7862,sheng2ji1jLn4,13,-8.252043774582948,3,8.252043774582948,1,0,1,anti_homophones
7863,qin2zhV4,8,-6.8622231446452515,2,6.8622231446452515,1,0,1,anti_homophones
7864,chan1wen2,9,-6.118964346526556,2,6.118964346526556,1,0,2,anti_homophones
7865,wE4shI3,7,-5.542205677170046,2,5.542205677170046,1,0,3,anti_homophones
7866,hUng1wa3lv4,11,-9.555291447196227,3,9.555291447196227,1,0,0,anti_homophones
7867,jin4lW2,7,-7.100416820895601,2,7.100416820895601,1,0,1,anti_homophones
7868,bing4qLn2hO3,12,-9.198175079867497,3,9.198175079867497,1,0,0,anti_homophones
7869,dLn4shi4jing2,13,-8.006105927694579,3,8.006105927694579,1,0,0,anti_homophones
7870,yi4sheng4kong1,14,-9.128602687612702,3,9.128602687612702,1,0,0,anti_homophones
7871,xC4xing4,8,-5.431423084167147,2,5.431423084167147,1,0,6,anti_homophones
7872,xK4chang2hU4he2,15,-11.884865569570042,4,11.884865569570042,1,0,0,anti_homophones
7873,gUn1zhi4,8,-5.409876774921493,2,5.409876774921493,1,0,3,anti_homophones
7874,mu4ci4,6,-5.833016477086809,2,5.833016477086809,1,0,5,anti_homophones
7875,shi1cheng1,10,-5.994372707464156,2,5.994372707464156,1,0,3,anti_homophones
7876,jM3fang3dM1,11,-8.770230893732801,3,8.770230893732801,1,0,0,anti_homophones
7877,xi1xC3ben3,10,-8.081954770350166,3,8.081954770350166,1,0,0,anti_homophones
7878,xun2shu1lu4,11,-8.300688499633758,3,8.300688499633758,1,0,0,anti_homophones
7879,gV3yi4jing3,11,-8.81076308018705,3,8.81076308018705,1,0,0,anti_homophones
7880,hUn2yUn2,8,-5.661546738939843,2,5.661546738939843,1,0,2,anti_homophones
7881,xLn3jLn1ku3,11,-9.301467400986896,3,9.301467400986896,1,0,0,anti_homophones
7882,chu1kV3,7,-5.144875753234168,2,5.144875753234168,1,0,2,anti_homophones
7883,tI1jL1,6,-5.412776770347058,2,5.412776770347058,1,0,4,anti_homophones
7884,yi1xYng1yC4,11,-8.72947103994437,3,8.72947103994437,1,0,0,anti_homophones
7885,bu3zi1bu4fa4,12,-11.913982481454658,4,11.913982481454658,1,0,0,anti_homophones
7886,le4li3,6,-6.521713517962181,2,6.521713517962181,1,0,2,anti_homophones
7887,tI1ci4,6,-5.75629740412795,2,5.75629740412795,1,0,5,anti_homophones
7888,jW1rong4jin3,12,-9.141646322676547,3,9.141646322676547,1,0,0,anti_homophones
7889,er4yC4du2,9,-7.645559919667143,3,7.645559919667143,1,0,0,anti_homophones
7890,bQ3ti3yan2,10,-8.993314633048206,3,8.993314633048206,1,0,0,anti_homophones
7891,bW1ke4,6,-5.5295537858494495,2,5.5295537858494495,1,0,2,anti_homophones
7892,qing2sUn1jL1,12,-8.583216908245289,3,8.583216908245289,1,0,0,anti_homophones
7893,dA4lO4,6,-5.794948201500834,2,5.794948201500834,1,0,6,anti_homophones
7894,jL1mLn2,7,-6.372151391903854,2,6.372151391903854,1,0,3,anti_homophones
7895,jing4zhu3yi4le4,15,-10.798072636685715,4,10.798072636685715,1,0,0,anti_homophones
7896,wan4shi4qLn2,12,-8.66478985892631,3,8.66478985892631,1,0,0,anti_homophones
7897,cA4gUn3,7,-6.360564756035748,2,6.360564756035748,1,0,1,anti_homophones
7898,bu4pan2gO3,10,-8.816885530549156,3,8.816885530549156,1,0,0,anti_homophones
7899,xW3pen2,7,-5.783157545504714,2,5.783157545504714,1,0,1,anti_homophones
7900,ying1xi1yong1xC2,16,-11.805408952486818,4,11.805408952486818,1,0,0,anti_homophones
7901,gO4shi2xi4fu1,13,-11.168930540415328,4,11.168930540415328,1,0,0,anti_homophones
7902,hO3si1tW2,9,-8.630105134223255,3,8.630105134223255,1,0,0,anti_homophones
7903,ba2yV2lLn2ran2,14,-12.363277395420349,4,12.363277395420349,1,0,0,anti_homophones
7904,ling4zO4tan4ye4,15,-11.281514797289628,4,11.281514797289628,1,0,0,anti_homophones
7905,wu2A4,5,-5.059139468745873,2,5.059139468745873,1,1,1,anti_homophones
7906,leng1lK2chong1,14,-9.576816301239461,3,9.576816301239461,1,0,0,anti_homophones
7907,zhong4lLng1,11,-6.316741438830311,2,6.316741438830311,1,0,0,anti_homophones
7908,gV3tW3,6,-7.19592103507705,2,7.19592103507705,1,0,0,anti_homophones
7909,mo4dUn4mo2yan1,14,-11.579587561713854,4,11.579587561713854,1,0,0,anti_homophones
7910,yin2yan3he2,11,-9.07289533657712,3,9.07289533657712,1,0,0,anti_homophones
7911,mang2gO2,8,-7.046446087380116,2,7.046446087380116,1,0,0,anti_homophones
7912,pi1lQ2gu3gu3,12,-10.490356799350709,4,10.490356799350709,1,0,0,anti_homophones
7913,shi4chV2,8,-6.151553922477501,2,6.151553922477501,1,1,5,anti_homophones
7914,ban3cheng1,10,-6.179582631154446,2,6.179582631154446,1,0,0,anti_homophones
7915,sheng1yin1she4kong2,19,-11.904691163915915,4,11.904691163915915,1,0,0,anti_homophones
7916,chu4yi1zi4,10,-9.359770439292467,3,9.359770439292467,1,0,0,anti_homophones
7917,gO2bi3,6,-5.963560297705375,2,5.963560297705375,1,0,2,anti_homophones
7918,lLn2shu4ren4zhu3,16,-11.886585051316539,4,11.886585051316539,1,0,0,anti_homophones
7919,chang4fu4,9,-6.227887444217184,2,6.227887444217184,1,0,3,anti_homophones
7920,peng4zi5,8,-5.974410449044417,2,5.974410449044417,1,1,3,anti_homophones
7921,ji1lLn2pin3yang3,16,-12.13914815132656,4,12.13914815132656,1,0,0,anti_homophones
7922,gu3wen2,7,-5.245422785771633,2,5.245422785771633,1,0,4,anti_homophones
7923,yi1wu2se4,9,-7.259857867795626,3,7.259857867795626,1,0,0,anti_homophones
7924,nLn2shi4,8,-5.360604560345786,2,5.360604560345786,1,1,3,anti_homophones
7925,zhUn1he2,8,-6.17573084391581,2,6.17573084391581,1,0,0,anti_homophones
7926,hUn1yUn2e2,10,-9.023355139428183,3,9.023355139428183,1,0,0,anti_homophones
7927,da3sa1shen1,11,-9.480033346989108,3,9.480033346989108,1,0,0,anti_homophones
7928,da4jK3,6,-5.09577172742802,2,5.09577172742802,1,0,4,anti_homophones
7929,wo3dW4,6,-5.403722460456041,2,5.403722460456041,1,0,1,anti_homophones
7930,su4lun4fu5pLn4,14,-11.631893097540177,4,11.631893097540177,1,0,0,anti_homophones
7931,xM2ban1,7,-5.794109728976703,2,5.794109728976703,1,0,5,anti_homophones
7932,gan3pin3,8,-5.9614545111275214,2,5.9614545111275214,1,0,1,anti_homophones
7933,du4cheng2zheng3,15,-10.465567535949067,3,10.465567535949067,1,0,0,anti_homophones
7934,Q1tLn1feng1shi4,15,-10.714635766805642,4,10.714635766805642,1,0,0,anti_homophones
7935,yi1fa1,6,-5.2050296111384435,2,5.2050296111384435,1,0,5,anti_homophones
7936,li2nan2wE4,10,-8.087752782902513,3,8.087752782902513,1,0,0,anti_homophones
7937,lE4shu4,7,-6.095405666511917,2,6.095405666511917,1,0,5,anti_homophones
7938,tUn2zI3,7,-6.906919800737073,2,6.906919800737073,1,0,1,anti_homophones
7939,xi1lin2,7,-6.117009942960312,2,6.117009942960312,1,0,4,anti_homophones
7940,lang1min2zhong1xK3,18,-13.98274496578242,4,13.98274496578242,1,0,0,anti_homophones
7941,an1yu2xLng4xLn2,15,-11.745950721148498,4,11.745950721148498,1,0,0,anti_homophones
7942,wu2jLn4,7,-5.214036913617873,2,5.214036913617873,1,1,6,anti_homophones
7943,zhang4dI4,9,-6.049875643855789,2,6.049875643855789,1,0,2,anti_homophones
7944,jing2dong3zhU1,14,-10.65893931055234,3,10.65893931055234,1,0,0,anti_homophones
7945,jW4shi4,7,-4.920541391071113,2,4.920541391071113,1,1,9,anti_homophones
7946,lQ3shi4zhi3jL4,14,-10.151762199034138,4,10.151762199034138,1,0,0,anti_homophones
7947,jC2wu2gI3,9,-9.169485191631656,3,9.169485191631656,1,0,0,anti_homophones
7948,yC1hI2lu2hP2,12,-12.734271226125074,4,12.734271226125074,1,0,0,anti_homophones
7949,zhong1ke4,9,-5.767952600341026,2,5.767952600341026,1,0,4,anti_homophones
7950,cha2li3hu3chang3,16,-12.503828977169931,4,12.503828977169931,1,0,0,anti_homophones
7951,qLn1pA4,7,-5.661278698529293,2,5.661278698529293,1,1,2,anti_homophones
7952,yV4bu4le4,9,-8.756230005039834,3,8.756230005039834,1,0,0,anti_homophones
7953,xYng1ri4,8,-6.218629498719016,2,6.218629498719016,1,0,1,anti_homophones
7954,fa1ji1,6,-5.0370578901981515,2,5.0370578901981515,1,1,7,anti_homophones
7955,du2zheng1,9,-5.671610195795965,2,5.671610195795965,1,0,2,anti_homophones
7956,yQ2san3song4,12,-11.11046191683972,3,11.11046191683972,1,0,0,anti_homophones
7957,nQ3fan1cheng1,13,-10.023660341259912,3,10.023660341259912,1,0,0,anti_homophones
7958,fang4yi4,8,-5.502955242166291,2,5.502955242166291,1,0,4,anti_homophones
7959,mE2qLn2gUn3,11,-8.600928781146262,3,8.600928781146262,1,0,0,anti_homophones
7960,he2wu2shi1,10,-7.542003169803561,3,7.542003169803561,1,0,0,anti_homophones
7961,xM2wA1fa1,9,-9.57726310117033,3,9.57726310117033,1,0,0,anti_homophones
7962,ge2zhi1,7,-6.1666666700491515,2,6.1666666700491515,1,0,3,anti_homophones
7963,zhi3ceng1,9,-6.728682890900577,2,6.728682890900577,1,0,0,anti_homophones
7964,qing2xing2,10,-5.561593601358961,2,5.561593601358961,1,0,2,anti_homophones
7965,qUn1xL4,7,-6.617173232447306,2,6.617173232447306,1,0,0,anti_homophones
7966,dang2ming2ju1,13,-9.670524412667435,3,9.670524412667435,1,0,0,anti_homophones
7967,jL1jL4,6,-5.284281756865474,2,5.284281756865474,1,0,4,anti_homophones
7968,e4hUn4chan2,11,-10.652399658203763,3,10.652399658203763,1,0,0,anti_homophones
7969,shI4xi3ya1,10,-9.62159096286831,3,9.62159096286831,1,0,0,anti_homophones
7970,hu3jin1fang2,12,-9.781667981708758,3,9.781667981708758,1,0,0,anti_homophones
7971,he2pA1,6,-5.82015960225913,2,5.82015960225913,1,0,2,anti_homophones
7972,mV3gong1da2,11,-9.220439654499042,3,9.220439654499042,1,0,0,anti_homophones
7973,tQ3qu4qi4,9,-9.27227387491857,3,9.27227387491857,1,0,0,anti_homophones
7974,hI2gu4,6,-5.399918107886393,2,5.399918107886393,1,0,3,anti_homophones
7975,lK2cQ3cheng2zA1,15,-12.287850409045687,4,12.287850409045687,1,0,0,anti_homophones
7976,zO4nLn2tLn1jLn1,15,-12.211171993177375,4,12.211171993177375,1,0,0,anti_homophones
7977,ru2yan3,7,-5.721077872037762,2,5.721077872037762,1,0,2,anti_homophones
7978,hI4zu2lM4,9,-10.936040617534564,3,10.936040617534564,1,0,0,anti_homophones
7979,xing4fa3,8,-5.813103610360309,2,5.813103610360309,1,0,1,anti_homophones
7980,san1mu4,7,-5.925125211579283,2,5.925125211579283,1,0,2,anti_homophones
7981,pu4qing2tA1,11,-11.72302204801844,3,11.72302204801844,1,0,0,anti_homophones
7982,yUn2xu1nLn2,11,-8.887499293054436,3,8.887499293054436,1,0,0,anti_homophones
7983,tLn1za2xi1,10,-9.406762574809099,3,9.406762574809099,1,0,0,anti_homophones
7984,wE1lLng4,8,-5.986480324724718,2,5.986480324724718,1,0,1,anti_homophones
7985,hUng1yi4yQ4bE4,14,-11.283123895737488,4,11.283123895737488,1,0,0,anti_homophones
7986,xW3bA2,6,-5.560391043292324,2,5.560391043292324,1,0,2,anti_homophones
7987,tV2su4,6,-5.594155228674589,2,5.594155228674589,1,0,4,anti_homophones
7988,sheng1he2de2,12,-8.606533545573614,3,8.606533545573614,1,0,0,anti_homophones
7989,yV3shI3,7,-5.311109123396807,2,5.311109123396807,1,1,3,anti_homophones
7990,cha2zhi1se4gI3,14,-11.499301142151186,4,11.499301142151186,1,0,0,anti_homophones
7991,za2pQ4,6,-6.098580866462492,2,6.098580866462492,1,0,1,anti_homophones
7992,zQ3zi5,6,-5.535807995194544,2,5.535807995194544,1,1,11,anti_homophones
7993,rUn3zV4qi4,10,-7.980197429773759,3,7.980197429773759,1,0,0,anti_homophones
7994,wu4chan1,8,-6.800365431079151,2,6.800365431079151,1,0,0,anti_homophones
7995,shQ1yang2ji1,12,-8.663537488779758,3,8.663537488779758,1,0,0,anti_homophones
7996,sheng4tu2du4,12,-8.237056267401506,3,8.237056267401506,1,0,0,anti_homophones
7997,hE1li4,6,-5.834466594761007,2,5.834466594761007,1,0,5,anti_homophones
7998,pi1gA4nE4ru4,12,-10.704959023818079,4,10.704959023818079,1,0,0,anti_homophones
7999,zhV1yin3,8,-6.441388051353954,2,6.441388051353954,1,0,0,anti_homophones
8000,hUng1zhi4,9,-5.696368782752461,2,5.696368782752461,1,0,1,anti_homophones
8001,V1gong4tA1xW4,13,-12.021709778131347,4,12.021709778131347,1,0,0,anti_homophones
8002,ma3xW4,6,-5.708120393762618,2,5.708120393762618,1,0,0,anti_homophones
8003,mW2shu4zhun4zhi4,16,-12.962341253170441,4,12.962341253170441,1,0,0,anti_homophones
8004,ban1wen2xun4shI3,16,-11.714095694125676,4,11.714095694125676,1,0,0,anti_homophones
8005,tA2yUn1zheng3jin1,17,-14.042375190796987,4,14.042375190796987,1,0,0,anti_homophones
8006,ya4da2,6,-6.951721592756203,2,6.951721592756203,1,0,1,anti_homophones
8007,jL1zhen1,8,-6.058710980313198,2,6.058710980313198,1,0,1,anti_homophones
8008,jL3mQ4,6,-5.3010428702853005,2,5.3010428702853005,1,1,1,anti_homophones
8009,qing2ci2,8,-5.794011340012834,2,5.794011340012834,1,0,2,anti_homophones
8010,dLn1ji4,7,-6.401676886747069,2,6.401676886747069,1,0,3,anti_homophones
8011,qLn2chUng1,10,-6.148931885471161,2,6.148931885471161,1,0,2,anti_homophones
8012,bi4ji4,6,-5.754633877653634,2,5.754633877653634,1,0,9,anti_homophones
8013,zO3shI3,7,-6.214946296653977,2,6.214946296653977,1,0,2,anti_homophones
8014,cheng4tUn2,10,-7.10203388394477,2,7.10203388394477,1,0,0,anti_homophones
8015,tM3zhi1dong4,12,-8.59965076914756,3,8.59965076914756,1,0,0,anti_homophones
8016,jLng4qi4,8,-5.521964255037124,2,5.521964255037124,1,1,7,anti_homophones
8017,ri4chang4,9,-6.1004403257341,2,6.1004403257341,1,0,3,anti_homophones
8018,chu1gQ4,7,-5.85085770703583,2,5.85085770703583,1,0,5,anti_homophones
8019,xu4jing1,8,-6.202471313186264,2,6.202471313186264,1,0,6,anti_homophones
8020,lLn2ren2lE4pi2,14,-11.388325463679939,4,11.388325463679939,1,0,0,anti_homophones
8021,di1ding2,8,-5.94777109706963,2,5.94777109706963,1,0,5,anti_homophones
8022,gen1zi5,7,-5.2365917298057365,2,5.2365917298057365,1,0,3,anti_homophones
8023,lQ2dM2,6,-5.664162147612346,2,5.664162147612346,1,0,3,anti_homophones
8024,ban4tO1sO3,10,-8.930483254724795,3,8.930483254724795,1,0,0,anti_homophones
8025,bQ4ling1yi1tan2,15,-11.365965950870548,4,11.365965950870548,1,0,0,anti_homophones
8026,she3hQ3,7,-7.08194585332341,2,7.08194585332341,1,0,0,anti_homophones
8027,zhong1kV3,9,-5.588578100340058,2,5.588578100340058,1,0,0,anti_homophones
8028,hen2shi4ling1ye4,16,-12.580051166938723,4,12.580051166938723,1,0,0,anti_homophones
8029,tI1cheng3,9,-6.274725440174419,2,6.274725440174419,1,0,0,anti_homophones
8030,ang4re5shu4,11,-12.345373905197143,3,12.345373905197143,1,0,0,anti_homophones
8031,pin2xL4li4,10,-8.869585655842831,3,8.869585655842831,1,0,0,anti_homophones
8032,nW3wo4,6,-6.456855264845665,2,6.456855264845665,1,1,1,anti_homophones
8033,xLng2hong2,10,-6.8108248486225635,2,6.8108248486225635,1,0,1,anti_homophones
8034,yu2dM2,6,-5.771410252361599,2,5.771410252361599,1,0,2,anti_homophones
8035,kV3tV2,6,-5.406406274039252,2,5.406406274039252,1,0,3,anti_homophones
8036,jing1tun2qun2,13,-10.48401550206076,3,10.48401550206076,1,0,0,anti_homophones
8037,yV3hO3li4,9,-7.989428160312581,3,7.989428160312581,1,0,0,anti_homophones
8038,xLng2shO1,9,-6.231085308507226,2,6.231085308507226,1,0,2,anti_homophones
8039,zhQ4hQ3,7,-6.37944010130855,2,6.37944010130855,1,0,1,anti_homophones
8040,yu4shO4gP4,10,-9.716343675358694,3,9.716343675358694,1,0,0,anti_homophones
8041,zhi3bi3fu1,10,-8.846144705497148,3,8.846144705497148,1,0,0,anti_homophones
8042,zUn4zi5,7,-6.050761310024545,2,6.050761310024545,1,0,3,anti_homophones
8043,gA3yV2zhen1,11,-9.400356120810217,3,9.400356120810217,1,0,0,anti_homophones
8044,ni2lK1bin1,10,-9.773426217317065,3,9.773426217317065,1,0,0,anti_homophones
8045,ming1gI4,8,-6.758276315745358,2,6.758276315745358,1,0,0,anti_homophones
8046,yan3ze2,7,-5.679559369793778,2,5.679559369793778,1,0,2,anti_homophones
8047,sheng1nQ3,9,-6.281762355773364,2,6.281762355773364,1,0,2,anti_homophones
8048,gong2pQ2,8,-6.360020366708389,2,6.360020366708389,1,0,0,anti_homophones
8049,rQ4wE2bu4lA2,12,-11.238176918462695,4,11.238176918462695,1,0,0,anti_homophones
8050,ga1lO2bo5,9,-8.710392673345018,3,8.710392673345018,1,0,0,anti_homophones
8051,sha1zi1,7,-5.787609351896991,2,5.787609351896991,1,0,4,anti_homophones
8052,tong1zE2yC4,11,-9.836705188867544,3,9.836705188867544,1,0,0,anti_homophones
8053,zhan4zhu3,9,-6.311177278239026,2,6.311177278239026,1,0,1,anti_homophones
8054,ji4yi4shI3long3,15,-11.247797347532295,4,11.247797347532295,1,0,0,anti_homophones
8055,qing4pin3,9,-5.989459569813029,2,5.989459569813029,1,0,1,anti_homophones
8056,deng1chun4hI4,13,-9.594672433676687,3,9.594672433676687,1,0,0,anti_homophones
8057,bu4po2po4he2,12,-9.74973722735832,4,9.74973722735832,1,0,0,anti_homophones
8058,tW3fen4,7,-6.525598978433988,2,6.525598978433988,1,0,1,anti_homophones
8059,pa2ling2di4zheng1,17,-12.266187867529467,4,12.266187867529467,1,0,0,anti_homophones
8060,zi4bu4shu1,10,-7.424319303247643,3,7.424319303247643,1,0,0,anti_homophones
8061,bLn1shen4fan3me5,16,-12.798892255104342,4,12.798892255104342,1,0,0,anti_homophones
8062,ti2bM2,6,-5.808937912354193,2,5.808937912354193,1,0,2,anti_homophones
8063,jin1gA4,7,-5.9853942659877735,2,5.9853942659877735,1,0,4,anti_homophones
8064,jing1jLn1,9,-6.066894075807757,2,6.066894075807757,1,0,1,anti_homophones
8065,chan1qUn2,9,-6.0307555474835555,2,6.0307555474835555,1,0,2,anti_homophones
8066,chen1shQ3yUn2zhi4,17,-11.734896822851956,4,11.734896822851956,1,0,0,anti_homophones
8067,ceng4dang3,10,-7.752501455123034,2,7.752501455123034,1,0,1,anti_homophones
8068,fen1kUn3jLn4,12,-9.21690896078272,3,9.21690896078272,1,0,0,anti_homophones
8069,ke4shu3,7,-6.613156233225975,2,6.613156233225975,1,0,1,anti_homophones
8070,ran2yC1,7,-6.456824939329987,2,6.456824939329987,1,0,2,anti_homophones
8071,nQ3kUng4ju2,11,-9.802174523598241,3,9.802174523598241,1,0,0,anti_homophones
8072,an1si3gU1,9,-9.476206851868948,3,9.476206851868948,1,0,0,anti_homophones
8073,na4men2,7,-5.446085347981814,2,5.446085347981814,1,0,3,anti_homophones
8074,xLn4hU4,7,-4.981394445755952,2,4.981394445755952,1,1,4,anti_homophones
8075,yi2shO1qi1,10,-8.533824450683923,3,8.533824450683923,1,0,0,anti_homophones
8076,zu2fang1,8,-7.167896409596234,2,7.167896409596234,1,0,1,anti_homophones
8077,lQ3ma3yu3,9,-8.346929314561404,3,8.346929314561404,1,0,0,anti_homophones
8078,sUn4mLn3ji1zhi2,15,-12.551894276445102,4,12.551894276445102,1,0,0,anti_homophones
8079,re4wE4,6,-5.927731777171728,2,5.927731777171728,1,0,6,anti_homophones
8080,zhong2wE3shu4,13,-8.568489597713132,3,8.568489597713132,1,0,0,anti_homophones
8081,shi4ya3,7,-6.363006803371507,2,6.363006803371507,1,0,5,anti_homophones
8082,dang1zO4,8,-6.152179754991624,2,6.152179754991624,1,0,0,anti_homophones
8083,pi1zeng3shan1teng4,18,-15.536771557479932,4,15.536771557479932,1,0,0,anti_homophones
8084,ping2ke3de5,11,-8.993562632671589,3,8.993562632671589,1,0,0,anti_homophones
8085,ming2dQ4,8,-5.65953894655443,2,5.65953894655443,1,1,5,anti_homophones
8086,xUn3xLng2ming2,14,-9.387734707681448,3,9.387734707681448,1,0,0,anti_homophones
8087,mLn4bA2,7,-6.346522273934271,2,6.346522273934271,1,0,4,anti_homophones
8088,shan3jL5,8,-7.185143474489266,2,7.185143474489266,1,0,0,anti_homophones
8089,shV1yV2li5chQ3,14,-13.451362026860604,4,13.451362026860604,1,0,0,anti_homophones
8090,tO1gV4qu3,9,-8.728531371213982,3,8.728531371213982,1,0,0,anti_homophones
8091,cQ3jLn1,7,-5.790020753549632,2,5.790020753549632,1,0,2,anti_homophones
8092,ti3nv3shP1,10,-10.39477431079348,3,10.39477431079348,1,0,0,anti_homophones
8093,dLn3er2shi1zhe4,15,-11.719303648536085,4,11.719303648536085,1,0,0,anti_homophones
8094,gU1fen3,7,-6.443906455558158,2,6.443906455558158,1,0,0,anti_homophones
8095,tI1jL4,6,-5.323158585228994,2,5.323158585228994,1,0,3,anti_homophones
8096,da4shi4yi4tV2,13,-9.873077903629927,4,9.873077903629927,1,0,0,anti_homophones
8097,fu4zhan1jL1,11,-8.282160219259964,3,8.282160219259964,1,0,0,anti_homophones
8098,yi1chUn3,8,-5.997395566392623,2,5.997395566392623,1,0,2,anti_homophones
8099,lQ3shu1ran2,11,-7.846388029091411,3,7.846388029091411,1,0,0,anti_homophones
8100,yan3jLn4,8,-5.414046652447349,2,5.414046652447349,1,1,5,anti_homophones
8101,jLn1fu4qi1,10,-7.967345985502344,3,7.967345985502344,1,0,0,anti_homophones
8102,rong4bLn4bi3,12,-9.909853400188942,3,9.909853400188942,1,0,0,anti_homophones
8103,jLn1lV4xing1,12,-9.715896048529025,3,9.715896048529025,1,0,0,anti_homophones
8104,zO4yi3zhong1,12,-8.929872440647124,3,8.929872440647124,1,0,0,anti_homophones
8105,jing3li4zhong4re4,17,-12.113752357626145,4,12.113752357626145,1,0,0,anti_homophones
8106,qUn2de5,7,-6.309355465591037,2,6.309355465591037,1,0,0,anti_homophones
8107,hong1feng4mLn4,14,-9.31138865218601,3,9.31138865218601,1,0,0,anti_homophones
8108,hO3yang4,8,-6.1802859145441245,2,6.1802859145441245,1,0,2,anti_homophones
8109,wang3yUn3,9,-6.731436664553767,2,6.731436664553767,1,0,1,anti_homophones
8110,yV2fan3xing2hU4,15,-10.902038182952241,4,10.902038182952241,1,0,0,anti_homophones
8111,hE1du4,6,-5.323424397270955,2,5.323424397270955,1,0,7,anti_homophones
8112,wu2fan2,7,-5.853659092574585,2,5.853659092574585,1,0,6,anti_homophones
8113,mA4gO3zan3hang3,15,-13.534985401622773,4,13.534985401622773,1,0,0,anti_homophones
8114,bi3xC4A2,8,-7.915379405704976,3,7.915379405704976,1,0,0,anti_homophones
8115,li4ni4,6,-7.152226948161496,2,7.152226948161496,1,0,3,anti_homophones
8116,shi1yang4yang2,14,-9.187640518275032,3,9.187640518275032,1,0,0,anti_homophones
8117,wu3yi1qLn2,10,-8.302352949890853,3,8.302352949890853,1,0,0,anti_homophones
8118,gUn1tM3lun4han1,15,-12.8649543445256,4,12.8649543445256,1,0,0,anti_homophones
8119,bu4jM1,6,-5.855887972072915,2,5.855887972072915,1,0,5,anti_homophones
8120,xu1kong4,8,-6.44334635546134,2,6.44334635546134,1,0,2,anti_homophones
8121,xW3xLn2,7,-5.643967948401296,2,5.643967948401296,1,0,2,anti_homophones
8122,yang2bing1,10,-6.780474041563942,2,6.780474041563942,1,0,0,anti_homophones
8123,chUng4zheng1hang1,17,-10.343129239296262,3,10.343129239296262,1,0,0,anti_homophones
8124,xLn4gan3jM4,11,-8.857742654383584,3,8.857742654383584,1,0,0,anti_homophones
8125,chV2ma3,7,-6.042411265553749,2,6.042411265553749,1,0,2,anti_homophones
8126,si3wu3,6,-5.9413359784678015,2,5.9413359784678015,1,1,3,anti_homophones
8127,zhi1wu4,7,-5.241562732198722,2,5.241562732198722,1,0,4,anti_homophones
8128,zhUng2xun2yang4,15,-9.894339090592064,3,9.894339090592064,1,0,0,anti_homophones
8129,sheng4gong2,11,-6.469956235947022,2,6.469956235947022,1,0,1,anti_homophones
8130,bu4xLng1kan1,12,-9.066823371658609,3,9.066823371658609,1,0,0,anti_homophones
8131,fang4zhang3,11,-6.369710137492734,2,6.369710137492734,1,0,1,anti_homophones
8132,bQ4fen2,7,-6.7981158577090985,2,6.7981158577090985,1,0,0,anti_homophones
8133,gI3hA4,6,-6.278497178418832,2,6.278497178418832,1,0,2,anti_homophones
8134,wu2bQ4ke2ye4,12,-13.505593556161063,4,13.505593556161063,1,0,0,anti_homophones
8135,lK2xin1A4,9,-7.272009645823485,3,7.272009645823485,1,0,0,anti_homophones
8136,chu1lun2,8,-5.847946954242357,2,5.847946954242357,1,0,2,anti_homophones
8137,mo4wu2wu2la4,12,-11.528137922888849,4,11.528137922888849,1,0,0,anti_homophones
8138,zhUn1yin1,9,-6.2057466332272,2,6.2057466332272,1,0,0,anti_homophones
8139,hO4ru4shu4,10,-8.713616650629497,3,8.713616650629497,1,0,0,anti_homophones
8140,zhQ3ding4,9,-7.051438791172834,2,7.051438791172834,1,0,1,anti_homophones
8141,jM2shi2shen1,12,-8.527095679068347,3,8.527095679068347,1,0,0,anti_homophones
8142,hu2ji2,6,-5.532893392252144,2,5.532893392252144,1,0,11,anti_homophones
8143,sha1jin1,8,-6.169576600276054,2,6.169576600276054,1,0,1,anti_homophones
8144,da4xK1xL4,9,-7.208508862334046,3,7.208508862334046,1,0,0,anti_homophones
8145,zheng2gQ3ren2,13,-8.946894635416808,3,8.946894635416808,1,0,0,anti_homophones
8146,jW4dang1,8,-7.1062888369140484,2,7.1062888369140484,1,0,0,anti_homophones
8147,lE2tong4yi3xM1,14,-12.793213051742603,4,12.793213051742603,1,0,0,anti_homophones
8148,wA4gong2zhang2,14,-9.028276441116637,3,9.028276441116637,1,0,0,anti_homophones
8149,kan1jW4,7,-6.521637152295346,2,6.521637152295346,1,0,0,anti_homophones
8150,zu1xu1ma1,9,-10.228297290284084,3,10.228297290284084,1,0,0,anti_homophones
8151,kV3gV3,6,-6.778700072071856,2,6.778700072071856,1,0,1,anti_homophones
8152,da4wu3,6,-5.340464714295121,2,5.340464714295121,1,2,4,anti_homophones
8153,gQ1yC4,6,-5.6753813413208665,2,5.6753813413208665,1,0,7,anti_homophones
8154,hUn2xK1ye3,10,-9.820914732420754,3,9.820914732420754,1,0,0,anti_homophones
8155,qUn2dan1nv3,11,-9.251582155648142,3,9.251582155648142,1,0,0,anti_homophones
8156,tong4wE4,8,-5.747109660168074,2,5.747109660168074,1,0,0,anti_homophones
8157,jin1cA3,7,-6.406910818122797,2,6.406910818122797,1,0,4,anti_homophones
8158,da4shen2,8,-5.37871641760467,2,5.37871641760467,1,0,0,anti_homophones
8159,shan1fang4,10,-6.457008922815296,2,6.457008922815296,1,0,1,anti_homophones
8160,cha1qi4xing2fan1,16,-12.275967735776943,4,12.275967735776943,1,0,0,anti_homophones
8161,pa2lUn4,7,-6.06937576500942,2,6.06937576500942,1,0,2,anti_homophones
8162,an1du4ji1,9,-7.819919074559526,3,7.819919074559526,1,0,0,anti_homophones
8163,zhang2shUn3,11,-7.6454079093582195,2,7.6454079093582195,1,0,0,anti_homophones
8164,bing2yan3,9,-5.866284692218069,2,5.866284692218069,1,0,1,anti_homophones
8165,li3shu1shi2qi4,14,-10.36139644007013,4,10.36139644007013,1,0,0,anti_homophones
8166,sheng2yu2zheng1xLn3,19,-12.167830272955303,4,12.167830272955303,1,0,0,anti_homophones
8167,chun2he2,8,-6.421459894987679,2,6.421459894987679,1,0,0,anti_homophones
8168,tI4xK1,6,-5.752937438626145,2,5.752937438626145,1,1,1,anti_homophones
8169,jM2pin3,7,-6.271907885332427,2,6.271907885332427,1,0,2,anti_homophones
8170,dong2ping1ji4,13,-9.569594735573263,3,9.569594735573263,1,0,0,anti_homophones
8171,kO4yong4ke4,11,-9.311153491697942,3,9.311153491697942,1,0,0,anti_homophones
8172,pang2hQ3jing4,13,-10.433618007959872,3,10.433618007959872,1,0,0,anti_homophones
8173,lu4xYng1,8,-6.9144797050511215,2,6.9144797050511215,1,0,0,anti_homophones
8174,zQ1ju4,6,-6.460505424459313,2,6.460505424459313,1,0,0,anti_homophones
8175,hang1yong4jin4yi1,17,-12.791101595251888,4,12.791101595251888,1,0,0,anti_homophones
8176,ni4bu4lW4,9,-8.025467926190691,3,8.025467926190691,1,0,0,anti_homophones
8177,wE2zO4,6,-5.786056869469812,2,5.786056869469812,1,0,3,anti_homophones
8178,zhUn3jLn1xing4,14,-8.883994166445376,3,8.883994166445376,1,0,0,anti_homophones
8179,bQ3wen2nan4,11,-9.031630767762836,3,9.031630767762836,1,0,0,anti_homophones
8180,ling4xin4,9,-6.343024342083107,2,6.343024342083107,1,0,2,anti_homophones
8181,ma3chi2,7,-6.622991037064841,2,6.622991037064841,1,0,1,anti_homophones
8182,wu3qi4,6,-4.879489641105106,2,4.879489641105106,1,1,8,anti_homophones
8183,jin4pang2li2,12,-9.83672439770697,3,9.83672439770697,1,0,0,anti_homophones
8184,jLn1A4,6,-5.718231173576498,2,5.718231173576498,1,0,4,anti_homophones
8185,gong4fang4,10,-6.215475604016004,2,6.215475604016004,1,0,1,anti_homophones
8186,chan1shi4lM4,12,-8.897946890094262,3,8.897946890094262,1,0,0,anti_homophones
8187,lQ3lun2,7,-5.665863614889872,2,5.665863614889872,1,0,4,anti_homophones
8188,yin1li3xC2jin3,14,-10.50754301841173,4,10.50754301841173,1,0,0,anti_homophones
8189,ji1shI3ke4lLn4,14,-11.919256909808475,4,11.919256909808475,1,0,0,anti_homophones
8190,chun4ji3,8,-7.419885927622659,2,7.419885927622659,1,0,2,anti_homophones
8191,shu4ci2,7,-5.510617136872495,2,5.510617136872495,1,1,6,anti_homophones
8192,da4jW1che1,10,-7.492857117844449,3,7.492857117844449,1,0,0,anti_homophones
8193,yin3xing2,9,-5.877031088877696,2,5.877031088877696,1,0,5,anti_homophones
8194,zI3kun4,7,-7.122970523742906,2,7.122970523742906,1,0,0,anti_homophones
8195,fE1pQ4,6,-5.466182925792318,2,5.466182925792318,1,0,1,anti_homophones
8196,sheng1bi4gO2hO4,15,-10.888204226680097,4,10.888204226680097,1,0,0,anti_homophones
8197,ke1ze2,6,-6.38378259120606,2,6.38378259120606,1,0,2,anti_homophones
8198,hO3jL1,6,-5.356370962421685,2,5.356370962421685,1,0,2,anti_homophones
8199,wE4dLn4,7,-5.784066227104748,2,5.784066227104748,1,0,1,anti_homophones
8200,xL4man4fang1,12,-9.354347836838294,3,9.354347836838294,1,0,0,anti_homophones
8201,mo4wu3yi3dan1,13,-11.614424151729397,4,11.614424151729397,1,0,0,anti_homophones
8202,yV3xLn1wen4,11,-8.725851561951998,3,8.725851561951998,1,0,0,anti_homophones
8203,ye3wen2qin3gan3,15,-14.190427535961991,4,14.190427535961991,1,0,0,anti_homophones
8204,zhong4shi4,10,-5.268301735726542,2,5.268301735726542,1,0,4,anti_homophones
8205,xW3xLng4,8,-5.178166380011435,2,5.178166380011435,1,0,5,anti_homophones
8206,fan4qi4,7,-5.056002323705689,2,5.056002323705689,1,1,10,anti_homophones
8207,kA1tO1,6,-5.123449294589617,2,5.123449294589617,1,1,3,anti_homophones
8208,qK2ma3,6,-6.042385974123077,2,6.042385974123077,1,0,1,anti_homophones
8209,can1zhen1yi4,12,-8.790865809020532,3,8.790865809020532,1,0,0,anti_homophones
8210,xing1nen4,9,-6.868365217921017,2,6.868365217921017,1,0,1,anti_homophones
8211,gong1fu1,8,-6.107010836020438,2,6.107010836020438,1,0,2,anti_homophones
8212,chQ2ji2,7,-5.911051282696626,2,5.911051282696626,1,0,1,anti_homophones
8213,shU3nong1,9,-5.970265007969556,2,5.970265007969556,1,0,0,anti_homophones
8214,ye1zhi1se4,10,-8.021017683765919,3,8.021017683765919,1,0,0,anti_homophones
8215,za2xin1,7,-5.971302417498105,2,5.971302417498105,1,0,1,anti_homophones
8216,xi1ya2,6,-5.926694672795729,2,5.926694672795729,1,0,3,anti_homophones
8217,zA4chan4,8,-6.220671387970307,2,6.220671387970307,1,0,0,anti_homophones
8218,jM1wang4zhQ4mi2,15,-14.095451947447714,4,14.095451947447714,1,0,0,anti_homophones
8219,ding1shi4,9,-5.74499855481186,2,5.74499855481186,1,0,6,anti_homophones
8220,xin1yang2,9,-5.902255051171827,2,5.902255051171827,1,0,2,anti_homophones
8221,hI2shun4,8,-6.850364158932738,2,6.850364158932738,1,0,0,anti_homophones
8222,lLng4qi4,8,-5.452438860418994,2,5.452438860418994,1,1,6,anti_homophones
8223,xYng1hP2,8,-7.282734572340866,2,7.282734572340866,1,0,1,anti_homophones
8224,re4hQ4,6,-6.273693577362115,2,6.273693577362115,1,0,5,anti_homophones
8225,lang1wang2,10,-7.482955141296576,2,7.482955141296576,1,0,1,anti_homophones
8226,hE1sO1,6,-6.027886579028635,2,6.027886579028635,1,0,1,anti_homophones
8227,yin3mang2,9,-7.240948183252802,2,7.240948183252802,1,0,0,anti_homophones
8228,leng1si4ju1zhang2,17,-12.426992116195654,4,12.426992116195654,1,0,0,anti_homophones
8229,jing2jL4,8,-5.5542535537300814,2,5.5542535537300814,1,1,5,anti_homophones
8230,yu4wE4,6,-5.298715757896569,2,5.298715757896569,1,0,8,anti_homophones
8231,qin2ge1,7,-6.496721959285174,2,6.496721959285174,1,0,0,anti_homophones
8232,jW1hO3yang2,11,-8.218570833717623,3,8.218570833717623,1,0,0,anti_homophones
8233,yi1dLn4,7,-4.5960121389112585,2,4.5960121389112585,1,1,7,anti_homophones
8234,sha4qing4,9,-6.944681110041093,2,6.944681110041093,1,0,2,anti_homophones
8235,hong4yu4lu4,11,-8.836734082398225,3,8.836734082398225,1,0,0,anti_homophones
8236,shang3zhe4ma2,13,-10.781346753228394,3,10.781346753228394,1,0,0,anti_homophones
8237,ji4hI2long1,11,-8.910121731720686,3,8.910121731720686,1,0,0,anti_homophones
8238,ji1an4mA4,9,-8.515595752306035,3,8.515595752306035,1,0,0,anti_homophones
8239,gan3hu2,7,-6.564697434074887,2,6.564697434074887,1,0,1,anti_homophones
8240,zhong3xYng1chi2tUn2,19,-12.732347752995645,4,12.732347752995645,1,0,0,anti_homophones
8241,jL1ye4jL1,9,-8.119224107692473,3,8.119224107692473,1,0,0,anti_homophones
8242,wu2zhang2xK1jLn4,16,-12.294065627513124,4,12.294065627513124,1,0,0,anti_homophones
8243,shan1fa3,8,-6.217325586725541,2,6.217325586725541,1,0,0,anti_homophones
8244,sheng4cheng1zhi3,16,-9.058249639866398,3,9.058249639866398,1,0,0,anti_homophones
8245,jW1zhi4,7,-5.276045096372358,2,5.276045096372358,1,0,3,anti_homophones
8246,zI4wE4kV3,9,-8.592922416126271,3,8.592922416126271,1,0,0,anti_homophones
8247,can1ming2,9,-6.054963856006301,2,6.054963856006301,1,0,4,anti_homophones
8248,xLn2nong4,9,-6.668074136633191,2,6.668074136633191,1,0,0,anti_homophones
8249,hang2shang2yi4,14,-9.085670138610721,3,9.085670138610721,1,0,0,anti_homophones
8250,qLng4lv4,8,-6.160820063267857,2,6.160820063267857,1,0,1,anti_homophones
8251,yan3si1,7,-5.9641919378028,2,5.9641919378028,1,0,4,anti_homophones
8252,bA2zi3,6,-5.414908207989757,2,5.414908207989757,1,1,5,anti_homophones
8253,pW2chUng1dang4,14,-9.762104970830768,3,9.762104970830768,1,0,0,anti_homophones
8254,zheng3dQ4er3,12,-9.842913581797013,3,9.842913581797013,1,0,0,anti_homophones
8255,gUn1zhu2,8,-6.391028370076786,2,6.391028370076786,1,0,1,anti_homophones
8256,tun2yUn2jing1A4,15,-12.640899357690673,4,12.640899357690673,1,0,0,anti_homophones
8257,ding1gP2,8,-7.98944854837552,2,7.98944854837552,1,0,0,anti_homophones
8258,xLn1li4,7,-5.529772620510203,2,5.529772620510203,1,0,7,anti_homophones
8259,ma2hO4,6,-5.604313147145187,2,5.604313147145187,1,1,3,anti_homophones
8260,chen2yang2,10,-6.847377643694684,2,6.847377643694684,1,0,0,anti_homophones
8261,tu3wu3hU4,9,-8.114669476343163,3,8.114669476343163,1,0,0,anti_homophones
8262,jM3man3de2zhUn2,15,-12.309618682380462,4,12.309618682380462,1,0,0,anti_homophones
8263,zhong1ni4,9,-7.1253083048593915,2,7.1253083048593915,1,0,3,anti_homophones
8264,neng4hU4,8,-6.446176893476889,2,6.446176893476889,1,0,3,anti_homophones
8265,xun2zong1xun4,13,-9.991138264768091,3,9.991138264768091,1,0,0,anti_homophones
8266,yan3zhang4,10,-6.019913650421174,2,6.019913650421174,1,0,3,anti_homophones
8267,han2xLn1fa1ji2,14,-12.29935592165606,4,12.29935592165606,1,0,0,anti_homophones
8268,gO4dOshI3ji1,12,-14.362585579583802,4,14.362585579583802,1,0,0,anti_homophones
8269,e4zA3gan1ti2,12,-14.434417489768895,4,14.434417489768895,1,0,0,anti_homophones
8270,yUn1cA1pQ4,10,-11.853462366877677,3,11.853462366877677,1,0,0,anti_homophones
8271,jM2gV4,6,-5.1802742521455905,2,5.1802742521455905,1,0,3,anti_homophones
8272,cV4shu4xi2,10,-9.54158287802491,3,9.54158287802491,1,0,0,anti_homophones
8273,pi2jun1,7,-5.851266782476795,2,5.851266782476795,1,1,1,anti_homophones
8274,dang2hU4ju4xi2,14,-11.483804359359853,4,11.483804359359853,1,0,0,anti_homophones
8275,tO1lan3ju3ji1,13,-11.619538476508156,4,11.619538476508156,1,0,0,anti_homophones
8276,hA1chUn4zi5,11,-9.639524198300549,3,9.639524198300549,1,0,0,anti_homophones
8277,hO3lu4,6,-5.264116028044205,2,5.264116028044205,1,1,5,anti_homophones
8278,hU1lv3yi4,9,-8.484779034456354,3,8.484779034456354,1,0,0,anti_homophones
8279,gu1di4,6,-5.469081735932795,2,5.469081735932795,1,0,5,anti_homophones
8280,lLn2ren2,8,-5.208316743865734,2,5.208316743865734,1,0,6,anti_homophones
8281,zu1hu4,6,-6.27574569368404,2,6.27574569368404,1,0,4,anti_homophones
8282,hI2xYng2,8,-5.851334191982357,2,5.851334191982357,1,0,0,anti_homophones
8283,bo2yi4li4,9,-8.067032722936837,3,8.067032722936837,1,0,0,anti_homophones
8284,man3yun2fang4,13,-10.104004330178629,3,10.104004330178629,1,0,0,anti_homophones
8285,hun4shang2,10,-6.753341229409245,2,6.753341229409245,1,0,0,anti_homophones
8286,bo2bo1hQ3yun4,13,-10.914138287895915,4,10.914138287895915,1,0,0,anti_homophones
8287,dA4du4,6,-5.635965689092878,2,5.635965689092878,1,0,7,anti_homophones
8288,gUn4tI4,7,-6.965557101274683,2,6.965557101274683,1,0,0,anti_homophones
8289,yUn2lK2,7,-5.791768974687849,2,5.791768974687849,1,1,0,anti_homophones
8290,wu2ji4,6,-4.77980730935579,2,4.77980730935579,1,0,15,anti_homophones
8291,zhi3ping2,9,-6.440178640969377,2,6.440178640969377,1,0,4,anti_homophones
8292,an1jL3zi5,9,-7.76186694836617,3,7.76186694836617,1,0,0,anti_homophones
8293,qLn4yun4,8,-6.867578195462436,2,6.867578195462436,1,0,0,anti_homophones
8294,xM2tang2qi1pLn1,15,-12.550833416169272,4,12.550833416169272,1,0,0,anti_homophones
8295,she4ti3yin2,11,-9.020519174471689,3,9.020519174471689,1,0,0,anti_homophones
8296,dQ1dQ4,6,-5.877314048128529,2,5.877314048128529,1,1,8,anti_homophones
8297,ling1da3shi2gUn3,16,-11.750907817441899,4,11.750907817441899,1,0,0,anti_homophones
8298,tI3zUn1chan4,12,-12.137726877951295,3,12.137726877951295,1,0,0,anti_homophones
8299,hI1ba1,6,-6.508660555294735,2,6.508660555294735,1,0,3,anti_homophones
8300,qLn1qK2,7,-5.8416009610795046,2,5.8416009610795046,1,1,3,anti_homophones
8301,sheng2nu3li4,12,-8.169762747985867,3,8.169762747985867,1,0,0,anti_homophones
8302,ge1chong1cheng4,15,-9.671617363229055,3,9.671617363229055,1,0,0,anti_homophones
8303,xLn1jW3lUn4,11,-8.520794718438871,3,8.520794718438871,1,0,0,anti_homophones
8304,gO4yi3hO4,9,-8.854573462456807,3,8.854573462456807,1,0,0,anti_homophones
8305,wang3mang2,10,-7.636627761282061,2,7.636627761282061,1,0,0,anti_homophones
8306,chO1lu4jLn3ying2,16,-13.433669170298826,4,13.433669170298826,1,0,0,anti_homophones
8307,tV4dLn4,7,-6.1768828547480545,2,6.1768828547480545,1,0,3,anti_homophones
8308,xYng1wu3beng4,13,-10.728163879988236,3,10.728163879988236,1,0,0,anti_homophones
8309,da3pW4,6,-5.380999860296802,2,5.380999860296802,1,0,4,anti_homophones
8310,tu2jin4,7,-5.927451894602063,2,5.927451894602063,1,1,5,anti_homophones
8311,wu2yu3yang1,11,-8.50528528935257,3,8.50528528935257,1,0,0,anti_homophones
8312,wen3shV3,8,-6.316913004190095,2,6.316913004190095,1,0,1,anti_homophones
8313,chUn1mV2,8,-6.540846405359105,2,6.540846405359105,1,0,1,anti_homophones
8314,dong1jin4xu3,12,-9.283008067548431,3,9.283008067548431,1,0,0,anti_homophones
8315,xi4yu4shen1yUn2,15,-11.682562332048782,4,11.682562332048782,1,0,0,anti_homophones
8316,lu4xi1,6,-6.150932617856821,2,6.150932617856821,1,0,4,anti_homophones
8317,ke3bu4wang4tong3,16,-11.885237668645816,4,11.885237668645816,1,0,0,anti_homophones
8318,bi1zheng2,9,-6.690616366681366,2,6.690616366681366,1,0,4,anti_homophones
8319,dang2wE2a2,10,-9.881690940268513,3,9.881690940268513,1,0,0,anti_homophones
8320,kUng2yi1yUn2tA4,15,-12.241383630023007,4,12.241383630023007,1,0,0,anti_homophones
8321,nLng4xin1chQ2lW4,16,-12.889036921836038,4,12.889036921836038,1,0,0,anti_homophones
8322,ji1zhu4feng1,12,-8.99991910342829,3,8.99991910342829,1,0,0,anti_homophones
8323,gu3bE1,6,-6.052733301683319,2,6.052733301683319,1,0,2,anti_homophones
8324,pW1pLn4cang3,12,-9.656589278716641,3,9.656589278716641,1,0,0,anti_homophones
8325,gong3shI3er5,12,-8.297817414124253,3,8.297817414124253,1,0,0,anti_homophones
8326,ma3nQ2tan2kUn3,14,-12.50667747574333,4,12.50667747574333,1,0,0,anti_homophones
8327,gu1ju1mLn4,10,-8.534926387543376,3,8.534926387543376,1,0,0,anti_homophones
8328,xin1lu4wan2hQ3,14,-12.940226021004499,4,12.940226021004499,1,0,0,anti_homophones
8329,jM1fang4,8,-5.747460148831462,2,5.747460148831462,1,0,2,anti_homophones
8330,po4ke4ye4bW3,12,-11.730857951362376,4,11.730857951362376,1,0,0,anti_homophones
8331,ye4ru2,6,-8.2518794772727,2,8.2518794772727,1,0,0,anti_homophones
8332,qK2dan4gan3,11,-9.051911536579647,3,9.051911536579647,1,0,0,anti_homophones
8333,kA1che1,7,-5.2410028876101356,2,5.2410028876101356,1,0,2,anti_homophones
8334,mi2hV4shI3,10,-7.822865851689045,3,7.822865851689045,1,0,0,anti_homophones
8335,yan3lLng2,9,-6.477936539883584,2,6.477936539883584,1,0,3,anti_homophones
8336,shV3tW2,7,-5.315339875511968,2,5.315339875511968,1,1,3,anti_homophones
8337,wa1jun1,7,-6.784691446079109,2,6.784691446079109,1,0,2,anti_homophones
8338,zhen1gong2dI1,13,-10.556156341083787,3,10.556156341083787,1,0,0,anti_homophones
8339,jun1kong1yin4bW3,16,-13.503660860204334,4,13.503660860204334,1,0,0,anti_homophones
8340,zO4xL4bLn1,10,-8.640292702211429,3,8.640292702211429,1,0,0,anti_homophones
8341,kong4hU4,8,-5.628446951169029,2,5.628446951169029,1,1,4,anti_homophones
8342,wu3jC2,6,-5.238713439326976,2,5.238713439326976,1,0,4,anti_homophones
8343,jW1mo3hI1,9,-9.325178773781765,3,9.325178773781765,1,0,0,anti_homophones
8344,yang1ya1ren2,12,-8.836850363736344,3,8.836850363736344,1,0,0,anti_homophones
8345,xL4nan4pi2,10,-10.565614939671715,3,10.565614939671715,1,0,0,anti_homophones
8346,bE3wu4fang3de2,14,-12.359081159749497,4,12.359081159749497,1,0,0,anti_homophones
8347,fang5zhang2mLn4,15,-10.941832949301526,3,10.941832949301526,1,0,0,anti_homophones
8348,gUng1nv3shu4hI4,15,-11.736835629422368,4,11.736835629422368,1,0,0,anti_homophones
8349,qi2xing2ju4,11,-8.115092871328853,3,8.115092871328853,1,0,0,anti_homophones
8350,yi2hV4qi4,9,-7.501757938346798,3,7.501757938346798,1,0,0,anti_homophones
8351,bQ3hO3xL4shi2,13,-10.552989828178559,4,10.552989828178559,1,0,0,anti_homophones
8352,fa1chong4,9,-6.180673628670096,2,6.180673628670096,1,0,2,anti_homophones
8353,jin3zhu1gQ3,11,-9.807207853293853,3,9.807207853293853,1,0,0,anti_homophones
8354,shQ4hang3,9,-7.043650610241827,2,7.043650610241827,1,0,0,anti_homophones
8355,jW1yu3,6,-5.3497217764080265,2,5.3497217764080265,1,1,3,anti_homophones
8356,cu1gU1,6,-6.881493139790808,2,6.881493139790808,1,0,1,anti_homophones
8357,ge2ri4,6,-5.877045920417981,2,5.877045920417981,1,0,4,anti_homophones
8358,chu4bE4zi4zhong4,16,-11.79718886512475,4,11.79718886512475,1,0,0,anti_homophones
8359,ju4lA2,6,-5.830255011544361,2,5.830255011544361,1,0,1,anti_homophones
8360,pE4zhi2,7,-6.282665348745857,2,6.282665348745857,1,0,1,anti_homophones
8361,zu4xing2,8,-8.061051378261638,2,8.061051378261638,1,0,1,anti_homophones
8362,cA2xLn3,7,-7.361272776679262,2,7.361272776679262,1,0,0,anti_homophones
8363,hU1ji4,6,-5.464608706385876,2,5.464608706385876,1,0,7,anti_homophones
8364,fang2ji1,8,-5.51641222995827,2,5.51641222995827,1,0,2,anti_homophones
8365,yV3jW1ren2nang4,15,-12.928298423242826,4,12.928298423242826,1,0,0,anti_homophones
8366,gong2yan3,9,-5.804421223682674,2,5.804421223682674,1,0,2,anti_homophones
8367,shi4ri4,7,-5.16851167846022,2,5.16851167846022,1,0,8,anti_homophones
8368,cA3mi2,6,-6.847744797055429,2,6.847744797055429,1,0,0,anti_homophones
8369,mu4han1zi3,10,-9.727110867688195,3,9.727110867688195,1,0,0,anti_homophones
8370,can3chu3,8,-7.150802038309666,2,7.150802038309666,1,0,0,anti_homophones
8371,feng2ya3shang4,14,-10.360677113555004,3,10.360677113555004,1,0,0,anti_homophones
8372,feng2xC2,8,-5.980296808521543,2,5.980296808521543,1,0,1,anti_homophones
8373,fu4hang1ting1,13,-9.713440526711356,3,9.713440526711356,1,0,0,anti_homophones
8374,hU2ren2xin4,11,-8.34991930862168,3,8.34991930862168,1,0,0,anti_homophones
8375,kan3kP4,7,-6.628058449058098,2,6.628058449058098,1,0,1,anti_homophones
8376,jW1su2,6,-6.160327382794663,2,6.160327382794663,1,0,5,anti_homophones
8377,he2ran2dA4,10,-8.59755084770561,3,8.59755084770561,1,0,0,anti_homophones
8378,lK2lLn3shang3ding2,18,-12.258524129850164,4,12.258524129850164,1,0,0,anti_homophones
8379,xK1jW3,6,-5.535332795192817,2,5.535332795192817,1,1,0,anti_homophones
8380,zhong4tLn1,10,-6.135794980624233,2,6.135794980624233,1,0,1,anti_homophones
8381,wE4yu2teng1,11,-9.652372956770817,3,9.652372956770817,1,0,0,anti_homophones
8382,hA3xM2,6,-5.587271805112152,2,5.587271805112152,1,0,4,anti_homophones
8383,fE4xi2qM4,9,-9.93282295632449,3,9.93282295632449,1,0,0,anti_homophones
8384,nQ3hu4,6,-5.56255491440246,2,5.56255491440246,1,0,7,anti_homophones
8385,yi4ren2,7,-5.136452681421678,2,5.136452681421678,1,1,10,anti_homophones
8386,zhi1zun1,8,-7.5115681953670315,2,7.5115681953670315,1,0,1,anti_homophones
8387,ba1yin1gong4,12,-9.647745503023515,3,9.647745503023515,1,0,0,anti_homophones
8388,mang3wan4li4,12,-9.522564868191878,3,9.522564868191878,1,0,0,anti_homophones
8389,yUn2ben4,8,-7.10217393364301,2,7.10217393364301,1,0,1,anti_homophones
8390,qing2jL1si1xC2,14,-10.843779853981149,4,10.843779853981149,1,0,0,anti_homophones
8391,chu3yi4,7,-4.745566732760531,2,4.745566732760531,1,1,9,anti_homophones
8392,tong1gan1yC4min3,16,-12.456779084408907,4,12.456779084408907,1,0,0,anti_homophones
8393,tong4fang2yan2tang3,19,-12.566731732921205,4,12.566731732921205,1,0,0,anti_homophones
8394,xing3shi4qK2,12,-8.270763999780822,3,8.270763999780822,1,0,0,anti_homophones
8395,se4dong1,8,-7.372323275144585,2,7.372323275144585,1,0,1,anti_homophones
8396,pi2xu1mLn4lM4,13,-11.951555783674635,4,11.951555783674635,1,0,0,anti_homophones
8397,ke4tang2,8,-6.256887281184439,2,6.256887281184439,1,0,1,anti_homophones
8398,gUn1du4bu4zhong4,16,-10.801345403839834,4,10.801345403839834,1,0,0,anti_homophones
8399,A4sheng1,8,-6.068031916257211,2,6.068031916257211,1,0,2,anti_homophones
8400,an1tV2chV4lLng1,15,-12.809005253979107,4,12.809005253979107,1,0,0,anti_homophones
8401,zhQ1lV2,7,-6.159482095613098,2,6.159482095613098,1,0,1,anti_homophones
8402,jM4bE4lLng1lu5,14,-12.559033038237576,4,12.559033038237576,1,0,0,anti_homophones
8403,wu2shu4zi5,10,-7.166031115860103,3,7.166031115860103,1,0,0,anti_homophones
8404,wu4pA2,6,-6.994340900974017,2,6.994340900974017,1,0,0,anti_homophones
8405,gUng1jK3bM2,11,-8.536765682717142,3,8.536765682717142,1,0,0,anti_homophones
8406,chang1ren2jLng1,15,-9.224137919525411,3,9.224137919525411,1,0,0,anti_homophones
8407,dang3cQ1,8,-7.409341938136285,2,7.409341938136285,1,0,0,anti_homophones
8408,ge1cA2cha1,10,-9.526237257392285,3,9.526237257392285,1,0,0,anti_homophones
8409,cha2dI4shi4,11,-7.866010477327114,3,7.866010477327114,1,0,0,anti_homophones
8410,si3xing5,8,-7.562215345985205,2,7.562215345985205,1,0,0,anti_homophones
8411,dLn4da3,7,-7.100229482920345,2,7.100229482920345,1,0,1,anti_homophones
8412,cong1dQ4xYng1,13,-10.299079928581758,3,10.299079928581758,1,0,0,anti_homophones
8413,hQ3shan3,8,-6.407644251853378,2,6.407644251853378,1,0,2,anti_homophones
8414,chUng1kV3,9,-5.935883349621772,2,5.935883349621772,1,0,0,anti_homophones
8415,wE4yu3,6,-5.621055303785277,2,5.621055303785277,1,0,3,anti_homophones
8416,ni4dQ4,6,-5.977590009822496,2,5.977590009822496,1,1,1,anti_homophones
8417,jLn1ka3qi4,10,-8.611734581996082,3,8.611734581996082,1,0,0,anti_homophones
8418,shV1gong1la1pang1,17,-12.73432403340855,4,12.73432403340855,1,0,0,anti_homophones
8419,ju4bu4pLn4,10,-7.32810111371705,3,7.32810111371705,1,0,0,anti_homophones
8420,hV4yang3,8,-5.997752851565809,2,5.997752851565809,1,0,2,anti_homophones
8421,dQ3tV2,6,-5.438002442024554,2,5.438002442024554,1,1,6,anti_homophones
8422,bi2yu2wA4,9,-8.735637152657798,3,8.735637152657798,1,0,0,anti_homophones
8423,tI1tan2,7,-6.355808501915773,2,6.355808501915773,1,0,5,anti_homophones
8424,xW3dV4kI4,9,-9.41792662356334,3,9.41792662356334,1,0,0,anti_homophones
8425,xW1chu1zhang2,13,-8.86497004309369,3,8.86497004309369,1,0,0,anti_homophones
8426,zhu1jLn3qu1,11,-9.22801997297243,3,9.22801997297243,1,0,0,anti_homophones
8427,xK1xLn4,7,-5.09552527249891,2,5.09552527249891,1,1,4,anti_homophones
8428,ren3ke5,7,-8.921262183765558,2,8.921262183765558,1,0,0,anti_homophones
8429,ji4xLn2,7,-6.165247982441437,2,6.165247982441437,1,0,3,anti_homophones
8430,tO1yin1,7,-5.804458621726252,2,5.804458621726252,1,0,2,anti_homophones
8431,kan1zhe3,8,-6.126131709862808,2,6.126131709862808,1,0,2,anti_homophones
8432,qi2she1qLn2,11,-9.878157054267852,3,9.878157054267852,1,0,0,anti_homophones
8433,jM1xLng4,8,-5.282479361861299,2,5.282479361861299,1,0,3,anti_homophones
8434,xLng2di3gI3,11,-9.521170715459318,3,9.521170715459318,1,0,0,anti_homophones
8435,zhang1gUng4,11,-6.808147229301005,2,6.808147229301005,1,0,1,anti_homophones
8436,xW3lW2shi4,10,-8.20989756875936,3,8.20989756875936,1,0,0,anti_homophones
8437,shi4chang1shen1,15,-9.050948621703762,3,9.050948621703762,1,0,0,anti_homophones
8438,jin4bQ1,7,-5.703101650802932,2,5.703101650802932,1,0,1,anti_homophones
8439,wen2xu1,7,-6.33942607558685,2,6.33942607558685,1,0,0,anti_homophones
8440,yi3wA4pLn1nLn2,14,-10.973733574976126,4,10.973733574976126,1,0,0,anti_homophones
8441,jin4pQ4,7,-5.606725965639593,2,5.606725965639593,1,0,1,anti_homophones
8442,fu4gO3fen1bE4,13,-12.203145807328989,4,12.203145807328989,1,0,0,anti_homophones
8443,mW3zhi4,7,-6.171632843272204,2,6.171632843272204,1,0,4,anti_homophones
8444,jLn3pi2he2,10,-8.342593806009585,3,8.342593806009585,1,0,0,anti_homophones
8445,he4lan4,7,-6.957833258244586,2,6.957833258244586,1,0,1,anti_homophones
8446,gUn3tu2,7,-6.038474451564109,2,6.038474451564109,1,0,2,anti_homophones
8447,song4zhang1,11,-7.073863460665485,2,7.073863460665485,1,0,0,anti_homophones
8448,yi3dA4yQ4xi1,12,-11.232248318442014,4,11.232248318442014,1,0,0,anti_homophones
8449,chi2xM2,7,-6.645920144923417,2,6.645920144923417,1,0,1,anti_homophones
8450,nK2pi4yan1shi2,14,-12.359924957476878,4,12.359924957476878,1,0,0,anti_homophones
8451,shI3ba2yan1jing2,16,-12.593026775199426,4,12.593026775199426,1,0,0,anti_homophones
8452,xW3fen1,7,-5.892677064767825,2,5.892677064767825,1,0,2,anti_homophones
8453,zhu4zhe4lLng4tan3,17,-13.799861999984419,4,13.799861999984419,1,0,0,anti_homophones
8454,ying4xLn3han4g1,15,-14.607838576838912,3,14.607838576838912,1,0,0,anti_homophones
8455,zhV1kU3,7,-6.234356872726293,2,6.234356872726293,1,0,1,anti_homophones
8456,ye4xing1,8,-6.058852978560214,2,6.058852978560214,1,1,2,anti_homophones
8457,nE4jM4,6,-5.812766960084542,2,5.812766960084542,1,0,1,anti_homophones
8458,tu1yan2,7,-6.505333433490657,2,6.505333433490657,1,0,1,anti_homophones
8459,lO2gu3,6,-5.7955907029310145,2,5.7955907029310145,1,0,1,anti_homophones
8460,bi4lM4qLng1,11,-8.76678830952051,3,8.76678830952051,1,0,0,anti_homophones
8461,nE4xin1,7,-5.43781200363354,2,5.43781200363354,1,0,1,anti_homophones
8462,xK1xLng2,8,-5.631464021182082,2,5.631464021182082,1,0,2,anti_homophones
8463,ju4tA2,6,-5.565630836286716,2,5.565630836286716,1,1,4,anti_homophones
8464,nong2hO4,8,-6.454873683111889,2,6.454873683111889,1,0,0,anti_homophones
8465,wu3zhan3jLng1,13,-9.335650891594574,3,9.335650891594574,1,0,0,anti_homophones
8466,bu4qLn4lLn2hI1,14,-12.34090825204259,4,12.34090825204259,1,0,0,anti_homophones
8467,di4tA2,6,-5.6464967756925555,2,5.6464967756925555,1,0,7,anti_homophones
8468,sheng4qi4,9,-5.278308286476991,2,5.278308286476991,1,1,5,anti_homophones
8469,tang4gQ1zi5,11,-8.496687944858573,3,8.496687944858573,1,0,0,anti_homophones
8470,jing1ti3,8,-5.867097270884068,2,5.867097270884068,1,0,3,anti_homophones
8471,kI2hO3qLng2,11,-9.104534773855065,3,9.104534773855065,1,0,0,anti_homophones
8472,zhang1gu3,9,-6.474142624523664,2,6.474142624523664,1,0,1,anti_homophones
8473,dong4da5,8,-7.124450332821011,2,7.124450332821011,1,0,1,anti_homophones
8474,ni4zhi3tA3xW4,13,-12.928441292683312,4,12.928441292683312,1,0,0,anti_homophones
8475,mo4dA4ma3,9,-8.397229863062192,3,8.397229863062192,1,0,0,anti_homophones
8476,si3pu3,6,-6.950605768149419,2,6.950605768149419,1,0,2,anti_homophones
8477,jM1bu4de2sV3,12,-10.52329476453525,4,10.52329476453525,1,0,0,anti_homophones
8478,chan1dong2,10,-6.820740289545612,2,6.820740289545612,1,0,0,anti_homophones
8479,shi2ni3,7,-6.273831603647885,2,6.273831603647885,1,0,3,anti_homophones
8480,chan1lu4,8,-6.280106496755286,2,6.280106496755286,1,0,1,anti_homophones
8481,chu2zhi1hang3,13,-9.588300559055726,3,9.588300559055726,1,0,0,anti_homophones
8482,Q4yang1,7,-6.926078459661569,2,6.926078459661569,1,0,0,anti_homophones
8483,zhen1chQ2,9,-6.6250415061561325,2,6.6250415061561325,1,0,1,anti_homophones
8484,gUng4ke3,8,-7.391663913437359,2,7.391663913437359,1,0,0,anti_homophones
8485,shV1ya2,7,-6.2100949871724325,2,6.2100949871724325,1,0,3,anti_homophones
8486,zA4yu4cha2,10,-8.764479149764647,3,8.764479149764647,1,0,0,anti_homophones
8487,chu1xM4,7,-5.594018427425908,2,5.594018427425908,1,0,3,anti_homophones
8488,wen2qK2,7,-5.6576837541749025,2,5.6576837541749025,1,0,5,anti_homophones
8489,ban4zhong2,10,-6.405879276020678,2,6.405879276020678,1,0,2,anti_homophones
8490,shu4shang4,10,-6.113561506773568,2,6.113561506773568,1,0,0,anti_homophones
8491,chun1xW1,8,-7.022492483335713,2,7.022492483335713,1,0,0,anti_homophones
8492,lu4zhang4,9,-6.393176359585693,2,6.393176359585693,1,0,3,anti_homophones
8493,gong2lLng1,10,-6.416538421092517,2,6.416538421092517,1,0,2,anti_homophones
8494,wu2ban4ying4,12,-8.983889216252836,3,8.983889216252836,1,0,0,anti_homophones
8495,hUn4zhUn2,9,-6.8989603164546685,2,6.8989603164546685,1,0,2,anti_homophones
8496,che1ke4,7,-5.596274502414052,2,5.596274502414052,1,1,2,anti_homophones
8497,tI1qUn2,7,-5.338001047562648,2,5.338001047562648,1,0,3,anti_homophones
8498,jing4ji4,8,-5.5464215545638575,2,5.5464215545638575,1,0,6,anti_homophones
8499,zhi4jLn1,8,-5.900910163310439,2,5.900910163310439,1,0,2,anti_homophones
8500,re3shI3mo2,10,-8.302789392212695,3,8.302789392212695,1,0,0,anti_homophones
8501,jing1wE2yan4,12,-9.046994858167366,3,9.046994858167366,1,0,0,anti_homophones
8502,yun4ke4,7,-6.131211574263901,2,6.131211574263901,1,0,1,anti_homophones
8503,fE4qi2yi2lu4,12,-11.336734032765879,4,11.336734032765879,1,0,0,anti_homophones
8504,bW3xing2hA2,11,-9.13320669865434,3,9.13320669865434,1,0,0,anti_homophones
8505,jin4hang2,9,-6.328146859480669,2,6.328146859480669,1,0,0,anti_homophones
8506,yin4bo1,7,-6.902803458903103,2,6.902803458903103,1,0,1,anti_homophones
8507,pW1hu4,6,-6.423103106212935,2,6.423103106212935,1,0,3,anti_homophones
8508,fu4chUng1,9,-6.298323918649371,2,6.298323918649371,1,0,0,anti_homophones
8509,yun4ji1,7,-5.47602543861272,2,5.47602543861272,1,0,5,anti_homophones
8510,tV2jin4xLn3,11,-8.887490975686065,3,8.887490975686065,1,0,0,anti_homophones
8511,gu3jW3wo1,9,-8.629229889140838,3,8.629229889140838,1,0,0,anti_homophones
8512,xing4dI4,8,-5.772668796630602,2,5.772668796630602,1,0,2,anti_homophones
8513,zhUng1dA4,9,-5.659946645147308,2,5.659946645147308,1,0,2,anti_homophones
8514,chang2ji4lan3shi2,17,-11.918495276239788,4,11.918495276239788,1,0,0,anti_homophones
8515,ying2sUn4,9,-6.118748018109043,2,6.118748018109043,1,0,1,anti_homophones
8516,fE2ti3,6,-5.807876380365684,2,5.807876380365684,1,0,2,anti_homophones
8517,yu3zhi2,7,-6.4411747474638155,2,6.4411747474638155,1,0,2,anti_homophones
8518,fE1dA4,6,-5.303375584851917,2,5.303375584851917,1,0,2,anti_homophones
8519,zO4shu4sha2chUn3,16,-14.373224592965204,4,14.373224592965204,1,0,0,anti_homophones
8520,qLng4li4yUn2ran2,16,-11.13582719563259,4,11.13582719563259,1,0,0,anti_homophones
8521,xW3mQ4hI4,9,-7.430625352727464,3,7.430625352727464,1,0,0,anti_homophones
8522,tLn1ju4wE4,10,-8.16856030929366,3,8.16856030929366,1,0,0,anti_homophones
8523,bi4shi4yan4hO2,14,-11.617025202448774,4,11.617025202448774,1,0,0,anti_homophones
8524,dLn4jL4shI3qu1,14,-11.342214409332815,4,11.342214409332815,1,0,0,anti_homophones
8525,xing4bu4,8,-5.775013093126135,2,5.775013093126135,1,0,4,anti_homophones
8526,shi2zA3,7,-6.0596596398488725,2,6.0596596398488725,1,0,4,anti_homophones
8527,zhu3gO4lun2,11,-8.692866303256492,3,8.692866303256492,1,0,0,anti_homophones
8528,meng1hU2po1,11,-9.366357913578419,3,9.366357913578419,1,0,0,anti_homophones
8529,jM2chen1,8,-6.099897091711033,2,6.099897091711033,1,0,0,anti_homophones
8530,zhi3yi4,7,-5.094873440175058,2,5.094873440175058,1,0,4,anti_homophones
8531,li4ban4bQ3wA4,13,-11.82349496611276,4,11.82349496611276,1,0,0,anti_homophones
8532,dQ1gP2yu4lQ2,12,-12.848034233038195,4,12.848034233038195,1,0,0,anti_homophones
8533,zhen1hu4,8,-6.204803337716861,2,6.204803337716861,1,0,1,anti_homophones
8534,shV3chu1,8,-5.401761521891334,2,5.401761521891334,1,0,2,anti_homophones
8535,qK2xi4,6,-5.9139624243228655,2,5.9139624243228655,1,0,4,anti_homophones
8536,chQ2jW4,7,-5.944147185714612,2,5.944147185714612,1,0,0,anti_homophones
8537,jin3qLn1,8,-7.109425843665101,2,7.109425843665101,1,0,1,anti_homophones
8538,gI1zI4,6,-5.93975923971867,2,5.93975923971867,1,0,5,anti_homophones
8539,bu4ji4jM2,9,-7.483258052791902,3,7.483258052791902,1,0,0,anti_homophones
8540,lQ3hO3er5,9,-7.567552880668698,3,7.567552880668698,1,0,0,anti_homophones
8541,wu2xLn4,7,-5.0674756635300895,2,5.0674756635300895,1,1,7,anti_homophones
8542,dLn3yu4,7,-5.705878141576043,2,5.705878141576043,1,0,4,anti_homophones
8543,bA1bo1,6,-6.515409740013798,2,6.515409740013798,1,0,0,anti_homophones
8544,da4dLn3qi4,10,-7.316249078021961,3,7.316249078021961,1,0,0,anti_homophones
8545,jW1yong1zhi1,12,-8.633933521743117,3,8.633933521743117,1,0,0,anti_homophones
8546,gu1ning1lW1,11,-12.048513717904394,3,12.048513717904394,1,0,0,anti_homophones
8547,yQ4li4shu4,10,-7.967603794088356,3,7.967603794088356,1,0,0,anti_homophones
8548,shan3ji1,8,-5.736479363539171,2,5.736479363539171,1,0,2,anti_homophones
8549,xin1yi4,7,-5.12425070525539,2,5.12425070525539,1,0,9,anti_homophones
8550,hu2meng1,8,-7.017894940706953,2,7.017894940706953,1,0,1,anti_homophones
8551,hUn4wu4jing3,12,-9.44161419909311,3,9.44161419909311,1,0,0,anti_homophones
8552,feng1xing2,10,-5.650668529679925,2,5.650668529679925,1,0,5,anti_homophones
8553,jC2qLn2xing4,12,-8.545624100703858,3,8.545624100703858,1,0,0,anti_homophones
8554,jW3wan2,7,-7.036559096025849,2,7.036559096025849,1,0,0,anti_homophones
8555,ran2hI4can3dan1,15,-13.471490665483255,4,13.471490665483255,1,0,0,anti_homophones
8556,pi2jK4ku4,9,-8.423074507934263,3,8.423074507934263,1,0,0,anti_homophones
8557,shV4pW4,7,-4.936001153191642,2,4.936001153191642,1,1,2,anti_homophones
8558,yi1wu3hV4sheng2,15,-10.646559204266053,4,10.646559204266053,1,0,0,anti_homophones
8559,xW3bQ4,6,-5.363961209662274,2,5.363961209662274,1,0,4,anti_homophones
8560,qing2chong1,11,-6.294129773140212,2,6.294129773140212,1,0,0,anti_homophones
8561,xLng1xLng1shu4,14,-8.597488463974557,3,8.597488463974557,1,0,0,anti_homophones
8562,yV3kP4,6,-5.236936167216567,2,5.236936167216567,1,1,2,anti_homophones
8563,dan1gu4zhong1zheng4,19,-12.225780145666572,4,12.225780145666572,1,0,0,anti_homophones
8564,yi2ting3bQ4bE1,14,-12.664089655239442,4,12.664089655239442,1,0,0,anti_homophones
8565,he2li3xC2,9,-7.10919538329852,3,7.10919538329852,1,0,1,anti_homophones
8566,da1pang4jin3,12,-10.003731038757582,3,10.003731038757582,1,0,0,anti_homophones
8567,qin2wE1,7,-6.647095963277123,2,6.647095963277123,1,1,1,anti_homophones
8568,ku3hO4ran2,10,-8.938477537237048,3,8.938477537237048,1,0,0,anti_homophones
8569,ju2hO4,6,-6.053335712699183,2,6.053335712699183,1,0,4,anti_homophones
8570,chun3jM4ti3,11,-9.488028771205851,3,9.488028771205851,1,0,0,anti_homophones
8571,hU2po2po1,9,-7.2171711135126175,3,7.2171711135126175,1,0,0,anti_homophones
8572,dQ3yUn4,7,-6.078229734957432,2,6.078229734957432,1,0,0,anti_homophones
8573,shi2zhUng1,10,-5.895417387661612,2,5.895417387661612,1,0,1,anti_homophones
8574,mE1heng4tang1zhang2,19,-15.921841171550227,4,15.921841171550227,1,0,0,anti_homophones
8575,bQ4yu4bu4,9,-7.9430002052777855,3,7.9430002052777855,1,0,0,anti_homophones
8576,ci4nen4,7,-6.774620604127713,2,6.774620604127713,1,0,1,anti_homophones
8577,hUn2tUn2re4,11,-9.983913376860826,3,9.983913376860826,1,0,0,anti_homophones
8578,rUn3pan2hu1fen3,15,-12.948664150833183,4,12.948664150833183,1,0,0,anti_homophones
8579,A4dong4,7,-7.053047677429785,2,7.053047677429785,1,0,1,anti_homophones
8580,gUn3qi4,7,-5.139140198620899,2,5.139140198620899,1,0,4,anti_homophones
8581,zhu2ren2,8,-5.734980767675827,2,5.734980767675827,1,0,6,anti_homophones
8582,zhi3ru3,7,-6.352535088014342,2,6.352535088014342,1,0,0,anti_homophones
8583,pW1yi4hU4,9,-7.789279429067859,3,7.789279429067859,1,0,0,anti_homophones
8584,cheng1pi2,9,-6.130676544144034,2,6.130676544144034,1,0,1,anti_homophones
8585,wu2er2cA4,9,-8.726370466724507,3,8.726370466724507,1,0,0,anti_homophones
8586,xLn4xin1hV2,11,-8.8501526662838,3,8.8501526662838,1,0,0,anti_homophones
8587,cong2xi2,8,-6.848800816370169,2,6.848800816370169,1,0,2,anti_homophones
8588,shV3bM2,7,-5.268280131794621,2,5.268280131794621,1,0,0,anti_homophones
8589,hun1ke4bu4ji4,13,-11.071606618263907,4,11.071606618263907,1,0,0,anti_homophones
8590,hI2qin1,7,-6.227460784333259,2,6.227460784333259,1,0,1,anti_homophones
8591,ling2chen2che1,14,-9.46184459021751,3,9.46184459021751,1,0,0,anti_homophones
8592,xi1qing2xW3che1,15,-11.462560671424331,4,11.462560671424331,1,0,0,anti_homophones
8593,zhan4zi5,8,-5.228155258457206,2,5.228155258457206,1,1,3,anti_homophones
8594,shen1chQ2,9,-6.440525821314967,2,6.440525821314967,1,0,2,anti_homophones
8595,mA4chu2,7,-6.222133990860609,2,6.222133990860609,1,0,1,anti_homophones
8596,ran3bW3,7,-6.956738702431807,2,6.956738702431807,1,0,2,anti_homophones
8597,A4xLn4,6,-5.815795529781648,2,5.815795529781648,1,0,5,anti_homophones
8598,du2sang4,8,-6.82479985370915,2,6.82479985370915,1,0,1,anti_homophones
8599,chen1shO1,9,-6.6875017211871395,2,6.6875017211871395,1,0,2,anti_homophones
8600,qLn2mi4er3gA4,13,-12.449610778901746,4,12.449610778901746,1,0,0,anti_homophones
8601,di1nLng1,8,-7.012946537182364,2,7.012946537182364,1,0,0,anti_homophones
8602,chI2da4dQ3kan4,14,-12.045251766771456,4,12.045251766771456,1,0,0,anti_homophones
8603,xin4qu4,7,-6.372957687013655,2,6.372957687013655,1,0,1,anti_homophones
8604,sV1zhi3,7,-6.631152749566241,2,6.631152749566241,1,0,2,anti_homophones
8605,yV2xing5,8,-7.2838118044071765,2,7.2838118044071765,1,0,0,anti_homophones
8606,shu3chu3le4,11,-10.07810523424999,3,10.07810523424999,1,0,0,anti_homophones
8607,song3jin3ye4bang1,17,-13.753503491807072,4,13.753503491807072,1,0,0,anti_homophones
8608,bLn1jM1dQ1ji4,13,-11.672552426111968,4,11.672552426111968,1,0,0,anti_homophones
8609,qin1e2,6,-5.929113552562649,2,5.929113552562649,1,0,4,anti_homophones
8610,cQ3li4jin4,10,-8.845975755458197,3,8.845975755458197,1,0,0,anti_homophones
8611,di4bLn4,7,-6.1633846607988785,2,6.1633846607988785,1,0,4,anti_homophones
8612,fan3chI2,8,-6.965329985771043,2,6.965329985771043,1,0,1,anti_homophones
8613,wA4dV3,6,-6.177259713036696,2,6.177259713036696,1,1,3,anti_homophones
8614,sheng2ping2xin4,15,-9.513146144779096,3,9.513146144779096,1,0,0,anti_homophones
8615,jC2dUn3,7,-5.902883172559992,2,5.902883172559992,1,0,1,anti_homophones
8616,mQ4cha2,7,-6.973226811932138,2,6.973226811932138,1,0,0,anti_homophones
8617,zhQ1dQ4,7,-5.374668966712908,2,5.374668966712908,1,0,6,anti_homophones
8618,lLn2hUng1shV3tong1,18,-11.939214864912117,4,11.939214864912117,1,0,0,anti_homophones
8619,shu2bu4dW4bu4,13,-11.138289340893476,4,11.138289340893476,1,0,0,anti_homophones
8620,yUn2lLng4qLn1li3,16,-11.919305904399572,4,11.919305904399572,1,0,0,anti_homophones
8621,chQ1xing1xun1,13,-9.871556197876828,3,9.871556197876828,1,0,0,anti_homophones
8622,tO4fE1,6,-8.565108363023331,2,8.565108363023331,1,0,1,anti_homophones
8623,fE4zhi1,7,-5.964700002858532,2,5.964700002858532,1,0,1,anti_homophones
8624,ji4xing2pA1yu4,14,-13.992480336583554,4,13.992480336583554,1,0,0,anti_homophones
8625,nUn3kang2yC4mo2,15,-14.131567955214315,4,14.131567955214315,1,0,0,anti_homophones
8626,pW1tong2kUn3,12,-10.92600783259868,3,10.92600783259868,1,0,0,anti_homophones
8627,jun1zheng2kUng1si1,18,-12.009695757716363,4,12.009695757716363,1,0,0,anti_homophones
8628,kA1tO3yu4,9,-8.253293097589774,3,8.253293097589774,1,0,0,anti_homophones
8629,xLng4ji1,8,-5.453060683776029,2,5.453060683776029,1,0,2,anti_homophones
8630,tO4ying4,8,-6.756022845157849,2,6.756022845157849,1,0,0,anti_homophones
8631,la1zhi1,7,-6.419171265654597,2,6.419171265654597,1,0,0,anti_homophones
8632,hI1hU1nW3,9,-7.90431439749458,3,7.90431439749458,1,0,0,anti_homophones
8633,jL3jL4shi2,10,-8.057356952116828,3,8.057356952116828,1,0,0,anti_homophones
8634,dong1bLn4,9,-6.183908167844037,2,6.183908167844037,1,1,2,anti_homophones
8635,qC2ping2,8,-8.44468782246526,2,8.44468782246526,1,0,0,anti_homophones
8636,xL1chan4,8,-6.4541472779136955,2,6.4541472779136955,1,0,2,anti_homophones
8637,dLn3zhi2xing3mi2,16,-12.250537725286529,4,12.250537725286529,1,0,0,anti_homophones
8638,yQ2zhi3,7,-6.119495828190883,2,6.119495828190883,1,0,2,anti_homophones
8639,zi4wE4,6,-5.167767950385433,2,5.167767950385433,1,1,7,anti_homophones
8640,hA3zI3lLn3,10,-9.433251384607873,3,9.433251384607873,1,0,0,anti_homophones
8641,long1chu1ran2,13,-9.02386131890331,3,9.02386131890331,1,0,0,anti_homophones
8642,fang4di4ji2,11,-8.624528640106236,3,8.624528640106236,1,0,0,anti_homophones
8643,bing1zi3,8,-6.0871732306032085,2,6.0871732306032085,1,0,4,anti_homophones
8644,gan3fan3,8,-6.179671196072575,2,6.179671196072575,1,0,1,anti_homophones
8645,chang2fu4xing3qi4,17,-11.19485678741046,4,11.19485678741046,1,0,0,anti_homophones
8646,fen4fu4,7,-6.270486669975264,2,6.270486669975264,1,0,4,anti_homophones
8647,chang4jM2,9,-6.428665340938005,2,6.428665340938005,1,0,0,anti_homophones
8648,ge4er2,6,-4.576059256642793,2,4.576059256642793,1,1,3,anti_homophones
8649,yong2sha1an1jLn3,16,-12.538597578166717,4,12.538597578166717,1,0,0,anti_homophones
8650,chu1dLn4,8,-5.464563624902418,2,5.464563624902418,1,0,6,anti_homophones
8651,dan1dLn3xLng1,13,-8.793943738163852,3,8.793943738163852,1,0,0,anti_homophones
8652,tong2yong4,10,-6.713237419585134,2,6.713237419585134,1,0,1,anti_homophones
8653,zO4dI4zhO1,10,-9.219225905367066,3,9.219225905367066,1,0,0,anti_homophones
8654,jL1qUn2,7,-5.18174812240112,2,5.18174812240112,1,0,3,anti_homophones
8655,kUng1fu4,8,-6.341882534094184,2,6.341882534094184,1,0,1,anti_homophones
8656,ye3chu3,7,-6.521232859407052,2,6.521232859407052,1,0,0,anti_homophones
8657,zi1ban3,7,-5.884646867435384,2,5.884646867435384,1,0,3,anti_homophones
8658,shI3jin1dLn4,12,-8.399681862320296,3,8.399681862320296,1,0,0,anti_homophones
8659,san3dUn3dong1,13,-10.406236750792644,3,10.406236750792644,1,0,0,anti_homophones
8660,bing4qLn4shang2qi4,18,-12.681982607819831,4,12.681982607819831,1,0,0,anti_homophones
8661,wE2kUn1mang4,12,-10.341152777947832,3,10.341152777947832,1,0,0,anti_homophones
8662,pin3yin4ren2,12,-8.610974176714395,3,8.610974176714395,1,0,0,anti_homophones
8663,bo2jC2,6,-5.743958939636806,2,5.743958939636806,1,1,1,anti_homophones
8664,dong2ju4,8,-6.278336004169474,2,6.278336004169474,1,0,3,anti_homophones
8665,hO3zheng2,9,-6.416251964910049,2,6.416251964910049,1,0,0,anti_homophones
8666,tong2cA2,8,-6.334965950662148,2,6.334965950662148,1,0,0,anti_homophones
8667,pi1chu3nQ4,10,-9.886830772957165,3,9.886830772957165,1,0,0,anti_homophones
8668,gU4tong4fan4,12,-9.88332104243138,3,9.88332104243138,1,0,0,anti_homophones
8669,nQ3zhi4,7,-5.627297053838155,2,5.627297053838155,1,0,4,anti_homophones
8670,yi1ku3tLn1dong3,15,-11.057642566793072,4,11.057642566793072,1,0,0,anti_homophones
8671,qLn3fu3jing2,12,-10.306244956953373,3,10.306244956953373,1,0,0,anti_homophones
8672,yi1qi1,6,-4.947082108412567,2,4.947082108412567,1,0,8,anti_homophones
8673,bA2xW4rong4,11,-8.601522730196555,3,8.601522730196555,1,0,0,anti_homophones
8674,qW4gI1,6,-6.938428882041635,2,6.938428882041635,1,0,0,anti_homophones
8675,ke1zhUng4xin1,13,-9.580728402626903,3,9.580728402626903,1,0,0,anti_homophones
8676,ji1li3,6,-5.327591137593136,2,5.327591137593136,1,1,8,anti_homophones
8677,wA1wE4,6,-5.94351837709385,2,5.94351837709385,1,0,2,anti_homophones
8678,xin1zhi1,8,-5.598147804311399,2,5.598147804311399,1,0,3,anti_homophones
8679,bing2dI1,8,-7.2503992279979945,2,7.2503992279979945,1,0,0,anti_homophones
8680,wu3xLn2xi4jing2,15,-11.957529329039437,4,11.957529329039437,1,0,0,anti_homophones
8681,gong1deng4,10,-6.220518137794612,2,6.220518137794612,1,0,5,anti_homophones
8682,wA4ce4,6,-5.5321794936946835,2,5.5321794936946835,1,0,6,anti_homophones
8683,xK4hO4,6,-5.360877517946656,2,5.360877517946656,1,1,4,anti_homophones
8684,yC4pu4,6,-5.749223482311065,2,5.749223482311065,1,0,4,anti_homophones
8685,xM2lv3chang4,12,-9.405115005029941,3,9.405115005029941,1,0,0,anti_homophones
8686,zO4qu3xu4,9,-8.424549768818334,3,8.424549768818334,1,0,0,anti_homophones
8687,re4lan4zi5,10,-7.916570567048281,3,7.916570567048281,1,0,0,anti_homophones
8688,shu4ran2shi2,12,-8.340187348650858,3,8.340187348650858,1,0,0,anti_homophones
8689,qing1ren2,9,-5.358723434652773,2,5.358723434652773,1,0,4,anti_homophones
8690,feng1ha5,8,-7.0761704792712,2,7.0761704792712,1,0,1,anti_homophones
8691,yV3wang1,8,-6.078110215949915,2,6.078110215949915,1,0,0,anti_homophones
8692,bA3shi2,7,-5.199208305236981,2,5.199208305236981,1,1,8,anti_homophones
8693,ti3sun3,7,-6.84411085996857,2,6.84411085996857,1,0,0,anti_homophones
8694,zong1yin3jing2,14,-9.293909236040111,3,9.293909236040111,1,0,0,anti_homophones
8695,cong1yu2,8,-6.086670291632909,2,6.086670291632909,1,0,2,anti_homophones
8696,shV1qUn2wang2,13,-8.682391789561931,3,8.682391789561931,1,0,0,anti_homophones
8697,ming1tW2,8,-6.157200180019821,2,6.157200180019821,1,0,1,anti_homophones
8698,shan1er5,8,-6.953594935943329,2,6.953594935943329,1,0,0,anti_homophones
8699,shI3bo2bo1ling2,15,-9.858364816778588,4,9.858364816778588,1,0,0,anti_homophones
8700,hU2lun4,7,-5.950549365169289,2,5.950549365169289,1,0,0,anti_homophones
8701,bi4sA4chi3,10,-9.217728599228822,3,9.217728599228822,1,0,0,anti_homophones
8702,gO4wE3hQ2,9,-10.102890386737318,3,10.102890386737318,1,0,0,anti_homophones
8703,yUn2li2qu3,10,-8.458935293940069,3,8.458935293940069,1,0,0,anti_homophones
8704,zhi1bLn4,8,-5.713822889297103,2,5.713822889297103,1,0,8,anti_homophones
8705,hO3shi4nan2,11,-8.08449826638341,3,8.08449826638341,1,0,0,anti_homophones
8706,qLng2fan2yi4yQ4,15,-12.22972095655899,4,12.22972095655899,1,0,0,anti_homophones
8707,yang3hU4jUn4,12,-8.707061870075544,3,8.707061870075544,1,0,0,anti_homophones
8708,zhUng2shi3hun4,14,-10.281849125553059,3,10.281849125553059,1,0,0,anti_homophones
8709,jW1lv4,6,-5.271224411153484,2,5.271224411153484,1,0,1,anti_homophones
8710,fu3si1lO4e4,11,-10.53229778200504,4,10.53229778200504,1,0,0,anti_homophones
8711,yin1zhu3ying2dW4,16,-11.402332938091313,4,11.402332938091313,1,0,0,anti_homophones
8712,xL4qLn2,7,-5.860753224227919,2,5.860753224227919,1,0,2,anti_homophones
8713,bu4gUng4,8,-5.674808254567095,2,5.674808254567095,1,0,0,anti_homophones
8714,zhQ1hu1,7,-5.6982012205495245,2,5.6982012205495245,1,2,3,anti_homophones
8715,bo1mE3mi2,9,-10.164817826978833,3,10.164817826978833,1,0,0,anti_homophones
8716,hV2hu2,6,-7.061769839134609,2,7.061769839134609,1,0,1,anti_homophones
8717,bi4xing1cheng2,14,-8.698251714877863,3,8.698251714877863,1,0,0,anti_homophones
8718,qK2lun4,7,-7.005127652470734,2,7.005127652470734,1,0,0,anti_homophones
8719,de2wE3ying1,11,-9.999217475698725,3,9.999217475698725,1,0,0,anti_homophones
8720,xW3chV2sheng2,13,-9.223046460135542,3,9.223046460135542,1,0,0,anti_homophones
8721,gu3ran2,7,-6.115255521911375,2,6.115255521911375,1,0,2,anti_homophones
8722,jL1hO2,6,-5.698844326295548,2,5.698844326295548,1,0,1,anti_homophones
8723,zhu3yan2,8,-5.357615172790059,2,5.357615172790059,1,0,7,anti_homophones
8724,V1yi4,5,-6.15010221767547,2,6.15010221767547,1,0,0,anti_homophones
8725,yi4lu4,6,-5.200883007827885,2,5.200883007827885,1,0,13,anti_homophones
8726,bing4yUn2,9,-5.856257129893766,2,5.856257129893766,1,0,2,anti_homophones
8727,yUn2zhen2,9,-5.944900130935191,2,5.944900130935191,1,0,2,anti_homophones
8728,sUn4zheng4zhu3gQ3,17,-13.071241691923358,4,13.071241691923358,1,0,0,anti_homophones
8729,mL1shang4,9,-8.917426399956982,2,8.917426399956982,1,0,0,anti_homophones
8730,tang2mLn4,9,-6.207162833135536,2,6.207162833135536,1,0,4,anti_homophones
8731,tM3mE3shu4,10,-7.943250494302674,3,7.943250494302674,1,0,0,anti_homophones
8732,sV1ka3tI3,9,-10.73771932971696,3,10.73771932971696,1,0,0,anti_homophones
8733,jLn4gO2hO3lW4,13,-10.637328370382582,4,10.637328370382582,1,0,0,anti_homophones
8734,mu4dLn4,7,-5.508367879304356,2,5.508367879304356,1,1,10,anti_homophones
8735,shen1jin4du4,12,-8.428724326055267,3,8.428724326055267,1,0,0,anti_homophones
8736,nE4e4du4,8,-8.416589472190308,3,8.416589472190308,1,0,0,anti_homophones
8737,seng4jLn1,9,-8.163374697759156,2,8.163374697759156,1,0,0,anti_homophones
8738,tO1bA3,6,-7.010740000735519,2,7.010740000735519,1,0,0,anti_homophones
8739,xing1pLn4can2wE1,16,-12.833302683821406,4,12.833302683821406,1,0,0,anti_homophones
8740,bLn1zhi2,8,-5.830208003051386,2,5.830208003051386,1,0,3,anti_homophones
8741,tI1hong4,8,-7.520389264071378,2,7.520389264071378,1,0,0,anti_homophones
8742,ka1fa1xin1,10,-7.461510689181353,3,7.461510689181353,1,0,0,anti_homophones
8743,fu4ying4,8,-5.671010186196384,2,5.671010186196384,1,1,5,anti_homophones
8744,bQ2bA2xC2,9,-7.566600541562622,3,7.566600541562622,1,0,0,anti_homophones
8745,bo2ren2,7,-6.038996491277416,2,6.038996491277416,1,0,1,anti_homophones
8746,kun4ru4dUn4,11,-9.924856025921352,3,9.924856025921352,1,0,0,anti_homophones
8747,jLng1ji1yV4shI4,15,-12.262334079503113,4,12.262334079503113,1,0,0,anti_homophones
8748,ding2xun4sheng4,15,-9.545223064757574,3,9.545223064757574,1,0,0,anti_homophones
8749,ren2zhi4ri4qK2,14,-10.698843435969543,4,10.698843435969543,1,0,0,anti_homophones
8750,po4shO1ci2,10,-8.638761820668384,3,8.638761820668384,1,0,0,anti_homophones
8751,yin3li4,7,-5.317595680852581,2,5.317595680852581,1,0,12,anti_homophones
8752,wA4bQ4dLn4zi3,13,-11.140922379420442,4,11.140922379420442,1,0,0,anti_homophones
8753,yi1mLn4,7,-5.008537291800632,2,5.008537291800632,1,1,7,anti_homophones
8754,zi1wu4,6,-5.878681909704722,2,5.878681909704722,1,0,6,anti_homophones
8755,zhUng2nv3ba5,12,-10.03898318182615,3,10.03898318182615,1,0,0,anti_homophones
8756,yi4gO2,6,-6.0707984648701805,2,6.0707984648701805,1,0,2,anti_homophones
8757,nu2chan4,8,-6.8600854071660775,2,6.8600854071660775,1,0,1,anti_homophones
8758,chu2gUng3,9,-7.088627337627514,2,7.088627337627514,1,0,0,anti_homophones
8759,zO4zheng1,9,-5.552565495568707,2,5.552565495568707,1,0,0,anti_homophones
8760,jK4yV2,6,-5.559208482092886,2,5.559208482092886,1,0,2,anti_homophones
8761,cQ3gO4ren4,10,-9.603100801048997,3,9.603100801048997,1,0,0,anti_homophones
8762,yu2gUn1wu4,10,-8.683409256451636,3,8.683409256451636,1,0,0,anti_homophones
8763,hI2lE4tA2,9,-8.487310106043784,3,8.487310106043784,1,0,0,anti_homophones
8764,bQ1hun2,7,-7.0775475352365556,2,7.0775475352365556,1,0,1,anti_homophones
8765,gan3shu4,8,-5.5493421146106865,2,5.5493421146106865,1,0,4,anti_homophones
8766,zhu4mi2nv3xu4,13,-11.282656316639756,4,11.282656316639756,1,0,0,anti_homophones
8767,jin4shi1ti2,11,-8.993625142420985,3,8.993625142420985,1,0,0,anti_homophones
8768,yV1yV3hI4,9,-7.842806801475771,3,7.842806801475771,1,0,0,anti_homophones
8769,xLn4cheng1,10,-5.917524539551284,2,5.917524539551284,1,0,6,anti_homophones
8770,hE1dE3,6,-5.372239078296586,2,5.372239078296586,1,0,0,anti_homophones
8771,bA2ling4,8,-6.347157124882078,2,6.347157124882078,1,0,0,anti_homophones
8772,yu2lK2,6,-6.02268720112358,2,6.02268720112358,1,0,1,anti_homophones
8773,shen1qu1,8,-5.552079647061473,2,5.552079647061473,1,1,3,anti_homophones
8774,hUng1shi3,9,-6.228132578061384,2,6.228132578061384,1,0,1,anti_homophones
8775,chang3lLng1hu1ran2,18,-12.073389443824444,4,12.073389443824444,1,0,0,anti_homophones
8776,bA3ji2tang2,11,-9.153494588368172,3,9.153494588368172,1,0,0,anti_homophones
8777,sheng2yan3dLn3mLn4,18,-11.317267923674162,4,11.317267923674162,1,0,0,anti_homophones
8778,hU1xM2,6,-5.941879533108893,2,5.941879533108893,1,0,0,anti_homophones
8779,fang1qi2jK1che1,15,-11.235133232275292,4,11.235133232275292,1,0,0,anti_homophones
8780,xLng3ru4,8,-6.2010836885912095,2,6.2010836885912095,1,0,1,anti_homophones
8781,jin3jL4shi4qK2,14,-10.840994318673479,4,10.840994318673479,1,0,0,anti_homophones
8782,hun4zi5,7,-5.4444691028585455,2,5.4444691028585455,1,0,2,anti_homophones
8783,na4man3,7,-5.9597240295435325,2,5.9597240295435325,1,0,2,anti_homophones
8784,bi4gI1hU1,9,-8.538942461048707,3,8.538942461048707,1,0,0,anti_homophones
8785,shan3xLn4,9,-6.043102834205571,2,6.043102834205571,1,0,1,anti_homophones
8786,yong1chO1fan3,13,-10.992533599277236,3,10.992533599277236,1,0,0,anti_homophones
8787,te4wE4can1,10,-8.513326074123993,3,8.513326074123993,1,0,0,anti_homophones
8788,di4ke4pA2,9,-8.716607261467551,3,8.716607261467551,1,0,0,anti_homophones
8789,tV4ge1,6,-6.072841415753309,2,6.072841415753309,1,0,2,anti_homophones
8790,lv3chi2zi5,10,-8.202771184016468,3,8.202771184016468,1,0,0,anti_homophones
8791,hA3xM1,6,-5.724904482904365,2,5.724904482904365,1,0,3,anti_homophones
8792,di4ci2hV4bo1,12,-11.141529931141042,4,11.141529931141042,1,0,0,anti_homophones
8793,chQ2fang4,9,-5.9762646004322875,2,5.9762646004322875,1,0,0,anti_homophones
8794,ju4zhen1min2,12,-8.878766082339224,3,8.878766082339224,1,0,0,anti_homophones
8795,yi1wu1di4,9,-8.201301253778928,3,8.201301253778928,1,0,0,anti_homophones
8796,sI2zhO1,7,-6.725597594957859,2,6.725597594957859,1,0,0,anti_homophones
8797,men2shi2,8,-5.791346243564593,2,5.791346243564593,1,0,3,anti_homophones
8798,chI2jL1men4,11,-9.376291592181456,3,9.376291592181456,1,0,0,anti_homophones
8799,xun2shang3,10,-6.741840588787736,2,6.741840588787736,1,0,0,anti_homophones
8800,gUn3gUn3,8,-5.932672119806435,2,5.932672119806435,1,0,0,anti_homophones
8801,dLn3qing2ju4,12,-9.075261027948095,3,9.075261027948095,1,0,0,anti_homophones
8802,shV3zhu4,8,-5.582707256454504,2,5.582707256454504,1,0,4,anti_homophones
8803,man3ji4,7,-5.881482461185618,2,5.881482461185618,1,0,4,anti_homophones
8804,zi4da4,6,-6.025794991609331,2,6.025794991609331,1,0,7,anti_homophones
8805,zO1fang2,8,-6.234907276190699,2,6.234907276190699,1,0,2,anti_homophones
8806,ma3qun2,7,-6.446913519527308,2,6.446913519527308,1,0,1,anti_homophones
8807,wu2xing1xLn4jC2,15,-10.876590885574984,4,10.876590885574984,1,0,0,anti_homophones
8808,cha1zi1,7,-6.183806469718531,2,6.183806469718531,1,0,4,anti_homophones
8809,mo2geng2mE2shi4,15,-11.557958155612507,4,11.557958155612507,1,0,0,anti_homophones
8810,shang3dQ1bang4,14,-9.918524516684787,3,9.918524516684787,1,0,0,anti_homophones
8811,ci2hang2,8,-6.644981119833502,2,6.644981119833502,1,0,0,anti_homophones
8812,xu1wan2,7,-6.015474901241654,2,6.015474901241654,1,0,4,anti_homophones
8813,jW4hUn2dQ3qi4,13,-11.411448129372793,4,11.411448129372793,1,0,0,anti_homophones
8814,du2shi2jM2,10,-8.184346122931714,3,8.184346122931714,1,0,0,anti_homophones
8815,zhong2se4,9,-5.2508939920515205,2,5.2508939920515205,1,0,2,anti_homophones
8816,yV1yV3xin1,10,-7.142451712353729,3,7.142451712353729,1,0,0,anti_homophones
8817,hU1jW3yang2,11,-8.60572786096766,3,8.60572786096766,1,0,0,anti_homophones
8818,lLng3mi2,8,-7.181045764650019,2,7.181045764650019,1,0,0,anti_homophones
8819,tong4zhe2zV4,12,-9.617504869911732,3,9.617504869911732,1,0,0,anti_homophones
8820,gUng1ting2bu4rO4,16,-12.204925771397942,4,12.204925771397942,1,0,0,anti_homophones
8821,ji1tLn1,7,-6.011735239611025,2,6.011735239611025,1,0,1,anti_homophones
8822,xLng1sheng4,11,-6.083515535423398,2,6.083515535423398,1,0,0,anti_homophones
8823,tW4ti3ti3,9,-9.462057339915974,3,9.462057339915974,1,0,0,anti_homophones
8824,yQ2li4,6,-5.422659484057699,2,5.422659484057699,1,1,5,anti_homophones
8825,zi4fV3,6,-6.0812368983325324,2,6.0812368983325324,1,1,4,anti_homophones
8826,kA1zan4cha2zhUn3,16,-12.888490135969901,4,12.888490135969901,1,0,0,anti_homophones
8827,feng2se4se4bM2,14,-11.114097555652412,4,11.114097555652412,1,0,0,anti_homophones
8828,zu3de2jin4,10,-9.640319928284349,3,9.640319928284349,1,0,0,anti_homophones
8829,jK3lK2er2gUn3,13,-10.573642977778812,4,10.573642977778812,1,0,0,anti_homophones
8830,fen1zI4hU4qi4,13,-10.049705522853229,4,10.049705522853229,1,0,0,anti_homophones
8831,fE1kP4,6,-5.821810168525163,2,5.821810168525163,1,0,1,anti_homophones
8832,jin1che1,8,-5.619168601220714,2,5.619168601220714,1,0,0,anti_homophones
8833,xing4qi3ye4,11,-8.342913117829262,3,8.342913117829262,1,0,0,anti_homophones
8834,wu2gV4,6,-5.869729401435256,2,5.869729401435256,1,0,1,anti_homophones
8835,dM1jin4,7,-6.093165735400333,2,6.093165735400333,1,0,2,anti_homophones
8836,jM2li2zhong2ri4,15,-11.576641880120308,4,11.576641880120308,1,0,0,anti_homophones
8837,zhV4ren2,8,-5.848756179296784,2,5.848756179296784,1,1,5,anti_homophones
8838,lQ3da3xW3zi5,12,-10.087783967702222,4,10.087783967702222,1,0,0,anti_homophones
8839,dA4gP4hU4,9,-8.331573484738431,3,8.331573484738431,1,0,0,anti_homophones
8840,zong1jC2,8,-6.336114485207323,2,6.336114485207323,1,0,1,anti_homophones
8841,yi3fa2,6,-5.795879571023019,2,5.795879571023019,1,0,2,anti_homophones
8842,mLn4can3,8,-6.991393771888611,2,6.991393771888611,1,0,0,anti_homophones
8843,er2hV4bing1jin3,15,-12.091025384806596,4,12.091025384806596,1,0,0,anti_homophones
8844,lM4shi2,7,-5.669771056551688,2,5.669771056551688,1,0,2,anti_homophones
8845,shi4ju4,7,-5.06734734746237,2,5.06734734746237,1,2,7,anti_homophones
8846,jLng1gUn3,9,-6.2308824837560834,2,6.2308824837560834,1,0,1,anti_homophones
8847,lA2kUn3,7,-6.443488580087417,2,6.443488580087417,1,0,0,anti_homophones
8848,yin1yang2,9,-6.038237504641882,2,6.038237504641882,1,0,4,anti_homophones
8849,da3nLn2hu2fa1,13,-12.404909065870442,4,12.404909065870442,1,0,0,anti_homophones
8850,feng4he2,8,-6.209790913027294,2,6.209790913027294,1,0,2,anti_homophones
8851,ming2xin1,9,-5.548640870745698,2,5.548640870745698,1,0,6,anti_homophones
8852,jC2zhi2,7,-5.8748958342307525,2,5.8748958342307525,1,0,4,anti_homophones
8853,wu2qLng4,8,-5.729471862105405,2,5.729471862105405,1,0,3,anti_homophones
8854,lK2mQ2,6,-5.764228614691421,2,5.764228614691421,1,0,1,anti_homophones
8855,kong2ban4,9,-6.43903270898031,2,6.43903270898031,1,0,0,anti_homophones
8856,sha2jLng1,9,-8.130781112141664,2,8.130781112141664,1,0,0,anti_homophones
8857,A3ge2lM4qi4,11,-10.464535478004944,4,10.464535478004944,1,0,0,anti_homophones
8858,fan3wE4,7,-5.804920643750796,2,5.804920643750796,1,0,1,anti_homophones
8859,zhong1gI4zhu2tong4,18,-12.21610373367087,4,12.21610373367087,1,0,0,anti_homophones
8860,bQ2mA4mQ4,9,-9.08389025932405,3,9.08389025932405,1,0,0,anti_homophones
8861,bQ4zi5,6,-4.6153375305557764,2,4.6153375305557764,1,2,10,anti_homophones
8862,lLn2ge2,7,-6.429424666713292,2,6.429424666713292,1,0,1,anti_homophones
8863,zhQ4ban4,8,-6.18946263640731,2,6.18946263640731,1,0,3,anti_homophones
8864,bi4ru3ren2,10,-10.031594910065435,3,10.031594910065435,1,0,0,anti_homophones
8865,shu4po1ling4,12,-9.255890431273103,3,9.255890431273103,1,0,0,anti_homophones
8866,gUng1yV2,8,-6.302399253797241,2,6.302399253797241,1,0,1,anti_homophones
8867,jLn1zheng2,10,-5.971700453654549,2,5.971700453654549,1,0,3,anti_homophones
8868,hE1an4jing1cha1,15,-11.439563921783739,4,11.439563921783739,1,0,0,anti_homophones
8869,di4kong1,8,-6.352687396624171,2,6.352687396624171,1,0,0,anti_homophones
8870,wu1hO4di4chi3,13,-12.527133384814922,4,12.527133384814922,1,0,0,anti_homophones
8871,za2hI1jK4fE4,12,-11.22220147490477,4,11.22220147490477,1,0,0,anti_homophones
8872,qi2zheng3,9,-6.650109399503745,2,6.650109399503745,1,0,1,anti_homophones
8873,di3pLn1,7,-6.326438967788881,2,6.326438967788881,1,0,2,anti_homophones
8874,xLng2wu4,8,-5.825286548601823,2,5.825286548601823,1,0,4,anti_homophones
8875,yong1zi3,8,-6.090332442363688,2,6.090332442363688,1,0,4,anti_homophones
8876,kong1bu4gUng1ban3,17,-11.6346286684305,4,11.6346286684305,1,0,0,anti_homophones
8877,chV1qu4,7,-6.258278345135855,2,6.258278345135855,1,0,2,anti_homophones
8878,qC1de2,6,-5.5948704980650765,2,5.5948704980650765,1,0,1,anti_homophones
8879,ping1xM4sO3jK3,14,-12.4892332093427,4,12.4892332093427,1,0,0,anti_homophones
8880,su4hI4,6,-5.737025943739933,2,5.737025943739933,1,0,8,anti_homophones
8881,da4nLn4zA4xLng1,15,-11.225842964335044,4,11.225842964335044,1,0,0,anti_homophones
8882,can1hu4,7,-6.081464085590204,2,6.081464085590204,1,1,3,anti_homophones
8883,ban3zV3mQ1tun1,14,-13.621883420239346,4,13.621883420239346,1,0,0,anti_homophones
8884,pV3ji4nLn2se4,13,-12.784459509972965,4,12.784459509972965,1,0,0,anti_homophones
8885,wang1yan1dan4,13,-10.047697424797557,3,10.047697424797557,1,0,0,anti_homophones
8886,zi1zO4,6,-6.039819220993602,2,6.039819220993602,1,0,3,anti_homophones
8887,wu3xM2,6,-6.492256268869971,2,6.492256268869971,1,0,3,anti_homophones
8888,wE1shang2,9,-6.150007356866177,2,6.150007356866177,1,0,1,anti_homophones
8889,lQ3ma4,6,-6.228210823073083,2,6.228210823073083,1,0,3,anti_homophones
8890,shUn1xLn4,9,-6.530126271864335,2,6.530126271864335,1,0,3,anti_homophones
8891,wen2cA2,7,-6.071569086777143,2,6.071569086777143,1,0,0,anti_homophones
8892,da4zhang1xing3,14,-8.90558057836463,3,8.90558057836463,1,0,0,anti_homophones
8893,zen3cha2dQ3,11,-10.137349719692487,3,10.137349719692487,1,0,0,anti_homophones
8894,bing4yang2pLn4ji4,17,-12.08075604993167,4,12.08075604993167,1,0,0,anti_homophones
8895,shV3bW3qLng4,12,-9.264986319570506,3,9.264986319570506,1,0,0,anti_homophones
8896,cQ1zhan1,8,-6.508390500644259,2,6.508390500644259,1,0,0,anti_homophones
8897,lA2si3,6,-6.643591278924688,2,6.643591278924688,1,0,1,anti_homophones
8898,dQ4gUng1,8,-6.039894603039738,2,6.039894603039738,1,0,2,anti_homophones
8899,men2wen2,8,-5.899711528676881,2,5.899711528676881,1,0,1,anti_homophones
8900,ru4ma3,6,-6.060810916236826,2,6.060810916236826,1,0,3,anti_homophones
8901,dLn4zhi4,8,-5.270064033093077,2,5.270064033093077,1,0,6,anti_homophones
8902,li4sI4di3xu4,12,-12.214195536895534,4,12.214195536895534,1,0,0,anti_homophones
8903,xi4jC2,6,-6.182311115483552,2,6.182311115483552,1,0,3,anti_homophones
8904,yan2nLn2pu2tong3,16,-11.367272817108772,4,11.367272817108772,1,0,0,anti_homophones
8905,zhUn1gUng1li2,13,-9.804786377552638,3,9.804786377552638,1,0,0,anti_homophones
8906,wo4qi4,6,-5.695959068472167,2,5.695959068472167,1,0,2,anti_homophones
8907,hang2ji1lLng4,13,-9.084928112409774,3,9.084928112409774,1,0,0,anti_homophones
8908,cun1li4ji4,10,-8.575637176244733,3,8.575637176244733,1,0,0,anti_homophones
8909,jM1dUn4si3shu4,14,-10.773281967278706,4,10.773281967278706,1,0,0,anti_homophones
8910,lO2mQ2zI3,9,-8.788752811325123,3,8.788752811325123,1,0,0,anti_homophones
8911,zun1gV4,7,-7.116128185727175,2,7.116128185727175,1,0,1,anti_homophones
8912,bQ3qK2,6,-5.948958428267225,2,5.948958428267225,1,0,0,anti_homophones
8913,gUn1ying2yan2,13,-8.42499444322341,3,8.42499444322341,1,0,0,anti_homophones
8914,xu1xW4,6,-6.019505351978791,2,6.019505351978791,1,0,2,anti_homophones
8915,wu2kQ4,6,-5.6620070882359395,2,5.6620070882359395,1,1,4,anti_homophones
8916,fang4yi1yan2,12,-8.468975604524125,3,8.468975604524125,1,0,0,anti_homophones
8917,bu4gQ4,6,-5.383198612310018,2,5.383198612310018,1,1,5,anti_homophones
8918,ren2lin2bu4qi4,14,-10.124070532124259,4,10.124070532124259,1,0,0,anti_homophones
8919,yi1shu1,7,-5.054112162350934,2,5.054112162350934,1,0,7,anti_homophones
8920,wu2ku1,6,-6.38655411477974,2,6.38655411477974,1,0,1,anti_homophones
8921,re4che1,7,-5.659894220917781,2,5.659894220917781,1,0,2,anti_homophones
8922,hO4gUn1ju1su2,13,-12.719039155844172,4,12.719039155844172,1,0,0,anti_homophones
8923,nE4hU4mi3,9,-9.156131672592158,3,9.156131672592158,1,0,0,anti_homophones
8924,qUn3bQ4,7,-7.247173091344574,2,7.247173091344574,1,0,1,anti_homophones
8925,gong1beng1,10,-7.211328157978949,2,7.211328157978949,1,0,0,anti_homophones
8926,pLn4shI3,8,-6.167711969327994,2,6.167711969327994,1,0,3,anti_homophones
8927,she4li4,7,-5.0520389641989345,2,5.0520389641989345,1,1,10,anti_homophones
8928,li4gang2,8,-6.8739511039228285,2,6.8739511039228285,1,0,0,anti_homophones
8929,zong1chun4ren2,14,-9.593238796860252,3,9.593238796860252,1,0,0,anti_homophones
8930,ru2yC1,6,-5.973370387433809,2,5.973370387433809,1,0,0,anti_homophones
8931,xL4tA4jL4,9,-8.506074707688452,3,8.506074707688452,1,0,0,anti_homophones
8932,xLng4gO4jC2,11,-9.263599391017312,3,9.263599391017312,1,0,0,anti_homophones
8933,leng1da4qing4,13,-9.156150932996333,3,9.156150932996333,1,0,0,anti_homophones
8934,bing2ye4,8,-5.549742542596612,2,5.549742542596612,1,0,5,anti_homophones
8935,zhQ4li4,7,-5.18701962928697,2,5.18701962928697,1,1,7,anti_homophones
8936,ye3bu4fE4,9,-7.964321313847947,3,7.964321313847947,1,0,0,anti_homophones
8937,hU4nLn2che1,11,-8.598946358431334,3,8.598946358431334,1,0,0,anti_homophones
8938,sheng1ru2cha2,13,-8.751326804390553,3,8.751326804390553,1,0,0,anti_homophones
8939,se4sheng2,9,-7.101824825589999,2,7.101824825589999,1,0,1,anti_homophones
8940,zhong1shV1sheng2gO2,19,-11.960760346889233,4,11.960760346889233,1,0,0,anti_homophones
8941,sheng1zong1,11,-7.057976564657001,2,7.057976564657001,1,0,2,anti_homophones
8942,lO2wu4,6,-5.308584256208249,2,5.308584256208249,1,1,5,anti_homophones
8943,ning4sheng1ku4,14,-10.073379376653998,3,10.073379376653998,1,0,0,anti_homophones
8944,xW3shi2se4chUn1,15,-12.137035212468554,4,12.137035212468554,1,0,0,anti_homophones
8945,wan3shi1bW3,11,-9.294703493391777,3,9.294703493391777,1,0,0,anti_homophones
8946,xing1tW2wE3,11,-8.726072420933715,3,8.726072420933715,1,0,0,anti_homophones
8947,yu4qLn2pi2gan3,14,-11.915628953268643,4,11.915628953268643,1,0,0,anti_homophones
8948,mu4ci2,6,-5.401439816369143,2,5.401439816369143,1,0,5,anti_homophones
8949,bW3xC4xL4,9,-9.359746607487875,3,9.359746607487875,1,0,0,anti_homophones
8950,hI4hI3gI1,9,-9.968496982593036,3,9.968496982593036,1,0,0,anti_homophones
8951,li3shi4,7,-5.126617595216494,2,5.126617595216494,1,0,10,anti_homophones
8952,xW3shang4,9,-5.635228004779153,2,5.635228004779153,1,0,2,anti_homophones
8953,gA4dLn4,7,-6.659642692802053,2,6.659642692802053,1,0,1,anti_homophones
8954,sheng2yang2ying1si3,19,-12.727134986942154,4,12.727134986942154,1,0,0,anti_homophones
8955,bing2lLn4re4,12,-9.6850020163962,3,9.6850020163962,1,0,0,anti_homophones
8956,he2gO2zE4,9,-9.03707459839745,3,9.03707459839745,1,0,0,anti_homophones
8957,jM1xin4,7,-6.088550734711983,2,6.088550734711983,1,0,3,anti_homophones
8958,chang3yang2shP4zhA4,19,-13.951981768930285,4,13.951981768930285,1,0,0,anti_homophones
8959,V1yV1yC1,8,-8.879035259330463,3,8.879035259330463,1,0,0,anti_homophones
8960,nK2du4,6,-6.108123463643725,2,6.108123463643725,1,0,0,anti_homophones
8961,qing4dLn3,9,-5.944088848650943,2,5.944088848650943,1,0,3,anti_homophones
8962,bu4bu4,6,-5.0087614068711055,2,5.0087614068711055,1,0,13,anti_homophones
8963,cheng2shI3,10,-6.088632485627812,2,6.088632485627812,1,0,1,anti_homophones
8964,wan3hU2fa3,10,-9.73068642825805,3,9.73068642825805,1,0,0,anti_homophones
8965,zhQ1xM2,7,-6.08298483547853,2,6.08298483547853,1,0,0,anti_homophones
8966,dan1ma3,7,-6.175314643276692,2,6.175314643276692,1,0,2,anti_homophones
8967,re3bu4,6,-5.8541487180407925,2,5.8541487180407925,1,0,2,anti_homophones
8968,zi4li3,6,-5.176976391154885,2,5.176976391154885,1,1,4,anti_homophones
8969,gan1bLn4xLng4,13,-8.812173799249745,3,8.812173799249745,1,0,0,anti_homophones
8970,kQ4yang2,8,-7.271839180689727,2,7.271839180689727,1,0,0,anti_homophones
8971,yi1dLn1qu3,10,-8.938596017861347,3,8.938596017861347,1,0,0,anti_homophones
8972,keng4pE4di3,11,-10.977141314600408,3,10.977141314600408,1,0,0,anti_homophones
8973,chan4mo4,8,-6.315638947674211,2,6.315638947674211,1,0,1,anti_homophones
8974,tong2tong2dong4mQ4,18,-13.090795178147763,4,13.090795178147763,1,0,0,anti_homophones
8975,bA4la3zhu2,10,-11.657961859206665,3,11.657961859206665,1,0,0,anti_homophones
8976,man3fang1zhi4,13,-9.02548467911483,3,9.02548467911483,1,0,0,anti_homophones
8977,bu3li3fu2,9,-7.836033567847573,3,7.836033567847573,1,0,0,anti_homophones
8978,zeng1yang2zi4bing1,18,-13.201890129682122,4,13.201890129682122,1,0,0,anti_homophones
8979,chang3mo4fu3,12,-9.88986883917614,3,9.88986883917614,1,0,0,anti_homophones
8980,zA1hI1,6,-6.615550348559332,2,6.615550348559332,1,0,1,anti_homophones
8981,song4nQ3,8,-7.199827295599512,2,7.199827295599512,1,0,2,anti_homophones
8982,lLng1hu1kong3chi3,17,-13.593277892560955,4,13.593277892560955,1,0,0,anti_homophones
8983,shi1li4,7,-5.303976345168911,2,5.303976345168911,1,0,9,anti_homophones
8984,wu3gong1long2,13,-9.233239996478817,3,9.233239996478817,1,0,0,anti_homophones
8985,qing4zhong1lLng1ying4,21,-12.117917012571105,4,12.117917012571105,1,0,0,anti_homophones
8986,zeng1wE3xun4chi4,16,-13.721277547267533,4,13.721277547267533,1,0,0,anti_homophones
8987,hO4xM2tan4,10,-9.616149620945137,3,9.616149620945137,1,0,0,anti_homophones
8988,yong1bu4shi1,12,-8.490834952812564,3,8.490834952812564,1,0,0,anti_homophones
8989,fan3cheng4,10,-6.379880280101497,2,6.379880280101497,1,0,0,anti_homophones
8990,yi1zhan2,8,-5.956907485933558,2,5.956907485933558,1,0,3,anti_homophones
8991,chUn4gan3,9,-6.609982302392194,2,6.609982302392194,1,0,1,anti_homophones
8992,da4e2,5,-5.026616827758978,2,5.026616827758978,1,0,8,anti_homophones
8993,shV1chan4xi4,12,-9.289351204555205,3,9.289351204555205,1,0,0,anti_homophones
8994,bu4gU1,6,-5.800435220231367,2,5.800435220231367,1,0,2,anti_homophones
8995,jLng2ban1zhan1,14,-10.079488446619333,3,10.079488446619333,1,0,0,anti_homophones
8996,shV4gen1,8,-6.315020385691344,2,6.315020385691344,1,0,1,anti_homophones
8997,hU2he2kU3,9,-9.767949950581091,3,9.767949950581091,1,0,0,anti_homophones
8998,dan4ye3xK3,10,-10.81468071823903,3,10.81468071823903,1,0,0,anti_homophones
8999,gan1xLn4shi4,12,-7.9567863079137755,3,7.9567863079137755,1,0,0,anti_homophones
9000,hQ4ding2,8,-6.532187099036995,2,6.532187099036995,1,0,0,anti_homophones
9001,gu1bA4jW1,9,-9.566431449630581,3,9.566431449630581,1,0,0,anti_homophones
9002,ran2hV4tu2cong1,15,-12.62390708078171,4,12.62390708078171,1,0,0,anti_homophones
9003,chI1zi5,7,-5.7789712718003,2,5.7789712718003,1,0,5,anti_homophones
9004,ting3gI3lE4tong2,16,-12.685956758015521,4,12.685956758015521,1,0,0,anti_homophones
9005,yan4bu4yun4,11,-8.219416783398243,3,8.219416783398243,1,0,0,anti_homophones
9006,sA4zhUng1tV5,12,-10.902036509123514,3,10.902036509123514,1,0,0,anti_homophones
9007,ye3xW4,6,-5.964246122564991,2,5.964246122564991,1,0,0,anti_homophones
9008,deng2jW1gI1she2,15,-13.277109683062566,4,13.277109683062566,1,0,0,anti_homophones
9009,gan3nLn4mo2,11,-9.827498766006602,3,9.827498766006602,1,0,0,anti_homophones
9010,zhI1yan3yang4,13,-9.431538326751241,3,9.431538326751241,1,0,0,anti_homophones
9011,xL4tLn1nLng2,12,-9.454772740249432,3,9.454772740249432,1,0,0,anti_homophones
9012,wE1gO3,6,-6.261129281762543,2,6.261129281762543,1,0,1,anti_homophones
9013,zheng2hang1,11,-7.461853434734492,2,7.461853434734492,1,0,1,anti_homophones
9014,shV4ren3yQ4,11,-9.520573792357172,3,9.520573792357172,1,0,0,anti_homophones
9015,yi2chu4,7,-6.091434922817997,2,6.091434922817997,1,0,2,anti_homophones
9016,yu4deng4,8,-6.512527759340431,2,6.512527759340431,1,0,1,anti_homophones
9017,shang1xing2,11,-5.998611170300729,2,5.998611170300729,1,0,5,anti_homophones
9018,san1li5,7,-5.992122873748634,2,5.992122873748634,1,0,2,anti_homophones
9019,xing2ru2jW4wE4,14,-11.641899609452697,4,11.641899609452697,1,0,0,anti_homophones
9020,nLn2tang1bu4sheng4,18,-12.197746531938105,4,12.197746531938105,1,0,0,anti_homophones
9021,ti2jW4,6,-6.608950437020635,2,6.608950437020635,1,0,3,anti_homophones
9022,tM1hI2gI4fu2,12,-12.777442509957629,4,12.777442509957629,1,0,0,anti_homophones
9023,zha1kI1dan3,11,-10.592179033782031,3,10.592179033782031,1,0,0,anti_homophones
9024,bQ4bu4shang4,12,-8.242534232652567,3,8.242534232652567,1,0,0,anti_homophones
9025,he4shi1,7,-6.4609116962870825,2,6.4609116962870825,1,0,0,anti_homophones
9026,mu4ma3kong1sheng4,17,-12.098050428926415,4,12.098050428926415,1,0,0,anti_homophones
9027,kA1ke4yQ4li2,12,-11.394493906349048,4,11.394493906349048,1,0,0,anti_homophones
9028,pE4dI4gO2,9,-8.601011550218344,3,8.601011550218344,1,0,0,anti_homophones
9029,bu3ren4,7,-5.962631627308984,2,5.962631627308984,1,0,4,anti_homophones
9030,he2da4bQ4,9,-7.963564851894537,3,7.963564851894537,1,0,0,anti_homophones
9031,dO3er2,6,-5.5268747622050345,2,5.5268747622050345,1,0,1,anti_homophones
9032,xi1de2,6,-5.87118731285893,2,5.87118731285893,1,0,3,anti_homophones
9033,sheng1shu4chi3xC2,17,-11.228672093819196,4,11.228672093819196,1,0,0,anti_homophones
9034,che4xLng4,9,-6.363430522159182,2,6.363430522159182,1,0,0,anti_homophones
9035,shV1shu4,8,-5.631993658838036,2,5.631993658838036,1,0,5,anti_homophones
9036,la4shi4zang3,12,-11.713927418896741,3,11.713927418896741,1,0,0,anti_homophones
9037,jLng1dI4mW3,11,-11.412290292583108,3,11.412290292583108,1,0,0,anti_homophones
9038,a1gO1,5,-6.2806534203073605,2,6.2806534203073605,1,0,1,anti_homophones
9039,nu2ling4,8,-6.552839590187184,2,6.552839590187184,1,0,0,anti_homophones
9040,yQ4da3fen1qLn2,14,-11.880186217035622,4,11.880186217035622,1,0,0,anti_homophones
9041,ke4chu1bu4,10,-8.229000508257391,3,8.229000508257391,1,0,0,anti_homophones
9042,jL1po4lang1,11,-8.14249949043944,3,8.14249949043944,1,0,0,anti_homophones
9043,bu4xLng1,8,-5.294824575745297,2,5.294824575745297,1,0,4,anti_homophones
9044,su4sheng1,9,-5.799786919377625,2,5.799786919377625,1,1,4,anti_homophones
9045,ji3jun1,7,-6.025732306278242,2,6.025732306278242,1,0,3,anti_homophones
9046,tLn1di4jM1zI3,13,-11.083549351024354,4,11.083549351024354,1,0,0,anti_homophones
9047,wang4nLn4,9,-6.819162985870807,2,6.819162985870807,1,0,1,anti_homophones
9048,ma2zhong2men2min3,17,-12.490758848331922,4,12.490758848331922,1,0,0,anti_homophones
9049,bLn1zhang4cheng3,16,-9.794125087033578,3,9.794125087033578,1,0,0,anti_homophones
9050,shu1yu3,7,-5.624942958402245,2,5.624942958402245,1,0,5,anti_homophones
9051,xC2li4,6,-5.523768108428132,2,5.523768108428132,1,0,3,anti_homophones
9052,hE1qi1hong2,11,-9.842297401619168,3,9.842297401619168,1,0,0,anti_homophones
9053,xu4shu1,7,-6.032638363399629,2,6.032638363399629,1,0,4,anti_homophones
9054,tong1fu2,8,-5.779551724186635,2,5.779551724186635,1,1,1,anti_homophones
9055,wA4shan1ru4,11,-9.33652353745729,3,9.33652353745729,1,0,0,anti_homophones
9056,wA4zhong1feng4,14,-9.09910897933745,3,9.09910897933745,1,0,0,anti_homophones
9057,hu4xC4,6,-6.597370065873905,2,6.597370065873905,1,0,3,anti_homophones
9058,sheng1lin2,10,-6.018775033402789,2,6.018775033402789,1,0,0,anti_homophones
9059,bLn1nLng4,9,-6.754577347637485,2,6.754577347637485,1,0,0,anti_homophones
9060,nan2xin1,8,-5.534411921378678,2,5.534411921378678,1,0,6,anti_homophones
9061,feng1hA4,8,-5.766725240087091,2,5.766725240087091,1,0,4,anti_homophones
9062,shO1bLn4yan3xLn2,16,-11.898143187623688,4,11.898143187623688,1,0,0,anti_homophones
9063,shi1qi4,7,-5.14925069466957,2,5.14925069466957,1,1,12,anti_homophones
9064,di4bu4zhang3,12,-7.975226494848175,3,7.975226494848175,1,0,0,anti_homophones
9065,pW2chong4,9,-6.572771615461765,2,6.572771615461765,1,0,1,anti_homophones
9066,zV3li3,6,-5.429283552025739,2,5.429283552025739,1,1,2,anti_homophones
9067,shV3yang4lv4,12,-8.819307094834981,3,8.819307094834981,1,0,0,anti_homophones
9068,ni4jM4,6,-5.904238310643751,2,5.904238310643751,1,0,5,anti_homophones
9069,fE2gUng2bu4mu4,14,-11.877446193732938,4,11.877446193732938,1,0,0,anti_homophones
9070,can3chong1l4,12,-12.42315647840772,2,12.42315647840772,1,0,0,anti_homophones
9071,pE2xin1xing2nLng4,17,-11.820425984266416,4,11.820425984266416,1,0,0,anti_homophones
9072,jW1feng1,8,-5.923953024283685,2,5.923953024283685,1,0,1,anti_homophones
9073,chu4zhu3,8,-6.148577232537286,2,6.148577232537286,1,0,2,anti_homophones
9074,shI3gan1dA4,11,-8.193582133906729,3,8.193582133906729,1,0,0,anti_homophones
9075,pi2bu4,6,-5.48940326337227,2,5.48940326337227,1,0,8,anti_homophones
9076,ru2yUn4,7,-5.917655441091444,2,5.917655441091444,1,0,6,anti_homophones
9077,mE2ti2ke3,9,-8.926175043660768,3,8.926175043660768,1,0,0,anti_homophones
9078,jM2jK4wu2yV3,12,-11.893392405362174,4,11.893392405362174,1,0,0,anti_homophones
9079,chu2shi4bQ4ji2,14,-10.643212179981283,4,10.643212179981283,1,0,0,anti_homophones
9080,yu2lV3,6,-6.7540264098345135,2,6.7540264098345135,1,0,0,anti_homophones
9081,shang2ren2mo4,13,-8.419800089845491,3,8.419800089845491,1,0,0,anti_homophones
9082,ke1jing2kUn1yC4,15,-11.76540291757088,4,11.76540291757088,1,0,0,anti_homophones
9083,ji3zhu3,7,-6.046780322109848,2,6.046780322109848,1,0,1,anti_homophones
9084,shang2mu4,9,-5.793756221028387,2,5.793756221028387,1,1,2,anti_homophones
9085,gQ1wE4,6,-4.8030253521940125,2,4.8030253521940125,1,1,3,anti_homophones
9086,ju1du4,6,-5.730172540629773,2,5.730172540629773,1,0,3,anti_homophones
9087,tu2ji1xLng1min2,15,-11.538186936146053,4,11.538186936146053,1,0,0,anti_homophones
9088,lLng1yin3,9,-6.343877875787988,2,6.343877875787988,1,0,0,anti_homophones
9089,li2qi1,6,-5.729782575467602,2,5.729782575467602,1,0,4,anti_homophones
9090,nin2hU4ce4,10,-9.365130909261614,3,9.365130909261614,1,0,0,anti_homophones
9091,lLng4fu1,8,-6.5142271031032655,2,6.5142271031032655,1,0,0,anti_homophones
9092,shi2zhe5to2yi4,14,-11.646677497865362,4,11.646677497865362,1,0,0,anti_homophones
9093,qC1dLn4ju4,10,-8.009191599915068,3,8.009191599915068,1,0,0,anti_homophones
9094,zO2yun4yu4,10,-8.905741590949603,3,8.905741590949603,1,0,0,anti_homophones
9095,zV3jK4,6,-6.0062267252636685,2,6.0062267252636685,1,0,0,anti_homophones
9096,jLng3zu2,8,-6.4168494483050456,2,6.4168494483050456,1,0,1,anti_homophones
9097,cQ3tA2zhi1,10,-9.095952689172918,3,9.095952689172918,1,0,0,anti_homophones
9098,heng1shi3,9,-6.795888349235551,2,6.795888349235551,1,0,3,anti_homophones
9099,zhUn4tQ2pW4,11,-10.656869842385634,3,10.656869842385634,1,0,0,anti_homophones
9100,qLn2bi3,7,-5.844317964606978,2,5.844317964606978,1,1,5,anti_homophones
9101,fa3zi5,6,-5.375421592968578,2,5.375421592968578,1,0,4,anti_homophones
9102,gI1ju3,6,-6.5017336826118735,2,6.5017336826118735,1,0,2,anti_homophones
9103,jC2sA1,6,-5.961521155309819,2,5.961521155309819,1,0,1,anti_homophones
9104,chi2bu4kan1,11,-8.386386809539143,3,8.386386809539143,1,0,0,anti_homophones
9105,chun1qun2,9,-7.378818908805794,2,7.378818908805794,1,0,1,anti_homophones
9106,yQ4xing3,8,-6.073089553233997,2,6.073089553233997,1,0,4,anti_homophones
9107,bQ4shu1,7,-5.90950683098508,2,5.90950683098508,1,0,1,anti_homophones
9108,qing1su2,8,-6.38331058976351,2,6.38331058976351,1,0,2,anti_homophones
9109,jW4xC2,6,-5.059323808654031,2,5.059323808654031,1,0,3,anti_homophones
9110,lin2zV4,7,-6.3444452734545225,2,6.3444452734545225,1,0,1,anti_homophones
9111,kI1ling1xLn4,12,-9.854638621770727,3,9.854638621770727,1,0,0,anti_homophones
9112,gan1yan3gUng4wang4,18,-12.541421002482416,4,12.541421002482416,1,0,0,anti_homophones
9113,ji1bo1,6,-5.859229467031116,2,5.859229467031116,1,0,3,anti_homophones
9114,he2zi4fa4qM4,12,-12.007525722540084,4,12.007525722540084,1,0,0,anti_homophones
9115,xK1sheng3,9,-6.468368709955474,2,6.468368709955474,1,0,2,anti_homophones
9116,nQ3dA4,6,-5.8491420512997205,2,5.8491420512997205,1,0,7,anti_homophones
9117,yi1tQ1,6,-6.1993957492249505,2,6.1993957492249505,1,0,2,anti_homophones
9118,tong3hI1fang4gUng1,18,-12.452585557930465,4,12.452585557930465,1,0,0,anti_homophones
9119,yV1zhQ1hO4,10,-9.502428761659885,3,9.502428761659885,1,0,0,anti_homophones
9120,hV2shQ1yQ2yan3,14,-12.46324814225425,4,12.46324814225425,1,0,0,anti_homophones
9121,bu4kang3,8,-5.834133632201325,2,5.834133632201325,1,0,2,anti_homophones
9122,chan1chUn1,10,-7.143892221909641,2,7.143892221909641,1,0,0,anti_homophones
9123,ping4pan2zhi2,13,-9.71355157754873,3,9.71355157754873,1,0,0,anti_homophones
9124,qC4xi2fen1ren2,14,-11.284240014059975,4,11.284240014059975,1,0,0,anti_homophones
9125,bQ4zi1lang3,11,-9.910881921372331,3,9.910881921372331,1,0,0,anti_homophones
9126,ye4gUng2yan3,12,-9.461199796473908,3,9.461199796473908,1,0,0,anti_homophones
9127,zQ2da4ning1er2,14,-14.966365411512346,4,14.966365411512346,1,0,0,anti_homophones
9128,zhan4qUn3gUn3,13,-10.061093895134844,3,10.061093895134844,1,0,0,anti_homophones
9129,pi2qUn2yong1lE3,15,-12.452843468041934,4,12.452843468041934,1,0,0,anti_homophones
9130,wu2jing2,8,-5.20164607774349,2,5.20164607774349,1,2,7,anti_homophones
9131,zheng2ting2,11,-6.844262189822062,2,6.844262189822062,1,0,3,anti_homophones
9132,men4zi5,7,-5.8473038820107215,2,5.8473038820107215,1,1,8,anti_homophones
9133,yin3lUn3,8,-6.8779905951357865,2,6.8779905951357865,1,0,0,anti_homophones
9134,ke3nA3lQ3mE3,12,-11.457016241872587,4,11.457016241872587,1,0,0,anti_homophones
9135,jLn4yin1pin1,12,-10.019369682764568,3,10.019369682764568,1,0,0,anti_homophones
9136,zhong3men2ji2,13,-8.959554534931646,3,8.959554534931646,1,0,0,anti_homophones
9137,zQ3bu4qi1ming3,14,-11.738956090279178,4,11.738956090279178,1,0,0,anti_homophones
9138,qing1can1ye4pi3,15,-13.15567701787901,4,13.15567701787901,1,0,0,anti_homophones
9139,shV3zheng2,10,-5.984096089564464,2,5.984096089564464,1,0,2,anti_homophones
9140,lv3xing2,8,-5.2403213132539515,2,5.2403213132539515,1,0,3,anti_homophones
9141,dong4tu2,8,-6.149123653424733,2,6.149123653424733,1,0,0,anti_homophones
9142,mE3ran3mQ4,10,-9.118668876986435,3,9.118668876986435,1,0,0,anti_homophones
9143,chong4gan1ru4,13,-9.426665636485719,3,9.426665636485719,1,0,0,anti_homophones
9144,ding1che1,9,-6.124212286280166,2,6.124212286280166,1,1,1,anti_homophones
9145,yV4dM1,6,-6.404631106276127,2,6.404631106276127,1,0,0,anti_homophones
9146,chan4jUn4ji2,12,-9.225348471887811,3,9.225348471887811,1,0,0,anti_homophones
9147,yi3wu2cQ2,9,-9.083543840601727,3,9.083543840601727,1,0,0,anti_homophones
9148,nE4ran2,7,-5.9221665049941725,2,5.9221665049941725,1,0,2,anti_homophones
9149,dV4bi3,6,-6.106800004802345,2,6.106800004802345,1,0,4,anti_homophones
9150,da3zhQ4he2,10,-8.53106593892221,3,8.53106593892221,1,0,0,anti_homophones
9151,zhUng4zhA4ren2A2,16,-12.440285627425142,4,12.440285627425142,1,0,0,anti_homophones
9152,ge1man4zhe3,11,-8.810462668476813,3,8.810462668476813,1,0,0,anti_homophones
9153,he2yV2,6,-6.188128763745384,2,6.188128763745384,1,0,4,anti_homophones
9154,lB4bW3,6,-5.602778207426368,2,5.602778207426368,1,0,3,anti_homophones
9155,chan4hU4,8,-5.450104831804281,2,5.450104831804281,1,0,2,anti_homophones
9156,dM2zO4,6,-6.37447503630322,2,6.37447503630322,1,0,2,anti_homophones
9157,wE2chu1,7,-6.007583691815642,2,6.007583691815642,1,0,3,anti_homophones
9158,pi2yi2man2,10,-9.874109148060771,3,9.874109148060771,1,0,0,anti_homophones
9159,zhV4bin1,8,-7.285656855377764,2,7.285656855377764,1,0,2,anti_homophones
9160,zhI1dQ3,7,-6.156979379655949,2,6.156979379655949,1,0,0,anti_homophones
9161,wan2zhan4,9,-6.578589057803782,2,6.578589057803782,1,0,0,anti_homophones
9162,chu1chen1yUn2zheng4,19,-11.433906830411907,4,11.433906830411907,1,0,0,anti_homophones
9163,jin4rang4,9,-6.373309736552571,2,6.373309736552571,1,1,1,anti_homophones
9164,fan1hU4,7,-5.866986972643156,2,5.866986972643156,1,0,3,anti_homophones
9165,pA2lW2,6,-6.263177546799634,2,6.263177546799634,1,0,1,anti_homophones
9166,wE1bQ3an4,9,-7.783589276806175,3,7.783589276806175,1,0,0,anti_homophones
9167,rV4ping3qing2lu2,16,-13.157083696016654,4,13.157083696016654,1,0,0,anti_homophones
9168,gan3kan4,8,-6.26514050478698,2,6.26514050478698,1,0,0,anti_homophones
9169,dan3fen1chong1,14,-10.249730264137739,3,10.249730264137739,1,0,0,anti_homophones
9170,lQ3can2gu1nLn4,14,-12.18331665777003,4,12.18331665777003,1,0,0,anti_homophones
9171,ling2fang2,10,-6.401126023232238,2,6.401126023232238,1,0,2,anti_homophones
9172,dM1lE3jing4,11,-8.813108995765926,3,8.813108995765926,1,0,0,anti_homophones
9173,qin2po4,7,-6.669414441385685,2,6.669414441385685,1,0,1,anti_homophones
9174,shu3yi4fang1fE4,15,-11.272555337267647,4,11.272555337267647,1,0,0,anti_homophones
9175,zha1yang1pu3yan1,16,-13.913646942654891,4,13.913646942654891,1,0,0,anti_homophones
9176,jW1wu1yi1ha5,12,-12.551293040051,4,12.551293040051,1,0,0,anti_homophones
9177,gO2bi4mLn2,10,-8.837584548032664,3,8.837584548032664,1,0,0,anti_homophones
9178,yi1shI3qi4fen1,14,-10.38714107925633,4,10.38714107925633,1,0,0,anti_homophones
9179,la4bang3yun4zi5,15,-12.229225743923116,4,12.229225743923116,1,0,0,anti_homophones
9180,tu1lUn4,7,-6.3253981803829245,2,6.3253981803829245,1,0,1,anti_homophones
9181,jL1cang3,8,-7.558504880156554,2,7.558504880156554,1,0,0,anti_homophones
9182,shi1cu4e2,9,-8.197954013564418,3,8.197954013564418,1,0,0,anti_homophones
9183,lv3yi4,6,-5.568930596076329,2,5.568930596076329,1,0,5,anti_homophones
9184,tan1jing3hO4,12,-10.067082799062737,3,10.067082799062737,1,0,0,anti_homophones
9185,he2bu4song1,11,-8.12995346345213,3,8.12995346345213,1,0,0,anti_homophones
9186,kA1fu2,6,-5.675340543211185,2,5.675340543211185,1,0,1,anti_homophones
9187,dA4ren2,7,-5.006503792836711,2,5.006503792836711,1,1,9,anti_homophones
9188,da4meng4gong3,13,-9.226451877114965,3,9.226451877114965,1,0,0,anti_homophones
9189,shan4chang1,11,-6.567563345361534,2,6.567563345361534,1,0,1,anti_homophones
9190,nv3mo4,6,-5.848636146621704,2,5.848636146621704,1,0,1,anti_homophones
9191,gU3jun1,7,-5.997190946965287,2,5.997190946965287,1,0,0,anti_homophones
9192,xLng1xin4ri4gUn4,16,-11.758834875433026,4,11.758834875433026,1,0,0,anti_homophones
9193,tM3shi1,7,-5.679411182225428,2,5.679411182225428,1,0,4,anti_homophones
9194,sI2su2,6,-5.888690301572983,2,5.888690301572983,1,0,1,anti_homophones
9195,gO1lu4wE4,9,-9.005811251276661,3,9.005811251276661,1,0,0,anti_homophones
9196,dan4xW4,7,-6.285385531539992,2,6.285385531539992,1,0,2,anti_homophones
9197,xYng2zhi1zhong1,15,-8.979577004483591,3,8.979577004483591,1,0,0,anti_homophones
9198,shV1hI2,7,-6.877398071732778,2,6.877398071732778,1,0,2,anti_homophones
9199,qi4jLn4,7,-6.051733181085879,2,6.051733181085879,1,0,4,anti_homophones
9200,zO4gan1cheng1,13,-9.157108008424371,3,9.157108008424371,1,0,0,anti_homophones
9201,jLn4chang1,10,-6.155123354290629,2,6.155123354290629,1,0,0,anti_homophones
9202,xC4tUn2,7,-5.558015963553132,2,5.558015963553132,1,0,1,anti_homophones
9203,mu4cha1zhi4fE4,14,-11.52321814345986,4,11.52321814345986,1,0,0,anti_homophones
9204,xW3gO3,6,-5.864383531327602,2,5.864383531327602,1,0,3,anti_homophones
9205,shV3hQ3xin1hu1,14,-10.839730098554266,4,10.839730098554266,1,0,0,anti_homophones
9206,jM1lM4wE4hu2,12,-11.336782484740672,4,11.336782484740672,1,0,0,anti_homophones
9207,xing2shen1,10,-6.084069476791197,2,6.084069476791197,1,0,1,anti_homophones
9208,da4jLn4,7,-4.864663875504316,2,4.864663875504316,1,0,7,anti_homophones
9209,cI1si1zA1,9,-10.07924148716843,3,10.07924148716843,1,0,0,anti_homophones
9210,wE2li2ceng2,11,-10.011488173882885,3,10.011488173882885,1,0,0,anti_homophones
9211,mE2wu3nQ4,9,-9.601241477320093,3,9.601241477320093,1,0,0,anti_homophones
9212,kang4bA4wan1,12,-11.765144081107222,3,11.765144081107222,1,0,0,anti_homophones
9213,rI4bing2,8,-6.421499583379684,2,6.421499583379684,1,0,1,anti_homophones
9214,yong2bo1li3pin3,15,-11.367845616575671,4,11.367845616575671,1,0,0,anti_homophones
9215,rI4lK2,6,-6.195877521173677,2,6.195877521173677,1,0,4,anti_homophones
9216,qW2qi4,6,-5.363437622084159,2,5.363437622084159,1,0,4,anti_homophones
9217,zhong3bing2lUn4,15,-9.853662684925757,3,9.853662684925757,1,0,0,anti_homophones
9218,min2chu3,8,-6.986487038307883,2,6.986487038307883,1,0,0,anti_homophones
9219,yi1jing1cha2,12,-8.32821089039312,3,8.32821089039312,1,0,0,anti_homophones
9220,kV3er2bu4shen2,14,-10.18209651888026,4,10.18209651888026,1,0,0,anti_homophones
9221,hu4lW4,6,-5.651877070841524,2,5.651877070841524,1,1,6,anti_homophones
9222,zhi1bE4,7,-5.634194786797084,2,5.634194786797084,1,0,2,anti_homophones
9223,bA2fan3pu4,10,-9.32603165379212,3,9.32603165379212,1,0,0,anti_homophones
9224,xUn1zhi1,8,-6.242754917396741,2,6.242754917396741,1,0,4,anti_homophones
9225,xC2xin1jM2,10,-7.960970476330432,3,7.960970476330432,1,0,0,anti_homophones
9226,rV2shi4,7,-5.643640948891946,2,5.643640948891946,1,0,4,anti_homophones
9227,kUng4shi2hU4pA2,15,-11.843011160220412,4,11.843011160220412,1,0,0,anti_homophones
9228,fE4se4dW4,9,-9.11769824443578,3,9.11769824443578,1,0,0,anti_homophones
9229,ban1li3yan2,11,-8.644116138287773,3,8.644116138287773,1,0,0,anti_homophones
9230,ming2bQ4,8,-5.931002311648818,2,5.931002311648818,1,0,4,anti_homophones
9231,zi4Q4,5,-5.121177061442082,2,5.121177061442082,1,0,2,anti_homophones
9232,ning2yi4,8,-6.251514958998651,2,6.251514958998651,1,0,4,anti_homophones
9233,xin1shu4,8,-5.349156131172595,2,5.349156131172595,1,0,4,anti_homophones
9234,ben3ba2,7,-7.169952578727422,2,7.169952578727422,1,0,1,anti_homophones
9235,jM1shO1,7,-6.092938630807554,2,6.092938630807554,1,0,2,anti_homophones
9236,yi1xi3,6,-5.281319958665214,2,5.281319958665214,1,0,8,anti_homophones
9237,hU1qi1,6,-5.5748766130836005,2,5.5748766130836005,1,0,7,anti_homophones
9238,sheng2bQ3yu2,12,-8.881348619868842,3,8.881348619868842,1,0,0,anti_homophones
9239,xUn1zI4yUn2xM3,14,-13.145189436677862,4,13.145189436677862,1,0,0,anti_homophones
9240,xC4pu4,6,-5.688349581119724,2,5.688349581119724,1,0,4,anti_homophones
9241,xW3xYng1jing3,13,-8.31316452981494,3,8.31316452981494,1,0,0,anti_homophones
9242,cha4zhi2wE4,11,-9.44133165367668,3,9.44133165367668,1,0,0,anti_homophones
9243,jLng2gI1dQ4dQ3,14,-11.701176844092757,4,11.701176844092757,1,0,0,anti_homophones
9244,qi4che1,7,-5.621435630669805,2,5.621435630669805,1,0,3,anti_homophones
9245,jing2ling2,10,-6.371911270237529,2,6.371911270237529,1,0,4,anti_homophones
9246,za2li4,6,-5.169673097171858,2,5.169673097171858,1,0,3,anti_homophones
9247,jU4yan3,7,-8.408882768933632,2,8.408882768933632,1,0,1,anti_homophones
9248,shV3wE4yi1,10,-8.011333613253422,3,8.011333613253422,1,0,0,anti_homophones
9249,cong2feng2gong4er2,18,-12.807238951358118,4,12.807238951358118,1,0,0,anti_homophones
9250,da3kUn3,7,-5.897385518038153,2,5.897385518038153,1,0,1,anti_homophones
9251,da1hang4,8,-6.339717069483078,2,6.339717069483078,1,0,3,anti_homophones
9252,zi1yong1da4meng1,16,-12.428333076611983,4,12.428333076611983,1,0,0,anti_homophones
9253,ding4pi1,8,-7.786830503846196,2,7.786830503846196,1,0,0,anti_homophones
9254,xing2xLng2tLn1di4,17,-11.152625572864485,4,11.152625572864485,1,0,0,anti_homophones
9255,shi1sO1fa1hUn3,14,-11.765506195809916,4,11.765506195809916,1,0,0,anti_homophones
9256,gong1na4,8,-6.1494770342099505,2,6.1494770342099505,1,0,0,anti_homophones
9257,gQ1che1ci4teng4,15,-12.106383797423629,4,12.106383797423629,1,0,0,anti_homophones
9258,si4xi2,6,-6.219885336817529,2,6.219885336817529,1,0,4,anti_homophones
9259,gQ3gu3,6,-6.08820565574174,2,6.08820565574174,1,0,4,anti_homophones
9260,nLn2tan3li4,11,-9.212122767384745,3,9.212122767384745,1,0,0,anti_homophones
9261,ting1tong3hU4shi5,17,-13.066905010952532,4,13.066905010952532,1,0,0,anti_homophones
9262,pE2jing1shi4,12,-8.707701784937058,3,8.707701784937058,1,0,0,anti_homophones
9263,gang4bo2,8,-8.117124892787626,2,8.117124892787626,1,0,0,anti_homophones
9264,xYng3dE4yong1,13,-11.224551702454013,3,11.224551702454013,1,0,0,anti_homophones
9265,gI1xi5tu3xL5,12,-14.421875180001253,4,14.421875180001253,1,0,0,anti_homophones
9266,lan2li4di2,10,-9.155332019785606,3,9.155332019785606,1,0,0,anti_homophones
9267,wA4pA4,6,-6.03301485020169,2,6.03301485020169,1,0,1,anti_homophones
9268,chUn3lin2,9,-6.853324629180108,2,6.853324629180108,1,0,0,anti_homophones
9269,ya1yan1bing2,12,-9.408715837327687,3,9.408715837327687,1,0,0,anti_homophones
9270,tA4xi3yun4shi4,14,-11.857834112199063,4,11.857834112199063,1,0,0,anti_homophones
9271,dong2long2zhong4,16,-9.966290350621644,3,9.966290350621644,1,0,0,anti_homophones
9272,man4qi2sha1,11,-9.279448939813074,3,9.279448939813074,1,0,0,anti_homophones
9273,fang3lan3mLn4su4,16,-12.40215250827439,4,12.40215250827439,1,0,0,anti_homophones
9274,li4zhi4,7,-5.352028143255004,2,5.352028143255004,1,0,8,anti_homophones
9275,da4peng4,8,-5.846506515564781,2,5.846506515564781,1,0,1,anti_homophones
9276,zheng3can1li4,13,-8.760872514862783,3,8.760872514862783,1,0,0,anti_homophones
9277,pLn1hO3,7,-6.627326528516928,2,6.627326528516928,1,0,0,anti_homophones
9278,bLn4wen2,8,-6.034433189673648,2,6.034433189673648,1,0,2,anti_homophones
9279,dO2zhe3,7,-6.505597863838508,2,6.505597863838508,1,0,2,anti_homophones
9280,ben3dLn4,8,-5.500415838238085,2,5.500415838238085,1,0,1,anti_homophones
9281,jUn4gA4,7,-7.222451881838676,2,7.222451881838676,1,0,0,anti_homophones
9282,yi1jL1ren2,10,-6.943928388225041,3,6.943928388225041,1,0,0,anti_homophones
9283,qing4bu4,8,-5.753726564304024,2,5.753726564304024,1,0,5,anti_homophones
9284,nan2er2san1yUn2,15,-10.213292544592667,4,10.213292544592667,1,0,0,anti_homophones
9285,hP2zhu2yu3er2,13,-12.913440162602718,4,12.913440162602718,1,0,0,anti_homophones
9286,fang1tan4,9,-6.3373343048563955,2,6.3373343048563955,1,0,2,anti_homophones
9287,fu4zhQ4,7,-5.699002810456065,2,5.699002810456065,1,0,2,anti_homophones
9288,cong2hI4,8,-6.69919100609156,2,6.69919100609156,1,0,2,anti_homophones
9289,ya3yin3,7,-6.757407817286593,2,6.757407817286593,1,0,0,anti_homophones
9290,chQ2qi1xLng4,12,-8.742109805521224,3,8.742109805521224,1,0,0,anti_homophones
9291,tI4tan2er3,10,-9.047328221107787,3,9.047328221107787,1,0,0,anti_homophones
9292,qing1pu3er2,11,-8.333882979946234,3,8.333882979946234,1,0,0,anti_homophones
9293,sQ3pan2qUn2tLn1,15,-13.47367924562666,4,13.47367924562666,1,0,0,anti_homophones
9294,jL1gu4li3,9,-8.642397888981032,3,8.642397888981032,1,0,0,anti_homophones
9295,shV3ban3,8,-5.5412249049764615,2,5.5412249049764615,1,1,2,anti_homophones
9296,kQ3shi4yu2hU1,13,-11.099120977108065,4,11.099120977108065,1,0,0,anti_homophones
9297,zi4ju1feng1,11,-8.97573863706164,3,8.97573863706164,1,0,0,anti_homophones
9298,dQ4yUn2,7,-5.585208261140051,2,5.585208261140051,1,0,7,anti_homophones
9299,jLn4xLng2,9,-6.050150855090155,2,6.050150855090155,1,1,1,anti_homophones
9300,xL4shi3,7,-5.659308215691684,2,5.659308215691684,1,1,3,anti_homophones
9301,da4xK1zhQ4,10,-7.800623036640345,3,7.800623036640345,1,0,0,anti_homophones
9302,xu1xing1,8,-5.942961717428291,2,5.942961717428291,1,0,3,anti_homophones
9303,ya3zhi1,7,-6.1327353388807335,2,6.1327353388807335,1,0,2,anti_homophones
9304,shi1she4,8,-5.928555944321875,2,5.928555944321875,1,0,5,anti_homophones
9305,yi1ren2,7,-4.77912313558666,2,4.77912313558666,1,0,7,anti_homophones
9306,ping1shu3,9,-6.836550780794062,2,6.836550780794062,1,0,1,anti_homophones
9307,yong1wE4,8,-5.958679612833642,2,5.958679612833642,1,0,2,anti_homophones
9308,zhang2hU4,9,-5.51353476063012,2,5.51353476063012,1,1,2,anti_homophones
9309,hUng2yu2,8,-6.280525391608155,2,6.280525391608155,1,0,0,anti_homophones
9310,hE1tW2pE4shV4,13,-11.094226988799406,4,11.094226988799406,1,0,0,anti_homophones
9311,xin1bQ4,7,-5.787812495951521,2,5.787812495951521,1,1,2,anti_homophones
9312,tLn1dW1ke3kA3,13,-12.081205244965162,4,12.081205244965162,1,0,0,anti_homophones
9313,tW2tV2shV4,10,-8.315969204741679,3,8.315969204741679,1,0,0,anti_homophones
9314,ban3wang2,9,-6.788154355993325,2,6.788154355993325,1,0,0,anti_homophones
9315,qLng1an3zhi3hU4,15,-12.753013766080857,4,12.753013766080857,1,0,0,anti_homophones
9316,feng2li4,8,-5.449769359938527,2,5.449769359938527,1,0,6,anti_homophones
9317,lK2hU2deng1,11,-8.141719555190674,3,8.141719555190674,1,0,0,anti_homophones
9318,jLng3yV2fa3,11,-8.979153713948806,3,8.979153713948806,1,0,0,anti_homophones
9319,wu3jLn3er2,10,-7.935533626970093,3,7.935533626970093,1,0,0,anti_homophones
9320,hUng2she2xLng4,14,-10.399003322359937,3,10.399003322359937,1,0,0,anti_homophones
9321,ju1lO4,6,-6.086935600521029,2,6.086935600521029,1,0,3,anti_homophones
9322,qin1dQ1hV4ying2,15,-12.39963766935406,4,12.39963766935406,1,0,0,anti_homophones
9323,jin3xin1,8,-5.964985836272448,2,5.964985836272448,1,0,3,anti_homophones
9324,zheng4tong3ji2zi5,17,-11.358453344806021,4,11.358453344806021,1,0,0,anti_homophones
9325,wE4ju4hu4su4,12,-11.354085539920035,4,11.354085539920035,1,0,0,anti_homophones
9326,bA2gang3xin1,12,-8.991630678520428,3,8.991630678520428,1,0,0,anti_homophones
9327,xW4qi1,6,-6.062003905030597,2,6.062003905030597,1,0,3,anti_homophones
9328,zang4kI1ta3,11,-12.007193164308738,3,12.007193164308738,1,0,0,anti_homophones
9329,jin4fE1chan3gUng1,17,-12.470501881172511,4,12.470501881172511,1,0,0,anti_homophones
9330,keng1shV4,9,-7.249582150274322,2,7.249582150274322,1,0,1,anti_homophones
9331,qLn1she4,8,-6.120503005207312,2,6.120503005207312,1,0,3,anti_homophones
9332,zi4xi1ce4,9,-8.493521048110635,3,8.493521048110635,1,0,0,anti_homophones
9333,zhen1bQ4lLng1,13,-9.643344763452319,3,9.643344763452319,1,0,0,anti_homophones
9334,shang2hu4sheng1chu1,19,-11.926000936454054,4,11.926000936454054,1,0,0,anti_homophones
9335,er4xi1,6,-5.7779572721627765,2,5.7779572721627765,1,0,1,anti_homophones
9336,yi3tV5,6,-6.5598866160877,2,6.5598866160877,1,0,2,anti_homophones
9337,fen1dA4he2,10,-8.814787038142017,3,8.814787038142017,1,0,0,anti_homophones
9338,qLn1zi5,7,-4.946426753798156,2,4.946426753798156,1,0,6,anti_homophones
9339,tong1jL1,8,-5.6292600510355175,2,5.6292600510355175,1,0,7,anti_homophones
9340,ying1hUng2hUn2,14,-9.961386756666018,3,9.961386756666018,1,0,0,anti_homophones
9341,sA4dun4,7,-7.267030137671375,2,7.267030137671375,1,0,0,anti_homophones
9342,hen1shang4zhen1su4,18,-12.897077009645818,4,12.897077009645818,1,0,0,anti_homophones
9343,ji1qLng2wu4,11,-8.931435581292304,3,8.931435581292304,1,0,0,anti_homophones
9344,mE2qC4,6,-5.762158820936978,2,5.762158820936978,1,0,1,anti_homophones
9345,wA4lQ2fa3,9,-7.913821890825915,3,7.913821890825915,1,0,0,anti_homophones
9346,kA1mi2hO3shO1,13,-10.991113427832069,4,10.991113427832069,1,0,0,anti_homophones
9347,hO3fang4,8,-6.19340695513727,2,6.19340695513727,1,0,3,anti_homophones
9348,gu3qi2gang3yUn4,15,-12.511281037505967,4,12.511281037505967,1,0,0,anti_homophones
9349,da3xYng4sheng1yUn3,18,-15.387258503148344,4,15.387258503148344,1,0,0,anti_homophones
9350,cheng1jW3tV2ru4,15,-11.729777447366578,4,11.729777447366578,1,0,0,anti_homophones
9351,dV4fa3,6,-5.279877115753643,2,5.279877115753643,1,1,2,anti_homophones
9352,jK3qLn2shen1chi1,16,-11.95106842180384,4,11.95106842180384,1,0,0,anti_homophones
9353,zhi1bo2,7,-5.85891082243718,2,5.85891082243718,1,0,1,anti_homophones
9354,yi1cV4ru3nQ3,12,-11.63695950483947,4,11.63695950483947,1,0,0,anti_homophones
9355,lE4shi4,7,-5.556231883375568,2,5.556231883375568,1,0,5,anti_homophones
9356,zA4an4gong4,11,-8.391665006547983,3,8.391665006547983,1,0,0,anti_homophones
9357,feng1fu4,8,-5.787543543246315,2,5.787543543246315,1,0,6,anti_homophones
9358,tV2zhun4zi5,11,-9.030745352457918,3,9.030745352457918,1,0,0,anti_homophones
9359,hV4jLn1fen3,11,-8.739842435752907,3,8.739842435752907,1,0,0,anti_homophones
9360,zhQ4la1pen2,11,-10.88689615166041,3,10.88689615166041,1,0,0,anti_homophones
9361,yi1dO2,6,-6.004414718778648,2,6.004414718778648,1,0,1,anti_homophones
9362,zhu3yC2,7,-7.21180777297205,2,7.21180777297205,1,0,1,anti_homophones
9363,gu3zhan3,8,-6.209365089375221,2,6.209365089375221,1,0,0,anti_homophones
9364,zhA3fa3ru2gang3,15,-14.120243018609555,4,14.120243018609555,1,0,0,anti_homophones
9365,sheng1dang3,11,-6.236657832685617,2,6.236657832685617,1,0,0,anti_homophones
9366,ran2dong1wan4,13,-9.667156606178013,3,9.667156606178013,1,0,0,anti_homophones
9367,qC1yin1,7,-5.885795673525296,2,5.885795673525296,1,0,0,anti_homophones
9368,yi1gu1nLn4,10,-7.680467067772808,3,7.680467067772808,1,0,0,anti_homophones
9369,hI2ti3,6,-5.23608687911011,2,5.23608687911011,1,0,2,anti_homophones
9370,mo4hO2,6,-6.482161414849342,2,6.482161414849342,1,0,0,anti_homophones
9371,jW3che1,7,-6.310954963515958,2,6.310954963515958,1,0,1,anti_homophones
9372,yan4shi4dong4,13,-8.565520083985424,3,8.565520083985424,1,0,0,anti_homophones
9373,shU1qin1,8,-7.08174982924974,2,7.08174982924974,1,0,0,anti_homophones
9374,zO4cha2,7,-5.813659146652518,2,5.813659146652518,1,0,2,anti_homophones
9375,hUng1zhe3,9,-5.852975774081795,2,5.852975774081795,1,0,4,anti_homophones
9376,jLng2dang1xLng1,15,-10.069657867805809,3,10.069657867805809,1,0,0,anti_homophones
9377,gQ1ge2,6,-5.23589088434456,2,5.23589088434456,1,0,4,anti_homophones
9378,tV2ting2su4,11,-9.353022904131535,3,9.353022904131535,1,0,0,anti_homophones
9379,qin1yV2,7,-6.198890949559796,2,6.198890949559796,1,0,1,anti_homophones
9380,pi2gUn4,7,-6.397286275393247,2,6.397286275393247,1,0,0,anti_homophones
9381,xLn2shi2,8,-5.89980929120285,2,5.89980929120285,1,0,3,anti_homophones
9382,bQ4nM4shi2,10,-8.036311378682312,3,8.036311378682312,1,0,0,anti_homophones
9383,tong1ban3,9,-6.01974913405699,2,6.01974913405699,1,0,3,anti_homophones
9384,kA1tO1xing2,11,-7.951748373442061,3,7.951748373442061,1,0,0,anti_homophones
9385,hong2gI1,8,-6.2824932790705175,2,6.2824932790705175,1,0,3,anti_homophones
9386,yu4bu4,6,-5.115578735425316,2,5.115578735425316,1,1,11,anti_homophones
9387,hA2yu2dLn4lv4,13,-12.513760684057287,4,12.513760684057287,1,0,0,anti_homophones
9388,da3long4hU4,11,-8.441490908425182,3,8.441490908425182,1,0,0,anti_homophones
9389,fang4fu4,8,-6.024381546462174,2,6.024381546462174,1,0,1,anti_homophones
9390,da4pLn4bLn3,11,-8.682301501074225,3,8.682301501074225,1,0,0,anti_homophones
9391,hU1pin1gan3,11,-9.502267087121464,3,9.502267087121464,1,0,0,anti_homophones
9392,yang2gI3,8,-6.753737196481091,2,6.753737196481091,1,0,1,anti_homophones
9393,qW2mA4,6,-5.779649667987823,2,5.779649667987823,1,0,0,anti_homophones
9394,xW3xi1wo1,9,-8.115518204377523,3,8.115518204377523,1,0,0,anti_homophones
9395,hU4jin1,7,-5.815188773115121,2,5.815188773115121,1,0,3,anti_homophones
9396,chI2shan2bu4li3,15,-11.728728493516641,4,11.728728493516641,1,0,0,anti_homophones
9397,da4fa3xC4yu4,12,-10.172914157472507,4,10.172914157472507,1,0,0,anti_homophones
9398,yi1bi4dA4,9,-7.792031915936212,3,7.792031915936212,1,0,0,anti_homophones
9399,cha2fa2ju1dun4,14,-13.260732261223163,4,13.260732261223163,1,0,0,anti_homophones
9400,zhang3ji4,9,-5.911853569163743,2,5.911853569163743,1,0,1,anti_homophones
9401,jW1tW2wE4,9,-7.577432785423403,3,7.577432785423403,1,0,0,anti_homophones
9402,chUn4lv4,8,-6.418452424204367,2,6.418452424204367,1,0,0,anti_homophones
9403,bi4lK2gU1,9,-9.258700415060222,3,9.258700415060222,1,0,0,anti_homophones
9404,bo1gQ1fE4,9,-9.211859577896783,3,9.211859577896783,1,0,0,anti_homophones
9405,she2sha1,8,-6.983493733487651,2,6.983493733487651,1,0,0,anti_homophones
9406,she4fu4,7,-6.110464120115831,2,6.110464120115831,1,0,2,anti_homophones
9407,nQ3dUn1,7,-7.26602866295651,2,7.26602866295651,1,0,1,anti_homophones
9408,zhi4bQ1ying2,12,-8.67515579740254,3,8.67515579740254,1,0,0,anti_homophones
9409,song1pA4,8,-6.571170752368565,2,6.571170752368565,1,0,1,anti_homophones
9410,fE1sO1shu3tLn1,14,-11.940899990996455,4,11.940899990996455,1,0,0,anti_homophones
9411,yUn2er5,7,-5.600502857822493,2,5.600502857822493,1,0,2,anti_homophones
9412,ting3xLng3,10,-7.066755378214376,2,7.066755378214376,1,0,0,anti_homophones
9413,xLn4ru2,7,-6.175366809110662,2,6.175366809110662,1,0,3,anti_homophones
9414,ping1er2,8,-6.210435158544059,2,6.210435158544059,1,0,2,anti_homophones
9415,tLn1hU4,7,-5.265048448148873,2,5.265048448148873,1,0,3,anti_homophones
9416,gong4yang2bLn4,14,-9.274874841649975,3,9.274874841649975,1,0,0,anti_homophones
9417,kA1shu4,7,-5.474980315574509,2,5.474980315574509,1,0,3,anti_homophones
9418,chong2zhi4ta3,13,-9.584673477765602,3,9.584673477765602,1,0,0,anti_homophones
9419,nQ3mQ4,6,-5.748872126485103,2,5.748872126485103,1,1,3,anti_homophones
9420,qi4na4xing3shV3,15,-12.903609012582649,4,12.903609012582649,1,0,0,anti_homophones
9421,yu2ji4,6,-5.628298908278509,2,5.628298908278509,1,0,5,anti_homophones
9422,dLn3jLng1,9,-6.382698170195658,2,6.382698170195658,1,0,1,anti_homophones
9423,bLn1qK1,7,-6.358873971933564,2,6.358873971933564,1,0,0,anti_homophones
9424,xM1shang3,9,-6.913676728514322,2,6.913676728514322,1,0,0,anti_homophones
9425,shang3shu1ru3qi2,16,-12.4448933894605,4,12.4448933894605,1,0,0,anti_homophones
9426,mu3zhi2,7,-6.153031259143125,2,6.153031259143125,1,0,3,anti_homophones
9427,lA2gu4jin4,10,-9.200072765989054,3,9.200072765989054,1,0,0,anti_homophones
9428,yUn2zhong4,10,-5.779192449214207,2,5.779192449214207,1,0,5,anti_homophones
9429,wang4lUn4ling1cI4,17,-12.861187677002267,4,12.861187677002267,1,0,0,anti_homophones
9430,zheng1fang1,11,-6.412906736199541,2,6.412906736199541,1,1,1,anti_homophones
9431,fa1qu3,6,-5.849722566790266,2,5.849722566790266,1,0,1,anti_homophones
9432,he2shan1,8,-6.303787785656765,2,6.303787785656765,1,0,1,anti_homophones
9433,wu1jK4xC4,9,-9.400237904827447,3,9.400237904827447,1,0,0,anti_homophones
9434,song1bW3,8,-6.727441839209483,2,6.727441839209483,1,0,0,anti_homophones
9435,ren2xLn4,8,-5.385942311128391,2,5.385942311128391,1,0,2,anti_homophones
9436,ying1fang4,10,-6.4126125928878865,2,6.4126125928878865,1,0,2,anti_homophones
9437,dong1yu4yan2,12,-8.751333634564391,3,8.751333634564391,1,0,0,anti_homophones
9438,shQ1dLn3qu4,11,-9.004964918553513,3,9.004964918553513,1,0,0,anti_homophones
9439,lQ3yV2ren2,10,-7.1814606777225904,3,7.1814606777225904,1,0,0,anti_homophones
9440,bing1fV3,8,-7.970761391562947,2,7.970761391562947,1,0,0,anti_homophones
9441,yV3yi4,6,-4.703712344808664,2,4.703712344808664,1,1,10,anti_homophones
9442,zhe2qi2dLn3,11,-9.358409524154462,3,9.358409524154462,1,0,0,anti_homophones
9443,zhUn1qing1mLn2,14,-10.159403171121346,3,10.159403171121346,1,0,0,anti_homophones
9444,jLn1wA4,7,-6.21367390751057,2,6.21367390751057,1,0,4,anti_homophones
9445,fa1chen1,8,-6.000775903230358,2,6.000775903230358,1,0,2,anti_homophones
9446,mQ2sQ1,6,-5.653273573337999,2,5.653273573337999,1,0,2,anti_homophones
9447,cang2ri4,8,-6.610596974304846,2,6.610596974304846,1,0,0,anti_homophones
9448,tV2lO4ren2bi4,13,-11.789787972803017,4,11.789787972803017,1,0,0,anti_homophones
9449,pE2cheng2,9,-6.10423854866533,2,6.10423854866533,1,0,0,anti_homophones
9450,zheng1su4,9,-5.5708610479406175,2,5.5708610479406175,1,0,3,anti_homophones
9451,men2yV3qK2di4,13,-11.294795813730879,4,11.294795813730879,1,0,0,anti_homophones
9452,da4fang3,8,-5.342512865170558,2,5.342512865170558,1,0,10,anti_homophones
9453,xi1bing2ren2,12,-8.012471468925332,3,8.012471468925332,1,0,0,anti_homophones
9454,cu1cheng4gO3dang3,17,-13.67049246973409,4,13.67049246973409,1,0,0,anti_homophones
9455,ce4wE4,6,-6.131701103645086,2,6.131701103645086,1,0,7,anti_homophones
9456,mi4ban1chan4zI3,15,-12.558720467284306,4,12.558720467284306,1,0,0,anti_homophones
9457,lLn2li4,7,-5.316506654843829,2,5.316506654843829,1,1,1,anti_homophones
9458,bu4yi1du2cheng1,15,-10.557503012711177,4,10.557503012711177,1,0,0,anti_homophones
9459,cA2pQ2gA4,9,-8.287793945416942,3,8.287793945416942,1,0,0,anti_homophones
9460,shUng4ji2,9,-6.674606557120348,2,6.674606557120348,1,0,0,anti_homophones
9461,ti3tUn2hang3,12,-9.912693568889255,3,9.912693568889255,1,0,0,anti_homophones
9462,qi2zi5qK2xing4,14,-10.971032550406699,4,10.971032550406699,1,0,0,anti_homophones
9463,e4gu1lM4shang4,14,-11.800737220535929,4,11.800737220535929,1,0,0,anti_homophones
9464,bu4ke3tong3,11,-9.186243541735797,3,9.186243541735797,1,0,0,anti_homophones
9465,chUng1lLng4,11,-6.255649758483437,2,6.255649758483437,1,0,1,anti_homophones
9466,ke3xing4shV3,12,-8.178072643653312,3,8.178072643653312,1,0,0,anti_homophones
9467,chQ1bW3yi4,10,-7.807607317729478,3,7.807607317729478,1,0,0,anti_homophones
9468,fu4zhi4ji4xin1,14,-9.949964336062266,4,9.949964336062266,1,0,0,anti_homophones
9469,sO3hQ4,6,-6.598074407102782,2,6.598074407102782,1,0,4,anti_homophones
9470,shI3su4,7,-5.66903246273505,2,5.66903246273505,1,1,6,anti_homophones
9471,fu4xC2jLn3fu3,13,-10.900389987357203,4,10.900389987357203,1,0,0,anti_homophones
9472,hQ3ye4chUn4,11,-8.69823249112045,3,8.69823249112045,1,0,0,anti_homophones
9473,bQ3hU4sheng1,12,-7.896135912195367,3,7.896135912195367,1,0,0,anti_homophones
9474,ce4he2ren4,10,-8.900855782262536,3,8.900855782262536,1,0,0,anti_homophones
9475,mLn2shu1,8,-6.663822590501418,2,6.663822590501418,1,0,0,anti_homophones
9476,shi1ya3,7,-6.460705212517227,2,6.460705212517227,1,0,5,anti_homophones
9477,feng2jin4ban3,13,-9.25525310455434,3,9.25525310455434,1,0,0,anti_homophones
9478,qing4shi2xi2zhi3,16,-11.377669184120698,4,11.377669184120698,1,0,0,anti_homophones
9479,xW3yan1chong3,13,-9.579267863768884,3,9.579267863768884,1,0,0,anti_homophones
9480,dun4xW4bu4hO3,13,-12.884535171931004,4,12.884535171931004,1,0,0,anti_homophones
9481,ran2ming4shu4,13,-9.05228499063019,3,9.05228499063019,1,0,0,anti_homophones
9482,gI1xin1,7,-5.569385223485585,2,5.569385223485585,1,0,3,anti_homophones
9483,po4sun3,7,-6.866357482600144,2,6.866357482600144,1,0,0,anti_homophones
9484,lLn2ju4,7,-5.904687478776761,2,5.904687478776761,1,0,2,anti_homophones
9485,ling2tu3hU4,11,-8.581916774041789,3,8.581916774041789,1,0,0,anti_homophones
9486,yi1zI4,6,-5.858827945922411,2,5.858827945922411,1,0,8,anti_homophones
9487,jW4ke4,6,-5.6193777288083755,2,5.6193777288083755,1,0,2,anti_homophones
9488,min3mLn4,8,-6.6306490129672255,2,6.6306490129672255,1,0,1,anti_homophones
9489,e1nan4tLn1,10,-9.173040126708866,3,9.173040126708866,1,0,0,anti_homophones
9490,chV2chang1cha1,14,-9.737988362866663,3,9.737988362866663,1,0,0,anti_homophones
9491,hO4bW4,6,-8.146553592912829,2,8.146553592912829,1,0,0,anti_homophones
9492,zheng1er2ger5,13,-10.830494268816492,3,10.830494268816492,1,0,0,anti_homophones
9493,bQ1zu1xLng4,11,-9.141412196801618,3,9.141412196801618,1,0,0,anti_homophones
9494,pE4zi5,6,-5.2766100292882605,2,5.2766100292882605,1,2,0,anti_homophones
9495,zhan3ti3,8,-6.665982551632132,2,6.665982551632132,1,0,0,anti_homophones
9496,bing2bQ4,8,-5.923257996430521,2,5.923257996430521,1,0,3,anti_homophones
9497,qUn2zi3,7,-5.631692369403514,2,5.631692369403514,1,0,2,anti_homophones
9498,jL3jing4ke3gI4,14,-11.831275278476703,4,11.831275278476703,1,0,0,anti_homophones
9499,du2chu1di3,10,-9.029759581265738,3,9.029759581265738,1,0,0,anti_homophones
9500,yUn2zha4hI2lO2,14,-12.445412067445263,4,12.445412067445263,1,0,0,anti_homophones
9501,nE4ju4ming2di4,14,-11.338014155301728,4,11.338014155301728,1,0,0,anti_homophones
9502,zO4V3jing1ceng1,15,-11.860328451256555,4,11.860328451256555,1,0,0,anti_homophones
9503,zUn4wu2shen4,12,-9.941748358503787,3,9.941748358503787,1,0,0,anti_homophones
9504,wu3hUng4,8,-6.466263579027398,2,6.466263579027398,1,0,1,anti_homophones
9505,xLn2xC4ju2,10,-9.511920770480904,3,9.511920770480904,1,0,0,anti_homophones
9506,la1li5gUn3,10,-8.557428109411234,3,8.557428109411234,1,0,0,anti_homophones
9507,yun4hQ4,7,-5.717818083402468,2,5.717818083402468,1,0,1,anti_homophones
9508,xM2bA4,6,-6.253899855978932,2,6.253899855978932,1,0,1,anti_homophones
9509,zI4xLng2kong1,13,-8.932827563850434,3,8.932827563850434,1,0,0,anti_homophones
9510,yV3wan3,7,-6.032211593082786,2,6.032211593082786,1,0,2,anti_homophones
9511,hong3long1xing2hU4,18,-12.20547212571021,4,12.20547212571021,1,0,0,anti_homophones
9512,mA2cA2jUn4,10,-9.172527352617786,3,9.172527352617786,1,0,0,anti_homophones
9513,ren4zhang4,10,-6.350309595481073,2,6.350309595481073,1,0,1,anti_homophones
9514,dQ1hu4fE4,9,-8.995102555651032,3,8.995102555651032,1,0,0,anti_homophones
9515,tan3zV4zhUn1ji3,15,-14.320577552247656,4,14.320577552247656,1,0,0,anti_homophones
9516,tong1ta1tu1xW4,14,-11.722596404370936,4,11.722596404370936,1,0,0,anti_homophones
9517,jW1ti3xW4,9,-7.796115621157624,3,7.796115621157624,1,0,0,anti_homophones
9518,shen2tLn1ji4xing2,17,-11.279940981191498,4,11.279940981191498,1,0,0,anti_homophones
9519,gUng1sI4pW4,11,-9.195464731581938,3,9.195464731581938,1,0,0,anti_homophones
9520,feng3gUng4,10,-6.989052887160259,2,6.989052887160259,1,0,0,anti_homophones
9521,gQ1shan4,8,-5.785065942164997,2,5.785065942164997,1,0,1,anti_homophones
9522,nan2shen2,9,-6.102813490920248,2,6.102813490920248,1,1,0,anti_homophones
9523,sheng1cA2shi2,13,-8.289865268386844,3,8.289865268386844,1,0,0,anti_homophones
9524,jin4du3,7,-6.710320272530635,2,6.710320272530635,1,0,4,anti_homophones
9525,jLn1hO3lun4ku3,14,-12.484524753121768,4,12.484524753121768,1,0,0,anti_homophones
9526,er3shI3ni2sheng4,16,-11.33365647641916,4,11.33365647641916,1,0,0,anti_homophones
9527,pi2pLn1zhi2qi2,14,-12.961991367111317,4,12.961991367111317,1,0,0,anti_homophones
9528,zhi1bu3pu3xing3,15,-11.053225046996406,4,11.053225046996406,1,0,0,anti_homophones
9529,mE3ran2,7,-5.56121370266651,2,5.56121370266651,1,0,1,anti_homophones
9530,xW3ji1,6,-5.08673605976174,2,5.08673605976174,1,1,2,anti_homophones
9531,bA2jLn1,7,-6.133464716930954,2,6.133464716930954,1,0,3,anti_homophones
9532,zhong1chang1li3,15,-8.816800307670574,3,8.816800307670574,1,0,0,anti_homophones
9533,sha1song1hV3xin4,16,-13.4599767558709,4,13.4599767558709,1,0,0,anti_homophones
9534,yin4xLn4bQ4xK1,14,-12.276759491651793,4,12.276759491651793,1,0,0,anti_homophones
9535,zhQ1sheng1,10,-5.782591373365101,2,5.782591373365101,1,0,0,anti_homophones
9536,du4bQ1cheng2de5,15,-12.314473942002044,4,12.314473942002044,1,0,0,anti_homophones
9537,ting1hu2li4,11,-8.72693831137313,3,8.72693831137313,1,0,0,anti_homophones
9538,jW4jUn4,7,-6.519428196453683,2,6.519428196453683,1,0,2,anti_homophones
9539,yu2fan2,7,-6.271060184789173,2,6.271060184789173,1,0,1,anti_homophones
9540,ding1zhong1,11,-6.53869570898447,2,6.53869570898447,1,0,2,anti_homophones
9541,jL1shu1,7,-5.7925251178098875,2,5.7925251178098875,1,0,2,anti_homophones
9542,ban3mQ2qi4,10,-8.975030756555695,3,8.975030756555695,1,0,0,anti_homophones
9543,dO1chQ2,7,-6.550083949669876,2,6.550083949669876,1,0,0,anti_homophones
9544,E4dQ4,5,-7.7390784023622095,2,7.7390784023622095,1,0,2,anti_homophones
9545,di1du2wu4shU4,13,-13.359177363820955,4,13.359177363820955,1,0,0,anti_homophones
9546,sang4hI4,8,-6.826958413921089,2,6.826958413921089,1,0,1,anti_homophones
9547,chu1tan4,8,-6.369183321958805,2,6.369183321958805,1,0,2,anti_homophones
9548,he2heng4,8,-6.6181853090349705,2,6.6181853090349705,1,0,1,anti_homophones
9549,xLn4zhang1,10,-6.1793401200170734,2,6.1793401200170734,1,0,3,anti_homophones
9550,dang2dA4,8,-6.363842718379133,2,6.363842718379133,1,0,1,anti_homophones
9551,en1ben3,7,-6.854089047356548,2,6.854089047356548,1,0,1,anti_homophones
9552,zhang3wu2lA2ka3,15,-11.618139894376572,4,11.618139894376572,1,0,0,anti_homophones
9553,yV4zhang1,9,-6.6025215820832885,2,6.6025215820832885,1,0,0,anti_homophones
9554,shan4jing3,10,-6.596985452852897,2,6.596985452852897,1,0,0,anti_homophones
9555,shV4li4,7,-5.373217335272329,2,5.373217335272329,1,1,7,anti_homophones
9556,lK2yin1shan4bi3,15,-11.936991842919587,4,11.936991842919587,1,0,0,anti_homophones
9557,jin1shV3,8,-5.471681986475139,2,5.471681986475139,1,0,2,anti_homophones
9558,ming4zO4li4shP4,15,-11.998035783321054,4,11.998035783321054,1,0,0,anti_homophones
9559,che1meng3zhi4,13,-9.266286313038982,3,9.266286313038982,1,0,0,anti_homophones
9560,hA3pi2bu4dA4,12,-10.32723925889346,4,10.32723925889346,1,0,0,anti_homophones
9561,qUn2ming2,9,-6.034318743735155,2,6.034318743735155,1,0,2,anti_homophones
9562,ye1fE4shi4,10,-7.711604928826918,3,7.711604928826918,1,0,0,anti_homophones
9563,zhong1jun1da1dLn1,17,-13.107347539417994,4,13.107347539417994,1,0,0,anti_homophones
9564,jLng1mK4,8,-7.447061819406391,2,7.447061819406391,1,0,0,anti_homophones
9565,sheng4pA2jing1,14,-9.159590074373089,3,9.159590074373089,1,0,0,anti_homophones
9566,kV4li4,6,-5.897139532540011,2,5.897139532540011,1,0,5,anti_homophones
9567,pi2che1,7,-6.035312595130766,2,6.035312595130766,1,0,3,anti_homophones
9568,yin4pQ4yu2,10,-9.55530220433591,3,9.55530220433591,1,0,0,anti_homophones
9569,da4shu3,7,-5.549621221503933,2,5.549621221503933,1,1,6,anti_homophones
9570,gQ1fen2,7,-6.333327837459828,2,6.333327837459828,1,0,2,anti_homophones
9571,du3bLn4,7,-6.024241666160605,2,6.024241666160605,1,0,0,anti_homophones
9572,ke3le4zhang3ri4,15,-14.42401037018113,4,14.42401037018113,1,0,0,anti_homophones
9573,zhi3hI2dan4ding1,16,-11.810843065874582,4,11.810843065874582,1,0,0,anti_homophones
9574,lK2ru4zhang4deng2,17,-12.665655832143038,4,12.665655832143038,1,0,0,anti_homophones
9575,da3lv4dong4,11,-8.179081856318547,3,8.179081856318547,1,0,0,anti_homophones
9576,shI3qu4,7,-5.821817155598793,2,5.821817155598793,1,0,6,anti_homophones
9577,ya4zI4,6,-6.807481512805085,2,6.807481512805085,1,0,1,anti_homophones
9578,sun1hQ4,7,-7.07202884664261,2,7.07202884664261,1,0,0,anti_homophones
9579,xM4yin1fang3,12,-9.49684405131215,3,9.49684405131215,1,0,0,anti_homophones
9580,tM3jC2,6,-5.6178849441342,2,5.6178849441342,1,0,2,anti_homophones
9581,A1wan4,6,-6.128526038374028,2,6.128526038374028,1,0,0,anti_homophones
9582,tQ2chUng2,9,-7.473561097789436,2,7.473561097789436,1,0,0,anti_homophones
9583,fen1ju4,7,-5.588855811785332,2,5.588855811785332,1,0,6,anti_homophones
9584,hA3zang3gang1,13,-11.341944650252346,3,11.341944650252346,1,0,0,anti_homophones
9585,shi4qi4,7,-4.7761037253497145,2,4.7761037253497145,1,1,10,anti_homophones
9586,yQ2ya1,6,-6.130507670767071,2,6.130507670767071,1,1,2,anti_homophones
9587,e4xing3shu4,11,-8.737599745936842,3,8.737599745936842,1,0,0,anti_homophones
9588,chan4yan2qUn2gUn3,17,-11.899621511086341,4,11.899621511086341,1,0,0,anti_homophones
9589,tang4shi4,9,-5.783770870141005,2,5.783770870141005,1,0,5,anti_homophones
9590,nv3jUn3,7,-6.1993428554392835,2,6.1993428554392835,1,1,0,anti_homophones
9591,kong4ti4,8,-7.53394459546946,2,7.53394459546946,1,0,1,anti_homophones
9592,zhen1e2ren2hU4,14,-9.917987891766836,4,9.917987891766836,1,0,0,anti_homophones
9593,dan1yu2gI1ze2,13,-10.53706710885239,4,10.53706710885239,1,0,0,anti_homophones
9594,kun3shV4nLng1zu3,16,-14.705227386419338,4,14.705227386419338,1,0,0,anti_homophones
9595,po4zhong4tV2yi4,15,-11.251543631451318,4,11.251543631451318,1,0,0,anti_homophones
9596,tW2rong1li4,11,-8.343888317480438,3,8.343888317480438,1,0,0,anti_homophones
9597,xi1shV3gong1,12,-7.982351444170002,3,7.982351444170002,1,0,0,anti_homophones
9598,chan2hun4,9,-7.3191320342598285,2,7.3191320342598285,1,0,0,anti_homophones
9599,shQ3ren2,8,-5.743617610692439,2,5.743617610692439,1,0,2,anti_homophones
9600,sQ3ling4yan1,12,-10.764718724577365,3,10.764718724577365,1,0,0,anti_homophones
9601,bQ4a1,5,-5.845104474947851,2,5.845104474947851,1,0,1,anti_homophones
9602,tan3fang1,9,-7.151645240615439,2,7.151645240615439,1,0,0,anti_homophones
9603,shO1xW4,7,-6.183849351865259,2,6.183849351865259,1,0,1,anti_homophones
9604,nan2xLn1,8,-6.331484636800721,2,6.331484636800721,1,0,5,anti_homophones
9605,jLn4shi2xin4tW2,15,-10.908721628143462,4,10.908721628143462,1,0,0,anti_homophones
9606,shi4zhu3gO2,11,-8.1106531071805,3,8.1106531071805,1,0,0,anti_homophones
9607,hun3xLn4,8,-6.139153727739186,2,6.139153727739186,1,0,1,anti_homophones
9608,nv3jM2,6,-5.817615088972868,2,5.817615088972868,1,0,0,anti_homophones
9609,chu2lun4,8,-5.790065680804754,2,5.790065680804754,1,0,3,anti_homophones
9610,qLn3xi1yun5hu2,14,-12.58935401055534,4,12.58935401055534,1,0,0,anti_homophones
9611,tan4qi1meng4,12,-10.177780411425307,3,10.177780411425307,1,0,0,anti_homophones
9612,gan1dA4ke4,10,-8.404445962732074,3,8.404445962732074,1,0,0,anti_homophones
9613,kUng2dang1da4po4,16,-13.39366238066148,4,13.39366238066148,1,0,0,anti_homophones
9614,sheng1de5ji2,12,-7.888429365899397,3,7.888429365899397,1,0,0,anti_homophones
9615,gO3shen1bu4,11,-8.77016771338653,3,8.77016771338653,1,0,0,anti_homophones
9616,ban4yong3,9,-6.653437972913764,2,6.653437972913764,1,0,1,anti_homophones
9617,zang1he4yi1tA1,14,-12.928415590398904,4,12.928415590398904,1,0,0,anti_homophones
9618,shI3gan3,8,-5.568606220893056,2,5.568606220893056,1,0,1,anti_homophones
9619,da4dang4yun2li4,15,-11.155162461384268,4,11.155162461384268,1,0,0,anti_homophones
9620,kun4ren2chang2,14,-9.670615128799193,3,9.670615128799193,1,0,0,anti_homophones
9621,ye4se4,6,-5.21099425107203,2,5.21099425107203,1,0,5,anti_homophones
9622,yQ2zhen1ming2se4,16,-11.265372931281684,4,11.265372931281684,1,0,0,anti_homophones
9623,ge1ji5dLn4,10,-10.93545927532749,3,10.93545927532749,1,0,0,anti_homophones
9624,yV3jin4xW4nE3,13,-11.62561663494135,4,11.62561663494135,1,0,0,anti_homophones
9625,chen2bQ4,8,-6.6636177435589925,2,6.6636177435589925,1,0,1,anti_homophones
9626,shi4feng2,9,-5.8061940606369316,2,5.8061940606369316,1,0,0,anti_homophones
9627,qLng3xin1,9,-6.23622460523857,2,6.23622460523857,1,0,2,anti_homophones
9628,pin1han4,8,-7.9577544661703845,2,7.9577544661703845,1,0,1,anti_homophones
9629,qLn1zhUng3,10,-6.992400116145597,2,6.992400116145597,1,0,1,anti_homophones
9630,kQ3tang3,8,-7.029281861091907,2,7.029281861091907,1,0,0,anti_homophones
9631,san3shi2qi4,11,-8.309199229908591,3,8.309199229908591,1,0,0,anti_homophones
9632,chO1ran2ben3,12,-10.505906508696487,3,10.505906508696487,1,0,0,anti_homophones
9633,bo1ding1song2,13,-9.980420018477439,3,9.980420018477439,1,0,0,anti_homophones
9634,yi2xing4,8,-5.46357121812225,2,5.46357121812225,1,0,3,anti_homophones
9635,tu3ji4zhUn3lang4,16,-13.427440528557453,4,13.427440528557453,1,0,0,anti_homophones
9636,xun2ji2,7,-5.959989864332812,2,5.959989864332812,1,0,2,anti_homophones
9637,dO1mQ4,6,-5.74718254879759,2,5.74718254879759,1,0,3,anti_homophones
9638,meng3ling1,10,-7.800897103391047,2,7.800897103391047,1,0,0,anti_homophones
9639,qu3zheng1,9,-6.608430431957812,2,6.608430431957812,1,0,1,anti_homophones
9640,mo4zhang2,9,-6.206775606263766,2,6.206775606263766,1,0,0,anti_homophones
9641,feng1ren4,9,-5.9276737052119595,2,5.9276737052119595,1,1,2,anti_homophones
9642,ke3pa4,6,-5.549437098867069,2,5.549437098867069,1,1,1,anti_homophones
9643,ni2dong1zhi4,12,-9.951278214205628,3,9.951278214205628,1,0,0,anti_homophones
9644,si4yin1ling1yC1,15,-12.738435581936436,4,12.738435581936436,1,0,0,anti_homophones
9645,jing1qi1,8,-5.641823808274828,2,5.641823808274828,1,0,6,anti_homophones
9646,chen1yin1,9,-6.31243618562508,2,6.31243618562508,1,0,1,anti_homophones
9647,bQ3shi2xM3,10,-8.402847725273695,3,8.402847725273695,1,0,0,anti_homophones
9648,zheng2ren2,10,-5.287515960114729,2,5.287515960114729,1,0,4,anti_homophones
9649,hang2yUn2tan1,13,-9.732527670662126,3,9.732527670662126,1,0,0,anti_homophones
9650,er3bE4kUn1xing3,15,-12.060011083412103,4,12.060011083412103,1,0,0,anti_homophones
9651,zA4tA2xLng1,11,-9.139127038804487,3,9.139127038804487,1,0,0,anti_homophones
9652,fo2gUn4,7,-8.46993073481475,2,8.46993073481475,1,0,1,anti_homophones
9653,an4bQ4qi4,9,-8.352666635656286,3,8.352666635656286,1,0,0,anti_homophones
9654,shQ3dQ3,7,-6.705576247583617,2,6.705576247583617,1,0,1,anti_homophones
9655,gO2yu2,6,-5.505753305454532,2,5.505753305454532,1,0,2,anti_homophones
9656,shI3rong1,9,-5.565643669374436,2,5.565643669374436,1,0,0,anti_homophones
9657,fang2dan1,9,-6.226311547358173,2,6.226311547358173,1,0,1,anti_homophones
9658,fan4ku3sheng4lUn3,17,-13.652680965205853,4,13.652680965205853,1,0,0,anti_homophones
9659,yV1ju4,6,-5.86086467716898,2,5.86086467716898,1,0,5,anti_homophones
9660,yu3lan3sV3wang4,15,-13.799667044944385,4,13.799667044944385,1,0,0,anti_homophones
9661,che1zhe3,8,-5.559676725673812,2,5.559676725673812,1,1,0,anti_homophones
9662,ru4xC3di4,9,-9.012679849107913,3,9.012679849107913,1,0,0,anti_homophones
9663,jLng2ri4,8,-6.4779140923149825,2,6.4779140923149825,1,0,4,anti_homophones
9664,ru4kV3er5,9,-7.967334476195345,3,7.967334476195345,1,0,0,anti_homophones
9665,beng3ji1,8,-7.123514970367458,2,7.123514970367458,1,0,0,anti_homophones
9666,qi3pa4,6,-6.110799080992347,2,6.110799080992347,1,1,2,anti_homophones
9667,zong2lW4,8,-6.701136176283859,2,6.701136176283859,1,0,2,anti_homophones
9668,ni3te4shV1fu2,13,-12.086884278665703,4,12.086884278665703,1,0,0,anti_homophones
9669,zi1li4,6,-5.6254297562949045,2,5.6254297562949045,1,0,6,anti_homophones
9670,jin4shI3dA4,11,-7.806404590071312,3,7.806404590071312,1,0,0,anti_homophones
9671,man3cheng2qing1gO4,18,-13.066694956006291,4,13.066694956006291,1,0,0,anti_homophones
9672,xL4hP4,6,-5.4024916068759605,2,5.4024916068759605,1,0,0,anti_homophones
9673,gO3yu3,6,-6.348431705058905,2,6.348431705058905,1,0,3,anti_homophones
9674,chu1qing2,9,-5.767298081146581,2,5.767298081146581,1,0,2,anti_homophones
9675,rQ4yi1xing2,11,-8.754348122568235,3,8.754348122568235,1,0,0,anti_homophones
9676,zhun1fE4,8,-6.892885057553437,2,6.892885057553437,1,0,0,anti_homophones
9677,meng1yin1bo1,12,-9.453129878405269,3,9.453129878405269,1,0,0,anti_homophones
9678,ying2fang3,10,-6.2932274232793075,2,6.2932274232793075,1,0,1,anti_homophones
9679,hong2xing3,10,-6.539035664142685,2,6.539035664142685,1,0,0,anti_homophones
9680,yV4sheng4,9,-5.9829015484398065,2,5.9829015484398065,1,0,4,anti_homophones
9681,zha2ji4bW3lW2,13,-12.34997664359921,4,12.34997664359921,1,0,0,anti_homophones
9682,long2yan2yUn4,13,-9.433453747032225,3,9.433453747032225,1,0,0,anti_homophones
9683,hang2li4fen3tQ4,15,-12.397718892921498,4,12.397718892921498,1,0,0,anti_homophones
9684,hUn2rang4li4zQ4,15,-12.518976802119003,4,12.518976802119003,1,0,0,anti_homophones
9685,bA2hA1shQ4,10,-10.851434517401165,3,10.851434517401165,1,0,0,anti_homophones
9686,gU4zhi2,7,-5.902071702851405,2,5.902071702851405,1,0,3,anti_homophones
9687,gan1kong2,9,-6.412629727278488,2,6.412629727278488,1,0,1,anti_homophones
9688,chu4zhe2,8,-6.670356004069969,2,6.670356004069969,1,0,0,anti_homophones
9689,lu4ben3,7,-6.261038869855381,2,6.261038869855381,1,0,2,anti_homophones
9690,wE2jW4di3,9,-9.7332803440748,3,9.7332803440748,1,0,0,anti_homophones
9691,shV3shi4,8,-4.983547907482426,2,4.983547907482426,1,1,5,anti_homophones
9692,ji1sUn1,7,-5.936450022008433,2,5.936450022008433,1,0,2,anti_homophones
9693,er2wu4hU4qi4,12,-10.346530432231697,4,10.346530432231697,1,0,0,anti_homophones
9694,gang2yUn2,9,-6.11892949377794,2,6.11892949377794,1,0,3,anti_homophones
9695,xin1fang2wen3,13,-9.404904166315541,3,9.404904166315541,1,0,0,anti_homophones
9696,hUn4kan3,8,-8.424357200081948,2,8.424357200081948,1,0,1,anti_homophones
9697,cQ1zhong1wu3,12,-8.969360704698833,3,8.969360704698833,1,0,0,anti_homophones
9698,bW1zhi4,7,-5.298750279427462,2,5.298750279427462,1,0,3,anti_homophones
9699,lK2shi4dLn4zO4,14,-10.896304853766324,4,10.896304853766324,1,0,0,anti_homophones
9700,yan2na2yan4,11,-10.113880978179598,3,10.113880978179598,1,0,0,anti_homophones
9701,jM2yu2,6,-5.41447631017701,2,5.41447631017701,1,1,6,anti_homophones
9702,yQ2yu4,6,-5.862622668174036,2,5.862622668174036,1,0,3,anti_homophones
9703,yin1bQ4mW2,10,-9.12152576729293,3,9.12152576729293,1,0,0,anti_homophones
9704,yong1fa3,8,-6.271056222033645,2,6.271056222033645,1,0,0,anti_homophones
9705,zhI1mLn3,8,-6.448758142672315,2,6.448758142672315,1,0,1,anti_homophones
9706,wen1cA4tu3,10,-10.292035339517957,3,10.292035339517957,1,0,0,anti_homophones
9707,zO4tan4zhen2ze2,15,-12.248558713124607,4,12.248558713124607,1,0,0,anti_homophones
9708,bQ3ba3xLn4,10,-8.678179766435687,3,8.678179766435687,1,0,0,anti_homophones
9709,hUn2di4,7,-5.909280702318502,2,5.909280702318502,1,0,6,anti_homophones
9710,e2dLn4wE4,9,-8.193335155683876,3,8.193335155683876,1,0,0,anti_homophones
9711,shi3xC2xW3,10,-9.305688576507878,3,9.305688576507878,1,0,0,anti_homophones
9712,sQ4bu2dQ4chI1,13,-12.968292781867236,4,12.968292781867236,1,0,0,anti_homophones
9713,gong1qi2shen1shI3,17,-10.882393714002188,4,10.882393714002188,1,0,0,anti_homophones
9714,fen2A2,6,-7.492489203767159,2,7.492489203767159,1,0,0,anti_homophones
9715,bLn1du4,7,-5.631105147970875,2,5.631105147970875,1,0,3,anti_homophones
9716,zhQ1qu3,7,-6.553110134489603,2,6.553110134489603,1,0,2,anti_homophones
9717,dA4bi4xC2,9,-7.744306696096455,3,7.744306696096455,1,0,0,anti_homophones
9718,ke3ke2,6,-5.752711610595519,2,5.752711610595519,1,0,5,anti_homophones
9719,qLn1qi4,7,-5.325887213877911,2,5.325887213877911,1,0,6,anti_homophones
9720,cha1di3,7,-6.541509067512444,2,6.541509067512444,1,0,0,anti_homophones
9721,lLng4wen1,9,-7.527648607381887,2,7.527648607381887,1,0,0,anti_homophones
9722,cang4shi4,9,-5.984773677815242,2,5.984773677815242,1,0,3,anti_homophones
9723,qLn2yC4qK2,10,-7.632686905451829,3,7.632686905451829,1,0,0,anti_homophones
9724,mu4lun2,7,-6.291602126138255,2,6.291602126138255,1,0,1,anti_homophones
9725,chV2ji1,7,-5.355005230955161,2,5.355005230955161,1,1,7,anti_homophones
9726,hong2lan2shV3shV3,17,-12.289935905678249,4,12.289935905678249,1,0,0,anti_homophones
9727,yQ4jL3zi5,9,-8.091864032656606,3,8.091864032656606,1,0,0,anti_homophones
9728,fa1dLn4,7,-4.864682922045587,2,4.864682922045587,1,1,5,anti_homophones
9729,yUn4tA4,7,-6.7572481992107685,2,6.7572481992107685,1,0,0,anti_homophones
9730,yi3che2,7,-8.674401317870483,2,8.674401317870483,1,0,1,anti_homophones
9731,dQ3ren4,7,-5.951437922438914,2,5.951437922438914,1,0,3,anti_homophones
9732,yUn4jM4,7,-6.031874952744554,2,6.031874952744554,1,0,3,anti_homophones
9733,dLn3che1,8,-5.626077909797439,2,5.626077909797439,1,1,1,anti_homophones
9734,kP4kP4,6,-4.902132576658349,2,4.902132576658349,1,1,1,anti_homophones
9735,tong1xing2,10,-5.686113083916032,2,5.686113083916032,1,0,2,anti_homophones
9736,gan1jLng1na4,12,-9.607570840373244,3,9.607570840373244,1,0,0,anti_homophones
9737,jM2hO3,6,-5.603516848654796,2,5.603516848654796,1,0,0,anti_homophones
9738,gong4xLng1,10,-5.965451224527472,2,5.965451224527472,1,0,4,anti_homophones
9739,xM2wen2,7,-5.657806203043033,2,5.657806203043033,1,0,1,anti_homophones
9740,zhang2yan3,10,-5.982779031623873,2,5.982779031623873,1,0,1,anti_homophones
9741,lE2yi3,6,-6.634395883874586,2,6.634395883874586,1,0,2,anti_homophones
9742,A3ge2jK3,8,-8.309093080439586,3,8.309093080439586,1,0,0,anti_homophones
9743,jin1di4,7,-5.62738045467887,2,5.62738045467887,1,0,6,anti_homophones
9744,zhi2ting4hU4,12,-8.894417482896301,3,8.894417482896301,1,0,0,anti_homophones
9745,han4gA3kong1,12,-10.704131460172396,3,10.704131460172396,1,0,0,anti_homophones
9746,A2dQ4,5,-5.686763375644113,2,5.686763375644113,1,0,4,anti_homophones
9747,zi3xi2bu4xLng1,14,-11.197745244162874,4,11.197745244162874,1,0,0,anti_homophones
9748,gong1qi4,8,-5.0024129131462365,2,5.0024129131462365,1,0,8,anti_homophones
9749,sheng2ji1mLn4,13,-8.362524441160325,3,8.362524441160325,1,0,1,anti_homophones
9750,shI3gV1,7,-5.1840951806429505,2,5.1840951806429505,1,0,4,anti_homophones
9751,chu1chu4,8,-5.9517851504062085,2,5.9517851504062085,1,0,4,anti_homophones
9752,yu4yi1wA4sheng1,15,-11.122271011261331,4,11.122271011261331,1,0,0,anti_homophones
9753,hUn4gong1qing1,14,-9.365526499683146,3,9.365526499683146,1,0,0,anti_homophones
9754,yi4nv3hA3gUn3,13,-11.221959887345456,4,11.221959887345456,1,0,0,anti_homophones
9755,yang3zhang4zhong1song3,22,-13.209485422933113,4,13.209485422933113,1,0,0,anti_homophones
9756,yin3song3tV5,12,-10.473781386114299,3,10.473781386114299,1,0,0,anti_homophones
9757,gu4zi4he2,9,-8.783741328923597,3,8.783741328923597,1,0,0,anti_homophones
9758,du2zhi4zheng2bW3,16,-11.143935353200115,4,11.143935353200115,1,0,0,anti_homophones
9759,bA2gen1dLn4,11,-8.884633980177385,3,8.884633980177385,1,0,0,anti_homophones
9760,jin1yQ4,7,-6.026514718484721,2,6.026514718484721,1,0,1,anti_homophones
9761,zhong1la1she4,13,-9.00218261686816,3,9.00218261686816,1,0,0,anti_homophones
9762,xC3she4,7,-6.376988305808154,2,6.376988305808154,1,0,1,anti_homophones
9763,sang4yi3ni2,11,-9.99302540223795,3,9.99302540223795,1,0,0,anti_homophones
9764,shen2fen3zhun1tV2,17,-13.170846777852667,4,13.170846777852667,1,0,0,anti_homophones
9765,lK2yi4,6,-5.117419863244155,2,5.117419863244155,1,1,8,anti_homophones
9766,gUn1yong4ling2,14,-9.49024659380242,3,9.49024659380242,1,0,0,anti_homophones
9767,qing3wen4,9,-6.782005252132271,2,6.782005252132271,1,0,1,anti_homophones
9768,lLn2lA2lM4ju2,13,-11.424126312598979,4,11.424126312598979,1,0,0,anti_homophones
9769,jW4bLn1pL1,10,-11.490293589742091,3,11.490293589742091,1,0,0,anti_homophones
9770,ying1bi4,8,-6.275750481962321,2,6.275750481962321,1,0,0,anti_homophones
9771,dUn4yUn2xi1,11,-9.303723108304787,3,9.303723108304787,1,0,0,anti_homophones
9772,hV4hO4qi1xC2,12,-10.844366926204339,4,10.844366926204339,1,0,0,anti_homophones
9773,chan1wen2jun1,13,-9.077046067530885,3,9.077046067530885,1,0,0,anti_homophones
9774,wu2bu4ming1,11,-7.8632352049753536,3,7.8632352049753536,1,0,0,anti_homophones
9775,gong1zi5,8,-5.012274274034716,2,5.012274274034716,1,1,6,anti_homophones
9776,jUn4jUn1ge1zeng2,16,-14.76423139816373,4,14.76423139816373,1,0,0,anti_homophones
9777,shi4ying1jing2,14,-8.797774273164803,3,8.797774273164803,1,0,0,anti_homophones
9778,fen4er2,7,-5.525891391496792,2,5.525891391496792,1,1,1,anti_homophones
9779,chu2zQ4,7,-6.667615423173067,2,6.667615423173067,1,0,0,anti_homophones
9780,qLn2tang4,9,-6.368693053928442,2,6.368693053928442,1,0,1,anti_homophones
9781,shang4cang2qing1,16,-10.297262993117481,3,10.297262993117481,1,0,0,anti_homophones
9782,ban4tong1chan1,14,-9.545062163771922,3,9.545062163771922,1,0,0,anti_homophones
9783,kang4xing4,10,-6.646354071904369,2,6.646354071904369,1,0,1,anti_homophones
9784,zi1sUn1tu2,10,-9.539180208099232,3,9.539180208099232,1,0,0,anti_homophones
9785,jing1dLn4,9,-5.659322926266728,2,5.659322926266728,1,0,1,anti_homophones
9786,hA3mi4,6,-6.199304864232203,2,6.199304864232203,1,0,2,anti_homophones
9787,pi4dQ1fan4,10,-10.26305221195133,3,10.26305221195133,1,0,0,anti_homophones
9788,ming1hu1shen1shi2,17,-11.32953521920914,4,11.32953521920914,1,0,0,anti_homophones
9789,fE1gUng4,8,-6.126474384851555,2,6.126474384851555,1,0,2,anti_homophones
9790,feng2qu4,8,-6.002268058317931,2,6.002268058317931,1,0,2,anti_homophones
9791,da4bLn1ren2shu4,15,-9.94751886513785,4,9.94751886513785,1,0,0,anti_homophones
9792,shi2xi4kang4gUng2,17,-12.83174740291288,4,12.83174740291288,1,0,0,anti_homophones
9793,nLn2jW3deng1qi4,15,-11.518788746283564,4,11.518788746283564,1,0,0,anti_homophones
9794,ti3yun4,7,-6.236390159007031,2,6.236390159007031,1,0,0,anti_homophones
9795,xLn4ye4zheng2chUng1,19,-11.968685027041387,4,11.968685027041387,1,0,0,anti_homophones
9796,xW3shang1,9,-5.910709583871484,2,5.910709583871484,1,0,4,anti_homophones
9797,wE1bu4ren2,10,-7.029493428497423,3,7.029493428497423,1,0,0,anti_homophones
9798,xL4yun5hu1,10,-8.25889520222163,3,8.25889520222163,1,0,0,anti_homophones
9799,zhu3yi1,7,-5.2631486956480735,2,5.2631486956480735,1,0,6,anti_homophones
9800,shan4lLn2xin1,13,-8.471798846923793,3,8.471798846923793,1,0,0,anti_homophones
9801,bLn1cha2jW3xYng2,16,-11.631938067780194,4,11.631938067780194,1,0,0,anti_homophones
9802,yC4ju4bu4bang4,14,-11.314879837073713,4,11.314879837073713,1,0,0,anti_homophones
9803,yan3mA3fen1,11,-9.203721469700369,3,9.203721469700369,1,0,0,anti_homophones
9804,tV2chen1zang2shi4,17,-11.990713215677472,4,11.990713215677472,1,0,0,anti_homophones
9805,she4shen2,9,-6.135595168658393,2,6.135595168658393,1,0,1,anti_homophones
9806,tu4er2,6,-5.552482682426338,2,5.552482682426338,1,0,4,anti_homophones
9807,nK2nan2,7,-6.7285737711565865,2,6.7285737711565865,1,0,1,anti_homophones
9808,ru2sO3xC4,9,-9.346353730021049,3,9.346353730021049,1,0,0,anti_homophones
9809,ding1xun4,9,-6.68031085184304,2,6.68031085184304,1,0,2,anti_homophones
9810,xing2shV3,9,-5.689924484500673,2,5.689924484500673,1,0,2,anti_homophones
9811,chQ1xin1,8,-5.628279554939749,2,5.628279554939749,1,0,2,anti_homophones
9812,yang1gUng4mi3tQ4,16,-13.309265747069658,4,13.309265747069658,1,0,0,anti_homophones
9813,ben3qC4,7,-6.104964138757728,2,6.104964138757728,1,0,1,anti_homophones
9814,yV2gI1qUn4,10,-8.93359751618539,3,8.93359751618539,1,0,0,anti_homophones
9815,shu2jing2zhe3,13,-9.035639347333122,3,9.035639347333122,1,0,0,anti_homophones
9816,he2ye4,6,-4.912116563518824,2,4.912116563518824,1,1,9,anti_homophones
9817,shen4sUn1chang2,15,-9.445526283803106,3,9.445526283803106,1,0,0,anti_homophones
9818,kang4gong3,10,-7.5720428444026835,2,7.5720428444026835,1,0,0,anti_homophones
9819,yV3zi5,6,-4.815479714708775,2,4.815479714708775,1,1,5,anti_homophones
9820,dan1zhO1,8,-6.601432236325269,2,6.601432236325269,1,0,0,anti_homophones
9821,hun4zhe2di4,11,-9.632359930766222,3,9.632359930766222,1,0,0,anti_homophones
9822,zhI1fan3,8,-6.2470920194208395,2,6.2470920194208395,1,0,0,anti_homophones
9823,xK4fu4,6,-6.217401009278402,2,6.217401009278402,1,0,4,anti_homophones
9824,rV4cheng3,9,-7.059151385588536,2,7.059151385588536,1,0,2,anti_homophones
9825,yong4tLn1,9,-6.549771273079597,2,6.549771273079597,1,0,0,anti_homophones
9826,ling4er2xLn3,12,-9.370019329836735,3,9.370019329836735,1,0,0,anti_homophones
9827,zhen3xLn4ren2nan2,17,-12.171177282847227,4,12.171177282847227,1,0,0,anti_homophones
9828,yi1xing1,8,-5.120597749485569,2,5.120597749485569,1,1,6,anti_homophones
9829,zQ3chang3,9,-6.081799644299967,2,6.081799644299967,1,1,1,anti_homophones
9830,cu4sha1,7,-6.772642664366372,2,6.772642664366372,1,0,1,anti_homophones
9831,Q2bo2,5,-6.700334045425216,2,6.700334045425216,1,0,0,anti_homophones
9832,pA2lang3ru2che1,15,-11.805576855703588,4,11.805576855703588,1,0,0,anti_homophones
9833,hun3re4qi4,10,-8.587733211166343,3,8.587733211166343,1,0,0,anti_homophones
9834,bi2yu3mE4,9,-9.15868699584509,3,9.15868699584509,1,0,0,anti_homophones
9835,qing2shan1hU4,13,-8.920258407846815,3,8.920258407846815,1,0,0,anti_homophones
9836,bi3zhi2zhi2,11,-8.626090397884324,3,8.626090397884324,1,0,1,anti_homophones
9837,xin1dLn4feng1,13,-8.900310491680754,3,8.900310491680754,1,0,0,anti_homophones
9838,gU3lK2,6,-5.843514533118472,2,5.843514533118472,1,0,1,anti_homophones
9839,yQ2bA3hu3kV3,12,-11.953785670508973,4,11.953785670508973,1,0,0,anti_homophones
9840,qi4li4dLn3jLn4,14,-11.012452762622177,4,11.012452762622177,1,0,0,anti_homophones
9841,zi4kV3,6,-5.472615203401112,2,5.472615203401112,1,0,3,anti_homophones
9842,hE1dW4,6,-5.523094375012902,2,5.523094375012902,1,0,5,anti_homophones
9843,dLn3chi1nu2,11,-9.839645802431917,3,9.839645802431917,1,0,0,anti_homophones
9844,he2tQ2shun1se4,14,-11.174029220437331,4,11.174029220437331,1,0,0,anti_homophones
9845,pen2xLng3ye4,12,-9.543086462812473,3,9.543086462812473,1,0,0,anti_homophones
9846,fE1ci2,6,-5.398984667934456,2,5.398984667934456,1,0,3,anti_homophones
9847,bLn4ba4,7,-6.870122971739394,2,6.870122971739394,1,0,0,anti_homophones
9848,zhi4yC1,7,-5.726496505483087,2,5.726496505483087,1,0,1,anti_homophones
9849,chu4xi1ju4,10,-9.146513105185957,3,9.146513105185957,1,0,0,anti_homophones
9850,yu2tang1pi2,11,-10.738995485817576,3,10.738995485817576,1,0,0,anti_homophones
9851,fu4gU1ji1sO3,12,-11.499153399411675,4,11.499153399411675,1,0,0,anti_homophones
9852,zhi1nv3,7,-5.758670755085166,2,5.758670755085166,1,0,1,anti_homophones
9853,yV3bLn4er2,10,-8.700794534728615,3,8.700794534728615,1,0,0,anti_homophones
9854,men2xin1zhUng2,14,-9.323123080405113,3,9.323123080405113,1,0,0,anti_homophones
9855,mu4bE4,6,-5.418273531364229,2,5.418273531364229,1,1,3,anti_homophones
9856,bE3jM3,6,-6.881391941152306,2,6.881391941152306,1,0,0,anti_homophones
9857,gQ1sheng1,9,-5.419489871366323,2,5.419489871366323,1,0,4,anti_homophones
9858,gO4qW3,6,-6.3209495240817075,2,6.3209495240817075,1,0,1,anti_homophones
9859,nLn4zhen2tong2li2,17,-13.34224795467153,4,13.34224795467153,1,0,0,anti_homophones
9860,re4xin1,7,-5.356753475812311,2,5.356753475812311,1,1,3,anti_homophones
9861,shi2xing1jM2cheng2,18,-11.006289869141922,4,11.006289869141922,1,0,0,anti_homophones
9862,ku3ka3,6,-6.213021175744839,2,6.213021175744839,1,0,2,anti_homophones
9863,shi4shi1,8,-5.482120870731636,2,5.482120870731636,1,0,5,anti_homophones
9864,yV3jLn1gI1shen3,15,-12.599156924618423,4,12.599156924618423,1,0,0,anti_homophones
9865,he2yUn4,7,-6.0122770617645696,2,6.0122770617645696,1,0,4,anti_homophones
9866,chu1jLn1da4men2,15,-10.98166647131793,4,10.98166647131793,1,0,0,anti_homophones
9867,fen1kQ3,7,-6.661839275385954,2,6.661839275385954,1,0,1,anti_homophones
9868,hI3pi2,6,-5.915252575075025,2,5.915252575075025,1,0,0,anti_homophones
9869,zhen2mi2,8,-6.935659614222821,2,6.935659614222821,1,0,1,anti_homophones
9870,wen4zheng1di4zhe3,17,-11.259909838488738,4,11.259909838488738,1,0,0,anti_homophones
9871,da4dO1ci1ban3,13,-10.020432966407569,4,10.020432966407569,1,0,0,anti_homophones
9872,shang1zhi1,10,-6.001194570580061,2,6.001194570580061,1,1,2,anti_homophones
9873,tM3shI3,7,-5.666651262064972,2,5.666651262064972,1,0,2,anti_homophones
9874,lan3shu1,8,-6.48182558017951,2,6.48182558017951,1,0,1,anti_homophones
9875,an1rong1tong1deng1,18,-12.415139749508636,4,12.415139749508636,1,0,0,anti_homophones
9876,nan2xin4,8,-6.095659365091941,2,6.095659365091941,1,0,2,anti_homophones
9877,gu3shi4,7,-4.949957555421256,2,4.949957555421256,1,1,6,anti_homophones
9878,lK2qi2jK4,9,-8.367526783719105,3,8.367526783719105,1,0,0,anti_homophones
9879,sheng1sha1lLn2,14,-9.255932106730029,3,9.255932106730029,1,0,0,anti_homophones
9880,gu1yin3lu4xLng4,15,-12.17224421383034,4,12.17224421383034,1,0,0,anti_homophones
9881,dW4zhi3zhu3hu4,14,-11.854784592598225,4,11.854784592598225,1,0,0,anti_homophones
9882,tong2chang4qi2,14,-9.542406275895988,3,9.542406275895988,1,0,0,anti_homophones
9883,xLng1yi2xing1,13,-8.806906321246943,3,8.806906321246943,1,0,0,anti_homophones
9884,jW1tong1gUng2,13,-8.305247451795358,3,8.305247451795358,1,0,0,anti_homophones
9885,hU4qUn2,7,-5.706106993792577,2,5.706106993792577,1,0,3,anti_homophones
9886,zheng1zu3da3dun1,16,-13.73195659753063,4,13.73195659753063,1,0,0,anti_homophones
9887,xi3wen1zhu4,11,-9.226920880257046,3,9.226920880257046,1,0,0,anti_homophones
9888,shO1A2,6,-5.9907261042249855,2,5.9907261042249855,1,0,0,anti_homophones
9889,leng4zi3jL4si5,14,-12.59150463089026,4,12.59150463089026,1,0,0,anti_homophones
9890,zhong1qK2yu4,12,-8.912234932645832,3,8.912234932645832,1,0,0,anti_homophones
9891,yi1ming3chUn2,13,-9.52045465206349,3,9.52045465206349,1,0,0,anti_homophones
9892,ru3zhi4,7,-5.74831726682517,2,5.74831726682517,1,1,6,anti_homophones
9893,da2bE3,6,-7.554655810395496,2,7.554655810395496,1,0,0,anti_homophones
9894,ge4che1,7,-6.040274254762218,2,6.040274254762218,1,0,3,anti_homophones
9895,fang3shi4,9,-5.311002088034384,2,5.311002088034384,1,0,3,anti_homophones
9896,chu1tV2,7,-5.085640206563961,2,5.085640206563961,1,0,6,anti_homophones
9897,chang2fu3,9,-6.548417483956386,2,6.548417483956386,1,0,1,anti_homophones
9898,gan4tV2,7,-6.073151290055781,2,6.073151290055781,1,0,9,anti_homophones
9899,chV3xin1ren2yi4,15,-10.912610619309913,4,10.912610619309913,1,0,0,anti_homophones
9900,lLn2shi4lLng1cheng4,19,-12.113555934071591,4,12.113555934071591,1,0,0,anti_homophones
9901,mA2cA4,6,-6.1498545177704615,2,6.1498545177704615,1,0,3,anti_homophones
9902,tLn1fa1xLn4,11,-7.50578879712305,3,7.50578879712305,1,0,0,anti_homophones
9903,fa1zI4,6,-5.549190637257963,2,5.549190637257963,1,1,7,anti_homophones
9904,hI4hU4,6,-5.16336329899741,2,5.16336329899741,1,1,3,anti_homophones
9905,fang3ri4,8,-6.266839442647212,2,6.266839442647212,1,0,6,anti_homophones
9906,zi1lK2ying2,11,-9.36913701395659,3,9.36913701395659,1,0,0,anti_homophones
9907,yu4an4,6,-5.564206629187143,2,5.564206629187143,1,0,1,anti_homophones
9908,hA3jin4,7,-5.885274461992473,2,5.885274461992473,1,0,1,anti_homophones
9909,dong4qin1sI2shi4,16,-11.936077742050745,4,11.936077742050745,1,0,0,anti_homophones
9910,ling3er2,8,-6.4657476377393985,2,6.4657476377393985,1,0,2,anti_homophones
9911,ying1shu1,9,-6.182890262931258,2,6.182890262931258,1,0,1,anti_homophones
9912,li4hO4,6,-6.471147532995476,2,6.471147532995476,1,0,3,anti_homophones
9913,fu4xi1dan1ya2,13,-11.801671828692223,4,11.801671828692223,1,0,0,anti_homophones
9914,e2fu1,5,-6.331021798608022,2,6.331021798608022,1,0,0,anti_homophones
9915,shQ1wu2feng1,12,-9.580351868547837,3,9.580351868547837,1,0,0,anti_homophones
9916,si3xC3,6,-6.088053869323177,2,6.088053869323177,1,0,1,anti_homophones
9917,gu1nLn2,7,-5.100480573238587,2,5.100480573238587,1,0,1,anti_homophones
9918,xUn3pan4gUng4,13,-9.81928668084253,3,9.81928668084253,1,0,0,anti_homophones
9919,ying4xLn1xin4,13,-9.162452548412602,3,9.162452548412602,1,0,0,anti_homophones
9920,V3feng1zhO1shi2,15,-12.01753106891818,4,12.01753106891818,1,0,0,anti_homophones
9921,gQ1ban1,7,-6.37140121734841,2,6.37140121734841,1,0,0,anti_homophones
9922,long2gong4xLng4,15,-9.719446721054041,3,9.719446721054041,1,0,0,anti_homophones
9923,ban1chang4gu4ren2,17,-11.69732532019612,4,11.69732532019612,1,0,0,anti_homophones
9924,tLn2fang1,9,-6.677306260255713,2,6.677306260255713,1,0,1,anti_homophones
9925,fa1li4,6,-4.970793095720049,2,4.970793095720049,1,2,14,anti_homophones
9926,jUn3bQ4,7,-7.091490032907555,2,7.091490032907555,1,0,2,anti_homophones
9927,chQ1pE2chUng2lLng2,18,-13.172813316841602,4,13.172813316841602,1,0,0,anti_homophones
9928,cheng1xin1,10,-5.558207304799784,2,5.558207304799784,1,0,3,anti_homophones
9929,zhong4shen1mo2,14,-9.424921868277748,3,9.424921868277748,1,0,0,anti_homophones
9930,tong3lK2ling2,13,-9.808359501033609,3,9.808359501033609,1,0,0,anti_homophones
9931,chUn3dA4,8,-6.557017901618981,2,6.557017901618981,1,0,5,anti_homophones
9932,chen4xu3xing2fa2,16,-12.926890605479569,4,12.926890605479569,1,0,0,anti_homophones
9933,pQ1mE2kong4,11,-9.008235366723836,3,9.008235366723836,1,0,0,anti_homophones
9934,shV3xM3san3,11,-9.41167946532016,3,9.41167946532016,1,0,0,anti_homophones
9935,chUn3gen1,9,-7.701360088066812,2,7.701360088066812,1,0,0,anti_homophones
9936,dV4yQ2ku4xC3,12,-13.363306948443615,4,13.363306948443615,1,0,0,anti_homophones
9937,che1chen1,9,-6.075026675864588,2,6.075026675864588,1,0,0,anti_homophones
9938,qing4ju2,8,-5.8164462896637765,2,5.8164462896637765,1,0,2,anti_homophones
9939,fan1rUn3,8,-6.851064047096424,2,6.851064047096424,1,0,0,anti_homophones
9940,wu2lang4ba1,11,-10.528046917655399,3,10.528046917655399,1,0,0,anti_homophones
9941,gUn3chen1,9,-6.436813049458919,2,6.436813049458919,1,0,2,anti_homophones
9942,lQ3zen3,7,-7.061815264175342,2,7.061815264175342,1,0,0,anti_homophones
9943,xYng2ming3,10,-6.989004936344476,2,6.989004936344476,1,0,0,anti_homophones
9944,yV1yan3,7,-5.337276974453649,2,5.337276974453649,1,1,3,anti_homophones
9945,hI1ba4,6,-6.88631205308037,2,6.88631205308037,1,0,1,anti_homophones
9946,kA1fen4chen2,12,-9.33770627970591,3,9.33770627970591,1,0,0,anti_homophones
9947,feng1cun1,9,-6.452328981640784,2,6.452328981640784,1,1,0,anti_homophones
9948,jin3de2,7,-6.435634893184723,2,6.435634893184723,1,0,0,anti_homophones
9949,zi4lan4bQ4,10,-9.309627033415284,3,9.309627033415284,1,0,0,anti_homophones
9950,chu1gO3zhen4fan3,16,-12.68930927858444,4,12.68930927858444,1,0,0,anti_homophones
9951,bW3zhUn2di2,11,-9.942143135728491,3,9.942143135728491,1,0,0,anti_homophones
9952,gO2jL1,6,-5.240252051868107,2,5.240252051868107,1,0,4,anti_homophones
9953,kang1shun2,10,-8.253158365145197,2,8.253158365145197,1,0,0,anti_homophones
9954,bang2zhe3,9,-6.601756995003759,2,6.601756995003759,1,1,1,anti_homophones
9955,di4shu3yi1,10,-8.622783317333077,3,8.622783317333077,1,0,0,anti_homophones
9956,da3hU1jM2,9,-8.133335934941092,3,8.133335934941092,1,0,0,anti_homophones
9957,dong2jW4yang2,13,-9.320728508789076,3,9.320728508789076,1,0,0,anti_homophones
9958,da3san4,7,-5.733014421354786,2,5.733014421354786,1,1,5,anti_homophones
9959,lin2zheng1hO3shO1,17,-11.33372947498163,4,11.33372947498163,1,0,0,anti_homophones
9960,feng2ting4,10,-6.795012331953504,2,6.795012331953504,1,0,1,anti_homophones
9961,gUng1ji2,8,-5.728193525490024,2,5.728193525490024,1,0,2,anti_homophones
9962,zhang4ren4,10,-6.312332903455357,2,6.312332903455357,1,0,1,anti_homophones
9963,chI2chUng2,10,-6.893045315573647,2,6.893045315573647,1,0,1,anti_homophones
9964,jC2dI4bQ1gO2,12,-11.12927184635477,4,11.12927184635477,1,0,0,anti_homophones
9965,mo2he2,6,-5.384928058232316,2,5.384928058232316,1,0,2,anti_homophones
9966,xL4shi2hI4yC1,13,-11.135321102887808,4,11.135321102887808,1,0,0,anti_homophones
9967,hI4sheng1xL2qu1,15,-11.634409933451973,4,11.634409933451973,1,0,0,anti_homophones
9968,A2zhe3,6,-5.869101802535804,2,5.869101802535804,1,0,3,anti_homophones
9969,bQ3xLng4,8,-5.049740222816195,2,5.049740222816195,1,0,3,anti_homophones
9970,zhong1lLn2,10,-5.87246684425615,2,5.87246684425615,1,0,0,anti_homophones
9971,chang1li5,9,-6.449802620633541,2,6.449802620633541,1,0,0,anti_homophones
9972,da4ge1,6,-4.921769929916016,2,4.921769929916016,1,1,4,anti_homophones
9973,yin4ku4ci3jin4,14,-12.503418219347125,4,12.503418219347125,1,0,0,anti_homophones
9974,mu3li3she2,10,-9.599050481471773,3,9.599050481471773,1,0,0,anti_homophones
9975,gO1shu3chen1,12,-11.711763481573442,3,11.711763481573442,1,0,0,anti_homophones
9976,bo1wan4,7,-6.356638328976006,2,6.356638328976006,1,0,2,anti_homophones
9977,za2he2ban3qM4,13,-11.524355650264315,4,11.524355650264315,1,0,0,anti_homophones
9978,dV1fu4,6,-6.21811607000511,2,6.21811607000511,1,0,1,anti_homophones
9979,qUn3han3ya2,11,-11.141654444510094,3,11.141654444510094,1,0,0,anti_homophones
9980,chong2yang3,11,-6.637045325403739,2,6.637045325403739,1,0,1,anti_homophones
9981,han2zeng2,9,-9.069925162736117,2,9.069925162736117,1,0,0,anti_homophones
9982,fa1qLng1tW2shu1,15,-11.428958031661042,4,11.428958031661042,1,0,0,anti_homophones
9983,tM3man4ce4se4,13,-11.027561892248116,4,11.027561892248116,1,0,0,anti_homophones
9984,cong4dI4gan3pLn4,16,-12.627998578253434,4,12.627998578253434,1,0,0,anti_homophones
9985,pE2du4zhong4,12,-9.040376133535554,3,9.040376133535554,1,0,0,anti_homophones
9986,gu1qi4,6,-5.707554052830512,2,5.707554052830512,1,0,6,anti_homophones
9987,heng1xLng4,10,-6.508415460114828,2,6.508415460114828,1,0,1,anti_homophones
9988,bM2chun2,8,-7.216009822079333,2,7.216009822079333,1,0,0,anti_homophones
9989,yang3zhQ4,9,-6.537706159814407,2,6.537706159814407,1,0,1,anti_homophones
9990,xK1di4,6,-5.257217933247603,2,5.257217933247603,1,0,7,anti_homophones
9991,wan2sun3,8,-6.803087655309662,2,6.803087655309662,1,0,0,anti_homophones
9992,chong4jM2jLn1,13,-9.316067706916577,3,9.316067706916577,1,0,0,anti_homophones
9993,gUn1bing1,9,-6.548785626050317,2,6.548785626050317,1,0,0,anti_homophones
9994,xun2jL1ren4man3,15,-12.099941416406283,4,12.099941416406283,1,0,0,anti_homophones
9995,hUng2shu4,9,-6.203306577628306,2,6.203306577628306,1,0,3,anti_homophones
9996,xLng4jing4qi4,13,-8.148460722345341,3,8.148460722345341,1,0,0,anti_homophones
9997,jM2pA4,6,-5.439818571703041,2,5.439818571703041,1,0,1,anti_homophones
9998,xLn1tV5,7,-6.171349383389706,2,6.171349383389706,1,0,0,anti_homophones
9999,bo1fang2xLn4jun1,16,-11.465843628753348,4,11.465843628753348,1,0,0,anti_homophones
10000,bing1gong2de5hU4,16,-11.450417896531938,4,11.450417896531938,1,0,0,anti_homophones
10001,pQ3mA4,6,-6.505450965498918,2,6.505450965498918,1,0,1,anti_homophones
10002,jW3bu4ye4gu4,12,-11.33056125167211,4,11.33056125167211,1,0,0,anti_homophones
10003,dan1lK2man3,11,-8.93184040586606,3,8.93184040586606,1,0,0,anti_homophones
10004,xu3pLn4,7,-6.9705006129241065,2,6.9705006129241065,1,0,3,anti_homophones
10005,mu3xi2,6,-6.591706706959175,2,6.591706706959175,1,0,2,anti_homophones
10006,A2dLn3,6,-6.040866886751648,2,6.040866886751648,1,0,1,anti_homophones
10007,nong3jK3,8,-6.995884418645047,2,6.995884418645047,1,0,1,anti_homophones
10008,zhUn2lang3,10,-7.5705840447423265,2,7.5705840447423265,1,0,0,anti_homophones
10009,lLng1yQ1,8,-7.037351759412828,2,7.037351759412828,1,0,1,anti_homophones
10010,han4lu2zi5,10,-9.361896036555601,3,9.361896036555601,1,0,0,anti_homophones
10011,zhi3ji2,7,-5.584468464626648,2,5.584468464626648,1,1,3,anti_homophones
10012,wan2er2,7,-5.6974893691856305,2,5.6974893691856305,1,0,3,anti_homophones
10013,qLng3ding4li4,13,-9.277779009209572,3,9.277779009209572,1,0,0,anti_homophones
10014,bi2yi4,6,-5.344342573435456,2,5.344342573435456,1,0,5,anti_homophones
10015,qi3tong1e4,10,-8.967582252233791,3,8.967582252233791,1,0,0,anti_homophones
10016,fa1ben3wu3lV2,13,-13.264754068798462,4,13.264754068798462,1,0,0,anti_homophones
10017,lLng1zheng4wE4,14,-9.200545081169775,3,9.200545081169775,1,0,0,anti_homophones
10018,kU1zi5,6,-5.268668192977922,2,5.268668192977922,1,1,4,anti_homophones
10019,ya3zhUng4,9,-7.065991682326759,2,7.065991682326759,1,0,1,anti_homophones
10020,qi4qing4,8,-6.699396284830234,2,6.699396284830234,1,0,3,anti_homophones
10021,jW1su4ren2,10,-7.872322514302385,3,7.872322514302385,1,0,0,anti_homophones
10022,zi4zhu1,7,-5.700062312168113,2,5.700062312168113,1,1,3,anti_homophones
10023,shV1che1,8,-5.787378728855915,2,5.787378728855915,1,0,1,anti_homophones
10024,lM4xLn1,7,-6.316702727690201,2,6.316702727690201,1,0,1,anti_homophones
10025,lE4shi4wu4,10,-8.04741553560622,3,8.04741553560622,1,0,0,anti_homophones
10026,ju1zhong3,9,-6.732191061459853,2,6.732191061459853,1,0,1,anti_homophones
10027,dV4feng1dong2chQ3,17,-13.06489652327425,4,13.06489652327425,1,0,0,anti_homophones
10028,ban1shI4,8,-6.644085081431598,2,6.644085081431598,1,1,4,anti_homophones
10029,hE1xin4jLn3,11,-9.00501661493786,3,9.00501661493786,1,0,0,anti_homophones
10030,yi1xM2,6,-5.302810019823563,2,5.302810019823563,1,1,4,anti_homophones
10031,qUn1men2,8,-6.793403579788169,2,6.793403579788169,1,0,0,anti_homophones
10032,da4ban4,7,-4.848892663260348,2,4.848892663260348,1,1,11,anti_homophones
10033,shV1zhen2,9,-6.3628941290957535,2,6.3628941290957535,1,0,0,anti_homophones
10034,ta1chUng3,9,-7.728987293106401,2,7.728987293106401,1,0,0,anti_homophones
10035,tan4shi3,8,-6.200871115529794,2,6.200871115529794,1,0,1,anti_homophones
10036,yQ1ben3long4,12,-10.193144747829328,3,10.193144747829328,1,0,0,anti_homophones
10037,ren2er4jin1,11,-8.61578280433458,3,8.61578280433458,1,0,0,anti_homophones
10038,dan4bQ4,7,-5.930878134710369,2,5.930878134710369,1,0,2,anti_homophones
10039,ke4chUn1,8,-6.518688561815604,2,6.518688561815604,1,0,1,anti_homophones
10040,shan4kP4yu4,11,-9.793155760025527,3,9.793155760025527,1,0,0,anti_homophones
10041,yu4min2zheng3,13,-8.890262319113889,3,8.890262319113889,1,0,0,anti_homophones
10042,ying2jUn4,9,-6.490585001587192,2,6.490585001587192,1,0,1,anti_homophones
10043,tong4xC2jM1,11,-8.896275840441858,3,8.896275840441858,1,0,0,anti_homophones
10044,jLn4tong4ye4he2,15,-11.45959957405367,4,11.45959957405367,1,0,0,anti_homophones
10045,shV3wan4,8,-5.5408710842602495,2,5.5408710842602495,1,0,1,anti_homophones
10046,hQ4qM3,6,-6.4159943450859735,2,6.4159943450859735,1,0,1,anti_homophones
10047,zhi2zhi4zhu4bu4,15,-11.115453473517555,4,11.115453473517555,1,0,0,anti_homophones
10048,wen2shi2,8,-5.623943484634221,2,5.623943484634221,1,0,3,anti_homophones
10049,hO4chI2bu4an4,13,-11.550542979859838,4,11.550542979859838,1,0,0,anti_homophones
10050,yu2lO4,6,-5.811682109817289,2,5.811682109817289,1,0,2,anti_homophones
10051,bQ3wu3si3er2,12,-11.307311899382851,4,11.307311899382851,1,0,0,anti_homophones
10052,xW3jM3,6,-5.217607333121881,2,5.217607333121881,1,1,5,anti_homophones
10053,jin3li4,7,-5.647215795233848,2,5.647215795233848,1,0,6,anti_homophones
10054,shi4shV3kQ4shen1,16,-11.609741456817124,4,11.609741456817124,1,0,0,anti_homophones
10055,zhi3zhen4,9,-6.331740079524843,2,6.331740079524843,1,0,2,anti_homophones
10056,wE4lang3dLn4,12,-9.587909357647563,3,9.587909357647563,1,0,0,anti_homophones
10057,xM2e4er2,8,-6.63319901196883,3,6.63319901196883,1,0,1,anti_homophones
10058,fu4shi2ye4,10,-7.181477987501889,3,7.181477987501889,1,0,0,anti_homophones
10059,ke1pA2,6,-6.2412033655180155,2,6.2412033655180155,1,0,0,anti_homophones
10060,jM4xi1,6,-5.945840883585297,2,5.945840883585297,1,0,1,anti_homophones
10061,zi1dLn3,7,-6.310062738832692,2,6.310062738832692,1,0,3,anti_homophones
10062,hI2shO4,7,-6.690883445660057,2,6.690883445660057,1,0,1,anti_homophones
10063,xLng1zhQ4fen1qi4,16,-11.591167010354967,4,11.591167010354967,1,0,0,anti_homophones
10064,bo1chang3,9,-6.592329617544244,2,6.592329617544244,1,0,0,anti_homophones
10065,ke3wu4,6,-5.295549357561096,2,5.295549357561096,1,0,3,anti_homophones
10066,he4cA2zi5,9,-8.296733304911905,3,8.296733304911905,1,0,0,anti_homophones
10067,zong1qin3dong4,14,-10.776383652675033,3,10.776383652675033,1,0,0,anti_homophones
10068,AM3bing2,8,-12.489093185626883,3,12.489093185626883,1,0,0,anti_homophones
10069,chI2tV2,7,-5.20550653817247,2,5.20550653817247,1,0,2,anti_homophones
10070,xW3zhUn2fa4,11,-9.47427549870351,3,9.47427549870351,1,0,0,anti_homophones
10071,pan1ci3wu3se4,13,-12.63719416130198,4,12.63719416130198,1,0,0,anti_homophones
10072,xW3tan1,7,-5.806750079372312,2,5.806750079372312,1,0,2,anti_homophones
10073,shV1na4,7,-6.1371300292008,2,6.1371300292008,1,0,0,anti_homophones
10074,bA4zhang1qin3,13,-10.678085277050371,3,10.678085277050371,1,0,0,anti_homophones
10075,hI2da1,6,-7.076841460779324,2,7.076841460779324,1,0,1,anti_homophones
10076,bLn4lLn2beng2,13,-10.34865072599487,3,10.34865072599487,1,0,0,anti_homophones
10077,lu4pLn1wE4,10,-8.473301687159271,3,8.473301687159271,1,0,0,anti_homophones
10078,qUn2er5,7,-5.754327889833087,2,5.754327889833087,1,0,1,anti_homophones
10079,sheng3xLng1ji4bLn4,18,-12.245606411899926,4,12.245606411899926,1,0,0,anti_homophones
10080,qYng2ku1gUn3pLn4,16,-13.46427382608837,4,13.46427382608837,1,0,0,anti_homophones
10081,jLng4fu4,8,-6.276954693806533,2,6.276954693806533,1,0,3,anti_homophones
10082,yong1er5,8,-6.691230697711469,2,6.691230697711469,1,0,0,anti_homophones
10083,gUn1gong4tan2wan2,17,-12.379162590593584,4,12.379162590593584,1,0,0,anti_homophones
10084,qun2yUn4,8,-6.384438558483508,2,6.384438558483508,1,0,1,anti_homophones
10085,pi1ping2,8,-5.695898052720844,2,5.695898052720844,1,0,0,anti_homophones
10086,bA4jLn3,7,-5.927103291578051,2,5.927103291578051,1,1,0,anti_homophones
10087,hA3ji5,6,-7.151759284308585,2,7.151759284308585,1,0,2,anti_homophones
10088,hU2nLn3,7,-7.332071205703484,2,7.332071205703484,1,0,1,anti_homophones
10089,peng1dUn4jC2wu4,15,-12.095872571879802,4,12.095872571879802,1,0,0,anti_homophones
10090,lQ3xing1,8,-5.814792223135877,2,5.814792223135877,1,0,6,anti_homophones
10091,hO4gQ4zi5,9,-8.825388664583928,3,8.825388664583928,1,0,0,anti_homophones
10092,ji2xYng2,8,-5.941902590889895,2,5.941902590889895,1,1,1,anti_homophones
10093,dV3chang2,9,-6.913075886067303,2,6.913075886067303,1,0,1,anti_homophones
10094,pQ1gO4leng1qu4,14,-12.388953333624276,4,12.388953333624276,1,0,0,anti_homophones
10095,zu3nan2,7,-5.9940255167148395,2,5.9940255167148395,1,0,0,anti_homophones
10096,yan1gong4,9,-6.324286850555339,2,6.324286850555339,1,0,1,anti_homophones
10097,yV3zhi4,7,-5.323918011259936,2,5.323918011259936,1,1,6,anti_homophones
10098,pE4ce4ye4,9,-8.44797934361063,3,8.44797934361063,1,0,0,anti_homophones
10099,xLn4shu4,8,-5.5318283438463105,2,5.5318283438463105,1,0,5,anti_homophones
10100,lu4ka3,6,-5.870161679622881,2,5.870161679622881,1,0,3,anti_homophones
10101,hang1shu4xLng1xLn4,18,-11.926679211119634,4,11.926679211119634,1,0,0,anti_homophones
10102,yi4shi4zQ3,10,-8.18788172996717,3,8.18788172996717,1,0,0,anti_homophones
10103,hE1rO4,6,-5.703186262931013,2,5.703186262931013,1,0,2,anti_homophones
10104,wen4fen1,8,-6.609892349401645,2,6.609892349401645,1,0,0,anti_homophones
10105,e1nv3wE1,8,-8.771587069511817,3,8.771587069511817,1,0,0,anti_homophones
10106,ling2xun2dQ4,12,-9.033979276834897,3,9.033979276834897,1,0,0,anti_homophones
10107,mi2tV2,6,-5.7238034263989634,2,5.7238034263989634,1,0,6,anti_homophones
10108,wu2shO1hI4,10,-7.502252556462976,3,7.502252556462976,1,0,0,anti_homophones
10109,yang3yUn2,9,-5.821317873287211,2,5.821317873287211,1,0,1,anti_homophones
10110,ke3zhu4,7,-5.796667956374727,2,5.796667956374727,1,0,1,anti_homophones
10111,gUn1zhu3,8,-5.842762311844627,2,5.842762311844627,1,0,2,anti_homophones
10112,zhen1xun1,9,-7.093266054828594,2,7.093266054828594,1,0,1,anti_homophones
10113,gO4shi4,7,-4.994647817138104,2,4.994647817138104,1,0,6,anti_homophones
10114,chi3ping2,9,-6.992037463956647,2,6.992037463956647,1,0,1,anti_homophones
10115,nan2xUn3zi5,11,-8.37860545812942,3,8.37860545812942,1,0,0,anti_homophones
10116,tO1dUn4jing2tV2,15,-10.825625400820632,4,10.825625400820632,1,0,0,anti_homophones
10117,bQ3xLn1,7,-5.480834093869845,2,5.480834093869845,1,0,4,anti_homophones
10118,dW4zQ3peng2lu4,14,-12.421576521173819,4,12.421576521173819,1,0,0,anti_homophones
10119,ge2chu4yong1chu1,16,-13.10786341902777,4,13.10786341902777,1,0,0,anti_homophones
10120,su4xLn4bu4kV3,13,-9.891483132996623,4,9.891483132996623,1,0,0,anti_homophones
10121,song3qu4,8,-6.886059192831099,2,6.886059192831099,1,0,0,anti_homophones
10122,ju4yi3,6,-6.082774709859905,2,6.082774709859905,1,0,2,anti_homophones
10123,hun4shV3xLn1si4,15,-12.828820518944172,4,12.828820518944172,1,0,0,anti_homophones
10124,qLn2jing4,9,-5.74148809238488,2,5.74148809238488,1,0,4,anti_homophones
10125,yi1du2jL1cun2,13,-10.804592750147997,4,10.804592750147997,1,0,0,anti_homophones
10126,chQ2mLn2jL1zhe5,15,-13.542725846529352,4,13.542725846529352,1,0,0,anti_homophones
10127,zhi3mLn3dLn1jL4,15,-12.319516958811247,4,12.319516958811247,1,0,0,anti_homophones
10128,jing3da2,8,-6.678527804422886,2,6.678527804422886,1,0,1,anti_homophones
10129,yu2gO3tan4ying2,15,-12.347564860840544,4,12.347564860840544,1,0,0,anti_homophones
10130,an1gu3dan4,10,-8.70304475734626,3,8.70304475734626,1,0,0,anti_homophones
10131,zhO1lang2,9,-7.015601284433745,2,7.015601284433745,1,0,0,anti_homophones
10132,yang4kU3,8,-7.068318647269833,2,7.068318647269833,1,0,0,anti_homophones
10133,shUn2qing4,10,-6.978074824541401,2,6.978074824541401,1,0,0,anti_homophones
10134,chUn4cha2fa1qYng2,17,-14.619318439001342,4,14.619318439001342,1,0,0,anti_homophones
10135,du2jin4hV4,10,-8.177903785925405,3,8.177903785925405,1,0,0,anti_homophones
10136,chu2li3,7,-5.5301656426153,2,5.5301656426153,1,1,1,anti_homophones
10137,ji4hI4,6,-5.144382483672574,2,5.144382483672574,1,0,10,anti_homophones
10138,nan2tU1ling4,12,-12.025143945200092,3,12.025143945200092,1,0,0,anti_homophones
10139,jLn1dLn4,8,-5.5928894406749885,2,5.5928894406749885,1,0,4,anti_homophones
10140,tM3qing3,8,-6.209390384888801,2,6.209390384888801,1,0,2,anti_homophones
10141,ka1fa1cheng1,12,-8.055897365725574,3,8.055897365725574,1,0,0,anti_homophones
10142,qing2tan4,9,-6.236187021106014,2,6.236187021106014,1,0,2,anti_homophones
10143,bA3dO1,6,-6.916477768395011,2,6.916477768395011,1,0,1,anti_homophones
10144,fu4zheng4,9,-5.487221436210087,2,5.487221436210087,1,0,3,anti_homophones
10145,chun1se4,8,-6.05690345960246,2,6.05690345960246,1,0,1,anti_homophones
10146,shen1gO3zu3zhi4,15,-11.241514768129647,4,11.241514768129647,1,0,0,anti_homophones
10147,xun1qi2qC1,10,-10.872111296357275,3,10.872111296357275,1,0,0,anti_homophones
10148,fE4qi4,6,-5.035534531348159,2,5.035534531348159,1,0,6,anti_homophones
10149,bu3chQ1,7,-6.910870619782181,2,6.910870619782181,1,0,0,anti_homophones
10150,qi4qUn2,7,-6.089186490733083,2,6.089186490733083,1,0,4,anti_homophones
10151,wA4gQ4,6,-6.956094932334553,2,6.956094932334553,1,0,1,anti_homophones
10152,tV2sheng5che1,13,-10.522364870123766,3,10.522364870123766,1,0,0,anti_homophones
10153,zi4mu4,6,-5.322252586348955,2,5.322252586348955,1,1,14,anti_homophones
10154,shan4sheng4,11,-6.138215933324517,2,6.138215933324517,1,0,2,anti_homophones
10155,wE4qing1gong4,13,-9.575863856386633,3,9.575863856386633,1,0,0,anti_homophones
10156,men2gI3,7,-7.260512700897637,2,7.260512700897637,1,0,0,anti_homophones
10157,pLn2zhan4bQ3,12,-10.970989985096276,3,10.970989985096276,1,0,0,anti_homophones
10158,jM4zI3,6,-6.104738861738151,2,6.104738861738151,1,0,0,anti_homophones
10159,chQ1shV4ju2,11,-9.979334562624159,3,9.979334562624159,1,0,0,anti_homophones
10160,da4dI3,6,-7.076412350196792,2,7.076412350196792,1,0,3,anti_homophones
10161,dLn4shi2,8,-5.252973767055488,2,5.252973767055488,1,0,4,anti_homophones
10162,qin1jW3,7,-5.9658345806987585,2,5.9658345806987585,1,0,3,anti_homophones
10163,nE4chUng4,9,-6.697657434375012,2,6.697657434375012,1,0,0,anti_homophones
10164,chang1hU1,9,-6.319920353603513,2,6.319920353603513,1,0,3,anti_homophones
10165,ti2qi3chen4,11,-9.085756789653127,3,9.085756789653127,1,0,0,anti_homophones
10166,xW1du3gO4bang4,14,-12.91427554003431,4,12.91427554003431,1,0,0,anti_homophones
10167,ying1shi4,9,-5.469612210848949,2,5.469612210848949,1,0,4,anti_homophones
10168,na2xLn4,7,-6.405539118484932,2,6.405539118484932,1,0,3,anti_homophones
10169,zhong1mQ2du4,12,-8.564179058794169,3,8.564179058794169,1,0,0,anti_homophones
10170,kQ2jK3,6,-8.432064063223102,2,8.432064063223102,1,0,0,anti_homophones
10171,sheng1sO3,9,-6.182682399613767,2,6.182682399613767,1,0,0,anti_homophones
10172,ba3gUn1,7,-6.207446975852749,2,6.207446975852749,1,0,3,anti_homophones
10173,lin2jin4beng4jW1,16,-14.011660924435134,4,14.011660924435134,1,0,0,anti_homophones
10174,fa1dQ1da4yQ4,12,-10.979348559609477,4,10.979348559609477,1,0,0,anti_homophones
10175,yi1se4ma3lv4,12,-10.486373935042748,4,10.486373935042748,1,0,0,anti_homophones
10176,li3ma3,6,-6.204215069102288,2,6.204215069102288,1,0,2,anti_homophones
10177,mE2yi3shi4,10,-8.011698698895202,3,8.011698698895202,1,0,0,anti_homophones
10178,shP1dQ4tM3,10,-8.85168295012592,3,8.85168295012592,1,0,0,anti_homophones
10179,en1shV3,7,-6.237137084283159,2,6.237137084283159,1,0,2,anti_homophones
10180,rong4ke4,8,-6.832008153276243,2,6.832008153276243,1,0,0,anti_homophones
10181,tong1zhi2,9,-5.8317728474509,2,5.8317728474509,1,0,5,anti_homophones
10182,lLn3fa4,7,-6.7563517334979215,2,6.7563517334979215,1,0,1,anti_homophones
10183,xi3lO3,6,-7.9082802446745735,2,7.9082802446745735,1,0,1,anti_homophones
10184,du2yi2,6,-5.664521843424567,2,5.664521843424567,1,0,5,anti_homophones
10185,ci3tA1,6,-7.020445094919377,2,7.020445094919377,1,0,0,anti_homophones
10186,jLng1fen1bLn4,13,-9.019160852259974,3,9.019160852259974,1,0,0,anti_homophones
10187,dang4yu4gong4qUn2,17,-12.083462365554851,4,12.083462365554851,1,0,0,anti_homophones
10188,shV3shI3,8,-5.661941968597755,2,5.661941968597755,1,0,0,anti_homophones
10189,mu4cA2,6,-6.290089060013314,2,6.290089060013314,1,0,2,anti_homophones
10190,ying4ying2,10,-6.49339800892722,2,6.49339800892722,1,0,1,anti_homophones
10191,qing4hU4qi4chu1,15,-10.271696817818672,4,10.271696817818672,1,0,0,anti_homophones
10192,zO2ya2,6,-6.39001606555736,2,6.39001606555736,1,0,1,anti_homophones
10193,xi4nLn2,7,-5.6150201476335475,2,5.6150201476335475,1,0,5,anti_homophones
10194,xW1ren2,7,-5.965590222272061,2,5.965590222272061,1,0,6,anti_homophones
10195,pa2sun1,7,-6.8920970535566415,2,6.8920970535566415,1,0,0,anti_homophones
10196,shUng2jL4,9,-6.80354307143333,2,6.80354307143333,1,0,1,anti_homophones
10197,bA4shen1shen2chu3,17,-13.124182202482464,4,13.124182202482464,1,0,0,anti_homophones
10198,jLn1wu1,7,-6.228721873045829,2,6.228721873045829,1,0,2,anti_homophones
10199,gV3xin1,7,-6.041333463485082,2,6.041333463485082,1,0,3,anti_homophones
10200,bA3tu4mQ2bu4,12,-12.008161166600315,4,12.008161166600315,1,0,0,anti_homophones
10201,ying2fu3,8,-6.352067447826111,2,6.352067447826111,1,0,3,anti_homophones
10202,lu4zV3xC2,9,-9.649883612654337,3,9.649883612654337,1,0,0,anti_homophones
10203,cI1hI4,6,-5.269419101940313,2,5.269419101940313,1,1,2,anti_homophones
10204,hQ3yang2xing4,13,-8.556263308974778,3,8.556263308974778,1,0,0,anti_homophones
10205,sheng1mi2men4lLng2,18,-12.837760665364392,4,12.837760665364392,1,0,0,anti_homophones
10206,dV3pang3kV3,11,-9.374048537796149,3,9.374048537796149,1,0,0,anti_homophones
10207,cV4ji1yV3,9,-9.16585971928117,3,9.16585971928117,1,0,0,anti_homophones
10208,ci3bang1,8,-7.626145058580071,2,7.626145058580071,1,0,1,anti_homophones
10209,ren2dA4,7,-5.486991950352216,2,5.486991950352216,1,1,1,anti_homophones
10210,xun2lM4,7,-6.067131893687543,2,6.067131893687543,1,0,0,anti_homophones
10211,chu1cha2yUn3ran3,16,-11.575272594951059,4,11.575272594951059,1,0,0,anti_homophones
10212,yV3zhi3gUn1de5,14,-11.425382136226395,4,11.425382136226395,1,0,0,anti_homophones
10213,zong1bi3ru2cing1,16,-13.965573276087731,4,13.965573276087731,1,0,0,anti_homophones
10214,ju1lB4zhi4,10,-8.5620920664407,3,8.5620920664407,1,0,0,anti_homophones
10215,hu4dQ4,6,-6.136643428787119,2,6.136643428787119,1,0,8,anti_homophones
10216,bQ3mu4,6,-5.492316159851499,2,5.492316159851499,1,0,9,anti_homophones
10217,cO4dang4wE2,11,-10.123561824554693,3,10.123561824554693,1,0,0,anti_homophones
10218,ding1qLng1hong2,15,-10.306779105529154,3,10.306779105529154,1,0,0,anti_homophones
10219,yi1kV3shen4gU1,14,-12.264872395833237,4,12.264872395833237,1,0,0,anti_homophones
10220,cheng1shI3yi2,13,-9.176040135135556,3,9.176040135135556,1,0,0,anti_homophones
10221,mi2ni4wE4,9,-8.591670896364203,3,8.591670896364203,1,0,0,anti_homophones
10222,ke4wE4,6,-5.637564927142551,2,5.637564927142551,1,0,6,anti_homophones
10223,nv3jLn4,7,-5.538005286138539,2,5.538005286138539,1,0,1,anti_homophones
10224,ying2yC4,8,-6.213075712251645,2,6.213075712251645,1,0,3,anti_homophones
10225,gong3jin1,9,-6.256331369325468,2,6.256331369325468,1,0,2,anti_homophones
10226,bu4li4,6,-4.473852654140546,2,4.473852654140546,1,2,16,anti_homophones
10227,du2li2tUn2,10,-7.935588418371361,3,7.935588418371361,1,0,0,anti_homophones
10228,bo1lQ2ming3,11,-9.316073002033182,3,9.316073002033182,1,0,0,anti_homophones
10229,sheng4zhen3,11,-6.799647830377277,2,6.799647830377277,1,0,0,anti_homophones
10230,yu2shi4,7,-5.3340742598570685,2,5.3340742598570685,1,2,6,anti_homophones
10231,zhun2bing3,10,-8.091226829196042,2,8.091226829196042,1,0,0,anti_homophones
10232,fu3xM2jin3,10,-10.227510193914828,3,10.227510193914828,1,0,0,anti_homophones
10233,hV2hUng1ji2,11,-9.603211525724152,3,9.603211525724152,1,0,0,anti_homophones
10234,hu2bi4dQ4,9,-8.719437402641988,3,8.719437402641988,1,0,0,anti_homophones
10235,zhong3qi4,9,-5.574372995857696,2,5.574372995857696,1,0,3,anti_homophones
10236,sQ1ran2sO3sheng2,16,-11.720319644148182,4,11.720319644148182,1,0,0,anti_homophones
10237,tu2lE4,6,-5.890234819583108,2,5.890234819583108,1,0,4,anti_homophones
10238,zhUn3yi4fen4,12,-9.032709452613778,3,9.032709452613778,1,0,0,anti_homophones
10239,ding2zhi1chi1ke4,16,-12.239460313706363,4,12.239460313706363,1,0,0,anti_homophones
10240,feng4wE4fu5,11,-9.997756301191213,3,9.997756301191213,1,0,0,anti_homophones
10241,yUn2cheng4ge2,13,-9.555181987608014,3,9.555181987608014,1,0,0,anti_homophones
10242,xW3ding2,8,-6.070960668899755,2,6.070960668899755,1,0,3,anti_homophones
10243,ping3yUn2shi1hun3,17,-12.992001332928337,4,12.992001332928337,1,0,0,anti_homophones
10244,ku1shV3yu3,10,-8.291596124309716,3,8.291596124309716,1,0,0,anti_homophones
10245,shang2ban1,10,-6.298398552122326,2,6.298398552122326,1,0,1,anti_homophones
10246,mQ4da2,6,-6.755745633677987,2,6.755745633677987,1,0,0,anti_homophones
10247,hU4zhi1,7,-5.8671670604931005,2,5.8671670604931005,1,0,1,anti_homophones
10248,hu3yu3,6,-5.948206972110669,2,5.948206972110669,1,0,6,anti_homophones
10249,tV1dV4chen1chong4,17,-12.493771337151582,4,12.493771337151582,1,0,0,anti_homophones
10250,fu4lLn2,7,-5.8833640731152785,2,5.8833640731152785,1,0,4,anti_homophones
10251,wa1ji4,6,-6.064486496809837,2,6.064486496809837,1,0,6,anti_homophones
10252,we4chun4lM4,11,-12.229751068846646,3,12.229751068846646,1,0,0,anti_homophones
10253,fE4zhi4xing2tV5,15,-11.511012780354926,4,11.511012780354926,1,0,0,anti_homophones
10254,hUn1rQ3mo2,10,-9.994649273066003,3,9.994649273066003,1,0,0,anti_homophones
10255,yQ4shi3ta3shi4,14,-12.080097118282824,4,12.080097118282824,1,0,0,anti_homophones
10256,da3gUn3hO4ru2,13,-11.597936246792656,4,11.597936246792656,1,0,0,anti_homophones
10257,fE4se4,6,-6.131474707573931,2,6.131474707573931,1,0,4,anti_homophones
10258,fan4he2,7,-5.92670959615866,2,5.92670959615866,1,0,1,anti_homophones
10259,feng1yu3dQ4,11,-8.22838939580406,3,8.22838939580406,1,0,0,anti_homophones
10260,tan2ren2kV3,11,-8.698619058389939,3,8.698619058389939,1,0,0,anti_homophones
10261,si1xLn1,7,-6.149013969142074,2,6.149013969142074,1,0,1,anti_homophones
10262,gP1gUn4,7,-7.191232882171471,2,7.191232882171471,1,0,0,anti_homophones
10263,qW2jM1,6,-6.358382981204349,2,6.358382981204349,1,0,2,anti_homophones
10264,kA1hO4ju4,9,-9.015669012226592,3,9.015669012226592,1,0,0,anti_homophones
10265,yV4yan1qC1,10,-10.360825192036826,3,10.360825192036826,1,0,0,anti_homophones
10266,ge1qLng4,8,-6.147629820116717,2,6.147629820116717,1,0,0,anti_homophones
10267,jW4qi4ma2,9,-9.923421398281913,3,9.923421398281913,1,0,0,anti_homophones
10268,lu4li2,6,-6.507323014089916,2,6.507323014089916,1,0,1,anti_homophones
10269,cO4a1,5,-6.071694808548442,2,6.071694808548442,1,0,0,anti_homophones
10270,yun4wE4jLn1zhi3,15,-11.205243481242775,4,11.205243481242775,1,0,0,anti_homophones
10271,yUn2qing1bing1,14,-9.275844262461083,3,9.275844262461083,1,0,0,anti_homophones
10272,zhi3bQ3chang4ji1,16,-12.22601862600564,4,12.22601862600564,1,0,0,anti_homophones
10273,sang3gUn1,9,-6.990812510709777,2,6.990812510709777,1,0,0,anti_homophones
10274,qLng4jin4,9,-6.151514913890554,2,6.151514913890554,1,0,1,anti_homophones
10275,gong2se4,8,-5.212302619985299,2,5.212302619985299,1,0,6,anti_homophones
10276,bLn4jing4,9,-5.983295188441155,2,5.983295188441155,1,0,2,anti_homophones
10277,zi4qUn4,7,-6.331915786006212,2,6.331915786006212,1,0,2,anti_homophones
10278,yi1chu1kan4gE3,14,-12.455831690409527,4,12.455831690409527,1,0,0,anti_homophones
10279,zheng1er2,9,-5.653865324562412,2,5.653865324562412,1,0,1,anti_homophones
10280,po1la4ya1,9,-9.737056302190735,3,9.737056302190735,1,0,0,anti_homophones
10281,bo1zhUn4,8,-6.5301958457003355,2,6.5301958457003355,1,0,0,anti_homophones
10282,tO1er2lA2,9,-6.869893258501313,3,6.869893258501313,1,0,0,anti_homophones
10283,leng1ji1qK2zhe5,15,-12.241944541256663,4,12.241944541256663,1,0,0,anti_homophones
10284,zQ4zhi4ju2,10,-8.329915291515379,3,8.329915291515379,1,0,0,anti_homophones
10285,kQ4lUn3zi5,10,-9.26916668822163,3,9.26916668822163,1,0,0,anti_homophones
10286,zhi1ji5,7,-6.412982378572387,2,6.412982378572387,1,1,5,anti_homophones
10287,gUn1cha1,8,-6.125110560035637,2,6.125110560035637,1,0,1,anti_homophones
10288,shV3yu2,7,-5.272730609141249,2,5.272730609141249,1,1,5,anti_homophones
10289,shi2tong4zO4ru2,15,-12.97343567631806,4,12.97343567631806,1,0,0,anti_homophones
10290,xL4ren4jin1,11,-8.671366301096143,3,8.671366301096143,1,0,0,anti_homophones
10291,lQ3gI4,6,-5.699289724599584,2,5.699289724599584,1,0,2,anti_homophones
10292,xW1shV3,7,-5.12976421773031,2,5.12976421773031,1,2,7,anti_homophones
10293,jK3dLn4,7,-5.120304353052214,2,5.120304353052214,1,1,3,anti_homophones
10294,chong4hU4,9,-5.666980531411543,2,5.666980531411543,1,1,1,anti_homophones
10295,tW2tW3dQ3,9,-9.169682510397484,3,9.169682510397484,1,0,0,anti_homophones
10296,yan3ye2ming1qi1,15,-11.922420838832778,4,11.922420838832778,1,0,0,anti_homophones
10297,zhUn3dLn3yu2,12,-9.145551749862479,3,9.145551749862479,1,0,0,anti_homophones
10298,zhi1dLn4,8,-5.0703404449038,2,5.0703404449038,1,0,7,anti_homophones
10299,si1hu1mE4,9,-9.005829593300328,3,9.005829593300328,1,0,0,anti_homophones
10300,ge1wE1,6,-5.996217340210775,2,5.996217340210775,1,0,2,anti_homophones
10301,lQ3ji4,6,-5.305872376572356,2,5.305872376572356,1,0,8,anti_homophones
10302,sheng1cun4,10,-6.414097731944019,2,6.414097731944019,1,1,0,anti_homophones
10303,A4he4,5,-6.358506268963376,2,6.358506268963376,1,0,6,anti_homophones
10304,gu4hQ3yan4,10,-9.74649522312272,3,9.74649522312272,1,0,0,anti_homophones
10305,xLn4zA4jL1dan1,14,-11.413951148046799,4,11.413951148046799,1,0,0,anti_homophones
10306,chun3chong2ji4,14,-10.590632930815024,3,10.590632930815024,1,0,0,anti_homophones
10307,song4fu3,8,-6.64239662287559,2,6.64239662287559,1,0,0,anti_homophones
10308,shi4wE4yV2,10,-7.992701669588817,3,7.992701669588817,1,0,0,anti_homophones
10309,mang2shi1ju4,12,-9.257815119053049,3,9.257815119053049,1,0,0,anti_homophones
10310,bi4hU1,6,-5.728191191893505,2,5.728191191893505,1,0,2,anti_homophones
10311,wan4zhi4,8,-5.830278102919619,2,5.830278102919619,1,1,1,anti_homophones
10312,zhi4fu2,7,-5.694750294561211,2,5.694750294561211,1,0,4,anti_homophones
10313,tong1qu4dLn4lLng4,17,-12.156008199247571,4,12.156008199247571,1,0,0,anti_homophones
10314,xing1long1,10,-6.368040355038127,2,6.368040355038127,1,0,0,anti_homophones
10315,dI4dLn4,7,-5.723735130152303,2,5.723735130152303,1,0,4,anti_homophones
10316,hI2lM4,6,-6.560014324586444,2,6.560014324586444,1,0,3,anti_homophones
10317,fa3gong4rong4jun1,17,-12.886389216266187,4,12.886389216266187,1,0,0,anti_homophones
10318,ling1jing4hV4,13,-9.586518805326621,3,9.586518805326621,1,0,0,anti_homophones
10319,bu4fa4,6,-6.041927337509666,2,6.041927337509666,1,0,3,anti_homophones
10320,zhen2chen3zhe3,14,-10.117807314871348,3,10.117807314871348,1,0,0,anti_homophones
10321,nW4ban1cheng2hA2,16,-12.824672361374294,4,12.824672361374294,1,0,0,anti_homophones
10322,e2mQ4,5,-5.705630926450158,2,5.705630926450158,1,1,2,anti_homophones
10323,hI4lv4,6,-5.4942395654273,2,5.4942395654273,1,1,2,anti_homophones
10324,sun3zhi2kUng2,13,-11.18911009661316,3,11.18911009661316,1,0,0,anti_homophones
10325,ming1ti2,8,-6.781256010343491,2,6.781256010343491,1,0,1,anti_homophones
10326,xM2dong4ping1,13,-9.493546044979443,3,9.493546044979443,1,0,0,anti_homophones
10327,lK2dang4,8,-6.028834463970085,2,6.028834463970085,1,0,2,anti_homophones
10328,di3xi4,6,-5.733665919508146,2,5.733665919508146,1,0,6,anti_homophones
10329,fu3A2,5,-5.829507648639605,2,5.829507648639605,1,0,2,anti_homophones
10330,qun2fE1e2,9,-8.64247736819033,3,8.64247736819033,1,0,0,anti_homophones
10331,pA2wu1hu1hV4,12,-10.632066354626168,4,10.632066354626168,1,0,0,anti_homophones
10332,chUng1ding2ye4kP4,17,-12.16095859385179,4,12.16095859385179,1,0,0,anti_homophones
10333,zQ1ge1,6,-6.215600288919796,2,6.215600288919796,1,1,2,anti_homophones
10334,qW3rV4zi3xu4,12,-11.900961506020202,4,11.900961506020202,1,0,0,anti_homophones
10335,qing2he2xLng4,13,-8.760010745464008,3,8.760010745464008,1,0,0,anti_homophones
10336,shV3zhi2,8,-5.543140233217148,2,5.543140233217148,1,0,3,anti_homophones
10337,zhA2zhe5,8,-7.054563473255571,2,7.054563473255571,1,0,0,anti_homophones
10338,ju2xin4hUn4,11,-10.291860044579616,3,10.291860044579616,1,0,0,anti_homophones
10339,fo2ji4,6,-5.822121453058027,2,5.822121453058027,1,0,1,anti_homophones
10340,ying3chQ1qi4,12,-9.238025005477803,3,9.238025005477803,1,0,0,anti_homophones
10341,hO4dQ1,6,-6.512752717542828,2,6.512752717542828,1,0,4,anti_homophones
10342,ning4si3,8,-7.277120568174595,2,7.277120568174595,1,0,0,anti_homophones
10343,ba1lan2,7,-5.941749417450156,2,5.941749417450156,1,0,2,anti_homophones
10344,gu4qLng1lu5,11,-10.16736752745463,3,10.16736752745463,1,0,0,anti_homophones
10345,shan1qin1gun3jing3,18,-13.65623615482096,4,13.65623615482096,1,0,0,anti_homophones
10346,ji1zhe3qi4,10,-7.824499603905465,3,7.824499603905465,1,0,0,anti_homophones
10347,da1hUn3,7,-6.7451008564493335,2,6.7451008564493335,1,0,0,anti_homophones
10348,zhi2shu3jC2,11,-8.852680902847911,3,8.852680902847911,1,0,0,anti_homophones
10349,xi3xLng4tan1gong4,17,-12.621508286127135,4,12.621508286127135,1,0,0,anti_homophones
10350,yi3qing2dQ4,11,-8.415864868549587,3,8.415864868549587,1,0,0,anti_homophones
10351,wA4zi5,6,-4.774621358439401,2,4.774621358439401,1,1,8,anti_homophones
10352,hI2gI1yu4,9,-7.48501020481207,3,7.48501020481207,1,0,0,anti_homophones
10353,lan4wu3,7,-7.144036403427895,2,7.144036403427895,1,0,0,anti_homophones
10354,ming1da3chi2xLn2,16,-12.442969570982175,4,12.442969570982175,1,0,0,anti_homophones
10355,jLn1ren2xing2A2,15,-10.640134517966583,4,10.640134517966583,1,0,0,anti_homophones
10356,ka1fan4zhong5sI4,16,-12.572225358119956,4,12.572225358119956,1,0,0,anti_homophones
10357,da3jW4,6,-5.314554101386434,2,5.314554101386434,1,0,4,anti_homophones
10358,shan4lu4,8,-5.760407424044038,2,5.760407424044038,1,0,2,anti_homophones
10359,yi2chi2,7,-6.23223995460571,2,6.23223995460571,1,0,1,anti_homophones
10360,chu2tu3,7,-5.751935069636723,2,5.751935069636723,1,0,4,anti_homophones
10361,pLn4fang1,9,-6.7870702142162065,2,6.7870702142162065,1,0,0,anti_homophones
10362,fa1jin4,7,-5.624848747201619,2,5.624848747201619,1,0,2,anti_homophones
10363,xC3gong4qUn3,12,-10.858581637106447,3,10.858581637106447,1,0,0,anti_homophones
10364,yan2bi3,7,-5.8403898515337955,2,5.8403898515337955,1,0,2,anti_homophones
10365,shI3pi1du4,10,-8.62487787526524,3,8.62487787526524,1,0,0,anti_homophones
10366,mW2tV2zhA1,10,-9.802832038056367,3,9.802832038056367,1,0,0,anti_homophones
10367,du4gO3,6,-7.3876227454859364,2,7.3876227454859364,1,0,0,anti_homophones
10368,sheng2tV2jin1,13,-8.451806182818395,3,8.451806182818395,1,0,0,anti_homophones
10369,yQ4xLn4yV3xW4,13,-10.803456364423043,4,10.803456364423043,1,0,0,anti_homophones
10370,kO4ye4,6,-5.581250844719789,2,5.581250844719789,1,1,3,anti_homophones
10371,ang3che1,8,-7.370727359674244,2,7.370727359674244,1,0,2,anti_homophones
10372,men2rong1,9,-7.261372982391121,2,7.261372982391121,1,0,0,anti_homophones
10373,mLn4tLn1,8,-6.056005725629211,2,6.056005725629211,1,0,1,anti_homophones
10374,fE1yan1,7,-5.955339501742898,2,5.955339501742898,1,1,4,anti_homophones
10375,zheng1tu1po4,12,-8.315245828600915,3,8.315245828600915,1,0,0,anti_homophones
10376,hong2bW1hQ3,11,-10.271940449828463,3,10.271940449828463,1,0,0,anti_homophones
10377,xK1ye4,6,-5.197846888239193,2,5.197846888239193,1,1,7,anti_homophones
10378,hE1re4hU4xLn2,13,-11.569611989210852,4,11.569611989210852,1,0,0,anti_homophones
10379,bA2jC2yi3,9,-8.837113688182317,3,8.837113688182317,1,0,0,anti_homophones
10380,sheng1sO1he2,12,-9.213912840405154,3,9.213912840405154,1,0,0,anti_homophones
10381,kA3gO4,6,-7.4031621870064725,2,7.4031621870064725,1,0,0,anti_homophones
10382,tan3che1,8,-6.447387497060606,2,6.447387497060606,1,0,1,anti_homophones
10383,gu1lan3,7,-6.206436147743086,2,6.206436147743086,1,0,0,anti_homophones
10384,e4bu4,5,-5.590071820288435,2,5.590071820288435,1,0,3,anti_homophones
10385,wu3di2dan4shi4,14,-10.997149333024195,4,10.997149333024195,1,0,0,anti_homophones
10386,yi1zhu4shu4,11,-7.742163612329984,3,7.742163612329984,1,0,0,anti_homophones
10387,xL4ji1,6,-5.275314310562387,2,5.275314310562387,1,1,4,anti_homophones
10388,yu4dW4dA4,9,-8.286361806183836,3,8.286361806183836,1,0,0,anti_homophones
10389,gu3cheng1fa3,12,-8.94839632382297,3,8.94839632382297,1,0,0,anti_homophones
10390,shi4ling2bing1gUn3,18,-12.153447808879047,4,12.153447808879047,1,0,0,anti_homophones
10391,tu2ji1zi5,9,-7.846799055885686,3,7.846799055885686,1,0,0,anti_homophones
10392,sang2hong2cheng4yan4,20,-14.05854682594467,4,14.05854682594467,1,0,0,anti_homophones
10393,zhi1qi2bM2ji2,13,-10.772641243793641,4,10.772641243793641,1,0,0,anti_homophones
10394,an1xi1bo2,9,-8.77892828186482,3,8.77892828186482,1,0,0,anti_homophones
10395,xK1bu4ke3ge1,12,-9.831247089563593,4,9.831247089563593,1,0,0,anti_homophones
10396,rong4gO1,8,-7.745350379525826,2,7.745350379525826,1,0,0,anti_homophones
10397,dong1shi1hU1lLng1,17,-12.204713018268516,4,12.204713018268516,1,0,0,anti_homophones
10398,bu4dong1,8,-5.105852371334169,2,5.105852371334169,1,0,6,anti_homophones
10399,lLng1chong2,11,-7.0083396829934,2,7.0083396829934,1,0,0,anti_homophones
10400,zhUng1shu4,10,-5.836910991810798,2,5.836910991810798,1,0,2,anti_homophones
10401,jL3a4dang3gUn4,14,-12.681034505487805,4,12.681034505487805,1,0,0,anti_homophones
10402,shV1qLn2xin1,12,-8.620347106433348,3,8.620347106433348,1,0,0,anti_homophones
10403,mQ2feng1ji4,11,-8.688901765111032,3,8.688901765111032,1,0,0,anti_homophones
10404,jLn4er2ya3e4,12,-14.080384657012326,4,14.080384657012326,1,0,0,anti_homophones
10405,e4mLn4,6,-5.302437563109804,2,5.302437563109804,1,0,3,anti_homophones
10406,qM1hO4,6,-6.05482859040109,2,6.05482859040109,1,0,0,anti_homophones
10407,shen1hong2,10,-6.605282101981442,2,6.605282101981442,1,0,1,anti_homophones
10408,gUn3ran2ming2qi4,16,-10.677128730022236,4,10.677128730022236,1,0,0,anti_homophones
10409,zhu2li2kV3,10,-9.18420504837387,3,9.18420504837387,1,0,0,anti_homophones
10410,fE1hU4,6,-5.712122363036427,2,5.712122363036427,1,0,1,anti_homophones
10411,lLn4ji1,7,-5.864700041035076,2,5.864700041035076,1,0,4,anti_homophones
10412,pa3fa4gong4,11,-11.519150406338808,3,11.519150406338808,1,0,0,anti_homophones
10413,shan4chV2,9,-6.671668668791798,2,6.671668668791798,1,0,0,anti_homophones
10414,da4hong1,8,-5.195387154459558,2,5.195387154459558,1,1,4,anti_homophones
10415,jM3nW3,6,-5.40816316600817,2,5.40816316600817,1,0,1,anti_homophones
10416,tong1shI3,9,-5.800034926197444,2,5.800034926197444,1,0,1,anti_homophones
10417,shang2dLn4,10,-5.909809199106331,2,5.909809199106331,1,0,2,anti_homophones
10418,dQ4xLn4,7,-5.693300761792288,2,5.693300761792288,1,0,5,anti_homophones
10419,pE2yu2,6,-5.6208223971711435,2,5.6208223971711435,1,1,2,anti_homophones
10420,min2zheng1shen2jLn1,19,-12.149396502524143,4,12.149396502524143,1,0,0,anti_homophones
10421,yQ4xW3tV5,9,-8.76486959855333,3,8.76486959855333,1,0,0,anti_homophones
10422,fang2yUn2,9,-5.540430042095497,2,5.540430042095497,1,0,2,anti_homophones
10423,jin1ling2pA2li2,15,-12.103155378350705,4,12.103155378350705,1,0,0,anti_homophones
10424,ju4li4,6,-5.036529047058504,2,5.036529047058504,1,0,9,anti_homophones
10425,ming1zi3,8,-6.094917545821507,2,6.094917545821507,1,0,3,anti_homophones
10426,lun2zhi1ding1,13,-9.25528128710974,3,9.25528128710974,1,0,0,anti_homophones
10427,lu4xC4tan2zhi1,14,-11.874680397110994,4,11.874680397110994,1,0,0,anti_homophones
10428,yi4xi4,6,-5.919349874700473,2,5.919349874700473,1,0,9,anti_homophones
10429,gong1ke1xC2yu3,14,-10.249492639650228,4,10.249492639650228,1,0,0,anti_homophones
10430,pin3ji1,7,-5.481164552729433,2,5.481164552729433,1,0,2,anti_homophones
10431,chi1na4,7,-6.748563927855322,2,6.748563927855322,1,0,0,anti_homophones
10432,kang3xLng3,10,-7.2195001660084515,2,7.2195001660084515,1,0,0,anti_homophones
10433,zhi2deng1cheng4dan3,19,-12.99409309853349,4,12.99409309853349,1,0,0,anti_homophones
10434,yi1tI3,6,-5.481958355674484,2,5.481958355674484,1,0,4,anti_homophones
10435,zi3li4gan3,10,-9.196535096742323,3,9.196535096742323,1,0,0,anti_homophones
10436,yan1ci2hu4,10,-9.404985832967972,3,9.404985832967972,1,0,0,anti_homophones
10437,lM4xi1,6,-6.198998930660041,2,6.198998930660041,1,0,2,anti_homophones
10438,ying2de5hang4,13,-10.17314304550718,3,10.17314304550718,1,0,0,anti_homophones
10439,wA4shi4yi4,10,-7.453395971968871,3,7.453395971968871,1,0,0,anti_homophones
10440,jing2rV4pin3,12,-8.65382947223912,3,8.65382947223912,1,0,0,anti_homophones
10441,chA1yV2yu3,10,-8.542883811947627,3,8.542883811947627,1,0,0,anti_homophones
10442,li4pW4,6,-6.4156906666437825,2,6.4156906666437825,1,0,2,anti_homophones
10443,shi4bE4,7,-5.590015494242877,2,5.590015494242877,1,0,3,anti_homophones
10444,yUn1ti3,7,-6.71224154479955,2,6.71224154479955,1,0,1,anti_homophones
10445,jC2zhong2shi3,13,-9.263737567888532,3,9.263737567888532,1,0,0,anti_homophones
10446,dA1hP2,6,-6.400495924280887,2,6.400495924280887,1,0,1,anti_homophones
10447,zhan4bLn4hI2,12,-9.966018151138327,3,9.966018151138327,1,0,0,anti_homophones
10448,xLng1dLn4,9,-5.652846844552441,2,5.652846844552441,1,0,2,anti_homophones
10449,dLn3jLn3chi2ta3,15,-12.624096958499019,4,12.624096958499019,1,0,0,anti_homophones
10450,lv3xi4,6,-5.263417161366574,2,5.263417161366574,1,0,3,anti_homophones
10451,chUn1bW3,8,-7.163983424945773,2,7.163983424945773,1,0,0,anti_homophones
10452,cu1mQ4,6,-6.600365059610478,2,6.600365059610478,1,0,2,anti_homophones
10453,dong2ren2,9,-5.513695438290075,2,5.513695438290075,1,0,9,anti_homophones
10454,yi1chong4,9,-5.848662298324431,2,5.848662298324431,1,0,3,anti_homophones
10455,pA2cA4,6,-5.497677702102419,2,5.497677702102419,1,0,1,anti_homophones
10456,dUn4e2,6,-6.394337442728213,2,6.394337442728213,1,0,1,anti_homophones
10457,yi1ren2gong2,12,-8.14016692986001,3,8.14016692986001,1,0,0,anti_homophones
10458,pi1tang1ye4,11,-9.02884372566895,3,9.02884372566895,1,0,0,anti_homophones
10459,qLn2wE2,7,-5.918774700372513,2,5.918774700372513,1,0,1,anti_homophones
10460,tO1xi1cA4,9,-9.617816841087357,3,9.617816841087357,1,0,0,anti_homophones
10461,kQ3chUng4,9,-6.859428985941685,2,6.859428985941685,1,0,0,anti_homophones
10462,she4shi1di2,11,-9.072457351854588,3,9.072457351854588,1,0,0,anti_homophones
10463,mo4ye4wu4,9,-8.635551175624402,3,8.635551175624402,1,0,0,anti_homophones
10464,lQ2ji1sO3yQ4,12,-10.584502111849215,4,10.584502111849215,1,0,0,anti_homophones
10465,fang3ru4,8,-6.107913765636203,2,6.107913765636203,1,0,3,anti_homophones
10466,shi4yUn4,8,-5.274599343903869,2,5.274599343903869,1,1,3,anti_homophones
10467,zhQ4nA4,7,-7.239370520741776,2,7.239370520741776,1,0,4,anti_homophones
10468,qin1jLn4,8,-5.796115963819943,2,5.796115963819943,1,0,2,anti_homophones
10469,zhV1qu1,7,-5.706642533343575,2,5.706642533343575,1,0,1,anti_homophones
10470,si4yUn3,7,-6.178676887680554,2,6.178676887680554,1,0,1,anti_homophones
10471,lA2yan3,7,-6.044242920061935,2,6.044242920061935,1,0,2,anti_homophones
10472,cang2zu2,8,-6.711609966770695,2,6.711609966770695,1,0,0,anti_homophones
10473,hang2shi2,9,-5.986773213732619,2,5.986773213732619,1,0,2,anti_homophones
10474,cheng4ji2yong2,14,-9.366733983875607,3,9.366733983875607,1,0,0,anti_homophones
10475,di4wen2,7,-5.7468171279873665,2,5.7468171279873665,1,2,2,anti_homophones
10476,sheng1da3dI4che1,16,-11.262527742951862,4,11.262527742951862,1,0,0,anti_homophones
10477,deng1lu4,8,-5.991334338753601,2,5.991334338753601,1,0,4,anti_homophones
10478,dA4bLn4,7,-5.893200149788702,2,5.893200149788702,1,0,3,anti_homophones
10479,gu1zV3,6,-6.590281363551776,2,6.590281363551776,1,0,2,anti_homophones
10480,zhu4me5,7,-6.694362602700661,2,6.694362602700661,1,0,0,anti_homophones
10481,chen2xin4,9,-6.51426349838736,2,6.51426349838736,1,0,0,anti_homophones
10482,jM2rO4kUng1,11,-9.455310425196684,3,9.455310425196684,1,0,0,anti_homophones
10483,yi2pi4yun4er5,13,-13.128071911670078,4,13.128071911670078,1,0,0,anti_homophones
10484,pA2tV5,6,-5.63820439827526,2,5.63820439827526,1,1,1,anti_homophones
10485,shI3tan1gen1hI4,15,-12.021821687123916,4,12.021821687123916,1,0,0,anti_homophones
10486,lin2zhO1,8,-6.603105292308424,2,6.603105292308424,1,0,1,anti_homophones
10487,ji4nW3,6,-5.4441987884059095,2,5.4441987884059095,1,0,2,anti_homophones
10488,a1bu4,5,-6.022787941831687,2,6.022787941831687,1,0,2,anti_homophones
10489,zhUng2hUng1nen4,15,-10.40595405272703,3,10.40595405272703,1,0,0,anti_homophones
10490,du2shi4er3dQ4,13,-10.127693721921984,4,10.127693721921984,1,0,0,anti_homophones
10491,yQ4yi4shen2zi3,14,-11.22633862591467,4,11.22633862591467,1,0,0,anti_homophones
10492,tI4xLng4mLn4zi5,15,-10.553422901456686,4,10.553422901456686,1,0,0,anti_homophones
10493,mo4fE4yun4,10,-8.532512400621178,3,8.532512400621178,1,0,0,anti_homophones
10494,dO4ren4,7,-6.189068574824664,2,6.189068574824664,1,0,1,anti_homophones
10495,zi4jLn4,7,-5.2697646172303925,2,5.2697646172303925,1,1,13,anti_homophones
10496,kong2su4,8,-6.423081259652692,2,6.423081259652692,1,0,2,anti_homophones
10497,ding1pan4,9,-6.717549906062659,2,6.717549906062659,1,0,0,anti_homophones
10498,hE1hU1dan4,10,-8.535023539886927,3,8.535023539886927,1,0,0,anti_homophones
10499,shV3zu3gan1,11,-8.49104002021249,3,8.49104002021249,1,0,0,anti_homophones
10500,ti2dLn3xin1,11,-8.392100158089672,3,8.392100158089672,1,0,0,anti_homophones
10501,gI3mo2,6,-5.261315477682166,2,5.261315477682166,1,0,1,anti_homophones
10502,sheng2fen3,10,-6.386806961622733,2,6.386806961622733,1,0,0,anti_homophones
10503,si4le4pW4jM3,12,-12.500572021843606,4,12.500572021843606,1,0,0,anti_homophones
10504,nan2hU1zi3,10,-8.02413840803488,3,8.02413840803488,1,0,0,anti_homophones
10505,ying2jM2,8,-5.960911828837744,2,5.960911828837744,1,0,1,anti_homophones
10506,jing3nK5,8,-8.224717217954462,2,8.224717217954462,1,0,1,anti_homophones
10507,V3ren2jM2,9,-7.8499923628833645,3,7.8499923628833645,1,0,0,anti_homophones
10508,ju4tO1,6,-6.127084942765534,2,6.127084942765534,1,0,1,anti_homophones
10509,zhen1sa3zI3,11,-10.68473159047661,3,10.68473159047661,1,0,0,anti_homophones
10510,yQ4yong4,8,-6.0993823769842255,2,6.0993823769842255,1,0,2,anti_homophones
10511,jW2jM3yi1yi4,12,-13.165631332231223,4,13.165631332231223,1,0,0,anti_homophones
10512,chun2zhu2shi4,13,-9.374577190194193,3,9.374577190194193,1,0,0,anti_homophones
10513,zhen1tLn2,9,-6.3789645170064,2,6.3789645170064,1,0,1,anti_homophones
10514,chu4gA4fu2qi4,13,-11.86670113898579,4,11.86670113898579,1,0,0,anti_homophones
10515,shi4he2gan3zi5,14,-10.243779645108365,4,10.243779645108365,1,0,0,anti_homophones
10516,re4qi1hI4,9,-8.175887079001512,3,8.175887079001512,1,0,0,anti_homophones
10517,gO3tV2tQ2,9,-8.524470905009487,3,8.524470905009487,1,0,0,anti_homophones
10518,la1dan1qi4,10,-8.109556869717817,3,8.109556869717817,1,0,0,anti_homophones
10519,chV1jLn4,8,-6.32398442065499,2,6.32398442065499,1,0,1,anti_homophones
10520,hP4zhUng1hO3tang4,17,-12.96171269466485,4,12.96171269466485,1,0,0,anti_homophones
10521,ke3wu4shu1jun1,14,-11.099982462302032,4,11.099982462302032,1,0,0,anti_homophones
10522,zhong1gO4,9,-6.34967045388724,2,6.34967045388724,1,1,1,anti_homophones
10523,hO2yi4ling2yin4,15,-12.96237346926597,4,12.96237346926597,1,0,0,anti_homophones
10524,mE2su1,6,-6.265057640097485,2,6.265057640097485,1,0,2,anti_homophones
10525,da3ling4,8,-5.883967775392069,2,5.883967775392069,1,0,1,anti_homophones
10526,kan3di3qun2bQ4,14,-14.163691965791283,4,14.163691965791283,1,0,0,anti_homophones
10527,lLn3zV3li3chUn1,15,-12.706649552056252,4,12.706649552056252,1,0,0,anti_homophones
10528,tV2pW4,6,-4.788436411476691,2,4.788436411476691,1,1,1,anti_homophones
10529,zO4hU4,6,-5.224418779079554,2,5.224418779079554,1,0,4,anti_homophones
10530,wE3han1,7,-7.961656708708042,2,7.961656708708042,1,0,2,anti_homophones
10531,man4hU1zi5,10,-8.137522570787457,3,8.137522570787457,1,0,0,anti_homophones
10532,pW4zhan3,8,-7.228407557451947,2,7.228407557451947,1,0,0,anti_homophones
10533,si4yong1sheng2dQ4,17,-11.39314327026632,4,11.39314327026632,1,0,0,anti_homophones
10534,yV4mi4ti3,9,-8.584118837646418,3,8.584118837646418,1,0,0,anti_homophones
10535,shu4lM4dLn3ding4,16,-12.072197103895682,4,12.072197103895682,1,0,0,anti_homophones
10536,yu4bi3fu1,9,-8.719220336003282,3,8.719220336003282,1,0,0,anti_homophones
10537,tang3er2,8,-6.417456230535911,2,6.417456230535911,1,0,0,anti_homophones
10538,fa1pang2,8,-6.372162390638429,2,6.372162390638429,1,0,1,anti_homophones
10539,xW4xC2,6,-5.225385918613099,2,5.225385918613099,1,0,4,anti_homophones
10540,ding4chang1bi3,14,-9.824566059336734,3,9.824566059336734,1,0,0,anti_homophones
10541,wE2zI4,6,-5.539817017091755,2,5.539817017091755,1,0,3,anti_homophones
10542,zi3bi1,6,-7.905881886773627,2,7.905881886773627,1,0,1,anti_homophones
10543,hU1bA3,6,-6.2805627383457425,2,6.2805627383457425,1,0,1,anti_homophones
10544,pan2lin3la5lM4,14,-14.542947488567851,4,14.542947488567851,1,0,0,anti_homophones
10545,zhong4xL4,9,-5.849874264178642,2,5.849874264178642,1,0,2,anti_homophones
10546,tLn2tUn2,8,-6.389927767268926,2,6.389927767268926,1,0,0,anti_homophones
10547,xL4pi2,6,-5.671827451595119,2,5.671827451595119,1,0,3,anti_homophones
10548,bA2jin1jLn4zhUn1,16,-12.14981209468781,4,12.14981209468781,1,0,0,anti_homophones
10549,shan2xLn2,9,-7.00192861672788,2,7.00192861672788,1,0,1,anti_homophones
10550,xun1la1chi1,11,-10.272463996550611,3,10.272463996550611,1,0,0,anti_homophones
10551,gan3yC4,7,-5.720596314368279,2,5.720596314368279,1,0,3,anti_homophones
10552,pu2sheng2ju4,12,-9.088775192071969,3,9.088775192071969,1,0,0,anti_homophones
10553,zi1bi4yUn2,10,-8.122685962453371,3,8.122685962453371,1,0,0,anti_homophones
10554,wu4ji4,6,-5.603072771801008,2,5.603072771801008,1,0,8,anti_homophones
10555,hE1hO2,6,-5.85489698643509,2,5.85489698643509,1,0,3,anti_homophones
10556,shu1bo2,7,-6.551523937497153,2,6.551523937497153,1,0,1,anti_homophones
10557,li3hu2gV1hU4,12,-11.937007879174347,4,11.937007879174347,1,0,0,anti_homophones
10558,geng3chi1,9,-8.100055888149557,2,8.100055888149557,1,0,0,anti_homophones
10559,er3gI2da4yu3,12,-12.996958157932896,4,12.996958157932896,1,0,0,anti_homophones
10560,hu3xin1zi4xing2,15,-11.661155201536042,4,11.661155201536042,1,0,0,anti_homophones
10561,fE3ban1tLn1,11,-8.482876396359114,3,8.482876396359114,1,0,0,anti_homophones
10562,gen1dA4,7,-6.023516090665895,2,6.023516090665895,1,0,2,anti_homophones
10563,ma3jLn1ce4yV3,13,-11.841065461010226,4,11.841065461010226,1,0,0,anti_homophones
10564,hun1zan4,8,-6.714793310896768,2,6.714793310896768,1,0,0,anti_homophones
10565,a1di4,5,-5.756818011337694,2,5.756818011337694,1,0,0,anti_homophones
10566,gUn1zhi4qing2,13,-8.833055704790207,3,8.833055704790207,1,0,0,anti_homophones
10567,ming2tV2,8,-5.594891230929014,2,5.594891230929014,1,1,1,anti_homophones
10568,fa1lO4ji2dang4,14,-11.783959544237717,4,11.783959544237717,1,0,0,anti_homophones
10569,chang4mi4,9,-6.837573763972222,2,6.837573763972222,1,0,4,anti_homophones
10570,qM1kA1chV2ya2,13,-11.330713914781875,4,11.330713914781875,1,0,0,anti_homophones
10571,yi4ran2er3,10,-8.336471266823406,3,8.336471266823406,1,0,0,anti_homophones
10572,yV4xLn2ben3po5,14,-13.908509245792889,4,13.908509245792889,1,0,0,anti_homophones
10573,zi4shang3,9,-6.027448433219331,2,6.027448433219331,1,0,2,anti_homophones
10574,mu4ju2,6,-5.756391265259442,2,5.756391265259442,1,0,8,anti_homophones
10575,zi3qK2gU2jK3,12,-14.275037201982848,4,14.275037201982848,1,0,0,anti_homophones
10576,lang4lLn2,9,-7.015680294493722,2,7.015680294493722,1,0,2,anti_homophones
10577,cheng2gI3mLn4,13,-9.429914764688307,3,9.429914764688307,1,0,0,anti_homophones
10578,che1zQ4,7,-5.9739235975818,2,5.9739235975818,1,0,4,anti_homophones
10579,zhUn2zhu3ying1,14,-8.785524611322229,3,8.785524611322229,1,0,0,anti_homophones
10580,sheng1kong4,11,-6.1483253701472815,2,6.1483253701472815,1,0,3,anti_homophones
10581,zV3lA4,6,-6.310277590227304,2,6.310277590227304,1,0,2,anti_homophones
10582,gUn4xC2xLn4ke2,14,-13.475640705425969,4,13.475640705425969,1,0,0,anti_homophones
10583,chen4ru2pin3,12,-9.868430350090705,3,9.868430350090705,1,0,0,anti_homophones
10584,shan4gO3zO4,11,-8.938631625562333,3,8.938631625562333,1,0,0,anti_homophones
10585,gA3gV1,6,-5.328655131506971,2,5.328655131506971,1,1,2,anti_homophones
10586,si3xing2jing4ku3,16,-11.910398185528601,4,11.910398185528601,1,0,0,anti_homophones
10587,hI4shi2zi3,10,-8.083594428273308,3,8.083594428273308,1,0,0,anti_homophones
10588,ju3bi4,6,-6.072730564573568,2,6.072730564573568,1,0,3,anti_homophones
10589,jM1shi4,7,-4.778857425249732,2,4.778857425249732,1,1,9,anti_homophones
10590,wu4sO3yi4,9,-8.00443697611795,3,8.00443697611795,1,0,0,anti_homophones
10591,wE2hO2,6,-6.202390475944881,2,6.202390475944881,1,0,1,anti_homophones
10592,ping1wE2yV1wen2,15,-12.688602064770784,4,12.688602064770784,1,0,0,anti_homophones
10593,lK2xYn4,7,-9.609070660466458,2,9.609070660466458,1,0,0,anti_homophones
10594,e4neng2,7,-6.500606729150454,2,6.500606729150454,1,0,0,anti_homophones
10595,yu3li5,6,-6.350972436817508,2,6.350972436817508,1,0,1,anti_homophones
10596,nE4ku4,6,-5.997780850182213,2,5.997780850182213,1,0,4,anti_homophones
10597,he2qu3,6,-5.610554503747808,2,5.610554503747808,1,0,6,anti_homophones
10598,shi2gP4leng3bu4,15,-12.021076201866915,4,12.021076201866915,1,0,0,anti_homophones
10599,fu3xu4,6,-5.979286615052619,2,5.979286615052619,1,0,4,anti_homophones
10600,wen2fan4,8,-6.1460173501173045,2,6.1460173501173045,1,0,1,anti_homophones
10601,pi1li4zhang3,12,-8.381956408305175,3,8.381956408305175,1,0,0,anti_homophones
10602,qM4zhi2,7,-6.376372740252302,2,6.376372740252302,1,0,2,anti_homophones
10603,bu4lK4bu4,9,-9.081196662474737,3,9.081196662474737,1,0,0,anti_homophones
10604,lQ3dQ3,6,-5.274700883410657,2,5.274700883410657,1,0,2,anti_homophones
10605,xW3ci4hI4,9,-7.905029700049244,3,7.905029700049244,1,0,0,anti_homophones
10606,zi4yi1,6,-5.639704390144152,2,5.639704390144152,1,0,8,anti_homophones
10607,shu2li4,7,-5.508887733792593,2,5.508887733792593,1,1,5,anti_homophones
10608,wu4mu3,6,-6.255608833110654,2,6.255608833110654,1,0,2,anti_homophones
10609,ye3xing2ke4,11,-8.408096404861508,3,8.408096404861508,1,0,0,anti_homophones
10610,lLng3qi4zhan4,13,-9.432907782926163,3,9.432907782926163,1,0,0,anti_homophones
10611,mE3rong1,8,-5.3930910222248585,2,5.3930910222248585,1,2,1,anti_homophones
10612,gong2zhong1xin1tu2,18,-11.755872794812749,4,11.755872794812749,1,0,0,anti_homophones
10613,jLng4qi1,8,-6.192574929310292,2,6.192574929310292,1,0,4,anti_homophones
10614,xW1shang2,9,-5.701376473854967,2,5.701376473854967,1,1,3,anti_homophones
10615,xing1chO4dI4hV4,15,-12.838005861008392,4,12.838005861008392,1,0,0,anti_homophones
10616,xLng1jL1,8,-5.722886122979621,2,5.722886122979621,1,0,2,anti_homophones
10617,lW3bLn1yan2di4,14,-11.751937508993594,4,11.751937508993594,1,0,0,anti_homophones
10618,hu2mu4mLn4,10,-8.618087725737931,3,8.618087725737931,1,0,0,anti_homophones
10619,hQ4shu4,7,-5.7915485754662726,2,5.7915485754662726,1,0,3,anti_homophones
10620,tong1qi4ye4,11,-7.982639923245026,3,7.982639923245026,1,0,0,anti_homophones
10621,chen2da2,8,-7.035676235848094,2,7.035676235848094,1,0,1,anti_homophones
10622,jM2zhUng4,9,-6.4780139720827865,2,6.4780139720827865,1,0,1,anti_homophones
10623,hV4tI1xLn3,10,-8.59511213647545,3,8.59511213647545,1,0,0,anti_homophones
10624,chun4zheng1ling4,16,-9.780630209550962,3,9.780630209550962,1,0,0,anti_homophones
10625,bW3qi4,6,-5.626424154519468,2,5.626424154519468,1,0,5,anti_homophones
10626,san1ken3,8,-7.531206667603659,2,7.531206667603659,1,0,0,anti_homophones
10627,shi2sha1tV4shi2,15,-11.280753576332566,4,11.280753576332566,1,0,0,anti_homophones
10628,bu4rO4,6,-5.848059163644304,2,5.848059163644304,1,0,3,anti_homophones
10629,shUn2bu4,8,-6.440270715996237,2,6.440270715996237,1,0,3,anti_homophones
10630,hU2lO2lW4,9,-8.503877672357008,3,8.503877672357008,1,0,0,anti_homophones
10631,lUn4tV2hu1,10,-9.12552766229908,3,9.12552766229908,1,0,0,anti_homophones
10632,da4sO3ye4,9,-9.68570752009416,3,9.68570752009416,1,0,0,anti_homophones
10633,meng4lM4,8,-7.080698854160918,2,7.080698854160918,1,0,0,anti_homophones
10634,gQ1xC4,6,-6.159092204562765,2,6.159092204562765,1,0,2,anti_homophones
10635,tW4zhan1mA4po2,14,-12.793699194980015,4,12.793699194980015,1,0,0,anti_homophones
10636,ni2dLn4neng1mi4,15,-13.565448637452523,4,13.565448637452523,1,0,0,anti_homophones
10637,bu4gu3jC2li2,12,-10.722052253403227,4,10.722052253403227,1,0,0,anti_homophones
10638,da4han4,7,-5.101543397075827,2,5.101543397075827,1,0,8,anti_homophones
10639,pa2gV4,6,-6.050840538526588,2,6.050840538526588,1,0,0,anti_homophones
10640,xM2e4er5,8,-6.968167702631913,3,6.968167702631913,1,0,1,anti_homophones
10641,lQ3mV2,6,-5.959376739554286,2,5.959376739554286,1,1,2,anti_homophones
10642,xLng4mE2,8,-6.677399444252954,2,6.677399444252954,1,0,1,anti_homophones
10643,wan4cO4wE2bE4,13,-12.204067914285934,4,12.204067914285934,1,0,0,anti_homophones
10644,dang2xin1qi4,12,-8.073612430243339,3,8.073612430243339,1,0,0,anti_homophones
10645,ming1han2,9,-7.5926405633743865,2,7.5926405633743865,1,0,1,anti_homophones
10646,jLn4nang1,9,-7.402872507664164,2,7.402872507664164,1,0,2,anti_homophones
10647,hu3chi2,7,-6.741721960423655,2,6.741721960423655,1,0,1,anti_homophones
10648,shu4fa1jin3,11,-9.147776442673724,3,9.147776442673724,1,0,0,anti_homophones
10649,zhong4hUng1jLn1ji1,18,-11.498438369728925,4,11.498438369728925,1,0,0,anti_homophones
10650,fen1zhi1jing2bA4,16,-11.721974988430887,4,11.721974988430887,1,0,0,anti_homophones
10651,jL1gI1,6,-5.982957192994056,2,5.982957192994056,1,0,1,anti_homophones
10652,zong1da2xM4,11,-10.192945718163312,3,10.192945718163312,1,0,0,anti_homophones
10653,deng1dI4bing2,13,-8.814533340040427,3,8.814533340040427,1,0,0,anti_homophones
10654,chu2tQ3,7,-6.560513647974514,2,6.560513647974514,1,0,2,anti_homophones
10655,xK4bLn4,7,-6.0954715136162365,2,6.0954715136162365,1,0,1,anti_homophones
10656,zI3pin3long4,12,-9.791011448680585,3,9.791011448680585,1,0,0,anti_homophones
10657,pin2wu3jM1,10,-10.727905547964177,3,10.727905547964177,1,0,0,anti_homophones
10658,te4bM2xL4di4,12,-11.804554177168004,4,11.804554177168004,1,0,0,anti_homophones
10659,wen2e4,6,-6.767373951738698,2,6.767373951738698,1,0,1,anti_homophones
10660,mLn4zang4,9,-7.16987736356253,2,7.16987736356253,1,0,3,anti_homophones
10661,ren2yin4,8,-6.6514189626570825,2,6.6514189626570825,1,0,3,anti_homophones
10662,shan1zhu4zhang4bi4,18,-12.455232324713828,4,12.455232324713828,1,0,0,anti_homophones
10663,ti3tV2,6,-5.364398022023108,2,5.364398022023108,1,1,2,anti_homophones
10664,gI1ze2ri4li3,12,-9.700902819199271,4,9.700902819199271,1,0,0,anti_homophones
10665,lun2zhu4,8,-6.1512879675224985,2,6.1512879675224985,1,0,0,anti_homophones
10666,fu3tUn2dUn3yan4,15,-12.9053546937904,4,12.9053546937904,1,0,0,anti_homophones
10667,jW1gU1,6,-5.7004397591275024,2,5.7004397591275024,1,0,1,anti_homophones
10668,gu1cha1,7,-7.030342149529839,2,7.030342149529839,1,0,1,anti_homophones
10669,bi4bQ1ce4yQ4,12,-11.311028709742917,4,11.311028709742917,1,0,0,anti_homophones
10670,ji3cha2,7,-6.89490670816011,2,6.89490670816011,1,0,0,anti_homophones
10671,shV3xLng4,9,-5.508978663288955,2,5.508978663288955,1,1,6,anti_homophones
10672,yi1yin4shi2,11,-8.13785428743938,3,8.13785428743938,1,0,0,anti_homophones
10673,lO2mLn4di4gong1,15,-12.025285016240456,4,12.025285016240456,1,0,0,anti_homophones
10674,qLn2yUn4zhV5ba1,15,-11.895460171093925,4,11.895460171093925,1,0,0,anti_homophones
10675,ta1yi1di4,9,-8.387931217281118,3,8.387931217281118,1,0,0,anti_homophones
10676,da4de2,6,-5.228610410352449,2,5.228610410352449,1,1,8,anti_homophones
10677,mV2yUn2hV4,10,-9.545142680045014,3,9.545142680045014,1,0,0,anti_homophones
10678,sha3qUn1xin4,12,-9.777909264810463,3,9.777909264810463,1,0,0,anti_homophones
10679,jK4yan4zhe3,11,-8.817656921310414,3,8.817656921310414,1,0,0,anti_homophones
10680,gU4jing4er2,11,-9.229939103406704,3,9.229939103406704,1,0,0,anti_homophones
10681,po4shan1qK1,11,-9.840638802268812,3,9.840638802268812,1,0,0,anti_homophones
10682,fu2dQ4xing4,11,-8.306505413162096,3,8.306505413162096,1,0,0,anti_homophones
10683,zI4chang2jL1du2,15,-13.598261008180662,4,13.598261008180662,1,0,0,anti_homophones
10684,si4shi4,7,-5.247938943390503,2,5.247938943390503,1,1,12,anti_homophones
10685,wan2zheng1,10,-6.3125241998093635,2,6.3125241998093635,1,0,2,anti_homophones
10686,bQ1fu5zhu3,10,-9.735895088126787,3,9.735895088126787,1,0,0,anti_homophones
10687,jLng1ri4,8,-6.2412125154585425,2,6.2412125154585425,1,0,4,anti_homophones
10688,qUn2xK1xL4pA2,13,-11.205214560494,4,11.205214560494,1,0,0,anti_homophones
10689,deng1nLn4tLn2yC4,16,-12.97234490872452,4,12.97234490872452,1,0,0,anti_homophones
10690,fu4zhong2zQ4,12,-8.758838086029872,3,8.758838086029872,1,0,0,anti_homophones
10691,ru3li3po1,9,-9.746989920803943,3,9.746989920803943,1,0,0,anti_homophones
10692,sO1hI2si4,9,-9.956682892813985,3,9.956682892813985,1,0,0,anti_homophones
10693,xin1wE4jC2zhi3,14,-10.575788259921474,4,10.575788259921474,1,0,0,anti_homophones
10694,yQ2tQ4,6,-6.281170728130209,2,6.281170728130209,1,0,1,anti_homophones
10695,da4hI4qUn4,10,-8.149135970385288,3,8.149135970385288,1,0,0,anti_homophones
10696,shV4che1chUn1,13,-9.127174521297945,3,9.127174521297945,1,0,0,anti_homophones
10697,wen1hong1dQ4,12,-9.484781594138914,3,9.484781594138914,1,0,0,anti_homophones
10698,ka1fong1neng1,13,-10.185176077688897,3,10.185176077688897,1,0,0,anti_homophones
10699,lO2shI3jL1,10,-9.440892167713624,3,9.440892167713624,1,0,0,anti_homophones
10700,hA3mLn2hI3,10,-9.653664003958207,3,9.653664003958207,1,0,0,anti_homophones
10701,zhu3li4,7,-5.02030543225177,2,5.02030543225177,1,0,8,anti_homophones
10702,wE4shi4,7,-4.9075155411417395,2,4.9075155411417395,1,1,5,anti_homophones
10703,da4fu3song2,11,-9.467306411487261,3,9.467306411487261,1,0,0,anti_homophones
10704,wE4yin1,7,-6.06041065740041,2,6.06041065740041,1,0,3,anti_homophones
10705,yUn2hI4,7,-5.397251019849735,2,5.397251019849735,1,1,4,anti_homophones
10706,shQ1shV4ji2,11,-8.385012066988608,3,8.385012066988608,1,0,0,anti_homophones
10707,qM4nv3dLn3,10,-9.224083629507499,3,9.224083629507499,1,0,0,anti_homophones
10708,yang2yi1wE4,11,-8.319813645851323,3,8.319813645851323,1,0,0,anti_homophones
10709,jin1di2zi4xi1,13,-12.252732828086009,4,12.252732828086009,1,0,0,anti_homophones
10710,wA4zhu2,7,-6.491112415648637,2,6.491112415648637,1,1,0,anti_homophones
10711,ta1lLng3,8,-7.220093616503263,2,7.220093616503263,1,0,1,anti_homophones
10712,shUn2lE4,8,-6.980426800964213,2,6.980426800964213,1,0,1,anti_homophones
10713,zong1ben3,9,-6.475277948684766,2,6.475277948684766,1,0,1,anti_homophones
10714,ban1li5,7,-6.059003845277236,2,6.059003845277236,1,0,2,anti_homophones
10715,bing4mLn5qLn1,13,-9.906535448989976,3,9.906535448989976,1,0,0,anti_homophones
10716,bu4bW3,6,-5.224164108678729,2,5.224164108678729,1,0,5,anti_homophones
10717,zhi4pA2jW1,10,-9.66089964286919,3,9.66089964286919,1,0,0,anti_homophones
10718,cheng1nK2pA4,12,-8.570640478156491,3,8.570640478156491,1,0,0,anti_homophones
10719,gI4dan1,7,-6.704221179257909,2,6.704221179257909,1,0,1,anti_homophones
10720,lV4zhan4yong1tW2,16,-12.723960149968846,4,12.723960149968846,1,0,0,anti_homophones
10721,da3tA1,6,-5.94037320191018,2,5.94037320191018,1,0,2,anti_homophones
10722,su1yu4,6,-6.2189278266227355,2,6.2189278266227355,1,0,3,anti_homophones
10723,si4hU4zhi1qC4,13,-11.157502408361346,4,11.157502408361346,1,0,0,anti_homophones
10724,gO4hO3chang4,12,-8.770832495212002,3,8.770832495212002,1,0,0,anti_homophones
10725,dQ3hU4,6,-5.443339733635982,2,5.443339733635982,1,0,9,anti_homophones
10726,re4lO4,6,-5.544990808679197,2,5.544990808679197,1,0,5,anti_homophones
10727,kV4ti3wo1nong1,14,-12.466280179863498,4,12.466280179863498,1,0,0,anti_homophones
10728,gA3dW4shi4,10,-7.853728829366064,3,7.853728829366064,1,0,0,anti_homophones
10729,ji3ji2,6,-5.689539640594496,2,5.689539640594496,1,0,5,anti_homophones
10730,wE3nv4,6,-6.973731909636269,2,6.973731909636269,1,0,0,anti_homophones
10731,yi2lLng1jM4chI1,15,-12.99430444369928,4,12.99430444369928,1,0,0,anti_homophones
10732,pW1pW4,6,-4.944854202220961,2,4.944854202220961,1,2,6,anti_homophones
10733,peng4hU4,8,-6.1008845856157965,2,6.1008845856157965,1,0,2,anti_homophones
10734,hUng1mV2,8,-7.017012542127112,2,7.017012542127112,1,0,0,anti_homophones
10735,xLng2qi4di2,11,-9.209042511808125,3,9.209042511808125,1,0,0,anti_homophones
10736,shen3de2,8,-6.4627680394636755,2,6.4627680394636755,1,0,0,anti_homophones
10737,hI4er2,6,-6.232461441806994,2,6.232461441806994,1,0,2,anti_homophones
10738,tM3xLng3chi1,12,-9.558875643141336,3,9.558875643141336,1,0,0,anti_homophones
10739,tang2zO4lv4,11,-8.698421774129894,3,8.698421774129894,1,0,0,anti_homophones
10740,wu2zhan3,8,-6.188359895928728,2,6.188359895928728,1,0,0,anti_homophones
10741,deng3gUn3shV1shi4,17,-12.145919213620298,4,12.145919213620298,1,0,0,anti_homophones
10742,chUng4xM2she4,13,-10.162170244375115,3,10.162170244375115,1,0,0,anti_homophones
10743,kA1cheng2gang3,14,-9.597992806896894,3,9.597992806896894,1,0,0,anti_homophones
10744,ying4gen1man4wE4,16,-12.548329360348838,4,12.548329360348838,1,0,0,anti_homophones
10745,tLn1yUn2,8,-5.387040930699012,2,5.387040930699012,1,1,2,anti_homophones
10746,dan4lLn2yUn2cha2,16,-11.457566694627403,4,11.457566694627403,1,0,0,anti_homophones
10747,jM1dM1ran2sA4,13,-10.644498918100219,4,10.644498918100219,1,0,0,anti_homophones
10748,nE4hen2an4,10,-9.786248207764984,3,9.786248207764984,1,0,0,anti_homophones
10749,fen1yi4yun4dQ1,14,-11.829419785130604,4,11.829419785130604,1,0,0,anti_homophones
10750,nLn4gu3,7,-6.675664829152667,2,6.675664829152667,1,0,0,anti_homophones
10751,qK1fen4an4,10,-8.963626495154102,3,8.963626495154102,1,0,0,anti_homophones
10752,qu1hI3,6,-7.145504550876397,2,7.145504550876397,1,0,1,anti_homophones
10753,qLn1xing4,9,-5.690557441429303,2,5.690557441429303,1,0,5,anti_homophones
10754,rUn3lv4bu4,10,-8.723136558645864,3,8.723136558645864,1,0,0,anti_homophones
10755,lK2shV3ti3,10,-8.106521264696953,3,8.106521264696953,1,0,0,anti_homophones
10756,gong1wu2hUng2,13,-9.068703592053717,3,9.068703592053717,1,0,0,anti_homophones
10757,cA2zhe4qu4,10,-9.742364880047473,3,9.742364880047473,1,0,0,anti_homophones
10758,zhong1ying1xing1jin3,20,-12.127835226454643,4,12.127835226454643,1,0,0,anti_homophones
10759,feng1hO5,8,-6.277680953222103,2,6.277680953222103,1,0,1,anti_homophones
10760,na4sA4,6,-6.271731671545735,2,6.271731671545735,1,0,1,anti_homophones
10761,mi4ben3nLng3,12,-10.314703070402658,3,10.314703070402658,1,0,0,anti_homophones
10762,zhUn3mu4,8,-6.370767699336298,2,6.370767699336298,1,0,1,anti_homophones
10763,gA3jing1,8,-6.271782708883862,2,6.271782708883862,1,0,2,anti_homophones
10764,xing2dong1,10,-6.102334816061306,2,6.102334816061306,1,0,1,anti_homophones
10765,jin4ren2,8,-4.7267398772939995,2,4.7267398772939995,1,0,6,anti_homophones
10766,yan1hong1,9,-6.643768912658251,2,6.643768912658251,1,0,0,anti_homophones
10767,cheng4dI4,9,-6.150413879399003,2,6.150413879399003,1,0,1,anti_homophones
10768,gO2mu4,6,-5.528851843255699,2,5.528851843255699,1,0,0,anti_homophones
10769,ci2bM2,6,-5.858875135604745,2,5.858875135604745,1,1,2,anti_homophones
10770,ben3gong2,9,-6.618055234932114,2,6.618055234932114,1,0,0,anti_homophones
10771,shi4zhi4xLn1hP2,15,-11.96185616036881,4,11.96185616036881,1,0,0,anti_homophones
10772,shi4yang4,9,-5.661927461736069,2,5.661927461736069,1,0,2,anti_homophones
10773,shu1si1chan1,12,-9.618979657992735,3,9.618979657992735,1,0,0,anti_homophones
10774,za2hO3cO4,9,-8.10263363418595,3,8.10263363418595,1,0,0,anti_homophones
10775,gu1en1li4,9,-8.91062325716801,3,8.91062325716801,1,0,0,anti_homophones
10776,yi1zi5,6,-4.452602443316321,2,4.452602443316321,1,0,11,anti_homophones
10777,ling4ru4,8,-6.470206804254348,2,6.470206804254348,1,0,1,anti_homophones
10778,xLn1zi4,7,-6.533885120640788,2,6.533885120640788,1,0,3,anti_homophones
10779,bi4ming4ren2,12,-7.76892621310823,3,7.76892621310823,1,0,0,anti_homophones
10780,mi4ju3shQ4dUn3,14,-13.242327935763598,4,13.242327935763598,1,0,0,anti_homophones
10781,jW4cheng2fu4gU4,15,-12.169030427270293,4,12.169030427270293,1,0,0,anti_homophones
10782,pan4xing1,9,-6.352568859208988,2,6.352568859208988,1,0,1,anti_homophones
10783,bW3ting1dM1,11,-10.460918299834,3,10.460918299834,1,0,0,anti_homophones
10784,can1jing1,9,-6.280991954241175,2,6.280991954241175,1,0,1,anti_homophones
10785,fu4hV4,6,-5.466295950060914,2,5.466295950060914,1,0,4,anti_homophones
10786,si3er5,6,-5.69705608508274,2,5.69705608508274,1,1,1,anti_homophones
10787,zu3zhi1,7,-5.276933604801952,2,5.276933604801952,1,0,4,anti_homophones
10788,shI3qC4dUn4,11,-9.098516151262084,3,9.098516151262084,1,0,0,anti_homophones
10789,cheng1yun4,10,-5.968170965273787,2,5.968170965273787,1,0,3,anti_homophones
10790,pLn4shu3,8,-6.715976288915878,2,6.715976288915878,1,0,3,anti_homophones
10791,tO1nin2zhi4heng4,16,-14.12900988010882,4,14.12900988010882,1,0,0,anti_homophones
10792,hE1xin1ying2,12,-8.395886289150361,3,8.395886289150361,1,0,0,anti_homophones
10793,xM4xing2,8,-6.194686658575427,2,6.194686658575427,1,0,2,anti_homophones
10794,tan3shI3xLng1wu4,16,-11.65367229626205,4,11.65367229626205,1,0,0,anti_homophones
10795,tO3dI4,6,-6.3674194040213274,2,6.3674194040213274,1,0,1,anti_homophones
10796,rV4cO4lO4mu4,12,-11.160218919943995,4,11.160218919943995,1,0,0,anti_homophones
10797,san1dan1,8,-6.587285055593212,2,6.587285055593212,1,0,0,anti_homophones
10798,hE1tA2zhi4,10,-8.436763563320326,3,8.436763563320326,1,0,0,anti_homophones
10799,hu1zhu2lv4se4,13,-10.667182058527459,4,10.667182058527459,1,0,0,anti_homophones
10800,qin2bu4,7,-5.709560712447321,2,5.709560712447321,1,0,4,anti_homophones
10801,ya3chQ1,7,-8.658419974199333,2,8.658419974199333,1,0,0,anti_homophones
10802,er4yC4,6,-5.319773737378408,2,5.319773737378408,1,0,1,anti_homophones
10803,fE1kV3,6,-5.82627358400485,2,5.82627358400485,1,0,1,anti_homophones
10804,qLn2yC1,7,-5.607368882985567,2,5.607368882985567,1,1,1,anti_homophones
10805,zhu4chang2,10,-6.090893576237222,2,6.090893576237222,1,0,3,anti_homophones
10806,yV2yi3rang3,11,-9.544949924710586,3,9.544949924710586,1,0,0,anti_homophones
10807,hun3ban4zhi2,12,-9.710512826865994,3,9.710512826865994,1,0,0,anti_homophones
10808,zheng1dA4jL1jLn4,16,-10.767352788328456,4,10.767352788328456,1,0,0,anti_homophones
10809,leng4shi4xi1,12,-9.153998015723769,3,9.153998015723769,1,0,0,anti_homophones
10810,yong1cun2,9,-6.553241011330586,2,6.553241011330586,1,0,1,anti_homophones
10811,ba1li4,6,-5.391951579529606,2,5.391951579529606,1,0,6,anti_homophones
10812,gUn3yQ1shi1,11,-9.735146735582171,3,9.735146735582171,1,0,0,anti_homophones
10813,mQ2bi4,6,-5.481759215407335,2,5.481759215407335,1,1,3,anti_homophones
10814,shi3hI4fu2,10,-8.474674417046725,3,8.474674417046725,1,0,0,anti_homophones
10815,fa1zi3wan2,10,-8.713467053588914,3,8.713467053588914,1,0,0,anti_homophones
10816,dI1feng1ju2,11,-9.316932406587958,3,9.316932406587958,1,0,0,anti_homophones
10817,bA2ri4bE4shI3,13,-10.905972988286436,4,10.905972988286436,1,0,0,anti_homophones
10818,lLn2nQ3,7,-6.3291212539788075,2,6.3291212539788075,1,0,0,anti_homophones
10819,deng2xLng2wE3,13,-9.738574293470249,3,9.738574293470249,1,0,0,anti_homophones
10820,pW1shen1,8,-6.65411020753231,2,6.65411020753231,1,0,0,anti_homophones
10821,wA4hU4ju4,9,-8.063114308229595,3,8.063114308229595,1,0,0,anti_homophones
10822,xK1fen4,7,-5.98422344757355,2,5.98422344757355,1,0,0,anti_homophones
10823,hUng2ju3,8,-7.519646005513754,2,7.519646005513754,1,0,0,anti_homophones
10824,jin1wan3,8,-6.275426178021298,2,6.275426178021298,1,0,1,anti_homophones
10825,mW3mLn4hU4,10,-8.363439986794049,3,8.363439986794049,1,0,0,anti_homophones
10826,yu4shi4lK2si4,13,-12.220823985310211,4,12.220823985310211,1,0,0,anti_homophones
10827,lv3ce4jL1sheng1,15,-11.430707754869326,4,11.430707754869326,1,0,0,anti_homophones
10828,shO1lE3,7,-6.333989325941225,2,6.333989325941225,1,0,0,anti_homophones
10829,tong1cA4,8,-6.080257539875263,2,6.080257539875263,1,0,2,anti_homophones
10830,gan1zhen4zhi3,13,-9.142103768673229,3,9.142103768673229,1,0,0,anti_homophones
10831,hI1jLng4,8,-6.31480254911729,2,6.31480254911729,1,0,0,anti_homophones
10832,tu2jun1zi5,10,-7.853220003259059,3,7.853220003259059,1,0,0,anti_homophones
10833,xLng4si4,8,-6.494809280156967,2,6.494809280156967,1,0,6,anti_homophones
10834,cu1hU4,6,-5.49514827369795,2,5.49514827369795,1,0,3,anti_homophones
10835,hA2yun2,7,-6.733277341009861,2,6.733277341009861,1,0,2,anti_homophones
10836,nan2lE4,7,-5.964475407682829,2,5.964475407682829,1,0,2,anti_homophones
10837,qLn2li3,7,-5.552713441266945,2,5.552713441266945,1,0,2,anti_homophones
10838,yin2mong4,9,-8.700939685505558,2,8.700939685505558,1,0,1,anti_homophones
10839,chu2ke3hO4,10,-8.268990850617655,3,8.268990850617655,1,0,0,anti_homophones
10840,zhi2jL1yV3ji2,13,-10.561832216231807,4,10.561832216231807,1,0,0,anti_homophones
10841,ji1lE2hV4,9,-8.872108268076778,3,8.872108268076778,1,0,0,anti_homophones
10842,shV4cha2hUng4,13,-9.16580995823561,3,9.16580995823561,1,0,0,anti_homophones
10843,chong1qu1,9,-6.074740144127818,2,6.074740144127818,1,0,1,anti_homophones
10844,fu3dI4,6,-6.022411646398867,2,6.022411646398867,1,0,4,anti_homophones
10845,xW1xing2,8,-5.860993068982739,2,5.860993068982739,1,0,2,anti_homophones
10846,yan2yUn2,8,-5.243012620473914,2,5.243012620473914,1,1,4,anti_homophones
10847,da1lE2tV2,9,-8.235687690780955,3,8.235687690780955,1,0,0,anti_homophones
10848,yang2jL1zi3,11,-8.041992602401196,3,8.041992602401196,1,0,0,anti_homophones
10849,ren2ji2,7,-5.4018893206232175,2,5.4018893206232175,1,0,4,anti_homophones
10850,qUn2xW1,7,-6.636499330881736,2,6.636499330881736,1,0,0,anti_homophones
10851,si4lA2ding2shV4,15,-12.198142129833803,4,12.198142129833803,1,0,0,anti_homophones
10852,wo3jLn1,7,-6.302810651178126,2,6.302810651178126,1,0,0,anti_homophones
10853,dM2dLn3dO1fan3,14,-12.654138305885564,4,12.654138305885564,1,0,0,anti_homophones
10854,fu4mLn4,7,-5.378192741746302,2,5.378192741746302,1,1,8,anti_homophones
10855,hA3wang2ji1,11,-8.16235795369741,3,8.16235795369741,1,0,0,anti_homophones
10856,jM1sheng1,9,-5.354847183136771,2,5.354847183136771,1,1,2,anti_homophones
10857,hong1jM2jL4,11,-8.379578638837529,3,8.379578638837529,1,0,0,anti_homophones
10858,fan2ka3,7,-6.76366340351561,2,6.76366340351561,1,0,1,anti_homophones
10859,hO3bu4can2,10,-8.577132336332483,3,8.577132336332483,1,0,0,anti_homophones
10860,dI4fang1dQ4qLng2,16,-12.513849114783548,4,12.513849114783548,1,0,0,anti_homophones
10861,geng1lLn3shi4,13,-9.293354899826141,3,9.293354899826141,1,0,0,anti_homophones
10862,lV4zQ4,6,-6.926482101667408,2,6.926482101667408,1,0,1,anti_homophones
10863,wu3xi2,6,-5.9598607138534865,2,5.9598607138534865,1,0,4,anti_homophones
10864,shi4zhi1,8,-5.1592099389831,2,5.1592099389831,1,0,7,anti_homophones
10865,da3jW3ni3shV3,13,-12.57925168983694,4,12.57925168983694,1,0,0,anti_homophones
10866,xW1rong1ye4,11,-8.703397819649638,3,8.703397819649638,1,0,0,anti_homophones
10867,ba3cQ3ji1,9,-8.545377725117048,3,8.545377725117048,1,0,0,anti_homophones
10868,wA4shi1qi4,10,-7.685033501138314,3,7.685033501138314,1,0,0,anti_homophones
10869,sheng1tan1jLn4zi5,17,-10.504372164702499,4,10.504372164702499,1,0,0,anti_homophones
10870,shi4xi1yi4,10,-7.792211442491866,3,7.792211442491866,1,0,0,anti_homophones
10871,du2xLn3,7,-6.048976429770883,2,6.048976429770883,1,0,4,anti_homophones
10872,zeng4du4,8,-6.557681993373105,2,6.557681993373105,1,0,0,anti_homophones
10873,yi4si3jin4fang4,15,-11.45184111417759,4,11.45184111417759,1,0,0,anti_homophones
10874,tV2tLn1,7,-5.71148226136832,2,5.71148226136832,1,0,2,anti_homophones
10875,dong1su4li4,11,-7.899026493583328,3,7.899026493583328,1,0,0,anti_homophones
10876,cang3xYng1,10,-7.067357186832057,2,7.067357186832057,1,0,0,anti_homophones
10877,a1yu2tQ4,8,-9.341590410342274,3,9.341590410342274,1,0,0,anti_homophones
10878,zhV4sha1,8,-7.10438193532706,2,7.10438193532706,1,0,0,anti_homophones
10879,dQ3ti2men2kan1,14,-12.125240269203404,4,12.125240269203404,1,0,0,anti_homophones
10880,zhu3shi4dLn3,12,-8.403570674742394,3,8.403570674742394,1,0,0,anti_homophones
10881,fan1ding1,9,-6.811141498967728,2,6.811141498967728,1,0,1,anti_homophones
10882,hV4ge1,6,-5.880008836440891,2,5.880008836440891,1,0,3,anti_homophones
10883,gan1di4,7,-5.5182662548332155,2,5.5182662548332155,1,0,4,anti_homophones
10884,shi4pLn1,8,-6.00866466694894,2,6.00866466694894,1,1,1,anti_homophones
10885,dan1fen1ling4,13,-9.255708198007984,3,9.255708198007984,1,0,0,anti_homophones
10886,qi3hU1pin3wo4,13,-12.35948952474363,4,12.35948952474363,1,0,0,anti_homophones
10887,bW3yi3tong1,11,-9.437437632853895,3,9.437437632853895,1,0,0,anti_homophones
10888,chUng1ren2,10,-5.516179924394556,2,5.516179924394556,1,0,3,anti_homophones
10889,he2A2shi4,9,-8.66635064847024,3,8.66635064847024,1,0,0,anti_homophones
10890,bE4zhe3sA4,10,-8.843831625965677,3,8.843831625965677,1,0,0,anti_homophones
10891,cang1di4qin1qun2,16,-13.69569779402654,4,13.69569779402654,1,0,0,anti_homophones
10892,gI1ling3shV3,12,-9.382099746283707,3,9.382099746283707,1,0,0,anti_homophones
10893,sheng1ting2,11,-6.101441863181162,2,6.101441863181162,1,0,6,anti_homophones
10894,dan1jL1,7,-5.672768519078546,2,5.672768519078546,1,0,3,anti_homophones
10895,da4qK2,6,-5.890072531247317,2,5.890072531247317,1,0,4,anti_homophones
10896,shI3ni2ji1,10,-7.997771792228376,3,7.997771792228376,1,0,0,anti_homophones
10897,shi1zhen2hO4,12,-9.26454906681139,3,9.26454906681139,1,0,0,anti_homophones
10898,shI3gO1,7,-5.480688188006017,2,5.480688188006017,1,1,3,anti_homophones
10899,xC4ku3,6,-6.039428302968766,2,6.039428302968766,1,0,4,anti_homophones
10900,gUn3yu4yC4du4,13,-10.952384282265644,4,10.952384282265644,1,0,0,anti_homophones
10901,li2mi4ting3,11,-9.426701274837509,3,9.426701274837509,1,0,0,anti_homophones
10902,xi1pQ4,6,-5.897836768824095,2,5.897836768824095,1,0,3,anti_homophones
10903,yV1yV1yan4,10,-7.884270021617471,3,7.884270021617471,1,0,0,anti_homophones
10904,chu2shi4,8,-5.508790966509997,2,5.508790966509997,1,0,7,anti_homophones
10905,xC4yan4er2qi1,13,-10.683351724721607,4,10.683351724721607,1,0,0,anti_homophones
10906,gen1li4,7,-5.763452870613307,2,5.763452870613307,1,0,3,anti_homophones
10907,jK4neng1,8,-7.145168923593788,2,7.145168923593788,1,1,0,anti_homophones
10908,tan4nLn4,8,-6.589305277054105,2,6.589305277054105,1,0,1,anti_homophones
10909,jLn1shi4,8,-5.184844247082633,2,5.184844247082633,1,1,5,anti_homophones
10910,xYng1wu1ye4,11,-8.526573725770245,3,8.526573725770245,1,0,0,anti_homophones
10911,chun4ji2,8,-6.191821745237422,2,6.191821745237422,1,0,3,anti_homophones
10912,tV1cQ3zhi2li4,13,-11.650364752238616,4,11.650364752238616,1,0,0,anti_homophones
10913,bu4jin4,7,-5.013779485098515,2,5.013779485098515,1,2,4,anti_homophones
10914,ke1pen2,7,-6.173889382569379,2,6.173889382569379,1,0,1,anti_homophones
10915,fa1mQ4,6,-5.663431673366049,2,5.663431673366049,1,0,6,anti_homophones
10916,ben3ban1,8,-6.540839003885977,2,6.540839003885977,1,0,1,anti_homophones
10917,yi1rV4tong4shi4,15,-11.070847109014911,4,11.070847109014911,1,0,0,anti_homophones
10918,sha1dLn3qUn3zhong1,18,-12.612767797002885,4,12.612767797002885,1,0,0,anti_homophones
10919,hO3hang2,8,-6.866646680062709,2,6.866646680062709,1,0,3,anti_homophones
10920,gU4hU4ben3,10,-9.485002358165572,3,9.485002358165572,1,0,0,anti_homophones
10921,gan3yi1sUn4,11,-8.63488204687629,3,8.63488204687629,1,0,0,anti_homophones
10922,zheng1lQ2,9,-6.373244163594393,2,6.373244163594393,1,0,0,anti_homophones
10923,kA1shen1,8,-5.912856663754806,2,5.912856663754806,1,0,2,anti_homophones
10924,ji4xK1jLn4,10,-8.334248866565176,3,8.334248866565176,1,0,0,anti_homophones
10925,zQ4wA4qLn1jLng1,15,-13.221627125342184,4,13.221627125342184,1,0,0,anti_homophones
10926,sheng2zO4,9,-5.93419254252345,2,5.93419254252345,1,0,3,anti_homophones
10927,pLn4shang3,10,-6.8044374637937866,2,6.8044374637937866,1,0,2,anti_homophones
10928,ken3ge2,7,-7.428405948446595,2,7.428405948446595,1,0,1,anti_homophones
10929,qLn2si3,7,-6.357235657151333,2,6.357235657151333,1,0,4,anti_homophones
10930,chO4sheng4fE1,13,-10.99161145325491,3,10.99161145325491,1,0,0,anti_homophones
10931,lLng3pang1gI3,13,-11.30323362846207,3,11.30323362846207,1,0,0,anti_homophones
10932,wE1shI3,7,-5.770064776967176,2,5.770064776967176,1,0,4,anti_homophones
10933,ting2shi4,9,-5.671944480967655,2,5.671944480967655,1,1,10,anti_homophones
10934,jM1ding4ren2,12,-7.951229326541528,3,7.951229326541528,1,0,0,anti_homophones
10935,jW3long1shan4dA4,16,-11.717831549695994,4,11.717831549695994,1,0,0,anti_homophones
10936,jW4ji2zheng1,12,-8.654571082016872,3,8.654571082016872,1,0,0,anti_homophones
10937,jing4xing4,10,-5.658038485354112,2,5.658038485354112,1,0,3,anti_homophones
10938,chu1jLng4,9,-6.00649524508608,2,6.00649524508608,1,0,2,anti_homophones
10939,can1mV2qUn2xi2,14,-11.634102700555163,4,11.634102700555163,1,0,0,anti_homophones
10940,wu2nan4qu4xi4,13,-13.11416087468415,4,13.11416087468415,1,0,0,anti_homophones
10941,yV1xLn2,7,-5.811929408685825,2,5.811929408685825,1,0,2,anti_homophones
10942,gP4li4,6,-5.278961660375714,2,5.278961660375714,1,0,3,anti_homophones
10943,kV3shQ1bi4hI4,13,-11.231456976033385,4,11.231456976033385,1,0,0,anti_homophones
10944,zhI1ji4yu2,10,-8.368316419989746,3,8.368316419989746,1,0,0,anti_homophones
10945,dong1yan4chu1jLn4,17,-11.844693209260122,4,11.844693209260122,1,0,0,anti_homophones
10946,xun4lang4,9,-6.982031679288842,2,6.982031679288842,1,0,1,anti_homophones
10947,bing4er5,8,-6.547073837823516,2,6.547073837823516,1,0,1,anti_homophones
10948,pan2ji1,7,-5.85819286827783,2,5.85819286827783,1,0,3,anti_homophones
10949,re4wu4,6,-5.993985253823274,2,5.993985253823274,1,0,7,anti_homophones
10950,hE1di4,6,-5.1899007073217085,2,5.1899007073217085,1,0,7,anti_homophones
10951,cu1jL4,6,-7.275814660586845,2,7.275814660586845,1,0,1,anti_homophones
10952,chUn2chI2shi4,13,-9.574184635078232,3,9.574184635078232,1,0,0,anti_homophones
10953,jin1li3,7,-5.460647912111342,2,5.460647912111342,1,0,4,anti_homophones
10954,chu2dan4,8,-6.851133203197701,2,6.851133203197701,1,0,0,anti_homophones
10955,xLn1nLn2wu4,11,-8.402633037864666,3,8.402633037864666,1,0,0,anti_homophones
10956,kA1fa3,6,-4.871555514150286,2,4.871555514150286,1,1,1,anti_homophones
10957,chun3dLn3xin1ye3,16,-12.712073323990948,4,12.712073323990948,1,0,0,anti_homophones
10958,sha1dV3,7,-6.407519173644956,2,6.407519173644956,1,0,1,anti_homophones
10959,jW4tong4,8,-5.942568985910571,2,5.942568985910571,1,0,2,anti_homophones
10960,zhe2nan2zhi1xW4,15,-12.014968628512543,4,12.014968628512543,1,0,0,anti_homophones
10961,mQ2ce4hO2,9,-8.608273705581489,3,8.608273705581489,1,0,0,anti_homophones
10962,ye3cQ3men2min2,14,-11.374008930116608,4,11.374008930116608,1,0,0,anti_homophones
10963,gang4mE3xLn4jin1,16,-13.131304187523625,4,13.131304187523625,1,0,0,anti_homophones
10964,ding1re4,8,-6.924832680014181,2,6.924832680014181,1,0,0,anti_homophones
10965,bQ3mE3,6,-6.204772795973961,2,6.204772795973961,1,0,2,anti_homophones
10966,rV4ji2,6,-5.663355447336442,2,5.663355447336442,1,0,2,anti_homophones
10967,hI1yUn2,7,-5.616273648497374,2,5.616273648497374,1,0,3,anti_homophones
10968,chi4nE4,7,-7.032457617661921,2,7.032457617661921,1,0,1,anti_homophones
10969,mo4chi3,7,-6.901167411161779,2,6.901167411161779,1,0,1,anti_homophones
10970,xL4jLng4hU4,11,-8.38288983897865,3,8.38288983897865,1,0,0,anti_homophones
10971,zhe3qC1,7,-6.490706870625683,2,6.490706870625683,1,0,0,anti_homophones
10972,dO1zheng1qi4xC2,15,-10.942496121492795,4,10.942496121492795,1,0,0,anti_homophones
10973,tong3jL1wA4,11,-9.563894889635893,3,9.563894889635893,1,0,0,anti_homophones
10974,tu2sO3xLn2,10,-8.33813400804183,3,8.33813400804183,1,0,0,anti_homophones
10975,zhQ1ren4dI4,11,-8.793955194899613,3,8.793955194899613,1,0,0,anti_homophones
10976,chUng1dQ1,9,-6.3782107097001,2,6.3782107097001,1,0,0,anti_homophones
10977,xM1hU4,6,-6.051715150238764,2,6.051715150238764,1,0,4,anti_homophones
10978,pA2fen1ceng2chi2,16,-12.746864087128124,4,12.746864087128124,1,0,0,anti_homophones
10979,di4gI3hP2,9,-8.792860810589987,3,8.792860810589987,1,0,0,anti_homophones
10980,da4jK3pan2,10,-8.975747262397517,3,8.975747262397517,1,0,0,anti_homophones
10981,zhi1ti3,7,-5.6896988561904065,2,5.6896988561904065,1,1,3,anti_homophones
10982,chun2mi4mi4gUn4,15,-12.811161107019398,4,12.811161107019398,1,0,0,anti_homophones
10983,he2neng3fu2tun1,15,-12.776238000305566,4,12.776238000305566,1,0,0,anti_homophones
10984,cun2chang4,10,-6.534319696534736,2,6.534319696534736,1,0,0,anti_homophones
10985,lK2shi4,7,-5.0107331945287354,2,5.0107331945287354,1,1,1,anti_homophones
10986,qing2zhA2dQ4,12,-9.535031468359739,3,9.535031468359739,1,0,0,anti_homophones
10987,qun2zhi4yang4,13,-9.19166731744093,3,9.19166731744093,1,0,0,anti_homophones
10988,lUn4du2xLng1,12,-9.624871403256037,3,9.624871403256037,1,0,0,anti_homophones
10989,li4jin1zu1jK3,13,-12.117323817852155,4,12.117323817852155,1,0,0,anti_homophones
10990,fan3hu4cong4,12,-10.019663450196324,3,10.019663450196324,1,0,0,anti_homophones
10991,zhA1hong3,9,-8.441644099014587,2,8.441644099014587,1,0,1,anti_homophones
10992,ming2yUn1cha2,13,-9.73145096160257,3,9.73145096160257,1,0,0,anti_homophones
10993,si4lin3,7,-7.585883438054934,2,7.585883438054934,1,0,1,anti_homophones
10994,pE2yan2hU4nA3,13,-12.506427387267054,4,12.506427387267054,1,0,0,anti_homophones
10995,yan3gO4shi4,11,-8.1406250240398,3,8.1406250240398,1,0,0,anti_homophones
10996,mi2wa2,6,-7.221315166739687,2,7.221315166739687,1,0,2,anti_homophones
10997,fen1wE1,7,-6.21891297429339,2,6.21891297429339,1,0,1,anti_homophones
10998,hong1yQ2zi4,11,-10.095802309653749,3,10.095802309653749,1,0,0,anti_homophones
10999,kQ3shi4,7,-5.240334801184045,2,5.240334801184045,1,1,10,anti_homophones
11000,Q4shen1,7,-6.509646522963565,2,6.509646522963565,1,0,0,anti_homophones
11001,jing4ji1,8,-5.444180290626137,2,5.444180290626137,1,0,3,anti_homophones
11002,yang2ren2yUn4ming4,18,-11.564423844238231,4,11.564423844238231,1,0,0,anti_homophones
11003,shi2xC2li5,10,-9.097006558103223,3,9.097006558103223,1,0,0,anti_homophones
11004,yi2wan4dA4lLng3,15,-11.914414063508776,4,11.914414063508776,1,0,0,anti_homophones
11005,zhQ4wE2gUn1,11,-8.442103958524042,3,8.442103958524042,1,0,0,anti_homophones
11006,di3xun4cQ2yi4,13,-13.234962909353335,4,13.234962909353335,1,0,0,anti_homophones
11007,nQ3nU4,6,-7.82332833976189,2,7.82332833976189,1,0,1,anti_homophones
11008,gong2li3ran2xW4,15,-11.48721611247233,4,11.48721611247233,1,0,0,anti_homophones
11009,er4shI3dLn3,11,-8.175671434930935,3,8.175671434930935,1,0,0,anti_homophones
11010,li2xL2,6,-6.4831728647355,2,6.4831728647355,1,0,1,anti_homophones
11011,men2fang4shI4,13,-9.692176978375931,3,9.692176978375931,1,0,0,anti_homophones
11012,yun4che4ma3,11,-9.814625652803086,3,9.814625652803086,1,0,0,anti_homophones
11013,zhi1hun2,8,-6.559125418818984,2,6.559125418818984,1,0,0,anti_homophones
11014,hQ3xin1pi2,10,-8.67571919427672,3,8.67571919427672,1,0,0,anti_homophones
11015,lK4bW3,6,-6.187293430617688,2,6.187293430617688,1,0,4,anti_homophones
11016,di3xL4,6,-6.04429289013374,2,6.04429289013374,1,0,3,anti_homophones
11017,bing2xW4,8,-5.809598514909232,2,5.809598514909232,1,0,2,anti_homophones
11018,cu4rV4,6,-6.800886869284055,2,6.800886869284055,1,0,0,anti_homophones
11019,gO4yV2rO4ding1,14,-12.062746108579587,4,12.062746108579587,1,0,0,anti_homophones
11020,she4se4,7,-4.942015261959626,2,4.942015261959626,1,1,5,anti_homophones
11021,yu4mu4mu4,9,-7.615205027740948,3,7.615205027740948,1,0,0,anti_homophones
11022,tO1re4yu2jLn4,13,-12.623241030597901,4,12.623241030597901,1,0,0,anti_homophones
11023,tu3zhong1dQ3hu4,15,-11.124488658829728,4,11.124488658829728,1,0,0,anti_homophones
11024,da4ya1jM2,9,-7.761066377941171,3,7.761066377941171,1,0,0,anti_homophones
11025,zi4yan4zhan3,12,-9.06078921640735,3,9.06078921640735,1,0,0,anti_homophones
11026,qLng1chan4,10,-6.358227774487776,2,6.358227774487776,1,0,0,anti_homophones
11027,shV3qUn2,8,-5.5959823201849295,2,5.5959823201849295,1,0,0,anti_homophones
11028,zQ4jing2yong2pA2,16,-12.674450907811938,4,12.674450907811938,1,0,0,anti_homophones
11029,bLn1lang4ren2,13,-9.00317927678699,3,9.00317927678699,1,0,0,anti_homophones
11030,wu4qUn1wan1,11,-11.021640617760438,3,11.021640617760438,1,0,0,anti_homophones
11031,fu4gQ3,6,-5.9488987181031225,2,5.9488987181031225,1,0,1,anti_homophones
11032,fo2shV1yu4nW3,13,-12.779898396026534,4,12.779898396026534,1,0,0,anti_homophones
11033,bQ3shi2,7,-5.172419582399381,2,5.172419582399381,1,1,8,anti_homophones
11034,nan4zhe5,8,-7.05562357752529,2,7.05562357752529,1,0,0,anti_homophones
11035,da3rang1er2xing1,16,-12.420731288531773,4,12.420731288531773,1,0,0,anti_homophones
11036,dong2yang3,10,-6.508540876314371,2,6.508540876314371,1,0,0,anti_homophones
11037,mo2mM1,6,-6.16381661259338,2,6.16381661259338,1,0,0,anti_homophones
11038,bE1bo2li4,9,-7.8632021893795585,3,7.8632021893795585,1,0,0,anti_homophones
11039,ci4sI4sI4,9,-8.821028079131557,3,8.821028079131557,1,0,0,anti_homophones
11040,xL1zhUn1,8,-7.254624141360872,2,7.254624141360872,1,0,0,anti_homophones
11041,jM3kUng1da2,11,-9.44314424798259,3,9.44314424798259,1,0,0,anti_homophones
11042,kUng1bu4,8,-6.253085090979657,2,6.253085090979657,1,0,1,anti_homophones
11043,zi4jin4,7,-5.330913019877378,2,5.330913019877378,1,0,3,anti_homophones
11044,zhUng1lE3ji1,12,-8.260479886346651,3,8.260479886346651,1,0,0,anti_homophones
11045,lQ2dQ4,6,-5.689068533587071,2,5.689068533587071,1,1,2,anti_homophones
11046,jLn4he2lv3tu2,13,-10.772200335942447,4,10.772200335942447,1,0,0,anti_homophones
11047,jW3ti2,6,-5.655187142151577,2,5.655187142151577,1,0,5,anti_homophones
11048,jLn4ling1,9,-6.383274193256376,2,6.383274193256376,1,0,1,anti_homophones
11049,zun1tQ2,7,-7.3341744299120295,2,7.3341744299120295,1,0,1,anti_homophones
11050,shan4dI4hI4,11,-8.691570845432928,3,8.691570845432928,1,0,0,anti_homophones
11051,qing4gan3,9,-5.981192130985144,2,5.981192130985144,1,0,2,anti_homophones
11052,yV2ji1,6,-5.0101807235095155,2,5.0101807235095155,1,0,7,anti_homophones
11053,tM3shi2bu4yu2,13,-9.813595464600564,4,9.813595464600564,1,0,0,anti_homophones
11054,shi3zhi4,8,-5.54505871367531,2,5.54505871367531,1,0,6,anti_homophones
11055,bE3ban3ji1,10,-7.8842565394181126,3,7.8842565394181126,1,0,0,anti_homophones
11056,bu4yi1lLng4,11,-7.733897525001105,3,7.733897525001105,1,0,0,anti_homophones
11057,mE3mW2shi4,10,-7.749029637901113,3,7.749029637901113,1,0,0,anti_homophones
11058,gong2di4gu3ding2,16,-11.529299031407158,4,11.529299031407158,1,0,0,anti_homophones
11059,er4jing4,8,-5.564227856490502,2,5.564227856490502,1,0,2,anti_homophones
11060,tan3hang3,9,-7.392678953947883,2,7.392678953947883,1,0,0,anti_homophones
11061,hP2zheng4,9,-6.703565621302315,2,6.703565621302315,1,0,0,anti_homophones
11062,fu4zhong4zhi3,13,-8.287567225362803,3,8.287567225362803,1,0,0,anti_homophones
11063,zi4cA4zI4gUng4,14,-12.618551859263858,4,12.618551859263858,1,0,0,anti_homophones
11064,shV1zi3xing2,12,-8.625561022105074,3,8.625561022105074,1,0,0,anti_homophones
11065,qi4xin1,7,-5.5535613457546615,2,5.5535613457546615,1,1,7,anti_homophones
11066,zO1na4fu2,9,-8.89515360195654,3,8.89515360195654,1,0,0,anti_homophones
11067,xLn2meng4zhu1ji1,16,-12.383495000313165,4,12.383495000313165,1,0,0,anti_homophones
11068,gI4bi3fang3,11,-8.638340709787068,3,8.638340709787068,1,0,0,anti_homophones
11069,hu1fan3,7,-6.636833181435609,2,6.636833181435609,1,0,1,anti_homophones
11070,tu2zheng3nLn4,13,-10.202184452604184,3,10.202184452604184,1,0,0,anti_homophones
11071,tW3fen1,7,-6.52344972940133,2,6.52344972940133,1,0,2,anti_homophones
11072,zA4jW3zO4,9,-8.243624449731042,3,8.243624449731042,1,0,0,anti_homophones
11073,cA1chen2,8,-6.549382710583436,2,6.549382710583436,1,0,1,anti_homophones
11074,yV3chu1nin2na2,14,-14.624119164547352,4,14.624119164547352,1,0,0,anti_homophones
11075,ling2shu4,9,-5.907733648983896,2,5.907733648983896,1,1,2,anti_homophones
11076,yV2de2er2,9,-7.955866767897877,3,7.955866767897877,1,0,0,anti_homophones
11077,jLn3bLn1,8,-6.544050725653733,2,6.544050725653733,1,0,0,anti_homophones
11078,deng4hI3ku3,11,-10.778630992677837,3,10.778630992677837,1,0,0,anti_homophones
11079,ban4hI4,7,-5.661053783214131,2,5.661053783214131,1,0,5,anti_homophones
11080,ji1yang1fu1ren2,15,-11.922836040680341,4,11.922836040680341,1,0,0,anti_homophones
11081,bu4ye2,6,-6.36550779852146,2,6.36550779852146,1,0,8,anti_homophones
11082,xC3qW2,6,-5.897900145077295,2,5.897900145077295,1,0,1,anti_homophones
11083,sheng3ban1teng4,15,-10.485316437587601,3,10.485316437587601,1,0,0,anti_homophones
11084,nen4jin1,8,-7.343990802177768,2,7.343990802177768,1,0,1,anti_homophones
11085,ren4jin1,8,-6.435946115062667,2,6.435946115062667,1,1,1,anti_homophones
11086,zhUng4A2,8,-6.986934060607991,2,6.986934060607991,1,0,2,anti_homophones
11087,xi3nLn2,7,-6.836222321760675,2,6.836222321760675,1,0,2,anti_homophones
11088,wA4xi2jL1chang1,15,-11.696388241860353,4,11.696388241860353,1,0,0,anti_homophones
11089,feng4tV2ding1rong2,18,-12.724958124208385,4,12.724958124208385,1,0,0,anti_homophones
11090,bu4ding4,8,-5.229982046751935,2,5.229982046751935,1,0,9,anti_homophones
11091,jL1zhi4shi2jK3,14,-10.436836811364401,4,10.436836811364401,1,0,0,anti_homophones
11092,chUn2fE2,8,-7.5841213980953475,2,7.5841213980953475,1,0,0,anti_homophones
11093,zi4zhQ4jLn4,11,-8.355073071453628,3,8.355073071453628,1,0,0,anti_homophones
11094,lLng4zi4leng4,13,-10.10903955849778,3,10.10903955849778,1,0,0,anti_homophones
11095,xin1che3,8,-6.56551158598261,2,6.56551158598261,1,0,0,anti_homophones
11096,bA4tA4yan2,10,-8.017787000517902,3,8.017787000517902,1,0,0,anti_homophones
11097,gu1lin2,7,-6.267893652466043,2,6.267893652466043,1,0,0,anti_homophones
11098,li4li4,6,-5.419423362958889,2,5.419423362958889,1,0,10,anti_homophones
11099,qi2nan2,7,-5.389114885414976,2,5.389114885414976,1,1,2,anti_homophones
11100,dLn3dV4,7,-6.49735440927825,2,6.49735440927825,1,0,2,anti_homophones
11101,sheng2zheng2,12,-6.177111562969276,2,6.177111562969276,1,1,2,anti_homophones
11102,an4nA3lO4,9,-9.409930338625504,3,9.409930338625504,1,0,0,anti_homophones
11103,yV1lv4,6,-5.411161487580371,2,5.411161487580371,1,0,2,anti_homophones
11104,he2zhe3,7,-5.464491416492789,2,5.464491416492789,1,0,5,anti_homophones
11105,jing2qi4jW3qi4,14,-10.973073700743804,4,10.973073700743804,1,0,0,anti_homophones
11106,mQ2ku4,6,-5.4163864074057,2,5.4163864074057,1,0,5,anti_homophones
11107,yi2gen1,7,-6.500968378661656,2,6.500968378661656,1,0,1,anti_homophones
11108,cheng2zhUn4,11,-6.73818930933272,2,6.73818930933272,1,1,1,anti_homophones
11109,lM4gO2,6,-6.1132228513093025,2,6.1132228513093025,1,0,1,anti_homophones
11110,xLn4chun4shI3gan4,17,-12.490766092892065,4,12.490766092892065,1,0,0,anti_homophones
11111,wE3xLn4,7,-5.719250228091961,2,5.719250228091961,1,0,0,anti_homophones
11112,fE1di4,6,-5.367620281070439,2,5.367620281070439,1,0,8,anti_homophones
11113,bA2shP4,7,-6.329146376869554,2,6.329146376869554,1,0,1,anti_homophones
11114,dQ3sheng1,9,-6.266874326020461,2,6.266874326020461,1,0,4,anti_homophones
11115,qi3mE4,6,-5.6489999638845765,2,5.6489999638845765,1,0,1,anti_homophones
11116,pi2ren2shi5,11,-9.164797327476125,3,9.164797327476125,1,0,0,anti_homophones
11117,qi1bu4li3shen3,14,-11.451043543408543,4,11.451043543408543,1,0,0,anti_homophones
11118,kQ4de2yong1,11,-9.697476977368698,3,9.697476977368698,1,0,0,anti_homophones
11119,yan3kP4kA1,10,-9.501857512038795,3,9.501857512038795,1,0,0,anti_homophones
11120,gQ1shi4,7,-4.8435001134792826,2,4.8435001134792826,1,0,6,anti_homophones
11121,jun1yC4jM4gUn1,14,-10.611273528959925,4,10.611273528959925,1,0,0,anti_homophones
11122,dan4qi4,7,-5.117899117304084,2,5.117899117304084,1,0,10,anti_homophones
11123,gQ1yi4,6,-5.023968796095119,2,5.023968796095119,1,0,9,anti_homophones
11124,da4fa1yan4xW4,13,-10.978033021113246,4,10.978033021113246,1,0,0,anti_homophones
11125,kA1hO4,6,-5.423299110077357,2,5.423299110077357,1,0,6,anti_homophones
11126,zhen2gUn3teng2,14,-10.99970249105091,3,10.99970249105091,1,0,0,anti_homophones
11127,bA2shang2,9,-6.144436394527443,2,6.144436394527443,1,0,0,anti_homophones
11128,yQ2hU4cheng2bW3,15,-11.882500630363863,4,11.882500630363863,1,0,0,anti_homophones
11129,da4lan4,7,-5.436864194509489,2,5.436864194509489,1,0,10,anti_homophones
11130,zhan1hU1zan4,12,-9.452542305173896,3,9.452542305173896,1,0,0,anti_homophones
11131,tong2ju1,8,-6.396412169013109,2,6.396412169013109,1,0,5,anti_homophones
11132,fa1ji2zi5,9,-7.2760257143179565,3,7.2760257143179565,1,0,0,anti_homophones
11133,xW3gI2gu4,9,-9.1075520440229,3,9.1075520440229,1,0,0,anti_homophones
11134,ge4xin4,7,-5.901739284923254,2,5.901739284923254,1,0,1,anti_homophones
11135,mu4xin1,7,-5.444896121798663,2,5.444896121798663,1,0,2,anti_homophones
11136,hong2wE4,8,-6.004887200741403,2,6.004887200741403,1,0,1,anti_homophones
11137,fu4gong3,8,-5.965626518845251,2,5.965626518845251,1,0,2,anti_homophones
11138,shV3bu4qi4,10,-6.530091712328444,3,6.530091712328444,1,0,0,anti_homophones
11139,fu4ri4,6,-5.6056706643582945,2,5.6056706643582945,1,0,10,anti_homophones
11140,she4neng1,9,-6.51982979134738,2,6.51982979134738,1,0,1,anti_homophones
11141,cheng2kong1tV2,14,-8.851852133708181,3,8.851852133708181,1,0,0,anti_homophones
11142,kA1tO4,6,-5.903350080507861,2,5.903350080507861,1,0,2,anti_homophones
11143,fE2mu4bu4che1,13,-10.801120035580977,4,10.801120035580977,1,0,0,anti_homophones
11144,shi2wu3,7,-6.02742137709303,2,6.02742137709303,1,0,5,anti_homophones
11145,tun1ni1,7,-8.590717234027244,2,8.590717234027244,1,0,0,anti_homophones
11146,chong1hI4,9,-5.949142901766525,2,5.949142901766525,1,0,2,anti_homophones
11147,dI4ze2,6,-5.660737372629415,2,5.660737372629415,1,1,3,anti_homophones
11148,xM2xLn4zi5,10,-7.988817059042966,3,7.988817059042966,1,0,0,anti_homophones
11149,wen1dW4dUn4,11,-10.253309873322978,3,10.253309873322978,1,0,0,anti_homophones
11150,nA4man3lW4,10,-9.444256024233002,3,9.444256024233002,1,0,0,anti_homophones
11151,dUn1jL1,7,-6.319014837685962,2,6.319014837685962,1,0,6,anti_homophones
11152,dL3shi4hU4,10,-8.435128728092744,3,8.435128728092744,1,0,0,anti_homophones
11153,jM4he4yi4,9,-8.511735853147872,3,8.511735853147872,1,0,0,anti_homophones
11154,bA4lO4shu4tu2,13,-11.946538164422867,4,11.946538164422867,1,0,0,anti_homophones
11155,zhu4jUn3,8,-6.682111584902966,2,6.682111584902966,1,0,0,anti_homophones
11156,pE4wen2,7,-5.933619086850192,2,5.933619086850192,1,0,2,anti_homophones
11157,cong3ye4che1,12,-9.34906339821532,3,9.34906339821532,1,0,0,anti_homophones
11158,ge2bi3,6,-6.220174891692847,2,6.220174891692847,1,0,5,anti_homophones
11159,ran2shi4teng3,13,-10.039697776505005,3,10.039697776505005,1,0,0,anti_homophones
11160,shen4pQ2,8,-7.109306602638819,2,7.109306602638819,1,0,1,anti_homophones
11161,zO4wE1,6,-6.2203057606908345,2,6.2203057606908345,1,0,1,anti_homophones
11162,hI2bE4yan3er2,13,-11.083519573409221,4,11.083519573409221,1,0,0,anti_homophones
11163,qing3zI3bing1,13,-9.41031995985716,3,9.41031995985716,1,0,0,anti_homophones
11164,zhong1tM1xLn2,13,-9.07926325164128,3,9.07926325164128,1,0,0,anti_homophones
11165,yin4qi1,7,-6.144771695392154,2,6.144771695392154,1,0,4,anti_homophones
11166,na4he2tong4,11,-8.633760130448751,3,8.633760130448751,1,0,0,anti_homophones
11167,xC4jM2,6,-6.40003510709139,2,6.40003510709139,1,0,3,anti_homophones
11168,yQ3ting4,8,-6.776602014805197,2,6.776602014805197,1,0,1,anti_homophones
11169,xin1fan3,8,-6.031979780055072,2,6.031979780055072,1,0,1,anti_homophones
11170,zhQ1lQ2jing1,12,-9.263720286204961,3,9.263720286204961,1,0,0,anti_homophones
11171,lu4jK4fu4bW3,12,-11.455298527926164,4,11.455298527926164,1,0,0,anti_homophones
11172,chong2jing1ti3,14,-9.445579317635685,3,9.445579317635685,1,0,0,anti_homophones
11173,pW1pen2xun2jin1,15,-12.590053031054063,4,12.590053031054063,1,0,0,anti_homophones
11174,tO1ren2jK1dW4,13,-10.713964333036119,4,10.713964333036119,1,0,0,anti_homophones
11175,jM2zhUn1zhO1,12,-9.826338975859272,3,9.826338975859272,1,0,0,anti_homophones
11176,jL1ye4chUng1jun1,16,-11.805590421181806,4,11.805590421181806,1,0,0,anti_homophones
11177,gong4qLn1lE3,12,-9.418729732359921,3,9.418729732359921,1,0,0,anti_homophones
11178,sheng2qing1,11,-6.366569029037013,2,6.366569029037013,1,0,0,anti_homophones
11179,qLn3qC4,7,-6.645801852233969,2,6.645801852233969,1,0,0,anti_homophones
11180,hQ3nLn2,7,-5.685710859932988,2,5.685710859932988,1,0,6,anti_homophones
11181,lK2shO1kong1,12,-9.255709853075999,3,9.255709853075999,1,0,0,anti_homophones
11182,chong3qin1,10,-7.315963576071679,2,7.315963576071679,1,0,0,anti_homophones
11183,hI1wen2,7,-6.067745209151162,2,6.067745209151162,1,0,0,anti_homophones
11184,zhe2lW4,7,-6.247901522182402,2,6.247901522182402,1,0,2,anti_homophones
11185,bi3dO4,6,-6.95001076454775,2,6.95001076454775,1,0,2,anti_homophones
11186,bA4li3jLn4,10,-8.536128826677023,3,8.536128826677023,1,0,0,anti_homophones
11187,mV3gan1,7,-6.213181667616278,2,6.213181667616278,1,0,0,anti_homophones
11188,shi4ye2,7,-6.344261945925175,2,6.344261945925175,1,0,3,anti_homophones
11189,er2yu3,6,-5.882951660259333,2,5.882951660259333,1,0,0,anti_homophones
11190,zhI1hA4,7,-7.252179835861252,2,7.252179835861252,1,0,2,anti_homophones
11191,chP3dA4shu2,11,-9.636540051962104,3,9.636540051962104,1,0,0,anti_homophones
11192,nK2ji4chQ1yi4,13,-11.50447612933345,4,11.50447612933345,1,0,0,anti_homophones
11193,mo4san4lA2,10,-9.156075921944177,3,9.156075921944177,1,0,0,anti_homophones
11194,jLng2ye4gI1,11,-9.591473368885147,3,9.591473368885147,1,0,0,anti_homophones
11195,pi2fa1nan2,10,-9.248971125487195,3,9.248971125487195,1,0,0,anti_homophones
11196,tA2bA2A2,8,-8.279324445934614,3,8.279324445934614,1,0,0,anti_homophones
11197,jing2chu1zhen2,14,-8.991606840730588,3,8.991606840730588,1,0,0,anti_homophones
11198,yi1er2,6,-5.4056575333262185,2,5.4056575333262185,1,0,1,anti_homophones
11199,xC4yi3,6,-6.262387491503055,2,6.262387491503055,1,0,1,anti_homophones
11200,yC4gO1ben3,10,-9.67586970971973,3,9.67586970971973,1,0,0,anti_homophones
11201,bA4ji1,6,-5.502595373515638,2,5.502595373515638,1,0,4,anti_homophones
11202,feng4qi4,8,-5.43934315563518,2,5.43934315563518,1,0,4,anti_homophones
11203,qLng1di3,8,-6.404427593863772,2,6.404427593863772,1,0,1,anti_homophones
11204,gV1li3jin3,10,-9.885338255190046,3,9.885338255190046,1,0,0,anti_homophones
11205,qing3ti3li3pang1,16,-12.931429628558442,4,12.931429628558442,1,0,0,anti_homophones
11206,qM1hU4jM2,9,-8.554794324744162,3,8.554794324744162,1,0,0,anti_homophones
11207,shang2jL1,9,-5.498194781596803,2,5.498194781596803,1,1,2,anti_homophones
11208,kQ3yu3,6,-5.964988580879656,2,5.964988580879656,1,0,3,anti_homophones
11209,hong1shi1zhang3tLn1,19,-11.88610642675576,4,11.88610642675576,1,0,0,anti_homophones
11210,ju1nang4,8,-7.794537834700062,2,7.794537834700062,1,0,1,anti_homophones
11211,xing4tV2,8,-5.608911028442258,2,5.608911028442258,1,0,2,anti_homophones
11212,xun4bing2,9,-6.5392842581905395,2,6.5392842581905395,1,0,1,anti_homophones
11213,dI4wE4,6,-5.485288762631729,2,5.485288762631729,1,1,3,anti_homophones
11214,lQ3shi1,7,-5.42449058891464,2,5.42449058891464,1,0,8,anti_homophones
11215,si1xUn3po4,10,-10.075613665094604,3,10.075613665094604,1,0,0,anti_homophones
11216,hQ3hu5,6,-6.513157830886079,2,6.513157830886079,1,0,1,anti_homophones
11217,xYng2yang4,10,-6.428661980153456,2,6.428661980153456,1,0,0,anti_homophones
11218,sheng1qing4,11,-5.688363641749505,2,5.688363641749505,1,0,4,anti_homophones
11219,sheng1ming2,11,-5.716293382399627,2,5.716293382399627,1,1,5,anti_homophones
11220,ming4bu4er3,11,-9.350540132052048,3,9.350540132052048,1,0,0,anti_homophones
11221,gu3pA2zhi1,10,-8.931887898900513,3,8.931887898900513,1,0,0,anti_homophones
11222,fE2pa1,6,-6.506687623439632,2,6.506687623439632,1,0,0,anti_homophones
11223,di4yV3shi4,10,-7.465149718598433,3,7.465149718598433,1,0,0,anti_homophones
11224,da4gQ1tu4ri4,12,-12.217174966883546,4,12.217174966883546,1,0,0,anti_homophones
11225,jL1ming1,8,-6.147570534069307,2,6.147570534069307,1,0,2,anti_homophones
11226,gen1hV4jing2,12,-8.87484053486604,3,8.87484053486604,1,0,0,anti_homophones
11227,A4deng3,7,-7.570131182307811,2,7.570131182307811,1,0,0,anti_homophones
11228,ge1qu1bQ1,9,-9.259799615451199,3,9.259799615451199,1,0,0,anti_homophones
11229,xi4zi4mLn2,10,-9.548799451303873,3,9.548799451303873,1,0,0,anti_homophones
11230,lan2li4ju4,10,-8.311206061130875,3,8.311206061130875,1,0,0,anti_homophones
11231,jW4lLn2che1gU1,14,-11.144807253199568,4,11.144807253199568,1,0,0,anti_homophones
11232,chQ2wu4shi4,11,-7.371227139031147,3,7.371227139031147,1,0,0,anti_homophones
11233,na4bing3,8,-7.336262974667418,2,7.336262974667418,1,0,0,anti_homophones
11234,pE2tV2,6,-5.8962249225462084,2,5.8962249225462084,1,0,1,anti_homophones
11235,xi4qi2shang1,12,-9.65755363646293,3,9.65755363646293,1,0,0,anti_homophones
11236,bQ4zhu2,7,-6.174669328655273,2,6.174669328655273,1,0,2,anti_homophones
11237,pA4yu3han2ding2,15,-13.99842324243812,4,13.99842324243812,1,0,0,anti_homophones
11238,shen1qUn2,9,-5.286536817498072,2,5.286536817498072,1,0,4,anti_homophones
11239,lan3qM3,7,-7.522161087418902,2,7.522161087418902,1,0,0,anti_homophones
11240,ke3fV3,6,-5.060446510647797,2,5.060446510647797,1,1,2,anti_homophones
11241,yi1pE4,6,-5.653384387117434,2,5.653384387117434,1,0,4,anti_homophones
11242,shen3zhong4,11,-6.748337290453618,2,6.748337290453618,1,0,0,anti_homophones
11243,mV2qing4Q4,10,-11.08530875303119,3,11.08530875303119,1,0,0,anti_homophones
11244,yong4qi4,8,-5.629553599000872,2,5.629553599000872,1,0,7,anti_homophones
11245,da4hang3hQ3tV5,14,-11.545369531767241,4,11.545369531767241,1,0,0,anti_homophones
11246,jW3mA4,6,-5.696741109800936,2,5.696741109800936,1,0,1,anti_homophones
11247,hUng1shV1,9,-6.6083912280212544,2,6.6083912280212544,1,0,2,anti_homophones
11248,mQ2peng3shi5,12,-9.919058600622787,3,9.919058600622787,1,0,0,anti_homophones
11249,jM2xLn4,7,-5.9556308319365225,2,5.9556308319365225,1,0,3,anti_homophones
11250,lu4tong2qUn1,12,-9.830134604398445,3,9.830134604398445,1,0,0,anti_homophones
11251,heng2lUn4yQ4,12,-10.090267602086154,3,10.090267602086154,1,0,0,anti_homophones
11252,lA2zhi1,7,-5.937262501029059,2,5.937262501029059,1,0,2,anti_homophones
11253,jC1hang2,8,-7.969155521876888,2,7.969155521876888,1,0,0,anti_homophones
11254,kong2jL1,8,-5.912140167982715,2,5.912140167982715,1,1,2,anti_homophones
11255,du2chu4,7,-5.969977892335764,2,5.969977892335764,1,0,4,anti_homophones
11256,zha1li3xC4,10,-9.493467447601283,3,9.493467447601283,1,0,0,anti_homophones
11257,lin2jun1,8,-5.954323870176234,2,5.954323870176234,1,0,1,anti_homophones
11258,re4mi,5,-9.152114871383453,2,9.152114871383453,1,0,0,anti_homophones
11259,nUn3jLn3tan2mo2,15,-12.610515121922822,4,12.610515121922822,1,0,0,anti_homophones
11260,hUng1bE1,8,-6.415657346280023,2,6.415657346280023,1,0,0,anti_homophones
11261,jLn1lLng3lA2shV4,16,-12.079162667654835,4,12.079162667654835,1,0,0,anti_homophones
11262,ming4sheng1hUn3,15,-9.653423486591945,3,9.653423486591945,1,0,0,anti_homophones
11263,jW1rong4,8,-5.692000445178801,2,5.692000445178801,1,0,1,anti_homophones
11264,kA1shi3tQ4,10,-8.828628610746472,3,8.828628610746472,1,0,0,anti_homophones
11265,tong1zheng2,11,-6.1561147690345575,2,6.1561147690345575,1,0,2,anti_homophones
11266,tu1bQ4zhe3,10,-8.306074646245506,3,8.306074646245506,1,0,0,anti_homophones
11267,nLn2hU4,7,-5.205320146226553,2,5.205320146226553,1,1,3,anti_homophones
11268,lin3lA2,7,-7.566368761669636,2,7.566368761669636,1,0,0,anti_homophones
11269,chu3zi5,7,-5.466936606821642,2,5.466936606821642,1,1,2,anti_homophones
11270,bu4zhQ4gong4,12,-9.68456937133375,3,9.68456937133375,1,0,0,anti_homophones
11271,gA4bW3,6,-5.798797304240345,2,5.798797304240345,1,0,3,anti_homophones
11272,nUn3zi5,7,-5.574007195937855,2,5.574007195937855,1,0,4,anti_homophones
11273,dUn4tW4tu2,10,-8.310932536002234,3,8.310932536002234,1,0,0,anti_homophones
11274,gO3chong2,9,-7.585128627914361,2,7.585128627914361,1,0,0,anti_homophones
11275,sheng2yi4,9,-5.367962560046981,2,5.367962560046981,1,0,6,anti_homophones
11276,yang2bA4bW3,11,-8.634970377536074,3,8.634970377536074,1,0,0,anti_homophones
11277,shan4nong2,10,-7.648607279423697,2,7.648607279423697,1,0,1,anti_homophones
11278,jM2qin2,7,-6.469845782670706,2,6.469845782670706,1,0,0,anti_homophones
11279,jin4sha1ke4,11,-8.494838017312697,3,8.494838017312697,1,0,0,anti_homophones
11280,tA1hUn2,7,-7.045024801069021,2,7.045024801069021,1,0,0,anti_homophones
11281,gong1sheng1,11,-5.691161269449916,2,5.691161269449916,1,0,3,anti_homophones
11282,ren2dO2,7,-6.384921589475763,2,6.384921589475763,1,0,1,anti_homophones
11283,chQ1lA2,7,-6.242992093075605,2,6.242992093075605,1,0,0,anti_homophones
11284,he2yi4,6,-4.865974071034728,2,4.865974071034728,1,1,13,anti_homophones
11285,mE2ji4jW4,9,-8.85709686515269,3,8.85709686515269,1,0,0,anti_homophones
11286,gen1zV3zhan5,12,-11.909259864767249,3,11.909259864767249,1,0,0,anti_homophones
11287,leng1yu4,8,-6.084930302469839,2,6.084930302469839,1,0,1,anti_homophones
11288,chi2lLng4zhang4ji4,18,-12.275789381697178,4,12.275789381697178,1,0,0,anti_homophones
11289,jW3tV2,6,-5.545292523309522,2,5.545292523309522,1,0,2,anti_homophones
11290,gan3zV2cA4,10,-10.270903278044274,3,10.270903278044274,1,0,0,anti_homophones
11291,ha1jun1,7,-7.371587617621917,2,7.371587617621917,1,0,1,anti_homophones
11292,fu4hO4pin2,10,-8.863187954198008,3,8.863187954198008,1,0,0,anti_homophones
11293,yin1kV3,7,-5.658053246712883,2,5.658053246712883,1,0,2,anti_homophones
11294,dan4shun3lun2,13,-10.58229507263425,3,10.58229507263425,1,0,0,anti_homophones
11295,qUn3mLn4,8,-6.869162629623976,2,6.869162629623976,1,0,0,anti_homophones
11296,lan3zhi3pi2,11,-9.521924671685493,3,9.521924671685493,1,0,0,anti_homophones
11297,ying2yan4gang2dong4,19,-12.840008576755258,4,12.840008576755258,1,0,0,anti_homophones
11298,yV2qing4,8,-5.652990347273721,2,5.652990347273721,1,0,5,anti_homophones
11299,qing1ji1,8,-5.245504016207898,2,5.245504016207898,1,0,4,anti_homophones
11300,da4na4shI3ji1,13,-10.167106523694116,4,10.167106523694116,1,0,0,anti_homophones
11301,hu2sO3,6,-5.471660794539674,2,5.471660794539674,1,0,7,anti_homophones
11302,la1chi1gO4,10,-10.250831732875037,3,10.250831732875037,1,0,0,anti_homophones
11303,qK2du2zhA1,10,-10.15688512105776,3,10.15688512105776,1,0,0,anti_homophones
11304,shi1tan1zQ4,11,-9.614393536226771,3,9.614393536226771,1,0,0,anti_homophones
11305,jL1gong1,8,-5.595353634832646,2,5.595353634832646,1,1,0,anti_homophones
11306,hV4cheng3,9,-6.515169449976337,2,6.515169449976337,1,0,2,anti_homophones
11307,yUn2lLng2an4,12,-9.625005022083712,3,9.625005022083712,1,0,0,anti_homophones
11308,ding1ming4zI4,13,-9.780955376690146,3,9.780955376690146,1,0,0,anti_homophones
11309,gQ4dQ4,6,-6.47004691461827,2,6.47004691461827,1,0,4,anti_homophones
11310,bu3zong1,8,-7.094643030347979,2,7.094643030347979,1,0,4,anti_homophones
11311,xW4pW4,6,-6.265352825714469,2,6.265352825714469,1,0,2,anti_homophones
11312,da4zhi1,7,-5.234328469573679,2,5.234328469573679,1,1,5,anti_homophones
11313,jW4shV4,7,-6.026834874416907,2,6.026834874416907,1,0,3,anti_homophones
11314,xu5dQ4,6,-6.461910118551838,2,6.461910118551838,1,0,1,anti_homophones
11315,li3qing1ben3,12,-9.632048071620144,3,9.632048071620144,1,0,0,anti_homophones
11316,ru2ren2,7,-5.122211761096858,2,5.122211761096858,1,0,6,anti_homophones
11317,dan1qun2tLn1hI4,15,-11.911396626779359,4,11.911396626779359,1,0,0,anti_homophones
11318,yi4qing2,8,-6.133319861656712,2,6.133319861656712,1,0,3,anti_homophones
11319,qC4bing3kA1che1,15,-11.841567621118001,4,11.841567621118001,1,0,0,anti_homophones
11320,ti1jun1wu2du4,13,-11.90664313177305,4,11.90664313177305,1,0,0,anti_homophones
11321,da4qin3bi3,10,-9.653902596181489,3,9.653902596181489,1,0,0,anti_homophones
11322,nv3zheng1,9,-6.17405366512316,2,6.17405366512316,1,0,2,anti_homophones
11323,wu1yUn2,7,-5.712621009804163,2,5.712621009804163,1,1,5,anti_homophones
11324,tW2zi3,6,-5.760035473527401,2,5.760035473527401,1,0,3,anti_homophones
11325,bA2gu3gong1pin4,15,-12.179902198672302,4,12.179902198672302,1,0,0,anti_homophones
11326,rUn3dUn1,8,-7.008120006288171,2,7.008120006288171,1,0,0,anti_homophones
11327,yi1fa3li4,9,-7.180658959529966,3,7.180658959529966,1,0,0,anti_homophones
11328,cA2wu4,6,-5.357466143847724,2,5.357466143847724,1,1,3,anti_homophones
11329,zhi4hU1jW3,10,-8.245990968739417,3,8.245990968739417,1,0,0,anti_homophones
11330,ge1ha1,6,-6.862180318327212,2,6.862180318327212,1,0,0,anti_homophones
11331,re4tLn1xing1dQ4,15,-10.777090531653405,4,10.777090531653405,1,0,0,anti_homophones
11332,qK1feng2,8,-6.104894004774362,2,6.104894004774362,1,0,1,anti_homophones
11333,la1ji1she4,10,-8.038673558528197,3,8.038673558528197,1,0,0,anti_homophones
11334,gO4jUn3hUn3,11,-10.72363673743942,3,10.72363673743942,1,0,0,anti_homophones
11335,xC3qK2su4,9,-7.42031729376594,3,7.42031729376594,1,0,0,anti_homophones
11336,hU2da4yan2,10,-9.214835155218546,3,9.214835155218546,1,0,0,anti_homophones
11337,jW1xLng1,8,-5.537688155029523,2,5.537688155029523,1,0,2,anti_homophones
11338,xC3lO2,6,-7.758616464671124,2,7.758616464671124,1,0,0,anti_homophones
11339,ji2hP2,6,-6.87444419474653,2,6.87444419474653,1,0,0,anti_homophones
11340,hA3sI2ji3ju1,12,-12.279492996868047,4,12.279492996868047,1,0,0,anti_homophones
11341,hang3yu4,8,-6.322870978226672,2,6.322870978226672,1,0,1,anti_homophones
11342,yu4he2,6,-5.415169090123538,2,5.415169090123538,1,0,4,anti_homophones
11343,Q4ya1qLng3cang4,15,-13.452227186789395,4,13.452227186789395,1,0,0,anti_homophones
11344,jW1gE3dV3,9,-8.80653306641765,3,8.80653306641765,1,0,0,anti_homophones
11345,jing1chang3cA4,14,-9.381799135631985,3,9.381799135631985,1,0,0,anti_homophones
11346,gUn1qi3,7,-6.435407366284503,2,6.435407366284503,1,0,3,anti_homophones
11347,zV3sO3zA4,9,-7.8448865684389,3,7.8448865684389,1,0,0,anti_homophones
11348,wang2yin4mA4shi4,16,-12.695338927531457,4,12.695338927531457,1,0,0,anti_homophones
11349,er3bE5,6,-7.073912633178422,2,7.073912633178422,1,0,0,anti_homophones
11350,jLn3hong1,9,-6.417543637816758,2,6.417543637816758,1,0,1,anti_homophones
11351,tanA3lM4dA4,11,-12.156803978819124,4,12.156803978819124,1,0,0,anti_homophones
11352,he4zu2,6,-6.964166894563452,2,6.964166894563452,1,1,1,anti_homophones
11353,pA2ban1xing1ming2,17,-11.77152146004919,4,11.77152146004919,1,0,0,anti_homophones
11354,lQ3hu3hU2shu3,13,-12.089578316819214,4,12.089578316819214,1,0,0,anti_homophones
11355,zhi4qi4,7,-5.03003084391486,2,5.03003084391486,1,1,10,anti_homophones
11356,ci2zhu4,7,-5.898097266593104,2,5.898097266593104,1,1,3,anti_homophones
11357,cheng4qing4,11,-6.641138813611671,2,6.641138813611671,1,0,1,anti_homophones
11358,xL4e2,5,-5.619128600499081,2,5.619128600499081,1,0,2,anti_homophones
11359,dA4lA2yV2,9,-7.8035899856694915,3,7.8035899856694915,1,0,0,anti_homophones
11360,xLn1wA4xM5,10,-10.663636989580498,3,10.663636989580498,1,0,0,anti_homophones
11361,tang2hO4,8,-6.2599034983286534,2,6.2599034983286534,1,0,1,anti_homophones
11362,ying2xu4,8,-5.869380282853303,2,5.869380282853303,1,0,0,anti_homophones
11363,A1tA2,5,-6.0744989991504905,2,6.0744989991504905,1,0,0,anti_homophones
11364,wen1qLng3,9,-6.897919583986018,2,6.897919583986018,1,0,0,anti_homophones
11365,feng1si1,8,-5.687177471317393,2,5.687177471317393,1,0,1,anti_homophones
11366,bi3lA2,6,-5.3789606534953744,2,5.3789606534953744,1,0,2,anti_homophones
11367,ju3bu4,6,-5.3273722007774165,2,5.3273722007774165,1,0,6,anti_homophones
11368,hun4gen1,8,-7.594781042343991,2,7.594781042343991,1,0,0,anti_homophones
11369,hu2shu3ye4ma4,13,-11.877672340933303,4,11.877672340933303,1,0,0,anti_homophones
11370,lQ3yan4,7,-5.578712077226247,2,5.578712077226247,1,0,6,anti_homophones
11371,bu3xin1,7,-5.756939887487115,2,5.756939887487115,1,0,5,anti_homophones
11372,can4qK2,7,-7.016806998875744,2,7.016806998875744,1,0,2,anti_homophones
11373,gUn1yu4yin1pE4,14,-11.481088733345377,4,11.481088733345377,1,0,0,anti_homophones
11374,shang3zhan2tang2,16,-10.537020597214624,3,10.537020597214624,1,0,0,anti_homophones
11375,mE2yin3,7,-6.278098657094099,2,6.278098657094099,1,0,2,anti_homophones
11376,jC2ji4tong3,11,-9.441492939605903,3,9.441492939605903,1,0,0,anti_homophones
11377,seng1zhUng4,11,-8.236683793425474,2,8.236683793425474,1,0,0,anti_homophones
11378,A2zi3shQ4,9,-9.208766566661115,3,9.208766566661115,1,0,0,anti_homophones
11379,lan2nv3,7,-6.492123577096102,2,6.492123577096102,1,0,1,anti_homophones
11380,ru2lv4,6,-6.14523636263693,2,6.14523636263693,1,0,3,anti_homophones
11381,ren2zhi4,8,-5.3071843625722,2,5.3071843625722,1,0,4,anti_homophones
11382,Q2bi4mLn4,9,-8.190562702503875,3,8.190562702503875,1,0,0,anti_homophones
11383,xin4tLn1,8,-6.338053002091835,2,6.338053002091835,1,0,0,anti_homophones
11384,shi4hV4jing4,12,-8.090379975387496,3,8.090379975387496,1,0,0,anti_homophones
11385,yC4du4,6,-4.868609994435352,2,4.868609994435352,1,0,5,anti_homophones
11386,deng1hun2sO3,12,-9.899358513171752,3,9.899358513171752,1,0,0,anti_homophones
11387,fu4he2gP4qi4,12,-9.49614682147258,4,9.49614682147258,1,0,0,anti_homophones
11388,A4he5,5,-6.583478428081757,2,6.583478428081757,1,0,2,anti_homophones
11389,re4zhi1,7,-6.062361610892243,2,6.062361610892243,1,0,3,anti_homophones
11390,hU1ran2gQ1,10,-9.046952995703613,3,9.046952995703613,1,0,0,anti_homophones
11391,lE2ben3zeng1ta1,15,-13.509966646742606,4,13.509966646742606,1,0,0,anti_homophones
11392,shun4sO3hI3,11,-10.678464869984097,3,10.678464869984097,1,0,0,anti_homophones
11393,chang3tu2,9,-6.613637937433925,2,6.613637937433925,1,0,1,anti_homophones
11394,shi4qUn2,8,-5.2184854471226805,2,5.2184854471226805,1,1,5,anti_homophones
11395,zheng1xLng1,11,-5.926274979001092,2,5.926274979001092,1,0,1,anti_homophones
11396,xLng1ci2,8,-6.36845474104033,2,6.36845474104033,1,0,2,anti_homophones
11397,he2qUn2tu5che1,14,-11.779152006100505,4,11.779152006100505,1,0,0,anti_homophones
11398,du2zhI1su4,10,-8.415139587254757,3,8.415139587254757,1,0,0,anti_homophones
11399,gI1bu4ri4,9,-8.109621388357702,3,8.109621388357702,1,0,0,anti_homophones
11400,tu3hV4,6,-5.935736411147817,2,5.935736411147817,1,1,3,anti_homophones
11401,hI4ta4bu4zhe2,13,-11.589009709518095,4,11.589009709518095,1,0,0,anti_homophones
11402,gong1yi4,8,-5.209715070621008,2,5.209715070621008,1,0,7,anti_homophones
11403,zhong2qi3,9,-6.308104499803299,2,6.308104499803299,1,0,0,anti_homophones
11404,zhQ1ben3dLn3,12,-8.54181358094462,3,8.54181358094462,1,0,0,anti_homophones
11405,za2dI4,6,-5.862427404242173,2,5.862427404242173,1,0,3,anti_homophones
11406,ge2xi1rV4,9,-9.208942120827121,3,9.208942120827121,1,0,0,anti_homophones
11407,ren2jL4,7,-5.459970044735947,2,5.459970044735947,1,0,4,anti_homophones
11408,cheng2lO4yV3,12,-9.365439818277736,3,9.365439818277736,1,0,0,anti_homophones
11409,zheng3fang1xYng1xin1,20,-12.80134580895866,4,12.80134580895866,1,0,0,anti_homophones
11410,can1jing5qi4,12,-9.977988258953399,3,9.977988258953399,1,0,0,anti_homophones
11411,jing1ji2bing2,13,-8.905794598739297,3,8.905794598739297,1,0,0,anti_homophones
11412,shu3yu4shi2,11,-7.95632599739082,3,7.95632599739082,1,0,0,anti_homophones
11413,mW3sQ3xLng1,11,-9.535078375065735,3,9.535078375065735,1,0,0,anti_homophones
11414,yi3shi2,7,-5.62693469132406,2,5.62693469132406,1,0,10,anti_homophones
11415,shan3ru3zhi2,12,-9.442896329347267,3,9.442896329347267,1,0,0,anti_homophones
11416,chV3wang4,9,-6.838727188518176,2,6.838727188518176,1,0,0,anti_homophones
11417,hO3kV1,6,-8.784667905677608,2,8.784667905677608,1,0,0,anti_homophones
11418,xL1re4ban4,10,-9.551397833858998,3,9.551397833858998,1,0,0,anti_homophones
11419,kUn1xing2,9,-6.38376018055513,2,6.38376018055513,1,0,0,anti_homophones
11420,da4jLng1qin3mi3,15,-13.281954490259178,4,13.281954490259178,1,0,0,anti_homophones
11421,shQ1da4yu2gong1,15,-11.343225692568145,4,11.343225692568145,1,0,0,anti_homophones
11422,san1bu3jW1zhUng1,16,-12.306451042037903,4,12.306451042037903,1,0,0,anti_homophones
11423,du1dang2fa3,11,-9.660565693224088,3,9.660565693224088,1,0,0,anti_homophones
11424,wu2lO2,6,-6.056941040599228,2,6.056941040599228,1,0,4,anti_homophones
11425,kA1jL3bang4,11,-9.226187222674568,3,9.226187222674568,1,0,0,anti_homophones
11426,long1jLn1,9,-6.80184576113457,2,6.80184576113457,1,0,0,anti_homophones
11427,zA4kO4zong3,11,-10.411894919062348,3,10.411894919062348,1,0,0,anti_homophones
11428,zheng1ya3,9,-6.706721290236621,2,6.706721290236621,1,0,1,anti_homophones
11429,ni2shI3tang4,12,-9.058403121667562,3,9.058403121667562,1,0,0,anti_homophones
11430,ban3qUn2,8,-5.819590547601158,2,5.819590547601158,1,0,2,anti_homophones
11431,gong1wu4,8,-5.348089977978763,2,5.348089977978763,1,0,10,anti_homophones
11432,chQ2ta4shu4,11,-9.811635756823527,3,9.811635756823527,1,0,0,anti_homophones
11433,chQ2zhi4,8,-5.986155591316069,2,5.986155591316069,1,0,3,anti_homophones
11434,dA4tA2,6,-5.674640608934451,2,5.674640608934451,1,0,4,anti_homophones
11435,da3dong4dLn4fE4,15,-11.493327549475953,4,11.493327549475953,1,0,0,anti_homophones
11436,yi1xi4,6,-5.185977559532388,2,5.185977559532388,1,0,15,anti_homophones
11437,hU1qC1,6,-7.259488878950748,2,7.259488878950748,1,0,2,anti_homophones
11438,gUn3cheng1yi1tI3,16,-11.473781398204796,4,11.473781398204796,1,0,0,anti_homophones
11439,yun4bM2,7,-6.416301587580409,2,6.416301587580409,1,0,0,anti_homophones
11440,dQ4bM2ye4,9,-8.083353344305156,3,8.083353344305156,1,0,0,anti_homophones
11441,cang3fa3,8,-6.832156730649635,2,6.832156730649635,1,0,1,anti_homophones
11442,shV3dW4,7,-5.688990099044836,2,5.688990099044836,1,1,5,anti_homophones
11443,chi4kong2lK2yan2,16,-12.830851405562068,4,12.830851405562068,1,0,0,anti_homophones
11444,bi4xLng1wen2,12,-8.6826939554131,3,8.6826939554131,1,0,0,anti_homophones
11445,zhen2zhi2,9,-6.258167836203707,2,6.258167836203707,1,0,1,anti_homophones
11446,an3chang3lQ2dong4,17,-13.047075301390256,4,13.047075301390256,1,0,0,anti_homophones
11447,qUn2pi2xin1,11,-8.520660258393919,3,8.520660258393919,1,0,0,anti_homophones
11448,bing2wang3,10,-6.600426121835905,2,6.600426121835905,1,0,2,anti_homophones
11449,gI3di1,6,-6.955616435839239,2,6.955616435839239,1,0,3,anti_homophones
11450,qW1zi4ye4,9,-8.85382687341681,3,8.85382687341681,1,0,0,anti_homophones
11451,ce4hQ3yV2,9,-9.500019508601506,3,9.500019508601506,1,0,0,anti_homophones
11452,gQ1ping3,8,-6.39275694653024,2,6.39275694653024,1,0,0,anti_homophones
11453,bQ1gan3,7,-6.196725289797027,2,6.196725289797027,1,0,1,anti_homophones
11454,jW4yQ4,6,-5.498471539880725,2,5.498471539880725,1,0,4,anti_homophones
11455,bLn1li2shO1mQ4,14,-11.75939569355502,4,11.75939569355502,1,0,0,anti_homophones
11456,yang1wan3ke4,12,-9.463416931761243,3,9.463416931761243,1,0,0,anti_homophones
11457,si4yong2,8,-6.2798440290378625,2,6.2798440290378625,1,0,2,anti_homophones
11458,bE3ju4,6,-5.952903626741977,2,5.952903626741977,1,1,5,anti_homophones
11459,chI1fo2,7,-7.0963358379836485,2,7.0963358379836485,1,1,0,anti_homophones
11460,yi3hong1,8,-6.490806909577901,2,6.490806909577901,1,0,1,anti_homophones
11461,yin2jun1fE1li4,14,-11.448229274566351,4,11.448229274566351,1,0,0,anti_homophones
11462,hE1qUn2shi2,11,-8.02843173809317,3,8.02843173809317,1,0,0,anti_homophones
11463,an4dLn3cA4dW4,13,-11.787251515123424,4,11.787251515123424,1,0,0,anti_homophones
11464,shan4ye4jM4,11,-8.387483673270719,3,8.387483673270719,1,0,0,anti_homophones
11465,bu4kV3,6,-4.511751730821559,2,4.511751730821559,1,0,8,anti_homophones
11466,chA1ji1ju4lv4,13,-11.40484221677868,4,11.40484221677868,1,0,0,anti_homophones
11467,gP4lin2,7,-6.423871910396445,2,6.423871910396445,1,0,0,anti_homophones
11468,zhen1xi4,8,-5.9808518954637,2,5.9808518954637,1,0,5,anti_homophones
11469,hI4li2shV3,10,-9.621604121889034,3,9.621604121889034,1,0,0,anti_homophones
11470,yi3nE4gan3du4,13,-11.691132946637678,4,11.691132946637678,1,0,0,anti_homophones
11471,sheng1mLn2ying1yi4,18,-11.621846311526363,4,11.621846311526363,1,0,0,anti_homophones
11472,zQ4ji4shi1,10,-8.189411932271318,3,8.189411932271318,1,0,0,anti_homophones
11473,fen1jing4,9,-5.867427003970787,2,5.867427003970787,1,0,1,anti_homophones
11474,bE1wE1,6,-6.169411752623711,2,6.169411752623711,1,0,3,anti_homophones
11475,shI3qUn4dun4gUn4,16,-14.639261601578305,4,14.639261601578305,1,0,0,anti_homophones
11476,yUn2ban4,8,-5.794039523943626,2,5.794039523943626,1,0,3,anti_homophones
11477,gong4che1,9,-5.882328623072646,2,5.882328623072646,1,0,1,anti_homophones
11478,hQ2bM2zV4gan1,13,-13.164119430462772,4,13.164119430462772,1,0,0,anti_homophones
11479,pA2zhi3,7,-6.13095328471296,2,6.13095328471296,1,0,4,anti_homophones
11480,mA4lun2,7,-6.3508137101317,2,6.3508137101317,1,0,1,anti_homophones
11481,yun4dLn4,8,-5.829599904251557,2,5.829599904251557,1,1,3,anti_homophones
11482,xin1shang2,10,-5.880969624383334,2,5.880969624383334,1,0,2,anti_homophones
11483,yi1lLn2lL3,10,-8.820770608910935,3,8.820770608910935,1,0,0,anti_homophones
11484,pin3ye4,7,-5.699793986989328,2,5.699793986989328,1,0,4,anti_homophones
11485,lK1bo1,6,-6.180729783290228,2,6.180729783290228,1,0,1,anti_homophones
11486,qi2qLng4,8,-6.491836613815627,2,6.491836613815627,1,0,1,anti_homophones
11487,ru4hu5,6,-6.611393771715623,2,6.611393771715623,1,0,0,anti_homophones
11488,ji1zhA2zi5,10,-7.912446626581678,3,7.912446626581678,1,0,0,anti_homophones
11489,hP2bW4,6,-7.236176852606543,2,7.236176852606543,1,0,1,anti_homophones
11490,bQ3lLng4ti4tang2,16,-13.400984615146196,4,13.400984615146196,1,0,0,anti_homophones
11491,kUng3shi4,9,-6.4314412699660215,2,6.4314412699660215,1,0,2,anti_homophones
11492,kA1mu4,6,-5.312590484088374,2,5.312590484088374,1,0,5,anti_homophones
11493,kun4yun2,8,-7.447537464425296,2,7.447537464425296,1,0,0,anti_homophones
11494,chen1lE3,8,-6.727017116875731,2,6.727017116875731,1,0,1,anti_homophones
11495,tI1xun2,7,-5.807219686473611,2,5.807219686473611,1,0,0,anti_homophones
11496,tong2cheng1,11,-6.222574496202946,2,6.222574496202946,1,0,3,anti_homophones
11497,chV1qi4,7,-5.670577688649868,2,5.670577688649868,1,0,4,anti_homophones
11498,da4ma2,6,-5.483204421635185,2,5.483204421635185,1,0,5,anti_homophones
11499,du2hU1,6,-5.8578183436681055,2,5.8578183436681055,1,0,1,anti_homophones
11500,bE4wA4,6,-5.7775874733281505,2,5.7775874733281505,1,0,4,anti_homophones
11501,wan4hO3yQ4,10,-8.737007604214293,3,8.737007604214293,1,0,0,anti_homophones
11502,qLn2yun2shI3,12,-8.86443173330126,3,8.86443173330126,1,0,0,anti_homophones
11503,ke3kang3,8,-6.270288507438365,2,6.270288507438365,1,0,0,anti_homophones
11504,chong4gQ1,9,-6.821876309870734,2,6.821876309870734,1,0,0,anti_homophones
11505,ke3neng2run4,12,-9.609319118466107,3,9.609319118466107,1,0,0,anti_homophones
11506,bi3long1pi2zhUng1,17,-12.974160736402895,4,12.974160736402895,1,0,0,anti_homophones
11507,xin4shang2,10,-6.557923589435743,2,6.557923589435743,1,0,2,anti_homophones
11508,tI1jun1,7,-5.770349348376533,2,5.770349348376533,1,0,3,anti_homophones
11509,dV3zhe2,7,-7.327633447903296,2,7.327633447903296,1,0,0,anti_homophones
11510,chu1hu1,7,-4.82436152178272,2,4.82436152178272,1,2,8,anti_homophones
11511,bA3dW4,6,-5.844416877928747,2,5.844416877928747,1,0,1,anti_homophones
11512,ming4ting4,10,-6.590403112518172,2,6.590403112518172,1,0,1,anti_homophones
11513,qUn2fa1yin3,11,-9.555819725071313,3,9.555819725071313,1,0,0,anti_homophones
11514,shang3gong3zhu3,15,-9.724397742091764,3,9.724397742091764,1,0,0,anti_homophones
11515,ke1pu1kV3,9,-7.891281941477033,3,7.891281941477033,1,0,0,anti_homophones
11516,jM1bLn1gong2ye4,15,-11.034016486768461,4,11.034016486768461,1,0,0,anti_homophones
11517,dO4xLng4hU4long1,16,-12.206530223984037,4,12.206530223984037,1,0,0,anti_homophones
11518,yV4shu4fang1yan2,16,-11.606103516769373,4,11.606103516769373,1,0,0,anti_homophones
11519,jM2hV4,6,-5.58207951070161,2,5.58207951070161,1,0,4,anti_homophones
11520,dUn3xL2,7,-6.850556396831379,2,6.850556396831379,1,0,0,anti_homophones
11521,jLn3lO4,7,-6.648741924870137,2,6.648741924870137,1,0,2,anti_homophones
11522,yin3lang4,9,-6.551505042321881,2,6.551505042321881,1,0,0,anti_homophones
11523,chQ2nan2,8,-6.093632932278412,2,6.093632932278412,1,0,0,anti_homophones
11524,san1zhUng4dUn4,14,-10.181702510203934,3,10.181702510203934,1,0,0,anti_homophones
11525,zI4e4,5,-5.1661157362287735,2,5.1661157362287735,1,0,3,anti_homophones
11526,gu1nW4,6,-6.943551233379364,2,6.943551233379364,1,0,2,anti_homophones
11527,xin1xLn2ye4,11,-8.254395615390028,3,8.254395615390028,1,0,0,anti_homophones
11528,zhi4yan2,8,-5.534025590787763,2,5.534025590787763,1,0,3,anti_homophones
11529,mQ1ni2,6,-6.655966802957968,2,6.655966802957968,1,0,0,anti_homophones
11530,ya1ding2,8,-6.518233513857248,2,6.518233513857248,1,0,2,anti_homophones
11531,tong4V3,7,-6.7647995918801405,2,6.7647995918801405,1,0,0,anti_homophones
11532,xun4mLn4,8,-6.314706836412624,2,6.314706836412624,1,0,1,anti_homophones
11533,shUn2lA2nu4,11,-10.587186169554546,3,10.587186169554546,1,0,0,anti_homophones
11534,su4xLn4,7,-5.655545960825204,2,5.655545960825204,1,0,9,anti_homophones
11535,shUng1lE4,9,-7.21022278524506,2,7.21022278524506,1,0,1,anti_homophones
11536,ji2ye4,6,-5.385863704112115,2,5.385863704112115,1,0,5,anti_homophones
11537,zhQ1qLng2,9,-6.769538390402956,2,6.769538390402956,1,0,1,anti_homophones
11538,shV1er2xing1,12,-8.588418986619512,3,8.588418986619512,1,0,0,anti_homophones
11539,re4la4zQ4ci2,12,-11.564305746797519,4,11.564305746797519,1,0,0,anti_homophones
11540,qUn2xLn1zhan4shI3,17,-11.755752793360456,4,11.755752793360456,1,0,0,anti_homophones
11541,pen1pu3jing1nW3,15,-13.73598551175943,4,13.73598551175943,1,0,0,anti_homophones
11542,yin1ji1tan4,11,-8.564247585482049,3,8.564247585482049,1,0,0,anti_homophones
11543,lK1zQ4fen1,10,-9.646763446835909,3,9.646763446835909,1,0,0,anti_homophones
11544,zhV4hO2lun4,11,-9.025057211348186,3,9.025057211348186,1,0,0,anti_homophones
11545,rQ4gQ4bu4jM4,12,-10.535221975617103,4,10.535221975617103,1,0,0,anti_homophones
11546,zong4wen3,9,-7.7041927103828,2,7.7041927103828,1,0,0,anti_homophones
11547,sI2zhI1yu2,10,-9.168176845574452,3,9.168176845574452,1,0,0,anti_homophones
11548,yV3qUn2hO4yu3,13,-11.239551606675413,4,11.239551606675413,1,0,0,anti_homophones
11549,zhu2li4,7,-5.24681403030791,2,5.24681403030791,1,1,6,anti_homophones
11550,xing2su4yUn2,12,-8.359539312158827,3,8.359539312158827,1,0,0,anti_homophones
11551,wen4shV1bo2dong1,16,-12.53875532103392,4,12.53875532103392,1,0,0,anti_homophones
11552,zi3er2wE2,9,-8.662981946784933,3,8.662981946784933,1,0,0,anti_homophones
11553,jK4ren2ke4,10,-8.270278913230463,3,8.270278913230463,1,0,0,anti_homophones
11554,tI4hUng2,8,-6.368676208981307,2,6.368676208981307,1,0,2,anti_homophones
11555,shi1dan1,8,-6.132999670440587,2,6.132999670440587,1,0,2,anti_homophones
11556,wan1lM1li3,10,-9.419555675846224,3,9.419555675846224,1,0,0,anti_homophones
11557,bing2zhu4,9,-5.939873736140765,2,5.939873736140765,1,0,1,anti_homophones
11558,tIng4shi4,9,-9.853324734750368,2,9.853324734750368,1,0,1,anti_homophones
11559,shi2wE2,7,-5.706091354132692,2,5.706091354132692,1,0,2,anti_homophones
11560,xW3hO3ji4zhi4,13,-9.978575371548406,4,9.978575371548406,1,0,0,anti_homophones
11561,shi4fan2lu4,11,-8.823760675299965,3,8.823760675299965,1,0,0,anti_homophones
11562,ban4he2,7,-5.997986203300202,2,5.997986203300202,1,1,1,anti_homophones
11563,qK2chong2mu4,12,-9.05442974397885,3,9.05442974397885,1,0,0,anti_homophones
11564,bu4li4shi2jK4,13,-9.797935433491013,4,9.797935433491013,1,0,0,anti_homophones
11565,yi1tong3,8,-5.789358619117872,2,5.789358619117872,1,0,0,anti_homophones
11566,zhi4tQ2tI3,10,-8.771559702666979,3,8.771559702666979,1,0,0,anti_homophones
11567,gQ1hO5,6,-6.387448907803957,2,6.387448907803957,1,0,0,anti_homophones
11568,lu4yV3bi3,9,-8.773451308907475,3,8.773451308907475,1,0,0,anti_homophones
11569,shang4qi4,9,-5.3042930251928,2,5.3042930251928,1,0,6,anti_homophones
11570,yun4zhi1bing4,13,-8.809300094012494,3,8.809300094012494,1,0,0,anti_homophones
11571,dLn4zhUn3ran3jL1,16,-12.064668434385197,4,12.064668434385197,1,0,0,anti_homophones
11572,jW1mLn4,7,-5.591331176200963,2,5.591331176200963,1,1,5,anti_homophones
11573,xM2fan4,7,-6.713738311632464,2,6.713738311632464,1,0,2,anti_homophones
11574,te4ping2chV2,12,-9.223751568949027,3,9.223751568949027,1,0,0,anti_homophones
11575,tA4qi1,6,-6.343803485780737,2,6.343803485780737,1,0,1,anti_homophones
11576,xLng1tang4,10,-6.351480500315068,2,6.351480500315068,1,0,0,anti_homophones
11577,hun4jLng1,9,-7.13016630952489,2,7.13016630952489,1,0,1,anti_homophones
11578,shang2nLn2,10,-6.061051101514704,2,6.061051101514704,1,0,0,anti_homophones
11579,hO4zhe4,7,-7.114648489512343,2,7.114648489512343,1,0,0,anti_homophones
11580,ji3zhi1,7,-5.658097926121922,2,5.658097926121922,1,0,5,anti_homophones
11581,zhu3yin2zong1hUng2,18,-12.686602514713773,4,12.686602514713773,1,0,0,anti_homophones
11582,nK2pA2,6,-4.9702787116374525,2,4.9702787116374525,1,1,3,anti_homophones
11583,ben3ping4gu4li4,15,-11.799476898340501,4,11.799476898340501,1,0,0,anti_homophones
11584,chu4gu3she4,11,-9.298274700999345,3,9.298274700999345,1,0,0,anti_homophones
11585,hI1sO3,6,-5.58844146840014,2,5.58844146840014,1,0,3,anti_homophones
11586,yi2fa3,6,-5.523182334694511,2,5.523182334694511,1,0,4,anti_homophones
11587,wu3hu4,6,-5.625626487742149,2,5.625626487742149,1,0,4,anti_homophones
11588,jing2qi2gan4,12,-9.07844936822174,3,9.07844936822174,1,0,0,anti_homophones
11589,hI4yV2yV2,9,-8.831986562310606,3,8.831986562310606,1,0,0,anti_homophones
11590,wu2yin1,7,-5.1531334516268785,2,5.1531334516268785,1,1,2,anti_homophones
11591,hI4shi4qK2,10,-8.162681999217455,3,8.162681999217455,1,0,0,anti_homophones
11592,zhQ1dong2,9,-6.809261199294289,2,6.809261199294289,1,0,1,anti_homophones
11593,wE2wan3er2,10,-8.760199885261347,3,8.760199885261347,1,0,0,anti_homophones
11594,yUn2ding4,9,-6.165246893879569,2,6.165246893879569,1,0,4,anti_homophones
11595,ma2bE3cI1tA1,12,-11.778029697807355,4,11.778029697807355,1,0,0,anti_homophones
11596,qLng5hang4,10,-8.010396833213882,2,8.010396833213882,1,0,0,anti_homophones
11597,dLn4chu1,8,-5.636940688379978,2,5.636940688379978,1,0,3,anti_homophones
11598,yi1wang4,8,-5.215676533115881,2,5.215676533115881,1,2,2,anti_homophones
11599,cQ3ling4,8,-6.909278103214885,2,6.909278103214885,1,0,1,anti_homophones
11600,mang1cong2,10,-7.695424296376193,2,7.695424296376193,1,0,0,anti_homophones
11601,gun4er2,7,-6.346790137592595,2,6.346790137592595,1,0,1,anti_homophones
11602,zhan1bu3pin3,12,-9.259409131163352,3,9.259409131163352,1,0,0,anti_homophones
11603,si1li4,6,-4.9426506580472855,2,4.9426506580472855,1,1,10,anti_homophones
11604,sO3kong2,8,-6.951242020900827,2,6.951242020900827,1,0,0,anti_homophones
11605,hV4yUn2gQ3,10,-8.559675820255045,3,8.559675820255045,1,0,0,anti_homophones
11606,jM4yin1,7,-6.2136783648079374,2,6.2136783648079374,1,0,0,anti_homophones
11607,cQ1zO4,6,-5.499211306137112,2,5.499211306137112,1,0,4,anti_homophones
11608,fu4xu4,6,-5.742272533258297,2,5.742272533258297,1,0,8,anti_homophones
11609,gU4chu1fu4,10,-8.53902788713365,3,8.53902788713365,1,0,0,anti_homophones
11610,ru2sha1,7,-6.225217308225306,2,6.225217308225306,1,0,2,anti_homophones
11611,wo4ci3tun1,10,-11.77615471554632,3,11.77615471554632,1,0,0,anti_homophones
11612,wu2qi4,6,-4.627020677512017,2,4.627020677512017,1,0,11,anti_homophones
11613,bLn4fen4,8,-6.332771194657845,2,6.332771194657845,1,0,0,anti_homophones
11614,mu3zhe5,7,-6.914662020477263,2,6.914662020477263,1,0,1,anti_homophones
11615,gO2qing4,8,-5.876394163575838,2,5.876394163575838,1,1,1,anti_homophones
11616,kV3ti3,6,-5.934319099244822,2,5.934319099244822,1,0,1,anti_homophones
11617,fu2wan2,7,-5.881185465322643,2,5.881185465322643,1,0,0,anti_homophones
11618,zhu3jing1,9,-6.171204916232107,2,6.171204916232107,1,0,2,anti_homophones
11619,du2pi2hO3jLn4,13,-11.187451912597904,4,11.187451912597904,1,0,0,anti_homophones
11620,de5tM3chang4,12,-9.105219077679157,3,9.105219077679157,1,0,0,anti_homophones
11621,mo4di4shV3,10,-8.61885155376252,3,8.61885155376252,1,0,0,anti_homophones
11622,chUn3xi4er2chen4,16,-13.209775922028765,4,13.209775922028765,1,0,0,anti_homophones
11623,qLng3lLng4gUn1shi4,18,-12.220847255746268,4,12.220847255746268,1,0,0,anti_homophones
11624,jun1mi2,7,-6.252567053557303,2,6.252567053557303,1,0,1,anti_homophones
11625,ming2ke4,8,-6.178458447754644,2,6.178458447754644,1,0,2,anti_homophones
11626,yan2jK3,7,-5.70323577835591,2,5.70323577835591,1,1,1,anti_homophones
11627,dI4ming2kong4,13,-9.062643613196244,3,9.062643613196244,1,0,0,anti_homophones
11628,ji1dLn4,7,-5.048411355686375,2,5.048411355686375,1,1,5,anti_homophones
11629,hang2li2ru4,11,-9.710566737116624,3,9.710566737116624,1,0,0,anti_homophones
11630,pQ4zhu4shI3zi5,14,-11.160947817561455,4,11.160947817561455,1,0,0,anti_homophones
11631,da1pW4wu2er2,12,-11.471268765279335,4,11.471268765279335,1,0,0,anti_homophones
11632,ju1zhi3,7,-6.094245586158403,2,6.094245586158403,1,0,3,anti_homophones
11633,sheng1zi5,9,-4.907011852698947,2,4.907011852698947,1,1,6,anti_homophones
11634,xLng1dan1,9,-6.211219303771418,2,6.211219303771418,1,0,2,anti_homophones
11635,can1li5wu3feng2,15,-11.545151488870621,4,11.545151488870621,1,0,0,anti_homophones
11636,xi2zi1,6,-6.799357779076266,2,6.799357779076266,1,0,0,anti_homophones
11637,bA2dQ4,6,-5.585344617998648,2,5.585344617998648,1,0,5,anti_homophones
11638,chong1ji4zhang4,15,-8.903361685815872,3,8.903361685815872,1,0,0,anti_homophones
11639,nA4yUn4,7,-6.64469808122292,2,6.64469808122292,1,0,1,anti_homophones
11640,yan2meng1lLn4,13,-9.25991768460041,3,9.25991768460041,1,0,0,anti_homophones
11641,tO4mE4fa2,9,-10.298127699346203,3,10.298127699346203,1,0,0,anti_homophones
11642,sun3xi3fa1jing3,15,-13.848110499131938,4,13.848110499131938,1,0,0,anti_homophones
11643,mo2shi4,7,-5.389669198493554,2,5.389669198493554,1,1,5,anti_homophones
11644,rV2sUn4,7,-6.65501570354818,2,6.65501570354818,1,0,0,anti_homophones
11645,shV1qu3,7,-5.787870543122462,2,5.787870543122462,1,0,1,anti_homophones
11646,kA1men2xi1,10,-8.406883558039922,3,8.406883558039922,1,0,0,anti_homophones
11647,pin2kong4shV3,13,-10.144830865270778,3,10.144830865270778,1,0,0,anti_homophones
11648,gUn1an4,7,-5.438190205808128,2,5.438190205808128,1,0,0,anti_homophones
11649,da4ji1jW3,9,-7.6646944856938655,3,7.6646944856938655,1,0,0,anti_homophones
11650,dLn3bi4shi2,11,-8.498481944958124,3,8.498481944958124,1,0,0,anti_homophones
11651,xun2da3yUn4,11,-9.824905854046259,3,9.824905854046259,1,0,0,anti_homophones
11652,tW3dang4,8,-6.344896164915855,2,6.344896164915855,1,0,0,anti_homophones
11653,chUng2xing4zhe3,15,-8.920044273275906,3,8.920044273275906,1,0,0,anti_homophones
11654,pQ1ting2bQ4qM4,14,-12.965658016102145,4,12.965658016102145,1,0,0,anti_homophones
11655,zi3ji4,6,-5.91772187020094,2,5.91772187020094,1,0,7,anti_homophones
11656,bA3zi5,6,-4.7807971632724025,2,4.7807971632724025,1,1,12,anti_homophones
11657,yi1bing4,8,-5.296724662193186,2,5.296724662193186,1,1,7,anti_homophones
11658,qi2jM1,6,-6.60988257057541,2,6.60988257057541,1,0,2,anti_homophones
11659,zA4bW1ye4,9,-8.699101555607783,3,8.699101555607783,1,0,0,anti_homophones
11660,jing3he4,8,-6.860369512316144,2,6.860369512316144,1,0,0,anti_homophones
11661,hI1fang3li3bu4,14,-11.0448483411295,4,11.0448483411295,1,0,0,anti_homophones
11662,mu4di3,6,-6.152188239374247,2,6.152188239374247,1,0,2,anti_homophones
11663,wE1mu4,6,-5.8444002241830955,2,5.8444002241830955,1,0,4,anti_homophones
11664,kI1tO1A4,8,-9.061669993121775,3,9.061669993121775,1,0,0,anti_homophones
11665,cu1qi4,6,-5.5756796192628935,2,5.5756796192628935,1,0,3,anti_homophones
11666,yang2gUn3,9,-6.0035828254004695,2,6.0035828254004695,1,0,2,anti_homophones
11667,e4zhi4fE4,9,-8.321680298304623,3,8.321680298304623,1,0,0,anti_homophones
11668,chan4xin4,9,-6.297275501596457,2,6.297275501596457,1,0,0,anti_homophones
11669,lO4ye4hI4,9,-7.514998531396225,3,7.514998531396225,1,0,0,anti_homophones
11670,bing2si1chan1,13,-9.720175393782963,3,9.720175393782963,1,0,0,anti_homophones
11671,xi3yV2,6,-5.70347037195002,2,5.70347037195002,1,0,3,anti_homophones
11672,zhu4shu4,8,-5.532075365563195,2,5.532075365563195,1,0,8,anti_homophones
11673,jin4shi4,8,-4.844035809121882,2,4.844035809121882,1,0,8,anti_homophones
11674,xing2cha1tan4qi4,16,-11.018060942971271,4,11.018060942971271,1,0,0,anti_homophones
11675,jLn4gu3wu1tong2,15,-12.324266094351147,4,12.324266094351147,1,0,0,anti_homophones
11676,shI3rong1hU4,12,-7.906457490937547,3,7.906457490937547,1,0,0,anti_homophones
11677,chu1jL4,7,-5.304665664350589,2,5.304665664350589,1,1,6,anti_homophones
11678,bQ3dong1lK2,11,-8.891106028564032,3,8.891106028564032,1,0,0,anti_homophones
11679,bi2kUn1,7,-6.904792699214122,2,6.904792699214122,1,0,0,anti_homophones
11680,shi1xing2jin4,13,-8.42712540958581,3,8.42712540958581,1,0,0,anti_homophones
11681,chu1zhang3,10,-5.915451689899952,2,5.915451689899952,1,0,0,anti_homophones
11682,hV4cheng4xi1sha4,16,-13.157009544223746,4,13.157009544223746,1,0,0,anti_homophones
11683,ben1di1chong2,13,-10.87122613733192,3,10.87122613733192,1,0,0,anti_homophones
11684,nLng1jing1kA1jin3,17,-13.330331486721654,4,13.330331486721654,1,0,0,anti_homophones
11685,da4li2dun1se4,13,-12.468757041346555,4,12.468757041346555,1,0,0,anti_homophones
11686,tQ4ya1,6,-7.000892239327112,2,7.000892239327112,1,0,1,anti_homophones
11687,shV3zu3,7,-5.500789083063461,2,5.500789083063461,1,0,3,anti_homophones
11688,da4yUn2ji4gQ1,13,-11.272210861083984,4,11.272210861083984,1,0,0,anti_homophones
11689,bi3gu4qu3,9,-9.009242144579162,3,9.009242144579162,1,0,0,anti_homophones
11690,pin1yUn2,8,-6.367861896958364,2,6.367861896958364,1,0,3,anti_homophones
11691,ya2e4,5,-8.001044050667987,2,8.001044050667987,1,0,0,anti_homophones
11692,shu1shu1jK1gen1,15,-12.039643016281518,4,12.039643016281518,1,0,0,anti_homophones
11693,da1jM2yi4,9,-8.172993297129663,3,8.172993297129663,1,0,0,anti_homophones
11694,gong1sO5,8,-7.967106515125341,2,7.967106515125341,1,0,0,anti_homophones
11695,shV1lK1,7,-6.719763136139015,2,6.719763136139015,1,0,1,anti_homophones
11696,yQ1qW3xLn4hQ4,13,-11.536274186390749,4,11.536274186390749,1,0,0,anti_homophones
11697,zong2kong3shu1lV2,17,-12.447191697704504,4,12.447191697704504,1,0,0,anti_homophones
11698,zheng1qW4,9,-6.4567811279189025,2,6.4567811279189025,1,0,0,anti_homophones
11699,gang3da2bu4qin2,15,-12.534722869668862,4,12.534722869668862,1,0,0,anti_homophones
11700,yi5hU4,6,-6.542183797071804,2,6.542183797071804,1,0,2,anti_homophones
11701,qLng4yi4,8,-5.689957729412059,2,5.689957729412059,1,0,2,anti_homophones
11702,ming2yin3,9,-6.542483169105872,2,6.542483169105872,1,0,6,anti_homophones
11703,dQ4zi5,6,-5.164996428227429,2,5.164996428227429,1,0,10,anti_homophones
11704,dA4dQ3,6,-6.022931456621414,2,6.022931456621414,1,0,2,anti_homophones
11705,jing2zhV1feng1zong4,19,-13.075793203159824,4,13.075793203159824,1,0,0,anti_homophones
11706,hU4li3dI4,9,-9.103761712495643,3,9.103761712495643,1,0,0,anti_homophones
11707,ku3ni2,6,-6.547838639216775,2,6.547838639216775,1,0,2,anti_homophones
11708,qi2hU1ban4,10,-8.423078844253526,3,8.423078844253526,1,0,0,anti_homophones
11709,wE1shen2,8,-6.019006581092301,2,6.019006581092301,1,0,0,anti_homophones
11710,yUn1zi3,7,-6.625949190204867,2,6.625949190204867,1,0,2,anti_homophones
11711,ru4ming1,8,-6.048407192406994,2,6.048407192406994,1,0,4,anti_homophones
11712,chu2zhan1,9,-7.122175032290922,2,7.122175032290922,1,0,0,anti_homophones
11713,bA4zhong4jLn1,13,-9.438340742473283,3,9.438340742473283,1,0,0,anti_homophones
11714,de2sheng1mLn4sheng1,19,-11.471822097780487,4,11.471822097780487,1,0,0,anti_homophones
11715,kong1rin4,9,-9.460588115199783,2,9.460588115199783,1,0,0,anti_homophones
11716,yun2tan2,8,-6.827851337974785,2,6.827851337974785,1,0,2,anti_homophones
11717,zhong2qLng3zI3,14,-9.82747238542094,3,9.82747238542094,1,0,0,anti_homophones
11718,mM4zhong1feng4che1,18,-13.065011595976655,4,13.065011595976655,1,0,0,anti_homophones
11719,hO3shan3,8,-6.144050409834413,2,6.144050409834413,1,0,3,anti_homophones
11720,xW1she3,7,-6.153564962863224,2,6.153564962863224,1,0,5,anti_homophones
11721,xLn4bu4yu3,10,-7.482185022870543,3,7.482185022870543,1,0,0,anti_homophones
11722,da4sQ3e2,8,-7.600196213126294,3,7.600196213126294,1,0,0,anti_homophones
11723,jW1zhen2,8,-5.992924387379601,2,5.992924387379601,1,0,3,anti_homophones
11724,ji3pu1,6,-7.598505102500351,2,7.598505102500351,1,0,0,anti_homophones
11725,zhi3zhong1,10,-5.916527258536355,2,5.916527258536355,1,0,1,anti_homophones
11726,wE2bing1hA4,11,-9.480576661747534,3,9.480576661747534,1,0,0,anti_homophones
11727,kV3ti4xing2,11,-9.15388271061976,3,9.15388271061976,1,0,0,anti_homophones
11728,xK4hun3nang1chQ3,16,-15.488010166045703,4,15.488010166045703,1,0,0,anti_homophones
11729,zhong2bA2tW2qi4,15,-10.747944325366928,4,10.747944325366928,1,0,0,anti_homophones
11730,jLn4fE4,7,-5.615473546600484,2,5.615473546600484,1,0,3,anti_homophones
11731,tang2fang4,10,-6.614373973928155,2,6.614373973928155,1,0,1,anti_homophones
11732,jW3qi3jLn4,10,-8.728705052829115,3,8.728705052829115,1,0,0,anti_homophones
11733,gan3mu4ban4,11,-8.512022958885103,3,8.512022958885103,1,0,0,anti_homophones
11734,zhi1tang3ye4,12,-8.644101583125202,3,8.644101583125202,1,0,0,anti_homophones
11735,da4pLn4,7,-4.674920319319217,2,4.674920319319217,1,0,6,anti_homophones
11736,zhe2a3mang3she2,15,-14.792239726290106,4,14.792239726290106,1,0,0,anti_homophones
11737,feng1she4lan2,13,-8.736191776818504,3,8.736191776818504,1,0,0,anti_homophones
11738,pen1zhI1,8,-7.6851084919762735,2,7.6851084919762735,1,0,0,anti_homophones
11739,hV4zhi4,7,-5.488113054451793,2,5.488113054451793,1,0,2,anti_homophones
11740,pE4qUn2,7,-5.941913973007077,2,5.941913973007077,1,0,2,anti_homophones
11741,di5qi1,6,-8.084418438683503,2,8.084418438683503,1,0,2,anti_homophones
11742,shV1kong1nan4,13,-9.497232654233075,3,9.497232654233075,1,0,0,anti_homophones
11743,wu2yan2xi3,10,-8.979181863621449,3,8.979181863621449,1,0,0,anti_homophones
11744,da4lM4,6,-4.987077437254337,2,4.987077437254337,1,1,10,anti_homophones
11745,le4lO4zhi2,10,-10.203058496686179,3,10.203058496686179,1,0,0,anti_homophones
11746,pW2che1zhong2,13,-9.160833281248873,3,9.160833281248873,1,0,0,anti_homophones
11747,te4pLn4,7,-5.353769921653592,2,5.353769921653592,1,0,3,anti_homophones
11748,ying2hO4,8,-5.805404026686184,2,5.805404026686184,1,0,5,anti_homophones
11749,nA3chen4,8,-7.145720489936337,2,7.145720489936337,1,0,0,anti_homophones
11750,qin1shang2,10,-6.361149304543416,2,6.361149304543416,1,0,1,anti_homophones
11751,zu3nE4chu2,10,-10.629105436013255,3,10.629105436013255,1,0,0,anti_homophones
11752,ru3xu4,6,-5.843172584665726,2,5.843172584665726,1,0,7,anti_homophones
11753,bing2ting2feng4,15,-9.90610612985662,3,9.90610612985662,1,0,0,anti_homophones
11754,wu3ti3nQ3jL4,12,-11.026902696103532,4,11.026902696103532,1,0,0,anti_homophones
11755,gan1dM2,7,-7.104427042036873,2,7.104427042036873,1,0,0,anti_homophones
11756,kUng1xin4,9,-6.5245895972545425,2,6.5245895972545425,1,0,2,anti_homophones
11757,tong4zhi2yUn2,13,-8.502452946120407,3,8.502452946120407,1,0,0,anti_homophones
11758,yi2hO2rong1,11,-9.418596457859627,3,9.418596457859627,1,0,0,anti_homophones
11759,han2hUng1,9,-7.2691344506109505,2,7.2691344506109505,1,0,0,anti_homophones
11760,dQ4qu1,6,-5.507973222935733,2,5.507973222935733,1,0,3,anti_homophones
11761,zheng3gUn3,10,-6.477167857119024,2,6.477167857119024,1,0,0,anti_homophones
11762,dan4lan2,8,-6.402783539815097,2,6.402783539815097,1,0,2,anti_homophones
11763,zhi4zhUng1tA1,13,-9.116273513211922,3,9.116273513211922,1,0,0,anti_homophones
11764,qin2hA2,7,-6.380724334916867,2,6.380724334916867,1,0,1,anti_homophones
11765,zhUn2xing1,10,-6.290512927856429,2,6.290512927856429,1,0,1,anti_homophones
11766,chan1zhA2,9,-7.522992632181777,2,7.522992632181777,1,0,0,anti_homophones
11767,ye4ji2,6,-5.509919014549325,2,5.509919014549325,1,1,6,anti_homophones
11768,wu3shi3hI2kV5,13,-13.12637852203645,4,13.12637852203645,1,0,0,anti_homophones
11769,lLng1bQ3,8,-6.764659418080283,2,6.764659418080283,1,0,1,anti_homophones
11770,pE4jK3zheng1da3,15,-12.658029944120186,4,12.658029944120186,1,0,0,anti_homophones
11771,fE1zheng2yun4dQ4,16,-11.656216203473061,4,11.656216203473061,1,0,0,anti_homophones
11772,kA1ge1chi4de5,13,-11.831234762053441,4,11.831234762053441,1,0,0,anti_homophones
11773,hI1wE3,6,-6.494424933436958,2,6.494424933436958,1,0,1,anti_homophones
11774,lin2chu3yi4,11,-8.112756409989574,3,8.112756409989574,1,0,0,anti_homophones
11775,pLn4bing4zi3,12,-9.202066351823838,3,9.202066351823838,1,0,0,anti_homophones
11776,pW1su2,6,-6.776223132797781,2,6.776223132797781,1,0,1,anti_homophones
11777,tM3she2,7,-6.665701488097667,2,6.665701488097667,1,0,2,anti_homophones
11778,jLng3cheng1mLn4,15,-9.398701405076443,3,9.398701405076443,1,0,0,anti_homophones
11779,zi1ling1ji1,11,-8.718173639468032,3,8.718173639468032,1,0,0,anti_homophones
11780,dLn4ye4,7,-5.355078187366457,2,5.355078187366457,1,1,3,anti_homophones
11781,hE1mQ4,6,-5.649002488047572,2,5.649002488047572,1,0,4,anti_homophones
11782,lLn4zhu1ming3dan1,17,-13.267069875255787,4,13.267069875255787,1,0,0,anti_homophones
11783,xW3tA2gan3,10,-8.328060496483944,3,8.328060496483944,1,0,0,anti_homophones
11784,zhQ1shen1fu2shA4,16,-13.06816225796933,4,13.06816225796933,1,0,0,anti_homophones
11785,zha1qLn2,8,-6.5749469602328405,2,6.5749469602328405,1,0,2,anti_homophones
11786,jK3zhang3dLn4,13,-9.165758818339443,3,9.165758818339443,1,0,0,anti_homophones
11787,ling1dW4jW1jLn4,15,-12.037165036781946,4,12.037165036781946,1,0,0,anti_homophones
11788,da4lQ2,6,-5.240772703330818,2,5.240772703330818,1,1,1,anti_homophones
11789,te4che1lu4,10,-7.947188884420285,3,7.947188884420285,1,0,0,anti_homophones
11790,zhV1ji2,7,-5.895567687557879,2,5.895567687557879,1,0,3,anti_homophones
11791,sQ1lu4,6,-6.174732271659796,2,6.174732271659796,1,0,0,anti_homophones
11792,hUng3xLn3cA2,12,-10.234608167800383,3,10.234608167800383,1,0,0,anti_homophones
11793,ji2hU4chi2,10,-9.211635349610694,3,9.211635349610694,1,0,0,anti_homophones
11794,zQ3fu4hang2mE2,14,-12.525121930568107,4,12.525121930568107,1,0,0,anti_homophones
11795,jK1jW1,6,-6.284717095952447,2,6.284717095952447,1,0,0,anti_homophones
11796,bo1qi4,6,-5.255890956311418,2,5.255890956311418,1,0,3,anti_homophones
11797,fu4lan2,7,-6.302278976265401,2,6.302278976265401,1,0,3,anti_homophones
11798,wen2jK4zhi4,11,-8.22409941695415,3,8.22409941695415,1,0,1,anti_homophones
11799,yQ2zi5,6,-5.107316876378308,2,5.107316876378308,1,2,6,anti_homophones
11800,zhi2zi4jM4,10,-8.118845761800339,3,8.118845761800339,1,0,0,anti_homophones
11801,yi1zhi2yi3wE4,13,-9.734242906418714,4,9.734242906418714,1,0,0,anti_homophones
11802,zQ3qi4pLn1,10,-9.197692448439726,3,9.197692448439726,1,0,0,anti_homophones
11803,mu4hU4,6,-5.550443067299536,2,5.550443067299536,1,0,6,anti_homophones
11804,shi1tQ1hI2tV2,13,-11.935663230833214,4,11.935663230833214,1,0,0,anti_homophones
11805,dQ1he2fa3han3,13,-11.873560630300478,4,11.873560630300478,1,0,0,anti_homophones
11806,zhong4shi4xin1wan1,18,-11.781149050298279,4,11.781149050298279,1,0,0,anti_homophones
11807,jK3yi4,6,-4.966717211964256,2,4.966717211964256,1,1,5,anti_homophones
11808,tu4ru2,6,-6.722667348840763,2,6.722667348840763,1,0,0,anti_homophones
11809,mE2qing4,8,-5.645988368025783,2,5.645988368025783,1,0,2,anti_homophones
11810,an1ren2,7,-5.3284960739262415,2,5.3284960739262415,1,0,3,anti_homophones
11811,gUng1sheng1,11,-6.103765848291614,2,6.103765848291614,1,0,2,anti_homophones
11812,da3sI3,6,-5.97505886922106,2,5.97505886922106,1,0,1,anti_homophones
11813,zhang2yun4,10,-6.414719999697146,2,6.414719999697146,1,0,0,anti_homophones
11814,bo2li3,6,-5.785086430638677,2,5.785086430638677,1,0,3,anti_homophones
11815,mo4su4shi4,10,-7.66521479529167,3,7.66521479529167,1,0,0,anti_homophones
11816,dI4zI4,6,-5.451608594414158,2,5.451608594414158,1,1,3,anti_homophones
11817,gA3zhi1xing4,12,-8.068330853191874,3,8.068330853191874,1,0,0,anti_homophones
11818,ting1shu1hA3feng4,17,-12.597742046567436,4,12.597742046567436,1,0,0,anti_homophones
11819,xLng2he2,8,-5.91167490956315,2,5.91167490956315,1,0,1,anti_homophones
11820,zu3ri4,6,-6.388361915829437,2,6.388361915829437,1,0,2,anti_homophones
11821,er3wen2yu3,10,-8.633710554823834,3,8.633710554823834,1,0,0,anti_homophones
11822,gUn1jM4,7,-5.888863286726021,2,5.888863286726021,1,0,3,anti_homophones
11823,tO1de2lW4,9,-9.06016021016695,3,9.06016021016695,1,0,0,anti_homophones
11824,tQ4zE2,6,-6.811373593971832,2,6.811373593971832,1,0,0,anti_homophones
11825,lE3wA1men5,10,-11.163039139247804,3,11.163039139247804,1,0,0,anti_homophones
11826,si3xin1gUn4se4,14,-11.292217674341154,4,11.292217674341154,1,0,0,anti_homophones
11827,shi2dQ4,7,-5.061090314286564,2,5.061090314286564,1,1,4,anti_homophones
11828,cun4tong2,9,-7.434309639113156,2,7.434309639113156,1,0,0,anti_homophones
11829,lW3zhang2zheng1,15,-10.005715161270665,3,10.005715161270665,1,0,0,anti_homophones
11830,xLng1yi1ru4,11,-8.33649291597403,3,8.33649291597403,1,0,0,anti_homophones
11831,cha1tV2,7,-5.629692047858772,2,5.629692047858772,1,0,4,anti_homophones
11832,xing2chi3,9,-6.432227321612601,2,6.432227321612601,1,0,0,anti_homophones
11833,ren2xC2,7,-5.2592000402974355,2,5.2592000402974355,1,0,2,anti_homophones
11834,fE1zA1,6,-6.1694147457781074,2,6.1694147457781074,1,0,0,anti_homophones
11835,zhong2man3,10,-6.446705559791521,2,6.446705559791521,1,0,0,anti_homophones
11836,gUng2men4,9,-7.416556879876707,2,7.416556879876707,1,0,0,anti_homophones
11837,bu4yi4,6,-4.562071158658995,2,4.562071158658995,1,1,18,anti_homophones
11838,chu4ci4xing4,12,-8.86936254957616,3,8.86936254957616,1,0,0,anti_homophones
11839,zhUn2gU1gong2,13,-9.867267958312977,3,9.867267958312977,1,0,0,anti_homophones
11840,da3ti2,6,-5.284019174272823,2,5.284019174272823,1,0,3,anti_homophones
11841,bing2yi4,8,-5.521904903124168,2,5.521904903124168,1,0,7,anti_homophones
11842,hU4qi4,6,-4.850098830081453,2,4.850098830081453,1,0,4,anti_homophones
11843,gP3zV4,6,-5.436995165181054,2,5.436995165181054,1,0,0,anti_homophones
11844,jing2yu2cun1,12,-9.14431557794559,3,9.14431557794559,1,0,0,anti_homophones
11845,yV3A4,5,-4.835322227431814,2,4.835322227431814,1,2,2,anti_homophones
11846,chV1jM4,7,-6.507677193191259,2,6.507677193191259,1,0,1,anti_homophones
11847,wE4dong2,8,-6.308819280865654,2,6.308819280865654,1,0,2,anti_homophones
11848,yi1tan2bu4xL4,13,-9.94308765180647,4,9.94308765180647,1,0,0,anti_homophones
11849,cha2jun1wE3,11,-8.781330841424158,3,8.781330841424158,1,0,0,anti_homophones
11850,xW1qK2,6,-5.833573384349485,2,5.833573384349485,1,0,0,anti_homophones
11851,ta3ji3,6,-7.681923600336435,2,7.681923600336435,1,0,2,anti_homophones
11852,li3qLng2shan4,13,-9.96152118612611,3,9.96152118612611,1,0,0,anti_homophones
11853,zheng1zha4,10,-6.538596587278178,2,6.538596587278178,1,0,1,anti_homophones
11854,yu4chA1,7,-7.200458329235522,2,7.200458329235522,1,0,1,anti_homophones
11855,ku3zhang4,9,-6.31550705330213,2,6.31550705330213,1,0,1,anti_homophones
11856,yu4qi3,6,-5.912328187467432,2,5.912328187467432,1,0,5,anti_homophones
11857,zhQ1wen4,8,-7.254358709897819,2,7.254358709897819,1,0,1,anti_homophones
11858,fu3dV4,6,-5.837446226499922,2,5.837446226499922,1,0,4,anti_homophones
11859,qLng1pW4,8,-6.6981360169275135,2,6.6981360169275135,1,0,0,anti_homophones
11860,tan4xYng2,9,-7.292289962732057,2,7.292289962732057,1,0,0,anti_homophones
11861,xLn3lang1ye3,12,-10.788274793961197,3,10.788274793961197,1,0,0,anti_homophones
11862,zO4gang4chu1xi3,15,-12.654041665155784,4,12.654041665155784,1,0,0,anti_homophones
11863,yQ1yQ2,6,-6.096720676476512,2,6.096720676476512,1,0,2,anti_homophones
11864,xW1yu2,6,-5.357861700625137,2,5.357861700625137,1,0,4,anti_homophones
11865,fa1lv4bu4ke3,12,-10.81072341208316,4,10.81072341208316,1,0,0,anti_homophones
11866,gQ1fa3,6,-5.543466145534321,2,5.543466145534321,1,0,1,anti_homophones
11867,chV2er2,7,-5.770414544777177,2,5.770414544777177,1,0,1,anti_homophones
11868,feng1zang3lA4,13,-10.211566463076341,3,10.211566463076341,1,0,0,anti_homophones
11869,qLng4dLn4,9,-5.960395430467526,2,5.960395430467526,1,1,1,anti_homophones
11870,song2fa3,8,-6.408199180856426,2,6.408199180856426,1,1,1,anti_homophones
11871,pang4qUn1li3,12,-10.297212366854732,3,10.297212366854732,1,0,0,anti_homophones
11872,nv3pA2xLng1hO2,14,-11.731122705644605,4,11.731122705644605,1,0,0,anti_homophones
11873,shI3qi3fu4,10,-8.24241683495129,3,8.24241683495129,1,0,0,anti_homophones
11874,jC2shang4lO4,12,-9.390520136521964,3,9.390520136521964,1,0,0,anti_homophones
11875,hU4xC2xLng1,11,-8.480943431777034,3,8.480943431777034,1,0,0,anti_homophones
11876,jL1tan2,7,-7.184080970167818,2,7.184080970167818,1,0,3,anti_homophones
11877,zhu4sha1zhi4,12,-8.530617679079645,3,8.530617679079645,1,0,0,anti_homophones
11878,fan2chen2,9,-6.905005591866502,2,6.905005591866502,1,0,1,anti_homophones
11879,pE2tong4,8,-6.369979006898898,2,6.369979006898898,1,0,0,anti_homophones
11880,bLn1ji1dQ4ru4,13,-11.330713598287959,4,11.330713598287959,1,0,0,anti_homophones
11881,a1yQ2,5,-6.551511198931311,2,6.551511198931311,1,0,0,anti_homophones
11882,feng1li4,8,-5.351648502395278,2,5.351648502395278,1,0,5,anti_homophones
11883,ti2dLn4shP1,11,-10.080062576617106,3,10.080062576617106,1,0,0,anti_homophones
11884,an1teng2shen2,13,-9.864930583481875,3,9.864930583481875,1,0,0,anti_homophones
11885,yV3jun1qK2sUn4,14,-11.296586382511697,4,11.296586382511697,1,0,0,anti_homophones
11886,xLn4yu3,7,-5.605363755922541,2,5.605363755922541,1,0,5,anti_homophones
11887,jW1shi4,7,-5.158562610084593,2,5.158562610084593,1,0,5,anti_homophones
11888,re4xi4,6,-6.059692916567809,2,6.059692916567809,1,1,5,anti_homophones
11889,yu4cheng1xYng2,14,-9.005332742590971,3,9.005332742590971,1,0,0,anti_homophones
11890,ye1zhun1shan4,13,-10.049926238360182,3,10.049926238360182,1,0,0,anti_homophones
11891,chu1wu4ce4,10,-8.361950536622905,3,8.361950536622905,1,0,0,anti_homophones
11892,cA3yang4,8,-6.193198682711874,2,6.193198682711874,1,0,1,anti_homophones
11893,cheng1wE4,9,-5.7110885382408485,2,5.7110885382408485,1,0,2,anti_homophones
11894,e4xin1,6,-5.48151134640868,2,5.48151134640868,1,0,1,anti_homophones
11895,ban4wen2ti3,11,-8.63688022841612,3,8.63688022841612,1,0,0,anti_homophones
11896,bing2hO4dLn4ren2,16,-10.537040636197688,4,10.537040636197688,1,0,0,anti_homophones
11897,tV2su1yV2,9,-8.817544809287943,3,8.817544809287943,1,0,0,anti_homophones
11898,shen1qin1xin1lLng2,18,-11.614417013764289,4,11.614417013764289,1,0,0,anti_homophones
11899,kUng1ri4,8,-6.305791728500777,2,6.305791728500777,1,0,0,anti_homophones
11900,ma2ling3er2tong4,16,-11.538906420590411,4,11.538906420590411,1,0,0,anti_homophones
11901,da4qing2,8,-5.420384259983387,2,5.420384259983387,1,0,4,anti_homophones
11902,wu1zhi3zhe3,11,-8.678269157766762,3,8.678269157766762,1,0,0,anti_homophones
11903,yi2zhi4,7,-5.251443281843813,2,5.251443281843813,1,0,6,anti_homophones
11904,dA4shang2,9,-6.520435960940756,2,6.520435960940756,1,0,1,anti_homophones
11905,gan3gUng1dA4ma1,15,-12.20702128875828,4,12.20702128875828,1,0,0,anti_homophones
11906,fu4ye4,6,-5.151034474762317,2,5.151034474762317,1,0,9,anti_homophones
11907,zun1cA2,7,-7.010159555852955,2,7.010159555852955,1,0,1,anti_homophones
11908,hUn1yUn2,8,-5.7228203581280495,2,5.7228203581280495,1,0,4,anti_homophones
11909,yi1wA4,6,-5.42650840514977,2,5.42650840514977,1,1,7,anti_homophones
11910,qing1yu2sO5,11,-10.020242582236351,3,10.020242582236351,1,0,0,anti_homophones
11911,yin1ling3qing4mA4,17,-12.298680161717101,4,12.298680161717101,1,0,0,anti_homophones
11912,jing2xL4,8,-5.836867465480811,2,5.836867465480811,1,0,2,anti_homophones
11913,da3chang4chi1yi4,16,-11.568386534963627,4,11.568386534963627,1,0,0,anti_homophones
11914,yi1lin2jLn4,11,-7.695716543321195,3,7.695716543321195,1,0,0,anti_homophones
11915,dI1fa3,6,-6.250106659651213,2,6.250106659651213,1,1,2,anti_homophones
11916,yQ1shi4rV4dan1,14,-13.60243541114527,4,13.60243541114527,1,0,0,anti_homophones
11917,fan3dQ4,7,-5.826677448155028,2,5.826677448155028,1,0,2,anti_homophones
11918,xin1xin1A2,10,-8.201544619269594,3,8.201544619269594,1,0,0,anti_homophones
11919,tQ2cI4,6,-5.907921599157013,2,5.907921599157013,1,0,1,anti_homophones
11920,qLng3meng2gI1yu3,16,-12.431641825962668,4,12.431641825962668,1,0,0,anti_homophones
11921,da4qi1,6,-5.012634376200855,2,5.012634376200855,1,0,9,anti_homophones
11922,qing4zhu3,9,-6.041793841512837,2,6.041793841512837,1,0,2,anti_homophones
11923,xW3jM4,6,-5.172876344944727,2,5.172876344944727,1,1,7,anti_homophones
11924,dang4zi5,8,-5.559011280087987,2,5.559011280087987,1,0,4,anti_homophones
11925,mQ2jing2,8,-6.171152784405285,2,6.171152784405285,1,0,2,anti_homophones
11926,song2shi4,9,-5.974337749092776,2,5.974337749092776,1,0,3,anti_homophones
11927,ji4lW4,6,-5.42022982283815,2,5.42022982283815,1,0,8,anti_homophones
11928,xin4qi4,7,-5.309070461438721,2,5.309070461438721,1,0,6,anti_homophones
11929,tQ4fa3,6,-5.851999130579209,2,5.851999130579209,1,0,3,anti_homophones
11930,zong1jLng4,10,-6.591036827782161,2,6.591036827782161,1,0,1,anti_homophones
11931,ju4shi4shang2,13,-8.73410449398763,3,8.73410449398763,1,0,0,anti_homophones
11932,gong1ru2yUn2hO4,15,-11.400659058523306,4,11.400659058523306,1,0,0,anti_homophones
11933,xYng2nE4bu4qu3,14,-11.910167640776988,4,11.910167640776988,1,0,0,anti_homophones
11934,wu2wu4,6,-4.645910410418114,2,4.645910410418114,1,0,8,anti_homophones
11935,ru3xYng2,8,-6.87317452197726,2,6.87317452197726,1,0,0,anti_homophones
11936,zA1ran2,7,-6.896139614353422,2,6.896139614353422,1,0,2,anti_homophones
11937,chUn1men2,9,-6.488991603997719,2,6.488991603997719,1,0,1,anti_homophones
11938,da4min2jun1,11,-8.151036007372126,3,8.151036007372126,1,0,0,anti_homophones
11939,bE4hU4,6,-5.6991025051970645,2,5.6991025051970645,1,0,2,anti_homophones
11940,xC2wen4,7,-6.720056066617541,2,6.720056066617541,1,0,0,anti_homophones
11941,ming4shi3li5,12,-9.743879847752169,3,9.743879847752169,1,0,0,anti_homophones
11942,zhang4tong2ben3,15,-9.912676527780258,3,9.912676527780258,1,0,0,anti_homophones
11943,qin2xin4,8,-6.48489424805902,2,6.48489424805902,1,0,0,anti_homophones
11944,wE4shan4lun4,12,-9.313978873960457,3,9.313978873960457,1,0,0,anti_homophones
11945,kUn1xLng1mW2pE2,15,-13.953640589377013,4,13.953640589377013,1,0,0,anti_homophones
11946,kang2xing2,10,-6.551757496533445,2,6.551757496533445,1,0,2,anti_homophones
11947,lM4xin4e2,9,-9.217165188431824,3,9.217165188431824,1,0,0,anti_homophones
11948,lLn3zi4yong4,12,-9.500498822609172,3,9.500498822609172,1,0,0,anti_homophones
11949,song2jun1,9,-6.699351873301033,2,6.699351873301033,1,0,2,anti_homophones
11950,jM2shP4,7,-6.458889676730333,2,6.458889676730333,1,0,1,anti_homophones
11951,jM1shV1,7,-5.97881168183031,2,5.97881168183031,1,0,2,anti_homophones
11952,tI1xLn4gUn3zhang4,17,-11.490022924500396,4,11.490022924500396,1,0,0,anti_homophones
11953,qC4lQ2,6,-6.64007876031675,2,6.64007876031675,1,0,2,anti_homophones
11954,bu4qW4,6,-5.914951526276259,2,5.914951526276259,1,0,3,anti_homophones
11955,hV4dong2,8,-6.018215301251985,2,6.018215301251985,1,0,1,anti_homophones
11956,dW4zi5zhu4,10,-9.28018255288534,3,9.28018255288534,1,0,0,anti_homophones
11957,gUn1shi2tW2yin3,15,-12.594832405403036,4,12.594832405403036,1,0,0,anti_homophones
11958,yan3zhi4,8,-5.439475718510331,2,5.439475718510331,1,0,2,anti_homophones
11959,fan3xL4,7,-6.216923711851586,2,6.216923711851586,1,0,2,anti_homophones
11960,zA4shI3,7,-5.7482774160974826,2,5.7482774160974826,1,0,2,anti_homophones
11961,ti2qing4bing4,13,-8.905297404666841,3,8.905297404666841,1,0,0,anti_homophones
11962,wu2fan4,7,-5.411737117594313,2,5.411737117594313,1,0,3,anti_homophones
11963,ben1zi3yu2,10,-9.525822567051906,3,9.525822567051906,1,0,0,anti_homophones
11964,jM2bang4,8,-6.307957047444745,2,6.307957047444745,1,0,0,anti_homophones
11965,chi3han4jK4ku3,14,-13.574887952767652,4,13.574887952767652,1,0,0,anti_homophones
11966,lV4xW4yu2,9,-7.751743373930366,3,7.751743373930366,1,0,0,anti_homophones
11967,shu4ming1,9,-5.989440236790214,2,5.989440236790214,1,0,1,anti_homophones
11968,pu1min2pLn4qK2,14,-11.92507381404377,4,11.92507381404377,1,0,0,anti_homophones
11969,shen4shi2,9,-5.887938628518023,2,5.887938628518023,1,0,1,anti_homophones
11970,zi4hu4fang4,11,-8.526397177374198,3,8.526397177374198,1,0,0,anti_homophones
11971,zhu1men2,8,-6.149925502839714,2,6.149925502839714,1,0,1,anti_homophones
11972,wE4A4,5,-6.032868640342793,2,6.032868640342793,1,0,2,anti_homophones
11973,san4ding2he2,12,-9.420118724148617,3,9.420118724148617,1,0,0,anti_homophones
11974,ming1zhi1,9,-6.05463225011624,2,6.05463225011624,1,0,1,anti_homophones
11975,yi1da4shi3zhi2,14,-10.443501765088069,4,10.443501765088069,1,0,0,anti_homophones
11976,jYng1jK3ji2dA4,14,-12.593103364736264,4,12.593103364736264,1,0,0,anti_homophones
11977,kV3hQ2bi3,9,-10.393339319277425,3,10.393339319277425,1,0,0,anti_homophones
11978,cI1fE4,6,-5.934947792404236,2,5.934947792404236,1,0,0,anti_homophones
11979,tM3qW2ju4,9,-8.469281191935448,3,8.469281191935448,1,0,0,anti_homophones
11980,ju3zhi1yan2ming4,16,-11.002668317211134,4,11.002668317211134,1,0,0,anti_homophones
11981,zhQ4pA4,7,-5.76512310616124,2,5.76512310616124,1,0,3,anti_homophones
11982,ke3ke4,6,-5.187270224580707,2,5.187270224580707,1,1,6,anti_homophones
11983,ming2yin1,9,-6.388136658303503,2,6.388136658303503,1,0,3,anti_homophones
11984,zhong2zu1jW1zhang1,18,-12.708051207646825,4,12.708051207646825,1,0,0,anti_homophones
11985,yin1zQ4,7,-6.352891988903554,2,6.352891988903554,1,0,4,anti_homophones
11986,xin1xi1sun1,11,-8.970746037976317,3,8.970746037976317,1,0,0,anti_homophones
11987,gQ1zhu1xi4,10,-8.924677062724527,3,8.924677062724527,1,0,0,anti_homophones
11988,ji4nLn2,7,-4.825006608268356,2,4.825006608268356,1,2,5,anti_homophones
11989,mo4er2,6,-5.728030127490934,2,5.728030127490934,1,1,1,anti_homophones
11990,shu4jC2,7,-5.4961130734796635,2,5.4961130734796635,1,0,4,anti_homophones
11991,wan1lan3sheng1,14,-9.991916667146269,3,9.991916667146269,1,0,0,anti_homophones
11992,fu4zheng1zhong3e1,17,-13.869706471148708,4,13.869706471148708,1,0,0,anti_homophones
11993,gUng3qM4er2,11,-10.669708150389146,3,10.669708150389146,1,0,0,anti_homophones
11994,xLng1zhi4,9,-5.58794639687729,2,5.58794639687729,1,0,3,anti_homophones
11995,zu3qu1jun1,10,-9.743912273912708,3,9.743912273912708,1,0,0,anti_homophones
11996,chu1xing2,9,-5.427451094391776,2,5.427451094391776,1,0,9,anti_homophones
11997,zi4ran3jL1,10,-7.828186994504321,3,7.828186994504321,1,0,0,anti_homophones
11998,teng2yan2,9,-6.945602343538303,2,6.945602343538303,1,0,2,anti_homophones
11999,jin4fa3,7,-5.485385342797223,2,5.485385342797223,1,0,4,anti_homophones
12000,dan3bu4an4,10,-8.15391038634958,3,8.15391038634958,1,0,0,anti_homophones
12001,gO3da4ti3yu2,12,-11.147287229841384,4,11.147287229841384,1,0,0,anti_homophones
12002,yin1la1,7,-6.208460984667128,2,6.208460984667128,1,0,1,anti_homophones
12003,shV3ku3can2dQ4,14,-12.142530256408532,4,12.142530256408532,1,0,0,anti_homophones
12004,dLn3fa3hu4,10,-8.444285788806699,3,8.444285788806699,1,0,0,anti_homophones
12005,jW3lu4du2,9,-9.361884050299986,3,9.361884050299986,1,0,0,anti_homophones
12006,lA2yi4,6,-5.487502121648891,2,5.487502121648891,1,0,5,anti_homophones
12007,hO3hI2shI3,10,-8.56630397759846,3,8.56630397759846,1,0,0,anti_homophones
12008,gO4yu2sheng1,12,-8.617539189013677,3,8.617539189013677,1,0,0,anti_homophones
12009,kun2mE4,7,-8.965642327859126,2,8.965642327859126,1,0,0,anti_homophones
12010,yi1ji1zi5,9,-6.943727419573179,3,6.943727419573179,1,0,0,anti_homophones
12011,za2yV3si1,9,-8.32640832752439,3,8.32640832752439,1,0,0,anti_homophones
12012,A4lK2,5,-5.859726702479852,2,5.859726702479852,1,0,2,anti_homophones
12013,yan2da4shI3,11,-8.169031400152456,3,8.169031400152456,1,0,0,anti_homophones
12014,wo4li5cheng2,12,-10.217352794947564,3,10.217352794947564,1,0,0,anti_homophones
12015,qLn2tLn2dang1xM1,16,-13.674316919998114,4,13.674316919998114,1,0,0,anti_homophones
12016,bo1zhUng2,9,-6.781023929419418,2,6.781023929419418,1,0,1,anti_homophones
12017,xLn4pA4,7,-5.703674720987551,2,5.703674720987551,1,0,1,anti_homophones
12018,ben3xun2tong1,13,-9.885666853888937,3,9.885666853888937,1,0,0,anti_homophones
12019,qing2lan2mu4,12,-9.05850509437068,3,9.05850509437068,1,0,0,anti_homophones
12020,hun1dun1cA2,11,-11.192059215067781,3,11.192059215067781,1,0,0,anti_homophones
12021,shi2ri4,7,-5.427043586040423,2,5.427043586040423,1,1,7,anti_homophones
12022,kO4zO4hU4,9,-8.19301473899322,3,8.19301473899322,1,0,0,anti_homophones
12023,chUn1yC4gong1jLn4,17,-10.898654888829443,4,10.898654888829443,1,0,0,anti_homophones
12024,qLn4yV3li2qi2,13,-12.298555582753243,4,12.298555582753243,1,0,0,anti_homophones
12025,ya1ya2,6,-6.488053436919767,2,6.488053436919767,1,0,1,anti_homophones
12026,ji1ling4,8,-5.826986918976934,2,5.826986918976934,1,0,5,anti_homophones
12027,gV3yi3gu4dong4,14,-12.578619409442975,4,12.578619409442975,1,0,0,anti_homophones
12028,shi2deng2yan3,13,-8.990060558148093,3,8.990060558148093,1,0,0,anti_homophones
12029,xLng2fE4dW4,11,-9.435839472235271,3,9.435839472235271,1,0,0,anti_homophones
12030,ke4ju1,6,-6.680468454097692,2,6.680468454097692,1,0,1,anti_homophones
12031,jLn4zen3,8,-7.228604814605542,2,7.228604814605542,1,0,2,anti_homophones
12032,hUng1qLn4qL3,12,-11.16593735841774,3,11.16593735841774,1,0,0,anti_homophones
12033,can1pLn1hong1mu4,16,-12.978757044951728,4,12.978757044951728,1,0,0,anti_homophones
12034,ren2gan4zhong1zi5,17,-11.913846094242926,4,11.913846094242926,1,0,0,anti_homophones
12035,rV2hI4,6,-6.183367466559691,2,6.183367466559691,1,0,0,anti_homophones
12036,xin1ke2,7,-6.722266638690422,2,6.722266638690422,1,0,1,anti_homophones
12037,sang4che1,9,-6.9739675487845645,2,6.9739675487845645,1,0,1,anti_homophones
12038,ji1ren2,7,-5.21733589164431,2,5.21733589164431,1,0,7,anti_homophones
12039,si3ma3,6,-6.227098315107321,2,6.227098315107321,1,0,2,anti_homophones
12040,dI4nE4xu4,9,-8.686110244539746,3,8.686110244539746,1,0,0,anti_homophones
12041,hV4gan1qLn2,11,-8.680921314292355,3,8.680921314292355,1,0,0,anti_homophones
12042,yin3jM2,7,-5.6431670346024285,2,5.6431670346024285,1,0,2,anti_homophones
12043,hUn1dan4li2,11,-10.13521683886378,3,10.13521683886378,1,0,0,anti_homophones
12044,ma3dQ4,6,-5.513785307705689,2,5.513785307705689,1,0,5,anti_homophones
12045,tu3zhong4,9,-6.23828774133386,2,6.23828774133386,1,0,0,anti_homophones
12046,yi1yV3sun3lLn4,14,-11.561743272249707,4,11.561743272249707,1,0,0,anti_homophones
12047,hO3shan1,8,-6.252812698655594,2,6.252812698655594,1,0,1,anti_homophones
12048,di1nW4xW4,9,-9.033477320273898,3,9.033477320273898,1,0,0,anti_homophones
12049,nang1dA1,8,-8.460329644260941,2,8.460329644260941,1,0,0,anti_homophones
12050,bA2tong1cong3,13,-9.769385310881193,3,9.769385310881193,1,0,0,anti_homophones
12051,jW1nan2,7,-5.263238166696835,2,5.263238166696835,1,0,2,anti_homophones
12052,mi4fang1,8,-6.481409165458199,2,6.481409165458199,1,0,0,anti_homophones
12053,zhi1bu3pA2,10,-8.519912988368043,3,8.519912988368043,1,0,0,anti_homophones
12054,kong2tV2,8,-5.933870604496894,2,5.933870604496894,1,0,3,anti_homophones
12055,hun1si1lK1hQ3,13,-11.31128853064765,4,11.31128853064765,1,0,0,anti_homophones
12056,zeng1di4du4,11,-8.6141816732143,3,8.6141816732143,1,0,0,anti_homophones
12057,yang2zhong3,11,-6.736847015272481,2,6.736847015272481,1,0,1,anti_homophones
12058,qLng4yin3gu3ye4,15,-12.363272398943957,4,12.363272398943957,1,0,0,anti_homophones
12059,yin3shi2,8,-5.446467299430076,2,5.446467299430076,1,1,6,anti_homophones
12060,yV3xW4fu4dang1,14,-11.742457801770415,4,11.742457801770415,1,0,0,anti_homophones
12061,shu4chan4an4,12,-8.870602994711964,3,8.870602994711964,1,0,0,anti_homophones
12062,lV2zi5,6,-5.473246302951626,2,5.473246302951626,1,0,3,anti_homophones
12063,lQ3tV5,6,-5.2497302882011345,2,5.2497302882011345,1,1,3,anti_homophones
12064,ji4pi2,6,-5.624414769047526,2,5.624414769047526,1,0,4,anti_homophones
12065,wen3yUn2hO3shan5,16,-14.29683338630223,4,14.29683338630223,1,0,0,anti_homophones
12066,hun1chan3che1,13,-9.470150349057148,3,9.470150349057148,1,0,0,anti_homophones
12067,da4bQ4jing1gA4,14,-11.212584804434984,4,11.212584804434984,1,0,0,anti_homophones
12068,yV2yo1,6,-6.807934449083526,2,6.807934449083526,1,0,1,anti_homophones
12069,shang2qing2,11,-6.26407475540303,2,6.26407475540303,1,0,0,anti_homophones
12070,ya1yu4,6,-6.1702553414198285,2,6.1702553414198285,1,0,1,anti_homophones
12071,dan4tO2,7,-7.736662214085375,2,7.736662214085375,1,0,2,anti_homophones
12072,zO4ding3,8,-6.5039755407940785,2,6.5039755407940785,1,0,2,anti_homophones
12073,da4fa3,6,-4.772971670027371,2,4.772971670027371,1,0,8,anti_homophones
12074,zhi2yan2,8,-5.64050440254907,2,5.64050440254907,1,0,1,anti_homophones
12075,shI3lin3shu1,12,-9.790228870784613,3,9.790228870784613,1,0,0,anti_homophones
12076,lQ3xLng3,8,-5.596197646124682,2,5.596197646124682,1,1,4,anti_homophones
12077,pen1bM3,7,-7.446436878566684,2,7.446436878566684,1,0,0,anti_homophones
12078,wu2xing2,8,-5.261795424155548,2,5.261795424155548,1,0,8,anti_homophones
12079,fu4shan3,8,-6.133165742618316,2,6.133165742618316,1,0,3,anti_homophones
12080,dI4an4shen4shi1,15,-11.72443110856991,4,11.72443110856991,1,0,0,anti_homophones
12081,ping4gUn1zhu4,13,-9.117179483859136,3,9.117179483859136,1,0,0,anti_homophones
12082,cA3lan2,7,-6.938590054723152,2,6.938590054723152,1,0,0,anti_homophones
12083,an1hV4qK2,9,-8.732448421190657,3,8.732448421190657,1,0,0,anti_homophones
12084,jK3feng1chang3fu4,17,-11.47361427570358,4,11.47361427570358,1,0,0,anti_homophones
12085,cha2yUn2,8,-5.159796930080401,2,5.159796930080401,1,0,1,anti_homophones
12086,jM1ti3,6,-5.310627448828854,2,5.310627448828854,1,0,1,anti_homophones
12087,qing1xun2tW2jM2,15,-11.462739460800742,4,11.462739460800742,1,0,0,anti_homophones
12088,jM2lv4,6,-5.2976169578639585,2,5.2976169578639585,1,1,1,anti_homophones
12089,wu2xin1,7,-5.020130057169034,2,5.020130057169034,1,0,6,anti_homophones
12090,e2tong1jing1,12,-9.156905166761074,3,9.156905166761074,1,0,0,anti_homophones
12091,zhQ1ran2zhi1gong1,17,-11.843976230620207,4,11.843976230620207,1,0,0,anti_homophones
12092,xin1bE4zi5,10,-7.452909499251709,3,7.452909499251709,1,0,0,anti_homophones
12093,zhO1yang2ni3,12,-10.800727191051106,3,10.800727191051106,1,0,0,anti_homophones
12094,hO3bang2,8,-6.71577133504787,2,6.71577133504787,1,0,2,anti_homophones
12095,xW1hQ3bang3,11,-9.518277327303426,3,9.518277327303426,1,0,0,anti_homophones
12096,di4xu1kV4,9,-9.39591173144524,3,9.39591173144524,1,0,0,anti_homophones
12097,da3feng1deng4,13,-8.907990305478522,3,8.907990305478522,1,0,0,anti_homophones
12098,hO3sheng1,9,-5.5719944265374055,2,5.5719944265374055,1,0,3,anti_homophones
12099,kong4lM4,8,-6.491147909432986,2,6.491147909432986,1,0,1,anti_homophones
12100,qing1qing2long4qu1,18,-12.25847925463943,4,12.25847925463943,1,0,0,anti_homophones
12101,shi4zi5,7,-4.692349900940868,2,4.692349900940868,1,1,6,anti_homophones
12102,tLn1sheng1pi4,13,-8.965628099937618,3,8.965628099937618,1,0,0,anti_homophones
12103,yun4xC4cA2,10,-9.97188114852627,3,9.97188114852627,1,0,0,anti_homophones
12104,lQ4tQ4zhan2,11,-10.431177541301661,3,10.431177541301661,1,0,0,anti_homophones
12105,feng1ju4,8,-5.697610542678507,2,5.697610542678507,1,0,6,anti_homophones
12106,xi3ri4,6,-6.051571881965346,2,6.051571881965346,1,0,3,anti_homophones
12107,jM1xu4shI3zheng1,16,-11.534695087422538,4,11.534695087422538,1,0,0,anti_homophones
12108,qUn2ji4wan4,11,-8.99982180847312,3,8.99982180847312,1,0,0,anti_homophones
12109,dong4bing2ji1qi4,16,-11.20990249302781,4,11.20990249302781,1,0,0,anti_homophones
12110,pu4yu4,6,-8.110863076709926,2,8.110863076709926,1,0,0,anti_homophones
12111,bE1sheng1chang4fu3,18,-11.893576779999192,4,11.893576779999192,1,0,0,anti_homophones
12112,man4hU1shV3,11,-8.811351238947168,3,8.811351238947168,1,0,0,anti_homophones
12113,ye4li3shu3,10,-8.96190686092647,3,8.96190686092647,1,0,0,anti_homophones
12114,chV1wu2shang2gP4,16,-12.740802258278901,4,12.740802258278901,1,0,0,anti_homophones
12115,cO4sO1jW3,9,-9.44378755039415,3,9.44378755039415,1,0,0,anti_homophones
12116,sheng1lUn4,10,-6.007076155299204,2,6.007076155299204,1,0,1,anti_homophones
12117,tu3ying3yi4shi4,15,-11.443405820759205,4,11.443405820759205,1,0,0,anti_homophones
12118,kang3qu4,8,-6.891618393272492,2,6.891618393272492,1,1,2,anti_homophones
12119,ku2bu4ren4jun1,14,-13.654501060646782,4,13.654501060646782,1,0,0,anti_homophones
12120,yi3dQ1jin1bo1,13,-12.620972749058947,4,12.620972749058947,1,0,0,anti_homophones
12121,chan3yan2wE1,12,-9.434125234943965,3,9.434125234943965,1,0,0,anti_homophones
12122,fen2dI4shu3,11,-10.8261676224001,3,10.8261676224001,1,0,0,anti_homophones
12123,ge2jK3,6,-6.018371288856783,2,6.018371288856783,1,0,1,anti_homophones
12124,zhi4bu4lLng4,12,-7.864034438509546,3,7.864034438509546,1,0,0,anti_homophones
12125,lQ2er2men2chen2,15,-10.76281082825396,4,10.76281082825396,1,0,0,anti_homophones
12126,mV2shi4,7,-5.401218374449847,2,5.401218374449847,1,0,5,anti_homophones
12127,chI2gI1gong1,12,-8.583783354236564,3,8.583783354236564,1,0,0,anti_homophones
12128,da3shi2,7,-5.323888851964843,2,5.323888851964843,1,1,5,anti_homophones
12129,zhi2yong3ye4shi4,16,-11.151993590938703,4,11.151993590938703,1,0,0,anti_homophones
12130,ge1sheng3,9,-6.535639496342511,2,6.535639496342511,1,0,1,anti_homophones
12131,su2hO4zO4cO4,12,-11.930797432708472,4,11.930797432708472,1,0,0,anti_homophones
12132,da4yV2zhi1dLn3,14,-9.792980615658395,4,9.792980615658395,1,0,0,anti_homophones
12133,dQ4shI3,7,-5.871859674851613,2,5.871859674851613,1,0,3,anti_homophones
12134,jW1tong1,8,-4.951651110360328,2,4.951651110360328,1,0,4,anti_homophones
12135,lK2min2hU4jL4,13,-10.452537550825046,4,10.452537550825046,1,0,0,anti_homophones
12136,wen2xin1,8,-5.418945482817847,2,5.418945482817847,1,0,5,anti_homophones
12137,re4dO1,6,-6.207459859206845,2,6.207459859206845,1,0,0,anti_homophones
12138,chUng1si1du4,12,-8.622982075046819,3,8.622982075046819,1,0,0,anti_homophones
12139,shi2cun4su4xin1,15,-11.859085449750092,4,11.859085449750092,1,0,0,anti_homophones
12140,wA4hV3,6,-7.0413490409940085,2,7.0413490409940085,1,0,2,anti_homophones
12141,tA4zO4hO4kU3,12,-13.117261949494399,4,13.117261949494399,1,0,0,anti_homophones
12142,shen1tI3,8,-6.292596758290998,2,6.292596758290998,1,0,2,anti_homophones
12143,da3yi1,6,-5.738244307464678,2,5.738244307464678,1,0,4,anti_homophones
12144,ku3gen1,7,-6.707632821812554,2,6.707632821812554,1,0,1,anti_homophones
12145,jing3shI3zheng4,15,-9.54735279280322,3,9.54735279280322,1,0,0,anti_homophones
12146,pW1lLn2shQ3xi1,14,-12.667553553996667,4,12.667553553996667,1,0,0,anti_homophones
12147,la1lan3,7,-5.644800657671396,2,5.644800657671396,1,0,2,anti_homophones
12148,shUng2se4,9,-6.265366309179753,2,6.265366309179753,1,0,3,anti_homophones
12149,san4re4,7,-7.028427537859226,2,7.028427537859226,1,0,0,anti_homophones
12150,A1dLn4,6,-7.398697578779098,2,7.398697578779098,1,0,1,anti_homophones
12151,gO2jW1fu4,9,-8.182665873308268,3,8.182665873308268,1,0,0,anti_homophones
12152,zhu1ren2mV2su2,14,-11.850568958526384,4,11.850568958526384,1,0,0,anti_homophones
12153,chan4an4,8,-6.150011356284356,2,6.150011356284356,1,0,0,anti_homophones
12154,kUn1xu4,7,-7.12154752404866,2,7.12154752404866,1,0,1,anti_homophones
12155,zhang3da2,9,-6.726833756274431,2,6.726833756274431,1,0,0,anti_homophones
12156,wu2bQ4,6,-5.903297716286397,2,5.903297716286397,1,0,3,anti_homophones
12157,shang2shi3,10,-6.134245288361621,2,6.134245288361621,1,0,1,anti_homophones
12158,bo1qi4ping1,11,-8.704713422009243,3,8.704713422009243,1,0,0,anti_homophones
12159,jM3ma3dang4zhan4,16,-11.550616119681218,4,11.550616119681218,1,0,0,anti_homophones
12160,wA4si4,6,-7.201747032884244,2,7.201747032884244,1,0,5,anti_homophones
12161,dW4zi4ye4,9,-8.203002547987289,3,8.203002547987289,1,0,0,anti_homophones
12162,zhi3ye4shi4ye4,14,-10.403692434947178,4,10.403692434947178,1,0,0,anti_homophones
12163,zi3zhi4,7,-5.948242460634237,2,5.948242460634237,1,0,5,anti_homophones
12164,ke4zi3,6,-5.979086963360836,2,5.979086963360836,1,0,3,anti_homophones
12165,mo2ku1bQ4ke4,12,-12.614193520719063,4,12.614193520719063,1,0,0,anti_homophones
12166,meng3ge2,8,-7.458438427782225,2,7.458438427782225,1,0,0,anti_homophones
12167,jLn1mQ2shu1feng1,16,-12.27004756348686,4,12.27004756348686,1,0,0,anti_homophones
12168,jing1wu1,8,-6.2764274731929435,2,6.2764274731929435,1,0,2,anti_homophones
12169,du2lu4,6,-5.080041042866759,2,5.080041042866759,1,0,4,anti_homophones
12170,gO1mA4,6,-6.844633832136165,2,6.844633832136165,1,0,2,anti_homophones
12171,fang1che1gUn1,13,-8.511343340356488,3,8.511343340356488,1,0,0,anti_homophones
12172,wo4shI4,7,-6.638623178365945,2,6.638623178365945,1,0,1,anti_homophones
12173,gV3fu4,6,-6.38039743022725,2,6.38039743022725,1,0,1,anti_homophones
12174,qK2yV3kP4zi5,12,-10.663255423677848,4,10.663255423677848,1,0,0,anti_homophones
12175,bu4jW3,6,-5.2632475657619056,2,5.2632475657619056,1,0,7,anti_homophones
12176,zong2she4,9,-6.57232170507006,2,6.57232170507006,1,0,2,anti_homophones
12177,fa1ding1,8,-6.040280220513053,2,6.040280220513053,1,0,3,anti_homophones
12178,cu1ru2shV3zhu3,14,-11.482007578971839,4,11.482007578971839,1,0,0,anti_homophones
12179,hU4xi1sUn4,10,-9.44767737013081,3,9.44767737013081,1,0,0,anti_homophones
12180,yin1lu4,7,-5.569826764681618,2,5.569826764681618,1,0,7,anti_homophones
12181,gQ1ying2,8,-5.738175211824073,2,5.738175211824073,1,0,4,anti_homophones
12182,yin2jLn1hU4,11,-8.568429644429187,3,8.568429644429187,1,0,0,anti_homophones
12183,he2shan4dLn4shun1,17,-12.683615933128523,4,12.683615933128523,1,0,0,anti_homophones
12184,gan3shi2xL4,11,-8.177514797444712,3,8.177514797444712,1,0,0,anti_homophones
12185,bu4xL4,6,-5.140656243330244,2,5.140656243330244,1,0,5,anti_homophones
12186,cQ1zhen4,8,-6.5247833005308395,2,6.5247833005308395,1,0,1,anti_homophones
12187,lin2yUn2,8,-5.5294794120840525,2,5.5294794120840525,1,0,1,anti_homophones
12188,feng2shi1ming1,14,-9.102968778975761,3,9.102968778975761,1,0,0,anti_homophones
12189,e4yi4,5,-5.131727065613424,2,5.131727065613424,1,1,9,anti_homophones
12190,fan1rong4dan4,13,-9.676173674381932,3,9.676173674381932,1,0,0,anti_homophones
12191,yC4yC4,6,-5.361133994145049,2,5.361133994145049,1,0,3,anti_homophones
12192,mQ2se4,6,-5.179126648396071,2,5.179126648396071,1,0,5,anti_homophones
12193,fang2dQ4,8,-5.549671016236364,2,5.549671016236364,1,1,6,anti_homophones
12194,jW1mu4,6,-5.909678437264621,2,5.909678437264621,1,0,6,anti_homophones
12195,jun1shUn3ke3zhUng4,18,-14.092673379004324,4,14.092673379004324,1,0,0,anti_homophones
12196,yV2hQ4,6,-5.707624159922554,2,5.707624159922554,1,1,2,anti_homophones
12197,jM2xUn3,7,-5.7005982239138095,2,5.7005982239138095,1,0,1,anti_homophones
12198,xC4yang3,8,-5.880955990403602,2,5.880955990403602,1,0,2,anti_homophones
12199,qYng2e2,7,-7.258713313876666,2,7.258713313876666,1,0,0,anti_homophones
12200,ru4yUn2yun2zhen2,16,-12.201007167588088,4,12.201007167588088,1,0,0,anti_homophones
12201,yi4xLn4,7,-5.509839747906884,2,5.509839747906884,1,0,7,anti_homophones
12202,tan2yang3pen1,13,-10.22048949087145,3,10.22048949087145,1,0,0,anti_homophones
12203,e2shu2zhen4shi2,15,-14.493543913262462,4,14.493543913262462,1,0,0,anti_homophones
12204,a1yong2,7,-6.46153262366693,2,6.46153262366693,1,0,0,anti_homophones
12205,man2bu4ne4,10,-9.594414592584721,3,9.594414592584721,1,0,0,anti_homophones
12206,lV4mA2,6,-7.5983362429581875,2,7.5983362429581875,1,0,0,anti_homophones
12207,shi4hO2yi4,10,-8.663388357426502,3,8.663388357426502,1,0,0,anti_homophones
12208,shV3xYng1tW2ming4,17,-12.303921632207706,4,12.303921632207706,1,0,0,anti_homophones
12209,qi3cQ1jin4,10,-9.277875267317427,3,9.277875267317427,1,0,0,anti_homophones
12210,yV2yang2,8,-5.78853155985495,2,5.78853155985495,1,0,4,anti_homophones
12211,jL1bE4fa1,9,-8.784873069588093,3,8.784873069588093,1,0,0,anti_homophones
12212,cQ3zhan3lB4,11,-10.14500616838707,3,10.14500616838707,1,0,0,anti_homophones
12213,gQ1dQ3,6,-5.241869847619099,2,5.241869847619099,1,0,5,anti_homophones
12214,fen4ju2,7,-5.898247779697651,2,5.898247779697651,1,0,1,anti_homophones
12215,yan2po4,7,-6.483514815499884,2,6.483514815499884,1,1,1,anti_homophones
12216,xK1ru4xLn4,10,-8.510122036943336,3,8.510122036943336,1,0,0,anti_homophones
12217,xi1xM2wA4,9,-8.43620083574944,3,8.43620083574944,1,0,0,anti_homophones
12218,lK4ri4tu3bQ1,12,-11.954126045916912,4,11.954126045916912,1,0,0,anti_homophones
12219,li3hI1gO1,9,-8.858741061639464,3,8.858741061639464,1,0,0,anti_homophones
12220,zO4qu1,6,-5.569771859935622,2,5.569771859935622,1,0,2,anti_homophones
12221,chQ1e4,6,-6.412335700550032,2,6.412335700550032,1,0,2,anti_homophones
12222,jL1ru4,6,-5.711803287870016,2,5.711803287870016,1,0,3,anti_homophones
12223,bi3tong1,8,-5.871063785094757,2,5.871063785094757,1,0,4,anti_homophones
12224,shi4chong2man3,14,-9.6673251939398,3,9.6673251939398,1,0,0,anti_homophones
12225,dLn3shu1,8,-5.810337441382975,2,5.810337441382975,1,0,3,anti_homophones
12226,qing4zhang2,11,-6.221220121656432,2,6.221220121656432,1,0,4,anti_homophones
12227,zhu3fen1tLn2shang2,18,-12.274802339490343,4,12.274802339490343,1,0,0,anti_homophones
12228,chQ3nong2ren2,13,-9.86934257653838,3,9.86934257653838,1,0,0,anti_homophones
12229,xun4xL4,7,-6.585181125292177,2,6.585181125292177,1,0,2,anti_homophones
12230,jW3ge2jLng3bu4,14,-12.134018445070835,4,12.134018445070835,1,0,0,anti_homophones
12231,xun1jin4zhan4xing2,18,-12.685257056555196,4,12.685257056555196,1,0,0,anti_homophones
12232,nan2ping3zhUn1,14,-10.777088468141095,3,10.777088468141095,1,0,0,anti_homophones
12233,cI1mo2,6,-5.450280705846267,2,5.450280705846267,1,0,1,anti_homophones
12234,ji1chUng1,9,-5.976832933344858,2,5.976832933344858,1,0,2,anti_homophones
12235,sha4dan4,8,-7.139030174308497,2,7.139030174308497,1,0,0,anti_homophones
12236,nE4lE3dUn4,10,-9.142141366298944,3,9.142141366298944,1,0,0,anti_homophones
12237,hO4hUn1yQ4,10,-9.870541706433356,3,9.870541706433356,1,0,0,anti_homophones
12238,ding3dQ4,8,-6.261221536079457,2,6.261221536079457,1,0,2,anti_homophones
12239,jM2shi1,7,-5.834392734293473,2,5.834392734293473,1,0,4,anti_homophones
12240,yV1gV3,6,-6.312362101297368,2,6.312362101297368,1,0,2,anti_homophones
12241,shI3yi4,7,-4.904761754049766,2,4.904761754049766,1,1,8,anti_homophones
12242,bu4fen1,7,-5.788610044825872,2,5.788610044825872,1,0,2,anti_homophones
12243,deng1yan1ba4gong1,17,-13.177916146146242,4,13.177916146146242,1,0,0,anti_homophones
12244,zhUng1dQ4hQ4,12,-8.623577655658297,3,8.623577655658297,1,0,0,anti_homophones
12245,ge1wu2mang4A4,13,-12.108938852548956,4,12.108938852548956,1,0,0,anti_homophones
12246,ni2tang5fE4,11,-9.783939735169177,3,9.783939735169177,1,0,0,anti_homophones
12247,jM2yV3chi3ye5,13,-12.255649913128755,4,12.255649913128755,1,0,0,anti_homophones
12248,xLng2xW1xM4,11,-8.996586302710165,3,8.996586302710165,1,0,0,anti_homophones
12249,shi4jLn4,8,-5.292603998468536,2,5.292603998468536,1,0,4,anti_homophones
12250,dan1tLn1jun1,12,-8.607853420269118,3,8.607853420269118,1,0,0,anti_homophones
12251,sheng4se4,9,-6.257758471666741,2,6.257758471666741,1,0,6,anti_homophones
12252,da3dLn3xL4,10,-8.315280570171982,3,8.315280570171982,1,0,0,anti_homophones
12253,zhV1shang2,10,-6.410452067609806,2,6.410452067609806,1,0,1,anti_homophones
12254,su4qi4,6,-5.298495025009151,2,5.298495025009151,1,0,6,anti_homophones
12255,xW4zi3,6,-5.878665416344189,2,5.878665416344189,1,0,0,anti_homophones
12256,tan4zhu4shu1,12,-9.080781116051492,3,9.080781116051492,1,0,0,anti_homophones
12257,jM3dQ3,6,-5.614815017971419,2,5.614815017971419,1,0,4,anti_homophones
12258,xW4lO4,6,-5.938369033708616,2,5.938369033708616,1,0,3,anti_homophones
12259,la1shi2bo2e4,12,-11.889710540436328,4,11.889710540436328,1,0,0,anti_homophones
12260,chQ2lin2qing4,13,-9.33165806215456,3,9.33165806215456,1,0,0,anti_homophones
12261,pE4xing2zhun3qi4,16,-12.419153972284828,4,12.419153972284828,1,0,0,anti_homophones
12262,kV3zA2shI3,10,-10.798173875786484,3,10.798173875786484,1,0,0,anti_homophones
12263,gan3chang3jin4tV5,17,-11.636368188022516,4,11.636368188022516,1,0,0,anti_homophones
12264,chen4song1,10,-7.301775764730023,2,7.301775764730023,1,0,1,anti_homophones
12265,yun4jM4,7,-5.710261929660096,2,5.710261929660096,1,0,3,anti_homophones
12266,mo3wang4dQ4zhu4,15,-13.248879459893635,4,13.248879459893635,1,0,0,anti_homophones
12267,dV3dong1,8,-6.2412159312782425,2,6.2412159312782425,1,0,0,anti_homophones
12268,gI1xi4,6,-6.065645319630353,2,6.065645319630353,1,0,7,anti_homophones
12269,jun1jK1,7,-6.76860979007107,2,6.76860979007107,1,0,2,anti_homophones
12270,gong4xin4,9,-6.027980828483921,2,6.027980828483921,1,0,2,anti_homophones
12271,xing1yin4,9,-6.553606744327431,2,6.553606744327431,1,0,3,anti_homophones
12272,tLn2qi4,7,-5.634540740475506,2,5.634540740475506,1,0,2,anti_homophones
12273,man3shu1ping2,13,-9.47803277580398,3,9.47803277580398,1,0,0,anti_homophones
12274,rV4bLn1,7,-6.099974567527639,2,6.099974567527639,1,0,0,anti_homophones
12275,kang4bLn1,9,-7.419107358001577,2,7.419107358001577,1,0,1,anti_homophones
12276,pu1bi3si4shi2,13,-11.863246798851554,4,11.863246798851554,1,0,0,anti_homophones
12277,kA1shUng3zu2,12,-10.476943806366407,3,10.476943806366407,1,0,0,anti_homophones
12278,yong1chen2,10,-6.570535513844994,2,6.570535513844994,1,0,0,anti_homophones
12279,chan4qi4,8,-5.307031717456739,2,5.307031717456739,1,0,4,anti_homophones
12280,bi4gong4,8,-5.934632543197724,2,5.934632543197724,1,0,1,anti_homophones
12281,yin1zhu4dI4zI4,14,-11.71430177384455,4,11.71430177384455,1,0,0,anti_homophones
12282,lLn4bu4,7,-5.862543654412123,2,5.862543654412123,1,0,1,anti_homophones
12283,gu4qing4lv4,11,-9.204757992906544,3,9.204757992906544,1,0,0,anti_homophones
12284,ke3shi4zi5,10,-7.389375688349398,3,7.389375688349398,1,0,0,anti_homophones
12285,tu3zhi3jing2ming3,17,-12.298352507001312,4,12.298352507001312,1,0,0,anti_homophones
12286,zO4gO4zhang1,12,-9.254802695429328,3,9.254802695429328,1,0,0,anti_homophones
12287,gong4ju2,8,-5.803916537992019,2,5.803916537992019,1,0,3,anti_homophones
12288,wen2hI4lLn2su4,14,-11.777404673267045,4,11.777404673267045,1,0,0,anti_homophones
12289,ke4hU4,6,-5.123664396704342,2,5.123664396704342,1,0,4,anti_homophones
12290,ho4gO2fong1dan1,15,-15.221295363973198,4,15.221295363973198,1,0,0,anti_homophones
12291,ji1wE4lu4jL4,12,-11.36108588916252,4,11.36108588916252,1,0,0,anti_homophones
12292,nLn2bW1,7,-6.522155900783905,2,6.522155900783905,1,0,0,anti_homophones
12293,jun1tM1,7,-6.522184883043162,2,6.522184883043162,1,0,0,anti_homophones
12294,bing1chV1lO4,12,-9.39164646442889,3,9.39164646442889,1,0,0,anti_homophones
12295,A1tLn1ji1,9,-7.72237418496498,3,7.72237418496498,1,0,0,anti_homophones
12296,zu3zhi2lang3,12,-9.309660112075933,3,9.309660112075933,1,0,0,anti_homophones
12297,zhi4zhi2zhi1,12,-8.065105860392714,3,8.065105860392714,1,0,0,anti_homophones
12298,xUn3zhi1fan3li3,15,-11.24512284169007,4,11.24512284169007,1,0,0,anti_homophones
12299,qing2gV1xLn4si5,15,-12.53085088442695,4,12.53085088442695,1,0,0,anti_homophones
12300,te4lu4shi1,10,-9.060011462076664,3,9.060011462076664,1,0,0,anti_homophones
12301,zA1gO2nW3,9,-8.674013516025406,3,8.674013516025406,1,0,0,anti_homophones
12302,yin2lO4nO4,10,-8.857698389845321,3,8.857698389845321,1,0,0,anti_homophones
12303,lan2li5,7,-6.791882600712612,2,6.791882600712612,1,0,0,anti_homophones
12304,shi1bing2xing3ban4,18,-12.203304179232743,4,12.203304179232743,1,0,0,anti_homophones
12305,zhu3yi4,7,-4.348295792771022,2,4.348295792771022,1,2,11,anti_homophones
12306,shO1mQ2se4,10,-7.853875928424872,3,7.853875928424872,1,0,0,anti_homophones
12307,sheng2yong1jM1zI4,17,-12.364694718114539,4,12.364694718114539,1,0,0,anti_homophones
12308,qi4zO4li4,9,-8.66237009612528,3,8.66237009612528,1,0,0,anti_homophones
12309,qLn2ye3xing3tA2,15,-12.111627739371897,4,12.111627739371897,1,0,0,anti_homophones
12310,bing4gu1ji2,11,-9.43042594895456,3,9.43042594895456,1,0,0,anti_homophones
12311,lO2ma4,6,-6.580391763706068,2,6.580391763706068,1,0,0,anti_homophones
12312,yi1ge2,6,-5.122401803391921,2,5.122401803391921,1,0,3,anti_homophones
12313,ya2zI3,6,-5.925407292169166,2,5.925407292169166,1,0,3,anti_homophones
12314,chang1cu4shu4xC2,16,-11.76551477992246,4,11.76551477992246,1,0,0,anti_homophones
12315,nLn2li3xC3hQ4,13,-12.026298558104035,4,12.026298558104035,1,0,0,anti_homophones
12316,ban3ji3,7,-6.622144788392558,2,6.622144788392558,1,0,2,anti_homophones
12317,zi4shi4,7,-4.756032802725233,2,4.756032802725233,1,1,14,anti_homophones
12318,wE2zhong2,9,-6.086039764142423,2,6.086039764142423,1,0,1,anti_homophones
12319,dang2lLn4tLn1jK3,16,-12.634438496698323,4,12.634438496698323,1,0,0,anti_homophones
12320,zhe3nQ2,7,-7.372315601724209,2,7.372315601724209,1,0,0,anti_homophones
12321,dV4ji4,6,-5.360388498218062,2,5.360388498218062,1,0,5,anti_homophones
12322,tO1tQ4ji2,9,-8.971253666028531,3,8.971253666028531,1,0,0,anti_homophones
12323,cong4mLn4,9,-6.528704327031508,2,6.528704327031508,1,0,4,anti_homophones
12324,cun2sO3,7,-6.217672406739568,2,6.217672406739568,1,0,2,anti_homophones
12325,da4ma4min2,10,-7.865261159935693,3,7.865261159935693,1,0,0,anti_homophones
12326,chUng2li4,9,-5.912426364744543,2,5.912426364744543,1,0,1,anti_homophones
12327,san3xLn1yang2chan4,18,-13.290952413746215,4,13.290952413746215,1,0,0,anti_homophones
12328,wen4dA4,7,-5.735287624732481,2,5.735287624732481,1,0,2,anti_homophones
12329,tong1tang3,10,-6.391207349364586,2,6.391207349364586,1,0,1,anti_homophones
12330,yong3zeng3,10,-8.836447333063877,2,8.836447333063877,1,0,0,anti_homophones
12331,jW4shang3,9,-6.191957021565211,2,6.191957021565211,1,0,1,anti_homophones
12332,tI1chUn1hV4,11,-9.060306288133754,3,9.060306288133754,1,0,0,anti_homophones
12333,shu4cQ3ji2,10,-9.098486028572268,3,9.098486028572268,1,0,0,anti_homophones
12334,mQ2dang2qUn2,12,-9.33350391869934,3,9.33350391869934,1,0,0,anti_homophones
12335,pang4jW3,8,-7.053970392040643,2,7.053970392040643,1,0,0,anti_homophones
12336,gA4jLn4di2,10,-9.515298585186345,3,9.515298585186345,1,0,0,anti_homophones
12337,jun1hen2,8,-6.780581141334742,2,6.780581141334742,1,0,3,anti_homophones
12338,cha2kang4wE1,12,-10.67608228208897,3,10.67608228208897,1,0,0,anti_homophones
12339,hI2yi4,6,-5.060753934528817,2,5.060753934528817,1,0,9,anti_homophones
12340,gO2er2,6,-6.546543403606655,2,6.546543403606655,1,0,1,anti_homophones
12341,tV2fE4,6,-5.879163890505158,2,5.879163890505158,1,0,3,anti_homophones
12342,an1gUn3,7,-5.8351079784899405,2,5.8351079784899405,1,0,3,anti_homophones
12343,qLng4ren2,9,-5.539099481852632,2,5.539099481852632,1,0,1,anti_homophones
12344,hO3fang1lLng4,13,-9.347318335014153,3,9.347318335014153,1,0,0,anti_homophones
12345,bing2lin1,9,-7.78009239351832,2,7.78009239351832,1,0,1,anti_homophones
12346,tO1ku4ce4,9,-8.586292222077203,3,8.586292222077203,1,0,0,anti_homophones
12347,hu4shi4yong2tan2,16,-11.765832491007119,4,11.765832491007119,1,0,0,anti_homophones
12348,shO1shi2zO4ye3,14,-11.72894585117459,4,11.72894585117459,1,0,0,anti_homophones
12349,xW3er2,6,-4.9410954490772,2,4.9410954490772,1,1,1,anti_homophones
12350,si1ji4,6,-5.644469963640188,2,5.644469963640188,1,0,10,anti_homophones
12351,cha2pA2,7,-5.650733118832084,2,5.650733118832084,1,0,2,anti_homophones
12352,qi1ru2yV3yan3,13,-11.334894338146386,4,11.334894338146386,1,0,0,anti_homophones
12353,yQ1rI3,6,-8.420371556129464,2,8.420371556129464,1,0,0,anti_homophones
12354,men2jin3dUn4,12,-9.49342075424063,3,9.49342075424063,1,0,0,anti_homophones
12355,bLn1xi1,7,-5.778519236095047,2,5.778519236095047,1,0,2,anti_homophones
12356,mQ2shang4tong4jLng3,19,-13.45657734582945,4,13.45657734582945,1,0,0,anti_homophones
12357,mi2meng1ru3,11,-10.131294395076118,3,10.131294395076118,1,0,0,anti_homophones
12358,bu4yQ4,6,-5.741911598623824,2,5.741911598623824,1,0,8,anti_homophones
12359,dW4sO3,6,-5.629452006453007,2,5.629452006453007,1,1,2,anti_homophones
12360,ding2xin1,9,-5.721315146015279,2,5.721315146015279,1,0,4,anti_homophones
12361,pen1mu4man4,11,-9.998571831926311,3,9.998571831926311,1,0,0,anti_homophones
12362,wu2xM2,6,-5.843249347159929,2,5.843249347159929,1,1,4,anti_homophones
12363,kA1yan1,7,-6.344096995003028,2,6.344096995003028,1,0,2,anti_homophones
12364,wE1yong2gong2,13,-10.408067752092967,3,10.408067752092967,1,0,0,anti_homophones
12365,bQ3li3ping1,11,-9.148734743931316,3,9.148734743931316,1,0,0,anti_homophones
12366,A1qu3zheng1dA4,14,-11.615372982196018,4,11.615372982196018,1,0,0,anti_homophones
12367,jK4ji3shi1,10,-9.149270318298788,3,9.149270318298788,1,0,0,anti_homophones
12368,gQ1dA4lQ3dang4,14,-10.414089148835249,4,10.414089148835249,1,0,0,anti_homophones
12369,an4gUn1,7,-6.038006249694182,2,6.038006249694182,1,0,3,anti_homophones
12370,bW3xing4ji4,11,-8.516642747324846,3,8.516642747324846,1,0,0,anti_homophones
12371,bQ1bW1,6,-6.117695025967719,2,6.117695025967719,1,0,1,anti_homophones
12372,cun1fang2dQ4jC2,15,-13.63980729831713,4,13.63980729831713,1,0,0,anti_homophones
12373,zO4hu4,6,-5.960472800675756,2,5.960472800675756,1,1,6,anti_homophones
12374,zhi1feng2,9,-6.041727641854631,2,6.041727641854631,1,0,3,anti_homophones
12375,fen4jin4he2shi4,15,-10.787015846226334,4,10.787015846226334,1,0,0,anti_homophones
12376,nan4qi4,7,-5.584240188526907,2,5.584240188526907,1,0,8,anti_homophones
12377,ying1meng2lUn2,14,-10.945827334167284,3,10.945827334167284,1,0,0,anti_homophones
12378,qi2lu4,6,-5.5936112813889,2,5.5936112813889,1,0,7,anti_homophones
12379,kang3ri4,8,-7.138158631766512,2,7.138158631766512,1,0,2,anti_homophones
12380,jL3ben1mV2sheng4,16,-11.33602781234848,4,11.33602781234848,1,0,0,anti_homophones
12381,leng1hO3lW4,11,-8.120366988474238,3,8.120366988474238,1,0,0,anti_homophones
12382,bi3qu3zhi3ping3,15,-13.298177838055572,4,13.298177838055572,1,0,0,anti_homophones
12383,xun2feng1gA4,12,-9.5808739180003,3,9.5808739180003,1,0,0,anti_homophones
12384,yin3pW4,7,-6.207333591406112,2,6.207333591406112,1,0,0,anti_homophones
12385,lu2hong1,8,-6.640580445836837,2,6.640580445836837,1,0,0,anti_homophones
12386,shan1shu1zheng2,15,-9.548691887525548,3,9.548691887525548,1,0,0,anti_homophones
12387,wu2zI3qing1,11,-10.61054220323302,3,10.61054220323302,1,0,0,anti_homophones
12388,ce4wo1gE3,9,-8.952808726256473,3,8.952808726256473,1,0,0,anti_homophones
12389,tV2bQ3gI3,9,-8.78881509560906,3,8.78881509560906,1,0,0,anti_homophones
12390,yong1bQ3,8,-6.741220251591946,2,6.741220251591946,1,0,2,anti_homophones
12391,gI1an4,6,-5.565095460129473,2,5.565095460129473,1,1,2,anti_homophones
12392,wen2zhV4tW2,11,-9.807179492361337,3,9.807179492361337,1,0,0,anti_homophones
12393,yong1jing4tV2zhi4,17,-11.419251447155455,4,11.419251447155455,1,0,0,anti_homophones
12394,wE4chang2feng1,14,-9.150083906640635,3,9.150083906640635,1,0,0,anti_homophones
12395,jM1ji1,6,-5.050368262409942,2,5.050368262409942,1,1,9,anti_homophones
12396,da4pi1,6,-6.832710825032064,2,6.832710825032064,1,0,4,anti_homophones
12397,mu4dong2,8,-6.063063490022758,2,6.063063490022758,1,0,1,anti_homophones
12398,hI2zhe5,7,-6.488996003559541,2,6.488996003559541,1,0,0,anti_homophones
12399,he2hU4jLng1dLn4,15,-10.710708409949884,4,10.710708409949884,1,0,0,anti_homophones
12400,bA3shi4lE4,10,-8.10891557423737,3,8.10891557423737,1,0,0,anti_homophones
12401,yV1sV1shu4,10,-7.292044913874925,3,7.292044913874925,1,0,0,anti_homophones
12402,yang2fen4,9,-6.344547835516769,2,6.344547835516769,1,0,1,anti_homophones
12403,fu3jLng2,8,-7.27056709941898,2,7.27056709941898,1,0,0,anti_homophones
12404,su4li4,6,-5.136542707920755,2,5.136542707920755,1,1,9,anti_homophones
12405,zhQ4chen4wE2shen2,17,-12.998060353342042,4,12.998060353342042,1,0,0,anti_homophones
12406,zhUng4jing2bu4feng4,19,-12.11111590168838,4,12.11111590168838,1,0,0,anti_homophones
12407,shu1shQ1shu4,12,-8.718590461228926,3,8.718590461228926,1,0,0,anti_homophones
12408,xing1xin4xing4jL4,17,-11.250631213626118,4,11.250631213626118,1,0,0,anti_homophones
12409,jC2wen2shUng4,13,-10.167337442487327,3,10.167337442487327,1,0,0,anti_homophones
12410,zQ4zA3,6,-7.31060983146334,2,7.31060983146334,1,0,2,anti_homophones
12411,ying1xC2jLn4,12,-7.909570143190492,3,7.909570143190492,1,0,0,anti_homophones
12412,he2pA4,6,-5.309197138982061,2,5.309197138982061,1,1,5,anti_homophones
12413,tA4kUn1,7,-6.02059325303402,2,6.02059325303402,1,1,0,anti_homophones
12414,nLn2jLng4dong3kong1,19,-13.935745098185471,4,13.935745098185471,1,0,0,anti_homophones
12415,xLng2dUn4,9,-6.5494859443081275,2,6.5494859443081275,1,0,1,anti_homophones
12416,da4xC2li3,9,-7.3933808932677145,3,7.3933808932677145,1,0,0,anti_homophones
12417,jing4ding2,10,-6.407280243885302,2,6.407280243885302,1,0,3,anti_homophones
12418,ren2ti3,7,-5.404538289486772,2,5.404538289486772,1,0,3,anti_homophones
12419,tQ2ci4shang3dQ4,15,-12.140788223713542,4,12.140788223713542,1,0,0,anti_homophones
12420,lQ3mo4,6,-5.984418387229494,2,5.984418387229494,1,0,3,anti_homophones
12421,e2lin2lun4,10,-9.6812696559317,3,9.6812696559317,1,0,0,anti_homophones
12422,tV2ban3,7,-6.003508377887121,2,6.003508377887121,1,0,0,anti_homophones
12423,ding2zO4xC2,11,-9.076230304403431,3,9.076230304403431,1,0,0,anti_homophones
12424,lLn4bu4jLn4,11,-8.067443502564357,3,8.067443502564357,1,0,0,anti_homophones
12425,chang2gan3,10,-6.365049030837731,2,6.365049030837731,1,0,1,anti_homophones
12426,fu2zhang2,9,-6.3145098332053875,2,6.3145098332053875,1,0,2,anti_homophones
12427,chan1yV1sheng4,14,-9.581618912311772,3,9.581618912311772,1,0,0,anti_homophones
12428,jLng1jW1,8,-6.72400423198055,2,6.72400423198055,1,0,1,anti_homophones
12429,chang3ba5,9,-6.743162606165866,2,6.743162606165866,1,0,0,anti_homophones
12430,hu4xLn4,7,-5.865976287377763,2,5.865976287377763,1,0,9,anti_homophones
12431,dO2bW1tong4,11,-9.49221913920018,3,9.49221913920018,1,0,0,anti_homophones
12432,gan3bLn1men5,12,-9.995427095097176,3,9.995427095097176,1,0,0,anti_homophones
12433,xW3ce4ci3,9,-9.075041643622324,3,9.075041643622324,1,0,0,anti_homophones
12434,bE4yi3zhang3,12,-9.147691341492493,3,9.147691341492493,1,0,0,anti_homophones
12435,xing4li4ya1tan1,15,-11.992913366001487,4,11.992913366001487,1,0,0,anti_homophones
12436,zi4xW4,6,-5.610377545689797,2,5.610377545689797,1,1,2,anti_homophones
12437,tQ2zi1zhu2ku4,13,-12.647355937097498,4,12.647355937097498,1,0,0,anti_homophones
12438,kang2du4,8,-6.675856288165948,2,6.675856288165948,1,0,2,anti_homophones
12439,an4shang2,9,-6.36753952532987,2,6.36753952532987,1,0,2,anti_homophones
12440,du2gong1jin1,12,-8.792932532945807,3,8.792932532945807,1,0,0,anti_homophones
12441,re4xLng4,8,-5.672833940008281,2,5.672833940008281,1,0,1,anti_homophones
12442,ji4li4,6,-4.999376300913879,2,4.999376300913879,1,0,15,anti_homophones
12443,cha2shQ1tW2,11,-10.170808207703743,3,10.170808207703743,1,0,0,anti_homophones
12444,mQ2jing5,8,-8.029224311244267,2,8.029224311244267,1,0,1,anti_homophones
12445,zhang2bu4,9,-5.914675275961467,2,5.914675275961467,1,0,2,anti_homophones
12446,cang4qLn1,9,-7.050476922686146,2,7.050476922686146,1,0,0,anti_homophones
12447,wu2fu2,6,-5.571342364442262,2,5.571342364442262,1,0,8,anti_homophones
12448,bo1san4,7,-5.927769335194656,2,5.927769335194656,1,0,3,anti_homophones
12449,zQ4kQ4sheng1,12,-9.355380763816251,3,9.355380763816251,1,0,0,anti_homophones
12450,zheng1yu2,9,-5.46106352176552,2,5.46106352176552,1,1,3,anti_homophones
12451,yQ4fen4gu3,10,-9.466734474182138,3,9.466734474182138,1,0,0,anti_homophones
12452,gen1bu4de5,10,-7.928273300499859,3,7.928273300499859,1,0,0,anti_homophones
12453,gong4zhi1,9,-5.746646537986592,2,5.746646537986592,1,0,1,anti_homophones
12454,shang4mu3,9,-6.353778693177464,2,6.353778693177464,1,0,1,anti_homophones
12455,wE2zhang1hUn4,13,-9.496146277989933,3,9.496146277989933,1,0,0,anti_homophones
12456,cang2lu4,8,-6.505913423599853,2,6.505913423599853,1,0,1,anti_homophones
12457,lW3li4,6,-6.201940847128023,2,6.201940847128023,1,0,6,anti_homophones
12458,kP4xL4shi2mW4,13,-12.228399825980311,4,12.228399825980311,1,0,0,anti_homophones
12459,cha2gu1shi1zhi4,15,-12.313595986720854,4,12.313595986720854,1,0,0,anti_homophones
12460,san3gUn1ban1,12,-10.07964645639391,3,10.07964645639391,1,0,0,anti_homophones
12461,ling2he4,8,-6.940171627045396,2,6.940171627045396,1,0,2,anti_homophones
12462,lO2bo1,6,-5.430224828021748,2,5.430224828021748,1,0,0,anti_homophones
12463,bQ4min2g4zhi3,13,-12.999834810768625,3,12.999834810768625,1,0,0,anti_homophones
12464,jW1shu4wE2rUn3,14,-12.8466035151866,4,12.8466035151866,1,0,0,anti_homophones
12465,zhu2lE4bM2,10,-8.682282046607904,3,8.682282046607904,1,0,0,anti_homophones
12466,ming4hP4,8,-6.665536022757844,2,6.665536022757844,1,0,4,anti_homophones
12467,zV4qi1xu4pang3,14,-13.873453346462659,4,13.873453346462659,1,0,0,anti_homophones
12468,chu1lLn4,8,-5.97182339080594,2,5.97182339080594,1,0,3,anti_homophones
12469,lun2shV4,8,-6.623348295912863,2,6.623348295912863,1,0,0,anti_homophones
12470,xin1san4,8,-6.640980236862414,2,6.640980236862414,1,0,3,anti_homophones
12471,shi4da3pang4,12,-10.201365138810012,3,10.201365138810012,1,0,0,anti_homophones
12472,hA3dO5,6,-6.581312161615324,2,6.581312161615324,1,0,0,anti_homophones
12473,ni2lLng2zhi4,12,-8.755343886474797,3,8.755343886474797,1,0,0,anti_homophones
12474,bu4shang3sheng2,15,-8.861284621160818,3,8.861284621160818,1,0,0,anti_homophones
12475,yin4hU4,7,-5.5289596601093525,2,5.5289596601093525,1,0,3,anti_homophones
12476,bang1zi5,8,-6.259101601807009,2,6.259101601807009,1,0,3,anti_homophones
12477,qLn4li4,7,-5.98314317608519,2,5.98314317608519,1,0,8,anti_homophones
12478,wE1se4zhen3,11,-9.538232555760896,3,9.538232555760896,1,0,0,anti_homophones
12479,xYng2rV4,8,-6.591390399112673,2,6.591390399112673,1,0,0,anti_homophones
12480,yu3hU4,6,-5.4271554526032535,2,5.4271554526032535,1,0,4,anti_homophones
12481,peng1min2,9,-6.69601634914716,2,6.69601634914716,1,0,0,anti_homophones
12482,mu4wE2,6,-6.062014347242586,2,6.062014347242586,1,0,0,anti_homophones
12483,shV4zi3,7,-5.887026970719566,2,5.887026970719566,1,1,2,anti_homophones
12484,li2hI1hUn2,10,-9.06718450438329,3,9.06718450438329,1,0,0,anti_homophones
12485,lK2lLng4nA3nW3,14,-10.934698963900823,4,10.934698963900823,1,0,0,anti_homophones
12486,kUng2xLng2yV2wen2,17,-12.47398770583465,4,12.47398770583465,1,0,0,anti_homophones
12487,zV3hE1dan4yUn2,14,-11.71711118980223,4,11.71711118980223,1,0,0,anti_homophones
12488,wE1wen2chi2,11,-8.920582662241019,3,8.920582662241019,1,0,0,anti_homophones
12489,chQ2shi4,8,-5.654252114721647,2,5.654252114721647,1,1,6,anti_homophones
12490,keng1se4,8,-6.800056484198899,2,6.800056484198899,1,0,0,anti_homophones
12491,dang2qi2chang2,14,-9.289836513732814,3,9.289836513732814,1,0,0,anti_homophones
12492,fen1pE4jing1ben3,16,-11.801821132241413,4,11.801821132241413,1,0,0,anti_homophones
12493,zhu4lLng2qu1,12,-9.09923397436794,3,9.09923397436794,1,0,0,anti_homophones
12494,tang4bA4nan2,12,-10.907540378997336,3,10.907540378997336,1,0,0,anti_homophones
12495,shan4ye4lK2,11,-8.642667993139282,3,8.642667993139282,1,0,0,anti_homophones
12496,xLng1ne2,8,-8.9612990516829,2,8.9612990516829,1,0,1,anti_homophones
12497,pan2an4ze2,10,-9.69227393814418,3,9.69227393814418,1,0,0,anti_homophones
12498,jM1sheng1pA4,12,-8.280264760866865,3,8.280264760866865,1,0,0,anti_homophones
12499,ting1pin3yi1she4,16,-12.009230712165108,4,12.009230712165108,1,0,0,anti_homophones
12500,gUn4fang2,9,-6.649375130982032,2,6.649375130982032,1,0,0,anti_homophones
12501,kA1gong1,8,-5.631579440213142,2,5.631579440213142,1,0,1,anti_homophones
12502,tLn2xing4,9,-6.073282135023051,2,6.073282135023051,1,0,2,anti_homophones
12503,gP4da2,6,-6.445547191564811,2,6.445547191564811,1,0,0,anti_homophones
12504,da3chi3gong1lu4,15,-11.147878767298222,4,11.147878767298222,1,0,0,anti_homophones
12505,tLn1ming4,9,-5.864916156741152,2,5.864916156741152,1,0,3,anti_homophones
12506,hu2shu4rO4,10,-9.816002254197825,3,9.816002254197825,1,0,0,anti_homophones
12507,mE2ting3,8,-6.2540665151881445,2,6.2540665151881445,1,0,3,anti_homophones
12508,ri4ben3,7,-6.3394564106085225,2,6.3394564106085225,1,0,4,anti_homophones
12509,ba3shang1jM2,12,-9.280906647215835,3,9.280906647215835,1,0,0,anti_homophones
12510,chan4na4si1lv4,14,-12.267548891408175,4,12.267548891408175,1,0,0,anti_homophones
12511,bLn1fa4qi2lu2,13,-12.241920872352475,4,12.241920872352475,1,0,0,anti_homophones
12512,hong4jLn4,9,-6.211244669224443,2,6.211244669224443,1,0,4,anti_homophones
12513,bu4gong2bQ4,11,-8.148903737028403,3,8.148903737028403,1,0,0,anti_homophones
12514,hU2gI3,6,-6.239736367116025,2,6.239736367116025,1,1,1,anti_homophones
12515,bu4dV4,6,-5.977292774279565,2,5.977292774279565,1,0,5,anti_homophones
12516,yi1pang3xYng2,13,-9.390934235766142,3,9.390934235766142,1,0,0,anti_homophones
12517,zhan1lW4,8,-7.152706502486585,2,7.152706502486585,1,0,1,anti_homophones
12518,xW3nE4,6,-6.720669850220833,2,6.720669850220833,1,0,2,anti_homophones
12519,nE4shun4tu2lLn2,15,-13.554415367551496,4,13.554415367551496,1,0,0,anti_homophones
12520,ban4zI4,7,-6.018399066793816,2,6.018399066793816,1,0,3,anti_homophones
12521,si4fE4,6,-6.005744971224854,2,6.005744971224854,1,0,1,anti_homophones
12522,lang3sO3,8,-7.059413996500762,2,7.059413996500762,1,0,0,anti_homophones
12523,fo2sheng1,9,-6.3541969377794,2,6.3541969377794,1,0,0,anti_homophones
12524,zhu1jK4,7,-6.351563045935914,2,6.351563045935914,1,0,1,anti_homophones
12525,jLn3di4,7,-5.714128438233076,2,5.714128438233076,1,0,2,anti_homophones
12526,qLn1ren2,8,-5.144770451871769,2,5.144770451871769,1,0,6,anti_homophones
12527,xYng1lB4,8,-7.203691642386787,2,7.203691642386787,1,0,0,anti_homophones
12528,le4bu4ban1ji4,13,-11.274024916785043,4,11.274024916785043,1,0,0,anti_homophones
12529,ci3pLn1,7,-6.824304848546269,2,6.824304848546269,1,0,2,anti_homophones
12530,mA4shi4,7,-5.4480978374810825,2,5.4480978374810825,1,0,6,anti_homophones
12531,gQ1gen4,7,-6.9522416542820205,2,6.9522416542820205,1,0,0,anti_homophones
12532,zi4qu3,6,-5.449928032426175,2,5.449928032426175,1,0,6,anti_homophones
12533,kun4wu4,7,-6.373830580206251,2,6.373830580206251,1,0,0,anti_homophones
12534,hA3shu4hang1,12,-9.63083960752459,3,9.63083960752459,1,0,0,anti_homophones
12535,ni2bE4,6,-5.8661432798636755,2,5.8661432798636755,1,0,5,anti_homophones
12536,zhong2wu4,9,-5.734851959906265,2,5.734851959906265,1,0,3,anti_homophones
12537,hU4sheng4xLng4,14,-8.795602749364143,3,8.795602749364143,1,0,0,anti_homophones
12538,qing4ban1,9,-6.369638935203502,2,6.369638935203502,1,0,1,anti_homophones
12539,ting2zO4yi3chan4,16,-12.20333095777874,4,12.20333095777874,1,0,0,anti_homophones
12540,yV3sun3,7,-5.978457640734685,2,5.978457640734685,1,0,2,anti_homophones
12541,dI4kUng2wu4,11,-8.729145155347178,3,8.729145155347178,1,0,0,anti_homophones
12542,chang2zhen4,11,-6.700643132947529,2,6.700643132947529,1,0,0,anti_homophones
12543,jK4shi1,7,-5.412980820034468,2,5.412980820034468,1,0,6,anti_homophones
12544,yi1pA2,6,-5.606338014205969,2,5.606338014205969,1,0,4,anti_homophones
12545,pLn1jin3mM1,11,-11.356299207377068,3,11.356299207377068,1,0,0,anti_homophones
12546,pin3mLn3,8,-6.422881839899369,2,6.422881839899369,1,0,0,anti_homophones
12547,zhu3chi3,8,-6.165119780694889,2,6.165119780694889,1,0,0,anti_homophones
12548,hun1shan4,9,-6.598923300332692,2,6.598923300332692,1,0,0,anti_homophones
12549,yan2gong2,9,-6.034596620344115,2,6.034596620344115,1,0,0,anti_homophones
12550,wu2shi2,7,-4.807529457660264,2,4.807529457660264,1,1,6,anti_homophones
12551,mE2jLn1,7,-6.041319073071253,2,6.041319073071253,1,0,0,anti_homophones
12552,mA4yan3shV3,11,-8.370838679216842,3,8.370838679216842,1,0,0,anti_homophones
12553,mang3zhQ4,9,-7.165571368966292,2,7.165571368966292,1,0,1,anti_homophones
12554,zhu3ying2shi4bo1,16,-10.892009164795699,4,10.892009164795699,1,0,0,anti_homophones
12555,yan4ming2ke3e4,14,-11.734840677064426,4,11.734840677064426,1,0,0,anti_homophones
12556,ying2zO4,8,-5.993167132125603,2,5.993167132125603,1,0,2,anti_homophones
12557,xM2zhi3,7,-6.002835192358865,2,6.002835192358865,1,0,2,anti_homophones
12558,zhu3xLn1,8,-6.284698554523847,2,6.284698554523847,1,0,1,anti_homophones
12559,jLn3qM4nO4nO4,13,-11.00991450240175,4,11.00991450240175,1,0,0,anti_homophones
12560,long4ya1yin3,12,-10.412654147987837,3,10.412654147987837,1,0,0,anti_homophones
12561,po4bLn1,7,-7.461460615957383,2,7.461460615957383,1,0,0,anti_homophones
12562,mi2sheng4,9,-6.404130036091815,2,6.404130036091815,1,0,1,anti_homophones
12563,lK2li4xi4wan4,13,-11.542487694904182,4,11.542487694904182,1,0,0,anti_homophones
12564,feng1shang3dLn3,15,-9.252250710358512,3,9.252250710358512,1,0,0,anti_homophones
12565,chi2ci2,7,-6.392775443411865,2,6.392775443411865,1,0,2,anti_homophones
12566,lang1pan2,9,-7.3185162248214235,2,7.3185162248214235,1,0,0,anti_homophones
12567,san4sheng4,10,-6.526514450558647,2,6.526514450558647,1,0,5,anti_homophones
12568,fu2shV3si3qLn1,14,-11.76965014629215,4,11.76965014629215,1,0,0,anti_homophones
12569,hV4fen4,7,-6.136292807361899,2,6.136292807361899,1,0,2,anti_homophones
12570,shV3zV3shO1,11,-8.675667533854229,3,8.675667533854229,1,0,0,anti_homophones
12571,pan2yang3zi5,12,-8.750768210287045,3,8.750768210287045,1,0,0,anti_homophones
12572,ren2ming4,9,-5.479552118288841,2,5.479552118288841,1,0,2,anti_homophones
12573,gV3xing1,8,-6.472213749583032,2,6.472213749583032,1,0,1,anti_homophones
12574,wen4nLng2tQ3,12,-12.02414136104689,3,12.02414136104689,1,0,0,anti_homophones
12575,tW2sheng3,9,-6.6245864588346075,2,6.6245864588346075,1,0,0,anti_homophones
12576,zhan4cong3xing4,15,-10.552843202803729,3,10.552843202803729,1,0,0,anti_homophones
12577,ming4zhen2bQ3xLng1,18,-12.403863483918986,4,12.403863483918986,1,0,0,anti_homophones
12578,yi1chong2,9,-6.046065944801329,2,6.046065944801329,1,0,2,anti_homophones
12579,hQ3ta4zhUng4,12,-10.596229054119663,3,10.596229054119663,1,0,0,anti_homophones
12580,tu1ti2,6,-6.43945235747661,2,6.43945235747661,1,0,2,anti_homophones
12581,mu4ding4e4,10,-9.529212236844463,3,9.529212236844463,1,0,0,anti_homophones
12582,sa1lUn4,7,-8.30723521489943,2,8.30723521489943,1,0,0,anti_homophones
12583,zhi2wan1,8,-6.984310730185888,2,6.984310730185888,1,0,0,anti_homophones
12584,dV3chu1pin2,11,-10.223597892816816,3,10.223597892816816,1,0,0,anti_homophones
12585,si1shi2,7,-5.4172340469698455,2,5.4172340469698455,1,0,5,anti_homophones
12586,bu4tA4wu2kUn3,13,-11.656441381989467,4,11.656441381989467,1,0,0,anti_homophones
12587,shan4yun4ji4,12,-8.640936178572638,3,8.640936178572638,1,0,0,anti_homophones
12588,fu3A2A2,7,-6.262862774393517,3,6.262862774393517,1,0,0,anti_homophones
12589,fE1mu4zha1,10,-9.981889585123868,3,9.981889585123868,1,0,0,anti_homophones
12590,shun1le4bang1,13,-10.536891925244515,3,10.536891925244515,1,0,0,anti_homophones
12591,wang1che3,9,-7.216871059717485,2,7.216871059717485,1,0,0,anti_homophones
12592,bQ3dUn3,7,-6.554396770822681,2,6.554396770822681,1,0,0,anti_homophones
12593,ying1zi1,8,-6.3328540413428485,2,6.3328540413428485,1,1,1,anti_homophones
12594,da4jLn1,7,-5.219042921781074,2,5.219042921781074,1,1,6,anti_homophones
12595,wan4qi1,7,-5.98884898427773,2,5.98884898427773,1,0,3,anti_homophones
12596,hE1ya2,6,-6.054478492340773,2,6.054478492340773,1,0,0,anti_homophones
12597,mi2xLng1,8,-6.37945699957939,2,6.37945699957939,1,0,0,anti_homophones
12598,cong4su4chu1,12,-9.60284761149115,3,9.60284761149115,1,0,0,anti_homophones
12599,yi1jL1,6,-5.011643399400345,2,5.011643399400345,1,1,5,anti_homophones
12600,sa1qing4yu3,11,-9.35140494418897,3,9.35140494418897,1,0,0,anti_homophones
12601,run4jL1,7,-6.54967154661602,2,6.54967154661602,1,0,0,anti_homophones
12602,dM2zu3ren2,10,-9.535200836761922,3,9.535200836761922,1,0,0,anti_homophones
12603,min2zi3,7,-5.935297239038728,2,5.935297239038728,1,0,4,anti_homophones
12604,yUn2qing4tong1,14,-9.095258144139265,3,9.095258144139265,1,0,0,anti_homophones
12605,wE4chUng1,9,-6.494497293463529,2,6.494497293463529,1,0,1,anti_homophones
12606,bing2yu3,8,-6.0041712185602165,2,6.0041712185602165,1,0,3,anti_homophones
12607,fE3ba5ku4,9,-7.579395738259097,3,7.579395738259097,1,0,0,anti_homophones
12608,fang1xi4bu4ming4,16,-10.845419012286575,4,10.845419012286575,1,0,0,anti_homophones
12609,ren2yQ2chong4,13,-9.964961861868375,3,9.964961861868375,1,0,0,anti_homophones
12610,jLng2gV1,8,-7.161663056859567,2,7.161663056859567,1,0,0,anti_homophones
12611,pA4ye4sUn4,10,-9.98290559002724,3,9.98290559002724,1,0,0,anti_homophones
12612,jK3tLn1jLn4,11,-7.839378263934507,3,7.839378263934507,1,0,0,anti_homophones
12613,zhu3fa1lang1,12,-9.560614955897881,3,9.560614955897881,1,0,0,anti_homophones
12614,jC2de5,6,-5.719248373658445,2,5.719248373658445,1,0,1,anti_homophones
12615,bing3ri4,8,-6.69524074234543,2,6.69524074234543,1,0,1,anti_homophones
12616,pE4tA4,6,-6.433032140372895,2,6.433032140372895,1,0,3,anti_homophones
12617,bA3tLn1,7,-5.794799685102148,2,5.794799685102148,1,0,2,anti_homophones
12618,san4cheng5zhang4,16,-11.987078507994594,3,11.987078507994594,1,0,0,anti_homophones
12619,xLn4shi1fen1zhu4,16,-11.196780702287764,4,11.196780702287764,1,0,0,anti_homophones
12620,ni3mQ4,6,-6.28935255369474,2,6.28935255369474,1,0,3,anti_homophones
12621,cang2shi4dan1sO1,16,-12.754549143583821,4,12.754549143583821,1,0,0,anti_homophones
12622,dong4ren2,9,-5.578308109868101,2,5.578308109868101,1,0,4,anti_homophones
12623,di3dUn3,7,-6.925653974574342,2,6.925653974574342,1,0,2,anti_homophones
12624,qi3gan1yang3,12,-9.360310002562514,3,9.360310002562514,1,0,0,anti_homophones
12625,zO4an4,6,-5.263642289871447,2,5.263642289871447,1,0,3,anti_homophones
12626,ying2yi2,8,-6.078948473210311,2,6.078948473210311,1,0,7,anti_homophones
12627,yV2lan2ti2yang1,15,-12.51534759103931,4,12.51534759103931,1,0,0,anti_homophones
12628,ye4hI4,6,-5.162352502065469,2,5.162352502065469,1,1,2,anti_homophones
12629,yin1kong2dQ4,12,-8.591711882109129,3,8.591711882109129,1,0,0,anti_homophones
12630,lang2dLn4,9,-6.75553748750086,2,6.75553748750086,1,0,3,anti_homophones
12631,hV4cha4zhV4,11,-10.614936805213338,3,10.614936805213338,1,0,0,anti_homophones
12632,ran2er3hI1,10,-10.230051071780709,3,10.230051071780709,1,0,0,anti_homophones
12633,rV4bi4kong4,11,-9.21032920512718,3,9.21032920512718,1,0,0,anti_homophones
12634,nW3cO1,6,-7.53305214699831,2,7.53305214699831,1,0,0,anti_homophones
12635,sa1hang3dV4,11,-9.555645445377953,3,9.555645445377953,1,0,0,anti_homophones
12636,xin1yan3,8,-5.585366281309426,2,5.585366281309426,1,0,2,anti_homophones
12637,yV2che1qu4li4,13,-11.31589892891112,4,11.31589892891112,1,0,0,anti_homophones
12638,li3xC2wu3shi4,13,-10.52226391001647,4,10.52226391001647,1,0,0,anti_homophones
12639,shA1zQ3,7,-7.739048790346881,2,7.739048790346881,1,0,3,anti_homophones
12640,rong2mu4ran2lE2,15,-12.97333849120031,4,12.97333849120031,1,0,0,anti_homophones
12641,ke3zhi4wu4,10,-7.91083206285031,3,7.91083206285031,1,0,0,anti_homophones
12642,mE3mQ4yi4gUn1,13,-10.67015640624563,4,10.67015640624563,1,0,0,anti_homophones
12643,pan2gUng4,9,-6.928504525851018,2,6.928504525851018,1,0,0,anti_homophones
12644,yin1xLng4ju3,12,-9.14381745724306,3,9.14381745724306,1,0,0,anti_homophones
12645,gI3lLng2,8,-6.56649461657537,2,6.56649461657537,1,0,2,anti_homophones
12646,xL4ce4,6,-5.164367417042037,2,5.164367417042037,1,1,4,anti_homophones
12647,bing2tLn2yan2,13,-8.918095403808392,3,8.918095403808392,1,0,0,anti_homophones
12648,pL3bi3,6,-8.695423192492012,2,8.695423192492012,1,0,1,anti_homophones
12649,bQ4zhong3,9,-6.155654709685425,2,6.155654709685425,1,0,1,anti_homophones
12650,zhu1chan4,9,-6.360349832617067,2,6.360349832617067,1,0,0,anti_homophones
12651,jL1cA2,6,-5.3923593757202415,2,5.3923593757202415,1,0,4,anti_homophones
12652,jW1xM4,6,-5.455282319817459,2,5.455282319817459,1,1,4,anti_homophones
12653,ta4chUn2,8,-6.861143272981096,2,6.861143272981096,1,0,1,anti_homophones
12654,hE1ya4yang3,11,-9.219297407400354,3,9.219297407400354,1,0,0,anti_homophones
12655,zI4mu4,6,-6.390993351471885,2,6.390993351471885,1,0,3,anti_homophones
12656,fE1zheng2du2,12,-9.276234527909203,3,9.276234527909203,1,0,0,anti_homophones
12657,shUn4dI4,8,-7.104404536014014,2,7.104404536014014,1,0,1,anti_homophones
12658,tW1zhong2ceng2hU1,17,-13.334210547491669,4,13.334210547491669,1,0,0,anti_homophones
12659,pan4ya3,7,-7.397673748177132,2,7.397673748177132,1,0,0,anti_homophones
12660,xW3tQ4,6,-5.705659871341874,2,5.705659871341874,1,0,3,anti_homophones
12661,yang3de5,8,-5.90982706726267,2,5.90982706726267,1,0,0,anti_homophones
12662,cha2ju1men2shi4,15,-10.740432066385873,4,10.740432066385873,1,0,0,anti_homophones
12663,lA2wA4,6,-6.214479546688745,2,6.214479546688745,1,0,2,anti_homophones
12664,yQ2long3ce4,11,-10.330082004675349,3,10.330082004675349,1,0,0,anti_homophones
12665,kong2dan1deng1,14,-9.71288426252429,3,9.71288426252429,1,0,0,anti_homophones
12666,zi4hUng2,8,-6.441828687215317,2,6.441828687215317,1,0,0,anti_homophones
12667,jin4qi4,7,-4.797983717324382,2,4.797983717324382,1,0,6,anti_homophones
12668,pan1wE4,7,-6.6946085224240965,2,6.6946085224240965,1,0,3,anti_homophones
12669,dang2shi4,9,-5.652868213839307,2,5.652868213839307,1,0,5,anti_homophones
12670,wu3li3,6,-5.408346525625474,2,5.408346525625474,1,0,3,anti_homophones
12671,wA4zA1xing2shi4,15,-11.547763794185675,4,11.547763794185675,1,0,0,anti_homophones
12672,ban3zi4,7,-6.659593242326962,2,6.659593242326962,1,0,1,anti_homophones
12673,fE4qLn1,7,-6.777042228308709,2,6.777042228308709,1,0,1,anti_homophones
12674,hA3yV1chV1,10,-10.334704930056942,3,10.334704930056942,1,0,0,anti_homophones
12675,gong2lv3jM2zhu4,15,-12.210001498420228,4,12.210001498420228,1,0,0,anti_homophones
12676,shi4lW4,7,-5.236107671240634,2,5.236107671240634,1,1,7,anti_homophones
12677,gO4jing2,8,-5.764072531407768,2,5.764072531407768,1,0,1,anti_homophones
12678,dang3shu1e2,11,-9.359806933853765,3,9.359806933853765,1,0,0,anti_homophones
12679,fen1zhang4,10,-5.855365461815078,2,5.855365461815078,1,0,1,anti_homophones
12680,xK4di4,6,-6.284728120755932,2,6.284728120755932,1,0,4,anti_homophones
12681,nK2mang3,8,-6.523374953336119,2,6.523374953336119,1,0,0,anti_homophones
12682,xing2yi4shi4,12,-7.351106663801235,3,7.351106663801235,1,0,1,anti_homophones
12683,xW4yV4mLn4,10,-8.502295957409812,3,8.502295957409812,1,0,0,anti_homophones
12684,fo2jing1,8,-6.433175140557163,2,6.433175140557163,1,0,0,anti_homophones
12685,zhUn3pan1qK1,12,-10.478480357122148,3,10.478480357122148,1,0,0,anti_homophones
12686,yQ2yin2,7,-6.6991554982698585,2,6.6991554982698585,1,0,0,anti_homophones
12687,qM3mLn4,7,-6.7688389363081525,2,6.7688389363081525,1,0,0,anti_homophones
12688,zhan3lin4ren2hI4,16,-12.463496065042373,4,12.463496065042373,1,0,0,anti_homophones
12689,jM2qLn2sheng2,13,-9.181040209377802,3,9.181040209377802,1,0,0,anti_homophones
12690,fan1gong1qin1,13,-9.494315766269054,3,9.494315766269054,1,0,0,anti_homophones
12691,xL4po4he1,9,-8.386245332361973,3,8.386245332361973,1,0,0,anti_homophones
12692,ma3tI3pW4,9,-10.356477805048218,3,10.356477805048218,1,0,0,anti_homophones
12693,xL1chUng2,9,-7.072921747505934,2,7.072921747505934,1,0,1,anti_homophones
12694,lv3fa3xin1,10,-8.88042742543853,3,8.88042742543853,1,0,0,anti_homophones
12695,qLng1ming1dQ4,13,-8.992278137578188,3,8.992278137578188,1,0,0,anti_homophones
12696,qLng1pu2tu2,11,-8.137454976552961,3,8.137454976552961,1,0,0,anti_homophones
12697,ran2wen2xLng1ye4,16,-11.566601934933198,4,11.566601934933198,1,0,0,anti_homophones
12698,dW1mE4,6,-6.4184459766096715,2,6.4184459766096715,1,0,2,anti_homophones
12699,gO1zi5,6,-5.297418806201542,2,5.297418806201542,1,2,8,anti_homophones
12700,chong2hu4,9,-6.6890133345954705,2,6.6890133345954705,1,0,2,anti_homophones
12701,an4zi5,6,-5.023924162131153,2,5.023924162131153,1,1,9,anti_homophones
12702,tA4su4yUn2,10,-8.04218420752036,3,8.04218420752036,1,0,0,anti_homophones
12703,ming4hUng2,10,-7.15752895995121,2,7.15752895995121,1,0,0,anti_homophones
12704,jK4shu4,7,-5.2610006218950325,2,5.2610006218950325,1,0,4,anti_homophones
12705,lQ3tV2chen2,11,-8.293089935382824,3,8.293089935382824,1,0,0,anti_homophones
12706,yin4zA4,7,-6.795360787874261,2,6.795360787874261,1,0,1,anti_homophones
12707,tong2ren2,9,-5.2862961518738825,2,5.2862961518738825,1,0,7,anti_homophones
12708,jLn4sheng1fa1zhi4,17,-11.167157309651556,4,11.167157309651556,1,0,0,anti_homophones
12709,yong2dong2,10,-6.891050869494616,2,6.891050869494616,1,0,0,anti_homophones
12710,gUn3wan2kA1,11,-9.907371970954442,3,9.907371970954442,1,0,0,anti_homophones
12711,ceng4yi1yi1chV2,15,-12.746305841916849,4,12.746305841916849,1,0,0,anti_homophones
12712,lLn4pen2,8,-7.569236840982659,2,7.569236840982659,1,0,0,anti_homophones
12713,cheng1yu3,9,-5.7817206186860135,2,5.7817206186860135,1,0,3,anti_homophones
12714,jin4zhi4,8,-5.287056788702859,2,5.287056788702859,1,0,4,anti_homophones
12715,fu4hU4tan4,10,-7.828394587433884,3,7.828394587433884,1,0,0,anti_homophones
12716,ting2fE1,8,-6.8998275797735795,2,6.8998275797735795,1,0,0,anti_homophones
12717,qYng2zhu3shang4,15,-10.45737006480193,3,10.45737006480193,1,0,0,anti_homophones
12718,yi1li4,6,-4.461898798544072,2,4.461898798544072,1,1,22,anti_homophones
12719,fang2shu1pu3,12,-9.586685438734554,3,9.586685438734554,1,0,0,anti_homophones
12720,zhi1lK2fan3,11,-8.774595935930149,3,8.774595935930149,1,0,0,anti_homophones
12721,bing4an4hU4,11,-8.41871341965238,3,8.41871341965238,1,0,0,anti_homophones
12722,kan1ji4zhUn2,12,-9.354345298128434,3,9.354345298128434,1,0,0,anti_homophones
12723,pW1lK1hQ2,9,-7.971446162628552,3,7.971446162628552,1,0,0,anti_homophones
12724,yi1zi5shi1,10,-8.469369447184436,3,8.469369447184436,1,0,0,anti_homophones
12725,hA2tUn2,7,-6.5294228296499845,2,6.5294228296499845,1,0,1,anti_homophones
12726,san1hu4,7,-6.073167329594638,2,6.073167329594638,1,0,5,anti_homophones
12727,qLn2wu4,7,-5.434895130441577,2,5.434895130441577,1,0,7,anti_homophones
12728,zi1li5hu2,9,-8.513907688207249,3,8.513907688207249,1,0,0,anti_homophones
12729,ye3bu4yun4,10,-8.508365798663926,3,8.508365798663926,1,0,0,anti_homophones
12730,la3ji1,6,-7.419297569004215,2,7.419297569004215,1,0,3,anti_homophones
12731,bi4xin1,7,-5.195811762713327,2,5.195811762713327,1,0,9,anti_homophones
12732,zhQ4nQ2,7,-6.5133451659715025,2,6.5133451659715025,1,0,1,anti_homophones
12733,chang4hI4ju4,12,-9.14114800412895,3,9.14114800412895,1,0,0,anti_homophones
12734,bQ1bing1,8,-6.205858093547725,2,6.205858093547725,1,0,0,anti_homophones
12735,tong1re4shUng1,14,-10.216067088034462,3,10.216067088034462,1,0,0,anti_homophones
12736,gUn1yong3,9,-6.5144938386965086,2,6.5144938386965086,1,0,2,anti_homophones
12737,zhi3ju4,7,-5.633118946414409,2,5.633118946414409,1,1,3,anti_homophones
12738,lV4qi4gong1,11,-8.513989751456004,3,8.513989751456004,1,0,0,anti_homophones
12739,ru2nQ3,6,-6.553728061719491,2,6.553728061719491,1,0,4,anti_homophones
12740,lv3tu2bo1,9,-8.933210966304769,3,8.933210966304769,1,0,0,anti_homophones
12741,zi4ling2,8,-5.9349979133119835,2,5.9349979133119835,1,0,0,anti_homophones
12742,lO2wu2yong3,11,-8.792418055601134,3,8.792418055601134,1,0,0,anti_homophones
12743,ge2li4xK1,9,-8.434234828680555,3,8.434234828680555,1,0,0,anti_homophones
12744,fE1sheng4,9,-6.118439482599465,2,6.118439482599465,1,0,0,anti_homophones
12745,bQ4chen1zO3cA4,14,-13.971702249353088,4,13.971702249353088,1,0,0,anti_homophones
12746,jM1er2,6,-5.177046617518225,2,5.177046617518225,1,1,3,anti_homophones
12747,lM4ling1shi4,12,-9.598141568590782,3,9.598141568590782,1,0,0,anti_homophones
12748,san1jing2dQ4nA3,15,-12.35883663017344,4,12.35883663017344,1,0,0,anti_homophones
12749,yi1chen3jL3ying3,16,-12.87011414697041,4,12.87011414697041,1,0,0,anti_homophones
12750,da4xin1zhQ4,11,-7.9230849456434465,3,7.9230849456434465,1,0,0,anti_homophones
12751,yong4da5,8,-7.258401708867879,2,7.258401708867879,1,0,1,anti_homophones
12752,ge4zi4,6,-6.175536609695596,2,6.175536609695596,1,0,5,anti_homophones
12753,wE4sI4xi2,9,-9.121787405122483,3,9.121787405122483,1,0,0,anti_homophones
12754,zheng2xLng1yV3gong2,19,-12.025827851352103,4,12.025827851352103,1,0,0,anti_homophones
12755,yun4yi1zhu3,11,-8.928662854761903,3,8.928662854761903,1,0,0,anti_homophones
12756,mo2tO1gong1,11,-7.715712912752455,3,7.715712912752455,1,0,0,anti_homophones
12757,shi4mo2,7,-6.3091883400144315,2,6.3091883400144315,1,0,2,anti_homophones
12758,men2hang1da3,12,-10.30584817393243,3,10.30584817393243,1,0,0,anti_homophones
12759,hU1da4chan2chang2,17,-12.737538944851508,4,12.737538944851508,1,0,0,anti_homophones
12760,su4xL4,6,-5.894803425219898,2,5.894803425219898,1,1,4,anti_homophones
12761,xM4chang4bu4,12,-9.364749336412558,3,9.364749336412558,1,0,0,anti_homophones
12762,qLng2tong2de5,13,-9.820760783225035,3,9.820760783225035,1,0,0,anti_homophones
12763,zO2wen2qu4,10,-9.2292072359809,3,9.2292072359809,1,0,0,anti_homophones
12764,da3dI4,6,-5.395294225341644,2,5.395294225341644,1,1,7,anti_homophones
12765,xLn3tUn2hI4,11,-9.143466986983446,3,9.143466986983446,1,0,0,anti_homophones
12766,mQ4bA2,6,-6.968561179562295,2,6.968561179562295,1,0,2,anti_homophones
12767,jW1fan4,7,-5.869308065343813,2,5.869308065343813,1,0,6,anti_homophones
12768,tW1zhi2ke1,10,-9.647485757874488,3,9.647485757874488,1,0,0,anti_homophones
12769,song4che1zhang1,15,-9.848763439345479,3,9.848763439345479,1,0,0,anti_homophones
12770,shi2cO4,7,-6.764304216723086,2,6.764304216723086,1,0,0,anti_homophones
12771,kI2hO3lW4,9,-8.041750868906302,3,8.041750868906302,1,0,0,anti_homophones
12772,jin1mA4,7,-6.68264460121713,2,6.68264460121713,1,0,2,anti_homophones
12773,jLng3jK4,8,-6.706403751833554,2,6.706403751833554,1,0,0,anti_homophones
12774,leng1rong1,10,-6.905059870234541,2,6.905059870234541,1,0,0,anti_homophones
12775,yQ2sI4,6,-6.532723824457507,2,6.532723824457507,1,0,2,anti_homophones
12776,xLn2ting2sheng2,15,-9.423195701610148,3,9.423195701610148,1,0,0,anti_homophones
12777,er4cheng4,9,-6.142792010396975,2,6.142792010396975,1,0,0,anti_homophones
12778,bQ1jing4,8,-6.4363325961812405,2,6.4363325961812405,1,0,0,anti_homophones
12779,gO4jW3ban3,10,-8.268997068384719,3,8.268997068384719,1,0,0,anti_homophones
12780,zhi1ji4chang1zi3,16,-11.177451821899082,4,11.177451821899082,1,0,0,anti_homophones
12781,ming4hO4,8,-6.133668141952121,2,6.133668141952121,1,0,5,anti_homophones
12782,xW1chan3,8,-6.25349509634712,2,6.25349509634712,1,0,0,anti_homophones
12783,kA1wA4,6,-5.424221934586491,2,5.424221934586491,1,0,4,anti_homophones
12784,sheng1ju3,9,-6.194809307996785,2,6.194809307996785,1,0,4,anti_homophones
12785,bQ4yong1ping3jing1,18,-12.580542786578395,4,12.580542786578395,1,0,0,anti_homophones
12786,xi1bA4,6,-6.2226231630584214,2,6.2226231630584214,1,0,5,anti_homophones
12787,yV1yin4ren2,11,-8.021230833061761,3,8.021230833061761,1,0,0,anti_homophones
12788,tong2geng1fu5,13,-10.32448354731854,3,10.32448354731854,1,0,0,anti_homophones
12789,bQ3wang4shi4,12,-8.060943230989874,3,8.060943230989874,1,0,0,anti_homophones
12790,shQ1rQ2,7,-6.266138642663321,2,6.266138642663321,1,0,1,anti_homophones
12791,hU2yi4,6,-5.340664144193663,2,5.340664144193663,1,0,9,anti_homophones
12792,tV2tong1chI2,12,-9.437144619254562,3,9.437144619254562,1,0,0,anti_homophones
12793,gu3yi3gUn1,10,-8.73623682932037,3,8.73623682932037,1,0,0,anti_homophones
12794,kan1hO2yV2ji2,13,-11.502762608921444,4,11.502762608921444,1,0,0,anti_homophones
12795,xLn4hQ4jW3,10,-9.182857842074055,3,9.182857842074055,1,0,0,anti_homophones
12796,yu4qu1xin1chi2,14,-11.355288718654162,4,11.355288718654162,1,0,0,anti_homophones
12797,qW1zheng4,9,-6.527259791526281,2,6.527259791526281,1,0,1,anti_homophones
12798,tLn1cA4,7,-6.049960107340899,2,6.049960107340899,1,0,4,anti_homophones
12799,xi4nv4,6,-7.424723775189805,2,7.424723775189805,1,0,0,anti_homophones
12800,yan2zhi1,8,-5.511365484285468,2,5.511365484285468,1,0,5,anti_homophones
12801,xi3jW1,6,-6.323884388864576,2,6.323884388864576,1,0,0,anti_homophones
12802,gang4ta3,8,-7.161407666248464,2,7.161407666248464,1,0,1,anti_homophones
12803,cA2shV4bu4shi2,14,-10.82499239395698,4,10.82499239395698,1,0,0,anti_homophones
12804,ya4ting3,8,-6.7300594758903864,2,6.7300594758903864,1,0,1,anti_homophones
12805,sheng2gO4,9,-6.427327037449736,2,6.427327037449736,1,0,1,anti_homophones
12806,shUng4fu4xing1nang4,19,-14.018072353764103,4,14.018072353764103,1,0,0,anti_homophones
12807,bLn1hUn4xing1,13,-9.260012116641086,3,9.260012116641086,1,0,0,anti_homophones
12808,lv3dI4,6,-5.364859256640923,2,5.364859256640923,1,0,0,anti_homophones
12809,dO1ci3he2,9,-8.65088993308399,3,8.65088993308399,1,0,0,anti_homophones
12810,tLn2men2,8,-6.118312963816895,2,6.118312963816895,1,0,2,anti_homophones
12811,chUn2feng3nK2man3,17,-12.684043118900007,4,12.684043118900007,1,0,0,anti_homophones
12812,zhong1cun2,10,-6.139264718875221,2,6.139264718875221,1,0,1,anti_homophones
12813,jing2er2fE4,11,-7.756907143227337,3,7.756907143227337,1,0,0,anti_homophones
12814,qLn2hu1,7,-5.9213223855423,2,5.9213223855423,1,0,3,anti_homophones
12815,men2xing2,9,-5.828013608734733,2,5.828013608734733,1,1,2,anti_homophones
12816,bi4bW1,6,-5.990900001711751,2,5.990900001711751,1,0,3,anti_homophones
12817,yi1qu1zhi2nv3,13,-10.865788901786823,4,10.865788901786823,1,0,0,anti_homophones
12818,yV3ji1ji1,9,-7.443912919691441,3,7.443912919691441,1,0,0,anti_homophones
12819,da4qi2,6,-5.396547590764813,2,5.396547590764813,1,0,6,anti_homophones
12820,chV3xW1,7,-7.230826054226666,2,7.230826054226666,1,0,0,anti_homophones
12821,chV3rV4shang3,13,-10.391798827578087,3,10.391798827578087,1,0,0,anti_homophones
12822,si1yV3jing3hQ4,14,-12.146737275793713,4,12.146737275793713,1,0,0,anti_homophones
12823,ren4sheng2,10,-6.641951974443439,2,6.641951974443439,1,0,2,anti_homophones
12824,re4A4,5,-5.063140382728539,2,5.063140382728539,1,1,0,anti_homophones
12825,hO4gP4,6,-5.929510375604629,2,5.929510375604629,1,0,1,anti_homophones
12826,pA2xC2shi3yan4,14,-11.138517586788986,4,11.138517586788986,1,0,0,anti_homophones
12827,tang2da4,8,-6.758636686380694,2,6.758636686380694,1,0,0,anti_homophones
12828,deng2dQ4,8,-6.08292150435002,2,6.08292150435002,1,0,1,anti_homophones
12829,cA3ta3,6,-6.425374669581076,2,6.425374669581076,1,0,2,anti_homophones
12830,yi2shI3ji1,10,-7.937079071038913,3,7.937079071038913,1,0,0,anti_homophones
12831,ji3dUn3,7,-6.664493973143383,2,6.664493973143383,1,0,2,anti_homophones
12832,ru2gV4zi5,9,-8.450344949802446,3,8.450344949802446,1,0,0,anti_homophones
12833,zO2tLn2,7,-6.572825256670989,2,6.572825256670989,1,0,1,anti_homophones
12834,dan1zhang4,10,-6.120861682476245,2,6.120861682476245,1,0,1,anti_homophones
12835,ying1mo1ping1cheng2,19,-12.820432730754826,4,12.820432730754826,1,0,0,anti_homophones
12836,bu4lK2xLn4,10,-7.859896330213319,3,7.859896330213319,1,0,0,anti_homophones
12837,bu3li3,6,-5.503561509129839,2,5.503561509129839,1,0,3,anti_homophones
12838,yin1yu2,7,-5.364079927192908,2,5.364079927192908,1,0,5,anti_homophones
12839,dUn4wang3dQ1,12,-9.959942181256759,3,9.959942181256759,1,0,0,anti_homophones
12840,xing4qing2,10,-6.2891627730288535,2,6.2891627730288535,1,0,1,anti_homophones
12841,kong4gQ4zhu4qi4,15,-11.271437894437408,4,11.271437894437408,1,0,0,anti_homophones
12842,dI4mu4,6,-5.718961824822179,2,5.718961824822179,1,0,4,anti_homophones
12843,wE2yV2yong4bE4,14,-11.235750873472151,4,11.235750873472151,1,0,0,anti_homophones
12844,ri4jM2,6,-5.7689802804725305,2,5.7689802804725305,1,1,5,anti_homophones
12845,geng1ban1,9,-7.066743429719566,2,7.066743429719566,1,0,0,anti_homophones
12846,min2ji4ta3,10,-9.273499237586636,3,9.273499237586636,1,0,0,anti_homophones
12847,qLn2zV4,7,-6.10813565816537,2,6.10813565816537,1,0,0,anti_homophones
12848,bi4shV4,7,-6.183943842263007,2,6.183943842263007,1,0,5,anti_homophones
12849,qin2xing4cun1zhan1,18,-13.069172175313733,4,13.069172175313733,1,0,0,anti_homophones
12850,chI2co1,7,-7.850970576064919,2,7.850970576064919,1,0,0,anti_homophones
12851,qing1chu3,9,-6.6141568290961645,2,6.6141568290961645,1,0,1,anti_homophones
12852,cha1ji1,7,-5.865818942476588,2,5.865818942476588,1,0,6,anti_homophones
12853,dUn4qi2xing4jW3,15,-11.413056985616832,4,11.413056985616832,1,0,0,anti_homophones
12854,xun4xin1yu4,11,-8.60125365666357,3,8.60125365666357,1,0,0,anti_homophones
12855,zhi3ji1,7,-5.335094691075703,2,5.335094691075703,1,1,5,anti_homophones
12856,gen1mi2,7,-6.528536717230353,2,6.528536717230353,1,0,3,anti_homophones
12857,ling2shi2,9,-5.7657488697291015,2,5.7657488697291015,1,0,1,anti_homophones
12858,zhang2wE3,9,-6.340386339065012,2,6.340386339065012,1,0,1,anti_homophones
12859,chang2jUn4jW1,13,-9.979467591789163,3,9.979467591789163,1,0,0,anti_homophones
12860,jin1yi1,7,-5.790394617955343,2,5.790394617955343,1,0,5,anti_homophones
12861,ju1zhang2,9,-6.325918825413349,2,6.325918825413349,1,0,4,anti_homophones
12862,chUng3hU1zi5,12,-8.605591430083997,3,8.605591430083997,1,0,0,anti_homophones
12863,shan4xing2shu3xC2,17,-11.693946552561389,4,11.693946552561389,1,0,0,anti_homophones
12864,zQ1jC2,6,-6.676556550267211,2,6.676556550267211,1,0,0,anti_homophones
12865,fu4cha2lang4ji1,15,-11.867587389191229,4,11.867587389191229,1,0,0,anti_homophones
12866,lM4ji4,6,-5.849959239866766,2,5.849959239866766,1,1,5,anti_homophones
12867,zQ3du4,6,-6.628173940791267,2,6.628173940791267,1,0,3,anti_homophones
12868,yC4ju4jLn1zu3,13,-11.265866908883032,4,11.265866908883032,1,0,0,anti_homophones
12869,hE1bu4fen4li4,13,-10.47111269917503,4,10.47111269917503,1,0,0,anti_homophones
12870,ji2zhi1,7,-5.519287286211192,2,5.519287286211192,1,0,4,anti_homophones
12871,zhong1lv4xC4,12,-8.934803911617424,3,8.934803911617424,1,0,0,anti_homophones
12872,ru3ju4,6,-6.063653830711434,2,6.063653830711434,1,1,3,anti_homophones
12873,si4jL4,6,-5.748900014233091,2,5.748900014233091,1,0,2,anti_homophones
12874,ke3xun3da3pQ3,13,-14.492124646641244,4,14.492124646641244,1,0,0,anti_homophones
12875,bLn1qUn1,8,-6.590061261037276,2,6.590061261037276,1,0,0,anti_homophones
12876,wu2yUn2,7,-4.893074721370843,2,4.893074721370843,1,0,5,anti_homophones
12877,xun4chu4bu4,11,-9.538427348047337,3,9.538427348047337,1,0,0,anti_homophones
12878,gO2kUn3,7,-6.101739263332796,2,6.101739263332796,1,0,0,anti_homophones
12879,han1feng1bE4,12,-9.634502811073991,3,9.634502811073991,1,0,0,anti_homophones
12880,leng4fE2,8,-8.109776397921769,2,8.109776397921769,1,0,0,anti_homophones
12881,A4mLn4,6,-5.257228946591196,2,5.257228946591196,1,0,4,anti_homophones
12882,gI1ze2,6,-5.297503760977734,2,5.297503760977734,1,0,2,anti_homophones
12883,men2mLn2,8,-6.34073347901342,2,6.34073347901342,1,0,1,anti_homophones
12884,fu2wa4,6,-6.3910708422997295,2,6.3910708422997295,1,1,2,anti_homophones
12885,hV4dLn1jLng4yUn2,16,-12.49785241734463,4,12.49785241734463,1,0,0,anti_homophones
12886,leng2ya1,8,-6.802575523488026,2,6.802575523488026,1,0,0,anti_homophones
12887,shI3tI3,7,-6.655411546553442,2,6.655411546553442,1,0,1,anti_homophones
12888,wu2mi4,6,-5.73348425527426,2,5.73348425527426,1,0,8,anti_homophones
12889,zhun1zhUng4shen4,16,-10.917850650714646,3,10.917850650714646,1,0,0,anti_homophones
12890,fu2wu3,6,-5.589751616119017,2,5.589751616119017,1,1,3,anti_homophones
12891,yu3shO1shan1fu2,15,-12.64049916758286,4,12.64049916758286,1,0,0,anti_homophones
12892,xL4chQ2yu2,10,-9.303603393883908,3,9.303603393883908,1,0,0,anti_homophones
12893,shang3kV4er2,12,-8.559418348244368,3,8.559418348244368,1,0,0,anti_homophones
12894,qLng3xin4pQ4,12,-9.543867604311242,3,9.543867604311242,1,0,0,anti_homophones
12895,kP4hu5,6,-7.661908357386564,2,7.661908357386564,1,0,0,anti_homophones
12896,ben3mQ2dM2,10,-9.170064224951407,3,9.170064224951407,1,0,0,anti_homophones
12897,hE1ran2cun2wen3,15,-13.042327780790929,4,13.042327780790929,1,0,0,anti_homophones
12898,da4pi2,6,-5.545954182344964,2,5.545954182344964,1,0,3,anti_homophones
12899,qi2shen4,8,-5.855775948716475,2,5.855775948716475,1,0,4,anti_homophones
12900,tM3lLn4mA4,10,-9.303177688239247,3,9.303177688239247,1,0,0,anti_homophones
12901,kV4tong4,8,-7.141679577494678,2,7.141679577494678,1,0,0,anti_homophones
12902,kA1zi1,6,-5.740896334073541,2,5.740896334073541,1,0,4,anti_homophones
12903,fen1wang2tI3,12,-9.881876865521352,3,9.881876865521352,1,0,0,anti_homophones
12904,gQ1wu4,6,-5.298480418718188,2,5.298480418718188,1,0,5,anti_homophones
12905,hI1zi5,6,-5.321470504054264,2,5.321470504054264,1,0,4,anti_homophones
12906,shi4zhe3,8,-5.09831501804539,2,5.09831501804539,1,0,3,anti_homophones
12907,qUn1zhQ3,8,-7.6975512252421225,2,7.6975512252421225,1,0,0,anti_homophones
12908,xing2lK2,8,-5.735171199580088,2,5.735171199580088,1,0,2,anti_homophones
12909,bu4ben3,7,-5.605172463116506,2,5.605172463116506,1,0,4,anti_homophones
12910,shUn3hong4,10,-7.3917370065857195,2,7.3917370065857195,1,0,0,anti_homophones
12911,wo3ju2ge1,9,-9.807541663052223,3,9.807541663052223,1,0,0,anti_homophones
12912,wA4zi1,6,-6.2183578143302345,2,6.2183578143302345,1,0,5,anti_homophones
12913,fu2rO4fang3yang1,16,-13.191162730619972,4,13.191162730619972,1,0,0,anti_homophones
12914,gong2kong3,10,-6.40005134105359,2,6.40005134105359,1,0,0,anti_homophones
12915,zhong1dQ4tV2,12,-8.117125918057374,3,8.117125918057374,1,0,0,anti_homophones
12916,man3hu3tUn2,11,-9.646935484943683,3,9.646935484943683,1,0,0,anti_homophones
12917,lM4hu3ti2xing2,14,-11.689659104608198,4,11.689659104608198,1,0,0,anti_homophones
12918,chong4shi4kan4jM3,17,-12.7358382220531,4,12.7358382220531,1,0,0,anti_homophones
12919,yan2xin1shi4,12,-7.371324204008238,3,7.371324204008238,1,0,0,anti_homophones
12920,bi4man3qC4lE2,13,-11.98671893560829,4,11.98671893560829,1,0,0,anti_homophones
12921,yi1xC2shen4,11,-7.948182611696143,3,7.948182611696143,1,0,0,anti_homophones
12922,jLng3shi1,9,-6.456015143890598,2,6.456015143890598,1,0,2,anti_homophones
12923,zha4fu2hU1ji1,13,-11.463735098750405,4,11.463735098750405,1,0,0,anti_homophones
12924,fan4shu1shV3li3,15,-10.764024167224173,4,10.764024167224173,1,0,0,anti_homophones
12925,jLn1ceng2,9,-6.709637551325861,2,6.709637551325861,1,0,0,anti_homophones
12926,e4da4shu1xing4,14,-11.503437337068698,4,11.503437337068698,1,0,0,anti_homophones
12927,jin3shang4,10,-6.485749654256729,2,6.485749654256729,1,0,0,anti_homophones
12928,ji1ru2yan2,10,-8.291077979749534,3,8.291077979749534,1,0,0,anti_homophones
12929,xLn3hP3ti3,10,-10.838024345722106,3,10.838024345722106,1,0,0,anti_homophones
12930,xi4lK2jing4,11,-9.161272218343356,3,9.161272218343356,1,0,0,anti_homophones
12931,shu1zheng2,10,-6.225052161292584,2,6.225052161292584,1,0,2,anti_homophones
12932,wang1bi4kP4,11,-9.568822572754492,3,9.568822572754492,1,0,0,anti_homophones
12933,ce4mLn4mLn4,11,-8.442102096986124,3,8.442102096986124,1,0,0,anti_homophones
12934,yi1rong3sheng3,14,-10.27294772575565,3,10.27294772575565,1,0,0,anti_homophones
12935,mu4xC2xLn4,10,-8.747258507027459,3,8.747258507027459,1,0,0,anti_homophones
12936,qLn2shI3,8,-5.6663494550661415,2,5.6663494550661415,1,0,1,anti_homophones
12937,qYng1fan4,9,-7.231463561082911,2,7.231463561082911,1,0,1,anti_homophones
12938,tan2mi4ji2,10,-8.744542648411553,3,8.744542648411553,1,0,0,anti_homophones
12939,wu4li3jing2,11,-8.784166723529667,3,8.784166723529667,1,0,0,anti_homophones
12940,zu2dM2,6,-6.287899087096656,2,6.287899087096656,1,0,1,anti_homophones
12941,bu4zhe5,7,-5.831806210124259,2,5.831806210124259,1,0,4,anti_homophones
12942,chang4chan1,11,-7.012751331054727,2,7.012751331054727,1,0,0,anti_homophones
12943,shV3di4yhen1,12,-12.889888970876019,3,12.889888970876019,1,0,0,anti_homophones
12944,re4zhang2ju1zhi4,16,-12.034866316343825,4,12.034866316343825,1,0,0,anti_homophones
12945,gu1lu4,6,-4.769978032115342,2,4.769978032115342,1,1,12,anti_homophones
12946,tI4hV4,6,-5.311141327792217,2,5.311141327792217,1,1,4,anti_homophones
12947,zheng1sheng1,12,-5.77041453295531,2,5.77041453295531,1,1,3,anti_homophones
12948,rV4pLng2,8,-8.90284991408525,2,8.90284991408525,1,0,0,anti_homophones
12949,fang2gUng1,10,-6.13765448732625,2,6.13765448732625,1,0,2,anti_homophones
12950,yi1xLng4cun1ju4,15,-11.348342468361405,4,11.348342468361405,1,0,0,anti_homophones
12951,fu2yi2,6,-5.733353936416737,2,5.733353936416737,1,0,4,anti_homophones
12952,shi2jing2yV3kA1,15,-11.274586949459591,4,11.274586949459591,1,0,0,anti_homophones
12953,yUn4hU1shi1,11,-9.444799102535303,3,9.444799102535303,1,0,0,anti_homophones
12954,shu3han1,8,-7.222083655714264,2,7.222083655714264,1,0,1,anti_homophones
12955,ru2shI3,7,-5.616194699069622,2,5.616194699069622,1,0,2,anti_homophones
12956,xing2zhi3bu4lK2,15,-10.80037687199465,4,10.80037687199465,1,0,0,anti_homophones
12957,jW3lLn2shP4,11,-9.398921806769554,3,9.398921806769554,1,0,0,anti_homophones
12958,dLn3zhi1,8,-5.681688509309028,2,5.681688509309028,1,0,2,anti_homophones
12959,ting2xin1,9,-5.831069657154407,2,5.831069657154407,1,0,5,anti_homophones
12960,chu4nv3zhi4xing3,16,-11.967186672996402,4,11.967186672996402,1,0,0,anti_homophones
12961,hU1jM1dLn4,10,-8.265942235213574,3,8.265942235213574,1,0,0,anti_homophones
12962,tLn1hUng4wE2,12,-9.453770171825326,3,9.453770171825326,1,0,0,anti_homophones
12963,che1gUng4,9,-6.074309751567393,2,6.074309751567393,1,1,1,anti_homophones
12964,bi4jing1gan1,12,-9.559832959833304,3,9.559832959833304,1,0,0,anti_homophones
12965,jing4jW3,8,-5.97945800950108,2,5.97945800950108,1,0,1,anti_homophones
12966,wA4bW1,6,-5.682061457776993,2,5.682061457776993,1,0,3,anti_homophones
12967,si3xC4wu4,9,-8.071588002151104,3,8.071588002151104,1,0,0,anti_homophones
12968,da4yan3ne4,10,-9.66110676907613,3,9.66110676907613,1,0,0,anti_homophones
12969,ban4zheng1,10,-6.066473802950537,2,6.066473802950537,1,0,0,anti_homophones
12970,dQ1qLn2hQ4,10,-8.920837374108286,3,8.920837374108286,1,0,0,anti_homophones
12971,rong2qi3,8,-6.95899420915664,2,6.95899420915664,1,0,0,anti_homophones
12972,qLn1nLn4,8,-6.113357929357854,2,6.113357929357854,1,0,2,anti_homophones
12973,ling2dang3zhi3,14,-9.432679798181532,3,9.432679798181532,1,0,0,anti_homophones
12974,wE4bQ3an1,9,-9.021490254037559,3,9.021490254037559,1,0,0,anti_homophones
12975,kun1shen1zong2yi4,17,-13.826780045799797,4,13.826780045799797,1,0,0,anti_homophones
12976,gU1gUn3an4xin4,14,-11.885328657985562,4,11.885328657985562,1,0,0,anti_homophones
12977,li3lO2lv4,9,-9.40360863928577,3,9.40360863928577,1,0,0,anti_homophones
12978,hI2lK2,6,-5.111374226620806,2,5.111374226620806,1,0,2,anti_homophones
12979,sO3gO4shi2qi2,13,-11.258275737916538,4,11.258275737916538,1,0,0,anti_homophones
12980,zhang4lin3,10,-7.858159916034645,2,7.858159916034645,1,0,0,anti_homophones
12981,xing2ji2,8,-5.658689965641399,2,5.658689965641399,1,1,5,anti_homophones
12982,jL4shV3zhong4,13,-9.209509376647008,3,9.209509376647008,1,0,0,anti_homophones
12983,yan4shi4,8,-5.350685909291169,2,5.350685909291169,1,0,8,anti_homophones
12984,bA2qK2,6,-5.25365149412323,2,5.25365149412323,1,0,2,anti_homophones
12985,tI2su4,6,-5.764004992325598,2,5.764004992325598,1,1,1,anti_homophones
12986,yu4shi2hun1fa3,14,-11.366688947223004,4,11.366688947223004,1,0,0,anti_homophones
12987,zI4gI4zhe2wan2,14,-12.958282357250315,4,12.958282357250315,1,0,0,anti_homophones
12988,tLn1di2,7,-6.283887434423034,2,6.283887434423034,1,0,1,anti_homophones
12989,yang3lan3,9,-7.139663095293942,2,7.139663095293942,1,0,0,anti_homophones
12990,chi1hU4zhUn4,12,-10.13521733621584,3,10.13521733621584,1,0,0,anti_homophones
12991,jLn1tu2,7,-5.978236188370623,2,5.978236188370623,1,0,3,anti_homophones
12992,hong1qi3,8,-6.476105968314052,2,6.476105968314052,1,0,1,anti_homophones
12993,wu2li4,6,-4.644708291703042,2,4.644708291703042,1,1,13,anti_homophones
12994,yong4li3,8,-6.09963689705621,2,6.09963689705621,1,0,1,anti_homophones
12995,yang3shi4,9,-5.492453402577797,2,5.492453402577797,1,0,3,anti_homophones
12996,cheng4qi4,9,-5.588547297741554,2,5.588547297741554,1,0,2,anti_homophones
12997,wE2bi4yUn2gO2,13,-11.56159684990773,4,11.56159684990773,1,0,0,anti_homophones
12998,mLn4shen1,9,-6.277746683146465,2,6.277746683146465,1,0,1,anti_homophones
12999,bu4an1,6,-5.061045849759483,2,5.061045849759483,1,1,5,anti_homophones
13000,zhang3shu1,10,-6.32765911016763,2,6.32765911016763,1,0,0,anti_homophones
13001,sA4dW4yu2,9,-8.413780781244526,3,8.413780781244526,1,0,0,anti_homophones
13002,jLn4hE4,7,-7.446887922093994,2,7.446887922093994,1,0,6,anti_homophones
13003,wu2fen1pin3zang2,16,-12.900157181556226,4,12.900157181556226,1,0,0,anti_homophones
13004,hU1ban3,7,-5.447803924315103,2,5.447803924315103,1,0,1,anti_homophones
13005,ma3zhi2jin1pi2,14,-11.917426143318771,4,11.917426143318771,1,0,0,anti_homophones
13006,ying2mQ5yun4shO1,16,-11.246874434328205,4,11.246874434328205,1,0,0,anti_homophones
13007,yu2yin1ren2mLn4,15,-10.49676674501444,4,10.49676674501444,1,0,0,anti_homophones
13008,qLng1wu4,8,-5.828051543508227,2,5.828051543508227,1,0,1,anti_homophones
13009,ke1jL4da2,9,-9.753375465622023,3,9.753375465622023,1,0,0,anti_homophones
13010,tQ2xing4,8,-6.378204921661016,2,6.378204921661016,1,0,0,anti_homophones
13011,xing3wen2,9,-6.244727683444242,2,6.244727683444242,1,1,2,anti_homophones
13012,xing1qing2qi4jW1,16,-12.054085928155356,4,12.054085928155356,1,0,0,anti_homophones
13013,dang1dQ4deng2,13,-9.928510630133415,3,9.928510630133415,1,0,0,anti_homophones
13014,xUn3fa3,7,-5.9249975111744755,2,5.9249975111744755,1,0,1,anti_homophones
13015,ma3pin2zha1hong3,16,-14.009129057159694,4,14.009129057159694,1,0,0,anti_homophones
13016,qi4sI4,6,-6.523369107258359,2,6.523369107258359,1,0,3,anti_homophones
13017,fu4zeng2shV4,12,-9.350244744382861,3,9.350244744382861,1,0,0,anti_homophones
13018,zhang4lM4,9,-6.393583879830468,2,6.393583879830468,1,0,2,anti_homophones
13019,ying1yu4,8,-5.91399997187059,2,5.91399997187059,1,0,3,anti_homophones
13020,yi1bu4qi1,9,-6.6595352819548514,3,6.6595352819548514,1,0,0,anti_homophones
13021,pin3sO3,7,-6.0508508665223015,2,6.0508508665223015,1,0,0,anti_homophones
13022,li3ci3,6,-6.527741394954987,2,6.527741394954987,1,0,0,anti_homophones
13023,zi4dLn4,7,-5.089807886113247,2,5.089807886113247,1,0,10,anti_homophones
13024,zhUn4tan4,9,-6.6470419781536405,2,6.6470419781536405,1,0,0,anti_homophones
13025,xLng2sA4,8,-6.548838422234463,2,6.548838422234463,1,0,4,anti_homophones
13026,fa1lLng2che1yan2,16,-11.374731196193634,4,11.374731196193634,1,0,0,anti_homophones
13027,wu4qi4xin1fen4,14,-11.014160173949898,4,11.014160173949898,1,0,0,anti_homophones
13028,shi1lO4,7,-5.797897937795652,2,5.797897937795652,1,0,6,anti_homophones
13029,pA2yV2hQ4,9,-8.668679456845632,3,8.668679456845632,1,0,0,anti_homophones
13030,zhu4cong4,9,-6.524188190664168,2,6.524188190664168,1,0,2,anti_homophones
13031,gUn1qin1chang2,14,-9.52452067854758,3,9.52452067854758,1,0,0,anti_homophones
13032,zheng1zi5,9,-5.091527537540111,2,5.091527537540111,1,0,7,anti_homophones
13033,shV3lK2xin1ben3,15,-10.804585678957263,4,10.804585678957263,1,0,0,anti_homophones
13034,Q4min2jK3sheng2,15,-11.782600732177686,4,11.782600732177686,1,0,0,anti_homophones
13035,cA3dA4zhan1,11,-9.500208291133665,3,9.500208291133665,1,0,0,anti_homophones
13036,ci2xW2,6,-7.79547830468048,2,7.79547830468048,1,0,0,anti_homophones
13037,hO3zhang3,9,-6.351634438949483,2,6.351634438949483,1,0,1,anti_homophones
13038,cI1hO3hUng1,11,-9.385132664770127,3,9.385132664770127,1,0,0,anti_homophones
13039,er2qC4zu3jUn3,13,-13.746874184520681,4,13.746874184520681,1,0,0,anti_homophones
13040,zi4gu3gUn3,10,-8.091813621661977,3,8.091813621661977,1,0,0,anti_homophones
13041,rV2ren2xi1rV4,13,-10.736965082963154,4,10.736965082963154,1,0,0,anti_homophones
13042,A4gUn1,6,-5.625049031914777,2,5.625049031914777,1,0,2,anti_homophones
13043,shang4pi2,9,-6.213464288558024,2,6.213464288558024,1,0,1,anti_homophones
13044,tong2yan2cA4hV4,15,-11.946390099261523,4,11.946390099261523,1,0,0,anti_homophones
13045,da3hU1xu3,9,-9.060233845797214,3,9.060233845797214,1,0,0,anti_homophones
13046,jin1shu4sheng4,14,-8.617203722163174,3,8.617203722163174,1,0,0,anti_homophones
13047,qin1shV1ren4yong2,17,-12.88325635510558,4,12.88325635510558,1,0,0,anti_homophones
13048,ge2ru4,6,-6.403940285325428,2,6.403940285325428,1,0,1,anti_homophones
13049,wA4di2,6,-5.867604439817785,2,5.867604439817785,1,0,4,anti_homophones
13050,ji2zhu3yu4,10,-7.990028956617011,3,7.990028956617011,1,0,0,anti_homophones
13051,shI3xin1gu4wu4,14,-11.048594906426935,4,11.048594906426935,1,0,0,anti_homophones
13052,xLng2wang1,10,-6.809717272161,2,6.809717272161,1,0,0,anti_homophones
13053,yV2dLn4kV3,10,-8.21111746602156,3,8.21111746602156,1,0,0,anti_homophones
13054,jing1dQ4,8,-5.684188341269757,2,5.684188341269757,1,0,3,anti_homophones
13055,tLn1wu1ye3xLng1,15,-12.164012756769777,4,12.164012756769777,1,0,0,anti_homophones
13056,zhQ2tV2di3pin3,14,-11.955484376634828,4,11.955484376634828,1,0,0,anti_homophones
13057,yV2fan1,7,-6.272210640370906,2,6.272210640370906,1,0,1,anti_homophones
13058,bi4ran2,7,-5.459582579716989,2,5.459582579716989,1,1,4,anti_homophones
13059,ying1ping1bo2,13,-10.002108769881586,3,10.002108769881586,1,0,0,anti_homophones
13060,chV2ting2xW4,12,-9.723663158830155,3,9.723663158830155,1,0,0,anti_homophones
13061,xLng2ji4ke4,11,-8.740947526525181,3,8.740947526525181,1,0,0,anti_homophones
13062,ming2chu1,9,-6.07154420698525,2,6.07154420698525,1,0,1,anti_homophones
13063,fen1bin4,8,-7.050789285910943,2,7.050789285910943,1,0,1,anti_homophones
13064,qin2chang4,10,-6.548355693464728,2,6.548355693464728,1,0,0,anti_homophones
13065,ping2dQ4cha2gUn1,16,-11.43206373528807,4,11.43206373528807,1,0,0,anti_homophones
13066,qLn4sO3dan4,11,-9.585992462916302,3,9.585992462916302,1,0,0,anti_homophones
13067,zO4dLn4,7,-5.410923328248773,2,5.410923328248773,1,0,2,anti_homophones
13068,sO3zO4,6,-5.691075102964303,2,5.691075102964303,1,0,1,anti_homophones
13069,man2gV1,7,-8.164144114280353,2,8.164144114280353,1,0,0,anti_homophones
13070,hena4,5,-8.505624606739612,2,8.505624606739612,1,0,0,anti_homophones
13071,cha2zi5,7,-5.060197827760726,2,5.060197827760726,1,0,4,anti_homophones
13072,ting4shV3ben3zi5,16,-11.523604683517442,4,11.523604683517442,1,0,0,anti_homophones
13073,hUn3yi4,7,-5.751660534441501,2,5.751660534441501,1,0,4,anti_homophones
13074,lQ3bu4qM4tLn2,13,-11.373114264179216,4,11.373114264179216,1,0,0,anti_homophones
13075,yi4yV2xing4zhu3,15,-10.889151373385099,4,10.889151373385099,1,0,0,anti_homophones
13076,ping3jL4zhi3,12,-9.421861846318556,3,9.421861846318556,1,0,0,anti_homophones
13077,feng1xu4fu3,11,-9.304767657548947,3,9.304767657548947,1,0,0,anti_homophones
13078,dong1jLn4tan2,13,-9.178248601859776,3,9.178248601859776,1,0,0,anti_homophones
13079,chi2ye4,7,-5.626096468589412,2,5.626096468589412,1,0,4,anti_homophones
13080,xLn2chUn4xing4,14,-9.353025261919766,3,9.353025261919766,1,0,0,anti_homophones
13081,xC4rV2sO3,9,-10.510735630338461,3,10.510735630338461,1,0,0,anti_homophones
13082,deng1su4,8,-5.971414579190528,2,5.971414579190528,1,0,6,anti_homophones
13083,zhQ1bing4,9,-5.962790066472453,2,5.962790066472453,1,0,1,anti_homophones
13084,yan1yin1wen2,12,-8.693590725285064,3,8.693590725285064,1,0,0,anti_homophones
13085,sheng1lK2da2li4,15,-10.64982003117224,4,10.64982003117224,1,0,0,anti_homophones
13086,dQ4tQ2shu1,10,-9.196656812781034,3,9.196656812781034,1,0,0,anti_homophones
13087,yang2qing3,10,-6.805516431339434,2,6.805516431339434,1,0,0,anti_homophones
13088,xC2jK1,6,-6.491667683512793,2,6.491667683512793,1,0,1,anti_homophones
13089,gu4mo2,6,-6.420819911849578,2,6.420819911849578,1,0,1,anti_homophones
13090,yQ2gu4,6,-5.770609294011398,2,5.770609294011398,1,0,4,anti_homophones
13091,dQ3che1,7,-6.317520292442844,2,6.317520292442844,1,0,3,anti_homophones
13092,gong3xW4shi4,12,-8.763336489701064,3,8.763336489701064,1,0,0,anti_homophones
13093,xin4xi1zI3,10,-9.267955145724965,3,9.267955145724965,1,0,0,anti_homophones
13094,ke4shI3lLng4sheng3,18,-12.167985697489389,4,12.167985697489389,1,0,0,anti_homophones
13095,cang4dang3,10,-7.085678825691109,2,7.085678825691109,1,0,2,anti_homophones
13096,she4shi4,8,-5.123545516941466,2,5.123545516941466,1,0,5,anti_homophones
13097,chi2de5,7,-6.434170241426808,2,6.434170241426808,1,0,2,anti_homophones
13098,fang1lv3ci4,11,-8.949100641960236,3,8.949100641960236,1,0,0,anti_homophones
13099,chV2man4,8,-6.408457762041046,2,6.408457762041046,1,0,2,anti_homophones
13100,shu3fang3yUn2yan2,17,-11.88658574528642,4,11.88658574528642,1,0,0,anti_homophones
13101,dLn4jL4she4,11,-8.734006777430137,3,8.734006777430137,1,0,0,anti_homophones
13102,xLn2wE2cheng1,13,-9.3773139600954,3,9.3773139600954,1,0,0,anti_homophones
13103,gP3jW3,6,-5.5422652480247105,2,5.5422652480247105,1,0,0,anti_homophones
13104,gO2yong1,8,-6.168824123196799,2,6.168824123196799,1,0,0,anti_homophones
13105,shQ1fa3long3,12,-10.104294738389767,3,10.104294738389767,1,0,0,anti_homophones
13106,fang2qi4,8,-5.406862466054094,2,5.406862466054094,1,1,6,anti_homophones
13107,gang4xi4,8,-6.8405774504220815,2,6.8405774504220815,1,0,0,anti_homophones
13108,feng1gang2,10,-6.716287000571993,2,6.716287000571993,1,0,4,anti_homophones
13109,dQ4qi1qing1,11,-8.669475560827195,3,8.669475560827195,1,0,0,anti_homophones
13110,yin2shV3,8,-6.026171217313419,2,6.026171217313419,1,0,2,anti_homophones
13111,gu1nE4,6,-5.876221688936033,2,5.876221688936033,1,0,1,anti_homophones
13112,ma1xi1fen1shi2,14,-11.968586335461,4,11.968586335461,1,0,0,anti_homophones
13113,zO3shO1,7,-6.509709382669948,2,6.509709382669948,1,0,0,anti_homophones
13114,tM3mE3sheng2zhen2,17,-11.534964637406624,4,11.534964637406624,1,0,0,anti_homophones
13115,feng2li3,8,-5.957052894654023,2,5.957052894654023,1,0,3,anti_homophones
13116,ping4zhi4,9,-5.972183096277061,2,5.972183096277061,1,1,3,anti_homophones
13117,gUng4hun2,9,-7.896369893376538,2,7.896369893376538,1,0,0,anti_homophones
13118,keng1wang4,10,-7.48393276012646,2,7.48393276012646,1,0,0,anti_homophones
13119,ji4li4ju2,9,-7.669772446890772,3,7.669772446890772,1,0,0,anti_homophones
13120,xM2ye4,6,-5.412798747500214,2,5.412798747500214,1,0,5,anti_homophones
13121,ci4wE4,6,-6.116375445477426,2,6.116375445477426,1,0,5,anti_homophones
13122,ju4de2,6,-5.546023052553459,2,5.546023052553459,1,0,5,anti_homophones
13123,ying2an1yun4,12,-9.47339677863164,3,9.47339677863164,1,0,0,anti_homophones
13124,shUn2chO4,9,-8.548846490081145,2,8.548846490081145,1,0,0,anti_homophones
13125,le5jing2ren2,12,-10.383427598098548,3,10.383427598098548,1,0,0,anti_homophones
13126,zhi4lun2,8,-6.016662155590076,2,6.016662155590076,1,0,2,anti_homophones
13127,ni3yong1qi1xin1,15,-11.8676862931992,4,11.8676862931992,1,0,0,anti_homophones
13128,cA3shang2,9,-6.275484287889614,2,6.275484287889614,1,0,0,anti_homophones
13129,jC2jLn4,7,-5.372749550139116,2,5.372749550139116,1,0,2,anti_homophones
13130,shV3ban1,8,-5.688422400029667,2,5.688422400029667,1,0,1,anti_homophones
13131,shUng3yUn2pu3xL4,16,-13.094767935687864,4,13.094767935687864,1,0,0,anti_homophones
13132,shu1zhi3,8,-5.869092247985453,2,5.869092247985453,1,0,2,anti_homophones
13133,lE3wE4nA3,9,-8.380461596705286,3,8.380461596705286,1,0,0,anti_homophones
13134,pin3da4hO4,10,-8.377683750799088,3,8.377683750799088,1,0,0,anti_homophones
13135,hang3xK1cQ1,11,-9.616882033272939,3,9.616882033272939,1,0,0,anti_homophones
13136,pE2che1,7,-5.535740789278977,2,5.535740789278977,1,0,3,anti_homophones
13137,fu2se4,6,-5.810286900616902,2,5.810286900616902,1,0,3,anti_homophones
13138,wu2chu1,7,-5.444833536174684,2,5.444833536174684,1,1,2,anti_homophones
13139,mi4jM2,6,-5.9989700891674,2,5.9989700891674,1,0,7,anti_homophones
13140,yUn2qUn2shi2,12,-8.127267956356855,3,8.127267956356855,1,0,0,anti_homophones
13141,yUn2jM2hO4,10,-8.224709857122601,3,8.224709857122601,1,0,0,anti_homophones
13142,ge1lLn4chu1,11,-9.33864751020732,3,9.33864751020732,1,0,0,anti_homophones
13143,feng2jun1,9,-6.113878029629909,2,6.113878029629909,1,0,0,anti_homophones
13144,nan2mE3wu2cheng1,16,-11.732514638098603,4,11.732514638098603,1,0,0,anti_homophones
13145,fang3qu3nong4,13,-9.421019482859348,3,9.421019482859348,1,0,0,anti_homophones
13146,chu1ban3,8,-5.711706828409028,2,5.711706828409028,1,0,3,anti_homophones
13147,pi2zi3,6,-5.65796226004169,2,5.65796226004169,1,0,5,anti_homophones
13148,lu4hang4,8,-6.743951575722389,2,6.743951575722389,1,0,1,anti_homophones
13149,ti2bu4,6,-5.591954490902605,2,5.591954490902605,1,0,7,anti_homophones
13150,shi1yUn2,8,-5.3751117812155,2,5.3751117812155,1,0,5,anti_homophones
13151,jLn4chUng1bQ3,13,-9.471028829267333,3,9.471028829267333,1,0,0,anti_homophones
13152,tM3jL1,6,-5.95862453476053,2,5.95862453476053,1,0,0,anti_homophones
13153,qing4xi4bu4jM4,14,-10.329304342358533,4,10.329304342358533,1,0,0,anti_homophones
13154,hQ3zhA2,7,-7.2783292292936315,2,7.2783292292936315,1,0,0,anti_homophones
13155,yu4hO4tLn1,10,-8.987670320150018,3,8.987670320150018,1,0,0,anti_homophones
13156,gQ1wA4du2,9,-9.059340186789186,3,9.059340186789186,1,0,0,anti_homophones
13157,gu1ji4,6,-5.5833208514579065,2,5.5833208514579065,1,0,7,anti_homophones
13158,wen2hA2ying2rong1,17,-12.451606928268557,4,12.451606928268557,1,0,0,anti_homophones
13159,ying3di2,8,-6.8330262198419085,2,6.8330262198419085,1,0,2,anti_homophones
13160,shQ1shen1yu3yi3,15,-11.442220512187292,4,11.442220512187292,1,0,0,anti_homophones
13161,chan1lang5,10,-8.725044356795177,2,8.725044356795177,1,0,0,anti_homophones
13162,hu1lu4,6,-5.568890851170753,2,5.568890851170753,1,0,12,anti_homophones
13163,tM1qK2,6,-6.392966317457772,2,6.392966317457772,1,0,1,anti_homophones
13164,qi4ping4,8,-5.981658996414662,2,5.981658996414662,1,0,1,anti_homophones
13165,cu1gQ1dA4kong4,14,-10.688583541117756,4,10.688583541117756,1,0,0,anti_homophones
13166,mLn3yun4hu4,11,-9.89211809155281,3,9.89211809155281,1,0,0,anti_homophones
13167,ying4li4qLng2si3,16,-12.984088224725754,4,12.984088224725754,1,0,0,anti_homophones
13168,gO4leng1tong2,13,-9.37631610075521,3,9.37631610075521,1,0,0,anti_homophones
13169,leng2shO1,9,-6.6406139244247475,2,6.6406139244247475,1,0,0,anti_homophones
13170,xUn1la4jL4jL5,13,-14.40376161043555,4,14.40376161043555,1,0,0,anti_homophones
13171,jYng1fu3shi2dM2,15,-13.476709142840114,4,13.476709142840114,1,0,0,anti_homophones
13172,mW2qLng2lv4,11,-10.154508194161322,3,10.154508194161322,1,0,0,anti_homophones
13173,tong3zhong4,11,-6.554204562308362,2,6.554204562308362,1,0,0,anti_homophones
13174,xi4ni4nan4,10,-9.824334650904644,3,9.824334650904644,1,0,0,anti_homophones
13175,gu3sheng1ting4,14,-8.911684624455308,3,8.911684624455308,1,0,0,anti_homophones
13176,jK4qi4gUn1,10,-7.698922234556821,3,7.698922234556821,1,0,0,anti_homophones
13177,qu3qing2se4mLn4,15,-11.552813765406281,4,11.552813765406281,1,0,0,anti_homophones
13178,ge2zV4,6,-6.4316493553067335,2,6.4316493553067335,1,0,1,anti_homophones
13179,fang2wu4,8,-5.656000441275668,2,5.656000441275668,1,1,0,anti_homophones
13180,yong4lan3,9,-7.123622565148287,2,7.123622565148287,1,0,1,anti_homophones
13181,mQ4ye4wA4,9,-8.64345722982201,3,8.64345722982201,1,0,0,anti_homophones
13182,bQ4xC2,6,-5.39773435227228,2,5.39773435227228,1,0,2,anti_homophones
13183,xM2bu4xLn4zhI1,14,-11.996899036157428,4,11.996899036157428,1,0,0,anti_homophones
13184,sQ3xL4pin3,10,-8.854150030186776,3,8.854150030186776,1,0,0,anti_homophones
13185,tM3zhu3nLn2,11,-9.08821005259779,3,9.08821005259779,1,0,0,anti_homophones
13186,xYng1gU1gQ3zhi4,15,-11.71037960487284,4,11.71037960487284,1,0,0,anti_homophones
13187,gUn4lLng2dUn4,13,-10.148499220454333,3,10.148499220454333,1,0,0,anti_homophones
13188,hO3er2,6,-5.346858792504014,2,5.346858792504014,1,0,1,anti_homophones
13189,hO3ban4yu4,10,-8.65075381916802,3,8.65075381916802,1,0,0,anti_homophones
13190,chV1lLng4qLng4,14,-9.86633902814778,3,9.86633902814778,1,0,0,anti_homophones
13191,shu4shan4he2,12,-9.00313967072646,3,9.00313967072646,1,0,0,anti_homophones
13192,qun2qu3cheng2,13,-9.771620065460665,3,9.771620065460665,1,0,0,anti_homophones
13193,dLn3chI1zhen2shi1,17,-13.127309658899907,4,13.127309658899907,1,0,0,anti_homophones
13194,fen1tLn1,8,-5.593715034687446,2,5.593715034687446,1,0,2,anti_homophones
13195,heng1zi5,8,-5.873295505086686,2,5.873295505086686,1,0,5,anti_homophones
13196,yi1yang3dA4,11,-8.092919414376082,3,8.092919414376082,1,0,0,anti_homophones
13197,tQ2wu4,6,-5.085161578330756,2,5.085161578330756,1,0,7,anti_homophones
13198,min2mi4,7,-6.422932090616962,2,6.422932090616962,1,0,3,anti_homophones
13199,yQ4lA2,6,-5.932673884734905,2,5.932673884734905,1,0,3,anti_homophones
13200,ta4pLn4xM4,10,-8.895091516450684,3,8.895091516450684,1,0,0,anti_homophones
13201,wE2nan4,7,-6.6385307998089775,2,6.6385307998089775,1,0,3,anti_homophones
13202,leng1dUn3tV2,12,-9.847172887103817,3,9.847172887103817,1,0,0,anti_homophones
13203,wE3ku4,6,-5.882662781103392,2,5.882662781103392,1,0,1,anti_homophones
13204,rV2cheng1yV2tLn1,16,-12.432134928723672,4,12.432134928723672,1,0,0,anti_homophones
13205,gA3ge2,6,-5.128359694974971,2,5.128359694974971,1,1,2,anti_homophones
13206,zhO1cha3yi4,11,-10.475916856691494,3,10.475916856691494,1,0,0,anti_homophones
13207,hO4qu3xi4,9,-8.628300666844636,3,8.628300666844636,1,0,0,anti_homophones
13208,da3han4,7,-5.5704636339745806,2,5.5704636339745806,1,1,7,anti_homophones
13209,er3gV3,6,-5.942406784128718,2,5.942406784128718,1,0,4,anti_homophones
13210,fan1qing3,9,-6.87228732121291,2,6.87228732121291,1,0,0,anti_homophones
13211,bing2men2,9,-5.856363642008299,2,5.856363642008299,1,0,1,anti_homophones
13212,bQ4zhA4,7,-6.263419627663387,2,6.263419627663387,1,0,3,anti_homophones
13213,jL1sO3,6,-5.6449536052591345,2,5.6449536052591345,1,0,0,anti_homophones
13214,hE1tong1li3,11,-8.005981258581294,3,8.005981258581294,1,0,0,anti_homophones
13215,bLn1jW3zhi4,11,-8.180323165577597,3,8.180323165577597,1,0,0,anti_homophones
13216,jK4jin4,7,-5.451927477741568,2,5.451927477741568,1,0,5,anti_homophones
13217,xi1ye4,6,-5.250910258999975,2,5.250910258999975,1,0,6,anti_homophones
13218,lLng1wE2wo4ji1,14,-11.19774309393195,4,11.19774309393195,1,0,0,anti_homophones
13219,hU2shi2,7,-5.583212780924285,2,5.583212780924285,1,0,5,anti_homophones
13220,shi2ji1,7,-5.082023869703375,2,5.082023869703375,1,1,7,anti_homophones
13221,gu3wE2hI1,9,-9.004338872370912,3,9.004338872370912,1,0,0,anti_homophones
13222,jin1shang2chu2gI1,17,-12.063791217600809,4,12.063791217600809,1,0,0,anti_homophones
13223,bo1xing1wu3,11,-9.102606143910883,3,9.102606143910883,1,0,0,anti_homophones
13224,qing4dLn4,9,-5.693517521680035,2,5.693517521680035,1,0,5,anti_homophones
13225,ping1hUng3xL2e4,15,-13.099042344368328,4,13.099042344368328,1,0,0,anti_homophones
13226,mQ2fa3,6,-5.593094280596546,2,5.593094280596546,1,0,2,anti_homophones
13227,bi4gI1a3,8,-9.721056378622922,3,9.721056378622922,1,0,0,anti_homophones
13228,chan1kong4shI3er5,17,-11.672973895226647,4,11.672973895226647,1,0,0,anti_homophones
13229,zhUng1zi5,9,-5.2922382550183364,2,5.2922382550183364,1,0,3,anti_homophones
13230,li2pA2ba1,9,-9.535000765640277,3,9.535000765640277,1,0,0,anti_homophones
13231,shang1mu3,9,-6.692509890370454,2,6.692509890370454,1,0,2,anti_homophones
13232,na4meng1zO4chu2,15,-11.640134370831799,4,11.640134370831799,1,0,0,anti_homophones
13233,jM3fa1xi5,9,-8.621480039724355,3,8.621480039724355,1,0,0,anti_homophones
13234,shan4ding1nA3,13,-10.462620800545771,3,10.462620800545771,1,0,0,anti_homophones
13235,chang4qu4,9,-6.4278543310638305,2,6.4278543310638305,1,0,3,anti_homophones
13236,wang4mLn4,9,-6.1612545096369615,2,6.1612545096369615,1,0,3,anti_homophones
13237,ca2zI4,6,-8.108503420819567,2,8.108503420819567,1,0,0,anti_homophones
13238,ju2wang2,8,-6.980190446557198,2,6.980190446557198,1,0,0,anti_homophones
13239,xLng1fen4,9,-6.16247824052107,2,6.16247824052107,1,0,1,anti_homophones
13240,xu4rong4,8,-6.556020717048231,2,6.556020717048231,1,0,1,anti_homophones
13241,shi1gUn3gUn4,12,-9.217379809189021,3,9.217379809189021,1,0,0,anti_homophones
13242,nA3meng2A2A2,12,-12.364013991794925,4,12.364013991794925,1,0,0,anti_homophones
13243,gan3pi2xing4,12,-8.430848471390448,3,8.430848471390448,1,0,0,anti_homophones
13244,fu4zhu4shUn1,12,-9.51582536219665,3,9.51582536219665,1,0,0,anti_homophones
13245,qu1tun1,7,-7.261780859093835,2,7.261780859093835,1,0,0,anti_homophones
13246,kong4jM1dA4,11,-8.388914005097064,3,8.388914005097064,1,0,0,anti_homophones
13247,lV2tA4,6,-6.490808961495002,2,6.490808961495002,1,0,1,anti_homophones
13248,jM1fE1yun1,10,-9.320733807797618,3,9.320733807797618,1,0,0,anti_homophones
13249,zong3ren2mo2hu1,15,-12.185515496872306,4,12.185515496872306,1,0,0,anti_homophones
13250,di1A3bu4jin4,12,-10.165754516003606,4,10.165754516003606,1,0,0,anti_homophones
13251,ji2yu2yi1yUn2,13,-10.788920934175861,4,10.788920934175861,1,0,0,anti_homophones
13252,xLng4shi4,9,-5.2139995325927355,2,5.2139995325927355,1,0,5,anti_homophones
13253,tu3dQ4,6,-5.633442189361883,2,5.633442189361883,1,1,7,anti_homophones
13254,yi1chang1,9,-5.634765717958782,2,5.634765717958782,1,0,6,anti_homophones
13255,nLn2yu2,7,-5.617751596695871,2,5.617751596695871,1,0,5,anti_homophones
13256,bu4jLng4,8,-5.643064741092606,2,5.643064741092606,1,0,4,anti_homophones
13257,ji1xing3,8,-5.753755333689105,2,5.753755333689105,1,0,2,anti_homophones
13258,yC4mA4,6,-5.66825498000528,2,5.66825498000528,1,0,0,anti_homophones
13259,long2nu4,8,-7.590386319072433,2,7.590386319072433,1,0,0,anti_homophones
13260,si1yin4,7,-6.347970538383662,2,6.347970538383662,1,0,2,anti_homophones
13261,lLng2jing3,10,-6.939870878806063,2,6.939870878806063,1,0,0,anti_homophones
13262,mo1bu4fang2,11,-8.730314310303546,3,8.730314310303546,1,0,0,anti_homophones
13263,chUn4jM3san4,12,-9.577158935317922,3,9.577158935317922,1,0,0,anti_homophones
13264,jL1zheng1,9,-5.7550488907556385,2,5.7550488907556385,1,0,3,anti_homophones
13265,hI2wen2xC2,10,-8.67818583209404,3,8.67818583209404,1,0,0,anti_homophones
13266,jLn3gE4,7,-7.66854167445152,2,7.66854167445152,1,0,1,anti_homophones
13267,cu4xLn4tong1,12,-9.023699065183255,3,9.023699065183255,1,0,0,anti_homophones
13268,xUn3er2zO4tan1,14,-11.568951014626238,4,11.568951014626238,1,0,0,anti_homophones
13269,da4xing4,8,-4.865675558339186,2,4.865675558339186,1,0,6,anti_homophones
13270,xing2yun2hu2tQ2,15,-11.686574871288,4,11.686574871288,1,0,0,anti_homophones
13271,jL1ling3bi3,11,-9.499682536883556,3,9.499682536883556,1,0,0,anti_homophones
13272,feng2lE4,8,-6.490750386586767,2,6.490750386586767,1,0,3,anti_homophones
13273,da3hang3,8,-5.671101392058486,2,5.671101392058486,1,0,4,anti_homophones
13274,zhi1lA2zhi3,11,-8.33540129624815,3,8.33540129624815,1,0,0,anti_homophones
13275,shang2dQ4chu1,13,-8.370280020028165,3,8.370280020028165,1,0,0,anti_homophones
13276,yi1cheng2yang3dUn4,18,-11.393940608187158,4,11.393940608187158,1,0,0,anti_homophones
13277,lUn3jW3,7,-7.171023421645216,2,7.171023421645216,1,0,2,anti_homophones
13278,yin1jW3jL4,10,-8.165250506177525,3,8.165250506177525,1,0,0,anti_homophones
13279,qM4qi4,6,-5.735429704613268,2,5.735429704613268,1,0,1,anti_homophones
13280,yin3hu2di4,10,-8.91699320646345,3,8.91699320646345,1,0,0,anti_homophones
13281,cong4ri4,8,-6.663561084689292,2,6.663561084689292,1,0,4,anti_homophones
13282,nQ3xing2ji1zhi3,15,-11.451445383697056,4,11.451445383697056,1,0,0,anti_homophones
13283,xLn3ming4,9,-6.835666760732525,2,6.835666760732525,1,0,1,anti_homophones
13284,bQ3hun4,7,-5.745473955041384,2,5.745473955041384,1,0,5,anti_homophones
13285,wang1ye1ge2ji4,14,-14.26150046117272,4,14.26150046117272,1,0,0,anti_homophones
13286,lE4ren2,7,-5.258752676096426,2,5.258752676096426,1,0,8,anti_homophones
13287,xi1xK4zhUn1,11,-9.347633928642011,3,9.347633928642011,1,0,0,anti_homophones
13288,du2che1hO4,10,-8.655391676016214,3,8.655391676016214,1,0,0,anti_homophones
13289,kun4zhi4bQ1ben3,15,-11.65000490713819,4,11.65000490713819,1,0,0,anti_homophones
13290,e4xing4chV4,11,-10.012900278535454,3,10.012900278535454,1,0,0,anti_homophones
13291,gu1dO5,6,-6.6879503867323296,2,6.6879503867323296,1,0,0,anti_homophones
13292,dUn3chen1feng1,14,-9.538003563616984,3,9.538003563616984,1,0,0,anti_homophones
13293,wu3tV5,6,-5.377121944886054,2,5.377121944886054,1,0,7,anti_homophones
13294,ye1zhQ4zV4qUn2,14,-12.417786770532658,4,12.417786770532658,1,0,0,anti_homophones
13295,zO4er4yan4,10,-9.392462298417959,3,9.392462298417959,1,0,0,anti_homophones
13296,jW1zhi4ran2ji4,14,-10.469275618397106,4,10.469275618397106,1,0,0,anti_homophones
13297,zi1bu4,6,-5.340147847971486,2,5.340147847971486,1,1,7,anti_homophones
13298,sa1a4kP4,8,-11.335508049937479,3,11.335508049937479,1,0,0,anti_homophones
13299,zu2li4,6,-6.389125710912431,2,6.389125710912431,1,0,5,anti_homophones
13300,xLn4chQ2,8,-6.358350259841442,2,6.358350259841442,1,0,2,anti_homophones
13301,qL2xLng2jLn4,12,-10.552203873571255,3,10.552203873571255,1,0,0,anti_homophones
13302,tI1xing3,8,-5.779272081246504,2,5.779272081246504,1,0,1,anti_homophones
13303,bW3shi4,7,-5.35766496909088,2,5.35766496909088,1,0,7,anti_homophones
13304,qW2tW1,6,-7.897903808449078,2,7.897903808449078,1,0,1,anti_homophones
13305,bu4xin1,7,-4.813097831612597,2,4.813097831612597,1,1,9,anti_homophones
13306,da3yu2,6,-5.558157304498163,2,5.558157304498163,1,0,3,anti_homophones
13307,shu1ban4lA2,11,-8.72884701059595,3,8.72884701059595,1,0,0,anti_homophones
13308,lQ3ti1,6,-6.487669746456244,2,6.487669746456244,1,0,5,anti_homophones
13309,ka1fE1tA2,9,-7.41103379090939,3,7.41103379090939,1,0,0,anti_homophones
13310,ji2jing1,8,-6.056585819073486,2,6.056585819073486,1,0,2,anti_homophones
13311,jin4ru4,7,-5.263538032603137,2,5.263538032603137,1,0,4,anti_homophones
13312,dQ3sang3,8,-7.624012986082248,2,7.624012986082248,1,0,0,anti_homophones
13313,zhu4su4,7,-5.62467681185648,2,5.62467681185648,1,0,2,anti_homophones
13314,lLn2dI4zhu1xLn4,15,-11.868729104224542,4,11.868729104224542,1,0,0,anti_homophones
13315,si3jLn4shi4,11,-8.053829770158384,3,8.053829770158384,1,0,0,anti_homophones
13316,nQ3she4,7,-6.40287903941683,2,6.40287903941683,1,0,0,anti_homophones
13317,ba3xin1,7,-6.065840853912742,2,6.065840853912742,1,1,3,anti_homophones
13318,xM2ling2fen4y2lv4,17,-17.778105670233348,4,17.778105670233348,1,0,0,anti_homophones
13319,dang4kong1zO4,13,-9.323127240088647,3,9.323127240088647,1,0,0,anti_homophones
13320,tV4lu4,6,-5.532546535089281,2,5.532546535089281,1,0,5,anti_homophones
13321,ping4li4,8,-5.630466206578443,2,5.630466206578443,1,0,5,anti_homophones
13322,yi1tu4,6,-6.388073673894916,2,6.388073673894916,1,0,13,anti_homophones
13323,qi4er2,6,-5.952261582164236,2,5.952261582164236,1,0,5,anti_homophones
13324,yu2tu5,6,-6.4952356874478,2,6.4952356874478,1,0,1,anti_homophones
13325,she4xLn4,8,-5.310724264928401,2,5.310724264928401,1,0,5,anti_homophones
13326,jLng4an4,8,-6.400964824445759,2,6.400964824445759,1,0,4,anti_homophones
13327,chan4xM3,8,-6.641412703860294,2,6.641412703860294,1,0,0,anti_homophones
13328,dO1shi4ji1,10,-7.569735765301615,3,7.569735765301615,1,0,0,anti_homophones
13329,li3kang1shV1qu3,15,-12.600656679568475,4,12.600656679568475,1,0,0,anti_homophones
13330,zheng4xing4,11,-5.96846774641046,2,5.96846774641046,1,1,1,anti_homophones
13331,zhu3pin2,8,-6.779134918972784,2,6.779134918972784,1,0,0,anti_homophones
13332,bW3ya1zhUng1ban1,16,-12.207140034098115,4,12.207140034098115,1,0,0,anti_homophones
13333,jing1yu2,8,-5.573129413977043,2,5.573129413977043,1,0,5,anti_homophones
13334,qu4xLn1k3,9,-12.398501892413016,2,12.398501892413016,1,0,0,anti_homophones
13335,bang4fu3se4,11,-8.757623468946097,3,8.757623468946097,1,0,0,anti_homophones
13336,bQ2wan2ban4,11,-9.318732539145163,3,9.318732539145163,1,0,0,anti_homophones
13337,xW3zi4man3,10,-8.814944436657157,3,8.814944436657157,1,0,0,anti_homophones
13338,mi2li4,6,-5.198037534727794,2,5.198037534727794,1,2,9,anti_homophones
13339,wu2jLn4zher2,12,-11.179621801175976,3,11.179621801175976,1,0,0,anti_homophones
13340,chu1zhu4,8,-5.536175852984288,2,5.536175852984288,1,0,6,anti_homophones
13341,yUn2song2li4,12,-8.86691531297845,3,8.86691531297845,1,0,0,anti_homophones
13342,yu2wA4jing2,11,-8.67433462990249,3,8.67433462990249,1,0,0,anti_homophones
13343,xW3zhi1,7,-5.1783442075084185,2,5.1783442075084185,1,1,3,anti_homophones
13344,gong1chong1shi4,15,-8.457850962081126,3,8.457850962081126,1,0,0,anti_homophones
13345,ru4xLng4dUn4,12,-9.497465866214442,3,9.497465866214442,1,0,0,anti_homophones
13346,gQ1xin1,7,-5.317823587490295,2,5.317823587490295,1,0,3,anti_homophones
13347,xu4pi2cha2se4,13,-12.095957411428037,4,12.095957411428037,1,0,0,anti_homophones
13348,mE3lLng4,8,-7.374173034948814,2,7.374173034948814,1,0,0,anti_homophones
13349,bi4qLn4,7,-7.57382795529788,2,7.57382795529788,1,0,1,anti_homophones
13350,la1la4,6,-5.965618493204894,2,5.965618493204894,1,1,1,anti_homophones
13351,an4dUn4,7,-6.084028098848744,2,6.084028098848744,1,0,3,anti_homophones
13352,ge2jL1,6,-5.477169827286791,2,5.477169827286791,1,0,3,anti_homophones
13353,qi2za2jun1,10,-9.057009660007692,3,9.057009660007692,1,0,0,anti_homophones
13354,wu2zong2,8,-6.659510201698671,2,6.659510201698671,1,0,1,anti_homophones
13355,wo1nK2dI4lK2,12,-10.165219415385788,4,10.165219415385788,1,0,0,anti_homophones
13356,er3gV4,6,-5.752869809831004,2,5.752869809831004,1,0,2,anti_homophones
13357,qM3bu4du2zhu4,13,-11.822716637787153,4,11.822716637787153,1,0,0,anti_homophones
13358,qi2chi3,7,-6.276684090713195,2,6.276684090713195,1,0,1,anti_homophones
13359,cA3ge1,6,-5.658251926586997,2,5.658251926586997,1,0,2,anti_homophones
13360,fo2kan1fang1,12,-9.632463793004474,3,9.632463793004474,1,0,0,anti_homophones
13361,lK2gI1fang2,11,-8.717963984059983,3,8.717963984059983,1,0,0,anti_homophones
13362,yi2ming1,8,-5.911794598936988,2,5.911794598936988,1,0,2,anti_homophones
13363,wu2nLn2,7,-5.519401202370673,2,5.519401202370673,1,0,2,anti_homophones
13364,fu4gO2,6,-5.435798202261283,2,5.435798202261283,1,1,2,anti_homophones
13365,zha4lA2,7,-6.392650081120857,2,6.392650081120857,1,0,1,anti_homophones
13366,ke3wE2,6,-5.662907409344403,2,5.662907409344403,1,0,4,anti_homophones
13367,ban3tM3zi5,10,-8.46062502909514,3,8.46062502909514,1,0,0,anti_homophones
13368,tong2ye4,8,-5.579096076119744,2,5.579096076119744,1,0,3,anti_homophones
13369,shI4ren2,8,-5.930782341137343,2,5.930782341137343,1,0,1,anti_homophones
13370,yC4fa3zhen2,11,-9.755876008856292,3,9.755876008856292,1,0,0,anti_homophones
13371,shang4qM3,9,-6.775493402123456,2,6.775493402123456,1,0,0,anti_homophones
13372,hUng4fang2yi1,13,-9.834469699980211,3,9.834469699980211,1,0,0,anti_homophones
13373,zhUng2gI1,9,-6.284728706857475,2,6.284728706857475,1,0,1,anti_homophones
13374,tI4pen2xun4di1,14,-15.051063439792381,4,15.051063439792381,1,0,0,anti_homophones
13375,xL4yC4qM4zheng2,15,-11.440367447122107,4,11.440367447122107,1,0,0,anti_homophones
13376,xC4shi4qUn2qi4,14,-10.23569333487561,4,10.23569333487561,1,0,0,anti_homophones
13377,kong3lv4,8,-7.205511441481977,2,7.205511441481977,1,0,1,anti_homophones
13378,bM2ya2,6,-6.727072110852056,2,6.727072110852056,1,0,1,anti_homophones
13379,bA4xi4shun1,11,-10.388820803348665,3,10.388820803348665,1,0,0,anti_homophones
13380,bing2ri4jun1,12,-8.758406141071408,3,8.758406141071408,1,0,0,anti_homophones
13381,qW4pA4,6,-5.694731359426382,2,5.694731359426382,1,1,3,anti_homophones
13382,zu3jLn4,7,-5.946608616906815,2,5.946608616906815,1,0,2,anti_homophones
13383,qLn2shV3shan4,13,-8.991540163669482,3,8.991540163669482,1,0,0,anti_homophones
13384,sheng4qUn2zhi4,14,-8.089513096206591,3,8.089513096206591,1,0,0,anti_homophones
13385,dong1mLn4,9,-5.827601018061323,2,5.827601018061323,1,1,2,anti_homophones
13386,dang3shU1,9,-7.861362492767219,2,7.861362492767219,1,0,0,anti_homophones
13387,zhen2hO4,8,-6.434687419567067,2,6.434687419567067,1,0,2,anti_homophones
13388,si3dA4,6,-5.399288007717519,2,5.399288007717519,1,0,7,anti_homophones
13389,an4fan2,7,-6.599933753782883,2,6.599933753782883,1,0,2,anti_homophones
13390,fang4fE4,8,-5.850622497451266,2,5.850622497451266,1,0,3,anti_homophones
13391,fa1li5,6,-5.552400593082534,2,5.552400593082534,1,0,2,anti_homophones
13392,bE1shI3,7,-6.061288695390805,2,6.061288695390805,1,0,1,anti_homophones
13393,gen1zhan3man3,13,-9.985770879615837,3,9.985770879615837,1,0,0,anti_homophones
13394,tO4pu4,6,-5.37014040933833,2,5.37014040933833,1,0,0,anti_homophones
13395,fu2sO3,6,-5.216309962756525,2,5.216309962756525,1,2,7,anti_homophones
13396,si4yV2,6,-5.699615633162522,2,5.699615633162522,1,1,5,anti_homophones
13397,wE3pA2dong4,11,-9.292820333873257,3,9.292820333873257,1,0,0,anti_homophones
13398,lK2tang3bA3,11,-10.376505230813526,3,10.376505230813526,1,0,0,anti_homophones
13399,zhi1la1,7,-6.347694726177355,2,6.347694726177355,1,0,1,anti_homophones
13400,ke3yong4,8,-5.588591417136163,2,5.588591417136163,1,0,2,anti_homophones
13401,fu2yi2xing2,11,-8.168603751648117,3,8.168603751648117,1,0,0,anti_homophones
13402,an1xM4hong4po1,14,-12.93097281055941,4,12.93097281055941,1,0,0,anti_homophones
13403,dLn4jK3,7,-6.02969409971351,2,6.02969409971351,1,0,0,anti_homophones
13404,nLn2chUng3mLn4ding4,19,-13.30743225728764,4,13.30743225728764,1,0,0,anti_homophones
13405,bQ1chang2mLn2,13,-9.523910229922633,3,9.523910229922633,1,0,0,anti_homophones
13406,rV2de2,6,-6.422577997782641,2,6.422577997782641,1,0,2,anti_homophones
13407,fE4dQ4chu2tu3,13,-11.456242459865242,4,11.456242459865242,1,0,0,anti_homophones
13408,hU4jUn4,7,-5.841565598805621,2,5.841565598805621,1,0,2,anti_homophones
13409,dQ1gUn4,7,-6.859498668159418,2,6.859498668159418,1,0,0,anti_homophones
13410,lK2yV1yang3,11,-9.113471699846198,3,9.113471699846198,1,0,0,anti_homophones
13411,bQ3xLn3,7,-5.485162433956424,2,5.485162433956424,1,0,5,anti_homophones
13412,yang2ru4,8,-6.414070528676991,2,6.414070528676991,1,0,2,anti_homophones
13413,qM3ban1da2,10,-10.440257676324737,3,10.440257676324737,1,0,0,anti_homophones
13414,gong1A2,7,-6.0885724491899245,2,6.0885724491899245,1,0,0,anti_homophones
13415,dang4ran2,9,-6.539858437809792,2,6.539858437809792,1,0,1,anti_homophones
13416,ru4qi4,6,-5.373535676928466,2,5.373535676928466,1,0,7,anti_homophones
13417,xW3ma3,6,-5.854338202908657,2,5.854338202908657,1,0,1,anti_homophones
13418,chan4bing2jin1,14,-9.15023923949991,3,9.15023923949991,1,0,0,anti_homophones
13419,ying3yi4,8,-5.933987547832843,2,5.933987547832843,1,0,2,anti_homophones
13420,yan3fan4,8,-5.983285177902641,2,5.983285177902641,1,0,2,anti_homophones
13421,er4hQ2,6,-6.245340785440197,2,6.245340785440197,1,0,1,anti_homophones
13422,si3mQ4bE4,9,-9.377916583508597,3,9.377916583508597,1,0,0,anti_homophones
13423,lK2pi2,6,-6.186247602858028,2,6.186247602858028,1,0,2,anti_homophones
13424,hO3tI3,6,-5.244939960092553,2,5.244939960092553,1,0,2,anti_homophones
13425,chUn2ru3shV4pin3,16,-12.715262366809807,4,12.715262366809807,1,0,0,anti_homophones
13426,sheng2beng3chu4,15,-11.341421615782469,3,11.341421615782469,1,0,0,anti_homophones
13427,ji4shi4deng1zhQ2,16,-12.393666800901306,4,12.393666800901306,1,0,0,anti_homophones
13428,zhe3hV4,7,-5.782264314076561,2,5.782264314076561,1,0,2,anti_homophones
13429,yi1ya1tLn2bing1,15,-13.211719575161336,4,13.211719575161336,1,0,0,anti_homophones
13430,dW4zO4ming2,11,-9.235383141874886,3,9.235383141874886,1,0,0,anti_homophones
13431,xu1chi4,7,-6.9310253839528855,2,6.9310253839528855,1,0,3,anti_homophones
13432,xin4shi2,8,-5.657554602852199,2,5.657554602852199,1,0,4,anti_homophones
13433,zhi1zheng4,10,-5.865098735623057,2,5.865098735623057,1,0,0,anti_homophones
13434,sha1tan4gO4shi4,15,-11.078902869702008,4,11.078902869702008,1,0,0,anti_homophones
13435,shang4fang4,11,-6.342782694729521,2,6.342782694729521,1,0,2,anti_homophones
13436,pu1kA1ji2,9,-8.334987783802154,3,8.334987783802154,1,0,0,anti_homophones
13437,jLn3hO4,7,-6.1061835436751215,2,6.1061835436751215,1,0,3,anti_homophones
13438,da3zhA2,7,-6.50237284884883,2,6.50237284884883,1,0,1,anti_homophones
13439,hI4qi4,6,-5.578674251853577,2,5.578674251853577,1,0,5,anti_homophones
13440,wu2chang4qi3,12,-8.774937800931683,3,8.774937800931683,1,0,0,anti_homophones
13441,xL4ban3,7,-5.074099916660456,2,5.074099916660456,1,0,3,anti_homophones
13442,nLn2chUn2,9,-6.39567133185809,2,6.39567133185809,1,0,1,anti_homophones
13443,jC2sheng1qu3,12,-8.46825629546247,3,8.46825629546247,1,0,0,anti_homophones
13444,cI4lLn2,7,-6.778933074466579,2,6.778933074466579,1,0,0,anti_homophones
13445,xin4rong2,9,-6.792888052130671,2,6.792888052130671,1,0,0,anti_homophones
13446,A4gO2fu4gong2,13,-11.132324908307018,4,11.132324908307018,1,0,0,anti_homophones
13447,bA3fa3,6,-5.239218919596641,2,5.239218919596641,1,1,7,anti_homophones
13448,zhi2si1ce4,10,-9.615446060251301,3,9.615446060251301,1,0,0,anti_homophones
13449,jW1gV3,6,-5.9334837648358105,2,5.9334837648358105,1,0,1,anti_homophones
13450,fang1ju4sheng1,14,-9.007259168329984,3,9.007259168329984,1,0,0,anti_homophones
13451,yin1ji1,7,-5.086720466953644,2,5.086720466953644,1,1,8,anti_homophones
13452,tu1xW4,6,-6.182291622037565,2,6.182291622037565,1,0,5,anti_homophones
13453,ge4jing2fE4kP4,14,-12.361435540890186,4,12.361435540890186,1,0,0,anti_homophones
13454,bo2jLn1,7,-6.738832659733024,2,6.738832659733024,1,0,1,anti_homophones
13455,chu3pW4,7,-6.227457339195744,2,6.227457339195744,1,0,0,anti_homophones
13456,zQ4xing2jLn4zV4,15,-12.422971420672042,4,12.422971420672042,1,0,0,anti_homophones
13457,tM1xLn4,7,-5.772259453162048,2,5.772259453162048,1,0,6,anti_homophones
13458,gQ1dLn4lLn3xing3,16,-11.838124200712137,4,11.838124200712137,1,0,0,anti_homophones
13459,e4ye3,5,-6.115431257426812,2,6.115431257426812,1,0,2,anti_homophones
13460,dLn3hQ4gu3,10,-9.448252360010056,3,9.448252360010056,1,0,0,anti_homophones
13461,gA3zhu3,7,-5.98013453459455,2,5.98013453459455,1,1,2,anti_homophones
13462,hang4xing2dLn4,14,-8.931011351551863,3,8.931011351551863,1,0,0,anti_homophones
13463,cA2hA4,6,-6.477151145072027,2,6.477151145072027,1,0,2,anti_homophones
13464,zQ3da4,6,-6.6347029710086876,2,6.6347029710086876,1,0,1,anti_homophones
13465,qi3bW3,6,-5.918905141996138,2,5.918905141996138,1,0,4,anti_homophones
13466,bQ4li4,6,-4.783488603341306,2,4.783488603341306,1,1,11,anti_homophones
13467,laen2zhang4,11,-10.869708366906101,3,10.869708366906101,1,0,0,anti_homophones
13468,qu3bW3mW2he2,12,-11.277469989535359,4,11.277469989535359,1,0,0,anti_homophones
13469,hO3hu4ji1shu1,13,-10.958625767596695,4,10.958625767596695,1,0,0,anti_homophones
13470,sheng1ren2zhi1,14,-7.8029372959885475,3,7.8029372959885475,1,0,0,anti_homophones
13471,shi2qi4,7,-4.92225048804665,2,4.92225048804665,1,1,10,anti_homophones
13472,shen1qLn3,9,-6.336599189925501,2,6.336599189925501,1,0,1,anti_homophones
13473,xW3chu4,7,-5.570936633028167,2,5.570936633028167,1,0,2,anti_homophones
13474,bin1kU3,7,-7.256414872293802,2,7.256414872293802,1,0,0,anti_homophones
13475,dLn4cang4,9,-6.6159109822833235,2,6.6159109822833235,1,0,1,anti_homophones
13476,dW4zhi2yQ4fen1,14,-12.697043181646858,4,12.697043181646858,1,0,0,anti_homophones
13477,sha1hUn4,8,-6.130092652067066,2,6.130092652067066,1,0,1,anti_homophones
13478,lQ2dong2zhQ2,12,-9.839892914766878,3,9.839892914766878,1,0,0,anti_homophones
13479,zheng4ban1tan2,14,-9.857916791782031,3,9.857916791782031,1,0,0,anti_homophones
13480,yV4ru4hQ1,9,-11.514628252708093,3,11.514628252708093,1,0,0,anti_homophones
13481,lQ3li3xin4,10,-8.205423254681158,3,8.205423254681158,1,0,0,anti_homophones
13482,wan2hQ4,7,-6.40608368194875,2,6.40608368194875,1,0,2,anti_homophones
13483,wu2qi4shi2,10,-7.471028119266229,3,7.471028119266229,1,0,0,anti_homophones
13484,xL4shen1su1dLn4,15,-11.800990080365107,4,11.800990080365107,1,0,0,anti_homophones
13485,she2hUng1gong1,14,-9.808744384975654,3,9.808744384975654,1,0,0,anti_homophones
13486,lM4chen1shI3jM4,15,-11.90392634650755,4,11.90392634650755,1,0,0,anti_homophones
13487,nang1shan2,10,-8.290024554574961,2,8.290024554574961,1,0,0,anti_homophones
13488,zhO1jC2bu4xin4,14,-11.071426552321958,4,11.071426552321958,1,0,0,anti_homophones
13489,yi1zO4yUn2,10,-7.588236897431206,3,7.588236897431206,1,0,0,anti_homophones
13490,yan1cun2,8,-6.796083958658635,2,6.796083958658635,1,0,0,anti_homophones
13491,fu4yi4xC2,9,-7.255400566159762,3,7.255400566159762,1,0,0,anti_homophones
13492,sheng1shang3,12,-6.0521126769967255,2,6.0521126769967255,1,0,2,anti_homophones
13493,yang3A4,7,-6.6034648414688055,2,6.6034648414688055,1,0,0,anti_homophones
13494,shI3dO4,7,-7.783075017301278,2,7.783075017301278,1,0,4,anti_homophones
13495,jL1hU1jM4,9,-8.395918995881619,3,8.395918995881619,1,0,0,anti_homophones
13496,xC4yV3dUn3,10,-9.0289685300033,3,9.0289685300033,1,0,0,anti_homophones
13497,cQ3ba5,6,-6.186143940059378,2,6.186143940059378,1,0,1,anti_homophones
13498,dO1ban4jun1,11,-8.48181564540814,3,8.48181564540814,1,0,0,anti_homophones
13499,xM3zeng2da2,11,-11.315312152610167,3,11.315312152610167,1,0,0,anti_homophones
13500,jing2de5,8,-5.650051145484729,2,5.650051145484729,1,0,2,anti_homophones
13501,gu3ji1,6,-5.19622855901794,2,5.19622855901794,1,0,8,anti_homophones
13502,bA2xing2ren4ding4,17,-11.725233150011682,4,11.725233150011682,1,0,0,anti_homophones
13503,A2xin1,6,-6.0894142289867235,2,6.0894142289867235,1,0,0,anti_homophones
13504,chUng3can2tu2,13,-10.191996470120777,3,10.191996470120777,1,0,0,anti_homophones
13505,si1zhong3mu4,12,-9.645823256821027,3,9.645823256821027,1,0,0,anti_homophones
13506,shi1ming1,9,-6.145390227090807,2,6.145390227090807,1,0,1,anti_homophones
13507,ci2li5hO1,9,-9.826091787236564,3,9.826091787236564,1,0,0,anti_homophones
13508,dong3wE2ji4,11,-9.169931704366364,3,9.169931704366364,1,0,0,anti_homophones
13509,ge2shu4pi3,10,-10.482724050341865,3,10.482724050341865,1,0,0,anti_homophones
13510,yQ2bA5,6,-6.72416889189834,2,6.72416889189834,1,0,1,anti_homophones
13511,hQ3zhong1qK4,12,-11.468141346678651,3,11.468141346678651,1,0,0,anti_homophones
13512,zA1dQ4,6,-5.588285840338095,2,5.588285840338095,1,0,1,anti_homophones
13513,sheng2ti3zO4ya2,15,-12.25392303620442,4,12.25392303620442,1,0,0,anti_homophones
13514,chang2zhe3,10,-5.927248735929665,2,5.927248735929665,1,0,1,anti_homophones
13515,dLn3de5jL4mu4,13,-11.044867362390717,4,11.044867362390717,1,0,0,anti_homophones
13516,fang1shi4bang4,14,-9.389680793082524,3,9.389680793082524,1,0,0,anti_homophones
13517,jM1gu3zhi1,10,-7.998358694366148,3,7.998358694366148,1,0,0,anti_homophones
13518,pin3pLn1fen1ren2,16,-11.371322927941833,4,11.371322927941833,1,0,0,anti_homophones
13519,tI1deng3xLn3,12,-10.184276594457701,3,10.184276594457701,1,0,0,anti_homophones
13520,mLn4zhu3,8,-6.025149427456337,2,6.025149427456337,1,0,2,anti_homophones
13521,shang4fu4,9,-6.059283463962209,2,6.059283463962209,1,0,2,anti_homophones
13522,di4tong2,8,-6.142090869137258,2,6.142090869137258,1,0,2,anti_homophones
13523,yUn4ye4,7,-5.841285346347136,2,5.841285346347136,1,0,2,anti_homophones
13524,shan4tI4,8,-6.795931065836308,2,6.795931065836308,1,0,1,anti_homophones
13525,wu3dLn4shi2,11,-7.9182429316637615,3,7.9182429316637615,1,0,0,anti_homophones
13526,dan1yV2,7,-6.076951228242146,2,6.076951228242146,1,0,0,anti_homophones
13527,ju3yi3gang3,11,-9.817189960213643,3,9.817189960213643,1,0,0,anti_homophones
13528,dong1lan2yUn2,13,-8.878329474081562,3,8.878329474081562,1,0,0,anti_homophones
13529,zheng1li3hU4,12,-7.9331338049931155,3,7.9331338049931155,1,0,0,anti_homophones
13530,gu3nv3,6,-5.81914319240412,2,5.81914319240412,1,0,4,anti_homophones
13531,da4yV3,6,-4.8423703698874485,2,4.8423703698874485,1,1,4,anti_homophones
13532,shi3xW4,7,-6.084549397763474,2,6.084549397763474,1,0,3,anti_homophones
13533,hUn2di3,7,-6.560401041859059,2,6.560401041859059,1,0,1,anti_homophones
13534,xW3shen1mV2,11,-8.265618685655324,3,8.265618685655324,1,0,0,anti_homophones
13535,kP4wE1lA4,9,-9.99460923096404,3,9.99460923096404,1,0,0,anti_homophones
13536,yi1sheng1hong4,14,-8.003201962373883,3,8.003201962373883,1,0,0,anti_homophones
13537,zhong1xun4chen4,15,-9.684053299216217,3,9.684053299216217,1,0,0,anti_homophones
13538,bing1mo2,8,-6.893680270608837,2,6.893680270608837,1,0,0,anti_homophones
13539,feng2zu2zhUn4,13,-9.573989106873315,3,9.573989106873315,1,0,0,anti_homophones
13540,kUng1shu1,9,-6.438561002315472,2,6.438561002315472,1,0,0,anti_homophones
13541,shu3xLn1ling1,13,-9.894180592813044,3,9.894180592813044,1,0,0,anti_homophones
13542,hE1hUn3,7,-6.263456987335585,2,6.263456987335585,1,0,2,anti_homophones
13543,di4he2,6,-5.96746184607292,2,5.96746184607292,1,0,7,anti_homophones
13544,shI4shI4e2,10,-9.653254921259492,3,9.653254921259492,1,0,0,anti_homophones
13545,chun2feng1,10,-6.855897731600292,2,6.855897731600292,1,0,0,anti_homophones
13546,xLng2xing2,10,-5.8497244147403,2,5.8497244147403,1,0,2,anti_homophones
13547,cheng1hO4yi2zi5,15,-10.666612537331652,4,10.666612537331652,1,0,0,anti_homophones
13548,meng1jLng3,10,-7.276446621540138,2,7.276446621540138,1,0,0,anti_homophones
13549,zhUng4zhQ1,10,-7.505328665039062,2,7.505328665039062,1,0,0,anti_homophones
13550,yun4ji4,7,-5.578266702550441,2,5.578266702550441,1,0,4,anti_homophones
13551,mu4tV5,6,-5.907128077150541,2,5.907128077150541,1,0,0,anti_homophones
13552,an1shu4bi3,10,-9.606744964675205,3,9.606744964675205,1,0,0,anti_homophones
13553,wo1jW1,6,-7.276142165753813,2,7.276142165753813,1,0,0,anti_homophones
13554,zan4xC4,7,-7.44780324482652,2,7.44780324482652,1,0,0,anti_homophones
13555,dLn4chun1ji4ci4,15,-12.113184708444377,4,12.113184708444377,1,0,0,anti_homophones
13556,gUn1tW2,7,-6.074737231406967,2,6.074737231406967,1,0,2,anti_homophones
13557,ku1lUn4,7,-6.149052770844822,2,6.149052770844822,1,0,1,anti_homophones
13558,bi4mM4,6,-5.7937162936577264,2,5.7937162936577264,1,0,2,anti_homophones
13559,e2tu5,5,-7.203180841003383,2,7.203180841003383,1,0,0,anti_homophones
13560,yQ1meng1bQ4zheng4,17,-12.646179896397868,4,12.646179896397868,1,0,0,anti_homophones
13561,ting4wu2bW3,11,-9.105083959223455,3,9.105083959223455,1,0,0,anti_homophones
13562,tV2xing2,8,-5.825020417712755,2,5.825020417712755,1,0,3,anti_homophones
13563,sheng1feng4,11,-5.9510867609087015,2,5.9510867609087015,1,0,0,anti_homophones
13564,pu1meng4,8,-6.877495229980525,2,6.877495229980525,1,0,1,anti_homophones
13565,mQ4xLng1jLn4,12,-8.944389115422613,3,8.944389115422613,1,0,0,anti_homophones
13566,tI1cun1pin3,11,-9.677377345677517,3,9.677377345677517,1,0,0,anti_homophones
13567,yUn2shU1ji1,11,-9.024461013841275,3,9.024461013841275,1,0,0,anti_homophones
13568,fan4dan1di3,11,-9.214862323941938,3,9.214862323941938,1,0,0,anti_homophones
13569,xing2xW1yin1,12,-8.74147533029955,3,8.74147533029955,1,0,0,anti_homophones
13570,hUng2sun1,9,-7.385753296482252,2,7.385753296482252,1,0,1,anti_homophones
13571,an4nan2er2gV4,13,-12.358435759570586,4,12.358435759570586,1,0,0,anti_homophones
13572,nen4su2,7,-8.087107529840146,2,8.087107529840146,1,0,0,anti_homophones
13573,dLn4dLn3xi1da4,14,-12.113801875796748,4,12.113801875796748,1,0,0,anti_homophones
13574,pE1tA1,6,-5.962027065774242,2,5.962027065774242,1,0,1,anti_homophones
13575,gen2bu4rQ3,10,-10.61920828827438,3,10.61920828827438,1,0,0,anti_homophones
13576,heng2min2ya3,12,-11.151712136702182,3,11.151712136702182,1,0,0,anti_homophones
13577,dang2zhi2,9,-6.250039934509864,2,6.250039934509864,1,0,2,anti_homophones
13578,shu1xW4fan4yi4,14,-11.235825216983928,4,11.235825216983928,1,0,0,anti_homophones
13579,zO4zhe1,7,-6.401695364869133,2,6.401695364869133,1,0,2,anti_homophones
13580,da1da3,6,-6.497606452490213,2,6.497606452490213,1,0,1,anti_homophones
13581,bu3sang2jin4,12,-10.3789824933203,3,10.3789824933203,1,0,0,anti_homophones
13582,qC4lA2,6,-5.948275575654873,2,5.948275575654873,1,0,4,anti_homophones
13583,ri4lLn4,7,-6.407790706788563,2,6.407790706788563,1,0,1,anti_homophones
13584,da4kA1chUn4,11,-8.180371991231437,3,8.180371991231437,1,0,0,anti_homophones
13585,jLng3dA4,8,-6.2168267581975964,2,6.2168267581975964,1,1,4,anti_homophones
13586,yUn2xu4,7,-5.7217363334949765,2,5.7217363334949765,1,0,2,anti_homophones
13587,ji4chan4shu3,12,-9.073578031105892,3,9.073578031105892,1,0,0,anti_homophones
13588,jin4ji1,7,-5.176050501535783,2,5.176050501535783,1,0,6,anti_homophones
13589,ran2mLn4jL4zhan1,16,-12.600961087843531,4,12.600961087843531,1,0,0,anti_homophones
13590,e4gUn1na4e2,11,-10.436945167092611,4,10.436945167092611,1,0,0,anti_homophones
13591,chUng1chang2chu3yang3,21,-12.538224668592942,4,12.538224668592942,1,0,0,anti_homophones
13592,gV3gong4,8,-6.323937049690969,2,6.323937049690969,1,0,0,anti_homophones
13593,fu4sO3,6,-5.462283311080249,2,5.462283311080249,1,0,5,anti_homophones
13594,si1an4,6,-5.535925239249146,2,5.535925239249146,1,0,4,anti_homophones
13595,ma5lM1zi5,9,-7.986132986765996,3,7.986132986765996,1,0,0,anti_homophones
13596,pE4yang3,8,-6.519026460759476,2,6.519026460759476,1,0,1,anti_homophones
13597,de2shang3tLn1,13,-9.322528858122315,3,9.322528858122315,1,0,0,anti_homophones
13598,xUn3gong1,9,-6.473727155043613,2,6.473727155043613,1,0,0,anti_homophones
13599,shang1ji1dW4du4,15,-10.688142203378131,4,10.688142203378131,1,0,0,anti_homophones
13600,na4can1,7,-6.65576892981671,2,6.65576892981671,1,0,0,anti_homophones
13601,yin2shi4,8,-5.518336319820552,2,5.518336319820552,1,0,9,anti_homophones
13602,hang4ma2mW4,11,-11.371997461718056,3,11.371997461718056,1,0,0,anti_homophones
13603,dang1mE3chun4xLn3,17,-14.393126594409978,4,14.393126594409978,1,0,0,anti_homophones
13604,lO4shI3,7,-6.060067756565651,2,6.060067756565651,1,0,2,anti_homophones
13605,sI2ban1di1pang4,15,-13.881472166096897,4,13.881472166096897,1,0,0,anti_homophones
13606,shen1xLn3,9,-6.070417643442593,2,6.070417643442593,1,0,3,anti_homophones
13607,shi2qi2xin1,11,-7.552059298728183,3,7.552059298728183,1,0,0,anti_homophones
13608,sO1ju4,6,-6.491979208408056,2,6.491979208408056,1,0,0,anti_homophones
13609,mQ2pen2gong1,12,-9.282243215929112,3,9.282243215929112,1,0,0,anti_homophones
13610,ren2mE2,7,-5.822937445499726,2,5.822937445499726,1,0,0,anti_homophones
13611,gV3yan3hong1qLn2,16,-12.245511537073952,4,12.245511537073952,1,0,0,anti_homophones
13612,jK4ci2man3,10,-9.02381769055186,3,9.02381769055186,1,0,0,anti_homophones
13613,xi1jLn1fE2,10,-9.616167919449495,3,9.616167919449495,1,0,0,anti_homophones
13614,ze2shI3xin1,11,-8.835723239895572,3,8.835723239895572,1,0,0,anti_homophones
13615,jK3qLng1,8,-6.202900121339463,2,6.202900121339463,1,0,1,anti_homophones
13616,wE1xLn2,7,-5.687841171464586,2,5.687841171464586,1,0,1,anti_homophones
13617,hV4dA4jLng2gan4,15,-12.842984489002383,4,12.842984489002383,1,0,0,anti_homophones
13618,shi4teng1,9,-6.312366980228596,2,6.312366980228596,1,0,1,anti_homophones
13619,nE4zhong4bu4an1,15,-11.122055872615713,4,11.122055872615713,1,0,0,anti_homophones
13620,kA1feng1dLn3,12,-8.35436621083688,3,8.35436621083688,1,0,0,anti_homophones
13621,xL4gV4zi5,9,-7.766710974395079,3,7.766710974395079,1,0,0,anti_homophones
13622,wu1gV3,6,-6.711831969303111,2,6.711831969303111,1,0,0,anti_homophones
13623,cA2shi1ri4,10,-8.486202042146381,3,8.486202042146381,1,0,0,anti_homophones
13624,xing4chu1nLn2,13,-8.888729065929606,3,8.888729065929606,1,0,0,anti_homophones
13625,er4chun1,8,-6.56740872961722,2,6.56740872961722,1,0,0,anti_homophones
13626,shI3chong2,10,-6.437474861398952,2,6.437474861398952,1,0,2,anti_homophones
13627,yin4jW1jLng4,12,-9.342377823939994,3,9.342377823939994,1,0,0,anti_homophones
13628,mo4jM3,6,-5.990389811684007,2,5.990389811684007,1,0,0,anti_homophones
13629,lLn4lu2,7,-7.179120299924609,2,7.179120299924609,1,0,1,anti_homophones
13630,pi2feng2ye4zI4,14,-12.855774789789752,4,12.855774789789752,1,0,0,anti_homophones
13631,ji3ju4sheng1,12,-8.734798024912964,3,8.734798024912964,1,0,0,anti_homophones
13632,yV3shu1hu1,10,-7.414803281136264,3,7.414803281136264,1,0,0,anti_homophones
13633,jL3sUn4,7,-5.239068633658775,2,5.239068633658775,1,1,1,anti_homophones
13634,xL4jing1shi4,12,-8.124810306149687,3,8.124810306149687,1,0,0,anti_homophones
13635,zhan3jin1ren2,13,-8.47448284797885,3,8.47448284797885,1,0,0,anti_homophones
13636,la4jM4,6,-5.808144608117268,2,5.808144608117268,1,0,2,anti_homophones
13637,chI2zhu4,8,-6.3364690817325995,2,6.3364690817325995,1,0,3,anti_homophones
13638,dUn4dan1mu4,11,-9.272824515550015,3,9.272824515550015,1,0,0,anti_homophones
13639,hO4xi1hu4,9,-9.390711627984718,3,9.390711627984718,1,0,0,anti_homophones
13640,hQ4si1chen1shi4,15,-11.93220143596717,4,11.93220143596717,1,0,0,anti_homophones
13641,hUn4jLng2fa3,12,-9.774775236903972,3,9.774775236903972,1,0,0,anti_homophones
13642,xin1xin1,8,-5.040990691589539,2,5.040990691589539,1,0,2,anti_homophones
13643,jW4fen4dQ4,10,-8.588428032351706,3,8.588428032351706,1,0,0,anti_homophones
13644,cheng4shQ3chan3,15,-10.9026350661717,3,10.9026350661717,1,0,0,anti_homophones
13645,lLng4xin1,9,-5.742186310710368,2,5.742186310710368,1,0,3,anti_homophones
13646,su4mLn4hI4,10,-8.619922344617212,3,8.619922344617212,1,0,0,anti_homophones
13647,xL1nLn4,7,-6.2672754451033565,2,6.2672754451033565,1,0,2,anti_homophones
13648,jW4su4,6,-5.406992424378792,2,5.406992424378792,1,0,5,anti_homophones
13649,hong1hong3,10,-6.938234606437793,2,6.938234606437793,1,0,1,anti_homophones
13650,mo2ge4,6,-6.7711923488747034,2,6.7711923488747034,1,0,2,anti_homophones
13651,lLng1ping4zhUn1,15,-10.420657262387312,3,10.420657262387312,1,0,0,anti_homophones
13652,shang3mQ4qi4,12,-8.91338355489399,3,8.91338355489399,1,0,0,anti_homophones
13653,zhan4yV2,8,-6.172648786705228,2,6.172648786705228,1,0,1,anti_homophones
13654,chong3lE4,9,-7.132465027753427,2,7.132465027753427,1,0,0,anti_homophones
13655,xUn1chUng1qi1,13,-9.209259478618318,3,9.209259478618318,1,0,0,anti_homophones
13656,zheng1ye4,9,-5.3712801382403725,2,5.3712801382403725,1,0,5,anti_homophones
13657,chO1ji2,7,-7.036594170705044,2,7.036594170705044,1,0,1,anti_homophones
13658,fa1han4jM2,10,-8.488337564261089,3,8.488337564261089,1,0,0,anti_homophones
13659,wen2zi5,7,-5.15530068547991,2,5.15530068547991,1,0,5,anti_homophones
13660,ge4xW4,6,-5.601805214920756,2,5.601805214920756,1,1,3,anti_homophones
13661,gan1qu3,7,-6.135665347246276,2,6.135665347246276,1,0,3,anti_homophones
13662,tLn1ling4,9,-5.927616148024826,2,5.927616148024826,1,0,2,anti_homophones
13663,men2men5,8,-6.743883028339345,2,6.743883028339345,1,0,0,anti_homophones
13664,lLn2rO4zi5,10,-8.60385692131323,3,8.60385692131323,1,0,0,anti_homophones
13665,gQ1su4yu3,9,-8.049859344269914,3,8.049859344269914,1,0,1,anti_homophones
13666,meng4zi3,8,-6.829057974808291,2,6.829057974808291,1,0,1,anti_homophones
13667,fu4kang1chan4shi4,17,-11.620410580391775,4,11.620410580391775,1,0,0,anti_homophones
13668,bE1qUn2,7,-6.009958294511169,2,6.009958294511169,1,0,1,anti_homophones
13669,yV1hO3ren4,10,-8.226625350330101,3,8.226625350330101,1,0,0,anti_homophones
13670,yUn3zha2,8,-7.590400102347517,2,7.590400102347517,1,0,0,anti_homophones
13671,lO2yi4,6,-6.287242101091748,2,6.287242101091748,1,0,6,anti_homophones
13672,ju4ling4ye4shI4,15,-12.433936276494837,4,12.433936276494837,1,0,0,anti_homophones
13673,wang2xing3,10,-6.320335629071928,2,6.320335629071928,1,0,1,anti_homophones
13674,fE1dV1,6,-6.25585478287091,2,6.25585478287091,1,0,0,anti_homophones
13675,di4xC2shi1,10,-7.975762489028192,3,7.975762489028192,1,0,0,anti_homophones
13676,jK3lLng3,8,-6.447977643985196,2,6.447977643985196,1,0,0,anti_homophones
13677,bi4ran3mA4ren2,14,-11.110646770073647,4,11.110646770073647,1,0,0,anti_homophones
13678,chUng1jL1,9,-5.923939670324927,2,5.923939670324927,1,0,2,anti_homophones
13679,xLn4ren2,8,-5.085737888736216,2,5.085737888736216,1,0,4,anti_homophones
13680,mi1bLn4,7,-6.8016091068020925,2,6.8016091068020925,1,0,3,anti_homophones
13681,bin1qi1qin1,11,-9.419727236058677,3,9.419727236058677,1,0,0,anti_homophones
13682,tang1zi3dA4,11,-8.694356871841476,3,8.694356871841476,1,0,0,anti_homophones
13683,qi1wu1nLn2yV3,13,-11.352658501564486,4,11.352658501564486,1,0,0,anti_homophones
13684,shV4ren4nLn2jW4,15,-11.961195180578546,4,11.961195180578546,1,0,0,anti_homophones
13685,qLn1jM2shi2,11,-8.207470552735368,3,8.207470552735368,1,0,0,anti_homophones
13686,wen2wu3qi3dI4,13,-11.817259420101813,4,11.817259420101813,1,0,0,anti_homophones
13687,shI3hU4,7,-4.920219819439311,2,4.920219819439311,1,1,5,anti_homophones
13688,chUng2yi1jin4,13,-9.076953085880715,3,9.076953085880715,1,0,0,anti_homophones
13689,shen2tong4,10,-6.477029513418893,2,6.477029513418893,1,1,2,anti_homophones
13690,shen2fu2wE4,11,-8.200543078932016,3,8.200543078932016,1,0,0,anti_homophones
13691,sI4qLn3,7,-7.417254450232218,2,7.417254450232218,1,0,1,anti_homophones
13692,da4qu1cha2,10,-8.515671245978794,3,8.515671245978794,1,0,0,anti_homophones
13693,yong1yin3pLn4,13,-9.279860036086973,3,9.279860036086973,1,0,0,anti_homophones
13694,qing1qi4,8,-5.23085304475239,2,5.23085304475239,1,1,8,anti_homophones
13695,gong1lK2,8,-5.872790622670947,2,5.872790622670947,1,0,1,anti_homophones
13696,po2po1,6,-5.680355485885561,2,5.680355485885561,1,0,1,anti_homophones
13697,kang2ren4xing4,14,-9.33540581590882,3,9.33540581590882,1,0,0,anti_homophones
13698,ju1qLn2yUn3,11,-9.924274518612746,3,9.924274518612746,1,0,0,anti_homophones
13699,xW3lW4,6,-5.138265154315555,2,5.138265154315555,1,0,5,anti_homophones
13700,zeng1jM3,8,-6.845374075335528,2,6.845374075335528,1,0,1,anti_homophones
13701,dO3da4xW1,9,-9.04923559945347,3,9.04923559945347,1,0,0,anti_homophones
13702,mo1mE4,6,-5.9261175577940195,2,5.9261175577940195,1,0,1,anti_homophones
13703,jin4jun1,8,-5.67904266610382,2,5.67904266610382,1,0,2,anti_homophones
13704,ben3hO4ban1shI3,15,-11.893145981781384,4,11.893145981781384,1,0,0,anti_homophones
13705,bi4si4si3yan1,13,-12.305886465847601,4,12.305886465847601,1,0,0,anti_homophones
13706,lQ3zhi2shi2pu3,14,-10.877199253540255,4,10.877199253540255,1,0,0,anti_homophones
13707,jW1zhu3,7,-5.708930633295491,2,5.708930633295491,1,0,3,anti_homophones
13708,wang2zhun1yi1shu1,17,-12.315853844830183,4,12.315853844830183,1,0,0,anti_homophones
13709,leng1shang4,11,-6.549393207224197,2,6.549393207224197,1,0,0,anti_homophones
13710,gu3wen2bing1dQ4,15,-11.359004882502616,4,11.359004882502616,1,0,0,anti_homophones
13711,wu4ming1fa1,11,-9.43645267421734,3,9.43645267421734,1,0,0,anti_homophones
13712,jM2ji1ya3,9,-8.880858916738044,3,8.880858916738044,1,0,0,anti_homophones
13713,zhu4fu2,7,-5.694429340587332,2,5.694429340587332,1,0,3,anti_homophones
13714,sV1shan1jM2shi4,15,-11.430952185204774,4,11.430952185204774,1,0,0,anti_homophones
13715,da4hQ4,6,-4.819154443401372,2,4.819154443401372,1,0,9,anti_homophones
13716,er4zO4,6,-6.539090613220207,2,6.539090613220207,1,0,0,anti_homophones
13717,ren2mu4jK3qUn2,14,-10.224226321924355,4,10.224226321924355,1,0,0,anti_homophones
13718,wu3chUng2,9,-6.706390472763171,2,6.706390472763171,1,0,0,anti_homophones
13719,wu2shen1shu1yin4,16,-11.618603780456311,4,11.618603780456311,1,0,0,anti_homophones
13720,ran2qLn4,8,-7.44887686920408,2,7.44887686920408,1,0,2,anti_homophones
13721,zha1chen2zhi2,13,-9.824840715359318,3,9.824840715359318,1,0,0,anti_homophones
13722,an1she4,7,-6.129772612482524,2,6.129772612482524,1,0,2,anti_homophones
13723,shi1ming4wu4,12,-8.459482374991675,3,8.459482374991675,1,0,0,anti_homophones
13724,zhi2ke4kong2dang4,17,-12.284571557531583,4,12.284571557531583,1,0,0,anti_homophones
13725,bQ3xLn4,7,-4.855941912439286,2,4.855941912439286,1,1,11,anti_homophones
13726,chu1bQ1,7,-5.677080296406038,2,5.677080296406038,1,0,2,anti_homophones
13727,zi4zhi4,7,-4.821584565190543,2,4.821584565190543,1,0,12,anti_homophones
13728,tO4qM3,6,-6.931887657801506,2,6.931887657801506,1,0,0,anti_homophones
13729,zhong4xi1,9,-5.998637059725912,2,5.998637059725912,1,0,2,anti_homophones
13730,ping3fu3,8,-7.189654847129831,2,7.189654847129831,1,0,0,anti_homophones
13731,wang2bQ1mu4,11,-9.245661435420628,3,9.245661435420628,1,0,0,anti_homophones
13732,yang3ru3fen4zi3,15,-11.674825771668171,4,11.674825771668171,1,0,0,anti_homophones
13733,sQ3qK2shen4,11,-9.708701140779091,3,9.708701140779091,1,0,0,anti_homophones
13734,zha4yi4,7,-6.127509324892297,2,6.127509324892297,1,0,5,anti_homophones
13735,hA3pLn1,7,-7.507401853090344,2,7.507401853090344,1,0,0,anti_homophones
13736,jW1Q4,5,-5.118060843244387,2,5.118060843244387,1,0,2,anti_homophones
13737,lun4sheng1na2,13,-9.988846153079606,3,9.988846153079606,1,0,0,anti_homophones
13738,xun4shi2,8,-5.606417783188933,2,5.606417783188933,1,0,4,anti_homophones
13739,kA1gO4hQ2wu4,12,-10.861724659876305,4,10.861724659876305,1,0,0,anti_homophones
13740,yi1bin1,7,-5.858535930024413,2,5.858535930024413,1,0,4,anti_homophones
13741,shang1hU1,9,-6.15131637334854,2,6.15131637334854,1,0,3,anti_homophones
13742,zhi1li5,7,-5.642733139082933,2,5.642733139082933,1,0,3,anti_homophones
13743,lLng4lUn3ran3,13,-10.217898537216417,3,10.217898537216417,1,0,0,anti_homophones
13744,bE1wE3,6,-6.1502432900277855,2,6.1502432900277855,1,0,5,anti_homophones
13745,zhu1chu2chV2,12,-10.039387252461983,3,10.039387252461983,1,0,0,anti_homophones
13746,dV4mo2,6,-6.77851073751558,2,6.77851073751558,1,0,1,anti_homophones
13747,jK3zQ4long2,11,-9.864427302848616,3,9.864427302848616,1,0,0,anti_homophones
13748,dan4min2,8,-6.507765819573825,2,6.507765819573825,1,0,0,anti_homophones
13749,beng1pQ4,8,-7.150255435282628,2,7.150255435282628,1,0,0,anti_homophones
13750,feng4qUn2,9,-5.84821189376177,2,5.84821189376177,1,0,1,anti_homophones
13751,mV3ren2gV4,10,-9.665845757814212,3,9.665845757814212,1,0,0,anti_homophones
13752,ye1zheng4pQ4,12,-9.615646233221813,3,9.615646233221813,1,0,0,anti_homophones
13753,gang2se4,8,-5.750541925103368,2,5.750541925103368,1,0,6,anti_homophones
13754,tO2fan3,7,-6.47149345073696,2,6.47149345073696,1,0,0,anti_homophones
13755,yin3la4,7,-6.266175335844605,2,6.266175335844605,1,0,3,anti_homophones
13756,qing2gV4,8,-6.248053296174808,2,6.248053296174808,1,0,1,anti_homophones
13757,gu3shi1cheng4xLn2,17,-11.959931652815733,4,11.959931652815733,1,0,0,anti_homophones
13758,lA2ren2,7,-5.039040153072681,2,5.039040153072681,1,0,5,anti_homophones
13759,lv4qi2pLn4qW2,13,-13.539624618990258,4,13.539624618990258,1,0,0,anti_homophones
13760,chUng2jK1,9,-7.010646462857698,2,7.010646462857698,1,0,0,anti_homophones
13761,man3qun2,8,-6.4710961566149665,2,6.4710961566149665,1,0,1,anti_homophones
13762,xing2deng1,10,-6.114426837171022,2,6.114426837171022,1,0,2,anti_homophones
13763,xi4ke3ran2,10,-8.010730540375574,3,8.010730540375574,1,0,0,anti_homophones
13764,zhQ1de2hO4,10,-9.814884672906175,3,9.814884672906175,1,0,0,anti_homophones
13765,fang2pin3,9,-6.387565219326559,2,6.387565219326559,1,0,0,anti_homophones
13766,kV4zQ3jL3shi1,13,-13.457905533887963,4,13.457905533887963,1,0,0,anti_homophones
13767,yQ1dQ4wu4yV4,12,-12.262918490534828,4,12.262918490534828,1,0,0,anti_homophones
13768,wu3zhi4,7,-5.194359193315777,2,5.194359193315777,1,0,9,anti_homophones
13769,lang4ting2,10,-7.347965145766792,2,7.347965145766792,1,0,1,anti_homophones
13770,hU1xing2,8,-5.866698759007943,2,5.866698759007943,1,0,3,anti_homophones
13771,qing2jLn1e2ren2,15,-10.019641032318644,4,10.019641032318644,1,0,0,anti_homophones
13772,yi1tan1yV2,10,-8.514145401978583,3,8.514145401978583,1,0,0,anti_homophones
13773,lQ3yu3ru2chen2,14,-10.997090160689172,4,10.997090160689172,1,0,0,anti_homophones
13774,hun1qun2,8,-7.232413281814004,2,7.232413281814004,1,0,1,anti_homophones
13775,shi2gu3,7,-5.4132365341189566,2,5.4132365341189566,1,0,6,anti_homophones
13776,han4bo2,7,-6.6171652265429834,2,6.6171652265429834,1,0,1,anti_homophones
13777,chi2keng4fE4,12,-10.639006563119976,3,10.639006563119976,1,0,0,anti_homophones
13778,lQ3tV2ti3,9,-7.64318519090784,3,7.64318519090784,1,0,0,anti_homophones
13779,bLn1fang2qi4,12,-8.232133569924915,3,8.232133569924915,1,0,0,anti_homophones
13780,ming4jin4hV4lK2,15,-11.375822648475655,4,11.375822648475655,1,0,0,anti_homophones
13781,dong1dW4,8,-6.222679492826837,2,6.222679492826837,1,1,2,anti_homophones
13782,du2gan3chun1li4,15,-11.6226729670151,4,11.6226729670151,1,0,0,anti_homophones
13783,gI3mo4,6,-5.4493936499811895,2,5.4493936499811895,1,0,2,anti_homophones
13784,qing1xin1zQ4yan2,16,-11.789463471429444,4,11.789463471429444,1,0,0,anti_homophones
13785,mE3hU4,6,-5.475449441340164,2,5.475449441340164,1,0,2,anti_homophones
13786,xi1dQ4,6,-5.461769428233842,2,5.461769428233842,1,0,4,anti_homophones
13787,fo2xC2,6,-5.53647717401465,2,5.53647717401465,1,0,1,anti_homophones
13788,nQ3mW4qu4,9,-8.451455822160439,3,8.451455822160439,1,0,0,anti_homophones
13789,bi3di4zhe5,10,-9.135360981567471,3,9.135360981567471,1,0,0,anti_homophones
13790,cheng1wA4nLn4,13,-10.455289607804117,3,10.455289607804117,1,0,0,anti_homophones
13791,wu4qL3,6,-6.886202957608725,2,6.886202957608725,1,0,0,anti_homophones
13792,wu2kI4fu2men2,13,-11.018827707533156,4,11.018827707533156,1,0,0,anti_homophones
13793,yUn2qLn2she4fa3,15,-11.658869241798296,4,11.658869241798296,1,0,0,anti_homophones
13794,bLn4xLn4bA4,11,-9.151240310871607,3,9.151240310871607,1,0,0,anti_homophones
13795,dang4men2bing1feng4,19,-13.496891197048948,4,13.496891197048948,1,0,0,anti_homophones
13796,xC2tang2yong4,13,-10.171940631852202,3,10.171940631852202,1,0,0,anti_homophones
13797,tQ1gUng2,8,-7.27464439245467,2,7.27464439245467,1,0,0,anti_homophones
13798,tI4tan2,7,-6.015452581607188,2,6.015452581607188,1,0,1,anti_homophones
13799,shi2xin1ying4,13,-7.946746742620309,3,7.946746742620309,1,0,0,anti_homophones
13800,cang2bQ3,8,-7.142616789038701,2,7.142616789038701,1,0,0,anti_homophones
13801,yang2dLn3gI3,12,-9.742477526952909,3,9.742477526952909,1,0,0,anti_homophones
13802,fen1ce4,7,-5.819976738420246,2,5.819976738420246,1,0,4,anti_homophones
13803,wen2shu1,8,-6.0374308167070225,2,6.0374308167070225,1,0,1,anti_homophones
13804,yi3she4ji4yV2,13,-11.20450150040538,4,11.20450150040538,1,0,0,anti_homophones
13805,lun4du1jing1,12,-10.1556928017566,3,10.1556928017566,1,0,0,anti_homophones
13806,an4qu1,6,-5.961047603137517,2,5.961047603137517,1,0,1,anti_homophones
13807,tu3lLn3tV2,10,-9.42405898141198,3,9.42405898141198,1,0,0,anti_homophones
13808,pA2xUn1jL1,10,-9.775408887231405,3,9.775408887231405,1,0,0,anti_homophones
13809,ya3yi4,6,-5.699229815484684,2,5.699229815484684,1,0,5,anti_homophones
13810,shV4nan4,8,-6.4600112640719045,2,6.4600112640719045,1,0,0,anti_homophones
13811,tan2ling2mu4,12,-9.285583628227918,3,9.285583628227918,1,0,0,anti_homophones
13812,yu4cheng1er3gV1,15,-11.38743965996223,4,11.38743965996223,1,0,0,anti_homophones
13813,a1yin2,6,-6.681534346139187,2,6.681534346139187,1,0,1,anti_homophones
13814,kA1pLn4sheng1chang2,19,-11.10753646299027,4,11.10753646299027,1,0,0,anti_homophones
13815,da4qLn3yin3,11,-9.260178039830041,3,9.260178039830041,1,0,0,anti_homophones
13816,shu4shu4,8,-5.5146725804094405,2,5.5146725804094405,1,0,6,anti_homophones
13817,gan3qu1,7,-5.65004313251255,2,5.65004313251255,1,0,0,anti_homophones
13818,zhV1xLn4er5,11,-9.068914927648608,3,9.068914927648608,1,0,0,anti_homophones
13819,chu2lE2hO4ye3,13,-11.6423092546716,4,11.6423092546716,1,0,0,anti_homophones
13820,qu1yun4,7,-6.338759418164777,2,6.338759418164777,1,0,1,anti_homophones
13821,pin2cA4tQ4,10,-9.412302132478397,3,9.412302132478397,1,0,0,anti_homophones
13822,pE2xing2fan4yan2,16,-11.521269094376338,4,11.521269094376338,1,0,0,anti_homophones
13823,nong1hQ4yV4,11,-10.547168946431775,3,10.547168946431775,1,0,0,anti_homophones
13824,wang2cA4,8,-6.400869446804013,2,6.400869446804013,1,0,2,anti_homophones
13825,yi1zi1zhi4,10,-7.549926369764282,3,7.549926369764282,1,0,0,anti_homophones
13826,xM2qi4jM3,9,-9.05945986756512,3,9.05945986756512,1,0,0,anti_homophones
13827,lQ3zhUn3gan3mLn4,16,-12.107907926209762,4,12.107907926209762,1,0,0,anti_homophones
13828,tI1yUn2,7,-5.517700296398716,2,5.517700296398716,1,1,3,anti_homophones
13829,jL3chUn3,8,-6.875656698000114,2,6.875656698000114,1,0,0,anti_homophones
13830,hV4nv3,6,-5.924009151526629,2,5.924009151526629,1,0,2,anti_homophones
13831,wE2wong3zhi4,12,-9.745548701062841,3,9.745548701062841,1,0,0,anti_homophones
13832,ren2ti1,7,-6.238407283814533,2,6.238407283814533,1,0,3,anti_homophones
13833,fen1ti2,7,-6.3380329768718235,2,6.3380329768718235,1,0,1,anti_homophones
13834,xUn3ren2,8,-5.546047532016861,2,5.546047532016861,1,0,0,anti_homophones
13835,ren2bu4xC2,10,-7.3455353349194805,3,7.3455353349194805,1,0,0,anti_homophones
13836,nan2yu3,7,-5.983970535684332,2,5.983970535684332,1,0,3,anti_homophones
13837,cheng1qLn2,10,-6.087610277323515,2,6.087610277323515,1,0,0,anti_homophones
13838,bi2hV4pLn4,10,-8.494905823371584,3,8.494905823371584,1,0,0,anti_homophones
13839,jing2bu3,8,-6.524737755443978,2,6.524737755443978,1,0,2,anti_homophones
13840,jLn1ji1,7,-5.065903836247949,2,5.065903836247949,1,2,8,anti_homophones
13841,lQ3zhV4ti2,10,-9.864713364327534,3,9.864713364327534,1,0,0,anti_homophones
13842,qu1wE1,6,-6.92604131190407,2,6.92604131190407,1,0,0,anti_homophones
13843,zQ1zong1,8,-6.609838895307245,2,6.609838895307245,1,0,2,anti_homophones
13844,jL3mLn4,7,-5.343281829391297,2,5.343281829391297,1,1,3,anti_homophones
13845,shi4zhan1du2xu1,15,-11.97060429170389,4,11.97060429170389,1,0,0,anti_homophones
13846,A4gong3,7,-6.149028398398762,2,6.149028398398762,1,0,1,anti_homophones
13847,dI4bA3han4,10,-8.963715901389296,3,8.963715901389296,1,0,0,anti_homophones
13848,fu4ji4,6,-5.222058941738688,2,5.222058941738688,1,1,11,anti_homophones
13849,sheng1dong4,11,-5.792396547606376,2,5.792396547606376,1,0,2,anti_homophones
13850,zhu1re4du2,10,-9.528517375855058,3,9.528517375855058,1,0,0,anti_homophones
13851,xu1ya1,6,-6.304989163709322,2,6.304989163709322,1,0,3,anti_homophones
13852,can1yUn2dA4,11,-8.108429820322595,3,8.108429820322595,1,0,0,anti_homophones
13853,zhi4er3ti3,10,-8.023792299307924,3,8.023792299307924,1,0,0,anti_homophones
13854,tu3zhe3zi5,10,-9.049096971970053,3,9.049096971970053,1,0,0,anti_homophones
13855,chUng1dong1wen2,15,-9.082656253580824,3,9.082656253580824,1,0,0,anti_homophones
13856,pa2gO1,6,-6.846847799369589,2,6.846847799369589,1,0,1,anti_homophones
13857,zong2ding1,10,-7.098151032254261,2,7.098151032254261,1,0,0,anti_homophones
13858,V3ti2dLn4,9,-8.558130484110078,3,8.558130484110078,1,0,0,anti_homophones
13859,qi1pLn4,7,-6.1966954461461174,2,6.1966954461461174,1,0,1,anti_homophones
13860,gu1nM1zhong1fu1,15,-12.601144427902952,4,12.601144427902952,1,0,0,anti_homophones
13861,dA4se4,6,-5.991742532712116,2,5.991742532712116,1,0,3,anti_homophones
13862,chI2gI3shi4,11,-8.57335290785997,3,8.57335290785997,1,0,0,anti_homophones
13863,jing1bi3lW2,11,-9.421703954691836,3,9.421703954691836,1,0,0,anti_homophones
13864,shUng1lLn2zhu1,14,-9.931906544388118,3,9.931906544388118,1,0,0,anti_homophones
13865,da4wu2yi1ren3,13,-10.724298059416933,4,10.724298059416933,1,0,0,anti_homophones
13866,xM2gu3,6,-6.414613614824178,2,6.414613614824178,1,0,4,anti_homophones
13867,bo3zi1zhQ1,10,-10.35878007622296,3,10.35878007622296,1,0,0,anti_homophones
13868,wE4shi1zhQ4,11,-8.606091380249822,3,8.606091380249822,1,0,0,anti_homophones
13869,jC2shI3hu2tu2,13,-10.2507445235407,4,10.2507445235407,1,0,0,anti_homophones
13870,cha1gUn3,8,-6.489463160241694,2,6.489463160241694,1,0,3,anti_homophones
13871,shang4tan4,10,-6.496415782136945,2,6.496415782136945,1,0,0,anti_homophones
13872,xing4zhe3,9,-5.719567897542749,2,5.719567897542749,1,0,3,anti_homophones
13873,zhi4yin4,8,-6.49581650223721,2,6.49581650223721,1,0,2,anti_homophones
13874,dLng4jL4,8,-9.022414836036564,2,9.022414836036564,1,0,2,anti_homophones
13875,xi4zhe3qin1,11,-9.523104467186064,3,9.523104467186064,1,0,0,anti_homophones
13876,lQ3shi2,7,-5.035768657254834,2,5.035768657254834,1,0,8,anti_homophones
13877,qC1hang1,8,-6.521296782874128,2,6.521296782874128,1,0,0,anti_homophones
13878,jC2ce2,6,-7.102201444878647,2,7.102201444878647,1,0,2,anti_homophones
13879,cheng2yUn4,10,-6.27255518679641,2,6.27255518679641,1,1,1,anti_homophones
13880,lK2jW4,6,-6.11342291895503,2,6.11342291895503,1,0,3,anti_homophones
13881,ren4nv3hA4,10,-9.7243979451607,3,9.7243979451607,1,0,0,anti_homophones
13882,yu4lM4wE4,9,-8.523605847653783,3,8.523605847653783,1,0,0,anti_homophones
13883,man3ti2,7,-6.539191995786712,2,6.539191995786712,1,0,3,anti_homophones
13884,shi1dLn3rI4,11,-9.4269420215655,3,9.4269420215655,1,0,0,anti_homophones
13885,xi1wA4,6,-6.12079598581815,2,6.12079598581815,1,0,5,anti_homophones
13886,dan4kUn3yi4,11,-8.881938613894436,3,8.881938613894436,1,0,0,anti_homophones
13887,du2ji4,6,-5.1321879341286945,2,5.1321879341286945,1,0,6,anti_homophones
13888,er2gan3,7,-7.268289950843329,2,7.268289950843329,1,0,0,anti_homophones
13889,sheng1xing2xM3,14,-8.962968293616814,3,8.962968293616814,1,0,0,anti_homophones
13890,gu4shi2,7,-5.673241669647481,2,5.673241669647481,1,0,8,anti_homophones
13891,jLn4chQ2zhu2le4,15,-12.240990566672414,4,12.240990566672414,1,0,0,anti_homophones
13892,qLn2mW2hO3shQ2,14,-14.031963907898454,4,14.031963907898454,1,0,0,anti_homophones
13893,si1yun2,7,-6.417714115281461,2,6.417714115281461,1,0,3,anti_homophones
13894,ru2ji2jing1li3,14,-11.69169009319934,4,11.69169009319934,1,0,0,anti_homophones
13895,ci2pLn4pu4,10,-10.140945979252654,3,10.140945979252654,1,0,0,anti_homophones
13896,ge2hU1chang1ci2,15,-12.775726712899672,4,12.775726712899672,1,0,0,anti_homophones
13897,da3fa3,6,-5.107210602299183,2,5.107210602299183,1,0,3,anti_homophones
13898,V3shO1,6,-6.778726239502274,2,6.778726239502274,1,0,0,anti_homophones
13899,xLn2A1,6,-6.496494839081863,2,6.496494839081863,1,0,1,anti_homophones
13900,ye3lLn2,7,-5.563624259360137,2,5.563624259360137,1,0,2,anti_homophones
13901,gong2tang4,10,-6.593408166124804,2,6.593408166124804,1,0,0,anti_homophones
13902,fan4shi3ru4hU4,14,-11.104166229448436,4,11.104166229448436,1,0,0,anti_homophones
13903,ni2gong1du4,11,-8.669394876806903,3,8.669394876806903,1,0,0,anti_homophones
13904,yan4lu4,7,-5.925839784884343,2,5.925839784884343,1,0,2,anti_homophones
13905,wA4yan2jL4qi4,13,-10.101298170217133,4,10.101298170217133,1,0,0,anti_homophones
13906,qUn2ping4,9,-6.698477440843572,2,6.698477440843572,1,0,3,anti_homophones
13907,chang2bing2jL1jM3,17,-12.53532753871733,4,12.53532753871733,1,0,0,anti_homophones
13908,song4dLn4,9,-6.3354176082958,2,6.3354176082958,1,0,4,anti_homophones
13909,fen4bi4man3chu2,15,-12.459674125149716,4,12.459674125149716,1,0,0,anti_homophones
13910,zan4xLng1,9,-6.8364788105474865,2,6.8364788105474865,1,0,1,anti_homophones
13911,dQ3yan2hU4,10,-7.866265395775633,3,7.866265395775633,1,0,0,anti_homophones
13912,du2yi3neng3fu2,14,-11.843956377059815,4,11.843956377059815,1,0,0,anti_homophones
13913,bW1qW3,6,-5.93333051285559,2,5.93333051285559,1,0,2,anti_homophones
13914,jL1yV4fa3,9,-8.651227344211417,3,8.651227344211417,1,0,0,anti_homophones
13915,xW3xW4xu4shV3,13,-10.568345998354875,4,10.568345998354875,1,0,0,anti_homophones
13916,zhong4hUn2gong4,15,-9.691558151426806,3,9.691558151426806,1,0,0,anti_homophones
13917,men4xLn1yan1,12,-10.881611337355379,3,10.881611337355379,1,0,0,anti_homophones
13918,yV3jW1chA2deng1,15,-12.973595380385714,4,12.973595380385714,1,0,0,anti_homophones
13919,ming1nLn2,9,-6.395725046369437,2,6.395725046369437,1,0,3,anti_homophones
13920,po1la1lun2ji2,13,-11.97134753173498,4,11.97134753173498,1,0,0,anti_homophones
13921,gUn3hQ3zhong2bQ4,16,-12.340341509697772,4,12.340341509697772,1,0,0,anti_homophones
13922,nong1jL4,8,-6.064790235344992,2,6.064790235344992,1,0,2,anti_homophones
13923,zhUn4jing4sha4,14,-10.991616373705119,3,10.991616373705119,1,0,0,anti_homophones
13924,heng1yun4,9,-6.624215606396962,2,6.624215606396962,1,0,1,anti_homophones
13925,tan4zi5,7,-5.240361181909891,2,5.240361181909891,1,1,9,anti_homophones
13926,bQ4xi1,6,-5.840446021166798,2,5.840446021166798,1,0,5,anti_homophones
13927,shV1ji4,7,-5.631822799605736,2,5.631822799605736,1,1,7,anti_homophones
13928,ge2xLng3gQ3,11,-9.572672244155376,3,9.572672244155376,1,0,0,anti_homophones
13929,bo1fen1jW3,10,-8.51465440924216,3,8.51465440924216,1,0,0,anti_homophones
13930,di4di4,6,-5.491257574150515,2,5.491257574150515,1,0,3,anti_homophones
13931,si4shi4zu2,10,-7.955352229112562,3,7.955352229112562,1,0,0,anti_homophones
13932,qC2zhi3wE3ba5,13,-12.685500926964316,4,12.685500926964316,1,0,0,anti_homophones
13933,bQ1zhi1zhi4,11,-7.9512093894908,3,7.9512093894908,1,0,0,anti_homophones
13934,he2xin1,7,-5.031171037867168,2,5.031171037867168,1,0,3,anti_homophones
13935,lV4qi3yV3yi4,12,-10.427158198896965,4,10.427158198896965,1,0,0,anti_homophones
13936,yC4dI4gUn1,10,-7.9911268878401165,3,7.9911268878401165,1,0,0,anti_homophones
13937,kQ4zhang4shi4,13,-9.221015877319962,3,9.221015877319962,1,0,0,anti_homophones
13938,zhUn3li4pi2,11,-9.099963176024872,3,9.099963176024872,1,0,0,anti_homophones
13939,tV4jin1shan1she2,16,-13.312222186833061,4,13.312222186833061,1,0,0,anti_homophones
13940,an3hU1jin1sheng1,16,-12.906097291133596,4,12.906097291133596,1,0,0,anti_homophones
13941,yong4ti3yV2ji2,14,-11.318280369479503,4,11.318280369479503,1,0,0,anti_homophones
13942,chQ2li4chu4,11,-8.7029119321324,3,8.7029119321324,1,0,0,anti_homophones
13943,chen3gUn3zi5,12,-8.788208008466324,3,8.788208008466324,1,0,0,anti_homophones
13944,hu3yi2,6,-6.2165989343251065,2,6.2165989343251065,1,0,2,anti_homophones
13945,zhong1zhen1shi4,15,-8.069096116483575,3,8.069096116483575,1,0,0,anti_homophones
13946,san1qUn2,8,-5.649309036672617,2,5.649309036672617,1,0,4,anti_homophones
13947,gP4bu2gUn1,10,-8.418294286280354,3,8.418294286280354,1,0,0,anti_homophones
13948,jM3ji2ji2,9,-9.015898937318383,3,9.015898937318383,1,0,0,anti_homophones
13949,fu4yang3sheng1,14,-8.764947833820306,3,8.764947833820306,1,0,0,anti_homophones
13950,qLn2rong2,9,-6.522572002171793,2,6.522572002171793,1,0,1,anti_homophones
13951,hP2yi1bE3A4,11,-10.303714966143875,4,10.303714966143875,1,0,0,anti_homophones
13952,ge2li5dang2,11,-9.488648304589628,3,9.488648304589628,1,0,0,anti_homophones
13953,ding2jing1,10,-6.556285860278671,2,6.556285860278671,1,0,1,anti_homophones
13954,gI1yan4,7,-6.192312861880822,2,6.192312861880822,1,0,3,anti_homophones
13955,jLn1jL1wu1,10,-8.576089596761573,3,8.576089596761573,1,0,0,anti_homophones
13956,xW3gI1xW4,9,-8.053450867379976,3,8.053450867379976,1,0,0,anti_homophones
13957,da4hI4,6,-4.365413882622747,2,4.365413882622747,1,0,7,anti_homophones
13958,xK1xing3lun2,12,-9.204494452073124,3,9.204494452073124,1,0,0,anti_homophones
13959,ban4zhi3jL1,11,-8.575955218438283,3,8.575955218438283,1,0,0,anti_homophones
13960,lin2fa4,7,-6.404139114140962,2,6.404139114140962,1,0,1,anti_homophones
13961,zhan3wE2,8,-6.778056017310888,2,6.778056017310888,1,0,0,anti_homophones
13962,er2sA4dQ1,9,-10.55532253223394,3,10.55532253223394,1,0,0,anti_homophones
13963,jK3shang2de5,12,-9.13918402249631,3,9.13918402249631,1,0,0,anti_homophones
13964,pa2shang1,9,-6.5385969433632365,2,6.5385969433632365,1,0,0,anti_homophones
13965,feng1ji2,8,-5.371361394470745,2,5.371361394470745,1,1,1,anti_homophones
13966,yan2yan2,8,-5.637189943806323,2,5.637189943806323,1,0,5,anti_homophones
13967,qLn1dV3dan1ta3,14,-12.962027154321529,4,12.962027154321529,1,0,0,anti_homophones
13968,tan4hO4dong2,12,-9.413536642665836,3,9.413536642665836,1,0,0,anti_homophones
13969,gong1yV2zhi4zQ4,15,-11.162862068469783,4,11.162862068469783,1,0,0,anti_homophones
13970,wu1nong4,8,-6.245980173515349,2,6.245980173515349,1,0,2,anti_homophones
13971,zhi2jL1qUn2,11,-7.780286117659567,3,7.780286117659567,1,0,0,anti_homophones
13972,na1gQ1po4,9,-11.085861384413057,3,11.085861384413057,1,0,0,anti_homophones
13973,shang2xi4chong4,15,-9.911130700892215,3,9.911130700892215,1,0,0,anti_homophones
13974,hUng2jW1yQ4,11,-8.798992367884846,3,8.798992367884846,1,0,0,anti_homophones
13975,kA1qi1,6,-5.9199565700812,2,5.9199565700812,1,0,1,anti_homophones
13976,bLn1zhong2gUng3lu4,18,-12.646762943792885,4,12.646762943792885,1,0,0,anti_homophones
13977,shen4xM2,8,-6.883294004958014,2,6.883294004958014,1,0,0,anti_homophones
13978,shi1chen1,9,-6.2980347970217165,2,6.2980347970217165,1,0,2,anti_homophones
13979,jL1bang4lW4zhQ4,15,-13.404090927728607,4,13.404090927728607,1,0,0,anti_homophones
13980,tW2du2,6,-7.450368629363223,2,7.450368629363223,1,0,2,anti_homophones
13981,kang2zhUng4,11,-7.477712724950216,2,7.477712724950216,1,0,0,anti_homophones
13982,zu3rong4bW1yQ4,14,-13.39613097480605,4,13.39613097480605,1,0,0,anti_homophones
13983,yi4sUn4,7,-5.965500347599596,2,5.965500347599596,1,0,4,anti_homophones
13984,yi1ben1,7,-5.7344024039694785,2,5.7344024039694785,1,0,5,anti_homophones
13985,gQ1gen1xLn2dQ3,14,-11.746699642192604,4,11.746699642192604,1,0,0,anti_homophones
13986,yi4yang2,8,-5.936443895802522,2,5.936443895802522,1,0,3,anti_homophones
13987,dI4jLn4yong4,12,-8.979004572294489,3,8.979004572294489,1,0,0,anti_homophones
13988,ju4mE4,6,-6.335966458439772,2,6.335966458439772,1,0,6,anti_homophones
13989,shan4tUn2,9,-6.2479497971649405,2,6.2479497971649405,1,0,0,anti_homophones
13990,shV3xun2,8,-6.131845329038251,2,6.131845329038251,1,0,2,anti_homophones
13991,an1kong4,8,-6.170994863090183,2,6.170994863090183,1,0,0,anti_homophones
13992,xLn4can1,8,-6.2665609726624405,2,6.2665609726624405,1,0,1,anti_homophones
13993,gan3chong1men2,14,-9.217306423324116,3,9.217306423324116,1,0,0,anti_homophones
13994,he2bu4wu4,9,-7.241508636400459,3,7.241508636400459,1,0,0,anti_homophones
13995,jing4mu4xLn3,12,-9.061905704188304,3,9.061905704188304,1,0,0,anti_homophones
13996,ran2tang4ming2fa4,17,-13.592651957449101,4,13.592651957449101,1,0,0,anti_homophones
13997,shV3ke1shi4,11,-7.7074379913599325,3,7.7074379913599325,1,0,0,anti_homophones
13998,bA2dQ1lLng1,11,-9.62190130620895,3,9.62190130620895,1,0,0,anti_homophones
13999,bi3nu2,6,-7.001736761541477,2,7.001736761541477,1,0,1,anti_homophones
14000,dQ3shi2bW1shV4,14,-12.127705859632018,4,12.127705859632018,1,0,0,anti_homophones
14001,mV2wu4jM4,9,-10.627720577989002,3,10.627720577989002,1,0,0,anti_homophones
14002,yV4zhi4xUn2,11,-9.86956972874484,3,9.86956972874484,1,0,0,anti_homophones
14003,ye3xing2rQ3,11,-8.983026894530138,3,8.983026894530138,1,0,0,anti_homophones
14004,yV3ju1ming2,11,-8.744278377645472,3,8.744278377645472,1,0,0,anti_homophones
14005,gan3shV4,8,-5.998743262766161,2,5.998743262766161,1,0,2,anti_homophones
14006,sheng2dun4,10,-6.676523840003751,2,6.676523840003751,1,1,2,anti_homophones
14007,bLn1yu3yan3,11,-8.926952904278766,3,8.926952904278766,1,0,0,anti_homophones
14008,hQ2fen1chi3ming2,16,-12.706473495346012,4,12.706473495346012,1,0,0,anti_homophones
14009,dLn4mQ4,7,-6.040764284012959,2,6.040764284012959,1,0,3,anti_homophones
14010,lO4hU4gu3su4,12,-11.027796108244857,4,11.027796108244857,1,0,0,anti_homophones
14011,shang3sha1hang4zi5,18,-11.301736096025802,4,11.301736096025802,1,0,0,anti_homophones
14012,shQ1dA4,7,-5.301795332645167,2,5.301795332645167,1,0,1,anti_homophones
14013,hun2yV2,7,-6.664812177761747,2,6.664812177761747,1,0,0,anti_homophones
14014,qi2tan2bu4,10,-8.267594825329772,3,8.267594825329772,1,0,0,anti_homophones
14015,gong1shV3chu1,13,-8.258472658561352,3,8.258472658561352,1,0,0,anti_homophones
14016,bW1qLng1dI4,11,-9.255597365962732,3,9.255597365962732,1,0,0,anti_homophones
14017,pQ4tV5,6,-5.816046801033524,2,5.816046801033524,1,0,2,anti_homophones
14018,jin1shang2dan4,14,-8.97627164922974,3,8.97627164922974,1,0,0,anti_homophones
14019,hang2shi2chang4,15,-9.189111143581734,3,9.189111143581734,1,0,0,anti_homophones
14020,mLn4tUn2,8,-6.108474345181758,2,6.108474345181758,1,0,0,anti_homophones
14021,zO5qi4,6,-7.112241148038709,2,7.112241148038709,1,0,2,anti_homophones
14022,yV3shang2ci4,12,-8.760698468554825,3,8.760698468554825,1,0,0,anti_homophones
14023,gQ1chUn2,8,-5.968162386220314,2,5.968162386220314,1,1,1,anti_homophones
14024,lin2zhen2shi4ji2,16,-11.217869826823955,4,11.217869826823955,1,0,0,anti_homophones
14025,fan4sheng4,10,-6.0557905198284425,2,6.0557905198284425,1,0,3,anti_homophones
14026,yan4wang2,9,-6.626632768858058,2,6.626632768858058,1,0,1,anti_homophones
14027,wu4sheng2,9,-6.218701576851484,2,6.218701576851484,1,0,3,anti_homophones
14028,pE2xin1,7,-5.4828577617821805,2,5.4828577617821805,1,0,3,anti_homophones
14029,ming1gUng1zi1yV2,16,-12.228352593308475,4,12.228352593308475,1,0,0,anti_homophones
14030,jLn1pA4,7,-5.514923309142883,2,5.514923309142883,1,0,6,anti_homophones
14031,shI3pQ5,7,-6.902555856307988,2,6.902555856307988,1,0,0,anti_homophones
14032,di4po4,6,-6.461309733128567,2,6.461309733128567,1,0,0,anti_homophones
14033,ding2fE1tong4,13,-9.09428821218098,3,9.09428821218098,1,0,0,anti_homophones
14034,jC2ke3neng1xM2,14,-11.397742789616963,4,11.397742789616963,1,0,0,anti_homophones
14035,bi3jL4,6,-5.547499755885326,2,5.547499755885326,1,0,6,anti_homophones
14036,bu4yang3,8,-5.70944798282746,2,5.70944798282746,1,1,6,anti_homophones
14037,xW3lLn4,7,-5.811608684228073,2,5.811608684228073,1,0,7,anti_homophones
14038,jin4yun4,8,-5.79999415968583,2,5.79999415968583,1,0,3,anti_homophones
14039,mE2shi4,7,-5.075324979976642,2,5.075324979976642,1,0,7,anti_homophones
14040,kU1zhong2xin1,13,-9.11579551123849,3,9.11579551123849,1,0,0,anti_homophones
14041,zeng2lW2zheng1hQ4,17,-13.327225767551658,4,13.327225767551658,1,0,0,anti_homophones
14042,yin2xLn4feng1,13,-9.445124773245992,3,9.445124773245992,1,0,0,anti_homophones
14043,feng2zhi2,9,-5.98603562609221,2,5.98603562609221,1,0,1,anti_homophones
14044,tI1dUn1dV4ming1,15,-12.683708462162697,4,12.683708462162697,1,0,0,anti_homophones
14045,shi2shV3,8,-5.420997287296838,2,5.420997287296838,1,1,1,anti_homophones
14046,da4gong2kP4,11,-8.172904046313011,3,8.172904046313011,1,0,0,anti_homophones
14047,ji4nQ3shV3,10,-8.632062806430158,3,8.632062806430158,1,0,0,anti_homophones
14048,pE4yV2qu3,9,-8.501674473054134,3,8.501674473054134,1,0,0,anti_homophones
14049,jLn1ze2,7,-5.927733931552313,2,5.927733931552313,1,0,1,anti_homophones
14050,jLn4jW3,7,-5.72432581370373,2,5.72432581370373,1,0,2,anti_homophones
14051,shV4bu4ke3cA3,13,-10.510438191722004,4,10.510438191722004,1,0,0,anti_homophones
14052,wu2ci2li4,9,-7.651336774548185,3,7.651336774548185,1,0,0,anti_homophones
14053,fu3pA4,6,-6.166333875021716,2,6.166333875021716,1,0,0,anti_homophones
14054,bing2wE4kU3,11,-9.765828504593099,3,9.765828504593099,1,0,0,anti_homophones
14055,deng3shV3,9,-6.704324600503314,2,6.704324600503314,1,0,1,anti_homophones
14056,mV2jin1,7,-6.808806046298343,2,6.808806046298343,1,0,0,anti_homophones
14057,zhi4fu2ren4xM4,14,-11.718254409231921,4,11.718254409231921,1,0,0,anti_homophones
14058,xUn3wang4,9,-6.866779329305956,2,6.866779329305956,1,0,0,anti_homophones
14059,dan1sI4ju3,10,-10.143465147289469,3,10.143465147289469,1,0,0,anti_homophones
14060,fa1shu1sheng1qi4,16,-9.96960661046288,4,9.96960661046288,1,0,0,anti_homophones
14061,zi4ming3,8,-5.7351212848613216,2,5.7351212848613216,1,0,1,anti_homophones
14062,si1ren2ding4,12,-9.077292263718832,3,9.077292263718832,1,0,0,anti_homophones
14063,shi4qK2jW3,10,-7.55629963826207,3,7.55629963826207,1,0,0,anti_homophones
14064,an3zhang1bA3ji4,15,-13.597113209214132,4,13.597113209214132,1,0,0,anti_homophones
14065,zhQ4yV2zheng1kV3,16,-11.572851209676502,4,11.572851209676502,1,0,0,anti_homophones
14066,jLn3zi5,7,-5.140512473016767,2,5.140512473016767,1,0,6,anti_homophones
14067,hP4qing1zhu4,12,-9.964306320202725,3,9.964306320202725,1,0,0,anti_homophones
14068,fE1xYng2wen1fong1,17,-14.341199858883504,4,14.341199858883504,1,0,0,anti_homophones
14069,qin2ju4,7,-5.999982414259736,2,5.999982414259736,1,0,4,anti_homophones
14070,qLng3mi4,8,-7.0255588466885195,2,7.0255588466885195,1,0,0,anti_homophones
14071,gA3shi2zhi2,11,-8.77486729799169,3,8.77486729799169,1,0,0,anti_homophones
14072,gA4po4ji1,9,-8.528735866821531,3,8.528735866821531,1,0,0,anti_homophones
14073,ju4er2,6,-5.775875379816758,2,5.775875379816758,1,1,5,anti_homophones
14074,zO4fu2,6,-5.386856862201202,2,5.386856862201202,1,0,4,anti_homophones
14075,hun2li3gU1min2,14,-13.13590265889165,4,13.13590265889165,1,0,0,anti_homophones
14076,deng1ye4cha2,12,-8.89078703269065,3,8.89078703269065,1,0,0,anti_homophones
14077,mA4shi2ci2,10,-8.73322862297688,3,8.73322862297688,1,0,0,anti_homophones
14078,zhu4lv4,7,-5.538948438178673,2,5.538948438178673,1,0,3,anti_homophones
14079,xC2bQ3da2fan3,13,-12.705090066093106,4,12.705090066093106,1,0,0,anti_homophones
14080,de2shu4mLn4,11,-8.865182231274654,3,8.865182231274654,1,0,0,anti_homophones
14081,tLn1ju4tong4,12,-7.98807297565782,3,7.98807297565782,1,0,0,anti_homophones
14082,xLn1qM4,7,-6.142528603802813,2,6.142528603802813,1,0,4,anti_homophones
14083,yi1yV2,6,-5.225975536080267,2,5.225975536080267,1,1,12,anti_homophones
14084,ku3kP4,6,-5.594050226132119,2,5.594050226132119,1,0,3,anti_homophones
14085,zhQ1shang4,10,-6.11545228125406,2,6.11545228125406,1,1,1,anti_homophones
14086,xM4shu4ming2lM4,15,-11.90946738078901,4,11.90946738078901,1,0,0,anti_homophones
14087,xW3ban3,7,-5.3937972691176945,2,5.3937972691176945,1,0,4,anti_homophones
14088,san1er2lun4shO1,15,-11.819158477794337,4,11.819158477794337,1,0,0,anti_homophones
14089,zO3bLn4,7,-5.84238016886903,2,5.84238016886903,1,0,0,anti_homophones
14090,ying4tA2,8,-5.877463540893854,2,5.877463540893854,1,1,4,anti_homophones
14091,dong1xC4ye4,11,-8.042658081142342,3,8.042658081142342,1,0,0,anti_homophones
14092,wE4jing2yang1men5,17,-12.693032223590937,4,12.693032223590937,1,0,0,anti_homophones
14093,dang2ye3,8,-7.052636102220486,2,7.052636102220486,1,0,1,anti_homophones
14094,deng4she2pA2,12,-10.104343834277559,3,10.104343834277559,1,0,0,anti_homophones
14095,la1li2pu1cO4,12,-11.715799418043549,4,11.715799418043549,1,0,0,anti_homophones
14096,kong2fang1zhu4,14,-9.515674037591038,3,9.515674037591038,1,0,0,anti_homophones
14097,tI4zhO2ming3,12,-10.444840063609826,3,10.444840063609826,1,0,0,anti_homophones
14098,la4ran3,7,-6.947063096742136,2,6.947063096742136,1,0,0,anti_homophones
14099,men2she4,8,-6.300545605025679,2,6.300545605025679,1,0,1,anti_homophones
14100,shu4ming3tA4,12,-9.645910054649926,3,9.645910054649926,1,0,0,anti_homophones
14101,Q4yu3ru2,8,-9.36854937382594,3,9.36854937382594,1,0,0,anti_homophones
14102,a1pang1yi1shi4,14,-11.173326425023392,4,11.173326425023392,1,0,0,anti_homophones
14103,du2le4ke3kV4,12,-11.918783119182425,4,11.918783119182425,1,0,0,anti_homophones
14104,zong2ren2,9,-5.6358615330031006,2,5.6358615330031006,1,1,7,anti_homophones
14105,cha1sI4,7,-6.7346006142695165,2,6.7346006142695165,1,0,3,anti_homophones
14106,hV2bu4,6,-6.060910581583087,2,6.060910581583087,1,0,5,anti_homophones
14107,jM1xW3,6,-5.928721954152866,2,5.928721954152866,1,1,0,anti_homophones
14108,he2kV3,6,-4.945186662833144,2,4.945186662833144,1,1,1,anti_homophones
14109,leng4zhong2ku3ke2,17,-13.557601843846875,4,13.557601843846875,1,0,0,anti_homophones
14110,jing4po1,8,-6.731785730362324,2,6.731785730362324,1,1,0,anti_homophones
14111,dan3lLng4,9,-6.848511981156491,2,6.848511981156491,1,0,1,anti_homophones
14112,wang2se4,8,-5.417047516185681,2,5.417047516185681,1,1,5,anti_homophones
14113,mV3dong4chang4,14,-9.569780560991362,3,9.569780560991362,1,0,0,anti_homophones
14114,ru4beng4,8,-8.200986479820198,2,8.200986479820198,1,0,0,anti_homophones
14115,bi4ku3,6,-6.376189407874668,2,6.376189407874668,1,0,4,anti_homophones
14116,dV4zi5,6,-5.205633019546122,2,5.205633019546122,1,0,9,anti_homophones
14117,bLn4can1xW4,11,-9.279547350003646,3,9.279547350003646,1,0,0,anti_homophones
14118,xing1yi1dQ1bW3,14,-10.778003064431465,4,10.778003064431465,1,0,0,anti_homophones
14119,mQ2ti1tA1,9,-9.094076214869208,3,9.094076214869208,1,0,0,anti_homophones
14120,zhu1xLn3qi3,11,-9.876143587368713,3,9.876143587368713,1,0,0,anti_homophones
14121,shI4di4wu4,10,-8.874741458070876,3,8.874741458070876,1,0,0,anti_homophones
14122,kA1wE1wE4,9,-8.097563433147453,3,8.097563433147453,1,0,0,anti_homophones
14123,chen4san4,9,-8.233916442519966,2,8.233916442519966,1,0,0,anti_homophones
14124,sA1zQ3,6,-7.087032336099442,2,7.087032336099442,1,0,2,anti_homophones
14125,yin3ran2,8,-5.456351976966369,2,5.456351976966369,1,0,4,anti_homophones
14126,xing1wang3jYng2zheng3,21,-13.994564982949072,4,13.994564982949072,1,0,0,anti_homophones
14127,hU1zi3yV2,9,-8.676400328238499,3,8.676400328238499,1,0,0,anti_homophones
14128,lu4di1dV1,9,-10.031488362685018,3,10.031488362685018,1,0,0,anti_homophones
14129,sheng4shi1xin1,14,-8.283169086718129,3,8.283169086718129,1,0,0,anti_homophones
14130,feng1pLn1lE4ren2,16,-11.20269327876692,4,11.20269327876692,1,0,0,anti_homophones
14131,pA2ju4shI3,10,-8.336331617399335,3,8.336331617399335,1,0,0,anti_homophones
14132,jing2yan3qLn2,13,-8.800948225935684,3,8.800948225935684,1,0,0,anti_homophones
14133,mo4ju4,6,-6.679966703081233,2,6.679966703081233,1,0,5,anti_homophones
14134,di4pi2jing2,11,-8.258075129686777,3,8.258075129686777,1,0,0,anti_homophones
14135,si1sha1,7,-6.117037095713852,2,6.117037095713852,1,0,2,anti_homophones
14136,tW4ming2fa3,11,-9.354196172156277,3,9.354196172156277,1,0,0,anti_homophones
14137,zi4zO4,6,-5.2330230813332514,2,5.2330230813332514,1,0,4,anti_homophones
14138,tong2she4,9,-6.222756323940842,2,6.222756323940842,1,0,4,anti_homophones
14139,nan2fa4jL4,10,-9.019817774995914,3,9.019817774995914,1,0,0,anti_homophones
14140,wu2xin1chUn3bi3,15,-11.67113932412387,4,11.67113932412387,1,0,0,anti_homophones
14141,cu1qu1,6,-6.024493026748941,2,6.024493026748941,1,0,0,anti_homophones
14142,xun1tan2li3,11,-9.952039841910235,3,9.952039841910235,1,0,0,anti_homophones
14143,tQ2rong4men2wE4,15,-11.698879390082276,4,11.698879390082276,1,0,0,anti_homophones
14144,ka3qu4wE4,9,-8.580770459558028,3,8.580770459558028,1,0,0,anti_homophones
14145,da4xL4shi4,10,-7.228518174562292,3,7.228518174562292,1,0,0,anti_homophones
14146,jL1che1,7,-5.446495978164947,2,5.446495978164947,1,0,2,anti_homophones
14147,gan4tu2,7,-6.203805919360071,2,6.203805919360071,1,0,6,anti_homophones
14148,dO1shen4,8,-6.106314770351605,2,6.106314770351605,1,0,2,anti_homophones
14149,jun1fu5,7,-5.930413399374824,2,5.930413399374824,1,0,0,anti_homophones
14150,tV1an1,6,-5.7880871296662155,2,5.7880871296662155,1,0,2,anti_homophones
14151,wE4mE3mang3gU1,14,-12.860716299021727,4,12.860716299021727,1,0,0,anti_homophones
14152,shP1da3zhu4,11,-8.830482294629391,3,8.830482294629391,1,0,0,anti_homophones
14153,wE1lLng3dLn4,12,-9.1096510101871,3,9.1096510101871,1,0,0,anti_homophones
14154,hO3fu4chang1ya1,15,-12.080529246705765,4,12.080529246705765,1,0,0,anti_homophones
14155,xin1lang2mE4,12,-9.307766341018604,3,9.307766341018604,1,0,0,anti_homophones
14156,xing2jW1deng1rQ3,16,-12.803227895659269,4,12.803227895659269,1,0,0,anti_homophones
14157,ying3se4,8,-6.22989690694892,2,6.22989690694892,1,0,0,anti_homophones
14158,gQ4lQ2,6,-6.522588794253636,2,6.522588794253636,1,0,1,anti_homophones
14159,sheng1tA1,9,-5.890799087055654,2,5.890799087055654,1,0,0,anti_homophones
14160,tong4bA3lun4,12,-9.927155185707338,3,9.927155185707338,1,0,0,anti_homophones
14161,kong1yV1yV3shi4,15,-10.198074911194047,4,10.198074911194047,1,0,0,anti_homophones
14162,dLn3chV2,8,-6.559700807391824,2,6.559700807391824,1,0,1,anti_homophones
14163,cu1du4,6,-5.975305802211738,2,5.975305802211738,1,0,6,anti_homophones
14164,ju4gQ1,6,-6.656295565034921,2,6.656295565034921,1,0,2,anti_homophones
14165,rong1kUng4zhi3,14,-10.052962953030622,3,10.052962953030622,1,0,0,anti_homophones
14166,bA4tV2,6,-5.483097708711211,2,5.483097708711211,1,0,9,anti_homophones
14167,yi1su4,6,-4.96226541938632,2,4.96226541938632,1,1,14,anti_homophones
14168,shu1zhUng2,10,-6.7064306214801475,2,6.7064306214801475,1,0,1,anti_homophones
14169,mE2zhan1xin1,12,-9.11310216677651,3,9.11310216677651,1,0,0,anti_homophones
14170,jun1li5,7,-5.716916634848361,2,5.716916634848361,1,0,2,anti_homophones
14171,jLn4zhUng3,10,-6.867392466576729,2,6.867392466576729,1,0,0,anti_homophones
14172,da4shu2,7,-5.939622105389722,2,5.939622105389722,1,0,3,anti_homophones
14173,jW1yu4yUn2,10,-7.687584667387063,3,7.687584667387063,1,0,0,anti_homophones
14174,jin1pan4,8,-6.339877645445402,2,6.339877645445402,1,0,3,anti_homophones
14175,tan4xLng1ting3,14,-10.107391843555092,3,10.107391843555092,1,0,0,anti_homophones
14176,di1ba1,6,-6.854962933385021,2,6.854962933385021,1,0,2,anti_homophones
14177,gP3ge2men2,10,-9.472949525646314,3,9.472949525646314,1,0,0,anti_homophones
14178,tO1za2wA4,9,-11.00781153520035,3,11.00781153520035,1,0,0,anti_homophones
14179,jW4ke3,6,-6.236993540929715,2,6.236993540929715,1,0,1,anti_homophones
14180,yan3lLng3,9,-6.470434949807014,2,6.470434949807014,1,0,1,anti_homophones
14181,wang3fu2shu1,12,-9.071738518271225,3,9.071738518271225,1,0,0,anti_homophones
14182,zhu4zhi4shi3,12,-8.556314215891785,3,8.556314215891785,1,0,0,anti_homophones
14183,cha1gE4ju2,10,-10.499798102910942,3,10.499798102910942,1,0,0,anti_homophones
14184,tA1xi3dang4,11,-10.321441269389021,3,10.321441269389021,1,0,0,anti_homophones
14185,xing2jL4zi5,11,-7.411172267098665,3,7.411172267098665,1,0,0,anti_homophones
14186,chi2kong1fu2,12,-9.713388815144206,3,9.713388815144206,1,0,0,anti_homophones
14187,tu2sO3,6,-5.421465621708114,2,5.421465621708114,1,0,5,anti_homophones
14188,zhI4bu4mi3,10,-9.623802183888913,3,9.623802183888913,1,0,0,anti_homophones
14189,yQ3shV3,7,-6.335607906488024,2,6.335607906488024,1,0,6,anti_homophones
14190,yUn2yo5,7,-7.7151058067115486,2,7.7151058067115486,1,0,0,anti_homophones
14191,shan4zhA4,9,-6.764477598473759,2,6.764477598473759,1,0,0,anti_homophones
14192,sheng1ya1,9,-5.876419504136859,2,5.876419504136859,1,0,2,anti_homophones
14193,fu4fE4,6,-5.432589095176127,2,5.432589095176127,1,0,7,anti_homophones
14194,yan2wan4,8,-5.884846871110549,2,5.884846871110549,1,1,4,anti_homophones
14195,yi1lA2,6,-4.970106068647738,2,4.970106068647738,1,0,10,anti_homophones
14196,wan2ti3,7,-5.786319165300316,2,5.786319165300316,1,0,3,anti_homophones
14197,nv3zi5,6,-4.878532559225975,2,4.878532559225975,1,0,2,anti_homophones
14198,ji2yV2,6,-5.933032092618834,2,5.933032092618834,1,0,6,anti_homophones
14199,dV3jLn1ku4,10,-11.077476671095303,3,11.077476671095303,1,0,0,anti_homophones
14200,shi2shang3shi4,14,-8.205712164308036,3,8.205712164308036,1,0,0,anti_homophones
14201,kUn1hu4li3,10,-9.572273704137661,3,9.572273704137661,1,0,0,anti_homophones
14202,jM3zi5,6,-5.229001777115883,2,5.229001777115883,1,1,5,anti_homophones
14203,bu4yang4,8,-5.576095061833838,2,5.576095061833838,1,0,4,anti_homophones
14204,ke3gI4,6,-5.402420804528618,2,5.402420804528618,1,1,1,anti_homophones
14205,qLng3jC2,8,-6.719927931951228,2,6.719927931951228,1,0,0,anti_homophones
14206,tA4dA4,6,-5.8016345542019865,2,5.8016345542019865,1,0,3,anti_homophones
14207,jL1zhen4wu4cQ3,14,-12.962654721443421,4,12.962654721443421,1,0,0,anti_homophones
14208,ke3ce4,6,-5.745606047026525,2,5.745606047026525,1,0,2,anti_homophones
14209,zhong1jM2,9,-5.56943497991454,2,5.56943497991454,1,0,1,anti_homophones
14210,da4bo2fang4,11,-7.990886765599292,3,7.990886765599292,1,0,1,anti_homophones
14211,xK1ren2,7,-5.608772509877442,2,5.608772509877442,1,0,4,anti_homophones
14212,kV3jLn3,7,-6.549914369126102,2,6.549914369126102,1,0,0,anti_homophones
14213,feng4zang2,10,-7.750749023994794,2,7.750749023994794,1,0,0,anti_homophones
14214,wen2yi3,7,-6.083022516947198,2,6.083022516947198,1,0,3,anti_homophones
14215,xW1hO3,6,-5.217310335369259,2,5.217310335369259,1,0,2,anti_homophones
14216,yu2gong3fu2,11,-8.924648186389996,3,8.924648186389996,1,0,0,anti_homophones
14217,xW4yC4er2,9,-7.897090465137113,3,7.897090465137113,1,0,0,anti_homophones
14218,xin1gu1,7,-6.211740721762578,2,6.211740721762578,1,0,0,anti_homophones
14219,qi4gu4yUn2yong1,15,-11.495404931085927,4,11.495404931085927,1,0,0,anti_homophones
14220,qM4xL4,6,-6.627653348297929,2,6.627653348297929,1,0,0,anti_homophones
14221,chu1lu4,7,-4.882796435377965,2,4.882796435377965,1,0,11,anti_homophones
14222,xW3sUn1zi3zhang3,16,-11.671724098986896,4,11.671724098986896,1,0,0,anti_homophones
14223,hV4fo2,6,-6.785850325920087,2,6.785850325920087,1,0,2,anti_homophones
14224,jun4tA2,7,-7.203072460092469,2,7.203072460092469,1,0,2,anti_homophones
14225,cha2chang2shen4,15,-9.517375629841071,3,9.517375629841071,1,0,0,anti_homophones
14226,fan1xing4tang3,14,-9.904055194766155,3,9.904055194766155,1,0,0,anti_homophones
14227,hU1lang3,8,-6.05955399657799,2,6.05955399657799,1,1,0,anti_homophones
14228,yu1xW3gP4,9,-9.409112386125976,3,9.409112386125976,1,0,0,anti_homophones
14229,qW1qi3chun1,11,-10.129436454442569,3,10.129436454442569,1,0,0,anti_homophones
14230,jin3xu4,7,-6.510510847615935,2,6.510510847615935,1,0,3,anti_homophones
14231,jing4mi3,8,-6.400958053043199,2,6.400958053043199,1,0,1,anti_homophones
14232,xW3hV4xing2,11,-8.212224316853467,3,8.212224316853467,1,0,0,anti_homophones
14233,lLn2ting4,9,-6.246825261622306,2,6.246825261622306,1,0,0,anti_homophones
14234,yi1wE2,6,-5.257374238899485,2,5.257374238899485,1,0,5,anti_homophones
14235,gI1fE1e2,8,-7.603009049203747,3,7.603009049203747,1,0,0,anti_homophones
14236,da4fa1lin2,10,-8.076558315265311,3,8.076558315265311,1,0,0,anti_homophones
14237,fu4zi5,6,-4.532275965170486,2,4.532275965170486,1,2,8,anti_homophones
14238,yu4wan3,7,-6.541424494723952,2,6.541424494723952,1,0,1,anti_homophones
14239,xC4gong3dLn3,12,-9.16307910304073,3,9.16307910304073,1,0,0,anti_homophones
14240,zhi3zhang3ji4deng1,18,-11.958418982189341,4,11.958418982189341,1,0,0,anti_homophones
14241,cO1heng4,8,-7.369273211816093,2,7.369273211816093,1,0,0,anti_homophones
14242,gong2he2,8,-5.782648948801369,2,5.782648948801369,1,0,2,anti_homophones
14243,qing2kong1da5,13,-9.484387727816838,3,9.484387727816838,1,0,0,anti_homophones
14244,jL1man3zhQ1zhi1,15,-12.383320107425208,4,12.383320107425208,1,0,0,anti_homophones
14245,chong1bW3,9,-6.520132738486047,2,6.520132738486047,1,0,0,anti_homophones
14246,yUn4jW1xLn3fa3,14,-11.974489796470188,4,11.974489796470188,1,0,0,anti_homophones
14247,bu4pA2jK4fa1,12,-11.628574053022016,4,11.628574053022016,1,0,0,anti_homophones
14248,zhi3jLng3,9,-6.551263945861203,2,6.551263945861203,1,0,0,anti_homophones
14249,dA4ju1,6,-6.361030589980904,2,6.361030589980904,1,0,2,anti_homophones
14250,he2ban3an4ye4,13,-11.072618540093995,4,11.072618540093995,1,0,0,anti_homophones
14251,zhan2jW1gV4zQ4,14,-12.946089656456985,4,12.946089656456985,1,0,0,anti_homophones
14252,lA2bu4yun2,10,-8.999705985645505,3,8.999705985645505,1,0,0,anti_homophones
14253,A1jin4zI4an4,12,-11.009975776609023,4,11.009975776609023,1,0,0,anti_homophones
14254,zhU1xLng2,9,-7.346250412785277,2,7.346250412785277,1,0,0,anti_homophones
14255,zhi4zhUn2,9,-6.11345524417894,2,6.11345524417894,1,0,1,anti_homophones
14256,kong4zhQ4shen1cQ1,17,-13.13686714088984,4,13.13686714088984,1,0,0,anti_homophones
14257,bu4lun4,7,-5.468058261908895,2,5.468058261908895,1,0,4,anti_homophones
14258,kV3chu2li2,10,-8.786764038609462,3,8.786764038609462,1,0,0,anti_homophones
14259,chen1jW1,8,-6.376748318488915,2,6.376748318488915,1,0,1,anti_homophones
14260,dO2kUng3,8,-7.109690114900719,2,7.109690114900719,1,0,0,anti_homophones
14261,lK2hU4shi4lK2,13,-10.122657746089697,4,10.122657746089697,1,0,0,anti_homophones
14262,te4zi4,6,-6.201861878756272,2,6.201861878756272,1,1,6,anti_homophones
14263,yi1xYng1fu2,11,-8.55776297783865,3,8.55776297783865,1,0,0,anti_homophones
14264,ming2mu4dI4,11,-8.799004798937576,3,8.799004798937576,1,0,0,anti_homophones
14265,jin4zi5,7,-4.681028480037706,2,4.681028480037706,1,0,6,anti_homophones
14266,A4lB4,5,-6.079966984878287,2,6.079966984878287,1,0,2,anti_homophones
14267,feng4pi2long4,13,-9.337553149088698,3,9.337553149088698,1,0,0,anti_homophones
14268,zhong2jing3,11,-6.55827253310321,2,6.55827253310321,1,0,0,anti_homophones
14269,ji1ying2,8,-5.932479764551848,2,5.932479764551848,1,0,5,anti_homophones
14270,ni3ye4,6,-6.3971060429442765,2,6.3971060429442765,1,0,3,anti_homophones
14271,shU1sO3ran3,11,-11.282352979047632,3,11.282352979047632,1,0,0,anti_homophones
14272,zhe3chu1shang1tLn1,18,-12.563651766101202,4,12.563651766101202,1,0,0,anti_homophones
14273,nLng3kV3hU4,11,-9.830893037646046,3,9.830893037646046,1,0,0,anti_homophones
14274,dI4ce4,6,-5.8114621325930305,2,5.8114621325930305,1,0,0,anti_homophones
14275,kI1kong1,8,-6.384506214966851,2,6.384506214966851,1,0,0,anti_homophones
14276,jLn3hong2an1,12,-10.240684089928187,3,10.240684089928187,1,0,0,anti_homophones
14277,hI1yang1chang3,14,-9.676595848404537,3,9.676595848404537,1,0,0,anti_homophones
14278,yV2yi4,6,-4.9525975076683135,2,4.9525975076683135,1,0,10,anti_homophones
14279,chen1fen1bLn1,13,-9.05270296847457,3,9.05270296847457,1,0,0,anti_homophones
14280,jLn3xi1,7,-6.049620930528248,2,6.049620930528248,1,1,2,anti_homophones
14281,fen1xin1,8,-5.284096821290559,2,5.284096821290559,1,0,1,anti_homophones
14282,lLng2tI4she4,12,-10.390503493482937,3,10.390503493482937,1,0,0,anti_homophones
14283,neng2A4,7,-7.079300834750129,2,7.079300834750129,1,0,1,anti_homophones
14284,yin1pi2gUn4,11,-9.193001799964415,3,9.193001799964415,1,0,0,anti_homophones
14285,feng1wu4yan2xing2,17,-10.856604747221093,4,10.856604747221093,1,0,0,anti_homophones
14286,ru3xLng4,8,-6.0031328144933225,2,6.0031328144933225,1,0,2,anti_homophones
14287,qLn2sA4,7,-6.054329090548872,2,6.054329090548872,1,0,2,anti_homophones
14288,gUn3zhi3kan3,12,-9.630932129973473,3,9.630932129973473,1,0,0,anti_homophones
14289,shen1xi1,8,-5.567440152350356,2,5.567440152350356,1,0,4,anti_homophones
14290,she4chV2,8,-6.516576531093082,2,6.516576531093082,1,0,1,anti_homophones
14291,yQ3wo4zhang2,12,-9.479017154363927,3,9.479017154363927,1,0,0,anti_homophones
14292,xLn4shV3,8,-5.681673464061373,2,5.681673464061373,1,1,5,anti_homophones
14293,jLn3jing2,9,-6.195802361584601,2,6.195802361584601,1,0,1,anti_homophones
14294,fen4kV4shen1,12,-9.744151520909428,3,9.744151520909428,1,0,0,anti_homophones
14295,jL1fan3,7,-6.232204389108847,2,6.232204389108847,1,0,1,anti_homophones
14296,shang4re4qi4,12,-7.913351531527814,3,7.913351531527814,1,0,0,anti_homophones
14297,gu3hang2,8,-6.276164734833581,2,6.276164734833581,1,0,1,anti_homophones
14298,zhu4si4gUn3yang3,16,-13.232551038675576,4,13.232551038675576,1,0,0,anti_homophones
14299,er4ying1yu2,11,-8.749969279543887,3,8.749969279543887,1,0,0,anti_homophones
14300,ji4zhQ4,7,-6.148700146468764,2,6.148700146468764,1,0,3,anti_homophones
14301,jLn3zhu3,8,-6.212156099335005,2,6.212156099335005,1,0,2,anti_homophones
14302,lA2cang4yin1dV1,15,-14.27251779491633,4,14.27251779491633,1,0,0,anti_homophones
14303,gong1xC2,8,-5.622260061858759,2,5.622260061858759,1,0,2,anti_homophones
14304,bLn3er2yUn2fu3,14,-11.547686092556205,4,11.547686092556205,1,0,0,anti_homophones
14305,mu2bu4hI3,9,-9.526030394218306,3,9.526030394218306,1,0,0,anti_homophones
14306,hu2kP4chan4shen3,16,-12.932901211960786,4,12.932901211960786,1,0,0,anti_homophones
14307,fu4zan4,7,-5.946821436815834,2,5.946821436815834,1,0,1,anti_homophones
14308,bin1wen2,8,-6.239043308691578,2,6.239043308691578,1,1,4,anti_homophones
14309,cha2zhu4,8,-5.991289744245068,2,5.991289744245068,1,0,3,anti_homophones
14310,yi1wA4dQ4,9,-7.609157743038177,3,7.609157743038177,1,0,0,anti_homophones
14311,Q1he2nE4,8,-12.217747428675333,3,12.217747428675333,1,0,0,anti_homophones
14312,bing3shu3dQ4,12,-9.307503658318602,3,9.307503658318602,1,0,0,anti_homophones
14313,tu1ping1xLn4shi1,16,-11.31532198408211,4,11.31532198408211,1,0,0,anti_homophones
14314,bing2gong3,10,-6.5185536100368795,2,6.5185536100368795,1,0,1,anti_homophones
14315,tQ2zi4dong4,11,-8.897144272079537,3,8.897144272079537,1,0,0,anti_homophones
14316,he2yin4,7,-6.314817060919239,2,6.314817060919239,1,0,2,anti_homophones
14317,yV4zhe3,7,-5.868839576754207,2,5.868839576754207,1,0,1,anti_homophones
14318,ti4lK2qi1,9,-10.52993430935622,3,10.52993430935622,1,0,0,anti_homophones
14319,zi4gan3,7,-5.646813206768563,2,5.646813206768563,1,0,4,anti_homophones
14320,yi1lin2,7,-5.290060198709774,2,5.290060198709774,1,0,6,anti_homophones
14321,ni4nv3ma3,9,-9.864386163396292,3,9.864386163396292,1,0,0,anti_homophones
14322,da4gen1jW1,10,-8.15858790676381,3,8.15858790676381,1,0,0,anti_homophones
14323,yV3sheng1dLn3hu2,16,-11.85292212028444,4,11.85292212028444,1,0,0,anti_homophones
14324,ran2tan3,8,-7.406331954108359,2,7.406331954108359,1,0,0,anti_homophones
14325,zen3bu4fa4,10,-10.078200590604379,3,10.078200590604379,1,0,0,anti_homophones
14326,shang3lO4,9,-5.91770284138372,2,5.91770284138372,1,0,2,anti_homophones
14327,yV3zhen1,8,-6.194474867774271,2,6.194474867774271,1,0,3,anti_homophones
14328,chu4mu3gan4,11,-9.396449507622261,3,9.396449507622261,1,0,0,anti_homophones
14329,jin1ri4lL3,10,-10.212180252321707,3,10.212180252321707,1,0,0,anti_homophones
14330,ji2la4,6,-6.919102277193317,2,6.919102277193317,1,0,0,anti_homophones
14331,zu3zhi3mQ2,10,-9.001866857197022,3,9.001866857197022,1,0,0,anti_homophones
14332,tong4zO4,8,-5.8012493292555085,2,5.8012493292555085,1,0,3,anti_homophones
14333,wu3zQ4yong1,11,-9.358619528273604,3,9.358619528273604,1,0,0,anti_homophones
14334,gQ1meng1jLn4,12,-8.960135592364567,3,8.960135592364567,1,0,0,anti_homophones
14335,qi3pA4,6,-5.505986925444497,2,5.505986925444497,1,0,8,anti_homophones
14336,peng2yi3dA4sI4,14,-11.879214800750585,4,11.879214800750585,1,0,0,anti_homophones
14337,yQ4an4bM2,9,-8.541194330343242,3,8.541194330343242,1,0,0,anti_homophones
14338,zhong2gang2,11,-6.948122339137277,2,6.948122339137277,1,0,2,anti_homophones
14339,yu4ji1,6,-5.08191798553455,2,5.08191798553455,1,0,13,anti_homophones
14340,yin1jL3,7,-6.2483190477513295,2,6.2483190477513295,1,0,0,anti_homophones
14341,cin4xing1,9,-9.05382746374604,2,9.05382746374604,1,0,1,anti_homophones
14342,fen1ji4,7,-5.453733116132128,2,5.453733116132128,1,0,8,anti_homophones
14343,ji1wan4ling4ku4,15,-12.485519193024903,4,12.485519193024903,1,0,0,anti_homophones
14344,xUn1kUn3,8,-6.89452523237904,2,6.89452523237904,1,0,0,anti_homophones
14345,cheng1cheng4hU2,15,-10.112738988196458,3,10.112738988196458,1,0,0,anti_homophones
14346,nUn3ye4,7,-6.232000532047846,2,6.232000532047846,1,0,0,anti_homophones
14347,wu4pLn4lan3bing3,16,-13.150306822204037,4,13.150306822204037,1,0,0,anti_homophones
14348,xLn2rong1,9,-6.805834161678037,2,6.805834161678037,1,0,0,anti_homophones
14349,chun2zhQ1ding2shi4,18,-12.4647266750945,4,12.4647266750945,1,0,0,anti_homophones
14350,jLn4tV2,7,-5.202062147640374,2,5.202062147640374,1,1,5,anti_homophones
14351,qi3dLn4,7,-5.48715026112323,2,5.48715026112323,1,0,6,anti_homophones
14352,jLn4wen2xin1zhi4,16,-10.88913911915771,4,10.88913911915771,1,0,0,anti_homophones
14353,ji1chang1zhi1qLn2,17,-11.48366532119947,4,11.48366532119947,1,0,0,anti_homophones
14354,bu3zhUng2,9,-6.85915647090936,2,6.85915647090936,1,0,0,anti_homophones
14355,wen2di1,7,-7.1826747930908645,2,7.1826747930908645,1,0,3,anti_homophones
14356,jLng2hU4lv4,11,-8.435722866173299,3,8.435722866173299,1,0,0,anti_homophones
14357,A4li4jW1cI4,11,-10.331046435921714,4,10.331046435921714,1,0,0,anti_homophones
14358,yV1hO2bo5,9,-8.140389600228092,3,8.140389600228092,1,0,0,anti_homophones
14359,dW4gUn3,7,-5.948466858227276,2,5.948466858227276,1,0,1,anti_homophones
14360,yong1lu4,8,-5.9640952085198835,2,5.9640952085198835,1,0,3,anti_homophones
14361,hUn4ta4,7,-7.313581920941115,2,7.313581920941115,1,0,0,anti_homophones
14362,da1zO4an1yong2,14,-12.685048659127895,4,12.685048659127895,1,0,0,anti_homophones
14363,jun1an4pLn4,11,-9.0265855147887,3,9.0265855147887,1,0,0,anti_homophones
14364,ying2lu4rong2gI1,16,-11.914194401032876,4,11.914194401032876,1,0,0,anti_homophones
14365,ni2shV4xLng1kI1,15,-12.643477104344363,4,12.643477104344363,1,0,0,anti_homophones
14366,bing1che4hu2,12,-10.234040254210688,3,10.234040254210688,1,0,0,anti_homophones
14367,dong3xing2ren2,14,-8.624973744958476,3,8.624973744958476,1,0,0,anti_homophones
14368,gQ1zO4lO4shi4,13,-9.518521798358302,4,9.518521798358302,1,0,0,anti_homophones
14369,shun3xLng4yi4,13,-9.270291110078364,3,9.270291110078364,1,0,0,anti_homophones
14370,cheng1gUn1,10,-5.838843647397401,2,5.838843647397401,1,0,1,anti_homophones
14371,jing4ming2yV3,13,-9.082400343638117,3,9.082400343638117,1,0,0,anti_homophones
14372,hV4bing2,8,-5.880768397654461,2,5.880768397654461,1,0,4,anti_homophones
14373,tLn1chen4dan4,13,-9.510092097093482,3,9.510092097093482,1,0,0,anti_homophones
14374,gI1qUn1ming4,12,-9.361842392447999,3,9.361842392447999,1,0,0,anti_homophones
14375,dI4dA4,6,-5.46553655879831,2,5.46553655879831,1,0,5,anti_homophones
14376,qLn1ju4ce4,10,-8.458902226527908,3,8.458902226527908,1,0,0,anti_homophones
14377,san4zhi1gUng1kong2,18,-12.928333497986602,4,12.928333497986602,1,0,0,anti_homophones
14378,chang4li4,9,-5.506464559994287,2,5.506464559994287,1,0,6,anti_homophones
14379,qLn1xing4jin4she4,17,-11.512885142468008,4,11.512885142468008,1,0,0,anti_homophones
14380,gI1zong1chun2,13,-9.93055642173674,3,9.93055642173674,1,0,0,anti_homophones
14381,dO1jC2ce4,9,-7.961077444077082,3,7.961077444077082,1,0,0,anti_homophones
14382,cheng3hI1,9,-6.825813934952784,2,6.825813934952784,1,0,1,anti_homophones
14383,jK4shi3,7,-5.541522445379391,2,5.541522445379391,1,0,3,anti_homophones
14384,xL4xin1,7,-5.675645928797113,2,5.675645928797113,1,0,0,anti_homophones
14385,zi4chang2hun4,13,-9.14950088573481,3,9.14950088573481,1,0,0,anti_homophones
14386,shV3po4,7,-5.7348237718403725,2,5.7348237718403725,1,0,1,anti_homophones
14387,nLn2ben3,8,-6.088870112457002,2,6.088870112457002,1,0,0,anti_homophones
14388,cheng2wen2kO4,13,-9.728517113802031,3,9.728517113802031,1,0,0,anti_homophones
14389,hQ3chUn4nan2bQ4,15,-12.68659317956423,4,12.68659317956423,1,0,0,anti_homophones
14390,bo2fu1,6,-6.595483177847232,2,6.595483177847232,1,0,1,anti_homophones
14391,pu1mi2,6,-6.459907248084171,2,6.459907248084171,1,0,3,anti_homophones
14392,ying2tan1zhi2lLn3,17,-12.956252550071195,4,12.956252550071195,1,0,0,anti_homophones
14393,chang2hong2chi2,15,-10.092607764644933,3,10.092607764644933,1,0,0,anti_homophones
14394,la1jW3dan3,10,-9.251606254687564,3,9.251606254687564,1,0,0,anti_homophones
14395,chang3xYng3,11,-7.3566237937474845,2,7.3566237937474845,1,0,0,anti_homophones
14396,kang4xin1,9,-6.430457747103438,2,6.430457747103438,1,0,1,anti_homophones
14397,tI1dong1,8,-5.531807114672069,2,5.531807114672069,1,0,1,anti_homophones
14398,dA4zheng1wan4,13,-9.43318623548287,3,9.43318623548287,1,0,0,anti_homophones
14399,ping5hU4,8,-7.434747630798327,2,7.434747630798327,1,0,0,anti_homophones
14400,yan2hU4,7,-4.9855265272086005,2,4.9855265272086005,1,1,6,anti_homophones
14401,yV4yin1,7,-6.046014761828616,2,6.046014761828616,1,0,4,anti_homophones
14402,ju1dong1,8,-6.167119967467237,2,6.167119967467237,1,1,1,anti_homophones
14403,he2she4bu4zhong3,16,-11.155765570830619,4,11.155765570830619,1,0,0,anti_homophones
14404,bQ1jL4,6,-5.758259861956321,2,5.758259861956321,1,0,4,anti_homophones
14405,chUng1gA4,9,-6.588857237681854,2,6.588857237681854,1,0,0,anti_homophones
14406,leng1bE1heng4,13,-10.603912103331936,3,10.603912103331936,1,0,0,anti_homophones
14407,shi4wA4yu2,10,-8.152572270036467,3,8.152572270036467,1,0,0,anti_homophones
14408,gong2he2cun1qing2,17,-12.384237604646543,4,12.384237604646543,1,0,0,anti_homophones
14409,feng1tA1,8,-6.051833956213844,2,6.051833956213844,1,0,2,anti_homophones
14410,can2xu1,7,-6.88094875002035,2,6.88094875002035,1,0,1,anti_homophones
14411,xLng4wu4nan4wu1,15,-13.389434534807945,4,13.389434534807945,1,0,0,anti_homophones
14412,tV2chang2ju2,12,-9.190542134985067,3,9.190542134985067,1,0,0,anti_homophones
14413,leng2xLn1chUn4jun1,18,-13.248513925156043,4,13.248513925156043,1,0,0,anti_homophones
14414,zhong4chan4,11,-6.3473076499517,2,6.3473076499517,1,0,0,anti_homophones
14415,zhO2hQ4,7,-5.899832509272791,2,5.899832509272791,1,1,1,anti_homophones
14416,lLn2mW1,7,-7.843301910805934,2,7.843301910805934,1,0,0,anti_homophones
14417,chan1xing4,10,-6.310153633241493,2,6.310153633241493,1,0,2,anti_homophones
14418,hA3che1,7,-5.530860766927261,2,5.530860766927261,1,0,2,anti_homophones
14419,chu3bu4yUn2xu3,14,-12.116341646069266,4,12.116341646069266,1,0,0,anti_homophones
14420,ju1xC4ye3zhan1,14,-12.270739643437727,4,12.270739643437727,1,0,0,anti_homophones
14421,shan2tW5,8,-8.04585387546034,2,8.04585387546034,1,0,0,anti_homophones
14422,wu3lang3,8,-6.830780889195242,2,6.830780889195242,1,0,0,anti_homophones
14423,pa2ke4tUn2,10,-9.2135131097834,3,9.2135131097834,1,0,0,anti_homophones
14424,jin4cheng1,10,-6.062873323700067,2,6.062873323700067,1,0,0,anti_homophones
14425,gQ1gUng1si1,11,-8.422116194540314,3,8.422116194540314,1,0,0,anti_homophones
14426,xLng4xL4,8,-5.795572061044836,2,5.795572061044836,1,0,2,anti_homophones
14427,ci3yong1,8,-6.070368346517891,2,6.070368346517891,1,0,3,anti_homophones
14428,zha2ji1,7,-6.233435570321564,2,6.233435570321564,1,1,2,anti_homophones
14429,fan4yi4du4jW1,13,-11.645914818524478,4,11.645914818524478,1,0,0,anti_homophones
14430,mE3zheng1,9,-6.124521983842235,2,6.124521983842235,1,0,2,anti_homophones
14431,san1yC1,7,-6.05981956276149,2,6.05981956276149,1,0,2,anti_homophones
14432,he1bE4lQ3tan2,13,-12.988413360515574,4,12.988413360515574,1,0,0,anti_homophones
14433,jing3ren2da1bM2,15,-13.453909610299043,4,13.453909610299043,1,0,0,anti_homophones
14434,qin1gV4wE3,10,-9.374255763488257,3,9.374255763488257,1,0,0,anti_homophones
14435,pu3tV5,6,-5.617867204935842,2,5.617867204935842,1,0,6,anti_homophones
14436,yi1yu4,6,-5.294470783417491,2,5.294470783417491,1,0,15,anti_homophones
14437,xi1er2he2cong4,14,-12.27638973827116,4,12.27638973827116,1,0,0,anti_homophones
14438,jW4wen4gQ4ming2,15,-12.590780269990182,4,12.590780269990182,1,0,0,anti_homophones
14439,qin2ze2,7,-6.322916713057498,2,6.322916713057498,1,0,0,anti_homophones
14440,yan3shu1ming2,13,-8.649854173582204,3,8.649854173582204,1,0,0,anti_homophones
14441,cA3yun5hu1,10,-8.9393325353254,3,8.9393325353254,1,0,0,anti_homophones
14442,jW1xLn4bA4,10,-8.552276888220275,3,8.552276888220275,1,0,0,anti_homophones
14443,xUn3dO2,7,-6.918432139885777,2,6.918432139885777,1,0,0,anti_homophones
14444,jin1wen2,8,-5.423978541943041,2,5.423978541943041,1,0,5,anti_homophones
14445,jK4bQ3hI4,9,-8.766348482831654,3,8.766348482831654,1,0,0,anti_homophones
14446,hI2si1,6,-5.6144240408845345,2,5.6144240408845345,1,0,4,anti_homophones
14447,xW3zhi1ti3,10,-7.988454432334801,3,7.988454432334801,1,0,0,anti_homophones
14448,zhen4shi3zhi4,13,-8.88379562388182,3,8.88379562388182,1,0,0,anti_homophones
14449,pang2jM4,8,-7.063834253625214,2,7.063834253625214,1,0,0,anti_homophones
14450,pV1fu4qUn2er3,13,-11.811495376575275,4,11.811495376575275,1,0,0,anti_homophones
14451,bLn4li5,7,-6.472658767352914,2,6.472658767352914,1,0,2,anti_homophones
14452,shen2xing2tong1chan4,20,-12.123394574832036,4,12.123394574832036,1,0,0,anti_homophones
14453,yang3xing4,10,-6.245283830101075,2,6.245283830101075,1,0,3,anti_homophones
14454,nv4xC4yun2,10,-11.253515513983768,3,11.253515513983768,1,0,0,anti_homophones
14455,jM1she4,7,-5.568160793988001,2,5.568160793988001,1,0,4,anti_homophones
14456,bW3lLn2bu4,10,-8.371555070582325,3,8.371555070582325,1,0,0,anti_homophones
14457,tu1yang4,8,-6.887162423004108,2,6.887162423004108,1,0,0,anti_homophones
14458,lan2di3,7,-6.7857446941992325,2,6.7857446941992325,1,0,1,anti_homophones
14459,sQ3mW2,6,-5.689780789089821,2,5.689780789089821,1,0,2,anti_homophones
14460,yi2jL1,6,-5.573547666810652,2,5.573547666810652,1,0,5,anti_homophones
14461,bo1wang4lv4,11,-9.243378366348493,3,9.243378366348493,1,0,0,anti_homophones
14462,sheng1se4,9,-5.379634740496449,2,5.379634740496449,1,0,6,anti_homophones
14463,fen3ping4,9,-6.465703301818248,2,6.465703301818248,1,0,0,anti_homophones
14464,du2shi4ye4li4,13,-9.697577554591161,4,9.697577554591161,1,0,0,anti_homophones
14465,hE1shi2,7,-5.392807462644899,2,5.392807462644899,1,0,1,anti_homophones
14466,dLn1re4,7,-7.217485357047587,2,7.217485357047587,1,0,1,anti_homophones
14467,jL3jM3fa3a3,11,-11.653815505100692,4,11.653815505100692,1,0,0,anti_homophones
14468,gUng3bu4lu4,11,-8.696614805800795,3,8.696614805800795,1,0,0,anti_homophones
14469,tLn1kUng1,9,-6.271601019427577,2,6.271601019427577,1,0,1,anti_homophones
14470,qL4tu4xC2,9,-10.796287490797686,3,10.796287490797686,1,0,0,anti_homophones
14471,di3pi2,6,-5.9665948254848225,2,5.9665948254848225,1,0,0,anti_homophones
14472,hang4shi4,9,-5.726808936749562,2,5.726808936749562,1,0,3,anti_homophones
14473,en1cha2jC2xing2,15,-11.534011120986664,4,11.534011120986664,1,0,0,anti_homophones
14474,wE2gI1,6,-5.152023712342648,2,5.152023712342648,1,0,1,anti_homophones
14475,fa1hang1,8,-5.767290591955841,2,5.767290591955841,1,0,1,anti_homophones
14476,zhong2xi1,9,-6.2749179675456634,2,6.2749179675456634,1,0,2,anti_homophones
14477,tQ3zong1yang2yV2,16,-13.571508160523281,4,13.571508160523281,1,0,0,anti_homophones
14478,qLn3de5le1,10,-10.001135332803264,3,10.001135332803264,1,0,0,anti_homophones
14479,yV3di4de5,9,-8.765047883034564,3,8.765047883034564,1,0,0,anti_homophones
14480,zi4zheng1tUn2gUng1,18,-11.647663002443958,4,11.647663002443958,1,0,0,anti_homophones
14481,ba2cA4,6,-6.3887877125271055,2,6.3887877125271055,1,0,0,anti_homophones
14482,dO1shen3shi2wan4,16,-11.852544317400643,4,11.852544317400643,1,0,0,anti_homophones
14483,du2cheng1mA4lLn3,16,-12.699376439915092,4,12.699376439915092,1,0,0,anti_homophones
14484,nong4mo4jLn4,12,-10.199383504190834,3,10.199383504190834,1,0,0,anti_homophones
14485,man2li2,7,-6.953139551440386,2,6.953139551440386,1,0,0,anti_homophones
14486,jing1zhong4,11,-6.101114240089782,2,6.101114240089782,1,0,2,anti_homophones
14487,hu2gong4,8,-5.936938411290731,2,5.936938411290731,1,0,1,anti_homophones
14488,gI3zhong2ban4,13,-9.819784896637497,3,9.819784896637497,1,0,0,anti_homophones
14489,he2fang2da4,11,-8.609912964183994,3,8.609912964183994,1,0,0,anti_homophones
14490,ren4gE3,7,-7.229604986736148,2,7.229604986736148,1,0,0,anti_homophones
14491,ri4gen1,7,-6.809986352918145,2,6.809986352918145,1,0,0,anti_homophones
14492,xLng1lu4,8,-5.696370618000928,2,5.696370618000928,1,1,1,anti_homophones
14493,dQ4shen4yong4,13,-9.521418497213384,3,9.521418497213384,1,0,0,anti_homophones
14494,lan3li4,7,-5.934040413340029,2,5.934040413340029,1,0,6,anti_homophones
14495,xu4qing2,8,-6.493113146297689,2,6.493113146297689,1,0,0,anti_homophones
14496,bu4di4,6,-4.647070523779619,2,4.647070523779619,1,1,14,anti_homophones
14497,yi1xM4,6,-5.120966317611624,2,5.120966317611624,1,2,7,anti_homophones
14498,da3hu3chUng2,12,-9.37803902632837,3,9.37803902632837,1,0,0,anti_homophones
14499,yi1feng1ru4,11,-8.449241635964448,3,8.449241635964448,1,0,0,anti_homophones
14500,zhong2dQ4da4kP4,15,-10.869762917061188,4,10.869762917061188,1,0,0,anti_homophones
14501,dV4fE4,6,-5.773731850868307,2,5.773731850868307,1,0,2,anti_homophones
14502,kUng2xing2nan4ren2,18,-12.52600810244054,4,12.52600810244054,1,0,0,anti_homophones
14503,xi1shu3,7,-5.96617865865939,2,5.96617865865939,1,1,4,anti_homophones
14504,qu3jin1,7,-6.133345113135206,2,6.133345113135206,1,0,3,anti_homophones
14505,shi4lK1,7,-6.762068404506745,2,6.762068404506745,1,0,1,anti_homophones
14506,shun1gO1,8,-7.253487688772258,2,7.253487688772258,1,0,0,anti_homophones
14507,ying2man4man5da1,16,-12.993230688531966,4,12.993230688531966,1,0,0,anti_homophones
14508,tO1ping2,8,-6.219198208645125,2,6.219198208645125,1,0,0,anti_homophones
14509,jK3hV4fu2,9,-8.021027408991204,3,8.021027408991204,1,0,0,anti_homophones
14510,xi2mi3ba1dQ1,12,-13.547393878390793,4,13.547393878390793,1,0,0,anti_homophones
14511,zheng2jin4bu4de2,16,-10.4035430964395,4,10.4035430964395,1,0,0,anti_homophones
14512,tLn1ban1xi5,11,-9.384177245899119,3,9.384177245899119,1,0,0,anti_homophones
14513,he2du3sheng1hU4,15,-11.94963876880133,4,11.94963876880133,1,0,0,anti_homophones
14514,cu1hQ4,6,-5.917917227992743,2,5.917917227992743,1,0,3,anti_homophones
14515,zhan1jW1,8,-6.637372814576452,2,6.637372814576452,1,0,1,anti_homophones
14516,ya4yan2cA2shUn2,15,-12.592774855840611,4,12.592774855840611,1,0,0,anti_homophones
14517,xun4li4,7,-5.4284351523794,2,5.4284351523794,1,1,3,anti_homophones
14518,zu1hUng1,8,-7.101715562487458,2,7.101715562487458,1,0,1,anti_homophones
14519,cheng4zi1,9,-6.948683476429183,2,6.948683476429183,1,0,0,anti_homophones
14520,ta1hU2du4nv3,12,-13.587171936486818,4,13.587171936486818,1,0,0,anti_homophones
14521,jin4xing3,9,-5.620396765328244,2,5.620396765328244,1,1,5,anti_homophones
14522,can1cheng4tu2,13,-9.273013585199413,3,9.273013585199413,1,0,0,anti_homophones
14523,yQ1da4sheng3shu4,16,-11.802055670655594,4,11.802055670655594,1,0,0,anti_homophones
14524,rV2hU1,6,-6.364584957798619,2,6.364584957798619,1,0,0,anti_homophones
14525,xC4zheng1,9,-5.982780078071733,2,5.982780078071733,1,0,0,anti_homophones
14526,meng1xing2,10,-6.386449410573533,2,6.386449410573533,1,0,2,anti_homophones
14527,sha1jing2,9,-6.19050984433476,2,6.19050984433476,1,0,3,anti_homophones
14528,mLn4bi4,7,-5.997985846377702,2,5.997985846377702,1,0,2,anti_homophones
14529,zeng2jL1meng3,13,-9.728307252240892,3,9.728307252240892,1,0,0,anti_homophones
14530,hA3gUn3,7,-5.97414857206898,2,5.97414857206898,1,0,2,anti_homophones
14531,gUn3chang2che1,14,-8.862357010177238,3,8.862357010177238,1,0,0,anti_homophones
14532,zhQ2tV2tu1,10,-11.926109109845525,3,11.926109109845525,1,0,0,anti_homophones
14533,hU4yC1,6,-5.705922752904762,2,5.705922752904762,1,0,1,anti_homophones
14534,tV1chan4,8,-6.6701171706402915,2,6.6701171706402915,1,0,0,anti_homophones
14535,yi1bQ4,6,-5.631260170692033,2,5.631260170692033,1,0,8,anti_homophones
14536,he1ye4,6,-6.852846157785606,2,6.852846157785606,1,0,5,anti_homophones
14537,A4dQ5,5,-7.326334565016692,2,7.326334565016692,1,0,0,anti_homophones
14538,ren2xLng2yan2,13,-8.406970335678917,3,8.406970335678917,1,0,0,anti_homophones
14539,shu4gong1jing4,14,-9.065185683870741,3,9.065185683870741,1,0,0,anti_homophones
14540,pA1pa2gUn1bi3,13,-11.912367851902713,4,11.912367851902713,1,0,0,anti_homophones
14541,ling2hUn2,9,-6.498287284842492,2,6.498287284842492,1,0,1,anti_homophones
14542,xin1ji1dUn3,11,-8.822938472693886,3,8.822938472693886,1,0,0,anti_homophones
14543,hE1hen1fu4,10,-9.140129847011863,3,9.140129847011863,1,0,0,anti_homophones
14544,lv3tu3gP3zi5,12,-11.675866224170644,4,11.675866224170644,1,0,0,anti_homophones
14545,bo1kA3,6,-6.392653857800752,2,6.392653857800752,1,0,0,anti_homophones
14546,kUng4mA4fa1,11,-9.49472368085744,3,9.49472368085744,1,0,0,anti_homophones
14547,gong4er2,8,-5.978607074333722,2,5.978607074333722,1,0,2,anti_homophones
14548,sheng1lun2xi2qUn2,17,-12.053852322630435,4,12.053852322630435,1,0,0,anti_homophones
14549,gUng2kUn3jL4,12,-9.51212782249683,3,9.51212782249683,1,0,0,anti_homophones
14550,ni2bE3,6,-7.075050606090736,2,7.075050606090736,1,0,1,anti_homophones
14551,yun4shi3,8,-5.880416400736639,2,5.880416400736639,1,0,3,anti_homophones
14552,xW3pQ4shi4,10,-7.726368294273211,3,7.726368294273211,1,0,0,anti_homophones
14553,bE3ding4,8,-6.959090873447074,2,6.959090873447074,1,0,1,anti_homophones
14554,ke3qu3,6,-5.377899695349345,2,5.377899695349345,1,0,1,anti_homophones
14555,ling1rQ3,8,-6.763424643299193,2,6.763424643299193,1,0,1,anti_homophones
14556,ji4zheng4fan4fan4,17,-12.171591117675709,4,12.171591117675709,1,0,0,anti_homophones
14557,zE2wang1cong4,13,-10.433174943981587,3,10.433174943981587,1,0,0,anti_homophones
14558,gU4sheng1shi5,13,-9.612673305478337,3,9.612673305478337,1,0,0,anti_homophones
14559,yV2fE1xL4,9,-8.15229326805731,3,8.15229326805731,1,0,0,anti_homophones
14560,fu2ke4ji1shi4,13,-10.61660533469862,4,10.61660533469862,1,0,0,anti_homophones
14561,chu1nLn2,8,-5.694383393341459,2,5.694383393341459,1,0,1,anti_homophones
14562,gong4jin4,9,-5.872107253431305,2,5.872107253431305,1,0,2,anti_homophones
14563,zhi1xLng3,9,-5.761716022926703,2,5.761716022926703,1,0,1,anti_homophones
14564,song3yUn1dA4,12,-10.485085479465505,3,10.485085479465505,1,0,0,anti_homophones
14565,cha2qLn2yUn2,12,-8.22809712021184,3,8.22809712021184,1,0,0,anti_homophones
14566,cQ3wu2she4deng2,15,-12.14265075666483,4,12.14265075666483,1,0,0,anti_homophones
14567,xW3chO4dUn3zi5,14,-11.818710127560399,4,11.818710127560399,1,0,0,anti_homophones
14568,ma2dA4yin3,10,-9.860896452448632,3,9.860896452448632,1,0,0,anti_homophones
14569,shI3hV4,7,-6.840562108694952,2,6.840562108694952,1,0,6,anti_homophones
14570,jW1he2,6,-5.194073391552787,2,5.194073391552787,1,0,2,anti_homophones
14571,pi2ru4,6,-6.2101123384857,2,6.2101123384857,1,0,4,anti_homophones
14572,leng1sha1,9,-6.642777639808181,2,6.642777639808181,1,0,0,anti_homophones
14573,da4ji2,6,-4.789751143023648,2,4.789751143023648,1,0,10,anti_homophones
14574,zhUng1ci2,9,-6.463575648021318,2,6.463575648021318,1,0,0,anti_homophones
14575,hang2yi4yi2,11,-9.037306712340536,3,9.037306712340536,1,0,0,anti_homophones
14576,ling1ye4,8,-5.822980768268559,2,5.822980768268559,1,0,1,anti_homophones
14577,nK3dLn3,7,-5.449784497141894,2,5.449784497141894,1,0,0,anti_homophones
14578,hUng1qi4hA4,11,-8.499193868227676,3,8.499193868227676,1,0,0,anti_homophones
14579,shi4shI4,8,-5.917454817025789,2,5.917454817025789,1,0,5,anti_homophones
14580,jM3shI4,7,-6.438242192121596,2,6.438242192121596,1,0,2,anti_homophones
14581,mE3rO4,6,-5.377054141762474,2,5.377054141762474,1,0,0,anti_homophones
14582,ya4mo2,6,-6.429048721428134,2,6.429048721428134,1,0,1,anti_homophones
14583,shan1sheng4qUn1,15,-10.053472160397007,3,10.053472160397007,1,0,0,anti_homophones
14584,san1qu3,7,-6.242724791575938,2,6.242724791575938,1,0,1,anti_homophones
14585,meng1tong4gong2hong1,20,-13.469402949254494,4,13.469402949254494,1,0,0,anti_homophones
14586,sheng1de2,9,-5.666568563601249,2,5.666568563601249,1,0,0,anti_homophones
14587,ran2zhu4gan3,12,-9.65964772636143,3,9.65964772636143,1,0,0,anti_homophones
14588,ting1nLn4,9,-7.061754441568223,2,7.061754441568223,1,0,0,anti_homophones
14589,gong4zhi4,9,-5.5522703787244145,2,5.5522703787244145,1,0,4,anti_homophones
14590,jun1zhu1di3,11,-9.519761527804539,3,9.519761527804539,1,0,0,anti_homophones
14591,xL4lM4cha2,10,-8.326975999042517,3,8.326975999042517,1,0,0,anti_homophones
14592,hu2lv4,6,-5.751524656777695,2,5.751524656777695,1,0,3,anti_homophones
14593,qin1jM2zhUng1,13,-9.238629320938788,3,9.238629320938788,1,0,0,anti_homophones
14594,wA4lLng4zheng1shi4,18,-11.128777245927136,4,11.128777245927136,1,0,0,anti_homophones
14595,ding4sA4,8,-6.504098271113496,2,6.504098271113496,1,0,1,anti_homophones
14596,jW4sheng4,9,-5.873503775944767,2,5.873503775944767,1,1,0,anti_homophones
14597,wang4da4jK3,11,-8.708157189139968,3,8.708157189139968,1,0,0,anti_homophones
14598,xin1bu4dI4,10,-7.632995739567534,3,7.632995739567534,1,0,0,anti_homophones
14599,ke1xLn3yu4ming1,15,-12.210781162649994,4,12.210781162649994,1,0,0,anti_homophones
14600,zhA2zi5,7,-5.241243513906331,2,5.241243513906331,1,2,5,anti_homophones
14601,chQ1wen4,8,-7.2432309604443645,2,7.2432309604443645,1,0,1,anti_homophones
14602,lQ3lv4,6,-5.106991519150122,2,5.106991519150122,1,1,10,anti_homophones
14603,jW4xi2,6,-6.005463874591418,2,6.005463874591418,1,0,3,anti_homophones
14604,an1cun2zhen2,12,-9.482932337537301,3,9.482932337537301,1,0,0,anti_homophones
14605,tQ2jW3qi3yong4,14,-11.952135100163597,4,11.952135100163597,1,0,0,anti_homophones
14606,lang2mQ1,8,-7.61130193666557,2,7.61130193666557,1,0,0,anti_homophones
14607,ji2dan3,7,-6.607447597351424,2,6.607447597351424,1,0,4,anti_homophones
14608,wA1xM4,6,-6.428033354846858,2,6.428033354846858,1,0,0,anti_homophones
14609,li4qu3zi4ya1,12,-12.303126301230014,4,12.303126301230014,1,0,0,anti_homophones
14610,xing2bQ4,8,-5.723576204097678,2,5.723576204097678,1,0,7,anti_homophones
14611,xLn4bQ1shi4,11,-8.337526711492165,3,8.337526711492165,1,0,0,anti_homophones
14612,qing2yUn2,9,-5.421585336040312,2,5.421585336040312,1,0,4,anti_homophones
14613,dI4kang1,8,-6.5682707310659305,2,6.5682707310659305,1,0,0,anti_homophones
14614,fE3ban3,7,-5.74696288757492,2,5.74696288757492,1,0,1,anti_homophones
14615,cQ1zA3zi5,9,-7.672688401065972,3,7.672688401065972,1,0,0,anti_homophones
14616,zO3dUn4sO3bu4,13,-11.092918037093058,4,11.092918037093058,1,0,0,anti_homophones
14617,shV1sV1shi1mu4,14,-10.189731551351127,4,10.189731551351127,1,0,0,anti_homophones
14618,bu4hen3,7,-6.988961719218579,2,6.988961719218579,1,0,2,anti_homophones
14619,neng2hU4,8,-6.368092825778855,2,6.368092825778855,1,0,2,anti_homophones
14620,wen2mQ4,7,-6.045063812396795,2,6.045063812396795,1,0,1,anti_homophones
14621,yan3jW4kan1shi1,15,-12.176066652928313,4,12.176066652928313,1,0,0,anti_homophones
14622,yC1gO4hO2,9,-9.449016761516567,3,9.449016761516567,1,0,0,anti_homophones
14623,lV4ke4li4,9,-8.239298508612137,3,8.239298508612137,1,0,0,anti_homophones
14624,wu3fen4,7,-5.888885589150841,2,5.888885589150841,1,0,2,anti_homophones
14625,chong3gV4zO4lO4,15,-12.340722594842704,4,12.340722594842704,1,0,0,anti_homophones
14626,chang1zO4,9,-5.982465203148206,2,5.982465203148206,1,0,1,anti_homophones
14627,mo4qu1,6,-6.713045673158219,2,6.713045673158219,1,0,1,anti_homophones
14628,jW3shu3zang4qi4,15,-12.265975662929806,4,12.265975662929806,1,0,0,anti_homophones
14629,zu2dV4leng4,11,-12.064661951027222,3,12.064661951027222,1,0,0,anti_homophones
14630,lUn4mo4ming4,12,-9.27138739573091,3,9.27138739573091,1,0,0,anti_homophones
14631,pi3fang2hI4,11,-9.096618785329396,3,9.096618785329396,1,0,0,anti_homophones
14632,dang2sheng2yC4,14,-9.519226221699453,3,9.519226221699453,1,0,0,anti_homophones
14633,bA2hA2,6,-6.0194379312813435,2,6.0194379312813435,1,0,4,anti_homophones
14634,wu3xLng1fa1,11,-9.008210826143403,3,9.008210826143403,1,0,0,anti_homophones
14635,xin1xLn3bing2qi1,16,-11.806389260509006,4,11.806389260509006,1,0,0,anti_homophones
14636,dQ4shi3hu2cQ3,13,-12.146032167483435,4,12.146032167483435,1,0,0,anti_homophones
14637,bu4kI2,6,-5.662099651126999,2,5.662099651126999,1,1,1,anti_homophones
14638,yi4nLn2hI4kan1,14,-11.118872079564516,4,11.118872079564516,1,0,0,anti_homophones
14639,ti3ye4,6,-5.646486243246417,2,5.646486243246417,1,0,3,anti_homophones
14640,ri4ju1shQ4,10,-9.546487918446312,3,9.546487918446312,1,0,0,anti_homophones
14641,tan4zu2,7,-6.392762059769194,2,6.392762059769194,1,0,5,anti_homophones
14642,xL1hO3,6,-6.076119412173332,2,6.076119412173332,1,0,1,anti_homophones
14643,jW1kong2,8,-7.503033400533685,2,7.503033400533685,1,0,1,anti_homophones
14644,lu4rong4,8,-6.179037917725022,2,6.179037917725022,1,0,2,anti_homophones
14645,er3gV4ping5,11,-10.843722741199162,3,10.843722741199162,1,0,0,anti_homophones
14646,hU1zi5,6,-4.624608329178919,2,4.624608329178919,1,1,9,anti_homophones
14647,fu3mu4yi4jin4,13,-10.625523085873082,4,10.625523085873082,1,0,0,anti_homophones
14648,te4bM2ya2,9,-8.66617041845272,3,8.66617041845272,1,0,0,anti_homophones
14649,qLn2tLn1,8,-5.620296290071293,2,5.620296290071293,1,0,1,anti_homophones
14650,xK4zhA2yV4,10,-10.600227280105308,3,10.600227280105308,1,0,0,anti_homophones
14651,qi3pA2qLn3,10,-9.165589073781604,3,9.165589073781604,1,0,0,anti_homophones
14652,gA4nW3,6,-5.842054827527315,2,5.842054827527315,1,0,2,anti_homophones
14653,jLng2gI1zhUn4mE4,16,-12.560875841378131,4,12.560875841378131,1,0,0,anti_homophones
14654,qu3chu1,7,-6.099856006585272,2,6.099856006585272,1,0,3,anti_homophones
14655,zhang1er2zhi3re3,16,-13.595893053985757,4,13.595893053985757,1,0,0,anti_homophones
14656,she4yUn2zhi3,12,-8.0602967550415,3,8.0602967550415,1,0,0,anti_homophones
14657,pin3yi4shi1fan3,15,-10.834254873731009,4,10.834254873731009,1,0,0,anti_homophones
14658,yQ2xing1hO4qW2,14,-12.981652305714842,4,12.981652305714842,1,0,0,anti_homophones
14659,xL2ci2,6,-5.76468819126636,2,5.76468819126636,1,0,0,anti_homophones
14660,kA4fo2zi5,9,-10.031322533008227,3,10.031322533008227,1,0,0,anti_homophones
14661,gA3gen1fan4f2bM2,16,-17.90635805092665,4,17.90635805092665,1,0,0,anti_homophones
14662,kA1wE4,6,-5.443858494166397,2,5.443858494166397,1,1,5,anti_homophones
14663,qLn1xing1,9,-5.905541402726322,2,5.905541402726322,1,0,5,anti_homophones
14664,hV4chan4,8,-6.003035809723723,2,6.003035809723723,1,0,1,anti_homophones
14665,wu1jL1,6,-5.986973348508959,2,5.986973348508959,1,0,4,anti_homophones
14666,tA2tang4bM2zhang3,17,-13.704175920466433,4,13.704175920466433,1,0,0,anti_homophones
14667,sI2jK3wen2fa3,13,-11.491348095332317,4,11.491348095332317,1,0,0,anti_homophones
14668,zi4xL2yV3,9,-9.73413588990412,3,9.73413588990412,1,0,0,anti_homophones
14669,xin1lK2lLng2de5,15,-11.0948172845065,4,11.0948172845065,1,0,0,anti_homophones
14670,A1si3neng1,10,-9.34967896180738,3,9.34967896180738,1,0,0,anti_homophones
14671,A4qLn1,6,-6.310901298914896,2,6.310901298914896,1,0,1,anti_homophones
14672,feng2dV4,8,-6.978629486962369,2,6.978629486962369,1,0,1,anti_homophones
14673,zi4shV3gUng2,12,-9.306158175632698,3,9.306158175632698,1,0,0,anti_homophones
14674,chen1shu4,9,-5.815196014893621,2,5.815196014893621,1,0,2,anti_homophones
14675,chV1fu1,7,-6.345884823560414,2,6.345884823560414,1,0,2,anti_homophones
14676,tM3shi4,7,-4.988257200949644,2,4.988257200949644,1,0,5,anti_homophones
14677,te4du4,6,-5.129177058488697,2,5.129177058488697,1,0,7,anti_homophones
14678,bu4shi1zi3,10,-7.7868282714953425,3,7.7868282714953425,1,0,0,anti_homophones
14679,qM1cI4,6,-7.218104060312867,2,7.218104060312867,1,0,0,anti_homophones
14680,bE4lE4,6,-5.636750957158249,2,5.636750957158249,1,0,3,anti_homophones
14681,nan2ming1,9,-6.151452789773392,2,6.151452789773392,1,0,3,anti_homophones
14682,xW3di2,6,-5.873597439642634,2,5.873597439642634,1,0,6,anti_homophones
14683,qUn2xi2du4kang2,15,-14.366695151990715,4,14.366695151990715,1,0,0,anti_homophones
14684,jL4yu4zO4,9,-9.109558597649382,3,9.109558597649382,1,0,0,anti_homophones
14685,qi1xi2,6,-6.1847136955714905,2,6.1847136955714905,1,0,1,anti_homophones
14686,fu4shi4zhang1lan3,17,-11.42369544627241,4,11.42369544627241,1,0,0,anti_homophones
14687,lK2hU4zhi1wE4,13,-10.386971056648541,4,10.386971056648541,1,0,0,anti_homophones
14688,wu2zhi4,7,-5.144883627910017,2,5.144883627910017,1,0,6,anti_homophones
14689,hI1wE4yu4jin3,13,-11.815444840697467,4,11.815444840697467,1,0,0,anti_homophones
14690,chUn4cQ1lLn4chan1,17,-13.850407517530426,4,13.850407517530426,1,0,0,anti_homophones
14691,xing1ceng1,10,-6.927814803104526,2,6.927814803104526,1,0,2,anti_homophones
14692,zhe2shen2,9,-6.539626909480031,2,6.539626909480031,1,0,0,anti_homophones
14693,qK2di4,6,-5.696509996881518,2,5.696509996881518,1,0,3,anti_homophones
14694,bu4xC2hO4,9,-7.875247033233552,3,7.875247033233552,1,0,0,anti_homophones
14695,shen1han4,9,-6.962310514815136,2,6.962310514815136,1,0,0,anti_homophones
14696,fa1qLn1xLn3,11,-8.572597570461483,3,8.572597570461483,1,0,0,anti_homophones
14697,shang1qi1wu4,12,-8.584893727847186,3,8.584893727847186,1,0,0,anti_homophones
14698,si1yang3dA4dQ4,14,-11.172063956697748,4,11.172063956697748,1,0,0,anti_homophones
14699,cheng1mE4pa4,12,-9.686748966241495,3,9.686748966241495,1,0,0,anti_homophones
14700,zhi4wu3,7,-5.835483985616315,2,5.835483985616315,1,1,2,anti_homophones
14701,tM3qW3shI4,10,-8.343491884224015,3,8.343491884224015,1,0,0,anti_homophones
14702,jing1di1dLn3,12,-8.616560034444303,3,8.616560034444303,1,0,0,anti_homophones
14703,li4fu2shu4,10,-8.487393275465223,3,8.487393275465223,1,0,0,anti_homophones
14704,gU4jM3mLn4ji4,13,-11.662880816561074,4,11.662880816561074,1,0,0,anti_homophones
14705,gUn1xi3,7,-5.876986011312469,2,5.876986011312469,1,0,4,anti_homophones
14706,fa1hu1,6,-5.443709736652268,2,5.443709736652268,1,1,5,anti_homophones
14707,zheng1jC2chen1,14,-9.27170095910123,3,9.27170095910123,1,0,0,anti_homophones
14708,gO2se4,6,-4.751077671637757,2,4.751077671637757,1,1,4,anti_homophones
14709,jLn1li3lA2,10,-8.079287321312812,3,8.079287321312812,1,0,0,anti_homophones
14710,lLng2dong3,10,-7.098357520862692,2,7.098357520862692,1,0,1,anti_homophones
14711,yUn2bin1,8,-6.664699175297181,2,6.664699175297181,1,0,1,anti_homophones
14712,ji2run4nLn2lV2,14,-12.735270748376408,4,12.735270748376408,1,0,0,anti_homophones
14713,feng2gI1,8,-5.928004342415776,2,5.928004342415776,1,0,0,anti_homophones
14714,chang1wu3xL4ying4,17,-12.48727960167091,4,12.48727960167091,1,0,0,anti_homophones
14715,bLn4chu1mi4di4,14,-11.574886273784342,4,11.574886273784342,1,0,0,anti_homophones
14716,yi1kQ3shen4yu3,14,-11.116772940323708,4,11.116772940323708,1,0,0,anti_homophones
14717,fu4shi2,7,-4.9654582264445235,2,4.9654582264445235,1,0,8,anti_homophones
14718,kV3ju4,6,-6.108291779658775,2,6.108291779658775,1,0,5,anti_homophones
14719,bu4hI4xC2yUn2,13,-9.453091451996663,4,9.453091451996663,1,0,0,anti_homophones
14720,xLn4san4fang2,13,-10.436626902360254,3,10.436626902360254,1,0,0,anti_homophones
14721,jW4qi4,6,-5.400701558971715,2,5.400701558971715,1,0,10,anti_homophones
14722,fu1pin3dQ1,10,-9.560688630705897,3,9.560688630705897,1,0,0,anti_homophones
14723,dan3mo2bo2shang1,16,-12.770750176297645,4,12.770750176297645,1,0,0,anti_homophones
14724,ju1zi1li4,9,-8.523406309946585,3,8.523406309946585,1,0,0,anti_homophones
14725,hong3tA2,8,-6.891260159483251,2,6.891260159483251,1,0,2,anti_homophones
14726,qing1hQ4,8,-6.010053598632741,2,6.010053598632741,1,0,1,anti_homophones
14727,jing4ling2,10,-6.3804995304742445,2,6.3804995304742445,1,0,3,anti_homophones
14728,dLn4shV4,8,-6.056835200785306,2,6.056835200785306,1,0,3,anti_homophones
14729,wu3xing4yi1,11,-8.764330514539994,3,8.764330514539994,1,0,0,anti_homophones
14730,qLn2yV3fV3rang4,15,-12.443038032091456,4,12.443038032091456,1,0,0,anti_homophones
14731,qing1ping4,10,-6.478422657387202,2,6.478422657387202,1,0,0,anti_homophones
14732,qing1si1,8,-5.859845155101127,2,5.859845155101127,1,0,4,anti_homophones
14733,xW3ceng2hUn3,12,-9.452440274359759,3,9.452440274359759,1,0,0,anti_homophones
14734,hU4mo4ji1,9,-8.107688173274024,3,8.107688173274024,1,0,0,anti_homophones
14735,fE1fan2,7,-6.210662457506631,2,6.210662457506631,1,0,2,anti_homophones
14736,ri4lK1,6,-7.217515111533576,2,7.217515111533576,1,0,0,anti_homophones
14737,qLng4yV3xW3,11,-9.306008395893702,3,9.306008395893702,1,0,0,anti_homophones
14738,yi2lu4,6,-5.652038248201559,2,5.652038248201559,1,0,8,anti_homophones
14739,tQ2qi4,6,-5.1090148214397075,2,5.1090148214397075,1,0,3,anti_homophones
14740,hong2zhang2,11,-6.779209778657699,2,6.779209778657699,1,0,0,anti_homophones
14741,hP2bE4,6,-7.043160632153722,2,7.043160632153722,1,0,1,anti_homophones
14742,gUn3zi5,7,-5.016231420825002,2,5.016231420825002,1,2,6,anti_homophones
14743,se4sheng1,9,-6.890311213681744,2,6.890311213681744,1,0,2,anti_homophones
14744,bQ3xin1shV3,11,-7.671281019536547,3,7.671281019536547,1,0,0,anti_homophones
14745,zhen2zhUng2chUn2zhi4,20,-12.752798437291545,4,12.752798437291545,1,0,0,anti_homophones
14746,qW3bE4,6,-6.290892771039547,2,6.290892771039547,1,0,0,anti_homophones
14747,ta4chun1chu3,12,-10.718977067998951,3,10.718977067998951,1,0,0,anti_homophones
14748,heng1ji1ken3,12,-10.26777574292163,3,10.26777574292163,1,0,0,anti_homophones
14749,pA2ca1zi5,9,-7.931446645829116,3,7.931446645829116,1,0,0,anti_homophones
14750,deng1chV2cu4,12,-10.096913452188554,3,10.096913452188554,1,0,0,anti_homophones
14751,jing4zhi1shi5kong2,18,-12.035674441756656,4,12.035674441756656,1,0,0,anti_homophones
14752,bu4de5,6,-4.924055433934016,2,4.924055433934016,1,0,2,anti_homophones
14753,tV2jLn3,7,-6.219485711925781,2,6.219485711925781,1,0,1,anti_homophones
14754,zA4tA4zhi1,10,-8.866172776515025,3,8.866172776515025,1,0,0,anti_homophones
14755,chong4jL4,9,-6.186391853196564,2,6.186391853196564,1,0,2,anti_homophones
14756,kA1xW3zA3,9,-8.829397740572333,3,8.829397740572333,1,0,0,anti_homophones
14757,zhang2ye4xin4,13,-8.86669470394729,3,8.86669470394729,1,0,0,anti_homophones
14758,kA1jL1,6,-5.511419875954507,2,5.511419875954507,1,0,2,anti_homophones
14759,jin4shI3wang3zhV4,17,-12.363271674681329,4,12.363271674681329,1,0,0,anti_homophones
14760,tLn1zhUn4mE1,12,-10.953461884197662,3,10.953461884197662,1,0,0,anti_homophones
14761,tan2su4ren2fen1,15,-11.635200055209033,4,11.635200055209033,1,0,0,anti_homophones
14762,zhUn4su4,8,-6.417996639738265,2,6.417996639738265,1,0,0,anti_homophones
14763,lQ3gI3,6,-5.6481337392233195,2,5.6481337392233195,1,1,2,anti_homophones
14764,gong4kU4lW2,11,-10.574446286281946,3,10.574446286281946,1,0,0,anti_homophones
14765,zhI1xu1shu1,11,-9.337152851456043,3,9.337152851456043,1,0,0,anti_homophones
14766,nu4A3gQ3,8,-8.907106296019663,3,8.907106296019663,1,0,0,anti_homophones
14767,da4tong3,8,-5.757272595981119,2,5.757272595981119,1,0,2,anti_homophones
14768,kP4cA2,6,-5.928689369087398,2,5.928689369087398,1,0,1,anti_homophones
14769,gA3jL4chun3,11,-10.080096891600029,3,10.080096891600029,1,0,0,anti_homophones
14770,xLng1de2,8,-5.95667405893965,2,5.95667405893965,1,0,2,anti_homophones
14771,wE3deng4,8,-6.571639225530899,2,6.571639225530899,1,0,0,anti_homophones
14772,du2shi2bQ3,10,-8.810203005732495,3,8.810203005732495,1,0,0,anti_homophones
14773,qUn2yi2zhe2wu4,14,-11.016478391129498,4,11.016478391129498,1,0,0,anti_homophones
14774,wa3jL3,6,-6.702194463088131,2,6.702194463088131,1,0,0,anti_homophones
14775,lLng4dang2bQ4gQ3,16,-11.867251032100096,4,11.867251032100096,1,0,0,anti_homophones
14776,ren2zun1qM4shi2,15,-12.38905274170626,4,12.38905274170626,1,0,0,anti_homophones
14777,hI1ze2,6,-5.708477467312004,2,5.708477467312004,1,0,2,anti_homophones
14778,bi4sheng1ran2ti2,16,-11.878478725314734,4,11.878478725314734,1,0,0,anti_homophones
14779,jing1hu1qLn2,12,-9.28843947951111,3,9.28843947951111,1,0,0,anti_homophones
14780,xing3ren2,9,-5.912477797108645,2,5.912477797108645,1,0,2,anti_homophones
14781,jK4pA4yUn4,10,-8.688603990447936,3,8.688603990447936,1,0,0,anti_homophones
14782,gUn1ku3shang1zheng4,19,-12.254505558163345,4,12.254505558163345,1,0,0,anti_homophones
14783,yi1mLn2yi4,10,-7.75017024935936,3,7.75017024935936,1,0,0,anti_homophones
14784,wE2ban1li2an4,13,-11.462457169518794,4,11.462457169518794,1,0,0,anti_homophones
14785,ban4tu2,7,-5.771593371327463,2,5.771593371327463,1,0,4,anti_homophones
14786,ge4zhi3ju3bi3,13,-11.57937276157043,4,11.57937276157043,1,0,0,anti_homophones
14787,shen2shV3tV5,12,-8.53484191835179,3,8.53484191835179,1,0,0,anti_homophones
14788,lK3an4,6,-5.552266011387902,2,5.552266011387902,1,0,1,anti_homophones
14789,shI3chong1,10,-6.239144796284676,2,6.239144796284676,1,0,1,anti_homophones
14790,long1pE4,8,-7.371306895953429,2,7.371306895953429,1,0,0,anti_homophones
14791,xing1ge1,8,-6.332752470766697,2,6.332752470766697,1,0,2,anti_homophones
14792,yi1xi1,6,-4.957081501260209,2,4.957081501260209,1,1,8,anti_homophones
14793,ta1sO3,6,-6.358966053610814,2,6.358966053610814,1,0,1,anti_homophones
14794,gu1zhu3,7,-6.175211387981898,2,6.175211387981898,1,0,1,anti_homophones
14795,shI3tV2,7,-5.199629472335483,2,5.199629472335483,1,1,4,anti_homophones
14796,zA1zheng2shI3lK2,16,-11.987694696110056,4,11.987694696110056,1,0,0,anti_homophones
14797,lv4lun4,7,-6.346928950310427,2,6.346928950310427,1,0,0,anti_homophones
14798,zhi1xYng1,9,-6.311605149822213,2,6.311605149822213,1,0,0,anti_homophones
14799,jM1dA4,6,-4.440052233335515,2,4.440052233335515,1,1,8,anti_homophones
14800,kUng1lLng2xu4mu4,16,-12.05862508519772,4,12.05862508519772,1,0,0,anti_homophones
14801,yun2qi2nan2zhe2,15,-12.0574228305607,4,12.0574228305607,1,0,0,anti_homophones
14802,tQ1qLng4,8,-6.715119889945228,2,6.715119889945228,1,0,2,anti_homophones
14803,shi4dLn4,8,-5.214119304632926,2,5.214119304632926,1,0,6,anti_homophones
14804,bu4qi2xin1,10,-7.273152103636667,3,7.273152103636667,1,0,0,anti_homophones
14805,dV4nQ3,6,-5.83441013724876,2,5.83441013724876,1,1,0,anti_homophones
14806,shu4ji1cO4,10,-8.880505097878546,3,8.880505097878546,1,0,0,anti_homophones
14807,xin1hong2gUn1,13,-8.985951626291852,3,8.985951626291852,1,0,0,anti_homophones
14808,di2sheng2,9,-6.457189469760447,2,6.457189469760447,1,0,2,anti_homophones
14809,shi1dI4,7,-5.541697423268958,2,5.541697423268958,1,0,2,anti_homophones
14810,shI3ku4,7,-5.2193980945979375,2,5.2193980945979375,1,0,7,anti_homophones
14811,yUn2yUn2cheng1,14,-8.411045004938916,3,8.411045004938916,1,0,0,anti_homophones
14812,shen1rU4,8,-7.649812849373404,2,7.649812849373404,1,0,1,anti_homophones
14813,yi4shUn2,8,-6.728813210205883,2,6.728813210205883,1,0,0,anti_homophones
14814,zhong1dA4,9,-5.41857403622991,2,5.41857403622991,1,0,4,anti_homophones
14815,gong2ru3xi2,11,-9.480875588004686,3,9.480875588004686,1,0,0,anti_homophones
14816,gQ1ji1mu3jM4,12,-12.077116329237388,4,12.077116329237388,1,0,0,anti_homophones
14817,rong3meng1nM3,13,-12.657757338795747,3,12.657757338795747,1,0,0,anti_homophones
14818,nLn2xYng1,9,-6.692296552719154,2,6.692296552719154,1,0,0,anti_homophones
14819,bi4hO4,6,-5.847832004187857,2,5.847832004187857,1,0,9,anti_homophones
14820,song4qing4,10,-6.884007288636924,2,6.884007288636924,1,0,0,anti_homophones
14821,tO1A4,5,-5.698344398092591,2,5.698344398092591,1,0,4,anti_homophones
14822,ting2bing1,10,-6.9913194437473045,2,6.9913194437473045,1,0,1,anti_homophones
14823,te4ke4,6,-5.496163190931428,2,5.496163190931428,1,0,2,anti_homophones
14824,nLn2yu3,7,-5.718515793064817,2,5.718515793064817,1,0,3,anti_homophones
14825,peng1ri4,8,-6.370120308265353,2,6.370120308265353,1,0,2,anti_homophones
14826,fang3zhan4,10,-6.232481583920262,2,6.232481583920262,1,0,0,anti_homophones
14827,ju1si1zhong1,12,-9.612775409593088,3,9.612775409593088,1,0,0,anti_homophones
14828,zhi3lu4,7,-5.622600281683046,2,5.622600281683046,1,0,3,anti_homophones
14829,wen4dan3,8,-7.235290785103933,2,7.235290785103933,1,0,1,anti_homophones
14830,yC4lE4xin1,10,-7.568443669170777,3,7.568443669170777,1,0,0,anti_homophones
14831,fa3lV2,6,-6.223129891471626,2,6.223129891471626,1,0,1,anti_homophones
14832,ji1gV4,6,-6.510971359108008,2,6.510971359108008,1,0,1,anti_homophones
14833,jing2chu1ji1,12,-7.834107936479215,3,7.834107936479215,1,0,0,anti_homophones
14834,kang3ting1,10,-7.792054464677869,2,7.792054464677869,1,0,0,anti_homophones
14835,zhO2wu2keng1sheng2,18,-12.780326903018276,4,12.780326903018276,1,0,0,anti_homophones
14836,leng1ji1,8,-5.5424349144870675,2,5.5424349144870675,1,1,2,anti_homophones
14837,hI4se4,6,-5.592096441612442,2,5.592096441612442,1,0,5,anti_homophones
14838,yun2zhi4,8,-5.850914305519034,2,5.850914305519034,1,0,0,anti_homophones
14839,chi3man1gUn3,12,-11.716595280875882,3,11.716595280875882,1,0,0,anti_homophones
14840,shV1jLng4pLn4,13,-9.468954188168627,3,9.468954188168627,1,0,0,anti_homophones
14841,kQ4shi4,7,-5.5427920921134515,2,5.5427920921134515,1,0,8,anti_homophones
14842,ming2zhi2qLn2,13,-9.17185944719657,3,9.17185944719657,1,0,0,anti_homophones
14843,dQ3cQ3lLn3,10,-10.1338400884617,3,10.1338400884617,1,0,0,anti_homophones
14844,shI3gP4,7,-5.470354982513475,2,5.470354982513475,1,0,2,anti_homophones
14845,cQ3wen4du2,10,-9.170423947782991,3,9.170423947782991,1,0,0,anti_homophones
14846,hI2lM4bE1,9,-9.246969677701243,3,9.246969677701243,1,0,0,anti_homophones
14847,ru2shen2,8,-5.930546520009792,2,5.930546520009792,1,0,3,anti_homophones
14848,dan1bu4ren2,11,-7.2305077097233585,3,7.2305077097233585,1,0,0,anti_homophones
14849,hun1yV3mLn3lLng1,16,-13.56446932754905,4,13.56446932754905,1,0,0,anti_homophones
14850,su4ji2,6,-5.740565406119837,2,5.740565406119837,1,0,7,anti_homophones
14851,wE3yin3yan2,11,-8.903008121470338,3,8.903008121470338,1,0,0,anti_homophones
14852,lLn2chong1tQ4,13,-10.050777661397344,3,10.050777661397344,1,0,0,anti_homophones
14853,tO3yUn4dA4,10,-8.78706652521881,3,8.78706652521881,1,0,0,anti_homophones
14854,chI1tQ4cQ3po4,13,-13.057929858464572,4,13.057929858464572,1,0,0,anti_homophones
14855,dong2shang4,11,-6.704726813951461,2,6.704726813951461,1,0,2,anti_homophones
14856,pE2za1,6,-6.68289439289548,2,6.68289439289548,1,0,0,anti_homophones
14857,lQ3xLng4,8,-5.261558797894988,2,5.261558797894988,1,0,4,anti_homophones
14858,tV1tV2,6,-5.161404040081508,2,5.161404040081508,1,1,6,anti_homophones
14859,zheng1rV1long1,14,-11.392665245016785,3,11.392665245016785,1,0,0,anti_homophones
14860,gI1ming2,8,-6.56593600455055,2,6.56593600455055,1,0,0,anti_homophones
14861,zheng1chUn2,11,-6.2341674018746875,2,6.2341674018746875,1,0,0,anti_homophones
14862,tI1tu3qu1,9,-7.8432465443099915,3,7.8432465443099915,1,0,0,anti_homophones
14863,leng2bE4shi4,12,-8.773450941529541,3,8.773450941529541,1,0,0,anti_homophones
14864,qing1jL1,8,-5.766483180583143,2,5.766483180583143,1,0,3,anti_homophones
14865,yV3V4,5,-6.7020299433075055,2,6.7020299433075055,1,0,3,anti_homophones
14866,ze2fang4,8,-6.649060375239459,2,6.649060375239459,1,0,0,anti_homophones
14867,zi4zhang1ju1le4,15,-12.243173489876154,4,12.243173489876154,1,0,0,anti_homophones
14868,peng4di2,8,-7.210605276212022,2,7.210605276212022,1,0,1,anti_homophones
14869,hU2dI4jLn4,10,-9.717999454427874,3,9.717999454427874,1,0,0,anti_homophones
14870,yC4yu2,6,-5.297792097097015,2,5.297792097097015,1,0,6,anti_homophones
14871,zhe3qun2zi5,11,-7.8873673355430025,3,7.8873673355430025,1,0,0,anti_homophones
14872,yUn4jLn1jing1,13,-9.401111146575651,3,9.401111146575651,1,0,0,anti_homophones
14873,yi3wE1,6,-6.193394494293836,2,6.193394494293836,1,0,3,anti_homophones
14874,gA2mLn4,7,-8.032337181575423,2,8.032337181575423,1,0,2,anti_homophones
14875,A1tong1dW4yu2,13,-11.068536275312777,4,11.068536275312777,1,0,0,anti_homophones
14876,hUn2ca3li3,10,-10.662006193403181,3,10.662006193403181,1,0,0,anti_homophones
14877,gI3zheng1kV3,12,-9.274818338087004,3,9.274818338087004,1,0,0,anti_homophones
14878,gUn1ju3,7,-6.301066485533824,2,6.301066485533824,1,1,1,anti_homophones
14879,neng4mi3,8,-7.65186637689011,2,7.65186637689011,1,0,0,anti_homophones
14880,zi4zhong3ping1qing2,19,-12.508328073389086,4,12.508328073389086,1,0,0,anti_homophones
14881,zhe3qi4,7,-5.13181865912789,2,5.13181865912789,1,0,5,anti_homophones
14882,tLn1xin1qi1,11,-7.928924904692033,3,7.928924904692033,1,0,0,anti_homophones
14883,shen1chu2li4,12,-8.057082526158036,3,8.057082526158036,1,0,0,anti_homophones
14884,sheng2xLn4xing4,15,-8.326783343879603,3,8.326783343879603,1,0,0,anti_homophones
14885,hang3kA1,8,-6.7998924028541285,2,6.7998924028541285,1,0,0,anti_homophones
14886,gong2qi4,8,-5.447122612618467,2,5.447122612618467,1,0,6,anti_homophones
14887,jLn4xW1,7,-6.401713605661562,2,6.401713605661562,1,0,0,anti_homophones
14888,jW4bu4lLn2cu1,13,-13.37719846725101,4,13.37719846725101,1,0,0,anti_homophones
14889,tV1lV4fu4,9,-8.927625093381826,3,8.927625093381826,1,0,0,anti_homophones
14890,ti2qLn2,7,-5.8772689685127215,2,5.8772689685127215,1,0,2,anti_homophones
14891,yi4jUn4,7,-6.356054927690456,2,6.356054927690456,1,0,3,anti_homophones
14892,gang2kong1hU4xC3,16,-11.92847480546253,4,11.92847480546253,1,0,0,anti_homophones
14893,bing2xLn1,9,-6.42402572354516,2,6.42402572354516,1,0,2,anti_homophones
14894,wang3xL4,8,-6.4301800469765125,2,6.4301800469765125,1,0,2,anti_homophones
14895,ya2gQ4,6,-6.530070965976991,2,6.530070965976991,1,0,0,anti_homophones
14896,nUn3man4,8,-7.436296722195633,2,7.436296722195633,1,0,0,anti_homophones
14897,shUn4zi5,8,-6.012319513138817,2,6.012319513138817,1,0,3,anti_homophones
14898,bE4dQ4shi4xM1,13,-12.140746910674808,4,12.140746910674808,1,0,0,anti_homophones
14899,chUng4er3,9,-7.234781402606422,2,7.234781402606422,1,0,0,anti_homophones
14900,yV3shu1ji1zhang4,16,-10.657067689793195,4,10.657067689793195,1,0,0,anti_homophones
14901,pu1xi3jing4,11,-9.236276682140375,3,9.236276682140375,1,0,0,anti_homophones
14902,zhi2bE1,7,-6.402835014856894,2,6.402835014856894,1,0,2,anti_homophones
14903,ke3ren2mQ2san1,14,-11.230168854269513,4,11.230168854269513,1,0,0,anti_homophones
14904,ming2bu4xing4hO3,16,-11.179393023195063,4,11.179393023195063,1,0,0,anti_homophones
14905,ke3kV3bu4de5,12,-9.988475832041368,4,9.988475832041368,1,0,0,anti_homophones
14906,zheng1fang3yUn2,15,-8.6926367876492,3,8.6926367876492,1,0,0,anti_homophones
14907,zhO1ben3,8,-6.431207042627588,2,6.431207042627588,1,0,2,anti_homophones
14908,hA3shi1,7,-5.621598721533237,2,5.621598721533237,1,0,2,anti_homophones
14909,wu1lM4wu4,9,-8.499188266899258,3,8.499188266899258,1,0,0,anti_homophones
14910,wA4jLn4,7,-5.373644387992788,2,5.373644387992788,1,1,3,anti_homophones
14911,ri4jL4jLn1qi4,13,-11.682729127629647,4,11.682729127629647,1,0,0,anti_homophones
14912,jun1ren2,8,-5.271071953860172,2,5.271071953860172,1,0,6,anti_homophones
14913,yin3dLn4jW1,11,-8.91811763847309,3,8.91811763847309,1,0,0,anti_homophones
14914,xLng1lLng3shI3,14,-9.16062335932211,3,9.16062335932211,1,0,0,anti_homophones
14915,hO3cA4sQ3qu1,12,-13.17700167999949,4,13.17700167999949,1,0,0,anti_homophones
14916,xing1zhQ4shi2,13,-8.655551339948678,3,8.655551339948678,1,0,0,anti_homophones
14917,sheng4nv3,9,-7.7398663498028695,2,7.7398663498028695,1,0,1,anti_homophones
14918,jL1xin1,7,-5.611372874985964,2,5.611372874985964,1,0,5,anti_homophones
14919,jK4mu3xu4,9,-8.537098643412914,3,8.537098643412914,1,0,0,anti_homophones
14920,kan4zi5,7,-5.3273567575357434,2,5.3273567575357434,1,0,9,anti_homophones
14921,shUn3xun2yV1dan1,16,-14.893036939778215,4,14.893036939778215,1,0,0,anti_homophones
14922,qu3kU3kUn3,10,-9.036732237121006,3,9.036732237121006,1,0,0,anti_homophones
14923,yan2bing2xi4fa3,15,-11.250409026450644,4,11.250409026450644,1,0,0,anti_homophones
14924,zhUn1xLn4,9,-5.902742941727978,2,5.902742941727978,1,1,1,anti_homophones
14925,zhong3jM2ri4,12,-8.64861812358629,3,8.64861812358629,1,0,0,anti_homophones
14926,bW3yan3yC4,10,-8.156021523989638,3,8.156021523989638,1,0,0,anti_homophones
14927,zhan2zhi1,9,-6.591116442479423,2,6.591116442479423,1,0,0,anti_homophones
14928,bo2xin4,7,-6.88889652743858,2,6.88889652743858,1,0,0,anti_homophones
14929,yUn2zheng1ji5li4,16,-11.311210959215442,4,11.311210959215442,1,0,0,anti_homophones
14930,gan3tQ3,7,-6.594068294108646,2,6.594068294108646,1,0,2,anti_homophones
14931,qL4shi2ting3,12,-9.894725376617671,3,9.894725376617671,1,0,0,anti_homophones
14932,hU4gong3wu3hang2,16,-12.534012031282662,4,12.534012031282662,1,0,0,anti_homophones
14933,cong1xLng3jC2shu4,17,-12.106920627186087,4,12.106920627186087,1,0,0,anti_homophones
14934,shi4hu5,7,-6.0237619549237875,2,6.0237619549237875,1,0,3,anti_homophones
14935,ju1jC2sheng4,12,-9.617746123585276,3,9.617746123585276,1,0,0,anti_homophones
14936,pin2jin1,8,-6.477457721935162,2,6.477457721935162,1,0,2,anti_homophones
14937,xC4lv4tV2wE3,12,-10.977699420738555,4,10.977699420738555,1,0,0,anti_homophones
14938,xM4ti3,6,-5.864177843296916,2,5.864177843296916,1,1,2,anti_homophones
14939,gu4zi5,6,-5.179678845964268,2,5.179678845964268,1,0,10,anti_homophones
14940,hO3qing1chi2,12,-9.166451830383048,3,9.166451830383048,1,0,0,anti_homophones
14941,e1nO4yi4,8,-7.82298063057241,3,7.82298063057241,1,0,0,anti_homophones
14942,he2qi4,6,-4.858203883220216,2,4.858203883220216,1,1,7,anti_homophones
14943,na3ban3,7,-6.079523352115798,2,6.079523352115798,1,0,1,anti_homophones
14944,nO2zhong3,9,-8.672722542854755,2,8.672722542854755,1,0,0,anti_homophones
14945,qing4tu4mo4,11,-9.630201672421844,3,9.630201672421844,1,0,0,anti_homophones
14946,du2yin1gU1,10,-9.02010434055933,3,9.02010434055933,1,0,0,anti_homophones
14947,bu4ke3,6,-5.03291742367263,2,5.03291742367263,1,0,7,anti_homophones
14948,ying1yu2er2gO3,14,-11.03017843169042,4,11.03017843169042,1,0,0,anti_homophones
14949,hI2man3,7,-6.11832084387736,2,6.11832084387736,1,0,0,anti_homophones
14950,lQ2er2,6,-5.14463914912726,2,5.14463914912726,1,0,3,anti_homophones
14951,jin1yan3er5,11,-8.169882795647236,3,8.169882795647236,1,0,0,anti_homophones
14952,she4lv4,7,-5.6031311167084175,2,5.6031311167084175,1,0,6,anti_homophones
14953,bW1jL4,6,-5.868313367912596,2,5.868313367912596,1,0,4,anti_homophones
14954,tA4ren2,7,-5.039379130970463,2,5.039379130970463,1,0,9,anti_homophones
14955,yi4kV3,6,-6.081860127567496,2,6.081860127567496,1,0,3,anti_homophones
14956,bQ4fu2,6,-5.611928869952812,2,5.611928869952812,1,0,4,anti_homophones
14957,tLn1yan2,8,-5.7108962510416,2,5.7108962510416,1,0,3,anti_homophones
14958,ling1zhi3shV3xu3,16,-12.162950581086433,4,12.162950581086433,1,0,0,anti_homophones
14959,dQ3wu1,6,-6.555732159813547,2,6.555732159813547,1,0,1,anti_homophones
14960,hI1yan3can1,11,-9.348000188685903,3,9.348000188685903,1,0,0,anti_homophones
14961,yQ1qi4zhUn2,11,-9.023423228890566,3,9.023423228890566,1,0,0,anti_homophones
14962,bang3nLn2dong2,14,-10.449043016152322,3,10.449043016152322,1,0,0,anti_homophones
14963,she2ye4,7,-5.939277223876201,2,5.939277223876201,1,0,3,anti_homophones
14964,tM3nK2,6,-5.8879604977805835,2,5.8879604977805835,1,1,1,anti_homophones
14965,fu4dLn4,7,-5.337880619794349,2,5.337880619794349,1,0,7,anti_homophones
14966,zhu2teng1dang4,14,-9.801362284241034,3,9.801362284241034,1,0,0,anti_homophones
14967,shV1qLng3hO4,12,-10.197322048978661,3,10.197322048978661,1,0,0,anti_homophones
14968,xLn2ri4,7,-6.024797442668497,2,6.024797442668497,1,0,1,anti_homophones
14969,yin3hong2,9,-6.437178606956467,2,6.437178606956467,1,0,2,anti_homophones
14970,rang4mW4,8,-8.689247647338926,2,8.689247647338926,1,0,0,anti_homophones
14971,chan3su2,8,-7.705215884466371,2,7.705215884466371,1,0,0,anti_homophones
14972,zu3yu2,6,-6.3759932330732685,2,6.3759932330732685,1,0,4,anti_homophones
14973,shang4ma2xLn3,13,-10.494602179523747,3,10.494602179523747,1,0,0,anti_homophones
14974,lQ3yan2da4jC2,13,-11.27599013791559,4,11.27599013791559,1,0,0,anti_homophones
14975,neng1zi1bing2,13,-9.751297124975395,3,9.751297124975395,1,0,0,anti_homophones
14976,mQ2mQ2jW3,9,-8.000332486905979,3,8.000332486905979,1,0,0,anti_homophones
14977,peng4yong4,10,-7.393970616923793,2,7.393970616923793,1,0,0,anti_homophones
14978,chUn2an1ge4zhUng4,17,-13.141301393620063,4,13.141301393620063,1,0,0,anti_homophones
14979,chang2dan1,10,-6.429817445113181,2,6.429817445113181,1,0,0,anti_homophones
14980,zi4ji2,6,-5.0071485618288065,2,5.0071485618288065,1,1,12,anti_homophones
14981,xin4xin4gUng2xC2,16,-12.529252639392384,4,12.529252639392384,1,0,0,anti_homophones
14982,ben1mi4shO1zhu3,15,-13.527770715186623,4,13.527770715186623,1,0,0,anti_homophones
14983,jin1lLng2,9,-6.248686619120369,2,6.248686619120369,1,0,0,anti_homophones
14984,ben3shun2,9,-7.096112934270393,2,7.096112934270393,1,0,0,anti_homophones
14985,zhi4bu4,7,-5.210815453168033,2,5.210815453168033,1,0,6,anti_homophones
14986,yun2jM2hQ4,10,-8.898592367282253,3,8.898592367282253,1,0,0,anti_homophones
14987,tu3da4men2,10,-8.597250099325702,3,8.597250099325702,1,0,0,anti_homophones
14988,yan2shu1,8,-5.6935179749715985,2,5.6935179749715985,1,0,2,anti_homophones
14989,nO4ran2,7,-6.3526364422731065,2,6.3526364422731065,1,0,5,anti_homophones
14990,po4lv4hU4,9,-7.096464591390784,3,7.096464591390784,1,0,0,anti_homophones
14991,hI2xu4,6,-5.725841484091325,2,5.725841484091325,1,0,3,anti_homophones
14992,e4zhUng1,8,-6.2180582663301,2,6.2180582663301,1,0,2,anti_homophones
14993,kUng1dong3fE4,13,-9.686268500694863,3,9.686268500694863,1,0,0,anti_homophones
14994,chen4yan3,9,-6.597778624991727,2,6.597778624991727,1,0,0,anti_homophones
14995,da2cheng1,9,-6.435933034432979,2,6.435933034432979,1,0,0,anti_homophones
14996,te4du2,6,-5.617453643713168,2,5.617453643713168,1,0,2,anti_homophones
14997,jun1xL2,7,-6.815243000669847,2,6.815243000669847,1,0,0,anti_homophones
14998,sheng1she4qi1,13,-8.52634091455964,3,8.52634091455964,1,0,0,anti_homophones
14999,wan4wang2,9,-6.641010980820552,2,6.641010980820552,1,0,1,anti_homophones
15000,dLn4fang1chV1zhu2,17,-13.127910172436762,4,13.127910172436762,1,0,0,anti_homophones
15001,wa3kA1dQ1,9,-8.608981917358975,3,8.608981917358975,1,0,0,anti_homophones
15002,shi2chu2,8,-6.256264320013834,2,6.256264320013834,1,0,2,anti_homophones
15003,fa2man3dA4,10,-9.119593600998716,3,9.119593600998716,1,0,0,anti_homophones
15004,chun4gE3,8,-7.5893502813466105,2,7.5893502813466105,1,0,0,anti_homophones
15005,jUn4fang4,9,-6.707456989418795,2,6.707456989418795,1,0,1,anti_homophones
15006,wa3kP4,6,-6.0299501021678905,2,6.0299501021678905,1,0,0,anti_homophones
15007,gI4fu4,6,-5.774429550818016,2,5.774429550818016,1,0,4,anti_homophones
15008,xLn4gI3,7,-6.215298546866667,2,6.215298546866667,1,0,2,anti_homophones
15009,yi1wu4,6,-4.614708346300273,2,4.614708346300273,1,0,17,anti_homophones
15010,jLng4mE3,8,-6.894538404036149,2,6.894538404036149,1,0,2,anti_homophones
15011,sheng1pW5ji2,12,-11.612254577635737,3,11.612254577635737,1,0,0,anti_homophones
15012,kQ3gUn4tW2he5,13,-13.003521551800509,4,13.003521551800509,1,0,0,anti_homophones
15013,fu4de5lA2sheng1,15,-9.706211891394736,4,9.706211891394736,1,0,0,anti_homophones
15014,cheng3le4qi4,12,-8.551819730809084,3,8.551819730809084,1,0,0,anti_homophones
15015,shQ1he1,7,-6.319887841704921,2,6.319887841704921,1,0,2,anti_homophones
15016,shi4jLng4,9,-5.9216625692488725,2,5.9216625692488725,1,0,4,anti_homophones
15017,shQ3ren2ju4,11,-8.616497012378014,3,8.616497012378014,1,0,0,anti_homophones
15018,qu3qi3,6,-6.499556138748705,2,6.499556138748705,1,0,0,anti_homophones
15019,ce4yu4,6,-6.208369660624895,2,6.208369660624895,1,0,1,anti_homophones
15020,de5ya5yV3chu1,13,-12.27548651301683,4,12.27548651301683,1,0,0,anti_homophones
15021,li2xW3gUn4tI4,13,-13.559425699758998,4,13.559425699758998,1,0,0,anti_homophones
15022,ji4ze2ren2,10,-7.227597027399014,3,7.227597027399014,1,0,0,anti_homophones
15023,nK3lK2,6,-5.9589573843547505,2,5.9589573843547505,1,0,2,anti_homophones
15024,cI1ming2hI4yUn2,15,-11.06667763162884,4,11.06667763162884,1,0,0,anti_homophones
15025,yUn2che4,8,-6.797989511675856,2,6.797989511675856,1,0,5,anti_homophones
15026,fen1tang4,9,-6.453441824325726,2,6.453441824325726,1,0,0,anti_homophones
15027,shang2zhi3,10,-5.880103410687999,2,5.880103410687999,1,0,2,anti_homophones
15028,zhI1dUn3zhan4,13,-9.816033480877552,3,9.816033480877552,1,0,0,anti_homophones
15029,zheng3er2jK4,12,-9.00715287362583,3,9.00715287362583,1,0,0,anti_homophones
15030,zhun3shV1,9,-7.697261148130959,2,7.697261148130959,1,0,0,anti_homophones
15031,dM1zhi4,7,-6.492322886554846,2,6.492322886554846,1,0,2,anti_homophones
15032,gO3dLn3,7,-6.099175314390341,2,6.099175314390341,1,0,0,anti_homophones
15033,fen1qLn2zi5,11,-7.5878187610435415,3,7.5878187610435415,1,0,0,anti_homophones
15034,qK2tong1,8,-5.703765192234962,2,5.703765192234962,1,0,0,anti_homophones
15035,qLn1ji2kA1hO4,13,-11.066687366331793,4,11.066687366331793,1,0,0,anti_homophones
15036,wu3zhu2,7,-6.32568380679804,2,6.32568380679804,1,0,2,anti_homophones
15037,er2wu2yi4,9,-7.868866372127668,3,7.868866372127668,1,0,0,anti_homophones
15038,jW3yUn4,7,-6.875735654815323,2,6.875735654815323,1,0,2,anti_homophones
15039,dang2chen2tV2yong4,18,-12.382214551436387,4,12.382214551436387,1,0,0,anti_homophones
15040,zhong2zhi4,10,-5.618218481024321,2,5.618218481024321,1,0,3,anti_homophones
15041,yQ3shan1ji1,11,-9.244917057887214,3,9.244917057887214,1,0,0,anti_homophones
15042,sha1dLn4xM4,11,-8.743746342335347,3,8.743746342335347,1,0,0,anti_homophones
15043,pA1shang1dong1,14,-9.491312715688409,3,9.491312715688409,1,0,0,anti_homophones
15044,lLn4li4ye3lLng2,15,-11.931065430423265,4,11.931065430423265,1,0,0,anti_homophones
15045,bang2ji1,8,-6.394426386787373,2,6.394426386787373,1,0,3,anti_homophones
15046,qLng4zQ4,8,-6.281351012242752,2,6.281351012242752,1,0,1,anti_homophones
15047,fen1xW3mi3,10,-9.154053556644081,3,9.154053556644081,1,0,0,anti_homophones
15048,yu4wen2zhi1gUn3,15,-11.199800598646044,4,11.199800598646044,1,0,0,anti_homophones
15049,cha1yang2bW3,12,-9.054974140746896,3,9.054974140746896,1,0,0,anti_homophones
15050,xW3jL4,6,-4.955017737802302,2,4.955017737802302,1,0,4,anti_homophones
15051,xC4mu3,6,-5.85977389669361,2,5.85977389669361,1,0,1,anti_homophones
15052,yu4xi2,6,-5.837826385193369,2,5.837826385193369,1,0,3,anti_homophones
15053,zeng1an1han4,12,-10.856810370464755,3,10.856810370464755,1,0,0,anti_homophones
15054,lM4ju2,6,-5.673001501060572,2,5.673001501060572,1,0,4,anti_homophones
15055,li3hP4,6,-6.568731532525648,2,6.568731532525648,1,0,1,anti_homophones
15056,jLn1zhu4,8,-5.536752536981278,2,5.536752536981278,1,0,5,anti_homophones
15057,gUng1dV3shi4,12,-9.269297543238244,3,9.269297543238244,1,0,0,anti_homophones
15058,yQ1zheng1,9,-6.204368728296148,2,6.204368728296148,1,1,0,anti_homophones
15059,hA3ma3zhi4hU4,13,-10.230623561834584,4,10.230623561834584,1,0,0,anti_homophones
15060,zhong5ren2,10,-6.843589848219926,2,6.843589848219926,1,0,2,anti_homophones
15061,gI3sI3,6,-5.960039881087242,2,5.960039881087242,1,0,0,anti_homophones
15062,xLn1hO3jM4,10,-10.041848756292863,3,10.041848756292863,1,0,0,anti_homophones
15063,xW3jM2,6,-4.740343959330049,2,4.740343959330049,1,2,7,anti_homophones
15064,sheng1xW4sheng4zi5,18,-11.161618874310658,4,11.161618874310658,1,0,0,anti_homophones
15065,fang2xin1,9,-5.438772940427632,2,5.438772940427632,1,1,3,anti_homophones
15066,hu2zheng4shen1,14,-9.827961121989679,3,9.827961121989679,1,0,0,anti_homophones
15067,xLn4hQ3,7,-6.073180197059494,2,6.073180197059494,1,0,1,anti_homophones
15068,zhi4jL1shV3,11,-8.207566133683551,3,8.207566133683551,1,0,0,anti_homophones
15069,bo1li4,6,-4.605552209116322,2,4.605552209116322,1,1,6,anti_homophones
15070,da4lan4xi4lW2,13,-11.758009285381158,4,11.758009285381158,1,0,0,anti_homophones
15071,cA2zhe3,7,-5.77851079171355,2,5.77851079171355,1,0,3,anti_homophones
15072,yan2jing4shO1,13,-9.121393948085807,3,9.121393948085807,1,0,0,anti_homophones
15073,gUng2zhong4,11,-6.7168885596121335,2,6.7168885596121335,1,0,0,anti_homophones
15074,gong2shen3yi1qi1,16,-12.019035226279888,4,12.019035226279888,1,0,0,anti_homophones
15075,zhi4pin3,8,-5.340242798881656,2,5.340242798881656,1,1,3,anti_homophones
15076,zhQ1jK3jing1,12,-9.492611598697765,3,9.492611598697765,1,0,0,anti_homophones
15077,zhang2ci2fen1chi1,17,-12.7251264327334,4,12.7251264327334,1,0,0,anti_homophones
15078,yV2ren2,7,-4.8828809040942165,2,4.8828809040942165,1,0,6,anti_homophones
15079,kong1dA4,8,-5.788569821485261,2,5.788569821485261,1,0,2,anti_homophones
15080,ca1hU4tang3,11,-9.35406023991701,3,9.35406023991701,1,0,0,anti_homophones
15081,li3lE4,6,-6.332371971710767,2,6.332371971710767,1,0,3,anti_homophones
15082,xLng4gQ3,8,-6.342054860823945,2,6.342054860823945,1,0,0,anti_homophones
15083,yin3xC2lv4hU4,13,-10.28948401373596,4,10.28948401373596,1,0,0,anti_homophones
15084,bing2dM2,8,-6.449568838403775,2,6.449568838403775,1,0,0,anti_homophones
15085,xun4zhu3ji1,11,-8.601496410221339,3,8.601496410221339,1,0,0,anti_homophones
15086,tI4tA2,6,-5.306790832202289,2,5.306790832202289,1,0,2,anti_homophones
15087,dong4xLng3,10,-6.419078874799047,2,6.419078874799047,1,0,0,anti_homophones
15088,chen1pA4ze2,11,-9.885947152568146,3,9.885947152568146,1,0,0,anti_homophones
15089,kong2yV3ban1,12,-9.532624479848273,3,9.532624479848273,1,0,0,anti_homophones
15090,shV4tu2,7,-5.665527981193981,2,5.665527981193981,1,0,3,anti_homophones
15091,pE4ding4,8,-6.08994423085436,2,6.08994423085436,1,0,1,anti_homophones
15092,chu1xu4,7,-5.9193796065425905,2,5.9193796065425905,1,0,9,anti_homophones
15093,zha1zhi3,8,-6.669345563463589,2,6.669345563463589,1,0,2,anti_homophones
15094,yQ4xM3,6,-6.051154566082105,2,6.051154566082105,1,0,0,anti_homophones
15095,zheng2xing3de1,14,-10.527333644292993,3,10.527333644292993,1,0,0,anti_homophones
15096,wang1sheng4,11,-6.5124906751287135,2,6.5124906751287135,1,0,0,anti_homophones
15097,jin1pE4,7,-5.971404699731915,2,5.971404699731915,1,0,2,anti_homophones
15098,chong1ye4,9,-5.739147612299063,2,5.739147612299063,1,0,3,anti_homophones
15099,yi1an1ji1zhi1,13,-11.501777077535829,4,11.501777077535829,1,0,0,anti_homophones
15100,ying1ci2,8,-6.538052366323771,2,6.538052366323771,1,0,2,anti_homophones
15101,badong1,7,-8.67235897530576,2,8.67235897530576,1,0,0,anti_homophones
15102,ren2hUn2,8,-6.071377641820935,2,6.071377641820935,1,0,3,anti_homophones
15103,xin4lUn4zhu3zhong3,18,-13.205180034258248,4,13.205180034258248,1,0,0,anti_homophones
15104,yan4dUn3,8,-6.6381995544067465,2,6.6381995544067465,1,0,2,anti_homophones
15105,ying2gUn3,9,-5.82928737248179,2,5.82928737248179,1,0,3,anti_homophones
15106,lun4shen1qUn3,13,-9.766517254503553,3,9.766517254503553,1,0,0,anti_homophones
15107,pin3nLng4,9,-7.253268301475226,2,7.253268301475226,1,0,0,anti_homophones
15108,bi3se4,6,-5.482702583690871,2,5.482702583690871,1,1,4,anti_homophones
15109,ji1hO2,6,-6.162121305293162,2,6.162121305293162,1,0,2,anti_homophones
15110,jM2shQ4fu5,10,-10.303109658676622,3,10.303109658676622,1,0,0,anti_homophones
15111,ji1mQ4,6,-5.782346001911396,2,5.782346001911396,1,0,3,anti_homophones
15112,nu4shu1lO4de5,13,-12.830603504749325,4,12.830603504749325,1,0,0,anti_homophones
15113,ju3bi4gun3,10,-9.751430745223605,3,9.751430745223605,1,0,0,anti_homophones
15114,tI4wE4di4,9,-7.912874329411585,3,7.912874329411585,1,0,0,anti_homophones
15115,ke3hV4,6,-5.584511308771962,2,5.584511308771962,1,0,4,anti_homophones
15116,tQ2hU2,6,-6.196711984761015,2,6.196711984761015,1,0,2,anti_homophones
15117,du2gI1,6,-6.0656413870016666,2,6.0656413870016666,1,0,1,anti_homophones
15118,yV1an4she3,10,-9.01695211746434,3,9.01695211746434,1,0,0,anti_homophones
15119,yang4xin1zhi1qLn2,17,-11.461205818447283,4,11.461205818447283,1,0,0,anti_homophones
15120,bo1zhong4jW3kan4,16,-12.469239522135524,4,12.469239522135524,1,0,0,anti_homophones
15121,bu4shi4shI3,11,-7.5076176488133175,3,7.5076176488133175,1,0,0,anti_homophones
15122,zhe3hV4chang4,13,-8.749853144707219,3,8.749853144707219,1,0,0,anti_homophones
15123,hQ2hU4,6,-5.354958094997287,2,5.354958094997287,1,2,8,anti_homophones
15124,wu3chan3mLn2xC2,15,-11.893573609290423,4,11.893573609290423,1,0,0,anti_homophones
15125,bang2dLn3ben3,13,-10.058537620815057,3,10.058537620815057,1,0,0,anti_homophones
15126,jing4gA4,8,-6.874069566848967,2,6.874069566848967,1,0,1,anti_homophones
15127,xLng3di4,8,-6.13942840930225,2,6.13942840930225,1,0,3,anti_homophones
15128,jUn4xM3,7,-6.8606693173921185,2,6.8606693173921185,1,0,0,anti_homophones
15129,dI4gu3,6,-5.976995164866578,2,5.976995164866578,1,0,1,anti_homophones
15130,peng1rV2qi4,11,-8.94672823157052,3,8.94672823157052,1,0,0,anti_homophones
15131,jLn4bo1,7,-6.093682877904563,2,6.093682877904563,1,0,4,anti_homophones
15132,chu3nQ3tan3,11,-10.10713984740512,3,10.10713984740512,1,0,0,anti_homophones
15133,qK2jLn3tI3,10,-9.463149574784106,3,9.463149574784106,1,0,0,anti_homophones
15134,hu4long2bQ4,11,-9.78825308923599,3,9.78825308923599,1,0,0,anti_homophones
15135,te4jM4,6,-5.4592187853831495,2,5.4592187853831495,1,0,3,anti_homophones
15136,dLn4bang3sO3xin4,16,-12.732304828058844,4,12.732304828058844,1,0,0,anti_homophones
15137,chi1shI3er2geng1,16,-11.554033680763997,4,11.554033680763997,1,0,0,anti_homophones
15138,feng1chi1yin4,13,-9.575861199202413,3,9.575861199202413,1,0,0,anti_homophones
15139,hang3lO4san1yUn2,16,-11.469461035971479,4,11.469461035971479,1,0,0,anti_homophones
15140,wE4shQ1ding4,12,-9.327567458945488,3,9.327567458945488,1,0,0,anti_homophones
15141,shan4bu3kUng1ji2,16,-12.200955800616358,4,12.200955800616358,1,0,0,anti_homophones
15142,hO2bQ4,6,-5.939690003933666,2,5.939690003933666,1,0,2,anti_homophones
15143,shu1ju4ya3ren2,14,-11.215067735101222,4,11.215067735101222,1,0,0,anti_homophones
15144,he2tLn2,7,-5.989439319062713,2,5.989439319062713,1,0,2,anti_homophones
15145,tang2hU1qi4gE3,14,-11.895480474693352,4,11.895480474693352,1,0,0,anti_homophones
15146,xing2cing1bi3fu4,16,-13.772768150858687,4,13.772768150858687,1,0,0,anti_homophones
15147,zA4hang2shV4,12,-8.990852306103335,3,8.990852306103335,1,0,0,anti_homophones
15148,A4zhV1,6,-6.892752299851574,2,6.892752299851574,1,0,2,anti_homophones
15149,feng3song2xLng1,15,-10.207514259194882,3,10.207514259194882,1,0,0,anti_homophones
15150,zhen1shi4,9,-5.247697189205919,2,5.247697189205919,1,1,7,anti_homophones
15151,xu4shu4xLn4,11,-8.501663060910378,3,8.501663060910378,1,0,0,anti_homophones
15152,fa1xi4,6,-5.598987233273346,2,5.598987233273346,1,1,11,anti_homophones
15153,ye2er2yin4jing4,15,-11.914302737146745,4,11.914302737146745,1,0,0,anti_homophones
15154,rUn3chi4,8,-6.828205026240876,2,6.828205026240876,1,0,1,anti_homophones
15155,nan4cheng3,10,-7.282743020756676,2,7.282743020756676,1,0,0,anti_homophones
15156,yV4er4,6,-6.563629102570532,2,6.563629102570532,1,0,2,anti_homophones
15157,chang3de5,9,-5.931881650474266,2,5.931881650474266,1,0,1,anti_homophones
15158,shI3yan2hu1,11,-8.259246676101748,3,8.259246676101748,1,0,0,anti_homophones
15159,hU1si5,6,-6.3440605295573835,2,6.3440605295573835,1,0,2,anti_homophones
15160,jLng4yi1dQ4,11,-8.478306825917176,3,8.478306825917176,1,0,0,anti_homophones
15161,chu1ye4zhi2jK3,14,-10.497646301394493,4,10.497646301394493,1,0,0,anti_homophones
15162,xin1yan1hO2bo1,14,-11.506305027107482,4,11.506305027107482,1,0,0,anti_homophones
15163,yin3jW3deng1,12,-9.354709263317796,3,9.354709263317796,1,0,0,anti_homophones
15164,bu4ding3,8,-5.650643367830544,2,5.650643367830544,1,0,3,anti_homophones
15165,sA4zi5,6,-6.116463237605466,2,6.116463237605466,1,0,5,anti_homophones
15166,xW3xM4,6,-5.13198490294809,2,5.13198490294809,1,0,7,anti_homophones
15167,hI2shi2,7,-5.372127720674538,2,5.372127720674538,1,1,2,anti_homophones
15168,chu1nLng2fa4,12,-10.350243589264903,3,10.350243589264903,1,0,0,anti_homophones
15169,he2tV5,6,-5.367417243073099,2,5.367417243073099,1,1,4,anti_homophones
15170,zhQ1dW3,7,-7.465795746972619,2,7.465795746972619,1,0,0,anti_homophones
15171,lA2wang4,8,-6.371446313402574,2,6.371446313402574,1,0,1,anti_homophones
15172,jLn4xM2,7,-6.339624514201155,2,6.339624514201155,1,0,0,anti_homophones
15173,qun2wu4,7,-5.9538011549993834,2,5.9538011549993834,1,0,2,anti_homophones
15174,qLng1yu3,8,-6.056705594286685,2,6.056705594286685,1,0,1,anti_homophones
15175,da4yan3sI4,10,-8.152308262270278,3,8.152308262270278,1,0,0,anti_homophones
15176,he2dQ4shang4,12,-8.516578010215564,3,8.516578010215564,1,0,0,anti_homophones
15177,xi1lu4,6,-5.633923784074637,2,5.633923784074637,1,0,11,anti_homophones
15178,ge1da4,6,-6.0566049063789285,2,6.0566049063789285,1,0,2,anti_homophones
15179,shi2yi1xLng1yu3,15,-10.506631741781758,4,10.506631741781758,1,0,0,anti_homophones
15180,zhu4yi4,7,-5.290549342699653,2,5.290549342699653,1,0,9,anti_homophones
15181,chan4mo2,8,-6.446770995208359,2,6.446770995208359,1,0,1,anti_homophones
15182,mi4fu4hu4,9,-8.78765559897245,3,8.78765559897245,1,0,0,anti_homophones
15183,tW2xing2,8,-5.997261139345149,2,5.997261139345149,1,0,2,anti_homophones
15184,jL4re4,6,-6.579310938100332,2,6.579310938100332,1,0,1,anti_homophones
15185,jW4xL2zi5,9,-7.812782358140783,3,7.812782358140783,1,0,0,anti_homophones
15186,men2gan3,8,-6.645884881390794,2,6.645884881390794,1,0,1,anti_homophones
15187,fen1ji1,7,-5.172308026476658,2,5.172308026476658,1,1,5,anti_homophones
15188,lV4lu4,6,-6.121566058254187,2,6.121566058254187,1,0,3,anti_homophones
15189,Q4ma4,5,-6.364538595203955,2,6.364538595203955,1,0,2,anti_homophones
15190,yong4zheng4wu2qi4,17,-11.409239364821534,4,11.409239364821534,1,0,0,anti_homophones
15191,xM1xu1jW4,9,-9.927305791983756,3,9.927305791983756,1,0,0,anti_homophones
15192,shen1fe1,8,-8.408929295301812,2,8.408929295301812,1,0,3,anti_homophones
15193,gU3yang1ming1,13,-9.276133886433032,3,9.276133886433032,1,0,0,anti_homophones
15194,nW4chang4ji4,12,-8.941275184931284,3,8.941275184931284,1,0,0,anti_homophones
15195,qi3lO4,6,-6.063629735805099,2,6.063629735805099,1,0,2,anti_homophones
15196,chi4jin4,8,-6.5368564965517235,2,6.5368564965517235,1,0,3,anti_homophones
15197,wan4bE3,7,-7.745133415735448,2,7.745133415735448,1,0,0,anti_homophones
15198,chUng1kUng3,11,-7.400692725279483,2,7.400692725279483,1,0,0,anti_homophones
15199,wE2li4,6,-5.056131075042876,2,5.056131075042876,1,1,5,anti_homophones
15200,zi4zI4zI4,9,-8.412963643999614,3,8.412963643999614,1,0,0,anti_homophones
15201,na3er2,6,-5.345995027968761,2,5.345995027968761,1,1,0,anti_homophones
15202,zheng1shi4ma4na4,16,-11.728175044254767,4,11.728175044254767,1,0,0,anti_homophones
15203,fa1bM2gong1ming1,16,-11.965116565059063,4,11.965116565059063,1,0,0,anti_homophones
15204,yi1kong1ping2,13,-8.517048219468492,3,8.517048219468492,1,0,0,anti_homophones
15205,yi2dQ4,6,-5.49944831610521,2,5.49944831610521,1,0,5,anti_homophones
15206,mQ4xi1si1,9,-9.079223610404643,3,9.079223610404643,1,0,0,anti_homophones
15207,da4bu4lu4,9,-6.616870238979004,3,6.616870238979004,1,0,1,anti_homophones
15208,pi2mu4,6,-6.188409501532873,2,6.188409501532873,1,1,5,anti_homophones
15209,ang3ri4,7,-7.5673700125392,2,7.5673700125392,1,0,2,anti_homophones
15210,shen1bQ1,8,-6.120678587550799,2,6.120678587550799,1,0,0,anti_homophones
15211,jK3xW3zhong4,12,-8.552768884978791,3,8.552768884978791,1,0,0,anti_homophones
15212,yV2shu1,7,-5.949897958297964,2,5.949897958297964,1,0,2,anti_homophones
15213,song2zheng4,11,-6.919617855861188,2,6.919617855861188,1,0,1,anti_homophones
15214,bu3shQ3,7,-7.333488923076397,2,7.333488923076397,1,0,0,anti_homophones
15215,zhA4zheng2,10,-6.970756106980775,2,6.970756106980775,1,0,0,anti_homophones
15216,xW3ji2,6,-5.336109833312684,2,5.336109833312684,1,0,8,anti_homophones
15217,lv3dA4fo2ye3,12,-11.74870556187757,4,11.74870556187757,1,0,0,anti_homophones
15218,man3xLng4ci2,12,-9.093822347773285,3,9.093822347773285,1,0,0,anti_homophones
15219,da4shV4jW1,10,-8.324113462840415,3,8.324113462840415,1,0,0,anti_homophones
15220,ba3yC2ji2,9,-11.020287443820713,3,11.020287443820713,1,0,0,anti_homophones
15221,jM1zhi4,7,-5.36700184775163,2,5.36700184775163,1,0,6,anti_homophones
15222,gong4rong2lK2,13,-9.498089374028027,3,9.498089374028027,1,0,0,anti_homophones
15223,lan3ke2,7,-6.761383370214622,2,6.761383370214622,1,0,1,anti_homophones
15224,bo2dQ4dan1,10,-8.098146261503418,3,8.098146261503418,1,0,0,anti_homophones
15225,pin3cheng1,10,-6.286758043917715,2,6.286758043917715,1,0,0,anti_homophones
15226,hO4zhO2,7,-6.940570430868341,2,6.940570430868341,1,0,0,anti_homophones
15227,jing1mi5mLn4,12,-8.56528825708843,3,8.56528825708843,1,0,0,anti_homophones
15228,tan2su4sUn4,11,-9.091381245424008,3,9.091381245424008,1,0,0,anti_homophones
15229,qi3yUn2,7,-5.493924640922764,2,5.493924640922764,1,0,2,anti_homophones
15230,wan1xLn4,8,-6.576517191505273,2,6.576517191505273,1,0,2,anti_homophones
15231,dUn3jL1,7,-6.050148482943115,2,6.050148482943115,1,0,1,anti_homophones
15232,yi4lQ3,6,-6.712845374906672,2,6.712845374906672,1,0,1,anti_homophones
15233,mE2bo2,6,-6.120593459254182,2,6.120593459254182,1,0,0,anti_homophones
15234,gV3nong2lv4,11,-9.857188450597752,3,9.857188450597752,1,0,0,anti_homophones
15235,zI4chang2yang2,14,-9.91079603211005,3,9.91079603211005,1,0,0,anti_homophones
15236,zhQ1di3xC2,10,-7.957357745964204,3,7.957357745964204,1,0,0,anti_homophones
15237,nLn2qi4sA4ke4,13,-11.473614552621504,4,11.473614552621504,1,0,0,anti_homophones
15238,shi4ji1,7,-4.9504166625278305,2,4.9504166625278305,1,1,6,anti_homophones
15239,gang4hV4,8,-7.006536429581415,2,7.006536429581415,1,0,2,anti_homophones
15240,shV3di4,7,-5.477657918146307,2,5.477657918146307,1,0,9,anti_homophones
15241,lLng2ti3,8,-6.346888746345224,2,6.346888746345224,1,0,1,anti_homophones
15242,bQ1bE3jK4shi1,13,-11.082277808782699,4,11.082277808782699,1,0,0,anti_homophones
15243,pu3shu4lu4,10,-8.84970386138223,3,8.84970386138223,1,0,0,anti_homophones
15244,qu3xin4shi2,11,-8.51696084370937,3,8.51696084370937,1,0,0,anti_homophones
15245,chu1gQ1xLng4,12,-7.960098042808093,3,7.960098042808093,1,0,0,anti_homophones
15246,wE1xun4,7,-6.093889961792473,2,6.093889961792473,1,0,0,anti_homophones
15247,yi3dLn4,7,-5.535851263574568,2,5.535851263574568,1,1,9,anti_homophones
15248,yang4mLn4ji1,12,-8.633148931548465,3,8.633148931548465,1,0,0,anti_homophones
15249,yi3yi1ge2,9,-8.560724640923782,3,8.560724640923782,1,0,0,anti_homophones
15250,fa1shi4,7,-4.72347458098223,2,4.72347458098223,1,1,7,anti_homophones
15251,gQ1xing2,8,-5.55948895447681,2,5.55948895447681,1,1,5,anti_homophones
15252,sheng1xing2,11,-5.489633660521735,2,5.489633660521735,1,0,8,anti_homophones
15253,xM4dW4yong4ri4,14,-11.694711237019105,4,11.694711237019105,1,0,0,anti_homophones
15254,bing1lv4xC2,11,-8.51206555624618,3,8.51206555624618,1,0,0,anti_homophones
15255,bing3zheng1,11,-6.614624555754696,2,6.614624555754696,1,0,0,anti_homophones
15256,meng1ma5,8,-7.634211855713465,2,7.634211855713465,1,0,0,anti_homophones
15257,bang4zhi1yin1,13,-9.347322434097055,3,9.347322434097055,1,0,0,anti_homophones
15258,lLn2ji1shi3shen1,16,-11.943137171708637,4,11.943137171708637,1,0,0,anti_homophones
15259,shang2jL4,9,-5.745121153174535,2,5.745121153174535,1,0,3,anti_homophones
15260,gQ1hV2mE2,9,-9.36210684766668,3,9.36210684766668,1,0,0,anti_homophones
15261,jL1chan4,8,-5.8303769440920785,2,5.8303769440920785,1,0,3,anti_homophones
15262,xW3zhi4,7,-4.983968048246241,2,4.983968048246241,1,1,6,anti_homophones
15263,ti2jL1ji1,9,-7.740410283830614,3,7.740410283830614,1,0,0,anti_homophones
15264,jL3mi4bW3,9,-8.297059602186287,3,8.297059602186287,1,0,0,anti_homophones
15265,chUng1ban4dong3shun1,20,-13.456338870421398,4,13.456338870421398,1,0,0,anti_homophones
15266,an1hV4xing2,11,-8.506564609774804,3,8.506564609774804,1,0,0,anti_homophones
15267,shang4xL2,9,-6.6900015747924,2,6.6900015747924,1,0,1,anti_homophones
15268,wang2lLn4fa3,12,-9.235497515675004,3,9.235497515675004,1,0,0,anti_homophones
15269,fE2qi4,6,-5.79912585235589,2,5.79912585235589,1,0,3,anti_homophones
15270,jM1xLng5,8,-6.813690855612136,2,6.813690855612136,1,0,1,anti_homophones
15271,nLn2jL1su2,10,-8.4387008569018,3,8.4387008569018,1,0,0,anti_homophones
15272,peng4bQ1zO4wE4,14,-11.51265129493554,4,11.51265129493554,1,0,0,anti_homophones
15273,pE4dQ4,6,-5.412042283386693,2,5.412042283386693,1,0,5,anti_homophones
15274,hu1shen1,8,-6.351833276509011,2,6.351833276509011,1,0,2,anti_homophones
15275,za2hUng2ren2,12,-8.341660978537783,3,8.341660978537783,1,0,0,anti_homophones
15276,jLng3mu4song4,13,-10.166537335579154,3,10.166537335579154,1,0,0,anti_homophones
15277,zhI1dI4,7,-5.904917841642632,2,5.904917841642632,1,0,2,anti_homophones
15278,yV3li4,6,-4.778417626553175,2,4.778417626553175,1,1,11,anti_homophones
15279,zhu3zhi2,8,-5.764957520126551,2,5.764957520126551,1,0,2,anti_homophones
15280,tM1po2,6,-6.298650986531371,2,6.298650986531371,1,0,0,anti_homophones
15281,tM3nW3,6,-5.537325115705275,2,5.537325115705275,1,0,1,anti_homophones
15282,qLn2nLn2ban4hQ4,15,-11.187579791934567,4,11.187579791934567,1,0,0,anti_homophones
15283,song4dQ3,8,-6.819601977413684,2,6.819601977413684,1,0,1,anti_homophones
15284,mo2yan2,7,-5.2366941893988965,2,5.2366941893988965,1,0,3,anti_homophones
15285,bi1zhi2,7,-6.366274445097707,2,6.366274445097707,1,0,3,anti_homophones
15286,han4yUn2,8,-6.209959197027432,2,6.209959197027432,1,0,0,anti_homophones
15287,ke3kV3,6,-5.025527136385448,2,5.025527136385448,1,1,5,anti_homophones
15288,jC2sheng3ji1,12,-8.318300815413965,3,8.318300815413965,1,0,0,anti_homophones
15289,qing2mQ4sang1,13,-10.091443726457964,3,10.091443726457964,1,0,0,anti_homophones
15290,fang3shun4kV3ze2,16,-12.565677950395955,4,12.565677950395955,1,0,0,anti_homophones
15291,du2zV3sO1,9,-8.573032288022278,3,8.573032288022278,1,0,0,anti_homophones
15292,ling4shang4,11,-6.682816586759983,2,6.682816586759983,1,0,1,anti_homophones
15293,tM3tW4zhi4,10,-8.592359571520513,3,8.592359571520513,1,0,0,anti_homophones
15294,wu2shV4hU4,10,-7.619975987109074,3,7.619975987109074,1,0,0,anti_homophones
15295,di4zhi1mLn2,11,-8.755412096693115,3,8.755412096693115,1,0,0,anti_homophones
15296,mE3gI3jin3,10,-9.889548290306717,3,9.889548290306717,1,0,0,anti_homophones
15297,bu4xM1,6,-6.034278973517088,2,6.034278973517088,1,0,3,anti_homophones
15298,hV4jLn4nan2,11,-8.680452656533136,3,8.680452656533136,1,0,0,anti_homophones
15299,tu1zu3an4,9,-9.335989503727541,3,9.335989503727541,1,0,0,anti_homophones
15300,wu3tLn1he1,10,-8.515802259437411,3,8.515802259437411,1,0,0,anti_homophones
15301,sQ3er2,6,-5.17925629221266,2,5.17925629221266,1,0,4,anti_homophones
15302,tong1ti3ping3zhi3,17,-12.238435923639356,4,12.238435923639356,1,0,0,anti_homophones
15303,yu4nv3zO4,9,-7.344508872095601,3,7.344508872095601,1,0,0,anti_homophones
15304,zhUng2yUn2zi5,13,-8.051639236547748,3,8.051639236547748,1,0,0,anti_homophones
15305,xW4yan4wu4dV3,13,-13.234798460058801,4,13.234798460058801,1,0,0,anti_homophones
15306,shI3ju3se4gV4,13,-11.896573028880454,4,11.896573028880454,1,0,0,anti_homophones
15307,shI3hu4ci4,10,-8.315729372453232,3,8.315729372453232,1,0,0,anti_homophones
15308,zheng2she4jing3,15,-9.171562155553366,3,9.171562155553366,1,0,0,anti_homophones
15309,da4xUn3,7,-5.6042393665964685,2,5.6042393665964685,1,0,1,anti_homophones
15310,men4xW4,7,-7.250209739859756,2,7.250209739859756,1,0,0,anti_homophones
15311,ju3se4shu1,10,-8.753111238875817,3,8.753111238875817,1,0,0,anti_homophones
15312,bang2ci2,8,-6.790870202897122,2,6.790870202897122,1,0,1,anti_homophones
15313,ju3rong1jing2,13,-9.494895494851093,3,9.494895494851093,1,0,0,anti_homophones
15314,gong4bA3,8,-6.930612381934379,2,6.930612381934379,1,0,1,anti_homophones
15315,kQ3che1,7,-5.763147615460383,2,5.763147615460383,1,0,2,anti_homophones
15316,meng1dong1,10,-6.688285879020797,2,6.688285879020797,1,0,0,anti_homophones
15317,shi4wE3qK1,10,-9.789237362403389,3,9.789237362403389,1,0,0,anti_homophones
15318,shUn4hUn4,9,-8.149049269913784,2,8.149049269913784,1,0,1,anti_homophones
15319,zhi3jin4,8,-5.817247774280974,2,5.817247774280974,1,0,0,anti_homophones
15320,qM1bing1jL4qLn2,15,-13.227709709097468,4,13.227709709097468,1,0,0,anti_homophones
15321,xL1shi3yi3,10,-9.782380357024392,3,9.782380357024392,1,0,0,anti_homophones
15322,zhen3qi1,8,-6.672894393180335,2,6.672894393180335,1,0,0,anti_homophones
15323,xUn3jun1qLn2,12,-9.124795865121925,3,9.124795865121925,1,0,0,anti_homophones
15324,lUn4qUn2tLn1,12,-9.20671718519776,3,9.20671718519776,1,0,0,anti_homophones
15325,lLng4ri4,8,-6.2341539772562165,2,6.2341539772562165,1,0,2,anti_homophones
15326,yV2qu3,6,-5.52049172795733,2,5.52049172795733,1,1,3,anti_homophones
15327,yan2ma4,7,-6.798713506561459,2,6.798713506561459,1,0,0,anti_homophones
15328,fan4bE1fan3,11,-9.8578476094232,3,9.8578476094232,1,0,0,anti_homophones
15329,lQ3tLn1tV2,10,-7.4198123204187665,3,7.4198123204187665,1,0,0,anti_homophones
15330,jL3zhun2jM4,11,-10.221066748620085,3,10.221066748620085,1,0,0,anti_homophones
15331,jin4bi4,7,-5.820379174827489,2,5.820379174827489,1,0,1,anti_homophones
15332,sUn1shan3lun2shO4,17,-14.133733160703605,4,14.133733160703605,1,0,0,anti_homophones
15333,jW1shi4lW4du4,13,-10.672057533752751,4,10.672057533752751,1,0,0,anti_homophones
15334,zhO2sO3yi2cI4,13,-13.355684377728071,4,13.355684377728071,1,0,0,anti_homophones
15335,zheng4song4fang1xLn4,20,-12.863743257750365,4,12.863743257750365,1,0,0,anti_homophones
15336,ji4nLng4sheng1ju2,17,-11.641284471374634,4,11.641284471374634,1,0,0,anti_homophones
15337,laV1,4,-8.331292487429774,2,8.331292487429774,1,0,1,anti_homophones
15338,en1ming2zhu5,12,-11.82313304926695,3,11.82313304926695,1,0,0,anti_homophones
15339,jM3jL4,6,-5.777703255598489,2,5.777703255598489,1,0,1,anti_homophones
15340,wu1gQ4,6,-6.267203620359691,2,6.267203620359691,1,0,0,anti_homophones
15341,tu3hO3ban1bA2,13,-12.64859426207063,4,12.64859426207063,1,0,0,anti_homophones
15342,da4hA4xM4,9,-7.977078792827538,3,7.977078792827538,1,0,0,anti_homophones
15343,jing2sO3yang2,13,-8.940372050563413,3,8.940372050563413,1,0,0,anti_homophones
15344,chan3jing2,10,-6.52033358967566,2,6.52033358967566,1,0,1,anti_homophones
15345,xUn3dan4tV2,11,-8.835150182901222,3,8.835150182901222,1,0,0,anti_homophones
15346,zhang2bo2da2,12,-9.377952913341078,3,9.377952913341078,1,0,0,anti_homophones
15347,yin3li3,7,-5.547811411870915,2,5.547811411870915,1,0,4,anti_homophones
15348,san4jLn3zhe3,12,-9.583743169947335,3,9.583743169947335,1,0,0,anti_homophones
15349,qW2lA2,6,-6.142333415266699,2,6.142333415266699,1,0,0,anti_homophones
15350,pE4xing1,8,-6.291382880442741,2,6.291382880442741,1,0,1,anti_homophones
15351,tQ4fu4yu4,9,-8.958684043038208,3,8.958684043038208,1,0,0,anti_homophones
15352,ang1xM3ban3,11,-10.859459855308394,3,10.859459855308394,1,0,0,anti_homophones
15353,ji1ling1,8,-6.041970880273953,2,6.041970880273953,1,0,2,anti_homophones
15354,yin1an4hU2,10,-9.328550075280917,3,9.328550075280917,1,0,0,anti_homophones
15355,da3lA2,6,-6.811502015511655,2,6.811502015511655,1,0,4,anti_homophones
15356,jC2shi4ci2zi5,13,-9.729706322765217,4,9.729706322765217,1,0,0,anti_homophones
15357,zhong3di4,9,-6.296180008803849,2,6.296180008803849,1,0,4,anti_homophones
15358,yu4da4xing4,11,-8.715202281577103,3,8.715202281577103,1,0,0,anti_homophones
15359,da4lO4,6,-5.31424083073594,2,5.31424083073594,1,0,11,anti_homophones
15360,hang1rong4,10,-7.154121829805547,2,7.154121829805547,1,0,0,anti_homophones
15361,sheng1xL4yV4ji1,15,-11.71588153176223,4,11.71588153176223,1,0,0,anti_homophones
15362,da4e4,5,-5.1702454623255525,2,5.1702454623255525,1,0,5,anti_homophones
15363,sheng1ren4,10,-5.76663883605377,2,5.76663883605377,1,0,1,anti_homophones
15364,peng1feng1cong2,15,-10.04924927409524,3,10.04924927409524,1,0,0,anti_homophones
15365,yan3yong1yin4zi5,16,-11.416539355998594,4,11.416539355998594,1,0,0,anti_homophones
15366,qing4ti3shI3,12,-8.87740085213065,3,8.87740085213065,1,0,0,anti_homophones
15367,bLn1zi1,7,-5.949059903414301,2,5.949059903414301,1,0,4,anti_homophones
15368,yi1lE4,6,-5.384595576103103,2,5.384595576103103,1,0,13,anti_homophones
15369,zhong4tLn2mQ4,13,-9.703856592940667,3,9.703856592940667,1,0,0,anti_homophones
15370,shi2po1,7,-5.919991973464376,2,5.919991973464376,1,0,0,anti_homophones
15371,leng1zhi2,9,-6.265926875277694,2,6.265926875277694,1,0,0,anti_homophones
15372,kQ3ren2,7,-5.13076604448658,2,5.13076604448658,1,0,3,anti_homophones
15373,qi3ci4ming2A2,13,-12.859499510696448,4,12.859499510696448,1,0,0,anti_homophones
15374,sQ3men2si1,10,-8.94704955079358,3,8.94704955079358,1,0,0,anti_homophones
15375,jUn4ji1,7,-6.067915920267612,2,6.067915920267612,1,0,1,anti_homophones
15376,jin4pW4,7,-5.861678493151139,2,5.861678493151139,1,0,2,anti_homophones
15377,hUng1zheng2ren2,15,-8.363588975203962,3,8.363588975203962,1,0,0,anti_homophones
15378,ji1ce4,6,-5.6961651259786565,2,5.6961651259786565,1,0,2,anti_homophones
15379,A4lin2shI3,10,-8.765854541195786,3,8.765854541195786,1,0,0,anti_homophones
15380,sheng1fu4,9,-5.626508674088125,2,5.626508674088125,1,0,3,anti_homophones
15381,tang4ming2gUn3,14,-9.425690397271396,3,9.425690397271396,1,0,0,anti_homophones
15382,mo1pi2,6,-5.987149963201848,2,5.987149963201848,1,0,0,anti_homophones
15383,yV4er2yu2,9,-6.927813172690071,3,6.927813172690071,1,0,0,anti_homophones
15384,lO4ran2,7,-6.154425670933554,2,6.154425670933554,1,0,3,anti_homophones
15385,er4shV3ran3,11,-9.460004492504858,3,9.460004492504858,1,0,0,anti_homophones
15386,yan4jun1,8,-6.334084798104277,2,6.334084798104277,1,0,3,anti_homophones
15387,cang3wu3,8,-6.954043509037996,2,6.954043509037996,1,0,0,anti_homophones
15388,wE2qi1ping4,11,-8.62783055883409,3,8.62783055883409,1,0,0,anti_homophones
15389,yan1sha1chI1re4,15,-13.89053552053953,4,13.89053552053953,1,0,0,anti_homophones
15390,V3fa3,5,-5.543967661210585,2,5.543967661210585,1,0,0,anti_homophones
15391,gV3qing3,8,-6.934239771226985,2,6.934239771226985,1,0,1,anti_homophones
15392,zong1se4,8,-5.925679545019964,2,5.925679545019964,1,0,1,anti_homophones
15393,jin4ren2chen2,13,-8.270802211537317,3,8.270802211537317,1,0,0,anti_homophones
15394,bQ3ji4jin4ju2,13,-10.705196418524809,4,10.705196418524809,1,0,0,anti_homophones
15395,e4men2lM4,9,-8.354042773930413,3,8.354042773930413,1,0,0,anti_homophones
15396,yi1xC2hV2,9,-8.095539789574053,3,8.095539789574053,1,0,0,anti_homophones
15397,kang3ban3tV2,12,-9.830768824816092,3,9.830768824816092,1,0,0,anti_homophones
15398,yi1xM3,6,-5.468066703987332,2,5.468066703987332,1,0,5,anti_homophones
15399,si1chi4fan1,11,-10.432921285081106,3,10.432921285081106,1,0,0,anti_homophones
15400,gUn1shen3shi2gO3,16,-12.206801284440099,4,12.206801284440099,1,0,0,anti_homophones
15401,tO4yong4cu4,11,-10.463125649782153,3,10.463125649782153,1,0,0,anti_homophones
15402,tu4nLn2yu3,10,-8.841330834656368,3,8.841330834656368,1,0,0,anti_homophones
15403,yu4zhang3,9,-6.005304287195014,2,6.005304287195014,1,1,2,anti_homophones
15404,fu3zheng2fu4shi2,16,-11.518756064602846,4,11.518756064602846,1,0,0,anti_homophones
15405,han4ban3,8,-6.584990133675875,2,6.584990133675875,1,0,2,anti_homophones
15406,sang1dV3,8,-7.907562465817341,2,7.907562465817341,1,0,0,anti_homophones
15407,kU1yin1che1xC2,14,-12.046393468983428,4,12.046393468983428,1,0,0,anti_homophones
15408,xK4zi5,6,-5.160842726353345,2,5.160842726353345,1,0,3,anti_homophones
15409,xLng1chi3zhi1ci4,16,-11.703789561130323,4,11.703789561130323,1,0,0,anti_homophones
15410,po4yan3,7,-7.18945920613056,2,7.18945920613056,1,0,1,anti_homophones
15411,ke3po4,6,-5.780284838384032,2,5.780284838384032,1,0,1,anti_homophones
15412,zhu4shi2shV4,12,-8.399888096181362,3,8.399888096181362,1,0,0,anti_homophones
15413,yV3lE4,6,-5.913365635590684,2,5.913365635590684,1,0,4,anti_homophones
15414,kA1shi1lu1,10,-9.156774581102043,3,9.156774581102043,1,0,0,anti_homophones
15415,ge4shu1,7,-6.107381753143715,2,6.107381753143715,1,0,2,anti_homophones
15416,yi1jL1gu3,9,-7.674396307873622,3,7.674396307873622,1,0,0,anti_homophones
15417,bo2wu4,6,-5.2342301465421865,2,5.2342301465421865,1,1,2,anti_homophones
15418,xing2gen1,9,-6.595307586917872,2,6.595307586917872,1,0,0,anti_homophones
15419,ji4pu3xin1chi4,14,-12.210314160805817,4,12.210314160805817,1,0,0,anti_homophones
15420,zA1hI3,6,-6.559826045818534,2,6.559826045818534,1,0,2,anti_homophones
15421,wE4ying2tA2,11,-9.04491373716723,3,9.04491373716723,1,0,0,anti_homophones
15422,xM4zhe2,7,-7.0626871483694496,2,7.0626871483694496,1,0,0,anti_homophones
15423,hu4jing2,8,-6.10295527585173,2,6.10295527585173,1,0,6,anti_homophones
15424,tQ1yu4,6,-6.831406836366064,2,6.831406836366064,1,0,1,anti_homophones
15425,shan1gI3,8,-6.463552116550887,2,6.463552116550887,1,0,0,anti_homophones
15426,hU2hU4,6,-5.474442547229074,2,5.474442547229074,1,0,5,anti_homophones
15427,gu3mM4,6,-6.080076929944345,2,6.080076929944345,1,0,0,anti_homophones
15428,hang1xM4hO4,11,-8.498163258922673,3,8.498163258922673,1,0,0,anti_homophones
15429,ru3pin3,7,-6.355033127139832,2,6.355033127139832,1,0,3,anti_homophones
15430,du2shang4,9,-5.974564199645658,2,5.974564199645658,1,0,2,anti_homophones
15431,yV4fa1hUn3dA4,13,-11.829449290401044,4,11.829449290401044,1,0,0,anti_homophones
15432,bLn4bo2shI4,11,-9.40588393185994,3,9.40588393185994,1,0,0,anti_homophones
15433,lv4su4,6,-5.615188702779804,2,5.615188702779804,1,1,1,anti_homophones
15434,pu1fan1,7,-6.996649746681527,2,6.996649746681527,1,0,0,anti_homophones
15435,qL4qW3,6,-5.795717451025403,2,5.795717451025403,1,1,2,anti_homophones
15436,zI4yUn2,7,-5.651871830486239,2,5.651871830486239,1,0,2,anti_homophones
15437,lQ3ban4,7,-5.216893130995964,2,5.216893130995964,1,1,7,anti_homophones
15438,xW4yang4chen1wan2,17,-12.508465029131166,4,12.508465029131166,1,0,0,anti_homophones
15439,zi4she4qi4an4,13,-10.857906017310704,4,10.857906017310704,1,0,0,anti_homophones
15440,chi3gong2shen2,14,-9.600962070994406,3,9.600962070994406,1,0,0,anti_homophones
15441,ban4li3,7,-5.729524889736194,2,5.729524889736194,1,1,4,anti_homophones
15442,gun4yong2,9,-7.449454469591658,2,7.449454469591658,1,0,0,anti_homophones
15443,fu4ce4,6,-5.6034472239748405,2,5.6034472239748405,1,0,7,anti_homophones
15444,ding2gI4bing2,13,-8.935706667252147,3,8.935706667252147,1,0,0,anti_homophones
15445,yi4qUn4,7,-6.419220944499026,2,6.419220944499026,1,0,5,anti_homophones
15446,ba4kU3,6,-7.265677815506165,2,7.265677815506165,1,0,0,anti_homophones
15447,xW3mi3kQ4,9,-9.205552995354205,3,9.205552995354205,1,0,0,anti_homophones
15448,te4lang3di1lu2,14,-13.387457646754115,4,13.387457646754115,1,0,0,anti_homophones
15449,yin1gV4mi3he2,13,-11.270855267174179,4,11.270855267174179,1,0,0,anti_homophones
15450,gu3jing1,8,-6.000693724010891,2,6.000693724010891,1,0,4,anti_homophones
15451,di1ling4,8,-6.059203149483214,2,6.059203149483214,1,0,6,anti_homophones
15452,yV2yin1,7,-5.811084947629351,2,5.811084947629351,1,0,4,anti_homophones
15453,da4ban1,7,-5.122203892788276,2,5.122203892788276,1,0,8,anti_homophones
15454,ci4bQ1,6,-6.424593371237658,2,6.424593371237658,1,0,5,anti_homophones
15455,ta1shen2,8,-6.667616320210385,2,6.667616320210385,1,0,1,anti_homophones
15456,xYng1dong4qi4,13,-8.605344357321632,3,8.605344357321632,1,0,0,anti_homophones
15457,dong1ji4,8,-5.617105262731933,2,5.617105262731933,1,1,4,anti_homophones
15458,po4xM4de2,9,-8.38759029185556,3,8.38759029185556,1,0,0,anti_homophones
15459,shV3gong2,9,-5.558519397261891,2,5.558519397261891,1,0,2,anti_homophones
15460,hUng3da4,8,-7.416009092023339,2,7.416009092023339,1,0,0,anti_homophones
15461,bu4yan4zhi1,11,-8.320264869307922,3,8.320264869307922,1,0,0,anti_homophones
15462,tI4lK2zhu1,10,-9.318198816536896,3,9.318198816536896,1,0,0,anti_homophones
15463,feng1zu3zi4shi1,15,-11.570127031934216,4,11.570127031934216,1,0,0,anti_homophones
15464,lO4shi4ping4,12,-8.381411429321481,3,8.381411429321481,1,0,0,anti_homophones
15465,qi2bu4lu4,9,-7.312521617892942,3,7.312521617892942,1,0,0,anti_homophones
15466,chV4cheng4zhang3,16,-10.361378508774397,3,10.361378508774397,1,0,0,anti_homophones
15467,shi4wE5,7,-6.422892220290737,2,6.422892220290737,1,0,1,anti_homophones
15468,men2jL1,7,-5.585630137769527,2,5.585630137769527,1,0,1,anti_homophones
15469,tLn1he4zhQ4chUng1,17,-13.265806503101583,4,13.265806503101583,1,0,0,anti_homophones
15470,feng1wen1,9,-6.684301765506464,2,6.684301765506464,1,0,1,anti_homophones
15471,dLn4wu1,7,-6.681025352834347,2,6.681025352834347,1,0,1,anti_homophones
15472,kV1mo4,6,-5.743759154773857,2,5.743759154773857,1,0,3,anti_homophones
15473,xLng1cheng1xi5,14,-9.212220537469708,3,9.212220537469708,1,0,0,anti_homophones
15474,zong1ze2zi5,11,-8.724923214035641,3,8.724923214035641,1,0,0,anti_homophones
15475,qUn3qu3qW1,10,-11.055119274327467,3,11.055119274327467,1,0,0,anti_homophones
15476,yUn2gI1,7,-6.123866931739504,2,6.123866931739504,1,0,0,anti_homophones
15477,shu4ren2zu3,11,-8.913034263216325,3,8.913034263216325,1,0,0,anti_homophones
15478,ming2feng1kV3,13,-8.70283066696949,3,8.70283066696949,1,0,0,anti_homophones
15479,xi1he2dW1ke1,12,-10.896616828206218,4,10.896616828206218,1,0,0,anti_homophones
15480,xLng1jM1sha1,12,-9.086861747315883,3,9.086861747315883,1,0,0,anti_homophones
15481,chen2xL4,8,-6.42101980907598,2,6.42101980907598,1,0,1,anti_homophones
15482,ci3lLn2,7,-6.542873305922911,2,6.542873305922911,1,0,1,anti_homophones
15483,la1zI4,6,-6.299444193678831,2,6.299444193678831,1,0,2,anti_homophones
15484,qu3mV2bLn1,10,-10.152870000029207,3,10.152870000029207,1,0,0,anti_homophones
15485,mu4zan4xM4,10,-9.927605462227442,3,9.927605462227442,1,0,0,anti_homophones
15486,zA4pan1,7,-8.958353917995455,2,8.958353917995455,1,0,4,anti_homophones
15487,mi2tan4,7,-6.029176723044032,2,6.029176723044032,1,0,0,anti_homophones
15488,shi4tu3,7,-6.100302899840804,2,6.100302899840804,1,0,3,anti_homophones
15489,da3ji1,6,-4.933494387821578,2,4.933494387821578,1,1,6,anti_homophones
15490,xLng4xi1,8,-5.944334856592105,2,5.944334856592105,1,1,2,anti_homophones
15491,du2bu3,6,-6.4334171981314086,2,6.4334171981314086,1,0,3,anti_homophones
15492,lin2gO2,7,-6.088599719239454,2,6.088599719239454,1,0,0,anti_homophones
15493,li5la1tan4chi1,14,-13.329514569588381,4,13.329514569588381,1,0,0,anti_homophones
15494,chu1yan4xing1,13,-8.797338834700229,3,8.797338834700229,1,0,0,anti_homophones
15495,chu1feng4,9,-6.023130258871304,2,6.023130258871304,1,0,1,anti_homophones
15496,xC4yV3dong4,11,-8.483703627290978,3,8.483703627290978,1,0,0,anti_homophones
15497,shu3jM1ge1,10,-9.481140101987732,3,9.481140101987732,1,0,0,anti_homophones
15498,sQ3mV2,6,-6.116484383554989,2,6.116484383554989,1,0,3,anti_homophones
15499,hUn2shi4wE4lun4,15,-11.617533420415306,4,11.617533420415306,1,0,0,anti_homophones
15500,bQ4yUn2,7,-5.359806689354778,2,5.359806689354778,1,0,5,anti_homophones
15501,xLn1A2,6,-6.897796077697284,2,6.897796077697284,1,0,1,anti_homophones
15502,mQ2zI4,6,-6.0382558559057635,2,6.0382558559057635,1,0,2,anti_homophones
15503,xW3yUn2fE1,10,-9.269596418289751,3,9.269596418289751,1,0,0,anti_homophones
15504,chQ3yan2,8,-6.347759364546196,2,6.347759364546196,1,0,1,anti_homophones
15505,yi4lun4da2,10,-9.264739066009863,3,9.264739066009863,1,0,0,anti_homophones
15506,zO4jLn3,7,-5.678064385968408,2,5.678064385968408,1,0,5,anti_homophones
15507,cI1su4,6,-5.883412547398624,2,5.883412547398624,1,0,4,anti_homophones
15508,shu1she4,8,-5.8293187736449195,2,5.8293187736449195,1,0,3,anti_homophones
15509,zhong3mo4lM4,12,-9.40429739453626,3,9.40429739453626,1,0,0,anti_homophones
15510,qM1fen4fu3ju4,13,-12.577007305576233,4,12.577007305576233,1,0,0,anti_homophones
15511,gUn1tan4shen3,13,-9.674775423642755,3,9.674775423642755,1,0,0,anti_homophones
15512,yC4ren2zhi2jK4,14,-11.372253637823036,4,11.372253637823036,1,0,0,anti_homophones
15513,qLn1yV2gUn3,11,-8.537228732414112,3,8.537228732414112,1,0,0,anti_homophones
15514,tLn1zi5,7,-4.690979762232863,2,4.690979762232863,1,2,3,anti_homophones
15515,hu1hE1ting2jin1,15,-12.513081487899509,4,12.513081487899509,1,0,0,anti_homophones
15516,sheng2chun1leng2gUn1,20,-13.223002019831004,4,13.223002019831004,1,0,0,anti_homophones
15517,yin1wu1,7,-6.239934592457556,2,6.239934592457556,1,0,2,anti_homophones
15518,da4gI3lLng4,11,-8.405783349899773,3,8.405783349899773,1,0,0,anti_homophones
15519,sheng1qi4zhi3,13,-8.302710824696543,3,8.302710824696543,1,0,0,anti_homophones
15520,yV2wE4,6,-5.142133368522788,2,5.142133368522788,1,0,5,anti_homophones
15521,jW3xM2du4,9,-7.895721942866676,3,7.895721942866676,1,0,0,anti_homophones
15522,ling3dUn3ren2,13,-9.171894237515259,3,9.171894237515259,1,0,0,anti_homophones
15523,bE4dI4,6,-5.202204283919288,2,5.202204283919288,1,0,3,anti_homophones
15524,zO3shI3tu2,10,-8.664551209950682,3,8.664551209950682,1,0,0,anti_homophones
15525,nM4zi5,6,-5.798269112060633,2,5.798269112060633,1,0,2,anti_homophones
15526,jW3rang3,8,-6.797666358581416,2,6.797666358581416,1,0,1,anti_homophones
15527,wE1e2,5,-4.958590837170736,2,4.958590837170736,1,1,2,anti_homophones
15528,jL1su2,6,-5.690003460855103,2,5.690003460855103,1,0,3,anti_homophones
15529,dI4mQ2,6,-6.6397903192570435,2,6.6397903192570435,1,0,0,anti_homophones
15530,sheng2tA2,9,-5.871680654315985,2,5.871680654315985,1,0,1,anti_homophones
15531,ci2dO1ze2,9,-9.991654187421668,3,9.991654187421668,1,0,0,anti_homophones
15532,shan3kan4di4,12,-9.374481273427667,3,9.374481273427667,1,0,0,anti_homophones
15533,si4mLn4,7,-5.502777915740299,2,5.502777915740299,1,1,3,anti_homophones
15534,zhi2zhang2,10,-6.113319013374777,2,6.113319013374777,1,0,0,anti_homophones
15535,yin1pi2bu4jK4,13,-10.709878029430849,4,10.709878029430849,1,0,0,anti_homophones
15536,ling2qi4,8,-5.590531521926338,2,5.590531521926338,1,0,12,anti_homophones
15537,yin1V1,6,-6.1615975670253125,2,6.1615975670253125,1,0,1,anti_homophones
15538,wu2shi2cang4,12,-9.362319456292468,3,9.362319456292468,1,0,0,anti_homophones
15539,sha1han3mLn4,12,-8.794335272687805,3,8.794335272687805,1,0,0,anti_homophones
15540,chUn2qing2hun4,14,-9.825197901753903,3,9.825197901753903,1,0,0,anti_homophones
15541,yQ2yQ2ke1,9,-8.201560462427189,3,8.201560462427189,1,0,0,anti_homophones
15542,lQ3lE3,6,-5.762335444729686,2,5.762335444729686,1,0,1,anti_homophones
15543,di1gong1ri4,11,-8.760062781745443,3,8.760062781745443,1,0,0,anti_homophones
15544,da4qUn2,7,-5.120813083265171,2,5.120813083265171,1,0,5,anti_homophones
15545,shang4shang3,12,-6.628433084867933,2,6.628433084867933,1,0,1,anti_homophones
15546,yan4dQ3,7,-6.389449748445664,2,6.389449748445664,1,0,3,anti_homophones
15547,bu4shan4zhan4,13,-8.806616198252248,3,8.806616198252248,1,0,0,anti_homophones
15548,leng4gong1,10,-6.902259622053838,2,6.902259622053838,1,0,0,anti_homophones
15549,pW1dQ4,6,-5.686103876930772,2,5.686103876930772,1,0,2,anti_homophones
15550,hI2di4,6,-5.258699296813915,2,5.258699296813915,1,1,6,anti_homophones
15551,jUn1yin1,8,-6.845576687591896,2,6.845576687591896,1,0,0,anti_homophones
15552,dang1zhong1,11,-6.650902286277102,2,6.650902286277102,1,0,2,anti_homophones
15553,shen3shu1,9,-6.384028565933621,2,6.384028565933621,1,0,0,anti_homophones
15554,dLn3shen1,9,-6.0880756263665115,2,6.0880756263665115,1,0,1,anti_homophones
15555,gO2jC2,6,-5.402030301852067,2,5.402030301852067,1,0,1,anti_homophones
15556,di1ji1yan2fa2,13,-11.507623903801159,4,11.507623903801159,1,0,0,anti_homophones
15557,xi1sU4jL3,9,-11.193113802521232,3,11.193113802521232,1,0,0,anti_homophones
15558,shQ3lu4,7,-6.285597020500519,2,6.285597020500519,1,0,1,anti_homophones
15559,yi4zheng1bing2,14,-8.712110866082432,3,8.712110866082432,1,0,0,anti_homophones
15560,gQ1jL4,6,-5.152418404233667,2,5.152418404233667,1,1,4,anti_homophones
15561,zong4xUn2an1bo1,15,-13.316941273031127,4,13.316941273031127,1,0,0,anti_homophones
15562,gQ1jing1,8,-6.045475099755606,2,6.045475099755606,1,0,1,anti_homophones
15563,xW4nv3qi4,9,-9.074175061565402,3,9.074175061565402,1,0,0,anti_homophones
15564,hU1cQ3,6,-5.717096272904626,2,5.717096272904626,1,0,0,anti_homophones
15565,yi1shi3,7,-5.160529716889331,2,5.160529716889331,1,0,6,anti_homophones
15566,jL1ji4qYng2,11,-9.49618918460056,3,9.49618918460056,1,0,0,anti_homophones
15567,bQ4tan4,7,-6.019835098194007,2,6.019835098194007,1,0,1,anti_homophones
15568,kQ3yV2,6,-5.890385311337267,2,5.890385311337267,1,0,3,anti_homophones
15569,yong2xing1da3dA4,16,-11.837185121395125,4,11.837185121395125,1,0,0,anti_homophones
15570,qUn2jun1,8,-5.938634923543895,2,5.938634923543895,1,0,0,anti_homophones
15571,zhi4shu3li4,11,-8.201973891867542,3,8.201973891867542,1,0,0,anti_homophones
15572,lQ2dUn1gan1chang2,17,-13.542057042932683,4,13.542057042932683,1,0,0,anti_homophones
15573,gong4qu4hA4,11,-9.26792197830327,3,9.26792197830327,1,0,0,anti_homophones
15574,kUng2A4,7,-6.802212778404962,2,6.802212778404962,1,0,2,anti_homophones
15575,du2zhi4yin1,11,-8.413808959363141,3,8.413808959363141,1,0,0,anti_homophones
15576,ru2hQ3,6,-6.229880376728938,2,6.229880376728938,1,0,1,anti_homophones
15577,he2qK2,6,-6.311199045276722,2,6.311199045276722,1,0,1,anti_homophones
15578,bu4yUn2bing2li3,15,-10.705340210317567,4,10.705340210317567,1,0,0,anti_homophones
15579,mE2hUn4,7,-6.461817473536945,2,6.461817473536945,1,0,0,anti_homophones
15580,lUn4xLng3,9,-6.877772683900705,2,6.877772683900705,1,0,0,anti_homophones
15581,pE2li3jing3,11,-9.318170747878197,3,9.318170747878197,1,0,0,anti_homophones
15582,yi4yi3,6,-5.852307068532712,2,5.852307068532712,1,1,7,anti_homophones
15583,hI4shen4yan4,12,-9.882318056321177,3,9.882318056321177,1,0,0,anti_homophones
15584,bing1shang2,11,-6.538168956799024,2,6.538168956799024,1,0,0,anti_homophones
15585,chV1nv3er2,10,-9.372700277543943,3,9.372700277543943,1,0,0,anti_homophones
15586,chu1shi3,8,-5.605782619892331,2,5.605782619892331,1,0,3,anti_homophones
15587,yV4ti3,6,-5.788764975461394,2,5.788764975461394,1,0,3,anti_homophones
15588,yi1xC4,6,-5.483777426144919,2,5.483777426144919,1,1,5,anti_homophones
15589,fang1shi2yang3shI3,18,-11.690826350512909,4,11.690826350512909,1,0,0,anti_homophones
15590,wen2he2li4ti3,13,-10.507970600752046,4,10.507970600752046,1,0,0,anti_homophones
15591,fan2xu4jLng1,12,-9.553574228081343,3,9.553574228081343,1,0,0,anti_homophones
15592,gUng2da4ren2,12,-8.777732031025467,3,8.777732031025467,1,0,0,anti_homophones
15593,mE2hUng1tang1,13,-9.819394783121094,3,9.819394783121094,1,0,0,anti_homophones
15594,chong1yo1,9,-6.971359666711428,2,6.971359666711428,1,0,1,anti_homophones
15595,tM3chUng2zhang3,15,-10.007654867572576,3,10.007654867572576,1,0,0,anti_homophones
15596,chang3dW4,9,-6.812676983359661,2,6.812676983359661,1,0,0,anti_homophones
15597,sA1chu1,7,-6.690913187040476,2,6.690913187040476,1,0,0,anti_homophones
15598,xLng3zhA2,9,-7.2989720289353235,2,7.2989720289353235,1,0,0,anti_homophones
15599,jing4qu1che1,12,-8.755284806041157,3,8.755284806041157,1,0,0,anti_homophones
15600,shQ1pW4zhUn1dV1,15,-13.251373772795308,4,13.251373772795308,1,0,0,anti_homophones
15601,qi4tong1shI3,12,-8.723435149174431,3,8.723435149174431,1,0,0,anti_homophones
15602,jin4xing2shi4,13,-7.355758995775247,3,7.355758995775247,1,0,1,anti_homophones
15603,qing2jing3,10,-6.36057630841743,2,6.36057630841743,1,0,0,anti_homophones
15604,chUng1fang4,11,-6.444068514949751,2,6.444068514949751,1,0,0,anti_homophones
15605,chan4li5,8,-6.716885017246645,2,6.716885017246645,1,0,1,anti_homophones
15606,shV1ka3,7,-6.126862488477039,2,6.126862488477039,1,0,2,anti_homophones
15607,tI1can2,7,-6.124602312158426,2,6.124602312158426,1,0,2,anti_homophones
15608,bE4wen2,7,-5.4571291194554705,2,5.4571291194554705,1,0,4,anti_homophones
15609,wang2shu3,9,-6.612850308356248,2,6.612850308356248,1,0,0,anti_homophones
15610,lA2ren4xin1qUn4,15,-11.571826520137618,4,11.571826520137618,1,0,0,anti_homophones
15611,pQ4hong3,8,-6.95538085178738,2,6.95538085178738,1,0,0,anti_homophones
15612,xLn3zi3,7,-6.4459863333816765,2,6.4459863333816765,1,0,3,anti_homophones
15613,jun4qWng2jYng2zhong2,20,-19.703876367275626,4,19.703876367275626,1,0,0,anti_homophones
15614,meng1lE4fa1hO3,14,-13.17714542841518,4,13.17714542841518,1,0,0,anti_homophones
15615,deng1zhi1fE4,12,-8.830157332824058,3,8.830157332824058,1,0,0,anti_homophones
15616,hang4su2,8,-7.1222143254501145,2,7.1222143254501145,1,0,0,anti_homophones
15617,dO1chan1ge1,11,-9.306287316457983,3,9.306287316457983,1,0,0,anti_homophones
15618,re4qi3yong1,11,-8.347117795240557,3,8.347117795240557,1,0,0,anti_homophones
15619,hun1shu4tV4fo2,14,-13.91740070421227,4,13.91740070421227,1,0,0,anti_homophones
15620,jing3hI3sI3,11,-9.648469262946183,3,9.648469262946183,1,0,0,anti_homophones
15621,he2de5pW4,9,-7.8923698419007735,3,7.8923698419007735,1,0,0,anti_homophones
15622,ban1dI4,7,-5.9711420411568,2,5.9711420411568,1,0,1,anti_homophones
15623,du1jL1zhi3,10,-9.195245810030407,3,9.195245810030407,1,0,0,anti_homophones
15624,tI4he4,6,-6.710193211659339,2,6.710193211659339,1,0,3,anti_homophones
15625,gong4qi4fan2,12,-9.194634819228632,3,9.194634819228632,1,0,0,anti_homophones
15626,yu2shan3po4dLn4,15,-13.123922136493519,4,13.123922136493519,1,0,0,anti_homophones
15627,tA1dong1ku4,11,-10.015649257020806,3,10.015649257020806,1,0,0,anti_homophones
15628,yQ4zhUng1jK3,12,-9.718981542474324,3,9.718981542474324,1,0,0,anti_homophones
15629,qi3lun2,7,-6.1837699149923155,2,6.1837699149923155,1,0,1,anti_homophones
15630,yin4ru2qing1tW2,15,-11.815786943849915,4,11.815786943849915,1,0,0,anti_homophones
15631,xLng1ban1,9,-6.2605727010543015,2,6.2605727010543015,1,0,2,anti_homophones
15632,zhang4ben4wE4,13,-10.223029061374987,3,10.223029061374987,1,0,0,anti_homophones
15633,gO4ji4cA4,9,-8.474872142324381,3,8.474872142324381,1,0,0,anti_homophones
15634,zhUng2dI4chu1zi5,16,-11.527485443334248,4,11.527485443334248,1,0,0,anti_homophones
15635,mQ2pQ2zV4yi2,12,-11.25961190598878,4,11.25961190598878,1,0,0,anti_homophones
15636,gu4cheng1,9,-6.3804338436491035,2,6.3804338436491035,1,0,1,anti_homophones
15637,xW3zhen4,8,-6.030583371357097,2,6.030583371357097,1,0,0,anti_homophones
15638,ri4jL1,6,-5.69470460153128,2,5.69470460153128,1,0,4,anti_homophones
15639,hUng1xLng4tI3,13,-9.85943122667531,3,9.85943122667531,1,0,0,anti_homophones
15640,yV2zhu4,7,-5.580214733972775,2,5.580214733972775,1,0,1,anti_homophones
15641,ya1lin2bA2,10,-9.89756134309322,3,9.89756134309322,1,0,0,anti_homophones
15642,fen1dan3hQ3,11,-10.21119132909434,3,10.21119132909434,1,0,0,anti_homophones
15643,chV1lV2,7,-6.078581349133583,2,6.078581349133583,1,0,2,anti_homophones
15644,jL1zhi1pE4,10,-8.723793531338833,3,8.723793531338833,1,0,0,anti_homophones
15645,V3hI4,5,-6.277051029981793,2,6.277051029981793,1,0,1,anti_homophones
15646,shu3lO4,7,-6.364184615443815,2,6.364184615443815,1,0,3,anti_homophones
15647,yong4hO2lu2,11,-9.280113113696514,3,9.280113113696514,1,0,0,anti_homophones
15648,jL4zhang3,9,-6.611673124484901,2,6.611673124484901,1,0,1,anti_homophones
15649,yV3bu4shi4,10,-7.065464364711098,3,7.065464364711098,1,0,0,anti_homophones
15650,sheng1zhu3,10,-5.730726438462023,2,5.730726438462023,1,0,1,anti_homophones
15651,kA1jL4,6,-5.4218016908364435,2,5.4218016908364435,1,0,2,anti_homophones
15652,wu2yQ2yi4,9,-7.346713016684685,3,7.346713016684685,1,0,0,anti_homophones
15653,jL4ji1qi4,9,-8.649322237073743,3,8.649322237073743,1,0,0,anti_homophones
15654,gang1lW2yi1ye1,14,-14.056152390644016,4,14.056152390644016,1,0,0,anti_homophones
15655,ge2mQ4,6,-5.574076915263126,2,5.574076915263126,1,0,2,anti_homophones
15656,pi3man2ji1,10,-9.955965846652965,3,9.955965846652965,1,0,0,anti_homophones
15657,yi1yan3tLn1shang3,17,-11.312455092899288,4,11.312455092899288,1,0,0,anti_homophones
15658,lE4gO2,6,-6.4259775060815265,2,6.4259775060815265,1,0,2,anti_homophones
15659,bu4min2,7,-5.673418047141876,2,5.673418047141876,1,1,4,anti_homophones
15660,lW4da4,6,-7.654075693056253,2,7.654075693056253,1,0,1,anti_homophones
15661,shen1wu2zi5,11,-7.769397519242773,3,7.769397519242773,1,0,1,anti_homophones
15662,shang1ping2,11,-6.679466656409855,2,6.679466656409855,1,0,3,anti_homophones
15663,jing3shUng2xLn3zheng1,21,-14.220609703533592,4,14.220609703533592,1,0,0,anti_homophones
15664,yV2shI3,7,-5.784543014708975,2,5.784543014708975,1,0,2,anti_homophones
15665,ping2kong1xing4,15,-8.78811849440103,3,8.78811849440103,1,0,0,anti_homophones
15666,jW1mQ1,6,-6.853083334871577,2,6.853083334871577,1,0,2,anti_homophones
15667,ke3dan1,7,-5.880178045618279,2,5.880178045618279,1,0,0,anti_homophones
15668,cun1wE4,7,-6.512414651869572,2,6.512414651869572,1,0,1,anti_homophones
15669,lQ3yQ4,6,-5.311018373829976,2,5.311018373829976,1,0,7,anti_homophones
15670,zhUn4gQ4po4lan2,15,-11.53191600676762,4,11.53191600676762,1,0,0,anti_homophones
15671,hP2zhi1,7,-6.212380871948925,2,6.212380871948925,1,0,3,anti_homophones
15672,hun1gO1gU1,10,-9.625817378781656,3,9.625817378781656,1,0,0,anti_homophones
15673,qLn1qing1,9,-6.332084325113969,2,6.332084325113969,1,0,3,anti_homophones
15674,da3tM3,6,-6.207721237184747,2,6.207721237184747,1,0,0,anti_homophones
15675,yu4su4ri4nE3,12,-14.187651285448874,4,14.187651285448874,1,0,0,anti_homophones
15676,hV4li4dan4xin1,14,-11.147237783875635,4,11.147237783875635,1,0,0,anti_homophones
15677,gQ1qu3,6,-6.071973912004172,2,6.071973912004172,1,1,3,anti_homophones
15678,jL1gu3ren2,10,-7.6719204529714355,3,7.6719204529714355,1,0,0,anti_homophones
15679,bo1ran2yan1,11,-10.188667009154624,3,10.188667009154624,1,0,0,anti_homophones
15680,shi1he1,7,-6.403367887751923,2,6.403367887751923,1,0,5,anti_homophones
15681,shV4ren2,8,-5.054889822273402,2,5.054889822273402,1,0,4,anti_homophones
15682,bW1ti3,6,-5.924423919220716,2,5.924423919220716,1,0,1,anti_homophones
15683,peng1chong3,11,-7.446457468538926,2,7.446457468538926,1,0,0,anti_homophones
15684,hU1shu3hun1zhu4,15,-12.45793367969773,4,12.45793367969773,1,0,0,anti_homophones
15685,zhi4lO4chang2,13,-8.934626108657705,3,8.934626108657705,1,0,0,anti_homophones
15686,jW3bu4de2,9,-7.320810029055377,3,7.320810029055377,1,0,0,anti_homophones
15687,gu1xL4chu4,10,-9.195650239230881,3,9.195650239230881,1,0,0,anti_homophones
15688,sheng1tW2,9,-5.594784990704646,2,5.594784990704646,1,0,1,anti_homophones
15689,chi2wE4,7,-5.906146973756897,2,5.906146973756897,1,0,3,anti_homophones
15690,fu4zO4shV3,10,-7.934766402343413,3,7.934766402343413,1,0,0,anti_homophones
15691,tQ4he2,6,-5.8549010468384735,2,5.8549010468384735,1,0,0,anti_homophones
15692,zong1wan2,9,-6.681658261354089,2,6.681658261354089,1,0,1,anti_homophones
15693,an1yun2tU4,10,-11.056220983645417,3,11.056220983645417,1,0,0,anti_homophones
15694,wen1su4,7,-6.433930107278027,2,6.433930107278027,1,0,2,anti_homophones
15695,lM4fa3lu4,9,-9.04269639656412,3,9.04269639656412,1,0,0,anti_homophones
15696,xin1bQ4gQ4fa1,13,-10.831553684191526,4,10.831553684191526,1,0,0,anti_homophones
15697,da2sha1zi5,10,-8.555359980773869,3,8.555359980773869,1,0,0,anti_homophones
15698,mo4ri4,6,-5.3385777088224895,2,5.3385777088224895,1,0,4,anti_homophones
15699,hI2da4jK3,9,-7.937702555049919,3,7.937702555049919,1,0,0,anti_homophones
15700,qi2ma3lV4,9,-9.209346627650849,3,9.209346627650849,1,0,0,anti_homophones
15701,jin1shi4xi1,11,-8.262037098969405,3,8.262037098969405,1,0,0,anti_homophones
15702,jLn1ning4hU4,12,-9.093570625092193,3,9.093570625092193,1,0,0,anti_homophones
15703,ju4bing2,8,-6.01722687478307,2,6.01722687478307,1,0,1,anti_homophones
15704,gu3hQ3xin1,10,-8.567417758991049,3,8.567417758991049,1,0,0,anti_homophones
15705,shu1kV3,7,-5.398804144869194,2,5.398804144869194,1,1,4,anti_homophones
15706,gUng1shi1,9,-6.218930071680358,2,6.218930071680358,1,1,1,anti_homophones
15707,yan3dQ3,7,-6.015359902184719,2,6.015359902184719,1,0,2,anti_homophones
15708,nK2yong2zhi3,12,-9.833962917078052,3,9.833962917078052,1,0,0,anti_homophones
15709,chu4dQ4,7,-6.1459818343331865,2,6.1459818343331865,1,0,3,anti_homophones
15710,nK4xin1tLn1,11,-10.891515352288828,3,10.891515352288828,1,0,0,anti_homophones
15711,fang4jL1yQ1,11,-9.158622370059685,3,9.158622370059685,1,0,0,anti_homophones
15712,wo4bing4shI3pi2,15,-11.207837592156073,4,11.207837592156073,1,0,0,anti_homophones
15713,xin1zhi3pLn1pi3,15,-13.336564081137249,4,13.336564081137249,1,0,0,anti_homophones
15714,yi1cha2dLn3,11,-7.789289986509096,3,7.789289986509096,1,0,0,anti_homophones
15715,cong4she4teng5,14,-12.191209790361757,3,12.191209790361757,1,0,0,anti_homophones
15716,sheng2wang3men2,15,-9.25986372897179,3,9.25986372897179,1,0,0,anti_homophones
15717,lLn3dUn4,8,-6.431961195792352,2,6.431961195792352,1,0,0,anti_homophones
15718,nLn2tV2rUn3,11,-8.86162773051329,3,8.86162773051329,1,0,0,anti_homophones
15719,xLn4jun1,8,-5.821180928244717,2,5.821180928244717,1,0,3,anti_homophones
15720,ba1xLn4,7,-6.02384509824266,2,6.02384509824266,1,0,6,anti_homophones
15721,he2chUn4,8,-6.033884504385821,2,6.033884504385821,1,0,1,anti_homophones
15722,qing3shi4,9,-5.518435066577648,2,5.518435066577648,1,0,5,anti_homophones
15723,mQ2ye4,6,-5.561737310031323,2,5.561737310031323,1,0,5,anti_homophones
15724,ming1lLng2men2wan4,18,-12.351526955823518,4,12.351526955823518,1,0,0,anti_homophones
15725,nA4ren2shV1,11,-8.76858756805112,3,8.76858756805112,1,0,0,anti_homophones
15726,jW1heng1neng1,13,-9.362613675260247,3,9.362613675260247,1,0,0,anti_homophones
15727,bW3yan2,7,-5.325911682430599,2,5.325911682430599,1,0,2,anti_homophones
15728,yQ4hU4,6,-5.918918145766466,2,5.918918145766466,1,0,8,anti_homophones
15729,chu1cA2,7,-5.692807509685461,2,5.692807509685461,1,0,1,anti_homophones
15730,zhi4hI4,7,-5.1546848680658055,2,5.1546848680658055,1,0,7,anti_homophones
15731,gong1wan4ke2,12,-9.869168716348492,3,9.869168716348492,1,0,0,anti_homophones
15732,can3kUn3zhi1,12,-10.084308336875202,3,10.084308336875202,1,0,0,anti_homophones
15733,xC2zhe4xLng4,12,-9.817799538109805,3,9.817799538109805,1,0,0,anti_homophones
15734,hu1ju4,6,-6.017869892784003,2,6.017869892784003,1,0,6,anti_homophones
15735,fa2wu4,6,-6.296814186484127,2,6.296814186484127,1,0,2,anti_homophones
15736,zhu3zhi4,8,-5.427504997608837,2,5.427504997608837,1,0,1,anti_homophones
15737,wu2yi4,6,-4.29464601166584,2,4.29464601166584,1,1,13,anti_homophones
15738,cha1yang3,9,-6.345430978273336,2,6.345430978273336,1,0,1,anti_homophones
15739,hU4zhUng2zheng1yu2,18,-12.168122133351819,4,12.168122133351819,1,0,0,anti_homophones
15740,jK4fV3,6,-6.4094551119824645,2,6.4094551119824645,1,0,1,anti_homophones
15741,tan3ji1,7,-6.176871611664041,2,6.176871611664041,1,0,3,anti_homophones
15742,re4lun4,7,-6.1088150949157045,2,6.1088150949157045,1,0,2,anti_homophones
15743,ren2bing1,9,-6.33568035508577,2,6.33568035508577,1,0,2,anti_homophones
15744,zhong3chang3bQ4,15,-9.687419637018,3,9.687419637018,1,0,0,anti_homophones
15745,yin3dUn4,8,-6.054471834876152,2,6.054471834876152,1,0,0,anti_homophones
15746,zu3ji1zong1di4,14,-12.193528686942678,4,12.193528686942678,1,0,0,anti_homophones
15747,chen1ti5,8,-7.635922124146911,2,7.635922124146911,1,0,0,anti_homophones
15748,gQ1heng1,8,-6.417829718814747,2,6.417829718814747,1,0,1,anti_homophones
15749,hu4min3he2,10,-9.70918820868436,3,9.70918820868436,1,0,0,anti_homophones
15750,wu2long1,8,-6.152183194120837,2,6.152183194120837,1,0,3,anti_homophones
15751,cI4yan2,7,-6.600131990394237,2,6.600131990394237,1,0,1,anti_homophones
15752,shu1hang2,9,-6.365737282596755,2,6.365737282596755,1,0,0,anti_homophones
15753,chUn4zi5,8,-5.490868823366777,2,5.490868823366777,1,0,2,anti_homophones
15754,xun4tV2ku4fan2,14,-12.558952678918601,4,12.558952678918601,1,0,0,anti_homophones
15755,xLn3er5,7,-5.583567335115342,2,5.583567335115342,1,0,3,anti_homophones
15756,bQ3an4,6,-4.936512547217696,2,4.936512547217696,1,1,5,anti_homophones
15757,kUng2pLn1cheng2,15,-10.498264590860911,3,10.498264590860911,1,0,0,anti_homophones
15758,pi2jing2,8,-5.852169324461019,2,5.852169324461019,1,0,1,anti_homophones
15759,fan3jM4,7,-6.150064238326613,2,6.150064238326613,1,0,2,anti_homophones
15760,dLn4xL4,7,-5.785927836309232,2,5.785927836309232,1,0,6,anti_homophones
15761,chang3li3,9,-5.91911997585063,2,5.91911997585063,1,0,1,anti_homophones
15762,tA4shang3hI4,12,-9.068187849021985,3,9.068187849021985,1,0,0,anti_homophones
15763,chun4tV2bQ4zI4,14,-12.222102638142085,4,12.222102638142085,1,0,0,anti_homophones
15764,nong2shi2,9,-6.238705331907296,2,6.238705331907296,1,0,4,anti_homophones
15765,li2qUn2,7,-5.657157549690088,2,5.657157549690088,1,0,4,anti_homophones
15766,cang1li4,8,-6.327347366457489,2,6.327347366457489,1,0,4,anti_homophones
15767,jin4dI3,7,-7.998565276476032,2,7.998565276476032,1,0,2,anti_homophones
15768,jW1jLn4,7,-5.080207885109893,2,5.080207885109893,1,0,3,anti_homophones
15769,fang2chen2,10,-6.357695806394173,2,6.357695806394173,1,0,1,anti_homophones
15770,zhu1ru4,7,-5.856733351245197,2,5.856733351245197,1,0,3,anti_homophones
15771,san3yV3lV4,10,-9.948769913826057,3,9.948769913826057,1,0,0,anti_homophones
15772,tu3shen3dA4,11,-9.820554230105538,3,9.820554230105538,1,0,0,anti_homophones
15773,shV1che1hI4,11,-8.652079459752743,3,8.652079459752743,1,0,0,anti_homophones
15774,chan4she4ban4,13,-9.004526503571379,3,9.004526503571379,1,0,0,anti_homophones
15775,ming2jing1wE2,13,-9.345340272107748,3,9.345340272107748,1,0,0,anti_homophones
15776,qing2bu4qu3nQ3,14,-10.601536574612028,4,10.601536574612028,1,0,0,anti_homophones
15777,can2jL4,7,-6.238855143744296,2,6.238855143744296,1,0,2,anti_homophones
15778,shV1jin4,8,-5.938188566953734,2,5.938188566953734,1,0,2,anti_homophones
15779,ta1gUn1,7,-6.434630748659961,2,6.434630748659961,1,0,0,anti_homophones
15780,zhe4tQ4,7,-6.902741420617232,2,6.902741420617232,1,0,1,anti_homophones
15781,jin1fu4hU4,10,-7.720114475779978,3,7.720114475779978,1,0,0,anti_homophones
15782,yan3bA4jL4,10,-8.296857260308364,3,8.296857260308364,1,0,0,anti_homophones
15783,ben3xLng4fu2fen4,16,-12.015289825694147,4,12.015289825694147,1,0,0,anti_homophones
15784,lQ3yu4,6,-5.267293629922236,2,5.267293629922236,1,1,10,anti_homophones
15785,jW1nan2ren4,11,-8.317297127665658,3,8.317297127665658,1,0,0,anti_homophones
15786,an4ji2xW4,9,-8.601584751814125,3,8.601584751814125,1,0,0,anti_homophones
15787,yan2tong1,9,-5.9113835461810735,2,5.9113835461810735,1,0,1,anti_homophones
15788,sU1qu1zi5,9,-10.612638258510305,3,10.612638258510305,1,0,0,anti_homophones
15789,ba2dLn4,7,-5.833951311743717,2,5.833951311743717,1,0,1,anti_homophones
15790,xin1gUn1,8,-5.513229215337244,2,5.513229215337244,1,1,1,anti_homophones
15791,man2nong4,9,-7.243392757833226,2,7.243392757833226,1,0,1,anti_homophones
15792,ban4dan4,8,-6.332103664145186,2,6.332103664145186,1,0,0,anti_homophones
15793,lM4dA4,6,-5.43770321861304,2,5.43770321861304,1,1,4,anti_homophones
15794,che4wE4,7,-6.774982746354335,2,6.774982746354335,1,0,5,anti_homophones
15795,jL3xin1xing4,12,-7.838256286126278,3,7.838256286126278,1,0,0,anti_homophones
15796,tV1xYng5,8,-8.773239903298823,2,8.773239903298823,1,0,0,anti_homophones
15797,gA3zhi3,7,-5.702910510138686,2,5.702910510138686,1,0,3,anti_homophones
15798,xi3yi4,6,-4.944039349411745,2,4.944039349411745,1,1,8,anti_homophones
15799,shan4shun1,10,-6.985233542868144,2,6.985233542868144,1,0,1,anti_homophones
15800,tu2shUng1zhUng2ri4,18,-13.51445806214316,4,13.51445806214316,1,0,0,anti_homophones
15801,xLng4fu4hQ4,11,-8.689427621434353,3,8.689427621434353,1,0,0,anti_homophones
15802,nong4qin2gan3,13,-10.358195980205002,3,10.358195980205002,1,0,0,anti_homophones
15803,ju3li5gU1,9,-9.003301163318744,3,9.003301163318744,1,0,0,anti_homophones
15804,da4qUn4,7,-6.0426930023902194,2,6.0426930023902194,1,0,1,anti_homophones
15805,xL4mu4,6,-5.39913137838873,2,5.39913137838873,1,0,2,anti_homophones
15806,fa1bu4,6,-5.234583647878454,2,5.234583647878454,1,0,5,anti_homophones
15807,yang2dQ4,8,-5.731122330779777,2,5.731122330779777,1,0,5,anti_homophones
15808,wu2ci2,6,-5.180338614480324,2,5.180338614480324,1,0,4,anti_homophones
15809,A2er5,5,-5.607114029626302,2,5.607114029626302,1,0,0,anti_homophones
15810,zhi4qK2cu4,10,-8.837307893999313,3,8.837307893999313,1,0,0,anti_homophones
15811,feng2ren2cA3fE2,15,-12.29384095450626,4,12.29384095450626,1,0,0,anti_homophones
15812,zha2jK1dang2se4,15,-12.52051342468322,4,12.52051342468322,1,0,0,anti_homophones
15813,chen1yu4xu3,11,-9.419600366585579,3,9.419600366585579,1,0,0,anti_homophones
15814,ti4bi4,6,-6.614171068844652,2,6.614171068844652,1,0,2,anti_homophones
15815,sun3jM2jW1,10,-9.438269602909955,3,9.438269602909955,1,0,0,anti_homophones
15816,shen2jing1,10,-6.348400098712397,2,6.348400098712397,1,0,0,anti_homophones
15817,wo3jLng4bing2xu4,16,-12.544216437758903,4,12.544216437758903,1,0,0,anti_homophones
15818,da4jin1lin2jL4,14,-10.638503702050835,4,10.638503702050835,1,0,0,anti_homophones
15819,ke3yang2,8,-6.017421274889508,2,6.017421274889508,1,0,0,anti_homophones
15820,yV1yin3sO1,10,-9.09487165543559,3,9.09487165543559,1,0,0,anti_homophones
15821,ci2li4,6,-5.548786497326511,2,5.548786497326511,1,0,5,anti_homophones
15822,zeng4er5,8,-7.2196872969768435,2,7.2196872969768435,1,0,0,anti_homophones
15823,za2ji4sA4,9,-8.383617303157791,3,8.383617303157791,1,0,0,anti_homophones
15824,xL4bi3an4zhang1,15,-12.04131613296647,4,12.04131613296647,1,0,0,anti_homophones
15825,an1lE2ji1ren2,13,-11.988241371432373,4,11.988241371432373,1,0,0,anti_homophones
15826,li2bing4ban3,12,-9.979726111461247,3,9.979726111461247,1,0,0,anti_homophones
15827,de2yi4yV2,9,-7.891096215478077,3,7.891096215478077,1,0,0,anti_homophones
15828,ba1gO3xing2,11,-8.93834327893946,3,8.93834327893946,1,0,0,anti_homophones
15829,bA3tV5,6,-5.858881680903457,2,5.858881680903457,1,0,3,anti_homophones
15830,dQ4gQ4,6,-5.6004265686107875,2,5.6004265686107875,1,0,6,anti_homophones
15831,bW1xM4,6,-6.167271924862292,2,6.167271924862292,1,0,4,anti_homophones
15832,xLng3er2tong1,13,-8.074494052656215,3,8.074494052656215,1,0,0,anti_homophones
15833,hU4fu1,6,-6.27006313955972,2,6.27006313955972,1,0,1,anti_homophones
15834,mQ4pin3hong4,12,-9.504272471032118,3,9.504272471032118,1,0,0,anti_homophones
15835,zhU3hU4,7,-5.696315618516924,2,5.696315618516924,1,1,0,anti_homophones
15836,sheng1kong1,11,-6.147398951509904,2,6.147398951509904,1,0,3,anti_homophones
15837,qing4cA4,8,-6.361780970092699,2,6.361780970092699,1,0,0,anti_homophones
15838,pu3tang1qUn2,12,-9.749175390520513,3,9.749175390520513,1,0,0,anti_homophones
15839,jLn1jC2jL4shV3,14,-11.071667522105308,4,11.071667522105308,1,0,0,anti_homophones
15840,shU1dV1,7,-7.079150399116088,2,7.079150399116088,1,0,0,anti_homophones
15841,jLn3yC1,7,-5.8789718686041255,2,5.8789718686041255,1,0,0,anti_homophones
15842,ying2rO4jW3,11,-8.83851782626367,3,8.83851782626367,1,0,0,anti_homophones
15843,gQ1nang4,8,-6.737530939186388,2,6.737530939186388,1,0,1,anti_homophones
15844,song3hU4,8,-6.352724781419601,2,6.352724781419601,1,0,4,anti_homophones
15845,wang2hang3,10,-7.432032862536791,2,7.432032862536791,1,0,0,anti_homophones
15846,yi2san1,7,-6.240823557101745,2,6.240823557101745,1,0,4,anti_homophones
15847,bu4shan3,8,-5.98338554265563,2,5.98338554265563,1,0,2,anti_homophones
15848,bi4hU4,6,-4.811963920661014,2,4.811963920661014,1,1,11,anti_homophones
15849,pA1ming2,8,-5.689835905028991,2,5.689835905028991,1,0,0,anti_homophones
15850,qM4shi4ji1,10,-8.187847277894727,3,8.187847277894727,1,0,0,anti_homophones
15851,qLng2hun2er5,12,-9.999055438716702,3,9.999055438716702,1,0,0,anti_homophones
15852,gQ1da3san3,10,-8.769997650437784,3,8.769997650437784,1,0,0,anti_homophones
15853,mLn4zhi1,8,-5.742531875601848,2,5.742531875601848,1,0,2,anti_homophones
15854,ji1hu4,6,-5.901129894263905,2,5.901129894263905,1,0,10,anti_homophones
15855,xW1shang4,9,-5.6366381471559235,2,5.6366381471559235,1,0,4,anti_homophones
15856,da4fen1shang4,13,-8.191570733514427,3,8.191570733514427,1,0,0,anti_homophones
15857,jC2shu2,7,-6.383967884920338,2,6.383967884920338,1,0,3,anti_homophones
15858,yV2lA2,6,-5.180024507870333,2,5.180024507870333,1,0,2,anti_homophones
15859,yi4xW4shi1,10,-9.006521400644381,3,9.006521400644381,1,0,0,anti_homophones
15860,xW1chong2wen3,13,-10.09175457106027,3,10.09175457106027,1,0,0,anti_homophones
15861,zhen4zheng1hu1zhe3,18,-11.776184125859027,4,11.776184125859027,1,0,0,anti_homophones
15862,jLng3qK2,8,-6.201713121431397,2,6.201713121431397,1,0,2,anti_homophones
15863,za2zi1,6,-6.4469817486896215,2,6.4469817486896215,1,0,1,anti_homophones
15864,lang2tUn2,9,-7.040153766278824,2,7.040153766278824,1,0,1,anti_homophones
15865,qi2shang2ren2,13,-7.914104282057225,3,7.914104282057225,1,0,0,anti_homophones
15866,mQ2lW3,6,-6.382641648337605,2,6.382641648337605,1,0,1,anti_homophones
15867,chu1ji1,7,-4.868709712312059,2,4.868709712312059,1,0,10,anti_homophones
15868,dM2cun2,7,-7.052140569104501,2,7.052140569104501,1,0,1,anti_homophones
15869,yV4e4,5,-5.62809410548797,2,5.62809410548797,1,0,3,anti_homophones
15870,yi1xi1hI4,9,-7.27361090426912,3,7.27361090426912,1,0,0,anti_homophones
15871,bing1jLng2,10,-6.941803335661786,2,6.941803335661786,1,0,0,anti_homophones
15872,hU1si1zhen2,11,-8.681128020707648,3,8.681128020707648,1,0,0,anti_homophones
15873,qing1lQ5,8,-7.341544917672584,2,7.341544917672584,1,0,0,anti_homophones
15874,bQ4ji4,6,-5.320502294159163,2,5.320502294159163,1,0,9,anti_homophones
15875,zO4zhi2zhi4hun4,15,-11.980810981531175,4,11.980810981531175,1,0,0,anti_homophones
15876,che4xM2,7,-6.911662646641149,2,6.911662646641149,1,0,0,anti_homophones
15877,fang3hU4jM3zi5,14,-10.877813776799124,4,10.877813776799124,1,0,0,anti_homophones
15878,chun4ti2,8,-7.6015730743155006,2,7.6015730743155006,1,0,1,anti_homophones
15879,yi1li3fu2,9,-7.14699444950332,3,7.14699444950332,1,0,0,anti_homophones
15880,de5dong1,8,-6.801455178110191,2,6.801455178110191,1,0,0,anti_homophones
15881,ying4li4,8,-5.349083808377474,2,5.349083808377474,1,0,10,anti_homophones
15882,qu4wang4,8,-6.500896457769477,2,6.500896457769477,1,0,1,anti_homophones
15883,nan2mQ4xLn3,11,-9.631503246083026,3,9.631503246083026,1,0,0,anti_homophones
15884,zhang4ming1kV5,14,-10.75370506750723,3,10.75370506750723,1,0,0,anti_homophones
15885,chu4zhi1hI3lu4,14,-11.376046419733182,4,11.376046419733182,1,0,0,anti_homophones
15886,kUng2mE3,8,-7.21692380571686,2,7.21692380571686,1,0,0,anti_homophones
15887,cA3gUn3,7,-6.163198537211475,2,6.163198537211475,1,0,2,anti_homophones
15888,fu2po1di4,9,-8.867517794290404,3,8.867517794290404,1,0,0,anti_homophones
15889,wu2xL4,6,-5.363298883940487,2,5.363298883940487,1,1,4,anti_homophones
15890,jin1chen2shI4,13,-9.677797058934985,3,9.677797058934985,1,0,0,anti_homophones
15891,po2po5,6,-6.245868355329042,2,6.245868355329042,1,0,1,anti_homophones
15892,hang3shi3zha2zhong4,19,-13.368143377127037,4,13.368143377127037,1,0,0,anti_homophones
15893,bQ3pin3zhan4tV5,15,-12.184672893929607,4,12.184672893929607,1,0,0,anti_homophones
15894,zi4pin3,7,-5.95178808816107,2,5.95178808816107,1,0,2,anti_homophones
15895,A4mo1,5,-6.854066389926164,2,6.854066389926164,1,0,1,anti_homophones
15896,lu4yUn4xin1,11,-8.33215995999064,3,8.33215995999064,1,0,1,anti_homophones
15897,zhUng4zheng4,12,-6.685817081484774,2,6.685817081484774,1,0,0,anti_homophones
15898,jW4feng1,8,-5.954330936824621,2,5.954330936824621,1,0,1,anti_homophones
15899,po4jL1,6,-6.293574282058237,2,6.293574282058237,1,0,0,anti_homophones
15900,feng3shi2,9,-6.024059220215648,2,6.024059220215648,1,0,2,anti_homophones
15901,li4lin2qi4,10,-8.637058018840486,3,8.637058018840486,1,0,0,anti_homophones
15902,jLn4gP4wu2qUn3,14,-12.63939649819234,4,12.63939649819234,1,0,0,anti_homophones
15903,sI2shu2wu2qM3,13,-13.634011703508234,4,13.634011703508234,1,0,0,anti_homophones
15904,rong1xLng4dLn3zA4,17,-12.680747027551075,4,12.680747027551075,1,0,0,anti_homophones
15905,shi2wen1,8,-6.361138980321978,2,6.361138980321978,1,0,1,anti_homophones
15906,lLng4xin4,9,-6.303433754423631,2,6.303433754423631,1,0,5,anti_homophones
15907,shang1ji2zi3,12,-8.294429561854573,3,8.294429561854573,1,0,0,anti_homophones
15908,zha4na4shang4,13,-9.473971096322778,3,9.473971096322778,1,0,0,anti_homophones
15909,qLn3xin1,8,-6.055005343799495,2,6.055005343799495,1,0,3,anti_homophones
15910,hU2jM4,6,-6.780798639458506,2,6.780798639458506,1,0,1,anti_homophones
15911,ce4chUn1,8,-7.190108350065512,2,7.190108350065512,1,0,1,anti_homophones
15912,hU1peng1xu1wan4,15,-11.77787349360461,4,11.77787349360461,1,0,0,anti_homophones
15913,da4leng4ju4,11,-8.733619600364912,3,8.733619600364912,1,0,0,anti_homophones
15914,nan2ba1bing1,12,-9.310663519223345,3,9.310663519223345,1,0,0,anti_homophones
15915,shu2da3jW1,10,-10.464255642437431,3,10.464255642437431,1,0,0,anti_homophones
15916,xW4shen1qUn2,12,-8.60009425969891,3,8.60009425969891,1,0,0,anti_homophones
15917,fang3chang1hong2,16,-10.066192035423544,3,10.066192035423544,1,0,0,anti_homophones
15918,hO3hUng1,8,-6.193929895598645,2,6.193929895598645,1,0,1,anti_homophones
15919,kO4ru4men2,10,-9.299498255408041,3,9.299498255408041,1,0,0,anti_homophones
15920,sA1bQ4zhang3,12,-10.936003315663019,3,10.936003315663019,1,0,0,anti_homophones
15921,zhI1peng5,9,-8.203096058761243,2,8.203096058761243,1,0,1,anti_homophones
15922,kA1sheng4qUn2,13,-8.410310683785648,3,8.410310683785648,1,0,0,anti_homophones
15923,lO2bo5shi4,10,-7.9614716675565775,3,7.9614716675565775,1,0,0,anti_homophones
15924,li2zA1mA4che1,13,-10.982622565791104,4,10.982622565791104,1,0,0,anti_homophones
15925,ru4gV4,6,-6.49410646738881,2,6.49410646738881,1,0,1,anti_homophones
15926,fE1zhi2,7,-5.8404456894592816,2,5.8404456894592816,1,0,0,anti_homophones
15927,wan4wo4chang2sheng2,19,-13.446509374194722,4,13.446509374194722,1,0,0,anti_homophones
15928,xing1jLn4,9,-5.770922534242345,2,5.770922534242345,1,0,2,anti_homophones
15929,ti3tang1,8,-6.929257781110722,2,6.929257781110722,1,0,2,anti_homophones
15930,gUn3ta4,7,-6.92256205969349,2,6.92256205969349,1,0,0,anti_homophones
15931,dan1kP4,7,-6.261556114711514,2,6.261556114711514,1,0,0,anti_homophones
15932,kUn1jM4,7,-6.74557458425976,2,6.74557458425976,1,0,1,anti_homophones
15933,xLng3gUn1,9,-6.084748681166347,2,6.084748681166347,1,1,2,anti_homophones
15934,xL4xing2,8,-5.917311295783628,2,5.917311295783628,1,0,3,anti_homophones
15935,gQ4bu4,6,-6.014609252458019,2,6.014609252458019,1,0,5,anti_homophones
15936,xC3shun2shV4,12,-10.422046592539148,3,10.422046592539148,1,0,0,anti_homophones
15937,fa1zhu2,7,-6.455693145126844,2,6.455693145126844,1,0,2,anti_homophones
15938,dong1gP3jW1,11,-9.469260623796949,3,9.469260623796949,1,0,0,anti_homophones
15939,shQ4zI3bing1,12,-10.349357559359879,3,10.349357559359879,1,0,0,anti_homophones
15940,mW2mu4,6,-5.550845821479675,2,5.550845821479675,1,0,5,anti_homophones
15941,yi4ji2,6,-5.312187753918587,2,5.312187753918587,1,1,14,anti_homophones
15942,yQ1jLng1shu4jC2,15,-12.019082922825028,4,12.019082922825028,1,0,0,anti_homophones
15943,hA3bang2,8,-6.736435591226649,2,6.736435591226649,1,0,3,anti_homophones
15944,rong1ji2,8,-6.0050700280678875,2,6.0050700280678875,1,1,3,anti_homophones
15945,ying4bW3,8,-6.408622497586002,2,6.408622497586002,1,0,1,anti_homophones
15946,fang1tu3,8,-6.373800537526709,2,6.373800537526709,1,0,0,anti_homophones
15947,xW4xu3,6,-6.346514338737296,2,6.346514338737296,1,0,3,anti_homophones
15948,shang2ren4bi3,13,-9.02010856901275,3,9.02010856901275,1,0,0,anti_homophones
15949,jM1dA4hI4,9,-7.015647471861323,3,7.015647471861323,1,0,0,anti_homophones
15950,xL4po4,6,-5.320376986119551,2,5.320376986119551,1,1,2,anti_homophones
15951,cong3ling1dQ4,13,-10.07222717289721,3,10.07222717289721,1,0,0,anti_homophones
15952,zhUng1pang4shP4li3,18,-13.057205561078701,4,13.057205561078701,1,0,0,anti_homophones
15953,pu3fang1jLn1,12,-9.919000770382556,3,9.919000770382556,1,0,0,anti_homophones
15954,fa1mu4cha2,10,-8.425651801221193,3,8.425651801221193,1,0,0,anti_homophones
15955,gO2zhUng2xL4,12,-9.474484841319205,3,9.474484841319205,1,0,0,anti_homophones
15956,dA4bang1ren2,12,-8.862887141055513,3,8.862887141055513,1,0,0,anti_homophones
15957,jUn3yang1chan4,14,-10.257363557329185,3,10.257363557329185,1,0,0,anti_homophones
15958,rUn3bo1qing4,12,-9.192403293528509,3,9.192403293528509,1,0,0,anti_homophones
15959,shang3xLng2,11,-6.390584484465756,2,6.390584484465756,1,0,1,anti_homophones
15960,xK1jin1,7,-6.061462373182282,2,6.061462373182282,1,0,4,anti_homophones
15961,jM1tV2,6,-4.996995265597739,2,4.996995265597739,1,1,3,anti_homophones
15962,dV4nLn2tun1pA1,14,-13.408238831014943,4,13.408238831014943,1,0,0,anti_homophones
15963,chi1ye4shu1jLn1,15,-12.003142097918012,4,12.003142097918012,1,0,0,anti_homophones
15964,wA4che1,7,-5.559097041703875,2,5.559097041703875,1,0,3,anti_homophones
15965,shu4ji2,7,-5.343382827450531,2,5.343382827450531,1,0,11,anti_homophones
15966,ping3ji3jLn4,12,-9.303946866163116,3,9.303946866163116,1,0,0,anti_homophones
15967,shi2zhi1,8,-5.242609842741613,2,5.242609842741613,1,0,4,anti_homophones
15968,ru2yong1fa3,11,-8.697808722842282,3,8.697808722842282,1,0,0,anti_homophones
15969,chen1wu4shi5,12,-9.517310027767792,3,9.517310027767792,1,0,0,anti_homophones
15970,wu3jin3xL4,10,-8.943419980232258,3,8.943419980232258,1,0,0,anti_homophones
15971,chu1rang2,9,-6.285916906169851,2,6.285916906169851,1,0,1,anti_homophones
15972,Q2bA4ci2,8,-9.36238891121334,3,9.36238891121334,1,0,0,anti_homophones
15973,ying3dong1zhi4,14,-8.856426231672826,3,8.856426231672826,1,0,0,anti_homophones
15974,mW4yu4,6,-5.955752389840543,2,5.955752389840543,1,0,3,anti_homophones
15975,ya1qi3zhe3,10,-9.348131026836377,3,9.348131026836377,1,0,0,anti_homophones
15976,ci2hO4hA4,9,-8.68427216941985,3,8.68427216941985,1,0,0,anti_homophones
15977,gQ1pA1zhUn3jW3,14,-12.474544854379266,4,12.474544854379266,1,0,0,anti_homophones
15978,shang1xLn3hong1,15,-9.771090875180727,3,9.771090875180727,1,0,0,anti_homophones
15979,shang2jK1zhUn5hU4,17,-14.491692051514013,4,14.491692051514013,1,0,0,anti_homophones
15980,tan2yu4hUn3jL4,14,-12.50022042568005,4,12.50022042568005,1,0,0,anti_homophones
15981,zeng4bing3shi1wE4,17,-12.888996800021971,4,12.888996800021971,1,0,0,anti_homophones
15982,jM4zheng3er2tan2,16,-12.230748296457067,4,12.230748296457067,1,0,0,anti_homophones
15983,ji1yi4sUn1,10,-8.502506695675043,3,8.502506695675043,1,0,0,anti_homophones
15984,yan2bu3kQ3,10,-9.288767152751529,3,9.288767152751529,1,0,0,anti_homophones
15985,she2cheng2yun4,14,-9.931156298527585,3,9.931156298527585,1,0,0,anti_homophones
15986,ma2zhong4,9,-6.136870148501108,2,6.136870148501108,1,0,1,anti_homophones
15987,kO4shi4ding4chong4,18,-12.728893190014242,4,12.728893190014242,1,0,0,anti_homophones
15988,hU2pQ3,6,-5.767276498802937,2,5.767276498802937,1,0,1,anti_homophones
15989,hI2shUng1de2,12,-9.666677272043426,3,9.666677272043426,1,0,0,anti_homophones
15990,dong2wA4lQ2,11,-9.319915860367008,3,9.319915860367008,1,0,0,anti_homophones
15991,zhI1zhong4,10,-6.598070372704422,2,6.598070372704422,1,0,1,anti_homophones
15992,cun1min2,8,-6.959591569941974,2,6.959591569941974,1,0,0,anti_homophones
15993,wu2kI2,6,-5.076042078557919,2,5.076042078557919,1,0,1,anti_homophones
15994,lun4jM2,7,-6.269018239934118,2,6.269018239934118,1,0,0,anti_homophones
15995,yi3wA4wE4,9,-7.435974716975139,3,7.435974716975139,1,0,0,anti_homophones
15996,hI3li3,6,-5.951206873387707,2,5.951206873387707,1,0,1,anti_homophones
15997,ku3lM4,6,-6.28912538325326,2,6.28912538325326,1,0,1,anti_homophones
15998,shang4qi5qi4,12,-9.973374511375187,3,9.973374511375187,1,0,0,anti_homophones
15999,qin2pang2,9,-7.124302788253437,2,7.124302788253437,1,0,1,anti_homophones
16000,lLn4zhi4nLn2qUn1,16,-12.217015348048283,4,12.217015348048283,1,0,0,anti_homophones
16001,mE3yUn2,7,-5.089635957315735,2,5.089635957315735,1,0,0,anti_homophones
16002,wu1jM2lin2,10,-9.402348127934696,3,9.402348127934696,1,0,0,anti_homophones
16003,ce4cha2,7,-6.628697034300853,2,6.628697034300853,1,0,0,anti_homophones
16004,hU1lLn2,7,-5.83641915207185,2,5.83641915207185,1,0,1,anti_homophones
16005,wE4shV3,7,-5.596534444493153,2,5.596534444493153,1,1,4,anti_homophones
16006,yu2mu4dLn1zhV3,14,-13.403564695608274,4,13.403564695608274,1,0,0,anti_homophones
16007,shUn2tong4,10,-6.9998167512724,2,6.9998167512724,1,0,1,anti_homophones
16008,xin1xLn4,8,-5.182111699037229,2,5.182111699037229,1,0,5,anti_homophones
16009,hQ4lun4wen2,11,-9.342313516488131,3,9.342313516488131,1,0,0,anti_homophones
16010,zi1bA2,6,-6.3179993061742366,2,6.3179993061742366,1,0,0,anti_homophones
16011,yan2lO4,7,-5.602486016993456,2,5.602486016993456,1,0,3,anti_homophones
16012,mE3ge1,6,-5.828412372416788,2,5.828412372416788,1,0,1,anti_homophones
16013,ca1da4xin1yC4,13,-11.000022619835905,4,11.000022619835905,1,0,0,anti_homophones
16014,ke3kQ4,6,-5.32714581069846,2,5.32714581069846,1,0,2,anti_homophones
16015,zhi3ci4zhQ4,11,-9.422755660045713,3,9.422755660045713,1,0,0,anti_homophones
16016,hu2bu4xLng4zha4,15,-11.601542158689817,4,11.601542158689817,1,0,0,anti_homophones
16017,qi3jW3,6,-5.638825310118484,2,5.638825310118484,1,0,3,anti_homophones
16018,bLn4xi2qing1,12,-9.00952413418473,3,9.00952413418473,1,0,0,anti_homophones
16019,ci3pin2jLn4,11,-9.550951190325947,3,9.550951190325947,1,0,0,anti_homophones
16020,dQ4ka3,6,-6.633998637181348,2,6.633998637181348,1,0,0,anti_homophones
16021,yu4lE4,6,-5.94110949630369,2,5.94110949630369,1,0,5,anti_homophones
16022,gan3men2,8,-5.793840698788815,2,5.793840698788815,1,0,0,anti_homophones
16023,rV4shO1hI3,10,-9.45893055338051,3,9.45893055338051,1,0,0,anti_homophones
16024,xing1yi4bing1,13,-9.263859461147993,3,9.263859461147993,1,0,0,anti_homophones
16025,nE4hang4,8,-6.234739812966528,2,6.234739812966528,1,0,1,anti_homophones
16026,fE1sheng2qu4nv3,15,-11.716995992076892,4,11.716995992076892,1,0,0,anti_homophones
16027,gong1zhu2zhan4,14,-9.727791828274649,3,9.727791828274649,1,0,0,anti_homophones
16028,wang2ji2,8,-6.0012531856392295,2,6.0012531856392295,1,0,1,anti_homophones
16029,tu2wang2feng2,13,-9.962748767719194,3,9.962748767719194,1,0,0,anti_homophones
16030,rang3shu3,9,-7.946275864387112,2,7.946275864387112,1,0,0,anti_homophones
16031,ke4pQ2,6,-6.20229105210413,2,6.20229105210413,1,0,0,anti_homophones
16032,cha2ying1xing4,14,-9.125852027642624,3,9.125852027642624,1,0,0,anti_homophones
16033,gan3hI4qC1,10,-9.36322235768225,3,9.36322235768225,1,0,0,anti_homophones
16034,kA1dang2gan1hong4,17,-12.578877679277157,4,12.578877679277157,1,0,0,anti_homophones
16035,bi3nang4jK3,11,-10.59599949195431,3,10.59599949195431,1,0,0,anti_homophones
16036,xC4shi4,7,-5.167550296889968,2,5.167550296889968,1,0,6,anti_homophones
16037,yV3shun3,8,-6.734582345524174,2,6.734582345524174,1,0,1,anti_homophones
16038,zheng4ma3,9,-6.561371305991377,2,6.561371305991377,1,0,0,anti_homophones
16039,ji4yu2,6,-5.323336690354522,2,5.323336690354522,1,1,9,anti_homophones
16040,zu2xing4hU4,11,-8.489069083907973,3,8.489069083907973,1,0,0,anti_homophones
16041,dV4nan2,7,-5.849687534950626,2,5.849687534950626,1,0,2,anti_homophones
16042,fan4gUn3,8,-6.027579096178043,2,6.027579096178043,1,0,1,anti_homophones
16043,shUn1dW4cA2she4,15,-12.804367404903983,4,12.804367404903983,1,0,0,anti_homophones
16044,dan1ting3fan4,13,-10.285942658736886,3,10.285942658736886,1,0,0,anti_homophones
16045,fan4jC2,7,-6.0110946690400135,2,6.0110946690400135,1,0,1,anti_homophones
16046,tang4xLn4yi3shu4,16,-12.013341479372048,4,12.013341479372048,1,0,0,anti_homophones
16047,du2zI4,6,-5.447923026782831,2,5.447923026782831,1,0,5,anti_homophones
16048,pA2chen2he2,11,-9.220955013196798,3,9.220955013196798,1,0,0,anti_homophones
16049,chUn3di4,8,-6.511605417273327,2,6.511605417273327,1,0,4,anti_homophones
16050,pi3fang2,8,-6.291941214075844,2,6.291941214075844,1,0,2,anti_homophones
16051,tang2tLn1,9,-6.266406588970486,2,6.266406588970486,1,0,2,anti_homophones
16052,cheng1qK2su4,12,-8.245247950421154,3,8.245247950421154,1,0,0,anti_homophones
16053,qUn2hI2,7,-6.474370263848354,2,6.474370263848354,1,0,1,anti_homophones
16054,li4ji4pi2gUn4,13,-11.44273232088817,4,11.44273232088817,1,0,0,anti_homophones
16055,an4qi4,6,-5.11791267788125,2,5.11791267788125,1,0,9,anti_homophones
16056,gu1lQ3wen3,10,-9.587255941086253,3,9.587255941086253,1,0,0,anti_homophones
16057,nA3tV5,6,-6.229427861531637,2,6.229427861531637,1,0,1,anti_homophones
16058,mQ2chang3,9,-6.494015063947756,2,6.494015063947756,1,0,0,anti_homophones
16059,zQ3ji1ce4zi5,12,-10.925126473700137,4,10.925126473700137,1,0,0,anti_homophones
16060,jing4qUn2,9,-5.561263448388397,2,5.561263448388397,1,0,2,anti_homophones
16061,zA4shen2,8,-6.125636931786104,2,6.125636931786104,1,0,2,anti_homophones
16062,yi3wan4,7,-5.626230702337075,2,5.626230702337075,1,0,2,anti_homophones
16063,ke4che1,7,-5.589085427587988,2,5.589085427587988,1,0,3,anti_homophones
16064,bA2yV2lA2,9,-7.723417901007777,3,7.723417901007777,1,0,0,anti_homophones
16065,ji4cA3dan4zhUn2,15,-12.61820529669271,4,12.61820529669271,1,0,0,anti_homophones
16066,hO4pin3mu4,10,-8.635118122118637,3,8.635118122118637,1,0,0,anti_homophones
16067,ni3shi1,7,-6.753567845810425,2,6.753567845810425,1,0,2,anti_homophones
16068,lv3yi4xC2,9,-8.071869554476855,3,8.071869554476855,1,0,0,anti_homophones
16069,da3lv2,6,-6.325566785332271,2,6.325566785332271,1,0,3,anti_homophones
16070,che1lV2tang4,12,-9.57449817422023,3,9.57449817422023,1,0,0,anti_homophones
16071,lQ3nLn2fang3,12,-7.623141652288823,3,7.623141652288823,1,0,0,anti_homophones
16072,wu2dQ4ying4,11,-8.423352082701067,3,8.423352082701067,1,0,0,anti_homophones
16073,nang2er2lA2,11,-8.96170958749774,3,8.96170958749774,1,0,0,anti_homophones
16074,qu1chun1,8,-7.1067387927289705,2,7.1067387927289705,1,0,0,anti_homophones
16075,xL4bu4ji1,9,-7.1733982741388,3,7.1733982741388,1,0,0,anti_homophones
16076,hI1chang2,9,-6.700813667904879,2,6.700813667904879,1,0,0,anti_homophones
16077,qK2hUn3,7,-6.768116311342132,2,6.768116311342132,1,0,0,anti_homophones
16078,yi1jing4,8,-5.28447989283861,2,5.28447989283861,1,0,6,anti_homophones
16079,tW2ji4shI3mo2,13,-10.567009488793582,4,10.567009488793582,1,0,0,anti_homophones
16080,song4mLn4,9,-6.478274131946247,2,6.478274131946247,1,0,4,anti_homophones
16081,zhi4zhi1gan3,12,-8.730462005857666,3,8.730462005857666,1,0,0,anti_homophones
16082,shi4ying2zhong2shi1,19,-11.849657124446303,4,11.849657124446303,1,0,0,anti_homophones
16083,fen4hO4ji1xLng1,15,-11.626648295932654,4,11.626648295932654,1,0,0,anti_homophones
16084,tW3dV4,6,-5.4322815296230065,2,5.4322815296230065,1,0,3,anti_homophones
16085,xL4yQ4,6,-5.091699422450151,2,5.091699422450151,1,0,3,anti_homophones
16086,di1dQ1wE4,9,-8.298369263072875,3,8.298369263072875,1,0,0,anti_homophones
16087,ji1yu2,6,-5.577443292212445,2,5.577443292212445,1,0,7,anti_homophones
16088,wE2qu3xLng4,11,-8.408841608858808,3,8.408841608858808,1,0,0,anti_homophones
16089,pen1ting3,9,-7.3216275436995835,2,7.3216275436995835,1,0,0,anti_homophones
16090,A1qLn2zhi3,10,-8.441334571047722,3,8.441334571047722,1,0,0,anti_homophones
16091,qing1yUn2,9,-5.846477025772781,2,5.846477025772781,1,0,3,anti_homophones
16092,wE2zhe3,7,-5.494071499708599,2,5.494071499708599,1,0,3,anti_homophones
16093,kan1zhO1yin1,12,-9.777003389837633,3,9.777003389837633,1,0,0,anti_homophones
16094,fa1lin2,7,-5.79895449588575,2,5.79895449588575,1,0,1,anti_homophones
16095,dI4V3,5,-5.2974377770665395,2,5.2974377770665395,1,1,0,anti_homophones
16096,an4jLn1,7,-6.335159674257382,2,6.335159674257382,1,0,2,anti_homophones
16097,bLn3zhu3ge1,11,-9.88986172327796,3,9.88986172327796,1,0,0,anti_homophones
16098,tLn1zi1,7,-5.657118830254922,2,5.657118830254922,1,1,5,anti_homophones
16099,rV2kQ3qLn2fang2,15,-12.228845068474868,4,12.228845068474868,1,0,0,anti_homophones
16100,sheng2jM4,9,-6.054499540539191,2,6.054499540539191,1,0,1,anti_homophones
16101,xLng2hong4,10,-6.613421202145664,2,6.613421202145664,1,0,1,anti_homophones
16102,hI3tUn2hu5,10,-10.967368531380068,3,10.967368531380068,1,0,0,anti_homophones
16103,yi3ni2sheng2,12,-8.634603123521384,3,8.634603123521384,1,0,0,anti_homophones
16104,jW1xi1jLn4,10,-8.561276979150497,3,8.561276979150497,1,0,0,anti_homophones
16105,chang2wE1,9,-6.447044169532546,2,6.447044169532546,1,0,0,anti_homophones
16106,lu2hU1fang2,11,-9.763087276628784,3,9.763087276628784,1,0,0,anti_homophones
16107,zheng2nu4,9,-6.7565522883280735,2,6.7565522883280735,1,0,2,anti_homophones
16108,xing1she2jLn1zhu4,17,-12.212305159830727,4,12.212305159830727,1,0,0,anti_homophones
16109,tV2tA4ye4se4,12,-9.91249606301552,4,9.91249606301552,1,0,0,anti_homophones
16110,shi3jM1ming2,12,-9.371231804318667,3,9.371231804318667,1,0,0,anti_homophones
16111,hQ4gQ1de2,9,-9.205259793677355,3,9.205259793677355,1,0,0,anti_homophones
16112,kV1zi1,6,-6.731958426949745,2,6.731958426949745,1,0,2,anti_homophones
16113,shang2mE2man3,13,-10.129248901079832,3,10.129248901079832,1,0,0,anti_homophones
16114,zhong1hu2,9,-6.373580160996905,2,6.373580160996905,1,0,2,anti_homophones
16115,hu1zhen1,8,-6.749366663099653,2,6.749366663099653,1,0,2,anti_homophones
16116,bu4ke4,6,-4.41530161155129,2,4.41530161155129,1,1,3,anti_homophones
16117,peng2jW4,8,-6.985803229625638,2,6.985803229625638,1,0,1,anti_homophones
16118,shi4shu1xing4,13,-8.163012907060791,3,8.163012907060791,1,0,0,anti_homophones
16119,shV1nQ4fan1se4,14,-13.151513536659484,4,13.151513536659484,1,0,0,anti_homophones
16120,chu1fu2,7,-5.296411198211752,2,5.296411198211752,1,0,6,anti_homophones
16121,qUn2jing1chu1xing1,18,-11.743902358054006,4,11.743902358054006,1,0,0,anti_homophones
16122,ren2ran2lu5,11,-9.94150086240426,3,9.94150086240426,1,0,0,anti_homophones
16123,gQ4zheng4,9,-6.501819190893249,2,6.501819190893249,1,0,1,anti_homophones
16124,zhV4pLn4,8,-6.301116998030676,2,6.301116998030676,1,0,3,anti_homophones
16125,shen1pA1sheng1,14,-8.822390826157932,3,8.822390826157932,1,0,0,anti_homophones
16126,shu1xu4fang2,12,-9.25298429310911,3,9.25298429310911,1,0,0,anti_homophones
16127,xYng1ti4,8,-6.874525793397452,2,6.874525793397452,1,0,3,anti_homophones
16128,ke4ben3dQ3dA4,13,-11.27497244536279,4,11.27497244536279,1,0,0,anti_homophones
16129,te4da2zi5,9,-8.607822478806876,3,8.607822478806876,1,0,0,anti_homophones
16130,dO2bQ4,6,-6.690823631491893,2,6.690823631491893,1,0,3,anti_homophones
16131,zhen1dUn4,9,-6.22669367754721,2,6.22669367754721,1,0,2,anti_homophones
16132,an4pLn1,7,-6.771154364115664,2,6.771154364115664,1,0,1,anti_homophones
16133,zhu3chu3wen2,12,-9.032100635672519,3,9.032100635672519,1,0,0,anti_homophones
16134,mLn4dA4dQ4,10,-7.992898400292319,3,7.992898400292319,1,0,0,anti_homophones
16135,fu4dQ4,6,-5.297779606228,2,5.297779606228,1,1,7,anti_homophones
16136,chun1lu1,8,-7.2123757884276145,2,7.2123757884276145,1,0,1,anti_homophones
16137,zI4er2,6,-5.907111306390475,2,5.907111306390475,1,0,2,anti_homophones
16138,shang3mi2he4jL4,15,-11.950073709267986,4,11.950073709267986,1,0,0,anti_homophones
16139,jM2he2gu4,9,-8.223159525790559,3,8.223159525790559,1,0,0,anti_homophones
16140,chu1wan3,8,-6.478290259969666,2,6.478290259969666,1,0,1,anti_homophones
16141,zhI1yi4,7,-5.692011683154587,2,5.692011683154587,1,0,1,anti_homophones
16142,da4dang2,8,-5.524428860685192,2,5.524428860685192,1,0,6,anti_homophones
16143,nLn2ting2,9,-6.246337098894943,2,6.246337098894943,1,1,1,anti_homophones
16144,gO4chan1,8,-6.534249750413157,2,6.534249750413157,1,0,0,anti_homophones
16145,ling4hV4,8,-6.6506753182846765,2,6.6506753182846765,1,0,1,anti_homophones
16146,zhan4wu2sO3,11,-8.049507340819732,3,8.049507340819732,1,0,0,anti_homophones
16147,di1shu3,7,-6.273199416428316,2,6.273199416428316,1,0,3,anti_homophones
16148,cA2shUng4fu3wen1,16,-13.479335548553625,4,13.479335548553625,1,0,0,anti_homophones
16149,gUn3hang4,9,-6.508925096155737,2,6.508925096155737,1,0,2,anti_homophones
16150,tong4zi1ci2,11,-9.606107409668965,3,9.606107409668965,1,0,0,anti_homophones
16151,zUn4meng4tV5,12,-10.788360775723742,3,10.788360775723742,1,0,0,anti_homophones
16152,sha3hu1,7,-6.616745418959201,2,6.616745418959201,1,0,0,anti_homophones
16153,lLng2hU2fu4,11,-9.182191147581973,3,9.182191147581973,1,0,0,anti_homophones
16154,kong2ji1,8,-5.965259533844216,2,5.965259533844216,1,0,4,anti_homophones
16155,cu1bE4shu1sheng2,16,-11.797091909107065,4,11.797091909107065,1,0,0,anti_homophones
16156,chu3yin4,8,-6.2397537736835424,2,6.2397537736835424,1,0,3,anti_homophones
16157,shV1gu3A4,9,-8.441260722573341,3,8.441260722573341,1,0,0,anti_homophones
16158,zhi4xYng2che1di5,16,-13.927414104658151,4,13.927414104658151,1,0,0,anti_homophones
16159,pA2bu4nLng4si5,14,-12.979945603174489,4,12.979945603174489,1,0,0,anti_homophones
16160,ji3jin4yUn3jL1,14,-11.816202793592169,4,11.816202793592169,1,0,0,anti_homophones
16161,bQ3yu3,6,-5.636102762119466,2,5.636102762119466,1,0,4,anti_homophones
16162,shi4yu3,7,-5.066224320215277,2,5.066224320215277,1,1,5,anti_homophones
16163,ca1xin4hong3,12,-10.670158797929998,3,10.670158797929998,1,0,0,anti_homophones
16164,mo2hu1ru4,9,-8.366874029201425,3,8.366874029201425,1,0,0,anti_homophones
16165,mang3tA4kong2zhi2,17,-12.590143363772372,4,12.590143363772372,1,0,0,anti_homophones
16166,zhen3xW4yQ1,11,-10.240817639693372,3,10.240817639693372,1,0,0,anti_homophones
16167,hO3jLn3,7,-5.746903309011533,2,5.746903309011533,1,0,1,anti_homophones
16168,hE1hu4,6,-5.469807579182463,2,5.469807579182463,1,0,8,anti_homophones
16169,xW1yi3,6,-6.068569163055059,2,6.068569163055059,1,1,2,anti_homophones
16170,jin1xun2,8,-6.084880009017363,2,6.084880009017363,1,0,0,anti_homophones
16171,san1wa5,7,-7.716659307035519,2,7.716659307035519,1,0,0,anti_homophones
16172,san4qun2li4,11,-9.268705338067365,3,9.268705338067365,1,0,0,anti_homophones
16173,se4dW4yun2,10,-9.421547054789347,3,9.421547054789347,1,0,0,anti_homophones
16174,su4jM4,6,-6.018165591882278,2,6.018165591882278,1,0,3,anti_homophones
16175,yV3zA1,6,-6.533044586229071,2,6.533044586229071,1,1,0,anti_homophones
16176,cQ3jL1wu2xLng4,14,-10.591415291135464,4,10.591415291135464,1,0,0,anti_homophones
16177,qin2su4,7,-5.952712532402469,2,5.952712532402469,1,0,2,anti_homophones
16178,ji2hong1zhUng4,14,-9.90525949780497,3,9.90525949780497,1,0,0,anti_homophones
16179,yV1mLn3shi1,11,-8.940273488915567,3,8.940273488915567,1,0,0,anti_homophones
16180,bLn4jM4,7,-5.706867820410178,2,5.706867820410178,1,0,2,anti_homophones
16181,xLn2yC4,7,-5.990664942699896,2,5.990664942699896,1,0,0,anti_homophones
16182,hun1bLn4,8,-6.499988803582538,2,6.499988803582538,1,0,3,anti_homophones
16183,qLn3bo1,7,-6.588693448788259,2,6.588693448788259,1,0,0,anti_homophones
16184,yi1qLn2,7,-5.404816861433405,2,5.404816861433405,1,0,2,anti_homophones
16185,gong4shV4,9,-6.336003847006113,2,6.336003847006113,1,0,2,anti_homophones
16186,ting1qi2su4,11,-8.69788122391507,3,8.69788122391507,1,0,0,anti_homophones
16187,kA1pE4,6,-5.355790945381714,2,5.355790945381714,1,0,3,anti_homophones
16188,chP3shV3,8,-6.911642490209649,2,6.911642490209649,1,0,0,anti_homophones
16189,ke1wen3,7,-7.483715197778253,2,7.483715197778253,1,0,1,anti_homophones
16190,tO1yan1,7,-6.35771748677107,2,6.35771748677107,1,0,1,anti_homophones
16191,bQ1fang4,8,-6.167431333870151,2,6.167431333870151,1,0,0,anti_homophones
16192,xW3mo4lO4,9,-7.436599895178876,3,7.436599895178876,1,0,0,anti_homophones
16193,ru2hong4,8,-6.223424816233747,2,6.223424816233747,1,0,0,anti_homophones
16194,hU4xC4,6,-5.604849975557588,2,5.604849975557588,1,0,3,anti_homophones
16195,tong2lLng1,10,-6.507755423151044,2,6.507755423151044,1,0,1,anti_homophones
16196,wu2zQ4ju2,9,-8.443916957567263,3,8.443916957567263,1,0,0,anti_homophones
16197,ju1wu2yUn2yang5,15,-12.684155738237921,4,12.684155738237921,1,0,0,anti_homophones
16198,da4qi4jun1,10,-7.722496197068842,3,7.722496197068842,1,0,0,anti_homophones
16199,bLn1xL4fa4wA4,13,-12.676908966969943,4,12.676908966969943,1,0,0,anti_homophones
16200,xu1yi1zi4A4,11,-11.401252858033754,4,11.401252858033754,1,0,0,anti_homophones
16201,cO4ji1jC2,9,-9.109251170902148,3,9.109251170902148,1,0,0,anti_homophones
16202,wu4ming4yV3A4,13,-11.047459014356862,4,11.047459014356862,1,0,0,anti_homophones
16203,gu3qin2,7,-6.739296707778242,2,6.739296707778242,1,0,0,anti_homophones
16204,hu1zhen3dang2,13,-10.434345561078183,3,10.434345561078183,1,0,0,anti_homophones
16205,cheng1bE1,9,-6.327368476331014,2,6.327368476331014,1,0,1,anti_homophones
16206,zhQ3shi2,8,-5.89561191615898,2,5.89561191615898,1,0,1,anti_homophones
16207,gan4zhi2,8,-6.40898379431261,2,6.40898379431261,1,0,3,anti_homophones
16208,yUn1kUn1se4,11,-10.19468033344089,3,10.19468033344089,1,0,0,anti_homophones
16209,chUng4heng2,11,-7.695503665317399,2,7.695503665317399,1,0,0,anti_homophones
16210,ken3dan1cA4,11,-10.083947651190389,3,10.083947651190389,1,0,0,anti_homophones
16211,mE3lu4ji4,9,-8.033759839849516,3,8.033759839849516,1,0,0,anti_homophones
16212,shi2yUn2,8,-5.2552304459724315,2,5.2552304459724315,1,0,4,anti_homophones
16213,bW3qu2,6,-7.531234262473486,2,7.531234262473486,1,0,0,anti_homophones
16214,fa1ming4,8,-5.6493830483194,2,5.6493830483194,1,0,2,anti_homophones
16215,pu1lV2,6,-6.115532724014891,2,6.115532724014891,1,0,1,anti_homophones
16216,lK2ji1,6,-5.634790976761374,2,5.634790976761374,1,0,4,anti_homophones
16217,fa3shang1mu4su2,15,-13.12343254912085,4,13.12343254912085,1,0,0,anti_homophones
16218,ge1wu4lun4tu2,13,-11.054367953841515,4,11.054367953841515,1,0,0,anti_homophones
16219,can3yan2qu3,11,-9.4896275711658,3,9.4896275711658,1,0,0,anti_homophones
16220,ling1feng3,10,-6.961329031394548,2,6.961329031394548,1,0,0,anti_homophones
16221,zheng1tW2,9,-5.779300675545812,2,5.779300675545812,1,0,2,anti_homophones
16222,hO3cheng1,9,-5.755953018849956,2,5.755953018849956,1,0,1,anti_homophones
16223,mW4jing1,8,-7.061299664375647,2,7.061299664375647,1,0,1,anti_homophones
16224,bang3chQ1,9,-7.8984961124028885,2,7.8984961124028885,1,0,0,anti_homophones
16225,jK4bLn4jLng1,12,-9.420994107747378,3,9.420994107747378,1,0,0,anti_homophones
16226,er3mu4,6,-5.142887246162753,2,5.142887246162753,1,0,5,anti_homophones
16227,deng2fen1zhUn3,14,-10.03284476644691,3,10.03284476644691,1,0,0,anti_homophones
16228,dK1mLn2,7,-5.940009629117873,2,5.940009629117873,1,1,0,anti_homophones
16229,mLn4zi5,7,-4.9421274076745165,2,4.9421274076745165,1,0,9,anti_homophones
16230,ta1yu3gong3hQ3,14,-13.59823966506797,4,13.59823966506797,1,0,0,anti_homophones
16231,xLng1er2,8,-5.759455135059648,2,5.759455135059648,1,0,2,anti_homophones
16232,yC1ge1nv3qUn2,13,-12.200433909411707,4,12.200433909411707,1,0,0,anti_homophones
16233,xi1can1feng1,12,-9.024949587924295,3,9.024949587924295,1,0,0,anti_homophones
16234,ming4ren2,9,-5.500934209438391,2,5.500934209438391,1,0,2,anti_homophones
16235,hU2yi1,6,-6.112349969839839,2,6.112349969839839,1,0,3,anti_homophones
16236,gO2jM1zhi1shen1,15,-10.923656725576661,4,10.923656725576661,1,0,0,anti_homophones
16237,hong4zheng1,11,-6.4028703891838035,2,6.4028703891838035,1,0,0,anti_homophones
16238,sheng1shan4,11,-5.95147491891282,2,5.95147491891282,1,0,1,anti_homophones
16239,xK4zheng1lQ3hI4,15,-12.022974694451792,4,12.022974694451792,1,0,0,anti_homophones
16240,beng2yong1yC4an4,16,-14.366556832788858,4,14.366556832788858,1,0,0,anti_homophones
16241,bi4yan4,7,-5.995255135756178,2,5.995255135756178,1,0,5,anti_homophones
16242,chang2du4,9,-6.008042996801658,2,6.008042996801658,1,0,1,anti_homophones
16243,nong2min2,9,-7.03840824260699,2,7.03840824260699,1,0,0,anti_homophones
16244,hun4she4,8,-6.509304996963755,2,6.509304996963755,1,0,0,anti_homophones
16245,nA3xM1shu4,10,-9.067919672209658,3,9.067919672209658,1,0,0,anti_homophones
16246,ban3fa2men2,11,-8.369925396178575,3,8.369925396178575,1,0,0,anti_homophones
16247,qLn2shun2zhen1jUn4,18,-13.506974416252099,4,13.506974416252099,1,0,0,anti_homophones
16248,ling1xin1,9,-5.884184608404572,2,5.884184608404572,1,0,3,anti_homophones
16249,ming2zhi4fen1,13,-8.93927791511593,3,8.93927791511593,1,0,0,anti_homophones
16250,zi4she4ji1,10,-7.73105844969398,3,7.73105844969398,1,0,0,anti_homophones
16251,wu2hU4,6,-4.88969045669625,2,4.88969045669625,1,1,4,anti_homophones
16252,kan4shP3ma3,11,-10.47741272831394,3,10.47741272831394,1,0,0,anti_homophones
16253,mu4mLn4,7,-5.7501323789654135,2,5.7501323789654135,1,1,6,anti_homophones
16254,ling3yang4,10,-6.960692815578005,2,6.960692815578005,1,0,2,anti_homophones
16255,yin1tan4,8,-6.435336640527027,2,6.435336640527027,1,0,1,anti_homophones
16256,kU4yan4jLn3,11,-9.506997500770881,3,9.506997500770881,1,0,0,anti_homophones
16257,chong4ji1,9,-5.9158922524077004,2,5.9158922524077004,1,0,1,anti_homophones
16258,chO1ji2du4,10,-10.29516425879281,3,10.29516425879281,1,0,0,anti_homophones
16259,ping1gan3,9,-6.588609962812657,2,6.588609962812657,1,0,0,anti_homophones
16260,yan3hI1ji2,10,-8.382304102319296,3,8.382304102319296,1,0,0,anti_homophones
16261,xi1di3ji4nQ3,12,-12.048940068131476,4,12.048940068131476,1,0,0,anti_homophones
16262,jin4pan2,8,-6.209585699038507,2,6.209585699038507,1,0,1,anti_homophones
16263,dong2dang2reng1di4,18,-13.670026541048092,4,13.670026541048092,1,0,0,anti_homophones
16264,qi4di2jM2A1,11,-11.969269374084575,4,11.969269374084575,1,0,0,anti_homophones
16265,fan4he2shi4,11,-7.959226243281288,3,7.959226243281288,1,0,0,anti_homophones
16266,bLn4cen3zheng2,14,-12.74387375832596,3,12.74387375832596,1,0,0,anti_homophones
16267,zhu3yUn2,8,-5.564275446907738,2,5.564275446907738,1,1,3,anti_homophones
16268,hong1xin4xLng4,14,-8.995576891000715,3,8.995576891000715,1,0,0,anti_homophones
16269,xL4chong3,9,-6.773048035970645,2,6.773048035970645,1,0,0,anti_homophones
16270,yV3ma3,6,-5.572524057627348,2,5.572524057627348,1,0,2,anti_homophones
16271,da4ge2,6,-4.9836939652822,2,4.9836939652822,1,0,8,anti_homophones
16272,nK4bu4xi4,9,-8.945309106838561,3,8.945309106838561,1,0,0,anti_homophones
16273,te4dLn4,7,-5.061846962698439,2,5.061846962698439,1,0,3,anti_homophones
16274,gong4kUn3,9,-6.234722735286191,2,6.234722735286191,1,0,0,anti_homophones
16275,gQ1wan4,7,-5.800461172790005,2,5.800461172790005,1,0,5,anti_homophones
16276,gO2ren2,7,-5.15386050028684,2,5.15386050028684,1,1,1,anti_homophones
16277,xu4ren2,7,-5.590048216857075,2,5.590048216857075,1,0,7,anti_homophones
16278,shi4du4,7,-5.126748799384191,2,5.126748799384191,1,0,9,anti_homophones
16279,xW4lLn2,7,-5.613527453375614,2,5.613527453375614,1,0,2,anti_homophones
16280,bi3lun4hQ4zE2,13,-11.888407991542387,4,11.888407991542387,1,0,0,anti_homophones
16281,sO1hUng4,8,-7.393127946154475,2,7.393127946154475,1,0,0,anti_homophones
16282,yV2yong2yu4shi2,15,-10.66454352245656,4,10.66454352245656,1,0,0,anti_homophones
16283,jLn1zhi3,8,-5.615740540347418,2,5.615740540347418,1,0,6,anti_homophones
16284,jLng2sUn4,9,-6.641567415435887,2,6.641567415435887,1,0,1,anti_homophones
16285,bE3wE3,6,-6.509680619784838,2,6.509680619784838,1,0,1,anti_homophones
16286,sha1man4lLng1,13,-9.665818681038278,3,9.665818681038278,1,0,0,anti_homophones
16287,tM3le4cha1zi5,13,-12.098687769725583,4,12.098687769725583,1,0,0,anti_homophones
16288,shi3tV2pW4,10,-7.495044531539316,3,7.495044531539316,1,0,0,anti_homophones
16289,xi1tI3,6,-6.176137611057542,2,6.176137611057542,1,0,2,anti_homophones
16290,tan2jK4fo2ji4,13,-11.392467605197284,4,11.392467605197284,1,0,0,anti_homophones
16291,yC4mo2,6,-5.945373785285692,2,5.945373785285692,1,0,2,anti_homophones
16292,jW3fo2,6,-7.266037350178453,2,7.266037350178453,1,0,1,anti_homophones
16293,lW2shV3,7,-6.51116899696363,2,6.51116899696363,1,0,1,anti_homophones
16294,ru2jLng2zhong2,14,-10.240908352716332,3,10.240908352716332,1,0,0,anti_homophones
16295,she4re4,7,-6.501539945523281,2,6.501539945523281,1,0,4,anti_homophones
16296,chu1rong2shi4,13,-8.345069284123591,3,8.345069284123591,1,0,0,anti_homophones
16297,ru3shan4,8,-6.536348009400133,2,6.536348009400133,1,0,3,anti_homophones
16298,pin3ran2,8,-5.467012292549327,2,5.467012292549327,1,0,3,anti_homophones
16299,de2xin1gO1,10,-8.883232596172066,3,8.883232596172066,1,0,0,anti_homophones
16300,jW1ke4,6,-5.170218230725344,2,5.170218230725344,1,1,4,anti_homophones
16301,bi4yan2,7,-5.561828019536085,2,5.561828019536085,1,0,9,anti_homophones
16302,tLn1mLn4,8,-5.795380019569727,2,5.795380019569727,1,1,2,anti_homophones
16303,du2shu4,7,-5.352778413844941,2,5.352778413844941,1,1,9,anti_homophones
16304,cO4bu4,6,-5.823048461735676,2,5.823048461735676,1,0,2,anti_homophones
16305,kong3tM1,8,-7.417841337013446,2,7.417841337013446,1,0,0,anti_homophones
16306,jM2shi4,7,-5.143238753017689,2,5.143238753017689,1,0,6,anti_homophones
16307,ben3xin1,8,-5.7065967015252745,2,5.7065967015252745,1,1,0,anti_homophones
16308,wen3bW1,7,-7.162629036386233,2,7.162629036386233,1,0,0,anti_homophones
16309,hUng1zhQ4nQ3hen1,16,-13.529668698087388,4,13.529668698087388,1,0,0,anti_homophones
16310,jing2zhu3ji4zhang3,18,-11.742039488343437,4,11.742039488343437,1,0,0,anti_homophones
16311,zun1ji1bQ1,10,-9.922455028766533,3,9.922455028766533,1,0,0,anti_homophones
16312,zhen4da5,8,-7.637971182809528,2,7.637971182809528,1,0,0,anti_homophones
16313,shi5zhan4xing3zhi1,18,-12.658429259026974,4,12.658429259026974,1,0,0,anti_homophones
16314,shu4ru4ci2bM2,13,-11.35863300778196,4,11.35863300778196,1,0,0,anti_homophones
16315,lV4zi4xin1,10,-9.1072932697326,3,9.1072932697326,1,0,0,anti_homophones
16316,tLn1jW1pA4,10,-8.540140402857324,3,8.540140402857324,1,0,0,anti_homophones
16317,zhI4xLn2kang1,13,-11.249537852084382,3,11.249537852084382,1,0,0,anti_homophones
16318,zhu1gI1zhe3hU4,14,-11.883234417516052,4,11.883234417516052,1,0,0,anti_homophones
16319,zi4jM3fa3,9,-7.382298070827602,3,7.382298070827602,1,0,0,anti_homophones
16320,qW2pE2shen2,11,-9.80226309169372,3,9.80226309169372,1,0,0,anti_homophones
16321,ke3lLng4,8,-5.554184449517369,2,5.554184449517369,1,0,1,anti_homophones
16322,yang1hO3hI4,11,-8.48882472310748,3,8.48882472310748,1,0,0,anti_homophones
16323,hQ2xLng1bing2,13,-9.388621307482458,3,9.388621307482458,1,0,0,anti_homophones
16324,an4gQ4,6,-6.420283189932052,2,6.420283189932052,1,1,0,anti_homophones
16325,shi2bu4,7,-5.177210479484588,2,5.177210479484588,1,0,7,anti_homophones
16326,yun2qi4,7,-5.659481132679665,2,5.659481132679665,1,0,2,anti_homophones
16327,yV3su4ren2,10,-7.679164869922731,3,7.679164869922731,1,0,0,anti_homophones
16328,qing4jL1feng4li3,16,-11.638835946761478,4,11.638835946761478,1,0,0,anti_homophones
16329,qLn1zi4zhV4yUn4,15,-12.237610649670774,4,12.237610649670774,1,0,0,anti_homophones
16330,jC2yUn2si1yu2,13,-10.396694338549365,4,10.396694338549365,1,0,0,anti_homophones
16331,gO2ji1,6,-4.787071548992368,2,4.787071548992368,1,0,5,anti_homophones
16332,lLng1zhi1cheng2,15,-9.156933297706688,3,9.156933297706688,1,0,0,anti_homophones
16333,zhQ4ming4,9,-5.805617894844521,2,5.805617894844521,1,0,0,anti_homophones
16334,xW3jUn4,7,-6.168161364666519,2,6.168161364666519,1,0,3,anti_homophones
16335,bi4ju4yV2yong2,14,-11.38810167402511,4,11.38810167402511,1,0,0,anti_homophones
16336,feng3zi5,8,-5.6234200517017605,2,5.6234200517017605,1,0,3,anti_homophones
16337,fang3dM1dQ3,11,-8.784669951550097,3,8.784669951550097,1,0,0,anti_homophones
16338,zQ3shi3,7,-6.10908573326093,2,6.10908573326093,1,0,3,anti_homophones
16339,gong1qu2,8,-7.154692941561684,2,7.154692941561684,1,0,3,anti_homophones
16340,pi2ren2,7,-5.424632052940019,2,5.424632052940019,1,0,4,anti_homophones
16341,chu1lE3ju4qu3,13,-11.926954448791447,4,11.926954448791447,1,0,0,anti_homophones
16342,tLn1zhe1,8,-6.500225108867835,2,6.500225108867835,1,0,2,anti_homophones
16343,da4bA3fan2,10,-8.111729611213807,3,8.111729611213807,1,0,1,anti_homophones
16344,jW4hQ3shang2,12,-8.60547100408691,3,8.60547100408691,1,0,0,anti_homophones
16345,gu1gu1,6,-6.771097709351835,2,6.771097709351835,1,0,2,anti_homophones
16346,qUn2zhong1ji2,13,-8.256356672884799,3,8.256356672884799,1,0,0,anti_homophones
16347,bang4kV3wo1li4,14,-11.936637705310632,4,11.936637705310632,1,0,0,anti_homophones
16348,hO3zhO2hU4,10,-9.298401604845315,3,9.298401604845315,1,0,0,anti_homophones
16349,hV4yu3,6,-5.434919887817044,2,5.434919887817044,1,1,2,anti_homophones
16350,yi1sheng1,9,-4.916823868155665,2,4.916823868155665,1,0,6,anti_homophones
16351,yV3zi3jM4,9,-9.057246040826392,3,9.057246040826392,1,0,0,anti_homophones
16352,jing4jing4,10,-5.954844149704489,2,5.954844149704489,1,0,3,anti_homophones
16353,dong3jing1mo4men2,17,-12.321612268410263,4,12.321612268410263,1,0,0,anti_homophones
16354,fE4wA4,6,-6.2053797949436325,2,6.2053797949436325,1,0,4,anti_homophones
16355,zhi4yu2,7,-5.233411930666641,2,5.233411930666641,1,1,6,anti_homophones
16356,hUn1zhi4ti2dQ4,14,-11.437407299633579,4,11.437407299633579,1,0,0,anti_homophones
16357,dLn4gUn4,8,-6.208205323867947,2,6.208205323867947,1,0,1,anti_homophones
16358,yV2zi5,6,-4.325016000763457,2,4.325016000763457,1,1,10,anti_homophones
16359,qLng4shi3,9,-6.328813630740275,2,6.328813630740275,1,0,2,anti_homophones
16360,dI4bW1,6,-6.244023641927199,2,6.244023641927199,1,0,2,anti_homophones
16361,jC2shi1,7,-5.59692348095972,2,5.59692348095972,1,1,6,anti_homophones
16362,zheng2yan2,10,-5.767179487631953,2,5.767179487631953,1,1,2,anti_homophones
16363,qUn2bQ3ren4,11,-9.370876446675995,3,9.370876446675995,1,0,0,anti_homophones
16364,zheng1qi4yan3,13,-8.441055030198815,3,8.441055030198815,1,0,0,anti_homophones
16365,pQ4hI4,6,-5.465833311239125,2,5.465833311239125,1,0,3,anti_homophones
16366,qLn4shu4,8,-6.44087840267448,2,6.44087840267448,1,0,3,anti_homophones
16367,mu4jK3hI2cheng2,15,-11.680654755591561,4,11.680654755591561,1,0,0,anti_homophones
16368,ying2di1,8,-7.070640035034094,2,7.070640035034094,1,0,0,anti_homophones
16369,ze2li4fu3,9,-9.057265696529512,3,9.057265696529512,1,0,0,anti_homophones
16370,mo4men2wan4yi3,14,-11.664824325204414,4,11.664824325204414,1,0,0,anti_homophones
16371,jK4wang2,8,-6.4268737855925435,2,6.4268737855925435,1,0,2,anti_homophones
16372,yan1xLng1,9,-6.4312948009592015,2,6.4312948009592015,1,0,3,anti_homophones
16373,ni4da4li2,9,-9.704130062521678,3,9.704130062521678,1,0,0,anti_homophones
16374,qing3shi3,9,-6.338130673198354,2,6.338130673198354,1,0,5,anti_homophones
16375,po4fen2xing2,12,-10.485557680980673,3,10.485557680980673,1,0,0,anti_homophones
16376,kA1shen1zhi2,12,-8.459161493351923,3,8.459161493351923,1,0,0,anti_homophones
16377,ke3bu4,6,-5.278064752545584,2,5.278064752545584,1,0,4,anti_homophones
16378,lLn4nLn2tA1,11,-9.539632714820431,3,9.539632714820431,1,0,0,anti_homophones
16379,ji1gen1di2che1,14,-12.527921955720732,4,12.527921955720732,1,0,0,anti_homophones
16380,zhi1yUn2fang2leng4,18,-13.205834704258965,4,13.205834704258965,1,0,0,anti_homophones
16381,zhUn1gV4,8,-6.822887807398881,2,6.822887807398881,1,0,0,anti_homophones
16382,zi4ci2,6,-5.302963481408319,2,5.302963481408319,1,0,6,anti_homophones
16383,yi1ke3,6,-6.2925019977821695,2,6.2925019977821695,1,0,4,anti_homophones
16384,mV2er4,6,-7.052438116169923,2,7.052438116169923,1,0,0,anti_homophones
16385,hO2shO4,7,-7.111474610272204,2,7.111474610272204,1,0,2,anti_homophones
16386,fa3yan2,7,-6.153213282979824,2,6.153213282979824,1,0,4,anti_homophones
16387,te4bW3,6,-5.612329820770067,2,5.612329820770067,1,0,1,anti_homophones
16388,shu1tV5,7,-5.869480819804562,2,5.869480819804562,1,0,0,anti_homophones
16389,ku3mV1ming4yu4,14,-13.13135401667007,4,13.13135401667007,1,0,0,anti_homophones
16390,bA2cA2nLn4,10,-8.129102081483353,3,8.129102081483353,1,0,0,anti_homophones
16391,zi4dan4,7,-5.640958870546346,2,5.640958870546346,1,0,7,anti_homophones
16392,lQ3shu1ying1,12,-8.96542192758307,3,8.96542192758307,1,0,0,anti_homophones
16393,qLn2ming4yQ4,12,-8.411855113254932,3,8.411855113254932,1,0,0,anti_homophones
16394,cQ1jL3yi4,9,-8.977774573149288,3,8.977774573149288,1,0,0,anti_homophones
16395,jK4shu4lan2,11,-8.899743797385145,3,8.899743797385145,1,0,0,anti_homophones
16396,jK4chi2,7,-6.465875413419914,2,6.465875413419914,1,0,1,anti_homophones
16397,ling1xLng4ji2dA4,16,-10.988309900135912,4,10.988309900135912,1,0,0,anti_homophones
16398,wE2long3,8,-6.6275678179697275,2,6.6275678179697275,1,0,0,anti_homophones
16399,an1zheng4jin4lLng3,18,-12.576667014433124,4,12.576667014433124,1,0,0,anti_homophones
16400,dO3kong4,8,-6.354864643055734,2,6.354864643055734,1,0,0,anti_homophones
16401,jin4sO3,7,-5.6072900188597705,2,5.6072900188597705,1,1,0,anti_homophones
16402,long1qi4,8,-5.928683754189969,2,5.928683754189969,1,0,5,anti_homophones
16403,shi1he2,7,-5.798374499870228,2,5.798374499870228,1,0,4,anti_homophones
16404,dW4du4,6,-5.225069009882553,2,5.225069009882553,1,0,4,anti_homophones
16405,yu2gI4fu4,9,-8.615796610987333,3,8.615796610987333,1,0,0,anti_homophones
16406,dO1mo4neng1,11,-8.34682012014194,3,8.34682012014194,1,0,0,anti_homophones
16407,kong4dang4hUn2,14,-10.187760024600754,3,10.187760024600754,1,0,0,anti_homophones
16408,jLn4yi1shi4,11,-7.546878388572987,3,7.546878388572987,1,0,0,anti_homophones
16409,zhUng1zhan4men2hA2,18,-12.447548506080487,4,12.447548506080487,1,0,0,anti_homophones
16410,lQ2dong2,8,-5.416605352224463,2,5.416605352224463,1,1,4,anti_homophones
16411,zQ3cA4,6,-5.768469995560274,2,5.768469995560274,1,0,2,anti_homophones
16412,yin1gan3,8,-5.83028482824632,2,5.83028482824632,1,0,2,anti_homophones
16413,yi4pA2zhong2,12,-9.880145860268632,3,9.880145860268632,1,0,0,anti_homophones
16414,zhi1bE1,7,-5.8364258188461156,2,5.8364258188461156,1,0,4,anti_homophones
16415,tQ2bA2,6,-5.958767539488102,2,5.958767539488102,1,0,1,anti_homophones
16416,gong3wE4,8,-5.972831317031414,2,5.972831317031414,1,0,0,anti_homophones
16417,jL1zheng3,9,-6.336586038342986,2,6.336586038342986,1,0,2,anti_homophones
16418,sheng4hU4,9,-5.321182145845162,2,5.321182145845162,1,0,4,anti_homophones
16419,dong2sQ4zI4gQ4,14,-12.253374544413877,4,12.253374544413877,1,0,0,anti_homophones
16420,ta4qi3,6,-6.600600273972836,2,6.600600273972836,1,0,1,anti_homophones
16421,tO1ku3zhu1,10,-9.282476777281708,3,9.282476777281708,1,0,0,anti_homophones
16422,ban3shV3gI4,11,-9.246391240510407,3,9.246391240510407,1,0,0,anti_homophones
16423,hang3li3,8,-6.120307477971382,2,6.120307477971382,1,0,1,anti_homophones
16424,dLn3dUn1,8,-6.289939049260514,2,6.289939049260514,1,0,0,anti_homophones
16425,mu3ying2ri4jM2,14,-12.022965968432382,4,12.022965968432382,1,0,0,anti_homophones
16426,fan1fan1ri4,11,-9.760448850799692,3,9.760448850799692,1,0,0,anti_homophones
16427,zhi4xing4,9,-5.600128342858397,2,5.600128342858397,1,1,4,anti_homophones
16428,pin1chUng1,10,-7.351482457676489,2,7.351482457676489,1,0,0,anti_homophones
16429,A4ming3,7,-5.915096679627401,2,5.915096679627401,1,0,3,anti_homophones
16430,nE4he2zO4dLn4,13,-10.139880373118995,4,10.139880373118995,1,0,0,anti_homophones
16431,lUn3du4,7,-7.173323602307892,2,7.173323602307892,1,0,3,anti_homophones
16432,jing1zhan3che1,14,-8.954630325175614,3,8.954630325175614,1,0,0,anti_homophones
16433,ru4zhi1jW4,10,-8.808793098493561,3,8.808793098493561,1,0,0,anti_homophones
16434,bing3fu2ren2tu2,15,-11.468314921145295,4,11.468314921145295,1,0,0,anti_homophones
16435,shV3zhi1,8,-5.4000638699616115,2,5.4000638699616115,1,1,3,anti_homophones
16436,dang4zhi2,9,-6.355348524054035,2,6.355348524054035,1,0,3,anti_homophones
16437,bu4sO3da4bing2,14,-10.757324123103139,4,10.757324123103139,1,0,0,anti_homophones
16438,kA1mang4bi4,11,-9.912684407686651,3,9.912684407686651,1,0,0,anti_homophones
16439,chong4shi1qi4,13,-8.394796442357274,3,8.394796442357274,1,0,0,anti_homophones
16440,gong1ri4,8,-5.69568028983049,2,5.69568028983049,1,0,4,anti_homophones
16441,chang1xin1,10,-5.925549783569189,2,5.925549783569189,1,0,2,anti_homophones
16442,zheng1bo1,9,-6.199100003307494,2,6.199100003307494,1,0,1,anti_homophones
16443,mu4san1gP4,10,-10.878700781867991,3,10.878700781867991,1,0,0,anti_homophones
16444,shen1lLng1mE2,13,-9.858068140239691,3,9.858068140239691,1,0,0,anti_homophones
16445,lLn2er2,7,-6.137446197539791,2,6.137446197539791,1,0,2,anti_homophones
16446,zi4zA1,6,-5.924759223184646,2,5.924759223184646,1,0,3,anti_homophones
16447,jin1qing2xW1,12,-9.335947698302693,3,9.335947698302693,1,0,0,anti_homophones
16448,zO4xin1zhen4,12,-8.988379842707651,3,8.988379842707651,1,0,0,anti_homophones
16449,gUn1ji4,7,-5.50771015540415,2,5.50771015540415,1,1,8,anti_homophones
16450,fang3kV3,8,-5.774529159992786,2,5.774529159992786,1,0,2,anti_homophones
16451,jin1xi1,7,-5.470679347678591,2,5.470679347678591,1,1,4,anti_homophones
16452,jin1bin1,8,-6.460116016545346,2,6.460116016545346,1,0,2,anti_homophones
16453,si4min2,7,-5.976599046474441,2,5.976599046474441,1,0,3,anti_homophones
16454,ya3ba1,6,-6.385892129180181,2,6.385892129180181,1,0,1,anti_homophones
16455,hU4gI3,6,-5.923466463195878,2,5.923466463195878,1,0,2,anti_homophones
16456,yan2shI3,8,-5.52816303138261,2,5.52816303138261,1,0,4,anti_homophones
16457,man2zi3,7,-6.67054920441694,2,6.67054920441694,1,0,2,anti_homophones
16458,wu2dM2jing1,11,-8.14218720018479,3,8.14218720018479,1,0,0,anti_homophones
16459,re4lE4ru2ying2,14,-10.45722148101497,4,10.45722148101497,1,0,0,anti_homophones
16460,zhong4zi1bi1zu3,15,-12.989681114910812,4,12.989681114910812,1,0,0,anti_homophones
16461,pQ4ji1,6,-6.104278797243166,2,6.104278797243166,1,0,2,anti_homophones
16462,ren4jK3fE1chan4,15,-12.833809927687469,4,12.833809927687469,1,0,0,anti_homophones
16463,yi1di4po4li4,12,-10.08015179735969,4,10.08015179735969,1,0,0,anti_homophones
16464,shQ4ye3cang1,12,-10.504626822198984,3,10.504626822198984,1,0,0,anti_homophones
16465,jW1ban3,7,-5.821531258293804,2,5.821531258293804,1,0,3,anti_homophones
16466,lv3jL4,6,-5.590602673400207,2,5.590602673400207,1,0,3,anti_homophones
16467,qC2tu5,6,-6.315040375295053,2,6.315040375295053,1,0,0,anti_homophones
16468,bLn1zong1lan2,13,-10.193931040364172,3,10.193931040364172,1,0,0,anti_homophones
16469,zO4qi4,6,-5.0250362044149455,2,5.0250362044149455,1,1,7,anti_homophones
16470,tI1qLng3yQ1,11,-11.368034515619895,3,11.368034515619895,1,0,0,anti_homophones
16471,ba2jC2,6,-6.4078145869459515,2,6.4078145869459515,1,0,1,anti_homophones
16472,chu3bM2jW3,10,-8.950144818374168,3,8.950144818374168,1,0,0,anti_homophones
16473,qLn2shang2,10,-6.246725958336886,2,6.246725958336886,1,0,0,anti_homophones
16474,shi2gan3,8,-5.57121528882696,2,5.57121528882696,1,0,3,anti_homophones
16475,pi1pLn1,7,-6.0483022446912145,2,6.0483022446912145,1,0,0,anti_homophones
16476,dW4di1lK2,9,-9.158158837683917,3,9.158158837683917,1,0,0,anti_homophones
16477,shang2qi4,9,-5.441764383554128,2,5.441764383554128,1,0,5,anti_homophones
16478,bi4zO4zhe3,10,-8.205617051602095,3,8.205617051602095,1,0,0,anti_homophones
16479,bQ3chen2xLn4,12,-8.77805710468171,3,8.77805710468171,1,0,0,anti_homophones
16480,shV4mW2,7,-6.049606026809046,2,6.049606026809046,1,0,1,anti_homophones
16481,yin3dO1she2,11,-9.704338959181412,3,9.704338959181412,1,0,0,anti_homophones
16482,xK4ku4,6,-5.862304857519347,2,5.862304857519347,1,1,1,anti_homophones
16483,zhA1chu4,8,-6.9518197784866596,2,6.9518197784866596,1,0,2,anti_homophones
16484,ting2shi1,9,-6.363098462243439,2,6.363098462243439,1,0,2,anti_homophones
16485,zhong1jM2bA2,12,-8.609124740243328,3,8.609124740243328,1,0,0,anti_homophones
16486,hU2jLn3ye4,10,-8.836704857562761,3,8.836704857562761,1,0,0,anti_homophones
16487,zi4gV1che1,10,-8.979834436136017,3,8.979834436136017,1,0,0,anti_homophones
16488,shU1chang2lUn4,14,-9.955756691157328,3,9.955756691157328,1,0,0,anti_homophones
16489,shV3bE4dI4,10,-7.118349017773601,3,7.118349017773601,1,0,0,anti_homophones
16490,xW3gun4fan3,11,-9.16377528560025,3,9.16377528560025,1,0,0,anti_homophones
16491,mQ2cQ3,6,-5.327147916335518,2,5.327147916335518,1,0,2,anti_homophones
16492,qing2kong2zha1,14,-9.856604204929367,3,9.856604204929367,1,0,0,anti_homophones
16493,xW3hen2,7,-6.483757728433355,2,6.483757728433355,1,0,3,anti_homophones
16494,tang2jing1cI4,13,-9.533098393029604,3,9.533098393029604,1,0,0,anti_homophones
16495,qi3mLn4zi5,10,-7.320601613535492,3,7.320601613535492,1,0,0,anti_homophones
16496,le4yin1,7,-6.2073159761396575,2,6.2073159761396575,1,0,0,anti_homophones
16497,gO2nE4zhV1,10,-8.599430578772582,3,8.599430578772582,1,0,0,anti_homophones
16498,cA3jLng3li3,11,-9.514408141352797,3,9.514408141352797,1,0,0,anti_homophones
16499,dLn4mo4,7,-5.882817357340525,2,5.882817357340525,1,0,1,anti_homophones
16500,gQ1son1gong1zhe3,16,-13.80312606455318,4,13.80312606455318,1,0,0,anti_homophones
16501,yUn1chi3,8,-7.256635024476321,2,7.256635024476321,1,0,0,anti_homophones
16502,si1zhi1qi2,10,-8.801917234102755,3,8.801917234102755,1,0,0,anti_homophones
16503,mW3bQ4qin2,10,-10.259538407380552,3,10.259538407380552,1,0,0,anti_homophones
16504,ka1fan4,7,-5.381742661372067,2,5.381742661372067,1,0,1,anti_homophones
16505,jLn4deng4,9,-6.640913099414465,2,6.640913099414465,1,0,0,anti_homophones
16506,ya1wen2,7,-5.891726795901589,2,5.891726795901589,1,1,2,anti_homophones
16507,yV4di2,6,-6.385382151273603,2,6.385382151273603,1,0,2,anti_homophones
16508,gu1yan2yu3,10,-9.153252258873868,3,9.153252258873868,1,0,0,anti_homophones
16509,jLn3dLn4pQ4,11,-8.27545706345983,3,8.27545706345983,1,0,0,anti_homophones
16510,nQ4dLn4,7,-6.363251632253373,2,6.363251632253373,1,0,2,anti_homophones
16511,zA3fen1zheng1,13,-9.4351840540782,3,9.4351840540782,1,0,0,anti_homophones
16512,zhi1fE4,7,-5.632459687295941,2,5.632459687295941,1,0,2,anti_homophones
16513,jun1fu4du3yi3,13,-12.310969361429756,4,12.310969361429756,1,0,0,anti_homophones
16514,qi3fE4,6,-5.669359820291303,2,5.669359820291303,1,0,2,anti_homophones
16515,sI2yQ2ye4,9,-9.09379136047086,3,9.09379136047086,1,0,0,anti_homophones
16516,bLn1wu2xun2mW2,14,-13.350451248993853,4,13.350451248993853,1,0,0,anti_homophones
16517,dan4kan4zi5,11,-8.844698975315888,3,8.844698975315888,1,0,0,anti_homophones
16518,cong4yin1kong4xi1,17,-12.865005013390823,4,12.865005013390823,1,0,0,anti_homophones
16519,hQ2hang4,8,-6.775506971771761,2,6.775506971771761,1,0,1,anti_homophones
16520,song1fang4,10,-6.712601731889337,2,6.712601731889337,1,0,0,anti_homophones
16521,hO3er2xing1xW4,14,-10.803348764248227,4,10.803348764248227,1,0,0,anti_homophones
16522,qUn2bA3,7,-7.268530536170735,2,7.268530536170735,1,0,0,anti_homophones
16523,tLn1chen2xYng1er2,17,-12.384960194712608,4,12.384960194712608,1,0,0,anti_homophones
16524,yi3wang3,8,-5.7571610128829045,2,5.7571610128829045,1,0,1,anti_homophones
16525,gI1hU1lLng1kV3,14,-11.422887022975265,4,11.422887022975265,1,0,0,anti_homophones
16526,shi4shang2wan2chan2,19,-13.149392299943523,4,13.149392299943523,1,0,0,anti_homophones
16527,jLn4bL1,7,-7.812752655621906,2,7.812752655621906,1,0,2,anti_homophones
16528,can1si1,7,-6.005226524715882,2,6.005226524715882,1,0,0,anti_homophones
16529,shUng2lE4,9,-7.474858081164823,2,7.474858081164823,1,0,2,anti_homophones
16530,yi1wu2,6,-6.061123301931236,2,6.061123301931236,1,0,7,anti_homophones
16531,lv4li3jK3ye4,12,-12.890886092290291,4,12.890886092290291,1,0,0,anti_homophones
16532,yV2wen4er2,10,-8.361804695562098,3,8.361804695562098,1,0,0,anti_homophones
16533,zhV1lV2de2ye4,13,-10.663731149377588,4,10.663731149377588,1,0,0,anti_homophones
16534,wen2ji4pin3,11,-8.292520048335536,3,8.292520048335536,1,0,0,anti_homophones
16535,lLn2fu3hO3,10,-9.581937287657409,3,9.581937287657409,1,0,0,anti_homophones
16536,cI1shu4,7,-6.261267308206552,2,6.261267308206552,1,0,2,anti_homophones
16537,yi1lu5,6,-5.747054603804065,2,5.747054603804065,1,0,2,anti_homophones
16538,xing3shu2ban4fen1,17,-13.27617321935785,4,13.27617321935785,1,0,0,anti_homophones
16539,chun2shun3kang2,15,-11.989973533701395,3,11.989973533701395,1,0,0,anti_homophones
16540,gP3zeng1,8,-7.293653980140934,2,7.293653980140934,1,0,0,anti_homophones
16541,cA3hang4wen2,12,-9.668452722329485,3,9.668452722329485,1,0,0,anti_homophones
16542,qK2sA4,6,-4.9602296011098055,2,4.9602296011098055,1,0,3,anti_homophones
16543,sO1yan4,7,-6.640390569501812,2,6.640390569501812,1,0,0,anti_homophones
16544,fang4ke3xing3,13,-8.818893305054932,3,8.818893305054932,1,0,0,anti_homophones
16545,yu3er2,6,-5.811854178484867,2,5.811854178484867,1,0,3,anti_homophones
16546,xin1bi3,7,-5.624670650520983,2,5.624670650520983,1,0,1,anti_homophones
16547,jK4se4bu4fV3,12,-11.039549186120023,4,11.039549186120023,1,0,0,anti_homophones
16548,xLn1xu1,7,-6.7055842399419365,2,6.7055842399419365,1,0,1,anti_homophones
16549,xi1bu4,6,-5.159077751824979,2,5.159077751824979,1,1,14,anti_homophones
16550,yi1xin1ren2,11,-6.64968790899895,3,6.64968790899895,1,0,0,anti_homophones
16551,nLn4sO3de2,10,-9.05678087324988,3,9.05678087324988,1,0,0,anti_homophones
16552,zhi2da2shan2,12,-10.317491288050277,3,10.317491288050277,1,0,0,anti_homophones
16553,qK2tong2dLn4,12,-8.627609284054687,3,8.627609284054687,1,0,0,anti_homophones
16554,gong1meng4,10,-6.63200413429749,2,6.63200413429749,1,0,2,anti_homophones
16555,zhu2hP2,7,-6.972380337455637,2,6.972380337455637,1,0,0,anti_homophones
16556,chong3lLn4,10,-7.195501728430197,2,7.195501728430197,1,0,1,anti_homophones
16557,ri4chan4,8,-6.1331554886438155,2,6.1331554886438155,1,0,3,anti_homophones
16558,xW1jUn4tV2ping1,15,-11.576656764732729,4,11.576656764732729,1,0,0,anti_homophones
16559,xLng1ju2,8,-6.02120652640944,2,6.02120652640944,1,0,2,anti_homophones
16560,jLn3xin1,8,-5.566730057395227,2,5.566730057395227,1,0,4,anti_homophones
16561,zhong1xin1,10,-5.391822086937213,2,5.391822086937213,1,1,2,anti_homophones
16562,hun1ju3,7,-6.882180104758363,2,6.882180104758363,1,0,0,anti_homophones
16563,hV4shQ1wE4,10,-9.039071361938799,3,9.039071361938799,1,0,0,anti_homophones
16564,hV4bi4gUn3nLn2,14,-11.383339119319814,4,11.383339119319814,1,0,0,anti_homophones
16565,ji3jL1,6,-5.726920142745688,2,5.726920142745688,1,0,5,anti_homophones
16566,zhUng4ji1,9,-5.967651946444872,2,5.967651946444872,1,0,0,anti_homophones
16567,shQ1qu3,7,-6.711157742297667,2,6.711157742297667,1,0,2,anti_homophones
16568,mu4chu1hu4,10,-7.7794315217480845,3,7.7794315217480845,1,0,0,anti_homophones
16569,xing2meng2mQ2sa3,16,-13.402058311922808,4,13.402058311922808,1,0,0,anti_homophones
16570,xUn2da1song1,12,-10.819983791690825,3,10.819983791690825,1,0,0,anti_homophones
16571,fen4qUn2gQ1wE3,14,-11.541979184639258,4,11.541979184639258,1,0,0,anti_homophones
16572,bE4zheng1,9,-5.9314801134813,2,5.9314801134813,1,0,0,anti_homophones
16573,yan2yin1,8,-6.036697306594935,2,6.036697306594935,1,0,4,anti_homophones
16574,ji1xL4xin1,10,-8.318395787766823,3,8.318395787766823,1,0,0,anti_homophones
16575,lLng3yan3yang2,14,-9.758993242159216,3,9.758993242159216,1,0,0,anti_homophones
16576,jLng3bA2yUn2,12,-9.062412932922427,3,9.062412932922427,1,0,0,anti_homophones
16577,de2yan4,7,-6.525446492932277,2,6.525446492932277,1,0,1,anti_homophones
16578,dong1bing1,10,-6.495399768053412,2,6.495399768053412,1,0,1,anti_homophones
16579,bi4hV4,6,-5.509446961899078,2,5.509446961899078,1,0,8,anti_homophones
16580,zheng1wE4,9,-5.58536521181745,2,5.58536521181745,1,0,1,anti_homophones
16581,fen1shi2,8,-5.349634260793523,2,5.349634260793523,1,0,3,anti_homophones
16582,ju4zhUng4,9,-6.4131950895942165,2,6.4131950895942165,1,0,1,anti_homophones
16583,zhu3yan4,8,-5.791042289010153,2,5.791042289010153,1,0,3,anti_homophones
16584,xun4fen1,8,-6.510245251558575,2,6.510245251558575,1,0,0,anti_homophones
16585,bQ1bu2gan3,10,-8.989143205536744,3,8.989143205536744,1,0,0,anti_homophones
16586,lB4wu3zhan2,11,-10.498607891269003,3,10.498607891269003,1,0,0,anti_homophones
16587,qu1bQ3xYng2,11,-9.176779531419458,3,9.176779531419458,1,0,0,anti_homophones
16588,ci4xi4feng1hQ3,14,-12.79611257064795,4,12.79611257064795,1,0,0,anti_homophones
16589,shu1yC4ye4lK2,13,-11.154162593929545,4,11.154162593929545,1,0,0,anti_homophones
16590,mE2shan1,8,-6.582366739758607,2,6.582366739758607,1,0,1,anti_homophones
16591,chen3gUn4ci4,12,-11.0276468057849,3,11.0276468057849,1,0,0,anti_homophones
16592,ka1fang3,8,-5.529903915452013,2,5.529903915452013,1,1,2,anti_homophones
16593,kI1bQ4kan4er5,13,-12.702648877124807,4,12.702648877124807,1,0,0,anti_homophones
16594,rV4zi5,6,-5.2976253545629675,2,5.2976253545629675,1,0,6,anti_homophones
16595,jW3zA4wE4,9,-8.365615088436858,3,8.365615088436858,1,0,0,anti_homophones
16596,chu1rong1yan3,13,-8.845715015151834,3,8.845715015151834,1,0,0,anti_homophones
16597,hong2man4,9,-6.987156569224901,2,6.987156569224901,1,0,0,anti_homophones
16598,bo1xC2,6,-5.114146144306746,2,5.114146144306746,1,0,1,anti_homophones
16599,wen1qK2,7,-6.122618163784524,2,6.122618163784524,1,0,4,anti_homophones
16600,lu4dQ4,6,-5.93587812401895,2,5.93587812401895,1,0,8,anti_homophones
16601,fE1chen2,8,-6.023846322791732,2,6.023846322791732,1,0,2,anti_homophones
16602,po4an4,6,-5.577474056209804,2,5.577474056209804,1,1,1,anti_homophones
16603,lLn4mu3,7,-6.752252552862299,2,6.752252552862299,1,0,3,anti_homophones
16604,ba1lO4jLng3,11,-9.540211263504169,3,9.540211263504169,1,0,0,anti_homophones
16605,yi3ci2,6,-6.188292451400597,2,6.188292451400597,1,0,4,anti_homophones
16606,yang4ke4,8,-6.4163835596135765,2,6.4163835596135765,1,0,0,anti_homophones
16607,an4dA4di4,9,-8.067479117835537,3,8.067479117835537,1,0,0,anti_homophones
16608,jLn4hI4kan1gUn3,15,-11.095066149411567,4,11.095066149411567,1,0,0,anti_homophones
16609,tI1dA4,6,-5.562757846468295,2,5.562757846468295,1,0,2,anti_homophones
16610,hE1bE4ren2,10,-7.954405580253339,3,7.954405580253339,1,0,0,anti_homophones
16611,jin1rong4peng1,14,-9.637311406566043,3,9.637311406566043,1,0,0,anti_homophones
16612,si4hU4,6,-4.885511116081568,2,4.885511116081568,1,0,11,anti_homophones
16613,jLn1yi1,7,-5.992370118000032,2,5.992370118000032,1,0,6,anti_homophones
16614,qLn2chong4,10,-6.176842526778973,2,6.176842526778973,1,0,1,anti_homophones
16615,dong2gong1,10,-6.337291766741339,2,6.337291766741339,1,0,1,anti_homophones
16616,fE3qLng4lun4,12,-9.634268947685232,3,9.634268947685232,1,0,0,anti_homophones
16617,zhO2hU1,7,-6.419202563818057,2,6.419202563818057,1,0,0,anti_homophones
16618,fan4dQ3cha2,11,-9.619198393110345,3,9.619198393110345,1,0,0,anti_homophones
16619,mo4ji2bu4,9,-7.942225590526699,3,7.942225590526699,1,0,0,anti_homophones
16620,chUng1tang1li3,14,-9.485191937216127,3,9.485191937216127,1,0,0,anti_homophones
16621,bang2wE4,8,-6.419196279734992,2,6.419196279734992,1,0,2,anti_homophones
16622,ming2yi1zO4,11,-8.734848814197768,3,8.734848814197768,1,0,0,anti_homophones
16623,cha2jing2,9,-5.8118896754037195,2,5.8118896754037195,1,0,0,anti_homophones
16624,chang1bang1,11,-7.471764928088158,2,7.471764928088158,1,0,1,anti_homophones
16625,xL4du2shen1su4,14,-11.102975737911642,4,11.102975737911642,1,0,0,anti_homophones
16626,kA1pan2ju2wu4,13,-10.876504552481013,4,10.876504552481013,1,0,0,anti_homophones
16627,xi1lE4,6,-6.2115453203536415,2,6.2115453203536415,1,0,9,anti_homophones
16628,er4xin4sUn1,11,-8.857667938209664,3,8.857667938209664,1,0,0,anti_homophones
16629,ma2shang3,9,-6.958539077571172,2,6.958539077571172,1,0,0,anti_homophones
16630,xi1tong1,8,-6.045523211266067,2,6.045523211266067,1,0,1,anti_homophones
16631,bQ4li3,6,-5.220004346850133,2,5.220004346850133,1,0,2,anti_homophones
16632,chen4zhong1,11,-6.537616838598195,2,6.537616838598195,1,0,0,anti_homophones
16633,gu3dLn4,7,-5.227749309306765,2,5.227749309306765,1,0,2,anti_homophones
16634,kA1tLn1si1,10,-7.83582337821164,3,7.83582337821164,1,0,0,anti_homophones
16635,lK2heng1shen2,13,-9.593283970397744,3,9.593283970397744,1,0,0,anti_homophones
16636,hUng1zhun1qing3fa2,18,-14.09798244403767,4,14.09798244403767,1,0,0,anti_homophones
16637,shang4hu4zhu4e2,15,-11.983622417167407,4,11.983622417167407,1,0,0,anti_homophones
16638,lO4chu1hU2xC2,13,-10.902410880693353,4,10.902410880693353,1,0,0,anti_homophones
16639,pQ4fE1fa1,9,-9.259499054037532,3,9.259499054037532,1,0,0,anti_homophones
16640,xW3sO1,6,-5.771379868500559,2,5.771379868500559,1,0,1,anti_homophones
16641,an4qi3,6,-6.053287980869472,2,6.053287980869472,1,0,5,anti_homophones
16642,lQ3la4zO4lA2,12,-10.967854083466632,4,10.967854083466632,1,0,0,anti_homophones
16643,bW1mE4,6,-6.519310288497638,2,6.519310288497638,1,0,2,anti_homophones
16644,gan3ming2,9,-6.126433094056409,2,6.126433094056409,1,0,1,anti_homophones
16645,A1bo2zi3,8,-8.707838514176222,3,8.707838514176222,1,0,0,anti_homophones
16646,bLn4di4chUn2,12,-9.403168885731057,3,9.403168885731057,1,0,0,anti_homophones
16647,xLn4pi2,7,-6.0714896960785225,2,6.0714896960785225,1,0,4,anti_homophones
16648,zhi1hI4ka3ti3,13,-10.166184794173201,4,10.166184794173201,1,0,0,anti_homophones
16649,tM3tO1wan4,10,-8.78541661350162,3,8.78541661350162,1,0,0,anti_homophones
16650,tV2hU1hO4,9,-8.697112082942125,3,8.697112082942125,1,0,0,anti_homophones
16651,ying2zu3,8,-6.332101069963477,2,6.332101069963477,1,0,3,anti_homophones
16652,ji4xing4,8,-5.4281151145136874,2,5.4281151145136874,1,0,7,anti_homophones
16653,gan4dV4,7,-6.553144626274094,2,6.553144626274094,1,0,1,anti_homophones
16654,bQ2mWan2,8,-11.130259474716759,3,11.130259474716759,1,0,0,anti_homophones
16655,chong1ling1,11,-6.810000127059276,2,6.810000127059276,1,0,0,anti_homophones
16656,qLn1zhUng4,10,-6.475230729294783,2,6.475230729294783,1,0,3,anti_homophones
16657,tang2xing4,10,-6.116324598495766,2,6.116324598495766,1,0,6,anti_homophones
16658,ya1dLn3,7,-5.782422461472124,2,5.782422461472124,1,0,3,anti_homophones
16659,dong3hU4,8,-6.016911231606797,2,6.016911231606797,1,0,6,anti_homophones
16660,fan4bu4yi4,10,-7.205206819032281,3,7.205206819032281,1,0,0,anti_homophones
16661,yV2da2,6,-6.0004925375472995,2,6.0004925375472995,1,0,2,anti_homophones
16662,zhen4re4,8,-7.056198333863829,2,7.056198333863829,1,0,0,anti_homophones
16663,wang3hI4,8,-5.908986472409907,2,5.908986472409907,1,1,1,anti_homophones
16664,lQ3yan2tV2,10,-7.734297877398826,3,7.734297877398826,1,0,0,anti_homophones
16665,zhQ3bo2,7,-7.1114752828717025,2,7.1114752828717025,1,0,0,anti_homophones
16666,hA3sA4,6,-7.020332588797398,2,7.020332588797398,1,1,0,anti_homophones
16667,yQ2yQ2,6,-5.467206133370182,2,5.467206133370182,1,1,3,anti_homophones
16668,wan3tI3feng1,12,-9.928366094109087,3,9.928366094109087,1,0,0,anti_homophones
16669,yu4zQ3fu4kV3,12,-12.147158352484201,4,12.147158352484201,1,0,0,anti_homophones
16670,hI4zhan1lE3,11,-9.779656061118217,3,9.779656061118217,1,0,0,anti_homophones
16671,de2zhUng4mu4,12,-10.080083678973976,3,10.080083678973976,1,0,0,anti_homophones
16672,xW3shang4yu4,12,-8.63182374253055,3,8.63182374253055,1,0,0,anti_homophones
16673,shi4yC4,7,-5.365437336799307,2,5.365437336799307,1,0,2,anti_homophones
16674,qin1he4hI4,10,-8.617057789302267,3,8.617057789302267,1,0,0,anti_homophones
16675,can1shu3sheng4xUn2,18,-13.535158878202067,4,13.535158878202067,1,0,0,anti_homophones
16676,sheng3yC4lun4mLn4,17,-13.46876745392226,4,13.46876745392226,1,0,0,anti_homophones
16677,hO4kUng1dO2hQ4,14,-12.180852077503369,4,12.180852077503369,1,0,0,anti_homophones
16678,yUn2che1,8,-5.679022817757217,2,5.679022817757217,1,0,3,anti_homophones
16679,xW3shan1ya1ji4,14,-11.23344098921523,4,11.23344098921523,1,0,0,anti_homophones
16680,sheng4ji1,9,-5.57009386684132,2,5.57009386684132,1,1,2,anti_homophones
16681,nB4du4qK2,9,-9.660788922262427,3,9.660788922262427,1,0,0,anti_homophones
16682,bQ1bE3jW1,9,-9.575777245096326,3,9.575777245096326,1,0,0,anti_homophones
16683,bu4fE4zhi1gUn4,14,-10.9186848653225,4,10.9186848653225,1,0,0,anti_homophones
16684,zhu1xun4,8,-6.402716936302898,2,6.402716936302898,1,0,4,anti_homophones
16685,kong1ji2gUng1,13,-9.031673620963787,3,9.031673620963787,1,0,0,anti_homophones
16686,bQ3cA4,6,-5.74893149292554,2,5.74893149292554,1,0,4,anti_homophones
16687,shV3zhUng1,10,-6.113477344152621,2,6.113477344152621,1,0,2,anti_homophones
16688,hu2xu4jW1men2,13,-11.579964557990445,4,11.579964557990445,1,0,0,anti_homophones
16689,lLng1zO4,8,-5.886152965459932,2,5.886152965459932,1,0,0,anti_homophones
16690,gong4zO4wE2,11,-8.31003646935552,3,8.31003646935552,1,0,0,anti_homophones
16691,tM3qing2,8,-5.814498105995775,2,5.814498105995775,1,0,2,anti_homophones
16692,zi4fE4,6,-5.214107030741285,2,5.214107030741285,1,0,5,anti_homophones
16693,ting1bi2ting4,13,-10.43054641453636,3,10.43054641453636,1,0,0,anti_homophones
16694,ge2hI4ka3,9,-8.635227719406414,3,8.635227719406414,1,0,0,anti_homophones
16695,nLn2fE1,7,-6.384179067278328,2,6.384179067278328,1,0,0,anti_homophones
16696,hQ4xC2jL1yu2,12,-10.45112406841388,4,10.45112406841388,1,0,0,anti_homophones
16697,zhi2dA4pi2ni2,13,-11.837275426088821,4,11.837275426088821,1,0,0,anti_homophones
16698,wu4san4,7,-6.8989327471825455,2,6.8989327471825455,1,0,1,anti_homophones
16699,xi1tO1,6,-6.8298302478741215,2,6.8298302478741215,1,0,0,anti_homophones
16700,qin2ding4xing1,14,-9.590116675753725,3,9.590116675753725,1,0,0,anti_homophones
16701,yan2neng1nLn2,13,-9.28032439007445,3,9.28032439007445,1,0,0,anti_homophones
16702,e4gI4gQ4,8,-8.04625752016088,3,8.04625752016088,1,0,0,anti_homophones
16703,xW1fa1pa1,9,-8.750358575347487,3,8.750358575347487,1,0,0,anti_homophones
16704,shu4er4ya2,10,-9.852570359934965,3,9.852570359934965,1,0,0,anti_homophones
16705,zong2mQ2,8,-6.572101968889259,2,6.572101968889259,1,0,0,anti_homophones
16706,she4yin3,8,-5.970461211409087,2,5.970461211409087,1,0,2,anti_homophones
16707,yi1ban4,7,-4.892911020617722,2,4.892911020617722,1,0,6,anti_homophones
16708,yu2li4zhe3,10,-7.602070727692121,3,7.602070727692121,1,0,0,anti_homophones
16709,wan1tV2he2,10,-9.06471288148258,3,9.06471288148258,1,0,0,anti_homophones
16710,du3zhi2gan1,11,-8.913143313007456,3,8.913143313007456,1,0,0,anti_homophones
16711,tI1yan4,7,-6.366558413228919,2,6.366558413228919,1,0,2,anti_homophones
16712,shi1zhong2jL4,13,-8.715078803656302,3,8.715078803656302,1,0,0,anti_homophones
16713,jK4fa1da4wE4,12,-10.970420796912318,4,10.970420796912318,1,0,0,anti_homophones
16714,zV3xK4shi4xu4,13,-12.536375377002008,4,12.536375377002008,1,0,0,anti_homophones
16715,ben3li4,7,-5.629413997921518,2,5.629413997921518,1,0,1,anti_homophones
16716,mE2jL4,6,-5.730416473406347,2,5.730416473406347,1,0,2,anti_homophones
16717,gan1yi4er2fE4,13,-10.012121326083895,4,10.012121326083895,1,0,0,anti_homophones
16718,sheng1xL4lLng5,14,-10.108284209623548,3,10.108284209623548,1,0,0,anti_homophones
16719,yang1ji4,8,-5.848753459743817,2,5.848753459743817,1,0,3,anti_homophones
16720,qYhi1,5,-8.092174994784047,2,8.092174994784047,1,0,0,anti_homophones
16721,ze2fu3jLn4jM3,13,-13.303467115017186,4,13.303467115017186,1,0,0,anti_homophones
16722,pE2su4,6,-5.587559499219111,2,5.587559499219111,1,0,1,anti_homophones
16723,chu1qK2qi4,10,-7.8410899172389135,3,7.8410899172389135,1,0,0,anti_homophones
16724,sQ3mW4shu1du4,13,-11.491817693667013,4,11.491817693667013,1,0,0,anti_homophones
16725,cA1mo4,6,-6.86889217056362,2,6.86889217056362,1,0,0,anti_homophones
16726,zhi1shu4,8,-5.338177371399446,2,5.338177371399446,1,0,6,anti_homophones
16727,wE4ji4nan4,10,-8.47061390317548,3,8.47061390317548,1,0,0,anti_homophones
16728,ran2ding4qi4,12,-9.016834388930508,3,9.016834388930508,1,0,0,anti_homophones
16729,kA1qW2,6,-6.846315513869701,2,6.846315513869701,1,0,1,anti_homophones
16730,yi1shen3,8,-5.635723888622573,2,5.635723888622573,1,0,4,anti_homophones
16731,ju3sun1tV2,10,-8.905378585107885,3,8.905378585107885,1,0,0,anti_homophones
16732,hU4ren4,7,-6.300670099184432,2,6.300670099184432,1,0,0,anti_homophones
16733,ming2nv3,8,-6.607891136835501,2,6.607891136835501,1,0,1,anti_homophones
16734,xin1ren4xin1,12,-7.863511455030201,3,7.863511455030201,1,0,0,anti_homophones
16735,chun4rang4zhe3,14,-10.550262381512546,3,10.550262381512546,1,0,0,anti_homophones
16736,yan2bing2hO4bW1,15,-12.168370406352667,4,12.168370406352667,1,0,0,anti_homophones
16737,jL1wen1xing4,12,-8.74112274106785,3,8.74112274106785,1,0,0,anti_homophones
16738,song1hO4,8,-6.3630449685478565,2,6.3630449685478565,1,0,1,anti_homophones
16739,gUn3fang4,9,-6.1890659035636295,2,6.1890659035636295,1,0,2,anti_homophones
16740,fu4shUn2di4,11,-9.285400151566995,3,9.285400151566995,1,0,0,anti_homophones
16741,zhi1ping2,9,-6.110954286072818,2,6.110954286072818,1,0,3,anti_homophones
16742,bo1cang4,8,-6.509669178646092,2,6.509669178646092,1,0,0,anti_homophones
16743,jC2jL1xYng1zA4,14,-11.726363432435397,4,11.726363432435397,1,0,0,anti_homophones
16744,dO3ke1ji4chUng3,15,-12.681864428771066,4,12.681864428771066,1,0,0,anti_homophones
16745,kO4shi4,7,-5.540462077614228,2,5.540462077614228,1,1,5,anti_homophones
16746,mu4dan4,7,-6.147414617328475,2,6.147414617328475,1,0,2,anti_homophones
16747,da4gan3,7,-5.353568732699132,2,5.353568732699132,1,0,7,anti_homophones
16748,zhi2shu2,8,-6.680308366507251,2,6.680308366507251,1,0,2,anti_homophones
16749,chu4gUn1,8,-6.465502054047501,2,6.465502054047501,1,0,0,anti_homophones
16750,qK2shi2,7,-5.578484283255591,2,5.578484283255591,1,0,3,anti_homophones
16751,kA1jW4,6,-5.874036427368712,2,5.874036427368712,1,0,2,anti_homophones
16752,shQ3tA2,7,-6.5209250541457715,2,6.5209250541457715,1,0,2,anti_homophones
16753,qC2e2,5,-8.312313519502341,2,8.312313519502341,1,0,0,anti_homophones
16754,kong4lu4,8,-6.192438352358994,2,6.192438352358994,1,0,3,anti_homophones
16755,lO3tA2jLn1,10,-9.5876966972171,3,9.5876966972171,1,0,0,anti_homophones
16756,fan3ju4che1,11,-8.694013534452564,3,8.694013534452564,1,0,0,anti_homophones
16757,qi3tQ2,6,-6.3589625076730725,2,6.3589625076730725,1,0,1,anti_homophones
16758,ru4yUn4,7,-6.079529501260762,2,6.079529501260762,1,0,5,anti_homophones
16759,bE4pQ4,6,-5.907894560904421,2,5.907894560904421,1,0,1,anti_homophones
16760,di3ke1xC3,9,-8.057921663654966,3,8.057921663654966,1,0,0,anti_homophones
16761,e4zheng1tM1,11,-9.164014133676167,3,9.164014133676167,1,0,0,anti_homophones
16762,gUng1tan3ban3,13,-10.225594272604278,3,10.225594272604278,1,0,0,anti_homophones
16763,jLng4lA4,8,-7.597633498577566,2,7.597633498577566,1,0,3,anti_homophones
16764,xL4lK2,6,-5.194047751693496,2,5.194047751693496,1,0,1,anti_homophones
16765,chi2wu4,7,-5.750031578735887,2,5.750031578735887,1,1,5,anti_homophones
16766,tLn2cA4,7,-6.249155162100786,2,6.249155162100786,1,0,1,anti_homophones
16767,na4hP4,6,-6.954376828249423,2,6.954376828249423,1,0,0,anti_homophones
16768,wang3xing2,10,-6.334606600508001,2,6.334606600508001,1,1,2,anti_homophones
16769,qun2shi4,8,-5.806359218791947,2,5.806359218791947,1,1,5,anti_homophones
16770,bW3lW2fu3,9,-8.98477276966946,3,8.98477276966946,1,0,0,anti_homophones
16771,tan2sheng1,10,-6.004476169788044,2,6.004476169788044,1,0,3,anti_homophones
16772,gO4jW4gU4,9,-9.20655084156047,3,9.20655084156047,1,0,0,anti_homophones
16773,yin1dA4tLn1,11,-8.81908074876691,3,8.81908074876691,1,0,0,anti_homophones
16774,hU1xLn4zhe2,11,-9.241570754508375,3,9.241570754508375,1,0,0,anti_homophones
16775,ju4xing4,8,-5.678771632433106,2,5.678771632433106,1,0,4,anti_homophones
16776,tong2qLn4,9,-7.102257320055486,2,7.102257320055486,1,0,0,anti_homophones
16777,chong2xL4tA2,12,-9.008871333803103,3,9.008871333803103,1,0,0,anti_homophones
16778,le4ting1wu1,11,-9.766779818040975,3,9.766779818040975,1,0,0,anti_homophones
16779,mo4A4,5,-5.70854137520095,2,5.70854137520095,1,0,2,anti_homophones
16780,xM4rang4ding4,13,-11.230679204601053,3,11.230679204601053,1,0,0,anti_homophones
16781,ji1ji4,6,-5.251269991027964,2,5.251269991027964,1,1,16,anti_homophones
16782,che1ling4gong4,14,-9.580106086246504,3,9.580106086246504,1,0,0,anti_homophones
16783,wen4tu2,7,-6.041337625691518,2,6.041337625691518,1,0,2,anti_homophones
16784,feng1fen4hUn2,13,-9.556179370846381,3,9.556179370846381,1,0,0,anti_homophones
16785,ju4zhUng1ye1zu3,15,-12.316354992547103,4,12.316354992547103,1,0,0,anti_homophones
16786,tong1qin2hU4,12,-8.197684813161233,3,8.197684813161233,1,0,0,anti_homophones
16787,feng4zheng2gO4,14,-9.783048801503117,3,9.783048801503117,1,0,0,anti_homophones
16788,jun4lK1bing4,12,-10.211914338115475,3,10.211914338115475,1,0,0,anti_homophones
16789,nong1yang2li2,13,-9.761923731105343,3,9.761923731105343,1,0,0,anti_homophones
16790,jLn3xLn3,8,-6.190231097699619,2,6.190231097699619,1,0,2,anti_homophones
16791,wu2yi4yun4li2,13,-10.384212581249349,4,10.384212581249349,1,0,0,anti_homophones
16792,yi1yan2,7,-5.032777669447272,2,5.032777669447272,1,0,12,anti_homophones
16793,chun1qUn3ze2,12,-10.102361818344253,3,10.102361818344253,1,0,0,anti_homophones
16794,yin3lu4ke4,10,-7.818868172075621,3,7.818868172075621,1,0,0,anti_homophones
16795,qLng3ji1,8,-5.838972631594116,2,5.838972631594116,1,0,1,anti_homophones
16796,qLn1ning2,9,-7.038085017805055,2,7.038085017805055,1,0,3,anti_homophones
16797,shun4dI4nW3,11,-9.957045312235994,3,9.957045312235994,1,0,0,anti_homophones
16798,bu4ren2wA4,10,-7.6359110853046195,3,7.6359110853046195,1,0,0,anti_homophones
16799,wang2hU4,8,-5.5399218488893025,2,5.5399218488893025,1,0,2,anti_homophones
16800,fa1xM4,6,-5.873440376971846,2,5.873440376971846,1,0,6,anti_homophones
16801,da4tang4,8,-5.663640517433574,2,5.663640517433574,1,0,6,anti_homophones
16802,ling3qC4lan2zhang2,18,-12.546467164900815,4,12.546467164900815,1,0,0,anti_homophones
16803,shan2wang3bu2gUn3,17,-12.748142038569844,4,12.748142038569844,1,0,0,anti_homophones
16804,xLn1ye4,7,-5.871700785289243,2,5.871700785289243,1,1,3,anti_homophones
16805,jin4dQ4zi5,10,-7.7330934676046965,3,7.7330934676046965,1,0,0,anti_homophones
16806,lA2yV1,6,-7.007490299348234,2,7.007490299348234,1,0,0,anti_homophones
16807,leng1zhUng1qi4,14,-8.738690390655448,3,8.738690390655448,1,0,0,anti_homophones
16808,chUn1tLn1,9,-6.09800323180442,2,6.09800323180442,1,0,2,anti_homophones
16809,fang1yu4bu2,11,-10.631947936530711,3,10.631947936530711,1,0,0,anti_homophones
16810,zheng4tV2,9,-5.860932784787261,2,5.860932784787261,1,0,1,anti_homophones
16811,rong4tO2,8,-8.193678286835576,2,8.193678286835576,1,0,0,anti_homophones
16812,fang1shI4,9,-6.5694288866237365,2,6.5694288866237365,1,0,1,anti_homophones
16813,tV2hUn1,7,-6.4973816908113795,2,6.4973816908113795,1,0,0,anti_homophones
16814,ba1hun1qM4,10,-10.167710996292676,3,10.167710996292676,1,0,0,anti_homophones
16815,min2yang4,9,-6.481332141997829,2,6.481332141997829,1,0,0,anti_homophones
16816,dLn1ren4zI3,11,-9.815603709797298,3,9.815603709797298,1,0,0,anti_homophones
16817,yan4jUn3jin1,12,-10.013127071323472,3,10.013127071323472,1,0,0,anti_homophones
16818,tQ2qi1yong1tV5,14,-12.96500883340557,4,12.96500883340557,1,0,0,anti_homophones
16819,jC2dan1,7,-6.022943902046012,2,6.022943902046012,1,0,1,anti_homophones
16820,yang4zhi1jLn1zi5,16,-10.52361059346811,4,10.52361059346811,1,0,0,anti_homophones
16821,he2tA4,6,-5.950431971555005,2,5.950431971555005,1,0,3,anti_homophones
16822,yong1hU4gong2lV2,16,-12.33778141694961,4,12.33778141694961,1,0,0,anti_homophones
16823,du2ba1fen4,10,-9.202411273837493,3,9.202411273837493,1,0,0,anti_homophones
16824,kang3ye4chen1se4,16,-12.091437501362817,4,12.091437501362817,1,0,0,anti_homophones
16825,kA1men2jing2,12,-8.165998185743915,3,8.165998185743915,1,0,0,anti_homophones
16826,dan4shu3hU4wE4,14,-11.480983608143788,4,11.480983608143788,1,0,0,anti_homophones
16827,tun2wang4,9,-7.1543072482419525,2,7.1543072482419525,1,0,1,anti_homophones
16828,min2chUng2,10,-7.151708887899102,2,7.151708887899102,1,0,1,anti_homophones
16829,lang2hu2shO4men2,16,-13.801772929548871,4,13.801772929548871,1,0,0,anti_homophones
16830,shi4wu1,7,-6.062675779900754,2,6.062675779900754,1,0,1,anti_homophones
16831,xing2jW2,8,-7.2966541456984295,2,7.2966541456984295,1,0,2,anti_homophones
16832,zhi2qi4,7,-5.21119807951353,2,5.21119807951353,1,1,6,anti_homophones
16833,zhong1lv4yi4,12,-7.667772277719324,3,7.667772277719324,1,0,0,anti_homophones
16834,yV2ji4,6,-5.156458460743134,2,5.156458460743134,1,1,8,anti_homophones
16835,shu3yC4,7,-6.039234891661948,2,6.039234891661948,1,0,2,anti_homophones
16836,fu4zhang2,9,-5.5089751563112435,2,5.5089751563112435,1,1,6,anti_homophones
16837,an1ru4,6,-5.986816321056175,2,5.986816321056175,1,0,3,anti_homophones
16838,yV3jing2gUng2,13,-9.00945587747797,3,9.00945587747797,1,0,0,anti_homophones
16839,yan3neng2de5,12,-9.476185708704241,3,9.476185708704241,1,0,0,anti_homophones
16840,yV2yi1,6,-5.724283333314489,2,5.724283333314489,1,0,5,anti_homophones
16841,gong1qC4,8,-6.199977552781325,2,6.199977552781325,1,0,1,anti_homophones
16842,bW1sO3neng4,11,-9.279986814905168,3,9.279986814905168,1,0,0,anti_homophones
16843,nLn4jL1,7,-6.38631624090263,2,6.38631624090263,1,0,3,anti_homophones
16844,shen4hu4sheng2cA3,17,-12.949736576767721,4,12.949736576767721,1,0,0,anti_homophones
16845,zhUng1mu4kI4,12,-9.778401302851593,3,9.778401302851593,1,0,0,anti_homophones
16846,jW4tW2,6,-5.02301124012456,2,5.02301124012456,1,0,2,anti_homophones
16847,tLn1bing1,9,-6.125646524523007,2,6.125646524523007,1,0,3,anti_homophones
16848,hO2ya2tUn2ying2,15,-12.098746295972791,4,12.098746295972791,1,0,0,anti_homophones
16849,gu3qUn4,7,-6.767644265646503,2,6.767644265646503,1,0,0,anti_homophones
16850,jL3shI3,7,-5.77914328557689,2,5.77914328557689,1,0,2,anti_homophones
16851,xun2jK1,7,-6.622828330809691,2,6.622828330809691,1,0,1,anti_homophones
16852,shi2shi3yi1hu2,14,-11.806313875690698,4,11.806313875690698,1,0,0,anti_homophones
16853,ke4ke3,6,-6.183914626181836,2,6.183914626181836,1,0,1,anti_homophones
16854,cheng2mE4,9,-6.336942488031149,2,6.336942488031149,1,0,1,anti_homophones
16855,pan2xLn1,8,-6.674795234235856,2,6.674795234235856,1,0,2,anti_homophones
16856,sheng1qi1qi1,12,-7.639008297296969,3,7.639008297296969,1,0,0,anti_homophones
16857,jK4bu3zhi3,10,-9.198489919596506,3,9.198489919596506,1,0,0,anti_homophones
16858,qing2yi3wan2,12,-8.41877846512149,3,8.41877846512149,1,0,0,anti_homophones
16859,A4re4,5,-6.226779489683563,2,6.226779489683563,1,0,2,anti_homophones
16860,e1men2sUn4zu2,13,-12.244569697735159,4,12.244569697735159,1,0,0,anti_homophones
16861,ya4yV2cA3,9,-8.491379960386292,3,8.491379960386292,1,0,0,anti_homophones
16862,shi2zhu4V1,10,-8.71628175415361,3,8.71628175415361,1,0,0,anti_homophones
16863,tu2wo1,6,-7.3537096778164,2,7.3537096778164,1,0,2,anti_homophones
16864,pin1A2shu1ti3,13,-13.93150128211942,4,13.93150128211942,1,0,0,anti_homophones
16865,ting1can1yi4,12,-9.177913857486812,3,9.177913857486812,1,0,0,anti_homophones
16866,xi4mu4,6,-6.009409104061938,2,6.009409104061938,1,1,3,anti_homophones
16867,bA4jUn3yi1,10,-9.713193658768049,3,9.713193658768049,1,0,0,anti_homophones
16868,wang3dQ3,8,-6.332156736813893,2,6.332156736813893,1,0,2,anti_homophones
16869,yQ4fE4,6,-5.199353270441671,2,5.199353270441671,1,0,7,anti_homophones
16870,da4wang3xi1,11,-8.690320831292592,3,8.690320831292592,1,0,0,anti_homophones
16871,mu3A2,5,-5.95404179454708,2,5.95404179454708,1,0,4,anti_homophones
16872,shang3xLn1xLn4,14,-8.88641610086021,3,8.88641610086021,1,0,0,anti_homophones
16873,zhu4jLn1ce4du4,14,-11.462073441897664,4,11.462073441897664,1,0,0,anti_homophones
16874,hUng1ban3,9,-6.221797591876266,2,6.221797591876266,1,0,3,anti_homophones
16875,qing3mi2ben3,12,-9.832038086282127,3,9.832038086282127,1,0,0,anti_homophones
16876,wa1ke3tUn2jLn4,14,-12.116449194131985,4,12.116449194131985,1,0,0,anti_homophones
16877,dang3yang4,10,-6.82396652470574,2,6.82396652470574,1,0,2,anti_homophones
16878,xing2xing1,10,-5.772095049292507,2,5.772095049292507,1,0,5,anti_homophones
16879,wA4zhong3sha1rong1,18,-12.895012696253982,4,12.895012696253982,1,0,0,anti_homophones
16880,sO3jL4,6,-5.885395185788285,2,5.885395185788285,1,0,2,anti_homophones
16881,hI2qing2jLn1zhong2,18,-11.79084138926183,4,11.79084138926183,1,0,0,anti_homophones
16882,mE2wo4,6,-5.944921029277537,2,5.944921029277537,1,0,1,anti_homophones
16883,li4shV4,7,-6.184598860743827,2,6.184598860743827,1,0,4,anti_homophones
16884,tO1ming1yV3xing2,16,-11.492717907445753,4,11.492717907445753,1,0,0,anti_homophones
16885,jK4san3ji1ting1,15,-13.721105833283328,4,13.721105833283328,1,0,0,anti_homophones
16886,yang4xLng1ying4shV3,19,-12.072616332121202,4,12.072616332121202,1,0,0,anti_homophones
16887,he2lV2leng1,11,-9.292166143007554,3,9.292166143007554,1,0,0,anti_homophones
16888,jLn1qi4,7,-5.179531824491501,2,5.179531824491501,1,0,13,anti_homophones
16889,di2li4,6,-6.213069069669379,2,6.213069069669379,1,0,6,anti_homophones
16890,ya1shi4,7,-5.460240984721316,2,5.460240984721316,1,0,7,anti_homophones
16891,ca1hang4ku3xing4,16,-12.23559525417793,4,12.23559525417793,1,0,0,anti_homophones
16892,man4xLn1gan3ban4,16,-12.993080215401703,4,12.993080215401703,1,0,0,anti_homophones
16893,shi2ba1jin1er3,14,-11.846957905325777,4,11.846957905325777,1,0,0,anti_homophones
16894,pW1yu3shi1,10,-8.777645453639241,3,8.777645453639241,1,0,0,anti_homophones
16895,feng1jin1,9,-5.772791108045172,2,5.772791108045172,1,0,2,anti_homophones
16896,yi1cI4,6,-6.088894225775254,2,6.088894225775254,1,0,4,anti_homophones
16897,ke3zhen4dan4,12,-9.619234317639533,3,9.619234317639533,1,0,0,anti_homophones
16898,mo4bu4xin4xK1,13,-11.077217363877399,4,11.077217363877399,1,0,0,anti_homophones
16899,zA4mLn4yi4,10,-8.564704293901402,3,8.564704293901402,1,0,0,anti_homophones
16900,fang1shang3,11,-6.5261882692756865,2,6.5261882692756865,1,0,1,anti_homophones
16901,jW3ying2,8,-6.910542337265494,2,6.910542337265494,1,0,2,anti_homophones
16902,gUng3tV2ju1,11,-10.534584045125298,3,10.534584045125298,1,0,0,anti_homophones
16903,deng1bE1,8,-6.602198681157525,2,6.602198681157525,1,0,1,anti_homophones
16904,zhong1xLn4,10,-5.492187290752174,2,5.492187290752174,1,1,7,anti_homophones
16905,man4qUn2,8,-6.173219832670897,2,6.173219832670897,1,0,1,anti_homophones
16906,tW4wE3,6,-6.331252365410465,2,6.331252365410465,1,0,2,anti_homophones
16907,wang2xW4yu3,11,-8.08465507058344,3,8.08465507058344,1,0,0,anti_homophones
16908,hen3jLng3,9,-8.10642573444861,2,8.10642573444861,1,0,0,anti_homophones
16909,pa2zI4ji1,9,-8.467491191451593,3,8.467491191451593,1,0,0,anti_homophones
16910,zhi4jing4ge1wE4,15,-11.09640947039377,4,11.09640947039377,1,0,0,anti_homophones
16911,Q4wE2,5,-6.085525382975127,2,6.085525382975127,1,0,3,anti_homophones
16912,lLn4bQ1,7,-6.191240759735396,2,6.191240759735396,1,0,1,anti_homophones
16913,shi4tUn2ti4du4,14,-11.339471702392432,4,11.339471702392432,1,0,0,anti_homophones
16914,yi1tu2ji4,9,-7.711830996554929,3,7.711830996554929,1,0,0,anti_homophones
16915,qing1de5,8,-6.037815743230895,2,6.037815743230895,1,0,0,anti_homophones
16916,jLng2pi2yu2cheng1,17,-12.720277773660868,4,12.720277773660868,1,0,0,anti_homophones
16917,long4ji2,8,-6.474613636426464,2,6.474613636426464,1,0,1,anti_homophones
16918,wu3jLn3ji1,10,-8.216320239739037,3,8.216320239739037,1,0,0,anti_homophones
16919,dK1lQ4,6,-7.533604412610931,2,7.533604412610931,1,0,0,anti_homophones
16920,shI3ji4,7,-5.224566316226959,2,5.224566316226959,1,0,11,anti_homophones
16921,chang3gong4mA4pi2,17,-11.748702181102193,4,11.748702181102193,1,0,0,anti_homophones
16922,chUn1li3bA3,11,-9.73560383652702,3,9.73560383652702,1,0,0,anti_homophones
16923,jC2zheng1hO2,12,-8.991716135310304,3,8.991716135310304,1,0,0,anti_homophones
16924,tong1xLng3yUn2qUn2,18,-11.274652524914844,4,11.274652524914844,1,0,0,anti_homophones
16925,cang2ya2,8,-6.802048561702476,2,6.802048561702476,1,1,0,anti_homophones
16926,dong4shi4jing1,14,-8.79310578150154,3,8.79310578150154,1,0,0,anti_homophones
16927,zhi1ba2gu4,10,-10.003863195675837,3,10.003863195675837,1,0,0,anti_homophones
16928,ku3cha2dQ4,10,-8.379697213230067,3,8.379697213230067,1,0,0,anti_homophones
16929,chQ3wo4,7,-7.618094319545101,2,7.618094319545101,1,0,0,anti_homophones
16930,xing2zhu2ni3,12,-9.782470182166021,3,9.782470182166021,1,0,0,anti_homophones
16931,er4shI4,7,-6.242288920216341,2,6.242288920216341,1,0,0,anti_homophones
16932,xW3ye4chang3,12,-8.80545619060265,3,8.80545619060265,1,0,0,anti_homophones
16933,bM2dun1,7,-7.435116492166364,2,7.435116492166364,1,0,1,anti_homophones
16934,cA2li4,6,-5.467068516647589,2,5.467068516647589,1,1,3,anti_homophones
16935,gV3yQ1,6,-7.081724497696065,2,7.081724497696065,1,0,0,anti_homophones
16936,zhu4jin4fa3,11,-8.309605003169892,3,8.309605003169892,1,0,0,anti_homophones
16937,dA4lLng3,8,-6.53678752284008,2,6.53678752284008,1,0,0,anti_homophones
16938,sang2yu4,8,-7.0321229528919345,2,7.0321229528919345,1,0,0,anti_homophones
16939,wE1qi4si3hU1,12,-11.620585499446241,4,11.620585499446241,1,0,0,anti_homophones
16940,dO1A4,5,-6.563287668524013,2,6.563287668524013,1,0,3,anti_homophones
16941,ming4kun3,9,-8.480761765490259,2,8.480761765490259,1,0,0,anti_homophones
16942,tan4mLn4,8,-5.894068896436834,2,5.894068896436834,1,0,7,anti_homophones
16943,gu3lM4ni4,9,-9.578163318018035,3,9.578163318018035,1,0,0,anti_homophones
16944,yi1lLn2,7,-5.202706008485974,2,5.202706008485974,1,1,4,anti_homophones
16945,jL3shen2ma4,11,-10.017914173744055,3,10.017914173744055,1,0,0,anti_homophones
16946,hI3lK2,6,-6.010293113121252,2,6.010293113121252,1,1,3,anti_homophones
16947,zhang4yUn3fu4,13,-9.588062424639897,3,9.588062424639897,1,0,0,anti_homophones
16948,fE4fen4xi1,10,-8.990757923401665,3,8.990757923401665,1,0,0,anti_homophones
16949,chu1sheng4mLn4,14,-8.401182501799916,3,8.401182501799916,1,0,0,anti_homophones
16950,leng1chu1qLn1,13,-9.782159738791997,3,9.782159738791997,1,0,0,anti_homophones
16951,mW4jing2yan3,12,-9.48685256748166,3,9.48685256748166,1,0,0,anti_homophones
16952,xLng1pa1xLng2,13,-9.10767916168292,3,9.10767916168292,1,0,0,anti_homophones
16953,li3cheng1,9,-5.983296770430922,2,5.983296770430922,1,0,1,anti_homophones
16954,shi4jW3hA4,10,-8.440871567001544,3,8.440871567001544,1,0,0,anti_homophones
16955,yV2ji4hUn2,10,-8.778894069414687,3,8.778894069414687,1,0,0,anti_homophones
16956,cang4kUng3,10,-7.767858447933927,2,7.767858447933927,1,0,0,anti_homophones
16957,shi4gu3gu3,10,-7.770354753196413,3,7.770354753196413,1,0,0,anti_homophones
16958,min2rO4,7,-6.7293761820698155,2,6.7293761820698155,1,0,0,anti_homophones
16959,lO2yi3,6,-6.962504939585434,2,6.962504939585434,1,0,3,anti_homophones
16960,di4ben3,7,-5.811814022665697,2,5.811814022665697,1,0,3,anti_homophones
16961,jin1po4lO4,10,-7.95170642513145,3,7.95170642513145,1,0,0,anti_homophones
16962,bE4tM3shun4mE2,14,-13.618315341444585,4,13.618315341444585,1,0,0,anti_homophones
16963,he2xu4jing3,11,-8.592781408482724,3,8.592781408482724,1,0,0,anti_homophones
16964,dW4yQ4,6,-5.832301971384848,2,5.832301971384848,1,1,6,anti_homophones
16965,rUn3shi2gen1,12,-9.258704310246221,3,9.258704310246221,1,0,0,anti_homophones
16966,kA3wen2,7,-7.110528700041099,2,7.110528700041099,1,0,0,anti_homophones
16967,xK4hu5,6,-6.013252789729532,2,6.013252789729532,1,0,0,anti_homophones
16968,cong2cheng4,11,-7.0437287194880565,2,7.0437287194880565,1,0,1,anti_homophones
16969,bQ1tu3chu1sheng2,16,-11.785870337349259,4,11.785870337349259,1,0,0,anti_homophones
16970,wA4bW3pi2xin1,13,-10.392043320668316,4,10.392043320668316,1,0,0,anti_homophones
16971,chong4ru4jLn1hU1,16,-12.547323138155237,4,12.547323138155237,1,0,0,anti_homophones
16972,hUng1kA1,8,-6.119720854426006,2,6.119720854426006,1,0,1,anti_homophones
16973,gong3ding3,10,-7.303178332159255,2,7.303178332159255,1,0,0,anti_homophones
16974,bE4hang3,8,-6.51647468766746,2,6.51647468766746,1,0,0,anti_homophones
16975,yan3jM2yi4an1,13,-11.005950568487048,4,11.005950568487048,1,0,0,anti_homophones
16976,sheng1zhi1,10,-5.492217060801066,2,5.492217060801066,1,0,4,anti_homophones
16977,ju4dang4ban3,12,-9.863903785251217,3,9.863903785251217,1,0,0,anti_homophones
16978,xW3hA4,6,-5.510864920558401,2,5.510864920558401,1,0,4,anti_homophones
16979,gong2ta5shi4,12,-8.978713549226066,3,8.978713549226066,1,0,0,anti_homophones
16980,dO1jW1dong4lLng4,16,-12.671436943994841,4,12.671436943994841,1,0,0,anti_homophones
16981,beng1wen1zhang2tan3,19,-14.442337966631522,4,14.442337966631522,1,0,0,anti_homophones
16982,tLn1zhen4,9,-6.1308157957214915,2,6.1308157957214915,1,0,1,anti_homophones
16983,bQ1dQ4,6,-5.675320816714081,2,5.675320816714081,1,0,7,anti_homophones
16984,tI1chang4,9,-5.687369948126389,2,5.687369948126389,1,1,0,anti_homophones
16985,bu4ye4ji4,9,-7.504470709379351,3,7.504470709379351,1,0,0,anti_homophones
16986,ying3bM2,8,-6.954247907833607,2,6.954247907833607,1,0,0,anti_homophones
16987,dM1ren2tV5,10,-9.388193653891683,3,9.388193653891683,1,0,0,anti_homophones
16988,di1shen1dLn4,12,-8.594826253622388,3,8.594826253622388,1,0,0,anti_homophones
16989,xW1sha1ji2san1,14,-11.54197931052345,4,11.54197931052345,1,0,0,anti_homophones
16990,ti2ken3jun1feng2,16,-12.743775765357515,4,12.743775765357515,1,0,0,anti_homophones
16991,kan4nLn2min3yu2,15,-12.523107019268844,4,12.523107019268844,1,0,0,anti_homophones
16992,jing4ju4,8,-5.713330597945656,2,5.713330597945656,1,0,4,anti_homophones
16993,tang1zha4zO4,12,-9.693383622286028,3,9.693383622286028,1,0,0,anti_homophones
16994,A3zhu2gUng2yi4,14,-12.870898993095764,4,12.870898993095764,1,0,0,anti_homophones
16995,wu2yC4,6,-5.324198364220784,2,5.324198364220784,1,0,3,anti_homophones
16996,bQ4xin1,7,-5.3471337182777665,2,5.3471337182777665,1,0,8,anti_homophones
16997,wu3chu1kQ3,10,-10.073093833518787,3,10.073093833518787,1,0,0,anti_homophones
16998,ji4pA4,6,-5.7266449176745935,2,5.7266449176745935,1,1,7,anti_homophones
16999,jW4ma3,6,-5.691678558951687,2,5.691678558951687,1,0,0,anti_homophones
17000,zhu2shi4wE2,11,-8.881787572172994,3,8.881787572172994,1,0,0,anti_homophones
17001,gO2qC1dLn3,10,-8.153110516594369,3,8.153110516594369,1,0,0,anti_homophones
17002,feng1xK1cheng1hA4,17,-11.644982303200228,4,11.644982303200228,1,0,0,anti_homophones
17003,fang5kP1,8,-7.022436395867099,2,7.022436395867099,1,0,0,anti_homophones
17004,wa2wu4hU4ben1,13,-13.32489267607793,4,13.32489267607793,1,0,0,anti_homophones
17005,heng1wu2li5,11,-9.407992664815263,3,9.407992664815263,1,0,0,anti_homophones
17006,chu4ling3zhi1,13,-9.587147070245043,3,9.587147070245043,1,0,0,anti_homophones
17007,yan3si3,7,-6.3419358894617455,2,6.3419358894617455,1,0,5,anti_homophones
17008,gu3chUn2,8,-6.642605359417544,2,6.642605359417544,1,0,0,anti_homophones
17009,shi1ji4,7,-5.409634823653707,2,5.409634823653707,1,0,9,anti_homophones
17010,sheng3yan3,10,-6.448185845351054,2,6.448185845351054,1,0,0,anti_homophones
17011,dUn4jL1dang3,12,-9.47157278362662,3,9.47157278362662,1,0,0,anti_homophones
17012,ku3nQ3,6,-5.807998664429156,2,5.807998664429156,1,1,2,anti_homophones
17013,qC1yi1ti3,9,-8.238846885188417,3,8.238846885188417,1,0,0,anti_homophones
17014,fen3hU4,7,-5.7309300832418915,2,5.7309300832418915,1,0,0,anti_homophones
17015,yan2zQ3bu4,10,-8.990184707235853,3,8.990184707235853,1,0,0,anti_homophones
17016,shang4yQ4zhen1xM2,17,-12.309056272985307,4,12.309056272985307,1,0,0,anti_homophones
17017,xi1sUn4ming3,12,-9.56841727120875,3,9.56841727120875,1,0,0,anti_homophones
17018,fa1ge2,6,-5.88638101484386,2,5.88638101484386,1,0,2,anti_homophones
17019,cu4mLn4,7,-6.515128725627998,2,6.515128725627998,1,0,4,anti_homophones
17020,san4ji2sha1qu3,14,-12.59401663006837,4,12.59401663006837,1,0,0,anti_homophones
17021,qL4shi2,7,-5.829921606121448,2,5.829921606121448,1,1,1,anti_homophones
17022,hU1chen1,8,-6.334587903852889,2,6.334587903852889,1,0,0,anti_homophones
17023,fa1chu1,7,-5.628322547198215,2,5.628322547198215,1,0,3,anti_homophones
17024,gA3jing2,8,-6.082567789772426,2,6.082567789772426,1,0,2,anti_homophones
17025,bA3tan3fan4zhi1,15,-12.082364536086967,4,12.082364536086967,1,0,0,anti_homophones
17026,yQ4dM2,6,-6.490331930375875,2,6.490331930375875,1,0,1,anti_homophones
17027,bA2ren2jK3xing4,15,-10.191152444232081,4,10.191152444232081,1,0,0,anti_homophones
17028,tI1chan3cheng4,14,-9.139303690809236,3,9.139303690809236,1,0,0,anti_homophones
17029,xW1shI3zhi2,11,-8.272125098545532,3,8.272125098545532,1,0,0,anti_homophones
17030,wE3ying3,8,-6.651385093109013,2,6.651385093109013,1,0,1,anti_homophones
17031,chan1zi1zhi3,12,-8.994731747752908,3,8.994731747752908,1,0,0,anti_homophones
17032,gu3wE2qLn3,10,-9.042934574810012,3,9.042934574810012,1,0,0,anti_homophones
17033,ci2tW2yV3ren4,13,-11.896622811932863,4,11.896622811932863,1,0,0,anti_homophones
17034,xLn4qK2shP4,11,-9.375621625773146,3,9.375621625773146,1,0,0,anti_homophones
17035,lv3ying4,8,-6.657389997264552,2,6.657389997264552,1,0,2,anti_homophones
17036,da4du2xW4,9,-8.143657620236358,3,8.143657620236358,1,0,0,anti_homophones
17037,Q4kUng1feng1,12,-9.490403225268283,3,9.490403225268283,1,0,0,anti_homophones
17038,kong4dLn4,9,-6.089574927329849,2,6.089574927329849,1,0,5,anti_homophones
17039,wan2men2wang1,13,-9.501470548123246,3,9.501470548123246,1,0,0,anti_homophones
17040,dQ4dang3,8,-6.243576662761039,2,6.243576662761039,1,0,0,anti_homophones
17041,xM2jLng2,8,-6.809976722088607,2,6.809976722088607,1,0,0,anti_homophones
17042,wu2she4long1,12,-8.567913683241752,3,8.567913683241752,1,0,0,anti_homophones
17043,jin4tong2ren2shi2,17,-10.791500680544443,4,10.791500680544443,1,0,0,anti_homophones
17044,yang4jM4,8,-6.190422124370298,2,6.190422124370298,1,0,5,anti_homophones
17045,yong3dQ3zhi2zhe3,16,-12.437836342680022,4,12.437836342680022,1,0,0,anti_homophones
17046,yi2zi5,6,-4.651767020648197,2,4.651767020648197,1,1,10,anti_homophones
17047,gUn3yi1cang3,12,-9.405244371023292,3,9.405244371023292,1,0,0,anti_homophones
17048,zu2qi1,6,-5.9563755663364555,2,5.9563755663364555,1,0,2,anti_homophones
17049,lW2yu3shu4,10,-8.646763331496643,3,8.646763331496643,1,0,0,anti_homophones
17050,ben1song4,9,-7.385333520434216,2,7.385333520434216,1,0,0,anti_homophones
17051,zi4yi2,6,-5.628691188221615,2,5.628691188221615,1,0,7,anti_homophones
17052,wA4ji1,6,-5.373951256446889,2,5.373951256446889,1,0,4,anti_homophones
17053,mQ2bQ1,6,-5.8450006477558,2,5.8450006477558,1,0,5,anti_homophones
17054,fu4zi4shu4,10,-8.1065443588784,3,8.1065443588784,1,0,1,anti_homophones
17055,zhong1di3xi1,12,-8.633929032718557,3,8.633929032718557,1,0,0,anti_homophones
17056,zhi4qu1qi4,10,-7.614961352659326,3,7.614961352659326,1,0,0,anti_homophones
17057,xL4nLn2li3,10,-8.294145792999469,3,8.294145792999469,1,0,0,anti_homophones
17058,gU4nLn4ji4,10,-9.10805362774338,3,9.10805362774338,1,0,0,anti_homophones
17059,han4bing1,9,-6.626439424112066,2,6.626439424112066,1,0,1,anti_homophones
17060,zhong4shV4mu4,13,-9.583811600192805,3,9.583811600192805,1,0,0,anti_homophones
17061,mi4de2sheng3,12,-9.269127570126216,3,9.269127570126216,1,0,0,anti_homophones
17062,jW1zi3wen2,10,-8.826530000424517,3,8.826530000424517,1,0,0,anti_homophones
17063,jun1bing4,9,-6.165682752093805,2,6.165682752093805,1,0,3,anti_homophones
17064,e4zhen2,7,-6.019037361447099,2,6.019037361447099,1,0,1,anti_homophones
17065,ji1qM3,6,-6.674597537682431,2,6.674597537682431,1,0,1,anti_homophones
17066,fa1zQ4,6,-5.701427786948912,2,5.701427786948912,1,0,5,anti_homophones
17067,fu2bu4,6,-5.687890338717671,2,5.687890338717671,1,0,4,anti_homophones
17068,chan1xLng4,10,-6.42917662626516,2,6.42917662626516,1,0,3,anti_homophones
17069,bu4dan1cha2,11,-8.372569998695656,3,8.372569998695656,1,0,0,anti_homophones
17070,qC1fang4,8,-6.1944529160729545,2,6.1944529160729545,1,0,0,anti_homophones
17071,er4lLn2lLn4,11,-8.845156176510836,3,8.845156176510836,1,0,0,anti_homophones
17072,shang4qi4fen3dang4,18,-12.350924045575493,4,12.350924045575493,1,0,0,anti_homophones
17073,nA3nW3,6,-5.5793929879699755,2,5.5793929879699755,1,0,0,anti_homophones
17074,tV2lan4,7,-6.405027747232778,2,6.405027747232778,1,0,0,anti_homophones
17075,lv3yong4,8,-5.761625979859673,2,5.761625979859673,1,0,3,anti_homophones
17076,fa1ming4hP4,11,-9.08142692804391,3,9.08142692804391,1,0,0,anti_homophones
17077,dong2ri4ya2,11,-9.777134326887689,3,9.777134326887689,1,0,0,anti_homophones
17078,nA3ping4,8,-6.1837594934641915,2,6.1837594934641915,1,0,0,anti_homophones
17079,bQ3lLn4,7,-6.005647434290167,2,6.005647434290167,1,0,4,anti_homophones
17080,feng4qi1,8,-6.109953829908348,2,6.109953829908348,1,0,2,anti_homophones
17081,chUn3shI3,9,-6.5660359509773,2,6.5660359509773,1,0,0,anti_homophones
17082,ji3di2xYng1,11,-9.764520978815195,3,9.764520978815195,1,0,0,anti_homophones
17083,gA3gV4,6,-5.405814928933481,2,5.405814928933481,1,0,1,anti_homophones
17084,hO3ren2,7,-5.111830996202207,2,5.111830996202207,1,0,3,anti_homophones
17085,jM1bE4,6,-5.672424686137997,2,5.672424686137997,1,1,2,anti_homophones
17086,ying2ren2ji4tV5,15,-11.063524559821511,4,11.063524559821511,1,0,0,anti_homophones
17087,yi1cA4,6,-5.703482043838585,2,5.703482043838585,1,0,6,anti_homophones
17088,A4bW1,5,-6.315749841932066,2,6.315749841932066,1,0,1,anti_homophones
17089,qLng3yu4bu4bu4,14,-10.701022625750488,4,10.701022625750488,1,0,0,anti_homophones
17090,cun2bQ4,7,-6.728578871394673,2,6.728578871394673,1,0,0,anti_homophones
17091,xK1bu3zhang2shi4,16,-11.444990943486381,4,11.444990943486381,1,0,0,anti_homophones
17092,bo1fa1lang4,11,-8.732314126252987,3,8.732314126252987,1,0,0,anti_homophones
17093,wen1gO3pE2zhi3,14,-12.061049383377554,4,12.061049383377554,1,0,0,anti_homophones
17094,gUn3hu4bE4,10,-9.453597161961087,3,9.453597161961087,1,0,0,anti_homophones
17095,shen1qing3,10,-6.242495179530718,2,6.242495179530718,1,0,0,anti_homophones
17096,shi4shV3hong2,13,-8.919681621548182,3,8.919681621548182,1,0,0,anti_homophones
17097,xing4shi4,9,-5.2635266441541875,2,5.2635266441541875,1,1,6,anti_homophones
17098,shan1fE4,8,-6.3639826987687815,2,6.3639826987687815,1,0,0,anti_homophones
17099,dQ4kan1tV2mu3,13,-12.817864704089972,4,12.817864704089972,1,0,0,anti_homophones
17100,zhu1ju4,7,-5.939127146317926,2,5.939127146317926,1,0,6,anti_homophones
17101,yang3bo1lu4xin1,15,-10.40189943015151,4,10.40189943015151,1,0,0,anti_homophones
17102,hu2gu3dong1di4,14,-10.567318315704657,4,10.567318315704657,1,0,0,anti_homophones
17103,jM4bM2ji1,9,-8.232327241291685,3,8.232327241291685,1,0,0,anti_homophones
17104,jW4zi3he4jLng4,14,-11.942123935286283,4,11.942123935286283,1,0,0,anti_homophones
17105,cha2shi1qun2,12,-9.656656596782337,3,9.656656596782337,1,0,0,anti_homophones
17106,yin2bi3,7,-6.476695255961696,2,6.476695255961696,1,0,3,anti_homophones
17107,zhi3pLn2,8,-7.2431140832601475,2,7.2431140832601475,1,0,1,anti_homophones
17108,ye1zhi4zhi4,11,-8.029444945242624,3,8.029444945242624,1,0,0,anti_homophones
17109,men2dO2,7,-6.757508054087076,2,6.757508054087076,1,0,1,anti_homophones
17110,can5da4,7,-8.303875453572113,2,8.303875453572113,1,0,0,anti_homophones
17111,qLn1na4,7,-6.120170120767642,2,6.120170120767642,1,0,3,anti_homophones
17112,re4hI2,6,-6.3448219908312105,2,6.3448219908312105,1,0,0,anti_homophones
17113,lQ3hu4zhUn2,11,-8.06892678717046,3,8.06892678717046,1,0,0,anti_homophones
17114,he2jK4,6,-5.885142409649991,2,5.885142409649991,1,0,0,anti_homophones
17115,ding1she3shV3,13,-10.43679421838794,3,10.43679421838794,1,0,0,anti_homophones
17116,dQ3hU1,6,-6.08335840207193,2,6.08335840207193,1,0,2,anti_homophones
17117,yUn4mA4kong1,12,-9.201399575112164,3,9.201399575112164,1,0,0,anti_homophones
17118,dK1qi4,6,-5.645081355444467,2,5.645081355444467,1,0,3,anti_homophones
17119,gu3dQ4yQ4,9,-7.716547613941023,3,7.716547613941023,1,0,0,anti_homophones
17120,hU1jLn4,7,-5.352109799878358,2,5.352109799878358,1,0,5,anti_homophones
17121,xC3jL4shV3li4,13,-10.785712794133554,4,10.785712794133554,1,0,0,anti_homophones
17122,shi3yV5,7,-7.661627964042971,2,7.661627964042971,1,0,1,anti_homophones
17123,gUng4cA3gUng1,13,-10.30420660774706,3,10.30420660774706,1,0,0,anti_homophones
17124,tLn1she4xM4,11,-8.574539134146658,3,8.574539134146658,1,0,0,anti_homophones
17125,da3jLng4,8,-5.723489757109426,2,5.723489757109426,1,0,4,anti_homophones
17126,a1dang1nv3,10,-9.849250595524143,3,9.849250595524143,1,0,0,anti_homophones
17127,cong2che3,9,-7.587900983017463,2,7.587900983017463,1,0,0,anti_homophones
17128,zA1nan2,7,-6.027764967889598,2,6.027764967889598,1,0,3,anti_homophones
17129,ban4wen4,8,-6.514550143996166,2,6.514550143996166,1,0,0,anti_homophones
17130,zhi4ting1,9,-6.315245217756686,2,6.315245217756686,1,0,1,anti_homophones
17131,nE4di4,6,-5.877625454064306,2,5.877625454064306,1,0,2,anti_homophones
17132,ying1xLn4zhong2ren2,19,-11.109459181400236,4,11.109459181400236,1,0,0,anti_homophones
17133,pu1chen2,8,-6.441659089016998,2,6.441659089016998,1,0,1,anti_homophones
17134,bA2hUng2zhQ4pQ3,15,-13.140280415167943,4,13.140280415167943,1,0,0,anti_homophones
17135,bA3shi4ming4,12,-8.234318014477301,3,8.234318014477301,1,0,0,anti_homophones
17136,ting2hu1kV3,11,-8.880913256192489,3,8.880913256192489,1,0,0,anti_homophones
17137,shi4kan1pen2,12,-10.266786917709098,3,10.266786917709098,1,0,0,anti_homophones
17138,rO4shi2,7,-5.9363330741898555,2,5.9363330741898555,1,0,2,anti_homophones
17139,jK4zhu3fen3,11,-8.968127613228772,3,8.968127613228772,1,0,0,anti_homophones
17140,tO4yin3,7,-6.725741445771534,2,6.725741445771534,1,0,2,anti_homophones
17141,wu2yin2pi3,10,-9.863243865042477,3,9.863243865042477,1,0,0,anti_homophones
17142,zO4jL,5,-7.905857142916364,2,7.905857142916364,1,0,1,anti_homophones
17143,da4bing1,8,-5.455437818658361,2,5.455437818658361,1,0,7,anti_homophones
17144,wang4chUn4mLn4,14,-9.60704360541704,3,9.60704360541704,1,0,0,anti_homophones
17145,yUn2shi4,8,-5.045292170725483,2,5.045292170725483,1,0,7,anti_homophones
17146,hV4bing3,8,-6.275660676547487,2,6.275660676547487,1,0,2,anti_homophones
17147,yV3yu3,6,-5.187829303304918,2,5.187829303304918,1,1,5,anti_homophones
17148,ting4yi4shi3,12,-8.782800403037143,3,8.782800403037143,1,0,0,anti_homophones
17149,fan2li3,7,-6.195013921476312,2,6.195013921476312,1,0,2,anti_homophones
17150,jing1xW4lV2,11,-8.884053243179642,3,8.884053243179642,1,0,0,anti_homophones
17151,nv3shi4yang2,12,-8.49212852274795,3,8.49212852274795,1,0,0,anti_homophones
17152,mE3zhi1,7,-5.752003376147638,2,5.752003376147638,1,0,2,anti_homophones
17153,jin3gun3tA2,11,-10.72185767805148,3,10.72185767805148,1,0,0,anti_homophones
17154,mang4zi5,8,-5.995107354184859,2,5.995107354184859,1,0,4,anti_homophones
17155,jLn4he2hO3,10,-8.503834784698286,3,8.503834784698286,1,0,0,anti_homophones
17156,ye3de5,6,-6.191760650841082,2,6.191760650841082,1,0,1,anti_homophones
17157,jK4zhi2chan4,12,-8.848042282499566,3,8.848042282499566,1,0,0,anti_homophones
17158,xing3dong2hV2ceng4,18,-13.726140303904137,4,13.726140303904137,1,0,0,anti_homophones
17159,shi4li2qi4,10,-7.876078693196763,3,7.876078693196763,1,0,0,anti_homophones
17160,jing2hU1dan4,12,-8.661698404285278,3,8.661698404285278,1,0,0,anti_homophones
17161,yi3rO4jL1,9,-8.574160580860724,3,8.574160580860724,1,0,0,anti_homophones
17162,gQ3ji4xing4ting3,16,-13.19432584158031,4,13.19432584158031,1,0,0,anti_homophones
17163,xW3hO4,6,-4.915855222085821,2,4.915855222085821,1,0,4,anti_homophones
17164,xW1xK4,6,-6.212227407438023,2,6.212227407438023,1,0,0,anti_homophones
17165,ban3tV2,7,-5.807652440250446,2,5.807652440250446,1,0,3,anti_homophones
17166,shu3li4jing1lK2,15,-11.535230161991663,4,11.535230161991663,1,0,0,anti_homophones
17167,lu4ming2,8,-6.474783214450374,2,6.474783214450374,1,0,3,anti_homophones
17168,xi3qun2,7,-6.199749576863401,2,6.199749576863401,1,0,0,anti_homophones
17169,lLng2wu2ju2,11,-9.146912378743858,3,9.146912378743858,1,0,0,anti_homophones
17170,jing4ye4,8,-5.6660474173336866,2,5.6660474173336866,1,1,3,anti_homophones
17171,wE2qi4,6,-4.9322666739208705,2,4.9322666739208705,1,0,5,anti_homophones
17172,lUn4ming1sheng4zhUn3,20,-13.71211271331216,4,13.71211271331216,1,0,0,anti_homophones
17173,pV1fE1dLn4zhi2,14,-11.046987292575164,4,11.046987292575164,1,0,0,anti_homophones
17174,yV3ci4ping4,11,-8.930138471828291,3,8.930138471828291,1,0,0,anti_homophones
17175,hUn3er2,7,-6.398142130618086,2,6.398142130618086,1,0,2,anti_homophones
17176,hong3zhi1lK2hun1,16,-12.67051256427934,4,12.67051256427934,1,0,0,anti_homophones
17177,xu1jL1,6,-6.321077954553868,2,6.321077954553868,1,0,5,anti_homophones
17178,wA4du2,6,-5.924035524086396,2,5.924035524086396,1,0,4,anti_homophones
17179,bu4ran3,7,-5.616046127317977,2,5.616046127317977,1,1,2,anti_homophones
17180,fen1zhu4,8,-5.609442545893035,2,5.609442545893035,1,0,2,anti_homophones
17181,cheng2jL1,9,-5.721713147383914,2,5.721713147383914,1,0,1,anti_homophones
17182,jC2se4,6,-5.411930157059353,2,5.411930157059353,1,0,3,anti_homophones
17183,lQ3ri4hA4,9,-8.870018919601156,3,8.870018919601156,1,0,0,anti_homophones
17184,xUn1shen1zhi4,13,-9.015769639531397,3,9.015769639531397,1,0,0,anti_homophones
17185,rUn3qi4,7,-5.537542239758656,2,5.537542239758656,1,0,5,anti_homophones
17186,fu4zheng1jL1,12,-7.826429956865275,3,7.826429956865275,1,0,0,anti_homophones
17187,mi2ri4,6,-6.0260461295355405,2,6.0260461295355405,1,0,3,anti_homophones
17188,xLng2zQ4wE4gang3,16,-12.738648151676832,4,12.738648151676832,1,0,0,anti_homophones
17189,chang3hI1,9,-6.469490608036132,2,6.469490608036132,1,0,2,anti_homophones
17190,lLn2lUn4,8,-6.36236958745714,2,6.36236958745714,1,0,1,anti_homophones
17191,zhi3gQ3bLn4,11,-9.185066181679353,3,9.185066181679353,1,0,0,anti_homophones
17192,mi2bE4,6,-5.89600322926023,2,5.89600322926023,1,0,8,anti_homophones
17193,li3dA4chi1,10,-9.567220649758598,3,9.567220649758598,1,0,0,anti_homophones
17194,shan4dLn4,9,-5.930330196700669,2,5.930330196700669,1,0,1,anti_homophones
17195,xC3yu4,6,-5.8247610094419695,2,5.8247610094419695,1,0,2,anti_homophones
17196,bu4yu2ren4,10,-7.556119473599149,3,7.556119473599149,1,0,0,anti_homophones
17197,bi3fa1du2,9,-9.066158525228072,3,9.066158525228072,1,0,0,anti_homophones
17198,song1wan2xL4fu4,15,-12.498193668442713,4,12.498193668442713,1,0,0,anti_homophones
17199,gUng4xing2,10,-6.33991978121651,2,6.33991978121651,1,0,1,anti_homophones
17200,jLn3en1fang4,12,-8.810034602541917,3,8.810034602541917,1,0,0,anti_homophones
17201,ping1hun3,9,-7.539479806083353,2,7.539479806083353,1,0,0,anti_homophones
17202,feng1gong3,10,-6.415684988548809,2,6.415684988548809,1,0,2,anti_homophones
17203,ban3ta3,7,-6.553208944937303,2,6.553208944937303,1,0,0,anti_homophones
17204,e4de2qLn1zi3,12,-11.767451848596725,4,11.767451848596725,1,0,0,anti_homophones
17205,shQ3qLn2ren2,12,-8.676663596880895,3,8.676663596880895,1,0,0,anti_homophones
17206,pu3she4shu1lun4,15,-12.434411828336914,4,12.434411828336914,1,0,0,anti_homophones
17207,dA3dong4xing2ku4,16,-12.348857878269566,4,12.348857878269566,1,0,0,anti_homophones
17208,fang4jW1mLn4,12,-8.987960987047328,3,8.987960987047328,1,0,0,anti_homophones
17209,lLn2xUn2,8,-6.638765108845176,2,6.638765108845176,1,0,0,anti_homophones
17210,wE2wo4shang4dan4,16,-11.44925457706672,4,11.44925457706672,1,0,0,anti_homophones
17211,ying2jW3chi4,12,-9.892160351118063,3,9.892160351118063,1,0,0,anti_homophones
17212,gUn1yu2wA4,10,-8.337883836971022,3,8.337883836971022,1,0,0,anti_homophones
17213,shen1heng4,10,-6.818954040279857,2,6.818954040279857,1,0,1,anti_homophones
17214,wu1lV2yi4,9,-8.460677647878523,3,8.460677647878523,1,0,0,anti_homophones
17215,fan2er2hV2,10,-8.581233630572775,3,8.581233630572775,1,0,0,anti_homophones
17216,xi1hI3hU1,9,-8.76450325263847,3,8.76450325263847,1,0,0,anti_homophones
17217,yi2wu4,6,-5.119691381581608,2,5.119691381581608,1,0,7,anti_homophones
17218,su4xi1,6,-6.060557316391281,2,6.060557316391281,1,0,5,anti_homophones
17219,gu3wu3jK3bM1,12,-11.42697596140414,4,11.42697596140414,1,0,0,anti_homophones
17220,qing2cun2zheng1,15,-9.159409449519469,3,9.159409449519469,1,0,0,anti_homophones
17221,lK2qi2lLn4,10,-8.547785138718353,3,8.547785138718353,1,0,0,anti_homophones
17222,zhUn2bu4fu2,11,-8.059935663815118,3,8.059935663815118,1,0,0,anti_homophones
17223,shen2sO3,8,-6.057727705524144,2,6.057727705524144,1,0,0,anti_homophones
17224,gUn1bu4lW4,10,-7.832943327290324,3,7.832943327290324,1,0,0,anti_homophones
17225,fang2sheng1da4,14,-9.103798390214452,3,9.103798390214452,1,0,0,anti_homophones
17226,fE2sheng2zhong4,15,-9.375213572023938,3,9.375213572023938,1,0,0,anti_homophones
17227,nA3zhu3,7,-6.269035205908886,2,6.269035205908886,1,0,3,anti_homophones
17228,V3hO4,5,-5.970289537608039,2,5.970289537608039,1,0,2,anti_homophones
17229,ba1wang1,8,-6.353932926038788,2,6.353932926038788,1,0,1,anti_homophones
17230,zhV1si1ji1,10,-8.162091372350677,3,8.162091372350677,1,0,0,anti_homophones
17231,te4zi5,6,-4.804625263585448,2,4.804625263585448,1,0,7,anti_homophones
17232,di4ba2su4lun2,13,-12.345796218254286,4,12.345796218254286,1,0,0,anti_homophones
17233,fE1wE1ju2,9,-8.312035746886512,3,8.312035746886512,1,0,0,anti_homophones
17234,zO3tV2,6,-5.930258192554228,2,5.930258192554228,1,0,5,anti_homophones
17235,da3zhUn4gong1,13,-8.887339880844454,3,8.887339880844454,1,0,0,anti_homophones
17236,cu1mM4,6,-6.213044182684419,2,6.213044182684419,1,0,5,anti_homophones
17237,fu4qLng3kP4jM4,14,-11.322208985652674,4,11.322208985652674,1,0,0,anti_homophones
17238,ru4xing2,8,-6.014260220493555,2,6.014260220493555,1,0,1,anti_homophones
17239,cheng3ji1,9,-6.010513441783936,2,6.010513441783936,1,0,2,anti_homophones
17240,xC4ye4lan3kP4,13,-10.643120328270008,4,10.643120328270008,1,0,0,anti_homophones
17241,tLn1zhUn1ye4jL4,15,-11.220253906716298,4,11.220253906716298,1,0,0,anti_homophones
17242,tan4lLn2qi4chang4,17,-11.712163368194467,4,11.712163368194467,1,0,0,anti_homophones
17243,zhen1qi1he1,11,-9.40971232843361,3,9.40971232843361,1,0,0,anti_homophones
17244,jing1heng1,10,-6.7575940021907135,2,6.7575940021907135,1,0,0,anti_homophones
17245,shV3li4,7,-4.932989697473537,2,4.932989697473537,1,1,9,anti_homophones
17246,pin3zhan4,9,-6.40423027150336,2,6.40423027150336,1,0,0,anti_homophones
17247,dong4zO4,8,-6.028648615671701,2,6.028648615671701,1,0,3,anti_homophones
17248,shen1mM4,8,-6.002432933824654,2,6.002432933824654,1,0,1,anti_homophones
17249,wen3tang4,9,-6.946194695837683,2,6.946194695837683,1,0,0,anti_homophones
17250,gQ1gong1,8,-5.410631658659658,2,5.410631658659658,1,0,6,anti_homophones
17251,mQ4zhang3qi1,12,-9.466003685377576,3,9.466003685377576,1,0,0,anti_homophones
17252,gong1ri4lM4che1,15,-11.069748469765406,4,11.069748469765406,1,0,0,anti_homophones
17253,chUn2tV2yi4,11,-8.503359248548518,3,8.503359248548518,1,0,0,anti_homophones
17254,nA4ren2,7,-5.070091528547433,2,5.070091528547433,1,0,9,anti_homophones
17255,tan1qing2gI1zong4,17,-12.027787681207927,4,12.027787681207927,1,0,0,anti_homophones
17256,xi1po4zhi2,10,-8.801544025910827,3,8.801544025910827,1,0,0,anti_homophones
17257,tLn1qM4zhe3,11,-8.333198094556883,3,8.333198094556883,1,0,0,anti_homophones
17258,dW1sUn1,7,-5.822852475752387,2,5.822852475752387,1,0,1,anti_homophones
17259,zhu1shi5,8,-6.740920335353812,2,6.740920335353812,1,0,3,anti_homophones
17260,da4fo2yang1,11,-7.837932427086295,3,7.837932427086295,1,0,0,anti_homophones
17261,tI4wan3bu4,10,-9.936606539549649,3,9.936606539549649,1,0,0,anti_homophones
17262,wA4bE1,6,-6.5863904572668,2,6.5863904572668,1,0,1,anti_homophones
17263,hP4hQ3xW3chu3,13,-13.339878271672486,4,13.339878271672486,1,0,0,anti_homophones
17264,bo1fan3ran2shu4,15,-11.356314804255282,4,11.356314804255282,1,0,0,anti_homophones
17265,zhUng1tV2hu5,12,-9.103091648143812,3,9.103091648143812,1,0,0,anti_homophones
17266,gong1chen2qi4,13,-8.602875768748936,3,8.602875768748936,1,0,0,anti_homophones
17267,gO4qi4,6,-5.075331807471848,2,5.075331807471848,1,0,7,anti_homophones
17268,bu4zhe4,7,-6.33135551455024,2,6.33135551455024,1,0,2,anti_homophones
17269,jW3xi4bu4she4,13,-10.13188279841911,4,10.13188279841911,1,0,0,anti_homophones
17270,qing2ye4,8,-5.328774221441659,2,5.328774221441659,1,0,6,anti_homophones
17271,hUng1ding3,10,-6.809882583086512,2,6.809882583086512,1,0,1,anti_homophones
17272,bE1bA3,6,-6.365931905619039,2,6.365931905619039,1,0,1,anti_homophones
17273,gun4zhi1mA4jLn1,15,-12.588779971619237,4,12.588779971619237,1,0,0,anti_homophones
17274,shI3long1zi5,12,-7.707082865645759,3,7.707082865645759,1,0,0,anti_homophones
17275,zhong1ming2,11,-5.860147175801619,2,5.860147175801619,1,0,0,anti_homophones
17276,zhu3chu1,8,-5.730564973512385,2,5.730564973512385,1,0,1,anti_homophones
17277,si3bi3,6,-5.849596126692585,2,5.849596126692585,1,0,1,anti_homophones
17278,gQ1shi4yu4ke2,13,-10.75032215253762,4,10.75032215253762,1,0,0,anti_homophones
17279,fa1ling4,8,-5.822812469345362,2,5.822812469345362,1,0,2,anti_homophones
17280,jM1shen2fa3,11,-8.414234067260486,3,8.414234067260486,1,0,0,anti_homophones
17281,hO3sUn1yV2,10,-8.69893927499602,3,8.69893927499602,1,0,0,anti_homophones
17282,nv3zA1hV4,9,-9.764974842826206,3,9.764974842826206,1,0,0,anti_homophones
17283,hP2zi3,6,-6.522075249646815,2,6.522075249646815,1,0,3,anti_homophones
17284,ting4cA5chUn2yin1,17,-15.549350468100656,4,15.549350468100656,1,0,0,anti_homophones
17285,ya1pW1mW4li4,12,-11.482047785180997,4,11.482047785180997,1,0,0,anti_homophones
17286,bA4xW1sheng4,12,-8.729737972830033,3,8.729737972830033,1,0,0,anti_homophones
17287,qing1qLn1,9,-6.3592294917397885,2,6.3592294917397885,1,0,0,anti_homophones
17288,yu3ping4,8,-6.4126185684275505,2,6.4126185684275505,1,0,0,anti_homophones
17289,zhu1zheng2,10,-6.5784754389842695,2,6.5784754389842695,1,0,2,anti_homophones
17290,bu4kV3tQ4,9,-7.97146570156704,3,7.97146570156704,1,0,0,anti_homophones
17291,jLn1fV3,7,-6.8196222265666755,2,6.8196222265666755,1,0,3,anti_homophones
17292,yu4gu4,6,-6.05989888680642,2,6.05989888680642,1,0,5,anti_homophones
17293,hU1dan4,7,-5.994532870862643,2,5.994532870862643,1,0,2,anti_homophones
17294,tQ3hu4yun4,10,-8.767486955686937,3,8.767486955686937,1,0,0,anti_homophones
17295,xM2yu4,6,-5.694141651740031,2,5.694141651740031,1,0,6,anti_homophones
17296,nE4ze2,6,-6.095057832942579,2,6.095057832942579,1,0,1,anti_homophones
17297,xLn4ce4,7,-5.8779178921383135,2,5.8779178921383135,1,0,4,anti_homophones
17298,yin1dQ4,7,-5.4967205578247125,2,5.4967205578247125,1,0,6,anti_homophones
17299,shan4tang2qu1dLn4,17,-12.285070944058889,4,12.285070944058889,1,0,0,anti_homophones
17300,nE4ci2shan3bM2,14,-13.512238053219884,4,13.512238053219884,1,0,0,anti_homophones
17301,bu4bQ3qun2ya2,13,-12.780766987646993,4,12.780766987646993,1,0,0,anti_homophones
17302,chUng1chen2tLn1,15,-9.628663738103757,3,9.628663738103757,1,0,0,anti_homophones
17303,kU1de2,6,-6.254719369935438,2,6.254719369935438,1,0,1,anti_homophones
17304,yi1shang3fE4dQ4,15,-10.802292925313367,4,10.802292925313367,1,0,0,anti_homophones
17305,hU1jUn1zhe3,11,-8.793144033027131,3,8.793144033027131,1,0,0,anti_homophones
17306,si3nang4,8,-6.820975115901859,2,6.820975115901859,1,0,0,anti_homophones
17307,pen2zV3,7,-7.745067808988583,2,7.745067808988583,1,0,0,anti_homophones
17308,jin4dQ3,7,-5.97316727639781,2,5.97316727639781,1,0,3,anti_homophones
17309,ji1fang1gUn3zi5,15,-10.573216553462908,4,10.573216553462908,1,0,0,anti_homophones
17310,sQ3pLn1,7,-8.064530004151047,2,8.064530004151047,1,0,0,anti_homophones
17311,qi4lV2,6,-6.755733845069746,2,6.755733845069746,1,0,1,anti_homophones
17312,tang4chu3,9,-7.158040842585887,2,7.158040842585887,1,0,0,anti_homophones
17313,yu3dW4zhe2,10,-9.891187359862617,3,9.891187359862617,1,0,0,anti_homophones
17314,chUng4shi4wu4,13,-8.325707087856546,3,8.325707087856546,1,0,0,anti_homophones
17315,kU1qu1,6,-6.391025956358912,2,6.391025956358912,1,0,0,anti_homophones
17316,yin3jC2,7,-6.20090795308024,2,6.20090795308024,1,0,2,anti_homophones
17317,re4qing1,8,-6.011492034306562,2,6.011492034306562,1,0,3,anti_homophones
17318,gan3gUn1,8,-5.693181383244915,2,5.693181383244915,1,0,2,anti_homophones
17319,xun2wE1,7,-6.399659023377482,2,6.399659023377482,1,0,1,anti_homophones
17320,yV3bE4gQ4,9,-7.899864849935682,3,7.899864849935682,1,0,0,anti_homophones
17321,bQ3bQ3zi5,9,-7.316891571811797,3,7.316891571811797,1,0,0,anti_homophones
17322,ji3zi5,6,-5.1102302647184175,2,5.1102302647184175,1,1,11,anti_homophones
17323,ming1ji3wang2,13,-9.948332221119914,3,9.948332221119914,1,0,0,anti_homophones
17324,jK3dLn3zhi4,11,-7.86698893282568,3,7.86698893282568,1,0,0,anti_homophones
17325,xLng5hU4,8,-6.6464950069043685,2,6.6464950069043685,1,0,1,anti_homophones
17326,zi4yUn2hu5,10,-7.988698720216,3,7.988698720216,1,0,0,anti_homophones
17327,pE2xK4,6,-5.741963666314594,2,5.741963666314594,1,0,0,anti_homophones
17328,yi1mQ4,6,-5.305122416869201,2,5.305122416869201,1,0,8,anti_homophones
17329,xi1gu3,6,-5.472122073218743,2,5.472122073218743,1,0,1,anti_homophones
17330,jM3mE4wen2shV3,14,-10.543034827935136,4,10.543034827935136,1,0,0,anti_homophones
17331,ke1sheng3,9,-6.6249471612944,2,6.6249471612944,1,0,1,anti_homophones
17332,cQ1shu1,7,-6.628234700534023,2,6.628234700534023,1,0,0,anti_homophones
17333,qi1shan3zhang2,14,-9.890455923564884,3,9.890455923564884,1,0,0,anti_homophones
17334,wu2kong4,8,-5.622324329888034,2,5.622324329888034,1,0,1,anti_homophones
17335,rong3xi1chang2shV4,18,-13.399881475731721,4,13.399881475731721,1,0,0,anti_homophones
17336,bQ4gUn3tQ4hI4,13,-10.432713869459205,4,10.432713869459205,1,0,0,anti_homophones
17337,xW3xW3,6,-5.819347215105011,2,5.819347215105011,1,0,6,anti_homophones
17338,tM3jLn3,7,-6.349156881350378,2,6.349156881350378,1,0,0,anti_homophones
17339,nv3ce4dQ1,9,-10.122781070684605,3,10.122781070684605,1,0,0,anti_homophones
17340,tu2yQ4shI3,10,-9.50770826368961,3,9.50770826368961,1,0,0,anti_homophones
17341,sI4zhi2zhUn4,12,-9.804406726955598,3,9.804406726955598,1,0,0,anti_homophones
17342,bA2cA2shang1li4,15,-11.056730186869798,4,11.056730186869798,1,0,0,anti_homophones
17343,yi1chang4,9,-5.3592841388664505,2,5.3592841388664505,1,0,5,anti_homophones
17344,tI1ji2feng4,11,-8.916039922250732,3,8.916039922250732,1,0,0,anti_homophones
17345,za2hu2ke3wu4,12,-10.879287598618944,4,10.879287598618944,1,0,0,anti_homophones
17346,dK1da2,6,-7.104385741124009,2,7.104385741124009,1,0,0,anti_homophones
17347,zO4chu1hang1,12,-9.04622024056621,3,9.04622024056621,1,0,0,anti_homophones
17348,gu3bo1,6,-6.106777000526252,2,6.106777000526252,1,0,3,anti_homophones
17349,sha1a1,6,-5.774936778756497,2,5.774936778756497,1,0,2,anti_homophones
17350,cA4cA2,6,-7.402297533851938,2,7.402297533851938,1,0,0,anti_homophones
17351,xW3shu1,7,-5.421172782345462,2,5.421172782345462,1,0,2,anti_homophones
17352,chQ3wu4chQ2,11,-10.296714028843493,3,10.296714028843493,1,0,0,anti_homophones
17353,dong2zhi4,9,-5.898243397432817,2,5.898243397432817,1,0,1,anti_homophones
17354,ji2jW1hU4,9,-7.9888963850545,3,7.9888963850545,1,0,0,anti_homophones
17355,xLn2V2deng1hO4,14,-13.096624687053106,4,13.096624687053106,1,0,0,anti_homophones
17356,xu1jing3,8,-6.9112841159700125,2,6.9112841159700125,1,0,2,anti_homophones
17357,er3yang1lLn4,12,-9.571923600900575,3,9.571923600900575,1,0,0,anti_homophones
17358,nQ3mLn4tUn2,11,-9.179740660890726,3,9.179740660890726,1,0,0,anti_homophones
17359,er3lW4,6,-5.30043366274624,2,5.30043366274624,1,1,1,anti_homophones
17360,nv3zhu4,7,-5.984178443921454,2,5.984178443921454,1,0,0,anti_homophones
17361,mo4bu4,6,-5.191680137286127,2,5.191680137286127,1,0,5,anti_homophones
17362,she4chu1,8,-5.861830276244611,2,5.861830276244611,1,0,1,anti_homophones
17363,yong2cA3,8,-7.052895192045142,2,7.052895192045142,1,0,1,anti_homophones
17364,ben3dV4shi4fan4,15,-12.395217362894494,4,12.395217362894494,1,0,0,anti_homophones
17365,qu3ji1gO2,9,-9.134900480647426,3,9.134900480647426,1,0,0,anti_homophones
17366,wen2li5,7,-6.466972063785644,2,6.466972063785644,1,0,2,anti_homophones
17367,lO3lu4,6,-5.783053129189666,2,5.783053129189666,1,0,4,anti_homophones
17368,hun2chu1tLn2,12,-10.349325135954844,3,10.349325135954844,1,0,0,anti_homophones
17369,chi3kang4,9,-7.1904688595488455,2,7.1904688595488455,1,0,0,anti_homophones
17370,bQ4bing2wu4jM4,14,-11.333615555621613,4,11.333615555621613,1,0,0,anti_homophones
17371,hI4da2yQ4,9,-9.264279559482727,3,9.264279559482727,1,0,0,anti_homophones
17372,song4jLn3,9,-6.86704436275734,2,6.86704436275734,1,0,1,anti_homophones
17373,fu4shi1,7,-5.354180158104331,2,5.354180158104331,1,0,6,anti_homophones
17374,er3gUng1,8,-5.949097366631889,2,5.949097366631889,1,0,2,anti_homophones
17375,dW4san2,7,-8.526862518414207,2,8.526862518414207,1,0,2,anti_homophones
17376,zhong3fu2xing2,14,-9.153817473345342,3,9.153817473345342,1,0,0,anti_homophones
17377,gO1zi3,6,-5.922909310008928,2,5.922909310008928,1,0,4,anti_homophones
17378,zong4hU1ye4,11,-8.664632441084873,3,8.664632441084873,1,0,0,anti_homophones
17379,fu1qu4,6,-6.372786491452543,2,6.372786491452543,1,1,0,anti_homophones
17380,fen1qing2,9,-5.831623607450485,2,5.831623607450485,1,0,2,anti_homophones
17381,pa2gQ3ji2,9,-8.64977133673922,3,8.64977133673922,1,0,0,anti_homophones
17382,chu3yu2,7,-5.64546670698311,2,5.64546670698311,1,0,5,anti_homophones
17383,zi4zu3sheng4,12,-8.72724645385098,3,8.72724645385098,1,0,0,anti_homophones
17384,bE4gO4,6,-6.106535049369539,2,6.106535049369539,1,0,1,anti_homophones
17385,yi1di4xLng1lu4,14,-10.412656557915016,4,10.412656557915016,1,0,0,anti_homophones
17386,chun3tu2,8,-6.748695035307095,2,6.748695035307095,1,0,0,anti_homophones
17387,an1neng4zhan4V1,15,-15.318967533408449,4,15.318967533408449,1,0,0,anti_homophones
17388,cu1qK2chang4,12,-9.027194159784296,3,9.027194159784296,1,0,0,anti_homophones
17389,dan4dV4zi3qi2,13,-12.047939929783677,4,12.047939929783677,1,0,0,anti_homophones
17390,yV2ren4dan1,11,-8.92141032817353,3,8.92141032817353,1,0,0,anti_homophones
17391,gUn3si1pin3,11,-9.520979265297466,3,9.520979265297466,1,0,0,anti_homophones
17392,wA4lan2xC2,10,-8.456089169679675,3,8.456089169679675,1,0,0,anti_homophones
17393,si1lin2ran2,11,-8.926687650837785,3,8.926687650837785,1,0,0,anti_homophones
17394,yQ4shi2jK1hQ4,13,-10.224533842913148,4,10.224533842913148,1,0,0,anti_homophones
17395,zhu3jW3,7,-5.57381344702051,2,5.57381344702051,1,0,0,anti_homophones
17396,lO4tan2shu3,11,-9.46842500702275,3,9.46842500702275,1,0,0,anti_homophones
17397,lO3li3tQ2zhun1,14,-13.379010400905576,4,13.379010400905576,1,0,0,anti_homophones
17398,shen1cu4mu3xC2,14,-11.95934778740541,4,11.95934778740541,1,0,0,anti_homophones
17399,rong4yin2mu4,12,-10.160735378654438,3,10.160735378654438,1,0,0,anti_homophones
17400,qLn2zhUn3hI2jL4,15,-12.460480693465467,4,12.460480693465467,1,0,0,anti_homophones
17401,qi2tan2,7,-5.9961101748164385,2,5.9961101748164385,1,0,1,anti_homophones
17402,chUng1shQ2,10,-7.69683041664258,2,7.69683041664258,1,0,0,anti_homophones
17403,wang2wu4shi4yu3,15,-10.714688051587135,4,10.714688051587135,1,0,0,anti_homophones
17404,qin1hI4,7,-5.919351251038766,2,5.919351251038766,1,0,3,anti_homophones
17405,fa1ming2,8,-5.675152090504984,2,5.675152090504984,1,0,1,anti_homophones
17406,xW1sheng2,9,-5.5152908511752194,2,5.5152908511752194,1,0,2,anti_homophones
17407,bi2xL4,6,-6.298306819087055,2,6.298306819087055,1,0,1,anti_homophones
17408,chUn1yi4qUn2,12,-8.604883150071025,3,8.604883150071025,1,0,0,anti_homophones
17409,ming4she4men2,13,-8.84927316423404,3,8.84927316423404,1,0,0,anti_homophones
17410,hI1lu4wen2,10,-9.180343152976848,3,9.180343152976848,1,0,0,anti_homophones
17411,he2shan4shi4,12,-7.928645343295313,3,7.928645343295313,1,0,0,anti_homophones
17412,qM3bA2se4,9,-9.787832610376231,3,9.787832610376231,1,0,0,anti_homophones
17413,xLng2ya2,8,-6.308676528087188,2,6.308676528087188,1,0,0,anti_homophones
17414,pA2ju1zi5,9,-7.769270121331598,3,7.769270121331598,1,0,0,anti_homophones
17415,tu2lu4,6,-5.519719851664753,2,5.519719851664753,1,0,9,anti_homophones
17416,di4tu2wan3,10,-9.420257158296618,3,9.420257158296618,1,0,0,anti_homophones
17417,da4lu4qLng1,11,-8.581265157384674,3,8.581265157384674,1,0,0,anti_homophones
17418,hUng1li4,8,-5.5891415144506595,2,5.5891415144506595,1,1,3,anti_homophones
17419,chi4shi2,8,-6.276503034508032,2,6.276503034508032,1,0,2,anti_homophones
17420,fa1hu1du4,9,-7.953339438067464,3,7.953339438067464,1,0,0,anti_homophones
17421,ling1hu1nA3,11,-9.988706548284812,3,9.988706548284812,1,0,0,anti_homophones
17422,fen2qing2,9,-7.261765343233981,2,7.261765343233981,1,0,2,anti_homophones
17423,xi3qLng2pLn4,12,-9.396480712754526,3,9.396480712754526,1,0,0,anti_homophones
17424,wu2zi5,6,-4.619456562011415,2,4.619456562011415,1,0,8,anti_homophones
17425,che1ku3,7,-6.494491815544685,2,6.494491815544685,1,0,1,anti_homophones
17426,zi4bu4,6,-4.9095033125874625,2,4.9095033125874625,1,1,13,anti_homophones
17427,jing2shUn1yi4,13,-9.370805887233201,3,9.370805887233201,1,0,0,anti_homophones
17428,tong1A2zheng1tV2,16,-12.791313052933939,4,12.791313052933939,1,0,0,anti_homophones
17429,zheng1ji1,9,-5.09631714810714,2,5.09631714810714,1,0,6,anti_homophones
17430,per4xi2,7,-9.56720810051822,2,9.56720810051822,1,0,0,anti_homophones
17431,bu4ling2,8,-5.668389919806472,2,5.668389919806472,1,0,4,anti_homophones
17432,ji1xun2chong4,13,-9.14578393009272,3,9.14578393009272,1,0,0,anti_homophones
17433,gUn1yu2,7,-5.329545520094565,2,5.329545520094565,1,0,5,anti_homophones
17434,zhen4xLn1,9,-6.867289463435566,2,6.867289463435566,1,0,0,anti_homophones
17435,zhen1ji2,8,-5.671328066551611,2,5.671328066551611,1,0,2,anti_homophones
17436,gP3dW1lv3,9,-9.666494998585815,3,9.666494998585815,1,0,0,anti_homophones
17437,bQ4kan4dA4,10,-8.601077190931461,3,8.601077190931461,1,0,0,anti_homophones
17438,kA1wang3,8,-5.84721028961813,2,5.84721028961813,1,0,1,anti_homophones
17439,meng2shi1xing4,14,-9.292677482176297,3,9.292677482176297,1,0,0,anti_homophones
17440,yQ3dong1shV3,12,-9.304266141652688,3,9.304266141652688,1,0,0,anti_homophones
17441,shi4hU4,7,-4.76069282825248,2,4.76069282825248,1,0,11,anti_homophones
17442,qu1qing2yC4,11,-9.17081105695282,3,9.17081105695282,1,0,0,anti_homophones
17443,zV3dA4,6,-5.430598977780231,2,5.430598977780231,1,0,3,anti_homophones
17444,qK2hang4,8,-6.891307704960251,2,6.891307704960251,1,0,1,anti_homophones
17445,wu4yUn4,7,-5.859828531116598,2,5.859828531116598,1,0,7,anti_homophones
17446,yan3jing3xu4,12,-10.0112385559604,3,10.0112385559604,1,0,0,anti_homophones
17447,cQ1zi5,6,-5.109039171888391,2,5.109039171888391,1,1,8,anti_homophones
17448,hE1ji2,6,-6.042674583887168,2,6.042674583887168,1,0,2,anti_homophones
17449,ming1zhu3chang2xW4,18,-11.889480752321855,4,11.889480752321855,1,0,0,anti_homophones
17450,gong1men2,9,-5.73784684942765,2,5.73784684942765,1,0,0,anti_homophones
17451,te4zV3shu1xLng2,15,-11.657324484764047,4,11.657324484764047,1,0,0,anti_homophones
17452,lLn3yin3,8,-6.820889805094799,2,6.820889805094799,1,0,0,anti_homophones
17453,jM4shi2pi1ji2,13,-11.650002780044415,4,11.650002780044415,1,0,0,anti_homophones
17454,tM3bing1pi3fan3,15,-12.595576312526257,4,12.595576312526257,1,0,0,anti_homophones
17455,fu4zhUn1tong1,13,-9.039055291327461,3,9.039055291327461,1,0,0,anti_homophones
17456,cA3fen3mV2fE4,13,-11.710484279834496,4,11.710484279834496,1,0,0,anti_homophones
17457,chong2deng1,11,-6.699365898532556,2,6.699365898532556,1,0,0,anti_homophones
17458,pan4shu1shang4,14,-9.204819688380052,3,9.204819688380052,1,0,0,anti_homophones
17459,gan3er4qu1jM3,13,-12.670766819720225,4,12.670766819720225,1,0,0,anti_homophones
17460,kong1nE4zhen4,13,-10.317379281413647,3,10.317379281413647,1,0,0,anti_homophones
17461,shV4tLn1,8,-5.874309726684398,2,5.874309726684398,1,0,2,anti_homophones
17462,gan1chang3,10,-6.239423159474584,2,6.239423159474584,1,0,2,anti_homophones
17463,mE2ting4,8,-5.8334051941095355,2,5.8334051941095355,1,0,4,anti_homophones
17464,nin2du4ji2,10,-9.872277802657743,3,9.872277802657743,1,0,0,anti_homophones
17465,nE4ren2,7,-5.097997773271132,2,5.097997773271132,1,0,6,anti_homophones
17466,ni2lW3,6,-6.617797239493112,2,6.617797239493112,1,0,0,anti_homophones
17467,ge1ting2he2,11,-9.021115972299434,3,9.021115972299434,1,0,0,anti_homophones
17468,bQ3xi4,6,-5.43685457705827,2,5.43685457705827,1,0,5,anti_homophones
17469,wen2xLn4,8,-5.591126016809332,2,5.591126016809332,1,0,2,anti_homophones
17470,rV4mA3ji2bu4,12,-10.934545324033147,4,10.934545324033147,1,0,0,anti_homophones
17471,fang2sQ3,8,-7.173379657173747,2,7.173379657173747,1,0,1,anti_homophones
17472,ti2cI1hI4jun1,13,-12.546901057432935,4,12.546901057432935,1,0,0,anti_homophones
17473,yUn2gong1mu4tong1,17,-11.367213219452015,4,11.367213219452015,1,0,0,anti_homophones
17474,lv4zhUng1xM2,12,-10.22936008867357,3,10.22936008867357,1,0,0,anti_homophones
17475,yang4yQ4dQ4,11,-8.535505686342042,3,8.535505686342042,1,0,0,anti_homophones
17476,hun1di4tO1,10,-10.02604412408049,3,10.02604412408049,1,0,0,anti_homophones
17477,wang3qC4xin1,12,-8.161568886285483,3,8.161568886285483,1,0,0,anti_homophones
17478,gan3ren2an4zE2,14,-12.421680212084624,4,12.421680212084624,1,0,0,anti_homophones
17479,chu1fu4zhi1,11,-7.567673108487339,3,7.567673108487339,1,0,0,anti_homophones
17480,jC2kV3,6,-5.3718436056597065,2,5.3718436056597065,1,1,0,anti_homophones
17481,zA4gen1,7,-7.1064859762954615,2,7.1064859762954615,1,0,0,anti_homophones
17482,shang2qLng4,11,-6.5855488320081905,2,6.5855488320081905,1,0,0,anti_homophones
17483,cheng1gUn4lLn4,14,-9.439023319374517,3,9.439023319374517,1,0,0,anti_homophones
17484,shi4lK2,7,-5.5227726403831365,2,5.5227726403831365,1,0,4,anti_homophones
17485,dK1shen1,8,-6.531533274295199,2,6.531533274295199,1,0,0,anti_homophones
17486,le4re4,6,-6.758351805795283,2,6.758351805795283,1,0,0,anti_homophones
17487,pW4yi4,6,-6.661079826385979,2,6.661079826385979,1,0,4,anti_homophones
17488,zi4rang2ye4,11,-8.199435730008723,3,8.199435730008723,1,0,0,anti_homophones
17489,sha2gQ1yQ1cheng4,16,-13.291342033335452,4,13.291342033335452,1,0,0,anti_homophones
17490,jK4pA4,6,-5.406225178964911,2,5.406225178964911,1,0,3,anti_homophones
17491,yun2zi1wu1xi4,13,-13.40036601510737,4,13.40036601510737,1,0,0,anti_homophones
17492,zun1shi2,8,-6.161235238521467,2,6.161235238521467,1,0,0,anti_homophones
17493,pi4ran2,7,-5.649555486248588,2,5.649555486248588,1,0,3,anti_homophones
17494,sheng2zheng4fu1,15,-9.419633565207103,3,9.419633565207103,1,0,0,anti_homophones
17495,lM4xing2li3,11,-8.645795493329924,3,8.645795493329924,1,0,0,anti_homophones
17496,he2meng1,8,-6.832171310033822,2,6.832171310033822,1,0,2,anti_homophones
17497,tong1nv3,8,-6.154293139326554,2,6.154293139326554,1,0,0,anti_homophones
17498,yan2zA1,7,-6.296882849523522,2,6.296882849523522,1,0,1,anti_homophones
17499,gP4tu2,6,-7.125618260724333,2,7.125618260724333,1,0,1,anti_homophones
17500,fu3shi2,7,-5.436101578325726,2,5.436101578325726,1,0,3,anti_homophones
17501,ma2bing4,8,-6.051982969430626,2,6.051982969430626,1,0,4,anti_homophones
17502,bW1zhUn1,8,-6.339749579502517,2,6.339749579502517,1,0,0,anti_homophones
17503,di1chi1,7,-6.552440627030279,2,6.552440627030279,1,0,2,anti_homophones
17504,zhe2mo4,7,-6.7935453110284145,2,6.7935453110284145,1,0,1,anti_homophones
17505,mQ4zhan4,8,-6.5641927758137895,2,6.5641927758137895,1,0,0,anti_homophones
17506,lang2mA2,8,-8.50119049831672,2,8.50119049831672,1,0,0,anti_homophones
17507,wang3qi4,8,-5.569456516165847,2,5.569456516165847,1,0,4,anti_homophones
17508,zhUn2he2chu4,12,-9.152564708761702,3,9.152564708761702,1,0,0,anti_homophones
17509,ku1hU1,6,-6.3586391899521475,2,6.3586391899521475,1,0,0,anti_homophones
17510,dang2jin1se4,12,-8.78716722331003,3,8.78716722331003,1,0,0,anti_homophones
17511,gUn3qing4,9,-6.186631529155756,2,6.186631529155756,1,0,1,anti_homophones
17512,gI4bi3,6,-5.785081506414579,2,5.785081506414579,1,0,0,anti_homophones
17513,ke1ju3,6,-6.04396482813036,2,6.04396482813036,1,0,0,anti_homophones
17514,xW3chan4,8,-5.598310907344446,2,5.598310907344446,1,0,0,anti_homophones
17515,lan2mLn2,8,-6.8113306470782105,2,6.8113306470782105,1,0,0,anti_homophones
17516,ji1yang4xL4,11,-8.694361319204164,3,8.694361319204164,1,0,0,anti_homophones
17517,gong1xing2hU1,13,-8.31085876720556,3,8.31085876720556,1,0,0,anti_homophones
17518,hUn4man3,8,-6.756397957181902,2,6.756397957181902,1,0,1,anti_homophones
17519,sheng3qing4,11,-6.621533017343045,2,6.621533017343045,1,0,1,anti_homophones
17520,hu1fu2,6,-5.98250561400454,2,5.98250561400454,1,0,3,anti_homophones
17521,xYng1xing1,10,-6.307060209857468,2,6.307060209857468,1,0,1,anti_homophones
17522,qK2zhu4,7,-5.8271302849068745,2,5.8271302849068745,1,0,2,anti_homophones
17523,xW3ti2,6,-5.236136468827808,2,5.236136468827808,1,1,8,anti_homophones
17524,cun2bu4dUn1zhi3,15,-11.68363171091092,4,11.68363171091092,1,0,0,anti_homophones
17525,kQ3chang3,9,-6.333232462307843,2,6.333232462307843,1,0,1,anti_homophones
17526,shQ1zhan4fE4,12,-9.183071485899152,3,9.183071485899152,1,0,0,anti_homophones
17527,yUn2wen3cheng4,14,-9.983395653276133,3,9.983395653276133,1,0,0,anti_homophones
17528,lQ3nu3,6,-6.032773458906892,2,6.032773458906892,1,0,3,anti_homophones
17529,A4ren2,6,-5.185098361649013,2,5.185098361649013,1,0,7,anti_homophones
17530,bing4qing3,10,-6.883736844254722,2,6.883736844254722,1,0,0,anti_homophones
17531,feng2qing1zi5,13,-8.54855483587897,3,8.54855483587897,1,0,0,anti_homophones
17532,ke3bing3,8,-6.161702336170795,2,6.161702336170795,1,0,2,anti_homophones
17533,tA1hong2,8,-8.12840412398575,2,8.12840412398575,1,0,0,anti_homophones
17534,dLn4hO4,7,-5.620329130092057,2,5.620329130092057,1,0,6,anti_homophones
17535,jK3an4ren2meng1,15,-11.503777320602747,4,11.503777320602747,1,0,0,anti_homophones
17536,dLn3shI3ni3,11,-8.44577403820292,3,8.44577403820292,1,0,0,anti_homophones
17537,si1ying1bu3ren2,15,-11.359257183180954,4,11.359257183180954,1,0,0,anti_homophones
17538,zhu2lun4,8,-6.01399760321286,2,6.01399760321286,1,0,1,anti_homophones
17539,qM4qLng3su4man3,15,-13.519307167646282,4,13.519307167646282,1,0,0,anti_homophones
17540,song1dLn4bu4qi4,15,-10.170124244400364,4,10.170124244400364,1,0,0,anti_homophones
17541,qi3hV4,6,-5.821172690772796,2,5.821172690772796,1,0,4,anti_homophones
17542,si1yan2,7,-5.5290313688492265,2,5.5290313688492265,1,0,5,anti_homophones
17543,ji2shI3,7,-5.557171797759947,2,5.557171797759947,1,1,5,anti_homophones
17544,sO3nan4ban3gan3,15,-11.989995889397472,4,11.989995889397472,1,0,0,anti_homophones
17545,hE1dA4wo3jLn3,13,-11.449817869937581,4,11.449817869937581,1,0,0,anti_homophones
17546,zhV1fu2wu2nA4,13,-11.035743340579408,4,11.035743340579408,1,0,0,anti_homophones
17547,si4yong1gong2,13,-9.21041857017844,3,9.21041857017844,1,0,0,anti_homophones
17548,dI4gQ1da3zhA4,13,-11.777560609504928,4,11.777560609504928,1,0,0,anti_homophones
17549,lang1tV2,8,-6.912422032355385,2,6.912422032355385,1,0,0,anti_homophones
17550,da4gUng1,8,-5.452736064088533,2,5.452736064088533,1,0,5,anti_homophones
17551,gA4ren2,7,-6.73355573293965,2,6.73355573293965,1,0,8,anti_homophones
17552,nE4e2,5,-5.5759125446557,2,5.5759125446557,1,0,1,anti_homophones
17553,xW3sheng3,9,-5.976786025358787,2,5.976786025358787,1,0,2,anti_homophones
17554,shUn4qi4,8,-6.025967335604279,2,6.025967335604279,1,0,1,anti_homophones
17555,bu3hang4,8,-6.802973282617136,2,6.802973282617136,1,0,0,anti_homophones
17556,chO1mA4che1teng2,16,-12.930143601186392,4,12.930143601186392,1,0,0,anti_homophones
17557,xi1sQ1ran2sheng2,16,-11.250562788590702,4,11.250562788590702,1,0,0,anti_homophones
17558,ren2cheng4,10,-6.208619174956722,2,6.208619174956722,1,0,0,anti_homophones
17559,nO4ren2su4,10,-8.736908824276139,3,8.736908824276139,1,0,0,anti_homophones
17560,ji1ji1,6,-4.969844901372495,2,4.969844901372495,1,0,7,anti_homophones
17561,cA4pLn4,7,-6.42055979639386,2,6.42055979639386,1,0,0,anti_homophones
17562,di4ma2bQ4,9,-9.188499202412356,3,9.188499202412356,1,0,0,anti_homophones
17563,san1ji1,7,-5.362592259454461,2,5.362592259454461,1,1,4,anti_homophones
17564,tu3zO4shu1,10,-9.138519545323467,3,9.138519545323467,1,0,0,anti_homophones
17565,xing4xUn2bu4ren2,16,-10.81705765016383,4,10.81705765016383,1,0,0,anti_homophones
17566,mo4lan2xun4,11,-8.984495540027247,3,8.984495540027247,1,0,0,anti_homophones
17567,yi2tu2pin3,10,-9.081990405798159,3,9.081990405798159,1,0,0,anti_homophones
17568,yUn2san3qW3bM1,14,-14.799345866482584,4,14.799345866482584,1,0,0,anti_homophones
17569,di2hI4,6,-6.394136994367386,2,6.394136994367386,1,0,7,anti_homophones
17570,tO1tA4,6,-5.710150283518326,2,5.710150283518326,1,0,4,anti_homophones
17571,xM2mLn2,7,-6.406979465072413,2,6.406979465072413,1,0,0,anti_homophones
17572,zong2yC4ye4,11,-8.573642837586052,3,8.573642837586052,1,0,0,anti_homophones
17573,xi3shi2,7,-5.484633695356566,2,5.484633695356566,1,0,7,anti_homophones
17574,chong1che1,10,-5.9415059805952675,2,5.9415059805952675,1,0,2,anti_homophones
17575,shen2ming4,10,-5.908567384561469,2,5.908567384561469,1,0,1,anti_homophones
17576,xW3pu3cun2,10,-9.037657453384735,3,9.037657453384735,1,0,0,anti_homophones
17577,leng1xC4fa3,11,-9.799873299249205,3,9.799873299249205,1,0,0,anti_homophones
17578,ren2gu4zhUng4,13,-9.468398121995403,3,9.468398121995403,1,0,0,anti_homophones
17579,yin1hV4nA3nan4,14,-10.987223341699575,4,10.987223341699575,1,0,0,anti_homophones
17580,da4xW4yC4,9,-7.024351080250005,3,7.024351080250005,1,0,0,anti_homophones
17581,du1dan4sUn1,11,-9.766631102555278,3,9.766631102555278,1,0,0,anti_homophones
17582,shang1chan1,11,-6.690105279602297,2,6.690105279602297,1,0,1,anti_homophones
17583,ke3xM4er5,9,-9.921645247485648,3,9.921645247485648,1,0,0,anti_homophones
17584,qi2jM1shV3,10,-8.526152950741569,3,8.526152950741569,1,0,0,anti_homophones
17585,xW3cha2yun1mM4,14,-12.889185634239787,4,12.889185634239787,1,0,0,anti_homophones
17586,gu3lQ1,6,-6.6310245137772545,2,6.6310245137772545,1,0,2,anti_homophones
17587,er3shi1fang4,12,-8.918236755915093,3,8.918236755915093,1,0,0,anti_homophones
17588,ling2mang2,10,-7.156147473537632,2,7.156147473537632,1,0,2,anti_homophones
17589,zhQ4fE4,7,-5.518869095705215,2,5.518869095705215,1,0,1,anti_homophones
17590,qu3wo4,6,-6.921103224892585,2,6.921103224892585,1,0,1,anti_homophones
17591,ji3ya1,6,-6.326850457703249,2,6.326850457703249,1,0,2,anti_homophones
17592,zhang4xin1yang2,15,-8.869841852980278,3,8.869841852980278,1,0,0,anti_homophones
17593,ji4chang3,9,-5.9582797937343015,2,5.9582797937343015,1,0,2,anti_homophones
17594,zhong1mi2,9,-6.203759216001517,2,6.203759216001517,1,0,1,anti_homophones
17595,yQ1bQ4pLn1,10,-10.023048814770112,3,10.023048814770112,1,0,0,anti_homophones
17596,yi1xu1,6,-5.674907362547006,2,5.674907362547006,1,0,1,anti_homophones
17597,xK1jing2lu4,11,-8.776257644998548,3,8.776257644998548,1,0,0,anti_homophones
17598,teng2lv4,8,-7.407817991949779,2,7.407817991949779,1,0,0,anti_homophones
17599,fang1xLn2,9,-6.482008968395911,2,6.482008968395911,1,0,0,anti_homophones
17600,fen1sO1,7,-6.2373131826933745,2,6.2373131826933745,1,0,0,anti_homophones
17601,hUng4shu2shO1,13,-10.23527587726246,3,10.23527587726246,1,0,0,anti_homophones
17602,pW1feng1dan4,12,-9.209401176400684,3,9.209401176400684,1,0,0,anti_homophones
17603,zhang2xu1,9,-6.663927940297926,2,6.663927940297926,1,0,3,anti_homophones
17604,che1da4tUn2,11,-8.368842618876151,3,8.368842618876151,1,0,0,anti_homophones
17605,sheng1sheng3,12,-6.167435995701493,2,6.167435995701493,1,0,2,anti_homophones
17606,dLn4shO1lun2yi4,15,-11.685084411554328,4,11.685084411554328,1,0,0,anti_homophones
17607,kA1qUn2yQ4,10,-9.273181376998437,3,9.273181376998437,1,0,0,anti_homophones
17608,nang4ren2,9,-6.588530872181416,2,6.588530872181416,1,0,3,anti_homophones
17609,tO1gong2,8,-6.066423481729413,2,6.066423481729413,1,0,1,anti_homophones
17610,hI3ming2,8,-6.7254376206233175,2,6.7254376206233175,1,0,1,anti_homophones
17611,jLn3jM5,7,-7.795571491956741,2,7.795571491956741,1,0,0,anti_homophones
17612,dO1zi3sO3gan3,13,-10.939874079171242,4,10.939874079171242,1,0,0,anti_homophones
17613,wA4mu4,6,-6.175740942508553,2,6.175740942508553,1,0,5,anti_homophones
17614,ge1A4,5,-5.161142364400983,2,5.161142364400983,1,0,0,anti_homophones
17615,hI2shan1kV3wE4,14,-11.492908148377776,4,11.492908148377776,1,0,0,anti_homophones
17616,qUn2shi4tan2,12,-8.600291544491764,3,8.600291544491764,1,0,0,anti_homophones
17617,mQ2du2,6,-5.811416815412277,2,5.811416815412277,1,1,1,anti_homophones
17618,xing2xW4,8,-5.609916722576389,2,5.609916722576389,1,1,3,anti_homophones
17619,tO1cA5,6,-6.784619448657823,2,6.784619448657823,1,0,1,anti_homophones
17620,gUn3ju4,7,-5.7310686752166955,2,5.7310686752166955,1,1,4,anti_homophones
17621,zheng1ren2mLn3dQ3,17,-11.19499748513395,4,11.19499748513395,1,0,0,anti_homophones
17622,zhang3lLng2se4,14,-9.058909241833444,3,9.058909241833444,1,0,0,anti_homophones
17623,pQ1tM1,6,-5.927571808713334,2,5.927571808713334,1,0,1,anti_homophones
17624,neng2hu1bi4sA1,14,-14.15478137053722,4,14.15478137053722,1,0,0,anti_homophones
17625,tan3yi3,7,-6.830875545182019,2,6.830875545182019,1,0,1,anti_homophones
17626,er3yu4,6,-5.321638752805865,2,5.321638752805865,1,1,4,anti_homophones
17627,gu3shu1ban3kI4,14,-12.234148585650424,4,12.234148585650424,1,0,0,anti_homophones
17628,yu4er3,6,-6.10805387667239,2,6.10805387667239,1,0,2,anti_homophones
17629,chu1e2ren4ren4,14,-11.413307209816566,4,11.413307209816566,1,0,0,anti_homophones
17630,da4shen3qu4,11,-8.685534703424405,3,8.685534703424405,1,0,0,anti_homophones
17631,bQ3lv4,6,-5.5131020598093405,2,5.5131020598093405,1,0,6,anti_homophones
17632,tLn1meng4,9,-6.652344791598821,2,6.652344791598821,1,0,2,anti_homophones
17633,chUng2tV2ye4,12,-9.15268802490328,3,9.15268802490328,1,0,0,anti_homophones
17634,li2tV2xing1,11,-8.869006675223094,3,8.869006675223094,1,0,0,anti_homophones
17635,zA4shi4zhi2,11,-7.984588228771111,3,7.984588228771111,1,0,0,anti_homophones
17636,e2ming2xLn4shQ4,15,-11.89644828171303,4,11.89644828171303,1,0,0,anti_homophones
17637,tang3yang4,10,-6.912401408374517,2,6.912401408374517,1,0,2,anti_homophones
17638,cQ3zhen1zi3,11,-8.907638823991988,3,8.907638823991988,1,0,0,anti_homophones
17639,sang2se4,8,-6.171276225919362,2,6.171276225919362,1,0,4,anti_homophones
17640,xing2yi1,8,-6.093908936437501,2,6.093908936437501,1,0,2,anti_homophones
17641,gu3xK1zhang3,12,-8.722124955439375,3,8.722124955439375,1,0,0,anti_homophones
17642,chun1fE1,8,-6.898015215442057,2,6.898015215442057,1,0,1,anti_homophones
17643,za2xi4tV2ding4,14,-12.017339380051594,4,12.017339380051594,1,0,0,anti_homophones
17644,tM4jLng4,8,-9.199466992021254,2,9.199466992021254,1,0,0,anti_homophones
17645,gP4si4bu4,9,-8.947506512515291,3,8.947506512515291,1,0,0,anti_homophones
17646,zhu3zO4yu3,10,-8.563609912261906,3,8.563609912261906,1,0,0,anti_homophones
17647,jUn1yan2,8,-6.673204253941153,2,6.673204253941153,1,0,1,anti_homophones
17648,zheng2hO2,9,-6.341063562061697,2,6.341063562061697,1,0,1,anti_homophones
17649,hI2cong4,8,-5.880659287714309,2,5.880659287714309,1,0,1,anti_homophones
17650,fE1ji1,6,-5.080472451405303,2,5.080472451405303,1,2,3,anti_homophones
17651,fang2zi5,8,-5.261831007872583,2,5.261831007872583,1,0,2,anti_homophones
17652,kA1tong2,8,-5.678817282479547,2,5.678817282479547,1,0,2,anti_homophones
17653,sO3xLng4,8,-5.868064965283552,2,5.868064965283552,1,0,0,anti_homophones
17654,wen2ju4zhi4,11,-8.181819780135966,3,8.181819780135966,1,0,1,anti_homophones
17655,fu4zO4,6,-5.131267290732964,2,5.131267290732964,1,0,6,anti_homophones
17656,qLn4yV3lLng4,12,-9.535401598230571,3,9.535401598230571,1,0,0,anti_homophones
17657,bQ4an1qi4xing2,14,-10.589353176978708,4,10.589353176978708,1,0,0,anti_homophones
17658,gI1gO3ren2mQ4,13,-11.239160429782636,4,11.239160429782636,1,0,0,anti_homophones
17659,hQ4shi4yu2,10,-7.800574250894717,3,7.800574250894717,1,0,0,anti_homophones
17660,xLng2fE2,8,-7.308270991947082,2,7.308270991947082,1,0,0,anti_homophones
17661,jing1ju4,8,-5.833157250573006,2,5.833157250573006,1,0,11,anti_homophones
17662,hu2tu3,6,-5.637824916427452,2,5.637824916427452,1,0,1,anti_homophones
17663,zhan4zhu4,9,-6.105138268743993,2,6.105138268743993,1,0,3,anti_homophones
17664,chu3lQ3lLn2ying4,16,-11.782313893608038,4,11.782313893608038,1,0,0,anti_homophones
17665,nW4san4,7,-6.785083829764991,2,6.785083829764991,1,0,0,anti_homophones
17666,qLn1cha1qLng2,13,-9.618761642481129,3,9.618761642481129,1,0,0,anti_homophones
17667,chu3bA3tang3qK2,15,-12.27267027204041,4,12.27267027204041,1,0,0,anti_homophones
17668,an4sheng3,9,-6.491726829620498,2,6.491726829620498,1,0,1,anti_homophones
17669,fan4she4jin4xin1,16,-10.604698229679745,4,10.604698229679745,1,0,0,anti_homophones
17670,sha1zhu1,8,-6.3535798056382,2,6.3535798056382,1,0,0,anti_homophones
17671,yi1she3,7,-5.766611591751924,2,5.766611591751924,1,0,6,anti_homophones
17672,cheng4mLn4zhu1,14,-9.643319666718254,3,9.643319666718254,1,0,0,anti_homophones
17673,lQ2gu3,6,-5.520684760536128,2,5.520684760536128,1,0,2,anti_homophones
17674,chong4zhen1e2,13,-9.197931823805705,3,9.197931823805705,1,0,0,anti_homophones
17675,bi4yang4,8,-5.943657009049536,2,5.943657009049536,1,0,6,anti_homophones
17676,lA2fa3er2,9,-8.508560584258284,3,8.508560584258284,1,0,0,anti_homophones
17677,kong1tQ1tW2pQ4,14,-13.009581783729809,4,13.009581783729809,1,0,0,anti_homophones
17678,gUng4wang1yQ1bu4,16,-13.027587000978864,4,13.027587000978864,1,0,0,anti_homophones
17679,bLn1rUn3,8,-6.285521922087321,2,6.285521922087321,1,0,0,anti_homophones
17680,man5dan1,8,-6.786780077666438,2,6.786780077666438,1,0,0,anti_homophones
17681,qin1qu3,7,-6.4013002949469495,2,6.4013002949469495,1,0,3,anti_homophones
17682,ru2yu2,6,-5.470992858217598,2,5.470992858217598,1,0,3,anti_homophones
17683,si4min3,7,-6.546539747926032,2,6.546539747926032,1,0,3,anti_homophones
17684,zhu1ren2,8,-5.819580797629633,2,5.819580797629633,1,0,4,anti_homophones
17685,ke1ben3,7,-6.077204777591614,2,6.077204777591614,1,0,2,anti_homophones
17686,hI1su2zhi1yUn2,14,-11.372359261967304,4,11.372359261967304,1,0,0,anti_homophones
17687,zhen1chi4,9,-6.545570496732269,2,6.545570496732269,1,0,2,anti_homophones
17688,zheng3lLng4gO3,14,-10.6777412550051,3,10.6777412550051,1,0,0,anti_homophones
17689,chV2zi5,7,-5.006179280005762,2,5.006179280005762,1,1,3,anti_homophones
17690,re3hA2yu2,9,-9.90610501778513,3,9.90610501778513,1,0,0,anti_homophones
17691,shang2ju4,9,-5.9543614866304155,2,5.9543614866304155,1,0,4,anti_homophones
17692,hO2zi5,6,-5.317130200042733,2,5.317130200042733,1,1,8,anti_homophones
17693,ke3jLn4,7,-5.428151347790727,2,5.428151347790727,1,0,3,anti_homophones
17694,feng4lLn4,9,-6.402429011461341,2,6.402429011461341,1,0,0,anti_homophones
17695,re4tV5,6,-6.068105094183285,2,6.068105094183285,1,0,1,anti_homophones
17696,mo2ye4tu2dun4,13,-11.64653094991632,4,11.64653094991632,1,0,0,anti_homophones
17697,gong4lW3,8,-7.061447750710785,2,7.061447750710785,1,0,1,anti_homophones
17698,ming3wen4,9,-7.010717888505522,2,7.010717888505522,1,0,1,anti_homophones
17699,bin1fen1,8,-6.839513514606824,2,6.839513514606824,1,0,1,anti_homophones
17700,hong4kP4,8,-6.628092869110743,2,6.628092869110743,1,0,2,anti_homophones
17701,wu3yUn2tQ2,10,-9.366363471526894,3,9.366363471526894,1,0,0,anti_homophones
17702,chu4si4wo3shu1,14,-13.025845187659106,4,13.025845187659106,1,0,0,anti_homophones
17703,zhUng2ri4,9,-6.4138793389858755,2,6.4138793389858755,1,0,2,anti_homophones
17704,si1hI1,6,-6.140696019129173,2,6.140696019129173,1,0,2,anti_homophones
17705,ba1lM4qK2dI4,12,-12.652340687428119,4,12.652340687428119,1,0,0,anti_homophones
17706,yV3xUn1hu4,10,-9.4663750325125,3,9.4663750325125,1,0,0,anti_homophones
17707,shi2bQ1,7,-5.83361717342465,2,5.83361717342465,1,0,1,anti_homophones
17708,yan2li4ren4,11,-8.467947316499236,3,8.467947316499236,1,0,0,anti_homophones
17709,zhong1lu4,9,-5.55011891606452,2,5.55011891606452,1,0,5,anti_homophones
17710,du1jing4lUn4,12,-9.578387239805641,3,9.578387239805641,1,0,0,anti_homophones
17711,shQ4ming2chu1,13,-9.077343022836967,3,9.077343022836967,1,0,0,anti_homophones
17712,nQ1nan4zhi3,11,-9.448401521803541,3,9.448401521803541,1,0,0,anti_homophones
17713,zi4ru2xin1yun1,14,-11.778431425187842,4,11.778431425187842,1,0,0,anti_homophones
17714,yV4che1,7,-5.969032800738096,2,5.969032800738096,1,0,3,anti_homophones
17715,wang4yi2,8,-6.53372872204367,2,6.53372872204367,1,0,2,anti_homophones
17716,lLng1pLn4,9,-6.276589645177082,2,6.276589645177082,1,0,0,anti_homophones
17717,zhV1sheng2,10,-6.224366444930058,2,6.224366444930058,1,0,2,anti_homophones
17718,fu2shang4mA4,12,-8.995914953338309,3,8.995914953338309,1,0,0,anti_homophones
17719,mo4ge5,6,-6.927280708794663,2,6.927280708794663,1,0,0,anti_homophones
17720,pin3qM1ru4,10,-8.705254944547582,3,8.705254944547582,1,0,0,anti_homophones
17721,chang1bi3shan4,14,-9.585240010104151,3,9.585240010104151,1,0,0,anti_homophones
17722,yi1ma3lv4ma3,12,-11.855022036262959,4,11.855022036262959,1,0,0,anti_homophones
17723,jK4mE3,6,-5.862243625673782,2,5.862243625673782,1,0,2,anti_homophones
17724,hU2lE4,6,-6.630046996238055,2,6.630046996238055,1,0,3,anti_homophones
17725,ji2hang2zu2,11,-9.382173463577278,3,9.382173463577278,1,0,0,anti_homophones
17726,zA4hang4,8,-5.870749992577012,2,5.870749992577012,1,0,3,anti_homophones
17727,mA4jM4,6,-6.22526441299081,2,6.22526441299081,1,0,3,anti_homophones
17728,dong2chi2xC2pA2,15,-12.587086772763026,4,12.587086772763026,1,0,0,anti_homophones
17729,tW4bi4li2qin1,13,-12.818476737384497,4,12.818476737384497,1,0,0,anti_homophones
17730,wu4hI4,6,-5.64411901289664,2,5.64411901289664,1,0,8,anti_homophones
17731,da4jLn4li5ren2,14,-9.845660341847719,4,9.845660341847719,1,0,0,anti_homophones
17732,ca1xLn4shi4,11,-8.286282196100947,3,8.286282196100947,1,0,0,anti_homophones
17733,shan4hU4,8,-5.281500851549306,2,5.281500851549306,1,0,7,anti_homophones
17734,lang2ban1,9,-7.144126840516855,2,7.144126840516855,1,0,0,anti_homophones
17735,nv3shI3,7,-5.875142148964866,2,5.875142148964866,1,0,2,anti_homophones
17736,bu4ying1gu3,11,-8.590991861117116,3,8.590991861117116,1,0,0,anti_homophones
17737,qLn2jW4dA4hU4,13,-11.527298212293594,4,11.527298212293594,1,0,0,anti_homophones
17738,ji2qi4,6,-5.294026711443574,2,5.294026711443574,1,0,4,anti_homophones
17739,fa1an4,6,-5.220232444325501,2,5.220232444325501,1,0,3,anti_homophones
17740,jM1fan4,7,-5.732651815745138,2,5.732651815745138,1,0,6,anti_homophones
17741,wE1sA4,6,-5.563077402230406,2,5.563077402230406,1,0,1,anti_homophones
17742,zhong2lK2,9,-5.911580895443758,2,5.911580895443758,1,0,1,anti_homophones
17743,ru3yin3dong1,12,-9.79934603029084,3,9.79934603029084,1,0,0,anti_homophones
17744,yong1wA1lM4,11,-9.3267969162132,3,9.3267969162132,1,0,0,anti_homophones
17745,lW2yang2hO3shi4,15,-10.616766087096279,4,10.616766087096279,1,0,0,anti_homophones
17746,pan2nv3,7,-6.449167252042667,2,6.449167252042667,1,0,1,anti_homophones
17747,da4bQ4di2,9,-8.011398517007265,3,8.011398517007265,1,0,0,anti_homophones
17748,bQ3gu3,6,-5.2538526408497335,2,5.2538526408497335,1,0,6,anti_homophones
17749,A2e2,4,-5.696686522721809,2,5.696686522721809,1,0,1,anti_homophones
17750,hu2zhang2di4,12,-9.140136340050523,3,9.140136340050523,1,0,0,anti_homophones
17751,yin2shu4zhi1jLng1,17,-11.933817152070924,4,11.933817152070924,1,0,0,anti_homophones
17752,mi4shu4,7,-5.775590405830766,2,5.775590405830766,1,0,7,anti_homophones
17753,hQ4zhUng1,9,-6.666030985540085,2,6.666030985540085,1,0,0,anti_homophones
17754,sheng1yUn2fan2yun2,18,-12.755221217627696,4,12.755221217627696,1,0,0,anti_homophones
17755,dan4sheng1qW1du4,16,-11.441043446797408,4,11.441043446797408,1,0,0,anti_homophones
17756,zhong1fu4,9,-5.770362467490118,2,5.770362467490118,1,0,4,anti_homophones
17757,zong3ji1dong3ku4,16,-12.81508803584206,4,12.81508803584206,1,0,0,anti_homophones
17758,wu3zhQ3,7,-6.652673187670283,2,6.652673187670283,1,0,1,anti_homophones
17759,zhan1ma3,8,-6.64374239655329,2,6.64374239655329,1,0,1,anti_homophones
17760,jin4ju3,7,-6.263479136212584,2,6.263479136212584,1,0,2,anti_homophones
17761,lLn4ya1,7,-6.671494162018662,2,6.671494162018662,1,0,0,anti_homophones
17762,yan2ji1,7,-5.254583632245227,2,5.254583632245227,1,0,7,anti_homophones
17763,zhong4pA2,9,-6.111335154690664,2,6.111335154690664,1,0,0,anti_homophones
17764,ti2qu4,6,-5.391362201607943,2,5.391362201607943,1,0,5,anti_homophones
17765,pA1hP2tA4ban4,13,-11.712602613920877,4,11.712602613920877,1,0,0,anti_homophones
17766,dong2xLn4,9,-6.055886362053926,2,6.055886362053926,1,0,1,anti_homophones
17767,e4gI1yi4,8,-7.675629457815905,3,7.675629457815905,1,0,0,anti_homophones
17768,qin1lv4se4,10,-7.514468131648664,3,7.514468131648664,1,0,0,anti_homophones
17769,dA4dA4,6,-5.338501712783063,2,5.338501712783063,1,0,5,anti_homophones
17770,xYng2jin4,9,-6.363782032775143,2,6.363782032775143,1,0,1,anti_homophones
17771,ding2nLng2,10,-7.639157773384205,2,7.639157773384205,1,0,0,anti_homophones
17772,xW4sUn1hu3,10,-10.147502973096321,3,10.147502973096321,1,0,0,anti_homophones
17773,zang2jing1,10,-7.226541500298317,2,7.226541500298317,1,0,0,anti_homophones
17774,sA1zi5,6,-5.7983198815907935,2,5.7983198815907935,1,0,6,anti_homophones
17775,chen3pa4,8,-6.787178967597617,2,6.787178967597617,1,0,0,anti_homophones
17776,gong1cheng1,11,-5.851369390509279,2,5.851369390509279,1,0,1,anti_homophones
17777,cha2chang2,10,-6.30908276412113,2,6.30908276412113,1,0,0,anti_homophones
17778,lM4kV4,6,-6.370425572507746,2,6.370425572507746,1,0,1,anti_homophones
17779,pang3kU3,8,-7.440857058263795,2,7.440857058263795,1,0,1,anti_homophones
17780,jLng2dA4,8,-6.520597527732284,2,6.520597527732284,1,0,1,anti_homophones
17781,gang1gong1qi2shen3,18,-12.70841389630969,4,12.70841389630969,1,0,0,anti_homophones
17782,zheng1pA5,9,-7.212437834849574,2,7.212437834849574,1,0,0,anti_homophones
17783,min2zhan3,9,-6.701158125140869,2,6.701158125140869,1,0,0,anti_homophones
17784,cu1zA3,6,-6.886587295833712,2,6.886587295833712,1,0,0,anti_homophones
17785,jUn3zha1ying4zheng2,19,-13.841900527757165,4,13.841900527757165,1,0,0,anti_homophones
17786,jL4mLn4,7,-6.120123342122333,2,6.120123342122333,1,0,2,anti_homophones
17787,jing3shu4,9,-6.00785060549808,2,6.00785060549808,1,0,2,anti_homophones
17788,xLng2gUn3,9,-5.99141761818321,2,5.99141761818321,1,0,0,anti_homophones
17789,xK1mLn4,7,-5.06847027764029,2,5.06847027764029,1,0,3,anti_homophones
17790,jing3chang2yan2,15,-9.227068320856523,3,9.227068320856523,1,0,0,anti_homophones
17791,cheng1bo1zhi1xi2,16,-11.750797055214962,4,11.750797055214962,1,0,0,anti_homophones
17792,hong3bQ4,8,-6.649999408788628,2,6.649999408788628,1,0,0,anti_homophones
17793,bQ4zhu4,7,-5.42036426092808,2,5.42036426092808,1,0,3,anti_homophones
17794,tM1tM1,6,-6.408832955746467,2,6.408832955746467,1,0,0,anti_homophones
17795,xin4ming3,9,-7.291188727410444,2,7.291188727410444,1,0,0,anti_homophones
17796,gQ1dQ4,6,-4.865522104551446,2,4.865522104551446,1,0,13,anti_homophones
17797,shen4yang2xingQ4,16,-14.469804046073714,4,14.469804046073714,1,0,0,anti_homophones
17798,ku3zhi4gUn3,11,-8.929950393339878,3,8.929950393339878,1,0,0,anti_homophones
17799,yan2mLn4tV2,11,-7.884510722850323,3,7.884510722850323,1,0,0,anti_homophones
17800,ya1zi5,6,-5.260282250998434,2,5.260282250998434,1,0,7,anti_homophones
17801,jUn4yan3dLn4,12,-9.061326173551704,3,9.061326173551704,1,0,0,anti_homophones
17802,zhO2bQ2chun4,12,-11.142312995645035,3,11.142312995645035,1,0,0,anti_homophones
17803,xM4fa2,6,-7.151675349679834,2,7.151675349679834,1,0,0,anti_homophones
17804,zhu4zhang1,10,-6.244100317005473,2,6.244100317005473,1,0,2,anti_homophones
17805,shI3yu3,7,-5.050325480994242,2,5.050325480994242,1,1,2,anti_homophones
17806,mA4sheng1shan4,14,-9.258963034281525,3,9.258963034281525,1,0,0,anti_homophones
17807,sI2ji2,6,-5.518790620531403,2,5.518790620531403,1,0,4,anti_homophones
17808,xi1zi4hI4,9,-8.303092201700132,3,8.303092201700132,1,0,0,anti_homophones
17809,da3kP4zI4,9,-7.37330322198106,3,7.37330322198106,1,0,0,anti_homophones
17810,wan3jM2,7,-6.016751386195756,2,6.016751386195756,1,0,2,anti_homophones
17811,gV1cang3qLng1pA4,16,-13.446467192892287,4,13.446467192892287,1,0,0,anti_homophones
17812,ta4ban3er2,10,-8.47559911453159,3,8.47559911453159,1,0,0,anti_homophones
17813,lang5zhV3kV3zhUng4,18,-16.252911182626825,4,16.252911182626825,1,0,0,anti_homophones
17814,zA4zhi4,7,-5.634316011383258,2,5.634316011383258,1,0,4,anti_homophones
17815,hun3ren4,8,-6.731609065615767,2,6.731609065615767,1,0,0,anti_homophones
17816,xi3ju1qK1,9,-9.582208152234038,3,9.582208152234038,1,0,0,anti_homophones
17817,jing4zhUng1tLn2,15,-9.593670065511656,3,9.593670065511656,1,0,0,anti_homophones
17818,gong1wu2zhi2li4,15,-10.72559682158805,4,10.72559682158805,1,0,0,anti_homophones
17819,zu2xL4qi4bi4,12,-12.386299916533073,4,12.386299916533073,1,0,0,anti_homophones
17820,xW3ran3,7,-6.116129976323375,2,6.116129976323375,1,0,4,anti_homophones
17821,ban3rang4nQ3jLn4,16,-12.597723415236675,4,12.597723415236675,1,0,0,anti_homophones
17822,mQ4shang4,9,-6.606328914434168,2,6.606328914434168,1,0,1,anti_homophones
17823,zO4yu2chang2,12,-8.725987757145987,3,8.725987757145987,1,0,0,anti_homophones
17824,pin2tA4ju2,10,-10.660037195365915,3,10.660037195365915,1,0,0,anti_homophones
17825,zhUng1fa1zi4gUn4,16,-12.062108147527248,4,12.062108147527248,1,0,0,anti_homophones
17826,wA4su4,6,-5.175590195822487,2,5.175590195822487,1,1,9,anti_homophones
17827,lK2dI4zhu4e2,12,-10.55460363316865,4,10.55460363316865,1,0,0,anti_homophones
17828,pE1yi3di2,9,-9.682049198585501,3,9.682049198585501,1,0,0,anti_homophones
17829,tV1ting2mQ4,11,-8.820399606450557,3,8.820399606450557,1,0,0,anti_homophones
17830,wu2yang2tLn1,12,-8.14244878439576,3,8.14244878439576,1,0,0,anti_homophones
17831,bu4lM4ru2,9,-8.335750630764151,3,8.335750630764151,1,0,0,anti_homophones
17832,zhong1gQ4,9,-6.364264838298073,2,6.364264838298073,1,0,2,anti_homophones
17833,bA3chu4wen2,11,-9.252978303550176,3,9.252978303550176,1,0,0,anti_homophones
17834,zhQ4wu2xLn3,11,-9.080246340994318,3,9.080246340994318,1,0,0,anti_homophones
17835,pi1li2,6,-5.972172044765365,2,5.972172044765365,1,0,5,anti_homophones
17836,yan2shi4,8,-4.977598593282822,2,4.977598593282822,1,1,11,anti_homophones
17837,dong1go1,8,-8.498838940615336,2,8.498838940615336,1,0,2,anti_homophones
17838,gP3mA4ti2,9,-8.891085000998387,3,8.891085000998387,1,0,0,anti_homophones
17839,si3geng1ting4lW4,16,-14.200870499681562,4,14.200870499681562,1,0,0,anti_homophones
17840,jin1xLn2jLn4,12,-8.496868747696604,3,8.496868747696604,1,0,0,anti_homophones
17841,lK2chen2,8,-6.104294186404891,2,6.104294186404891,1,0,1,anti_homophones
17842,ke3xin1re4,10,-8.160389586158884,3,8.160389586158884,1,0,0,anti_homophones
17843,kV3zhi1,7,-6.21100341327408,2,6.21100341327408,1,0,2,anti_homophones
17844,yV1xUn3,7,-5.655278584921554,2,5.655278584921554,1,1,1,anti_homophones
17845,bA3fan4,7,-5.687459286318269,2,5.687459286318269,1,0,3,anti_homophones
17846,wE2fa3,6,-5.366079125278282,2,5.366079125278282,1,0,2,anti_homophones
17847,chu1jM3mE2,10,-8.614005517533645,3,8.614005517533645,1,0,0,anti_homophones
17848,dQ4tong4,8,-6.138855818513214,2,6.138855818513214,1,0,0,anti_homophones
17849,jing4xing3,10,-6.078699806432721,2,6.078699806432721,1,0,2,anti_homophones
17850,dQ4dan4,7,-5.78409175268106,2,5.78409175268106,1,1,3,anti_homophones
17851,pA2lang4zhi1chan3,17,-12.476128973200035,4,12.476128973200035,1,0,0,anti_homophones
17852,he2wA4man2,10,-9.380823390104773,3,9.380823390104773,1,0,0,anti_homophones
17853,ju4wE4,6,-5.715665502156972,2,5.715665502156972,1,0,7,anti_homophones
17854,chQ1yin1jM2jin4,15,-11.326216453587335,4,11.326216453587335,1,0,0,anti_homophones
17855,zhu1yu3,7,-5.978366236093929,2,5.978366236093929,1,0,3,anti_homophones
17856,da3zheng1zhu4,13,-8.121420512876805,3,8.121420512876805,1,0,0,anti_homophones
17857,yV3jLn4,7,-5.511427085993114,2,5.511427085993114,1,0,2,anti_homophones
17858,mLn4zhUn4tong3,14,-9.983855313964558,3,9.983855313964558,1,0,0,anti_homophones
17859,cheng1tLn1shi4,14,-7.907057586148549,3,7.907057586148549,1,0,0,anti_homophones
17860,shV3lang1xM2wen2,16,-12.283813534650756,4,12.283813534650756,1,0,0,anti_homophones
17861,dA4shi4jM4cheng1,16,-10.877939554887016,4,10.877939554887016,1,0,0,anti_homophones
17862,ran2ji2hU4,10,-8.5533773417018,3,8.5533773417018,1,0,0,anti_homophones
17863,lun2hang3jK4,12,-9.942638918798108,3,9.942638918798108,1,0,0,anti_homophones
17864,dLn4shang2zhen4li3,18,-12.255910151075966,4,12.255910151075966,1,0,0,anti_homophones
17865,hU4fE4,6,-5.029142410217445,2,5.029142410217445,1,0,3,anti_homophones
17866,chan1yi4,8,-5.935806360623858,2,5.935806360623858,1,0,4,anti_homophones
17867,chP3da4na3,10,-12.72503318114419,3,12.72503318114419,1,0,0,anti_homophones
17868,jing4jing2,10,-5.980613191890073,2,5.980613191890073,1,0,5,anti_homophones
17869,tang3che1,9,-6.531852123049461,2,6.531852123049461,1,0,4,anti_homophones
17870,qu1ren2wE4,10,-8.65950725140004,3,8.65950725140004,1,0,0,anti_homophones
17871,gQ4lQ3dM2,9,-9.58966993279018,3,9.58966993279018,1,0,0,anti_homophones
17872,tV2zi5,6,-4.602817624849068,2,4.602817624849068,1,0,7,anti_homophones
17873,ji1bE1ji4,9,-8.162879200876768,3,8.162879200876768,1,0,0,anti_homophones
17874,mu4li4,6,-5.214619162230084,2,5.214619162230084,1,0,9,anti_homophones
17875,bA3zhi2,7,-5.749036517531017,2,5.749036517531017,1,0,5,anti_homophones
17876,shan1ling2zhu4,14,-9.189503188893156,3,9.189503188893156,1,0,0,anti_homophones
17877,tLn1wan3chan3,13,-9.452950020772011,3,9.452950020772011,1,0,0,anti_homophones
17878,tong4mA4yu3,11,-8.355166839836286,3,8.355166839836286,1,0,0,anti_homophones
17879,mu3yi4,6,-5.478068124810682,2,5.478068124810682,1,0,12,anti_homophones
17880,gUng4fu2,8,-6.35225983493265,2,6.35225983493265,1,0,1,anti_homophones
17881,cA3cheng1jLn3,13,-9.63040520236504,3,9.63040520236504,1,0,0,anti_homophones
17882,cheng3xi4lO4,12,-9.45963906320891,3,9.45963906320891,1,0,0,anti_homophones
17883,bQ4se4,6,-5.930973948353118,2,5.930973948353118,1,0,3,anti_homophones
17884,si1wan1,7,-6.596074872743408,2,6.596074872743408,1,0,2,anti_homophones
17885,zi4xC2kan1fan4,14,-11.342330494412211,4,11.342330494412211,1,0,0,anti_homophones
17886,hI1hUn2,7,-5.948203290213291,2,5.948203290213291,1,0,1,anti_homophones
17887,xW3zhong1zhA2fang2,18,-13.888409988782,4,13.888409988782,1,0,0,anti_homophones
17888,gan1bin1pen1,12,-10.272973074279088,3,10.272973074279088,1,0,0,anti_homophones
17889,hu4hI4,6,-5.886004249623825,2,5.886004249623825,1,1,10,anti_homophones
17890,sheng3dLn4an4wE2,16,-12.762077724830835,4,12.762077724830835,1,0,0,anti_homophones
17891,chUng4da4lan3zhi2,17,-11.7936259856339,4,11.7936259856339,1,0,0,anti_homophones
17892,chen4shi1chan3,14,-9.785091455922675,3,9.785091455922675,1,0,0,anti_homophones
17893,bing3dA4,8,-6.191368983315382,2,6.191368983315382,1,0,2,anti_homophones
17894,zhi2li4xK4,10,-9.423444407790127,3,9.423444407790127,1,0,0,anti_homophones
17895,pi1zhong1,9,-6.16350807037309,2,6.16350807037309,1,0,1,anti_homophones
17896,bQ4dan4dQ4,10,-8.189062506149885,3,8.189062506149885,1,0,0,anti_homophones
17897,ru2tong3mi2,11,-10.130035318223161,3,10.130035318223161,1,0,0,anti_homophones
17898,kA1cheng1,9,-5.5979870350882335,2,5.5979870350882335,1,0,3,anti_homophones
17899,wA4wE4wu4,9,-7.62989705699135,3,7.62989705699135,1,0,0,anti_homophones
17900,qun2zhI4,8,-7.318486941492679,2,7.318486941492679,1,0,0,anti_homophones
17901,fa1yan2,7,-5.113359942687477,2,5.113359942687477,1,0,5,anti_homophones
17902,pW1rong2,8,-6.204703490046745,2,6.204703490046745,1,0,0,anti_homophones
17903,ji1shi1bu4,10,-7.784170897006911,3,7.784170897006911,1,0,0,anti_homophones
17904,qin2pin1xing2gong2,18,-12.86492023231086,4,12.86492023231086,1,0,0,anti_homophones
17905,tang2dong4,10,-6.662474745198962,2,6.662474745198962,1,0,1,anti_homophones
17906,du2chu1,7,-5.675502820296295,2,5.675502820296295,1,0,5,anti_homophones
17907,yun2hI4,7,-5.855337569253935,2,5.855337569253935,1,0,4,anti_homophones
17908,jin1rong2,9,-6.180354590425045,2,6.180354590425045,1,0,0,anti_homophones
17909,bo1wang2zi5,11,-8.53139179819899,3,8.53139179819899,1,0,0,anti_homophones
17910,ge1zheng2dQ4,12,-9.014498852083523,3,9.014498852083523,1,0,0,anti_homophones
17911,shV4ran2,8,-6.082853344213433,2,6.082853344213433,1,0,2,anti_homophones
17912,chu1qi4,7,-4.950315889021959,2,4.950315889021959,1,0,8,anti_homophones
17913,gV1xW4lv4,9,-8.921415808487266,3,8.921415808487266,1,0,0,anti_homophones
17914,du2jW4tW2,9,-7.834819747726659,3,7.834819747726659,1,0,0,anti_homophones
17915,hUng1shQ1,9,-7.114730566085597,2,7.114730566085597,1,0,1,anti_homophones
17916,pu1ma3,6,-6.31635236628949,2,6.31635236628949,1,0,1,anti_homophones
17917,yUn2zi4sheng1ji2,16,-10.996359007557647,4,10.996359007557647,1,0,0,anti_homophones
17918,zhUn2qu3,8,-6.22880434655754,2,6.22880434655754,1,0,0,anti_homophones
17919,dA4ren2ti3,10,-7.687397974766806,3,7.687397974766806,1,0,0,anti_homophones
17920,tO1shI3bLn1,11,-8.573876271147972,3,8.573876271147972,1,0,0,anti_homophones
17921,qLng3ji4shi4shi4,16,-10.377706997334846,4,10.377706997334846,1,0,0,anti_homophones
17922,jing1qi3,8,-6.24398019275983,2,6.24398019275983,1,0,2,anti_homophones
17923,zheng2qi1,9,-5.989361940762815,2,5.989361940762815,1,0,3,anti_homophones
17924,dM2zi5,6,-5.702508427195898,2,5.702508427195898,1,0,2,anti_homophones
17925,hI1dong3,8,-6.396767797248921,2,6.396767797248921,1,0,0,anti_homophones
17926,yu4lLn4,7,-6.0284871461488985,2,6.0284871461488985,1,0,2,anti_homophones
17927,tLn2qK2tong4,12,-8.500677423230243,3,8.500677423230243,1,0,0,anti_homophones
17928,tong2chUng1,11,-6.5174674051478645,2,6.5174674051478645,1,0,1,anti_homophones
17929,feng2dLn3xLn2,13,-9.322320913424884,3,9.322320913424884,1,0,0,anti_homophones
17930,xK4qin1qu4,10,-9.592403167581104,3,9.592403167581104,1,0,0,anti_homophones
17931,jLn4mE3,7,-6.0155074932406745,2,6.0155074932406745,1,0,3,anti_homophones
17932,sha1zi5,7,-4.821470283874932,2,4.821470283874932,1,1,11,anti_homophones
17933,zI4jW3,6,-5.899233254699095,2,5.899233254699095,1,0,1,anti_homophones
17934,yang4lM4,8,-6.356417239868309,2,6.356417239868309,1,0,2,anti_homophones
17935,yV2xin1shi4,11,-7.281285831808709,3,7.281285831808709,1,0,0,anti_homophones
17936,dO1shi2,7,-5.353036505926461,2,5.353036505926461,1,0,5,anti_homophones
17937,rV4li4,6,-5.724802154290423,2,5.724802154290423,1,0,5,anti_homophones
17938,yu4hU1,6,-5.94247386666642,2,5.94247386666642,1,0,3,anti_homophones
17939,xC4bing1,8,-5.835173158997755,2,5.835173158997755,1,0,1,anti_homophones
17940,gang3ju4,8,-6.546537915367881,2,6.546537915367881,1,0,0,anti_homophones
17941,zI4xM4,6,-7.336879334557722,2,7.336879334557722,1,0,0,anti_homophones
17942,cong1qLn1ykan3,14,-15.46179445446487,3,15.46179445446487,1,0,0,anti_homophones
17943,xLng4ben1,9,-7.187529690455439,2,7.187529690455439,1,0,0,anti_homophones
17944,kUng1qi4yin3yUn4,16,-12.179962522393097,4,12.179962522393097,1,0,0,anti_homophones
17945,fen4zheng2da4dLn4,17,-11.09946664925933,4,11.09946664925933,1,0,0,anti_homophones
17946,meng1fen4dA4,12,-9.017084209219188,3,9.017084209219188,1,0,0,anti_homophones
17947,te4xun1zhong2,13,-9.942510112962829,3,9.942510112962829,1,0,0,anti_homophones
17948,tLn1rV4,7,-5.9285097066799075,2,5.9285097066799075,1,0,2,anti_homophones
17949,chV2ma4,7,-6.749206870483716,2,6.749206870483716,1,0,2,anti_homophones
17950,xLn1dLn4,8,-5.937973684606795,2,5.937973684606795,1,0,3,anti_homophones
17951,bE3jing1,8,-5.83727986843469,2,5.83727986843469,1,0,5,anti_homophones
17952,dO3lM4,6,-6.4359065025274695,2,6.4359065025274695,1,0,0,anti_homophones
17953,yang1fa1han3wen1,16,-13.07813763783962,4,13.07813763783962,1,0,0,anti_homophones
17954,xin1fang1pu3,12,-9.113926358000198,3,9.113926358000198,1,0,0,anti_homophones
17955,zan1can3,8,-8.970143247023472,2,8.970143247023472,1,0,0,anti_homophones
17956,qing2ming4gUn1,14,-9.142363896371485,3,9.142363896371485,1,0,0,anti_homophones
17957,ri4ping3sheng4,14,-10.007754415209673,3,10.007754415209673,1,0,0,anti_homophones
17958,hV4gO2ji2xing4,14,-10.430717378435384,4,10.430717378435384,1,0,0,anti_homophones
17959,hI2yu2,6,-5.9428420089716765,2,5.9428420089716765,1,1,2,anti_homophones
17960,ren4zhi4,8,-5.7586279309198565,2,5.7586279309198565,1,0,3,anti_homophones
17961,chUng1chan3tang3,16,-10.012486696886999,3,10.012486696886999,1,0,0,anti_homophones
17962,jW4shi1,7,-5.611695372346897,2,5.611695372346897,1,0,4,anti_homophones
17963,bA3kV3,6,-5.122836907579862,2,5.122836907579862,1,0,4,anti_homophones
17964,chun2jin4,9,-6.641834387944644,2,6.641834387944644,1,0,1,anti_homophones
17965,nan2zE4jL4,10,-10.807069212403558,3,10.807069212403558,1,0,0,anti_homophones
17966,shu1zhi2,8,-5.900710239708927,2,5.900710239708927,1,0,3,anti_homophones
17967,zhun1gUng2,10,-7.609463519967875,2,7.609463519967875,1,0,0,anti_homophones
17968,gan1fang2bQ1pin3,16,-11.748788404786183,4,11.748788404786183,1,0,0,anti_homophones
17969,bQ4na4bE4fu2,12,-12.785851620980885,4,12.785851620980885,1,0,0,anti_homophones
17970,an3long1da3,11,-11.868454963491695,3,11.868454963491695,1,0,0,anti_homophones
17971,wan2qu3,7,-6.317189192996522,2,6.317189192996522,1,0,2,anti_homophones
17972,fen1jin4hI4,11,-8.143252567534043,3,8.143252567534043,1,0,0,anti_homophones
17973,dong4chan3,10,-6.926694259739774,2,6.926694259739774,1,0,1,anti_homophones
17974,lE4ren4,7,-6.000370630439346,2,6.000370630439346,1,1,3,anti_homophones
17975,lO2bW3dI4,9,-8.184748451607248,3,8.184748451607248,1,0,0,anti_homophones
17976,ying2xYng2zhi1,14,-9.110089445244709,3,9.110089445244709,1,0,0,anti_homophones
17977,xK4zhi1mu2ji2,13,-11.652347639586427,4,11.652347639586427,1,0,0,anti_homophones
17978,cu1sha4lun4,11,-10.279838912368026,3,10.279838912368026,1,0,0,anti_homophones
17979,jM3chen2,8,-6.471390731762775,2,6.471390731762775,1,0,0,anti_homophones
17980,lO2cI4lLng4,11,-8.797220807953561,3,8.797220807953561,1,0,0,anti_homophones
17981,hu4ming1zi5,11,-8.313102002150362,3,8.313102002150362,1,0,0,anti_homophones
17982,ci2man1,7,-8.585381573712828,2,8.585381573712828,1,0,1,anti_homophones
17983,yUn4shi4dong1jing4,18,-11.525951882219601,4,11.525951882219601,1,0,0,anti_homophones
17984,kan4xi1ge2,10,-9.021310310190366,3,9.021310310190366,1,0,0,anti_homophones
17985,zhI1yUn3dW4,11,-9.639141602003912,3,9.639141602003912,1,0,0,anti_homophones
17986,shu4zhO2,8,-6.644349130063475,2,6.644349130063475,1,0,1,anti_homophones
17987,kP4tV2lun2,10,-8.187547519192625,3,8.187547519192625,1,0,0,anti_homophones
17988,shUng3xing3,11,-7.902168891017596,2,7.902168891017596,1,0,0,anti_homophones
17989,lang3peng1teng3,15,-11.964022484097274,3,11.964022484097274,1,0,0,anti_homophones
17990,dA4mQ4,6,-6.007832931293018,2,6.007832931293018,1,0,0,anti_homophones
17991,ban1wen4zheng1,14,-9.083483852962868,3,9.083483852962868,1,0,0,anti_homophones
17992,sheng1chu4fu3,13,-9.093307099914098,3,9.093307099914098,1,0,0,anti_homophones
17993,bin1ren2,8,-5.7475295412575935,2,5.7475295412575935,1,0,5,anti_homophones
17994,gUn1zhong2,10,-6.113972182896595,2,6.113972182896595,1,0,2,anti_homophones
17995,zhu1xu4,7,-6.5267312758693015,2,6.5267312758693015,1,0,4,anti_homophones
17996,wang4ju2hUn1,12,-9.43372575583819,3,9.43372575583819,1,0,0,anti_homophones
17997,chi2yQ4,7,-6.872852971087825,2,6.872852971087825,1,0,3,anti_homophones
17998,song1bu4fu2,11,-8.544451768552129,3,8.544451768552129,1,0,0,anti_homophones
17999,shen1di1lO4ming4,16,-11.817739831938782,4,11.817739831938782,1,0,0,anti_homophones
18000,bQ4min2,7,-5.740429270525514,2,5.740429270525514,1,0,3,anti_homophones
18001,jM1li5bE1xi1,12,-10.576123450776878,4,10.576123450776878,1,0,0,anti_homophones
18002,pi4yong3,8,-7.535505819968593,2,7.535505819968593,1,0,0,anti_homophones
18003,tu1rong1lan4li3,15,-12.372113520237695,4,12.372113520237695,1,0,0,anti_homophones
18004,jK4ji1,6,-5.048591739153877,2,5.048591739153877,1,1,3,anti_homophones
18005,dW4si1yan3,10,-9.30815056458995,3,9.30815056458995,1,0,0,anti_homophones
18006,ying4di4,8,-5.961721222296558,2,5.961721222296558,1,0,3,anti_homophones
18007,wE3shi4er2gI1,13,-10.352057763857289,4,10.352057763857289,1,0,0,anti_homophones
18008,xC2jL1,6,-4.851047007365405,2,4.851047007365405,1,1,3,anti_homophones
18009,jC2shi2,7,-5.208201549299913,2,5.208201549299913,1,0,6,anti_homophones
18010,dan1gu1lu4de2,13,-10.654175708989486,4,10.654175708989486,1,0,0,anti_homophones
18011,chan3yUn4,9,-6.4591145385114626,2,6.4591145385114626,1,0,0,anti_homophones
18012,sheng4lun4,10,-6.512723592011169,2,6.512723592011169,1,0,0,anti_homophones
18013,dLn3fa3,7,-5.61368398956101,2,5.61368398956101,1,0,0,anti_homophones
18014,yQ2zhi3chang2,13,-9.471145057299859,3,9.471145057299859,1,0,0,anti_homophones
18015,bu4yi1zong4,11,-8.787613592034962,3,8.787613592034962,1,0,0,anti_homophones
18016,gU4jin1,7,-6.248417582188185,2,6.248417582188185,1,0,2,anti_homophones
18017,ye4chang2shu4,13,-8.772606015781026,3,8.772606015781026,1,0,0,anti_homophones
18018,nK2dan4,7,-6.419230171884559,2,6.419230171884559,1,0,1,anti_homophones
18019,xW3jW3ming4ge1,14,-11.473066118701503,4,11.473066118701503,1,0,0,anti_homophones
18020,li4shO1,7,-6.165307621130883,2,6.165307621130883,1,0,4,anti_homophones
18021,hI2ding2zhUng1,14,-9.266184757598525,3,9.266184757598525,1,0,0,anti_homophones
18022,qing2shu4,9,-5.605219887056466,2,5.605219887056466,1,0,4,anti_homophones
18023,xLng4zhong1wA4,14,-9.536515943784172,3,9.536515943784172,1,0,0,anti_homophones
18024,ge2xin1,7,-5.750894878404485,2,5.750894878404485,1,0,1,anti_homophones
18025,hUng3jLn4,9,-6.566494616941685,2,6.566494616941685,1,0,2,anti_homophones
18026,yin1jin4zhi4qu1,15,-10.81294623598666,4,10.81294623598666,1,0,0,anti_homophones
18027,da4shi4A4,9,-6.999256353554408,3,6.999256353554408,1,0,0,anti_homophones
18028,jW1qi4dA4,9,-8.439735786404812,3,8.439735786404812,1,0,0,anti_homophones
18029,kA1fa1she2ye4,13,-10.426152055564717,4,10.426152055564717,1,0,0,anti_homophones
18030,hP2jK3,6,-5.769896040392281,2,5.769896040392281,1,0,0,anti_homophones
18031,shI3cheng1ye4,13,-8.001576138003324,3,8.001576138003324,1,0,0,anti_homophones
18032,zO4jin1,7,-5.763922967360694,2,5.763922967360694,1,0,4,anti_homophones
18033,san1ju1,7,-6.234870550765745,2,6.234870550765745,1,0,2,anti_homophones
18034,tu3de2,6,-6.43944406355625,2,6.43944406355625,1,0,0,anti_homophones
18035,qi4ci4nan2,10,-8.915236926892701,3,8.915236926892701,1,0,0,anti_homophones
18036,gu3dV4,6,-5.235103181112704,2,5.235103181112704,1,1,5,anti_homophones
18037,jW1gong4wu4li4,14,-10.560735574291938,4,10.560735574291938,1,0,0,anti_homophones
18038,nv3mQ4,6,-5.440109151945623,2,5.440109151945623,1,0,3,anti_homophones
18039,ming2dI4,8,-6.17246901107743,2,6.17246901107743,1,0,1,anti_homophones
18040,tan3lu4,7,-6.317329806753956,2,6.317329806753956,1,1,1,anti_homophones
18041,fE4leng2,8,-7.232043855522601,2,7.232043855522601,1,0,0,anti_homophones
18042,wE2mW4,6,-5.922851681234332,2,5.922851681234332,1,0,1,anti_homophones
18043,fen3jL1,7,-6.057188296540405,2,6.057188296540405,1,0,1,anti_homophones
18044,chong3lB4dA4pin3,16,-11.032899790218696,4,11.032899790218696,1,0,0,anti_homophones
18045,kA1zi5,6,-4.774757266051481,2,4.774757266051481,1,1,7,anti_homophones
18046,gan3jM4,7,-5.910205863778004,2,5.910205863778004,1,0,3,anti_homophones
18047,hP2bQ5,6,-7.432441781375015,2,7.432441781375015,1,0,1,anti_homophones
18048,kA1chang3,9,-5.725521611621173,2,5.725521611621173,1,0,2,anti_homophones
18049,qun2gong1zhang1,15,-9.87598813369685,3,9.87598813369685,1,0,0,anti_homophones
18050,gUng1xin1,9,-5.76583529371269,2,5.76583529371269,1,0,1,anti_homophones
18051,jing3gUn1,9,-6.161890760865369,2,6.161890760865369,1,0,1,anti_homophones
18052,lQ3dW4,6,-5.021986784809964,2,5.021986784809964,1,0,6,anti_homophones
18053,A4xM3,5,-6.098012311761019,2,6.098012311761019,1,0,0,anti_homophones
18054,xLn4chen1,9,-6.221186629108844,2,6.221186629108844,1,0,3,anti_homophones
18055,nUn3xi2,7,-6.810450442340342,2,6.810450442340342,1,0,0,anti_homophones
18056,tQ2hU4,6,-5.180681999308797,2,5.180681999308797,1,0,6,anti_homophones
18057,gO4ye4,6,-5.035436584243666,2,5.035436584243666,1,1,6,anti_homophones
18058,qin2man3,8,-6.774469733780805,2,6.774469733780805,1,0,3,anti_homophones
18059,shV4ren2mi3,11,-8.439988873718702,3,8.439988873718702,1,0,0,anti_homophones
18060,xi4wu2yi4qin2,13,-11.19885312037144,4,11.19885312037144,1,0,0,anti_homophones
18061,jin4sheng4,10,-5.7969981939955355,2,5.7969981939955355,1,0,0,anti_homophones
18062,tW3deng1zu2di4,14,-11.67803327806202,4,11.67803327806202,1,0,0,anti_homophones
18063,jM1tV5,6,-5.526907487203315,2,5.526907487203315,1,0,1,anti_homophones
18064,shi2ren2,8,-4.993087227228836,2,4.993087227228836,1,0,3,anti_homophones
18065,zhang2men2xLn4tV5,17,-11.481733933346744,4,11.481733933346744,1,0,0,anti_homophones
18066,tong1cQ3an1,11,-8.583723513959285,3,8.583723513959285,1,0,0,anti_homophones
18067,zhI1he2,7,-6.229121933806851,2,6.229121933806851,1,0,2,anti_homophones
18068,shA2zi5,7,-6.770632190156104,2,6.770632190156104,1,0,5,anti_homophones
18069,jLn1jing1chV3xLng3,18,-12.911884258007676,4,12.911884258007676,1,0,0,anti_homophones
18070,dLn4yan3,8,-5.793793573952683,2,5.793793573952683,1,0,4,anti_homophones
18071,er3gu3shV1,10,-8.913551788397996,3,8.913551788397996,1,0,0,anti_homophones
18072,fa3jW3,6,-6.097971012739201,2,6.097971012739201,1,1,2,anti_homophones
18073,pE1tW1zhu1,10,-9.793330093284645,3,9.793330093284645,1,0,0,anti_homophones
18074,zi1can1,7,-6.886001296740575,2,6.886001296740575,1,0,2,anti_homophones
18075,xW4yin3,7,-6.393912553165703,2,6.393912553165703,1,0,2,anti_homophones
18076,yin1xM4er2,10,-8.472354183190843,3,8.472354183190843,1,0,0,anti_homophones
18077,ti2po4,6,-6.4574438079290735,2,6.4574438079290735,1,0,0,anti_homophones
18078,qLn3si1lan2,11,-9.496691213188209,3,9.496691213188209,1,0,0,anti_homophones
18079,gO2jW3,6,-5.318612757746717,2,5.318612757746717,1,0,2,anti_homophones
18080,jun4hen2keng1,13,-12.602626281763103,3,12.602626281763103,1,0,0,anti_homophones
18081,bM2shen4jM2,11,-9.91015913373079,3,9.91015913373079,1,0,0,anti_homophones
18082,xLng2shI3,9,-5.999498309666821,2,5.999498309666821,1,0,0,anti_homophones
18083,dW4lO4ri4,9,-8.627736691608263,3,8.627736691608263,1,0,0,anti_homophones
18084,qUn1nv3lan2ku4,14,-11.999363183693974,4,11.999363183693974,1,0,0,anti_homophones
18085,pi2ju4xW1hQ2,12,-11.508529563055264,4,11.508529563055264,1,0,0,anti_homophones
18086,feng1xLng3,10,-6.037805525114973,2,6.037805525114973,1,0,2,anti_homophones
18087,lE2dong4shi4,12,-7.993863442420704,3,7.993863442420704,1,0,0,anti_homophones
18088,kV3zhi4,7,-6.016627254011903,2,6.016627254011903,1,1,5,anti_homophones
18089,yV2dQ4,6,-5.2463028263703135,2,5.2463028263703135,1,0,8,anti_homophones
18090,sheng1xi1ling1,14,-8.914875370386063,3,8.914875370386063,1,0,0,anti_homophones
18091,pLn4jM2,7,-6.3089811606698945,2,6.3089811606698945,1,0,0,anti_homophones
18092,jin1shan2jing4,14,-9.55196508706829,3,9.55196508706829,1,0,0,anti_homophones
18093,gQ1fan4,7,-5.768341148537752,2,5.768341148537752,1,0,4,anti_homophones
18094,yV2xL4qi4,9,-7.793621143232942,3,7.793621143232942,1,0,0,anti_homophones
18095,yUn4lM4,7,-6.311896648207085,2,6.311896648207085,1,0,3,anti_homophones
18096,bA2cA2shP3dW4,13,-10.898135749619147,4,10.898135749619147,1,0,0,anti_homophones
18097,jLn4zhu3lin3zhu2,16,-13.621891613928259,4,13.621891613928259,1,0,0,anti_homophones
18098,jW1nen4,7,-6.166903750037353,2,6.166903750037353,1,0,0,anti_homophones
18099,cu4xK1jK4,9,-9.244494906901107,3,9.244494906901107,1,0,0,anti_homophones
18100,xC4xi3qK2V4,11,-11.725900128588375,4,11.725900128588375,1,0,0,anti_homophones
18101,ren4hU4xLn4mo2,14,-11.463454840763102,4,11.463454840763102,1,0,0,anti_homophones
18102,ling3pan4qi1,12,-10.077920149723132,3,10.077920149723132,1,0,0,anti_homophones
18103,jW4tA2,6,-5.169593363986253,2,5.169593363986253,1,0,3,anti_homophones
18104,hong4pLn4,9,-6.435778267085484,2,6.435778267085484,1,0,2,anti_homophones
18105,ban1di3,7,-6.22452881289587,2,6.22452881289587,1,0,2,anti_homophones
18106,lLng4ge1wu4,11,-8.352342034811445,3,8.352342034811445,1,0,0,anti_homophones
18107,jW1ti1chu4,10,-8.926385859806587,3,8.926385859806587,1,0,0,anti_homophones
18108,ren3zu2du2su4,13,-12.212829634364047,4,12.212829634364047,1,0,0,anti_homophones
18109,shen3jLn4,9,-6.176444663050842,2,6.176444663050842,1,0,2,anti_homophones
18110,zhong3xing4yi3qi4,17,-11.145965394500301,4,11.145965394500301,1,0,0,anti_homophones
18111,tan3yQ4fan4lv3,14,-13.429435061223849,4,13.429435061223849,1,0,0,anti_homophones
18112,shen2da4lM2,11,-10.789091597156924,3,10.789091597156924,1,0,0,anti_homophones
18113,yV3yan1di1di4,13,-11.278798183393095,4,11.278798183393095,1,0,0,anti_homophones
18114,gV4yong1,8,-6.725809161920196,2,6.725809161920196,1,0,0,anti_homophones
18115,chQ1zhu2,8,-6.729676662090837,2,6.729676662090837,1,0,2,anti_homophones
18116,shI3hU2jin1ren2,15,-10.672766155113022,4,10.672766155113022,1,0,0,anti_homophones
18117,tLn1gan4shun1hI4,16,-12.82257685688964,4,12.82257685688964,1,0,0,anti_homophones
18118,jW3tLn2bA2xYng2,15,-13.089327864780282,4,13.089327864780282,1,0,0,anti_homophones
18119,yi1du4bi3dA4,12,-10.614807722443093,4,10.614807722443093,1,0,0,anti_homophones
18120,er3shi2yin1,11,-8.803026722386821,3,8.803026722386821,1,0,0,anti_homophones
18121,sA4chQ2ku4,10,-9.42613831785468,3,9.42613831785468,1,0,0,anti_homophones
18122,sang4wu2ji4,11,-9.006410362960452,3,9.006410362960452,1,0,0,anti_homophones
18123,gO2sA4,6,-5.2965086203237455,2,5.2965086203237455,1,0,1,anti_homophones
18124,pu1hu4,6,-5.800661464043679,2,5.800661464043679,1,0,6,anti_homophones
18125,fE1gu1bQ2,9,-10.289303150214595,3,10.289303150214595,1,0,0,anti_homophones
18126,xLn2rQ3,7,-6.0425198714372685,2,6.0425198714372685,1,0,1,anti_homophones
18127,shen1shI3cheng4tu3,18,-12.449220340705743,4,12.449220340705743,1,0,0,anti_homophones
18128,bQ4gUng1zhi4zi5,15,-10.429423067064763,4,10.429423067064763,1,0,0,anti_homophones
18129,mo2gUn4,7,-6.305859052215924,2,6.305859052215924,1,0,1,anti_homophones
18130,jW1xL4shi4,10,-7.4167192952791385,3,7.4167192952791385,1,0,0,anti_homophones
18131,jM2qu4,6,-5.798954260707854,2,5.798954260707854,1,0,3,anti_homophones
18132,gan4ji4yi4lu5,13,-13.76364110270699,4,13.76364110270699,1,0,0,anti_homophones
18133,xu3xLn4,7,-6.408509807953517,2,6.408509807953517,1,0,2,anti_homophones
18134,qUn2er2jLn4,11,-8.781762626547357,3,8.781762626547357,1,0,0,anti_homophones
18135,meng2xin1lan3,13,-9.503360114110938,3,9.503360114110938,1,0,0,anti_homophones
18136,fa1mLn4,7,-5.316234154205623,2,5.316234154205623,1,0,4,anti_homophones
18137,zQ3tang2mA4mLn4,15,-13.08742039051338,4,13.08742039051338,1,0,0,anti_homophones
18138,shang4xin4,10,-6.155287919197437,2,6.155287919197437,1,0,1,anti_homophones
18139,nv3ren2,7,-5.111579851270293,2,5.111579851270293,1,0,1,anti_homophones
18140,xi4man4ju4,10,-9.507877048085426,3,9.507877048085426,1,0,0,anti_homophones
18141,che1ju4,7,-5.677791425756917,2,5.677791425756917,1,0,4,anti_homophones
18142,ban3se4,7,-5.537574906115294,2,5.537574906115294,1,0,3,anti_homophones
18143,lu4xing2xLn4she4,16,-11.615581104988442,4,11.615581104988442,1,0,0,anti_homophones
18144,tM3ti4ti3,9,-8.559375967470661,3,8.559375967470661,1,0,0,anti_homophones
18145,gu3ge4er3,9,-7.858139820413903,3,7.858139820413903,1,0,0,anti_homophones
18146,kA1jin4,7,-5.612949231183059,2,5.612949231183059,1,0,1,anti_homophones
18147,li4xLn1jM2weng4,15,-13.33942861143039,4,13.33942861143039,1,0,0,anti_homophones
18148,ke4bu2gI4,9,-8.808508443945996,3,8.808508443945996,1,0,0,anti_homophones
18149,gong4qi2,8,-6.2315098233164115,2,6.2315098233164115,1,0,2,anti_homophones
18150,jW1lK2,6,-5.086941021585241,2,5.086941021585241,1,0,2,anti_homophones
18151,yi4shi3,7,-5.5489068451704,2,5.5489068451704,1,0,9,anti_homophones
18152,shan3qu1,8,-6.08151181534435,2,6.08151181534435,1,0,1,anti_homophones
18153,zE2chong4qun2lE2,16,-14.240351715429318,4,14.240351715429318,1,0,0,anti_homophones
18154,wE1tong2shi1yan2,16,-11.60969025186927,4,11.60969025186927,1,0,0,anti_homophones
18155,shV3zhan4tang3li4,17,-11.797416792815902,4,11.797416792815902,1,0,0,anti_homophones
18156,yi4zhi2ru4,10,-8.671013194917427,3,8.671013194917427,1,0,0,anti_homophones
18157,xLn4hO3ran2,11,-8.393277634495673,3,8.393277634495673,1,0,0,anti_homophones
18158,zhi1ri4,7,-5.387400645285487,2,5.387400645285487,1,0,5,anti_homophones
18159,cun1ren2,8,-6.121687983467842,2,6.121687983467842,1,0,3,anti_homophones
18160,hA2zi1chi1,10,-9.854427355711644,3,9.854427355711644,1,0,0,anti_homophones
18161,shu4jun1,8,-5.934582880008892,2,5.934582880008892,1,0,2,anti_homophones
18162,yV2chUn1ji4,11,-8.811596534176815,3,8.811596534176815,1,0,0,anti_homophones
18163,pin3ju2,7,-6.196657002113187,2,6.196657002113187,1,0,2,anti_homophones
18164,nv3hA3jLn4,10,-8.168915707237975,3,8.168915707237975,1,0,0,anti_homophones
18165,tLn2zhQ4,8,-6.746778290026596,2,6.746778290026596,1,0,0,anti_homophones
18166,mu4gu4bu4,9,-8.156267668317764,3,8.156267668317764,1,0,0,anti_homophones
18167,tLn2hI1san1,11,-9.37353702719138,3,9.37353702719138,1,0,0,anti_homophones
18168,zhu1cI4,7,-6.309390390350803,2,6.309390390350803,1,1,0,anti_homophones
18169,wa3gong3,8,-6.431677283783895,2,6.431677283783895,1,0,2,anti_homophones
18170,qLng3yong1jW1jLn1,17,-12.36026728808663,4,12.36026728808663,1,0,0,anti_homophones
18171,dW1bQ4sO3shi4,13,-11.375197673082917,4,11.375197673082917,1,0,0,anti_homophones
18172,jLng4ke3yi4yi2,14,-11.611298389037213,4,11.611298389037213,1,0,0,anti_homophones
18173,hUng1he3,8,-7.66032548182242,2,7.66032548182242,1,0,1,anti_homophones
18174,ge2ming1,8,-5.702202902937498,2,5.702202902937498,1,0,2,anti_homophones
18175,bing1pu3er5,11,-8.55967628950376,3,8.55967628950376,1,0,0,anti_homophones
18176,chUn3jin4,9,-6.520802151420449,2,6.520802151420449,1,0,0,anti_homophones
18177,qing1na2dW4,11,-9.447821418742718,3,9.447821418742718,1,0,0,anti_homophones
18178,cheng1mo4chu1,13,-9.507274043044493,3,9.507274043044493,1,0,0,anti_homophones
18179,chUng1yun4,10,-6.149090996692931,2,6.149090996692931,1,0,2,anti_homophones
18180,bang3rong2,10,-7.901966271502256,2,7.901966271502256,1,0,0,anti_homophones
18181,ying3yUn2,9,-5.973300104966981,2,5.973300104966981,1,0,3,anti_homophones
18182,hang1gU1,8,-6.853420504366483,2,6.853420504366483,1,0,3,anti_homophones
18183,xW1shi4,7,-4.7277874813799246,2,4.7277874813799246,1,1,9,anti_homophones
18184,shen1di4,8,-5.548790350031078,2,5.548790350031078,1,0,5,anti_homophones
18185,ha3yang3,8,-7.260385655775438,2,7.260385655775438,1,0,1,anti_homophones
18186,hE1fu2su4,9,-9.17363434504206,3,9.17363434504206,1,0,0,anti_homophones
18187,bQ4gQ3,6,-5.634031294374883,2,5.634031294374883,1,0,2,anti_homophones
18188,ce4zi5,6,-5.194600256605543,2,5.194600256605543,1,1,5,anti_homophones
18189,zhe4jM4,7,-6.413009436573987,2,6.413009436573987,1,0,1,anti_homophones
18190,zhen4zi5,8,-5.2376347163655295,2,5.2376347163655295,1,1,4,anti_homophones
18191,lun4lQ3po4hP4,13,-11.182394296528816,4,11.182394296528816,1,0,0,anti_homophones
18192,tV1dI4,6,-5.692911885958643,2,5.692911885958643,1,0,3,anti_homophones
18193,mo2fang4qUn2,12,-8.323994371997507,3,8.323994371997507,1,0,0,anti_homophones
18194,bu4du4,6,-4.964807053597837,2,4.964807053597837,1,0,14,anti_homophones
18195,cQ3nong1,8,-7.038045463702478,2,7.038045463702478,1,0,0,anti_homophones
18196,dang3jM2nen4zhi2,16,-11.988062511639052,4,11.988062511639052,1,0,0,anti_homophones
18197,zA4yan2,7,-5.533389430990297,2,5.533389430990297,1,0,4,anti_homophones
18198,lQ3tong3qLn2,12,-9.85012519847145,3,9.85012519847145,1,0,0,anti_homophones
18199,ma2dLn4shV3,11,-8.976146349100478,3,8.976146349100478,1,0,0,anti_homophones
18200,zhu4zQ4jM2shan2,15,-13.035778476383607,4,13.035778476383607,1,0,0,anti_homophones
18201,zhQ3gO2,7,-6.797108708750261,2,6.797108708750261,1,0,0,anti_homophones
18202,lQ3hI1lK2,9,-8.955083047918812,3,8.955083047918812,1,0,0,anti_homophones
18203,nK2pA4,6,-4.977784886336051,2,4.977784886336051,1,1,4,anti_homophones
18204,chUng1si3jM3heng5,17,-14.858198635733586,4,14.858198635733586,1,0,0,anti_homophones
18205,lLn4dong4,9,-6.385233044813676,2,6.385233044813676,1,0,1,anti_homophones
18206,yong4zi3,8,-6.283487537280373,2,6.283487537280373,1,0,3,anti_homophones
18207,shV3zhang4,10,-5.786125642610277,2,5.786125642610277,1,0,2,anti_homophones
18208,gang2ge2,8,-7.1448207329038365,2,7.1448207329038365,1,0,0,anti_homophones
18209,xYng2qi4,8,-5.819212925925894,2,5.819212925925894,1,0,2,anti_homophones
18210,fang2wLn4,9,-9.416278420650876,2,9.416278420650876,1,0,1,anti_homophones
18211,gUn3cheng4hun1dQ5,17,-15.042926429147593,4,15.042926429147593,1,0,0,anti_homophones
18212,yu2fang4,8,-5.843946542895225,2,5.843946542895225,1,0,1,anti_homophones
18213,ru2dong1lv2,11,-10.180930868154016,3,10.180930868154016,1,0,0,anti_homophones
18214,zhQ3fo2tI3,10,-11.040800515475471,3,11.040800515475471,1,0,0,anti_homophones
18215,chQ1xW3xing3,12,-8.672966459437847,3,8.672966459437847,1,0,0,anti_homophones
18216,rO4di4,6,-6.41086307630003,2,6.41086307630003,1,0,2,anti_homophones
18217,lQ3bu4ben3,10,-7.9931860509193156,3,7.9931860509193156,1,0,0,anti_homophones
18218,tI1tV1tong3bo1,14,-13.015380872998552,4,13.015380872998552,1,0,0,anti_homophones
18219,gan1yUn2ju1,11,-8.702049254445644,3,8.702049254445644,1,0,0,anti_homophones
18220,ying2fen1ji2,12,-8.46519251070314,3,8.46519251070314,1,0,0,anti_homophones
18221,ling4zhQ3,9,-7.4351491759118975,2,7.4351491759118975,1,0,0,anti_homophones
18222,lQ3wE4,6,-5.455866109431953,2,5.455866109431953,1,0,7,anti_homophones
18223,zhu4zhi1qUn3,12,-9.44856824976317,3,9.44856824976317,1,0,0,anti_homophones
18224,wA4e4,5,-6.211252145926067,2,6.211252145926067,1,0,4,anti_homophones
18225,pE4jin1,7,-6.184991559056265,2,6.184991559056265,1,0,2,anti_homophones
18226,peng2li3,8,-6.575720465266466,2,6.575720465266466,1,0,1,anti_homophones
18227,lV4xW4xC3,9,-9.010408742323895,3,9.010408742323895,1,0,0,anti_homophones
18228,yu4hI4,6,-5.136189866670993,2,5.136189866670993,1,0,11,anti_homophones
18229,xC4zhen1xing1zi5,16,-10.84862650131604,4,10.84862650131604,1,0,0,anti_homophones
18230,zA4xi1,6,-5.922817179735415,2,5.922817179735415,1,0,5,anti_homophones
18231,tan1zA3fE4,10,-10.17319329055451,3,10.17319329055451,1,0,0,anti_homophones
18232,yi1xW3feng4,11,-8.454198019312281,3,8.454198019312281,1,0,0,anti_homophones
18233,yV3jK4zheng2tang1,17,-12.134718016033421,4,12.134718016033421,1,0,0,anti_homophones
18234,shV3qUn2sUn1,12,-8.884223964137606,3,8.884223964137606,1,0,0,anti_homophones
18235,an4shi4yV2,10,-7.90185142661093,3,7.90185142661093,1,0,0,anti_homophones
18236,wu2ge1meng3,11,-9.237062588189282,3,9.237062588189282,1,0,0,anti_homophones
18237,jLn1yC4,7,-5.509578904199821,2,5.509578904199821,1,0,3,anti_homophones
18238,bA2shan1,8,-6.520537212938875,2,6.520537212938875,1,0,0,anti_homophones
18239,da4da4yin1gO1,13,-10.982103970799209,4,10.982103970799209,1,0,0,anti_homophones
18240,jK4si1yUn2,10,-8.265136148466944,3,8.265136148466944,1,0,0,anti_homophones
18241,te4pin1lLng1,12,-9.58403965420297,3,9.58403965420297,1,0,0,anti_homophones
18242,nu4feng4tan4,12,-10.185100392090234,3,10.185100392090234,1,0,0,anti_homophones
18243,shu1zi3gu3,10,-8.487012965240254,3,8.487012965240254,1,0,0,anti_homophones
18244,xW1xLng3,8,-5.797810192478365,2,5.797810192478365,1,0,1,anti_homophones
18245,fu4shV3,7,-5.352045080179959,2,5.352045080179959,1,1,3,anti_homophones
18246,chQ1shujC2di2,13,-14.146102681300963,4,14.146102681300963,1,0,0,anti_homophones
18247,qLn2qu4,7,-5.769434640981884,2,5.769434640981884,1,0,8,anti_homophones
18248,zhu3lQ3chang2chong1,19,-12.211278749425194,4,12.211278749425194,1,0,0,anti_homophones
18249,bo1yi1,6,-5.813929476294801,2,5.813929476294801,1,0,1,anti_homophones
18250,da4hU1,6,-5.4469165360212415,2,5.4469165360212415,1,0,1,anti_homophones
18251,wang4yUn2qK2xin1,16,-10.906785585107531,4,10.906785585107531,1,0,0,anti_homophones
18252,ji1xu4,6,-6.049646028680828,2,6.049646028680828,1,0,5,anti_homophones
18253,rO4wen2,7,-6.17058799732843,2,6.17058799732843,1,0,0,anti_homophones
18254,cun4nQ3,7,-7.052271872994001,2,7.052271872994001,1,0,0,anti_homophones
18255,shen1ri4,8,-5.9258294037856345,2,5.9258294037856345,1,0,5,anti_homophones
18256,shang2dV4fen1,13,-9.513220716812935,3,9.513220716812935,1,0,0,anti_homophones
18257,wu4zhen2,8,-6.236924376345711,2,6.236924376345711,1,0,0,anti_homophones
18258,mE2fa3,6,-5.634191871666377,2,5.634191871666377,1,0,4,anti_homophones
18259,san1sO1hI4,10,-9.148675576647232,3,9.148675576647232,1,0,0,anti_homophones
18260,ping1pW4,8,-6.853997548885092,2,6.853997548885092,1,0,1,anti_homophones
18261,zi4dong1jing2jK3,16,-11.102868087692068,4,11.102868087692068,1,0,0,anti_homophones
18262,xin1wE2,7,-5.711312071966314,2,5.711312071966314,1,0,1,anti_homophones
18263,xC4gUn4,7,-5.857574975984511,2,5.857574975984511,1,0,0,anti_homophones
18264,ling2shi5,9,-6.810798472868602,2,6.810798472868602,1,0,2,anti_homophones
18265,wA4yan3,7,-5.494604612256945,2,5.494604612256945,1,0,1,anti_homophones
18266,A1she2zheng4,12,-10.05126141121653,3,10.05126141121653,1,0,0,anti_homophones
18267,bE4zhi1shQ1ji2,14,-11.660745821402728,4,11.660745821402728,1,0,0,anti_homophones
18268,qUn2fang2,9,-6.275008730198107,2,6.275008730198107,1,0,0,anti_homophones
18269,kA1fan3jing4,12,-8.160934180990147,3,8.160934180990147,1,0,0,anti_homophones
18270,jM2shi2,7,-5.445670802633666,2,5.445670802633666,1,1,6,anti_homophones
18271,lK2fan3zhi4,11,-8.581587211055945,3,8.581587211055945,1,0,0,anti_homophones
18272,wu2dQ1,6,-5.872624322789104,2,5.872624322789104,1,0,2,anti_homophones
18273,sheng1zi1,9,-5.873150920721006,2,5.873150920721006,1,0,5,anti_homophones
18274,sheng3nE4tong2ran2,18,-13.74150849853423,4,13.74150849853423,1,0,0,anti_homophones
18275,bo4hU1zhi4jLng1,15,-12.284778073652594,4,12.284778073652594,1,0,0,anti_homophones
18276,qin1li4,7,-5.4258793818134485,2,5.4258793818134485,1,0,7,anti_homophones
18277,yi4shi4zhu4se4,14,-10.309879009231459,4,10.309879009231459,1,0,0,anti_homophones
18278,men2sO3zhu4,11,-8.78227734435951,3,8.78227734435951,1,0,0,anti_homophones
18279,qing4hU4,8,-5.232389545519215,2,5.232389545519215,1,1,4,anti_homophones
18280,xu4jM3,6,-6.353147676699915,2,6.353147676699915,1,0,1,anti_homophones
18281,hO3zO4,6,-5.5077616469280155,2,5.5077616469280155,1,0,1,anti_homophones
18282,yin1wen2chan1xK2,16,-13.922398085685538,4,13.922398085685538,1,0,0,anti_homophones
18283,da2yUn2yong1,12,-9.305592032780114,3,9.305592032780114,1,0,0,anti_homophones
18284,mW2mLn2ju4,10,-9.490914447165736,3,9.490914447165736,1,0,0,anti_homophones
18285,shang3shi4,10,-5.345904005534418,2,5.345904005534418,1,0,1,anti_homophones
18286,fen1gU4shUn3xin1,16,-13.802680394912867,4,13.802680394912867,1,0,0,anti_homophones
18287,she1tV2,7,-6.6593255621615555,2,6.6593255621615555,1,0,2,anti_homophones
18288,tu1xi3,6,-6.266470196666709,2,6.266470196666709,1,0,3,anti_homophones
18289,zhen2da2,8,-6.909952909424697,2,6.909952909424697,1,0,1,anti_homophones
18290,lW2lW3,6,-5.9322484780714815,2,5.9322484780714815,1,0,1,anti_homophones
18291,zong2ji2ting2,13,-9.575293724150104,3,9.575293724150104,1,0,0,anti_homophones
18292,gang4jin4,9,-6.5430118783272295,2,6.5430118783272295,1,0,3,anti_homophones
18293,fE1yun4,7,-5.511392876439925,2,5.511392876439925,1,0,0,anti_homophones
18294,lQ3nong1shI3,12,-8.580206612103433,3,8.580206612103433,1,0,0,anti_homophones
18295,ji4fu1,6,-5.96284616180638,2,5.96284616180638,1,0,4,anti_homophones
18296,la3men2wan1,11,-9.765677909252643,3,9.765677909252643,1,0,0,anti_homophones
18297,zheng1chen3,11,-6.649522674481584,2,6.649522674481584,1,0,1,anti_homophones
18298,xC4ku3can1ren2,14,-11.130259631584158,4,11.130259631584158,1,0,0,anti_homophones
18299,chu1yu4,7,-5.353829810594515,2,5.353829810594515,1,0,10,anti_homophones
18300,shi4wen2,8,-5.1987991798177005,2,5.1987991798177005,1,1,2,anti_homophones
18301,xW1yin2feng2han3,16,-13.367539677360494,4,13.367539677360494,1,0,0,anti_homophones
18302,shun1wa4ting1xLng2,18,-14.176093728658547,4,14.176093728658547,1,0,0,anti_homophones
18303,si1fang1fa3,11,-8.700448001618966,3,8.700448001618966,1,0,0,anti_homophones
18304,bu4gO3ji1ban4,13,-10.690230990621444,4,10.690230990621444,1,0,0,anti_homophones
18305,sQ4bu4ji4fa1,12,-11.05127937466586,4,11.05127937466586,1,0,0,anti_homophones
18306,feng4jLn1qLn2,13,-9.166986450250771,3,9.166986450250771,1,0,0,anti_homophones
18307,du2zhu4fE4,10,-8.074456247616796,3,8.074456247616796,1,0,0,anti_homophones
18308,zeng1ju5,8,-8.136134207289155,2,8.136134207289155,1,0,0,anti_homophones
18309,chu1tA2men2zong4,16,-13.314854855403695,4,13.314854855403695,1,0,0,anti_homophones
18310,sI2sheng1lUn4,13,-8.914830658107405,3,8.914830658107405,1,0,0,anti_homophones
18311,zheng1ling3xin4,15,-9.838985798056738,3,9.838985798056738,1,0,0,anti_homophones
18312,ming1hang4,10,-6.931885234656043,2,6.931885234656043,1,0,1,anti_homophones
18313,xi1xing2gUn1,12,-7.9576016117313575,3,7.9576016117313575,1,0,0,anti_homophones
18314,wang3sha1,9,-6.6614858534444865,2,6.6614858534444865,1,0,0,anti_homophones
18315,ru4hU4qi4,9,-7.403453211188707,3,7.403453211188707,1,0,0,anti_homophones
18316,shV1fo2ying3,12,-9.819536294490904,3,9.819536294490904,1,0,0,anti_homophones
18317,zhi1zhUn1,9,-6.248306011534145,2,6.248306011534145,1,0,1,anti_homophones
18318,mo2nan2,7,-5.74864580069369,2,5.74864580069369,1,0,3,anti_homophones
18319,xing2che1,9,-5.636555022868873,2,5.636555022868873,1,0,3,anti_homophones
18320,bQ3xK4zi5,9,-7.279758635552281,3,7.279758635552281,1,0,0,anti_homophones
18321,fu4du4ben1,10,-9.676135406763466,3,9.676135406763466,1,0,0,anti_homophones
18322,zhi1yUn2,8,-5.132261077767038,2,5.132261077767038,1,0,3,anti_homophones
18323,zhe4hQ4si3,10,-10.55924686769668,3,10.55924686769668,1,0,0,anti_homophones
18324,zong2kA1yi4zi5,14,-12.879247226554147,4,12.879247226554147,1,0,0,anti_homophones
18325,hI1shu4,7,-5.822328532893106,2,5.822328532893106,1,1,4,anti_homophones
18326,he2wu4ci4,9,-7.829674735701928,3,7.829674735701928,1,0,0,anti_homophones
18327,deng4qi4,8,-5.863377502568065,2,5.863377502568065,1,0,3,anti_homophones
18328,qLn2lu4xM4,10,-8.891017298979444,3,8.891017298979444,1,0,0,anti_homophones
18329,mA4xW1hQ4,9,-8.390634603535615,3,8.390634603535615,1,0,0,anti_homophones
18330,yi4si3,6,-5.635017868312124,2,5.635017868312124,1,0,8,anti_homophones
18331,ke3lO4,6,-5.736036841119619,2,5.736036841119619,1,0,3,anti_homophones
18332,kP4gang3,8,-6.643913677524812,2,6.643913677524812,1,0,0,anti_homophones
18333,chang3sheng2,12,-6.498136760751296,2,6.498136760751296,1,0,0,anti_homophones
18334,bing2ji1,8,-5.618535845058038,2,5.618535845058038,1,0,5,anti_homophones
18335,xing3yUn2,9,-5.868586066109172,2,5.868586066109172,1,0,1,anti_homophones
18336,ling2da4ka1fE4,14,-11.423018590621343,4,11.423018590621343,1,0,0,anti_homophones
18337,tan3sUn4,8,-7.690289730838938,2,7.690289730838938,1,0,0,anti_homophones
18338,wE1jL1fu2wan2,13,-11.384980321043507,4,11.384980321043507,1,0,0,anti_homophones
18339,xun1fen5,8,-8.519298166205498,2,8.519298166205498,1,0,0,anti_homophones
18340,yi1ding2zhUng1yV1,17,-12.307514972241512,4,12.307514972241512,1,0,0,anti_homophones
18341,shen2ping5ren4,14,-11.598867056750906,3,11.598867056750906,1,0,0,anti_homophones
18342,xM4ji2,6,-6.62790578823276,2,6.62790578823276,1,0,4,anti_homophones
18343,gu1mE3,6,-6.509300806477931,2,6.509300806477931,1,0,1,anti_homophones
18344,zhi1xin2,8,-7.89920311538999,2,7.89920311538999,1,0,3,anti_homophones
18345,xW1ker2gu3ge1,13,-14.488791358935394,4,14.488791358935394,1,0,0,anti_homophones
18346,shu1hA2,7,-6.695040361974476,2,6.695040361974476,1,0,1,anti_homophones
18347,bA2si1jM2wE3,12,-12.23569760859612,4,12.23569760859612,1,0,0,anti_homophones
18348,chu1xin1,8,-5.1857857274052614,2,5.1857857274052614,1,0,6,anti_homophones
18349,dong4zI4nM4,11,-8.776921218507391,3,8.776921218507391,1,0,0,anti_homophones
18350,xi4bQ3xi4,9,-8.214926283469337,3,8.214926283469337,1,0,0,anti_homophones
18351,kU1zhong2,9,-6.826415825711708,2,6.826415825711708,1,0,0,anti_homophones
18352,gang1dQ3,8,-6.816529551246125,2,6.816529551246125,1,0,2,anti_homophones
18353,bu4kan4shu4,11,-7.752151461557888,3,7.752151461557888,1,0,0,anti_homophones
18354,lLn2ke1,7,-6.7419045391238,2,6.7419045391238,1,0,0,anti_homophones
18355,ben3da2,7,-6.145695382133639,2,6.145695382133639,1,0,2,anti_homophones
18356,wu4si1,6,-6.5148191435907625,2,6.5148191435907625,1,0,3,anti_homophones
18357,bQ4tang2,8,-6.282689717292283,2,6.282689717292283,1,0,0,anti_homophones
18358,xLn2hu2fE1chUng4,16,-12.964497091371433,4,12.964497091371433,1,0,0,anti_homophones
18359,tan3chang4,10,-6.884119422914445,2,6.884119422914445,1,0,0,anti_homophones
18360,rong1mi4,8,-6.746299547768644,2,6.746299547768644,1,0,1,anti_homophones
18361,shV4pW4zi1,10,-8.475487200543377,3,8.475487200543377,1,0,0,anti_homophones
18362,da4yV4feng1du2,14,-11.374103619108226,4,11.374103619108226,1,0,0,anti_homophones
18363,shQ4shi1xLng5,13,-10.29247805544938,3,10.29247805544938,1,0,0,anti_homophones
18364,xC2shi4tV2,10,-8.091691421581473,3,8.091691421581473,1,0,0,anti_homophones
18365,keng2shu4ji2,12,-9.613312226914585,3,9.613312226914585,1,0,0,anti_homophones
18366,shu1gu3shO1,11,-8.885041078870994,3,8.885041078870994,1,0,0,anti_homophones
18367,wu3wu1shan4,11,-9.550315907628043,3,9.550315907628043,1,0,0,anti_homophones
18368,bu4lW4wE2,9,-8.016200693489033,3,8.016200693489033,1,0,0,anti_homophones
18369,da4jLng2,8,-5.835862884590916,2,5.835862884590916,1,0,2,anti_homophones
18370,hO4cha2,7,-6.170637481021764,2,6.170637481021764,1,0,4,anti_homophones
18371,bA3long1,8,-6.52122545250507,2,6.52122545250507,1,0,0,anti_homophones
18372,tQ2chu1yV2,10,-9.12028031048709,3,9.12028031048709,1,0,0,anti_homophones
18373,jing2gI1zi3,11,-7.934362147846107,3,7.934362147846107,1,0,0,anti_homophones
18374,shi2shu4zhen4xLn4,17,-11.493351058837199,4,11.493351058837199,1,0,0,anti_homophones
18375,yV2bing4,8,-6.076731371874683,2,6.076731371874683,1,0,6,anti_homophones
18376,yQ4su4,6,-5.758292980289786,2,5.758292980289786,1,0,6,anti_homophones
18377,ti1ren2zhong2yUn2,17,-13.267949387378307,4,13.267949387378307,1,0,0,anti_homophones
18378,wu3jL1zu1,9,-8.374159486810562,3,8.374159486810562,1,0,0,anti_homophones
18379,ting3yi2ru4hO3,14,-13.349403530410612,4,13.349403530410612,1,0,0,anti_homophones
18380,che1wu2shV4zhu3,15,-11.234799208037758,4,11.234799208037758,1,0,0,anti_homophones
18381,jing2hI2shI3,12,-9.061507577129746,3,9.061507577129746,1,0,0,anti_homophones
18382,jLn1ma3,7,-6.200293530086669,2,6.200293530086669,1,0,1,anti_homophones
18383,gQ1jLn4,7,-5.225189414188821,2,5.225189414188821,1,0,4,anti_homophones
18384,he2tA2,6,-5.659703612052552,2,5.659703612052552,1,0,4,anti_homophones
18385,kU4gI1tu3,9,-8.270703976695792,3,8.270703976695792,1,0,0,anti_homophones
18386,fen1wang1hI4mo2,15,-12.034817900034891,4,12.034817900034891,1,0,0,anti_homophones
18387,zu3zhO2dUn4tA2,14,-13.629542162094047,4,13.629542162094047,1,0,0,anti_homophones
18388,yang2wan4se4gU4,15,-12.692979018695823,4,12.692979018695823,1,0,0,anti_homophones
18389,sheng1ma3,9,-5.849171832219701,2,5.849171832219701,1,0,0,anti_homophones
18390,dUn4ji2,7,-5.807224940947683,2,5.807224940947683,1,0,1,anti_homophones
18391,shang4xi2fen1,13,-9.114332164045663,3,9.114332164045663,1,0,0,anti_homophones
18392,dW4ju2,6,-5.838822149482998,2,5.838822149482998,1,0,4,anti_homophones
18393,jin4zhan3,9,-6.210815309553369,2,6.210815309553369,1,0,1,anti_homophones
18394,zV3shang2wu2yC4,15,-11.59067680261087,4,11.59067680261087,1,0,0,anti_homophones
18395,hang4chu2ci3mE3,15,-14.390730853076674,4,14.390730853076674,1,0,0,anti_homophones
18396,jLn3zhong2nO2,13,-10.581321482674808,3,10.581321482674808,1,0,0,anti_homophones
18397,bQ4gQ4,6,-5.317110498707937,2,5.317110498707937,1,0,5,anti_homophones
18398,dan1zhu3yi4,11,-7.383093564798844,3,7.383093564798844,1,0,0,anti_homophones
18399,meng2bu4shu3zi5,15,-11.451634116663008,4,11.451634116663008,1,0,0,anti_homophones
18400,ha3yV2pang4,11,-11.215727362141555,3,11.215727362141555,1,0,0,anti_homophones
18401,er4lE4,6,-5.200163395541968,2,5.200163395541968,1,0,1,anti_homophones
18402,da4rV4,6,-5.08976137464694,2,5.08976137464694,1,0,5,anti_homophones
18403,jL1bE1,6,-5.604381819791661,2,5.604381819791661,1,0,1,anti_homophones
18404,sha1chan4,9,-5.819845497645804,2,5.819845497645804,1,0,1,anti_homophones
18405,an1sheng1dong1,14,-8.821868215585114,3,8.821868215585114,1,0,0,anti_homophones
18406,shi2yUn4,8,-5.7289353073862,2,5.7289353073862,1,0,3,anti_homophones
18407,chUn1lin2qing1,14,-9.868552980765648,3,9.868552980765648,1,0,0,anti_homophones
18408,qi2neng1tI3,11,-9.908616814278027,3,9.908616814278027,1,0,0,anti_homophones
18409,ji2hV5ban3,10,-8.67523091069523,3,8.67523091069523,1,0,0,anti_homophones
18410,ying2xin1jLn4,13,-7.951695375030964,3,7.951695375030964,1,0,0,anti_homophones
18411,wu3jL1ke1,9,-8.320620132837702,3,8.320620132837702,1,0,0,anti_homophones
18412,fu4yi4er2,9,-7.414703551996107,3,7.414703551996107,1,0,0,anti_homophones
18413,cheng1ji1,9,-5.222040474530537,2,5.222040474530537,1,0,4,anti_homophones
18414,fa3ba5,6,-6.481411780270489,2,6.481411780270489,1,0,1,anti_homophones
18415,shV4yu4yi4,10,-7.864764818324793,3,7.864764818324793,1,0,0,anti_homophones
18416,zheng1xu1,9,-6.306492969953977,2,6.306492969953977,1,0,0,anti_homophones
18417,chen1mu3,8,-6.610137526066728,2,6.610137526066728,1,0,0,anti_homophones
18418,gong4tI3,8,-6.911021292722974,2,6.911021292722974,1,0,2,anti_homophones
18419,ting2jun4,9,-7.4519723460350455,2,7.4519723460350455,1,0,0,anti_homophones
18420,jin4jW3xing2,12,-8.069866624874145,3,8.069866624874145,1,0,0,anti_homophones
18421,pu3xing3wE3shan2,16,-13.294423506994677,4,13.294423506994677,1,0,0,anti_homophones
18422,ji2dong4,8,-6.703784899132213,2,6.703784899132213,1,0,1,anti_homophones
18423,lK2sA4,6,-4.694910561998927,2,4.694910561998927,1,2,1,anti_homophones
18424,yQ2fa2,6,-6.454281251380082,2,6.454281251380082,1,0,1,anti_homophones
18425,qin1shQ3yu2zhi2,15,-12.856795862167791,4,12.856795862167791,1,0,0,anti_homophones
18426,mo2chong1ji1,12,-8.798331456251608,3,8.798331456251608,1,0,0,anti_homophones
18427,zhi4nLn4qi3,11,-9.13346066821622,3,9.13346066821622,1,0,0,anti_homophones
18428,zhu3jLn1fu5,11,-8.782300556403365,3,8.782300556403365,1,0,0,anti_homophones
18429,shan3fen3shu1,13,-9.795223888003218,3,9.795223888003218,1,0,0,anti_homophones
18430,tong1xLn4an1ru4,15,-12.31677603819552,4,12.31677603819552,1,0,0,anti_homophones
18431,xLng4shi1,9,-5.90515351386852,2,5.90515351386852,1,0,2,anti_homophones
18432,kA1ping2,8,-5.788383807702139,2,5.788383807702139,1,0,1,anti_homophones
18433,tun1hP2nLn4,11,-9.794408305754345,3,9.794408305754345,1,0,0,anti_homophones
18434,wu2li5dLn1,10,-10.028593873570234,3,10.028593873570234,1,0,0,anti_homophones
18435,gan3xin1,8,-5.617353632586516,2,5.617353632586516,1,0,2,anti_homophones
18436,yu2jin3yin1,11,-9.529879062285195,3,9.529879062285195,1,0,0,anti_homophones
18437,bu4zu2,6,-5.019595047281369,2,5.019595047281369,1,0,6,anti_homophones
18438,hV4men2,7,-5.589746444382973,2,5.589746444382973,1,0,4,anti_homophones
18439,bLn4hong4,9,-6.56168406957878,2,6.56168406957878,1,0,0,anti_homophones
18440,wo4xUn3lv4,10,-8.819694706292001,3,8.819694706292001,1,0,0,anti_homophones
18441,ri4jM2bQ4,9,-8.451264144655442,3,8.451264144655442,1,0,0,anti_homophones
18442,ran2sheng4,10,-6.382907994422446,2,6.382907994422446,1,0,1,anti_homophones
18443,da4xin1ha1,10,-8.597234139374326,3,8.597234139374326,1,0,0,anti_homophones
18444,deng1tang1jLn4qK2,17,-12.535479142129613,4,12.535479142129613,1,0,0,anti_homophones
18445,jLn1qing2,9,-5.996514016616123,2,5.996514016616123,1,0,3,anti_homophones
18446,dW4yu3,6,-5.366551659058027,2,5.366551659058027,1,1,5,anti_homophones
18447,shV3jLn1wE2,11,-8.47973613277429,3,8.47973613277429,1,0,0,anti_homophones
18448,mQ2lUn3,7,-7.841142617493146,2,7.841142617493146,1,0,0,anti_homophones
18449,zhi4rQ3,7,-7.857834802067962,2,7.857834802067962,1,0,0,anti_homophones
18450,qLn2ban3,8,-5.742247225845475,2,5.742247225845475,1,0,0,anti_homophones
18451,mu4nong1chUng1sheng4,20,-12.368995814854403,4,12.368995814854403,1,0,0,anti_homophones
18452,xLng4shen1,10,-6.263112815053096,2,6.263112815053096,1,0,2,anti_homophones
18453,yan3si4,7,-6.63580533957537,2,6.63580533957537,1,1,7,anti_homophones
18454,chu2xu1deng1,12,-10.107867969370933,3,10.107867969370933,1,0,0,anti_homophones
18455,qi1qUn1chi1,11,-9.726184030556517,3,9.726184030556517,1,0,0,anti_homophones
18456,an4chu3,7,-6.599545928078128,2,6.599545928078128,1,0,1,anti_homophones
18457,shI3hu4yin2zi5,14,-10.772586152915064,4,10.772586152915064,1,0,0,anti_homophones
18458,xin1gU1gUn3,11,-8.148888889157465,3,8.148888889157465,1,0,0,anti_homophones
18459,chUng4ben3shV3,14,-9.416140308294139,3,9.416140308294139,1,0,0,anti_homophones
18460,zhen4li4chu1lLng1,17,-12.221935377597399,4,12.221935377597399,1,0,0,anti_homophones
18461,xin1yin1,8,-5.628060168610076,2,5.628060168610076,1,0,3,anti_homophones
18462,gan3ke3yan4,11,-8.472692650178734,3,8.472692650178734,1,0,0,anti_homophones
18463,zhUng4sO3shi4,13,-8.744334536796424,3,8.744334536796424,1,0,0,anti_homophones
18464,da2feng1,8,-6.082615621141959,2,6.082615621141959,1,0,2,anti_homophones
18465,chong1nu4A4,11,-8.799565066896301,3,8.799565066896301,1,0,0,anti_homophones
18466,fu4hO4,6,-5.316851107145773,2,5.316851107145773,1,0,7,anti_homophones
18467,xM2yi2,6,-5.9279754596409555,2,5.9279754596409555,1,0,2,anti_homophones
18468,po4tu2,6,-5.108318481421453,2,5.108318481421453,1,0,0,anti_homophones
18469,pLn1li4ju1,10,-9.061405417679946,3,9.061405417679946,1,0,0,anti_homophones
18470,rUn3shan4shi4,13,-8.744351666621712,3,8.744351666621712,1,0,0,anti_homophones
18471,jW1xLn4ya2,10,-8.696328308676032,3,8.696328308676032,1,0,0,anti_homophones
18472,du1lun4er2,10,-9.106214139113094,3,9.106214139113094,1,0,0,anti_homophones
18473,tM3bQ4kV3chun2,14,-12.816763688023242,4,12.816763688023242,1,0,0,anti_homophones
18474,dan1gu3ge2,10,-8.472979404692172,3,8.472979404692172,1,0,0,anti_homophones
18475,qW1yi1pin4jM3,13,-14.348578609127372,4,14.348578609127372,1,0,0,anti_homophones
18476,zhU1sA3xW1shan4,15,-13.984226403878127,4,13.984226403878127,1,0,0,anti_homophones
18477,zhUng4qin2,10,-7.137974533820734,2,7.137974533820734,1,0,1,anti_homophones
18478,zhu4shi2,8,-5.295333632042822,2,5.295333632042822,1,1,5,anti_homophones
18479,zhi4bu4lu4yin3,14,-10.479415416916755,4,10.479415416916755,1,0,0,anti_homophones
18480,lO4shV3she4,11,-9.422936094032819,3,9.422936094032819,1,0,0,anti_homophones
18481,jW1bE4,6,-5.991222569655156,2,5.991222569655156,1,0,3,anti_homophones
18482,shi1zhen1,9,-6.204100336658226,2,6.204100336658226,1,1,1,anti_homophones
18483,mA4bu4lW4,9,-7.951434117290978,3,7.951434117290978,1,0,0,anti_homophones
18484,jLn3tW3zhen2,12,-9.776396625201935,3,9.776396625201935,1,0,0,anti_homophones
18485,dA4zhi4,7,-5.826158444437995,2,5.826158444437995,1,0,7,anti_homophones
18486,xK1zO4,6,-6.759497495857501,2,6.759497495857501,1,0,2,anti_homophones
18487,mA3fen1hI4,10,-8.537510906633905,3,8.537510906633905,1,0,0,anti_homophones
18488,du2mu4shen1zhUn4,16,-11.35133518280739,4,11.35133518280739,1,0,0,anti_homophones
18489,meng1gU1,8,-6.871467262263559,2,6.871467262263559,1,0,1,anti_homophones
18490,sheng1hong2,11,-6.169842655710295,2,6.169842655710295,1,0,3,anti_homophones
18491,jW1wE2zhu4,10,-8.652872967158542,3,8.652872967158542,1,0,0,anti_homophones
18492,yC4fu4su2qLng2,14,-13.073399111505319,4,13.073399111505319,1,0,0,anti_homophones
18493,mE3zha4xW1,10,-9.300225864472983,3,9.300225864472983,1,0,0,anti_homophones
18494,shi1bA3li4zhu1,14,-11.866160118085409,4,11.866160118085409,1,0,0,anti_homophones
18495,run4dA4,7,-6.149393745219419,2,6.149393745219419,1,0,3,anti_homophones
18496,yi2lQ3tang1,11,-9.973753403678732,3,9.973753403678732,1,0,0,anti_homophones
18497,gU1gO4zhUn2,11,-9.366774099664578,3,9.366774099664578,1,0,0,anti_homophones
18498,hUn3ha1rong4,12,-10.709497345405685,3,10.709497345405685,1,0,0,anti_homophones
18499,yang1yUn1song1,14,-11.206440362826044,3,11.206440362826044,1,0,0,anti_homophones
18500,chen2yan2yUn3,13,-9.60611075776955,3,9.60611075776955,1,0,0,anti_homophones
18501,da4shi2deng4zO4,15,-11.02445430055294,4,11.02445430055294,1,0,0,anti_homophones
18502,gO3gu3,6,-6.297791855206813,2,6.297791855206813,1,0,4,anti_homophones
18503,shi4ben3ti3,11,-8.465863637726258,3,8.465863637726258,1,0,0,anti_homophones
18504,xLn4dW4rong1,12,-8.636659135875828,3,8.636659135875828,1,0,0,anti_homophones
18505,nan2tLn1lLng2,13,-9.235839856045096,3,9.235839856045096,1,0,0,anti_homophones
18506,qin2zi5,7,-5.255628920683269,2,5.255628920683269,1,0,5,anti_homophones
18507,she4su4lM4,10,-8.245159598101212,3,8.245159598101212,1,0,0,anti_homophones
18508,bo1fE1e2,8,-8.1251410630989,3,8.1251410630989,1,0,0,anti_homophones
18509,gong2dQ4,8,-5.589931162800737,2,5.589931162800737,1,1,0,anti_homophones
18510,mA4yun5,7,-8.656303559239959,2,8.656303559239959,1,0,0,anti_homophones
18511,gan3zhi1gu3,11,-8.452523401463818,3,8.452523401463818,1,0,0,anti_homophones
18512,yi4jW1neng1,11,-8.817407460278453,3,8.817407460278453,1,0,0,anti_homophones
18513,yi4xing1shan2,13,-9.340744889749194,3,9.340744889749194,1,0,0,anti_homophones
18514,ge4si1lK2,9,-8.873118841838505,3,8.873118841838505,1,0,0,anti_homophones
18515,wang2xing4,10,-5.899674307993319,2,5.899674307993319,1,0,4,anti_homophones
18516,ju4bu4zhi2,10,-7.574451314068728,3,7.574451314068728,1,0,0,anti_homophones
18517,shang4gP1,9,-8.278455402229628,2,8.278455402229628,1,0,0,anti_homophones
18518,ge1qLng2xLng5ko4,16,-15.076388466540475,4,15.076388466540475,1,0,0,anti_homophones
18519,jing1fa1qing2dong1,18,-11.936023126477775,4,11.936023126477775,1,0,0,anti_homophones
18520,zhV4ban1,8,-6.848289487913713,2,6.848289487913713,1,0,2,anti_homophones
18521,long3yan4,9,-7.63994519324807,2,7.63994519324807,1,0,1,anti_homophones
18522,qM4shi5,7,-7.0161976216590745,2,7.0161976216590745,1,0,0,anti_homophones
18523,ke3ji2,6,-5.69239060600481,2,5.69239060600481,1,0,2,anti_homophones
18524,qUn2tV2su4,10,-8.318125278325306,3,8.318125278325306,1,0,0,anti_homophones
18525,lK3bu4rong4hUn2,15,-12.364206469485502,4,12.364206469485502,1,0,0,anti_homophones
18526,yin3yUn3dQ4,11,-8.877936661601233,3,8.877936661601233,1,0,0,anti_homophones
18527,gong1ji1,8,-5.017063884601745,2,5.017063884601745,1,0,11,anti_homophones
18528,fu2tu2,6,-5.3027990814824,2,5.3027990814824,1,0,3,anti_homophones
18529,bA3gI4an4,9,-10.520354251448893,3,10.520354251448893,1,0,0,anti_homophones
18530,zhu3yan3,8,-5.487293719140154,2,5.487293719140154,1,0,6,anti_homophones
18531,dLn4mo1hO3xLn4,14,-11.909475913883385,4,11.909475913883385,1,0,0,anti_homophones
18532,yu3qUn2,7,-5.795654239051327,2,5.795654239051327,1,0,5,anti_homophones
18533,tO1zi5,6,-4.974429727231335,2,4.974429727231335,1,1,6,anti_homophones
18534,shV1ge2dLn4,11,-8.554359991851607,3,8.554359991851607,1,0,0,anti_homophones
18535,zong2li3bW3shV3,15,-11.944188414529322,4,11.944188414529322,1,0,0,anti_homophones
18536,yQ2ye4,6,-5.060060218461122,2,5.060060218461122,1,0,5,anti_homophones
18537,tQ3qu4cheng1,12,-9.915458767540327,3,9.915458767540327,1,0,0,anti_homophones
18538,sheng1can2,10,-6.341045403656347,2,6.341045403656347,1,0,1,anti_homophones
18539,jM4xL4zi3,9,-8.203333975027984,3,8.203333975027984,1,0,0,anti_homophones
18540,xK4hU4xLn4,10,-7.686857008330881,3,7.686857008330881,1,0,0,anti_homophones
18541,shu3xun2,8,-6.809442453884537,2,6.809442453884537,1,0,1,anti_homophones
18542,leng2xM4,8,-7.139007467104382,2,7.139007467104382,1,0,1,anti_homophones
18543,jM3tW2zhun4,11,-9.361442313031663,3,9.361442313031663,1,0,0,anti_homophones
18544,tI4sheng2,9,-6.052206591085258,2,6.052206591085258,1,0,0,anti_homophones
18545,bQ3xLn2,7,-5.515541791206057,2,5.515541791206057,1,0,6,anti_homophones
18546,ming4xin1,9,-5.707975772815667,2,5.707975772815667,1,0,2,anti_homophones
18547,tQ4yong4,8,-6.627141769746533,2,6.627141769746533,1,0,1,anti_homophones
18548,zhong1ren2,10,-5.168874675112842,2,5.168874675112842,1,1,4,anti_homophones
18549,mi4ju1,6,-6.303423586755469,2,6.303423586755469,1,0,1,anti_homophones
18550,lin4shP3dW4,11,-9.896506836333582,3,9.896506836333582,1,0,0,anti_homophones
18551,qM4ti2yun4tV2,13,-11.995006962939257,4,11.995006962939257,1,0,0,anti_homophones
18552,yin1zO4wE4cha2,14,-11.484501281410513,4,11.484501281410513,1,0,0,anti_homophones
18553,gan4chUn1,9,-7.249076150271779,2,7.249076150271779,1,0,0,anti_homophones
18554,A1jL3shi4,9,-8.283083350591427,3,8.283083350591427,1,0,0,anti_homophones
18555,xLn1dA4,7,-5.89638454591131,2,5.89638454591131,1,0,2,anti_homophones
18556,fang3hen2ban1,13,-10.672652794507307,3,10.672652794507307,1,0,0,anti_homophones
18557,cheng1yang4yan3men2,19,-12.016166832184902,4,12.016166832184902,1,0,0,anti_homophones
18558,da3ti3gQ4lLng2,14,-12.059960230917948,4,12.059960230917948,1,0,0,anti_homophones
18559,bi4yUn2,7,-5.0826240298035685,2,5.0826240298035685,1,1,8,anti_homophones
18560,wen2chong1,10,-6.528168820282162,2,6.528168820282162,1,0,1,anti_homophones
18561,sang1shu1,9,-7.1964964870868116,2,7.1964964870868116,1,0,0,anti_homophones
18562,bing1zi5,8,-5.461682726795823,2,5.461682726795823,1,0,9,anti_homophones
18563,lv4hU4hen1,10,-8.94836561440234,3,8.94836561440234,1,0,0,anti_homophones
18564,ru2yi1su4zu3,12,-11.179573280182913,4,11.179573280182913,1,0,0,anti_homophones
18565,gUng1zheng1lv2,14,-9.814430223357334,3,9.814430223357334,1,0,0,anti_homophones
18566,mu3gu3zhu3rV4,13,-11.439041542767166,4,11.439041542767166,1,0,0,anti_homophones
18567,hO3gang2ming2,13,-9.93641679334786,3,9.93641679334786,1,0,0,anti_homophones
18568,qing1qK2chen1,13,-8.99038712834208,3,8.99038712834208,1,0,0,anti_homophones
18569,yu4lu4zi4,9,-9.241519702134466,3,9.241519702134466,1,0,0,anti_homophones
18570,xU4zhi4dLn4,11,-10.980836712258379,3,10.980836712258379,1,0,0,anti_homophones
18571,yQ2gan1qUn2,11,-8.29304424372013,3,8.29304424372013,1,0,0,anti_homophones
18572,tan1sheng1,10,-6.405858601081938,2,6.405858601081938,1,0,4,anti_homophones
18573,xL4lA2dLn4,10,-7.838248401238937,3,7.838248401238937,1,0,0,anti_homophones
18574,xing2ju2zhi1shV3,16,-11.257200572611227,4,11.257200572611227,1,0,0,anti_homophones
18575,cong1mo1bQ4fen3,15,-13.18162823477298,4,13.18162823477298,1,0,0,anti_homophones
18576,jing2kUn3,9,-6.329051862989356,2,6.329051862989356,1,1,1,anti_homophones
18577,bLn1shu4shu4,12,-8.501403588364242,3,8.501403588364242,1,0,0,anti_homophones
18578,qi4yV3,6,-5.906740652098069,2,5.906740652098069,1,0,2,anti_homophones
18579,wen4gUn3,8,-6.7709164499071814,2,6.7709164499071814,1,0,1,anti_homophones
18580,hu1tV2er2,9,-8.456489162558253,3,8.456489162558253,1,0,0,anti_homophones
18581,bQ1dQ4ren2,10,-7.897480526173477,3,7.897480526173477,1,0,0,anti_homophones
18582,ji1xi1nv3mQ4,12,-9.995171952011418,4,9.995171952011418,1,0,0,anti_homophones
18583,shi4zhan3,9,-5.888592300571432,2,5.888592300571432,1,0,0,anti_homophones
18584,wu3hO4,6,-5.609838007889353,2,5.609838007889353,1,0,2,anti_homophones
18585,mA4zi5,6,-5.389859738195751,2,5.389859738195751,1,0,6,anti_homophones
18586,pu1kA3mo4,9,-9.445467209717831,3,9.445467209717831,1,0,0,anti_homophones
18587,jing1hI4,8,-5.693341319919357,2,5.693341319919357,1,0,2,anti_homophones
18588,da4lA2,6,-5.3220893241179885,2,5.3220893241179885,1,1,4,anti_homophones
18589,lQ3zhang4shi4,13,-8.096364541512978,3,8.096364541512978,1,0,0,anti_homophones
18590,chi1yQ1ge2,10,-8.880731349791864,3,8.880731349791864,1,0,0,anti_homophones
18591,sI1ru4,6,-6.034346148097585,2,6.034346148097585,1,0,0,anti_homophones
18592,kong4bW3yan3,12,-8.969348247953253,3,8.969348247953253,1,0,0,anti_homophones
18593,yi1xin1hQ4,10,-7.533488980870846,3,7.533488980870846,1,0,0,anti_homophones
18594,ru2li3jL4,9,-8.43321912215543,3,8.43321912215543,1,0,0,anti_homophones
18595,chQ1ying2,9,-6.372888505159907,2,6.372888505159907,1,0,1,anti_homophones
18596,shi4jUn4jLn4sheng4,18,-12.098384579893875,4,12.098384579893875,1,0,0,anti_homophones
18597,chong4yan2,10,-6.274502423832095,2,6.274502423832095,1,0,0,anti_homophones
18598,tQ2nan2,7,-5.562858411781972,2,5.562858411781972,1,0,0,anti_homophones
18599,min2lLn4she3,12,-10.267535759412306,3,10.267535759412306,1,0,0,anti_homophones
18600,qUn2tLn1,8,-5.851396244520739,2,5.851396244520739,1,0,2,anti_homophones
18601,da3jin4,7,-5.4156474710268485,2,5.4156474710268485,1,0,2,anti_homophones
18602,jC2bang1xK1,11,-10.399280826072197,3,10.399280826072197,1,0,0,anti_homophones
18603,gong2bi4,8,-6.2718547674620595,2,6.2718547674620595,1,0,2,anti_homophones
18604,men2hI4,7,-5.754784140715646,2,5.754784140715646,1,0,4,anti_homophones
18605,chQ3cA4,7,-6.857250810034426,2,6.857250810034426,1,0,1,anti_homophones
18606,yi1gUn3,7,-5.068096553464375,2,5.068096553464375,1,0,5,anti_homophones
18607,qLng1zO4dan4zhang1,18,-11.969295517636883,4,11.969295517636883,1,0,0,anti_homophones
18608,dI4bi4yong4fang4,16,-11.561110446304484,4,11.561110446304484,1,0,0,anti_homophones
18609,chan4bu4kV3,11,-7.4059167849458944,3,7.4059167849458944,1,0,0,anti_homophones
18610,ju4yu2cu4,9,-9.169052260647277,3,9.169052260647277,1,0,1,anti_homophones
18611,bi3xLn4,7,-5.890956984844865,2,5.890956984844865,1,0,4,anti_homophones
18612,zhQ1hP2,7,-6.031245185388445,2,6.031245185388445,1,0,2,anti_homophones
18613,hU1zhV1zheng3yV2,16,-12.92044828777051,4,12.92044828777051,1,0,0,anti_homophones
18614,chen1chen1fang1,15,-9.573557320807993,3,9.573557320807993,1,0,0,anti_homophones
18615,du2bu4gang1kUn1,15,-12.338833902386385,4,12.338833902386385,1,0,0,anti_homophones
18616,cheng2zu1rO4,12,-9.88706442474327,3,9.88706442474327,1,0,0,anti_homophones
18617,cheng4hang2,11,-7.236764140789583,2,7.236764140789583,1,0,1,anti_homophones
18618,zhi3sheng2,10,-6.278982730781186,2,6.278982730781186,1,0,1,anti_homophones
18619,jing2zi3xC2,11,-7.943743588545541,3,7.943743588545541,1,0,0,anti_homophones
18620,zhO2zhi2,8,-6.403648864861243,2,6.403648864861243,1,0,0,anti_homophones
18621,zI4xi1,6,-5.939980578907448,2,5.939980578907448,1,0,3,anti_homophones
18622,tan3qin2,8,-7.4012304468045205,2,7.4012304468045205,1,0,1,anti_homophones
18623,lLn2qu4,7,-6.040511389274264,2,6.040511389274264,1,0,4,anti_homophones
18624,kUng1ren2,9,-5.740394741716908,2,5.740394741716908,1,0,3,anti_homophones
18625,song3shi4,9,-6.17676207671229,2,6.17676207671229,1,0,1,anti_homophones
18626,wu2tUn2,7,-6.161620652703252,2,6.161620652703252,1,0,3,anti_homophones
18627,cO4ji4fu2,9,-8.781079852298912,3,8.781079852298912,1,0,0,anti_homophones
18628,yV1sha1,7,-6.0687904146300475,2,6.0687904146300475,1,0,3,anti_homophones
18629,gUn3yu4hU4ce4,13,-10.709423753942607,4,10.709423753942607,1,0,0,anti_homophones
18630,kU1zV3fu2,9,-9.258929788485785,3,9.258929788485785,1,0,0,anti_homophones
18631,tW4tu2zhi4,10,-7.978672529940752,3,7.978672529940752,1,0,0,anti_homophones
18632,ying4yV2tong2ye5,16,-12.572410989634523,4,12.572410989634523,1,0,0,anti_homophones
18633,yi4zi5,6,-5.016226683997819,2,5.016226683997819,1,1,10,anti_homophones
18634,sheng1an1di3hUng1,17,-12.80461965419855,4,12.80461965419855,1,0,0,anti_homophones
18635,zhu4shi3,8,-5.812597189047552,2,5.812597189047552,1,0,3,anti_homophones
18636,hUn1ran2er5,11,-8.90281878903397,3,8.90281878903397,1,0,0,anti_homophones
18637,xLn4shV3xC2,11,-8.3694617701104,3,8.3694617701104,1,0,0,anti_homophones
18638,gO2ying4zhi3,12,-9.374032379875738,3,9.374032379875738,1,0,0,anti_homophones
18639,xun4shu1jM3fan3,15,-11.90578472544837,4,11.90578472544837,1,0,0,anti_homophones
18640,chu2hU4,7,-5.657754870327716,2,5.657754870327716,1,0,5,anti_homophones
18641,jin4ji3zhe2,11,-9.561666713432647,3,9.561666713432647,1,0,0,anti_homophones
18642,cA1zi5,6,-5.620274363482889,2,5.620274363482889,1,0,8,anti_homophones
18643,xLn4ding4qu1,12,-9.067847939002144,3,9.067847939002144,1,0,0,anti_homophones
18644,zhA2ming1qC4,12,-10.490466621793018,3,10.490466621793018,1,0,0,anti_homophones
18645,co1lun2,7,-8.52810825079515,2,8.52810825079515,1,0,0,anti_homophones
18646,wu4yan1zQ4wo3,13,-13.675358442747985,4,13.675358442747985,1,0,0,anti_homophones
18647,yi3bu4,6,-5.537975587512402,2,5.537975587512402,1,0,9,anti_homophones
18648,gUng2xun4,9,-6.9977104949453475,2,6.9977104949453475,1,0,0,anti_homophones
18649,zhQ3yUn2,8,-5.973635495219716,2,5.973635495219716,1,0,2,anti_homophones
18650,zhi1hang1he2xin1,16,-11.384122234109645,4,11.384122234109645,1,0,0,anti_homophones
18651,tong1dW4,8,-5.995280206410646,2,5.995280206410646,1,0,2,anti_homophones
18652,zi1rV2qun2,10,-9.42893708083609,3,9.42893708083609,1,0,0,anti_homophones
18653,ju4chang2,9,-6.216117645849876,2,6.216117645849876,1,0,3,anti_homophones
18654,gan1yan1,8,-6.425950841283925,2,6.425950841283925,1,0,0,anti_homophones
18655,bE4shi4di2,10,-8.622064834822973,3,8.622064834822973,1,0,0,anti_homophones
18656,yV3lan2ji1tO2,13,-13.115089501308283,4,13.115089501308283,1,0,0,anti_homophones
18657,dong2di3jLn4,12,-9.419472814022273,3,9.419472814022273,1,0,0,anti_homophones
18658,yi4zhi1bo2lA2,13,-10.682173829258922,4,10.682173829258922,1,0,0,anti_homophones
18659,shi4qu3qW3,10,-8.675701359721334,3,8.675701359721334,1,0,0,anti_homophones
18660,yV1xLn3,7,-5.781550051436192,2,5.781550051436192,1,0,4,anti_homophones
18661,lLn2tO1lan2,11,-9.474180471420416,3,9.474180471420416,1,0,0,anti_homophones
18662,jun1bE4zhi2,11,-8.888667440305454,3,8.888667440305454,1,0,0,anti_homophones
18663,ji2ren3,7,-6.552662271600992,2,6.552662271600992,1,0,0,anti_homophones
18664,ju4shi1dQ3,10,-8.623399064336875,3,8.623399064336875,1,0,0,anti_homophones
18665,chUng1yin3,10,-6.253767666126,2,6.253767666126,1,0,0,anti_homophones
18666,gQ1lV2,6,-5.569339100115261,2,5.569339100115261,1,0,1,anti_homophones
18667,yQ4ba1che1,10,-9.791885347444294,3,9.791885347444294,1,0,0,anti_homophones
18668,she2ye4ben3,11,-8.816554729599101,3,8.816554729599101,1,0,0,anti_homophones
18669,chu1xi1,7,-5.453149765277851,2,5.453149765277851,1,0,5,anti_homophones
18670,zi3dong2,8,-6.551529114371436,2,6.551529114371436,1,1,2,anti_homophones
18671,chA1fang2,9,-6.56679951334863,2,6.56679951334863,1,0,0,anti_homophones
18672,si3jL4,6,-5.8264389334539874,2,5.8264389334539874,1,0,8,anti_homophones
18673,tM3xLng4,8,-5.688055193368277,2,5.688055193368277,1,0,2,anti_homophones
18674,ni2tM3,6,-6.286466869015622,2,6.286466869015622,1,0,1,anti_homophones
18675,leng1tan4,9,-6.493892163798527,2,6.493892163798527,1,0,1,anti_homophones
18676,chu2qi4gP4zI3,13,-12.577639990528573,4,12.577639990528573,1,0,0,anti_homophones
18677,yong2zhi2xi4,12,-8.989892395890218,3,8.989892395890218,1,0,0,anti_homophones
18678,xW3shV4lK2,10,-8.104570138597017,3,8.104570138597017,1,0,0,anti_homophones
18679,ku1ju2,6,-6.196962154801348,2,6.196962154801348,1,0,0,anti_homophones
18680,jM4cun2,7,-7.403545416789089,2,7.403545416789089,1,0,0,anti_homophones
18681,bE1bo2bo2,9,-7.433827626167922,3,7.433827626167922,1,0,0,anti_homophones
18682,shV3tW2shi3,11,-8.340470229666776,3,8.340470229666776,1,0,0,anti_homophones
18683,jW4shen3,8,-6.3848926044408225,2,6.3848926044408225,1,0,0,anti_homophones
18684,jun1yun4,8,-5.758964281813803,2,5.758964281813803,1,0,1,anti_homophones
18685,lLng4su4de2,11,-8.764206843651085,3,8.764206843651085,1,0,0,anti_homophones
18686,chUng1ren2yi4,13,-7.9951117896104495,3,7.9951117896104495,1,0,0,anti_homophones
18687,ke3qK2ming4,11,-8.89499286518762,3,8.89499286518762,1,0,0,anti_homophones
18688,sV1jL4,6,-6.388588718859456,2,6.388588718859456,1,0,1,anti_homophones
18689,jM2gV4xu1yang2,14,-11.291079102952093,4,11.291079102952093,1,0,0,anti_homophones
18690,xM2gV2,6,-7.13254001232595,2,7.13254001232595,1,0,0,anti_homophones
18691,hI2cong1zhu4wE2,15,-11.726251890809799,4,11.726251890809799,1,0,0,anti_homophones
18692,hO4chI2,7,-7.177013500154541,2,7.177013500154541,1,0,1,anti_homophones
18693,da4zhu4di3zhi2,14,-11.566161892618496,4,11.566161892618496,1,0,0,anti_homophones
18694,shV4bing1,9,-6.144963191820173,2,6.144963191820173,1,0,2,anti_homophones
18695,xin1fa1mi2mo2,13,-11.391116555679314,4,11.391116555679314,1,0,0,anti_homophones
18696,ran2shi4er2,11,-8.487934544587837,3,8.487934544587837,1,0,0,anti_homophones
18697,la1lan3jL1ban4,14,-10.641447981027806,4,10.641447981027806,1,0,0,anti_homophones
18698,shi2wan4,8,-5.957306873449053,2,5.957306873449053,1,0,4,anti_homophones
18699,jun1si3,7,-6.155149288294385,2,6.155149288294385,1,0,3,anti_homophones
18700,gO2bQ4yu4lQ2,12,-11.432319730305831,4,11.432319730305831,1,0,0,anti_homophones
18701,lun2xL4lA2,10,-8.78843348015077,3,8.78843348015077,1,0,0,anti_homophones
18702,zhQ3she4,8,-6.578608640447883,2,6.578608640447883,1,0,1,anti_homophones
18703,sheng1san4jLn1,14,-9.762948393646818,3,9.762948393646818,1,0,0,anti_homophones
18704,gO1zhUn2zong4,13,-10.921033185092362,3,10.921033185092362,1,0,0,anti_homophones
18705,tO1tan2,7,-5.900828644095403,2,5.900828644095403,1,0,3,anti_homophones
18706,zhi1su4jM2,10,-8.70444711924386,3,8.70444711924386,1,0,0,anti_homophones
18707,zhi2yin4,8,-6.575003647836176,2,6.575003647836176,1,0,1,anti_homophones
18708,zang2wang2dQ3,13,-10.390698370629432,3,10.390698370629432,1,0,0,anti_homophones
18709,mQ4ku4fE1bu4,12,-14.501332735526983,4,14.501332735526983,1,0,0,anti_homophones
18710,dI4zhu3,7,-5.800172241525358,2,5.800172241525358,1,0,3,anti_homophones
18711,shan3xLn2,9,-6.70270271297234,2,6.70270271297234,1,0,2,anti_homophones
18712,ji3di2,6,-6.06346711974569,2,6.06346711974569,1,0,2,anti_homophones
18713,hUn2gUn4,8,-6.648324997097154,2,6.648324997097154,1,0,0,anti_homophones
18714,gu1mu4zhu3,10,-8.694912533139854,3,8.694912533139854,1,0,0,anti_homophones
18715,bQ1zhi1fE1zhan1,15,-11.90016038748952,4,11.90016038748952,1,0,0,anti_homophones
18716,mo4fE4,6,-5.344902097952,2,5.344902097952,1,0,0,anti_homophones
18717,zhi4pA4,7,-5.551700327211961,2,5.551700327211961,1,0,4,anti_homophones
18718,yi1kV3,6,-4.948429479946117,2,4.948429479946117,1,0,9,anti_homophones
18719,ban1shi4,8,-5.558640877313926,2,5.558640877313926,1,0,6,anti_homophones
18720,ma3pQ3,6,-6.060319299718291,2,6.060319299718291,1,0,0,anti_homophones
18721,hong4xLn4,9,-5.995470358988866,2,5.995470358988866,1,0,5,anti_homophones
18722,ren2cA2zhan2,12,-9.601469694817357,3,9.601469694817357,1,0,0,anti_homophones
18723,dM1run4,7,-6.74922263562595,2,6.74922263562595,1,0,0,anti_homophones
18724,bu4mLn4xM4,10,-8.903756006031731,3,8.903756006031731,1,0,0,anti_homophones
18725,qW1qing1yu2,11,-8.911644152728652,3,8.911644152728652,1,0,0,anti_homophones
18726,yi1bLn1ji4zhi4,14,-10.23577852489317,4,10.23577852489317,1,0,0,anti_homophones
18727,zhang2xing2,11,-5.8990562619197195,2,5.8990562619197195,1,0,1,anti_homophones
18728,qing1su4chan4,13,-9.060942822323788,3,9.060942822323788,1,0,0,anti_homophones
18729,sa1lO4hV4,9,-9.034537495220826,3,9.034537495220826,1,0,0,anti_homophones
18730,yan3di1,7,-6.684107070001833,2,6.684107070001833,1,0,2,anti_homophones
18731,tan2rV4jL1,10,-9.461991926759282,3,9.461991926759282,1,0,0,anti_homophones
18732,yi3ji2,6,-5.637115660566767,2,5.637115660566767,1,0,7,anti_homophones
18733,wA4bing2,8,-5.721731420992126,2,5.721731420992126,1,0,1,anti_homophones
18734,xLng1da4yUn1,12,-9.53761278619728,3,9.53761278619728,1,0,0,anti_homophones
18735,er3shV4shang3,13,-9.78732160791853,3,9.78732160791853,1,0,0,anti_homophones
18736,san1tQ4,7,-7.127322414504505,2,7.127322414504505,1,0,0,anti_homophones
18737,fan3lW4,7,-5.946160034138906,2,5.946160034138906,1,0,4,anti_homophones
18738,cha1di4dan1zhe3,15,-11.843175285169266,4,11.843175285169266,1,0,0,anti_homophones
18739,A4ming4gQ1bLn1,14,-11.910317636696778,4,11.910317636696778,1,0,0,anti_homophones
18740,qing1di4,8,-5.620584017736072,2,5.620584017736072,1,0,7,anti_homophones
18741,qing2mE4,8,-5.959677498688819,2,5.959677498688819,1,0,2,anti_homophones
18742,pa2xLn4,7,-6.259955506358941,2,6.259955506358941,1,0,3,anti_homophones
18743,si3zhan4,8,-6.352911025935037,2,6.352911025935037,1,0,0,anti_homophones
18744,yV3xin1jun1,11,-7.957435566727746,3,7.957435566727746,1,0,0,anti_homophones
18745,xUn1bE2jK5,10,-13.422992214529424,3,13.422992214529424,1,0,0,anti_homophones
18746,qun2sheng4,10,-6.612188210988632,2,6.612188210988632,1,0,0,anti_homophones
18747,ying2pin4mQ4ye4,15,-13.244786023696307,4,13.244786023696307,1,0,0,anti_homophones
18748,tV4ren2,7,-7.01639946491575,2,7.01639946491575,1,0,3,anti_homophones
18749,fa3jin4,7,-6.502296678966398,2,6.502296678966398,1,0,3,anti_homophones
18750,qLn2ban1Q2,10,-9.207387039709415,3,9.207387039709415,1,0,0,anti_homophones
18751,xM2xLng1,8,-6.4588349016981725,2,6.4588349016981725,1,0,2,anti_homophones
18752,ye1zE2,6,-5.671877658012688,2,5.671877658012688,1,0,0,anti_homophones
18753,zun3shu3,8,-9.43033107686499,2,9.43033107686499,1,0,0,anti_homophones
18754,shi1cheng2,10,-6.205886319372411,2,6.205886319372411,1,0,1,anti_homophones
18755,fen1ying2zhu4,13,-8.884971699687723,3,8.884971699687723,1,0,0,anti_homophones
18756,sheng2yi1,9,-6.139648385693157,2,6.139648385693157,1,0,4,anti_homophones
18757,ru4jing4zO5,11,-9.964388724191497,3,9.964388724191497,1,0,0,anti_homophones
18758,da4cong4,8,-5.792214300733459,2,5.792214300733459,1,0,3,anti_homophones
18759,wu3hUng1tLn1gO3,15,-11.966300566418475,4,11.966300566418475,1,0,0,anti_homophones
18760,pA2jC2,6,-5.555592852762245,2,5.555592852762245,1,0,1,anti_homophones
18761,xin1fE1chi2,11,-8.841467236401533,3,8.841467236401533,1,0,0,anti_homophones
18762,ju3jLn4,7,-6.04767933628599,2,6.04767933628599,1,0,2,anti_homophones
18763,jLn3er5,7,-5.304590491336715,2,5.304590491336715,1,0,3,anti_homophones
18764,zheng1cQ1chV4rV4,16,-12.853771951541686,4,12.853771951541686,1,0,0,anti_homophones
18765,zhI1hang4chang3,15,-9.837293325359719,3,9.837293325359719,1,0,0,anti_homophones
18766,bW1chen5A2,10,-11.425727559294998,3,11.425727559294998,1,0,0,anti_homophones
18767,lQ3wang4mQ4,11,-9.21005458075985,3,9.21005458075985,1,0,0,anti_homophones
18768,tu4ceng5,8,-9.117196907232856,2,9.117196907232856,1,0,0,anti_homophones
18769,tM3qW2,6,-5.4659467010478595,2,5.4659467010478595,1,0,2,anti_homophones
18770,bing1qi4,8,-5.4518213659073425,2,5.4518213659073425,1,0,7,anti_homophones
18771,ping2ceng4,10,-7.414108623268519,2,7.414108623268519,1,0,0,anti_homophones
18772,hI1xing2bQ4,11,-8.630852576267257,3,8.630852576267257,1,0,0,anti_homophones
18773,zhi4hI1gU1jM2,13,-12.322030063964705,4,12.322030063964705,1,0,0,anti_homophones
18774,lLn2mo2ling2,12,-9.656934163175462,3,9.656934163175462,1,0,0,anti_homophones
18775,er3e2,5,-5.773631740187161,2,5.773631740187161,1,0,1,anti_homophones
18776,hU4ya1,6,-6.079323216835624,2,6.079323216835624,1,0,1,anti_homophones
18777,shV3hI2,7,-6.439447424471683,2,6.439447424471683,1,0,1,anti_homophones
18778,sheng1du1shi4,13,-8.154863029451546,3,8.154863029451546,1,0,0,anti_homophones
18779,dA1hA4,6,-6.688003981920174,2,6.688003981920174,1,0,1,anti_homophones
18780,shen1sA4,8,-5.702440347720141,2,5.702440347720141,1,0,1,anti_homophones
18781,sheng1wu2zi5,12,-7.331379313006151,3,7.331379313006151,1,0,1,anti_homophones
18782,cI1men2hO1,10,-10.268196492465913,3,10.268196492465913,1,0,0,anti_homophones
18783,zO4jL3,6,-6.324187081597153,2,6.324187081597153,1,1,2,anti_homophones
18784,da4hI3gO3,9,-7.940035588874339,3,7.940035588874339,1,0,0,anti_homophones
18785,mu4tong1qu1,11,-8.374128239739605,3,8.374128239739605,1,0,0,anti_homophones
18786,mLn4xi1,7,-5.977727576450268,2,5.977727576450268,1,0,1,anti_homophones
18787,zang2mQ4,8,-6.916628314296295,2,6.916628314296295,1,0,3,anti_homophones
18788,cA2deng1,8,-6.568851475339063,2,6.568851475339063,1,0,1,anti_homophones
18789,bE4ren4ru2zhi4,14,-12.08137785737134,4,12.08137785737134,1,0,0,anti_homophones
18790,zi4yang4,8,-5.587237047344935,2,5.587237047344935,1,0,4,anti_homophones
18791,wu2pLn4,7,-5.603211607956471,2,5.603211607956471,1,0,4,anti_homophones
18792,yi1jLn1fang2,12,-8.078441607262787,3,8.078441607262787,1,0,0,anti_homophones
18793,jK3bE4,6,-5.251369312046408,2,5.251369312046408,1,1,4,anti_homophones
18794,xi3jM2shi4,10,-7.79123182702822,3,7.79123182702822,1,0,1,anti_homophones
18795,zhI1hen2jing1,13,-10.594937266437514,3,10.594937266437514,1,0,0,anti_homophones
18796,pin3pLn4,8,-6.070580317323967,2,6.070580317323967,1,0,1,anti_homophones
18797,nong1dong1zhang4,16,-9.397647351664688,3,9.397647351664688,1,0,0,anti_homophones
18798,ren2ting2,9,-6.229664640433309,2,6.229664640433309,1,0,2,anti_homophones
18799,tV2min2,7,-6.292755075992849,2,6.292755075992849,1,0,0,anti_homophones
18800,yan2she4,8,-5.789230004359884,2,5.789230004359884,1,0,6,anti_homophones
18801,zhong1kI4,9,-6.402399052786004,2,6.402399052786004,1,0,2,anti_homophones
18802,ci2hI4,6,-5.554124322641961,2,5.554124322641961,1,0,8,anti_homophones
18803,lQ3wu4,6,-5.385828942455954,2,5.385828942455954,1,1,8,anti_homophones
18804,lW2yUn2yan2ji4,14,-11.12132276893587,4,11.12132276893587,1,0,0,anti_homophones
18805,pin3shu1lLn3jLng1,17,-12.82568419976397,4,12.82568419976397,1,0,0,anti_homophones
18806,tu3cun1,7,-6.862361714957673,2,6.862361714957673,1,0,0,anti_homophones
18807,zan4zhang4xLn4,14,-9.357207021917066,3,9.357207021917066,1,0,0,anti_homophones
18808,mu4fE5,6,-7.579099896108518,2,7.579099896108518,1,0,1,anti_homophones
18809,gong1rV4,8,-6.051062377197294,2,6.051062377197294,1,0,3,anti_homophones
18810,jL1po2,6,-5.758938165054525,2,5.758938165054525,1,0,0,anti_homophones
18811,mQ2zI3,6,-6.211021504611426,2,6.211021504611426,1,0,1,anti_homophones
18812,pLn4shi4ji2zhe1,15,-11.999023032043915,4,11.999023032043915,1,0,0,anti_homophones
18813,qUn3yang2,9,-7.31536049076555,2,7.31536049076555,1,0,0,anti_homophones
18814,hE1nW3,6,-6.895558957407633,2,6.895558957407633,1,0,2,anti_homophones
18815,gUn3hU4,7,-5.3839347748140485,2,5.3839347748140485,1,0,1,anti_homophones
18816,lW4gUng1,8,-7.243264931028339,2,7.243264931028339,1,0,0,anti_homophones
18817,fa1bLn1,7,-6.208833747664359,2,6.208833747664359,1,0,3,anti_homophones
18818,jW1tI5,6,-7.652081785458071,2,7.652081785458071,1,0,0,anti_homophones
18819,shV1jL1,7,-5.836659211725182,2,5.836659211725182,1,1,7,anti_homophones
18820,bE3jK4,6,-5.716975551195237,2,5.716975551195237,1,0,1,anti_homophones
18821,ya1chen2ming2,13,-9.916360545638195,3,9.916360545638195,1,0,0,anti_homophones
18822,ru4ye4zhi4jun4,14,-12.579433515086063,4,12.579433515086063,1,0,0,anti_homophones
18823,bW1qW2shi4,10,-8.559684349247346,3,8.559684349247346,1,0,0,anti_homophones
18824,ke3ren5A3,9,-9.861918246579785,3,9.861918246579785,1,0,0,anti_homophones
18825,wen3an4,7,-6.3618168402200155,2,6.3618168402200155,1,0,0,anti_homophones
18826,nE4mE3hUng3,11,-10.271285316613325,3,10.271285316613325,1,0,0,anti_homophones
18827,po4ye3lV4,9,-9.4852597547739,3,9.4852597547739,1,0,0,anti_homophones
18828,da4ju1,6,-5.379155323444791,2,5.379155323444791,1,0,8,anti_homophones
18829,zheng1jing4jing3,16,-9.199283065613518,3,9.199283065613518,1,0,0,anti_homophones
18830,chu1chen4,9,-6.205821900995404,2,6.205821900995404,1,0,0,anti_homophones
18831,mo4xC2,6,-5.971828831954331,2,5.971828831954331,1,0,3,anti_homophones
18832,hI2shan4men2,12,-9.036474852944204,3,9.036474852944204,1,0,0,anti_homophones
18833,zhong1fa4du4ci2,15,-12.285147883248044,4,12.285147883248044,1,0,0,anti_homophones
18834,an4gUng1,8,-6.405012426822799,2,6.405012426822799,1,0,2,anti_homophones
18835,shi2qi4po1fa3,13,-11.481325125636753,4,11.481325125636753,1,0,0,anti_homophones
18836,ca1shi2re4,10,-9.609115264274603,3,9.609115264274603,1,0,0,anti_homophones
18837,zi4bW3,6,-5.072957603955915,2,5.072957603955915,1,1,3,anti_homophones
18838,jM1chan1,8,-6.340969273261607,2,6.340969273261607,1,0,3,anti_homophones
18839,xi3jK4,6,-6.196413268945629,2,6.196413268945629,1,0,1,anti_homophones
18840,zhi3dLn3chen2,13,-9.229431611344419,3,9.229431611344419,1,0,0,anti_homophones
18841,sheng2bu4,9,-5.644238593478476,2,5.644238593478476,1,1,1,anti_homophones
18842,qi3he2,6,-5.76148519898976,2,5.76148519898976,1,0,2,anti_homophones
18843,qLn2xLn4,8,-5.452103158749404,2,5.452103158749404,1,0,5,anti_homophones
18844,qK2fan4xing2,12,-8.930853425242756,3,8.930853425242756,1,0,0,anti_homophones
18845,xYng2ke4hV4fa3,14,-11.848837034445612,4,11.848837034445612,1,0,0,anti_homophones
18846,wu2tQ2,6,-5.553576113704082,2,5.553576113704082,1,1,4,anti_homophones
18847,yi3jK4wen2mQ4,13,-12.131567855928598,4,12.131567855928598,1,0,0,anti_homophones
18848,song1qLn2hO3,12,-9.454482596930719,3,9.454482596930719,1,0,0,anti_homophones
18849,tan1dun1,8,-7.650422158814951,2,7.650422158814951,1,0,0,anti_homophones
18850,cQ3ya2gO2,9,-9.082252646990101,3,9.082252646990101,1,0,0,anti_homophones
18851,chang4xL4yC4,12,-8.764579078983347,3,8.764579078983347,1,0,0,anti_homophones
18852,cQ3wu3dong1shi4,15,-10.696942381421833,4,10.696942381421833,1,0,0,anti_homophones
18853,zQ4shi4,7,-5.8534586502624695,2,5.8534586502624695,1,0,8,anti_homophones
18854,kU1dLn3wE4,10,-8.94409741272753,3,8.94409741272753,1,0,0,anti_homophones
18855,shi4bQ1,7,-5.155807234878055,2,5.155807234878055,1,0,3,anti_homophones
18856,fen1he1,7,-6.296980794070046,2,6.296980794070046,1,0,2,anti_homophones
18857,zi4ran3zu3tu2,13,-12.047533130818769,4,12.047533130818769,1,0,0,anti_homophones
18858,tI1yin1jing2wu4,15,-11.306481775527722,4,11.306481775527722,1,0,0,anti_homophones
18859,qLn1xing1wE2,12,-8.86727008982498,3,8.86727008982498,1,0,0,anti_homophones
18860,xW1sUn1lan3,11,-8.331722453305753,3,8.331722453305753,1,0,0,anti_homophones
18861,jW4yan1ti2,10,-9.336599165441193,3,9.336599165441193,1,0,0,anti_homophones
18862,fan1xL4,7,-6.4250374021495205,2,6.4250374021495205,1,0,6,anti_homophones
18863,chu1zhi2xi4,11,-8.26702694796672,3,8.26702694796672,1,0,0,anti_homophones
18864,chUng1ming4ji2,14,-8.737776423292157,3,8.737776423292157,1,0,0,anti_homophones
18865,yu4xLn4,7,-5.451759249217896,2,5.451759249217896,1,1,7,anti_homophones
18866,bQ4er4lK2,9,-8.699042543974707,3,8.699042543974707,1,0,0,anti_homophones
18867,cA4dW4yV3li3,12,-10.799106830169091,4,10.799106830169091,1,0,0,anti_homophones
18868,zeng2jL1,8,-6.216263316101685,2,6.216263316101685,1,0,0,anti_homophones
18869,pW3ban3hI4,10,-8.716510176893593,3,8.716510176893593,1,0,0,anti_homophones
18870,hV4ji1,6,-5.124272063001949,2,5.124272063001949,1,0,6,anti_homophones
18871,an4qi2bQ4,9,-8.742410148355992,3,8.742410148355992,1,0,0,anti_homophones
18872,ping2dQ4pLn4,12,-9.15129566453402,3,9.15129566453402,1,0,0,anti_homophones
18873,ku1shi1qin1,11,-9.081494358277505,3,9.081494358277505,1,0,0,anti_homophones
18874,qUn3wa2gUn3,11,-12.315360586833437,3,12.315360586833437,1,0,0,anti_homophones
18875,gO2zhi2,7,-5.777267323941606,2,5.777267323941606,1,0,3,anti_homophones
18876,nQ3jM4dW4,9,-8.722434896966732,3,8.722434896966732,1,0,0,anti_homophones
18877,ci3yu4jK3bing2,14,-11.364740003029981,4,11.364740003029981,1,0,0,anti_homophones
18878,yi4shen1,8,-5.778324521010053,2,5.778324521010053,1,1,1,anti_homophones
18879,shV3che4,8,-6.373130473402168,2,6.373130473402168,1,0,1,anti_homophones
18880,chu1xun2qi1lM4,14,-11.587533353391596,4,11.587533353391596,1,0,0,anti_homophones
18881,yV4ming4chan4,13,-9.381740206985537,3,9.381740206985537,1,0,0,anti_homophones
18882,ban3kA3xUn1,11,-9.66675820619454,3,9.66675820619454,1,0,0,anti_homophones
18883,ren2ku1shV3,11,-8.45530751436443,3,8.45530751436443,1,0,0,anti_homophones
18884,kA1ya1,6,-5.987690418895529,2,5.987690418895529,1,0,4,anti_homophones
18885,xLng3bE4lQ2,11,-8.941392019276996,3,8.941392019276996,1,0,0,anti_homophones
18886,chu1tA2si1,10,-9.577453774306923,3,9.577453774306923,1,0,0,anti_homophones
18887,zhUng4feng4ji1,14,-9.517985253663785,3,9.517985253663785,1,0,0,anti_homophones
18888,gUn1hV4,7,-5.86054204978332,2,5.86054204978332,1,0,0,anti_homophones
18889,shV4lu4,7,-5.464975605090596,2,5.464975605090596,1,1,5,anti_homophones
18890,wu2shen4,8,-5.5831357644242,2,5.5831357644242,1,1,5,anti_homophones
18891,yu4gong4fu2,11,-8.684552570089307,3,8.684552570089307,1,0,0,anti_homophones
18892,zA1pA4,6,-6.049345935476819,2,6.049345935476819,1,0,1,anti_homophones
18893,shen2zhA4,9,-6.950627300753665,2,6.950627300753665,1,0,2,anti_homophones
18894,jin3zi5,7,-5.621451904412975,2,5.621451904412975,1,0,6,anti_homophones
18895,yi2tM3qW3lW4,12,-10.656948569233876,4,10.656948569233876,1,0,0,anti_homophones
18896,da4man3qi2,10,-8.299451457574232,3,8.299451457574232,1,0,0,anti_homophones
18897,kong1man3,9,-6.679587200658651,2,6.679587200658651,1,0,1,anti_homophones
18898,gan1bi3shV1,11,-9.377692291609248,3,9.377692291609248,1,0,0,anti_homophones
18899,qing1yu3lv4shun4,16,-13.383549776418725,4,13.383549776418725,1,0,0,anti_homophones
18900,chan4kV3jL4,11,-8.994703200336538,3,8.994703200336538,1,0,0,anti_homophones
18901,gO4ci3,6,-6.648834765174344,2,6.648834765174344,1,0,1,anti_homophones
18902,ren2hQ3,7,-6.488932464576607,2,6.488932464576607,1,0,0,anti_homophones
18903,jin1lB4hP4,10,-10.132972478011649,3,10.132972478011649,1,0,0,anti_homophones
18904,zhang3qLn2san1,14,-10.326229385689436,3,10.326229385689436,1,0,0,anti_homophones
18905,dW1xLn4shi3,11,-8.609626766990122,3,8.609626766990122,1,0,0,anti_homophones
18906,zhu3bW3li3,10,-8.584247785246442,3,8.584247785246442,1,0,0,anti_homophones
18907,han4xLn2yUn2nong2,17,-12.757453566889545,4,12.757453566889545,1,0,0,anti_homophones
18908,qUn1sA4,7,-6.814605379549889,2,6.814605379549889,1,0,0,anti_homophones
18909,jing1lK2ji1,11,-8.717982544626315,3,8.717982544626315,1,0,0,anti_homophones
18910,dang2lE4,8,-6.754754695004421,2,6.754754695004421,1,0,1,anti_homophones
18911,yan2qK2tu3,10,-8.632930168384554,3,8.632930168384554,1,0,0,anti_homophones
18912,bu4ke3cQ3jLn1,13,-9.364911740739833,4,9.364911740739833,1,0,0,anti_homophones
18913,ping1dan1,9,-6.66219932725583,2,6.66219932725583,1,0,0,anti_homophones
18914,pan4dQ3,7,-6.578281883088177,2,6.578281883088177,1,0,1,anti_homophones
18915,zA3feng2,8,-6.8609165995017705,2,6.8609165995017705,1,0,1,anti_homophones
18916,sUn1cA4,7,-6.68972422442714,2,6.68972422442714,1,0,1,anti_homophones
18917,kA1xW1fu4fen4,13,-11.566466086998211,4,11.566466086998211,1,0,0,anti_homophones
18918,jK3wen4,7,-5.8097381648505095,2,5.8097381648505095,1,0,2,anti_homophones
18919,tLn1qi1mE4,10,-8.853686377710043,3,8.853686377710043,1,0,0,anti_homophones
18920,hU1lu4,6,-5.278083170462426,2,5.278083170462426,1,0,3,anti_homophones
18921,yV3yang4shi4ta3,15,-11.650049474056788,4,11.650049474056788,1,0,0,anti_homophones
18922,chen4qing4,10,-6.830046985248217,2,6.830046985248217,1,0,1,anti_homophones
18923,shi2fa3,7,-5.783112776979838,2,5.783112776979838,1,0,3,anti_homophones
18924,zhong1sQ1,9,-6.452105304527456,2,6.452105304527456,1,0,1,anti_homophones
18925,xin1rV4,7,-5.809326402666025,2,5.809326402666025,1,0,3,anti_homophones
18926,jW3yan3shUn2,12,-10.135616708254311,3,10.135616708254311,1,0,0,anti_homophones
18927,xin1xing4nu4,12,-8.37628229839388,3,8.37628229839388,1,0,0,anti_homophones
18928,shang2she4zheng4su4,19,-12.088416915981472,4,12.088416915981472,1,0,0,anti_homophones
18929,yV2ming2zhi1,12,-8.407030030667615,3,8.407030030667615,1,0,0,anti_homophones
18930,jin1xing2,9,-5.444980676792516,2,5.444980676792516,1,0,4,anti_homophones
18931,shU3zI3,7,-5.444814135233313,2,5.444814135233313,1,0,0,anti_homophones
18932,yi1qi1de2kV3,12,-10.740263928915438,4,10.740263928915438,1,0,0,anti_homophones
18933,tO4pu3tA2mE2,12,-12.12341211040915,4,12.12341211040915,1,0,0,anti_homophones
18934,ge2sheng2zheng2shen1,20,-12.524243856965699,4,12.524243856965699,1,0,0,anti_homophones
18935,zang1qu1,8,-6.949230423114215,2,6.949230423114215,1,0,0,anti_homophones
18936,jLn1lan2lun2,12,-9.381645131917706,3,9.381645131917706,1,0,0,anti_homophones
18937,bQ4gUn1,7,-5.389572356008271,2,5.389572356008271,1,1,5,anti_homophones
18938,cA3yu4,6,-5.632619546279442,2,5.632619546279442,1,0,1,anti_homophones
18939,du2zhi4bo1fu4,13,-11.181804736668298,4,11.181804736668298,1,0,0,anti_homophones
18940,tUn2fu2,7,-6.633918337005483,2,6.633918337005483,1,0,1,anti_homophones
18941,hUn2bu4,7,-5.826188864754062,2,5.826188864754062,1,0,4,anti_homophones
18942,shQ5shi4fen3,12,-10.604260390382926,3,10.604260390382926,1,0,0,anti_homophones
18943,dan4zhu4gan1ke4,15,-12.338437493147831,4,12.338437493147831,1,0,0,anti_homophones
18944,qLn2jM2dQ1jLn4,14,-11.716769345171926,4,11.716769345171926,1,0,0,anti_homophones
18945,zhong4du2hO4,12,-9.11219327884791,3,9.11219327884791,1,0,0,anti_homophones
18946,zi4leng1kan4,12,-9.863699562125129,3,9.863699562125129,1,0,0,anti_homophones
18947,la3bo1,6,-6.059012731253568,2,6.059012731253568,1,0,0,anti_homophones
18948,fang2qu3,8,-5.855349012982395,2,5.855349012982395,1,0,2,anti_homophones
18949,jing4zhI1,9,-7.1151041505216766,2,7.1151041505216766,1,0,0,anti_homophones
18950,ni3de5lA2,9,-8.327139676385045,3,8.327139676385045,1,0,0,anti_homophones
18951,xLn1shV3,8,-5.931905227364824,2,5.931905227364824,1,0,3,anti_homophones
18952,fu4li4,6,-4.93076908469985,2,4.93076908469985,1,0,13,anti_homophones
18953,yi3ying4jL2,11,-10.450480133893802,3,10.450480133893802,1,0,0,anti_homophones
18954,di3zhi3,7,-5.809445068811543,2,5.809445068811543,1,0,1,anti_homophones
18955,da4qLng2,8,-6.111017875242243,2,6.111017875242243,1,1,3,anti_homophones
18956,zha4zi3,7,-6.37714513721217,2,6.37714513721217,1,0,2,anti_homophones
18957,jLng3ling1,10,-7.1083502145125825,2,7.1083502145125825,1,0,0,anti_homophones
18958,xu1wu3,6,-5.692948278268604,2,5.692948278268604,1,0,0,anti_homophones
18959,zhUng2wu4,9,-6.12194094689814,2,6.12194094689814,1,0,4,anti_homophones
18960,ju4ru4,6,-6.393229281165873,2,6.393229281165873,1,0,5,anti_homophones
18961,si1po2ni4dLn3,13,-12.11819343640438,4,12.11819343640438,1,0,0,anti_homophones
18962,geng1kong1,10,-7.2436751755135695,2,7.2436751755135695,1,0,0,anti_homophones
18963,hP2zhO1kong2dong3,17,-14.28894425329067,4,14.28894425329067,1,0,0,anti_homophones
18964,ji1shU1,7,-6.844450128264981,2,6.844450128264981,1,0,1,anti_homophones
18965,shV1shang2nE4,13,-9.670399592117082,3,9.670399592117082,1,0,0,anti_homophones
18966,yUn2bu4xC4ke4,13,-10.688496422540094,4,10.688496422540094,1,0,0,anti_homophones
18967,jLn4hQ3,7,-5.99860908828149,2,5.99860908828149,1,0,2,anti_homophones
18968,dV3ren2,7,-5.770976595309245,2,5.770976595309245,1,0,5,anti_homophones
18969,cang1mi2mu4ce4,14,-11.893158485854705,4,11.893158485854705,1,0,0,anti_homophones
18970,hun1yi1,7,-6.314265573257108,2,6.314265573257108,1,0,0,anti_homophones
18971,zI3bo1shu4,10,-9.396444742893593,3,9.396444742893593,1,0,0,anti_homophones
18972,ti3ya2,6,-6.41477299288783,2,6.41477299288783,1,0,0,anti_homophones
18973,dLn3pang3lLng4,14,-9.787173218475917,3,9.787173218475917,1,0,0,anti_homophones
18974,wE4jin1,7,-5.848553567606972,2,5.848553567606972,1,0,5,anti_homophones
18975,fa4gUng2,8,-7.157125528062773,2,7.157125528062773,1,0,2,anti_homophones
18976,fa1xL2,6,-6.142627891616456,2,6.142627891616456,1,0,3,anti_homophones
18977,lM4wan3,7,-6.745644515899733,2,6.745644515899733,1,0,0,anti_homophones
18978,ding4xi2,8,-6.355018131383675,2,6.355018131383675,1,0,2,anti_homophones
18979,shV3gO2,7,-5.71316416287354,2,5.71316416287354,1,0,1,anti_homophones
18980,nLn2zhi2bi1,11,-10.399960539475074,3,10.399960539475074,1,0,0,anti_homophones
18981,ben3sO3,7,-6.0096527263304385,2,6.0096527263304385,1,0,0,anti_homophones
18982,ye3shV3,7,-5.811448664433593,2,5.811448664433593,1,0,4,anti_homophones
18983,bi2xu4,6,-6.300940642812203,2,6.300940642812203,1,0,3,anti_homophones
18984,chu1sheng1ying4,15,-8.268905878972094,3,8.268905878972094,1,0,0,anti_homophones
18985,shP3tV2,7,-5.7129705712154575,2,5.7129705712154575,1,0,2,anti_homophones
18986,kUng1wu2wE4,11,-8.463276441211171,3,8.463276441211171,1,0,0,anti_homophones
18987,tong4shi2,9,-5.623359415334823,2,5.623359415334823,1,0,3,anti_homophones
18988,yin4hQ4zhu1,11,-9.521049648769367,3,9.521049648769367,1,0,0,anti_homophones
18989,hI4zhUn4mo4,11,-9.72423398246326,3,9.72423398246326,1,0,0,anti_homophones
18990,li2ti3,6,-5.459472469412526,2,5.459472469412526,1,1,8,anti_homophones
18991,tu2po4li4jun1,13,-11.015826191076046,4,11.015826191076046,1,0,0,anti_homophones
18992,zhen3ban4,9,-6.9245355322999655,2,6.9245355322999655,1,0,0,anti_homophones
18993,wE4sheng2,9,-5.864480345952796,2,5.864480345952796,1,0,3,anti_homophones
18994,qLn3xLn1,8,-6.674178044017308,2,6.674178044017308,1,0,3,anti_homophones
18995,fa1cA3,6,-5.946282032129048,2,5.946282032129048,1,0,1,anti_homophones
18996,yi4li5ban3che1,14,-11.311843781405999,4,11.311843781405999,1,0,0,anti_homophones
18997,qing1mV3bu4,11,-10.348893530963414,3,10.348893530963414,1,0,0,anti_homophones
18998,zhang2mang1,11,-7.40183962456425,2,7.40183962456425,1,0,0,anti_homophones
18999,zhUn1mQ4,8,-6.846965622573036,2,6.846965622573036,1,0,1,anti_homophones
19000,yin1sA4,7,-5.682621928733734,2,5.682621928733734,1,0,3,anti_homophones
19001,ci2xW1gU1,9,-11.210427118543306,3,11.210427118543306,1,0,0,anti_homophones
19002,ge4er2fE4,9,-6.478638233006562,3,6.478638233006562,1,0,0,anti_homophones
19003,bQ4xLn3,7,-6.184182239516843,2,6.184182239516843,1,0,2,anti_homophones
19004,chu1xW3tang2jLn1,16,-11.733376933083699,4,11.733376933083699,1,0,0,anti_homophones
19005,ping2ren2,9,-5.443357263076686,2,5.443357263076686,1,0,4,anti_homophones
19006,jK4zO4,6,-5.46440489549032,2,5.46440489549032,1,1,1,anti_homophones
19007,shu1xin1gUn3shi3,16,-11.193706124926514,4,11.193706124926514,1,0,0,anti_homophones
19008,ya3pLn1kU1,10,-10.754265072030524,3,10.754265072030524,1,0,0,anti_homophones
19009,di1tA4,6,-6.72596483867173,2,6.72596483867173,1,0,1,anti_homophones
19010,hV4yan3dA4,10,-8.435401453598079,3,8.435401453598079,1,0,0,anti_homophones
19011,bu4pin3xi4,10,-8.020734450717232,3,8.020734450717232,1,0,0,anti_homophones
19012,wu2chong1,9,-5.8961317387028975,2,5.8961317387028975,1,0,1,anti_homophones
19013,dQ4yu4mo2,9,-8.681558896300418,3,8.681558896300418,1,0,0,anti_homophones
19014,pa2zhang4fa4shu2,16,-14.45369734108762,4,14.45369734108762,1,0,0,anti_homophones
19015,mu4wu4song3mu4,14,-12.847134680133662,4,12.847134680133662,1,0,0,anti_homophones
19016,du2xing1,8,-5.803290587990639,2,5.803290587990639,1,0,5,anti_homophones
19017,zhA2lW4,7,-6.540385834137176,2,6.540385834137176,1,0,1,anti_homophones
19018,fE3bLn4li4lv3,13,-12.228347685913533,4,12.228347685913533,1,0,0,anti_homophones
19019,tLn2wen2,8,-6.364316145288807,2,6.364316145288807,1,1,3,anti_homophones
19020,wA4yang3lBti4,13,-13.892006211605871,4,13.892006211605871,1,0,0,anti_homophones
19021,lin2si4zhu3,11,-9.281090164097346,3,9.281090164097346,1,0,0,anti_homophones
19022,ren2shi4li4,11,-7.500296525116966,3,7.500296525116966,1,0,0,anti_homophones
19023,yUn2shV4,8,-5.970401648212733,2,5.970401648212733,1,0,3,anti_homophones
19024,xLng2gI1an1hu2,14,-11.755983290550462,4,11.755983290550462,1,0,0,anti_homophones
19025,dI4yUn2,7,-5.3748685124570805,2,5.3748685124570805,1,0,9,anti_homophones
19026,da4dO4xing1,11,-8.632724019743739,3,8.632724019743739,1,0,0,anti_homophones
19027,ru3zhUng1,9,-6.656106900278356,2,6.656106900278356,1,0,1,anti_homophones
19028,gUn1kan3kA1shi4,15,-11.790035002419737,4,11.790035002419737,1,0,0,anti_homophones
19029,su2gu5,6,-7.544812989738955,2,7.544812989738955,1,0,0,anti_homophones
19030,hang2tQ4zhang1,14,-10.615788638984979,3,10.615788638984979,1,0,0,anti_homophones
19031,sQ3mu4,6,-5.506226110161995,2,5.506226110161995,1,0,7,anti_homophones
19032,lW2yu3,6,-5.757643921345385,2,5.757643921345385,1,0,0,anti_homophones
19033,si3fa4lM4,9,-9.089917381314553,3,9.089917381314553,1,0,0,anti_homophones
19034,bQ4chi3jW1jLn4,14,-12.286762361006524,4,12.286762361006524,1,0,0,anti_homophones
19035,shen1wA4xC2jL4,14,-10.533253936000872,4,10.533253936000872,1,0,0,anti_homophones
19036,hUng1hA3bLn4,12,-8.864342647245149,3,8.864342647245149,1,0,0,anti_homophones
19037,wu2bu4hO4,9,-7.681271539020384,3,7.681271539020384,1,0,0,anti_homophones
19038,lLng1yong2zhi4yQ4,17,-12.026647451375968,4,12.026647451375968,1,0,0,anti_homophones
19039,zhang1dLn4,10,-6.055434895998573,2,6.055434895998573,1,0,3,anti_homophones
19040,zhI1feng1mE2tV2,15,-11.440850145541228,4,11.440850145541228,1,0,0,anti_homophones
19041,V3shV4,6,-6.781506755336117,2,6.781506755336117,1,0,0,anti_homophones
19042,yi4shi2yu4,10,-7.749701007145658,3,7.749701007145658,1,0,0,anti_homophones
19043,yi2xin1,7,-5.247674893321319,2,5.247674893321319,1,0,4,anti_homophones
19044,xW3jW4xLn2,10,-8.663264007479816,3,8.663264007479816,1,0,0,anti_homophones
19045,xing1yang2jM4,13,-9.34409408573992,3,9.34409408573992,1,0,0,anti_homophones
19046,cA4fan4,7,-6.73167836512192,2,6.73167836512192,1,0,0,anti_homophones
19047,chu4zO4,7,-5.9502956471026,2,5.9502956471026,1,0,0,anti_homophones
19048,zhen1gUn3du2qi4,15,-11.498910423573212,4,11.498910423573212,1,0,0,anti_homophones
19049,zhQ1mLn3zhi4,12,-10.718119502116854,3,10.718119502116854,1,0,0,anti_homophones
19050,lin2fan4hQ4,11,-8.768636159676047,3,8.768636159676047,1,0,0,anti_homophones
19051,kong2hUn4fa2,12,-10.273159081029293,3,10.273159081029293,1,0,0,anti_homophones
19052,shV3bu4,7,-5.015692840275305,2,5.015692840275305,1,0,7,anti_homophones
19053,yun4hV4yong4,12,-8.969835561804356,3,8.969835561804356,1,0,0,anti_homophones
19054,xLn2jing4,9,-6.2230803170054,2,6.2230803170054,1,0,3,anti_homophones
19055,zI4hI3ping3,11,-9.712209537185913,3,9.712209537185913,1,0,0,anti_homophones
19056,zhong1wen4er2,13,-8.738504318934035,3,8.738504318934035,1,0,0,anti_homophones
19057,bA4ji1hong1,11,-9.625071063200865,3,9.625071063200865,1,0,0,anti_homophones
19058,xin1hQ2nan2,11,-9.054855928726946,3,9.054855928726946,1,0,0,anti_homophones
19059,lQ3lE4shA3wang2,15,-12.514640991280892,4,12.514640991280892,1,0,0,anti_homophones
19060,ti2qW4,6,-6.385234231282281,2,6.385234231282281,1,0,3,anti_homophones
19061,wen4lv4,7,-6.48158371229442,2,6.48158371229442,1,0,1,anti_homophones
19062,hU1hUng1,8,-5.872425380547099,2,5.872425380547099,1,0,0,anti_homophones
19063,shu3feng5dLn4,13,-10.389066251142685,3,10.389066251142685,1,0,0,anti_homophones
19064,zhi4de2,7,-5.5717660110536045,2,5.5717660110536045,1,0,3,anti_homophones
19065,zhi3xin1gUn1,12,-8.175230710066991,3,8.175230710066991,1,0,0,anti_homophones
19066,jC2xing1cQ3shang1,17,-11.98682937281617,4,11.98682937281617,1,0,0,anti_homophones
19067,zhQ4kV3,7,-5.68395061126312,2,5.68395061126312,1,0,0,anti_homophones
19068,sheng2bQ4fang4,14,-8.406455746239523,3,8.406455746239523,1,0,0,anti_homophones
19069,tV2ling3ju2,11,-10.070762429909571,3,10.070762429909571,1,0,0,anti_homophones
19070,shO4ban1yUn2jin4,16,-12.414986000563419,4,12.414986000563419,1,0,0,anti_homophones
19071,sheng2pen1zhun1,15,-11.01115778685581,3,11.01115778685581,1,0,0,anti_homophones
19072,fan3shu1po4,11,-8.877528608731597,3,8.877528608731597,1,0,0,anti_homophones
19073,la1long1,8,-6.053586993035115,2,6.053586993035115,1,0,1,anti_homophones
19074,dang3qu4,8,-6.393519653751619,2,6.393519653751619,1,0,2,anti_homophones
19075,bi4kA1fa3,9,-8.244648308098682,3,8.244648308098682,1,0,0,anti_homophones
19076,shV3jL1,7,-5.386106271442142,2,5.386106271442142,1,0,4,anti_homophones
19077,bLn4mE3,7,-6.244521167704802,2,6.244521167704802,1,0,2,anti_homophones
19078,xin1zi5,7,-4.89393699990779,2,4.89393699990779,1,0,8,anti_homophones
19079,xL4hO2,6,-6.128563203292584,2,6.128563203292584,1,0,0,anti_homophones
19080,shi2dA4bu4fa3,13,-9.661888773328588,4,9.661888773328588,1,0,0,anti_homophones
19081,ying2chong4,11,-6.42105675945751,2,6.42105675945751,1,1,1,anti_homophones
19082,chun4di4,8,-6.365638828056915,2,6.365638828056915,1,0,3,anti_homophones
19083,ji1cA3,6,-6.271786568117261,2,6.271786568117261,1,0,3,anti_homophones
19084,shu1yin4pLn1gUng3,17,-14.02396709628212,4,14.02396709628212,1,0,0,anti_homophones
19085,jK4yUn2bE4shi4,14,-10.91187353341554,4,10.91187353341554,1,0,0,anti_homophones
19086,lQ3yan2,7,-5.145284961006153,2,5.145284961006153,1,2,4,anti_homophones
19087,qing1she4,9,-6.132915011907299,2,6.132915011907299,1,0,2,anti_homophones
19088,fE4w2jing4,10,-10.982707715412179,2,10.982707715412179,1,0,0,anti_homophones
19089,ji1la1,6,-6.261536629808528,2,6.261536629808528,1,0,1,anti_homophones
19090,feng1tV2,8,-5.718751103340052,2,5.718751103340052,1,0,3,anti_homophones
19091,pi2qing3,8,-6.512961137138279,2,6.512961137138279,1,0,0,anti_homophones
19092,ying2yang4,10,-6.023467381906392,2,6.023467381906392,1,0,1,anti_homophones
19093,cu1du4pE4,9,-9.976306626313344,3,9.976306626313344,1,0,0,anti_homophones
19094,wE2nB4,6,-5.8819494679036755,2,5.8819494679036755,1,0,0,anti_homophones
19095,ben1shV1ti2feng2,16,-13.275455498734464,4,13.275455498734464,1,0,0,anti_homophones
19096,zhi4pi2zO4,10,-8.490992270357408,3,8.490992270357408,1,0,0,anti_homophones
19097,sang3dLn4,9,-7.0057734389265525,2,7.0057734389265525,1,0,2,anti_homophones
19098,ci4jM2,6,-6.119996693593788,2,6.119996693593788,1,0,6,anti_homophones
19099,xLng4ci4,8,-6.362585087728662,2,6.362585087728662,1,1,5,anti_homophones
19100,yan4qi1qi4,10,-7.820145098978395,3,7.820145098978395,1,0,0,anti_homophones
19101,zhi4du4,7,-5.380675917949336,2,5.380675917949336,1,0,5,anti_homophones
19102,zi4lK2dV4,9,-8.11245170242665,3,8.11245170242665,1,0,0,anti_homophones
19103,qing4kP4,8,-6.21717768951136,2,6.21717768951136,1,0,1,anti_homophones
19104,xi1hI4,6,-5.2728382417476,2,5.2728382417476,1,0,7,anti_homophones
19105,chUn1yi1,8,-6.311689104720321,2,6.311689104720321,1,0,1,anti_homophones
19106,gQ1dQ1,6,-5.36496700735077,2,5.36496700735077,1,0,5,anti_homophones
19107,li3bW3,6,-5.905311525032567,2,5.905311525032567,1,0,5,anti_homophones
19108,shV1qin2,8,-6.3671351063662645,2,6.3671351063662645,1,0,1,anti_homophones
19109,chong2bQ1,9,-6.467829931355343,2,6.467829931355343,1,0,0,anti_homophones
19110,te4gu3,6,-6.099571695682509,2,6.099571695682509,1,0,3,anti_homophones
19111,kP4zhong2bE4,12,-9.441192379880418,3,9.441192379880418,1,0,0,anti_homophones
19112,xing4hu1,8,-6.607148017739396,2,6.607148017739396,1,0,1,anti_homophones
19113,hO3gu3,6,-5.681617142704789,2,5.681617142704789,1,0,3,anti_homophones
19114,dV1lM4,6,-6.210037401176241,2,6.210037401176241,1,0,4,anti_homophones
19115,jW1tW2tW2,9,-7.332166187644338,3,7.332166187644338,1,0,0,anti_homophones
19116,lang2zheng1,11,-6.898046884933002,2,6.898046884933002,1,0,1,anti_homophones
19117,yi2zhu2lun2,11,-8.806460405317386,3,8.806460405317386,1,0,0,anti_homophones
19118,tan1dW4qi2,10,-10.010387995895055,3,10.010387995895055,1,0,0,anti_homophones
19119,ti2yUn3,7,-7.126029467436039,2,7.126029467436039,1,0,2,anti_homophones
19120,qUn2mW4qu1ju4,13,-11.964225129478482,4,11.964225129478482,1,0,0,anti_homophones
19121,jLng2xi4,8,-6.378482327921897,2,6.378482327921897,1,0,3,anti_homophones
19122,ge2zI4,6,-6.4376486619010045,2,6.4376486619010045,1,0,1,anti_homophones
19123,shV3zhi4,8,-5.205687710699435,2,5.205687710699435,1,1,7,anti_homophones
19124,chan4er2,8,-5.981533541181003,2,5.981533541181003,1,0,0,anti_homophones
19125,chu2hI4,7,-6.0045621975296815,2,6.0045621975296815,1,0,6,anti_homophones
19126,ju4tI4shUng1,12,-9.759397303745452,3,9.759397303745452,1,0,0,anti_homophones
19127,zQ4xW4xin1,10,-8.663830672964917,3,8.663830672964917,1,0,0,anti_homophones
19128,sheng1kI4,9,-6.258545259384011,2,6.258545259384011,1,0,3,anti_homophones
19129,hang2dang4,10,-6.8131960504929125,2,6.8131960504929125,1,0,2,anti_homophones
19130,e4bM2,5,-5.689093280579651,2,5.689093280579651,1,0,1,anti_homophones
19131,song4gP4,8,-8.033313431153315,2,8.033313431153315,1,0,0,anti_homophones
19132,V1yan3qC4,9,-9.262726384436439,3,9.262726384436439,1,0,0,anti_homophones
19133,zhen1li2,8,-6.495129621848207,2,6.495129621848207,1,0,2,anti_homophones
19134,rV2chang1,9,-7.044543206613464,2,7.044543206613464,1,0,0,anti_homophones
19135,dQ4gU4,6,-6.3830880921718105,2,6.3830880921718105,1,0,3,anti_homophones
19136,wA4ji4,6,-5.47619252038461,2,5.47619252038461,1,0,6,anti_homophones
19137,zu3zha4de2ta3,13,-12.662514384731312,4,12.662514384731312,1,0,0,anti_homophones
19138,lQ3peng1er2ji4,14,-11.151869063679571,4,11.151869063679571,1,0,0,anti_homophones
19139,lO2mo2teng1,11,-8.970353338523362,3,8.970353338523362,1,0,0,anti_homophones
19140,xW4qu1,6,-5.797793916335432,2,5.797793916335432,1,0,2,anti_homophones
19141,shi1zO4,7,-5.923827417376203,2,5.923827417376203,1,0,2,anti_homophones
19142,tM3shi1lv3shi4,14,-11.532851204285961,4,11.532851204285961,1,0,0,anti_homophones
19143,shI3gI1sheng4,13,-8.880146068840105,3,8.880146068840105,1,0,0,anti_homophones
19144,shan1yUn2,9,-5.774784089730238,2,5.774784089730238,1,0,3,anti_homophones
19145,hE1yi1,6,-5.775783188275293,2,5.775783188275293,1,0,2,anti_homophones
19146,yun4zi5,7,-4.954649703764752,2,4.954649703764752,1,0,3,anti_homophones
19147,lO4dong1jK1xLng2,16,-12.803115443838182,4,12.803115443838182,1,0,0,anti_homophones
19148,si1yin1,7,-5.757614988460189,2,5.757614988460189,1,0,2,anti_homophones
19149,can1fu5gan3e2,13,-11.174708454188234,4,11.174708454188234,1,0,0,anti_homophones
19150,zhUng1xC4tA4jW3,15,-12.21766402231297,4,12.21766402231297,1,0,0,anti_homophones
19151,jW1xing1,8,-5.925097312442189,2,5.925097312442189,1,0,4,anti_homophones
19152,zhen1zi5,8,-5.073256351351877,2,5.073256351351877,1,1,5,anti_homophones
19153,lan2mu4,7,-6.364891903654797,2,6.364891903654797,1,0,2,anti_homophones
19154,da4fan3,7,-5.384528409683073,2,5.384528409683073,1,0,8,anti_homophones
19155,pan4yV3shi2li4,14,-10.737559608282988,4,10.737559608282988,1,0,0,anti_homophones
19156,mo4ri4he1bW3,12,-13.812695122948112,4,13.812695122948112,1,0,0,anti_homophones
19157,fen1jM4,7,-5.834886247453998,2,5.834886247453998,1,0,2,anti_homophones
19158,he2bQ3,6,-5.964680672138719,2,5.964680672138719,1,0,1,anti_homophones
19159,xW3jLn1zang2zhu3,16,-11.73020917948362,4,11.73020917948362,1,0,0,anti_homophones
19160,shan2yu2,8,-6.5189426219063344,2,6.5189426219063344,1,0,0,anti_homophones
19161,lO2wu4lLng2,11,-8.900147930189581,3,8.900147930189581,1,0,0,anti_homophones
19162,yi1tong1jing2zu3,16,-11.273524477251408,4,11.273524477251408,1,0,0,anti_homophones
19163,cheng1feng3tong3,16,-10.19091075085245,3,10.19091075085245,1,0,0,anti_homophones
19164,lE3wu2cA3,9,-9.410675002303423,3,9.410675002303423,1,0,0,anti_homophones
19165,ying2jLn4hV4,12,-8.637074782950199,3,8.637074782950199,1,0,0,anti_homophones
19166,dA4fu2,6,-5.91541991680894,2,5.91541991680894,1,0,4,anti_homophones
19167,xUn3ming2fen1,13,-9.605227691180803,3,9.605227691180803,1,0,0,anti_homophones
19168,nQ4jing3,8,-6.817776749746238,2,6.817776749746238,1,0,1,anti_homophones
19169,qC1yC4zheng2,12,-8.802369729486946,3,8.802369729486946,1,0,0,anti_homophones
19170,wE2he2,6,-5.94356561782839,2,5.94356561782839,1,0,1,anti_homophones
19171,yV3zhen3li4,11,-9.106657934223803,3,9.106657934223803,1,0,0,anti_homophones
19172,neng1dan1,9,-7.046108556064744,2,7.046108556064744,1,0,1,anti_homophones
19173,ta4jL4,6,-6.5115439112849565,2,6.5115439112849565,1,0,1,anti_homophones
19174,yi2sun3er3,10,-9.892650032886612,3,9.892650032886612,1,0,0,anti_homophones
19175,pan2bA4lK2jW1,13,-13.285939620813316,4,13.285939620813316,1,0,0,anti_homophones
19176,he4tV5,6,-6.934691452255779,2,6.934691452255779,1,0,2,anti_homophones
19177,wA4lv4,6,-5.160204266470555,2,5.160204266470555,1,1,8,anti_homophones
19178,qLng1chV2min2dA4,16,-11.896146380211922,4,11.896146380211922,1,0,0,anti_homophones
19179,tang4yV3hQ4,11,-9.262482069180756,3,9.262482069180756,1,0,0,anti_homophones
19180,dQ4xu4,6,-6.699947436897063,2,6.699947436897063,1,0,5,anti_homophones
19181,kP4hQ4di3xC2,12,-11.120540088297014,4,11.120540088297014,1,0,0,anti_homophones
19182,bu4lK2fen1dLn4,14,-10.922055445905478,4,10.922055445905478,1,0,0,anti_homophones
19183,gQ1wan4fen3men2,15,-11.963457711127884,4,11.963457711127884,1,0,0,anti_homophones
19184,beng4hU4,8,-6.744422685693246,2,6.744422685693246,1,0,3,anti_homophones
19185,jing2dQ4,8,-5.393705334291944,2,5.393705334291944,1,0,6,anti_homophones
19186,ren2kO1ci2,10,-10.000316580109768,3,10.000316580109768,1,0,0,anti_homophones
19187,fu4mA4,6,-5.9933457398535825,2,5.9933457398535825,1,0,2,anti_homophones
19188,xLng2chong1,11,-6.582260586521552,2,6.582260586521552,1,0,0,anti_homophones
19189,hI2fan4,7,-6.06007936414501,2,6.06007936414501,1,0,0,anti_homophones
19190,xi1xC3,6,-6.186377135926483,2,6.186377135926483,1,0,0,anti_homophones
19191,xW4san3shu4,11,-9.352949322836864,3,9.352949322836864,1,0,0,anti_homophones
19192,nu4A3,5,-5.857969540952696,2,5.857969540952696,1,0,1,anti_homophones
19193,xLn4zI3,7,-6.040033739468635,2,6.040033739468635,1,1,2,anti_homophones
19194,shang3deng1fu1A2,16,-11.406026687938406,4,11.406026687938406,1,0,0,anti_homophones
19195,pA2gan3,7,-6.048083209114103,2,6.048083209114103,1,0,0,anti_homophones
19196,yu3ran2ban4,11,-9.014344769780452,3,9.014344769780452,1,0,0,anti_homophones
19197,cheng1she4xW1,13,-8.949190636228654,3,8.949190636228654,1,0,0,anti_homophones
19198,fang4xLn4,9,-5.664430600931208,2,5.664430600931208,1,0,2,anti_homophones
19199,xun4shi4A2,10,-8.163339710812043,3,8.163339710812043,1,0,0,anti_homophones
19200,lan2yong1,9,-6.877401673448015,2,6.877401673448015,1,0,0,anti_homophones
19201,ping2wE4sha1kO4,15,-13.328657504816775,4,13.328657504816775,1,0,0,anti_homophones
19202,chQ1zang2gUn1,13,-9.911559335025254,3,9.911559335025254,1,0,0,anti_homophones
19203,qi3yang2chu1,12,-8.795300300292578,3,8.795300300292578,1,0,0,anti_homophones
19204,ben3se4,7,-5.38119481394706,2,5.38119481394706,1,0,2,anti_homophones
19205,cha2pA4,7,-5.658239293530683,2,5.658239293530683,1,1,2,anti_homophones
19206,mi4shi3,7,-6.056112229315123,2,6.056112229315123,1,0,3,anti_homophones
19207,mu4an4shi2,10,-9.119667829459322,3,9.119667829459322,1,0,0,anti_homophones
19208,dLn4chen2yi4,12,-8.620942020310856,3,8.620942020310856,1,0,0,anti_homophones
19209,qing1jin4,9,-5.833294873211365,2,5.833294873211365,1,0,4,anti_homophones
19210,yi2ming4yUn3,12,-9.173885002763912,3,9.173885002763912,1,0,0,anti_homophones
19211,pi2shi3,7,-6.724784054543106,2,6.724784054543106,1,0,3,anti_homophones
19212,qin1sheng1,10,-5.963550069955414,2,5.963550069955414,1,0,0,anti_homophones
19213,fan3di3,7,-6.475864508004319,2,6.475864508004319,1,0,1,anti_homophones
19214,dLn3fang1lan4,13,-9.998170836088446,3,9.998170836088446,1,0,0,anti_homophones
19215,ge4ren2,7,-4.856431161720137,2,4.856431161720137,1,1,1,anti_homophones
19216,xLn4er2,7,-5.669792235859224,2,5.669792235859224,1,1,4,anti_homophones
19217,jW1he1zi5,9,-7.797716137415858,3,7.797716137415858,1,0,0,anti_homophones
19218,wan4dA1,7,-8.038514194460399,2,8.038514194460399,1,0,0,anti_homophones
19219,pan2ru4ke1,10,-9.38793959828493,3,9.38793959828493,1,0,0,anti_homophones
19220,pi1da4jin4,10,-8.896907794694927,3,8.896907794694927,1,0,0,anti_homophones
19221,zO3bing4cheng3bE1,17,-13.391852944378797,4,13.391852944378797,1,0,0,anti_homophones
19222,su2cO4,6,-6.992573413594965,2,6.992573413594965,1,0,2,anti_homophones
19223,jLn1ren2,8,-4.99841506248536,2,4.99841506248536,1,0,7,anti_homophones
19224,e4yun2fa2,9,-9.62350012663782,3,9.62350012663782,1,0,0,anti_homophones
19225,wen1zhu4,8,-6.201705547150102,2,6.201705547150102,1,0,1,anti_homophones
19226,yun4qi2,7,-6.566372995470553,2,6.566372995470553,1,0,1,anti_homophones
19227,wo4zheng4xin4gU4,16,-13.378685653846686,4,13.378685653846686,1,0,0,anti_homophones
19228,xLn3fu4chu2,11,-9.644751684084408,3,9.644751684084408,1,0,0,anti_homophones
19229,pan2ya1,7,-6.830077449315072,2,6.830077449315072,1,0,1,anti_homophones
19230,shQ3zhi3,8,-6.640751310875606,2,6.640751310875606,1,0,0,anti_homophones
19231,yong2jC2shen1,13,-9.758062404834163,3,9.758062404834163,1,0,0,anti_homophones
19232,ye4chO1,7,-7.226621783027591,2,7.226621783027591,1,0,0,anti_homophones
19233,du2bW3,6,-5.885490651216923,2,5.885490651216923,1,2,1,anti_homophones
19234,mE2jun1che3,11,-9.566040865222659,3,9.566040865222659,1,0,0,anti_homophones
19235,xLng3ta1sUn4,12,-10.40183698676959,3,10.40183698676959,1,0,0,anti_homophones
19236,beng2tV5,8,-7.320819090587956,2,7.320819090587956,1,0,0,anti_homophones
19237,yi3zhi2zhi2,11,-8.634483929288104,3,8.634483929288104,1,0,1,anti_homophones
19238,zheng2kP4,9,-6.260699702136852,2,6.260699702136852,1,0,1,anti_homophones
19239,xW3nW1lu1,9,-10.217388816318037,3,10.217388816318037,1,0,0,anti_homophones
19240,mLn4bQ1zhang3,13,-8.655495925104017,3,8.655495925104017,1,0,0,anti_homophones
19241,tQ1shI3,7,-6.710558292441345,2,6.710558292441345,1,0,2,anti_homophones
19242,cA2yUn2ti4,10,-9.670601813246641,3,9.670601813246641,1,0,0,anti_homophones
19243,kong4yan3,9,-6.365647389939675,2,6.365647389939675,1,0,1,anti_homophones
19244,ken3bin1qi2dQ4,14,-13.186945870289124,4,13.186945870289124,1,0,0,anti_homophones
19245,bQ3gen1yi4,10,-8.777626548528248,3,8.777626548528248,1,0,0,anti_homophones
19246,zhUng2shi2tong2zhu4,19,-12.93223786637204,4,12.93223786637204,1,0,0,anti_homophones
19247,chun4yin1,9,-7.109297605397179,2,7.109297605397179,1,0,0,anti_homophones
19248,qi1wen4,7,-6.719875654099686,2,6.719875654099686,1,0,1,anti_homophones
19249,bu4zhang1,9,-5.739625857694481,2,5.739625857694481,1,0,1,anti_homophones
19250,chun2qLng4,10,-7.296392314613196,2,7.296392314613196,1,0,0,anti_homophones
19251,jC2di3zhan1,11,-8.660681518743463,3,8.660681518743463,1,0,0,anti_homophones
19252,zO2tA4yan3,10,-8.25429996369621,3,8.25429996369621,1,0,0,anti_homophones
19253,jL3gu3,6,-5.17802604620687,2,5.17802604620687,1,1,3,anti_homophones
19254,zhI1fE4,7,-5.555402970655229,2,5.555402970655229,1,0,1,anti_homophones
19255,gang4qUn2,9,-6.256759297501799,2,6.256759297501799,1,0,0,anti_homophones
19256,qi2san4pLn1mA4,14,-12.88353064716098,4,12.88353064716098,1,0,0,anti_homophones
19257,ding1bu4sun3,12,-9.681091561859976,3,9.681091561859976,1,0,0,anti_homophones
19258,sI2dLn3,7,-6.007856781277497,2,6.007856781277497,1,0,1,anti_homophones
19259,zhi4jin4pQ4wang3,16,-11.987367581754183,4,11.987367581754183,1,0,0,anti_homophones
19260,gong1gUn1,9,-5.633867057468608,2,5.633867057468608,1,0,3,anti_homophones
19261,lLng2yUn2yin1,13,-9.169602632253566,3,9.169602632253566,1,0,0,anti_homophones
19262,fu2wu1,6,-5.629942719027869,2,5.629942719027869,1,0,2,anti_homophones
19263,wA4xLn4bQ4,10,-8.276296891840309,3,8.276296891840309,1,0,0,anti_homophones
19264,ji2xing2,8,-5.267794957483234,2,5.267794957483234,1,1,6,anti_homophones
19265,cA4dQ3xing2,11,-9.217596866675057,3,9.217596866675057,1,0,0,anti_homophones
19266,lLng1ru4xin1dong1,17,-12.326314013370876,4,12.326314013370876,1,0,0,anti_homophones
19267,cheng2ba1,9,-6.7032908445096275,2,6.7032908445096275,1,0,0,anti_homophones
19268,qing4yin4ren2,13,-8.613765505810317,3,8.613765505810317,1,0,0,anti_homophones
19269,lv3tu3xu4ming3,14,-11.824693579096717,4,11.824693579096717,1,0,0,anti_homophones
19270,ru3nQ3,6,-6.295491931674239,2,6.295491931674239,1,0,2,anti_homophones
19271,xu1xu1,6,-6.298416868755794,2,6.298416868755794,1,0,1,anti_homophones
19272,tang1qu3,8,-6.785960836114047,2,6.785960836114047,1,0,1,anti_homophones
19273,hA3li3chA2ding4,15,-11.898190502794119,4,11.898190502794119,1,0,0,anti_homophones
19274,jL1yong4,8,-5.947215116170241,2,5.947215116170241,1,0,0,anti_homophones
19275,chang3kong2,11,-7.049129473497292,2,7.049129473497292,1,0,0,anti_homophones
19276,zA4jing4du4,11,-8.65448468889585,3,8.65448468889585,1,0,0,anti_homophones
19277,bA2chan4,8,-5.984825836503859,2,5.984825836503859,1,0,1,anti_homophones
19278,sheng1dLn4,10,-5.36274134921404,2,5.36274134921404,1,0,3,anti_homophones
19279,bW1fa1,6,-6.704352275887853,2,6.704352275887853,1,0,1,anti_homophones
19280,mi2ming2,8,-5.565168968434803,2,5.565168968434803,1,0,2,anti_homophones
19281,chen4jL1fa3li3,14,-11.8945544183327,4,11.8945544183327,1,0,0,anti_homophones
19282,cV4hU4lu4,9,-8.474622482251014,3,8.474622482251014,1,0,0,anti_homophones
19283,ren4bing2,9,-6.546884980030106,2,6.546884980030106,1,0,0,anti_homophones
19284,tQ2yi4,6,-5.707010560047855,2,5.707010560047855,1,0,1,anti_homophones
19285,bQ3man4,7,-6.199735122151993,2,6.199735122151993,1,2,4,anti_homophones
19286,bang4se4gV4mLn2,15,-13.306049459402606,4,13.306049459402606,1,0,0,anti_homophones
19287,zhen1run4,9,-7.1746843429163345,2,7.1746843429163345,1,0,0,anti_homophones
19288,hU1ba1,6,-5.710232454122766,2,5.710232454122766,1,0,1,anti_homophones
19289,wang2pA1zan4,12,-9.69834820893165,3,9.69834820893165,1,0,0,anti_homophones
19290,fE1hA3xing4,11,-8.952133315302486,3,8.952133315302486,1,0,0,anti_homophones
19291,wE1ren2,7,-5.2867883118000885,2,5.2867883118000885,1,0,4,anti_homophones
19292,yV1xLn4,7,-5.152329529919055,2,5.152329529919055,1,1,5,anti_homophones
19293,he2jLn4chu1ran2,15,-10.513059724326375,4,10.513059724326375,1,0,0,anti_homophones
19294,ben3bQ4di4dI4,13,-11.781063048406677,4,11.781063048406677,1,0,0,anti_homophones
19295,zA1lun2yu3,10,-9.557438915942782,3,9.557438915942782,1,0,0,anti_homophones
19296,ang2sO3,7,-7.58968600690004,2,7.58968600690004,1,0,0,anti_homophones
19297,ji4feng2yan2,12,-8.295270950624358,3,8.295270950624358,1,0,0,anti_homophones
19298,fang1cQ1,8,-6.836553681529866,2,6.836553681529866,1,0,0,anti_homophones
19299,jW4yu3,6,-5.032721227553904,2,5.032721227553904,1,0,6,anti_homophones
19300,dLn4ding2zhO2,13,-9.711699785033916,3,9.711699785033916,1,0,0,anti_homophones
19301,A1can1xi2,9,-10.870388320454053,3,10.870388320454053,1,0,0,anti_homophones
19302,zhu4mo4lang3,12,-8.907483451355045,3,8.907483451355045,1,0,0,anti_homophones
19303,zhi2sO3,7,-5.962022220188373,2,5.962022220188373,1,0,1,anti_homophones
19304,yi4dA4gong3ge2,14,-12.282910217230388,4,12.282910217230388,1,0,0,anti_homophones
19305,le4tQ1gUn1,10,-9.45867316716438,3,9.45867316716438,1,0,0,anti_homophones
19306,ming2tLn1,9,-5.914619186021348,2,5.914619186021348,1,0,1,anti_homophones
19307,da4ma3,6,-4.741974495960589,2,4.741974495960589,1,1,3,anti_homophones
19308,gA4zheng2zO4,12,-9.79314937099344,3,9.79314937099344,1,0,0,anti_homophones
19309,yong1chi4,9,-6.721687811633547,2,6.721687811633547,1,0,0,anti_homophones
19310,da3qi4,6,-4.852777323138098,2,4.852777323138098,1,2,5,anti_homophones
19311,yu2mE3hI3,9,-9.39819771342727,3,9.39819771342727,1,0,0,anti_homophones
19312,yang2shi4,9,-5.461099078784294,2,5.461099078784294,1,0,8,anti_homophones
19313,xin1hUn2,8,-6.073959227645424,2,6.073959227645424,1,0,0,anti_homophones
19314,xW3xM3,6,-5.281582575076,2,5.281582575076,1,0,5,anti_homophones
19315,chQ1jC2,7,-6.138029196056911,2,6.138029196056911,1,1,0,anti_homophones
19316,cI1tO1qi4,9,-8.113250998739959,3,8.113250998739959,1,0,0,anti_homophones
19317,yang4bu4shi2dQ3,15,-10.956932767089915,4,10.956932767089915,1,0,0,anti_homophones
19318,lK2hV4ren2,10,-7.630150484696855,3,7.630150484696855,1,0,0,anti_homophones
19319,shan4hong1,10,-6.706421491048633,2,6.706421491048633,1,1,1,anti_homophones
19320,an1hUng4ti3lW4,14,-11.956741043845179,4,11.956741043845179,1,0,0,anti_homophones
19321,chan2jLn4,9,-6.573662724105699,2,6.573662724105699,1,0,0,anti_homophones
19322,bing1er2lA2,11,-7.739002374933323,3,7.739002374933323,1,0,0,anti_homophones
19323,bi4gO3,6,-6.043681390976916,2,6.043681390976916,1,0,5,anti_homophones
19324,ru2zhu1,7,-6.708565200759953,2,6.708565200759953,1,0,1,anti_homophones
19325,ying3zhe3,9,-6.22598296141588,2,6.22598296141588,1,0,2,anti_homophones
19326,shI3xLn2wu4,11,-8.265553983925663,3,8.265553983925663,1,0,0,anti_homophones
19327,lK2lu3,6,-7.152666149189077,2,7.152666149189077,1,0,1,anti_homophones
19328,kU1yUn1,7,-7.368158090625584,2,7.368158090625584,1,0,0,anti_homophones
19329,kQ3lu4,6,-5.594068369368369,2,5.594068369368369,1,0,6,anti_homophones
19330,dK1lun2lin2,11,-10.50839398708051,3,10.50839398708051,1,0,0,anti_homophones
19331,lV4yan2mu4gI1,13,-12.4623730473042,4,12.4623730473042,1,0,0,anti_homophones
19332,da4yu3mu4bQ1,12,-10.367199864348457,4,10.367199864348457,1,0,0,anti_homophones
19333,yu4yong2bu4,11,-8.825991759089655,3,8.825991759089655,1,0,0,anti_homophones
19334,chi1lA4,7,-6.792588436338103,2,6.792588436338103,1,0,2,anti_homophones
19335,chi2mQ2bQ1,10,-9.038106652145904,3,9.038106652145904,1,0,0,anti_homophones
19336,kong4peng2,10,-7.2667109868360455,2,7.2667109868360455,1,0,0,anti_homophones
19337,zhi1shi5,8,-6.243883524890621,2,6.243883524890621,1,0,3,anti_homophones
19338,yV4er5,6,-5.132380559658412,2,5.132380559658412,1,0,3,anti_homophones
19339,xC4bLn1gUn1,11,-9.98314130885723,3,9.98314130885723,1,0,0,anti_homophones
19340,hen1shi4,8,-6.029465156752493,2,6.029465156752493,1,0,3,anti_homophones
19341,xLng1hU1,8,-5.932444358907946,2,5.932444358907946,1,0,0,anti_homophones
19342,chI2ding2xin1hun4,17,-12.469813204263673,4,12.469813204263673,1,0,0,anti_homophones
19343,ji4jin1,7,-5.67972761999197,2,5.67972761999197,1,0,4,anti_homophones
19344,V3tV2sheng4,11,-8.58783903262932,3,8.58783903262932,1,0,0,anti_homophones
19345,hE1yang4zha2,12,-10.010513690297167,3,10.010513690297167,1,0,0,anti_homophones
19346,ku1wu2mu4,9,-8.13950511991095,3,8.13950511991095,1,0,0,anti_homophones
19347,shQ4dan4mLn3,12,-9.647709403284118,3,9.647709403284118,1,0,0,anti_homophones
19348,chi1mA4,7,-6.737379851488797,2,6.737379851488797,1,0,2,anti_homophones
19349,yu4xing3,8,-6.000015947774481,2,6.000015947774481,1,0,4,anti_homophones
19350,yC4yan2,7,-5.39448714236368,2,5.39448714236368,1,0,3,anti_homophones
19351,kI1dong4,8,-6.0517921500931635,2,6.0517921500931635,1,0,0,anti_homophones
19352,dong1bu4,8,-5.961589940784088,2,5.961589940784088,1,0,3,anti_homophones
19353,zhan1lK2,8,-6.736804821397133,2,6.736804821397133,1,0,0,anti_homophones
19354,dUn1fang3,9,-7.339554082690177,2,7.339554082690177,1,0,0,anti_homophones
19355,bu4jLng4ma3,11,-8.926348255256787,3,8.926348255256787,1,0,0,anti_homophones
19356,yi1ji2,6,-4.887885977391061,2,4.887885977391061,1,1,8,anti_homophones
19357,shu1jin1yi2,11,-8.924557316422709,3,8.924557316422709,1,0,0,anti_homophones
19358,zO4gUng1yong4,13,-9.582317688138891,3,9.582317688138891,1,0,0,anti_homophones
19359,yan2cheng1ban3,14,-8.948124611835905,3,8.948124611835905,1,0,0,anti_homophones
19360,shUng2yang3,11,-7.242988277034107,2,7.242988277034107,1,0,1,anti_homophones
19361,yV3zu2,6,-5.2597255697865,2,5.2597255697865,1,0,2,anti_homophones
19362,zheng2wE2,9,-6.150182764524799,2,6.150182764524799,1,0,0,anti_homophones
19363,xing2yang1qin1,14,-9.282107533056504,3,9.282107533056504,1,0,0,anti_homophones
19364,xLng4fa1,8,-6.291197998308022,2,6.291197998308022,1,0,1,anti_homophones
19365,shang2jing4zhi4bu4,18,-11.179285215696313,4,11.179285215696313,1,0,0,anti_homophones
19366,jL1ya1san4zhi2,14,-12.021590452658797,4,12.021590452658797,1,0,0,anti_homophones
19367,gong1lLng1,10,-6.069380623568339,2,6.069380623568339,1,1,2,anti_homophones
19368,kan1hU4,7,-5.849530343827784,2,5.849530343827784,1,0,4,anti_homophones
19369,zUn1tLn1,8,-6.798134759034027,2,6.798134759034027,1,0,0,anti_homophones
19370,pLn4xL3de2,10,-12.242687482218598,3,12.242687482218598,1,0,0,anti_homophones
19371,yi4lM4wan2,10,-8.992692618720946,3,8.992692618720946,1,0,0,anti_homophones
19372,jLng2chong4,11,-6.943876156784354,2,6.943876156784354,1,0,0,anti_homophones
19373,bA3zi3,6,-5.807294179858683,2,5.807294179858683,1,0,4,anti_homophones
19374,ya5ya3zhUng1,12,-10.712403870155146,3,10.712403870155146,1,0,0,anti_homophones
19375,chu3se4tA4kA4,13,-13.935763575031595,4,13.935763575031595,1,0,0,anti_homophones
19376,ying1dA4,8,-5.734423363449761,2,5.734423363449761,1,0,6,anti_homophones
19377,mi4dA4,6,-5.921950276302789,2,5.921950276302789,1,0,4,anti_homophones
19378,ge1ran2kong2tLn2,16,-13.270011772944537,4,13.270011772944537,1,0,0,anti_homophones
19379,ji2sheng1hQ4,12,-8.395215290561628,3,8.395215290561628,1,0,0,anti_homophones
19380,ying2hO3,8,-5.9535905132995826,2,5.9535905132995826,1,0,4,anti_homophones
19381,she4zi5,7,-5.044023646662519,2,5.044023646662519,1,1,3,anti_homophones
19382,wu2hQ4,6,-5.441226842347249,2,5.441226842347249,1,0,6,anti_homophones
19383,pi1chI2che1ge1,14,-12.428918790703136,4,12.428918790703136,1,0,0,anti_homophones
19384,qi2shI3gV1,10,-7.711009234623372,3,7.711009234623372,1,0,0,anti_homophones
19385,yong2pi2zhi4,12,-9.155337850567223,3,9.155337850567223,1,0,0,anti_homophones
19386,ban3mu4,7,-5.836028727418877,2,5.836028727418877,1,0,3,anti_homophones
19387,sV1bin1zhu3yang2,16,-12.86054029718326,4,12.86054029718326,1,0,0,anti_homophones
19388,ping1ji2,8,-5.951412044135368,2,5.951412044135368,1,0,1,anti_homophones
19389,feng1ti3,8,-5.73155056298957,2,5.73155056298957,1,0,1,anti_homophones
19390,tong1pLn4mang4,14,-9.897222111497351,3,9.897222111497351,1,0,0,anti_homophones
19391,xUn2fang2xing2,14,-9.313096794115408,3,9.313096794115408,1,0,0,anti_homophones
19392,she4he2ye2,10,-8.909531003794843,3,8.909531003794843,1,0,0,anti_homophones
19393,zhUng4yu4,9,-6.487725924340983,2,6.487725924340983,1,0,0,anti_homophones
19394,dLn4ping1shu1,13,-9.273263143700417,3,9.273263143700417,1,0,0,anti_homophones
19395,ren2wen2,8,-5.527125064065569,2,5.527125064065569,1,0,2,anti_homophones
19396,wang1la2,8,-7.7193147415502334,2,7.7193147415502334,1,0,0,anti_homophones
19397,xing2qK2wang2,13,-9.030882951455023,3,9.030882951455023,1,0,0,anti_homophones
19398,dang3fu2,8,-6.291340469510557,2,6.291340469510557,1,0,2,anti_homophones
19399,gong4zu3li3,11,-9.60263015151982,3,9.60263015151982,1,0,0,anti_homophones
19400,ni2nA4xC2,9,-9.928361287989869,3,9.928361287989869,1,0,0,anti_homophones
19401,yin1xing4yan3,13,-8.3576799474903,3,8.3576799474903,1,0,0,anti_homophones
19402,gQ1chUn1yV4mA3,14,-12.983496707045322,4,12.983496707045322,1,0,0,anti_homophones
19403,jM3zhang4,9,-6.496064770062323,2,6.496064770062323,1,0,0,anti_homophones
19404,xW4jK4jing4,11,-8.661691217365966,3,8.661691217365966,1,0,0,anti_homophones
19405,dong1xLng1xing2,15,-8.769210749476972,3,8.769210749476972,1,0,0,anti_homophones
19406,xM2shV3,7,-5.694296752701719,2,5.694296752701719,1,0,0,anti_homophones
19407,jC2chi4,7,-6.547415758681796,2,6.547415758681796,1,0,2,anti_homophones
19408,wE1xi1fan1,10,-8.355896891543221,3,8.355896891543221,1,0,0,anti_homophones
19409,ding1wang3hU4,13,-9.200910345548653,3,9.200910345548653,1,0,0,anti_homophones
19410,wu4jL4,6,-5.8558653093439075,2,5.8558653093439075,1,0,3,anti_homophones
19411,dLn4zhong3shi2,14,-8.671735471926986,3,8.671735471926986,1,0,0,anti_homophones
19412,yi1gU1,6,-5.462660228883876,2,5.462660228883876,1,0,2,anti_homophones
19413,pi1ku3,6,-6.265775871926447,2,6.265775871926447,1,0,3,anti_homophones
19414,gI3xLng1xLng3,13,-10.90817275336264,3,10.90817275336264,1,0,0,anti_homophones
19415,cheng1xLn4,10,-5.6585725086147445,2,5.6585725086147445,1,1,2,anti_homophones
19416,he2bing2,8,-5.580571021933948,2,5.580571021933948,1,0,1,anti_homophones
19417,zu3zhi1jing1,12,-8.192806942778853,3,8.192806942778853,1,0,0,anti_homophones
19418,yi1zheng2,9,-5.485177157966443,2,5.485177157966443,1,0,5,anti_homophones
19419,ping4si1,8,-6.855094771850066,2,6.855094771850066,1,0,1,anti_homophones
19420,zong4xL4jC2,11,-8.743577748639469,3,8.743577748639469,1,0,0,anti_homophones
19421,keng1wen1zhong4wang3,20,-14.165725240097863,4,14.165725240097863,1,0,0,anti_homophones
19422,lK2dI4ke4,9,-7.5223586361250305,3,7.5223586361250305,1,0,0,anti_homophones
19423,hUn4jM1,7,-7.026334122416399,2,7.026334122416399,1,0,0,anti_homophones
19424,dA3nA3lu4,9,-8.412513836811643,3,8.412513836811643,1,0,0,anti_homophones
19425,hU1mLn4,7,-6.715722481862529,2,6.715722481862529,1,0,3,anti_homophones
19426,she4bu3pin3da3,14,-12.576650025071775,4,12.576650025071775,1,0,0,anti_homophones
19427,qi1lu4,6,-5.955641196586567,2,5.955641196586567,1,0,3,anti_homophones
19428,ping2er2,8,-6.298832108633692,2,6.298832108633692,1,0,1,anti_homophones
19429,xL1zO4,6,-6.138002233728314,2,6.138002233728314,1,0,1,anti_homophones
19430,ji2dA4,6,-5.038660840825239,2,5.038660840825239,1,1,8,anti_homophones
19431,zi4bQ1men2,10,-8.196782684448904,3,8.196782684448904,1,0,0,anti_homophones
19432,gV4dQ4,6,-5.93011692683652,2,5.93011692683652,1,0,2,anti_homophones
19433,hu3jW4wen1,10,-10.204581037078555,3,10.204581037078555,1,0,0,anti_homophones
19434,xW1fu4,6,-5.386707227622366,2,5.386707227622366,1,0,9,anti_homophones
19435,yV2dQ4cheng3,12,-8.852018068150283,3,8.852018068150283,1,0,0,anti_homophones
19436,chang2shI3pin3lang2,19,-11.782000395172615,4,11.782000395172615,1,0,0,anti_homophones
19437,yang3wen2,9,-6.197459490622281,2,6.197459490622281,1,0,2,anti_homophones
19438,yV2ban4di2,10,-9.121358318549632,3,9.121358318549632,1,0,0,anti_homophones
19439,ying2lLng4bLn1,14,-9.646939890400516,3,9.646939890400516,1,0,0,anti_homophones
19440,jK4si3gUn4,10,-8.953054732418774,3,8.953054732418774,1,0,0,anti_homophones
19441,ke3shi3,7,-5.948006747565938,2,5.948006747565938,1,0,4,anti_homophones
19442,shQ4lQ2zheng2kP4,16,-13.24031113460189,4,13.24031113460189,1,0,0,anti_homophones
19443,pE2lLn2shang1,13,-9.745497117007558,3,9.745497117007558,1,0,0,anti_homophones
19444,yV3shi1yan3,11,-7.855220536364275,3,7.855220536364275,1,0,0,anti_homophones
19445,shu1gO3sha1ci4,14,-13.594822903185767,4,13.594822903185767,1,0,0,anti_homophones
19446,jW3qun2kang2mQ4,15,-12.817579590253427,4,12.817579590253427,1,0,0,anti_homophones
19447,cha4he2bu4,10,-9.188350610290614,3,9.188350610290614,1,0,0,anti_homophones
19448,mi4tA2,6,-5.6969267473837535,2,5.6969267473837535,1,0,4,anti_homophones
19449,gong3zhUng1,11,-6.738448272943273,2,6.738448272943273,1,0,0,anti_homophones
19450,jL3cheng1xLn4,13,-8.487806688373958,3,8.487806688373958,1,0,0,anti_homophones
19451,tong1xin1feng4,14,-8.57726540064877,3,8.57726540064877,1,0,0,anti_homophones
19452,pi1chen2bE3gU1,14,-13.790772284291675,4,13.790772284291675,1,0,0,anti_homophones
19453,qing1pen1,9,-6.94592188338403,2,6.94592188338403,1,0,0,anti_homophones
19454,ya1jLn4,7,-5.847080290536455,2,5.847080290536455,1,0,2,anti_homophones
19455,gUng1shen1,10,-6.407427937849174,2,6.407427937849174,1,0,2,anti_homophones
19456,wE3hI1nK2zA3,12,-10.15819786691884,4,10.15819786691884,1,0,0,anti_homophones
19457,tan3zhan4,9,-6.930698963865031,2,6.930698963865031,1,0,0,anti_homophones
19458,jin4lE4tA2,10,-8.460300489549166,3,8.460300489549166,1,0,0,anti_homophones
19459,gO2dong1jing2,13,-8.34650239719912,3,8.34650239719912,1,0,0,anti_homophones
19460,sheng3tQ4jM4,12,-10.289538939555285,3,10.289538939555285,1,0,0,anti_homophones
19461,yC4gI4,6,-5.8119041835936525,2,5.8119041835936525,1,0,1,anti_homophones
19462,xLn4chang2dLn4,14,-8.744465237380794,3,8.744465237380794,1,0,0,anti_homophones
19463,si3xM1,6,-6.634782171136272,2,6.634782171136272,1,0,1,anti_homophones
19464,fE4shi4ye4,10,-7.97620113704063,3,7.97620113704063,1,0,0,anti_homophones
19465,dW4bu2qin1,10,-9.622172067870492,3,9.622172067870492,1,0,0,anti_homophones
19466,dLn4jL1chA2yu4,14,-12.167465727992631,4,12.167465727992631,1,0,0,anti_homophones
19467,xL4ban4,7,-4.947986182185735,2,4.947986182185735,1,1,4,anti_homophones
19468,cha2fen1xing1,13,-8.654066735363807,3,8.654066735363807,1,0,0,anti_homophones
19469,bu4an1xi4,9,-7.922563283277523,3,7.922563283277523,1,0,0,anti_homophones
19470,shen4yi2,8,-6.584774327788458,2,6.584774327788458,1,0,0,anti_homophones
19471,pan4zUn1wen1,12,-11.657925797264229,3,11.657925797264229,1,0,0,anti_homophones
19472,cO4wu4,6,-5.180789524533602,2,5.180789524533602,1,0,2,anti_homophones
19473,chan1shen1jLng2jK3,18,-12.92317768708252,4,12.92317768708252,1,0,0,anti_homophones
19474,tQ3xLn2xin2,11,-11.916722471804068,3,11.916722471804068,1,0,0,anti_homophones
19475,chUn2zhi2,9,-6.118928454827103,2,6.118928454827103,1,1,1,anti_homophones
19476,yan3bi4zhQ4yi4,14,-11.62801594789599,4,11.62801594789599,1,0,0,anti_homophones
19477,kP4tV2chUng4,12,-8.998137755396765,3,8.998137755396765,1,0,0,anti_homophones
19478,ying4li1,8,-8.118831523872677,2,8.118831523872677,1,0,2,anti_homophones
19479,ke3zhA4zi3,10,-9.321154074711743,3,9.321154074711743,1,0,0,anti_homophones
19480,hV4xUn3qu4wan4,14,-11.462851369260477,4,11.462851369260477,1,0,0,anti_homophones
19481,xW3xin1wen2ju2,14,-10.220762387089907,4,10.220762387089907,1,0,0,anti_homophones
19482,dA3dan3gUng2xin1,16,-13.2177627575538,4,13.2177627575538,1,0,0,anti_homophones
19483,lLn4cA4,7,-6.893293347124324,2,6.893293347124324,1,0,1,anti_homophones
19484,hU1mu4,6,-5.354143274431805,2,5.354143274431805,1,1,3,anti_homophones
19485,gUn1xW4,7,-5.778669990316688,2,5.778669990316688,1,0,1,anti_homophones
19486,jC2ren2,7,-4.855568786425228,2,4.855568786425228,1,2,1,anti_homophones
19487,wE2qUn2,7,-5.470778107724675,2,5.470778107724675,1,0,4,anti_homophones
19488,jL3cA2,6,-6.616431255982231,2,6.616431255982231,1,0,1,anti_homophones
19489,di4zhQ4,7,-6.186078340201963,2,6.186078340201963,1,0,2,anti_homophones
19490,shI3ping3,9,-5.755590380548565,2,5.755590380548565,1,0,4,anti_homophones
19491,sha2di4,7,-7.796437576893186,2,7.796437576893186,1,0,2,anti_homophones
19492,jL1hU4,6,-5.311146921975031,2,5.311146921975031,1,0,3,anti_homophones
19493,chA1qing3bo1,12,-9.532802651046369,3,9.532802651046369,1,0,0,anti_homophones
19494,qC2tong4du4,11,-8.987559374775369,3,8.987559374775369,1,0,0,anti_homophones
19495,tI4ti2kV4,9,-9.669947328232928,3,9.669947328232928,1,0,0,anti_homophones
19496,ding1kP4,8,-6.6517489908258565,2,6.6517489908258565,1,0,1,anti_homophones
19497,ge1qing1,8,-6.724917421144292,2,6.724917421144292,1,0,2,anti_homophones
19498,ji4shi2,7,-4.975115673521989,2,4.975115673521989,1,0,11,anti_homophones
19499,zhi1gUng1zi4wE4,15,-11.574385414170436,4,11.574385414170436,1,0,0,anti_homophones
19500,wan3cang2,9,-7.202061100010467,2,7.202061100010467,1,0,0,anti_homophones
19501,shi4hA3tang4,12,-8.535781368637775,3,8.535781368637775,1,0,0,anti_homophones
19502,he2hUn2,7,-5.852929086485195,2,5.852929086485195,1,0,0,anti_homophones
19503,dI4tA4,6,-6.084475917880655,2,6.084475917880655,1,0,4,anti_homophones
19504,li3nan2gO3,10,-9.504199251782124,3,9.504199251782124,1,0,0,anti_homophones
19505,hU2zheng1tu4,12,-10.474430691585434,3,10.474430691585434,1,0,0,anti_homophones
19506,ti4dA4yQ4,9,-8.808823630356686,3,8.808823630356686,1,0,0,anti_homophones
19507,shI3bi3,7,-5.6978182851,2,5.6978182851,1,0,2,anti_homophones
19508,bu4qu1,6,-4.921541401155836,2,4.921541401155836,1,1,5,anti_homophones
19509,lLn4se4,7,-5.964125419805431,2,5.964125419805431,1,0,1,anti_homophones
19510,gQ1yan2gUn4,11,-8.281987817773203,3,8.281987817773203,1,0,0,anti_homophones
19511,ban1mu4bW1xing2,15,-12.055235311592702,4,12.055235311592702,1,0,0,anti_homophones
19512,mo2dV4ren2,10,-8.08103969005438,3,8.08103969005438,1,0,0,anti_homophones
19513,A2dA4,5,-5.526305265419491,2,5.526305265419491,1,0,3,anti_homophones
19514,shV3hQ4,7,-5.455989423856111,2,5.455989423856111,1,0,5,anti_homophones
19515,ming1ke4,8,-6.186513996254208,2,6.186513996254208,1,0,2,anti_homophones
19516,jing4chUn1shi3shu4,18,-12.689721371166645,4,12.689721371166645,1,0,0,anti_homophones
19517,jing2mLn4shi2,13,-8.101887814706016,3,8.101887814706016,1,0,0,anti_homophones
19518,hV4shi4xLng1min2,16,-11.420216212253564,4,11.420216212253564,1,0,0,anti_homophones
19519,lW2dong1hu4,11,-9.663446397082872,3,9.663446397082872,1,0,0,anti_homophones
19520,san1xLn4chun4,13,-9.696289089998334,3,9.696289089998334,1,0,0,anti_homophones
19521,yin1yi4,7,-5.260233158725445,2,5.260233158725445,1,0,9,anti_homophones
19522,pan4tO1pi1,10,-10.795566534723893,3,10.795566534723893,1,0,0,anti_homophones
19523,ju4yV3ze2,9,-8.259726897459602,3,8.259726897459602,1,0,0,anti_homophones
19524,ce4ye4mQ2xLn4,13,-11.67707504236773,4,11.67707504236773,1,0,0,anti_homophones
19525,jM3chang3,9,-6.41789297231801,2,6.41789297231801,1,0,1,anti_homophones
19526,hA3tV2,6,-5.249487101877885,2,5.249487101877885,1,0,4,anti_homophones
19527,jW1sA4,6,-5.7492602334317855,2,5.7492602334317855,1,0,2,anti_homophones
19528,rV4zhu3ru3,10,-9.22528521603466,3,9.22528521603466,1,0,0,anti_homophones
19529,tA4shV1,7,-6.837795061659771,2,6.837795061659771,1,0,1,anti_homophones
19530,sheng1yC4,9,-5.7547803628980585,2,5.7547803628980585,1,0,4,anti_homophones
19531,chu1ke1jK3,10,-8.647530648321855,3,8.647530648321855,1,0,0,anti_homophones
19532,yi1bA3feng2,11,-7.614369283120206,3,7.614369283120206,1,0,0,anti_homophones
19533,zA4tV2,6,-5.368309105361266,2,5.368309105361266,1,0,4,anti_homophones
19534,chu4jK4,7,-6.199282597270483,2,6.199282597270483,1,0,2,anti_homophones
19535,qing4jL3,8,-6.87126697177032,2,6.87126697177032,1,0,0,anti_homophones
19536,zhUn3hI2xLng4,13,-9.264146313305242,3,9.264146313305242,1,0,0,anti_homophones
19537,tO1mE4,6,-5.972280970731985,2,5.972280970731985,1,0,2,anti_homophones
19538,lK4yC1,6,-6.0464404905162095,2,6.0464404905162095,1,0,1,anti_homophones
19539,gUng1shi4bu4shi4,16,-9.757518726176587,4,9.757518726176587,1,0,0,anti_homophones
19540,kA1lu5,6,-6.022580258254279,2,6.022580258254279,1,0,1,anti_homophones
19541,qY2zhang3,9,-9.81620771503746,2,9.81620771503746,1,0,0,anti_homophones
19542,zhu3lLn2jK3,11,-8.587276827991031,3,8.587276827991031,1,0,0,anti_homophones
19543,jing4jLn4,9,-5.763208513735825,2,5.763208513735825,1,1,2,anti_homophones
19544,hE1she4,7,-5.8796787817671925,2,5.8796787817671925,1,0,3,anti_homophones
19545,lQ3hu2,6,-5.106375917017003,2,5.106375917017003,1,1,6,anti_homophones
19546,peng2kong1ying2,15,-9.582258393046581,3,9.582258393046581,1,0,0,anti_homophones
19547,feng3fE1chun4,13,-10.682126229476548,3,10.682126229476548,1,0,0,anti_homophones
19548,gu3ting4,8,-6.35178634753011,2,6.35178634753011,1,0,1,anti_homophones
19549,hang4xi1,8,-6.457144260748932,2,6.457144260748932,1,0,1,anti_homophones
19550,lK4jin4,7,-6.350267438725165,2,6.350267438725165,1,0,2,anti_homophones
19551,wan4zhO1,8,-7.047199652626995,2,7.047199652626995,1,0,0,anti_homophones
19552,shang4ze2,9,-6.508656757635091,2,6.508656757635091,1,1,1,anti_homophones
19553,bo1sa1hU1qi4,12,-10.863485918184233,4,10.863485918184233,1,0,0,anti_homophones
19554,zhang1gO4ming3ren2,18,-12.101022189340737,4,12.101022189340737,1,0,0,anti_homophones
19555,neng1ran2,9,-6.925631685757964,2,6.925631685757964,1,0,0,anti_homophones
19556,mE3gUn1,7,-5.382564640080249,2,5.382564640080249,1,0,3,anti_homophones
19557,xL4nLn4,7,-6.085781228212686,2,6.085781228212686,1,0,3,anti_homophones
19558,lan2wan3sA4,11,-9.909642341597284,3,9.909642341597284,1,0,0,anti_homophones
19559,bLn4che1,8,-5.714982957759308,2,5.714982957759308,1,0,1,anti_homophones
19560,de5jL3zi5,9,-8.454056359721637,3,8.454056359721637,1,0,0,anti_homophones
19561,ye4zi5,6,-5.17478761878945,2,5.17478761878945,1,0,8,anti_homophones
19562,chUn4yi1gUn3,12,-8.99162382813842,3,8.99162382813842,1,0,0,anti_homophones
19563,mu3ti4,6,-7.342948955805412,2,7.342948955805412,1,0,1,anti_homophones
19564,fa1sheng1qLng1,14,-8.701311324103374,3,8.701311324103374,1,0,0,anti_homophones
19565,tu1po4,6,-5.256324395505124,2,5.256324395505124,1,1,0,anti_homophones
19566,da4jC2,6,-5.847307931904798,2,5.847307931904798,1,0,5,anti_homophones
19567,zhUn1zhUn1,10,-6.9271144932419615,2,6.9271144932419615,1,0,0,anti_homophones
19568,tW2lL3,6,-6.753184027273977,2,6.753184027273977,1,0,0,anti_homophones
19569,ping4fang1shi3,14,-9.854413682493616,3,9.854413682493616,1,0,0,anti_homophones
19570,wE2rV4,6,-5.563163752438587,2,5.563163752438587,1,0,1,anti_homophones
19571,kV4zhQ4yin1,11,-10.337793929225523,3,10.337793929225523,1,0,0,anti_homophones
19572,zhun4ju4,8,-6.735421431266621,2,6.735421431266621,1,0,0,anti_homophones
19573,jW1shi4shI3,11,-8.152934282032051,3,8.152934282032051,1,0,0,anti_homophones
19574,zong1ma5jLn4zhi3,16,-11.836494280114737,4,11.836494280114737,1,0,0,anti_homophones
19575,hQ3hu3yi4,9,-7.186319433770074,3,7.186319433770074,1,0,0,anti_homophones
19576,mE2ku4,6,-5.8596143376403,2,5.8596143376403,1,0,5,anti_homophones
19577,zheng4de2,9,-6.4292187086553225,2,6.4292187086553225,1,0,0,anti_homophones
19578,hU4xL4,6,-5.598576926044061,2,5.598576926044061,1,0,1,anti_homophones
19579,jK4ji4,6,-5.150833003091598,2,5.150833003091598,1,0,7,anti_homophones
19580,shV3shQ1zhun1,13,-10.404006810694396,3,10.404006810694396,1,0,0,anti_homophones
19581,gU4chu1yang3,12,-9.232241589498704,3,9.232241589498704,1,0,0,anti_homophones
19582,shV4qu1,7,-5.697377427283711,2,5.697377427283711,1,0,1,anti_homophones
19583,wE1du2,6,-6.180787194597742,2,6.180787194597742,1,0,1,anti_homophones
19584,qi4ti3,6,-5.487929816323746,2,5.487929816323746,1,0,4,anti_homophones
19585,yi1feng1bang2jW1,16,-12.252064378699703,4,12.252064378699703,1,0,0,anti_homophones
19586,hong1bi4nv3peng1,16,-11.854672175621493,4,11.854672175621493,1,0,0,anti_homophones
19587,di3gUn3,7,-6.111342614569336,2,6.111342614569336,1,0,3,anti_homophones
19588,shi4shI3,8,-5.425657025484159,2,5.425657025484159,1,0,2,anti_homophones
19589,chUng4he4si1,12,-10.513348826563316,3,10.513348826563316,1,0,0,anti_homophones
19590,bQ3shV3,7,-5.428650615754163,2,5.428650615754163,1,0,4,anti_homophones
19591,tV2hen2,7,-7.081772244237047,2,7.081772244237047,1,0,1,anti_homophones
19592,ru3xi4,6,-5.844733391623537,2,5.844733391623537,1,0,1,anti_homophones
19593,la3zi3ji1ge2,12,-12.00998956956583,4,12.00998956956583,1,0,0,anti_homophones
19594,gong3jLng1,10,-6.80291762140609,2,6.80291762140609,1,0,0,anti_homophones
19595,shP4xLng3,9,-6.658477440832696,2,6.658477440832696,1,0,1,anti_homophones
19596,zhi3zha4,8,-6.44903324587281,2,6.44903324587281,1,0,0,anti_homophones
19597,ti3bA2zhun3,11,-11.268629941846884,3,11.268629941846884,1,0,0,anti_homophones
19598,xW3xing1kA1,11,-7.973607471942647,3,7.973607471942647,1,0,0,anti_homophones
19599,bA2lan4lA4yin3,14,-13.512963801535829,4,13.512963801535829,1,0,0,anti_homophones
19600,shu1fu3,7,-6.370858423348332,2,6.370858423348332,1,0,4,anti_homophones
19601,wA4ying4,8,-6.330919250951848,2,6.330919250951848,1,0,2,anti_homophones
19602,jL1ren2dUn4,11,-7.821832616300206,3,7.821832616300206,1,0,0,anti_homophones
19603,wu2mLn4ren2,11,-7.783555220016718,3,7.783555220016718,1,0,0,anti_homophones
19604,hong1zhang2cheng4,17,-9.513271308845031,3,9.513271308845031,1,0,0,anti_homophones
19605,zhi1dW4pLn1,11,-9.28910070638652,3,9.28910070638652,1,0,0,anti_homophones
19606,xLn1zhen1,9,-6.408933175235661,2,6.408933175235661,1,0,1,anti_homophones
19607,hI2jing2,8,-5.897231339935151,2,5.897231339935151,1,0,1,anti_homophones
19608,qLn2ren2,8,-4.937239995573354,2,4.937239995573354,1,0,8,anti_homophones
19609,cha2fa3,7,-5.718943278068702,2,5.718943278068702,1,0,1,anti_homophones
19610,dA4shu3gu3fen1,14,-11.630316408219654,4,11.630316408219654,1,0,0,anti_homophones
19611,sheng2sO3dQ4,12,-8.577548204278617,3,8.577548204278617,1,0,0,anti_homophones
19612,ling1qW4,8,-6.908481757947089,2,6.908481757947089,1,0,1,anti_homophones
19613,shan4shi4,9,-5.185253548450864,2,5.185253548450864,1,0,5,anti_homophones
19614,tW2zi1,6,-6.369400029095163,2,6.369400029095163,1,0,2,anti_homophones
19615,jLn1nQ3,7,-6.073207671392901,2,6.073207671392901,1,0,1,anti_homophones
19616,kA1zV4,6,-6.600676393885964,2,6.600676393885964,1,0,0,anti_homophones
19617,gI3tA2,6,-6.25132477242631,2,6.25132477242631,1,0,3,anti_homophones
19618,jLn1zhang1,10,-6.058157031995652,2,6.058157031995652,1,0,2,anti_homophones
19619,ci2gong1xM4,11,-9.180612731709626,3,9.180612731709626,1,0,0,anti_homophones
19620,qing1xC4,8,-6.429017686233434,2,6.429017686233434,1,0,3,anti_homophones
19621,dLn1ci2,7,-6.906468700897366,2,6.906468700897366,1,0,0,anti_homophones
19622,he2ding4ren2ba5,15,-13.515621241758769,4,13.515621241758769,1,0,0,anti_homophones
19623,gu3xin4ru4yan2,14,-11.4307330880606,4,11.4307330880606,1,0,0,anti_homophones
19624,yun4shang1fa1zhO1,17,-12.931227744724705,4,12.931227744724705,1,0,0,anti_homophones
19625,de5jW3yan3bi3,13,-11.935408891688667,4,11.935408891688667,1,0,0,anti_homophones
19626,san1bing2mi2,12,-9.99674465008375,3,9.99674465008375,1,0,0,anti_homophones
19627,re3shi4,7,-5.514527195814998,2,5.514527195814998,1,1,4,anti_homophones
19628,da4bi3,6,-5.273369675335231,2,5.273369675335231,1,0,8,anti_homophones
19629,fang5hU4,8,-6.7882826242096455,2,6.7882826242096455,1,0,1,anti_homophones
19630,xi1xLng4,8,-5.381187342996727,2,5.381187342996727,1,1,5,anti_homophones
19631,mi2lu2,6,-6.140180491029238,2,6.140180491029238,1,0,1,anti_homophones
19632,bQ3yi1jing4li3,14,-11.372145589299949,4,11.372145589299949,1,0,0,anti_homophones
19633,sha1chu2ji1,11,-8.291012674711789,3,8.291012674711789,1,0,0,anti_homophones
19634,xLng4zhe2,9,-6.535332030306179,2,6.535332030306179,1,0,2,anti_homophones
19635,du3gu1qi4,9,-9.083523435473813,3,9.083523435473813,1,0,0,anti_homophones
19636,er4jing2,8,-5.589996898676086,2,5.589996898676086,1,0,1,anti_homophones
19637,dLn3yong1deng1fa1,17,-12.251652806228305,4,12.251652806228305,1,0,0,anti_homophones
19638,wA4tu2,6,-5.756841336150606,2,5.756841336150606,1,0,3,anti_homophones
19639,mi3hUng4xL2zi4,14,-13.15110759774384,4,13.15110759774384,1,0,0,anti_homophones
19640,dong4di4,8,-6.141807191419599,2,6.141807191419599,1,0,1,anti_homophones
19641,gV4yV2,6,-6.69218126340021,2,6.69218126340021,1,0,3,anti_homophones
19642,dLn3hen1k4,10,-12.62524066396723,2,12.62524066396723,1,0,0,anti_homophones
19643,zV3dong4,8,-5.825599917820394,2,5.825599917820394,1,0,2,anti_homophones
19644,de5gU1,6,-6.010123262949609,2,6.010123262949609,1,0,0,anti_homophones
19645,wu3ha1,6,-6.4114068049792285,2,6.4114068049792285,1,0,1,anti_homophones
19646,ting1yun4,9,-6.502775929733107,2,6.502775929733107,1,0,1,anti_homophones
19647,nQ3chun3,8,-7.476239260392779,2,7.476239260392779,1,1,1,anti_homophones
19648,feng2gong2hA3gUn1,17,-12.419491102935263,4,12.419491102935263,1,0,0,anti_homophones
19649,lO2shu1shu4,11,-8.621838368926943,3,8.621838368926943,1,0,0,anti_homophones
19650,nQ3hu3,6,-6.062038564736921,2,6.062038564736921,1,0,5,anti_homophones
19651,tI1cu4ren2,10,-7.880397355152061,3,7.880397355152061,1,0,0,anti_homophones
19652,she4hU4di4,10,-8.229662591326488,3,8.229662591326488,1,0,0,anti_homophones
19653,shi2pu3,7,-5.513121096977811,2,5.513121096977811,1,0,3,anti_homophones
19654,wu3di4,6,-5.387641064340863,2,5.387641064340863,1,0,5,anti_homophones
19655,yan3zhUng4,10,-6.5671082212185325,2,6.5671082212185325,1,0,2,anti_homophones
19656,bA2li4jin3ba5,13,-12.145710782125178,4,12.145710782125178,1,0,0,anti_homophones
19657,ya2shI4,7,-7.0003186027003945,2,7.0003186027003945,1,0,2,anti_homophones
19658,zhU1hUng2ti1,12,-10.884336100237311,3,10.884336100237311,1,0,0,anti_homophones
19659,yi1sheng1pu3jLng4,17,-11.163551828554057,4,11.163551828554057,1,0,0,anti_homophones
19660,yi3ta4po4ge1,12,-13.098430719031757,4,13.098430719031757,1,0,0,anti_homophones
19661,zhong1fE1lun4,13,-9.704832844162087,3,9.704832844162087,1,0,0,anti_homophones
19662,po4lang2pW4,11,-8.771380054427652,3,8.771380054427652,1,0,0,anti_homophones
19663,xW3zA1nv3se4,12,-11.020007082050803,4,11.020007082050803,1,0,0,anti_homophones
19664,gUn1jW4dV4,10,-10.29872427450803,3,10.29872427450803,1,0,0,anti_homophones
19665,she4yUn2yC1,11,-8.341496102260981,3,8.341496102260981,1,0,0,anti_homophones
19666,na4yang2,8,-6.742523935828273,2,6.742523935828273,1,0,0,anti_homophones
19667,tu3sheng4,9,-6.629114441611395,2,6.629114441611395,1,0,2,anti_homophones
19668,zeng3yong4,10,-7.391180359185647,2,7.391180359185647,1,0,0,anti_homophones
19669,tW2xW4,6,-5.480933682489885,2,5.480933682489885,1,1,2,anti_homophones
19670,za2shi4,7,-5.339567261501129,2,5.339567261501129,1,1,1,anti_homophones
19671,hA3bLn4xLn1ren2,15,-10.890967487114533,4,10.890967487114533,1,0,0,anti_homophones
19672,bu4de2,6,-4.614446753632974,2,4.614446753632974,1,1,8,anti_homophones
19673,jLn4gong1,9,-5.724019371716651,2,5.724019371716651,1,0,2,anti_homophones
19674,dV2er4ji2,9,-11.236848265672421,3,11.236848265672421,1,0,0,anti_homophones
19675,shA3an1lO4nO4,13,-12.986614195241003,4,12.986614195241003,1,0,0,anti_homophones
19676,qing4yUn2,9,-5.635288808738813,2,5.635288808738813,1,0,3,anti_homophones
19677,ba1ban3di3mQ4,13,-11.843238143300354,4,11.843238143300354,1,0,0,anti_homophones
19678,ji2pi2,6,-5.847756821290277,2,5.847756821290277,1,0,2,anti_homophones
19679,ren2wu4,7,-5.175167234682539,2,5.175167234682539,1,0,1,anti_homophones
19680,jW1cO4,6,-5.273249187282682,2,5.273249187282682,1,0,2,anti_homophones
19681,han1ji1,7,-5.9452262723861535,2,5.9452262723861535,1,0,2,anti_homophones
19682,bu4keng2li4,11,-8.26376589237951,3,8.26376589237951,1,0,0,anti_homophones
19683,shV4bLn4mo4,11,-8.764895566443426,3,8.764895566443426,1,0,0,anti_homophones
19684,zhong3su4xu3,12,-10.089273147228093,3,10.089273147228093,1,0,0,anti_homophones
19685,fE1yV1mE3ren2,13,-10.512415648135885,4,10.512415648135885,1,0,0,anti_homophones
19686,shu1ji1,7,-5.122638103947086,2,5.122638103947086,1,0,6,anti_homophones
19687,mLn2yin3,8,-6.773186361842113,2,6.773186361842113,1,0,0,anti_homophones
19688,qLn2Q3,6,-5.756649653310576,2,5.756649653310576,1,0,1,anti_homophones
19689,bA3xing4,8,-6.158702492778878,2,6.158702492778878,1,0,4,anti_homophones
19690,te4pin3xL4,10,-8.40989886502147,3,8.40989886502147,1,0,0,anti_homophones
19691,xK4bing2,8,-6.196842330483965,2,6.196842330483965,1,0,1,anti_homophones
19692,qin1du4,7,-5.969065568973159,2,5.969065568973159,1,0,4,anti_homophones
19693,ying2zhe3,9,-5.730898699799392,2,5.730898699799392,1,1,6,anti_homophones
19694,tQ2dA4du2ji1,12,-11.369378249969033,4,11.369378249969033,1,0,0,anti_homophones
19695,kUn3jM2li4yang4,15,-11.689023901858356,4,11.689023901858356,1,0,0,anti_homophones
19696,jW1wang4,8,-5.8536139049187925,2,5.8536139049187925,1,0,1,anti_homophones
19697,dan1yi4jin4he2,14,-11.138201294665187,4,11.138201294665187,1,0,0,anti_homophones
19698,lQ3mu4shu1,10,-8.207913641320129,3,8.207913641320129,1,0,0,anti_homophones
19699,nan2bE4a1,9,-8.787449067159136,3,8.787449067159136,1,0,0,anti_homophones
19700,tLn1nK2di1,10,-9.665953690778428,3,9.665953690778428,1,0,0,anti_homophones
19701,du2zhe3,7,-5.377936354932182,2,5.377936354932182,1,0,3,anti_homophones
19702,shi3zu2beng2,12,-10.447673738997718,3,10.447673738997718,1,0,0,anti_homophones
19703,qi3teng2cO4,11,-10.560557635997506,3,10.560557635997506,1,0,0,anti_homophones
19704,qi2man3,7,-6.101705416672017,2,6.101705416672017,1,0,2,anti_homophones
19705,gu3rV4bi3,9,-8.475454064412759,3,8.475454064412759,1,0,0,anti_homophones
19706,hO3dO2,6,-6.968420457817938,2,6.968420457817938,1,0,0,anti_homophones
19707,zhi4zhang3,10,-5.943795483840906,2,5.943795483840906,1,0,0,anti_homophones
19708,di4qu1jLn4ye4,13,-11.086033516015238,4,11.086033516015238,1,0,0,anti_homophones
19709,chu1neng4,9,-6.964304860836174,2,6.964304860836174,1,0,1,anti_homophones
19710,mu3zhen5,8,-8.603514172455956,2,8.603514172455956,1,0,1,anti_homophones
19711,chu1zi1zhQ1dW4,14,-11.43913024012191,4,11.43913024012191,1,0,0,anti_homophones
19712,zhi1jW4,7,-5.832423402143497,2,5.832423402143497,1,0,5,anti_homophones
19713,gV4he2,6,-6.312400598217087,2,6.312400598217087,1,0,2,anti_homophones
19714,shi4hu1yu2,10,-8.398795750137914,3,8.398795750137914,1,0,0,anti_homophones
19715,mo4A1,5,-5.3671117565204325,2,5.3671117565204325,1,0,2,anti_homophones
19716,shan1yu3ying2,13,-8.997985507155288,3,8.997985507155288,1,0,0,anti_homophones
19717,xLn2zhong2zi5,13,-8.6158999425721,3,8.6158999425721,1,0,0,anti_homophones
19718,pA1men2,7,-5.021542342656769,2,5.021542342656769,1,1,1,anti_homophones
19719,song4er2,8,-6.633036912621245,2,6.633036912621245,1,0,2,anti_homophones
19720,meng3er3,8,-8.044405037877256,2,8.044405037877256,1,0,0,anti_homophones
19721,da4shi4,7,-4.366666765887742,2,4.366666765887742,1,1,13,anti_homophones
19722,xi2gUn1,7,-6.2466728147383055,2,6.2466728147383055,1,0,1,anti_homophones
19723,qLng3shi4dan4mLn4,17,-11.5791503654126,4,11.5791503654126,1,0,0,anti_homophones
19724,hang4ban1chu1,13,-9.656811057161361,3,9.656811057161361,1,0,0,anti_homophones
19725,chV2bQ4jK4,10,-8.769032500912228,3,8.769032500912228,1,0,0,anti_homophones
19726,zA4lv4,6,-5.695819153926816,2,5.695819153926816,1,1,7,anti_homophones
19727,rV4lE4,6,-5.909567010840322,2,5.909567010840322,1,0,5,anti_homophones
19728,chun1cheng1zhi3,15,-9.452550434593674,3,9.452550434593674,1,0,0,anti_homophones
19729,cha1zi5,7,-5.217667401696472,2,5.217667401696472,1,1,8,anti_homophones
19730,cV4hI1ju4dQ4,12,-11.973584379006091,4,11.973584379006091,1,0,0,anti_homophones
19731,peng1ji4,8,-5.972928992692077,2,5.972928992692077,1,0,4,anti_homophones
19732,gu3nLng1,8,-7.396034588746714,2,7.396034588746714,1,0,0,anti_homophones
19733,da4hA4,6,-4.7116817569423315,2,4.7116817569423315,1,2,7,anti_homophones
19734,xing2chUng3jK3,14,-9.97562538297089,3,9.97562538297089,1,0,0,anti_homophones
19735,qin2sO3,7,-5.948214434009082,2,5.948214434009082,1,0,2,anti_homophones
19736,yi2lL3,6,-6.632524374900818,2,6.632524374900818,1,0,0,anti_homophones
19737,shu1dLn4,8,-5.718492016537444,2,5.718492016537444,1,0,5,anti_homophones
19738,shun1tLn2yan3bing4,18,-12.807211195617333,4,12.807211195617333,1,0,0,anti_homophones
19739,zhi3zu3bing4li4,15,-11.779642688936466,4,11.779642688936466,1,0,0,anti_homophones
19740,yUn2sheng1,10,-5.6436099709513154,2,5.6436099709513154,1,0,1,anti_homophones
19741,tan1feng3yUn2,13,-9.46453607468535,3,9.46453607468535,1,0,0,anti_homophones
19742,sQ1lO1hUng2,11,-11.736783960410586,3,11.736783960410586,1,0,0,anti_homophones
19743,hQ3ye4,6,-5.166522291660625,2,5.166522291660625,1,0,6,anti_homophones
19744,pV1fen3,7,-6.55130736243925,2,6.55130736243925,1,0,0,anti_homophones
19745,shu1shI3qi4hu4,14,-10.701059148036439,4,10.701059148036439,1,0,0,anti_homophones
19746,wu2fan3,7,-5.601913916186775,2,5.601913916186775,1,0,4,anti_homophones
19747,gUng4hUn1,9,-7.445633997151661,2,7.445633997151661,1,0,0,anti_homophones
19748,zhi1yUn1yi4pin3,15,-11.825649476841289,4,11.825649476841289,1,0,0,anti_homophones
19749,jUn1na4mu4,10,-9.916605589241279,3,9.916605589241279,1,0,0,anti_homophones
19750,xu4ban3dQ1,10,-10.430668576109582,3,10.430668576109582,1,0,0,anti_homophones
19751,nan2zhi1,8,-5.771664122882935,2,5.771664122882935,1,0,4,anti_homophones
19752,qK2chUng2hun1,13,-9.831060127831872,3,9.831060127831872,1,0,0,anti_homophones
19753,jW2long4,8,-6.993808726572423,2,6.993808726572423,1,0,0,anti_homophones
19754,qi3jM4,6,-5.9020974272233095,2,5.9020974272233095,1,0,4,anti_homophones
19755,ceng2hUng3,10,-8.318455445680307,2,8.318455445680307,1,0,0,anti_homophones
19756,ma3wo4qi4,9,-8.355415016197302,3,8.355415016197302,1,0,0,anti_homophones
19757,min2xun2,8,-6.8690586847505815,2,6.8690586847505815,1,0,0,anti_homophones
19758,lW2fE1di4cheng1,15,-11.265795289325245,4,11.265795289325245,1,0,0,anti_homophones
19759,jM4cheng4,9,-6.2197687502608545,2,6.2197687502608545,1,0,2,anti_homophones
19760,xK1cheng3,9,-6.417950036521657,2,6.417950036521657,1,1,2,anti_homophones
19761,shen1wE4hI3mM4,14,-12.235674942886446,4,12.235674942886446,1,0,0,anti_homophones
19762,hO4jing2,8,-6.208729673671514,2,6.208729673671514,1,0,5,anti_homophones
19763,jW1yan3,7,-5.404669390434563,2,5.404669390434563,1,0,3,anti_homophones
19764,dLn3xC2,7,-5.718772186154584,2,5.718772186154584,1,0,1,anti_homophones
19765,feng1gUn1,9,-5.689639505291028,2,5.689639505291028,1,0,1,anti_homophones
19766,sheng2sun1zA4,13,-10.290909390451107,3,10.290909390451107,1,0,0,anti_homophones
19767,shO1ya4men2,11,-9.150385052235192,3,9.150385052235192,1,0,0,anti_homophones
19768,bu4ming4nLng1er2,16,-12.324773040708088,4,12.324773040708088,1,0,0,anti_homophones
19769,zhi1qin1,8,-5.983183025341409,2,5.983183025341409,1,0,1,anti_homophones
19770,cha2zhong4wang4gE3,18,-12.670029890735469,4,12.670029890735469,1,0,0,anti_homophones
19771,zhe3tUn2,8,-6.045721250732733,2,6.045721250732733,1,0,1,anti_homophones
19772,yi1ba3,6,-5.985812313722496,2,5.985812313722496,1,0,6,anti_homophones
19773,zhUng2ji4,9,-6.12863047281436,2,6.12863047281436,1,0,4,anti_homophones
19774,fan3zi5,7,-5.196958241568278,2,5.196958241568278,1,0,7,anti_homophones
19775,nE4wang2,8,-6.467408130148422,2,6.467408130148422,1,0,0,anti_homophones
19776,yun4chun2,9,-7.0927899678520125,2,7.0927899678520125,1,0,0,anti_homophones
19777,bing2wE4ying1,13,-9.192465903465468,3,9.192465903465468,1,0,0,anti_homophones
19778,gu3jLn3er5,10,-8.139687408072339,3,8.139687408072339,1,0,0,anti_homophones
19779,sha1shu4,8,-5.726229970093609,2,5.726229970093609,1,0,6,anti_homophones
19780,lM4shen1kan4ba4,15,-13.808685518461182,4,13.808685518461182,1,0,0,anti_homophones
19781,wu2yan2,7,-5.040523467380835,2,5.040523467380835,1,0,3,anti_homophones
19782,gong3xYng2fang4,15,-9.66682575157427,3,9.66682575157427,1,0,0,anti_homophones
19783,gen4zhUng1,10,-7.936026176630194,2,7.936026176630194,1,0,0,anti_homophones
19784,qin1jing4,9,-6.126036671137802,2,6.126036671137802,1,0,0,anti_homophones
19785,gO4ji4,6,-5.329880894081553,2,5.329880894081553,1,0,5,anti_homophones
19786,cu1hu1nong3,11,-9.337109936029668,3,9.337109936029668,1,0,0,anti_homophones
19787,peng3chUng1jLn1,15,-10.860179527926164,3,10.860179527926164,1,0,0,anti_homophones
19788,zong2fE4,8,-6.546737744633257,2,6.546737744633257,1,0,0,anti_homophones
19789,mE3lun4,7,-6.142402562821165,2,6.142402562821165,1,0,1,anti_homophones
19790,xu4dong3fang1,13,-10.582955980851699,3,10.582955980851699,1,0,0,anti_homophones
19791,shV3ba3,7,-6.426542747883516,2,6.426542747883516,1,0,2,anti_homophones
19792,jLn3lW3,7,-6.867110417799672,2,6.867110417799672,1,0,0,anti_homophones
19793,hV4hO3,6,-5.530444699160255,2,5.530444699160255,1,0,0,anti_homophones
19794,lK2dong4zi5,11,-7.678909254483719,3,7.678909254483719,1,0,0,anti_homophones
19795,du3bQ4xing1,11,-8.568590217221079,3,8.568590217221079,1,0,0,anti_homophones
19796,shi1fa1la1,10,-8.486755817708307,3,8.486755817708307,1,0,0,anti_homophones
19797,mi2mQ4,6,-5.531854553658085,2,5.531854553658085,1,0,5,anti_homophones
19798,mE2shang1,9,-6.417009173740463,2,6.417009173740463,1,0,1,anti_homophones
19799,xin4qL3zi5,10,-8.424861152083594,3,8.424861152083594,1,0,0,anti_homophones
19800,kQ3pW4,6,-6.056899770475722,2,6.056899770475722,1,0,2,anti_homophones
19801,da4bing2,8,-5.266222899546926,2,5.266222899546926,1,0,6,anti_homophones
19802,gUng4xin1nLn2jM4,16,-12.030556995789189,4,12.030556995789189,1,0,0,anti_homophones
19803,zhe3hI1ji1du4,13,-11.261656124426906,4,11.261656124426906,1,0,0,anti_homophones
19804,chu1hU4,7,-5.0557604873441795,2,5.0557604873441795,1,1,5,anti_homophones
19805,ban3hU4dong4,12,-8.673084185001306,3,8.673084185001306,1,0,0,anti_homophones
19806,gI1shen3,8,-6.726881234422377,2,6.726881234422377,1,0,0,anti_homophones
19807,gu3fen1,7,-5.813497348594934,2,5.813497348594934,1,0,1,anti_homophones
19808,hU1si1bo2bo1,12,-10.231197922384311,4,10.231197922384311,1,0,0,anti_homophones
19809,de5jL1,6,-6.356453653333667,2,6.356453653333667,1,0,1,anti_homophones
19810,xing2gU1zi5,11,-8.171010264144305,3,8.171010264144305,1,0,0,anti_homophones
19811,he2shi4,7,-4.796746025874802,2,4.796746025874802,1,1,5,anti_homophones
19812,tI1yUn2hUn4,11,-8.89751385455389,3,8.89751385455389,1,0,0,anti_homophones
19813,gong2yi4,8,-5.4600414345887724,2,5.4600414345887724,1,0,6,anti_homophones
19814,she4yUn2,8,-5.35212615264425,2,5.35212615264425,1,0,5,anti_homophones
19815,lE3jin4,7,-6.016808663036925,2,6.016808663036925,1,0,0,anti_homophones
19816,fang4she4,9,-6.2808803406278315,2,6.2808803406278315,1,0,0,anti_homophones
19817,che1xing3,9,-6.56179152276654,2,6.56179152276654,1,0,1,anti_homophones
19818,yV2yang4,8,-5.723793233155906,2,5.723793233155906,1,0,3,anti_homophones
19819,zhi2hUn2lW4,11,-9.515081454326145,3,9.515081454326145,1,0,0,anti_homophones
19820,ting2qi4,8,-5.799159182780869,2,5.799159182780869,1,1,5,anti_homophones
19821,yV2gA4li3,9,-7.447289104246266,3,7.447289104246266,1,0,0,anti_homophones
19822,ben3zhang2tLn2,14,-9.528805060296015,3,9.528805060296015,1,0,0,anti_homophones
19823,neng2ying4ji1,13,-10.012594417683719,3,10.012594417683719,1,0,0,anti_homophones
19824,xW3lu4,6,-5.450309028936431,2,5.450309028936431,1,0,9,anti_homophones
19825,jLn1xW4,7,-5.821592201523774,2,5.821592201523774,1,0,1,anti_homophones
19826,wang2he2,8,-5.987393845001752,2,5.987393845001752,1,0,2,anti_homophones
19827,gI1xLn4shP1wen4,15,-12.843845718958908,4,12.843845718958908,1,0,0,anti_homophones
19828,shen1chUng4,11,-6.464771769395957,2,6.464771769395957,1,0,2,anti_homophones
19829,lu4zi5,6,-5.481215495143979,2,5.481215495143979,1,0,7,anti_homophones
19830,wan2sheng1,10,-6.093401551650013,2,6.093401551650013,1,0,4,anti_homophones
19831,zhu4qing4qUn2,13,-8.786935541077966,3,8.786935541077966,1,0,0,anti_homophones
19832,mM4jin1jin1,11,-9.309050851808065,3,9.309050851808065,1,0,0,anti_homophones
19833,jLn4gP4,7,-6.445184526157578,2,6.445184526157578,1,0,0,anti_homophones
19834,gI1ge1zE2long1,14,-11.500221657544877,4,11.500221657544877,1,0,0,anti_homophones
19835,jUn3xC2,7,-6.844948119718305,2,6.844948119718305,1,0,0,anti_homophones
19836,lu4shu1ming4shi4,16,-11.136891029383632,4,11.136891029383632,1,0,0,anti_homophones
19837,ya3ru2jLn4fu2,13,-11.730774966857544,4,11.730774966857544,1,0,0,anti_homophones
19838,zhi1de2yQ4,10,-8.60560086800488,3,8.60560086800488,1,0,0,anti_homophones
19839,xing2jK1cQ3,11,-8.653033494479793,3,8.653033494479793,1,0,0,anti_homophones
19840,jLn1bu4,7,-5.594954746093433,2,5.594954746093433,1,1,8,anti_homophones
19841,da3zhi4,7,-4.915899231968218,2,4.915899231968218,1,0,5,anti_homophones
19842,shang4de2,9,-6.270687762529967,2,6.270687762529967,1,0,1,anti_homophones
19843,ren4hU4,7,-5.633733580527635,2,5.633733580527635,1,0,1,anti_homophones
19844,zheng1zhen4xLn1zA4,18,-13.109582133218476,4,13.109582133218476,1,0,0,anti_homophones
19845,wu2wE4di1,9,-9.035853148371288,3,9.035853148371288,1,0,0,anti_homophones
19846,tu1lQ3hu2,9,-9.230190841283965,3,9.230190841283965,1,0,0,anti_homophones
19847,ceng2shi4,9,-6.5483926278526035,2,6.5483926278526035,1,0,0,anti_homophones
19848,gan1bu4tong4,12,-8.086309406967404,3,8.086309406967404,1,0,0,anti_homophones
19849,yin1qing3wen1zhi4,17,-12.26367720875407,4,12.26367720875407,1,0,0,anti_homophones
19850,cong2yUn4,9,-6.759255083446423,2,6.759255083446423,1,0,0,anti_homophones
19851,lV4xW4,6,-5.706307754034928,2,5.706307754034928,1,1,2,anti_homophones
19852,di4er2,6,-5.395137840157815,2,5.395137840157815,1,0,5,anti_homophones
19853,shen1yan2yu4,12,-8.800060981497918,3,8.800060981497918,1,0,0,anti_homophones
19854,mo4ce4wo3,9,-9.161740187660614,3,9.161740187660614,1,0,0,anti_homophones
19855,bA2pan1zQ4ji1,13,-11.762993528509956,4,11.762993528509956,1,0,0,anti_homophones
19856,wE1hong1hI4,11,-8.429064779701106,3,8.429064779701106,1,0,0,anti_homophones
19857,shQ1ran2zhan4yV5,16,-13.230428514944968,4,13.230428514944968,1,0,0,anti_homophones
19858,ping4fu4,8,-6.351889090801341,2,6.351889090801341,1,0,2,anti_homophones
19859,yu2jing2,8,-6.05013767666621,2,6.05013767666621,1,0,1,anti_homophones
19860,chun1shi4nE4zing4,17,-14.358644351586353,4,14.358644351586353,1,0,0,anti_homophones
19861,bing4zi5,8,-5.32688373010279,2,5.32688373010279,1,0,4,anti_homophones
19862,xL4ban4wang1,12,-8.467657833985221,3,8.467657833985221,1,0,0,anti_homophones
19863,shI3mW4wen4,11,-10.803082779067983,3,10.803082779067983,1,0,0,anti_homophones
19864,lK4dan4,7,-6.396772687968683,2,6.396772687968683,1,0,0,anti_homophones
19865,dO1xi4,6,-6.547415097206514,2,6.547415097206514,1,0,2,anti_homophones
19866,zhong4chi2,10,-6.620412805289828,2,6.620412805289828,1,0,0,anti_homophones
19867,sI2kI4,6,-6.026491359625672,2,6.026491359625672,1,0,2,anti_homophones
19868,fen4dQ1ben3,11,-9.259836409730328,3,9.259836409730328,1,0,0,anti_homophones
19869,ju1wang3,8,-6.501882274777484,2,6.501882274777484,1,0,1,anti_homophones
19870,yan1fu4tV2,10,-8.848029585813919,3,8.848029585813919,1,0,0,anti_homophones
19871,zhUng2jLn4sheng2,16,-9.299562046662304,3,9.299562046662304,1,0,0,anti_homophones
19872,da4nLn2,7,-4.912015040333274,2,4.912015040333274,1,1,5,anti_homophones
19873,zhi2fE1jL1,10,-9.72248789904344,3,9.72248789904344,1,0,0,anti_homophones
19874,tong1cQ2,8,-6.627677127546229,2,6.627677127546229,1,0,0,anti_homophones
19875,dW4ji2,6,-5.720566232667202,2,5.720566232667202,1,0,3,anti_homophones
19876,zi4bW3sheng1,12,-8.037816419717107,3,8.037816419717107,1,0,0,anti_homophones
19877,bQ3qi1sQ3ming2,14,-12.154384244377388,4,12.154384244377388,1,0,0,anti_homophones
19878,nan4li4,7,-5.749970403907042,2,5.749970403907042,1,0,10,anti_homophones
19879,gan4qing2jLn1,13,-9.509580617374098,3,9.509580617374098,1,0,0,anti_homophones
19880,ding2zi4fen3zQ2,15,-14.499366663040002,4,14.499366663040002,1,0,0,anti_homophones
19881,yV4fan2,7,-6.4417965515554805,2,6.4417965515554805,1,0,1,anti_homophones
19882,chI2dLn4du1,11,-10.30987240750885,3,10.30987240750885,1,0,0,anti_homophones
19883,nLn2zhu4yV3,11,-8.935506054762213,3,8.935506054762213,1,0,0,anti_homophones
19884,yang4dong4,10,-7.008018501374636,2,7.008018501374636,1,0,0,anti_homophones
19885,fan4sA4di4gO4,13,-12.199735746412246,4,12.199735746412246,1,0,0,anti_homophones
19886,e4zhi1,6,-5.5196599827069,2,5.5196599827069,1,0,4,anti_homophones
19887,kUng4du4li2,11,-10.188670292153526,3,10.188670292153526,1,0,0,anti_homophones
19888,yi2jLn3,7,-6.201812378293047,2,6.201812378293047,1,0,1,anti_homophones
19889,qu4neng2wE3jin3,15,-13.246103924815166,4,13.246103924815166,1,0,0,anti_homophones
19890,zhUng3er2cheng2,15,-9.796489464517283,3,9.796489464517283,1,0,0,anti_homophones
19891,mQ2jL1ju2li4,12,-11.585609568345392,4,11.585609568345392,1,0,0,anti_homophones
19892,shen4wu3xin1qK1,15,-12.15105923763518,4,12.15105923763518,1,0,0,anti_homophones
19893,yV1xin1hU1,10,-8.192520851307124,3,8.192520851307124,1,0,0,anti_homophones
19894,dLn4jin3,8,-6.2492000380486905,2,6.2492000380486905,1,0,2,anti_homophones
19895,xW3qLn2jLn1,11,-8.33487783838484,3,8.33487783838484,1,0,0,anti_homophones
19896,li3da4bing4,11,-9.069574212419083,3,9.069574212419083,1,0,0,anti_homophones
19897,ni2ning2,8,-6.883169059029815,2,6.883169059029815,1,0,0,anti_homophones
19898,sha1zhi4,8,-5.519210232854163,2,5.519210232854163,1,0,1,anti_homophones
19899,ke3ke3hU4su4,12,-11.716138030204474,4,11.716138030204474,1,0,0,anti_homophones
19900,fu4dLn4gQ3gu3,13,-11.589154609288258,4,11.589154609288258,1,0,0,anti_homophones
19901,qUn2xi1kan1xLng2,16,-13.3596742004578,4,13.3596742004578,1,0,0,anti_homophones
19902,qLn2ci2,7,-5.692886940561893,2,5.692886940561893,1,0,2,anti_homophones
19903,shen1fu1,8,-6.040519412808119,2,6.040519412808119,1,0,3,anti_homophones
19904,tu3xL4ma3jW1,12,-12.165982323743822,4,12.165982323743822,1,0,0,anti_homophones
19905,chUng4chV4,10,-7.912555434279743,2,7.912555434279743,1,0,0,anti_homophones
19906,xC2shi4bu4qi4,13,-9.126313725344783,4,9.126313725344783,1,0,0,anti_homophones
19907,wan3hO4,7,-6.35613446072055,2,6.35613446072055,1,0,0,anti_homophones
19908,lan3bu2dong1,12,-10.21800119629795,3,10.21800119629795,1,0,0,anti_homophones
19909,tM3bang2ying4,13,-9.620802777219076,3,9.620802777219076,1,0,0,anti_homophones
19910,da4bA2,6,-5.051110124497258,2,5.051110124497258,1,0,5,anti_homophones
19911,yin1bLn4fa3xLng3,16,-11.879295120286592,4,11.879295120286592,1,0,0,anti_homophones
19912,gUng4ming2xin4shen2,19,-12.676794844092509,4,12.676794844092509,1,0,0,anti_homophones
19913,cheng1sI3,9,-7.459527505364839,2,7.459527505364839,1,0,0,anti_homophones
19914,qL4qL3,6,-6.804041083178035,2,6.804041083178035,1,0,1,anti_homophones
19915,gO1zhong1se4,12,-9.48103675013365,3,9.48103675013365,1,0,0,anti_homophones
19916,yi1fang4,8,-5.219807703387083,2,5.219807703387083,1,1,5,anti_homophones
19917,nan2jLn4,8,-5.769322461259776,2,5.769322461259776,1,0,1,anti_homophones
19918,yV1ying2lLn3,12,-9.213608985204933,3,9.213608985204933,1,0,0,anti_homophones
19919,mA3mang4yu3,11,-9.657215653751173,3,9.657215653751173,1,0,0,anti_homophones
19920,gO2pan1yang4dQ4,15,-14.669891986050693,4,14.669891986050693,1,0,0,anti_homophones
19921,tI4cha2hen2,11,-10.285699429560236,3,10.285699429560236,1,0,0,anti_homophones
19922,di1shi5la4,10,-9.976488359975699,3,9.976488359975699,1,0,0,anti_homophones
19923,tW2xW4peng4,11,-9.672660406408783,3,9.672660406408783,1,0,0,anti_homophones
19924,yQ4fang3,8,-5.960624478924006,2,5.960624478924006,1,0,1,anti_homophones
19925,wan4wu4,7,-5.849886223627225,2,5.849886223627225,1,0,5,anti_homophones
19926,men4shI3,8,-7.014381565416708,2,7.014381565416708,1,0,1,anti_homophones
19927,sV1cQ2,6,-7.111407587648196,2,7.111407587648196,1,0,0,anti_homophones
19928,yan3mo2,7,-6.168663970190047,2,6.168663970190047,1,0,1,anti_homophones
19929,xC3li4tong4xing4,16,-11.236805370566193,4,11.236805370566193,1,0,0,anti_homophones
19930,jM1zQ3lE2,9,-8.982943557227726,3,8.982943557227726,1,0,0,anti_homophones
19931,zhi1yi1san1zhV2,15,-12.426361272236262,4,12.426361272236262,1,0,0,anti_homophones
19932,zhi4ren2xUn2bi4,15,-11.924127216120288,4,11.924127216120288,1,0,0,anti_homophones
19933,xin1dQ3xLn2,11,-8.736114391461635,3,8.736114391461635,1,0,0,anti_homophones
19934,fa3li3,6,-5.558414395500299,2,5.558414395500299,1,0,4,anti_homophones
19935,ban4nang2,9,-7.439945828465958,2,7.439945828465958,1,0,0,anti_homophones
19936,zQ4an4ye4,9,-9.707235487887814,3,9.707235487887814,1,0,0,anti_homophones
19937,gong2ding2,10,-6.46815372995508,2,6.46815372995508,1,0,0,anti_homophones
19938,hO2zhI4,7,-7.159581230424395,2,7.159581230424395,1,0,2,anti_homophones
19939,xu4ming1,8,-6.389932080129412,2,6.389932080129412,1,0,4,anti_homophones
19940,bu4ke3shu4,10,-6.9818558745824415,3,6.9818558745824415,1,0,0,anti_homophones
19941,fen1ming1jin1,13,-8.736004563531461,3,8.736004563531461,1,0,0,anti_homophones
19942,feng1hO3ji4,11,-8.085006456797725,3,8.085006456797725,1,0,0,anti_homophones
19943,ji4rO4,6,-5.934121789186013,2,5.934121789186013,1,0,2,anti_homophones
19944,zhen1zA1hU4pA4,14,-11.325627594887948,4,11.325627594887948,1,0,0,anti_homophones
19945,jLn1can1,8,-6.711764262111623,2,6.711764262111623,1,0,3,anti_homophones
19946,dLn4yu2,7,-5.476511404538312,2,5.476511404538312,1,0,3,anti_homophones
19947,jing2ye4,8,-5.291653245552424,2,5.291653245552424,1,0,3,anti_homophones
19948,wan3jC2,7,-6.574492304673567,2,6.574492304673567,1,0,2,anti_homophones
19949,dQ3mu4,6,-6.171779865377158,2,6.171779865377158,1,0,8,anti_homophones
19950,gO2ri4,6,-5.740039448517438,2,5.740039448517438,1,0,3,anti_homophones
19951,zhQ1fang4zA4bW3,15,-11.463298385381883,4,11.463298385381883,1,0,0,anti_homophones
19952,yin1he2,7,-5.60336362185924,2,5.60336362185924,1,1,3,anti_homophones
19953,e2mQ5,5,-7.2441220488862035,2,7.2441220488862035,1,0,1,anti_homophones
19954,gong4lan2qLn1,13,-10.002984258120717,3,10.002984258120717,1,0,0,anti_homophones
19955,yi1dL3gong3men4,15,-13.917415251033864,4,13.917415251033864,1,0,0,anti_homophones
19956,nv3zhV1yVong1,13,-13.016765781158288,4,13.016765781158288,1,0,0,anti_homophones
19957,lLng4pu4,8,-6.792009779661683,2,6.792009779661683,1,0,0,anti_homophones
19958,qW2qing2,8,-6.18574799393306,2,6.18574799393306,1,0,1,anti_homophones
19959,ci4hong1tA1,11,-10.56582345788667,3,10.56582345788667,1,0,0,anti_homophones
19960,hang4zi5,8,-5.590484230365322,2,5.590484230365322,1,1,5,anti_homophones
19961,dQ4sO3hU4,9,-8.472777983531495,3,8.472777983531495,1,0,0,anti_homophones
19962,jUn3chun1,9,-7.719318080730498,2,7.719318080730498,1,0,0,anti_homophones
19963,hV2meng1gO3,11,-9.956039166954996,3,9.956039166954996,1,0,0,anti_homophones
19964,ba1shQ4,7,-6.984831498157165,2,6.984831498157165,1,0,0,anti_homophones
19965,dun4chan4,9,-7.189890124205546,2,7.189890124205546,1,0,0,anti_homophones
19966,she2wE1lu4,10,-9.698919220694343,3,9.698919220694343,1,0,0,anti_homophones
19967,lQ3lLng4,8,-5.5379876836567545,2,5.5379876836567545,1,1,3,anti_homophones
19968,ju4chi1,7,-6.691868867116211,2,6.691868867116211,1,0,0,anti_homophones
19969,da4wo4xing4ri4,14,-11.449914112120307,4,11.449914112120307,1,0,0,anti_homophones
19970,wo3shi1mM4,10,-9.515011032921338,3,9.515011032921338,1,0,0,anti_homophones
19971,hV4qM4sheng4,12,-9.097968142587316,3,9.097968142587316,1,0,0,anti_homophones
19972,sheng2zhu4sheng1qi4,19,-10.695232750662127,4,10.695232750662127,1,0,0,anti_homophones
19973,sA4qUn2,7,-5.4521286840290735,2,5.4521286840290735,1,0,5,anti_homophones
19974,lO2xUn2zhUn1,12,-9.156377601388542,3,9.156377601388542,1,0,0,anti_homophones
19975,xLn3dLn4hU4,11,-7.925067614428138,3,7.925067614428138,1,0,0,anti_homophones
19976,A4ji2,5,-6.196217694153486,2,6.196217694153486,1,0,3,anti_homophones
19977,lLn4yu3,7,-6.151875033280936,2,6.151875033280936,1,0,5,anti_homophones
19978,yi1ri4,6,-4.987639362419589,2,4.987639362419589,1,1,11,anti_homophones
19979,zhong2lA2,9,-6.391731878512448,2,6.391731878512448,1,1,3,anti_homophones
19980,con2kang4,9,-9.960227523885948,2,9.960227523885948,1,0,0,anti_homophones
19981,zeng1mQ2,8,-7.274890437153505,2,7.274890437153505,1,0,0,anti_homophones
19982,da4hV4bQ4ku4,12,-11.344865907151434,4,11.344865907151434,1,0,0,anti_homophones
19983,ca1sha1,7,-6.763167890449146,2,6.763167890449146,1,0,0,anti_homophones
19984,bu4lW4,6,-4.7330474040085,2,4.7330474040085,1,1,10,anti_homophones
19985,dLn4shu4zhong1ji2,17,-10.919007676842893,4,10.919007676842893,1,0,0,anti_homophones
19986,gI1bu4shi1tV5,13,-11.17033041790023,4,11.17033041790023,1,0,0,anti_homophones
19987,gQ1ren4zhi4,11,-8.115440683343612,3,8.115440683343612,1,0,0,anti_homophones
19988,jM1gu1zhu1qK2,13,-11.89583346863998,4,11.89583346863998,1,0,0,anti_homophones
19989,ke4fan1,7,-6.582379871025701,2,6.582379871025701,1,0,0,anti_homophones
19990,ren2jW3,7,-5.850786360075176,2,5.850786360075176,1,0,2,anti_homophones
19991,feng1wu2qi4lW4,14,-10.489382477280612,4,10.489382477280612,1,0,0,anti_homophones
19992,kA3ju4,6,-6.358788005309953,2,6.358788005309953,1,0,1,anti_homophones
19993,gI1jun1,7,-6.167050109618243,2,6.167050109618243,1,0,1,anti_homophones
19994,kong4su2,8,-7.033702909682445,2,7.033702909682445,1,0,0,anti_homophones
19995,hUng1shu1gU1zhu4,16,-12.282856693382616,4,12.282856693382616,1,0,0,anti_homophones
19996,cheng1wu2shi1,13,-8.218413151579371,3,8.218413151579371,1,0,0,anti_homophones
19997,dA4mLn3,7,-6.563483726041897,2,6.563483726041897,1,0,1,anti_homophones
19998,qLn2bu4rong2,12,-7.92844331565147,3,7.92844331565147,1,0,0,anti_homophones
19999,man3song1yang4shu4,18,-12.940729813854164,4,12.940729813854164,1,0,0,anti_homophones
20000,tI4xin1xing1,12,-8.088486102465726,3,8.088486102465726,1,0,0,anti_homophones
20001,fu4ke4dI4,9,-8.621856029651816,3,8.621856029651816,1,0,0,anti_homophones
20002,zha4bE1,7,-7.45374118829411,2,7.45374118829411,1,0,2,anti_homophones
20003,tI1yu3,6,-5.883104185250886,2,5.883104185250886,1,0,0,anti_homophones
20004,long2si1,8,-7.110399349225337,2,7.110399349225337,1,0,2,anti_homophones
20005,xi1zhi4wu4,10,-8.00903458910204,3,8.00903458910204,1,0,0,anti_homophones
20006,dang5ren2ca1bLn1,16,-13.809054848766781,4,13.809054848766781,1,0,0,anti_homophones
20007,ning4yu3yi4,11,-8.655825870279248,3,8.655825870279248,1,0,0,anti_homophones
20008,yong2lLng2,10,-7.01161903748753,2,7.01161903748753,1,0,0,anti_homophones
20009,ben3shu4,8,-5.640033940014863,2,5.640033940014863,1,0,3,anti_homophones
20010,fang2zi5yQ4du4,14,-11.611496293272705,4,11.611496293272705,1,0,0,anti_homophones
20011,jLn4dQ4,7,-5.356861813916001,2,5.356861813916001,1,0,3,anti_homophones
20012,bQ1xun1,7,-7.647554179679076,2,7.647554179679076,1,0,0,anti_homophones
20013,pE4hO2,6,-7.248438882807903,2,7.248438882807903,1,0,0,anti_homophones
20014,ren2da4,7,-6.23217962973097,2,6.23217962973097,1,0,1,anti_homophones
20015,jLn3chan4,9,-6.237310192599044,2,6.237310192599044,1,0,0,anti_homophones
20016,dQ4chI2,7,-6.9183964395984106,2,6.9183964395984106,1,0,0,anti_homophones
20017,bA2chu1,7,-5.742117891316324,2,5.742117891316324,1,0,1,anti_homophones
20018,gen1jUn4,8,-6.969127773291897,2,6.969127773291897,1,0,0,anti_homophones
20019,yV3zhi3de5shi5,14,-12.756729491478941,4,12.756729491478941,1,0,0,anti_homophones
20020,lK2lLn2,7,-5.165663240146445,2,5.165663240146445,1,0,3,anti_homophones
20021,hU1shI4,7,-5.981904465105918,2,5.981904465105918,1,0,3,anti_homophones
20022,gu1zheng4,9,-6.400117875222733,2,6.400117875222733,1,0,0,anti_homophones
20023,gu1er2shUn3zhQ4,15,-12.549376696275438,4,12.549376696275438,1,0,0,anti_homophones
20024,yi1bLn1,7,-5.384927840598981,2,5.384927840598981,1,1,3,anti_homophones
20025,fan3jL1,7,-5.694396686500097,2,5.694396686500097,1,0,3,anti_homophones
20026,tO1wE3,6,-6.269823431117212,2,6.269823431117212,1,0,0,anti_homophones
20027,xi1deng4,8,-6.319874465716524,2,6.319874465716524,1,0,0,anti_homophones
20028,dang3tLn1,9,-6.313723857000986,2,6.313723857000986,1,0,0,anti_homophones
20029,lLng2jLn4,9,-6.127192653396098,2,6.127192653396098,1,0,1,anti_homophones
20030,jL1kUng2,8,-6.455736226244693,2,6.455736226244693,1,0,0,anti_homophones
20031,ke1xC2,6,-4.743622373710032,2,4.743622373710032,1,1,3,anti_homophones
20032,shI4bing2,9,-6.549978836341885,2,6.549978836341885,1,0,0,anti_homophones
20033,da4xL4,6,-5.2601469120674915,2,5.2601469120674915,1,0,6,anti_homophones
20034,ren2qUn2,8,-5.707152818597939,2,5.707152818597939,1,0,1,anti_homophones
20035,zeng3xin1,9,-6.90231558414616,2,6.90231558414616,1,0,1,anti_homophones
20036,za2xC3,6,-6.647824997893651,2,6.647824997893651,1,0,1,anti_homophones
20037,shu4ci4,7,-5.9421937975901615,2,5.9421937975901615,1,0,4,anti_homophones
20038,pW1lLn2shO1,11,-8.734206474616519,3,8.734206474616519,1,0,0,anti_homophones
20039,jLn4hu1ji1,10,-8.413601206730354,3,8.413601206730354,1,0,0,anti_homophones
20040,tO1tO1kV3,9,-7.260334346813936,3,7.260334346813936,1,0,0,anti_homophones
20041,bA3se4jL4,9,-8.69451334414913,3,8.69451334414913,1,0,0,anti_homophones
20042,bi4wu4,6,-5.6709347444639535,2,5.6709347444639535,1,0,11,anti_homophones
20043,qK2jing4,8,-5.833514862945596,2,5.833514862945596,1,0,2,anti_homophones
20044,yV2da4,6,-5.9362502089673646,2,5.9362502089673646,1,0,5,anti_homophones
20045,kU4rang1cha1,12,-11.00297582467882,3,11.00297582467882,1,0,0,anti_homophones
20046,la1ban3zhi4lK2,14,-11.84079909038597,4,11.84079909038597,1,0,0,anti_homophones
20047,xW4qu3,6,-5.913177641859546,2,5.913177641859546,1,0,4,anti_homophones
20048,wu2yi4lun4,10,-7.422751378929983,3,7.422751378929983,1,0,0,anti_homophones
20049,ge2pan2pu2tu3,13,-11.661872040114558,4,11.661872040114558,1,0,0,anti_homophones
20050,tong1tQ3yUn3,12,-9.979292002759093,3,9.979292002759093,1,0,0,anti_homophones
20051,shi4bu4bu4,10,-7.156543419313958,3,7.156543419313958,1,0,0,anti_homophones
20052,dan4Q2shi1,10,-9.970358630914985,3,9.970358630914985,1,0,0,anti_homophones
20053,hU1pe1jun1,10,-10.791401225679754,3,10.791401225679754,1,0,0,anti_homophones
20054,chV2bing4,9,-6.1119067141548715,2,6.1119067141548715,1,1,0,anti_homophones
20055,fE4zhe3,7,-5.903805081920821,2,5.903805081920821,1,0,2,anti_homophones
20056,shQ1bQ1dQ1,10,-9.305457048719429,3,9.305457048719429,1,0,0,anti_homophones
20057,jM1dUn4,7,-4.788800383411102,2,4.788800383411102,1,1,2,anti_homophones
20058,ni4xing1lLn2,12,-9.149826963456276,3,9.149826963456276,1,0,0,anti_homophones
20059,an4chu1,7,-5.9964073546228125,2,5.9964073546228125,1,0,2,anti_homophones
20060,nUn3jL3,7,-7.007883086629109,2,7.007883086629109,1,0,0,anti_homophones
20061,da4bE1ding4zi5,14,-11.250544519720307,4,11.250544519720307,1,0,0,anti_homophones
20062,fu4ma3yi1,9,-8.653442090379306,3,8.653442090379306,1,0,0,anti_homophones
20063,tan2zu2,7,-6.4329825949141775,2,6.4329825949141775,1,0,3,anti_homophones
20064,sha4yang4pW4,12,-10.801144808299695,3,10.801144808299695,1,0,0,anti_homophones
20065,he2xLn3,7,-6.336118239174602,2,6.336118239174602,1,0,0,anti_homophones
20066,shV3lO4bin1,11,-9.382821546179262,3,9.382821546179262,1,0,0,anti_homophones
20067,er4yC4shan1xW3,14,-12.481066278044718,4,12.481066278044718,1,0,0,anti_homophones
20068,chen1ying1ji4,13,-9.019213695017049,3,9.019213695017049,1,0,0,anti_homophones
20069,xing1jin1fang1hA4,17,-12.008297959524741,4,12.008297959524741,1,0,0,anti_homophones
20070,hQ3xi1,6,-6.104281930335158,2,6.104281930335158,1,0,6,anti_homophones
20071,wang4sO3,8,-6.573545889940825,2,6.573545889940825,1,0,0,anti_homophones
20072,shang2tV2zi4wu4,15,-10.611775788509657,4,10.611775788509657,1,0,0,anti_homophones
20073,dO1yi1,6,-5.634596575210857,2,5.634596575210857,1,1,2,anti_homophones
20074,li3shi2,7,-5.429049644832471,2,5.429049644832471,1,0,10,anti_homophones
20075,kQ3yQ4,6,-5.976813316303911,2,5.976813316303911,1,0,4,anti_homophones
20076,zhUn4lO4yong4,13,-9.165512679417324,3,9.165512679417324,1,0,0,anti_homophones
20077,la1li2zi5,9,-7.405566878097154,3,7.405566878097154,1,0,0,anti_homophones
20078,leng2mu4qi4,11,-8.357430962206863,3,8.357430962206863,1,0,0,anti_homophones
20079,wE1shV1zhong1,13,-9.06973817044761,3,9.06973817044761,1,0,0,anti_homophones
20080,nK2dLn4,7,-6.442634040682537,2,6.442634040682537,1,0,4,anti_homophones
20081,gan1jL4,7,-5.547960075345914,2,5.547960075345914,1,0,3,anti_homophones
20082,jK4hu1,6,-5.832339154509338,2,5.832339154509338,1,0,1,anti_homophones
20083,hV4hUn2,7,-6.546801155638372,2,6.546801155638372,1,1,1,anti_homophones
20084,zhO1bu2shi4wan2,15,-12.910946421881073,4,12.910946421881073,1,0,0,anti_homophones
20085,zhUng2feng2fan4,15,-9.700270514933036,3,9.700270514933036,1,0,0,anti_homophones
20086,su4lan3,7,-6.658355717078652,2,6.658355717078652,1,0,0,anti_homophones
20087,tW3fen4tUn2,11,-9.544752312860691,3,9.544752312860691,1,0,0,anti_homophones
20088,wang4qK2,8,-6.468354158678314,2,6.468354158678314,1,0,0,anti_homophones
20089,jK3qUn2,7,-5.031309888596045,2,5.031309888596045,1,1,2,anti_homophones
20090,tLn1A2,6,-6.443620231586594,2,6.443620231586594,1,0,2,anti_homophones
20091,mA3ming2,8,-6.324581689046795,2,6.324581689046795,1,0,0,anti_homophones
20092,bo1sa1,6,-7.194052747270998,2,7.194052747270998,1,0,1,anti_homophones
20093,kA1xC2,6,-5.356930624317476,2,5.356930624317476,1,1,3,anti_homophones
20094,tan3ming4,9,-6.972524982827496,2,6.972524982827496,1,0,0,anti_homophones
20095,dA4ming3ti2,11,-9.461114249331514,3,9.461114249331514,1,0,0,anti_homophones
20096,ding3ji1,8,-6.059504107298371,2,6.059504107298371,1,0,0,anti_homophones
20097,pang4yi4,8,-6.460471227274895,2,6.460471227274895,1,0,2,anti_homophones
20098,xi1shV4,7,-5.6998738032600125,2,5.6998738032600125,1,0,6,anti_homophones
20099,ci4jing1zO4,11,-8.921940040881273,3,8.921940040881273,1,0,0,anti_homophones
20100,yQ4sI4pan2,10,-10.503836804513647,3,10.503836804513647,1,0,0,anti_homophones
20101,dan1li4,7,-5.338646190671055,2,5.338646190671055,1,1,11,anti_homophones
20102,bQ4bu4sun1zhan3,15,-12.057967708915728,4,12.057967708915728,1,0,0,anti_homophones
20103,wE2gI1sun3,10,-8.358978324494563,3,8.358978324494563,1,0,0,anti_homophones
20104,bing4xM4,8,-6.780625806125771,2,6.780625806125771,1,0,1,anti_homophones
20105,tan2shu1se4,11,-8.63823011675009,3,8.63823011675009,1,0,0,anti_homophones
20106,gU4nong4,8,-6.328114571887074,2,6.328114571887074,1,0,1,anti_homophones
20107,lUn3shi4zi3,11,-9.5094160247991,3,9.5094160247991,1,0,0,anti_homophones
20108,hO4bing1,8,-6.499523561179008,2,6.499523561179008,1,0,1,anti_homophones
20109,yi1bi4shI3nUn3,14,-10.50037864171369,4,10.50037864171369,1,0,0,anti_homophones
20110,xK1dW1xM2wen4,13,-11.429443075892015,4,11.429443075892015,1,0,0,anti_homophones
20111,hI4zong2,8,-6.885069811373855,2,6.885069811373855,1,0,0,anti_homophones
20112,A4men5,6,-7.431671789800911,2,7.431671789800911,1,0,0,anti_homophones
20113,cha1ri4,7,-5.975455144123181,2,5.975455144123181,1,0,1,anti_homophones
20114,da4jM2,6,-5.123703116014671,2,5.123703116014671,1,0,6,anti_homophones
20115,wE1ci3ka3,9,-9.85520932814219,3,9.85520932814219,1,0,0,anti_homophones
20116,zi4zi4ji1hI4,12,-10.427680093344657,4,10.427680093344657,1,0,0,anti_homophones
20117,xin1wen2,8,-5.261653923726578,2,5.261653923726578,1,1,5,anti_homophones
20118,ye3ge4xin1,10,-8.023926930338595,3,8.023926930338595,1,0,0,anti_homophones
20119,nLn2yan2ban1,12,-8.633273194378004,3,8.633273194378004,1,0,0,anti_homophones
20120,chUn3dLn4ci4,12,-9.77127674770489,3,9.77127674770489,1,0,0,anti_homophones
20121,xL2zhi3,7,-6.720839616666332,2,6.720839616666332,1,0,1,anti_homophones
20122,ci3wE4bu4long4,14,-11.355262536298612,4,11.355262536298612,1,0,0,anti_homophones
20123,ya1shi1tV2,10,-8.647873007592368,3,8.647873007592368,1,0,0,anti_homophones
20124,cun2zheng1,10,-6.338003403919683,2,6.338003403919683,1,0,1,anti_homophones
20125,ji3zhi4,7,-5.463721766859745,2,5.463721766859745,1,0,6,anti_homophones
20126,sI2xing3,8,-6.225890560080701,2,6.225890560080701,1,0,3,anti_homophones
20127,zhe3wE4,7,-6.007554677314592,2,6.007554677314592,1,0,2,anti_homophones
20128,chi1shi1jL1gong2,16,-11.828196700751946,4,11.828196700751946,1,0,0,anti_homophones
20129,zhi1jLn3,8,-5.7156091259592445,2,5.7156091259592445,1,0,2,anti_homophones
20130,kang1jW3shI3,12,-9.889520782007407,3,9.889520782007407,1,0,0,anti_homophones
20131,yin1bu3la4ren4,14,-11.781562027470104,4,11.781562027470104,1,0,0,anti_homophones
20132,V3yu2,5,-6.152704990663324,2,6.152704990663324,1,0,2,anti_homophones
20133,da3kA1shV4,10,-8.311940534024657,3,8.311940534024657,1,0,0,anti_homophones
20134,shan3da4pLn2dQ4,15,-12.158355935015953,4,12.158355935015953,1,0,0,anti_homophones
20135,yu4fE4,6,-5.316820577867091,2,5.316820577867091,1,1,7,anti_homophones
20136,bing1kA1pA4,11,-8.453608262501835,3,8.453608262501835,1,0,0,anti_homophones
20137,kA1ke4tu2,9,-7.749638382020301,3,7.749638382020301,1,0,0,anti_homophones
20138,xing4xin1qLng1,14,-8.918172511088041,3,8.918172511088041,1,0,0,anti_homophones
20139,sheng2ceng2chang4po4,20,-13.706540383787072,4,13.706540383787072,1,0,0,anti_homophones
20140,ba2se4,6,-5.708258209995615,2,5.708258209995615,1,0,2,anti_homophones
20141,ge2lv4qi4,9,-7.972487250602724,3,7.972487250602724,1,0,0,anti_homophones
20142,jing2bQ4xu4shi4,15,-11.078266514455494,4,11.078266514455494,1,0,0,anti_homophones
20143,xL4bQ1fu1song4,14,-12.228829531620939,4,12.228829531620939,1,0,0,anti_homophones
20144,zhV3zhan3,9,-7.68616856850716,2,7.68616856850716,1,0,0,anti_homophones
20145,di3yu4,6,-5.732521346764087,2,5.732521346764087,1,0,7,anti_homophones
20146,hang2dong4,10,-6.605512811807518,2,6.605512811807518,1,0,4,anti_homophones
20147,bu3tV5,6,-5.976080033807104,2,5.976080033807104,1,0,6,anti_homophones
20148,nong4tong2mE2lM4,16,-12.875011819619704,4,12.875011819619704,1,0,0,anti_homophones
20149,bo1lu4wu4,9,-7.939662300871772,3,7.939662300871772,1,0,0,anti_homophones
20150,gUng4ren2wE1bE1,15,-11.61414092480318,4,11.61414092480318,1,0,0,anti_homophones
20151,hu3dong1,8,-6.498362219348285,2,6.498362219348285,1,0,5,anti_homophones
20152,wan1mM1ji1,10,-10.910419270044665,3,10.910419270044665,1,0,0,anti_homophones
20153,zhu3li4lE4ji1,13,-11.312414002146411,4,11.312414002146411,1,0,0,anti_homophones
20154,tW3zhu3,7,-6.154652256244596,2,6.154652256244596,1,0,0,anti_homophones
20155,xL4gan3,7,-5.5919691058469185,2,5.5919691058469185,1,0,3,anti_homophones
20156,hU1gA3,6,-7.585139804845855,2,7.585139804845855,1,0,1,anti_homophones
20157,du4ru2sO3jL4,12,-10.667900147583328,4,10.667900147583328,1,0,0,anti_homophones
20158,xUn3ru2yan3sheng4,17,-11.585403999596739,4,11.585403999596739,1,0,0,anti_homophones
20159,lE2dan3,7,-6.5221610389836755,2,6.5221610389836755,1,0,0,anti_homophones
20160,fen1gan1dO2,11,-9.6162688029162,3,9.6162688029162,1,0,0,anti_homophones
20161,gUn1jin1wE2,11,-8.82738220265474,3,8.82738220265474,1,0,0,anti_homophones
20162,sha4ban3,8,-7.008497705863055,2,7.008497705863055,1,0,0,anti_homophones
20163,shU1zheng3zhong4,16,-10.4219100158396,3,10.4219100158396,1,0,0,anti_homophones
20164,xLn2di4,7,-6.113683587082765,2,6.113683587082765,1,0,2,anti_homophones
20165,yan3heng1hU4,12,-9.239719753790956,3,9.239719753790956,1,0,0,anti_homophones
20166,hI4er5,6,-6.5674301324700775,2,6.5674301324700775,1,1,2,anti_homophones
20167,zi4xing4,8,-5.141188821569837,2,5.141188821569837,1,0,8,anti_homophones
20168,jin1bE4,7,-5.859015262049875,2,5.859015262049875,1,0,3,anti_homophones
20169,bE1wang2,8,-6.544130630164857,2,6.544130630164857,1,0,2,anti_homophones
20170,nK2xin4hQ2mQ4,13,-12.392331955889988,4,12.392331955889988,1,0,0,anti_homophones
20171,zheng2chong1wu3ti2,18,-11.945854193577741,4,11.945854193577741,1,0,0,anti_homophones
20172,xW4qi4she4,10,-8.891733426649697,3,8.891733426649697,1,0,0,anti_homophones
20173,tV2shi2san1hU1,14,-11.379074416072552,4,11.379074416072552,1,0,0,anti_homophones
20174,lM4dA4qi4,9,-8.86193201210215,3,8.86193201210215,1,0,0,anti_homophones
20175,shi4shi3tA4kong1,16,-10.880826353790583,4,10.880826353790583,1,0,0,anti_homophones
20176,xYng1fen4de2,12,-9.449003089686489,3,9.449003089686489,1,0,0,anti_homophones
20177,sheng1yi2he4cA2,15,-12.470977054882283,4,12.470977054882283,1,0,0,anti_homophones
20178,shi1cha1,8,-6.309531933154024,2,6.309531933154024,1,0,0,anti_homophones
20179,ju1nK3,6,-7.735349920613218,2,7.735349920613218,1,0,1,anti_homophones
20180,tan2xLng1le4gUng1,17,-12.49097001512934,4,12.49097001512934,1,0,0,anti_homophones
20181,zhang2dQ4dUn4g1,15,-13.58821653559897,3,13.58821653559897,1,0,0,anti_homophones
20182,zhUn2lLng2shi4,14,-9.089064917194364,3,9.089064917194364,1,0,0,anti_homophones
20183,bing2lu4,8,-5.9453788977581805,2,5.9453788977581805,1,0,4,anti_homophones
20184,dLn3pQ2gong1,12,-9.609009488556628,3,9.609009488556628,1,0,0,anti_homophones
20185,jLng1bu4cA4,11,-9.542778030624246,3,9.542778030624246,1,0,0,anti_homophones
20186,cu1mE3hQ3,9,-9.91426278308423,3,9.91426278308423,1,0,0,anti_homophones
20187,qu1zu2jW3,9,-9.45717800009258,3,9.45717800009258,1,0,0,anti_homophones
20188,wen2fa3,7,-5.721616238547207,2,5.721616238547207,1,0,1,anti_homophones
20189,ben4da4fen4,11,-10.180912239539493,3,10.180912239539493,1,0,0,anti_homophones
20190,fE1wu4,6,-5.325910864295504,2,5.325910864295504,1,0,2,anti_homophones
20191,jK3lV4da2li4,12,-10.923523901116653,4,10.923523901116653,1,0,0,anti_homophones
20192,nW4shen1,8,-6.7396150380643265,2,6.7396150380643265,1,0,0,anti_homophones
20193,gV4yUn4,7,-6.541171946428573,2,6.541171946428573,1,0,3,anti_homophones
20194,pin3cA3,7,-6.64700393092266,2,6.64700393092266,1,0,1,anti_homophones
20195,shen2zi5,8,-5.379132246071597,2,5.379132246071597,1,0,3,anti_homophones
20196,jin4wan3jC1deng1,16,-14.065589364842436,4,14.065589364842436,1,0,0,anti_homophones
20197,gu1sa3bE1bA2,12,-12.545232051697127,4,12.545232051697127,1,0,0,anti_homophones
20198,zi4zhen1,8,-5.552401733936352,2,5.552401733936352,1,0,4,anti_homophones
20199,chan2wan1bu4ke4,15,-11.643183610232125,4,11.643183610232125,1,0,0,anti_homophones
20200,tu2she1he2,10,-9.694424224590426,3,9.694424224590426,1,0,0,anti_homophones
20201,zheng1dong1,11,-5.975985813810164,2,5.975985813810164,1,0,1,anti_homophones
20202,qLn3qM1xLn4xing2,16,-11.99053823981668,4,11.99053823981668,1,0,0,anti_homophones
20203,yV3sO3,6,-4.924322998338802,2,4.924322998338802,1,1,2,anti_homophones
20204,yu4li4gO1,9,-8.868013248479436,3,8.868013248479436,1,0,0,anti_homophones
20205,li3shi3,7,-5.946313201837201,2,5.946313201837201,1,0,5,anti_homophones
20206,zong1jL4qi4,11,-7.957356335314563,3,7.957356335314563,1,0,0,anti_homophones
20207,ban1bi3,7,-6.077370654136692,2,6.077370654136692,1,0,3,anti_homophones
20208,zhUn3zu2,8,-6.429665288681688,2,6.429665288681688,1,0,1,anti_homophones
20209,lO3long1ming4zhang1,19,-12.892221460377243,4,12.892221460377243,1,0,0,anti_homophones
20210,lQ3sUn1,7,-6.1073762327671925,2,6.1073762327671925,1,0,1,anti_homophones
20211,yin1xLn2lu4,11,-8.53514723043324,3,8.53514723043324,1,0,0,anti_homophones
20212,ge1tV2yV3,9,-8.521577630641824,3,8.521577630641824,1,0,0,anti_homophones
20213,pan4yong1,9,-6.580836611516252,2,6.580836611516252,1,0,0,anti_homophones
20214,hA3shen4,8,-6.182280459465185,2,6.182280459465185,1,0,1,anti_homophones
20215,yan3ben1zhan3,13,-9.83914722202428,3,9.83914722202428,1,0,0,anti_homophones
20216,yang4ting2meng1,15,-9.940279119322309,3,9.940279119322309,1,0,0,anti_homophones
20217,sI2xLn4,7,-5.451307662200112,2,5.451307662200112,1,0,1,anti_homophones
20218,jLn1sA4,7,-5.824103090438019,2,5.824103090438019,1,1,4,anti_homophones
20219,lin2nan2,8,-6.381237411307065,2,6.381237411307065,1,0,0,anti_homophones
20220,hen1ji1jin4qi1,14,-11.732640774081576,4,11.732640774081576,1,0,0,anti_homophones
20221,dLn3pW4jing2fu4,15,-11.771334360076734,4,11.771334360076734,1,0,0,anti_homophones
20222,pi3zhi2,7,-6.648648769465119,2,6.648648769465119,1,0,1,anti_homophones
20223,wE1yu2,6,-5.57278960146214,2,5.57278960146214,1,0,4,anti_homophones
20224,shV1kQ3,7,-7.573908129579363,2,7.573908129579363,1,0,1,anti_homophones
20225,lLng1su4,8,-5.967614615445147,2,5.967614615445147,1,0,2,anti_homophones
20226,gO4di2,6,-6.181954133528373,2,6.181954133528373,1,0,0,anti_homophones
20227,la1yi4hI4,9,-8.691929835619415,3,8.691929835619415,1,0,0,anti_homophones
20228,ren2yi4min2,11,-8.626540815076059,3,8.626540815076059,1,0,0,anti_homophones
20229,dLn4ta4,7,-6.767659613296274,2,6.767659613296274,1,0,1,anti_homophones
20230,wa3lan2,7,-6.5744595862420745,2,6.5744595862420745,1,0,0,anti_homophones
20231,xi1zi3de2shV4,13,-11.916775800986912,4,11.916775800986912,1,0,0,anti_homophones
20232,rQ4qW2,6,-7.653013421899372,2,7.653013421899372,1,0,0,anti_homophones
20233,di3yong3ju3bQ3,14,-12.794803695442983,4,12.794803695442983,1,0,0,anti_homophones
20234,zhang2xi1,9,-6.414684403420641,2,6.414684403420641,1,0,3,anti_homophones
20235,xW3ge2,6,-4.918217441015871,2,4.918217441015871,1,1,2,anti_homophones
20236,xW3zhong3,9,-6.053385213603474,2,6.053385213603474,1,0,0,anti_homophones
20237,zhong2dI4,9,-6.14145259938996,2,6.14145259938996,1,0,1,anti_homophones
20238,bA2shV3,7,-5.521330350649778,2,5.521330350649778,1,1,1,anti_homophones
20239,cu1hu4,6,-5.434715887102266,2,5.434715887102266,1,0,11,anti_homophones
20240,feng4xLng4yV2,13,-9.03777974588427,3,9.03777974588427,1,0,0,anti_homophones
20241,yi1shi4shI3mo4,14,-9.633152089797475,4,9.633152089797475,1,0,0,anti_homophones
20242,yan3mu4,7,-5.582747590268993,2,5.582747590268993,1,0,9,anti_homophones
20243,sa1ta3,6,-6.591370948416472,2,6.591370948416472,1,0,0,anti_homophones
20244,jLn1ping2,9,-6.219691110478023,2,6.219691110478023,1,0,2,anti_homophones
20245,xun2hV4qing3,12,-9.573510453187774,3,9.573510453187774,1,0,0,anti_homophones
20246,zhong5si1,9,-8.255230903334253,2,8.255230903334253,1,0,0,anti_homophones
20247,xW3xing3,8,-5.344152773526981,2,5.344152773526981,1,0,4,anti_homophones
20248,yin1shI3chang2lu2,17,-11.962480710050949,4,11.962480710050949,1,0,0,anti_homophones
20249,qUn2zhong4,10,-5.933017481224802,2,5.933017481224802,1,0,1,anti_homophones
20250,tQ2chu1,7,-6.705200674742903,2,6.705200674742903,1,0,1,anti_homophones
20251,mang4ha1ri4,11,-11.097192406115074,3,11.097192406115074,1,0,0,anti_homophones
20252,chQ2feng1jL4,12,-8.782798529892062,3,8.782798529892062,1,0,0,anti_homophones
20253,wu2lin2,7,-5.782405009482042,2,5.782405009482042,1,0,1,anti_homophones
20254,xun2bW3,7,-6.698537177150233,2,6.698537177150233,1,0,0,anti_homophones
20255,zhong2shu4gUn1,14,-9.13363072319467,3,9.13363072319467,1,0,0,anti_homophones
20256,keng1cong2,10,-7.832453924104384,2,7.832453924104384,1,0,0,anti_homophones
20257,jin1an4,7,-5.604391620161172,2,5.604391620161172,1,0,3,anti_homophones
20258,zeng1wang2zhong1,16,-9.901026305698739,3,9.901026305698739,1,0,0,anti_homophones
20259,hong4dW4,8,-6.652242899757098,2,6.652242899757098,1,0,1,anti_homophones
20260,xW3chi2,7,-5.578187249819894,2,5.578187249819894,1,0,2,anti_homophones
20261,tA4feng1chang2er5,17,-12.613319966537103,4,12.613319966537103,1,0,0,anti_homophones
20262,xM2bo1,6,-6.237204686275797,2,6.237204686275797,1,0,1,anti_homophones
20263,wan3fu3wang1gUng4,17,-13.58271862902471,4,13.58271862902471,1,0,0,anti_homophones
20264,kong2rO4,8,-6.649726698240147,2,6.649726698240147,1,0,0,anti_homophones
20265,yin4hV4,7,-6.2934819601600465,2,6.2934819601600465,1,0,3,anti_homophones
20266,yV2lUn4jun4,11,-11.094089871952908,3,11.094089871952908,1,0,0,anti_homophones
20267,pan4jL4,7,-6.307031560463132,2,6.307031560463132,1,0,1,anti_homophones
20268,shV3yu4ji4,10,-7.494892569948377,3,7.494892569948377,1,0,0,anti_homophones
20269,ci2chen3shi4,12,-8.84771244702456,3,8.84771244702456,1,0,0,anti_homophones
20270,zhi1yi4ru4zi5,13,-9.999156953683256,4,9.999156953683256,1,0,0,anti_homophones
20271,an1hUng1si3wE3,14,-12.15148067370053,4,12.15148067370053,1,0,0,anti_homophones
20272,mLn4tLn1pi2,11,-8.863096671313256,3,8.863096671313256,1,0,0,anti_homophones
20273,cA3shi2,7,-5.501083720745185,2,5.501083720745185,1,0,5,anti_homophones
20274,qin1fE4,7,-6.243764770662502,2,6.243764770662502,1,0,2,anti_homophones
20275,ci3zhe4can1,11,-11.185803978273267,3,11.185803978273267,1,0,0,anti_homophones
20276,xLng1shi2,9,-5.602446635181483,2,5.602446635181483,1,0,3,anti_homophones
20277,he2shUn1zi1,11,-9.684352276986562,3,9.684352276986562,1,0,0,anti_homophones
20278,gQ1gang2tQ4,11,-9.912839405817227,3,9.912839405817227,1,0,0,anti_homophones
20279,shi2xK1zhe3,11,-8.378597167695016,3,8.378597167695016,1,0,0,anti_homophones
20280,shu1lu4hI4xing1,15,-10.886599081248464,4,10.886599081248464,1,0,0,anti_homophones
20281,rV4ban3,7,-6.076279381195354,2,6.076279381195354,1,0,3,anti_homophones
20282,pi1fE4,6,-5.641831785429504,2,5.641831785429504,1,0,3,anti_homophones
20283,ben3tan2,8,-6.067968967865692,2,6.067968967865692,1,0,0,anti_homophones
20284,lLng4shi3ye1fE4,15,-11.996608443140058,4,11.996608443140058,1,0,0,anti_homophones
20285,si4sun1lu2,10,-10.8078442506989,3,10.8078442506989,1,0,0,anti_homophones
20286,yi1mu4,6,-5.085924367344022,2,5.085924367344022,1,1,15,anti_homophones
20287,zhi2fa3li3,10,-8.502810691697691,3,8.502810691697691,1,0,0,anti_homophones
20288,hU1bA2jK3,9,-8.775535825061848,3,8.775535825061848,1,0,0,anti_homophones
20289,dUn4min2jin4,12,-9.224375056274544,3,9.224375056274544,1,0,0,anti_homophones
20290,shu4kV3,7,-5.685126247699025,2,5.685126247699025,1,0,1,anti_homophones
20291,ming3bi3,8,-6.831198012518744,2,6.831198012518744,1,0,1,anti_homophones
20292,yang4wu4,8,-5.795182351943105,2,5.795182351943105,1,0,2,anti_homophones
20293,zhUn4zhi3hU4,12,-8.333482881366225,3,8.333482881366225,1,0,0,anti_homophones
20294,pW4ju4,6,-6.303923079401725,2,6.303923079401725,1,0,0,anti_homophones
20295,hV4gang1,8,-6.687756618495084,2,6.687756618495084,1,0,1,anti_homophones
20296,fE1dV4shen1,11,-9.51199803813694,3,9.51199803813694,1,0,0,anti_homophones
20297,pE1she2he2,10,-11.17526441363889,3,11.17526441363889,1,0,0,anti_homophones
20298,yi2dA4,6,-5.338990205880587,2,5.338990205880587,1,0,7,anti_homophones
20299,cA2chu2bQ1,10,-10.08515144835441,3,10.08515144835441,1,0,0,anti_homophones
20300,dA4po4xK3,9,-9.526478559203799,3,9.526478559203799,1,0,0,anti_homophones
20301,da4ju2,6,-4.915099955433203,2,4.915099955433203,1,0,11,anti_homophones
20302,wu4xUn3,7,-6.54963797127559,2,6.54963797127559,1,0,1,anti_homophones
20303,shen2zhi3jLn3,13,-9.063368470110671,3,9.063368470110671,1,0,0,anti_homophones
20304,nu4mi3,6,-6.5712719699308035,2,6.5712719699308035,1,0,0,anti_homophones
20305,qi2jLn4lang3,12,-9.617835830444628,3,9.617835830444628,1,0,0,anti_homophones
20306,zi4bQ3ji1,9,-7.607873688664737,3,7.607873688664737,1,0,0,anti_homophones
20307,yV4bQ1fan2,10,-9.352840406422137,3,9.352840406422137,1,0,0,anti_homophones
20308,bA2e4ben4,9,-8.840850721636038,3,8.840850721636038,1,0,0,anti_homophones
20309,ge2shO1,7,-6.384792446602545,2,6.384792446602545,1,0,0,anti_homophones
20310,tQ3qLn1,7,-6.878674372713548,2,6.878674372713548,1,0,2,anti_homophones
20311,lB4zhUn1cheng2,14,-10.313000207791353,3,10.313000207791353,1,0,0,anti_homophones
20312,re4xW1ting3,11,-9.725972263135594,3,9.725972263135594,1,0,0,anti_homophones
20313,fen1xL4,7,-5.72930350330281,2,5.72930350330281,1,1,2,anti_homophones
20314,nLn2dA4,7,-5.792330407912177,2,5.792330407912177,1,0,0,anti_homophones
20315,ji1zhA4,7,-6.339351843053482,2,6.339351843053482,1,0,0,anti_homophones
20316,shen1zhi1zhi3pQ4,16,-11.246350275629318,4,11.246350275629318,1,0,0,anti_homophones
20317,tQ2zhi1,7,-5.948631913719652,2,5.948631913719652,1,0,1,anti_homophones
20318,tW2mE2,6,-6.402376230620467,2,6.402376230620467,1,0,0,anti_homophones
20319,can1xi2sO3,10,-9.404397906101279,3,9.404397906101279,1,0,0,anti_homophones
20320,zeng2ye4han4li4,15,-11.892259395101823,4,11.892259395101823,1,0,0,anti_homophones
20321,qin1shun3jing3bE5,17,-15.214186925041194,4,15.214186925041194,1,0,0,anti_homophones
20322,zhe1gen1,8,-7.6674262405102995,2,7.6674262405102995,1,0,0,anti_homophones
20323,shV1ge2dA4,10,-8.889192696327893,3,8.889192696327893,1,0,0,anti_homophones
20324,qUn2se4,7,-5.467004414193891,2,5.467004414193891,1,0,2,anti_homophones
20325,tA4ru4gu3fa1,12,-11.939514933301357,4,11.939514933301357,1,0,0,anti_homophones
20326,deng2wE1,8,-6.776788759891194,2,6.776788759891194,1,0,0,anti_homophones
20327,tLn2tong1chun2,14,-10.253530418805594,3,10.253530418805594,1,0,0,anti_homophones
20328,jUn3fu3,7,-7.47324859794739,2,7.47324859794739,1,0,0,anti_homophones
20329,bu4tI3,6,-5.608596818680546,2,5.608596818680546,1,1,3,anti_homophones
20330,ceng1lW2bu4dLn3,15,-12.32604953178562,4,12.32604953178562,1,0,0,anti_homophones
20331,shP4xL4,7,-6.369297746620788,2,6.369297746620788,1,0,2,anti_homophones
20332,gQ1sheng1zhe3,13,-7.987876849219367,3,7.987876849219367,1,0,0,anti_homophones
20333,dLn4chong2,10,-6.588997428430672,2,6.588997428430672,1,0,2,anti_homophones
20334,jun1zi3,7,-5.446791052717014,2,5.446791052717014,1,0,4,anti_homophones
20335,tong4gI3yu4,11,-8.987883610922689,3,8.987883610922689,1,0,0,anti_homophones
20336,qC1kV3chi4,10,-8.36671170070654,3,8.36671170070654,1,0,0,anti_homophones
20337,bo2le4,6,-5.437763144642292,2,5.437763144642292,1,1,4,anti_homophones
20338,lQ3wu2qUn3,10,-9.278934008695105,3,9.278934008695105,1,0,0,anti_homophones
20339,jLn1zhen1gUng3,14,-9.9480648001223,3,9.9480648001223,1,0,0,anti_homophones
20340,zhong1er2he2,12,-8.125290489840253,3,8.125290489840253,1,0,0,anti_homophones
20341,dLn3ren2,8,-5.497646857372408,2,5.497646857372408,1,0,2,anti_homophones
20342,xun4wE4,7,-5.9131635348754275,2,5.9131635348754275,1,0,0,anti_homophones
20343,yQ4xLng2zhi1,12,-8.76464852251462,3,8.76464852251462,1,0,0,anti_homophones
20344,hQ3song3,8,-7.0857068832967265,2,7.0857068832967265,1,0,0,anti_homophones
20345,gA3ke1xC3,9,-8.586437556932326,3,8.586437556932326,1,0,0,anti_homophones
20346,da4ju3bM2tan4,13,-11.1380294776671,4,11.1380294776671,1,0,0,anti_homophones
20347,kUn3cA4hI4,10,-9.25593163403808,3,9.25593163403808,1,0,0,anti_homophones
20348,da4lB4,6,-5.340908078965126,2,5.340908078965126,1,0,6,anti_homophones
20349,dLn4wE4yu2,10,-8.13421560735645,3,8.13421560735645,1,0,0,anti_homophones
20350,po4shi4,7,-5.219404803765028,2,5.219404803765028,1,1,3,anti_homophones
20351,jM1dQ3,6,-5.5229996328612225,2,5.5229996328612225,1,0,2,anti_homophones
20352,da3tLn1,7,-5.734207229008652,2,5.734207229008652,1,0,2,anti_homophones
20353,lang4kA1fen1,12,-9.96777757485072,3,9.96777757485072,1,0,0,anti_homophones
20354,zI4ju2,6,-6.124527588653017,2,6.124527588653017,1,0,4,anti_homophones
20355,jing2tA4yV4,11,-9.61451471220425,3,9.61451471220425,1,0,0,anti_homophones
20356,xi1nW4yu4,9,-8.579302075512686,3,8.579302075512686,1,0,0,anti_homophones
20357,hE1ting1,8,-6.330824075801753,2,6.330824075801753,1,0,0,anti_homophones
20358,po2jW3,6,-6.519859659089862,2,6.519859659089862,1,0,1,anti_homophones
20359,li3bu4lQ2,9,-8.190010301741054,3,8.190010301741054,1,0,0,anti_homophones
20360,jLn3zheng4,10,-6.40350350301253,2,6.40350350301253,1,0,1,anti_homophones
20361,tang4si3,8,-6.868072945954086,2,6.868072945954086,1,0,1,anti_homophones
20362,fang2hO4,8,-5.798248165061451,2,5.798248165061451,1,0,4,anti_homophones
20363,jun1lu1,7,-6.5292572789236765,2,6.5292572789236765,1,0,2,anti_homophones
20364,yi1bang2,8,-5.779195230090651,2,5.779195230090651,1,0,2,anti_homophones
20365,pE2ji3,6,-6.947730196356209,2,6.947730196356209,1,0,0,anti_homophones
20366,qi2bu4nen4,10,-8.437108025157968,3,8.437108025157968,1,0,0,anti_homophones
20367,si4yi4sheng1zha1,16,-11.861683878825563,4,11.861683878825563,1,0,0,anti_homophones
20368,shQ1da4chP4,11,-11.349253634923208,3,11.349253634923208,1,0,0,anti_homophones
20369,wE1shO1jing4,12,-9.470114060045052,3,9.470114060045052,1,0,0,anti_homophones
20370,cO4sI2ji1zu2,12,-12.142035427654575,4,12.142035427654575,1,0,0,anti_homophones
20371,mE4yong2xLn3,12,-10.492396568158373,3,10.492396568158373,1,0,0,anti_homophones
20372,can1san4cheng2shUn1,19,-14.736892592589594,4,14.736892592589594,1,0,0,anti_homophones
20373,an1hO3chu1,10,-8.43331306604542,3,8.43331306604542,1,0,0,anti_homophones
20374,cu4bLn4an1,10,-10.38902309232869,3,10.38902309232869,1,0,0,anti_homophones
20375,gA3zang3ji2,11,-9.320559238225687,3,9.320559238225687,1,0,0,anti_homophones
20376,nong4lLng4,10,-6.694887951817317,2,6.694887951817317,1,0,1,anti_homophones
20377,pi1gUng1ya1,11,-9.2742893789368,3,9.2742893789368,1,0,0,anti_homophones
20378,mo2ying2,8,-6.354854792111633,2,6.354854792111633,1,0,0,anti_homophones
20379,bQ4ling1,8,-6.167240788118667,2,6.167240788118667,1,0,4,anti_homophones
20380,ye1zi5,6,-4.930791921496943,2,4.930791921496943,1,1,4,anti_homophones
20381,wE2yu2xing2,11,-8.661488096587144,3,8.661488096587144,1,0,0,anti_homophones
20382,jL1zhe5,7,-6.287237407650715,2,6.287237407650715,1,0,1,anti_homophones
20383,jM1bu4yUn2,10,-7.3197384970220165,3,7.3197384970220165,1,0,0,anti_homophones
20384,xLng1ying2tong4,15,-9.461700270818593,3,9.461700270818593,1,0,0,anti_homophones
20385,shi2zhan3xing4tQ4,17,-12.652790848991502,4,12.652790848991502,1,0,0,anti_homophones
20386,xW3ka3,6,-5.447415115656387,2,5.447415115656387,1,0,4,anti_homophones
20387,shang2shu3ying3,15,-9.213983694107965,3,9.213983694107965,1,0,0,anti_homophones
20388,zhong2zhUn1,11,-6.707275024181375,2,6.707275024181375,1,0,1,anti_homophones
20389,zi4yun2qi4,10,-7.854047707931076,3,7.854047707931076,1,0,0,anti_homophones
20390,gO3ji2,6,-5.840982136161928,2,5.840982136161928,1,0,2,anti_homophones
20391,kI2wE2jK3,9,-9.228501157195065,3,9.228501157195065,1,0,0,anti_homophones
20392,qM1he2ye4,9,-7.7653103590199875,3,7.7653103590199875,1,0,0,anti_homophones
20393,qLn2wE1zhen2shV3,16,-12.279336627391565,4,12.279336627391565,1,0,0,anti_homophones
20394,fang2yi4,8,-5.4197812880243985,2,5.4197812880243985,1,0,5,anti_homophones
20395,dV4fo2,6,-6.558242956009155,2,6.558242956009155,1,0,2,anti_homophones
20396,yan2cA5,7,-6.8757522379997775,2,6.8757522379997775,1,0,0,anti_homophones
20397,yun1li4,7,-6.496981691188005,2,6.496981691188005,1,0,2,anti_homophones
20398,jin4hO4,7,-5.533829883921301,2,5.533829883921301,1,0,3,anti_homophones
20399,ge4ye4,6,-5.210513486312586,2,5.210513486312586,1,0,6,anti_homophones
20400,bing3ji1mA4lun4,15,-12.325790314066769,4,12.325790314066769,1,0,0,anti_homophones
20401,kQ3lv4,6,-5.762770965378878,2,5.762770965378878,1,0,5,anti_homophones
20402,xi4yu2yu3,9,-9.156818026815847,3,9.156818026815847,1,0,0,anti_homophones
20403,jW4zhi1,7,-5.5040603780164545,2,5.5040603780164545,1,0,1,anti_homophones
20404,xin1xC2,7,-5.809455997357649,2,5.809455997357649,1,0,2,anti_homophones
20405,zhi2wE4lA2hUn2,14,-11.61667016687621,4,11.61667016687621,1,0,0,anti_homophones
20406,nan2sheng1,10,-5.836215032106121,2,5.836215032106121,1,0,2,anti_homophones
20407,man3gI1fa1,10,-9.630046711065708,3,9.630046711065708,1,0,0,anti_homophones
20408,wen2sheng2,10,-6.1313428471523315,2,6.1313428471523315,1,0,4,anti_homophones
20409,dI4yi1xin4ru4,13,-10.842039460949938,4,10.842039460949938,1,0,0,anti_homophones
20410,zhong1jLn4che1,14,-8.337587024409656,3,8.337587024409656,1,0,0,anti_homophones
20411,yi3bE4za2,9,-8.986735673927557,3,8.986735673927557,1,0,0,anti_homophones
20412,zhi1hV4ni4,10,-9.474588723195739,3,9.474588723195739,1,0,0,anti_homophones
20413,bu4xLn4,7,-4.901398778935551,2,4.901398778935551,1,0,9,anti_homophones
20414,nLn2tan2,8,-6.380039365350023,2,6.380039365350023,1,0,0,anti_homophones
20415,mQ4yu2cu4shang4,15,-12.196293285560364,4,12.196293285560364,1,0,0,anti_homophones
20416,fu4zha3xing2,12,-9.799110591663775,3,9.799110591663775,1,0,0,anti_homophones
20417,bLn3dLn4,8,-6.329473039786135,2,6.329473039786135,1,0,2,anti_homophones
20418,qi2ke4zi1,9,-9.401188599699008,3,9.401188599699008,1,0,0,anti_homophones
20419,bE1gUn4,7,-6.100026500089658,2,6.100026500089658,1,0,2,anti_homophones
20420,he2fang1zhen3jLng1,18,-12.654198742330308,4,12.654198742330308,1,0,0,anti_homophones
20421,zhong4ri4,9,-5.99729242338273,2,5.99729242338273,1,0,3,anti_homophones
20422,cO4jin3,7,-6.943334107517841,2,6.943334107517841,1,0,2,anti_homophones
20423,gI3mo2tO1,9,-7.3022436129313695,3,7.3022436129313695,1,0,0,anti_homophones
20424,zhang3zhi3fan1qUn1,18,-13.454877439374403,4,13.454877439374403,1,0,0,anti_homophones
20425,shen1jM4,8,-5.850865540641205,2,5.850865540641205,1,0,2,anti_homophones
20426,xLng4jC2ren2,12,-8.04748605577738,3,8.04748605577738,1,0,0,anti_homophones
20427,dW1ke1,6,-5.429497539272453,2,5.429497539272453,1,0,2,anti_homophones
20428,gu4cha4,7,-7.247260648667207,2,7.247260648667207,1,0,1,anti_homophones
20429,sI2su1ju4,9,-8.641781132995654,3,8.641781132995654,1,0,0,anti_homophones
20430,hE1chen2,8,-6.497655482601575,2,6.497655482601575,1,0,1,anti_homophones
20431,zhi3wE4,7,-5.654993610352503,2,5.654993610352503,1,0,1,anti_homophones
20432,ju4hU1qLng1chen4,16,-12.412575741873807,4,12.412575741873807,1,0,0,anti_homophones
20433,na4lLn4,7,-6.770243620823202,2,6.770243620823202,1,0,0,anti_homophones
20434,xing2cA4,8,-6.058306226806182,2,6.058306226806182,1,0,3,anti_homophones
20435,nQ3dong1hO2er5,14,-11.712097536546858,4,11.712097536546858,1,0,0,anti_homophones
20436,wu4beng1tLn2jK3,15,-13.511851535173522,4,13.511851535173522,1,0,0,anti_homophones
20437,wu2ci2ti3,9,-7.3507647365892606,3,7.3507647365892606,1,0,0,anti_homophones
20438,xLng1rong1,10,-6.564531914351849,2,6.564531914351849,1,0,1,anti_homophones
20439,yu4qu1ban4jLn4,14,-11.648289398692265,4,11.648289398692265,1,0,0,anti_homophones
20440,zi4zhi1,7,-5.01596072445272,2,5.01596072445272,1,0,8,anti_homophones
20441,mV2bing1,8,-6.876719047477035,2,6.876719047477035,1,0,1,anti_homophones
20442,shI3dQ4,7,-4.92252745060666,2,4.92252745060666,1,0,7,anti_homophones
20443,bQ1xW3ceng2,11,-9.536956854768698,3,9.536956854768698,1,0,0,anti_homophones
20444,jW3ren2,7,-5.635326722283603,2,5.635326722283603,1,0,0,anti_homophones
20445,ma3shang4,9,-6.438020852745863,2,6.438020852745863,1,0,2,anti_homophones
20446,dang2yi5hU4nan2,15,-11.562694513563448,4,11.562694513563448,1,0,0,anti_homophones
20447,zhang3te4bu4ren2,16,-11.870438209768439,4,11.870438209768439,1,0,0,anti_homophones
20448,fV3chen1ri4,11,-11.35205567353637,3,11.35205567353637,1,0,0,anti_homophones
20449,gong1li4,8,-5.295876054572858,2,5.295876054572858,1,0,6,anti_homophones
20450,chQ2peng2yi4,12,-9.097101518663022,3,9.097101518663022,1,0,0,anti_homophones
20451,yan2tA4yi1wen2,14,-10.907918464237836,4,10.907918464237836,1,0,0,anti_homophones
20452,wu2yi1tang3,11,-7.90967212426182,3,7.90967212426182,1,0,0,anti_homophones
20453,gA3yu2,6,-6.295754422127972,2,6.295754422127972,1,0,1,anti_homophones
20454,chong3jLn4,10,-6.421352301757003,2,6.421352301757003,1,0,1,anti_homophones
20455,hUng1xing1kI1,13,-9.52902131705811,3,9.52902131705811,1,0,0,anti_homophones
20456,shV3cheng1,10,-5.6111479269616265,2,5.6111479269616265,1,1,4,anti_homophones
20457,shen1shu4zi3,12,-8.459008098056808,3,8.459008098056808,1,0,0,anti_homophones
20458,bu4ze2,6,-5.382850579484858,2,5.382850579484858,1,0,9,anti_homophones
20459,gUn3qC4ting2qUn2,16,-12.263620651031871,4,12.263620651031871,1,0,0,anti_homophones
20460,nLn2xW4,7,-5.896304669564284,2,5.896304669564284,1,0,1,anti_homophones
20461,yang4dan1,9,-6.2889279750404805,2,6.2889279750404805,1,0,0,anti_homophones
20462,xi1xi5,6,-5.908781883885818,2,5.908781883885818,1,0,2,anti_homophones
20463,gu3cu2,6,-7.721312364144142,2,7.721312364144142,1,0,0,anti_homophones
20464,yi1bu4dQ4,9,-6.374805225632204,3,6.374805225632204,1,0,0,anti_homophones
20465,hang4ye4qu3xLn4,15,-11.70902441027125,4,11.70902441027125,1,0,0,anti_homophones
20466,da4jun1,7,-5.150921696679616,2,5.150921696679616,1,0,2,anti_homophones
20467,dLn4shI4ru4,11,-9.224157388644642,3,9.224157388644642,1,0,0,anti_homophones
20468,nE4wE2ji1yC4,12,-11.212735887930739,4,11.212735887930739,1,0,0,anti_homophones
20469,gun3xin1,8,-6.192866394313209,2,6.192866394313209,1,0,1,anti_homophones
20470,qi3jin1sO1,10,-8.986854789693902,3,8.986854789693902,1,0,0,anti_homophones
20471,ma3gong1yan2,12,-8.597909043517125,3,8.597909043517125,1,0,0,anti_homophones
20472,shV4gu1bi3,10,-9.741969824827585,3,9.741969824827585,1,0,0,anti_homophones
20473,qu3jC2,6,-5.7808417843211055,2,5.7808417843211055,1,0,3,anti_homophones
20474,fa1chen4,8,-6.17683436982688,2,6.17683436982688,1,0,4,anti_homophones
20475,yi1xLn1chu3zhUn3,16,-12.485391668390927,4,12.485391668390927,1,0,0,anti_homophones
20476,fang4ting2,10,-6.467334939872228,2,6.467334939872228,1,0,1,anti_homophones
20477,jin4ji4tA1hun1,14,-12.968145442969085,4,12.968145442969085,1,0,0,anti_homophones
20478,bing4si3nQ3hA2,14,-12.662504534439702,4,12.662504534439702,1,0,0,anti_homophones
20479,jK1jing2ti2he2,14,-12.423719824067609,4,12.423719824067609,1,0,0,anti_homophones
20480,man4rong1,9,-7.312590101907193,2,7.312590101907193,1,0,0,anti_homophones
20481,zhUn1pu2,8,-8.635638024143121,2,8.635638024143121,1,0,0,anti_homophones
20482,yV3che1,7,-5.6730445435676495,2,5.6730445435676495,1,1,2,anti_homophones
20483,e2wen4jL4,9,-9.476234672550579,3,9.476234672550579,1,0,0,anti_homophones
20484,fu4hU4,6,-4.78559824831422,2,4.78559824831422,1,1,10,anti_homophones
20485,shQ3hA3,7,-7.02108631329746,2,7.02108631329746,1,0,0,anti_homophones
20486,xLn4shI3,8,-5.627344696738266,2,5.627344696738266,1,0,4,anti_homophones
20487,ma2mu4zhen1bL4,14,-13.396204561306789,4,13.396204561306789,1,0,0,anti_homophones
20488,fu4ce4qi4,9,-7.696417209464991,3,7.696417209464991,1,0,0,anti_homophones
20489,tang4gan1rQ3,12,-9.699238108767375,3,9.699238108767375,1,0,0,anti_homophones
20490,lM4ni4lE3jing4,14,-11.733839740459866,4,11.733839740459866,1,0,0,anti_homophones
20491,nong4can1wE4,12,-9.453808040747528,3,9.453808040747528,1,0,0,anti_homophones
20492,cha2ju4fa3,10,-8.03048291673394,3,8.03048291673394,1,0,0,anti_homophones
20493,qi2shu2shi2,11,-8.696644853853467,3,8.696644853853467,1,0,0,anti_homophones
20494,ren2qK2,7,-5.452500048493962,2,5.452500048493962,1,0,1,anti_homophones
20495,fan4gong1kU3,12,-9.171050300646616,3,9.171050300646616,1,0,0,anti_homophones
20496,zUn1xi3,7,-7.159288597151806,2,7.159288597151806,1,0,1,anti_homophones
20497,zO4sheng3zheng2,15,-9.626799672723212,3,9.626799672723212,1,0,0,anti_homophones
20498,zhan4bing1,10,-6.440363978741878,2,6.440363978741878,1,0,1,anti_homophones
20499,bang2yi2,8,-6.949806768414679,2,6.949806768414679,1,0,2,anti_homophones
20500,jM2mo2fang2,11,-7.990662536755381,3,7.990662536755381,1,0,0,anti_homophones
20501,shI3qi4gan4,11,-8.453969196562149,3,8.453969196562149,1,0,0,anti_homophones
20502,yu4wxLng4,9,-10.002132117590316,2,10.002132117590316,1,0,0,anti_homophones
20503,bLn4wa5,7,-8.369726416812776,2,8.369726416812776,1,0,0,anti_homophones
20504,nan2bo1ju2,10,-9.032506927070337,3,9.032506927070337,1,0,0,anti_homophones
20505,xing2long1xu4,13,-9.525786283813982,3,9.525786283813982,1,0,0,anti_homophones
20506,rV2rUn3,7,-5.729953166412129,2,5.729953166412129,1,0,0,anti_homophones
20507,cong4jing1gan3,14,-9.860742897566437,3,9.860742897566437,1,0,0,anti_homophones
20508,lag2xL2,7,-10.48765976316827,2,10.48765976316827,1,0,0,anti_homophones
20509,zi4jing3,8,-5.8589024614466485,2,5.8589024614466485,1,0,2,anti_homophones
20510,she4dO1yC1,10,-9.06494931231685,3,9.06494931231685,1,0,0,anti_homophones
20511,da3zhu3bE4,10,-7.999325857928171,3,7.999325857928171,1,0,0,anti_homophones
20512,yan2ma2fa3,10,-8.463664603115996,3,8.463664603115996,1,0,0,anti_homophones
20513,yin3lu4,7,-5.490005056060657,2,5.490005056060657,1,0,8,anti_homophones
20514,mi2hU1mu4ju4,12,-10.648781948321338,4,10.648781948321338,1,0,0,anti_homophones
20515,hUng1wu2ke4,11,-7.598286067128828,3,7.598286067128828,1,0,0,anti_homophones
20516,cI1chen2,8,-6.247066983322797,2,6.247066983322797,1,0,2,anti_homophones
20517,ji4he2,6,-5.583916328380818,2,5.583916328380818,1,0,6,anti_homophones
20518,hang3ma3,8,-6.7107569386068135,2,6.7107569386068135,1,0,0,anti_homophones
20519,an3jM2,6,-6.967162973621443,2,6.967162973621443,1,0,1,anti_homophones
20520,zhang4kP4,9,-6.515671065558657,2,6.515671065558657,1,0,2,anti_homophones
20521,zhUng2zhi2ye4,13,-8.558779751591278,3,8.558779751591278,1,0,0,anti_homophones
20522,chUn2xLn3er3bLn4,16,-11.61613492961287,4,11.61613492961287,1,0,0,anti_homophones
20523,zhi4bu4zhi4A2,13,-10.133525722288018,4,10.133525722288018,1,0,0,anti_homophones
20524,ban4yong2,9,-6.413753374793177,2,6.413753374793177,1,0,2,anti_homophones
20525,yu2bu4dI4zheng1,15,-10.9043026593204,4,10.9043026593204,1,0,0,anti_homophones
20526,xM2xu4,6,-6.06114574180491,2,6.06114574180491,1,0,2,anti_homophones
20527,kQ3wu1pi2,9,-9.62345382277788,3,9.62345382277788,1,0,0,anti_homophones
20528,xC4xLng4chu4,12,-9.474863017915204,3,9.474863017915204,1,0,0,anti_homophones
20529,da3jK3yi4,9,-7.157006066404251,3,7.157006066404251,1,0,0,anti_homophones
20530,xi1she2,7,-6.361941368896659,2,6.361941368896659,1,0,0,anti_homophones
20531,tan1jM4sheng1,13,-9.158816155274199,3,9.158816155274199,1,0,0,anti_homophones
20532,cA3kU3,6,-6.918189205458712,2,6.918189205458712,1,0,0,anti_homophones
20533,nK2wang1chu1ye4,15,-11.370760970366982,4,11.370760970366982,1,0,0,anti_homophones
20534,zV1xW3,6,-8.333763805363658,2,8.333763805363658,1,0,1,anti_homophones
20535,xu1dI4,6,-6.129914207225082,2,6.129914207225082,1,0,1,anti_homophones
20536,gU1feng1wu2jing1,16,-11.256302943521026,4,11.256302943521026,1,0,0,anti_homophones
20537,hU1shV4lA2,10,-7.99917930513421,3,7.99917930513421,1,0,0,anti_homophones
20538,lO2shI3,7,-6.068933283357634,2,6.068933283357634,1,0,5,anti_homophones
20539,chong1hong1,11,-6.523895749495876,2,6.523895749495876,1,0,1,anti_homophones
20540,wE1xC2,6,-5.639353233363906,2,5.639353233363906,1,0,2,anti_homophones
20541,ye1zhe3,7,-5.652503510387736,2,5.652503510387736,1,1,3,anti_homophones
20542,zO4yin1,7,-5.91574369481938,2,5.91574369481938,1,0,1,anti_homophones
20543,bA3yo1,6,-7.377377858395385,2,7.377377858395385,1,0,0,anti_homophones
20544,ma3zheng1,9,-6.197050522569938,2,6.197050522569938,1,0,2,anti_homophones
20545,shan2xC3,8,-7.108857728970054,2,7.108857728970054,1,0,0,anti_homophones
20546,zhQ1pi1shi1xLn3,15,-12.574247536115706,4,12.574247536115706,1,0,0,anti_homophones
20547,er3ju2,6,-7.280143056820242,2,7.280143056820242,1,0,0,anti_homophones
20548,jing1yi4pin3,12,-8.566223201040994,3,8.566223201040994,1,0,0,anti_homophones
20549,gO4yang2,8,-6.111412703563896,2,6.111412703563896,1,0,1,anti_homophones
20550,kan1shang1xL4,13,-9.692013701245493,3,9.692013701245493,1,0,0,anti_homophones
20551,lu4yu3,6,-5.744171953029274,2,5.744171953029274,1,0,7,anti_homophones
20552,jun1shu1xun2chang1,18,-12.042377518820578,4,12.042377518820578,1,0,0,anti_homophones
20553,zan1lu4,7,-7.435729543544129,2,7.435729543544129,1,0,1,anti_homophones
20554,du1cheng1ji4,12,-8.654888134935973,3,8.654888134935973,1,0,0,anti_homophones
20555,lK3bE4,6,-5.987107025689489,2,5.987107025689489,1,0,1,anti_homophones
20556,zhi4ban4,8,-5.769362699904421,2,5.769362699904421,1,1,2,anti_homophones
20557,he2tu3zhang3,12,-9.086527185815706,3,9.086527185815706,1,0,0,anti_homophones
20558,pWng3xLng1,10,-10.94048987606096,2,10.94048987606096,1,0,0,anti_homophones
20559,kun1chu1,8,-7.640418267383591,2,7.640418267383591,1,0,0,anti_homophones
20560,xi3xC4,6,-6.147696012591662,2,6.147696012591662,1,0,5,anti_homophones
20561,ban3hU2feng4jun1,16,-13.405757717677515,4,13.405757717677515,1,0,0,anti_homophones
20562,zhQ1zhan4,9,-6.265137422648855,2,6.265137422648855,1,0,0,anti_homophones
20563,wen1qUn2sha1,12,-9.269783859675547,3,9.269783859675547,1,0,0,anti_homophones
20564,zO4lE4,6,-5.988960623307206,2,5.988960623307206,1,0,3,anti_homophones
20565,ding4xL1hUn3,12,-10.790850899219809,3,10.790850899219809,1,0,0,anti_homophones
20566,lV4ge1,6,-6.361912623718521,2,6.361912623718521,1,0,3,anti_homophones
20567,seng2kO4,8,-8.832724858820725,2,8.832724858820725,1,0,0,anti_homophones
20568,gan4yi4,7,-6.022709486522266,2,6.022709486522266,1,0,7,anti_homophones
20569,ru3tV2,6,-5.598759875338583,2,5.598759875338583,1,0,6,anti_homophones
20570,gan3ling1fu2,12,-9.139163679221234,3,9.139163679221234,1,0,0,anti_homophones
20571,jing1she4,9,-6.095794036018064,2,6.095794036018064,1,0,1,anti_homophones
20572,tun1xW4,7,-6.850953589558639,2,6.850953589558639,1,0,1,anti_homophones
20573,ge2bing3,8,-6.7215001230575595,2,6.7215001230575595,1,0,1,anti_homophones
20574,feng4zA4shV3hong4,17,-12.237387079675104,4,12.237387079675104,1,0,0,anti_homophones
20575,she1qLn1,8,-7.636318249459551,2,7.636318249459551,1,0,0,anti_homophones
20576,qi4zhang4,9,-6.439227958666911,2,6.439227958666911,1,0,2,anti_homophones
20577,cheng1ku4dLn4,13,-9.05283761769306,3,9.05283761769306,1,0,0,anti_homophones
20578,bi4lM4,6,-5.795462545387352,2,5.795462545387352,1,0,6,anti_homophones
20579,re3hU1zhen1qi4,14,-11.419649957965422,4,11.419649957965422,1,0,0,anti_homophones
20580,yV1da4yi4,9,-8.091167753360725,3,8.091167753360725,1,0,0,anti_homophones
20581,xM2zhUn3,8,-6.8748526039597735,2,6.8748526039597735,1,0,0,anti_homophones
20582,pi2lu4,6,-5.750802546746219,2,5.750802546746219,1,1,7,anti_homophones
20583,gong4er3li3,11,-9.78566001387853,3,9.78566001387853,1,0,0,anti_homophones
20584,hO2hUn4ye4,10,-9.265351065891352,3,9.265351065891352,1,0,0,anti_homophones
20585,chong1chu4,10,-6.524173933638251,2,6.524173933638251,1,0,0,anti_homophones
20586,chi1jLn4yu4shi2,15,-11.321588137329362,4,11.321588137329362,1,0,0,anti_homophones
20587,mLn4mi4ji2,10,-9.095058164903051,3,9.095058164903051,1,0,0,anti_homophones
20588,ling1xing1,10,-6.315064894502522,2,6.315064894502522,1,0,4,anti_homophones
20589,hO4le4se4,9,-8.102542191395893,3,8.102542191395893,1,0,0,anti_homophones
20590,chang4jing2,11,-6.30111548707604,2,6.30111548707604,1,0,0,anti_homophones
20591,qLn2xing2,9,-5.5215879917444335,2,5.5215879917444335,1,0,2,anti_homophones
20592,jM1qM4,6,-5.3993486820408805,2,5.3993486820408805,1,0,3,anti_homophones
20593,long1zi5,8,-5.938545115078449,2,5.938545115078449,1,0,4,anti_homophones
20594,e1nv3fan4bu4,12,-10.565551674006981,4,10.565551674006981,1,0,0,anti_homophones
20595,jin4xing2shu4,13,-7.800175824646018,3,7.800175824646018,1,0,1,anti_homophones
20596,dA3ling2,8,-8.3066096303943,2,8.3066096303943,1,0,0,anti_homophones
20597,nE4gQ1qi4,9,-8.183404886989239,3,8.183404886989239,1,0,0,anti_homophones
20598,men5hu1,7,-6.9695101387118115,2,6.9695101387118115,1,0,0,anti_homophones
20599,yan3bing2,9,-6.1265841398640335,2,6.1265841398640335,1,0,0,anti_homophones
20600,wu2ren2,7,-4.442676455227358,2,4.442676455227358,1,2,7,anti_homophones
20601,lQ2dong4dong1,13,-8.960187545739602,3,8.960187545739602,1,0,0,anti_homophones
20602,xi3ji3du4zhi4,13,-11.547042195494006,4,11.547042195494006,1,0,0,anti_homophones
20603,nE4xC2wE4,9,-8.45211714159047,3,8.45211714159047,1,0,0,anti_homophones
20604,bW1fu5,6,-6.742106704486384,2,6.742106704486384,1,0,1,anti_homophones
20605,bQ4sheng1ding4,14,-8.948914153712678,3,8.948914153712678,1,0,0,anti_homophones
20606,lQ3jL4,6,-5.084228022531608,2,5.084228022531608,1,0,6,anti_homophones
20607,gu4kUng1shi1,12,-9.916837077808122,3,9.916837077808122,1,0,0,anti_homophones
20608,ge1ju1fen1lM4,13,-12.298872774496719,4,12.298872774496719,1,0,0,anti_homophones
20609,hong1yUn4,9,-6.515186686851536,2,6.515186686851536,1,0,2,anti_homophones
20610,che1dQ1ling4,12,-9.294344238747364,3,9.294344238747364,1,0,0,anti_homophones
20611,nA3yV2,6,-5.807020714894784,2,5.807020714894784,1,0,1,anti_homophones
20612,hO4cheng3,9,-6.740966957624252,2,6.740966957624252,1,0,1,anti_homophones
20613,mA2fen4,7,-6.077718323356283,2,6.077718323356283,1,0,0,anti_homophones
20614,jin1qLn2,8,-5.879580540530909,2,5.879580540530909,1,1,2,anti_homophones
20615,jLn4dong2qW1,12,-10.474329605339838,3,10.474329605339838,1,0,0,anti_homophones
20616,bW1ju3bQ3,9,-9.81260994608218,3,9.81260994608218,1,0,0,anti_homophones
20617,san3chang1,10,-7.08316856664773,2,7.08316856664773,1,0,1,anti_homophones
20618,tO1ting2e2,10,-9.370416272449216,3,9.370416272449216,1,0,0,anti_homophones
20619,fa1pan1xi3,10,-9.524039057142486,3,9.524039057142486,1,0,0,anti_homophones
20620,lQ3jK3,6,-5.527882551399599,2,5.527882551399599,1,0,1,anti_homophones
20621,zhong4gang3zheng1,17,-9.751811439959196,3,9.751811439959196,1,0,0,anti_homophones
20622,wang3tu2bW4,11,-11.324939376953298,3,11.324939376953298,1,0,0,anti_homophones
20623,yUn2du4,7,-5.651524317979068,2,5.651524317979068,1,0,4,anti_homophones
20624,jC2zi5,6,-5.217808955510671,2,5.217808955510671,1,0,3,anti_homophones
20625,wu4zi4deng1er2,14,-11.912190943514371,4,11.912190943514371,1,0,0,anti_homophones
20626,sO3bu4yi4,9,-6.983044253286816,3,6.983044253286816,1,0,0,anti_homophones
20627,du3san4ming1ying4,17,-13.829336883325846,4,13.829336883325846,1,0,0,anti_homophones
20628,kA1wang3bi3li4,14,-11.14104160618057,4,11.14104160618057,1,0,0,anti_homophones
20629,shang3jin4dQ4dan4,17,-11.459597599595721,4,11.459597599595721,1,0,0,anti_homophones
20630,lM4bing4,8,-6.508210921968523,2,6.508210921968523,1,0,1,anti_homophones
20631,rong1yUn4,9,-6.781222836999959,2,6.781222836999959,1,0,2,anti_homophones
20632,shi4ting4bW3zi5,15,-11.245734576017139,4,11.245734576017139,1,0,0,anti_homophones
20633,fu4dUn4yan3po4,14,-11.976165195829669,4,11.976165195829669,1,0,0,anti_homophones
20634,deng1tu2,8,-6.3223382902260274,2,6.3223382902260274,1,0,2,anti_homophones
20635,feng1qi2shu4,12,-8.013498188543933,3,8.013498188543933,1,0,0,anti_homophones
20636,hE1yang4,8,-5.909741731651423,2,5.909741731651423,1,1,3,anti_homophones
20637,bu4bLn4wu4,10,-8.456625933268352,3,8.456625933268352,1,0,0,anti_homophones
20638,lin2ci2,7,-6.1757710827331636,2,6.1757710827331636,1,0,2,anti_homophones
20639,shV1nLn4,8,-5.969597957040681,2,5.969597957040681,1,0,1,anti_homophones
20640,xW1fu1,6,-5.761946968218909,2,5.761946968218909,1,0,2,anti_homophones
20641,zV3xing4,8,-5.762667943304688,2,5.762667943304688,1,0,1,anti_homophones
20642,bo1dong3,8,-6.5418607652976775,2,6.5418607652976775,1,0,0,anti_homophones
20643,pQ4sha1,7,-6.829284560944527,2,6.829284560944527,1,0,1,anti_homophones
20644,zhUn2zhu4,9,-5.973926450592344,2,5.973926450592344,1,0,2,anti_homophones
20645,chV2men2,8,-5.718379318136453,2,5.718379318136453,1,0,2,anti_homophones
20646,dO1shi3,7,-5.870300062931191,2,5.870300062931191,1,0,3,anti_homophones
20647,zhi1tA2,7,-5.675782049002776,2,5.675782049002776,1,0,2,anti_homophones
20648,lLng4gUn1,9,-6.372918127960637,2,6.372918127960637,1,0,0,anti_homophones
20649,yUn4xing1hang2,14,-9.66403495596727,3,9.66403495596727,1,0,0,anti_homophones
20650,man3qUn2a1zhUn3,15,-14.109197422166858,4,14.109197422166858,1,0,0,anti_homophones
20651,zheng2cu4ji5,12,-10.561207927565324,3,10.561207927565324,1,0,0,anti_homophones
20652,dV4fa1,6,-5.807498615262808,2,5.807498615262808,1,0,2,anti_homophones
20653,tO1lu4,6,-5.3244957885182185,2,5.3244957885182185,1,0,3,anti_homophones
20654,ke3bu4ji4,9,-7.181643440834093,3,7.181643440834093,1,0,0,anti_homophones
20655,tO1tO1tO1fang4,14,-10.061102500746028,4,10.061102500746028,1,0,0,anti_homophones
20656,ding2si1fa3zong1,16,-12.556273421156822,4,12.556273421156822,1,0,0,anti_homophones
20657,da4shi2,7,-4.669098815503719,2,4.669098815503719,1,1,9,anti_homophones
20658,chUn3yan3,9,-6.5373173128470565,2,6.5373173128470565,1,0,0,anti_homophones
20659,bu4lLng4,8,-5.4623253075015485,2,5.4623253075015485,1,0,3,anti_homophones
20660,sheng1gong4,11,-5.817561874793132,2,5.817561874793132,1,1,4,anti_homophones
20661,hU1zhu1,7,-6.31263012672164,2,6.31263012672164,1,0,0,anti_homophones
20662,qin1fE1,7,-6.670890187626703,2,6.670890187626703,1,0,1,anti_homophones
20663,gan3han2,8,-7.048220430715935,2,7.048220430715935,1,0,1,anti_homophones
20664,yQ1mQ4jL1fE4,12,-10.89210997121636,4,10.89210997121636,1,0,0,anti_homophones
20665,ye4su4,6,-5.571054052033116,2,5.571054052033116,1,1,9,anti_homophones
20666,shan4ji3di2,11,-9.51250966706087,3,9.51250966706087,1,0,0,anti_homophones
20667,zhong1tong1dA4,14,-8.433974351537778,3,8.433974351537778,1,0,0,anti_homophones
20668,yi4yu2wu4,9,-7.288581090964003,3,7.288581090964003,1,0,0,anti_homophones
20669,sUn1shi1,8,-6.687131222840961,2,6.687131222840961,1,0,3,anti_homophones
20670,jLn3hO3li4,10,-8.625248690105506,3,8.625248690105506,1,0,0,anti_homophones
20671,tLn1xi1ben3hU4,14,-10.297126767570719,4,10.297126767570719,1,0,0,anti_homophones
20672,yQ2zhen2,8,-6.558309472855484,2,6.558309472855484,1,0,0,anti_homophones
20673,ma2xLn4,7,-6.42538463021883,2,6.42538463021883,1,0,2,anti_homophones
20674,chV2bu4qLn2xK1,14,-11.253306035190938,4,11.253306035190938,1,0,0,anti_homophones
20675,sI2bo1,6,-5.977009182220049,2,5.977009182220049,1,0,1,anti_homophones
20676,fen1wE4,7,-5.562304667030931,2,5.562304667030931,1,0,2,anti_homophones
20677,wE2yong2kong1ming1,18,-12.314538978631509,4,12.314538978631509,1,0,0,anti_homophones
20678,kA1jing4,8,-5.720277351673721,2,5.720277351673721,1,0,2,anti_homophones
20679,bing3tan4,9,-6.788260129645888,2,6.788260129645888,1,0,0,anti_homophones
20680,chen2jin1,9,-6.448490946806818,2,6.448490946806818,1,0,1,anti_homophones
20681,shan3she2tV2fu4,15,-13.737362564207212,4,13.737362564207212,1,0,0,anti_homophones
20682,jLn4zhen2jing1,14,-9.12710003047099,3,9.12710003047099,1,0,0,anti_homophones
20683,wE1dong1,8,-6.080059372970767,2,6.080059372970767,1,0,1,anti_homophones
20684,bE1jun1he4,10,-9.569683534950945,3,9.569683534950945,1,0,0,anti_homophones
20685,hu3si3,6,-7.237156643843858,2,7.237156643843858,1,0,2,anti_homophones
20686,yong1fen1lLng4,14,-9.452454245697188,3,9.452454245697188,1,0,0,anti_homophones
20687,ju4an4zhu4,10,-8.353664928127685,3,8.353664928127685,1,0,0,anti_homophones
20688,qUn2dO2,7,-6.387862060160238,2,6.387862060160238,1,0,0,anti_homophones
20689,ren2ming1fa3,12,-8.521701300746969,3,8.521701300746969,1,0,0,anti_homophones
20690,ban3zhang4,10,-6.273194787571058,2,6.273194787571058,1,0,1,anti_homophones
20691,ji1jin4yan3ke4,14,-10.889473840660127,4,10.889473840660127,1,0,0,anti_homophones
20692,qLn2shi2,8,-5.418217066582329,2,5.418217066582329,1,0,4,anti_homophones
20693,hu3yin4,7,-6.551914131774111,2,6.551914131774111,1,0,2,anti_homophones
20694,xLng1di4,8,-5.576986960132549,2,5.576986960132549,1,0,5,anti_homophones
20695,jL1zu2,6,-5.021143271153592,2,5.021143271153592,1,0,3,anti_homophones
20696,qL4shang4,9,-6.665552266005948,2,6.665552266005948,1,0,1,anti_homophones
20697,fang4gUn3,9,-6.2413535758938306,2,6.2413535758938306,1,0,3,anti_homophones
20698,tu1ji2hO2sA4,12,-10.911940386055292,4,10.911940386055292,1,0,0,anti_homophones
20699,fE1hUn4wA4,10,-10.341322572291745,3,10.341322572291745,1,0,0,anti_homophones
20700,le4ming2mo4,11,-10.219856424574989,3,10.219856424574989,1,0,0,anti_homophones
20701,li4xL4cheng1,12,-8.848520587391768,3,8.848520587391768,1,0,0,anti_homophones
20702,shi4shi4,8,-4.790966889455852,2,4.790966889455852,1,0,13,anti_homophones
20703,wo4ying4ka3,11,-10.481022627934964,3,10.481022627934964,1,0,0,anti_homophones
20704,jLn4lLn2,8,-5.847988545753075,2,5.847988545753075,1,0,3,anti_homophones
20705,zhU3nong4,9,-6.659430610869858,2,6.659430610869858,1,0,0,anti_homophones
20706,xing2bu4yi4,11,-7.351463980721779,3,7.351463980721779,1,0,0,anti_homophones
20707,hO3si4,6,-6.320663230430613,2,6.320663230430613,1,0,4,anti_homophones
20708,feng1xing2jL4,13,-8.211494510453576,3,8.211494510453576,1,0,0,anti_homophones
20709,ru3bW3,6,-6.171174526736575,2,6.171174526736575,1,0,0,anti_homophones
20710,dLn3shang3qC1kV3,16,-11.04910052537282,4,11.04910052537282,1,0,0,anti_homophones
20711,zi4li4,6,-4.740460647646058,2,4.740460647646058,1,1,18,anti_homophones
20712,ang1zha1,8,-8.29918570245361,2,8.29918570245361,1,0,1,anti_homophones
20713,shi4qi4jLn4,11,-8.080016414421738,3,8.080016414421738,1,0,0,anti_homophones
20714,er2zO4zhan3,11,-9.099318352137638,3,9.099318352137638,1,0,0,anti_homophones
20715,zA4han2ku5tM1,13,-12.072904641709954,4,12.072904641709954,1,0,0,anti_homophones
20716,kong1pLn4,9,-6.2091699714887305,2,6.2091699714887305,1,0,0,anti_homophones
20717,xing2xLng3,10,-6.1278889083883605,2,6.1278889083883605,1,0,3,anti_homophones
20718,pA1tO1,6,-7.491036291316521,2,7.491036291316521,1,0,2,anti_homophones
20719,si1da1,6,-6.864139479664394,2,6.864139479664394,1,0,1,anti_homophones
20720,lK2er2,6,-5.717584411351728,2,5.717584411351728,1,0,1,anti_homophones
20721,she4jin3,8,-6.088759486723583,2,6.088759486723583,1,0,3,anti_homophones
20722,fan2yan2per2,12,-12.094839437241475,3,12.094839437241475,1,0,0,anti_homophones
20723,qLn2dQ1bi3,10,-8.788347905174735,3,8.788347905174735,1,0,0,anti_homophones
20724,wan3yC4,7,-6.25967422240071,2,6.25967422240071,1,0,4,anti_homophones
20725,dQ4bA4,6,-6.260314673841029,2,6.260314673841029,1,0,5,anti_homophones
20726,xu4wA4sheng2hu4,15,-12.397250334652167,4,12.397250334652167,1,0,0,anti_homophones
20727,chUng4ban4,10,-6.688611025969392,2,6.688611025969392,1,0,0,anti_homophones
20728,ya2lLng3,8,-6.956288333007754,2,6.956288333007754,1,0,0,anti_homophones
20729,lQ3sha1,7,-5.838815330284204,2,5.838815330284204,1,0,4,anti_homophones
20730,yi1cA2,6,-5.751106441838576,2,5.751106441838576,1,0,7,anti_homophones
20731,he4zO4,6,-6.692221087053127,2,6.692221087053127,1,0,3,anti_homophones
20732,da4bo2,6,-5.248914529307877,2,5.248914529307877,1,1,5,anti_homophones
20733,lO2xUn1dQ4xC2,13,-10.949907633182505,4,10.949907633182505,1,0,0,anti_homophones
20734,da3zhe4,7,-6.51453182024605,2,6.51453182024605,1,0,2,anti_homophones
20735,shQ1jL1,7,-5.881220419645227,2,5.881220419645227,1,0,4,anti_homophones
20736,cu1xLn4,7,-5.630571830809704,2,5.630571830809704,1,0,5,anti_homophones
20737,hUn3chu4,8,-6.7450917225888025,2,6.7450917225888025,1,0,1,anti_homophones
20738,za2fang1he2,11,-9.44937955765659,3,9.44937955765659,1,0,0,anti_homophones
20739,wE3shi3,7,-6.0145031842446395,2,6.0145031842446395,1,0,2,anti_homophones
20740,dW4shi2,7,-5.67470099453401,2,5.67470099453401,1,1,3,anti_homophones
20741,lLng2hU4wan1zhu2,16,-13.468484246003785,4,13.468484246003785,1,0,0,anti_homophones
20742,da1qLn1,7,-6.180449667476866,2,6.180449667476866,1,0,1,anti_homophones
20743,da4sheng2lO2zhang1,18,-12.274634412946117,4,12.274634412946117,1,0,0,anti_homophones
20744,che4xW3,7,-7.1858421978864575,2,7.1858421978864575,1,0,1,anti_homophones
20745,nQ3man4xu1qLn4,14,-13.52752107599737,4,13.52752107599737,1,0,0,anti_homophones
20746,chI2san1,8,-6.630024733480001,2,6.630024733480001,1,0,0,anti_homophones
20747,hE2jing2er5,11,-11.605644144584364,3,11.605644144584364,1,0,0,anti_homophones
20748,yang2pW4,8,-6.24398797360535,2,6.24398797360535,1,0,0,anti_homophones
20749,he2fu2tong2,11,-8.459326671765096,3,8.459326671765096,1,0,0,anti_homophones
20750,hang4shQ3xin1,13,-9.983598321242647,3,9.983598321242647,1,0,0,anti_homophones
20751,xin1ling1,9,-6.012703036575697,2,6.012703036575697,1,1,3,anti_homophones
20752,hUng1yi4,8,-5.50298053049881,2,5.50298053049881,1,0,3,anti_homophones
20753,chI2jLn4ban3,12,-9.485968090787482,3,9.485968090787482,1,0,0,anti_homophones
20754,hI4fo2kP4,9,-8.738917761548343,3,8.738917761548343,1,0,0,anti_homophones
20755,fen4an1,7,-6.620249363791549,2,6.620249363791549,1,0,0,anti_homophones
20756,fE1wE2wan1,10,-9.299439709561192,3,9.299439709561192,1,0,0,anti_homophones
20757,yUn3ban4,8,-6.942393006753866,2,6.942393006753866,1,0,1,anti_homophones
20758,fa1qK2che1,10,-7.7358943780867335,3,7.7358943780867335,1,0,0,anti_homophones
20759,dang3chen4zhi3,14,-9.87932234282736,3,9.87932234282736,1,0,0,anti_homophones
20760,dLn3dQ4,7,-5.361257816798513,2,5.361257816798513,1,0,4,anti_homophones
20761,gUn1zhu4yUn3,12,-9.047781200876052,3,9.047781200876052,1,0,0,anti_homophones
20762,qing4can1fu2,12,-9.045152613112682,3,9.045152613112682,1,0,0,anti_homophones
20763,yang1yi3,8,-6.7402318748992975,2,6.7402318748992975,1,0,0,anti_homophones
20764,lO2yun4ju3,10,-10.136074531455726,3,10.136074531455726,1,0,0,anti_homophones
20765,gI1mu4he2,9,-10.030419781874828,3,10.030419781874828,1,0,0,anti_homophones
20766,si3zhong2yV4e2,14,-11.94199617049627,4,11.94199617049627,1,0,0,anti_homophones
20767,xM1qM4,6,-6.3390092405638665,2,6.3390092405638665,1,1,4,anti_homophones
20768,jW1yV3wu4yu3,12,-10.32946037137903,4,10.32946037137903,1,0,0,anti_homophones
20769,er3gUng2,8,-6.293143809820643,2,6.293143809820643,1,0,2,anti_homophones
20770,yi1en1,6,-5.903905826272209,2,5.903905826272209,1,0,1,anti_homophones
20771,tan3qM1,7,-8.085045458983332,2,8.085045458983332,1,0,0,anti_homophones
20772,cheng1ding4,11,-6.300932392058895,2,6.300932392058895,1,0,1,anti_homophones
20773,ci2zA3,6,-6.61114006431527,2,6.61114006431527,1,0,1,anti_homophones
20774,xi3shV3wan4,11,-8.621298701728355,3,8.621298701728355,1,0,0,anti_homophones
20775,jW3yi3,6,-6.569013945502563,2,6.569013945502563,1,0,2,anti_homophones
20776,yUn2yi1zhi4lLng1,16,-11.49881768580725,4,11.49881768580725,1,0,0,anti_homophones
20777,zhu4mu4,7,-5.535197220167089,2,5.535197220167089,1,1,2,anti_homophones
20778,gan3jun1,8,-5.904455728793276,2,5.904455728793276,1,0,1,anti_homophones
20779,gen1ce4,7,-6.183807094902478,2,6.183807094902478,1,0,5,anti_homophones
20780,shI3ling2ji2xin1,16,-10.654799569462828,4,10.654799569462828,1,0,0,anti_homophones
20781,lQ3su4mi1mi3,12,-12.246061325885771,4,12.246061325885771,1,0,0,anti_homophones
20782,yu4bW3,6,-5.330981437232939,2,5.330981437232939,1,0,2,anti_homophones
20783,bing4zhi4,9,-5.785768451551125,2,5.785768451551125,1,0,4,anti_homophones
20784,jK4xin1,7,-5.5946985686669,2,5.5946985686669,1,0,2,anti_homophones
20785,xing2qi1,8,-5.7591068066659945,2,5.7591068066659945,1,0,3,anti_homophones
20786,jing1fan4,9,-6.234682716232408,2,6.234682716232408,1,0,3,anti_homophones
20787,gO2min2jin1ju1,14,-11.849903799725427,4,11.849903799725427,1,0,0,anti_homophones
20788,yi1shi2,7,-4.643266159884601,2,4.643266159884601,1,2,7,anti_homophones
20789,fa3bang1,8,-7.33170293142922,2,7.33170293142922,1,0,1,anti_homophones
20790,yUn2yu4min2ci3,14,-11.9344147337316,4,11.9344147337316,1,0,0,anti_homophones
20791,gI1sUn1,7,-5.707387342093707,2,5.707387342093707,1,0,2,anti_homophones
20792,wu2di4,6,-5.028117520635555,2,5.028117520635555,1,0,11,anti_homophones
20793,gen1bo1li5,10,-8.190351001895833,3,8.190351001895833,1,0,0,anti_homophones
20794,fen1se4tQ4hO3,13,-11.559346463866794,4,11.559346463866794,1,0,0,anti_homophones
20795,shV1bLn3cA2,11,-9.90679142202663,3,9.90679142202663,1,0,0,anti_homophones
20796,bing3bE4,8,-6.3986722155298645,2,6.3986722155298645,1,0,1,anti_homophones
20797,xi3yu4hu2,9,-9.070464951845583,3,9.070464951845583,1,0,0,anti_homophones
20798,zi4zhong4,9,-5.390741470972035,2,5.390741470972035,1,0,1,anti_homophones
20799,ban4li4zQ3qi1,13,-11.45469714459193,4,11.45469714459193,1,0,0,anti_homophones
20800,wE2gUng1,8,-5.834817751609705,2,5.834817751609705,1,0,1,anti_homophones
20801,wan2dA4,7,-5.920963453784497,2,5.920963453784497,1,0,2,anti_homophones
20802,bi3du4pin3,10,-9.066893248443698,3,9.066893248443698,1,0,0,anti_homophones
20803,ci4jM2zhi1en5,13,-12.147784858545405,4,12.147784858545405,1,0,0,anti_homophones
20804,can1wen1deng2,13,-9.913527620856396,3,9.913527620856396,1,0,0,anti_homophones
20805,zu3jLn4chQ1dI4,14,-12.275805323692389,4,12.275805323692389,1,0,0,anti_homophones
20806,long1chang2zhong3,17,-10.242562659619589,3,10.242562659619589,1,0,0,anti_homophones
20807,zhi4hUng1ji1,12,-8.392740829938413,3,8.392740829938413,1,0,0,anti_homophones
20808,lM4sO3,6,-6.188596875169378,2,6.188596875169378,1,0,1,anti_homophones
20809,tV2pA2,6,-6.865376686648727,2,6.865376686648727,1,0,2,anti_homophones
20810,jLn4tUn2dong1shi4,17,-10.944289266527607,4,10.944289266527607,1,0,0,anti_homophones
20811,zhi4tu2tu2,10,-8.329693409604205,3,8.329693409604205,1,0,0,anti_homophones
20812,bQ4zA4tu2,9,-8.587393500450624,3,8.587393500450624,1,0,0,anti_homophones
20813,shV3shen4tA4,12,-9.741666601158938,3,9.741666601158938,1,0,0,anti_homophones
20814,xin1dLn3qi4,11,-8.124826223222422,3,8.124826223222422,1,0,0,anti_homophones
20815,sUn1nLn2,8,-6.438455570887141,2,6.438455570887141,1,0,2,anti_homophones
20816,xu1rong4an1min3,15,-13.378766030495452,4,13.378766030495452,1,0,0,anti_homophones
20817,shu4hU4,7,-5.473350150710381,2,5.473350150710381,1,0,7,anti_homophones
20818,tLn2zhu3gUn3xLng4,17,-11.87088687353644,4,11.87088687353644,1,0,0,anti_homophones
20819,hU2li3chang2,12,-8.717811796905652,3,8.717811796905652,1,0,0,anti_homophones
20820,tLn1ran3,8,-6.08819326052215,2,6.08819326052215,1,0,1,anti_homophones
20821,shu1ceng3,9,-7.206731723998051,2,7.206731723998051,1,0,0,anti_homophones
20822,tong4gA3zhi2jin1,16,-12.74921431739141,4,12.74921431739141,1,0,0,anti_homophones
20823,cun2jin1yong1,13,-9.595201275090623,3,9.595201275090623,1,0,0,anti_homophones
20824,jin4heng3,9,-7.093696951579695,2,7.093696951579695,1,0,0,anti_homophones
20825,dLn3shi3,8,-5.831993980376009,2,5.831993980376009,1,0,2,anti_homophones
20826,qing2jLn4chen1la4,17,-12.617100897488342,4,12.617100897488342,1,0,0,anti_homophones
20827,da4ji4shi4,10,-6.748922558697935,3,6.748922558697935,1,0,0,anti_homophones
20828,en1er2ye4,9,-8.672060227548615,3,8.672060227548615,1,0,0,anti_homophones
20829,yan2lLn4,8,-6.029352477779771,2,6.029352477779771,1,0,4,anti_homophones
20830,dun4le5,7,-8.808929427220962,2,8.808929427220962,1,0,0,anti_homophones
20831,ma3dQ4qi4,9,-7.784144101072348,3,7.784144101072348,1,0,0,anti_homophones
20832,zhe3zhi4hU1,11,-9.242501104010683,3,9.242501104010683,1,0,0,anti_homophones
20833,san4mLn2,8,-6.860592459229134,2,6.860592459229134,1,0,1,anti_homophones
20834,hA3gUng3,8,-7.026683804644003,2,7.026683804644003,1,0,2,anti_homophones
20835,yin1dong4,9,-6.217602723027358,2,6.217602723027358,1,0,1,anti_homophones
20836,mE3fa1tV5,9,-9.397738849573402,3,9.397738849573402,1,0,0,anti_homophones
20837,ya3shi4,7,-6.150460610383515,2,6.150460610383515,1,0,5,anti_homophones
20838,su4hU4,6,-5.627082672502867,2,5.627082672502867,1,0,9,anti_homophones
20839,xW1shi4shi4,11,-7.087469017299076,3,7.087469017299076,1,0,0,anti_homophones
20840,jK4zha1qK2,10,-9.101169193323804,3,9.101169193323804,1,0,0,anti_homophones
20841,lK2lLn4,7,-5.263090115066213,2,5.263090115066213,1,0,3,anti_homophones
20842,qing2jL1ju2,11,-7.996848142172409,3,7.996848142172409,1,0,0,anti_homophones
20843,dong1jLn4jW1,12,-9.141775150083271,3,9.141775150083271,1,0,0,anti_homophones
20844,ren2hU1jLn4,11,-7.932000428096099,3,7.932000428096099,1,0,0,anti_homophones
20845,shV3kP4kP4,10,-6.845117425010361,3,6.845117425010361,1,0,0,anti_homophones
20846,zhV4ya1lang1,12,-10.068442127774945,3,10.068442127774945,1,0,0,anti_homophones
20847,xing2jC2,8,-6.403717507355722,2,6.403717507355722,1,0,2,anti_homophones
20848,shV3sQ3chang2wE4,16,-12.98902821765176,4,12.98902821765176,1,0,0,anti_homophones
20849,jC2qin1qu4,10,-9.438737938149222,3,9.438737938149222,1,0,0,anti_homophones
20850,fa1hI4nM4jK3,12,-11.668319382571152,4,11.668319382571152,1,0,0,anti_homophones
20851,lLng4zheng4,11,-6.4623895758232255,2,6.4623895758232255,1,0,1,anti_homophones
20852,gV3gI3mo1,9,-9.812684912771731,3,9.812684912771731,1,0,0,anti_homophones
20853,zhong2hu2long3,14,-9.883827891767886,3,9.883827891767886,1,0,0,anti_homophones
20854,shi4A4,6,-5.063874941203366,2,5.063874941203366,1,0,2,anti_homophones
20855,lv4dong2,8,-6.266625513338713,2,6.266625513338713,1,0,0,anti_homophones
20856,jin1ming4shi4shi2,17,-11.255235295278991,4,11.255235295278991,1,0,0,anti_homophones
20857,ni4zhQ1,7,-7.324368689986573,2,7.324368689986573,1,0,1,anti_homophones
20858,lun4tA4,7,-7.201401854877214,2,7.201401854877214,1,0,0,anti_homophones
20859,yu3jin3tu2gang2,15,-13.554002876829513,4,13.554002876829513,1,0,0,anti_homophones
20860,mo4ran2cha2jL1,14,-10.565441487841825,4,10.565441487841825,1,0,0,anti_homophones
20861,yin2song4,9,-6.951395851739715,2,6.951395851739715,1,0,1,anti_homophones
20862,xYng2lK2,8,-6.245079836684961,2,6.245079836684961,1,0,1,anti_homophones
20863,da3ge2,6,-5.377186459001376,2,5.377186459001376,1,0,4,anti_homophones
20864,shi2qUn2,8,-5.29942798011411,2,5.29942798011411,1,0,2,anti_homophones
20865,zi4zA3se4,9,-8.766385014442466,3,8.766385014442466,1,0,0,anti_homophones
20866,bo1kUng3,8,-6.8089820596695025,2,6.8089820596695025,1,0,0,anti_homophones
20867,fu3zhe3,7,-6.060958870057993,2,6.060958870057993,1,0,4,anti_homophones
20868,zhang2zhong2zhen1,17,-9.706014570809199,3,9.706014570809199,1,0,0,anti_homophones
20869,bi3ban1zi5,10,-8.649681877162351,3,8.649681877162351,1,0,0,anti_homophones
20870,yin3shan3,9,-6.488206396164755,2,6.488206396164755,1,0,1,anti_homophones
20871,dLn4cA2wen3chi3,15,-13.568534212778028,4,13.568534212778028,1,0,0,anti_homophones
20872,tV4gu3jC2qUn2,13,-10.723494872394854,4,10.723494872394854,1,0,0,anti_homophones
20873,shI3fV4,7,-7.494049562196826,2,7.494049562196826,1,0,3,anti_homophones
20874,yV4bing4,8,-5.850742332849325,2,5.850742332849325,1,0,2,anti_homophones
20875,dong2jM2gA3gen1,15,-13.567566434174287,4,13.567566434174287,1,0,0,anti_homophones
20876,wang2qi4,8,-5.65186750881885,2,5.65186750881885,1,0,5,anti_homophones
20877,hong1dan4,9,-6.305880275212548,2,6.305880275212548,1,0,2,anti_homophones
20878,bu4wu4shi4,10,-7.186459793007533,3,7.186459793007533,1,0,0,anti_homophones
20879,lLng1heng4ju4,13,-9.99546493662938,3,9.99546493662938,1,0,0,anti_homophones
20880,po4men2,7,-5.777259816767003,2,5.777259816767003,1,0,2,anti_homophones
20881,hV4shA4,7,-6.897997133028531,2,6.897997133028531,1,0,2,anti_homophones
20882,fa1hV4,6,-5.710246408283824,2,5.710246408283824,1,0,4,anti_homophones
20883,zhO1lA4,7,-6.331264330612979,2,6.331264330612979,1,0,4,anti_homophones
20884,xing2lK2sO3,11,-8.134393402937777,3,8.134393402937777,1,0,0,anti_homophones
20885,bQ4jLn4,7,-5.397584565169294,2,5.397584565169294,1,1,5,anti_homophones
20886,mLn4kUn1,8,-7.083208460571736,2,7.083208460571736,1,0,0,anti_homophones
20887,li4fen4,7,-6.132936821666322,2,6.132936821666322,1,0,0,anti_homophones
20888,ru2yQ2gen1,10,-9.150273840766907,3,9.150273840766907,1,0,0,anti_homophones
20889,jM2min3,7,-6.72923955477837,2,6.72923955477837,1,0,2,anti_homophones
20890,gO2bQ4,6,-5.619548534232768,2,5.619548534232768,1,0,2,anti_homophones
20891,zhang4xing2hO4,14,-8.668276789636828,3,8.668276789636828,1,0,0,anti_homophones
20892,yi3bing2hong1ran3,17,-13.05002150703244,4,13.05002150703244,1,0,0,anti_homophones
20893,shO1qi2sha1,11,-9.03876272874529,3,9.03876272874529,1,0,0,anti_homophones
20894,ma3men2cha1hU4,14,-11.716288593763672,4,11.716288593763672,1,0,0,anti_homophones
20895,zhong4ren2dUn4qu1,17,-11.318791033121983,4,11.318791033121983,1,0,0,anti_homophones
20896,tM3lLng1,8,-6.144456783764942,2,6.144456783764942,1,0,0,anti_homophones
20897,tang3ji4,8,-6.154890947925374,2,6.154890947925374,1,0,4,anti_homophones
20898,jin1fa3,7,-5.779252596675641,2,5.779252596675641,1,0,3,anti_homophones
20899,han1ting1qi4,12,-9.346126967162977,3,9.346126967162977,1,0,0,anti_homophones
20900,tA4kP4,6,-5.83083663903495,2,5.83083663903495,1,0,2,anti_homophones
20901,bing2yV3,8,-6.15961680302171,2,6.15961680302171,1,0,3,anti_homophones
20902,chV2bE4yV2,10,-8.598662306995346,3,8.598662306995346,1,0,0,anti_homophones
20903,hA3lO4,6,-5.250811280736929,2,5.250811280736929,1,0,3,anti_homophones
20904,mu4mQ4fE4,9,-8.70652526721638,3,8.70652526721638,1,0,0,anti_homophones
20905,kA1da3bQ1zhi1,13,-11.415945294036964,4,11.415945294036964,1,0,0,anti_homophones
20906,hI1ma3,6,-6.5990954884891035,2,6.5990954884891035,1,0,1,anti_homophones
20907,ming4yu3,8,-6.116185985175024,2,6.116185985175024,1,0,1,anti_homophones
20908,za2dM1,6,-7.507942438449357,2,7.507942438449357,1,0,0,anti_homophones
20909,hO2jM2,6,-6.062712527543728,2,6.062712527543728,1,0,1,anti_homophones
20910,tong1qi2bQ4jM2,14,-11.436809952740065,4,11.436809952740065,1,0,0,anti_homophones
20911,gUng1jing2xLng4,15,-8.891971465614047,3,8.891971465614047,1,0,0,anti_homophones
20912,feng1shu4mW2jW1,15,-12.072929201848273,4,12.072929201848273,1,0,0,anti_homophones
20913,gong1xi1sUn1,12,-8.620388502953213,3,8.620388502953213,1,0,1,anti_homophones
20914,gA3zi1bA3yV2,12,-11.398055996438156,4,11.398055996438156,1,0,0,anti_homophones
20915,e4gQ4zi4,8,-9.735200045053071,3,9.735200045053071,1,0,0,anti_homophones
20916,hI2zhi4,7,-5.478757770019752,2,5.478757770019752,1,0,5,anti_homophones
20917,xW3pLn4,7,-5.556197691027534,2,5.556197691027534,1,1,7,anti_homophones
20918,ji1yong1,8,-6.2491158836617355,2,6.2491158836617355,1,0,1,anti_homophones
20919,qLng3sA4ji4shen2,16,-12.58137255590393,4,12.58137255590393,1,0,0,anti_homophones
20920,qi2kang4,8,-7.20931673685642,2,7.20931673685642,1,0,0,anti_homophones
20921,yan3shi4ji2,11,-7.615298969753796,3,7.615298969753796,1,0,0,anti_homophones
20922,jin3se4,7,-5.74135275293723,2,5.74135275293723,1,0,3,anti_homophones
20923,du2yUn2mLn3ping2,16,-12.120490590286648,4,12.120490590286648,1,0,0,anti_homophones
20924,zhQ4nA3,7,-6.042736768468027,2,6.042736768468027,1,0,1,anti_homophones
20925,chun1sheng4xC2,14,-9.482425598882871,3,9.482425598882871,1,0,0,anti_homophones
20926,qing1cheng2,11,-6.2913231340236875,2,6.2913231340236875,1,0,0,anti_homophones
20927,zi1shQ1yC1,10,-10.411891375793386,3,10.411891375793386,1,0,0,anti_homophones
20928,bQ3hU1lu4,9,-7.760415287940095,3,7.760415287940095,1,0,0,anti_homophones
20929,shang3tV5,9,-6.418652549094251,2,6.418652549094251,1,0,0,anti_homophones
20930,da4ge4,6,-5.607875389905578,2,5.607875389905578,1,0,7,anti_homophones
20931,lK2yu3shI3xL4,13,-11.471381312791792,4,11.471381312791792,1,0,0,anti_homophones
20932,qC4lv4,6,-5.886720122508819,2,5.886720122508819,1,0,3,anti_homophones
20933,yi3wen1sQ1,10,-10.076669087395398,3,10.076669087395398,1,0,0,anti_homophones
20934,tu3pW4feng1,11,-8.97982602192947,3,8.97982602192947,1,0,0,anti_homophones
20935,wen2hong2,9,-7.535039477433012,2,7.535039477433012,1,0,0,anti_homophones
20936,yang2dO1yong1xLn1,17,-13.666909532760283,4,13.666909532760283,1,0,0,anti_homophones
20937,yu2jW4wu4ting3,14,-12.410291219802323,4,12.410291219802323,1,0,0,anti_homophones
20938,rO4ding2xing4,13,-9.524819651785643,3,9.524819651785643,1,0,0,anti_homophones
20939,xK1kA1,6,-5.580946444813742,2,5.580946444813742,1,0,1,anti_homophones
20940,yV3shen1,8,-5.7084923148926885,2,5.7084923148926885,1,0,1,anti_homophones
20941,dV4pA4shi1,10,-9.783572523136254,3,9.783572523136254,1,0,0,anti_homophones
20942,xC3sheng2xLn2,13,-9.58240485774593,3,9.58240485774593,1,0,0,anti_homophones
20943,pi1la4,6,-6.641828166160127,2,6.641828166160127,1,0,2,anti_homophones
20944,xYng3bu4yUn2,12,-8.654013458877772,3,8.654013458877772,1,0,0,anti_homophones
20945,wu3chun3,8,-6.818626746999989,2,6.818626746999989,1,0,0,anti_homophones
20946,pan1zhang2,10,-7.211841808496678,2,7.211841808496678,1,0,1,anti_homophones
20947,ji4hU4shi2chan4,15,-10.807949250168194,4,10.807949250168194,1,0,0,anti_homophones
20948,tong2shi1,9,-6.102278894139564,2,6.102278894139564,1,1,4,anti_homophones
20949,ba4dI4fu3,9,-9.468993399186678,3,9.468993399186678,1,0,0,anti_homophones
20950,xL4tW4,6,-5.79318037992658,2,5.79318037992658,1,0,2,anti_homophones
20951,jLn1ji1xi2jLn1,14,-11.364921734101378,4,11.364921734101378,1,0,0,anti_homophones
20952,zheng1nen4,10,-6.697891820998149,2,6.697891820998149,1,0,0,anti_homophones
20953,jun1ji2,7,-5.569210864507652,2,5.569210864507652,1,0,3,anti_homophones
20954,gU4la4,6,-6.953778215555478,2,6.953778215555478,1,0,1,anti_homophones
20955,du2chan4shI3,12,-8.585882441351442,3,8.585882441351442,1,0,0,anti_homophones
20956,ling2zA3,8,-6.615689668980385,2,6.615689668980385,1,0,0,anti_homophones
20957,xi4bQ3zhV2,10,-9.388767265621295,3,9.388767265621295,1,0,0,anti_homophones
20958,fE1xin1,7,-5.399438160496598,2,5.399438160496598,1,0,4,anti_homophones
20959,jW1xing2li3,11,-8.434325891903153,3,8.434325891903153,1,0,0,anti_homophones
20960,sheng1chUng4,12,-6.267574683281042,2,6.267574683281042,1,0,3,anti_homophones
20961,jUn3se4,7,-6.460810628222909,2,6.460810628222909,1,0,2,anti_homophones
20962,da4bQ4,6,-5.033013905741207,2,5.033013905741207,1,1,13,anti_homophones
20963,lV4qi2,6,-6.26768404390684,2,6.26768404390684,1,0,0,anti_homophones
20964,jLn1zhan3pin3,13,-9.056041801160802,3,9.056041801160802,1,0,0,anti_homophones
20965,pin2ying2,9,-7.02918406162965,2,7.02918406162965,1,0,0,anti_homophones
20966,yan3cV4,7,-6.407896078913944,2,6.407896078913944,1,0,0,anti_homophones
20967,bin1fan1dong1,13,-10.257329407440174,3,10.257329407440174,1,0,0,anti_homophones
20968,tLn1qun2,8,-6.4766103142963045,2,6.4766103142963045,1,0,1,anti_homophones
20969,jLng3xW4,8,-6.59199347738838,2,6.59199347738838,1,0,1,anti_homophones
20970,qLng1xM2e2,10,-9.93010058842231,3,9.93010058842231,1,0,0,anti_homophones
20971,tang2xin4,9,-6.461675717408099,2,6.461675717408099,1,0,3,anti_homophones
20972,ju3shi2,7,-5.514499321965348,2,5.514499321965348,1,0,3,anti_homophones
20973,cA2nv3,6,-5.654401689347689,2,5.654401689347689,1,1,0,anti_homophones
20974,mW4su4,6,-6.333538932595552,2,6.333538932595552,1,0,3,anti_homophones
20975,cheng1he2,9,-5.867775287469142,2,5.867775287469142,1,0,0,anti_homophones
20976,jing4yong3,10,-6.925442845535463,2,6.925442845535463,1,0,0,anti_homophones
20977,qi4zhi2,7,-6.184998816623407,2,6.184998816623407,1,1,3,anti_homophones
20978,ying4qi1qi4,11,-7.831801254767289,3,7.831801254767289,1,0,0,anti_homophones
20979,neng2zA4,8,-7.595477287050262,2,7.595477287050262,1,0,2,anti_homophones
20980,he2fa3,6,-4.958377094615891,2,4.958377094615891,1,0,4,anti_homophones
20981,tO1zhang3,9,-6.76483086716511,2,6.76483086716511,1,0,1,anti_homophones
20982,tA4zi4gan1,10,-9.517801296310575,3,9.517801296310575,1,0,0,anti_homophones
20983,fen1zhi1,8,-5.576972177727113,2,5.576972177727113,1,0,3,anti_homophones
20984,tW2pA2,6,-5.874362457154917,2,5.874362457154917,1,0,2,anti_homophones
20985,leng1si4hI4,11,-8.417919206123852,3,8.417919206123852,1,0,0,anti_homophones
20986,shI3jW4,7,-5.663382608654818,2,5.663382608654818,1,0,4,anti_homophones
20987,lin2gI1,7,-6.247301940431529,2,6.247301940431529,1,0,1,anti_homophones
20988,shI3rV4zhun1,12,-9.536910198312464,3,9.536910198312464,1,0,0,anti_homophones
20989,jin4qUn4,8,-6.397244888209972,2,6.397244888209972,1,0,2,anti_homophones
20990,chan2nong4,10,-7.232087161799537,2,7.232087161799537,1,0,0,anti_homophones
20991,yi4mLn4,7,-5.650471397109127,2,5.650471397109127,1,0,9,anti_homophones
20992,chu1chQ2,8,-6.223323110867867,2,6.223323110867867,1,0,2,anti_homophones
20993,hQ4wE2,6,-6.297773930949768,2,6.297773930949768,1,0,2,anti_homophones
20994,yang4jLn4,9,-6.061656225710197,2,6.061656225710197,1,0,3,anti_homophones
20995,hI2lun2,7,-5.627891157507521,2,5.627891157507521,1,0,2,anti_homophones
20996,gI1bu4wE4,9,-7.684821004778023,3,7.684821004778023,1,0,0,anti_homophones
20997,nan2bing1,9,-6.396336361714385,2,6.396336361714385,1,0,2,anti_homophones
20998,hun4chen2mQ4,12,-10.138043130753411,3,10.138043130753411,1,0,0,anti_homophones
20999,da4xLn4,7,-5.020889447672798,2,5.020889447672798,1,0,10,anti_homophones
21000,bing4song1,10,-6.849496864645812,2,6.849496864645812,1,0,1,anti_homophones
21001,gI3ding1sheng4,14,-9.81046610797272,3,9.81046610797272,1,0,0,anti_homophones
21002,cheng1jin4,10,-5.809831331534005,2,5.809831331534005,1,1,1,anti_homophones
21003,zA3lM4qM3,9,-9.45327695517339,3,9.45327695517339,1,0,0,anti_homophones
21004,tI1ji1,6,-5.0510929207175295,2,5.0510929207175295,1,0,7,anti_homophones
21005,yV3ren2,7,-5.208145604745031,2,5.208145604745031,1,0,6,anti_homophones
21006,peng1kA1xi4,11,-9.308057086844258,3,9.308057086844258,1,0,0,anti_homophones
21007,xin4fang3,9,-6.566013282054748,2,6.566013282054748,1,0,0,anti_homophones
21008,ru4shu4min2,11,-8.943135821051406,3,8.943135821051406,1,0,0,anti_homophones
21009,xin1ru4,7,-5.428460403422527,2,5.428460403422527,1,0,7,anti_homophones
21010,he4xi2,6,-6.3090223924776,2,6.3090223924776,1,0,1,anti_homophones
21011,cQ1zhi1bE3,10,-9.36532604058573,3,9.36532604058573,1,0,0,anti_homophones
21012,lW3jL1po1,9,-9.197084046850073,3,9.197084046850073,1,0,0,anti_homophones
21013,xC2fE1du2,9,-8.681388884270044,3,8.681388884270044,1,0,0,anti_homophones
21014,yi4sheng2zhi1,13,-8.2705259101158,3,8.2705259101158,1,0,0,anti_homophones
21015,xi1fa3,6,-5.294550161175628,2,5.294550161175628,1,1,1,anti_homophones
21016,da4fan4,7,-5.194351611090611,2,5.194351611090611,1,0,8,anti_homophones
21017,shI3wen3,8,-6.112324135517227,2,6.112324135517227,1,0,1,anti_homophones
21018,zeng4pA2qu1,11,-9.430148766623557,3,9.430148766623557,1,0,0,anti_homophones
21019,pi1fang4shi4,12,-7.814892543331189,3,7.814892543331189,1,0,0,anti_homophones
21020,zI3yu3,6,-6.616721162609147,2,6.616721162609147,1,0,1,anti_homophones
21021,jK4sUn1jC2,10,-8.563306356983974,3,8.563306356983974,1,0,0,anti_homophones
21022,tA4ke4,6,-5.403477424253232,2,5.403477424253232,1,0,5,anti_homophones
21023,xUn1yC4,7,-5.885228815523452,2,5.885228815523452,1,0,1,anti_homophones
21024,dan1gO4,7,-6.488896090184404,2,6.488896090184404,1,0,1,anti_homophones
21025,pang4jin4,9,-6.922028411753391,2,6.922028411753391,1,0,2,anti_homophones
21026,dO1zhang2,9,-6.2260364188174355,2,6.2260364188174355,1,0,1,anti_homophones
21027,cheng3cQ1,9,-7.595950713209518,2,7.595950713209518,1,0,0,anti_homophones
21028,ran2tong1,9,-6.510863955124013,2,6.510863955124013,1,0,2,anti_homophones
21029,lO4yi2,6,-6.378398962808878,2,6.378398962808878,1,0,1,anti_homophones
21030,bu4jing2,8,-5.14687664777476,2,5.14687664777476,1,1,7,anti_homophones
21031,can1zhang2,10,-6.265765950885949,2,6.265765950885949,1,1,1,anti_homophones
21032,da3xC2,6,-5.0263401519787445,2,5.0263401519787445,1,1,4,anti_homophones
21033,gong1zhe3,9,-5.559710314203993,2,5.559710314203993,1,0,2,anti_homophones
21034,zhu3jW3jK3,10,-8.58039070982279,3,8.58039070982279,1,0,0,anti_homophones
21035,hV4chang1yUn4,13,-9.346220645135785,3,9.346220645135785,1,0,0,anti_homophones
21036,nong1xLn4bLn4,13,-8.999505258525897,3,8.999505258525897,1,0,0,anti_homophones
21037,ba2shI4,7,-6.681587830172747,2,6.681587830172747,1,0,2,anti_homophones
21038,di2sheng1chi1,13,-9.553829156889883,3,9.553829156889883,1,0,0,anti_homophones
21039,zhUng1mo2gu3,12,-8.994141126401077,3,8.994141126401077,1,0,0,anti_homophones
21040,hI2shV3xW3,10,-9.005366075390425,3,9.005366075390425,1,0,0,anti_homophones
21041,dUn4ming4gang4,14,-10.031751975022623,3,10.031751975022623,1,0,0,anti_homophones
21042,pE2zhi2,7,-6.038579121441696,2,6.038579121441696,1,0,2,anti_homophones
21043,lE2zhe3,7,-6.0435929841093134,2,6.0435929841093134,1,0,4,anti_homophones
21044,tu2yi1shen2,11,-8.961462279275082,3,8.961462279275082,1,0,0,anti_homophones
21045,lO4chang4zhQ4,13,-9.805742425613577,3,9.805742425613577,1,0,0,anti_homophones
21046,fen1wen2,8,-5.5595865939287465,2,5.5595865939287465,1,0,1,anti_homophones
21047,xLng3men2,9,-6.124557722363509,2,6.124557722363509,1,0,0,anti_homophones
21048,jin4xing4xi3,12,-8.635572934548344,3,8.635572934548344,1,0,0,anti_homophones
21049,wE2jLn3,7,-6.006458745933425,2,6.006458745933425,1,0,0,anti_homophones
21050,hU2ren2,7,-5.298554195328188,2,5.298554195328188,1,0,3,anti_homophones
21051,lQ3ji2,6,-5.312694752577407,2,5.312694752577407,1,1,3,anti_homophones
21052,jW1re4wo1,9,-9.780410423499918,3,9.780410423499918,1,0,0,anti_homophones
21053,kang1gV1chang1,14,-11.162893834943423,3,11.162893834943423,1,0,0,anti_homophones
21054,yin3ling2,9,-6.297473554596011,2,6.297473554596011,1,0,2,anti_homophones
21055,tM3du4,6,-5.550897696826613,2,5.550897696826613,1,0,4,anti_homophones
21056,jW1gong1zhu3,12,-8.614447987589454,3,8.614447987589454,1,0,0,anti_homophones
21057,ge2ye3,6,-6.739059252155018,2,6.739059252155018,1,0,1,anti_homophones
21058,feng1wE3she4,12,-9.026086194419317,3,9.026086194419317,1,0,0,anti_homophones
21059,bQ4sheng1gE3,12,-9.783896170121896,3,9.783896170121896,1,0,0,anti_homophones
21060,kI4fu4,6,-6.445433521116125,2,6.445433521116125,1,0,4,anti_homophones
21061,jM2fE2zhi3,10,-8.505692327911936,3,8.505692327911936,1,0,0,anti_homophones
21062,yUn2shi1xLng1,13,-8.483562181767093,3,8.483562181767093,1,0,0,anti_homophones
21063,xi1ru4,6,-5.452338813723168,2,5.452338813723168,1,1,11,anti_homophones
21064,fE3bu4dang4,11,-8.330784843771239,3,8.330784843771239,1,0,0,anti_homophones
21065,jLng1qi4,8,-5.54794513877429,2,5.54794513877429,1,1,8,anti_homophones
21066,bQ3han4,7,-5.831332173675416,2,5.831332173675416,1,0,8,anti_homophones
21067,dO1no3hO3,9,-10.03322192957072,3,10.03322192957072,1,0,0,anti_homophones
21068,gUn1er3,7,-6.625814944806002,2,6.625814944806002,1,0,0,anti_homophones
21069,su1mi4,6,-6.785429490336676,2,6.785429490336676,1,0,4,anti_homophones
21070,ju3mV2,6,-6.4542075713227325,2,6.4542075713227325,1,0,1,anti_homophones
21071,gO4gI3sI4,9,-8.327929959279832,3,8.327929959279832,1,0,0,anti_homophones
21072,da3zhang4,9,-5.496337163879061,2,5.496337163879061,1,1,7,anti_homophones
21073,bu4bE1hU4,9,-8.27227273367373,3,8.27227273367373,1,0,0,anti_homophones
21074,mE3chang3,9,-6.331955091482752,2,6.331955091482752,1,0,0,anti_homophones
21075,sI2sI4,6,-5.816356179017414,2,5.816356179017414,1,0,1,anti_homophones
21076,jLn1xLn2ku4,11,-8.8062725120969,3,8.8062725120969,1,0,0,anti_homophones
21077,ye3lLng1,8,-5.799129410738548,2,5.799129410738548,1,0,1,anti_homophones
21078,tong2jK1,8,-6.57025046549381,2,6.57025046549381,1,0,5,anti_homophones
21079,xW3zi4,6,-5.982560135414785,2,5.982560135414785,1,0,8,anti_homophones
21080,wu2zV3yun2,10,-9.646569063530638,3,9.646569063530638,1,0,0,anti_homophones
21081,jin3po5,7,-8.046028998512167,2,8.046028998512167,1,0,0,anti_homophones
21082,zhQ1zi5,7,-5.273910076093746,2,5.273910076093746,1,1,7,anti_homophones
21083,lM4ke3pin3,10,-9.323694652450047,3,9.323694652450047,1,0,0,anti_homophones
21084,du4ke3ran2,10,-8.538550394855909,3,8.538550394855909,1,0,0,anti_homophones
21085,xW3ge1lM4,9,-7.762809869378553,3,7.762809869378553,1,0,0,anti_homophones
21086,chong2rO4,9,-6.688260278482661,2,6.688260278482661,1,0,0,anti_homophones
21087,zO4zO4,6,-5.1923357597785955,2,5.1923357597785955,1,0,2,anti_homophones
21088,shV3da2dA4,10,-8.380326549282332,3,8.380326549282332,1,0,0,anti_homophones
21089,gP3gu1rV4,9,-10.430842176130856,3,10.430842176130856,1,0,0,anti_homophones
21090,sheng1qing2,11,-5.714132683935088,2,5.714132683935088,1,0,5,anti_homophones
21091,fang2gong1,10,-5.978415331702247,2,5.978415331702247,1,0,1,anti_homophones
21092,jK1dQ3hI4,9,-9.40692055030356,3,9.40692055030356,1,0,0,anti_homophones
21093,ci2lun4,7,-6.434979976719234,2,6.434979976719234,1,0,0,anti_homophones
21094,da4ma2li4,9,-6.97157887301238,3,6.97157887301238,1,0,0,anti_homophones
21095,xun4zhong2pA4,13,-9.626741768071513,3,9.626741768071513,1,0,0,anti_homophones
21096,feng1pA2,8,-6.307881837721238,2,6.307881837721238,1,0,1,anti_homophones
21097,gO4ban3yi4,10,-8.045660615464605,3,8.045660615464605,1,0,0,anti_homophones
21098,xC1pE2,6,-7.676542283022066,2,7.676542283022066,1,0,1,anti_homophones
21099,wu3cun2,7,-6.138701306889939,2,6.138701306889939,1,0,1,anti_homophones
21100,hu1yan3lun4,11,-9.403753517756794,3,9.403753517756794,1,0,0,anti_homophones
21101,ju4zi3qK2,9,-8.51120376004316,3,8.51120376004316,1,0,0,anti_homophones
21102,wE1yang1feng4,13,-9.473243352252563,3,9.473243352252563,1,0,0,anti_homophones
21103,yan3qi4,7,-5.066152313865447,2,5.066152313865447,1,0,8,anti_homophones
21104,zheng1tang1,11,-6.521372268910164,2,6.521372268910164,1,0,1,anti_homophones
21105,yan1dQ4,7,-5.704945166127274,2,5.704945166127274,1,0,8,anti_homophones
21106,gan3mA3lO4,10,-9.494228091744933,3,9.494228091744933,1,0,0,anti_homophones
21107,ka2ji2ju4,9,-11.294664467060576,3,11.294664467060576,1,0,0,anti_homophones
21108,mA3zi5,6,-5.016048137508229,2,5.016048137508229,1,0,8,anti_homophones
21109,lLng4yV2,8,-6.277301467561775,2,6.277301467561775,1,0,0,anti_homophones
21110,du2dM1,6,-6.7505083597006115,2,6.7505083597006115,1,0,0,anti_homophones
21111,yu4e1,5,-6.059102738179021,2,6.059102738179021,1,0,1,anti_homophones
21112,ding2gO3,8,-6.586740828420098,2,6.586740828420098,1,0,4,anti_homophones
21113,fen4zhe3,8,-5.6027400677629124,2,5.6027400677629124,1,1,1,anti_homophones
21114,gong3zhUn1se4,13,-9.485303236612134,3,9.485303236612134,1,0,0,anti_homophones
21115,ji1ming4shi4,12,-8.08393017987846,3,8.08393017987846,1,0,0,anti_homophones
21116,ju4deng3,8,-6.76098149867116,2,6.76098149867116,1,0,0,anti_homophones
21117,hang4pi2,8,-6.58325577093375,2,6.58325577093375,1,0,1,anti_homophones
21118,hO3jLng1,8,-6.150774579708193,2,6.150774579708193,1,0,1,anti_homophones
21119,zhen1si4,8,-6.435027492449549,2,6.435027492449549,1,0,3,anti_homophones
21120,chang4yi4,9,-5.7064611399213,2,5.7064611399213,1,0,7,anti_homophones
21121,nan2sheng2ren2,14,-8.053154392364506,3,8.053154392364506,1,0,0,anti_homophones
21122,xW1hU1,6,-5.3138163809838925,2,5.3138163809838925,1,0,2,anti_homophones
21123,jW1nan4qK2,10,-8.448944242373976,3,8.448944242373976,1,0,0,anti_homophones
21124,di4jLn4,7,-5.793484122717305,2,5.793484122717305,1,0,7,anti_homophones
21125,fu4ding4,8,-5.818375840816241,2,5.818375840816241,1,0,6,anti_homophones
21126,fu4lv3,6,-6.487736890252009,2,6.487736890252009,1,0,1,anti_homophones
21127,zi4ru4xM3,9,-8.271534319330007,3,8.271534319330007,1,0,0,anti_homophones
21128,cO1yu3,6,-7.944901685176304,2,7.944901685176304,1,0,0,anti_homophones
21129,zhang2jL4chang1,15,-9.666932695041371,3,9.666932695041371,1,0,0,anti_homophones
21130,nong2hun4,9,-7.148823497750248,2,7.148823497750248,1,0,2,anti_homophones
21131,V2ce4,5,-8.125419115163089,2,8.125419115163089,1,0,1,anti_homophones
21132,lQ3hQ4,6,-5.204964595202731,2,5.204964595202731,1,1,6,anti_homophones
21133,wA4xL4,6,-5.565523234146456,2,5.565523234146456,1,0,2,anti_homophones
21134,lin2si1,7,-6.110709441567572,2,6.110709441567572,1,0,2,anti_homophones
21135,zI4pLn1,7,-6.948115499886839,2,6.948115499886839,1,0,1,anti_homophones
21136,chang1qLn1qing1,15,-9.826288813516806,3,9.826288813516806,1,0,0,anti_homophones
21137,si3bQ4,6,-6.179211287893613,2,6.179211287893613,1,0,3,anti_homophones
21138,fan1jLn4,8,-5.9948104521383785,2,5.9948104521383785,1,0,3,anti_homophones
21139,xi1ban3la1,10,-9.307397849988623,3,9.307397849988623,1,0,0,anti_homophones
21140,ya4jun1ge2,10,-9.472156099431466,3,9.472156099431466,1,0,0,anti_homophones
21141,men4xi2gang1,12,-10.780377586238991,3,10.780377586238991,1,0,0,anti_homophones
21142,gU3lQ2,6,-8.215463179469248,2,8.215463179469248,1,0,1,anti_homophones
21143,peng2ting4,10,-7.4136799025659466,2,7.4136799025659466,1,0,1,anti_homophones
21144,tW2ge1,6,-6.1272239209174,2,6.1272239209174,1,0,1,anti_homophones
21145,jL1nan2,7,-5.889839314162454,2,5.889839314162454,1,1,5,anti_homophones
21146,A1shan1,7,-6.718185269546343,2,6.718185269546343,1,0,1,anti_homophones
21147,zhA2qK2cUn4,11,-9.092612753650602,3,9.092612753650602,1,0,0,anti_homophones
21148,bo1gE3,6,-5.3366229916524635,2,5.3366229916524635,1,1,0,anti_homophones
21149,yV3ze2,6,-5.21326908518698,2,5.21326908518698,1,0,1,anti_homophones
21150,xLng3li3zhi4,12,-8.608467772570297,3,8.608467772570297,1,0,0,anti_homophones
21151,shi3xC1,7,-6.541061173451149,2,6.541061173451149,1,0,2,anti_homophones
21152,bu4jun1,7,-5.281215079608304,2,5.281215079608304,1,0,4,anti_homophones
21153,nLn2gen1shV4,12,-9.222421760866682,3,9.222421760866682,1,0,0,anti_homophones
21154,zhi2zhi2san1,12,-8.889014650503073,3,8.889014650503073,1,0,0,anti_homophones
21155,dQ4di4,6,-5.586309305445847,2,5.586309305445847,1,0,5,anti_homophones
21156,hUn1fan3,8,-7.160425197744187,2,7.160425197744187,1,0,1,anti_homophones
21157,pA2bang2yi4,11,-9.028512382262067,3,9.028512382262067,1,0,0,anti_homophones
21158,pA1mA4yong4,11,-7.687506331655429,3,7.687506331655429,1,0,0,anti_homophones
21159,zhi2di4,7,-5.78862401632877,2,5.78862401632877,1,0,6,anti_homophones
21160,chu4mM4,7,-6.79814417190785,2,6.79814417190785,1,0,2,anti_homophones
21161,xW1lV2,6,-7.773756564163019,2,7.773756564163019,1,0,0,anti_homophones
21162,na2zhe3,7,-6.621771161111878,2,6.621771161111878,1,0,2,anti_homophones
21163,xLn4sUn1ye4,11,-8.247567418494887,3,8.247567418494887,1,0,0,anti_homophones
21164,sheng4qUn2,10,-5.68717702460358,2,5.68717702460358,1,0,2,anti_homophones
21165,xM2ban4,7,-5.520798499448775,2,5.520798499448775,1,1,6,anti_homophones
21166,nE4wA4tan2,10,-8.688347921194236,3,8.688347921194236,1,0,0,anti_homophones
21167,qLn2xLng4,9,-5.645901469126312,2,5.645901469126312,1,1,4,anti_homophones
21168,ke3wE1e2,8,-7.962096601527599,3,7.962096601527599,1,0,0,anti_homophones
21169,ji2rong1gUn4,12,-9.7225402038366,3,9.7225402038366,1,0,0,anti_homophones
21170,ku3jin4li3,10,-8.769745595366281,3,8.769745595366281,1,0,0,anti_homophones
21171,kan4ya2,7,-6.8719971507565525,2,6.8719971507565525,1,0,1,anti_homophones
21172,zhu4lQ3fen4,11,-10.074597108918626,3,10.074597108918626,1,0,0,anti_homophones
21173,tI4zI4gQ4,9,-8.111704020790057,3,8.111704020790057,1,0,0,anti_homophones
21174,pan4yi4,7,-5.955910240327009,2,5.955910240327009,1,0,6,anti_homophones
21175,ling4sheng1chun3,16,-10.266583334090104,3,10.266583334090104,1,0,0,anti_homophones
21176,chUng1ban1,10,-6.461626248399607,2,6.461626248399607,1,0,0,anti_homophones
21177,da4gu3zhi2,10,-7.662702341431647,3,7.662702341431647,1,0,0,anti_homophones
21178,chQ3yan1,8,-6.9949727706429226,2,6.9949727706429226,1,0,1,anti_homophones
21179,fu4lW4,6,-5.189963834567804,2,5.189963834567804,1,0,7,anti_homophones
21180,dUn4fa3,7,-5.931006455410185,2,5.931006455410185,1,0,1,anti_homophones
21181,zI4xK2gA4,9,-9.041357313017741,3,9.041357313017741,1,0,0,anti_homophones
21182,jL3shV3wang1,12,-8.812905249093866,3,8.812905249093866,1,0,0,anti_homophones
21183,tLn1xi1sO3,10,-8.118376318427304,3,8.118376318427304,1,0,0,anti_homophones
21184,er4fen1gong2,12,-9.191395727858682,3,9.191395727858682,1,0,0,anti_homophones
21185,kUn3shi4,8,-5.74012832658437,2,5.74012832658437,1,0,5,anti_homophones
21186,zhu4ping1,9,-6.733693554848855,2,6.733693554848855,1,0,0,anti_homophones
21187,xK4bu4gQ1,9,-8.862374026517639,3,8.862374026517639,1,0,0,anti_homophones
21188,xK4jin1,7,-6.1932254892910095,2,6.1932254892910095,1,0,2,anti_homophones
21189,nv3si3,6,-7.097248196546932,2,7.097248196546932,1,0,0,anti_homophones
21190,gO2yV3hA2,9,-8.959645711139382,3,8.959645711139382,1,0,0,anti_homophones
21191,da1jC2,6,-5.717721723082739,2,5.717721723082739,1,0,2,anti_homophones
21192,bo1gQ1se4,9,-8.352316499151158,3,8.352316499151158,1,0,0,anti_homophones
21193,yang2lv4,8,-6.2781494937230935,2,6.2781494937230935,1,0,2,anti_homophones
21194,xing4wu2yan2,12,-8.209303875767446,3,8.209303875767446,1,0,0,anti_homophones
21195,tW2gI4,6,-6.098390717386556,2,6.098390717386556,1,0,1,anti_homophones
21196,jW3zhu1,7,-6.42537721521013,2,6.42537721521013,1,0,0,anti_homophones
21197,bi3hU1,6,-5.982981215723842,2,5.982981215723842,1,0,3,anti_homophones
21198,cA3lun4,7,-6.719558435894766,2,6.719558435894766,1,0,0,anti_homophones
21199,qin1ling3fu3,12,-10.055391130027617,3,10.055391130027617,1,0,0,anti_homophones
21200,ri4chUng1,9,-6.394498129083725,2,6.394498129083725,1,0,2,anti_homophones
21201,zhV1xW1,7,-6.424856683951064,2,6.424856683951064,1,0,0,anti_homophones
21202,zhQ3shi3,8,-6.4128754731637105,2,6.4128754731637105,1,0,4,anti_homophones
21203,ping1dong1tLn1,14,-9.121017611620573,3,9.121017611620573,1,0,0,anti_homophones
21204,bLn1rang2,9,-6.887530689382092,2,6.887530689382092,1,0,1,anti_homophones
21205,wE2ren4lO4,10,-8.857010805466079,3,8.857010805466079,1,0,0,anti_homophones
21206,cha2an4,7,-5.6868878405006065,2,5.6868878405006065,1,0,0,anti_homophones
21207,du3gO3su4,9,-9.316619326202234,3,9.316619326202234,1,0,0,anti_homophones
21208,xu1shi4,7,-5.446545075812278,2,5.446545075812278,1,0,7,anti_homophones
21209,wu4xC2shen4,11,-8.75779874064031,3,8.75779874064031,1,0,0,anti_homophones
21210,rV4ge1xLng4,11,-10.37005960717176,3,10.37005960717176,1,0,0,anti_homophones
21211,yin1ran2,8,-5.4817965838895235,2,5.4817965838895235,1,1,4,anti_homophones
21212,lang1mu4ren2,12,-9.340710037516178,3,9.340710037516178,1,0,0,anti_homophones
21213,jW1e2,5,-5.026270067944731,2,5.026270067944731,1,1,2,anti_homophones
21214,qin3wang4,9,-7.782570151911912,2,7.782570151911912,1,0,0,anti_homophones
21215,ya2li4,6,-5.515998417309286,2,5.515998417309286,1,0,6,anti_homophones
21216,xW3xM1,6,-5.424630547385269,2,5.424630547385269,1,1,3,anti_homophones
21217,pi2chang2,9,-6.537606780672866,2,6.537606780672866,1,0,0,anti_homophones
21218,gQ1feng2chu4,12,-8.744148275387705,3,8.744148275387705,1,0,0,anti_homophones
21219,zan4yUn4ji1,11,-9.375172446985173,3,9.375172446985173,1,0,0,anti_homophones
21220,kong2sheng4,11,-6.5343240603235095,2,6.5343240603235095,1,0,2,anti_homophones
21221,lQ3dong1,8,-5.644718978854256,2,5.644718978854256,1,0,1,anti_homophones
21222,han3jL1,7,-6.255798477159013,2,6.255798477159013,1,0,1,anti_homophones
21223,xLng1yong4,10,-6.197290654014253,2,6.197290654014253,1,0,0,anti_homophones
21224,zhen1yUn2,9,-5.690485105208349,2,5.690485105208349,1,0,1,anti_homophones
21225,ce4feng1,8,-6.3438696468700115,2,6.3438696468700115,1,1,2,anti_homophones
21226,da4bu4xi4,9,-7.292399294414246,3,7.292399294414246,1,0,0,anti_homophones
21227,nLn2chan4,9,-6.21214539418035,2,6.21214539418035,1,0,0,anti_homophones
21228,dan3zheng4dan1,14,-9.949419289312388,3,9.949419289312388,1,0,0,anti_homophones
21229,yC4li4,6,-5.372785160502147,2,5.372785160502147,1,0,7,anti_homophones
21230,zhV1ka3,7,-6.373507404038071,2,6.373507404038071,1,0,2,anti_homophones
21231,hUn1zi5,7,-5.389582026919657,2,5.389582026919657,1,0,5,anti_homophones
21232,shI3dW4xL4,10,-8.94332069193029,3,8.94332069193029,1,0,0,anti_homophones
21233,chQ1dLn4da2,11,-9.31893303219988,3,9.31893303219988,1,0,0,anti_homophones
21234,jC2men2shi4,11,-9.17498116473965,3,9.17498116473965,1,0,0,anti_homophones
21235,wu1rang4,8,-6.145506574028912,2,6.145506574028912,1,0,1,anti_homophones
21236,di2lLn4,7,-6.983790142888579,2,6.983790142888579,1,0,0,anti_homophones
21237,zheng3jing1,11,-6.689255280353489,2,6.689255280353489,1,0,0,anti_homophones
21238,cha2dLn4,8,-5.467595346628554,2,5.467595346628554,1,0,2,anti_homophones
21239,hI2lO1,6,-6.315073220789559,2,6.315073220789559,1,0,1,anti_homophones
21240,ji1cha1,7,-5.990367314182207,2,5.990367314182207,1,0,2,anti_homophones
21241,y3da2hU4,8,-12.296105957777591,2,12.296105957777591,1,0,0,anti_homophones
21242,sha4xW1xLng2,12,-9.531126397576108,3,9.531126397576108,1,0,0,anti_homophones
21243,he2dQ4,6,-5.01798041717993,2,5.01798041717993,1,0,5,anti_homophones
21244,xL4dun4,7,-6.376132672733326,2,6.376132672733326,1,0,2,anti_homophones
21245,wE3wu4,6,-5.553527164691448,2,5.553527164691448,1,1,4,anti_homophones
21246,lQ3nLng3xin1,12,-8.579068638552725,3,8.579068638552725,1,0,0,anti_homophones
21247,dW1ke2,6,-5.896397107070826,2,5.896397107070826,1,0,2,anti_homophones
21248,gI4fE4,6,-5.536896609037054,2,5.536896609037054,1,1,5,anti_homophones
21249,xW3zi5,6,-4.527138677679903,2,4.527138677679903,1,1,7,anti_homophones
21250,chan4ding3gV1,13,-10.47183124150444,3,10.47183124150444,1,0,0,anti_homophones
21251,tLn1ran2zi5,11,-7.540642123451642,3,7.540642123451642,1,0,0,anti_homophones
21252,hO2ji5,6,-7.847320532967795,2,7.847320532967795,1,0,2,anti_homophones
21253,e4meng1,7,-5.976272846205946,2,5.976272846205946,1,0,2,anti_homophones
21254,yV3jM3mLn4,10,-8.528737284906242,3,8.528737284906242,1,0,0,anti_homophones
21255,kV3sO3pM3,9,-8.89886107101125,3,8.89886107101125,1,0,0,anti_homophones
21256,jing2wE4,8,-5.38521644096147,2,5.38521644096147,1,1,4,anti_homophones
21257,shu4fu2,7,-5.677026555433578,2,5.677026555433578,1,0,4,anti_homophones
21258,hu2jLn1jLn4,11,-8.596497422490033,3,8.596497422490033,1,0,0,anti_homophones
21259,qK2ru2,6,-6.5939065728733866,2,6.5939065728733866,1,0,1,anti_homophones
21260,hUng3shan1,10,-7.5675287263453725,2,7.5675287263453725,1,0,0,anti_homophones
21261,xL4dQ3,6,-5.961407385653444,2,5.961407385653444,1,0,1,anti_homophones
21262,he2feng2,8,-5.921316917846525,2,5.921316917846525,1,0,2,anti_homophones
21263,jM1che1dV4,10,-8.529470221863603,3,8.529470221863603,1,0,0,anti_homophones
21264,dW1pW4xLng4,11,-8.834258634949354,3,8.834258634949354,1,0,0,anti_homophones
21265,hI4xC4bQ4,9,-8.887130182336286,3,8.887130182336286,1,0,0,anti_homophones
21266,sheng4wE2zheng1,15,-8.92460109214598,3,8.92460109214598,1,0,0,anti_homophones
21267,dLn3tan4,8,-6.014073032365684,2,6.014073032365684,1,0,1,anti_homophones
21268,fan4yi4,7,-5.519220331348116,2,5.519220331348116,1,0,9,anti_homophones
21269,jM3ming3ye4,11,-8.860380496460749,3,8.860380496460749,1,0,0,anti_homophones
21270,ge4jLng4,8,-6.401164632465782,2,6.401164632465782,1,0,0,anti_homophones
21271,qUn2di4,7,-5.5745129189661915,2,5.5745129189661915,1,0,5,anti_homophones
21272,ze2e4,5,-6.887681999458272,2,6.887681999458272,1,0,0,anti_homophones
21273,tV2pan2,7,-6.218095596761751,2,6.218095596761751,1,0,2,anti_homophones
21274,wE2nan2,7,-6.185022231701513,2,6.185022231701513,1,0,1,anti_homophones
21275,peng3bu4,8,-6.771573242102661,2,6.771573242102661,1,0,0,anti_homophones
21276,zhu3xing4,9,-5.646340370302205,2,5.646340370302205,1,0,2,anti_homophones
21277,zhUn2mLn4,9,-6.044463896104572,2,6.044463896104572,1,0,1,anti_homophones
21278,wA4gV3,6,-5.972490779774409,2,5.972490779774409,1,0,4,anti_homophones
21279,lun4fen1si1,11,-8.988176351746468,3,8.988176351746468,1,0,0,anti_homophones
21280,dV4qing1yQ1,11,-10.194847922901582,3,10.194847922901582,1,0,0,anti_homophones
21281,mE2mQ4ye4,9,-8.28904560637333,3,8.28904560637333,1,0,0,anti_homophones
21282,yun4jin4dW1,11,-10.194729818043136,3,10.194729818043136,1,0,0,anti_homophones
21283,e1yQ4,5,-6.573539587066354,2,6.573539587066354,1,0,0,anti_homophones
21284,zhang1yu4zu2,12,-8.653715345695243,3,8.653715345695243,1,0,0,anti_homophones
21285,zhI1xun2,8,-6.540780861697237,2,6.540780861697237,1,0,0,anti_homophones
21286,ge4bang2yUn2,12,-9.132271875449408,3,9.132271875449408,1,0,0,anti_homophones
21287,bu4li3dLn4,10,-7.788884347965588,3,7.788884347965588,1,0,0,anti_homophones
21288,ding4mE2,8,-7.107026938635126,2,7.107026938635126,1,0,0,anti_homophones
21289,sha1jM2,7,-5.908384592313416,2,5.908384592313416,1,0,0,anti_homophones
21290,tM3xi1shi2,10,-8.124534609830135,3,8.124534609830135,1,0,0,anti_homophones
21291,xLng4su4,8,-5.849256356003963,2,5.849256356003963,1,0,1,anti_homophones
21292,bA4fu3xu3,9,-9.062426196521528,3,9.062426196521528,1,0,0,anti_homophones
21293,chu2nW3,7,-6.137043200211605,2,6.137043200211605,1,0,0,anti_homophones
21294,shang4zhong2zhu4,16,-9.134494887836466,3,9.134494887836466,1,0,0,anti_homophones
21295,jin1yi4,7,-5.286575323471852,2,5.286575323471852,1,0,11,anti_homophones
21296,mLn3tQ2tI4,10,-9.913684908416645,3,9.913684908416645,1,0,0,anti_homophones
21297,yan3qW3,7,-6.522872776058488,2,6.522872776058488,1,1,0,anti_homophones
21298,te4chen2,8,-6.097471160663268,2,6.097471160663268,1,0,2,anti_homophones
21299,yUn3hong1,9,-6.8059526491829985,2,6.8059526491829985,1,0,0,anti_homophones
21300,re4li4hU4,9,-7.427834472119715,3,7.427834472119715,1,0,0,anti_homophones
21301,zhUn2zhi4,9,-5.675543291945074,2,5.675543291945074,1,0,4,anti_homophones
21302,gong2fa2,8,-6.341360086502069,2,6.341360086502069,1,0,0,anti_homophones
21303,shen4dA4,8,-5.613677185153982,2,5.613677185153982,1,0,1,anti_homophones
21304,bing2xW4xLng2,13,-9.164253954905167,3,9.164253954905167,1,0,0,anti_homophones
21305,lLng2xLn2,9,-6.817059670115051,2,6.817059670115051,1,0,0,anti_homophones
21306,du2pLn1,7,-6.26068728614028,2,6.26068728614028,1,0,0,anti_homophones
21307,mA4dA4,6,-5.644526569296056,2,5.644526569296056,1,1,3,anti_homophones
21308,cA3zhi1,7,-5.986764107771162,2,5.986764107771162,1,0,3,anti_homophones
21309,mo2zhi3,7,-6.4065969040536626,2,6.4065969040536626,1,0,2,anti_homophones
21310,ji1ci4,6,-5.63613076616587,2,5.63613076616587,1,0,6,anti_homophones
21311,yan4mE3mQ4,10,-8.605573261408326,3,8.605573261408326,1,0,0,anti_homophones
21312,kP4hQ4,6,-5.823405786048065,2,5.823405786048065,1,0,0,anti_homophones
21313,ru2yi2,6,-5.497533193533852,2,5.497533193533852,1,0,6,anti_homophones
21314,tong2li5,8,-6.5571083371104,2,6.5571083371104,1,0,1,anti_homophones
21315,chun1shi4,9,-5.803763098638767,2,5.803763098638767,1,0,1,anti_homophones
21316,kUng1gE3,8,-7.5410492572096075,2,7.5410492572096075,1,0,0,anti_homophones
21317,feng1hQ4,8,-5.837385914849008,2,5.837385914849008,1,0,3,anti_homophones
21318,bang2se4li4,11,-8.636715756139747,3,8.636715756139747,1,0,0,anti_homophones
21319,yin2ji1mi3,10,-9.33340421071393,3,9.33340421071393,1,0,0,anti_homophones
21320,xLng2qi3yi4,11,-8.198330704946935,3,8.198330704946935,1,0,0,anti_homophones
21321,xLng2tA2,8,-6.0927854896195575,2,6.0927854896195575,1,0,0,anti_homophones
21322,ta3fu3,6,-7.810716277890239,2,7.810716277890239,1,0,0,anti_homophones
21323,kA1shen2,8,-5.875793033011373,2,5.875793033011373,1,0,3,anti_homophones
21324,gV1xC2,6,-6.499220951067148,2,6.499220951067148,1,0,2,anti_homophones
21325,qun2zhUng4,10,-7.028051782678753,2,7.028051782678753,1,0,0,anti_homophones
21326,gV4xLn4,7,-5.976613754541092,2,5.976613754541092,1,0,2,anti_homophones
21327,jL1ji3,6,-6.210822986485808,2,6.210822986485808,1,0,5,anti_homophones
21328,zhi3xC2,7,-5.143370815612924,2,5.143370815612924,1,0,3,anti_homophones
21329,yV4xu3qi4,9,-8.659192591997503,3,8.659192591997503,1,0,0,anti_homophones
21330,xLn1ting4fang4,14,-9.738945970384279,3,9.738945970384279,1,0,0,anti_homophones
21331,he2di4cheng2,12,-8.908898085274917,3,8.908898085274917,1,0,0,anti_homophones
21332,zA4tan2,7,-6.133545427167035,2,6.133545427167035,1,0,3,anti_homophones
21333,Q4nLn2men2,10,-8.234299492337874,3,8.234299492337874,1,0,0,anti_homophones
21334,bo2shi5,7,-6.857689789464417,2,6.857689789464417,1,0,1,anti_homophones
21335,tO4hO3zhen3,11,-10.108989220185123,3,10.108989220185123,1,0,0,anti_homophones
21336,shi2shi1,8,-5.604316371079754,2,5.604316371079754,1,0,4,anti_homophones
21337,ge1man3,7,-6.023188458418622,2,6.023188458418622,1,0,0,anti_homophones
21338,gI3sha3hu2,10,-9.858161806119448,3,9.858161806119448,1,0,0,anti_homophones
21339,gu3dQ1bLn4,10,-8.17216094604907,3,8.17216094604907,1,0,0,anti_homophones
21340,fu4ming4,8,-5.30962316971306,2,5.30962316971306,1,0,5,anti_homophones
21341,ping2si1,8,-6.432406621442936,2,6.432406621442936,1,0,2,anti_homophones
21342,wo4chu1,7,-5.927652513233253,2,5.927652513233253,1,0,1,anti_homophones
21343,dLn4dV3,7,-6.154197038741552,2,6.154197038741552,1,0,1,anti_homophones
21344,nW4bi4,6,-6.278213501875461,2,6.278213501875461,1,0,0,anti_homophones
21345,e1men2jun1,10,-8.615331740593142,3,8.615331740593142,1,0,0,anti_homophones
21346,gU1hI4,6,-6.478763677122917,2,6.478763677122917,1,0,3,anti_homophones
21347,xL4bQ1,6,-5.688489248600992,2,5.688489248600992,1,0,2,anti_homophones
21348,jL3yQ4,6,-6.727389500967631,2,6.727389500967631,1,0,3,anti_homophones
21349,pu1ta3,6,-6.872129447951782,2,6.872129447951782,1,0,2,anti_homophones
21350,tQ4gQ4zO5,9,-10.149711747497008,3,10.149711747497008,1,0,0,anti_homophones
21351,lO2ji4gI1,9,-9.207500106807963,3,9.207500106807963,1,0,0,anti_homophones
21352,mW3zO4,6,-6.487853758908853,2,6.487853758908853,1,0,0,anti_homophones
21353,sheng1ju4,9,-5.536575673520316,2,5.536575673520316,1,0,7,anti_homophones
21354,mLn4shV3fa3,11,-8.578756470073271,3,8.578756470073271,1,0,0,anti_homophones
21355,lin2qing3,9,-6.573362351730695,2,6.573362351730695,1,0,0,anti_homophones
21356,la1du4,6,-5.9347221347817944,2,5.9347221347817944,1,1,1,anti_homophones
21357,da3jL4,6,-5.07695429679082,2,5.07695429679082,1,1,4,anti_homophones
21358,lM4cong3,8,-8.294560270448155,2,8.294560270448155,1,0,0,anti_homophones
21359,nO4yUn4,7,-6.979945876844614,2,6.979945876844614,1,0,4,anti_homophones
21360,jL3fang2,8,-6.028988976180828,2,6.028988976180828,1,0,1,anti_homophones
21361,shang3fang3,11,-6.800802128009804,2,6.800802128009804,1,0,1,anti_homophones
21362,pE2lW4,6,-5.608815017563702,2,5.608815017563702,1,0,2,anti_homophones
21363,ming4yC4ti3,11,-9.128359241223926,3,9.128359241223926,1,0,0,anti_homophones
21364,bW1jing2,8,-6.354891411511998,2,6.354891411511998,1,0,0,anti_homophones
21365,qun2ci4,7,-6.68135546951779,2,6.68135546951779,1,0,0,anti_homophones
21366,yi1ba4lang1,11,-9.225585997233676,3,9.225585997233676,1,0,0,anti_homophones
21367,pi1pi2qu1,9,-7.865160270892813,3,7.865160270892813,1,0,0,anti_homophones
21368,zhu4hU4ren4,11,-8.988503199033381,3,8.988503199033381,1,0,0,anti_homophones
21369,shI3chang2,10,-5.845358704694079,2,5.845358704694079,1,0,4,anti_homophones
21370,jLn1zhO2,8,-6.331139298910271,2,6.331139298910271,1,0,0,anti_homophones
21371,nQ4tong1hong2,13,-9.90046194482235,3,9.90046194482235,1,0,0,anti_homophones
21372,mQ3dang1ying4,13,-10.036007388318486,3,10.036007388318486,1,0,0,anti_homophones
21373,jin4jLng3qUn2,13,-9.17095890063955,3,9.17095890063955,1,0,0,anti_homophones
21374,di4sI4,6,-6.456833393196497,2,6.456833393196497,1,0,2,anti_homophones
21375,yan3yQ4sO3,10,-8.614711291857429,3,8.614711291857429,1,0,0,anti_homophones
21376,pi2fen4,7,-6.019464956875491,2,6.019464956875491,1,0,0,anti_homophones
21377,zong1zhu4,9,-6.070732233490504,2,6.070732233490504,1,0,0,anti_homophones
21378,meng1long2xC2,13,-9.829884500880087,3,9.829884500880087,1,0,0,anti_homophones
21379,ping4mA3mQ4,11,-9.944454042763647,3,9.944454042763647,1,0,0,anti_homophones
21380,si4lv4,6,-5.739895522481729,2,5.739895522481729,1,0,5,anti_homophones
21381,jW3ru2,6,-6.731606455875142,2,6.731606455875142,1,0,0,anti_homophones
21382,dO2qing2fan2,12,-9.959122354937332,3,9.959122354937332,1,0,0,anti_homophones
21383,li4shu4,7,-5.617479160534382,2,5.617479160534382,1,0,10,anti_homophones
21384,fen1zi3,7,-5.4982518771308895,2,5.4982518771308895,1,0,3,anti_homophones
21385,bang3qu3,8,-6.934009860343087,2,6.934009860343087,1,0,1,anti_homophones
21386,shU1zi5,7,-5.502790250636431,2,5.502790250636431,1,0,7,anti_homophones
21387,jing4ran2yUn4,13,-8.88208181943632,3,8.88208181943632,1,0,0,anti_homophones
21388,jL1fu4zheng2,12,-8.261270425063504,3,8.261270425063504,1,0,0,anti_homophones
21389,dI4bing2bi3,11,-8.827499713612747,3,8.827499713612747,1,0,0,anti_homophones
21390,wu3sI4,6,-6.11536039040702,2,6.11536039040702,1,0,1,anti_homophones
21391,gO4wan4,7,-6.549291328318554,2,6.549291328318554,1,0,1,anti_homophones
21392,ji1jun1,7,-5.7653214135106685,2,5.7653214135106685,1,0,3,anti_homophones
21393,an1xLng1,8,-6.096066939845989,2,6.096066939845989,1,0,2,anti_homophones
21394,cA1jM2,6,-6.423634112662293,2,6.423634112662293,1,0,2,anti_homophones
21395,A4xW4,5,-5.931117739593372,2,5.931117739593372,1,0,2,anti_homophones
21396,da4tV5,6,-5.114309422403399,2,5.114309422403399,1,0,4,anti_homophones
21397,xM2bQ3hQ3,9,-8.592224636322607,3,8.592224636322607,1,0,0,anti_homophones
21398,zeng4qu1,8,-6.817302491756711,2,6.817302491756711,1,0,1,anti_homophones
21399,xM3zi4yong2,11,-9.012225749562383,3,9.012225749562383,1,0,0,anti_homophones
21400,ting4ding2chu1,14,-9.767825664322832,3,9.767825664322832,1,0,0,anti_homophones
21401,kA3mE1an4,9,-10.81795864001207,3,10.81795864001207,1,0,0,anti_homophones
21402,hI4zhang3shi2,13,-8.803457911033611,3,8.803457911033611,1,0,0,anti_homophones
21403,lO4hQ4,6,-5.433371135281377,2,5.433371135281377,1,1,1,anti_homophones
21404,xW3yang1,8,-5.797322399668202,2,5.797322399668202,1,0,2,anti_homophones
21405,jW1yi1ya2,9,-8.084866917558132,3,8.084866917558132,1,0,0,anti_homophones
21406,hang1gQ3,8,-6.801262987272315,2,6.801262987272315,1,0,1,anti_homophones
21407,deng1xW3,8,-6.892303468420339,2,6.892303468420339,1,0,0,anti_homophones
21408,dLn4fen1sheng2,14,-8.795028406255925,3,8.795028406255925,1,0,0,anti_homophones
21409,hong4yang3,10,-6.766008528046222,2,6.766008528046222,1,0,0,anti_homophones
21410,lv3bi3,6,-6.016400579777619,2,6.016400579777619,1,0,0,anti_homophones
21411,tI1du2,6,-6.231357935136584,2,6.231357935136584,1,0,2,anti_homophones
21412,jW1yang3,8,-5.790172754591542,2,5.790172754591542,1,0,2,anti_homophones
21413,nong1kP4,8,-6.638287319062938,2,6.638287319062938,1,0,1,anti_homophones
21414,wE3qing4,8,-6.959226570789417,2,6.959226570789417,1,0,1,anti_homophones
21415,yan4ling2ci2,12,-9.427590370255297,3,9.427590370255297,1,0,0,anti_homophones
21416,da4gUn1,7,-5.085729886959917,2,5.085729886959917,1,1,4,anti_homophones
21417,gO2cun2wa4,10,-10.634874804909678,3,10.634874804909678,1,0,0,anti_homophones
21418,xLn4hQ4yin1,11,-8.562140124513,3,8.562140124513,1,0,0,anti_homophones
21419,yan3zhong2fang3,15,-9.405886592500696,3,9.405886592500696,1,0,0,anti_homophones
21420,jM4fen1xW4,10,-9.027790733982334,3,9.027790733982334,1,0,0,anti_homophones
21421,kong1sheng3,11,-6.681285574358835,2,6.681285574358835,1,0,0,anti_homophones
21422,du2sO3wE3,9,-7.182246400399825,3,7.182246400399825,1,0,0,anti_homophones
21423,zheng1chQ1gan1,14,-9.693715491710844,3,9.693715491710844,1,0,0,anti_homophones
21424,wA4jL4,6,-5.3251157656719625,2,5.3251157656719625,1,0,7,anti_homophones
21425,pA2qLn2,7,-5.973328693594474,2,5.973328693594474,1,0,0,anti_homophones
21426,qing3A4yan3,11,-9.150360410461767,3,9.150360410461767,1,0,0,anti_homophones
21427,zhUng1zhong3,12,-6.626847309953969,2,6.626847309953969,1,0,2,anti_homophones
21428,fa1shu1xing2,12,-8.023891356900707,3,8.023891356900707,1,0,0,anti_homophones
21429,bE3man3,7,-6.995531822327858,2,6.995531822327858,1,0,0,anti_homophones
21430,ji1lW2lW2,9,-7.997874483042606,3,7.997874483042606,1,0,0,anti_homophones
21431,zhi1fang1,9,-5.843541415617964,2,5.843541415617964,1,0,3,anti_homophones
21432,xYng1dang4,10,-6.731516541916293,2,6.731516541916293,1,0,0,anti_homophones
21433,yQ1gQ4,6,-6.156473850501355,2,6.156473850501355,1,1,2,anti_homophones
21434,zhong3shi2tan3,14,-9.840622219274483,3,9.840622219274483,1,0,0,anti_homophones
21435,gQ1dan1bi3,10,-8.311799725356346,3,8.311799725356346,1,0,0,anti_homophones
21436,zhi1xLn2,8,-5.892878743086871,2,5.892878743086871,1,0,1,anti_homophones
21437,hU2zheng3jL4,12,-9.531254480921842,3,9.531254480921842,1,0,0,anti_homophones
21438,bo2bi4,6,-5.76893166169458,2,5.76893166169458,1,0,2,anti_homophones
21439,dUn4ma3,7,-6.0923366947172966,2,6.0923366947172966,1,0,3,anti_homophones
21440,jLn4fu2,7,-5.862463974288869,2,5.862463974288869,1,1,2,anti_homophones
21441,tA4shu3jK4,10,-9.571746834422285,3,9.571746834422285,1,0,0,anti_homophones
21442,bW3hO3,6,-6.368420542015473,2,6.368420542015473,1,0,2,anti_homophones
21443,lan4gen1,8,-7.557532174660068,2,7.557532174660068,1,0,1,anti_homophones
21444,xu1mE4,6,-6.451828919500782,2,6.451828919500782,1,0,1,anti_homophones
21445,mu4jin1shi4,11,-7.934152251840634,3,7.934152251840634,1,0,0,anti_homophones
21446,xW3er5,6,-4.945920437479773,2,4.945920437479773,1,1,1,anti_homophones
21447,tA4zi4fu2,9,-8.877907471115407,3,8.877907471115407,1,0,0,anti_homophones
21448,fu4li4yang2,11,-8.517555817950642,3,8.517555817950642,1,0,0,anti_homophones
21449,pa2xLng3kP4,11,-9.829143939478698,3,9.829143939478698,1,0,0,anti_homophones
21450,li3xLng1,8,-5.84602429337295,2,5.84602429337295,1,0,2,anti_homophones
21451,dW1lO4,6,-5.656924379012294,2,5.656924379012294,1,0,0,anti_homophones
21452,yi1zhu2,7,-5.804534309020365,2,5.804534309020365,1,0,4,anti_homophones
21453,hU4fu4,6,-5.963265335644857,2,5.963265335644857,1,0,4,anti_homophones
21454,rUn3ying1,9,-6.9266538423462345,2,6.9266538423462345,1,0,1,anti_homophones
21455,yu4mV2er5,9,-7.759150421429332,3,7.759150421429332,1,0,0,anti_homophones
21456,mE3ming3,8,-6.083409453344595,2,6.083409453344595,1,0,0,anti_homophones
21457,ma3zhi4gI1,10,-9.213429563391415,3,9.213429563391415,1,0,0,anti_homophones
21458,gan4li4,7,-5.725221694259974,2,5.725221694259974,1,0,10,anti_homophones
21459,du2bing4,8,-6.224493423838866,2,6.224493423838866,1,0,2,anti_homophones
21460,shang2chu3,10,-6.5997167676225335,2,6.5997167676225335,1,0,0,anti_homophones
21461,gQ1se4,6,-5.4346380660026075,2,5.4346380660026075,1,0,3,anti_homophones
21462,lK2ming4yQ4,11,-8.627964978903686,3,8.627964978903686,1,0,0,anti_homophones
21463,gO2jing1,8,-5.544402973725123,2,5.544402973725123,1,0,1,anti_homophones
21464,cO4bi4xing1,11,-8.823754159471605,3,8.823754159471605,1,0,0,anti_homophones
21465,pA1mA4pLn4,10,-7.174101241163683,3,7.174101241163683,1,0,0,anti_homophones
21466,pE4er3,6,-6.240249245480212,2,6.240249245480212,1,0,0,anti_homophones
21467,mA4lu4,6,-5.640486309015836,2,5.640486309015836,1,0,3,anti_homophones
21468,qLng1xM3,8,-6.681428353140249,2,6.681428353140249,1,0,2,anti_homophones
21469,gU4zhen1,8,-6.295436349079501,2,6.295436349079501,1,0,0,anti_homophones
21470,jLng2jin4ri4,12,-9.04682552879186,3,9.04682552879186,1,0,0,anti_homophones
21471,an1wA4jM2,9,-9.252630180247461,3,9.252630180247461,1,0,0,anti_homophones
21472,zA4su4,6,-5.322109315886218,2,5.322109315886218,1,0,8,anti_homophones
21473,ju4sheng3,9,-6.498610262359105,2,6.498610262359105,1,0,1,anti_homophones
21474,yu3yi3,6,-5.649768794776916,2,5.649768794776916,1,0,1,anti_homophones
21475,cheng2lLn2gV1,13,-10.591500915375155,3,10.591500915375155,1,0,0,anti_homophones
21476,nan2zhong4,10,-6.156228457358614,2,6.156228457358614,1,0,1,anti_homophones
21477,shi4lv4,7,-5.305849533032954,2,5.305849533032954,1,1,8,anti_homophones
21478,che1zE2,7,-5.579050873298765,2,5.579050873298765,1,0,0,anti_homophones
21479,rV4di2shi2,10,-8.906975440412872,3,8.906975440412872,1,0,0,anti_homophones
21480,feng3fang1ba1,13,-10.518291276628943,3,10.518291276628943,1,0,0,anti_homophones
21481,jing3lA2zi5,11,-7.774050385938961,3,7.774050385938961,1,0,0,anti_homophones
21482,e4yQ4jM4,8,-8.662620741981296,3,8.662620741981296,1,0,0,anti_homophones
21483,gong1jM2,8,-5.530843607848317,2,5.530843607848317,1,0,3,anti_homophones
21484,rUn3shi4,8,-5.666560673811327,2,5.666560673811327,1,0,5,anti_homophones
21485,xUn3shV3,8,-6.025802023063129,2,6.025802023063129,1,0,1,anti_homophones
21486,yC4shi4,7,-5.141361670088619,2,5.141361670088619,1,1,7,anti_homophones
21487,zu3zheng1,9,-5.64945221249655,2,5.64945221249655,1,0,2,anti_homophones
21488,tO1ci2hV4,9,-7.695949972469597,3,7.695949972469597,1,0,0,anti_homophones
21489,dLn4chang1gu3,13,-9.082969782522138,3,9.082969782522138,1,0,0,anti_homophones
21490,mang3xi4,8,-6.922013929551166,2,6.922013929551166,1,0,2,anti_homophones
21491,fang4ren2zi5,12,-7.578569866849156,3,7.578569866849156,1,0,0,anti_homophones
21492,jW4hU4,6,-4.713310844655376,2,4.713310844655376,1,0,4,anti_homophones
21493,ming1mLn2,9,-6.7402845035824015,2,6.7402845035824015,1,0,2,anti_homophones
21494,lE3lO2,6,-7.29249299483579,2,7.29249299483579,1,0,0,anti_homophones
21495,hU2man2,7,-8.258087783239425,2,8.258087783239425,1,0,1,anti_homophones
21496,ji3yi4,6,-5.26358254183081,2,5.26358254183081,1,0,10,anti_homophones
21497,hUng1qK1lLn3,12,-9.295519932191791,3,9.295519932191791,1,0,0,anti_homophones
21498,zhang4yi4,9,-5.721573196671864,2,5.721573196671864,1,0,3,anti_homophones
21499,dI4zhUn4,8,-6.309171332763741,2,6.309171332763741,1,0,1,anti_homophones
21500,kA1fang4,8,-5.111238850240041,2,5.111238850240041,1,0,2,anti_homophones
21501,he2zhang2,9,-6.056253279140319,2,6.056253279140319,1,0,2,anti_homophones
21502,ti2chan1jM2,11,-9.020887751506566,3,9.020887751506566,1,0,0,anti_homophones
21503,yan2qu4,7,-5.837406939009926,2,5.837406939009926,1,0,4,anti_homophones
21504,zhQ4tA2,7,-6.097483024295776,2,6.097483024295776,1,0,1,anti_homophones
21505,chV2ben3,8,-5.863871506235507,2,5.863871506235507,1,0,0,anti_homophones
21506,shu1wang1,9,-6.77811727447182,2,6.77811727447182,1,0,1,anti_homophones
21507,dA4fen4,7,-6.719594481470622,2,6.719594481470622,1,0,1,anti_homophones
21508,ge4ji2gong1,11,-8.759309332377205,3,8.759309332377205,1,0,0,anti_homophones
21509,hE1xLn4pan4,11,-8.864680304214707,3,8.864680304214707,1,0,0,anti_homophones
21510,shan1jM4chong4,14,-9.669029779984522,3,9.669029779984522,1,0,0,anti_homophones
21511,e4gI3mi2,8,-8.614670459512539,3,8.614670459512539,1,0,0,anti_homophones
21512,ha3hV4,6,-6.7169662473166145,2,6.7169662473166145,1,0,0,anti_homophones
21513,yang2ye4,8,-5.629070242040257,2,5.629070242040257,1,0,3,anti_homophones
21514,gong4fu1,8,-6.238774177163555,2,6.238774177163555,1,0,2,anti_homophones
21515,hu4shi2ba1,10,-8.895700256353386,3,8.895700256353386,1,0,0,anti_homophones
21516,wA4min2hI5,10,-10.730200764767984,3,10.730200764767984,1,0,0,anti_homophones
21517,pen1yi3,7,-7.168761982392198,2,7.168761982392198,1,0,0,anti_homophones
21518,yi1lv4,6,-5.042748797382526,2,5.042748797382526,1,0,10,anti_homophones
21519,ben4lun2,8,-7.697570740588347,2,7.697570740588347,1,0,0,anti_homophones
21520,dLn4zheng4,10,-5.90473030425218,2,5.90473030425218,1,0,1,anti_homophones
21521,di4ji1she4,10,-8.513740137826876,3,8.513740137826876,1,0,0,anti_homophones
21522,ku4sO1,6,-7.536786663905763,2,7.536786663905763,1,0,0,anti_homophones
21523,lLng1shi2,9,-5.893610392188776,2,5.893610392188776,1,0,2,anti_homophones
21524,shV3chang2,10,-5.7556340320364106,2,5.7556340320364106,1,0,2,anti_homophones
21525,gong4dA4shang2,14,-9.390293441578374,3,9.390293441578374,1,0,0,anti_homophones
21526,tong2zheng1,11,-6.14889382766134,2,6.14889382766134,1,0,2,anti_homophones
21527,jM1shen3tUn2,12,-9.153901029471346,3,9.153901029471346,1,0,0,anti_homophones
21528,mu4jing1,8,-6.047089493783746,2,6.047089493783746,1,0,4,anti_homophones
21529,wen1dW4,7,-6.747802120571736,2,6.747802120571736,1,0,1,anti_homophones
21530,dI4lO4,6,-5.720037961817706,2,5.720037961817706,1,0,6,anti_homophones
21531,wE1xM4ding2,11,-8.507890108077167,3,8.507890108077167,1,0,0,anti_homophones
21532,shI3di2,7,-5.866171492181581,2,5.866171492181581,1,1,2,anti_homophones
21533,shi1deng1,9,-6.157308598448797,2,6.157308598448797,1,0,0,anti_homophones
21534,zi4di4zQ4,9,-8.050641601877876,3,8.050641601877876,1,0,0,anti_homophones
21535,xin4ban4bLn4,12,-9.218556402651854,3,9.218556402651854,1,0,0,anti_homophones
21536,re4di4,6,-5.620163534092042,2,5.620163534092042,1,0,5,anti_homophones
21537,da4ru2shi4,10,-7.129562119219054,3,7.129562119219054,1,0,0,anti_homophones
21538,su4xLn2,7,-6.315145839591975,2,6.315145839591975,1,0,2,anti_homophones
21539,jUn4mLn4ren2,12,-8.451251590693666,3,8.451251590693666,1,0,0,anti_homophones
21540,mA4fu2wE4,9,-7.8247225034994665,3,7.8247225034994665,1,0,0,anti_homophones
21541,tO1kQ3,6,-6.4061146435494125,2,6.4061146435494125,1,0,3,anti_homophones
21542,yan1e2,6,-6.300849314837884,2,6.300849314837884,1,0,1,anti_homophones
21543,lO4bu4yu2,9,-7.631974284598834,3,7.631974284598834,1,0,0,anti_homophones
21544,yi1sUn1,7,-5.4163142123017,2,5.4163142123017,1,0,3,anti_homophones
21545,hUng1yan2,9,-5.984140555361204,2,5.984140555361204,1,0,3,anti_homophones
21546,dQ3ban3yu3,10,-9.062491770187146,3,9.062491770187146,1,0,0,anti_homophones
21547,qu4xLng4mLn4,12,-9.521590713653842,3,9.521590713653842,1,0,0,anti_homophones
21548,zhI1bing4,9,-6.070641308497935,2,6.070641308497935,1,0,2,anti_homophones
21549,dQ3qi2,6,-6.56526787230279,2,6.56526787230279,1,0,1,anti_homophones
21550,cA4su4yin1,10,-9.096563766925241,3,9.096563766925241,1,0,0,anti_homophones
21551,gQ1gong3,8,-5.848646321894521,2,5.848646321894521,1,0,2,anti_homophones
21552,zu3zhang4,9,-5.662995377450618,2,5.662995377450618,1,0,2,anti_homophones
21553,qin1ban3,8,-6.3631189664666366,2,6.3631189664666366,1,0,1,anti_homophones
21554,fen4nE4lE4,10,-9.064802456495757,3,9.064802456495757,1,0,0,anti_homophones
21555,bing2qi4,8,-5.5089860811538625,2,5.5089860811538625,1,0,8,anti_homophones
21556,si3wu3xC2,9,-8.501345808028107,3,8.501345808028107,1,0,0,anti_homophones
21557,chUn2gI1,8,-6.705090908572544,2,6.705090908572544,1,0,1,anti_homophones
21558,yi3xLn3,7,-6.516377837594207,2,6.516377837594207,1,0,3,anti_homophones
21559,lin2jK3,7,-5.883303595432923,2,5.883303595432923,1,0,1,anti_homophones
21560,lO2wA4,6,-5.914601735963962,2,5.914601735963962,1,0,2,anti_homophones
21561,bQ4fa3,6,-5.1769270506226315,2,5.1769270506226315,1,1,8,anti_homophones
21562,xM2jW1,6,-6.147120220396892,2,6.147120220396892,1,0,0,anti_homophones
21563,tLn2zhi2,8,-6.160441532747004,2,6.160441532747004,1,0,2,anti_homophones
21564,zhu4ken3,8,-6.7625693566816985,2,6.7625693566816985,1,0,0,anti_homophones
21565,shi4yun4yi4,11,-8.00840890070568,3,8.00840890070568,1,0,0,anti_homophones
21566,zha4shu2,8,-7.290339066651036,2,7.290339066651036,1,0,0,anti_homophones
21567,cA3fa3,6,-5.444292773709764,2,5.444292773709764,1,0,4,anti_homophones
21568,xC2fan3sheng4,13,-9.508430893259689,3,9.508430893259689,1,0,0,anti_homophones
21569,xW1heng1,8,-6.268462396476251,2,6.268462396476251,1,0,1,anti_homophones
21570,bQ3zhUng1,9,-6.000750040997803,2,6.000750040997803,1,1,0,anti_homophones
21571,da4bQ3,6,-5.588364286963824,2,5.588364286963824,1,0,3,anti_homophones
21572,han3fan4,8,-6.79075456268764,2,6.79075456268764,1,0,1,anti_homophones
21573,zheng2ting3,11,-7.239154468715087,2,7.239154468715087,1,0,1,anti_homophones
21574,fE1dQ4,6,-5.833171510365568,2,5.833171510365568,1,0,5,anti_homophones
21575,qu3shen1,8,-6.560226230807236,2,6.560226230807236,1,0,0,anti_homophones
21576,ji3jing2,8,-6.055416112925067,2,6.055416112925067,1,1,1,anti_homophones
21577,xun2qi4,7,-5.50551787073287,2,5.50551787073287,1,1,1,anti_homophones
21578,zong1jL4,8,-5.889207247046671,2,5.889207247046671,1,0,5,anti_homophones
21579,lV3zeng2,8,-7.425026587814132,2,7.425026587814132,1,0,0,anti_homophones
21580,ti4hU2,6,-7.484662919681321,2,7.484662919681321,1,0,0,anti_homophones
21581,fu4min2dong4,12,-8.461981443738042,3,8.461981443738042,1,0,0,anti_homophones
21582,ke3qi1zhi1,10,-8.610177988841464,3,8.610177988841464,1,0,0,anti_homophones
21583,chQ1shI3wen2,12,-8.251662892504092,3,8.251662892504092,1,0,0,anti_homophones
21584,xW3yan2,7,-5.140011831062418,2,5.140011831062418,1,1,7,anti_homophones
21585,cheng2jK4hO3,12,-8.769947308583818,3,8.769947308583818,1,0,0,anti_homophones
21586,qUn2zhen2,9,-6.098725162945786,2,6.098725162945786,1,0,3,anti_homophones
21587,nK2he2fang1,11,-8.890165320914061,3,8.890165320914061,1,0,0,anti_homophones
21588,yan3shang2,10,-6.0934289969839535,2,6.0934289969839535,1,0,1,anti_homophones
21589,pang1han3chu1,13,-10.836097768370134,3,10.836097768370134,1,0,0,anti_homophones
21590,wen1hQ4,7,-6.470810467220721,2,6.470810467220721,1,0,1,anti_homophones
21591,fu4shu3,7,-5.8459806324447365,2,5.8459806324447365,1,0,5,anti_homophones
21592,fan1xM4si4,10,-10.14157158319335,3,10.14157158319335,1,0,0,anti_homophones
21593,gUn3ze2,7,-5.744900143176584,2,5.744900143176584,1,0,0,anti_homophones
21594,nE4rV4,6,-6.899313444446952,2,6.899313444446952,1,0,0,anti_homophones
21595,hE1qi3,6,-6.034228501513898,2,6.034228501513898,1,0,5,anti_homophones
21596,hU1lUn4zhQ4,11,-8.998306006806054,3,8.998306006806054,1,0,0,anti_homophones
21597,jK3gUn4,7,-6.035945714283789,2,6.035945714283789,1,0,0,anti_homophones
21598,jing1jing2,10,-5.929271059998376,2,5.929271059998376,1,0,3,anti_homophones
21599,fang2fan3jM2,12,-8.785595565171079,3,8.785595565171079,1,0,0,anti_homophones
21600,xLn4dun4,8,-6.696936879190035,2,6.696936879190035,1,0,1,anti_homophones
21601,zhi1chUng4,10,-6.2729897181232275,2,6.2729897181232275,1,0,0,anti_homophones
21602,di3xC4shi4,10,-7.707918040123413,3,7.707918040123413,1,0,0,anti_homophones
21603,dQ1dA4,6,-5.646392806252725,2,5.646392806252725,1,1,4,anti_homophones
21604,qu1jin3,7,-6.744739566216903,2,6.744739566216903,1,0,1,anti_homophones
21605,xC4yang2,8,-5.812341396109024,2,5.812341396109024,1,0,2,anti_homophones
21606,bQ3hA3nE4,9,-8.094634831534078,3,8.094634831534078,1,0,0,anti_homophones
21607,gong1qin2shu4,13,-8.669093109390833,3,8.669093109390833,1,0,0,anti_homophones
21608,jing2feng1ma1,13,-9.12681759090685,3,9.12681759090685,1,0,0,anti_homophones
21609,dan4she3,8,-6.759963845052244,2,6.759963845052244,1,0,0,anti_homophones
21610,hun1gu1,7,-7.028521520008469,2,7.028521520008469,1,0,2,anti_homophones
21611,zhi1bu4gu3,10,-7.2253656015455805,3,7.2253656015455805,1,0,0,anti_homophones
21612,ye3lV2,6,-5.7894678986917505,2,5.7894678986917505,1,0,0,anti_homophones
21613,jing1wE4,8,-5.697431104028973,2,5.697431104028973,1,0,1,anti_homophones
21614,hUn1chen3,9,-7.018391251952272,2,7.018391251952272,1,0,0,anti_homophones
21615,dan1mi4,7,-6.210060576909325,2,6.210060576909325,1,0,4,anti_homophones
21616,dO1sheng4,9,-5.834105406168376,2,5.834105406168376,1,0,1,anti_homophones
21617,ru4zang4fang1,13,-10.60445447902469,3,10.60445447902469,1,0,0,anti_homophones
21618,han3da3,7,-7.274610550189039,2,7.274610550189039,1,0,0,anti_homophones
21619,wan4qUn1yC1,11,-9.661620144857023,3,9.661620144857023,1,0,0,anti_homophones
21620,bu4shI3,7,-5.1479361128941665,2,5.1479361128941665,1,0,4,anti_homophones
21621,gV4a1,5,-5.774491691726589,2,5.774491691726589,1,0,0,anti_homophones
21622,zO3zheng5,9,-8.255740978762848,2,8.255740978762848,1,0,0,anti_homophones
21623,chUn3qi4,8,-5.758623455809301,2,5.758623455809301,1,0,4,anti_homophones
21624,mo4mo4mM4,9,-7.1395010241326835,3,7.1395010241326835,1,0,0,anti_homophones
21625,qLn2ren3,8,-6.384606911498369,2,6.384606911498369,1,0,1,anti_homophones
21626,jing1fen3pLn4,13,-9.148091924162719,3,9.148091924162719,1,0,0,anti_homophones
21627,bu4ru4wE5,9,-8.52810275424474,3,8.52810275424474,1,0,0,anti_homophones
21628,tI4hUn2,7,-6.0265496688000475,2,6.0265496688000475,1,0,1,anti_homophones
21629,wang2tu2,8,-6.163328277131705,2,6.163328277131705,1,0,0,anti_homophones
21630,nA4ming2,8,-6.478625349490739,2,6.478625349490739,1,0,2,anti_homophones
21631,lQ4tV2,6,-5.77436761811017,2,5.77436761811017,1,0,6,anti_homophones
21632,ta3ding4,8,-7.365319648296195,2,7.365319648296195,1,0,0,anti_homophones
21633,tong2xW4,8,-5.838952048432364,2,5.838952048432364,1,0,2,anti_homophones
21634,yi1dQ3hu3,9,-7.67460088076178,3,7.67460088076178,1,0,0,anti_homophones
21635,jL1ju3,6,-5.862361302789651,2,5.862361302789651,1,1,4,anti_homophones
21636,bu3bLn1ta4,10,-10.458686943939401,3,10.458686943939401,1,0,0,anti_homophones
21637,Q1tO4qu4,8,-9.387981213440641,3,9.387981213440641,1,0,0,anti_homophones
21638,zhi2xing2,9,-5.474841332956206,2,5.474841332956206,1,0,3,anti_homophones
21639,ye1zu3mE2,9,-9.61064467591213,3,9.61064467591213,1,0,0,anti_homophones
21640,jin4shO1,8,-5.931038052854733,2,5.931038052854733,1,0,1,anti_homophones
21641,pi2hu1,6,-6.298959864096025,2,6.298959864096025,1,0,1,anti_homophones
21642,ma3zi5,6,-4.981687541434384,2,4.981687541434384,1,0,7,anti_homophones
21643,yQ3wu2zhi2,10,-8.48655825354139,3,8.48655825354139,1,0,0,anti_homophones
21644,jW1kA1,6,-6.041865495218842,2,6.041865495218842,1,0,0,anti_homophones
21645,rQ4di3,6,-6.906992425895646,2,6.906992425895646,1,0,0,anti_homophones
21646,yi3lin2lA2,10,-9.00907069926425,3,9.00907069926425,1,0,0,anti_homophones
21647,pA2du4,6,-6.019630370569962,2,6.019630370569962,1,0,3,anti_homophones
21648,bA4hu4gI3,9,-9.552348117187094,3,9.552348117187094,1,0,0,anti_homophones
21649,feng1ting2,10,-6.262476732339353,2,6.262476732339353,1,0,3,anti_homophones
21650,mo4mo2deng4,11,-8.357300631788881,3,8.357300631788881,1,0,0,anti_homophones
21651,si4hU4yang4,11,-8.124988472628226,3,8.124988472628226,1,0,0,anti_homophones
21652,wang3zhang4,11,-6.444771463775303,2,6.444771463775303,1,0,1,anti_homophones
21653,shu4di4,7,-5.771617312726664,2,5.771617312726664,1,0,9,anti_homophones
21654,xUn3zheng4,10,-6.478202758239564,2,6.478202758239564,1,0,0,anti_homophones
21655,pi2chO1nQ3,10,-12.429767964530118,3,12.429767964530118,1,0,0,anti_homophones
21656,zi4he2,6,-5.325000675112997,2,5.325000675112997,1,2,5,anti_homophones
21657,zhi2chUng2,10,-6.783370565237386,2,6.783370565237386,1,0,0,anti_homophones
21658,xC4shi1,7,-5.858704278165751,2,5.858704278165751,1,0,3,anti_homophones
21659,hA1ye4,6,-6.660402963070867,2,6.660402963070867,1,0,3,anti_homophones
21660,wE4jLn1,7,-5.8930152599458445,2,5.8930152599458445,1,0,2,anti_homophones
21661,xun4dan1,8,-6.62972800333501,2,6.62972800333501,1,0,0,anti_homophones
21662,xK4fu2,6,-6.006163441503021,2,6.006163441503021,1,0,3,anti_homophones
21663,yang1tong2,10,-6.755318202259697,2,6.755318202259697,1,0,1,anti_homophones
21664,shen1tong4li4,13,-8.401866889835064,3,8.401866889835064,1,0,0,anti_homophones
21665,dLn4shV3,8,-5.639560620790925,2,5.639560620790925,1,0,3,anti_homophones
21666,hV4zi3,6,-5.81204709566529,2,5.81204709566529,1,0,5,anti_homophones
21667,yV2ge5,6,-7.081258658537914,2,7.081258658537914,1,0,0,anti_homophones
21668,lK2ya1zi5,9,-7.948347067238483,3,7.948347067238483,1,0,0,anti_homophones
21669,hE1zE2,6,-5.7557089462990385,2,5.7557089462990385,1,1,1,anti_homophones
21670,shUn3zhi3,9,-6.9515849696478185,2,6.9515849696478185,1,0,1,anti_homophones
21671,te4jin4,7,-5.568120351788969,2,5.568120351788969,1,0,1,anti_homophones
21672,tQ2ge1zhi4,10,-9.607278396396131,3,9.607278396396131,1,0,0,anti_homophones
21673,gan1chUng1,10,-6.413513427794163,2,6.413513427794163,1,0,1,anti_homophones
21674,shi4ping2,9,-5.413088204506421,2,5.413088204506421,1,0,4,anti_homophones
21675,shV3lA2,7,-5.717313553121079,2,5.717313553121079,1,0,2,anti_homophones
21676,hO4mo1,6,-7.504889117251803,2,7.504889117251803,1,0,0,anti_homophones
21677,bQ4gUn3,7,-5.441055556667694,2,5.441055556667694,1,0,2,anti_homophones
21678,xun2xing3,9,-6.575680357294668,2,6.575680357294668,1,0,0,anti_homophones
21679,qW1dan4,7,-6.663511220292492,2,6.663511220292492,1,0,0,anti_homophones
21680,zhUng1hU1,9,-6.027565265888936,2,6.027565265888936,1,0,1,anti_homophones
21681,nQ4tV5,6,-6.2937359254642375,2,6.2937359254642375,1,0,2,anti_homophones
21682,A4yUn2zhen3,11,-9.287536494349672,3,9.287536494349672,1,0,0,anti_homophones
21683,da4kUng2jK4,11,-9.027110784693837,3,9.027110784693837,1,0,0,anti_homophones
21684,wu2ding2lK2,11,-8.481781691657423,3,8.481781691657423,1,0,0,anti_homophones
21685,da4hO2er2,9,-7.664781947540342,3,7.664781947540342,1,0,0,anti_homophones
21686,shO1qLn2men2,12,-8.638393662519027,3,8.638393662519027,1,0,0,anti_homophones
21687,zong1zhUn4,10,-6.736230526632255,2,6.736230526632255,1,1,0,anti_homophones
21688,shi2ni3ren2,11,-7.8653906946507055,3,7.8653906946507055,1,0,0,anti_homophones
21689,cha2ban1,8,-6.496115055481733,2,6.496115055481733,1,0,0,anti_homophones
21690,jC2ying3,8,-7.055148589807896,2,7.055148589807896,1,0,0,anti_homophones
21691,tu1xC4,6,-6.186668399823419,2,6.186668399823419,1,0,1,anti_homophones
21692,jing4yi2,8,-6.171727281847956,2,6.171727281847956,1,0,2,anti_homophones
21693,jLn4yi2wu1,10,-9.118111164656938,3,9.118111164656938,1,0,0,anti_homophones
21694,jM1chen2ren2,12,-8.950687400164908,3,8.950687400164908,1,0,0,anti_homophones
21695,neng2di2zhu3,12,-10.411962210490517,3,10.411962210490517,1,0,0,anti_homophones
21696,jun1sI4lE4,10,-9.372224130364787,3,9.372224130364787,1,0,0,anti_homophones
21697,lQ3dA4,6,-4.950336481042575,2,4.950336481042575,1,0,5,anti_homophones
21698,wu2qK2,6,-5.07438419161382,2,5.07438419161382,1,0,0,anti_homophones
21699,gA4lA2,6,-5.4522110309320535,2,5.4522110309320535,1,1,4,anti_homophones
21700,yUn2tong2,9,-6.094545731144217,2,6.094545731144217,1,0,1,anti_homophones
21701,la1lA2,6,-5.627589964089877,2,5.627589964089877,1,0,1,anti_homophones
21702,fa1ya1qu1,9,-8.319569803347255,3,8.319569803347255,1,0,0,anti_homophones
21703,te4pQ3,6,-6.374328986351069,2,6.374328986351069,1,0,2,anti_homophones
21704,su4sha3ban1,11,-9.408718116750912,3,9.408718116750912,1,0,0,anti_homophones
21705,hU2e2,5,-5.807995800158158,2,5.807995800158158,1,0,1,anti_homophones
21706,hU2yi4zheng4,12,-8.563713292590856,3,8.563713292590856,1,0,0,anti_homophones
21707,qi1mo2,6,-6.62511518929207,2,6.62511518929207,1,0,1,anti_homophones
21708,ru4ci2,6,-5.808247478001109,2,5.808247478001109,1,0,4,anti_homophones
21709,nang3nLn2li2,12,-10.439682508133364,3,10.439682508133364,1,0,0,anti_homophones
21710,zhUng3hUng1,11,-7.437017550782296,2,7.437017550782296,1,0,0,anti_homophones
21711,te4dW4,6,-5.308898345341059,2,5.308898345341059,1,1,5,anti_homophones
21712,mi3hI4,6,-5.72571398306699,2,5.72571398306699,1,1,7,anti_homophones
21713,dong2men2,9,-6.113116461947623,2,6.113116461947623,1,0,3,anti_homophones
21714,tA4xLn2,7,-7.102795983318916,2,7.102795983318916,1,0,0,anti_homophones
21715,xW3nan2,7,-5.449560688017908,2,5.449560688017908,1,1,4,anti_homophones
21716,zhUng2du4,9,-6.2704776046691215,2,6.2704776046691215,1,0,2,anti_homophones
21717,zhang4xin1,10,-5.777756512489713,2,5.777756512489713,1,0,1,anti_homophones
21718,ben3mQ4,7,-5.9323494716586,2,5.9323494716586,1,0,2,anti_homophones
21719,tu2ben3,7,-6.056128535960244,2,6.056128535960244,1,1,2,anti_homophones
21720,nW4sheng4song1,14,-10.267213177308397,3,10.267213177308397,1,0,0,anti_homophones
21721,ge4zi3ji1,9,-7.934221987443745,3,7.934221987443745,1,0,0,anti_homophones
21722,cheng1ren2,10,-5.3352598929754125,2,5.3352598929754125,1,0,3,anti_homophones
21723,hI2rQ1ju4,9,-9.534083083513394,3,9.534083083513394,1,0,0,anti_homophones
21724,gu1ning2jM4,11,-9.169663983086533,3,9.169663983086533,1,0,0,anti_homophones
21725,shang3bLn1zhe3,14,-8.726329838448125,3,8.726329838448125,1,0,0,anti_homophones
21726,jun1li3,7,-5.48793272972739,2,5.48793272972739,1,0,5,anti_homophones
21727,zha4ren3,8,-7.565097240117762,2,7.565097240117762,1,0,0,anti_homophones
21728,cQ3weng2,8,-7.585603911990076,2,7.585603911990076,1,0,2,anti_homophones
21729,tan2di2shu4,11,-9.219530119846693,3,9.219530119846693,1,0,0,anti_homophones
21730,yang2zhang1,11,-6.707699267758887,2,6.707699267758887,1,0,0,anti_homophones
21731,shan1ju2,8,-6.186507932869822,2,6.186507932869822,1,0,1,anti_homophones
21732,qC4xi2,6,-6.08932081534358,2,6.08932081534358,1,0,0,anti_homophones
21733,lLn3chan1an4,12,-9.778402933626207,3,9.778402933626207,1,0,0,anti_homophones
21734,bE1xL4er5,9,-8.959635978068613,3,8.959635978068613,1,0,0,anti_homophones
21735,du1ju4,6,-6.268387889929288,2,6.268387889929288,1,0,3,anti_homophones
21736,zhi1jW1,7,-5.801163790555373,2,5.801163790555373,1,0,3,anti_homophones
21737,pE4V3ji1,8,-7.232540606440059,3,7.232540606440059,1,0,0,anti_homophones
21738,dang4chang4,11,-6.74162673778767,2,6.74162673778767,1,0,0,anti_homophones
21739,si4mV2sA4,9,-9.449271164288856,3,9.449271164288856,1,0,0,anti_homophones
21740,che1dQ4,7,-5.4160168820045484,2,5.4160168820045484,1,0,5,anti_homophones
21741,shu4sheng2ming2,15,-8.964832544762947,3,8.964832544762947,1,0,0,anti_homophones
21742,xi3yang4,8,-6.000580859206316,2,6.000580859206316,1,0,2,anti_homophones
21743,xL4xun2wang3,12,-9.211413488467251,3,9.211413488467251,1,0,0,anti_homophones
21744,bQ3mV2shi4,10,-7.748473342892808,3,7.748473342892808,1,0,0,anti_homophones
21745,gu3tUn2,7,-5.731506906419761,2,5.731506906419761,1,0,1,anti_homophones
21746,qM4le4,6,-8.438953245716615,2,8.438953245716615,1,0,0,anti_homophones
21747,an3dan1qLng1,12,-10.87741033095727,3,10.87741033095727,1,0,0,anti_homophones
21748,gUn1yC4ta3,10,-8.172490636512636,3,8.172490636512636,1,0,0,anti_homophones
21749,jin1bLn4,8,-5.695897917690703,2,5.695897917690703,1,0,0,anti_homophones
21750,dQ4cQ1,6,-5.916771710560716,2,5.916771710560716,1,0,0,anti_homophones
21751,kong2sUn1gV4,12,-9.889227796252026,3,9.889227796252026,1,0,0,anti_homophones
21752,xing2zhang4,11,-6.153208196890068,2,6.153208196890068,1,0,1,anti_homophones
21753,qin1cA1,7,-7.6180968840353325,2,7.6180968840353325,1,0,0,anti_homophones
21754,dLn3pE4sha1,11,-9.915119436159223,3,9.915119436159223,1,0,0,anti_homophones
21755,ge2xin4bi4,10,-9.27219108666505,3,9.27219108666505,1,0,0,anti_homophones
21756,zong1min3,9,-7.032299415351632,2,7.032299415351632,1,0,0,anti_homophones
21757,sheng1bi4yu3,12,-8.082206122588325,3,8.082206122588325,1,0,0,anti_homophones
21758,jing1cha2,9,-6.011389528325357,2,6.011389528325357,1,0,2,anti_homophones
21759,ban4ping2chan4,14,-9.806673598558099,3,9.806673598558099,1,0,0,anti_homophones
21760,fu4zO5,6,-6.255752683163763,2,6.255752683163763,1,0,2,anti_homophones
21761,bi2ke1she3,10,-9.902668708308468,3,9.902668708308468,1,0,0,anti_homophones
21762,jLn1jing1,9,-5.976006775039097,2,5.976006775039097,1,0,5,anti_homophones
21763,nLn2ka3,7,-6.383667295951435,2,6.383667295951435,1,0,1,anti_homophones
21764,ting1ye4,8,-6.03160842912309,2,6.03160842912309,1,0,1,anti_homophones
21765,bQ3zhi4qing4,12,-8.490370295227748,3,8.490370295227748,1,0,0,anti_homophones
21766,le4se4zhe3,10,-8.832024494449184,3,8.832024494449184,1,0,0,anti_homophones
21767,du1cI4,6,-6.323659873212478,2,6.323659873212478,1,0,2,anti_homophones
21768,leng3li3,8,-6.59583774272381,2,6.59583774272381,1,0,0,anti_homophones
21769,ling2yi3,8,-6.278713182390328,2,6.278713182390328,1,0,2,anti_homophones
21770,gong2zV4yan2,12,-9.190860419394989,3,9.190860419394989,1,0,0,anti_homophones
21771,sUn1chV2shen1,13,-9.987565774803244,3,9.987565774803244,1,0,0,anti_homophones
21772,chu3qi4,7,-5.549853161610033,2,5.549853161610033,1,0,7,anti_homophones
21773,fen2dA4bo2,10,-9.782119166432109,3,9.782119166432109,1,0,0,anti_homophones
21774,mE2ci2,6,-6.973623554049,2,6.973623554049,1,0,0,anti_homophones
21775,nO4fE4,6,-5.970880628375511,2,5.970880628375511,1,0,2,anti_homophones
21776,ke1hang4,8,-7.278081563356523,2,7.278081563356523,1,0,0,anti_homophones
21777,tu1zi5,6,-5.812140775094847,2,5.812140775094847,1,0,7,anti_homophones
21778,ni4zhang4,9,-6.4618724998344,2,6.4618724998344,1,0,2,anti_homophones
21779,ling1xLn1pA4,12,-9.061816751750388,3,9.061816751750388,1,0,0,anti_homophones
21780,changUn3,8,-8.077462057572331,2,8.077462057572331,1,0,1,anti_homophones
21781,ping4xLn4,9,-5.991938145270374,2,5.991938145270374,1,0,2,anti_homophones
21782,xing4gang4,10,-6.645468020532169,2,6.645468020532169,1,0,1,anti_homophones
21783,wA4zheng3,9,-6.474544873075407,2,6.474544873075407,1,0,1,anti_homophones
21784,hu2fa3,6,-5.720327012581906,2,5.720327012581906,1,1,6,anti_homophones
21785,kUn3ran2hu4,11,-9.153617584298944,3,9.153617584298944,1,0,0,anti_homophones
21786,ri4yC1,6,-6.171067738740653,2,6.171067738740653,1,0,4,anti_homophones
21787,yin2pu3ting1,12,-9.339686722590399,3,9.339686722590399,1,0,0,anti_homophones
21788,du2jLn3,7,-5.991232324907292,2,5.991232324907292,1,1,3,anti_homophones
21789,dong2gUn3,9,-6.181007945896148,2,6.181007945896148,1,0,2,anti_homophones
21790,dM4chu4,7,-8.531353303432653,2,8.531353303432653,1,0,0,anti_homophones
21791,san1fang4,9,-6.244166392259332,2,6.244166392259332,1,0,2,anti_homophones
21792,ying3yun5hu1,12,-9.558324113620051,3,9.558324113620051,1,0,0,anti_homophones
21793,dang1gQ1mQ2,11,-9.223304874739268,3,9.223304874739268,1,0,0,anti_homophones
21794,yUn2sUn4gUn1,12,-9.107100904973096,3,9.107100904973096,1,0,0,anti_homophones
21795,gan3gO4,7,-6.432448474241546,2,6.432448474241546,1,0,0,anti_homophones
21796,mi2xing4ling4,13,-9.243056528821205,3,9.243056528821205,1,0,0,anti_homophones
21797,che1tV1dI4,10,-8.98098515848994,3,8.98098515848994,1,0,0,anti_homophones
21798,gI1gu3,6,-5.570526067651512,2,5.570526067651512,1,0,1,anti_homophones
21799,ji1ren3hong3,12,-10.248167291174944,3,10.248167291174944,1,0,0,anti_homophones
21800,bW1bing1yan2,12,-8.858749273927407,3,8.858749273927407,1,0,0,anti_homophones
21801,dA3ri4lun2,10,-8.557389051068107,3,8.557389051068107,1,0,0,anti_homophones
21802,tLn1zhong4jW4,13,-9.122364956691312,3,9.122364956691312,1,0,0,anti_homophones
21803,dLn4hQ4,7,-5.511426564550619,2,5.511426564550619,1,0,7,anti_homophones
21804,dang2jL1,8,-5.836513313695196,2,5.836513313695196,1,0,3,anti_homophones
21805,jun1yu2,7,-5.377580164728934,2,5.377580164728934,1,0,2,anti_homophones
21806,zi1shun1,8,-7.278621128383264,2,7.278621128383264,1,0,1,anti_homophones
21807,gUn1ming2,9,-6.039318237585743,2,6.039318237585743,1,0,1,anti_homophones
21808,lQ3yan1kU3,10,-9.188207898479918,3,9.188207898479918,1,0,0,anti_homophones
21809,tang3fa1hong4,13,-10.056806237635742,3,10.056806237635742,1,0,0,anti_homophones
21810,zong2cun3,9,-8.137876872969214,2,8.137876872969214,1,0,0,anti_homophones
21811,qing4ren2,9,-5.27222157306514,2,5.27222157306514,1,0,3,anti_homophones
21812,fa3lM4hUn4,10,-10.156173991149862,3,10.156173991149862,1,0,0,anti_homophones
21813,cha1yin1sha1,12,-9.402989492425176,3,9.402989492425176,1,0,0,anti_homophones
21814,ke4qi4,6,-5.528431287585198,2,5.528431287585198,1,0,5,anti_homophones
21815,qLn1kA3,7,-7.148220208694006,2,7.148220208694006,1,0,2,anti_homophones
21816,bu4ke4long2,11,-8.07061539146969,3,8.07061539146969,1,0,0,anti_homophones
21817,nQ3xLng1dW4,11,-8.801793951372503,3,8.801793951372503,1,0,0,anti_homophones
21818,bQ3dO2hI4,9,-8.613339497067361,3,8.613339497067361,1,0,0,anti_homophones
21819,yu3xi2,6,-6.3582709885975675,2,6.3582709885975675,1,0,5,anti_homophones
21820,mQ2shi4,7,-5.410342924342634,2,5.410342924342634,1,0,7,anti_homophones
21821,mQ2bQ3,6,-6.344510248626177,2,6.344510248626177,1,0,4,anti_homophones
21822,pan4jLng1dun4,13,-11.08095077137281,3,11.08095077137281,1,0,0,anti_homophones
21823,yi3tV2ding3,11,-9.644750884081635,3,9.644750884081635,1,0,0,anti_homophones
21824,mu4ce4,6,-5.498756252556166,2,5.498756252556166,1,0,5,anti_homophones
21825,nan2fa3,7,-5.78114856553263,2,5.78114856553263,1,0,4,anti_homophones
21826,mo4xLn4,7,-6.508761479217416,2,6.508761479217416,1,0,1,anti_homophones
21827,jin1gI3,7,-5.991347979677042,2,5.991347979677042,1,0,2,anti_homophones
21828,tV2ni4,6,-6.222152693627996,2,6.222152693627996,1,0,1,anti_homophones
21829,wu3jL1hO3,9,-8.028247040910772,3,8.028247040910772,1,0,0,anti_homophones
21830,shV3zhong1jun1,14,-8.81115503280978,3,8.81115503280978,1,0,0,anti_homophones
21831,du2zhUn2,8,-6.042664086340923,2,6.042664086340923,1,0,0,anti_homophones
21832,mQ2dQ4,6,-5.886040450793691,2,5.886040450793691,1,0,5,anti_homophones
21833,tong1dLn4,9,-5.559220772608337,2,5.559220772608337,1,0,2,anti_homophones
21834,hong1qK2dan1,12,-9.147031538547454,3,9.147031538547454,1,0,0,anti_homophones
21835,he2che1,7,-5.288789088493133,2,5.288789088493133,1,0,1,anti_homophones
21836,gO4yi1,6,-6.083440405413672,2,6.083440405413672,1,0,3,anti_homophones
21837,hU2bin1yang3,12,-9.27019010095884,3,9.27019010095884,1,0,0,anti_homophones
21838,zA4ta4lQ2,9,-9.618149924895654,3,9.618149924895654,1,0,0,anti_homophones
21839,kV3li4,6,-5.23932143941212,2,5.23932143941212,1,1,8,anti_homophones
21840,hUng1zhen2,10,-6.413248073759704,2,6.413248073759704,1,0,1,anti_homophones
21841,di2gu4lW4,9,-8.672247890603925,3,8.672247890603925,1,0,0,anti_homophones
21842,hUn1feng1,9,-6.863921620118777,2,6.863921620118777,1,0,0,anti_homophones
21843,tu2zheng1,9,-6.153443537791219,2,6.153443537791219,1,0,4,anti_homophones
21844,chi3zhi4,8,-5.836983579401257,2,5.836983579401257,1,0,2,anti_homophones
21845,zhi1dA4,7,-5.301502086207628,2,5.301502086207628,1,0,5,anti_homophones
21846,sa3shi4fen4,11,-9.189526886513846,3,9.189526886513846,1,0,0,anti_homophones
21847,zi3hV4,6,-6.118523423733872,2,6.118523423733872,1,0,2,anti_homophones
21848,zO4chang2,9,-5.90387814679172,2,5.90387814679172,1,0,4,anti_homophones
21849,gen1yong3,9,-7.135033861370263,2,7.135033861370263,1,0,1,anti_homophones
21850,jin4yan2,8,-5.547693893924599,2,5.547693893924599,1,0,3,anti_homophones
21851,shen2bQ4,8,-6.35337873229443,2,6.35337873229443,1,0,2,anti_homophones
21852,yu4mo4bu3,9,-8.492546063155945,3,8.492546063155945,1,0,0,anti_homophones
21853,zhong1zhi4,10,-5.441694694940882,2,5.441694694940882,1,0,4,anti_homophones
21854,hong3ge1,8,-7.023473310314762,2,7.023473310314762,1,0,0,anti_homophones
21855,zeng1shi2,9,-6.117130319825415,2,6.117130319825415,1,0,2,anti_homophones
21856,di4qi1,6,-5.758678241400656,2,5.758678241400656,1,1,3,anti_homophones
21857,ji2dQ4chan1,11,-8.700824534777977,3,8.700824534777977,1,0,0,anti_homophones
21858,ci4xing4,8,-5.916490177740851,2,5.916490177740851,1,0,3,anti_homophones
21859,si1yu3,6,-5.80790923899215,2,5.80790923899215,1,0,2,anti_homophones
21860,si4hUn4,7,-6.33110981042123,2,6.33110981042123,1,0,2,anti_homophones
21861,an4xu4,6,-6.526808283677846,2,6.526808283677846,1,0,0,anti_homophones
21862,peng1dV4se4,11,-10.20087464930587,3,10.20087464930587,1,0,0,anti_homophones
21863,qin1gV3hU1,10,-9.99647529825812,3,9.99647529825812,1,0,0,anti_homophones
21864,shang1dQ4,9,-5.896584273996063,2,5.896584273996063,1,0,5,anti_homophones
21865,kO4jin3,7,-7.262176371566048,2,7.262176371566048,1,0,2,anti_homophones
21866,shI3pin1,8,-5.968965779951867,2,5.968965779951867,1,0,3,anti_homophones
21867,tong1zi3,8,-5.7289817799006295,2,5.7289817799006295,1,0,2,anti_homophones
21868,zi4bu4kI4,9,-7.921531497092727,3,7.921531497092727,1,0,0,anti_homophones
21869,shang2yUn4,10,-6.049036821009299,2,6.049036821009299,1,0,1,anti_homophones
21870,yUn3qu1,7,-6.272897805885628,2,6.272897805885628,1,0,0,anti_homophones
21871,jLn1ko2ye4,10,-9.980921011212688,3,9.980921011212688,1,0,0,anti_homophones
21872,zhe3cA3,7,-7.309120232977201,2,7.309120232977201,1,0,1,anti_homophones
21873,hI2jL1,6,-5.509366993975378,2,5.509366993975378,1,0,3,anti_homophones
21874,zA1nK2,6,-5.9076713357164,2,5.9076713357164,1,0,0,anti_homophones
21875,pQ4tong1lLng4,13,-9.01742088048107,3,9.01742088048107,1,0,0,anti_homophones
21876,bi4chong1che1,13,-9.865370708652287,3,9.865370708652287,1,0,0,anti_homophones
21877,can2shen1fa3,12,-9.067120607051708,3,9.067120607051708,1,0,0,anti_homophones
21878,fen4qK2,7,-6.023369726341935,2,6.023369726341935,1,0,1,anti_homophones
21879,jing4zi5,8,-5.068794433058602,2,5.068794433058602,1,1,5,anti_homophones
21880,le4qi4,6,-5.414137460230557,2,5.414137460230557,1,0,5,anti_homophones
21881,yu2ke3,6,-6.425838441821586,2,6.425838441821586,1,0,2,anti_homophones
21882,kA1yC4,6,-5.4260807403777145,2,5.4260807403777145,1,0,2,anti_homophones
21883,zO4chUng2,9,-6.477244066631054,2,6.477244066631054,1,0,2,anti_homophones
21884,zi1zong2mLn4,12,-9.828584136569663,3,9.828584136569663,1,0,0,anti_homophones
21885,zhen3tan4shi2,13,-9.095747254821513,3,9.095747254821513,1,0,0,anti_homophones
21886,yi3dLn3,7,-5.786422590545475,2,5.786422590545475,1,0,6,anti_homophones
21887,chong2sUn1,10,-6.618033725405105,2,6.618033725405105,1,0,0,anti_homophones
21888,bE1wu4,6,-5.679885844642096,2,5.679885844642096,1,0,4,anti_homophones
21889,xi1mi3,6,-6.732003625364289,2,6.732003625364289,1,0,1,anti_homophones
21890,chu3zhe3mi4,11,-9.92145691626122,3,9.92145691626122,1,0,0,anti_homophones
21891,gu3xC2lM4,9,-8.428020630248836,3,8.428020630248836,1,0,0,anti_homophones
21892,zheng1bA3bQ4,12,-8.723861772427279,3,8.723861772427279,1,0,0,anti_homophones
21893,qi2gong2,8,-6.1395566368928085,2,6.1395566368928085,1,0,1,anti_homophones
21894,ying2feng3kV3,13,-9.179513664737975,3,9.179513664737975,1,0,0,anti_homophones
21895,nA4li4ye4,9,-8.156811132954632,3,8.156811132954632,1,0,0,anti_homophones
21896,sa3sO3,6,-6.38744725797765,2,6.38744725797765,1,0,1,anti_homophones
21897,san4yQ2ben3,11,-11.38811566745655,3,11.38811566745655,1,0,0,anti_homophones
21898,kQ3sheng3,9,-6.593987111825042,2,6.593987111825042,1,0,2,anti_homophones
21899,xLn4dW4,7,-5.855730338956969,2,5.855730338956969,1,0,1,anti_homophones
21900,zhi3tM3zhong1,13,-9.393959496817816,3,9.393959496817816,1,0,0,anti_homophones
21901,nan2qLn1fan3,12,-9.466704842471284,3,9.466704842471284,1,0,0,anti_homophones
21902,chu1jLn4,8,-5.377436674305743,2,5.377436674305743,1,0,8,anti_homophones
21903,ba2zhang3,9,-7.357605626586506,2,7.357605626586506,1,0,0,anti_homophones
21904,kA1gUn3yQ4,10,-8.53770318315774,3,8.53770318315774,1,0,0,anti_homophones
21905,wE4shi5pA2,10,-8.521106392366208,3,8.521106392366208,1,0,0,anti_homophones
21906,jL3zi5,6,-4.832896297787901,2,4.832896297787901,1,1,6,anti_homophones
21907,ba1jK4,6,-6.190221401337948,2,6.190221401337948,1,0,2,anti_homophones
21908,wu3ge2yQ4,9,-9.007981703197826,3,9.007981703197826,1,0,0,anti_homophones
21909,shI3cA2ji4,10,-8.279546972086573,3,8.279546972086573,1,0,0,anti_homophones
21910,shO1bLn1,8,-5.902123215756312,2,5.902123215756312,1,0,0,anti_homophones
21911,hO3qi4,6,-4.830492469231017,2,4.830492469231017,1,1,3,anti_homophones
21912,zhi3chan4shi4,13,-8.343654608055038,3,8.343654608055038,1,0,0,anti_homophones
21913,shi2fV3,7,-7.380375564781684,2,7.380375564781684,1,0,1,anti_homophones
21914,hUng1jL4,8,-5.741690323736728,2,5.741690323736728,1,0,1,anti_homophones
21915,ke3ni2,6,-5.942225659670696,2,5.942225659670696,1,0,2,anti_homophones
21916,da1dO3er5,9,-9.384592097670385,3,9.384592097670385,1,0,0,anti_homophones
21917,zi3sA4,6,-6.102239214862201,2,6.102239214862201,1,0,1,anti_homophones
21918,ju3qi2,6,-6.378485963087522,2,6.378485963087522,1,0,0,anti_homophones
21919,dan1yan2,8,-5.813927693801766,2,5.813927693801766,1,0,5,anti_homophones
21920,chan3xLng1she4,14,-9.518284155220487,3,9.518284155220487,1,0,0,anti_homophones
21921,she4ke4,7,-5.794016125271392,2,5.794016125271392,1,0,4,anti_homophones
21922,tLn1qing1,9,-6.076637333548676,2,6.076637333548676,1,0,3,anti_homophones
21923,wu1song1,8,-6.5247318824647875,2,6.5247318824647875,1,0,0,anti_homophones
21924,gu1zhu4,7,-5.969172378486864,2,5.969172378486864,1,0,4,anti_homophones
21925,jM2gUn1,7,-6.710022072651531,2,6.710022072651531,1,0,0,anti_homophones
21926,shan4xi1ga3,11,-10.700642480702532,3,10.700642480702532,1,0,0,anti_homophones
21927,zhu4ji1yan2,11,-8.18688358696843,3,8.18688358696843,1,0,0,anti_homophones
21928,da4xi4,6,-5.352718674293754,2,5.352718674293754,1,1,13,anti_homophones
21929,lLn2wang1jLng1,14,-9.963700155323611,3,9.963700155323611,1,0,0,anti_homophones
21930,ming1cha2y3,11,-10.529954737280985,2,10.529954737280985,1,0,0,anti_homophones
21931,li2tan3feng1,12,-9.752150098612319,3,9.752150098612319,1,0,0,anti_homophones
21932,gA4bing1ji4,11,-8.96111522299453,3,8.96111522299453,1,0,0,anti_homophones
21933,jL1chUng2,9,-6.449151413684317,2,6.449151413684317,1,0,1,anti_homophones
21934,rV4zhV2,7,-7.276374405153513,2,7.276374405153513,1,0,0,anti_homophones
21935,zhu4leng4,9,-7.087104365920166,2,7.087104365920166,1,0,0,anti_homophones
21936,qL4xC4,6,-6.665123012673756,2,6.665123012673756,1,0,1,anti_homophones
21937,jLng1ji5lun4,12,-9.42549049033417,3,9.42549049033417,1,0,0,anti_homophones
21938,lQ2gu4,6,-5.723782085821771,2,5.723782085821771,1,1,6,anti_homophones
21939,hO4dA4,6,-5.558676551192269,2,5.558676551192269,1,0,0,anti_homophones
21940,fu2qin1,7,-6.300711559654176,2,6.300711559654176,1,0,2,anti_homophones
21941,zong1yC4qi4,11,-8.274504154020184,3,8.274504154020184,1,0,0,anti_homophones
21942,bu4chu4lE4,10,-9.016153738428958,3,9.016153738428958,1,0,0,anti_homophones
21943,zhi1lW3,7,-6.234301494205467,2,6.234301494205467,1,0,1,anti_homophones
21944,hP4li4teng2,11,-9.95268851114365,3,9.95268851114365,1,0,0,anti_homophones
21945,la1jK4,6,-5.766149732925742,2,5.766149732925742,1,1,3,anti_homophones
21946,jW4qu1bing4,11,-9.168621756428296,3,9.168621756428296,1,0,0,anti_homophones
21947,ting2jM2zhi1,12,-9.035328564829618,3,9.035328564829618,1,0,0,anti_homophones
21948,A4mo2,5,-5.7823492276060735,2,5.7823492276060735,1,1,1,anti_homophones
21949,chI1bing4tV2,12,-8.952157541464288,3,8.952157541464288,1,0,0,anti_homophones
21950,zhan1tLn1,9,-6.332828041548843,2,6.332828041548843,1,0,1,anti_homophones
21951,fan2tLn1fu4,11,-8.739444501608537,3,8.739444501608537,1,0,0,anti_homophones
21952,di4nv3,6,-7.081383713370501,2,7.081383713370501,1,0,3,anti_homophones
21953,jL3shi4,7,-5.100749224461562,2,5.100749224461562,1,0,3,anti_homophones
21954,cu4shi2nLn2,11,-9.266479225815326,3,9.266479225815326,1,0,0,anti_homophones
21955,pE4yV3,6,-5.948103374424224,2,5.948103374424224,1,0,1,anti_homophones
21956,du3wE2rO4,9,-8.663362632867862,3,8.663362632867862,1,0,0,anti_homophones
21957,qK2jW4si1,9,-8.997987028116814,3,8.997987028116814,1,0,0,anti_homophones
21958,ren2cha2,8,-6.056199020910668,2,6.056199020910668,1,0,0,anti_homophones
21959,zhi2shV3nLn2,12,-8.480860695534394,3,8.480860695534394,1,0,0,anti_homophones
21960,sha4jW1,7,-7.322411773849714,2,7.322411773849714,1,0,0,anti_homophones
21961,zO3yan3,7,-6.267193870883687,2,6.267193870883687,1,0,0,anti_homophones
21962,shV4yUn2,8,-5.478083336111165,2,5.478083336111165,1,0,5,anti_homophones
21963,ji2jM3,6,-6.345444989411856,2,6.345444989411856,1,0,0,anti_homophones
21964,zhong1gun4,10,-6.955182690803332,2,6.955182690803332,1,0,0,anti_homophones
21965,xin1ban4ren2,12,-8.203001435810823,3,8.203001435810823,1,0,0,anti_homophones
21966,dong2wu4,8,-6.01487687631476,2,6.01487687631476,1,0,4,anti_homophones
21967,da3sO3,6,-5.511569445249464,2,5.511569445249464,1,0,2,anti_homophones
21968,fE2da1qW4,9,-10.90397422991521,3,10.90397422991521,1,0,0,anti_homophones
21969,di4shi4,7,-5.222860170090228,2,5.222860170090228,1,0,13,anti_homophones
21970,lLng1yu2,8,-5.857817089270049,2,5.857817089270049,1,0,2,anti_homophones
21971,la1jYng2,8,-6.452976503613318,2,6.452976503613318,1,0,0,anti_homophones
21972,ru2lu4,6,-5.53797825426259,2,5.53797825426259,1,1,5,anti_homophones
21973,shI3gV4,7,-5.26125497806946,2,5.26125497806946,1,0,5,anti_homophones
21974,qK2ye4,6,-6.638141562995897,2,6.638141562995897,1,0,3,anti_homophones
21975,zhUn4zi5,8,-5.38493618300246,2,5.38493618300246,1,1,6,anti_homophones
21976,fang2nu2,8,-6.724671415567193,2,6.724671415567193,1,0,0,anti_homophones
21977,fen1rU2,7,-8.663009117089898,2,8.663009117089898,1,0,1,anti_homophones
21978,jing4chong4,11,-6.730903632006205,2,6.730903632006205,1,0,2,anti_homophones
21979,dLn4pW4,7,-5.823600422807369,2,5.823600422807369,1,0,1,anti_homophones
21980,ban1jM5,7,-7.250570550706296,2,7.250570550706296,1,0,0,anti_homophones
21981,nLn2xin1,8,-5.524742168137352,2,5.524742168137352,1,0,3,anti_homophones
21982,fu4mi4shi4,10,-7.588704915314051,3,7.588704915314051,1,0,0,anti_homophones
21983,xW4yu2,6,-5.085730847705922,2,5.085730847705922,1,0,6,anti_homophones
21984,ying1bing2,10,-6.342009259753331,2,6.342009259753331,1,0,1,anti_homophones
21985,can1wang5,9,-7.932562378339286,2,7.932562378339286,1,0,0,anti_homophones
21986,zhQ3xK2gO2,10,-9.824187326802777,3,9.824187326802777,1,0,0,anti_homophones
21987,wang3kan3ji1,12,-10.429903032169499,3,10.429903032169499,1,0,0,anti_homophones
21988,ju4shu4ying1,12,-9.294736592912747,3,9.294736592912747,1,0,0,anti_homophones
21989,zheng2meng1,11,-6.573583076671265,2,6.573583076671265,1,0,1,anti_homophones
21990,sha3yu4gA4,10,-9.640568625132595,3,9.640568625132595,1,0,0,anti_homophones
21991,san1xu4xun2,11,-9.830349674989494,3,9.830349674989494,1,0,0,anti_homophones
21992,li2bing1,8,-6.977048139268054,2,6.977048139268054,1,0,0,anti_homophones
21993,da4yan3,7,-4.986328642425272,2,4.986328642425272,1,1,10,anti_homophones
21994,feng2du4ren2,12,-8.260724039179987,3,8.260724039179987,1,0,0,anti_homophones
21995,lv3yV2,6,-4.752785122794142,2,4.752785122794142,1,1,2,anti_homophones
21996,mang2bQ3xLn4,12,-8.952902928898368,3,8.952902928898368,1,0,0,anti_homophones
21997,fE1yC4ling2,11,-9.114993604898892,3,9.114993604898892,1,0,0,anti_homophones
21998,yin4yQ4,7,-6.3838502060319025,2,6.3838502060319025,1,0,1,anti_homophones
21999,ming1hU4,8,-5.789289925893464,2,5.789289925893464,1,0,3,anti_homophones
22000,xL2zi5,6,-4.882534346307261,2,4.882534346307261,1,0,1,anti_homophones
22001,chong3xW4,9,-6.796585290762419,2,6.796585290762419,1,0,1,anti_homophones
22002,ya1kV3,6,-6.023504593048707,2,6.023504593048707,1,0,4,anti_homophones
22003,chun1du4,8,-6.431099196229073,2,6.431099196229073,1,0,1,anti_homophones
22004,dong4jing2,10,-6.3238207045822685,2,6.3238207045822685,1,0,0,anti_homophones
22005,fen1cQ2,7,-6.502326473972429,2,6.502326473972429,1,0,1,anti_homophones
22006,xW3xin1jing2,12,-7.56905145012948,3,7.56905145012948,1,0,0,anti_homophones
22007,zhUn1yi5hUn2,12,-10.567818434636935,3,10.567818434636935,1,0,0,anti_homophones
22008,xW3ti4,6,-5.886141538896831,2,5.886141538896831,1,1,10,anti_homophones
22009,gan1chen1,9,-6.415550672499205,2,6.415550672499205,1,0,0,anti_homophones
22010,qing1qin1bing3,14,-9.654107819767693,3,9.654107819767693,1,0,0,anti_homophones
22011,pW1ban3,7,-6.1368306566848485,2,6.1368306566848485,1,0,2,anti_homophones
22012,yin1xLn4,8,-5.318094152507284,2,5.318094152507284,1,1,6,anti_homophones
22013,zhi3xin1,8,-5.472171205411011,2,5.472171205411011,1,0,4,anti_homophones
22014,jL3jing4,8,-6.366870549803479,2,6.366870549803479,1,0,2,anti_homophones
22015,lQ3shO1,7,-5.706493754770156,2,5.706493754770156,1,0,3,anti_homophones
22016,lA2zV4yi4,9,-8.405209874212302,3,8.405209874212302,1,0,0,anti_homophones
22017,sheng4ru4,9,-6.256485642652866,2,6.256485642652866,1,0,3,anti_homophones
22018,gen1zhan4,9,-6.251910981207025,2,6.251910981207025,1,0,2,anti_homophones
22019,ying2chang3cheng1,17,-9.521350929628287,3,9.521350929628287,1,0,0,anti_homophones
22020,dLn4chang3zhV3,14,-10.081153128959876,3,10.081153128959876,1,0,0,anti_homophones
22021,lu2shi2,7,-6.5874612781658115,2,6.5874612781658115,1,0,3,anti_homophones
22022,qLn2shu1du2,11,-8.812165802570846,3,8.812165802570846,1,0,0,anti_homophones
22023,kV3kan1shi4,11,-9.730229762094158,3,9.730229762094158,1,0,0,anti_homophones
22024,zhV1qM4ting2,12,-8.561360640117426,3,8.561360640117426,1,0,0,anti_homophones
22025,bing2A2,7,-6.1614532889151015,2,6.1614532889151015,1,0,2,anti_homophones
22026,e2fang1,7,-6.418770313381193,2,6.418770313381193,1,0,0,anti_homophones
22027,meng2che1,9,-6.579110222176328,2,6.579110222176328,1,0,0,anti_homophones
22028,xLng1yUn2,9,-5.802879968169259,2,5.802879968169259,1,0,3,anti_homophones
22029,fen3pi2,7,-6.151764995983173,2,6.151764995983173,1,0,1,anti_homophones
22030,kV4qi4gI4,9,-9.044619750438796,3,9.044619750438796,1,0,0,anti_homophones
22031,qUn2xLng1lV2,12,-9.448719512050559,3,9.448719512050559,1,0,0,anti_homophones
22032,xLng4cha1nan4,13,-10.128514564699021,3,10.128514564699021,1,0,0,anti_homophones
22033,gQ1zhen1xL4,11,-8.558076750614026,3,8.558076750614026,1,0,0,anti_homophones
22034,chV1jL4zi5,10,-8.049724619357072,3,8.049724619357072,1,0,0,anti_homophones
22035,zhi2yi3,7,-5.80142349644535,2,5.80142349644535,1,0,2,anti_homophones
22036,yin1jin4ha2,11,-10.109536016585471,3,10.109536016585471,1,0,0,anti_homophones
22037,zheng2fen4,10,-6.295793477837103,2,6.295793477837103,1,0,0,anti_homophones
22038,yang4ke3yV2,11,-8.903953430657138,3,8.903953430657138,1,0,0,anti_homophones
22039,lK4bu4zA3,9,-9.552868373399377,3,9.552868373399377,1,0,0,anti_homophones
22040,bA2ju4,6,-5.509161330397865,2,5.509161330397865,1,0,3,anti_homophones
22041,jK4qi4,6,-4.802808417683361,2,4.802808417683361,1,0,3,anti_homophones
22042,ni3xLng4,8,-7.853612208505438,2,7.853612208505438,1,0,0,anti_homophones
22043,sha4mi2che4,11,-12.34707848059702,3,12.34707848059702,1,0,0,anti_homophones
22044,shV3gO3,7,-5.877040798768988,2,5.877040798768988,1,0,4,anti_homophones
22045,zhu3zhV1,8,-6.538540891148599,2,6.538540891148599,1,0,0,anti_homophones
22046,ying3wen2,9,-6.349441722302051,2,6.349441722302051,1,0,3,anti_homophones
22047,wang4jW1xLn4,12,-8.785897211830896,3,8.785897211830896,1,0,0,anti_homophones
22048,qing3dI4,8,-6.1181771804389395,2,6.1181771804389395,1,0,2,anti_homophones
22049,bing1ji2zi3,11,-8.340122926172455,3,8.340122926172455,1,0,0,anti_homophones
22050,ye1ren4pi2,10,-9.981100896063408,3,9.981100896063408,1,0,0,anti_homophones
22051,xW3dV5,6,-6.451089616912706,2,6.451089616912706,1,0,2,anti_homophones
22052,yV3ling4,8,-5.732526458111021,2,5.732526458111021,1,0,1,anti_homophones
22053,gen1fang2,9,-6.34318298017192,2,6.34318298017192,1,0,2,anti_homophones
22054,zhang4wen2xW3,13,-10.631768357061684,3,10.631768357061684,1,0,0,anti_homophones
22055,gu4nW3,6,-6.371456360723483,2,6.371456360723483,1,0,1,anti_homophones
22056,er4yang2wu3,11,-9.210871389600056,3,9.210871389600056,1,0,0,anti_homophones
22057,lLng1li4xK4,11,-9.746586799923536,3,9.746586799923536,1,0,0,anti_homophones
22058,zhUng1jLng4,11,-6.430218425578038,2,6.430218425578038,1,0,1,anti_homophones
22059,xYng2zhong2,11,-6.7280615624802795,2,6.7280615624802795,1,0,1,anti_homophones
22060,yQ1du4,6,-6.063023559587215,2,6.063023559587215,1,0,4,anti_homophones
22061,jin4xin1bo2,11,-7.986069315228546,3,7.986069315228546,1,0,0,anti_homophones
22062,yV1sheng1chang1,15,-8.772254362947086,3,8.772254362947086,1,0,0,anti_homophones
22063,feng3xi1,8,-6.741452146455038,2,6.741452146455038,1,0,1,anti_homophones
22064,pA2bu4qi1,9,-7.848118092508352,3,7.848118092508352,1,0,0,anti_homophones
22065,tLn1jin1,8,-5.656767009690072,2,5.656767009690072,1,0,4,anti_homophones
22066,su4shu2jW1,10,-9.55302638142219,3,9.55302638142219,1,0,0,anti_homophones
22067,jW1jL3,6,-5.8766081957313085,2,5.8766081957313085,1,0,2,anti_homophones
22068,da4kP4,6,-4.929938640523813,2,4.929938640523813,1,1,1,anti_homophones
22069,zO1fang3,8,-6.303521870485278,2,6.303521870485278,1,0,1,anti_homophones
22070,shi2shu1,8,-5.629081771492746,2,5.629081771492746,1,0,5,anti_homophones
22071,wu2hUn3,7,-6.238140214747428,2,6.238140214747428,1,0,2,anti_homophones
22072,hU1xW1,6,-6.15155581560654,2,6.15155581560654,1,0,2,anti_homophones
22073,nM4zhUn1xi1,11,-9.659538632956833,3,9.659538632956833,1,0,0,anti_homophones
22074,ben3xing3,9,-6.343154347404814,2,6.343154347404814,1,0,1,anti_homophones
22075,hUn1qW4bing2,12,-9.93841971234421,3,9.93841971234421,1,0,0,anti_homophones
22076,tM1qLn3,7,-7.516266863930591,2,7.516266863930591,1,0,0,anti_homophones
22077,hV4nv3jL1,9,-8.273611975670454,3,8.273611975670454,1,0,0,anti_homophones
22078,bA3tV2,6,-5.437258003124249,2,5.437258003124249,1,0,6,anti_homophones
22079,shan4xing2,10,-5.809089444614733,2,5.809089444614733,1,0,2,anti_homophones
22080,zhen1tLn1xin1,13,-8.059967188915195,3,8.059967188915195,1,0,0,anti_homophones
22081,gang2kUng2bQ1,13,-10.279679374517988,3,10.279679374517988,1,0,0,anti_homophones
22082,fen1zhUn2,9,-6.18364238257261,2,6.18364238257261,1,0,0,anti_homophones
22083,dV4nLn2yang1,12,-8.720637020676845,3,8.720637020676845,1,0,0,anti_homophones
22084,zA1pE4,6,-6.210489553932659,2,6.210489553932659,1,0,2,anti_homophones
22085,du2ce4,6,-5.765670051443215,2,5.765670051443215,1,0,2,anti_homophones
22086,man3shi1chen1,13,-9.223475426218386,3,9.223475426218386,1,0,0,anti_homophones
22087,wA4xW4,6,-5.441587979563485,2,5.441587979563485,1,0,2,anti_homophones
22088,fang2ni4,8,-7.115460000375178,2,7.115460000375178,1,0,2,anti_homophones
22089,gUn3meng1zO4,12,-9.167569862452607,3,9.167569862452607,1,0,0,anti_homophones
22090,sheng4li4,9,-5.311875841023502,2,5.311875841023502,1,0,4,anti_homophones
22091,zu3nQ3men2,10,-8.259563064125752,3,8.259563064125752,1,0,0,anti_homophones
22092,rUn3ming1,9,-6.9823103269713505,2,6.9823103269713505,1,0,1,anti_homophones
22093,ke1lu4,6,-6.095717338025779,2,6.095717338025779,1,0,2,anti_homophones
22094,xW3fan4,7,-6.366625306669857,2,6.366625306669857,1,0,1,anti_homophones
22095,jLn3er2,7,-5.299765502934141,2,5.299765502934141,1,0,1,anti_homophones
22096,ge4qu1,6,-5.9881384093480206,2,5.9881384093480206,1,0,2,anti_homophones
22097,zi4ren2,7,-4.602474929722241,2,4.602474929722241,1,2,10,anti_homophones
22098,da3zhi2,7,-5.253351754485932,2,5.253351754485932,1,0,4,anti_homophones
22099,zhan1hV4hU4,11,-8.508223669346462,3,8.508223669346462,1,0,0,anti_homophones
22100,yi1jLn3chu2,11,-8.732289335004763,3,8.732289335004763,1,0,0,anti_homophones
22101,fen4shi4yi3,11,-8.606861675779575,3,8.606861675779575,1,0,0,anti_homophones
22102,zhi1dLn3,8,-5.320911771874708,2,5.320911771874708,1,0,5,anti_homophones
22103,shang2yi2xLng4,14,-8.840020243974568,3,8.840020243974568,1,0,0,anti_homophones
22104,zhu3yu2ding2,12,-8.609055870828103,3,8.609055870828103,1,0,0,anti_homophones
22105,zhong4chun1,11,-6.910032053808065,2,6.910032053808065,1,0,0,anti_homophones
22106,hI2dA4,6,-6.643938428573548,2,6.643938428573548,1,0,2,anti_homophones
22107,tQ3rV4,6,-6.618350824505409,2,6.618350824505409,1,0,0,anti_homophones
22108,mE2pan2,7,-5.777962588080236,2,5.777962588080236,1,0,2,anti_homophones
22109,hUn3dang4sha1,13,-10.458246171277349,3,10.458246171277349,1,0,0,anti_homophones
22110,yUn2che3,8,-6.787690420735575,2,6.787690420735575,1,0,2,anti_homophones
22111,ji2dQ3,6,-5.807053802294931,2,5.807053802294931,1,0,0,anti_homophones
22112,ping4fu2zu2,11,-8.969111510650379,3,8.969111510650379,1,0,0,anti_homophones
22113,qLng4yV3,8,-6.322166236173777,2,6.322166236173777,1,0,0,anti_homophones
22114,ling2zhang4,11,-6.4344354299953865,2,6.4344354299953865,1,0,2,anti_homophones
22115,jK4lu4ma3,9,-10.001236065038546,3,10.001236065038546,1,0,0,anti_homophones
22116,gV4jYng2,8,-7.002213563569773,2,7.002213563569773,1,0,0,anti_homophones
22117,zQ4pan4,7,-7.303486097835637,2,7.303486097835637,1,0,1,anti_homophones
22118,ban4qi3,7,-6.062654233835453,2,6.062654233835453,1,0,4,anti_homophones
22119,zheng1ban3dI4,13,-8.644790068724307,3,8.644790068724307,1,0,0,anti_homophones
22120,te4xun2hu1,10,-9.12011438861601,3,9.12011438861601,1,0,0,anti_homophones
22121,lan3xing1,9,-6.709214831435284,2,6.709214831435284,1,0,0,anti_homophones
22122,tu4xM3,6,-6.9163665948864255,2,6.9163665948864255,1,0,2,anti_homophones
22123,shi2ping3zhu4,13,-9.24435079964527,3,9.24435079964527,1,0,0,anti_homophones
22124,A4hI4,5,-5.066971840469879,2,5.066971840469879,1,0,5,anti_homophones
22125,sheng2qi2,9,-6.089729528171841,2,6.089729528171841,1,0,3,anti_homophones
22126,an1yu2qYng2,11,-8.983688883104707,3,8.983688883104707,1,0,0,anti_homophones
22127,shi4qu4shi4,11,-7.976387785625231,3,7.976387785625231,1,0,0,anti_homophones
22128,hen1qing2ti3,12,-9.550932180136355,3,9.550932180136355,1,0,0,anti_homophones
22129,chu1zi1,7,-5.853859183942752,2,5.853859183942752,1,0,6,anti_homophones
22130,bA3hU4ri4,9,-7.931612755794582,3,7.931612755794582,1,0,0,anti_homophones
22131,nLn2mQ1,7,-6.955716181177373,2,6.955716181177373,1,0,0,anti_homophones
22132,cO3de5,6,-7.85345488594503,2,7.85345488594503,1,0,2,anti_homophones
22133,pQ4fa3,6,-5.975882289651667,2,5.975882289651667,1,0,3,anti_homophones
22134,hun3lA2,7,-7.156275156734997,2,7.156275156734997,1,0,0,anti_homophones
22135,bi1shV3,7,-6.1400925066313885,2,6.1400925066313885,1,0,3,anti_homophones
22136,dO1ying4,8,-5.819214654270737,2,5.819214654270737,1,0,2,anti_homophones
22137,bai2,4,-7.384967499024406,2,7.384967499024406,1,0,2,anti_homophones
22138,tan2fa3,7,-5.949409703214553,2,5.949409703214553,1,0,4,anti_homophones
22139,wan4jL4,7,-6.132577637783112,2,6.132577637783112,1,0,1,anti_homophones
22140,pE2yan1zhong1,13,-9.114155968194847,3,9.114155968194847,1,0,0,anti_homophones
22141,zhen2sheng1cheng1,17,-9.18822253483526,3,9.18822253483526,1,0,0,anti_homophones
22142,ren2ming1gUng4,14,-8.923928847087153,3,8.923928847087153,1,0,0,anti_homophones
22143,cu1du2xu4,9,-9.063867648702033,3,9.063867648702033,1,0,0,anti_homophones
22144,zang2hun3neng1,14,-11.068584528072483,3,11.068584528072483,1,0,0,anti_homophones
22145,nLng1jLn1,9,-7.277772826717866,2,7.277772826717866,1,0,0,anti_homophones
22146,ha1ji1chang2,12,-9.516255711764524,3,9.516255711764524,1,0,0,anti_homophones
22147,qLn2po4bing2,12,-9.178022571519188,3,9.178022571519188,1,0,0,anti_homophones
22148,ji2she4jC2,10,-9.272522025597036,3,9.272522025597036,1,0,0,anti_homophones
22149,can1tV4ge1,10,-9.24004110249023,3,9.24004110249023,1,0,0,anti_homophones
22150,feng1zhA1sA4,12,-9.103731538994024,3,9.103731538994024,1,0,0,anti_homophones
22151,sQ3meng1xi4,11,-9.29343891570179,3,9.29343891570179,1,0,0,anti_homophones
22152,tA4mW2tLn2,10,-9.298114096905906,3,9.298114096905906,1,0,0,anti_homophones
22153,shang2mQ2kong1,14,-8.513033079583861,3,8.513033079583861,1,0,0,anti_homophones
22154,ben3pan2lE2,11,-9.514901121847831,3,9.514901121847831,1,0,0,anti_homophones
22155,zhUn4du2cing2,13,-11.522928581166042,3,11.522928581166042,1,0,0,anti_homophones
22156,sha1shI4,8,-6.3698986749469775,2,6.3698986749469775,1,0,2,anti_homophones
22157,shV3hA1yong2,12,-10.02526453491854,3,10.02526453491854,1,0,0,anti_homophones
22158,hA3yC4,6,-6.630833417285428,2,6.630833417285428,1,0,1,anti_homophones
22159,bo1ling2,8,-5.483340624927218,2,5.483340624927218,1,0,2,anti_homophones
22160,zhe2hI1,7,-6.683191143343773,2,6.683191143343773,1,0,1,anti_homophones
22161,man3she2,8,-7.034170269881393,2,7.034170269881393,1,0,0,anti_homophones
22162,hang3chu3yan2,13,-9.537061674289783,3,9.537061674289783,1,0,0,anti_homophones
22163,shV3hO4,7,-5.252919169033513,2,5.252919169033513,1,0,2,anti_homophones
22164,zhUng1ji3,9,-6.620320620010569,2,6.620320620010569,1,0,1,anti_homophones
22165,lQ3mang4zhe1,12,-10.277131600263505,3,10.277131600263505,1,0,0,anti_homophones
22166,ren2pi2xLng3,12,-9.392022462036847,3,9.392022462036847,1,0,0,anti_homophones
22167,ku3zhu4,7,-6.112088667146357,2,6.112088667146357,1,0,4,anti_homophones
22168,shV3dLn3,8,-5.812608441421458,2,5.812608441421458,1,0,1,anti_homophones
22169,jW4yi4ju2,9,-8.08111043445218,3,8.08111043445218,1,0,0,anti_homophones
22170,chUng1lLn3,10,-6.667138441995172,2,6.667138441995172,1,0,0,anti_homophones
22171,da3ya4men2,10,-9.164820553582755,3,9.164820553582755,1,0,0,anti_homophones
22172,yUn4pLn4,8,-6.48589257788293,2,6.48589257788293,1,0,3,anti_homophones
22173,da4qu3,6,-5.436684771443689,2,5.436684771443689,1,0,6,anti_homophones
22174,lu4qin1,7,-6.727031726526071,2,6.727031726526071,1,0,1,anti_homophones
22175,bA2ding4xW4,11,-9.430492247621798,3,9.430492247621798,1,0,0,anti_homophones
22176,shV4hA3,7,-5.9281393668102895,2,5.9281393668102895,1,0,1,anti_homophones
22177,dM2pLn4se4,10,-9.048282811005727,3,9.048282811005727,1,0,0,anti_homophones
22178,kI3lK2,6,-5.888399998943762,2,5.888399998943762,1,1,2,anti_homophones
22179,zhi3de5yan3,11,-9.255441083873604,3,9.255441083873604,1,0,0,anti_homophones
22180,yi2lA2,6,-5.820943208105883,2,5.820943208105883,1,0,3,anti_homophones
22181,fang2men2,9,-5.754240026908532,2,5.754240026908532,1,0,4,anti_homophones
22182,nong2ying4,10,-7.119522156224561,2,7.119522156224561,1,0,1,anti_homophones
22183,shV4ding1zhi3,13,-9.25246823876251,3,9.25246823876251,1,0,0,anti_homophones
22184,ba1ban4,7,-5.414992334374525,2,5.414992334374525,1,0,2,anti_homophones
22185,zong2xing4,10,-6.135711794980681,2,6.135711794980681,1,0,0,anti_homophones
22186,wang2mLn4,9,-5.9905125426330885,2,5.9905125426330885,1,0,4,anti_homophones
22187,nUn3fu2,7,-6.44935088345922,2,6.44935088345922,1,0,0,anti_homophones
22188,qing2dLn3,9,-6.00663390252202,2,6.00663390252202,1,0,2,anti_homophones
22189,sUn1jLng4,9,-6.927755646476142,2,6.927755646476142,1,0,0,anti_homophones
22190,tong4xin4,9,-6.119197830542448,2,6.119197830542448,1,0,1,anti_homophones
22191,zhong1er2,9,-5.61320343312324,2,5.61320343312324,1,0,1,anti_homophones
22192,bi3hUn2,7,-6.50464348409102,2,6.50464348409102,1,0,2,anti_homophones
22193,tM3kU3,6,-5.59040188308919,2,5.59040188308919,1,0,0,anti_homophones
22194,zhu2yong4zi5,12,-9.085582474047978,3,9.085582474047978,1,0,0,anti_homophones
22195,zi3xW3,6,-6.958797639984788,2,6.958797639984788,1,0,0,anti_homophones
22196,leng1cA2,8,-6.56203596570205,2,6.56203596570205,1,0,1,anti_homophones
22197,gan3shi3gUn4,12,-8.950803399181128,3,8.950803399181128,1,0,0,anti_homophones
22198,hang2ding4,10,-6.806817941080885,2,6.806817941080885,1,0,2,anti_homophones
22199,qun2lA2,7,-6.498934923433072,2,6.498934923433072,1,0,0,anti_homophones
22200,ru2chu1lM4,10,-8.662359933220607,3,8.662359933220607,1,0,0,anti_homophones
22201,yi1lW2dI4,9,-7.485536535242363,3,7.485536535242363,1,0,0,anti_homophones
22202,shen1qK2,8,-5.546334455714665,2,5.546334455714665,1,0,1,anti_homophones
22203,lLng1dong2,10,-6.571069446428969,2,6.571069446428969,1,0,1,anti_homophones
22204,cong1zV3mLn2,12,-10.866006387574084,3,10.866006387574084,1,0,0,anti_homophones
22205,shi4qi3,7,-5.711479028337936,2,5.711479028337936,1,0,3,anti_homophones
22206,gan3mQ4yin1,11,-8.715318178899137,3,8.715318178899137,1,0,0,anti_homophones
22207,bu4mW4wu1,9,-9.40552859507297,3,9.40552859507297,1,0,0,anti_homophones
22208,cA1jM3,6,-7.038637821502938,2,7.038637821502938,1,0,1,anti_homophones
22209,fu2zheng1,9,-6.016421811421641,2,6.016421811421641,1,0,2,anti_homophones
22210,xM2yC4,6,-5.627548090227068,2,5.627548090227068,1,0,4,anti_homophones
22211,ling4yu2,8,-6.103247602615421,2,6.103247602615421,1,0,2,anti_homophones
22212,tV2qi4,6,-5.756897876808701,2,5.756897876808701,1,0,3,anti_homophones
22213,gan3ge4jM4,10,-8.928439875148326,3,8.928439875148326,1,0,0,anti_homophones
22214,shen1nv3ken3,12,-10.368732406142296,3,10.368732406142296,1,0,0,anti_homophones
22215,xu5chen4,8,-9.601867249535811,2,9.601867249535811,1,0,0,anti_homophones
22216,gong3deng4,10,-6.912017754064188,2,6.912017754064188,1,0,1,anti_homophones
22217,zhan4li4,8,-5.487873989587437,2,5.487873989587437,1,0,4,anti_homophones
22218,jin4yu4,7,-5.5607316745838125,2,5.5607316745838125,1,0,3,anti_homophones
22219,she4ye4,7,-5.080728727982703,2,5.080728727982703,1,0,6,anti_homophones
22220,pin2xLng4,9,-6.654387796362201,2,6.654387796362201,1,0,2,anti_homophones
22221,hO3qLn4dA4,10,-8.534929541989898,3,8.534929541989898,1,0,0,anti_homophones
22222,mA3da3lQ4,9,-10.651372354779534,3,10.651372354779534,1,0,0,anti_homophones
22223,yV3qK4,6,-7.873352691487154,2,7.873352691487154,1,0,2,anti_homophones
22224,pi2bu4zi3,9,-7.970014570855377,3,7.970014570855377,1,0,0,anti_homophones
22225,xu4xLng4,8,-5.892116232303435,2,5.892116232303435,1,0,6,anti_homophones
22226,gU4ting4qi4,11,-8.800069188200423,3,8.800069188200423,1,0,0,anti_homophones
22227,mW2yu4bW3,9,-9.068268653793789,3,9.068268653793789,1,0,0,anti_homophones
22228,yang4xi3,8,-6.701943733043929,2,6.701943733043929,1,1,1,anti_homophones
22229,xun2hun1,8,-6.564374008063401,2,6.564374008063401,1,0,0,anti_homophones
22230,jM3jM4,6,-6.207374018386072,2,6.207374018386072,1,0,3,anti_homophones
22231,dong4yQ1,8,-7.13525848131087,2,7.13525848131087,1,0,1,anti_homophones
22232,wu2yi3ding3,11,-8.24083926425488,3,8.24083926425488,1,0,0,anti_homophones
22233,xing2xin1fang4,14,-8.387656367062228,3,8.387656367062228,1,0,0,anti_homophones
22234,shV1jL4,7,-5.747041026607119,2,5.747041026607119,1,0,4,anti_homophones
22235,qing2tA4,8,-6.095383035740672,2,6.095383035740672,1,0,0,anti_homophones
22236,tong1jL4,8,-5.539641865917454,2,5.539641865917454,1,0,4,anti_homophones
22237,ma1xi3,6,-7.150207464298412,2,7.150207464298412,1,0,1,anti_homophones
22238,yi3qK2,6,-5.462236933102629,2,5.462236933102629,1,0,3,anti_homophones
22239,yV4xW3jM4,9,-8.772092334280446,3,8.772092334280446,1,0,0,anti_homophones
22240,ru2ji2,6,-5.762720067342604,2,5.762720067342604,1,0,7,anti_homophones
22241,mE2zhan4fang4,13,-9.38078400980037,3,9.38078400980037,1,0,0,anti_homophones
22242,zong2zhen1,10,-6.8021212983481165,2,6.8021212983481165,1,0,2,anti_homophones
22243,feng1ma2,8,-6.751123570112808,2,6.751123570112808,1,0,0,anti_homophones
22244,mu4jun1,7,-5.992213006505854,2,5.992213006505854,1,0,3,anti_homophones
22245,fen1zhan1man4,13,-9.66799821567106,3,9.66799821567106,1,0,0,anti_homophones
22246,xLng1yUn4,9,-6.276584829583028,2,6.276584829583028,1,0,3,anti_homophones
22247,xLn4ji4,7,-5.420430027614401,2,5.420430027614401,1,0,6,anti_homophones
22248,zhUng2yC4,9,-6.671860356249382,2,6.671860356249382,1,0,0,anti_homophones
22249,yu4mo4,6,-5.497603807128528,2,5.497603807128528,1,0,5,anti_homophones
22250,wan4sheng4,10,-6.318026506127316,2,6.318026506127316,1,0,3,anti_homophones
22251,fu1A2,5,-5.417621559656244,2,5.417621559656244,1,0,1,anti_homophones
22252,qLng3han1pA1,12,-11.145441779424196,3,11.145441779424196,1,0,0,anti_homophones
22253,zhang4zu2,9,-6.805207817929612,2,6.805207817929612,1,0,2,anti_homophones
22254,fan3mLn4li4,11,-8.05147556997553,3,8.05147556997553,1,0,0,anti_homophones
22255,ci2lO4chang2,12,-9.952594285090507,3,9.952594285090507,1,0,0,anti_homophones
22256,tM3xing3zV4,11,-9.760516904822495,3,9.760516904822495,1,0,0,anti_homophones
22257,zhUng3kV3,9,-6.564820884237756,2,6.564820884237756,1,0,0,anti_homophones
22258,zV3shi4,7,-4.95698714247118,2,4.95698714247118,1,1,4,anti_homophones
22259,chQ1shi4,8,-5.195473866024607,2,5.195473866024607,1,0,4,anti_homophones
22260,xL4ye4,6,-5.007669869547232,2,5.007669869547232,1,1,3,anti_homophones
22261,hong1fE1,8,-6.751546343623426,2,6.751546343623426,1,0,0,anti_homophones
22262,wo4chan4,8,-6.235527028468845,2,6.235527028468845,1,0,0,anti_homophones
22263,tang1che1,9,-6.324853747241575,2,6.324853747241575,1,0,1,anti_homophones
22264,yV3yi4sI4,9,-7.966569120924843,3,7.966569120924843,1,0,0,anti_homophones
22265,shen1bi3,8,-5.778963064765619,2,5.778963064765619,1,0,2,anti_homophones
22266,xC4ji2,6,-6.028114779606251,2,6.028114779606251,1,0,6,anti_homophones
22267,wang3yan4qi4,12,-8.73350497316892,3,8.73350497316892,1,0,0,anti_homophones
22268,zhan2gong1ren2,14,-9.054977480119463,3,9.054977480119463,1,0,0,anti_homophones
22269,qUn2shi4,8,-5.199117202736078,2,5.199117202736078,1,0,7,anti_homophones
22270,mu4qUn2chong1,13,-9.215346271111057,3,9.215346271111057,1,0,0,anti_homophones
22271,tang4xUn3,9,-7.0208458773220155,2,7.0208458773220155,1,0,0,anti_homophones
22272,cI2dan4,7,-7.866246149097875,2,7.866246149097875,1,0,0,anti_homophones
22273,cang3can1ti1,12,-10.625163987662045,3,10.625163987662045,1,0,0,anti_homophones
22274,qLng3jW3qu1,11,-9.458193234768384,3,9.458193234768384,1,0,0,anti_homophones
22275,gO4e4,5,-5.370158991820004,2,5.370158991820004,1,1,1,anti_homophones
22276,jM4chu2pan4,11,-9.616474773126923,3,9.616474773126923,1,0,0,anti_homophones
22277,qing2xi1,8,-6.077221742859883,2,6.077221742859883,1,0,2,anti_homophones
22278,fu4zhe5,7,-5.81189876113431,2,5.81189876113431,1,0,4,anti_homophones
22279,xM1xL4,6,-6.079741768237316,2,6.079741768237316,1,0,2,anti_homophones
22280,kA1ji2fu1,9,-8.49097501411477,3,8.49097501411477,1,0,0,anti_homophones
22281,jW1cI4,6,-5.014591079968267,2,5.014591079968267,1,0,3,anti_homophones
22282,qi2san1,7,-5.812673458724318,2,5.812673458724318,1,0,4,anti_homophones
22283,bin1jing1,9,-6.838230337239738,2,6.838230337239738,1,0,3,anti_homophones
22284,zhu4cheng1,10,-5.989466905113161,2,5.989466905113161,1,0,1,anti_homophones
22285,hUn1dW4dQ4,10,-8.602902171948816,3,8.602902171948816,1,0,0,anti_homophones
22286,an1shV3,7,-5.74244598009464,2,5.74244598009464,1,0,2,anti_homophones
22287,du2jL4,6,-5.609893985002628,2,5.609893985002628,1,1,4,anti_homophones
22288,bA3nE4,6,-5.922564834267006,2,5.922564834267006,1,0,1,anti_homophones
22289,zong1dLn3,9,-6.159357480708462,2,6.159357480708462,1,0,2,anti_homophones
22290,zhen1fen1,9,-6.120622090111907,2,6.120622090111907,1,0,1,anti_homophones
22291,xLn4ji1,7,-5.318188763676679,2,5.318188763676679,1,1,10,anti_homophones
22292,jW4fE4,6,-5.726903296213378,2,5.726903296213378,1,0,3,anti_homophones
22293,gQ1dA4shu4,10,-7.579804538583918,3,7.579804538583918,1,0,0,anti_homophones
22294,yan1kong3,9,-6.943310968800882,2,6.943310968800882,1,0,0,anti_homophones
22295,jW3fu4,6,-5.896269975189755,2,5.896269975189755,1,0,3,anti_homophones
22296,qLn3zhu3gu5,11,-10.826683169754434,3,10.826683169754434,1,0,0,anti_homophones
22297,tan1ji4,7,-5.982126286519506,2,5.982126286519506,1,0,4,anti_homophones
22298,qi4wen4,7,-6.387900184483525,2,6.387900184483525,1,0,3,anti_homophones
22299,man4ban4,8,-6.4464957605340185,2,6.4464957605340185,1,0,0,anti_homophones
22300,ying1he2,8,-6.0172393968264215,2,6.0172393968264215,1,0,1,anti_homophones
22301,zong1pW4,8,-6.658956834585794,2,6.658956834585794,1,0,0,anti_homophones
22302,mQ4heng1wu4,11,-9.137722923184542,3,9.137722923184542,1,0,0,anti_homophones
22303,yin3dI4mu4,10,-8.524435790040584,3,8.524435790040584,1,0,0,anti_homophones
22304,te4xL2,6,-6.1746922464333895,2,6.1746922464333895,1,0,1,anti_homophones
22305,leng3ye4,8,-6.562335334342931,2,6.562335334342931,1,0,0,anti_homophones
22306,pQ1pW4,6,-7.713050913743167,2,7.713050913743167,1,0,3,anti_homophones
22307,dQ3ren2fa3,10,-8.00260839340558,3,8.00260839340558,1,0,0,anti_homophones
22308,jM1kA1xin4,10,-8.234085900690793,3,8.234085900690793,1,0,0,anti_homophones
22309,bE3ba1,6,-5.931315660814734,2,5.931315660814734,1,0,0,anti_homophones
22310,wan2sUn4,8,-6.516888423732375,2,6.516888423732375,1,0,0,anti_homophones
22311,yong2men2,9,-6.247067837994491,2,6.247067837994491,1,0,4,anti_homophones
22312,xC4xL4,6,-6.21725509223196,2,6.21725509223196,1,0,2,anti_homophones
22313,bW1zhUn1sA4,11,-9.230850186588194,3,9.230850186588194,1,0,0,anti_homophones
22314,chu2tang3,9,-7.0373674718265,2,7.0373674718265,1,0,0,anti_homophones
22315,zhi4cheng4,10,-6.196716986065885,2,6.196716986065885,1,0,1,anti_homophones
22316,ren2zhi1,8,-5.501560521834378,2,5.501560521834378,1,1,1,anti_homophones
22317,zhong4ye4,9,-5.729230013617386,2,5.729230013617386,1,0,2,anti_homophones
22318,fa1zhang2yan2,13,-8.497138595888092,3,8.497138595888092,1,0,0,anti_homophones
22319,shi4cheng1,10,-5.735278675529887,2,5.735278675529887,1,0,1,anti_homophones
22320,cO2zO4zhu3,10,-10.092972806648993,3,10.092972806648993,1,0,0,anti_homophones
22321,lLng1pi2yi4,11,-8.83161959012614,3,8.83161959012614,1,0,0,anti_homophones
22322,shi4tu2li2,10,-8.240314051159578,3,8.240314051159578,1,0,0,anti_homophones
22323,shi1bu4,7,-5.354486330568255,2,5.354486330568255,1,0,6,anti_homophones
22324,zhong2meng3,11,-7.101274786025461,2,7.101274786025461,1,0,1,anti_homophones
22325,gu3zA3,6,-6.340074943778002,2,6.340074943778002,1,0,0,anti_homophones
22326,shi4rong3,9,-6.864793144191779,2,6.864793144191779,1,0,1,anti_homophones
22327,ge1tO2,6,-8.342018202421306,2,8.342018202421306,1,0,1,anti_homophones
22328,qing2xing1,10,-5.750808520470397,2,5.750808520470397,1,0,4,anti_homophones
22329,mo2shu4mo4,10,-8.876922159820415,3,8.876922159820415,1,0,0,anti_homophones
22330,he2ri4ji1,9,-7.630221506258349,3,7.630221506258349,1,0,0,anti_homophones
22331,zhi2di4bu4,10,-8.153524130373363,3,8.153524130373363,1,0,0,anti_homophones
22332,da4ke3wan3,10,-8.317664455451698,3,8.317664455451698,1,0,0,anti_homophones
22333,dLn4jW3xW4,10,-8.22240394226644,3,8.22240394226644,1,0,0,anti_homophones
22334,zhi1da5,7,-6.536551976191957,2,6.536551976191957,1,0,0,anti_homophones
22335,hu4zhi4,7,-5.662245115874551,2,5.662245115874551,1,0,4,anti_homophones
22336,mE2qi4,6,-4.849447038362465,2,4.849447038362465,1,1,5,anti_homophones
22337,yi1bing4xLng4,13,-8.070298645299495,3,8.070298645299495,1,0,0,anti_homophones
22338,dLn3yong4,9,-6.178825150390647,2,6.178825150390647,1,1,1,anti_homophones
22339,gong1jW4,8,-6.209731617940619,2,6.209731617940619,1,0,2,anti_homophones
22340,fen1jLn1,8,-5.891885342929686,2,5.891885342929686,1,0,2,anti_homophones
22341,sheng1yong3,11,-6.344273403273337,2,6.344273403273337,1,0,0,anti_homophones
22342,yUn2shen3,9,-6.362509991418224,2,6.362509991418224,1,0,0,anti_homophones
22343,su4gQ1,6,-7.014904299604432,2,7.014904299604432,1,0,1,anti_homophones
22344,zhang2chUng2,12,-6.948654654219291,2,6.948654654219291,1,0,2,anti_homophones
22345,yi1hV4hV2,9,-9.748731222432786,3,9.748731222432786,1,0,0,anti_homophones
22346,jLn4ji1zhe3,11,-8.125371421005458,3,8.125371421005458,1,0,0,anti_homophones
22347,kQ3yUn2,7,-5.6505886552249525,2,5.6505886552249525,1,0,4,anti_homophones
22348,xun4chUng2,10,-7.183446804106736,2,7.183446804106736,1,0,0,anti_homophones
22349,jing3gQ4chi2,12,-9.293323412389789,3,9.293323412389789,1,0,0,anti_homophones
22350,ji1dQ1,6,-5.741379863070405,2,5.741379863070405,1,0,3,anti_homophones
22351,an4nE4,6,-6.643424678674603,2,6.643424678674603,1,0,1,anti_homophones
22352,ling2ju4,8,-6.103128625002626,2,6.103128625002626,1,0,2,anti_homophones
22353,xC2fE4,6,-5.587506712788688,2,5.587506712788688,1,0,0,anti_homophones
22354,shV3dQ4,7,-5.33319717114261,2,5.33319717114261,1,0,6,anti_homophones
22355,wen2jLn4mLn4,12,-8.314978859431552,3,8.314978859431552,1,0,0,anti_homophones
22356,dO1sun3jM2,10,-9.036336431728545,3,9.036336431728545,1,0,0,anti_homophones
22357,shQ1yQ4,7,-5.755189571206882,2,5.755189571206882,1,0,1,anti_homophones
22358,ming4zheng2se4,14,-8.454830676385999,3,8.454830676385999,1,0,0,anti_homophones
22359,cheng2A2,8,-6.317749957102478,2,6.317749957102478,1,0,0,anti_homophones
22360,tQ3fE4,6,-5.7345598641254485,2,5.7345598641254485,1,0,2,anti_homophones
22361,mE2ta3,6,-6.117029671389057,2,6.117029671389057,1,0,2,anti_homophones
22362,ti4xin1ceng4,12,-9.671165293147666,3,9.671165293147666,1,0,0,anti_homophones
22363,yQ2gu5,6,-6.316468368353327,2,6.316468368353327,1,0,1,anti_homophones
22364,xing4jW3,8,-6.037865514212426,2,6.037865514212426,1,0,1,anti_homophones
22365,jM2tM4,6,-6.586342775335964,2,6.586342775335964,1,0,1,anti_homophones
22366,yi2hong1dong4,13,-9.54672613689439,3,9.54672613689439,1,0,0,anti_homophones
22367,jing2man3,9,-6.2118883592165055,2,6.2118883592165055,1,0,0,anti_homophones
22368,tO1kV3,6,-5.220714471173699,2,5.220714471173699,1,1,3,anti_homophones
22369,shu3yi4,7,-4.768634670602077,2,4.768634670602077,1,1,7,anti_homophones
22370,hU4tong1,8,-6.173695004657964,2,6.173695004657964,1,0,0,anti_homophones
22371,xing2li5,8,-6.328073011254426,2,6.328073011254426,1,0,2,anti_homophones
22372,he2ren2,7,-4.7820907198220235,2,4.7820907198220235,1,1,4,anti_homophones
22373,da4zQ4,6,-5.451611394032929,2,5.451611394032929,1,0,5,anti_homophones
22374,wu3jW1du4,9,-8.14653717931532,3,8.14653717931532,1,0,0,anti_homophones
22375,bi3bW1,6,-6.876410551466049,2,6.876410551466049,1,0,2,anti_homophones
22376,fa1cheng1lv4,12,-8.324869579621847,3,8.324869579621847,1,0,0,anti_homophones
22377,chu1xun2,8,-5.821491595273907,2,5.821491595273907,1,1,3,anti_homophones
22378,cheng1si1,9,-5.836381613423766,2,5.836381613423766,1,0,2,anti_homophones
22379,xW4ju3bu4,9,-8.609099993377113,3,8.609099993377113,1,0,0,anti_homophones
22380,yV4jLn1,7,-6.399986322161089,2,6.399986322161089,1,0,2,anti_homophones
22381,gu3dong3shi2,12,-8.118863600376027,3,8.118863600376027,1,0,0,anti_homophones
22382,cu1xL2men2,10,-11.712727714970253,3,11.712727714970253,1,0,0,anti_homophones
22383,dM2chUng2,9,-7.510342849224446,2,7.510342849224446,1,0,1,anti_homophones
22384,ding2feng2,10,-6.528355162224438,2,6.528355162224438,1,0,1,anti_homophones
22385,kV3ji2shV3,10,-8.65459437962257,3,8.65459437962257,1,0,0,anti_homophones
22386,ge2ge1zhan1,11,-9.839337633190134,3,9.839337633190134,1,0,0,anti_homophones
22387,shu1lO4,7,-5.889917498626215,2,5.889917498626215,1,0,4,anti_homophones
22388,ma2fu4zhang2,12,-8.859757434298208,3,8.859757434298208,1,0,0,anti_homophones
22389,fa1hP2bW1,9,-8.616394801903189,3,8.616394801903189,1,0,0,anti_homophones
22390,qLng2mLn4dang3,14,-9.96575998257822,3,9.96575998257822,1,0,0,anti_homophones
22391,xW3qi1,6,-5.299861007479163,2,5.299861007479163,1,0,5,anti_homophones
22392,mu4jM3ji1,9,-8.96589899276665,3,8.96589899276665,1,0,0,anti_homophones
22393,zhi2lan2lu1,11,-10.964671745510854,3,10.964671745510854,1,0,0,anti_homophones
22394,lV4xun4hU4,10,-8.481594414472669,3,8.481594414472669,1,0,0,anti_homophones
22395,er4dLn3,7,-5.576472047349854,2,5.576472047349854,1,0,0,anti_homophones
22396,wE4yu4,6,-5.7349571993949855,2,5.7349571993949855,1,0,5,anti_homophones
22397,shU1shI3,8,-6.3682885950218004,2,6.3682885950218004,1,0,0,anti_homophones
22398,he2heng2,8,-6.6221877289723725,2,6.6221877289723725,1,0,4,anti_homophones
22399,bu4zhang2fu2,12,-8.312873369103706,3,8.312873369103706,1,0,0,anti_homophones
22400,zhe2fa3,7,-5.836341719181162,2,5.836341719181162,1,0,2,anti_homophones
22401,qLng1hO3qLn2,12,-8.484691843003384,3,8.484691843003384,1,0,0,anti_homophones
22402,rO4wE4kP4,9,-8.55281176397838,3,8.55281176397838,1,0,0,anti_homophones
22403,zhI1bQ4,7,-6.133946845751609,2,6.133946845751609,1,0,2,anti_homophones
22404,hU1shV3lLng4,12,-8.65112404501764,3,8.65112404501764,1,0,0,anti_homophones
22405,da4yi1,6,-5.400063330561293,2,5.400063330561293,1,0,6,anti_homophones
22406,chV3zhen1zi5,12,-9.075540943857462,3,9.075540943857462,1,0,0,anti_homophones
22407,jing1hU1,8,-5.938920440622234,2,5.938920440622234,1,0,1,anti_homophones
22408,lan2xLng4xing2,14,-9.002806685004488,3,9.002806685004488,1,0,0,anti_homophones
22409,jing1bQ4kUn3,12,-9.77165067527793,3,9.77165067527793,1,0,0,anti_homophones
22410,mo4ni2,6,-6.013162688981835,2,6.013162688981835,1,0,0,anti_homophones
22411,she4xin1,8,-5.188442111109339,2,5.188442111109339,1,1,4,anti_homophones
22412,lM4shi4,7,-5.367339006935711,2,5.367339006935711,1,0,5,anti_homophones
22413,qK1nK3,6,-6.5351332718582205,2,6.5351332718582205,1,0,0,anti_homophones
22414,shi2ya1,7,-5.940835080558335,2,5.940835080558335,1,0,1,anti_homophones
22415,tA4yi4,6,-5.341474959311696,2,5.341474959311696,1,0,2,anti_homophones
22416,chu4lW2,7,-6.325363490443543,2,6.325363490443543,1,0,0,anti_homophones
22417,ji1ye4,6,-5.344280528973665,2,5.344280528973665,1,0,7,anti_homophones
22418,yV4he2,6,-5.99055571727746,2,5.99055571727746,1,0,5,anti_homophones
22419,xin1di1,7,-6.600034969358104,2,6.600034969358104,1,0,2,anti_homophones
22420,hu2xW4,6,-6.186631228987818,2,6.186631228987818,1,0,2,anti_homophones
22421,shang3mLn3,10,-6.773708468399617,2,6.773708468399617,1,0,0,anti_homophones
22422,bin1le4,7,-6.855147168587642,2,6.855147168587642,1,0,1,anti_homophones
22423,xC3ba1yang2,11,-9.459327360365746,3,9.459327360365746,1,0,0,anti_homophones
22424,bW1ren2,7,-6.009947191118738,2,6.009947191118738,1,0,2,anti_homophones
22425,yun2ke4ping4,12,-9.610045687809256,3,9.610045687809256,1,0,0,anti_homophones
22426,dW4jL4,6,-6.273630751869226,2,6.273630751869226,1,0,0,anti_homophones
22427,chan1xLng3,10,-6.763815474494853,2,6.763815474494853,1,0,1,anti_homophones
22428,kQ3shI3,7,-5.918728862299373,2,5.918728862299373,1,0,0,anti_homophones
22429,dong4xM4zhi4,12,-9.492032038537856,3,9.492032038537856,1,0,0,anti_homophones
22430,shu2shV3zhe3,12,-9.321103015444836,3,9.321103015444836,1,0,0,anti_homophones
22431,tIang4song1,11,-11.885756919070252,3,11.885756919070252,1,0,0,anti_homophones
22432,fa1zhan3bQ1,11,-9.708732151564133,3,9.708732151564133,1,0,0,anti_homophones
22433,zi4yun4,7,-5.344698286535868,2,5.344698286535868,1,1,5,anti_homophones
22434,rong4xLng4,10,-6.455304819514198,2,6.455304819514198,1,0,2,anti_homophones
22435,dun1zhang1,10,-7.437713782991549,2,7.437713782991549,1,0,1,anti_homophones
22436,rong1yu2,8,-6.0712913396796875,2,6.0712913396796875,1,0,2,anti_homophones
22437,qW5lLng4ren2,12,-9.098699228116551,3,9.098699228116551,1,0,0,anti_homophones
22438,shu4xi4ke1,10,-9.505087497652816,3,9.505087497652816,1,0,0,anti_homophones
22439,A4yUn2,6,-5.688250685635039,2,5.688250685635039,1,0,4,anti_homophones
22440,jing2shang2xing4,16,-8.759899033994703,3,8.759899033994703,1,0,0,anti_homophones
22441,yi1shP1,7,-6.705730680763927,2,6.705730680763927,1,0,4,anti_homophones
22442,da3shO1men2,11,-8.477282959674639,3,8.477282959674639,1,0,0,anti_homophones
22443,bA2chUn4,8,-6.259650230643775,2,6.259650230643775,1,0,1,anti_homophones
22444,dLn4yin3,8,-6.193527029952188,2,6.193527029952188,1,0,2,anti_homophones
22445,xi1zhi1lin2,11,-8.72192550665569,3,8.72192550665569,1,0,0,anti_homophones
22446,bA4ju5,6,-7.594090816536328,2,7.594090816536328,1,0,0,anti_homophones
22447,xin1shen4,9,-5.963090945949412,2,5.963090945949412,1,0,0,anti_homophones
22448,ri4zhu4hO2,10,-9.614491212623133,3,9.614491212623133,1,0,0,anti_homophones
22449,wE2xu4,6,-5.322847808118205,2,5.322847808118205,1,0,0,anti_homophones
22450,yi4nv3,6,-5.9623800763073325,2,5.9623800763073325,1,0,3,anti_homophones
22451,shi3di4cheng2,13,-9.484732435455449,3,9.484732435455449,1,0,0,anti_homophones
22452,zO3lon4,7,-8.926524834768403,2,8.926524834768403,1,0,0,anti_homophones
22453,dLn3po2qW3,10,-9.029475976411465,3,9.029475976411465,1,0,0,anti_homophones
22454,zhong1pan4pA2,13,-9.499131964005176,3,9.499131964005176,1,0,0,anti_homophones
22455,shV4fen2tA2,11,-10.15793268302521,3,10.15793268302521,1,0,0,anti_homophones
22456,ke4kA1,6,-7.168790657443441,2,7.168790657443441,1,0,1,anti_homophones
22457,jin4bing3nLn2,13,-9.385665609403729,3,9.385665609403729,1,0,0,anti_homophones
22458,pu2tQ2,6,-5.305371495957659,2,5.305371495957659,1,1,2,anti_homophones
22459,hA3mE3,6,-6.3044398151007535,2,6.3044398151007535,1,0,0,anti_homophones
22460,tang4pLn4,9,-6.56639384229503,2,6.56639384229503,1,0,1,anti_homophones
22461,dA4bW3,6,-5.064287465179884,2,5.064287465179884,1,0,3,anti_homophones
22462,mLn4bu4zi3,10,-8.032622524512979,3,8.032622524512979,1,0,0,anti_homophones
22463,dV4shV3hong1,12,-9.629294291822445,3,9.629294291822445,1,0,0,anti_homophones
22464,mang4wu4,8,-6.42304756109499,2,6.42304756109499,1,0,3,anti_homophones
22465,lM4dW1peng3,11,-10.566731597564427,3,10.566731597564427,1,0,0,anti_homophones
22466,gUn3pLn1,8,-6.430977862197748,2,6.430977862197748,1,0,0,anti_homophones
22467,ji3qK2,6,-5.990339327712608,2,5.990339327712608,1,0,3,anti_homophones
22468,tI1ge2ye4,9,-7.92519183898294,3,7.92519183898294,1,0,0,anti_homophones
22469,yin1zQ5,7,-7.734681035200895,2,7.734681035200895,1,0,2,anti_homophones
22470,pang4bu4ba5,11,-11.041906251871104,3,11.041906251871104,1,0,0,anti_homophones
22471,tu1lu4,6,-5.401170428500643,2,5.401170428500643,1,1,9,anti_homophones
22472,la4yV3xing3,11,-8.973909251987404,3,8.973909251987404,1,0,0,anti_homophones
22473,zeng4shi4,9,-6.135821895640358,2,6.135821895640358,1,0,1,anti_homophones
22474,zhu3zha4kV3,11,-8.914915635937218,3,8.914915635937218,1,0,0,anti_homophones
22475,lun4jL4,7,-6.105699907815009,2,6.105699907815009,1,0,1,anti_homophones
22476,da4chUng1,9,-5.750630606227725,2,5.750630606227725,1,0,1,anti_homophones
22477,yV4yUn4,7,-6.173426273388898,2,6.173426273388898,1,0,2,anti_homophones
22478,chV3xW3xing3,12,-9.555420939349187,3,9.555420939349187,1,0,0,anti_homophones
22479,ci3yi3,6,-5.975034079463935,2,5.975034079463935,1,0,1,anti_homophones
22480,qu3yi1,6,-6.273028848763619,2,6.273028848763619,1,0,3,anti_homophones
22481,zhu3zhi1yu4,11,-8.285247217298151,3,8.285247217298151,1,0,0,anti_homophones
22482,gV4xLng4,8,-6.1704120649180005,2,6.1704120649180005,1,0,1,anti_homophones
22483,sI2zheng4,9,-6.289888651319243,2,6.289888651319243,1,0,0,anti_homophones
22484,shA1yo1,7,-7.613897771955821,2,7.613897771955821,1,0,0,anti_homophones
22485,bE4yUn4,7,-6.601438049863852,2,6.601438049863852,1,0,1,anti_homophones
22486,cha1wan2,8,-6.542585251807967,2,6.542585251807967,1,0,0,anti_homophones
22487,gU1gUng1,8,-6.111233680520973,2,6.111233680520973,1,0,1,anti_homophones
22488,qi2gu1nA3,9,-8.727975412466538,3,8.727975412466538,1,0,0,anti_homophones
22489,xi1yu2,6,-5.484073022238754,2,5.484073022238754,1,0,8,anti_homophones
22490,han3cang2wE2,12,-10.332335909945764,3,10.332335909945764,1,0,0,anti_homophones
22491,ke3ka3,6,-5.586206089167795,2,5.586206089167795,1,0,5,anti_homophones
22492,mE2gong2,8,-6.078744201246165,2,6.078744201246165,1,0,3,anti_homophones
22493,zi4xi1,6,-5.418604799657937,2,5.418604799657937,1,1,9,anti_homophones
22494,xK1zhi1,7,-5.506397502894714,2,5.506397502894714,1,0,3,anti_homophones
22495,sheng1she4qu4,13,-8.43765488511446,3,8.43765488511446,1,0,0,anti_homophones
22496,chUn2shen4,10,-6.704554503938437,2,6.704554503938437,1,0,0,anti_homophones
22497,bu4gong3,8,-5.7168472087190905,2,5.7168472087190905,1,0,2,anti_homophones
22498,jing2bLn4tong2,14,-9.295632687055349,3,9.295632687055349,1,0,0,anti_homophones
22499,yang2wen2,9,-5.966005549353974,2,5.966005549353974,1,0,4,anti_homophones
22500,yin2shen4,9,-6.5963746762004645,2,6.5963746762004645,1,0,0,anti_homophones
22501,lE4sO3,6,-6.300391459293358,2,6.300391459293358,1,0,1,anti_homophones
22502,tI2fen4,7,-6.639577305978911,2,6.639577305978911,1,0,0,anti_homophones
22503,zhi1che1,8,-5.394537856537596,2,5.394537856537596,1,0,2,anti_homophones
22504,zu3ban3xK1,10,-9.624606110932222,3,9.624606110932222,1,0,0,anti_homophones
22505,zhang2qu1,9,-6.029257813656156,2,6.029257813656156,1,0,1,anti_homophones
22506,yi1hI1,6,-5.772537850340752,2,5.772537850340752,1,0,3,anti_homophones
22507,ben4zi5,7,-5.900023754729008,2,5.900023754729008,1,0,7,anti_homophones
22508,sI2bu4ya2,9,-8.840162943416981,3,8.840162943416981,1,0,0,anti_homophones
22509,dK1yi4,6,-7.888758647686032,2,7.888758647686032,1,0,4,anti_homophones
22510,shI3pW4,7,-5.4030319864705145,2,5.4030319864705145,1,0,2,anti_homophones
22511,ba1lan3,7,-6.092052535042502,2,6.092052535042502,1,0,3,anti_homophones
22512,xK1sheng4,9,-6.094342754338979,2,6.094342754338979,1,0,1,anti_homophones
22513,xu3yi2xin1,10,-9.343348350683797,3,9.343348350683797,1,0,0,anti_homophones
22514,lK1bing1,8,-6.35129065140871,2,6.35129065140871,1,0,1,anti_homophones
22515,yi1zhang2,9,-5.360890483914257,2,5.360890483914257,1,1,6,anti_homophones
22516,zhu3xin1xing4,13,-7.877161351210481,3,7.877161351210481,1,0,0,anti_homophones
22517,pLn1lA2,7,-6.5928060215455595,2,6.5928060215455595,1,0,1,anti_homophones
22518,xL4yu3,6,-5.1568156978686535,2,5.1568156978686535,1,0,4,anti_homophones
22519,lv4she2chang3,13,-10.388107771984778,3,10.388107771984778,1,0,0,anti_homophones
22520,yi1qing2,8,-5.315972561125517,2,5.315972561125517,1,0,4,anti_homophones
22521,da3cha4zhUn2,12,-9.832040909167791,3,9.832040909167791,1,0,0,anti_homophones
22522,zang1chang2,11,-7.231900389298123,2,7.231900389298123,1,0,1,anti_homophones
22523,qing3rong2,10,-7.231385093216417,2,7.231385093216417,1,0,0,anti_homophones
22524,sha1he1,7,-6.377698480980203,2,6.377698480980203,1,0,4,anti_homophones
22525,dang2ba1,8,-6.818091010820909,2,6.818091010820909,1,0,0,anti_homophones
22526,zi1zhang3,9,-6.172271582868713,2,6.172271582868713,1,0,1,anti_homophones
22527,jLn3fa1chu4,11,-9.329595752153718,3,9.329595752153718,1,0,0,anti_homophones
22528,rang2qUn2er5,12,-10.172130424421418,3,10.172130424421418,1,0,0,anti_homophones
22529,jK3bM2,6,-5.127359659605088,2,5.127359659605088,1,0,2,anti_homophones
22530,peng1rong3jL1,13,-10.071319526552715,3,10.071319526552715,1,0,0,anti_homophones
22531,beng1li5,8,-7.195461670447657,2,7.195461670447657,1,0,1,anti_homophones
22532,da3jW3qUn1,10,-9.134671027226105,3,9.134671027226105,1,0,0,anti_homophones
22533,xLng3jM2wE3,11,-9.191719117004073,3,9.191719117004073,1,0,0,anti_homophones
22534,bo4hU1gO3,9,-8.849166097180467,3,8.849166097180467,1,0,0,anti_homophones
22535,wang1chun4,10,-7.342440704557074,2,7.342440704557074,1,0,0,anti_homophones
22536,kA1zhen2,8,-6.243710946694809,2,6.243710946694809,1,0,1,anti_homophones
22537,jLng4dan4,9,-6.216108922014047,2,6.216108922014047,1,0,2,anti_homophones
22538,chang4dan1yan2,14,-8.849225977512585,3,8.849225977512585,1,0,0,anti_homophones
22539,xLng2chu4,9,-6.425437456032808,2,6.425437456032808,1,0,1,anti_homophones
22540,qK2zhi1,7,-5.7231232855217815,2,5.7231232855217815,1,0,3,anti_homophones
22541,ju4mQ4pLn4,10,-9.053711614008876,3,9.053711614008876,1,0,0,anti_homophones
22542,wE4bing4ting4,13,-9.324739437115817,3,9.324739437115817,1,0,0,anti_homophones
22543,chi3lLn4,8,-6.960465119243151,2,6.960465119243151,1,0,1,anti_homophones
22544,jun1ji1dong4,12,-8.422220774454209,3,8.422220774454209,1,0,0,anti_homophones
22545,chV1cheng3ta3,13,-10.540402437163555,3,10.540402437163555,1,0,0,anti_homophones
22546,te4qLng2,8,-7.006474543147255,2,7.006474543147255,1,0,1,anti_homophones
22547,zUn1dan3wE4,11,-10.790230178892227,3,10.790230178892227,1,0,0,anti_homophones
22548,qi1chUn4nu4,11,-10.081627410400442,3,10.081627410400442,1,0,0,anti_homophones
22549,hU2bing1,8,-5.762662859639492,2,5.762662859639492,1,0,2,anti_homophones
22550,pA2wa2,6,-6.879484356435872,2,6.879484356435872,1,0,0,anti_homophones
22551,cheng2ru3,9,-7.148330136832196,2,7.148330136832196,1,0,1,anti_homophones
22552,po4shI4,7,-6.345892731334963,2,6.345892731334963,1,0,2,anti_homophones
22553,nM1zi5,6,-5.713091952432761,2,5.713091952432761,1,0,2,anti_homophones
22554,hA3dang2zhi4,12,-8.945342909271675,3,8.945342909271675,1,0,0,anti_homophones
22555,xing3nE4hA3,11,-8.821094158560225,3,8.821094158560225,1,0,0,anti_homophones
22556,qing3yang1mi3,13,-10.164869726662408,3,10.164869726662408,1,0,0,anti_homophones
22557,yV1xin1,7,-5.280724592566938,2,5.280724592566938,1,1,3,anti_homophones
22558,dW4zi5,6,-5.0592329814663,2,5.0592329814663,1,0,7,anti_homophones
22559,gP1qun2,7,-7.609010565724879,2,7.609010565724879,1,0,0,anti_homophones
22560,Q4ming1zhang4,13,-8.800025519030058,3,8.800025519030058,1,0,0,anti_homophones
22561,kun4tun1fu1,11,-11.080492685894887,3,11.080492685894887,1,0,0,anti_homophones
22562,ge1wan3jL4,10,-8.521753142158538,3,8.521753142158538,1,0,0,anti_homophones
22563,zhV2shi2,8,-6.764919186602473,2,6.764919186602473,1,0,1,anti_homophones
22564,qLng2zI4,8,-7.402361842915241,2,7.402361842915241,1,0,1,anti_homophones
22565,ka3xLn4dang2,12,-11.736485031951375,3,11.736485031951375,1,0,0,anti_homophones
22566,dUn3qun2,8,-6.685409479532816,2,6.685409479532816,1,0,1,anti_homophones
22567,xYng1tQ4,8,-7.118057350202846,2,7.118057350202846,1,0,1,anti_homophones
22568,nv3shV3,7,-5.755411170820297,2,5.755411170820297,1,0,1,anti_homophones
22569,da4jing4,8,-5.220843721562881,2,5.220843721562881,1,0,2,anti_homophones
22570,ling2hun2,9,-6.795694370824177,2,6.795694370824177,1,0,1,anti_homophones
22571,da3ba5,6,-5.453487571083887,2,5.453487571083887,1,0,1,anti_homophones
22572,hUn2xing1,9,-6.303814406750611,2,6.303814406750611,1,0,1,anti_homophones
22573,chan3lv4,8,-6.186684334644706,2,6.186684334644706,1,0,1,anti_homophones
22574,jW3xYng1gu3,11,-8.575060968419766,3,8.575060968419766,1,0,0,anti_homophones
22575,di1ling1me3,11,-11.855767797165658,3,11.855767797165658,1,0,0,anti_homophones
22576,jM2neng3qi4,11,-8.346674138693382,3,8.346674138693382,1,0,0,anti_homophones
22577,tW4su2,6,-6.787287948785712,2,6.787287948785712,1,0,1,anti_homophones
22578,shi1tV2ye4,10,-8.714708954713297,3,8.714708954713297,1,0,0,anti_homophones
22579,ke3wE1,6,-6.2105122195194795,2,6.2105122195194795,1,0,3,anti_homophones
22580,jC2jLn4sUn4,11,-8.591672938893867,3,8.591672938893867,1,0,0,anti_homophones
22581,zhV1zhu3,8,-6.325545290572676,2,6.325545290572676,1,0,1,anti_homophones
22582,wo1lO4,6,-5.950278750686548,2,5.950278750686548,1,0,1,anti_homophones
22583,zun1jing4,9,-6.703963379725861,2,6.703963379725861,1,0,2,anti_homophones
22584,zhen2di4ling3,13,-9.972963843492144,3,9.972963843492144,1,0,0,anti_homophones
22585,jM2dQ4li3,9,-8.342113465953107,3,8.342113465953107,1,0,0,anti_homophones
22586,zO4zA4,6,-5.98314046270734,2,5.98314046270734,1,0,5,anti_homophones
22587,di1jin1bW4,10,-10.785669762149876,3,10.785669762149876,1,0,0,anti_homophones
22588,mo4wo1,6,-7.502615756881056,2,7.502615756881056,1,0,1,anti_homophones
22589,dan1fen1,8,-6.177810021637126,2,6.177810021637126,1,0,1,anti_homophones
22590,bi4ru4jW4,9,-9.17445291778195,3,9.17445291778195,1,0,0,anti_homophones
22591,hE1su4,6,-5.69908404832014,2,5.69908404832014,1,0,5,anti_homophones
22592,zhu4qi4,7,-5.140739107590301,2,5.140739107590301,1,1,6,anti_homophones
22593,de2er4shen4,11,-9.732562335374505,3,9.732562335374505,1,0,0,anti_homophones
22594,she4zhi1,8,-5.74860280504976,2,5.74860280504976,1,0,3,anti_homophones
22595,qing2yi4,8,-5.300936581969214,2,5.300936581969214,1,0,9,anti_homophones
22596,he2bi3,6,-5.474138069462261,2,5.474138069462261,1,0,7,anti_homophones
22597,tV1rong1shan4,13,-9.236998857411058,3,9.236998857411058,1,0,0,anti_homophones
22598,cheng1se4de2,12,-8.95783151432617,3,8.95783151432617,1,0,0,anti_homophones
22599,qin2yu2,7,-6.040235355730313,2,6.040235355730313,1,0,2,anti_homophones
22600,jing1cheng2se4,14,-8.276851376654525,3,8.276851376654525,1,0,0,anti_homophones
22601,shu1ji2,7,-5.421163165993666,2,5.421163165993666,1,0,6,anti_homophones
22602,tV2gUn3,7,-5.533884951136345,2,5.533884951136345,1,0,1,anti_homophones
22603,A4jW3,5,-6.162896853001934,2,6.162896853001934,1,0,1,anti_homophones
22604,lQ3shan2,8,-6.406186226418564,2,6.406186226418564,1,0,1,anti_homophones
22605,jM2deng2,8,-6.909912464957036,2,6.909912464957036,1,0,1,anti_homophones
22606,kun4fa4,7,-7.514001727508051,2,7.514001727508051,1,0,0,anti_homophones
22607,zheng1men2,10,-5.817100112933045,2,5.817100112933045,1,0,2,anti_homophones
22608,qi1qW3,6,-5.998049814472742,2,5.998049814472742,1,0,0,anti_homophones
22609,bA3fu4jing2,11,-8.575970665187985,3,8.575970665187985,1,0,0,anti_homophones
22610,dK1sheng3A4,11,-10.01341401005495,3,10.01341401005495,1,0,0,anti_homophones
22611,ru4lK2,6,-6.529542331345553,2,6.529542331345553,1,0,4,anti_homophones
22612,zhen1jM2,8,-5.838431205990309,2,5.838431205990309,1,0,2,anti_homophones
22613,xing3gUn1,9,-6.220298265576714,2,6.220298265576714,1,0,2,anti_homophones
22614,xW3ke4chong4,12,-8.78641799657364,3,8.78641799657364,1,0,0,anti_homophones
22615,chong1chUng2bin4,16,-11.355302961293154,3,11.355302961293154,1,0,0,anti_homophones
22616,wan4dUn3,8,-6.652577766369241,2,6.652577766369241,1,0,2,anti_homophones
22617,tO1yV3yi4,9,-7.57260826900817,3,7.57260826900817,1,0,0,anti_homophones
22618,fan4li4,7,-5.221732539085824,2,5.221732539085824,1,0,9,anti_homophones
22619,cheng1yun4re4,13,-9.43368601613172,3,9.43368601613172,1,0,0,anti_homophones
22620,lK2heng2jW1,11,-9.91108440163906,3,9.91108440163906,1,0,0,anti_homophones
22621,gong2qLn1,9,-6.52815358605395,2,6.52815358605395,1,0,1,anti_homophones
22622,hA3xL2,6,-6.333893004024176,2,6.333893004024176,1,0,1,anti_homophones
22623,gong1shI3,9,-5.708817924138918,2,5.708817924138918,1,0,4,anti_homophones
22624,du2da2,6,-6.846793310162815,2,6.846793310162815,1,0,1,anti_homophones
22625,kO4zhang4li4,12,-8.717258120318938,3,8.717258120318938,1,0,0,anti_homophones
22626,hQ4tV2tan2,10,-9.571177307122108,3,9.571177307122108,1,0,0,anti_homophones
22627,hQ4ku1,6,-7.164285092505232,2,7.164285092505232,1,0,0,anti_homophones
22628,zhong3gUn1,10,-6.241500280667945,2,6.241500280667945,1,0,0,anti_homophones
22629,zI4xing2ren2,12,-7.693759391355061,3,7.693759391355061,1,0,0,anti_homophones
22630,zV3men5,7,-6.701442954193024,2,6.701442954193024,1,0,0,anti_homophones
22631,bA2yu2,6,-5.414323665750516,2,5.414323665750516,1,0,7,anti_homophones
22632,zhi1nLn4,8,-6.11474923344749,2,6.11474923344749,1,0,4,anti_homophones
22633,shi2xLng2,9,-5.826110079453168,2,5.826110079453168,1,0,2,anti_homophones
22634,sha1ji1li4,10,-7.856759432343315,3,7.856759432343315,1,0,0,anti_homophones
22635,zhi3xL2,7,-6.4307828524650175,2,6.4307828524650175,1,0,2,anti_homophones
22636,shI3lK2xLng4,12,-7.950574449657797,3,7.950574449657797,1,0,0,anti_homophones
22637,xC3qK2,6,-4.996072291459583,2,4.996072291459583,1,0,1,anti_homophones
22638,shen3yu3ding1,13,-10.356356857955566,3,10.356356857955566,1,0,0,anti_homophones
22639,jLn1shi3shi4,12,-8.308846806626535,3,8.308846806626535,1,0,0,anti_homophones
22640,xUn3qi4sheng4,13,-8.832658283051586,3,8.832658283051586,1,0,0,anti_homophones
22641,shan3kP4,8,-5.950999960107521,2,5.950999960107521,1,0,0,anti_homophones
22642,tu1fen2,7,-6.898664511518023,2,6.898664511518023,1,0,2,anti_homophones
22643,pin1se4,7,-6.396550475213606,2,6.396550475213606,1,0,2,anti_homophones
22644,bi4jM2,6,-5.994919884902856,2,5.994919884902856,1,0,7,anti_homophones
22645,bQ4zhang3,9,-5.874444144861285,2,5.874444144861285,1,0,3,anti_homophones
22646,mi4xC4zu3,9,-9.463824761038724,3,9.463824761038724,1,0,0,anti_homophones
22647,hA3nong4,8,-6.255649103844426,2,6.255649103844426,1,0,2,anti_homophones
22648,xW3xW4xing4,11,-7.8745313913983095,3,7.8745313913983095,1,0,0,anti_homophones
22649,shQ3wen4lLn2,12,-10.101514557750113,3,10.101514557750113,1,0,0,anti_homophones
22650,shi4di4,7,-5.273559841729042,2,5.273559841729042,1,1,8,anti_homophones
22651,zhen2jing1su2,13,-9.696462905359969,3,9.696462905359969,1,0,0,anti_homophones
22652,jL1lv3ci4,9,-8.36401705774219,3,8.36401705774219,1,0,0,anti_homophones
22653,chong4qC4,9,-6.725371734254507,2,6.725371734254507,1,0,0,anti_homophones
22654,e4hO3,5,-6.149415028316587,2,6.149415028316587,1,0,0,anti_homophones
22655,sha1chi3,8,-6.139215812709903,2,6.139215812709903,1,1,1,anti_homophones
22656,yUn2shi2shO1,12,-8.309320643932944,3,8.309320643932944,1,0,0,anti_homophones
22657,xK1se4,6,-4.753768126826832,2,4.753768126826832,1,1,7,anti_homophones
22658,za2xing2,8,-6.212967784484619,2,6.212967784484619,1,0,1,anti_homophones
22659,pin3yi4,7,-5.25037766877757,2,5.25037766877757,1,1,6,anti_homophones
22660,jin4shV4,8,-5.950329292467677,2,5.950329292467677,1,0,3,anti_homophones
22661,zA4xLng1,8,-5.875949720027631,2,5.875949720027631,1,0,2,anti_homophones
22662,chV3hUn3,8,-7.941435163075234,2,7.941435163075234,1,0,0,anti_homophones
22663,jing3feng1,10,-6.532038760107759,2,6.532038760107759,1,0,1,anti_homophones
22664,hU1chUn4,8,-6.425769018617519,2,6.425769018617519,1,0,0,anti_homophones
22665,hun1jW1ti4,10,-9.338555640168877,3,9.338555640168877,1,0,0,anti_homophones
22666,zhi2zhu3,8,-5.84160344308862,2,5.84160344308862,1,0,1,anti_homophones
22667,kA1lM4,6,-5.5717499356967775,2,5.5717499356967775,1,0,0,anti_homophones
22668,wu3dO2bQ4,9,-9.035915127949803,3,9.035915127949803,1,0,0,anti_homophones
22669,tong2jin4,9,-6.082908721526244,2,6.082908721526244,1,0,0,anti_homophones
22670,gu3zhUng4,9,-6.424482803883286,2,6.424482803883286,1,0,0,anti_homophones
22671,pE4qi4cQ2,9,-9.68143838366748,3,9.68143838366748,1,0,0,anti_homophones
22672,dLn4men2,8,-5.755915802837285,2,5.755915802837285,1,0,0,anti_homophones
22673,Q2xC2,5,-5.870440278532647,2,5.870440278532647,1,0,1,anti_homophones
22674,qi3zO4,6,-6.03221170975065,2,6.03221170975065,1,0,2,anti_homophones
22675,zhA4wE3,7,-7.048014850459561,2,7.048014850459561,1,0,0,anti_homophones
22676,gan3jing4,9,-5.894491884403304,2,5.894491884403304,1,0,3,anti_homophones
22677,shi1xi1pA4,10,-8.455506059592128,3,8.455506059592128,1,0,0,anti_homophones
22678,che1xW3lUn4,11,-9.028633574423344,3,9.028633574423344,1,0,0,anti_homophones
22679,yi1bQ3,6,-5.946385739722249,2,5.946385739722249,1,0,4,anti_homophones
22680,qLng1bing4,10,-6.441761083811138,2,6.441761083811138,1,0,1,anti_homophones
22681,xLng2hU2,8,-6.480232898902917,2,6.480232898902917,1,0,2,anti_homophones
22682,da4di4qing2,11,-8.162221144359883,3,8.162221144359883,1,0,0,anti_homophones
22683,fa3lO4,6,-5.916141625049988,2,5.916141625049988,1,1,4,anti_homophones
22684,chi2bE4han4,11,-9.427612286845614,3,9.427612286845614,1,0,0,anti_homophones
22685,li3xLn4,7,-5.452598496563204,2,5.452598496563204,1,0,6,anti_homophones
22686,yC4shi2,7,-5.443793719704596,2,5.443793719704596,1,1,2,anti_homophones
22687,yV1xL4yu2,9,-7.655250047662313,3,7.655250047662313,1,0,0,anti_homophones
22688,ye4cha1men2,11,-8.866016029962498,3,8.866016029962498,1,0,0,anti_homophones
22689,xW1cong1,8,-7.726978433086488,2,7.726978433086488,1,0,1,anti_homophones
22690,gong4shang1gUn3,15,-9.337281574030207,3,9.337281574030207,1,0,0,anti_homophones
22691,wu2er3ru4,9,-8.180993659322,3,8.180993659322,1,0,0,anti_homophones
22692,zhQ4wang4,9,-6.571462589963384,2,6.571462589963384,1,0,3,anti_homophones
22693,jW1ji1,6,-4.773126899074428,2,4.773126899074428,1,0,9,anti_homophones
22694,yi1tan2he4,10,-9.019362074262594,3,9.019362074262594,1,0,0,anti_homophones
22695,zi4ye4,6,-4.864707758674657,2,4.864707758674657,1,1,4,anti_homophones
22696,zhi3yin1ge1,11,-8.9328067883802,3,8.9328067883802,1,0,0,anti_homophones
22697,heng1hU4,8,-6.193158388966029,2,6.193158388966029,1,0,1,anti_homophones
22698,ying1rong2xW4,13,-9.49054124965818,3,9.49054124965818,1,0,0,anti_homophones
22699,bi4er2qu3,9,-8.011546305083629,3,8.011546305083629,1,0,0,anti_homophones
22700,fa1ming2bing2,13,-8.935566643513226,3,8.935566643513226,1,0,0,anti_homophones
22701,wu2jL1,6,-5.010586988651992,2,5.010586988651992,1,0,7,anti_homophones
22702,jM4yan2,7,-5.829819454355581,2,5.829819454355581,1,0,0,anti_homophones
22703,hO2qing1,8,-6.344676048609836,2,6.344676048609836,1,0,0,anti_homophones
22704,zhi1shi4zhi2,12,-7.767402820837077,3,7.767402820837077,1,0,0,anti_homophones
22705,mi4lE4,6,-6.52943355531643,2,6.52943355531643,1,0,3,anti_homophones
22706,yu4ren2,7,-5.519400035467113,2,5.519400035467113,1,0,9,anti_homophones
22707,bLn1rQ3,7,-6.0052174839608465,2,6.0052174839608465,1,0,0,anti_homophones
22708,shI3yu2,7,-5.059745573957251,2,5.059745573957251,1,0,6,anti_homophones
22709,da3qu3ku4,9,-8.810243795051777,3,8.810243795051777,1,0,0,anti_homophones
22710,zhen1hO4,8,-6.286157008670809,2,6.286157008670809,1,0,2,anti_homophones
22711,tu4xL2chong4,12,-10.74122497512539,3,10.74122497512539,1,0,0,anti_homophones
22712,qing4chUn2bQ4,13,-9.693147668830305,3,9.693147668830305,1,0,0,anti_homophones
22713,tu5gV3,6,-8.752277038399372,2,8.752277038399372,1,0,0,anti_homophones
22714,fen4kong4,9,-6.653989621934004,2,6.653989621934004,1,0,0,anti_homophones
22715,yu2xLng4zi5,11,-7.9680470577856335,3,7.9680470577856335,1,0,0,anti_homophones
22716,zhi3chi2,8,-6.2905494106911775,2,6.2905494106911775,1,0,0,anti_homophones
22717,fan4hUng4,9,-6.771298642178239,2,6.771298642178239,1,0,0,anti_homophones
22718,sO3re4,6,-7.103839620978248,2,7.103839620978248,1,0,2,anti_homophones
22719,xW3dI4,6,-5.205232340981123,2,5.205232340981123,1,0,3,anti_homophones
22720,chA1qin2,8,-6.732189815835841,2,6.732189815835841,1,0,0,anti_homophones
22721,xLng4bA3,8,-6.914901550866795,2,6.914901550866795,1,0,0,anti_homophones
22722,lan3yu2,7,-6.519774182290414,2,6.519774182290414,1,0,0,anti_homophones
22723,er4jin4,7,-5.456899735999841,2,5.456899735999841,1,0,3,anti_homophones
22724,ren3yin3,8,-7.6127024549004725,2,7.6127024549004725,1,0,0,anti_homophones
22725,lLn2zhu3ren2,12,-8.170121383993642,3,8.170121383993642,1,0,0,anti_homophones
22726,A4qK2ju4,8,-9.224393534674853,3,9.224393534674853,1,0,0,anti_homophones
22727,leng2fen4fa3,12,-9.223265391316435,3,9.223265391316435,1,0,0,anti_homophones
22728,sUn1dLn4xing2,13,-9.133122324793833,3,9.133122324793833,1,0,0,anti_homophones
22729,gu3hV4,6,-5.865337363060573,2,5.865337363060573,1,0,4,anti_homophones
22730,hU4tV2,6,-5.740639265855065,2,5.740639265855065,1,0,2,anti_homophones
22731,ji1shu4,7,-5.3027454192396615,2,5.3027454192396615,1,1,10,anti_homophones
22732,nUn3lK1hO2,10,-11.674118787024977,3,11.674118787024977,1,0,0,anti_homophones
22733,sUn4gE3,7,-7.297380441318517,2,7.297380441318517,1,0,0,anti_homophones
22734,yan4zhUn3,9,-7.0393425720554745,2,7.0393425720554745,1,0,1,anti_homophones
22735,bA4tLn1,7,-5.867804485641593,2,5.867804485641593,1,0,1,anti_homophones
22736,wen2zV4,7,-6.374977901653421,2,6.374977901653421,1,0,1,anti_homophones
22737,lLng1shV3yi4,12,-8.111911525361926,3,8.111911525361926,1,0,0,anti_homophones
22738,jK4si4yang3,11,-8.969808891172478,3,8.969808891172478,1,0,0,anti_homophones
22739,yong1cun1,9,-6.849124198339951,2,6.849124198339951,1,0,2,anti_homophones
22740,lin2ming4,9,-6.017412112367127,2,6.017412112367127,1,0,1,anti_homophones
22741,xLn2bing2,9,-6.432343141699186,2,6.432343141699186,1,0,1,anti_homophones
22742,xL4cheng2,9,-6.031291317608476,2,6.031291317608476,1,0,0,anti_homophones
22743,sQ3mE2zI3,9,-8.949583818561022,3,8.949583818561022,1,0,0,anti_homophones
22744,ban4feng1,9,-6.260496455047672,2,6.260496455047672,1,0,0,anti_homophones
22745,shO4ren3shu4,12,-10.471171385142672,3,10.471171385142672,1,0,0,anti_homophones
22746,bA2ren2,7,-4.499815871221891,2,4.499815871221891,1,1,5,anti_homophones
22747,mA3mA4li3,9,-7.826348154177952,3,7.826348154177952,1,0,0,anti_homophones
22748,mi2shI3yUn2,11,-8.625925021424699,3,8.625925021424699,1,0,0,anti_homophones
22749,fen4qi4,7,-5.277327947362465,2,5.277327947362465,1,0,5,anti_homophones
22750,mE2yan3,7,-5.5793116398034925,2,5.5793116398034925,1,0,5,anti_homophones
22751,ku1qK1,6,-6.434346619112352,2,6.434346619112352,1,0,0,anti_homophones
22752,wen3bi3yV2,10,-9.869292662773498,3,9.869292662773498,1,0,0,anti_homophones
22753,zhi2ren2,8,-5.282034818695717,2,5.282034818695717,1,0,3,anti_homophones
22754,qin2ju1,7,-6.345457865519563,2,6.345457865519563,1,0,2,anti_homophones
22755,hE1hE1bA4,9,-8.116797126367985,3,8.116797126367985,1,0,0,anti_homophones
22756,bW3yan2shi4,11,-7.419233022481652,3,7.419233022481652,1,0,0,anti_homophones
22757,lV4zhi4yUn2,11,-8.686148268339974,3,8.686148268339974,1,0,0,anti_homophones
22758,xun2zha1,8,-7.162319650695288,2,7.162319650695288,1,0,0,anti_homophones
22759,hong1shu4ru4,12,-9.078367351052774,3,9.078367351052774,1,0,0,anti_homophones
22760,ying1wen2,9,-6.145791117565139,2,6.145791117565139,1,0,1,anti_homophones
22761,jLn1lLng1,9,-6.182837723955512,2,6.182837723955512,1,0,0,anti_homophones
22762,bA2hU4,6,-4.857454470062297,2,4.857454470062297,1,1,6,anti_homophones
22763,zheng1shQ4,10,-6.568613616637345,2,6.568613616637345,1,0,2,anti_homophones
22764,xUn1shi2,8,-6.22969753462337,2,6.22969753462337,1,0,3,anti_homophones
22765,bin1wE3,7,-6.879201226460296,2,6.879201226460296,1,0,0,anti_homophones
22766,yan2shu4,8,-5.422015422153594,2,5.422015422153594,1,1,6,anti_homophones
22767,jL3zhi1shV4,11,-8.512926606970883,3,8.512926606970883,1,0,0,anti_homophones
22768,xin1xi5,7,-5.855091386027296,2,5.855091386027296,1,0,4,anti_homophones
22769,zhu3dong2,9,-5.987260986382484,2,5.987260986382484,1,0,1,anti_homophones
22770,gong4nQ3,8,-6.545397457311989,2,6.545397457311989,1,0,2,anti_homophones
22771,ta4bLn4,7,-5.949562869328301,2,5.949562869328301,1,0,1,anti_homophones
22772,jing4mA4li4,11,-7.613307246911538,3,7.613307246911538,1,0,0,anti_homophones
22773,zI4sI4,6,-6.024690260289363,2,6.024690260289363,1,0,0,anti_homophones
22774,shQ1shi4,8,-5.364649223286126,2,5.364649223286126,1,1,7,anti_homophones
22775,kUn1yang3,9,-6.929028989371857,2,6.929028989371857,1,0,0,anti_homophones
22776,ya3wo1chan2,11,-11.835398802162404,3,11.835398802162404,1,0,0,anti_homophones
22777,bE4yi1yV2,9,-8.476471805625023,3,8.476471805625023,1,0,0,anti_homophones
22778,hE1hA4,6,-5.22495030217214,2,5.22495030217214,1,1,4,anti_homophones
22779,ning4che1qK2,12,-9.98077836260943,3,9.98077836260943,1,0,0,anti_homophones
22780,pang4xin1gUn1,13,-9.219714047748724,3,9.219714047748724,1,0,0,anti_homophones
22781,la1sheng1,9,-5.973205526540273,2,5.973205526540273,1,0,0,anti_homophones
22782,wu3deng1jing1,13,-9.438514455827951,3,9.438514455827951,1,0,0,anti_homophones
22783,shi4ya5,7,-7.275396586035864,2,7.275396586035864,1,0,1,anti_homophones
22784,bQ4zi4,6,-6.0125741457266,2,6.0125741457266,1,0,7,anti_homophones
22785,ban1gA4,7,-6.311636843834256,2,6.311636843834256,1,0,2,anti_homophones
22786,sha1ba4,7,-6.456314379614948,2,6.456314379614948,1,0,2,anti_homophones
22787,mi2mQ1zhi2,10,-9.094650511764096,3,9.094650511764096,1,0,0,anti_homophones
22788,dW4sa3,6,-7.893364194281139,2,7.893364194281139,1,0,1,anti_homophones
22789,ye3yong4,8,-6.234525742524363,2,6.234525742524363,1,0,2,anti_homophones
22790,zhu2qW2bo2,10,-9.747909148570828,3,9.747909148570828,1,0,0,anti_homophones
22791,zhO2bQ4xM2,10,-9.449922536640294,3,9.449922536640294,1,0,0,anti_homophones
22792,ma1zI3,6,-6.254330061323692,2,6.254330061323692,1,0,2,anti_homophones
22793,hQ4bM2,6,-6.0204187204084105,2,6.0204187204084105,1,0,3,anti_homophones
22794,yi1di4,6,-4.694464767046614,2,4.694464767046614,1,1,15,anti_homophones
22795,shi4qK2,7,-5.162327757917765,2,5.162327757917765,1,0,1,anti_homophones
22796,ye2yi4,6,-5.71651373120619,2,5.71651373120619,1,0,8,anti_homophones
22797,yang1shang2ye2,14,-9.920870024224245,3,9.920870024224245,1,0,0,anti_homophones
22798,ri4min3,7,-7.110462426050259,2,7.110462426050259,1,0,2,anti_homophones
22799,xUn2gU1de2,10,-10.396660374439609,3,10.396660374439609,1,0,0,anti_homophones
22800,sheng1wu2ju1,12,-8.173005137894046,3,8.173005137894046,1,0,0,anti_homophones
22801,lu4jC2,6,-5.648268129055662,2,5.648268129055662,1,0,6,anti_homophones
22802,bA4gP3gu3,9,-9.162052926071555,3,9.162052926071555,1,0,0,anti_homophones
22803,zan4mu4du5,10,-11.360760404283623,3,11.360760404283623,1,0,0,anti_homophones
22804,lin2xing4,9,-6.008682265744429,2,6.008682265744429,1,0,3,anti_homophones
22805,jLng2da3jLn1,12,-9.586407792309252,3,9.586407792309252,1,0,0,anti_homophones
22806,qK2cheng2,9,-6.136275110529974,2,6.136275110529974,1,0,3,anti_homophones
22807,cong1yQ4,8,-6.86489158327837,2,6.86489158327837,1,0,0,anti_homophones
22808,gUn1dQ4,7,-5.4457658498521795,2,5.4457658498521795,1,0,3,anti_homophones
22809,hUng4xu4xLn2,12,-10.73068247401788,3,10.73068247401788,1,0,0,anti_homophones
22810,pang4qu3,8,-7.076495843622872,2,7.076495843622872,1,0,0,anti_homophones
22811,da4gQ1dQ4,9,-7.604250958785715,3,7.604250958785715,1,0,0,anti_homophones
22812,hU4hP4,6,-5.864645966593553,2,5.864645966593553,1,0,0,anti_homophones
22813,gO4tan2,7,-6.077735967698424,2,6.077735967698424,1,0,0,anti_homophones
22814,fu4V3,5,-6.485747952206426,2,6.485747952206426,1,1,3,anti_homophones
22815,shi2min2,8,-6.027742405787027,2,6.027742405787027,1,0,0,anti_homophones
22816,kong4shi2,9,-5.940729570597869,2,5.940729570597869,1,0,3,anti_homophones
22817,gQ1yQ1qK2,9,-7.735270849107822,3,7.735270849107822,1,0,0,anti_homophones
22818,ling2yV3zhi4,12,-8.557309973334872,3,8.557309973334872,1,0,0,anti_homophones
22819,ye3hQ3,6,-6.016105574079121,2,6.016105574079121,1,0,2,anti_homophones
22820,she2pA4,7,-6.336357799339438,2,6.336357799339438,1,0,1,anti_homophones
22821,ding4tA2,8,-6.152849884856766,2,6.152849884856766,1,0,4,anti_homophones
22822,nQ3sheng4,9,-6.397076620536453,2,6.397076620536453,1,0,2,anti_homophones
22823,xL1nan2,7,-6.511764214302802,2,6.511764214302802,1,0,1,anti_homophones
22824,bQ3zhUng1wen1,13,-9.637956022330899,3,9.637956022330899,1,0,0,anti_homophones
22825,si1an1da3,9,-9.547455825345581,3,9.547455825345581,1,0,0,anti_homophones
22826,jing4gQ4,8,-6.016253672007107,2,6.016253672007107,1,0,3,anti_homophones
22827,sV1sV3,6,-6.081337061838816,2,6.081337061838816,1,0,0,anti_homophones
22828,ben3hong4,9,-6.278845101389473,2,6.278845101389473,1,0,2,anti_homophones
22829,yi4zha4zi5,10,-8.216730266361171,3,8.216730266361171,1,0,0,anti_homophones
22830,ju4gI4,6,-6.421722512617591,2,6.421722512617591,1,0,1,anti_homophones
22831,wA4ban3,7,-5.744520041044108,2,5.744520041044108,1,0,1,anti_homophones
22832,wo1fang2,8,-6.583265652253327,2,6.583265652253327,1,0,1,anti_homophones
22833,yan3shi2,8,-5.319028429839523,2,5.319028429839523,1,2,6,anti_homophones
22834,zV3shu4,7,-5.483523657280848,2,5.483523657280848,1,0,3,anti_homophones
22835,jing4wu1lLn2,12,-9.469433218320214,3,9.469433218320214,1,0,0,anti_homophones
22836,jW1ji4ju2,9,-7.665523160649736,3,7.665523160649736,1,0,0,anti_homophones
22837,hI3hO2,6,-6.916769658806787,2,6.916769658806787,1,0,0,anti_homophones
22838,gu1xi4ban4,10,-8.825666783944502,3,8.825666783944502,1,0,0,anti_homophones
22839,he2dUn1,7,-5.996324957772843,2,5.996324957772843,1,0,1,anti_homophones
22840,jM4xLn2,7,-6.098252377951668,2,6.098252377951668,1,0,1,anti_homophones
22841,li4chV2,7,-6.5107537416713,2,6.5107537416713,1,0,1,anti_homophones
22842,yV2mV2,6,-5.842333102075885,2,5.842333102075885,1,0,1,anti_homophones
22843,xUn4mu4nLn2,11,-9.948985096300932,3,9.948985096300932,1,0,0,anti_homophones
22844,chV2dA4,7,-5.936470362186242,2,5.936470362186242,1,0,1,anti_homophones
22845,tI1gUn3,7,-6.116648316120687,2,6.116648316120687,1,0,2,anti_homophones
22846,li3hU2,6,-6.769992806486436,2,6.769992806486436,1,0,1,anti_homophones
22847,han4ling4,9,-6.842717658437967,2,6.842717658437967,1,0,3,anti_homophones
22848,yun4dan4,8,-6.242522178050607,2,6.242522178050607,1,1,1,anti_homophones
22849,gQ1ma3cQ2,9,-10.107856279297003,3,10.107856279297003,1,0,0,anti_homophones
22850,zhi1fa1jW3,10,-8.103306059551413,3,8.103306059551413,1,0,0,anti_homophones
22851,yV3hI1,6,-6.379127786891922,2,6.379127786891922,1,0,1,anti_homophones
22852,jM2chA2kUng2,12,-10.899213591143187,3,10.899213591143187,1,0,0,anti_homophones
22853,kA1yan2zI4,10,-8.822474701309817,3,8.822474701309817,1,0,0,anti_homophones
22854,er4yang2,8,-5.750515100488728,2,5.750515100488728,1,0,2,anti_homophones
22855,ye3xi3shi4,10,-8.248820827413192,3,8.248820827413192,1,0,0,anti_homophones
22856,dong4gU1,8,-7.128557502543551,2,7.128557502543551,1,0,1,anti_homophones
22857,bu4ka3,6,-4.9745469213728635,2,4.9745469213728635,1,0,6,anti_homophones
22858,yi1shV3,7,-4.74281084661901,2,4.74281084661901,1,0,8,anti_homophones
22859,bLn3du2lV2,10,-9.43172873531317,3,9.43172873531317,1,0,0,anti_homophones
22860,qLng3qK2,8,-6.136142461332807,2,6.136142461332807,1,0,2,anti_homophones
22861,shP4xLng4gO4,12,-10.045215380219704,3,10.045215380219704,1,0,0,anti_homophones
22862,lin2shP4,8,-6.620619784405256,2,6.620619784405256,1,0,0,anti_homophones
22863,li2xin1zhong4,13,-8.430954458958416,3,8.430954458958416,1,0,0,anti_homophones
22864,kQ3zheng4,9,-6.79695931626719,2,6.79695931626719,1,0,1,anti_homophones
22865,ji1kI1,6,-6.228561758370924,2,6.228561758370924,1,0,1,anti_homophones
22866,lO2dong4,8,-5.581583829618033,2,5.581583829618033,1,0,1,anti_homophones
22867,tong1cun3shu4,13,-9.745674271552154,3,9.745674271552154,1,0,0,anti_homophones
22868,zO4wE2chen1,11,-8.886215372023186,3,8.886215372023186,1,0,0,anti_homophones
22869,gUn1kUn3ban1,12,-9.82724653852921,3,9.82724653852921,1,0,0,anti_homophones
22870,jM1xW4yu4,9,-7.561213376089049,3,7.561213376089049,1,0,0,anti_homophones
22871,tQ2wu3,6,-6.038910681067267,2,6.038910681067267,1,0,1,anti_homophones
22872,ji4chI1,7,-6.924904900022886,2,6.924904900022886,1,0,2,anti_homophones
22873,shen4zi3,8,-5.790653247007072,2,5.790653247007072,1,0,2,anti_homophones
22874,bQ4zhi4,7,-5.149409559306448,2,5.149409559306448,1,0,7,anti_homophones
22875,qin1chan4,9,-6.3209046290914666,2,6.3209046290914666,1,0,1,anti_homophones
22876,yV3shi2,7,-4.9351471118974555,2,4.9351471118974555,1,0,6,anti_homophones
22877,wu2wan4lO5,10,-10.08544192894102,3,10.08544192894102,1,0,0,anti_homophones
22878,qi2fang3zhong1,14,-9.115762173504542,3,9.115762173504542,1,0,0,anti_homophones
22879,xLn2sA4,7,-6.535921315169392,2,6.535921315169392,1,0,2,anti_homophones
22880,mi3zi3,6,-6.5753512693012075,2,6.5753512693012075,1,0,1,anti_homophones
22881,jL1shi2,7,-5.381679115343555,2,5.381679115343555,1,0,4,anti_homophones
22882,tong2qu1,8,-5.942117007773482,2,5.942117007773482,1,0,2,anti_homophones
22883,da4zheng1,9,-5.46710738949975,2,5.46710738949975,1,0,3,anti_homophones
22884,jM2zi5,6,-4.750268001132493,2,4.750268001132493,1,1,6,anti_homophones
22885,qLn1shi1,8,-6.022353617744827,2,6.022353617744827,1,0,3,anti_homophones
22886,chen1ya3yan2,12,-9.462196917313873,3,9.462196917313873,1,0,0,anti_homophones
22887,tLn1lu4wu4,10,-8.708824737082814,3,8.708824737082814,1,0,0,anti_homophones
22888,bQ4min2jL5,10,-9.500353005224303,3,9.500353005224303,1,0,0,anti_homophones
22889,fu4zhen4kUn1,12,-9.587535151608455,3,9.587535151608455,1,0,0,anti_homophones
22890,tM3xC4,6,-7.044940102944329,2,7.044940102944329,1,0,0,anti_homophones
22891,wu1gan3,7,-6.128054366627942,2,6.128054366627942,1,0,1,anti_homophones
22892,bi3zhi1,7,-5.8310452317843176,2,5.8310452317843176,1,0,3,anti_homophones
22893,zhun4li4su4,11,-9.459652348418105,3,9.459652348418105,1,0,0,anti_homophones
22894,zhen4xin1ge1,12,-8.836152357610715,3,8.836152357610715,1,0,0,anti_homophones
22895,cO4an4,6,-5.4410615753639275,2,5.4410615753639275,1,0,1,anti_homophones
22896,chu1song1,9,-5.898430110769348,2,5.898430110769348,1,0,0,anti_homophones
22897,gUng3qi1pan2,12,-10.022677528218209,3,10.022677528218209,1,0,0,anti_homophones
22898,chang2rV4pA4,12,-8.543888509018306,3,8.543888509018306,1,0,0,anti_homophones
22899,zO3shi3ji4,10,-8.942846927884869,3,8.942846927884869,1,0,0,anti_homophones
22900,le4ting4,8,-6.458010875618879,2,6.458010875618879,1,0,0,anti_homophones
22901,xLng1yUn1,9,-7.142302378977371,2,7.142302378977371,1,0,4,anti_homophones
22902,gong1mu4,8,-5.704428012429044,2,5.704428012429044,1,0,5,anti_homophones
22903,lLng1tan1,9,-6.781996393519276,2,6.781996393519276,1,0,1,anti_homophones
22904,ti2shV3yQ4,10,-8.667531396319413,3,8.667531396319413,1,0,0,anti_homophones
22905,shi4gQ3,7,-6.408411556043334,2,6.408411556043334,1,0,3,anti_homophones
22906,xLng4zheng4,11,-6.171225818815931,2,6.171225818815931,1,0,3,anti_homophones
22907,shen4hO4,8,-6.2153005174038505,2,6.2153005174038505,1,0,1,anti_homophones
22908,qM1ming1,8,-6.5980817788844,2,6.5980817788844,1,0,2,anti_homophones
22909,pA3jLn3pang4,12,-10.065448281257057,3,10.065448281257057,1,0,0,anti_homophones
22910,fE1ci4,6,-5.593972269470472,2,5.593972269470472,1,0,5,anti_homophones
22911,jK3tLn1xi2,10,-8.32651994457678,3,8.32651994457678,1,0,0,anti_homophones
22912,ying2tV5,8,-5.956553140342024,2,5.956553140342024,1,0,0,anti_homophones
22913,fu4ru4,6,-5.404719433130769,2,5.404719433130769,1,1,7,anti_homophones
22914,tang1jin4,9,-6.435323245815606,2,6.435323245815606,1,0,1,anti_homophones
22915,feng4pa4,8,-6.8361154368317525,2,6.8361154368317525,1,0,1,anti_homophones
22916,fu4ming3yUn4,12,-8.625848061753805,3,8.625848061753805,1,0,0,anti_homophones
22917,chu1ji4,7,-5.150134801967528,2,5.150134801967528,1,0,7,anti_homophones
22918,gU1lang1shan4,13,-10.069211292223768,3,10.069211292223768,1,0,0,anti_homophones
22919,san1lA4,7,-6.5344657128686725,2,6.5344657128686725,1,0,2,anti_homophones
22920,dUn1yi4,7,-5.9363830782252025,2,5.9363830782252025,1,0,6,anti_homophones
22921,qK2chu2,7,-6.325542196998718,2,6.325542196998718,1,0,1,anti_homophones
22922,hA3zi5,6,-4.972551151625589,2,4.972551151625589,1,0,8,anti_homophones
22923,xL4shV3,7,-5.52863151242239,2,5.52863151242239,1,0,3,anti_homophones
22924,dW1mu4,6,-6.468097995700453,2,6.468097995700453,1,0,3,anti_homophones
22925,pan4ma2,7,-7.077985996211085,2,7.077985996211085,1,0,0,anti_homophones
22926,xM2lv4se4,9,-6.733190470783034,3,6.733190470783034,1,0,0,anti_homophones
22927,xing2pLn4ji1,12,-8.522902788354514,3,8.522902788354514,1,0,0,anti_homophones
22928,a1hu1,5,-6.435871285045483,2,6.435871285045483,1,0,3,anti_homophones
22929,kA1ren2,7,-5.5646685018176285,2,5.5646685018176285,1,0,0,anti_homophones
22930,cA1cheng2ding1,14,-9.962013111278857,3,9.962013111278857,1,0,0,anti_homophones
22931,re4shi4A2,9,-7.950761423554186,3,7.950761423554186,1,0,0,anti_homophones
22932,gu3yu3ru2,9,-9.249538503804734,3,9.249538503804734,1,0,0,anti_homophones
22933,da4zheng4,9,-5.674618581470603,2,5.674618581470603,1,0,3,anti_homophones
22934,jW1ge5,6,-6.640198541969499,2,6.640198541969499,1,0,1,anti_homophones
22935,can1gUn3,8,-5.9946953965265735,2,5.9946953965265735,1,0,4,anti_homophones
22936,lLng4jLn4li4,12,-8.354605167606197,3,8.354605167606197,1,0,0,anti_homophones
22937,yi2qUn2hI4,10,-8.869023167980151,3,8.869023167980151,1,0,0,anti_homophones
22938,zhu4di1,7,-7.047481414141908,2,7.047481414141908,1,0,4,anti_homophones
22939,yQ4yang4qi4,11,-8.620943001781985,3,8.620943001781985,1,0,0,anti_homophones
22940,lLn4pQ2,7,-6.611779182392853,2,6.611779182392853,1,0,0,anti_homophones
22941,gang2an4,8,-6.869378657281392,2,6.869378657281392,1,0,1,anti_homophones
22942,xing4li3yu3,11,-8.281219233138085,3,8.281219233138085,1,0,0,anti_homophones
22943,san1xLng1,9,-6.247357601887058,2,6.247357601887058,1,0,2,anti_homophones
22944,chong3sA4chang4,15,-9.604887640792466,3,9.604887640792466,1,0,0,anti_homophones
22945,ren2zu2ren2,11,-8.330678364510367,3,8.330678364510367,1,0,0,anti_homophones
22946,yV3shu1po4,10,-8.247579696663447,3,8.247579696663447,1,0,0,anti_homophones
22947,rang4er2qu4,11,-9.990706046725915,3,9.990706046725915,1,0,0,anti_homophones
22948,e2ming4,7,-5.61877295282751,2,5.61877295282751,1,0,3,anti_homophones
22949,jLn1lM4,7,-5.722812734304043,2,5.722812734304043,1,0,2,anti_homophones
22950,ri4rong4,8,-7.01994358569743,2,7.01994358569743,1,0,0,anti_homophones
22951,she4sun1mW3,11,-9.825344159136844,3,9.825344159136844,1,0,0,anti_homophones
22952,qi3hO3,6,-6.313594219910393,2,6.313594219910393,1,1,2,anti_homophones
22953,jing2ba1gUn3,12,-8.615840351233423,3,8.615840351233423,1,0,0,anti_homophones
22954,A2zhi2,6,-6.022178449272586,2,6.022178449272586,1,0,0,anti_homophones
22955,yV2wan2zhu3,11,-8.921827381441643,3,8.921827381441643,1,0,0,anti_homophones
22956,man2zhang3,10,-7.237686155223408,2,7.237686155223408,1,0,0,anti_homophones
22957,gong2jLn1,9,-6.061381981903781,2,6.061381981903781,1,0,1,anti_homophones
22958,bQ1wang2,8,-6.671765100568522,2,6.671765100568522,1,0,2,anti_homophones
22959,de2jLn3pA1,10,-11.247638394772833,3,11.247638394772833,1,0,0,anti_homophones
22960,hP2ceng1,8,-7.543860528121053,2,7.543860528121053,1,0,0,anti_homophones
22961,te4chV4,7,-6.899302293612565,2,6.899302293612565,1,0,0,anti_homophones
22962,xW3shang4jLn4,13,-8.430777987744131,3,8.430777987744131,1,0,0,anti_homophones
22963,dUn1yUn2,8,-5.943964787586556,2,5.943964787586556,1,0,1,anti_homophones
22964,si3xun4kU3,10,-10.743179883476733,3,10.743179883476733,1,0,0,anti_homophones
22965,dO1shV4,7,-5.86985577265525,2,5.86985577265525,1,0,2,anti_homophones
22966,gA3gUn3zV3,10,-8.886396244262716,3,8.886396244262716,1,0,0,anti_homophones
22967,bQ4shi2ting1,12,-9.260388955361334,3,9.260388955361334,1,0,0,anti_homophones
22968,qi3zhong4,9,-6.119683749221926,2,6.119683749221926,1,1,1,anti_homophones
22969,tu2du2,6,-5.875560715204843,2,5.875560715204843,1,0,4,anti_homophones
22970,wen2ting2,9,-6.43484834611425,2,6.43484834611425,1,0,3,anti_homophones
22971,jLn3dW4zi3,10,-8.609487735021263,3,8.609487735021263,1,0,0,anti_homophones
22972,ge2ming4,8,-5.487218941640479,2,5.487218941640479,1,0,3,anti_homophones
22973,pi1li5gI3,9,-7.826724002893642,3,7.826724002893642,1,0,0,anti_homophones
22974,tan2jL1su4,10,-8.01462141937571,3,8.01462141937571,1,0,0,anti_homophones
22975,ju3bQ4jing1,11,-8.40073026574459,3,8.40073026574459,1,0,0,anti_homophones
22976,yan3ting4,9,-6.736746818046692,2,6.736746818046692,1,0,1,anti_homophones
22977,mE4mu3,6,-7.019544662650097,2,7.019544662650097,1,0,1,anti_homophones
22978,ji3dan3tV2,10,-9.45428658023989,3,9.45428658023989,1,0,0,anti_homophones
22979,yi4xin4wE2,10,-8.868479860938,3,8.868479860938,1,0,0,anti_homophones
22980,zA4tA2,6,-5.424883677762136,2,5.424883677762136,1,0,4,anti_homophones
22981,da4song3fang1,13,-11.367235128640814,3,11.367235128640814,1,0,0,anti_homophones
22982,zhun2hU2,8,-7.2955391882887985,2,7.2955391882887985,1,0,0,anti_homophones
22983,dong4fu1,8,-6.557390465638274,2,6.557390465638274,1,0,1,anti_homophones
22984,bQ4kV3,6,-5.501499309991066,2,5.501499309991066,1,1,2,anti_homophones
22985,jK3bM3,6,-6.688270037464868,2,6.688270037464868,1,0,1,anti_homophones
22986,di1ci2,6,-5.870268458288433,2,5.870268458288433,1,0,3,anti_homophones
22987,cO4lO4bu4,9,-7.853006896261792,3,7.853006896261792,1,0,0,anti_homophones
22988,gong3yUn2,9,-5.851196709134181,2,5.851196709134181,1,1,0,anti_homophones
22989,bQ3lE2jLng2,11,-9.924263969703512,3,9.924263969703512,1,0,0,anti_homophones
22990,ri4gu3,6,-5.8262549795484695,2,5.8262549795484695,1,0,7,anti_homophones
22991,yi4ti3,6,-5.4595455137400535,2,5.4595455137400535,1,1,10,anti_homophones
22992,nang3bM2yQ4,11,-11.184266803873356,3,11.184266803873356,1,0,0,anti_homophones
22993,zi4xu5dQ4,9,-7.772772749195462,3,7.772772749195462,1,0,0,anti_homophones
22994,tA4zO4,6,-6.3358268388179475,2,6.3358268388179475,1,0,1,anti_homophones
22995,zheng1fu2zV4,12,-9.00432908228248,3,9.00432908228248,1,0,0,anti_homophones
22996,hQ2tA2qU4,9,-10.971222522573886,3,10.971222522573886,1,0,0,anti_homophones
22997,ye2yi3,6,-6.391776569699875,2,6.391776569699875,1,0,4,anti_homophones
22998,ju2xing2,8,-6.534227327478643,2,6.534227327478643,1,0,4,anti_homophones
22999,fan4yu3hang1,12,-9.296949158275504,3,9.296949158275504,1,0,0,anti_homophones
23000,chang2jM4,9,-6.309824166271619,2,6.309824166271619,1,0,0,anti_homophones
23001,jM4sA4,6,-5.698234344539852,2,5.698234344539852,1,1,1,anti_homophones
23002,zV4qin1,7,-6.86508372672976,2,6.86508372672976,1,0,1,anti_homophones
23003,shUn3mu4,8,-6.9981510294726545,2,6.9981510294726545,1,0,1,anti_homophones
23004,wu3fE4,6,-5.738603088988588,2,5.738603088988588,1,0,0,anti_homophones
23005,xW3shi4,7,-4.623133714717789,2,4.623133714717789,1,0,7,anti_homophones
23006,zi4li4shan1,11,-8.62540164407377,3,8.62540164407377,1,0,0,anti_homophones
23007,tQ2tV2,6,-4.836723629933453,2,4.836723629933453,1,1,5,anti_homophones
23008,kI4shi3nE4,10,-10.253962435371252,3,10.253962435371252,1,0,0,anti_homophones
23009,lv4zhu4,7,-6.562653580313755,2,6.562653580313755,1,0,2,anti_homophones
23010,lK2chi2bu4,10,-8.587047836836993,3,8.587047836836993,1,0,0,anti_homophones
23011,san1fu1,7,-6.354092214889598,2,6.354092214889598,1,0,1,anti_homophones
23012,zong2wang4,10,-6.845992115494632,2,6.845992115494632,1,0,0,anti_homophones
23013,pM1xi1,6,-6.680414959495328,2,6.680414959495328,1,0,0,anti_homophones
23014,zong1yi4,8,-5.650497453808753,2,5.650497453808753,1,0,3,anti_homophones
23015,fen1jW3long1,12,-9.029555214561173,3,9.029555214561173,1,0,0,anti_homophones
23016,da4xin4zi5,10,-7.031724747009037,3,7.031724747009037,1,0,0,anti_homophones
23017,jun1xL4qK1,10,-9.449003371062798,3,9.449003371062798,1,0,0,anti_homophones
23018,yin1si1tA2,10,-8.425083351026435,3,8.425083351026435,1,0,0,anti_homophones
23019,zO2wang2jW1,11,-9.407481072384485,3,9.407481072384485,1,0,0,anti_homophones
23020,da4nan2,7,-5.046165067001308,2,5.046165067001308,1,0,6,anti_homophones
23021,tLn1zheng1,10,-5.65109523956741,2,5.65109523956741,1,0,2,anti_homophones
23022,ying2jM4,8,-6.113474130141344,2,6.113474130141344,1,0,1,anti_homophones
23023,jun1zhang2,10,-5.868642964100245,2,5.868642964100245,1,0,2,anti_homophones
23024,xW3zhi2qu4,10,-8.020685835826244,3,8.020685835826244,1,0,0,anti_homophones
23025,ru2rO4,6,-6.408189497474402,2,6.408189497474402,1,0,0,anti_homophones
23026,chong1jL1,9,-5.985163786541077,2,5.985163786541077,1,0,4,anti_homophones
23027,gV4zhi2xu1,10,-9.657281840030373,3,9.657281840030373,1,0,0,anti_homophones
23028,A2bang2shi2,11,-9.225788519104032,3,9.225788519104032,1,0,0,anti_homophones
23029,A1shang4li3,11,-8.932165601982163,3,8.932165601982163,1,0,0,anti_homophones
23030,hA3lo2,6,-7.3760582469746545,2,7.3760582469746545,1,0,0,anti_homophones
23031,feng3er2,8,-6.366425979833994,2,6.366425979833994,1,0,0,anti_homophones
23032,gen1zan4wang3,13,-9.9709146029815,3,9.9709146029815,1,0,0,anti_homophones
23033,xUn2gQ3,7,-6.615356286486095,2,6.615356286486095,1,0,1,anti_homophones
23034,V2qing4,7,-8.391735952243016,2,8.391735952243016,1,0,1,anti_homophones
23035,che1de5,7,-5.965859853900879,2,5.965859853900879,1,1,2,anti_homophones
23036,xi1dong3,8,-6.396287622216738,2,6.396287622216738,1,0,1,anti_homophones
23037,shV1cang4,9,-6.056941485262108,2,6.056941485262108,1,0,1,anti_homophones
23038,gu1tV5,6,-6.34647761028482,2,6.34647761028482,1,0,1,anti_homophones
23039,dang2se4,8,-5.545262923019352,2,5.545262923019352,1,1,5,anti_homophones
23040,chu2zhu4,8,-6.268319634098301,2,6.268319634098301,1,0,3,anti_homophones
23041,yC4shi4jLng3,12,-8.966377734030484,3,8.966377734030484,1,0,0,anti_homophones
23042,ye3xing2zheng1,14,-8.35692256646337,3,8.35692256646337,1,0,0,anti_homophones
23043,shi1mi4,7,-6.191437970593056,2,6.191437970593056,1,0,9,anti_homophones
23044,tLn1shang3lO4,13,-8.782749306361625,3,8.782749306361625,1,0,0,anti_homophones
23045,jM2me5,6,-6.244745049951736,2,6.244745049951736,1,0,1,anti_homophones
23046,ling1xL4,8,-6.288635486784094,2,6.288635486784094,1,0,1,anti_homophones
23047,fu4qLn2,7,-5.587620747857516,2,5.587620747857516,1,0,2,anti_homophones
23048,xing1xi4kI2,11,-9.479247624679191,3,9.479247624679191,1,0,0,anti_homophones
23049,da4bQ1,6,-4.944971652485827,2,4.944971652485827,1,1,4,anti_homophones
23050,lQ3yan3jL1,10,-7.7093368001483995,3,7.7093368001483995,1,0,0,anti_homophones
23051,ding2shi4,9,-5.562189969828527,2,5.562189969828527,1,0,9,anti_homophones
23052,hQ2kong1ceng1,13,-10.01611225050763,3,10.01611225050763,1,0,0,anti_homophones
23053,bi4min2,7,-5.727273715865657,2,5.727273715865657,1,0,4,anti_homophones
23054,hU1zheng4,9,-6.136052578101571,2,6.136052578101571,1,0,1,anti_homophones
23055,chan1fa3mu3,11,-10.849484556767505,3,10.849484556767505,1,0,0,anti_homophones
23056,yu4xing5,8,-7.463195195720438,2,7.463195195720438,1,0,1,anti_homophones
23057,sQ3er3,6,-6.1214544693623125,2,6.1214544693623125,1,0,1,anti_homophones
23058,dong4de2,8,-6.461996960291169,2,6.461996960291169,1,0,1,anti_homophones
23059,tu3feng3,8,-6.417822363192856,2,6.417822363192856,1,0,0,anti_homophones
23060,song1qUn1zhU1,13,-11.220791164439175,3,11.220791164439175,1,0,0,anti_homophones
23061,fu4gUn4dA4,10,-8.163495863444238,3,8.163495863444238,1,0,0,anti_homophones
23062,feng1qYng1,10,-7.126960048814252,2,7.126960048814252,1,0,1,anti_homophones
23063,xC2yUn2,7,-4.827977575672398,2,4.827977575672398,1,1,1,anti_homophones
23064,lO2shan1,8,-7.02541060503981,2,7.02541060503981,1,0,0,anti_homophones
23065,shang1ju4,9,-6.045553183299312,2,6.045553183299312,1,0,2,anti_homophones
23066,qUn2shen1,9,-6.10109709251947,2,6.10109709251947,1,0,2,anti_homophones
23067,li2rong4yi4,11,-9.719499886791267,3,9.719499886791267,1,0,0,anti_homophones
23068,de2yi4,6,-5.213247502633171,2,5.213247502633171,1,0,6,anti_homophones
23069,ge1meng1,8,-5.935676463330857,2,5.935676463330857,1,0,2,anti_homophones
23070,yu2bW1,6,-6.621237427812958,2,6.621237427812958,1,0,0,anti_homophones
23071,ren2nv3er5,10,-8.187899870302191,3,8.187899870302191,1,0,0,anti_homophones
23072,qUn2shP4,8,-6.514768126448722,2,6.514768126448722,1,0,2,anti_homophones
23073,gUn3chi3qK2,11,-9.452699840525256,3,9.452699840525256,1,0,0,anti_homophones
23074,gu4ye4,6,-5.655023127748283,2,5.655023127748283,1,0,4,anti_homophones
23075,he2dM2,6,-5.117651908231544,2,5.117651908231544,1,0,2,anti_homophones
23076,ge4shV3,7,-5.985724320540772,2,5.985724320540772,1,0,0,anti_homophones
23077,kI3li2zi5,9,-8.338420131628562,3,8.338420131628562,1,0,0,anti_homophones
23078,shang2tu5,9,-6.5222387380289915,2,6.5222387380289915,1,0,1,anti_homophones
23079,can2du4,7,-6.4052500990662455,2,6.4052500990662455,1,0,1,anti_homophones
23080,tong2mQ5cQ1,11,-7.830457563763509,3,7.830457563763509,1,0,0,anti_homophones
23081,nW4cA4,6,-6.321132391821749,2,6.321132391821749,1,0,1,anti_homophones
23082,fan4dQ3shi3,11,-9.204881617841341,3,9.204881617841341,1,0,0,anti_homophones
23083,chUng4bu4jM4,12,-8.50451877525019,3,8.50451877525019,1,0,0,anti_homophones
23084,tan4nQ3,7,-6.653400803899691,2,6.653400803899691,1,0,1,anti_homophones
23085,pan4qing4ti3,12,-9.231659985459245,3,9.231659985459245,1,0,0,anti_homophones
23086,shan4deng1lUn4,14,-9.893137139684603,3,9.893137139684603,1,0,0,anti_homophones
23087,ji4ci2hUng3,11,-9.469573677059804,3,9.469573677059804,1,0,0,anti_homophones
23088,pi2tM3zi5,9,-7.881810297752236,3,7.881810297752236,1,0,0,anti_homophones
23089,jing4tM3,8,-7.7347803550232,2,7.7347803550232,1,0,1,anti_homophones
23090,da3gUn3,7,-5.1821523951064865,2,5.1821523951064865,1,0,4,anti_homophones
23091,wu3xLn2tV2,10,-8.64241354244258,3,8.64241354244258,1,0,0,anti_homophones
23092,xW3pan4,7,-5.703818642445922,2,5.703818642445922,1,2,2,anti_homophones
23093,du2xLn4,7,-5.4197559082537445,2,5.4197559082537445,1,0,3,anti_homophones
23094,bQ3ku4A4,8,-7.765516124480937,3,7.765516124480937,1,0,0,anti_homophones
23095,er4da5,6,-6.869708344335654,2,6.869708344335654,1,0,1,anti_homophones
23096,shu1tong1,9,-6.030538056000672,2,6.030538056000672,1,0,1,anti_homophones
23097,mE2ling4,8,-6.689593302886573,2,6.689593302886573,1,0,3,anti_homophones
23098,xLng4di4,8,-5.807480071877297,2,5.807480071877297,1,0,7,anti_homophones
23099,qi1xin1,7,-5.594775635746959,2,5.594775635746959,1,0,6,anti_homophones
23100,zhu2fa3,7,-6.058369088199282,2,6.058369088199282,1,0,5,anti_homophones
23101,zhu4shu4qi4,11,-7.832673478627115,3,7.832673478627115,1,0,0,anti_homophones
23102,chan3pW4,8,-6.699271506411026,2,6.699271506411026,1,0,0,anti_homophones
23103,chen1qi4,8,-5.340859719777634,2,5.340859719777634,1,0,3,anti_homophones
23104,da4hQ3yang1,11,-8.340479462780518,3,8.340479462780518,1,0,0,anti_homophones
23105,cha2jLn4zhu3,12,-8.55515685741387,3,8.55515685741387,1,0,0,anti_homophones
23106,cheng4hI4,9,-6.146880851471439,2,6.146880851471439,1,0,2,anti_homophones
23107,nQ3di4,6,-6.007795029542067,2,6.007795029542067,1,0,4,anti_homophones
23108,zhu4xC2,7,-5.478506587285147,2,5.478506587285147,1,0,2,anti_homophones
23109,gQ4fE4,6,-5.599954302098203,2,5.599954302098203,1,0,4,anti_homophones
23110,chUn4dV3,8,-6.937320546261011,2,6.937320546261011,1,0,0,anti_homophones
23111,dLn4tA2gu5,10,-9.10444154133595,3,9.10444154133595,1,0,0,anti_homophones
23112,ru2qYng2,8,-6.0845798759228735,2,6.0845798759228735,1,0,1,anti_homophones
23113,xYng2se4shi3,12,-9.141531570715244,3,9.141531570715244,1,0,0,anti_homophones
23114,hang1fu4,8,-6.505277666242847,2,6.505277666242847,1,0,2,anti_homophones
23115,V3fE1,5,-6.981205469885063,2,6.981205469885063,1,0,0,anti_homophones
23116,mu3dQ4,6,-6.063973674477383,2,6.063973674477383,1,0,8,anti_homophones
23117,zhen3zhi1xi1,12,-9.023246641454124,3,9.023246641454124,1,0,0,anti_homophones
23118,da3jLn4qLn2,11,-8.555081979820374,3,8.555081979820374,1,0,0,anti_homophones
23119,gu4ji4kang3,11,-9.590466182695915,3,9.590466182695915,1,0,0,anti_homophones
23120,tW4tu2zhang2,12,-8.754810268369214,3,8.754810268369214,1,0,0,anti_homophones
23121,hI2shV3,7,-5.577530568551429,2,5.577530568551429,1,0,3,anti_homophones
23122,bo2bing2jL1,11,-8.261044457901907,3,8.261044457901907,1,0,0,anti_homophones
23123,lin2xing1,9,-6.2236662270414485,2,6.2236662270414485,1,0,3,anti_homophones
23124,she4qun2ju4,11,-9.114750709141507,3,9.114750709141507,1,0,0,anti_homophones
23125,qLng1yV2,8,-6.369756240485006,2,6.369756240485006,1,0,0,anti_homophones
23126,jW4gA3,6,-6.723905848597361,2,6.723905848597361,1,0,0,anti_homophones
23127,zhi4shi3yong4,13,-8.837376789222889,3,8.837376789222889,1,0,0,anti_homophones
23128,da1li2,6,-6.251160953881135,2,6.251160953881135,1,0,3,anti_homophones
23129,ri4zhu2jin3,11,-9.781534456799353,3,9.781534456799353,1,0,0,anti_homophones
23130,fu4xun2,7,-6.034371415211946,2,6.034371415211946,1,0,0,anti_homophones
23131,ti3chUn4qi4,11,-9.040746857986276,3,9.040746857986276,1,0,0,anti_homophones
23132,tM3ben3,7,-5.424775027713827,2,5.424775027713827,1,0,1,anti_homophones
23133,cA1qu2chV3,10,-10.955688740026188,3,10.955688740026188,1,0,0,anti_homophones
23134,si1lA2,6,-5.450857928150951,2,5.450857928150951,1,0,4,anti_homophones
23135,ying4bE3,8,-7.619433178886454,2,7.619433178886454,1,0,1,anti_homophones
23136,dV3dan4ji1,10,-9.21013139495479,3,9.21013139495479,1,0,0,anti_homophones
23137,ge4er5,6,-4.911027947305876,2,4.911027947305876,1,0,1,anti_homophones
23138,bQ4zhV1,7,-6.307859177501934,2,6.307859177501934,1,0,1,anti_homophones
23139,ge1yu2,6,-6.113698167401615,2,6.113698167401615,1,0,1,anti_homophones
23140,te4yV2,6,-5.84965658027876,2,5.84965658027876,1,0,2,anti_homophones
23141,jLn3yQ4,7,-5.851308354677351,2,5.851308354677351,1,0,7,anti_homophones
23142,qing4ci2gQ1,11,-9.501530620460699,3,9.501530620460699,1,0,0,anti_homophones
23143,hV4ying4,8,-5.9340247210990595,2,5.9340247210990595,1,0,2,anti_homophones
23144,hV4yu4mM4,9,-8.746269000193315,3,8.746269000193315,1,0,0,anti_homophones
23145,ba1hong1,8,-6.89968140400927,2,6.89968140400927,1,0,0,anti_homophones
23146,qing2feng1,10,-5.915454638673351,2,5.915454638673351,1,0,3,anti_homophones
23147,ba2dQ1,6,-6.412303554671841,2,6.412303554671841,1,0,1,anti_homophones
23148,mo1dUn4,7,-6.41189077745309,2,6.41189077745309,1,0,1,anti_homophones
23149,hQ3yV2,6,-5.683725390291749,2,5.683725390291749,1,1,3,anti_homophones
23150,jLn3ci3,7,-7.11123243472416,2,7.11123243472416,1,0,0,anti_homophones
23151,chong2hUng1jLn4,15,-9.329951747554347,3,9.329951747554347,1,0,0,anti_homophones
23152,wA4pi2,6,-5.8369215075499135,2,5.8369215075499135,1,0,4,anti_homophones
23153,yong3ce4,8,-7.159976943680619,2,7.159976943680619,1,0,1,anti_homophones
23154,an1xLng4shu1,12,-8.9445763980395,3,8.9445763980395,1,0,0,anti_homophones
23155,zhang1pi4yang3,14,-10.26632991137642,3,10.26632991137642,1,0,0,anti_homophones
23156,dong1su4qUn2,12,-8.737075094346107,3,8.737075094346107,1,0,0,anti_homophones
23157,shen4ran2zhi3,13,-9.149264127742127,3,9.149264127742127,1,0,0,anti_homophones
23158,che1ma3,7,-6.054374730853515,2,6.054374730853515,1,0,0,anti_homophones
23159,ku3hV4,6,-6.013694489608774,2,6.013694489608774,1,0,6,anti_homophones
23160,gO3hu4yV3,9,-9.770485270918766,3,9.770485270918766,1,0,0,anti_homophones
23161,zhV4pan4,8,-7.064012711968959,2,7.064012711968959,1,0,1,anti_homophones
23162,shang3shi2,10,-5.648336055150395,2,5.648336055150395,1,0,3,anti_homophones
23163,pA3jL4,6,-6.218029186270375,2,6.218029186270375,1,0,2,anti_homophones
23164,dQ4she4,7,-6.195934342577338,2,6.195934342577338,1,0,1,anti_homophones
23165,yun4mo4,7,-6.520329928396225,2,6.520329928396225,1,0,1,anti_homophones
23166,xW3ta1chUn4,11,-9.497047462203362,3,9.497047462203362,1,0,0,anti_homophones
23167,fo2shu4,7,-6.20029596642434,2,6.20029596642434,1,0,1,anti_homophones
23168,xing1yang3,10,-6.455783666418738,2,6.455783666418738,1,0,0,anti_homophones
23169,ke3ke3ce4,9,-7.866326775439868,3,7.866326775439868,1,0,0,anti_homophones
23170,man3tong1zi5,12,-8.806556790989466,3,8.806556790989466,1,0,0,anti_homophones
23171,dLn3ya2,7,-6.128584819462844,2,6.128584819462844,1,0,1,anti_homophones
23172,ying2qu1zE2,11,-8.909870645536467,3,8.909870645536467,1,0,0,anti_homophones
23173,ping4tang2,10,-7.051876028074351,2,7.051876028074351,1,0,0,anti_homophones
23174,gUng2bang1,10,-7.685793970441131,2,7.685793970441131,1,0,0,anti_homophones
23175,shV3ji1,7,-4.902294701504662,2,4.902294701504662,1,0,5,anti_homophones
23176,ban4zhi1,8,-5.8336948830244655,2,5.8336948830244655,1,0,1,anti_homophones
23177,ling1hong2,10,-6.806058970579648,2,6.806058970579648,1,0,0,anti_homophones
23178,Q2tV5,5,-6.002084581741622,2,6.002084581741622,1,0,4,anti_homophones
23179,yu3hI1shi4,10,-8.359604574683457,3,8.359604574683457,1,0,0,anti_homophones
23180,si3she2,7,-6.802976335803363,2,6.802976335803363,1,0,1,anti_homophones
23181,jK3ju4jLn1,10,-8.73493757379065,3,8.73493757379065,1,0,0,anti_homophones
23182,wA4gUn1dUn4,11,-8.584419713402767,3,8.584419713402767,1,0,0,anti_homophones
23183,xC4bu4da2,9,-8.627137734130756,3,8.627137734130756,1,0,0,anti_homophones
23184,chen2shi4,9,-5.855582006874496,2,5.855582006874496,1,0,2,anti_homophones
23185,xL4yi1xK1,9,-8.552197135708097,3,8.552197135708097,1,0,0,anti_homophones
23186,xi1fu4,6,-5.626931162319297,2,5.626931162319297,1,0,13,anti_homophones
23187,xE4rong3,8,-11.873757440784061,2,11.873757440784061,1,0,0,anti_homophones
23188,shi3xing1,9,-6.162985448770285,2,6.162985448770285,1,0,3,anti_homophones
23189,lan2lO4yong4,12,-8.90245722179335,3,8.90245722179335,1,0,0,anti_homophones
23190,yi1xing2,8,-4.931382830374133,2,4.931382830374133,1,1,10,anti_homophones
23191,rQ3sheng1,9,-7.256118861361012,2,7.256118861361012,1,0,4,anti_homophones
23192,xL4shi2bW1,10,-8.459451247993272,3,8.459451247993272,1,0,0,anti_homophones
23193,bQ4zE2yu2,9,-8.434782621950077,3,8.434782621950077,1,0,0,anti_homophones
23194,hong3zhong1xin4,15,-9.808660895116903,3,9.808660895116903,1,0,0,anti_homophones
23195,ying2jLn1wu3,12,-8.969479487496672,3,8.969479487496672,1,0,0,anti_homophones
23196,gUng1tan2,9,-6.3457687731962835,2,6.3457687731962835,1,0,0,anti_homophones
23197,hO3gUng1dQ4,11,-8.886690641623973,3,8.886690641623973,1,0,0,anti_homophones
23198,men2ming2,9,-5.877907625085737,2,5.877907625085737,1,0,2,anti_homophones
23199,fu4he1fE4,9,-8.515223383755039,3,8.515223383755039,1,0,0,anti_homophones
23200,lv3deng3,8,-8.306345775552192,2,8.306345775552192,1,0,0,anti_homophones
23201,ren2wu1zhUn2,12,-9.441443753984364,3,9.441443753984364,1,0,0,anti_homophones
23202,ke3ze2,6,-5.3226364315937005,2,5.3226364315937005,1,1,4,anti_homophones
23203,xLng1hQ3kV3,11,-9.665676697656709,3,9.665676697656709,1,0,0,anti_homophones
23204,hong1dO1kP4,11,-8.878513312922587,3,8.878513312922587,1,0,0,anti_homophones
23205,zO4mu4wen4,10,-9.169181561928882,3,9.169181561928882,1,0,0,anti_homophones
23206,ren2hV2,7,-6.425814440727496,2,6.425814440727496,1,0,0,anti_homophones
23207,xW3bQ1bLn4,10,-8.406479153089972,3,8.406479153089972,1,0,0,anti_homophones
23208,nLng1sUn4yu3,12,-10.516426820383831,3,10.516426820383831,1,0,0,anti_homophones
23209,qi3bu4lW2,9,-8.144087007335633,3,8.144087007335633,1,0,0,anti_homophones
23210,man3jC2,7,-6.36933477957349,2,6.36933477957349,1,0,3,anti_homophones
23211,hang4ren4,9,-6.498408348825547,2,6.498408348825547,1,0,2,anti_homophones
23212,xing2dQ5,8,-6.780281318275058,2,6.780281318275058,1,0,2,anti_homophones
23213,ma3nQ4,6,-5.839383660397414,2,5.839383660397414,1,0,1,anti_homophones
23214,fa1kV3,6,-5.504062106373759,2,5.504062106373759,1,0,3,anti_homophones
23215,hI4yUn2,7,-5.27911924988673,2,5.27911924988673,1,1,5,anti_homophones
23216,zhUng1de2jin1,13,-9.41159688348382,3,9.41159688348382,1,0,0,anti_homophones
23217,dQ4tQ1yUn4,10,-9.771283526866892,3,9.771283526866892,1,0,0,anti_homophones
23218,zhang2bang3,11,-7.163702163367444,2,7.163702163367444,1,0,1,anti_homophones
23219,lK2rV4,6,-5.446958576689677,2,5.446958576689677,1,0,1,anti_homophones
23220,zI3lK2peng3,11,-11.082508559480843,3,11.082508559480843,1,0,0,anti_homophones
23221,zhun2xC2xing3,13,-9.762921394870942,3,9.762921394870942,1,0,0,anti_homophones
23222,xing2ying2wE2,13,-9.259200055886833,3,9.259200055886833,1,0,0,anti_homophones
23223,an1pA4,6,-6.072395043375855,2,6.072395043375855,1,0,0,anti_homophones
23224,chi2hO4,7,-6.301369970058372,2,6.301369970058372,1,0,0,anti_homophones
23225,bQ4fu3,6,-5.8791568490675665,2,5.8791568490675665,1,0,5,anti_homophones
23226,qLng1mE3,8,-7.013296929057306,2,7.013296929057306,1,0,0,anti_homophones
23227,zhan2shu3nUn3,13,-10.050347611301472,3,10.050347611301472,1,0,0,anti_homophones
23228,di4zi5,6,-5.0671468160168285,2,5.0671468160168285,1,1,13,anti_homophones
23229,di1mu4kan4,10,-9.325173649916483,3,9.325173649916483,1,0,0,anti_homophones
23230,qi4gUn3,7,-5.695417509546736,2,5.695417509546736,1,0,1,anti_homophones
23231,pang3che1,9,-7.027712774890861,2,7.027712774890861,1,0,2,anti_homophones
23232,shang4zhong1,12,-6.247807956582044,2,6.247807956582044,1,0,0,anti_homophones
23233,ba4shi4,7,-5.5284377743345035,2,5.5284377743345035,1,0,6,anti_homophones
23234,zhI1hong3,9,-6.838229866430108,2,6.838229866430108,1,0,2,anti_homophones
23235,fu4shen2,8,-5.6750758285454745,2,5.6750758285454745,1,0,4,anti_homophones
23236,V1dang3,7,-6.782965852511489,2,6.782965852511489,1,0,0,anti_homophones
23237,jM4ru4yV2,9,-8.827641544926655,3,8.827641544926655,1,0,0,anti_homophones
23238,cA3dI4,6,-6.625219306865565,2,6.625219306865565,1,0,1,anti_homophones
23239,A4dQ4tang2,10,-9.626277688566464,3,9.626277688566464,1,0,0,anti_homophones
23240,da4fen2zA4,10,-9.825381325701743,3,9.825381325701743,1,0,0,anti_homophones
23241,xC4rV4,6,-5.601067718201867,2,5.601067718201867,1,0,0,anti_homophones
23242,wang2dQ4,8,-5.79467605900112,2,5.79467605900112,1,0,6,anti_homophones
23243,gong1kA1fang3,13,-8.054144254048515,3,8.054144254048515,1,0,0,anti_homophones
23244,ke1ping4,8,-6.773750643490613,2,6.773750643490613,1,0,1,anti_homophones
23245,lun4chan2,9,-7.3054006237475875,2,7.3054006237475875,1,0,0,anti_homophones
23246,wE4zhI1fE1,10,-9.721330656039525,3,9.721330656039525,1,0,0,anti_homophones
23247,bu4tu3,6,-6.177839678631159,2,6.177839678631159,1,0,6,anti_homophones
23248,nLn4ji1bu4,10,-8.702919084109109,3,8.702919084109109,1,0,0,anti_homophones
23249,mE2zhu4,7,-5.893989431210617,2,5.893989431210617,1,0,2,anti_homophones
23250,qu3bu4,6,-6.184439094218726,2,6.184439094218726,1,0,4,anti_homophones
23251,yQ2gang4,8,-6.413949031261426,2,6.413949031261426,1,0,0,anti_homophones
23252,ji4yun4zi5,10,-7.567758571660325,3,7.567758571660325,1,0,0,anti_homophones
23253,si3ju3,6,-6.761121785429529,2,6.761121785429529,1,0,2,anti_homophones
23254,ding4shV4,9,-6.7499205103207025,2,6.7499205103207025,1,0,2,anti_homophones
23255,bQ4kan4gU1,10,-9.933896911418639,3,9.933896911418639,1,0,0,anti_homophones
23256,er3pan4ling2,12,-9.371121520729938,3,9.371121520729938,1,0,0,anti_homophones
23257,ma2yong1,8,-6.476860482804788,2,6.476860482804788,1,0,1,anti_homophones
23258,sA1xing4,8,-6.365190307547253,2,6.365190307547253,1,0,0,anti_homophones
23259,cha2yi4yUn4,11,-8.073998778606404,3,8.073998778606404,1,0,0,anti_homophones
23260,yu2yong1lLn4,12,-9.173053601080284,3,9.173053601080284,1,0,0,anti_homophones
23261,yan4shP1bA2,11,-9.201805661713083,3,9.201805661713083,1,0,0,anti_homophones
23262,tu2bu4jing2,11,-7.895701873928314,3,7.895701873928314,1,0,0,anti_homophones
23263,hA3pang2,8,-6.757250091677977,2,6.757250091677977,1,0,3,anti_homophones
23264,pLn4yin1,8,-6.621660635009994,2,6.621660635009994,1,0,0,anti_homophones
23265,rO4zhi2lQ2,10,-10.477705106615355,3,10.477705106615355,1,0,0,anti_homophones
23266,gu4dUn4,7,-6.481048009685917,2,6.481048009685917,1,0,0,anti_homophones
23267,sheng2kUn3pi4,13,-10.22937256607533,3,10.22937256607533,1,0,0,anti_homophones
23268,dLn4chong1zUn4,14,-10.313736302013478,3,10.313736302013478,1,0,0,anti_homophones
23269,jing4tA2,8,-5.714341997324699,2,5.714341997324699,1,0,5,anti_homophones
23270,wE4hu4,6,-5.782129547808375,2,5.782129547808375,1,0,5,anti_homophones
23271,jM3er2,6,-5.701855205190996,2,5.701855205190996,1,0,3,anti_homophones
23272,zan5da3kU3,10,-10.691049417186532,3,10.691049417186532,1,0,0,anti_homophones
23273,zu3zhi4lin2,11,-8.61143649134017,3,8.61143649134017,1,0,0,anti_homophones
23274,qi2chen1,8,-6.141658029005126,2,6.141658029005126,1,0,1,anti_homophones
23275,cheng1bi4lu4,12,-8.436335620585858,3,8.436335620585858,1,0,0,anti_homophones
23276,zhan4hO3,8,-6.399668354410224,2,6.399668354410224,1,0,1,anti_homophones
23277,qing2shi4,9,-5.160803058185694,2,5.160803058185694,1,1,10,anti_homophones
23278,ben3meng2,9,-6.669925507864194,2,6.669925507864194,1,0,0,anti_homophones
23279,shi4lK2lan4,11,-8.116800885019826,3,8.116800885019826,1,0,0,anti_homophones
23280,jin4sI4mu4,10,-8.671434110995966,3,8.671434110995966,1,0,0,anti_homophones
23281,nE4kP4,6,-6.001101939306009,2,6.001101939306009,1,0,4,anti_homophones
23282,dang2li4,8,-5.713773668356181,2,5.713773668356181,1,0,7,anti_homophones
23283,shan3xi1,8,-6.531713188551337,2,6.531713188551337,1,0,1,anti_homophones
23284,zi3hUn3,7,-7.1449652074085925,2,7.1449652074085925,1,0,1,anti_homophones
23285,qM1dA4ren2,10,-7.351353020616472,3,7.351353020616472,1,0,0,anti_homophones
23286,sI2ji1,6,-5.2789547076152,2,5.2789547076152,1,0,2,anti_homophones
23287,zhUn3lK1hI4,11,-9.68560729671741,3,9.68560729671741,1,0,0,anti_homophones
23288,she2chen1,9,-6.976595985886168,2,6.976595985886168,1,0,0,anti_homophones
23289,he4yi4,6,-5.728406230428087,2,5.728406230428087,1,0,12,anti_homophones
23290,nLn4ran2ce4,11,-9.709805743519874,3,9.709805743519874,1,0,0,anti_homophones
23291,zi4er5,6,-5.783809748357957,2,5.783809748357957,1,0,3,anti_homophones
23292,qun2chang4zhu3,14,-9.672405553354082,3,9.672405553354082,1,0,0,anti_homophones
23293,zheng1ling1wu4,14,-8.7988992946284,3,8.7988992946284,1,0,0,anti_homophones
23294,chu1shan4,9,-5.7276528419573385,2,5.7276528419573385,1,0,2,anti_homophones
23295,xW3jLn4jL1,10,-7.769642448383608,3,7.769642448383608,1,0,0,anti_homophones
23296,ying4qi4ji2,11,-8.356812887501398,3,8.356812887501398,1,0,0,anti_homophones
23297,dA4hU4wen2,10,-8.72015411559397,3,8.72015411559397,1,0,0,anti_homophones
23298,cang4hUng1nLn2,14,-10.274552384911454,3,10.274552384911454,1,0,0,anti_homophones
23299,shi2wen2,8,-5.523960080916999,2,5.523960080916999,1,0,4,anti_homophones
23300,yV2di4tQ2,9,-8.69379601639958,3,8.69379601639958,1,0,0,anti_homophones
23301,ku3xing3,8,-6.124244930834563,2,6.124244930834563,1,0,2,anti_homophones
23302,tu2jM3tV2,9,-10.294354597985219,3,10.294354597985219,1,0,0,anti_homophones
23303,ying2ban4e2,11,-8.849497085379983,3,8.849497085379983,1,0,0,anti_homophones
23304,ke3shi2,7,-5.430743190561208,2,5.430743190561208,1,0,4,anti_homophones
23305,zhe2ze2li4,10,-8.370260142612045,3,8.370260142612045,1,0,0,anti_homophones
23306,ta1gan1mM4,10,-9.809206322438957,3,9.809206322438957,1,0,0,anti_homophones
23307,jin1yin1chang2,14,-8.852963188865987,3,8.852963188865987,1,0,0,anti_homophones
23308,la1shan1,8,-6.746905579539708,2,6.746905579539708,1,0,0,anti_homophones
23309,zhu4li4,7,-5.107374278450943,2,5.107374278450943,1,1,14,anti_homophones
23310,sA1xLng1dQ4,11,-9.024067353566428,3,9.024067353566428,1,0,0,anti_homophones
23311,fang3bu4,8,-5.74228058892493,2,5.74228058892493,1,0,3,anti_homophones
23312,cang1di3,8,-6.955937340218939,2,6.955937340218939,1,0,1,anti_homophones
23313,chQ2xLn1zhu4,12,-8.979940095713198,3,8.979940095713198,1,0,0,anti_homophones
23314,tang4hU4,8,-5.773920300328142,2,5.773920300328142,1,0,2,anti_homophones
23315,li2xL4yQ4,9,-8.19288501564381,3,8.19288501564381,1,0,0,anti_homophones
23316,she4de5,7,-6.315550125741148,2,6.315550125741148,1,0,0,anti_homophones
23317,xW3qu4di4,9,-8.111984278945583,3,8.111984278945583,1,0,0,anti_homophones
23318,da2yan4,7,-7.058009776753735,2,7.058009776753735,1,0,2,anti_homophones
23319,chV2Q4bu4,9,-9.9933884950311,3,9.9933884950311,1,0,0,anti_homophones
23320,cheng2ci1,9,-7.08106580349981,2,7.08106580349981,1,0,0,anti_homophones
23321,chong1zi5,9,-5.459395011598803,2,5.459395011598803,1,0,2,anti_homophones
23322,she4deng1,9,-6.639362743970459,2,6.639362743970459,1,0,1,anti_homophones
23323,gu4qLn2gong3,12,-9.574935232236689,3,9.574935232236689,1,0,0,anti_homophones
23324,xin1shan1,9,-6.257070442794766,2,6.257070442794766,1,0,0,anti_homophones
23325,li2hU4qi4,9,-7.6370080317390014,3,7.6370080317390014,1,0,0,anti_homophones
23326,jing4cu4lK2,11,-10.164035912608647,3,10.164035912608647,1,0,0,anti_homophones
23327,ta1wan3,7,-6.60002320345723,2,6.60002320345723,1,0,0,anti_homophones
23328,zi4tUn1,7,-7.115196980038615,2,7.115196980038615,1,0,1,anti_homophones
23329,ri4yun4,7,-6.117887052749713,2,6.117887052749713,1,0,3,anti_homophones
23330,kan1sheng1wu4,13,-8.674079598992453,3,8.674079598992453,1,0,0,anti_homophones
23331,po4xun2wen2,11,-8.694557425647398,3,8.694557425647398,1,0,0,anti_homophones
23332,fang1li4,8,-5.664689225516048,2,5.664689225516048,1,0,7,anti_homophones
23333,fen3shI4,8,-6.602642544525802,2,6.602642544525802,1,0,1,anti_homophones
23334,tu4zhang4,9,-6.621184400023664,2,6.621184400023664,1,0,3,anti_homophones
23335,shang4qLn2ying1,15,-9.400150289494903,3,9.400150289494903,1,0,0,anti_homophones
23336,xK1zha4he5,10,-10.096643802781783,3,10.096643802781783,1,0,0,anti_homophones
23337,jW4di4dW4,9,-10.215189023018347,3,10.215189023018347,1,0,0,anti_homophones
23338,ci4ju2,6,-5.96039482317027,2,5.96039482317027,1,0,4,anti_homophones
23339,shQ1gan1dLn4,12,-9.214885672800671,3,9.214885672800671,1,0,0,anti_homophones
23340,yan1zhe3,8,-6.060505615242676,2,6.060505615242676,1,0,2,anti_homophones
23341,ba3tong1,8,-6.290971398664344,2,6.290971398664344,1,0,2,anti_homophones
23342,gO2zA1,6,-7.187478073076679,2,7.187478073076679,1,0,0,anti_homophones
23343,pen1ru2,7,-7.384345185474679,2,7.384345185474679,1,0,1,anti_homophones
23344,leng1si1bQ4,11,-9.697552107984958,3,9.697552107984958,1,0,0,anti_homophones
23345,da4shV3shang1,13,-8.666372334632031,3,8.666372334632031,1,0,0,anti_homophones
23346,shi1ci2,7,-5.760307783601671,2,5.760307783601671,1,0,2,anti_homophones
23347,ji4san1rong2,12,-9.378143399314778,3,9.378143399314778,1,0,0,anti_homophones
23348,tA4ye4,6,-5.311631990717317,2,5.311631990717317,1,0,5,anti_homophones
23349,feng1yin1zhi4,13,-8.362898916166072,3,8.362898916166072,1,0,0,anti_homophones
23350,zI4hU1nW4,9,-9.665254843958772,3,9.665254843958772,1,0,0,anti_homophones
23351,bu3yQ5shO1,10,-9.635844205062407,3,9.635844205062407,1,0,0,anti_homophones
23352,pan2shu3,8,-6.669405330666037,2,6.669405330666037,1,0,1,anti_homophones
23353,yu2gong1,8,-5.786521352438433,2,5.786521352438433,1,0,1,anti_homophones
23354,wen4ye4,7,-5.970434666719437,2,5.970434666719437,1,0,1,anti_homophones
23355,ying2ya2,8,-6.146546282385769,2,6.146546282385769,1,0,3,anti_homophones
23356,xC4sheng2,9,-6.124515101701023,2,6.124515101701023,1,0,2,anti_homophones
23357,xun2zheng1,10,-6.175000760216952,2,6.175000760216952,1,0,1,anti_homophones
23358,hong2tUn2,9,-6.623228638219774,2,6.623228638219774,1,0,0,anti_homophones
23359,tLn1A4,6,-5.609139571397614,2,5.609139571397614,1,0,5,anti_homophones
23360,pQ4tA4,6,-6.378830964658904,2,6.378830964658904,1,0,2,anti_homophones
23361,yV3xun2,7,-6.035185152395188,2,6.035185152395188,1,0,0,anti_homophones
23362,mo2nLn2,7,-5.738517197145722,2,5.738517197145722,1,0,2,anti_homophones
23363,yong1gQ1,8,-6.533042603969682,2,6.533042603969682,1,0,0,anti_homophones
23364,bA2bW3,6,-6.706968704641312,2,6.706968704641312,1,0,0,anti_homophones
23365,zO4hO3,6,-6.2301104344638105,2,6.2301104344638105,1,0,1,anti_homophones
23366,gQ1yQ4,6,-4.951300920609531,2,4.951300920609531,1,0,10,anti_homophones
23367,sI4zhi2,7,-6.5494883829769925,2,6.5494883829769925,1,0,0,anti_homophones
23368,wu4si5,6,-6.604996130554943,2,6.604996130554943,1,0,3,anti_homophones
23369,xLn2xin1,8,-5.7615148493784405,2,5.7615148493784405,1,0,2,anti_homophones
23370,shV4bLn1,8,-5.930920822169409,2,5.930920822169409,1,0,2,anti_homophones
23371,re4hV4,6,-5.7701698922722855,2,5.7701698922722855,1,0,3,anti_homophones
23372,mLn4zhang4,10,-6.139837380900887,2,6.139837380900887,1,0,3,anti_homophones
23373,tW1che1,7,-6.24803820038645,2,6.24803820038645,1,0,3,anti_homophones
23374,xing4tan2,9,-6.367568032358677,2,6.367568032358677,1,0,1,anti_homophones
23375,leng1tW2,8,-6.22541844192574,2,6.22541844192574,1,0,0,anti_homophones
23376,feng1bE4,8,-5.97593330217561,2,5.97593330217561,1,0,1,anti_homophones
23377,shQ3shu4,8,-6.233070787980736,2,6.233070787980736,1,0,2,anti_homophones
23378,zong2kong2,10,-6.601149126120747,2,6.601149126120747,1,0,1,anti_homophones
23379,sha1ge2,7,-6.1351890680610035,2,6.1351890680610035,1,0,1,anti_homophones
23380,kong2se4,8,-5.6208897773068704,2,5.6208897773068704,1,0,4,anti_homophones
23381,nLn1zhu3,8,-7.8947933826909615,2,7.8947933826909615,1,0,2,anti_homophones
23382,li4wu4,6,-5.693633422671713,2,5.693633422671713,1,0,8,anti_homophones
23383,mQ4shi4,7,-5.468266204933691,2,5.468266204933691,1,0,11,anti_homophones
23384,qLn1nan4,8,-6.475264947741078,2,6.475264947741078,1,0,3,anti_homophones
23385,fa4gUng4,8,-7.032921954129035,2,7.032921954129035,1,0,1,anti_homophones
23386,qLng4li4,8,-5.489961149485046,2,5.489961149485046,1,0,8,anti_homophones
23387,wu1ren2,7,-5.136557122861026,2,5.136557122861026,1,1,4,anti_homophones
23388,zQ3an4,6,-5.488210669781209,2,5.488210669781209,1,0,2,anti_homophones
23389,qUn2shan3,9,-6.597396673696861,2,6.597396673696861,1,0,0,anti_homophones
23390,mA4lLn4,7,-6.39423298111252,2,6.39423298111252,1,0,0,anti_homophones
23391,zhong1xLng4,11,-5.685985601129082,2,5.685985601129082,1,0,2,anti_homophones
23392,mE3chan4,8,-6.231317333398845,2,6.231317333398845,1,0,0,anti_homophones
23393,qi3lW2,6,-6.495911722748304,2,6.495911722748304,1,0,0,anti_homophones
23394,xLng3jL1,8,-5.890353776684207,2,5.890353776684207,1,0,1,anti_homophones
23395,tQ2ta1,6,-6.578398186559764,2,6.578398186559764,1,0,0,anti_homophones
23396,bW1zhang2,9,-5.836258049476647,2,5.836258049476647,1,1,2,anti_homophones
23397,can1sO3,7,-6.505332798903185,2,6.505332798903185,1,0,2,anti_homophones
23398,qun2yC1,7,-6.525065606982871,2,6.525065606982871,1,0,1,anti_homophones
23399,bA2yV2,6,-5.4694039883724015,2,5.4694039883724015,1,0,3,anti_homophones
23400,chun3ji2,8,-6.688661492500708,2,6.688661492500708,1,0,2,anti_homophones
23401,bi4zhe3,7,-5.674370224283653,2,5.674370224283653,1,0,4,anti_homophones
23402,rUn3gUn4,8,-6.661747240942471,2,6.661747240942471,1,0,0,anti_homophones
23403,jing1dong1,10,-6.0880517060216865,2,6.0880517060216865,1,0,0,anti_homophones
23404,zhan3jM1,8,-6.920009852262015,2,6.920009852262015,1,0,0,anti_homophones
23405,qin2min3,8,-6.944003246383458,2,6.944003246383458,1,0,2,anti_homophones
23406,yin3cha1,8,-6.676823076861047,2,6.676823076861047,1,0,0,anti_homophones
23407,cang2ren2,9,-5.817477144192424,2,5.817477144192424,1,0,5,anti_homophones
23408,wang3shi4,9,-5.55600713079914,2,5.55600713079914,1,0,5,anti_homophones
23409,xL2qu1,6,-5.531360806068555,2,5.531360806068555,1,0,1,anti_homophones
23410,jL1shI4,7,-6.16469126984525,2,6.16469126984525,1,0,2,anti_homophones
23411,ran2po1,7,-7.240539715906087,2,7.240539715906087,1,0,0,anti_homophones
23412,song3yi4,8,-6.466313990287566,2,6.466313990287566,1,0,2,anti_homophones
23413,dUn4shang3,10,-6.79261542962328,2,6.79261542962328,1,0,0,anti_homophones
23414,mang4hen1,9,-8.084560767909908,2,8.084560767909908,1,0,0,anti_homophones
23415,chI1jin4,8,-6.386198928619836,2,6.386198928619836,1,0,1,anti_homophones
23416,jing2ci2,8,-5.756890364123599,2,5.756890364123599,1,0,5,anti_homophones
23417,cha2yi4,7,-5.289949012874909,2,5.289949012874909,1,0,6,anti_homophones
23418,bu4tI4,6,-5.936029315311441,2,5.936029315311441,1,0,4,anti_homophones
23419,she2xing1,9,-6.489211984322495,2,6.489211984322495,1,0,2,anti_homophones
23420,bi4hu4,6,-5.531001957036554,2,5.531001957036554,1,0,10,anti_homophones
23421,she4xing4,9,-5.40433843591027,2,5.40433843591027,1,0,5,anti_homophones
23422,xu4jing3,8,-6.408148672967854,2,6.408148672967854,1,0,4,anti_homophones
23423,yu3tA2,6,-6.503650361975557,2,6.503650361975557,1,0,1,anti_homophones
23424,fu4ren2,7,-4.850072946883503,2,4.850072946883503,1,1,9,anti_homophones
23425,ji2jL1,6,-5.273073970162002,2,5.273073970162002,1,0,7,anti_homophones
23426,hE1shI4,7,-6.175819617146594,2,6.175819617146594,1,0,3,anti_homophones
23427,dan4gO2,7,-6.3533156642211654,2,6.3533156642211654,1,0,2,anti_homophones
23428,han2shi4,8,-6.243424996846965,2,6.243424996846965,1,0,3,anti_homophones
23429,hUng2bLn4,9,-6.629561078586975,2,6.629561078586975,1,0,1,anti_homophones
23430,qing2yu4,8,-5.914044494338313,2,5.914044494338313,1,0,5,anti_homophones
23431,mQ4mLn2,7,-6.817949595088006,2,6.817949595088006,1,0,2,anti_homophones
23432,dLn3ta4,7,-6.568515902627688,2,6.568515902627688,1,0,2,anti_homophones
23433,gUng1dQ4,8,-5.9054737643945385,2,5.9054737643945385,1,0,1,anti_homophones
23434,lang1fa2,8,-7.999096212888663,2,7.999096212888663,1,0,0,anti_homophones
23435,di4sheng2,9,-6.179824974901283,2,6.179824974901283,1,0,2,anti_homophones
23436,zhO1hI4,7,-5.77642140082148,2,5.77642140082148,1,0,1,anti_homophones
23437,kUn1zheng3,10,-7.298406052235697,2,7.298406052235697,1,0,0,anti_homophones
23438,hUng1le4,8,-6.81500891303552,2,6.81500891303552,1,0,1,anti_homophones
23439,shV1shi3,8,-6.0099137661944395,2,6.0099137661944395,1,0,3,anti_homophones
23440,dUn4hI4,7,-6.303899250651375,2,6.303899250651375,1,0,1,anti_homophones
23441,han4shu1,8,-6.365721366780946,2,6.365721366780946,1,0,3,anti_homophones
23442,wen3chUn2,9,-7.590301395026886,2,7.590301395026886,1,0,0,anti_homophones
23443,yC4hU1,6,-6.740263171691585,2,6.740263171691585,1,0,2,anti_homophones
23444,xW3mW4,6,-5.575921319541128,2,5.575921319541128,1,0,5,anti_homophones
23445,xi1gUn3,7,-5.579659982400182,2,5.579659982400182,1,1,2,anti_homophones
23446,chen3shi4,9,-5.896228509570511,2,5.896228509570511,1,0,2,anti_homophones
23447,yC4cA5,6,-6.842744625613052,2,6.842744625613052,1,0,1,anti_homophones
23448,mE2tV5,6,-5.701796706345219,2,5.701796706345219,1,0,2,anti_homophones
23449,na2ren4,7,-6.131670276357023,2,6.131670276357023,1,0,0,anti_homophones
23450,jLn4lun2,8,-6.166098881057019,2,6.166098881057019,1,0,1,anti_homophones
23451,zhong1xM3,9,-6.240058159677008,2,6.240058159677008,1,0,0,anti_homophones
23452,bA3bE4,6,-5.758720591390027,2,5.758720591390027,1,0,3,anti_homophones
23453,xi3yUng2,8,-9.330188603206954,2,9.330188603206954,1,0,0,anti_homophones
23454,zhen1xi1,8,-5.751955837191521,2,5.751955837191521,1,0,4,anti_homophones
23455,shen1xLn4,9,-5.441197121925456,2,5.441197121925456,1,0,5,anti_homophones
23456,ang1xing3,9,-7.659132101585707,2,7.659132101585707,1,0,0,anti_homophones
23457,xW1hU4,6,-4.898352253992638,2,4.898352253992638,1,0,6,anti_homophones
23458,wu1du4,6,-5.871115648444375,2,5.871115648444375,1,0,6,anti_homophones
23459,yi4jing2,8,-5.769049374643404,2,5.769049374643404,1,0,2,anti_homophones
23460,xu1dLn4,7,-5.84452305404785,2,5.84452305404785,1,0,4,anti_homophones
23461,lK2xC3,6,-5.865804406193853,2,5.865804406193853,1,0,0,anti_homophones
23462,xLn4xLng4,9,-5.782581525561895,2,5.782581525561895,1,0,1,anti_homophones
23463,sO3bu4,6,-5.230079416787857,2,5.230079416787857,1,1,5,anti_homophones
23464,ming4qi4,8,-5.418228322524293,2,5.418228322524293,1,0,3,anti_homophones
23465,jC2yUn2,7,-4.860063156920835,2,4.860063156920835,1,1,4,anti_homophones
23466,da1ling2,8,-6.2339372400032715,2,6.2339372400032715,1,0,1,anti_homophones
23467,zhQ4shi1,8,-5.780104954325028,2,5.780104954325028,1,1,2,anti_homophones
23468,hA3hang1,8,-6.825452330924267,2,6.825452330924267,1,0,0,anti_homophones
23469,chu1yang3,9,-6.033061273872597,2,6.033061273872597,1,0,1,anti_homophones
23470,he2xM3,6,-5.633396549958138,2,5.633396549958138,1,0,0,anti_homophones
23471,cun3ru3,7,-7.8155828476338876,2,7.8155828476338876,1,0,0,anti_homophones
23472,dQ4cA4,6,-5.779738621326793,2,5.779738621326793,1,1,1,anti_homophones
23473,shun3bLn4,9,-7.147075317416392,2,7.147075317416392,1,0,1,anti_homophones
23474,tM3ban3,7,-5.547128918947598,2,5.547128918947598,1,0,4,anti_homophones
23475,pu3tLn1,7,-5.679083306361344,2,5.679083306361344,1,0,0,anti_homophones
23476,xL4fen4,7,-6.111459526691089,2,6.111459526691089,1,0,2,anti_homophones
23477,zhu3mE4,7,-6.292845726073737,2,6.292845726073737,1,0,0,anti_homophones
23478,leng4hQ3,8,-7.3161989840124475,2,7.3161989840124475,1,0,0,anti_homophones
23479,xLn2nW3,7,-6.80861619804799,2,6.80861619804799,1,0,0,anti_homophones
23480,ban4du4,7,-5.752677864521138,2,5.752677864521138,1,0,4,anti_homophones
23481,yC4shang3,9,-6.412777300582717,2,6.412777300582717,1,0,0,anti_homophones
23482,gQ1nQ4,6,-6.165271738608477,2,6.165271738608477,1,0,4,anti_homophones
23483,pu1shan2,8,-7.249949179779398,2,7.249949179779398,1,0,0,anti_homophones
23484,dW4cha2,7,-5.797239071535605,2,5.797239071535605,1,0,0,anti_homophones
23485,zhen2jL1,8,-5.826574624272008,2,5.826574624272008,1,0,0,anti_homophones
23486,feng1deng2,10,-6.280293005554435,2,6.280293005554435,1,0,1,anti_homophones
23487,ge4han3,7,-7.207767404957693,2,7.207767404957693,1,0,0,anti_homophones
23488,qLng1wan2,9,-6.7208374436958085,2,6.7208374436958085,1,0,1,anti_homophones
23489,shan4bi3,8,-6.074579798413208,2,6.074579798413208,1,0,1,anti_homophones
23490,cu1dA4,6,-6.320059376590137,2,6.320059376590137,1,0,3,anti_homophones
23491,ke1yi2,6,-7.009871335419771,2,7.009871335419771,1,0,0,anti_homophones
23492,zhun4yV3,8,-7.225569235172256,2,7.225569235172256,1,0,0,anti_homophones
23493,tun1yC1,7,-6.67979484226575,2,6.67979484226575,1,0,0,anti_homophones
23494,ban1shI3,8,-6.152287289889967,2,6.152287289889967,1,0,1,anti_homophones
23495,qi4yu2,6,-5.676917139089822,2,5.676917139089822,1,0,3,anti_homophones
23496,yin2jun1,8,-6.167691329304173,2,6.167691329304173,1,0,3,anti_homophones
23497,xC2tu2,6,-5.616287495744057,2,5.616287495744057,1,0,1,anti_homophones
23498,an1man3,7,-6.412458956732327,2,6.412458956732327,1,0,0,anti_homophones
23499,wu3dLn4,7,-5.405896934881659,2,5.405896934881659,1,0,3,anti_homophones
23500,A1mA4,5,-5.326850624257906,2,5.326850624257906,1,1,2,anti_homophones
23501,ding4nLn2,9,-6.51206882441708,2,6.51206882441708,1,0,0,anti_homophones
23502,jLn1zheng1,10,-5.760186841746294,2,5.760186841746294,1,0,5,anti_homophones
23503,tLn1lun4,8,-6.4461145466822805,2,6.4461145466822805,1,0,1,anti_homophones
23504,qin1chV2,8,-6.511700289719487,2,6.511700289719487,1,0,1,anti_homophones
23505,lQ3hU4,6,-4.820377226368861,2,4.820377226368861,1,1,7,anti_homophones
23506,kong2tang1,10,-7.277476902538708,2,7.277476902538708,1,0,0,anti_homophones
23507,er4xing1,8,-5.715525255371695,2,5.715525255371695,1,0,1,anti_homophones
23508,de5jL4,6,-6.202731513247362,2,6.202731513247362,1,0,2,anti_homophones
23509,qUn2qK2,7,-5.47663188179535,2,5.47663188179535,1,0,2,anti_homophones
23510,shen1du4,8,-5.572620402381747,2,5.572620402381747,1,0,3,anti_homophones
23511,tLn1he2,7,-5.425927774107864,2,5.425927774107864,1,0,0,anti_homophones
23512,deng4si1,8,-7.121573622386198,2,7.121573622386198,1,0,0,anti_homophones
23513,zhi1lv4,7,-5.641975640558901,2,5.641975640558901,1,0,3,anti_homophones
23514,kA1si3,6,-6.352418480802871,2,6.352418480802871,1,0,0,anti_homophones
23515,nE4hu4,6,-5.464958676000787,2,5.464958676000787,1,0,3,anti_homophones
23516,kUng2ju2,8,-6.9043511771511,2,6.9043511771511,1,0,0,anti_homophones
23517,zI4jLn4,7,-5.940764975787561,2,5.940764975787561,1,0,7,anti_homophones
23518,jW1shV3,7,-5.560539346434979,2,5.560539346434979,1,0,1,anti_homophones
23519,yUn2yUn2,8,-5.172953923576938,2,5.172953923576938,1,0,4,anti_homophones
23520,yong1kong2,10,-6.903559102481537,2,6.903559102481537,1,0,0,anti_homophones
23521,yun4zhe3,8,-5.694159250754373,2,5.694159250754373,1,0,2,anti_homophones
23522,wu2fa3,6,-4.987336006024216,2,4.987336006024216,1,0,6,anti_homophones
23523,pi1chang1,9,-6.610764617164885,2,6.610764617164885,1,0,2,anti_homophones
23524,wE4ma1,6,-7.906914879550681,2,7.906914879550681,1,0,0,anti_homophones
23525,yC4feng3,8,-6.466881064484859,2,6.466881064484859,1,1,1,anti_homophones
23526,si1wE4,6,-5.450353627671711,2,5.450353627671711,1,0,5,anti_homophones
23527,wA1wang2,8,-6.278255578251005,2,6.278255578251005,1,0,0,anti_homophones
23528,xi1ren2,7,-4.929807526318332,2,4.929807526318332,1,1,9,anti_homophones
23529,hV4bi3,6,-5.887915173442766,2,5.887915173442766,1,0,4,anti_homophones
23530,cU1jLng4,8,-8.836080221721632,2,8.836080221721632,1,0,0,anti_homophones
23531,cA3bing3,8,-6.676063168155767,2,6.676063168155767,1,0,1,anti_homophones
23532,er3ti3,6,-5.253770151630141,2,5.253770151630141,1,0,1,anti_homophones
23533,zA4ci2,6,-5.788277491136458,2,5.788277491136458,1,1,4,anti_homophones
23534,bQ3wen4,7,-5.6263912677651104,2,5.6263912677651104,1,0,4,anti_homophones
23535,shV4hUng1,9,-6.619861127685154,2,6.619861127685154,1,0,0,anti_homophones
23536,gong3yi4,8,-5.811884152000045,2,5.811884152000045,1,0,5,anti_homophones
23537,nE4wu3,6,-6.027102197774595,2,6.027102197774595,1,0,1,anti_homophones
23538,qLn1wE2,7,-5.982437195411051,2,5.982437195411051,1,0,2,anti_homophones
23539,wo1chi1,7,-7.096235382294255,2,7.096235382294255,1,0,0,anti_homophones
23540,qLng1peng4,10,-7.190872906896585,2,7.190872906896585,1,0,0,anti_homophones
23541,an1shen2,8,-6.183057460445421,2,6.183057460445421,1,0,0,anti_homophones
23542,ju4jin1,7,-5.692316503499569,2,5.692316503499569,1,0,4,anti_homophones
23543,yi4yC1,6,-5.6823474942853505,2,5.6823474942853505,1,0,3,anti_homophones
23544,chu1er5,7,-6.146289281548611,2,6.146289281548611,1,0,1,anti_homophones
23545,ding4shi4,9,-5.643627026974908,2,5.643627026974908,1,0,7,anti_homophones
23546,ju1zhen2,8,-6.505290346371407,2,6.505290346371407,1,0,2,anti_homophones
23547,dLn3yUn2,8,-5.273741987493862,2,5.273741987493862,1,0,1,anti_homophones
23548,pu1mo2,6,-6.57527165803612,2,6.57527165803612,1,0,1,anti_homophones
23549,li3ca1,6,-7.120348950417774,2,7.120348950417774,1,0,0,anti_homophones
23550,yong4di4,8,-6.275758567466467,2,6.275758567466467,1,0,3,anti_homophones
23551,qLn3jL4,7,-6.166595703886534,2,6.166595703886534,1,0,1,anti_homophones
23552,su1dA4,6,-6.222178890894882,2,6.222178890894882,1,0,2,anti_homophones
23553,qL4ren2,7,-5.200340831606119,2,5.200340831606119,1,0,3,anti_homophones
23554,zang4li4,8,-6.25575650784657,2,6.25575650784657,1,0,3,anti_homophones
23555,ding2hU2,8,-6.59348899716441,2,6.59348899716441,1,0,1,anti_homophones
23556,hA3V3,5,-5.62528486918237,2,5.62528486918237,1,0,2,anti_homophones
23557,er3gu3,6,-5.5444444005524405,2,5.5444444005524405,1,0,3,anti_homophones
23558,hI2gu3,6,-5.19682078260075,2,5.19682078260075,1,0,2,anti_homophones
23559,can1bing1,9,-6.345079879877347,2,6.345079879877347,1,0,1,anti_homophones
23560,hun1fan1,8,-6.947428850094773,2,6.947428850094773,1,0,0,anti_homophones
23561,zhi3di4,7,-5.663219808264558,2,5.663219808264558,1,0,5,anti_homophones
23562,shI3xL4,7,-5.497238428336605,2,5.497238428336605,1,0,1,anti_homophones
23563,jing4shan1,10,-6.784020994053794,2,6.784020994053794,1,0,1,anti_homophones
23564,wE2wang3,8,-6.24660294231099,2,6.24660294231099,1,0,0,anti_homophones
23565,yV2xM3,6,-5.929510022121817,2,5.929510022121817,1,0,0,anti_homophones
23566,yQ1bing4,8,-5.987023371550682,2,5.987023371550682,1,0,2,anti_homophones
23567,jC2shu3,7,-5.993967001034549,2,5.993967001034549,1,0,2,anti_homophones
23568,da4yu4,6,-5.098751257419517,2,5.098751257419517,1,1,15,anti_homophones
23569,gu3gO2,6,-5.57080740983638,2,5.57080740983638,1,0,1,anti_homophones
23570,kV3jing3,8,-6.685712977373315,2,6.685712977373315,1,0,1,anti_homophones
23571,ti2tu5,6,-6.9381136637623735,2,6.9381136637623735,1,0,1,anti_homophones
23572,qi2qu3,6,-5.657317794998591,2,5.657317794998591,1,0,1,anti_homophones
23573,bQ4ling2,8,-5.978025869007231,2,5.978025869007231,1,0,6,anti_homophones
23574,di1xi1,6,-6.013952535691622,2,6.013952535691622,1,0,2,anti_homophones
23575,tong2ji1,8,-5.64788937858117,2,5.64788937858117,1,0,7,anti_homophones
23576,ping4mu4,8,-6.3035118943441795,2,6.3035118943441795,1,0,3,anti_homophones
23577,cA4tu2,6,-6.136472246336147,2,6.136472246336147,1,0,1,anti_homophones
23578,kong1hun1,9,-6.997719308765785,2,6.997719308765785,1,0,0,anti_homophones
23579,jing1qUn3,9,-6.963249752804613,2,6.963249752804613,1,0,3,anti_homophones
23580,bi4shV3,7,-5.766669262268626,2,5.766669262268626,1,0,5,anti_homophones
23581,gang2mQ4,8,-6.542329920371447,2,6.542329920371447,1,0,4,anti_homophones
23582,tu3qu4,6,-5.809753955255489,2,5.809753955255489,1,0,2,anti_homophones
23583,gu1er2,6,-5.188463971567727,2,5.188463971567727,1,0,1,anti_homophones
23584,yu4yang1,8,-6.451145829329588,2,6.451145829329588,1,0,2,anti_homophones
23585,shi4dUn3,8,-5.91127236101136,2,5.91127236101136,1,0,2,anti_homophones
23586,pE4shu4,7,-5.932815162171842,2,5.932815162171842,1,0,1,anti_homophones
23587,he4lB4,6,-6.8039626445826435,2,6.8039626445826435,1,0,1,anti_homophones
23588,wu3dan4,7,-6.1086200063127265,2,6.1086200063127265,1,0,3,anti_homophones
23589,chong2jL1,9,-5.950673748225229,2,5.950673748225229,1,0,3,anti_homophones
23590,ke1xC4,6,-5.321939866478554,2,5.321939866478554,1,1,3,anti_homophones
23591,xi1dang1,8,-6.545727028088772,2,6.545727028088772,1,0,0,anti_homophones
23592,bQ3shi4,7,-4.869987532783404,2,4.869987532783404,1,1,15,anti_homophones
23593,zhUn1ji1,8,-5.702523483994094,2,5.702523483994094,1,0,0,anti_homophones
23594,yi2lun2,7,-6.26650458353351,2,6.26650458353351,1,0,0,anti_homophones
23595,chUn4zhu4,9,-6.367851833653564,2,6.367851833653564,1,0,1,anti_homophones
23596,xYng2hO3,8,-6.358785111546648,2,6.358785111546648,1,0,1,anti_homophones
23597,fE1zhan4,8,-6.0084777732014265,2,6.0084777732014265,1,0,1,anti_homophones
23598,re4wan3,7,-7.082853238833722,2,7.082853238833722,1,0,0,anti_homophones
23599,kan3dang2,9,-7.541534164202056,2,7.541534164202056,1,0,0,anti_homophones
23600,xi1bE1,6,-5.8838679435513015,2,5.8838679435513015,1,0,2,anti_homophones
23601,zhi4ren2,8,-5.193715931978391,2,5.193715931978391,1,0,7,anti_homophones
23602,jM2lun2,7,-6.105240806093169,2,6.105240806093169,1,0,1,anti_homophones
23603,gO3gu4,6,-6.888977171666042,2,6.888977171666042,1,0,3,anti_homophones
23604,tan4fa3,7,-5.953068857518109,2,5.953068857518109,1,0,5,anti_homophones
23605,an4zan4,7,-6.90177550733125,2,6.90177550733125,1,0,0,anti_homophones
23606,lO4yi4,6,-5.592630525696255,2,5.592630525696255,1,0,9,anti_homophones
23607,dO3zhe3,7,-6.691516940502781,2,6.691516940502781,1,0,1,anti_homophones
23608,qUn4min2,8,-7.3101244501456195,2,7.3101244501456195,1,0,0,anti_homophones
23609,mu4dLn3,7,-5.758939206275264,2,5.758939206275264,1,0,2,anti_homophones
23610,wu3zhUng1,9,-6.102148826768962,2,6.102148826768962,1,0,1,anti_homophones
23611,cang2cha1,9,-7.155304770036995,2,7.155304770036995,1,0,1,anti_homophones
23612,ji2wE4,6,-5.927554460912244,2,5.927554460912244,1,0,2,anti_homophones
23613,qing3gQ3,8,-6.0430543550926865,2,6.0430543550926865,1,0,2,anti_homophones
23614,chang3xLn4,10,-6.02324971603756,2,6.02324971603756,1,0,0,anti_homophones
23615,nK2zhan4,8,-6.484176047578827,2,6.484176047578827,1,0,0,anti_homophones
23616,mE2po4,6,-5.940663699186516,2,5.940663699186516,1,0,2,anti_homophones
23617,xun1lUn4,8,-7.326445995643018,2,7.326445995643018,1,0,0,anti_homophones
23618,zhO3ya1,7,-9.085967683578028,2,9.085967683578028,1,0,0,anti_homophones
23619,jL4qi1,6,-5.869611454635223,2,5.869611454635223,1,0,0,anti_homophones
23620,lang4wE4,8,-6.628928037217592,2,6.628928037217592,1,0,0,anti_homophones
23621,fE3di4,6,-6.683895839199681,2,6.683895839199681,1,0,1,anti_homophones
23622,kA1e2,5,-5.677195565447384,2,5.677195565447384,1,1,2,anti_homophones
23623,jM2de5,6,-6.292430666073833,2,6.292430666073833,1,0,2,anti_homophones
23624,shi4he2,7,-5.340291594208904,2,5.340291594208904,1,0,5,anti_homophones
23625,hang2ren3,9,-7.006879319051758,2,7.006879319051758,1,0,1,anti_homophones
23626,deng1ting4,10,-6.660742037086654,2,6.660742037086654,1,0,1,anti_homophones
23627,ke4hu4,6,-5.587517377355306,2,5.587517377355306,1,0,7,anti_homophones
23628,ba1wen2,7,-5.720877737495598,2,5.720877737495598,1,0,3,anti_homophones
23629,dang3du3,8,-7.589495589020164,2,7.589495589020164,1,0,0,anti_homophones
23630,de5su2,6,-7.449845824121438,2,7.449845824121438,1,0,0,anti_homophones
23631,chong1shi4,10,-5.562292249126962,2,5.562292249126962,1,0,3,anti_homophones
23632,jW1zi5,6,-5.1251417387794564,2,5.1251417387794564,1,0,6,anti_homophones
23633,can1fan3,8,-6.427831613761034,2,6.427831613761034,1,0,1,anti_homophones
23634,chu1xin4,8,-5.747033171118525,2,5.747033171118525,1,0,4,anti_homophones
23635,lLng4jun4,9,-7.370204946037275,2,7.370204946037275,1,0,1,anti_homophones
23636,bQ3dI4,6,-5.683944331775059,2,5.683944331775059,1,0,3,anti_homophones
23637,xM2yi4,6,-5.275964136079778,2,5.275964136079778,1,0,7,anti_homophones
23638,hI1feng4,8,-6.102507512936936,2,6.102507512936936,1,0,1,anti_homophones
23639,fan4fang2,9,-6.175648084412418,2,6.175648084412418,1,0,0,anti_homophones
23640,da4fu3,6,-5.174412546631836,2,5.174412546631836,1,0,5,anti_homophones
23641,nLn2jL4,7,-5.7418768093575085,2,5.7418768093575085,1,0,0,anti_homophones
23642,fang1jLn1,9,-6.244388091034028,2,6.244388091034028,1,1,0,anti_homophones
23643,jW1hu1,6,-5.3354277660871485,2,5.3354277660871485,1,0,1,anti_homophones
23644,qLn1jing2,9,-5.933147245314071,2,5.933147245314071,1,0,4,anti_homophones
23645,gen1xL1,7,-7.695926174909522,2,7.695926174909522,1,0,0,anti_homophones
23646,shu4shi2,8,-5.277930846889068,2,5.277930846889068,1,0,6,anti_homophones
23647,dang1bQ1,8,-6.894134315936401,2,6.894134315936401,1,0,0,anti_homophones
23648,ju3xing3,8,-6.8751485357553355,2,6.8751485357553355,1,0,2,anti_homophones
23649,hA4qu1,6,-6.576890387157579,2,6.576890387157579,1,0,1,anti_homophones
23650,feng3ran2,9,-6.3296882320908665,2,6.3296882320908665,1,0,0,anti_homophones
23651,xW1shi3,7,-5.547483088000631,2,5.547483088000631,1,0,4,anti_homophones
23652,chO4dLn3,8,-6.7150986587324,2,6.7150986587324,1,0,0,anti_homophones
23653,zong1dV3,8,-6.980297925563458,2,6.980297925563458,1,0,0,anti_homophones
23654,gU4hUn1,7,-6.934426465266813,2,6.934426465266813,1,0,1,anti_homophones
23655,xYng3li4,8,-6.530081893223193,2,6.530081893223193,1,0,1,anti_homophones
23656,fu2shu4,7,-5.58374681038835,2,5.58374681038835,1,0,5,anti_homophones
23657,pa2shV1,7,-6.502725167322477,2,6.502725167322477,1,0,1,anti_homophones
23658,qYng1yC4,8,-7.048142784801249,2,7.048142784801249,1,0,0,anti_homophones
23659,tW4mo2,6,-7.582760269777736,2,7.582760269777736,1,0,0,anti_homophones
23660,lan4wen1,8,-7.619186643565189,2,7.619186643565189,1,0,1,anti_homophones
23661,A1wE4,5,-5.856104553468124,2,5.856104553468124,1,0,2,anti_homophones
23662,ya1zQ3,6,-6.337662430664894,2,6.337662430664894,1,0,3,anti_homophones
23663,gQ1zi3,6,-5.388321800458204,2,5.388321800458204,1,0,5,anti_homophones
23664,zi1yang3,8,-6.540184988999143,2,6.540184988999143,1,0,2,anti_homophones
23665,gA3dQ3,6,-5.974455729860351,2,5.974455729860351,1,0,0,anti_homophones
23666,bA2lW4,6,-5.315286197508053,2,5.315286197508053,1,0,2,anti_homophones
23667,yi1lM4,6,-5.136044228760593,2,5.136044228760593,1,0,11,anti_homophones
23668,mA4lv4,6,-5.47513466981801,2,5.47513466981801,1,0,7,anti_homophones
23669,jing1qu1,8,-5.818938562280651,2,5.818938562280651,1,0,3,anti_homophones
23670,hI2cheng2,9,-5.906291422282652,2,5.906291422282652,1,0,2,anti_homophones
23671,wang1ke1,8,-6.942810506131258,2,6.942810506131258,1,0,0,anti_homophones
23672,zi4yang3,8,-5.720589968338557,2,5.720589968338557,1,1,3,anti_homophones
23673,bu4yUn2,7,-4.67615564596697,2,4.67615564596697,1,1,9,anti_homophones
23674,bi2qi4,6,-5.402065146722855,2,5.402065146722855,1,0,3,anti_homophones
23675,bing1cha2,9,-6.269478825369545,2,6.269478825369545,1,0,2,anti_homophones
23676,gUn3jLng2,9,-6.505610011430826,2,6.505610011430826,1,0,1,anti_homophones
23677,lv3bLn4,7,-6.808447870689467,2,6.808447870689467,1,0,2,anti_homophones
23678,zhang4jing3,11,-6.71111982271963,2,6.71111982271963,1,0,0,anti_homophones
23679,jLn4dUn4,8,-5.765823166212293,2,5.765823166212293,1,0,3,anti_homophones
23680,weng4jLn4,9,-7.75594080749186,2,7.75594080749186,1,0,0,anti_homophones
23681,en1jing2,8,-6.681154182911597,2,6.681154182911597,1,0,2,anti_homophones
23682,hong2qi4,8,-5.870567543889607,2,5.870567543889607,1,0,2,anti_homophones
23683,yu4cA5,6,-7.236196812834002,2,7.236196812834002,1,0,1,anti_homophones
23684,feng2se4,8,-5.281258614601698,2,5.281258614601698,1,0,0,anti_homophones
23685,tong2shV3,9,-5.918959810356648,2,5.918959810356648,1,0,1,anti_homophones
23686,jW4lLng5,8,-7.081398048076876,2,7.081398048076876,1,0,0,anti_homophones
23687,xu1chi2,7,-6.7267126425120285,2,6.7267126425120285,1,0,1,anti_homophones
23688,lW2dI3,6,-8.068419904056354,2,8.068419904056354,1,0,0,anti_homophones
23689,yu2he2,6,-6.369904602541519,2,6.369904602541519,1,0,2,anti_homophones
23690,nan2jLn1,8,-6.123701507536533,2,6.123701507536533,1,0,2,anti_homophones
23691,hO3shu1,7,-5.59791833111143,2,5.59791833111143,1,0,2,anti_homophones
23692,bE4se4,6,-5.936787155194223,2,5.936787155194223,1,0,4,anti_homophones
23693,jLn4hA4,7,-6.193887686259789,2,6.193887686259789,1,1,5,anti_homophones
23694,qi1xM3,6,-6.3731248763466715,2,6.3731248763466715,1,0,3,anti_homophones
23695,lv4hU4,6,-4.950570096390802,2,4.950570096390802,1,0,1,anti_homophones
23696,yan1jK3,7,-6.528905950242406,2,6.528905950242406,1,0,1,anti_homophones
23697,kUng4shi4,9,-6.058738252948245,2,6.058738252948245,1,0,1,anti_homophones
23698,kan1tI3,7,-6.8687351980959575,2,6.8687351980959575,1,0,0,anti_homophones
23699,bA2shu4,7,-5.4579122820276815,2,5.4579122820276815,1,0,5,anti_homophones
23700,mu3di3,6,-6.7711139309602,2,6.7711139309602,1,0,2,anti_homophones
23701,gU2lLng5,8,-9.576387265307122,2,9.576387265307122,1,0,0,anti_homophones
23702,ying4xL4,8,-5.949813211464098,2,5.949813211464098,1,0,0,anti_homophones
23703,dong3qUn2,9,-6.443529853549063,2,6.443529853549063,1,0,1,anti_homophones
23704,yu4xW4,6,-5.63452939147375,2,5.63452939147375,1,0,3,anti_homophones
23705,he2sUn4,7,-5.274219136827455,2,5.274219136827455,1,0,2,anti_homophones
23706,sheng2zA4,9,-6.4704825394185335,2,6.4704825394185335,1,0,2,anti_homophones
23707,ya2tV2,6,-5.866968031010251,2,5.866968031010251,1,0,2,anti_homophones
23708,po1dong2,8,-6.5316847651407635,2,6.5316847651407635,1,0,0,anti_homophones
23709,qLn3tO1,7,-7.125040114971234,2,7.125040114971234,1,0,0,anti_homophones
23710,si4jing1,8,-6.180889120988582,2,6.180889120988582,1,0,2,anti_homophones
23711,si3bLn4,7,-5.909950652790617,2,5.909950652790617,1,0,4,anti_homophones
23712,lin2zhang3,10,-6.326587772777281,2,6.326587772777281,1,0,0,anti_homophones
23713,dA4yu2,6,-5.628681294535096,2,5.628681294535096,1,0,4,anti_homophones
23714,lQ2du4,6,-5.158141825485193,2,5.158141825485193,1,0,7,anti_homophones
23715,cQ3sha1,7,-6.4324756366688804,2,6.4324756366688804,1,0,1,anti_homophones
23716,wu2su2,6,-5.675907253383592,2,5.675907253383592,1,1,6,anti_homophones
23717,ge4cQ1,6,-7.004812625931898,2,7.004812625931898,1,0,0,anti_homophones
23718,ding1ming2,10,-6.451382846984382,2,6.451382846984382,1,0,1,anti_homophones
23719,za2hu4,6,-6.178481409955543,2,6.178481409955543,1,0,2,anti_homophones
23720,tLn2jW4,7,-6.7586612785113624,2,6.7586612785113624,1,0,0,anti_homophones
23721,ding4yan2,9,-6.241298349582598,2,6.241298349582598,1,0,0,anti_homophones
23722,nan4gUng1,9,-6.871339937468456,2,6.871339937468456,1,0,2,anti_homophones
23723,hV4zi5,6,-5.074512880182582,2,5.074512880182582,1,0,5,anti_homophones
23724,jW3xLng4,8,-5.686195502715842,2,5.686195502715842,1,0,1,anti_homophones
23725,zhV1qing3,9,-6.624924691135831,2,6.624924691135831,1,0,1,anti_homophones
23726,lQ3hu1,6,-5.343448205503371,2,5.343448205503371,1,1,5,anti_homophones
23727,she2sang2,9,-7.9780129321829625,2,7.9780129321829625,1,0,0,anti_homophones
23728,er4le4,6,-5.599875019322369,2,5.599875019322369,1,0,1,anti_homophones
23729,yu2ke4,6,-5.506357514700896,2,5.506357514700896,1,0,5,anti_homophones
23730,xM2yang2,8,-6.216317030725375,2,6.216317030725375,1,0,1,anti_homophones
23731,lQ3man3,7,-5.900939978233326,2,5.900939978233326,1,0,2,anti_homophones
23732,feng4yUn3,9,-6.731681341268164,2,6.731681341268164,1,0,0,anti_homophones
23733,bi2xLng3,8,-6.530920757283259,2,6.530920757283259,1,0,4,anti_homophones
23734,kI2kV3,6,-5.645879146686329,2,5.645879146686329,1,0,1,anti_homophones
23735,nLn2kV3,7,-6.070076696948003,2,6.070076696948003,1,0,1,anti_homophones
23736,chen4qu3,8,-6.73597412015848,2,6.73597412015848,1,0,3,anti_homophones
23737,bQ3yUn2,7,-5.3217028364647625,2,5.3217028364647625,1,0,6,anti_homophones
23738,ru3ku4,6,-7.578419319418761,2,7.578419319418761,1,0,3,anti_homophones
23739,he3wu1,6,-9.270699923808852,2,9.270699923808852,1,0,1,anti_homophones
23740,hang2ming2,10,-6.586455597455412,2,6.586455597455412,1,0,0,anti_homophones
23741,pLn4lin2,8,-6.759370639867477,2,6.759370639867477,1,0,0,anti_homophones
23742,gQ1pW4,6,-5.435103555052206,2,5.435103555052206,1,0,1,anti_homophones
23743,yin3xing3,9,-6.271923367770722,2,6.271923367770722,1,0,2,anti_homophones
23744,gQ1zhang1,9,-5.996825059388543,2,5.996825059388543,1,0,0,anti_homophones
23745,yan3zhang2,10,-6.084651977120218,2,6.084651977120218,1,0,2,anti_homophones
23746,da4dI4,6,-4.933089027685136,2,4.933089027685136,1,1,10,anti_homophones
23747,zhi2xL4,7,-5.874942142647274,2,5.874942142647274,1,0,1,anti_homophones
23748,kU1jLn4,7,-6.2950443473152085,2,6.2950443473152085,1,0,1,anti_homophones
23749,tong1zhe3,9,-5.65092731626252,2,5.65092731626252,1,0,2,anti_homophones
23750,hV4xun2,7,-6.228541144617556,2,6.228541144617556,1,0,0,anti_homophones
23751,han1ci2,7,-6.667210221047449,2,6.667210221047449,1,0,1,anti_homophones
23752,mu2zhi4,7,-6.186589736570918,2,6.186589736570918,1,0,3,anti_homophones
23753,wE1dV3,6,-6.369347708480207,2,6.369347708480207,1,0,0,anti_homophones
23754,a1gan1,6,-6.693991991573075,2,6.693991991573075,1,0,1,anti_homophones
23755,tLn1dV4,7,-5.9983658584251325,2,5.9983658584251325,1,0,6,anti_homophones
23756,xu4xLng1,8,-6.091743718736272,2,6.091743718736272,1,0,3,anti_homophones
23757,wE3xC2,6,-5.715407490341981,2,5.715407490341981,1,0,1,anti_homophones
23758,di1la1,6,-6.4937528603148085,2,6.4937528603148085,1,0,2,anti_homophones
23759,la1wan1,7,-6.7808737729027015,2,6.7808737729027015,1,0,3,anti_homophones
23760,qW1qi4,6,-5.514960119583418,2,5.514960119583418,1,1,2,anti_homophones
23761,hu1li4,6,-6.238645071355752,2,6.238645071355752,1,0,4,anti_homophones
23762,tI1gu1,6,-6.567457149962239,2,6.567457149962239,1,0,1,anti_homophones
23763,zhi2xC2,7,-5.89873562169785,2,5.89873562169785,1,0,1,anti_homophones
23764,tan2sa4,7,-6.867709958311378,2,6.867709958311378,1,0,0,anti_homophones
23765,long1wu4,8,-6.274360819022496,2,6.274360819022496,1,0,6,anti_homophones
23766,hI2jL4,6,-5.756293365553111,2,5.756293365553111,1,0,1,anti_homophones
23767,nUn3zang4,9,-7.6907591844335315,2,7.6907591844335315,1,0,0,anti_homophones
23768,yV3mQ4,6,-5.851554859484517,2,5.851554859484517,1,0,3,anti_homophones
23769,lan2cha1,8,-7.0590306587899345,2,7.0590306587899345,1,0,0,anti_homophones
23770,shang3wu4,9,-5.850907445865169,2,5.850907445865169,1,0,2,anti_homophones
23771,wen2e2,6,-6.181909830856512,2,6.181909830856512,1,0,2,anti_homophones
23772,mM1dUn3,7,-7.648355427756535,2,7.648355427756535,1,0,0,anti_homophones
23773,shi4jM4,7,-5.076755300358663,2,5.076755300358663,1,0,1,anti_homophones
23774,fan4tu2,7,-5.700316764185921,2,5.700316764185921,1,0,3,anti_homophones
23775,bA2ban4,7,-5.630028554856278,2,5.630028554856278,1,0,3,anti_homophones
23776,fu4jW3,6,-5.772621497052048,2,5.772621497052048,1,0,3,anti_homophones
23777,leng1ji4,8,-5.823860004142537,2,5.823860004142537,1,0,4,anti_homophones
23778,da4da3,6,-6.196797283769826,2,6.196797283769826,1,0,4,anti_homophones
23779,deng2chUng2,11,-7.263287187827374,2,7.263287187827374,1,0,0,anti_homophones
23780,gQ1wen2,7,-5.614221931238498,2,5.614221931238498,1,0,2,anti_homophones
23781,xu1pan2,7,-6.64718964247661,2,6.64718964247661,1,0,1,anti_homophones
23782,pE4jW1,6,-6.872888221236687,2,6.872888221236687,1,0,0,anti_homophones
23783,jW3mo2,6,-5.691954765015877,2,5.691954765015877,1,0,3,anti_homophones
23784,sheng2lW4,9,-6.168274918554323,2,6.168274918554323,1,0,1,anti_homophones
23785,fa1xLn3,7,-5.554791802132553,2,5.554791802132553,1,0,2,anti_homophones
23786,xW3shV4,7,-5.599071377682931,2,5.599071377682931,1,0,4,anti_homophones
23787,hP4xL3,6,-8.740935276176309,2,8.740935276176309,1,0,0,anti_homophones
23788,shV3wu4,7,-5.126176886375759,2,5.126176886375759,1,0,7,anti_homophones
23789,shQ1sheng2,10,-6.15215259308142,2,6.15215259308142,1,0,2,anti_homophones
23790,dLn4xLn4,8,-5.546670371914538,2,5.546670371914538,1,0,3,anti_homophones
23791,yUn2xLng4,9,-5.750320149658149,2,5.750320149658149,1,0,0,anti_homophones
23792,yUn2tA1,7,-6.205756190556775,2,6.205756190556775,1,0,2,anti_homophones
23793,bW3jL1,6,-6.066425697256188,2,6.066425697256188,1,0,1,anti_homophones
23794,yV1yUn2,7,-5.0926555709575,2,5.0926555709575,1,0,3,anti_homophones
23795,tLn1ji4,7,-5.238237323724535,2,5.238237323724535,1,1,7,anti_homophones
23796,sheng4xing2,11,-5.809721103754878,2,5.809721103754878,1,0,2,anti_homophones
23797,shan4fan1,9,-6.72325362577164,2,6.72325362577164,1,0,0,anti_homophones
23798,chV4wang5,9,-8.455582800230044,2,8.455582800230044,1,0,0,anti_homophones
23799,qun2shi3,8,-6.626054825412654,2,6.626054825412654,1,0,1,anti_homophones
23800,za2zi5,6,-5.202934428432059,2,5.202934428432059,1,0,2,anti_homophones
23801,xing3jing4,10,-6.268884928173582,2,6.268884928173582,1,0,1,anti_homophones
23802,zhQ1lu1,7,-6.594037647752575,2,6.594037647752575,1,0,2,anti_homophones
23803,pu1hu1,6,-5.629694885077903,2,5.629694885077903,1,0,5,anti_homophones
23804,da3kan1,7,-5.975420079177088,2,5.975420079177088,1,0,3,anti_homophones
23805,zhi4zi5,7,-4.946277019506013,2,4.946277019506013,1,0,6,anti_homophones
23806,qLng3sun3,9,-7.49608914219322,2,7.49608914219322,1,0,0,anti_homophones
23807,yC4yu4,6,-5.4984335008205045,2,5.4984335008205045,1,0,7,anti_homophones
23808,pin3xi4,7,-5.910787252573278,2,5.910787252573278,1,0,2,anti_homophones
23809,zhun2dong4,10,-7.337487100710405,2,7.337487100710405,1,0,0,anti_homophones
23810,xLng1fu5,8,-6.231543973747192,2,6.231543973747192,1,0,1,anti_homophones
23811,da4wo1,6,-5.907357953067255,2,5.907357953067255,1,0,2,anti_homophones
23812,pA2lW4,6,-5.527247975034222,2,5.527247975034222,1,0,3,anti_homophones
23813,cheng2ru4,9,-6.491039497420724,2,6.491039497420724,1,0,1,anti_homophones
23814,tM1xi2,6,-6.80081975250091,2,6.80081975250091,1,0,0,anti_homophones
23815,ting2qing2,10,-6.621469554629771,2,6.621469554629771,1,0,0,anti_homophones
23816,gI1long2,8,-6.286906552173119,2,6.286906552173119,1,0,1,anti_homophones
23817,dV4zhong2,9,-6.385793746073722,2,6.385793746073722,1,0,0,anti_homophones
23818,nv3qUn4,7,-6.3709627670156,2,6.3709627670156,1,0,0,anti_homophones
23819,can1di4,7,-5.633622455158444,2,5.633622455158444,1,0,2,anti_homophones
23820,wang4hO2,8,-6.6766942079666,2,6.6766942079666,1,0,1,anti_homophones
23821,pE4yu2,6,-5.578596670687249,2,5.578596670687249,1,0,3,anti_homophones
23822,dUn3ran3,8,-6.706648406797296,2,6.706648406797296,1,0,0,anti_homophones
23823,kA1pLn4,7,-5.23320528652465,2,5.23320528652465,1,0,0,anti_homophones
23824,ban4yu4,7,-5.962389895850104,2,5.962389895850104,1,0,6,anti_homophones
23825,jin1lO4,7,-6.060078903711053,2,6.060078903711053,1,0,1,anti_homophones
23826,tM3xLng3,8,-6.022694041597971,2,6.022694041597971,1,0,1,anti_homophones
23827,ran2fu4,7,-6.31825612896761,2,6.31825612896761,1,0,2,anti_homophones
23828,qi3xing2,8,-6.2368363223865675,2,6.2368363223865675,1,0,1,anti_homophones
23829,xin1jing2,9,-5.671626033163302,2,5.671626033163302,1,0,2,anti_homophones
23830,chu1er2,7,-5.482238309415746,2,5.482238309415746,1,0,2,anti_homophones
23831,jun4kQ3,7,-8.18698886849309,2,8.18698886849309,1,0,0,anti_homophones
23832,qUn2xL2,7,-6.5169160166678965,2,6.5169160166678965,1,0,0,anti_homophones
23833,shi4beng4,9,-6.966210524308926,2,6.966210524308926,1,0,2,anti_homophones
23834,jW4che1,7,-5.566442967985341,2,5.566442967985341,1,0,5,anti_homophones
23835,dO1fang2,8,-5.964271607316058,2,5.964271607316058,1,0,1,anti_homophones
23836,zO4chang4,9,-5.839139820092677,2,5.839139820092677,1,0,1,anti_homophones
23837,yong1shang3,11,-6.609942762854083,2,6.609942762854083,1,0,0,anti_homophones
23838,qing1da1,8,-6.796866460619978,2,6.796866460619978,1,0,1,anti_homophones
23839,chi2zi4,7,-6.570516362916799,2,6.570516362916799,1,0,2,anti_homophones
23840,wa2wu1,6,-6.791216313503308,2,6.791216313503308,1,0,0,anti_homophones
23841,ming2chan4,10,-6.314252152172785,2,6.314252152172785,1,0,0,anti_homophones
23842,jL1chV2,7,-6.021172604720098,2,6.021172604720098,1,0,0,anti_homophones
23843,qi4lang4,8,-7.084543023643149,2,7.084543023643149,1,0,2,anti_homophones
23844,hV4hong4,8,-6.332370347880273,2,6.332370347880273,1,0,0,anti_homophones
23845,gu1bing3,8,-6.7515486249258485,2,6.7515486249258485,1,0,0,anti_homophones
23846,da4xYng3,8,-6.093300055989066,2,6.093300055989066,1,0,1,anti_homophones
23847,qK1qing1,8,-6.591840242756713,2,6.591840242756713,1,0,0,anti_homophones
23848,wu3zha1,7,-6.528766320620252,2,6.528766320620252,1,0,5,anti_homophones
23849,chi3pE2,7,-7.264348630773873,2,7.264348630773873,1,0,0,anti_homophones
23850,dLn4xing2,9,-5.447988957301157,2,5.447988957301157,1,0,4,anti_homophones
23851,qing2men2,9,-5.6353953208533465,2,5.6353953208533465,1,0,3,anti_homophones
23852,jK4qing4,8,-5.855399933553478,2,5.855399933553478,1,0,2,anti_homophones
23853,chu1ting2,9,-6.172772204491335,2,6.172772204491335,1,0,2,anti_homophones
23854,lW3shang1,9,-7.394447614941471,2,7.394447614941471,1,0,2,anti_homophones
23855,wen1yC1,7,-6.58013113202426,2,6.58013113202426,1,0,0,anti_homophones
23856,gong3zhe3,9,-6.10387956558308,2,6.10387956558308,1,0,1,anti_homophones
23857,nang2xW1,8,-7.67067926953847,2,7.67067926953847,1,0,0,anti_homophones
23858,yan2se4,7,-5.245485804740634,2,5.245485804740634,1,1,1,anti_homophones
23859,du2sO3,6,-4.985341566213116,2,4.985341566213116,1,0,6,anti_homophones
23860,gan1yi1,7,-5.951119699966746,2,5.951119699966746,1,0,2,anti_homophones
23861,di1ming4,8,-6.455624327380869,2,6.455624327380869,1,0,4,anti_homophones
23862,she4xin2,8,-7.947074205350986,2,7.947074205350986,1,0,2,anti_homophones
23863,bQ3wan3,7,-6.053065578543082,2,6.053065578543082,1,1,2,anti_homophones
23864,fu3tV2,6,-5.93705523611626,2,5.93705523611626,1,0,5,anti_homophones
23865,chan4de2,8,-6.307304581125199,2,6.307304581125199,1,0,0,anti_homophones
23866,qing4yi4,8,-5.423079820624567,2,5.423079820624567,1,0,5,anti_homophones
23867,shV3fa3,7,-5.321541277278998,2,5.321541277278998,1,0,2,anti_homophones
23868,du2zhi1,7,-5.387936638413429,2,5.387936638413429,1,0,6,anti_homophones
23869,ji1shu1,7,-5.574247972057668,2,5.574247972057668,1,0,5,anti_homophones
23870,zhang2gUn1,10,-5.989266264703207,2,5.989266264703207,1,0,0,anti_homophones
23871,wE1she4,7,-5.965721733129404,2,5.965721733129404,1,0,5,anti_homophones
23872,qLn1e2,6,-5.578274291300434,2,5.578274291300434,1,0,2,anti_homophones
23873,qLng1yC1,8,-6.824435982028584,2,6.824435982028584,1,0,0,anti_homophones
23874,nLn2yun2,8,-6.43592476449748,2,6.43592476449748,1,0,3,anti_homophones
23875,gu4zhi2,7,-5.837410568362479,2,5.837410568362479,1,0,5,anti_homophones
23876,xL4lO4,6,-5.088746102224899,2,5.088746102224899,1,1,5,anti_homophones
23877,gong2ji1,8,-5.556672376522644,2,5.556672376522644,1,0,7,anti_homophones
23878,da4yQ4,6,-4.823399394353445,2,4.823399394353445,1,0,12,anti_homophones
23879,zi1ge2,6,-6.328409259145296,2,6.328409259145296,1,0,1,anti_homophones
23880,li4jM2,6,-5.6022642519816825,2,5.6022642519816825,1,0,7,anti_homophones
23881,di1ji3,6,-6.7010839856865365,2,6.7010839856865365,1,0,4,anti_homophones
23882,cQ3shi5,7,-6.674478566779011,2,6.674478566779011,1,0,2,anti_homophones
23883,tV4gP4,6,-6.301913842857364,2,6.301913842857364,1,0,1,anti_homophones
23884,wan2xin1,8,-5.791598440922569,2,5.791598440922569,1,1,4,anti_homophones
23885,yong1si1,8,-6.083972688016559,2,6.083972688016559,1,0,1,anti_homophones
23886,gu1mang4,8,-6.938733062502721,2,6.938733062502721,1,0,0,anti_homophones
23887,fan4bi3,7,-5.992154384917134,2,5.992154384917134,1,0,0,anti_homophones
23888,ge1lW4,6,-7.578270102750141,2,7.578270102750141,1,0,0,anti_homophones
23889,hUng4dQ4,8,-6.148918467889208,2,6.148918467889208,1,0,2,anti_homophones
23890,shang3qi3,9,-6.4676462414183105,2,6.4676462414183105,1,0,1,anti_homophones
23891,pi2he4,6,-6.740196973425952,2,6.740196973425952,1,0,4,anti_homophones
23892,ma2fa4,6,-6.151749303629889,2,6.151749303629889,1,0,3,anti_homophones
23893,a1gO3,5,-6.260222068666364,2,6.260222068666364,1,0,1,anti_homophones
23894,she4jLng1,9,-6.302862096698554,2,6.302862096698554,1,0,1,anti_homophones
23895,rO4xLn2,7,-6.6753030951048276,2,6.6753030951048276,1,0,0,anti_homophones
23896,wen1tV2,7,-5.912845018523683,2,5.912845018523683,1,0,2,anti_homophones
23897,lK2yu4,6,-5.865395501387246,2,5.865395501387246,1,0,4,anti_homophones
23898,wu1hang3,8,-6.638765702098005,2,6.638765702098005,1,0,1,anti_homophones
23899,zhu4shP4,8,-6.330238222812273,2,6.330238222812273,1,0,2,anti_homophones
23900,ji1dA4,6,-5.279572996990203,2,5.279572996990203,1,0,9,anti_homophones
23901,zhe3shi4,8,-5.484257858114585,2,5.484257858114585,1,0,0,anti_homophones
23902,V3ren2,6,-4.9912533613131975,2,4.9912533613131975,1,0,4,anti_homophones
23903,shen2ming3,10,-6.329228705640078,2,6.329228705640078,1,0,1,anti_homophones
23904,xYng2hQ4,8,-6.298618683697598,2,6.298618683697598,1,0,3,anti_homophones
23905,ti2li4,6,-5.798797589275654,2,5.798797589275654,1,0,9,anti_homophones
23906,shi1mE4,7,-6.13888095686708,2,6.13888095686708,1,0,4,anti_homophones
23907,leng4qu1,8,-6.64314676299547,2,6.64314676299547,1,0,1,anti_homophones
23908,zhun1cA2,8,-7.377114724661812,2,7.377114724661812,1,0,1,anti_homophones
23909,lv3li4,6,-5.467063835053347,2,5.467063835053347,1,0,5,anti_homophones
23910,di1ji1,6,-5.377791231261333,2,5.377791231261333,1,0,8,anti_homophones
23911,pQ4tM1,6,-6.5382630111988105,2,6.5382630111988105,1,0,1,anti_homophones
23912,dO1nan2,7,-5.753638096421938,2,5.753638096421938,1,0,2,anti_homophones
23913,cI1mL1,6,-7.344013795189831,2,7.344013795189831,1,0,0,anti_homophones
23914,pE4qi4,6,-4.961087592872111,2,4.961087592872111,1,1,3,anti_homophones
23915,ben3fE4,7,-6.174492879635747,2,6.174492879635747,1,0,0,anti_homophones
23916,jL1zan4,7,-5.976179917875268,2,5.976179917875268,1,0,1,anti_homophones
23917,fu1yV2,6,-6.272555629466279,2,6.272555629466279,1,0,1,anti_homophones
23918,mQ4jL1,6,-5.876840412617,2,5.876840412617,1,0,3,anti_homophones
23919,fa1xi2,6,-5.692665196953109,2,5.692665196953109,1,0,4,anti_homophones
23920,ying4zheng4,11,-6.325466969235193,2,6.325466969235193,1,0,0,anti_homophones
23921,e4xLn2,6,-6.263393378994512,2,6.263393378994512,1,0,2,anti_homophones
23922,hang1ma5,8,-7.616165097816387,2,7.616165097816387,1,0,0,anti_homophones
23923,du2yUn4,7,-6.0846440909821595,2,6.0846440909821595,1,0,3,anti_homophones
23924,du2hQ4,6,-5.838915595194745,2,5.838915595194745,1,1,4,anti_homophones
23925,zhu3sheng1,10,-6.142280559728909,2,6.142280559728909,1,0,2,anti_homophones
23926,kUng1chang3,11,-6.589015405712508,2,6.589015405712508,1,0,0,anti_homophones
23927,dI4zi3,6,-5.661348342434663,2,5.661348342434663,1,0,4,anti_homophones
23928,chun2tan4,9,-7.195906109169573,2,7.195906109169573,1,0,0,anti_homophones
23929,yu4jLng4,8,-6.11453898011633,2,6.11453898011633,1,0,1,anti_homophones
23930,bu3jM4,6,-6.529122413156343,2,6.529122413156343,1,0,1,anti_homophones
23931,qing1ceng1,10,-6.906528274282415,2,6.906528274282415,1,0,1,anti_homophones
23932,dan3se4,7,-5.997009648544582,2,5.997009648544582,1,0,4,anti_homophones
23933,dong1gU1,8,-6.39853022202225,2,6.39853022202225,1,0,5,anti_homophones
23934,lan2hUn4,8,-6.743091967602517,2,6.743091967602517,1,0,3,anti_homophones
23935,bQ3hu2,6,-5.170536864571716,2,5.170536864571716,1,0,6,anti_homophones
23936,qLng1fu2,8,-6.168296287657571,2,6.168296287657571,1,0,2,anti_homophones
23937,lW3rV4,6,-5.6219465025269795,2,5.6219465025269795,1,0,1,anti_homophones
23938,chu2tQ,6,-7.635440144735188,2,7.635440144735188,1,0,1,anti_homophones
23939,tan2wA4,7,-6.4572004179747235,2,6.4572004179747235,1,0,2,anti_homophones
23940,tu2zi5,6,-5.149966755247902,2,5.149966755247902,1,0,9,anti_homophones
23941,nM4hUn4,7,-7.852164969177606,2,7.852164969177606,1,0,1,anti_homophones
23942,yan1shen4,9,-6.731407418898588,2,6.731407418898588,1,0,1,anti_homophones
23943,zheng1ping2,11,-6.355004831472026,2,6.355004831472026,1,0,0,anti_homophones
23944,xLn4dQ4,7,-5.431432922694005,2,5.431432922694005,1,0,6,anti_homophones
23945,he2tan1,7,-5.895792046379439,2,5.895792046379439,1,0,0,anti_homophones
23946,shi2yV2,7,-5.496905552716763,2,5.496905552716763,1,0,0,anti_homophones
23947,dA4cheng1,9,-6.225294712425331,2,6.225294712425331,1,0,0,anti_homophones
23948,hU1feng4,8,-6.080687469975714,2,6.080687469975714,1,0,1,anti_homophones
23949,mo2mu3,6,-6.107487244809371,2,6.107487244809371,1,0,2,anti_homophones
23950,shan3sUn1,9,-7.268958167506404,2,7.268958167506404,1,0,1,anti_homophones
23951,tong4re4,8,-6.3925899514864595,2,6.3925899514864595,1,0,2,anti_homophones
23952,ge1wen2,7,-5.725739591502406,2,5.725739591502406,1,0,3,anti_homophones
23953,dM2lB4,6,-6.671162759062021,2,6.671162759062021,1,0,0,anti_homophones
23954,zhi1sUn4,8,-5.952821289375882,2,5.952821289375882,1,0,2,anti_homophones
23955,qLn2rQ3,7,-5.560927646816748,2,5.560927646816748,1,0,2,anti_homophones
23956,dQ4ming1,8,-6.255333210854219,2,6.255333210854219,1,0,1,anti_homophones
23957,ta4bing1,8,-6.538663627736108,2,6.538663627736108,1,0,1,anti_homophones
23958,lv3shV4,7,-6.621925256004965,2,6.621925256004965,1,0,0,anti_homophones
23959,shO1di4,7,-5.909136042424556,2,5.909136042424556,1,0,3,anti_homophones
23960,qM1fen4,7,-6.350757135793403,2,6.350757135793403,1,0,1,anti_homophones
23961,wu1yu4,6,-5.6121816998868805,2,5.6121816998868805,1,0,9,anti_homophones
23962,xing1qi4,8,-5.2521395735745005,2,5.2521395735745005,1,0,10,anti_homophones
23963,jUn1dan3,8,-8.07909881562015,2,8.07909881562015,1,0,0,anti_homophones
23964,qLn3yi3,7,-6.477480068150609,2,6.477480068150609,1,0,1,anti_homophones
23965,xLng4an4,8,-6.040275672820335,2,6.040275672820335,1,0,1,anti_homophones
23966,bu4heng1,8,-6.27006169875167,2,6.27006169875167,1,0,3,anti_homophones
23967,lu4xLn1,7,-6.370813443721302,2,6.370813443721302,1,0,2,anti_homophones
23968,na4gong1,8,-6.228868547940613,2,6.228868547940613,1,0,1,anti_homophones
23969,xLn4xing3,9,-5.884994079464631,2,5.884994079464631,1,0,3,anti_homophones
23970,ge2shen4,8,-6.680679366042265,2,6.680679366042265,1,0,0,anti_homophones
23971,lLn4bing3,9,-6.790201559900656,2,6.790201559900656,1,0,0,anti_homophones
23972,gO3re4,6,-6.366831195400163,2,6.366831195400163,1,0,1,anti_homophones
23973,ming1jL1,8,-5.995195816956394,2,5.995195816956394,1,0,2,anti_homophones
23974,xLng3mLn4,9,-6.121680223811684,2,6.121680223811684,1,0,1,anti_homophones
23975,yin4wu4,7,-6.117687631851759,2,6.117687631851759,1,0,0,anti_homophones
23976,cQ1shang2,9,-6.888545640926757,2,6.888545640926757,1,0,1,anti_homophones
23977,xing1yin1,9,-5.9632511944039575,2,5.9632511944039575,1,0,4,anti_homophones
23978,xLng3sA4,8,-6.048548980835316,2,6.048548980835316,1,0,4,anti_homophones
23979,rV4gan3,7,-6.121554269983324,2,6.121554269983324,1,0,2,anti_homophones
23980,fan3shi2,8,-5.565096023965605,2,5.565096023965605,1,0,6,anti_homophones
23981,xYng5an1,8,-7.9886034070150655,2,7.9886034070150655,1,0,0,anti_homophones
23982,te4dI4,6,-5.769356310188254,2,5.769356310188254,1,0,3,anti_homophones
23983,hUng1mo4,8,-6.671852719192722,2,6.671852719192722,1,0,1,anti_homophones
23984,zE2chen1,8,-7.059849223701028,2,7.059849223701028,1,0,1,anti_homophones
23985,po4lan3,7,-5.509359121381306,2,5.509359121381306,1,0,2,anti_homophones
23986,xM1qing4,8,-6.8827494219482634,2,6.8827494219482634,1,0,1,anti_homophones
23987,tong2zO4,8,-6.117488419123768,2,6.117488419123768,1,0,2,anti_homophones
23988,shi4qLn2,8,-5.73101109120935,2,5.73101109120935,1,0,2,anti_homophones
23989,jLng2feng2,10,-6.775788215588369,2,6.775788215588369,1,0,0,anti_homophones
23990,ti1dW4,6,-6.434071993388397,2,6.434071993388397,1,0,1,anti_homophones
23991,ba1feng1,8,-6.209838392346621,2,6.209838392346621,1,0,1,anti_homophones
23992,qLn1zhi1,8,-5.650637558201764,2,5.650637558201764,1,1,4,anti_homophones
23993,yV3dQ4,6,-5.597377334187737,2,5.597377334187737,1,0,4,anti_homophones
23994,feng3qi1,8,-6.429806083240595,2,6.429806083240595,1,0,3,anti_homophones
23995,ru2zhi1,7,-5.997035156018923,2,5.997035156018923,1,0,5,anti_homophones
23996,shV3wE2,7,-5.396733376763985,2,5.396733376763985,1,0,2,anti_homophones
23997,dang1tW2,8,-6.442081032582033,2,6.442081032582033,1,0,1,anti_homophones
23998,shQ1bi3,7,-6.009528194303844,2,6.009528194303844,1,0,0,anti_homophones
23999,Q4ming3,7,-6.121153448937797,2,6.121153448937797,1,0,1,anti_homophones
24000,nK2pA1,6,-5.488747349613121,2,5.488747349613121,1,0,2,anti_homophones
24001,shQ2ji3,7,-7.782432142176453,2,7.782432142176453,1,0,0,anti_homophones
24002,bLn4ye4,7,-5.551633596323028,2,5.551633596323028,1,0,2,anti_homophones
24003,jK4fu2,6,-5.631916413682935,2,5.631916413682935,1,0,3,anti_homophones
24004,xin1xi4,7,-5.537250787734307,2,5.537250787734307,1,1,6,anti_homophones
24005,mo2zhong2,9,-6.877106513474178,2,6.877106513474178,1,0,0,anti_homophones
24006,hQ3xLn2,7,-5.964839486449059,2,5.964839486449059,1,0,3,anti_homophones
24007,lQ3zhi2,7,-5.615918523447855,2,5.615918523447855,1,0,3,anti_homophones
24008,zan4qing1,9,-6.9412853688785265,2,6.9412853688785265,1,0,0,anti_homophones
24009,ji4er5,6,-5.7438507179879315,2,5.7438507179879315,1,0,2,anti_homophones
24010,fang2xing4,10,-5.654669265228563,2,5.654669265228563,1,0,5,anti_homophones
24011,fE4lLng1,8,-6.863361640597425,2,6.863361640597425,1,0,0,anti_homophones
24012,chan4shi4,9,-5.353857528705839,2,5.353857528705839,1,0,3,anti_homophones
24013,xLng4er2,8,-5.962896243266138,2,5.962896243266138,1,0,3,anti_homophones
24014,gV3fang2,8,-6.6574335431793115,2,6.6574335431793115,1,0,0,anti_homophones
24015,bA2rV4,6,-5.396252891059219,2,5.396252891059219,1,0,2,anti_homophones
24016,fa3ye4,6,-6.955820212835836,2,6.955820212835836,1,0,1,anti_homophones
24017,ti2qLng4,8,-6.1881781162702145,2,6.1881781162702145,1,0,1,anti_homophones
24018,jin1ji5,7,-6.640685979722663,2,6.640685979722663,1,0,3,anti_homophones
24019,bu4yan3,7,-5.323944618670481,2,5.323944618670481,1,0,5,anti_homophones
24020,can2sO3,7,-6.17633817766717,2,6.17633817766717,1,0,2,anti_homophones
24021,bA1ba4,6,-6.681693728337871,2,6.681693728337871,1,0,1,anti_homophones
24022,men2xin1,8,-5.586348241748219,2,5.586348241748219,1,0,2,anti_homophones
24023,hun1fu4,7,-6.152196477566306,2,6.152196477566306,1,0,1,anti_homophones
24024,ti1lin2,7,-8.178102125266152,2,8.178102125266152,1,0,2,anti_homophones
24025,shU1ban3,8,-6.325985845772614,2,6.325985845772614,1,0,1,anti_homophones
24026,lV3qing2,8,-8.492018933182576,2,8.492018933182576,1,0,1,anti_homophones
24027,zhUn3dA4,8,-6.451085261254664,2,6.451085261254664,1,0,3,anti_homophones
24028,dW4zhi4,7,-5.6945166447183295,2,5.6945166447183295,1,0,4,anti_homophones
24029,zhQ4zhong4,10,-6.17898962915552,2,6.17898962915552,1,0,0,anti_homophones
24030,cha2pQ2,7,-5.8674478882685115,2,5.8674478882685115,1,0,1,anti_homophones
24031,dang2tu3,8,-6.7423793903443805,2,6.7423793903443805,1,0,1,anti_homophones
24032,qLn2zhong2,10,-6.021869964979845,2,6.021869964979845,1,0,0,anti_homophones
24033,gUn3er2,7,-5.871290034899819,2,5.871290034899819,1,0,1,anti_homophones
24034,di1shu4,7,-5.6294187439484755,2,5.6294187439484755,1,0,7,anti_homophones
24035,shV4zu2,7,-5.8238805860299445,2,5.8238805860299445,1,0,2,anti_homophones
24036,yong2ju1,8,-6.757762831476169,2,6.757762831476169,1,0,2,anti_homophones
24037,dO1yang4,8,-5.922461192543595,2,5.922461192543595,1,0,2,anti_homophones
24038,dan1chan1,9,-6.582099642206006,2,6.582099642206006,1,0,1,anti_homophones
24039,ji2xLn4,7,-5.3720725467639046,2,5.3720725467639046,1,0,4,anti_homophones
24040,man2lu4,7,-6.608955127671728,2,6.608955127671728,1,0,0,anti_homophones
24041,gan3sI4,7,-6.186144639004342,2,6.186144639004342,1,0,3,anti_homophones
24042,she2shV4,8,-6.7490161637194275,2,6.7490161637194275,1,0,0,anti_homophones
24043,gan3qing3,9,-6.540514185056385,2,6.540514185056385,1,0,1,anti_homophones
24044,gV4men2,7,-5.665068736646824,2,5.665068736646824,1,0,2,anti_homophones
24045,jLn4fa3,7,-5.460461979606579,2,5.460461979606579,1,0,3,anti_homophones
24046,hE1feng3,8,-6.323536707342708,2,6.323536707342708,1,0,1,anti_homophones
24047,can1wE4,7,-5.748532664813367,2,5.748532664813367,1,0,4,anti_homophones
24048,chUng1qing4,11,-6.179522684433212,2,6.179522684433212,1,0,0,anti_homophones
24049,tO3shun1,8,-7.697449382886847,2,7.697449382886847,1,0,0,anti_homophones
24050,xK4lan3,7,-7.777784327934914,2,7.777784327934914,1,0,0,anti_homophones
24051,xC4ci4,6,-7.17924885246521,2,7.17924885246521,1,0,3,anti_homophones
24052,bu4qi4,6,-4.323505194213174,2,4.323505194213174,1,1,13,anti_homophones
24053,jM2zhQ4,7,-6.334776678442898,2,6.334776678442898,1,0,2,anti_homophones
24054,mE2yong1,8,-6.144757053714359,2,6.144757053714359,1,0,1,anti_homophones
24055,dan4chen1,9,-6.538526891504065,2,6.538526891504065,1,0,1,anti_homophones
24056,shi1fa3,7,-5.571227203884339,2,5.571227203884339,1,0,5,anti_homophones
24057,chu1jing1,9,-5.778812651103207,2,5.778812651103207,1,0,3,anti_homophones
24058,mang2tu3,8,-7.178475464441252,2,7.178475464441252,1,0,1,anti_homophones
24059,ying2shV4,9,-6.211913103352863,2,6.211913103352863,1,0,2,anti_homophones
24060,xi1xLng1,8,-5.580814829429564,2,5.580814829429564,1,0,4,anti_homophones
24061,shi4gUn1,8,-5.574683424825869,2,5.574683424825869,1,0,2,anti_homophones
24062,dI4lv4,6,-4.970814649969097,2,4.970814649969097,1,0,4,anti_homophones
24063,yC4bQ1,6,-5.957952661845874,2,5.957952661845874,1,0,1,anti_homophones
24064,shi4ji2,7,-5.02998794306695,2,5.02998794306695,1,1,9,anti_homophones
24065,teng2ren2,9,-6.46593881602108,2,6.46593881602108,1,0,6,anti_homophones
24066,shI3qing3,9,-6.158251222127958,2,6.158251222127958,1,0,3,anti_homophones
24067,yin1zi5,7,-5.029919453377845,2,5.029919453377845,1,0,7,anti_homophones
24068,yan3fang2,9,-6.062831837688008,2,6.062831837688008,1,0,1,anti_homophones
24069,chi3xW4,7,-6.37647426348942,2,6.37647426348942,1,0,1,anti_homophones
24070,te4yin3,7,-6.076382229893966,2,6.076382229893966,1,0,1,anti_homophones
24071,bA2cheng1,9,-5.871538962229185,2,5.871538962229185,1,0,2,anti_homophones
24072,hO2hI4,6,-5.431386267862706,2,5.431386267862706,1,0,6,anti_homophones
24073,shV3zhu3,8,-5.788746265949538,2,5.788746265949538,1,0,4,anti_homophones
24074,A4zhong4,8,-6.303459587437578,2,6.303459587437578,1,0,0,anti_homophones
24075,yQ4yQ4,6,-5.661701097894926,2,5.661701097894926,1,0,5,anti_homophones
24076,xin4bLn4,8,-6.281743494437982,2,6.281743494437982,1,0,1,anti_homophones
24077,yan3chun1,9,-6.587514008026226,2,6.587514008026226,1,0,0,anti_homophones
24078,xYng2mi4,8,-6.798017176447787,2,6.798017176447787,1,0,3,anti_homophones
24079,lO2ji2,6,-5.830371636662983,2,5.830371636662983,1,0,1,anti_homophones
24080,da4yUn2,7,-4.777182616073331,2,4.777182616073331,1,0,8,anti_homophones
24081,zhu1shi4,8,-5.393438682598335,2,5.393438682598335,1,1,5,anti_homophones
24082,wu2xing1,8,-5.451010343266984,2,5.451010343266984,1,0,5,anti_homophones
24083,ying2feng1,10,-6.0414552063532705,2,6.0414552063532705,1,0,2,anti_homophones
24084,sheng1chUn4,11,-6.140950173495698,2,6.140950173495698,1,0,3,anti_homophones
24085,hu4fE3,6,-7.013366259681105,2,7.013366259681105,1,0,1,anti_homophones
24086,lQ3sQ3,6,-6.116836168419646,2,6.116836168419646,1,1,2,anti_homophones
24087,qing4gQ4,8,-6.053374647896341,2,6.053374647896341,1,0,3,anti_homophones
24088,jW1gE3,6,-5.06807847569672,2,5.06807847569672,1,0,2,anti_homophones
24089,shu1lLn2,8,-6.128324907521199,2,6.128324907521199,1,0,0,anti_homophones
24090,wen2lLng1,9,-6.489085778397484,2,6.489085778397484,1,0,0,anti_homophones
24091,da4si5,6,-5.646281389099325,2,5.646281389099325,1,0,2,anti_homophones
24092,dLn4du4,7,-5.45756494442626,2,5.45756494442626,1,0,4,anti_homophones
24093,shan4he2,8,-6.009135009654734,2,6.009135009654734,1,0,0,anti_homophones
24094,hO4gUn3,7,-6.368823812942024,2,6.368823812942024,1,0,0,anti_homophones
24095,ang1yi1,7,-7.382878105939675,2,7.382878105939675,1,0,0,anti_homophones
24096,gUn1se4,7,-5.541903862758015,2,5.541903862758015,1,0,1,anti_homophones
24097,tO1shi2,7,-5.493820526037897,2,5.493820526037897,1,0,4,anti_homophones
24098,cheng1zi3,9,-5.842741367770896,2,5.842741367770896,1,0,0,anti_homophones
24099,lv3tong4,8,-5.867566195672488,2,5.867566195672488,1,0,2,anti_homophones
24100,xi4ji2,6,-5.6889262320890035,2,5.6889262320890035,1,0,10,anti_homophones
24101,zhQ1zi1,7,-6.2400491441158055,2,6.2400491441158055,1,0,4,anti_homophones
24102,chan3yin3,9,-6.844565227503154,2,6.844565227503154,1,0,0,anti_homophones
24103,tan2gUn4,8,-6.548762300371873,2,6.548762300371873,1,0,0,anti_homophones
24104,jun1jW3,7,-5.805602689516157,2,5.805602689516157,1,0,2,anti_homophones
24105,bing1qi2,8,-6.393217941801726,2,6.393217941801726,1,0,1,anti_homophones
24106,er4lQ2,6,-5.5208670008089324,2,5.5208670008089324,1,0,2,anti_homophones
24107,zheng1yu3,9,-5.655997292262616,2,5.655997292262616,1,0,7,anti_homophones
24108,cha1yi4,7,-5.79973400948348,2,5.79973400948348,1,0,7,anti_homophones
24109,po2jW1,6,-6.777381119134301,2,6.777381119134301,1,0,2,anti_homophones
24110,tLn1nLn2,8,-5.474310329002483,2,5.474310329002483,1,0,0,anti_homophones
24111,hUng4zi5,8,-5.605567567771518,2,5.605567567771518,1,0,2,anti_homophones
24112,hu3bo1,6,-6.843008536749011,2,6.843008536749011,1,0,2,anti_homophones
24113,zheng1cha1,10,-6.245781879704543,2,6.245781879704543,1,0,3,anti_homophones
24114,ma3gong2,8,-6.096687349498949,2,6.096687349498949,1,0,0,anti_homophones
24115,shan4tW2,8,-6.145293041447219,2,6.145293041447219,1,0,1,anti_homophones
24116,nQ2tA2,6,-6.429042429058144,2,6.429042429058144,1,0,0,anti_homophones
24117,shUn2zhu3,9,-6.807348790223735,2,6.807348790223735,1,0,0,anti_homophones
24118,hUn1qM3,7,-7.518283652757394,2,7.518283652757394,1,0,0,anti_homophones
24119,song2yu3,8,-6.596737588312344,2,6.596737588312344,1,0,0,anti_homophones
24120,can1chi2,8,-6.440682798428698,2,6.440682798428698,1,0,1,anti_homophones
24121,wan4yi4,7,-5.781456317646989,2,5.781456317646989,1,0,7,anti_homophones
24122,xLng4lLn2,9,-6.026934084318094,2,6.026934084318094,1,0,0,anti_homophones
24123,jL1ba1,6,-5.697069336579723,2,5.697069336579723,1,0,3,anti_homophones
24124,pan2xu4,7,-6.215117547019033,2,6.215117547019033,1,0,3,anti_homophones
24125,zha4ya2,7,-7.009456422568394,2,7.009456422568394,1,1,0,anti_homophones
24126,jin1qYng1,9,-6.873952836760393,2,6.873952836760393,1,0,0,anti_homophones
24127,shi4xLn1,8,-6.0486263948847885,2,6.0486263948847885,1,0,4,anti_homophones
24128,da4ji3,6,-6.017815325408884,2,6.017815325408884,1,0,11,anti_homophones
24129,wan4gO2,7,-6.553654856921645,2,6.553654856921645,1,0,2,anti_homophones
24130,Q2Q2,4,-5.717353010180685,2,5.717353010180685,1,0,0,anti_homophones
24131,sheng1jL1,9,-5.43278062764122,2,5.43278062764122,1,1,1,anti_homophones
24132,kong1qUn4,9,-6.885095985450299,2,6.885095985450299,1,0,0,anti_homophones
24133,yC1kV3,6,-7.186251277987321,2,7.186251277987321,1,0,2,anti_homophones
24134,chen2lO4,8,-6.4582116130087766,2,6.4582116130087766,1,0,0,anti_homophones
24135,chUng4yu2,9,-6.3930171609818105,2,6.3930171609818105,1,0,0,anti_homophones
24136,leng2chV2,9,-7.109866909536128,2,7.109866909536128,1,0,0,anti_homophones
24137,zong3pA4,8,-7.073519492534775,2,7.073519492534775,1,0,2,anti_homophones
24138,fu4zhong2,9,-5.619115717309374,2,5.619115717309374,1,0,2,anti_homophones
24139,hA3li4,6,-4.838778811487574,2,4.838778811487574,1,0,7,anti_homophones
24140,mQ4shu4,7,-6.0074399880700415,2,6.0074399880700415,1,0,4,anti_homophones
24141,bu3zhang3,9,-6.321111247171884,2,6.321111247171884,1,0,0,anti_homophones
24142,lQ3an4,6,-6.403555642287084,2,6.403555642287084,1,0,7,anti_homophones
24143,shang1ming2,11,-6.225270892178622,2,6.225270892178622,1,0,3,anti_homophones
24144,fV3dQ4,6,-6.446118042697593,2,6.446118042697593,1,0,1,anti_homophones
24145,jing1ji1,8,-5.2083830403186635,2,5.2083830403186635,1,0,5,anti_homophones
24146,mo4qi4,6,-5.53221261681148,2,5.53221261681148,1,0,4,anti_homophones
24147,wen2lu4,7,-5.854665654353717,2,5.854665654353717,1,0,4,anti_homophones
24148,neng1hUn1,9,-7.359279805392628,2,7.359279805392628,1,0,0,anti_homophones
24149,bing1li4,8,-5.745284507333964,2,5.745284507333964,1,1,9,anti_homophones
24150,cha2lin2,8,-6.686500796165,2,6.686500796165,1,0,1,anti_homophones
24151,dLn4lLn2,8,-5.88044681126063,2,5.88044681126063,1,0,1,anti_homophones
24152,gu4chu1,7,-6.141962835748245,2,6.141962835748245,1,0,3,anti_homophones
24153,hUng2tLn2,9,-6.868747744510516,2,6.868747744510516,1,0,0,anti_homophones
24154,ri4shP4,7,-7.052864569862297,2,7.052864569862297,1,0,0,anti_homophones
24155,fu4qing4,8,-5.706669971306794,2,5.706669971306794,1,1,5,anti_homophones
24156,chan3cV4,8,-7.014177961578189,2,7.014177961578189,1,0,1,anti_homophones
24157,zA4han1,7,-6.311589137687487,2,6.311589137687487,1,0,4,anti_homophones
24158,po4shi2,7,-5.5218368533810045,2,5.5218368533810045,1,1,2,anti_homophones
24159,dLn4hO3,7,-5.873733068340882,2,5.873733068340882,1,0,2,anti_homophones
24160,bing2tong4,10,-6.604452580466619,2,6.604452580466619,1,0,1,anti_homophones
24161,lang4fu2,8,-6.693774184581358,2,6.693774184581358,1,0,0,anti_homophones
24162,shU3hen4,8,-8.361936109506138,2,8.361936109506138,1,0,0,anti_homophones
24163,te4xLn1,7,-5.80891537150279,2,5.80891537150279,1,0,2,anti_homophones
24164,Q2tV2,5,-5.537710603635281,2,5.537710603635281,1,0,3,anti_homophones
24165,yi1po2,6,-6.023921732727233,2,6.023921732727233,1,0,1,anti_homophones
24166,wen4qi4,7,-5.588826897692035,2,5.588826897692035,1,0,3,anti_homophones
24167,jL3shun4,8,-6.963537398274635,2,6.963537398274635,1,0,0,anti_homophones
24168,chu2sO3,7,-5.5857709477489434,2,5.5857709477489434,1,0,4,anti_homophones
24169,sO3yQ4,6,-5.393451802507903,2,5.393451802507903,1,1,3,anti_homophones
24170,wE1ji4,6,-5.270220918674253,2,5.270220918674253,1,1,6,anti_homophones
24171,chen3xing2,10,-6.730993152877104,2,6.730993152877104,1,0,0,anti_homophones
24172,shi2qu1,7,-5.350570610228393,2,5.350570610228393,1,0,1,anti_homophones
24173,xC4mo2,6,-6.281141552541109,2,6.281141552541109,1,0,1,anti_homophones
24174,chu2an1,7,-6.1887668767697726,2,6.1887668767697726,1,0,0,anti_homophones
24175,zi4zu2,6,-4.995449424728381,2,4.995449424728381,1,1,4,anti_homophones
24176,dW1xin1,7,-5.929971881327751,2,5.929971881327751,1,0,1,anti_homophones
24177,zheng2meng3,11,-7.155120224258613,2,7.155120224258613,1,0,2,anti_homophones
24178,jLn4chu3,8,-6.207620996327737,2,6.207620996327737,1,0,0,anti_homophones
24179,jing2jing1,10,-6.117777972746604,2,6.117777972746604,1,0,1,anti_homophones
24180,yUn2ce4,7,-6.146292446578341,2,6.146292446578341,1,0,2,anti_homophones
24181,hI3e2,5,-6.62580940128677,2,6.62580940128677,1,1,0,anti_homophones
24182,shen3hUn1,9,-7.286102762449502,2,7.286102762449502,1,0,0,anti_homophones
24183,fen1yC4,7,-5.5034364985019035,2,5.5034364985019035,1,1,3,anti_homophones
24184,zhi1dQ4,7,-5.263864049488506,2,5.263864049488506,1,1,9,anti_homophones
24185,chUn1wE1,8,-7.135540446757503,2,7.135540446757503,1,0,0,anti_homophones
24186,nong4wu4,8,-6.137691235672277,2,6.137691235672277,1,0,2,anti_homophones
24187,shI3qi1,7,-5.38482809778871,2,5.38482809778871,1,0,2,anti_homophones
24188,jM2ji1,6,-5.038596730586956,2,5.038596730586956,1,1,5,anti_homophones
24189,zhO1bu4,7,-5.884371250947603,2,5.884371250947603,1,0,1,anti_homophones
24190,gan3zhong4,10,-6.078013858847552,2,6.078013858847552,1,0,1,anti_homophones
24191,wu3tV2,6,-4.9554982671068455,2,4.9554982671068455,1,0,6,anti_homophones
24192,lK2sheng1,9,-5.609050994754567,2,5.609050994754567,1,0,3,anti_homophones
24193,zA4xLng4,8,-5.676322233594793,2,5.676322233594793,1,0,3,anti_homophones
24194,ge1bi3,6,-5.69642465057135,2,5.69642465057135,1,0,1,anti_homophones
24195,te4xing4,8,-5.2776373610541,2,5.2776373610541,1,0,3,anti_homophones
24196,zheng1chan1,11,-6.365643454664468,2,6.365643454664468,1,0,2,anti_homophones
24197,yu4yong1,8,-6.080997627420335,2,6.080997627420335,1,0,3,anti_homophones
24198,zhong3fu2,9,-6.168041542368735,2,6.168041542368735,1,0,1,anti_homophones
24199,gan3fang4,9,-6.004302730566438,2,6.004302730566438,1,0,3,anti_homophones
24200,shV1kUng1,9,-6.009646657525993,2,6.009646657525993,1,0,0,anti_homophones
24201,er4lan3,7,-5.856025544456941,2,5.856025544456941,1,0,0,anti_homophones
24202,ba1lLn4,7,-6.287863555589377,2,6.287863555589377,1,0,1,anti_homophones
24203,xi1pin2,7,-6.491287117236978,2,6.491287117236978,1,0,1,anti_homophones
24204,ming4chu1,9,-6.242084150694895,2,6.242084150694895,1,0,1,anti_homophones
24205,jin1lA2,7,-5.773876437723921,2,5.773876437723921,1,0,3,anti_homophones
24206,cQ3lK2,6,-6.164954615470455,2,6.164954615470455,1,0,0,anti_homophones
24207,qing2shO1,9,-5.942954495125887,2,5.942954495125887,1,0,1,anti_homophones
24208,yi1du4,6,-4.828872865377764,2,4.828872865377764,1,1,19,anti_homophones
24209,gu3qi1,6,-5.977018252647528,2,5.977018252647528,1,0,4,anti_homophones
24210,qLn1hang2,9,-6.967741744902063,2,6.967741744902063,1,0,0,anti_homophones
24211,tV1kUn3,7,-5.771639263708474,2,5.771639263708474,1,0,1,anti_homophones
24212,yin4jM4,7,-6.0864642963777635,2,6.0864642963777635,1,0,4,anti_homophones
24213,zhV1zi5,7,-5.473054179146543,2,5.473054179146543,1,0,3,anti_homophones
24214,jing2wang3,10,-6.342336824791716,2,6.342336824791716,1,0,1,anti_homophones
24215,mu2yQ4,6,-6.969303869890884,2,6.969303869890884,1,0,1,anti_homophones
24216,wan4shI3,8,-5.999754257281968,2,5.999754257281968,1,0,2,anti_homophones
24217,chUng1xLn4,10,-5.839492540033888,2,5.839492540033888,1,0,1,anti_homophones
24218,lK2wan4,7,-5.948428135170557,2,5.948428135170557,1,0,2,anti_homophones
24219,zhQ3shI3,8,-6.2715739276583315,2,6.2715739276583315,1,0,2,anti_homophones
24220,ying2dang4,10,-6.415658512241886,2,6.415658512241886,1,0,1,anti_homophones
24221,xing2shUn3,10,-7.329231777619572,2,7.329231777619572,1,0,0,anti_homophones
24222,dLn1ji3,7,-7.443544551516803,2,7.443544551516803,1,0,2,anti_homophones
24223,xC3shV4,7,-6.367497194868416,2,6.367497194868416,1,0,2,anti_homophones
24224,hP4zhu1,7,-7.291675491157751,2,7.291675491157751,1,0,1,anti_homophones
24225,ying2qi2,8,-6.148704117773994,2,6.148704117773994,1,0,4,anti_homophones
24226,qing4tA2,8,-5.751462973213935,2,5.751462973213935,1,1,4,anti_homophones
24227,shan1A4,7,-6.315578774520124,2,6.315578774520124,1,0,0,anti_homophones
24228,jing2bi3,8,-6.147409173492987,2,6.147409173492987,1,0,4,anti_homophones
24229,sheng2yang4,11,-5.964492792304239,2,5.964492792304239,1,0,1,anti_homophones
24230,chu1mi4,7,-5.910793758900277,2,5.910793758900277,1,0,4,anti_homophones
24231,yi3hUn3,7,-6.762748604564782,2,6.762748604564782,1,0,2,anti_homophones
24232,yV3shi1,7,-5.323869043557263,2,5.323869043557263,1,0,4,anti_homophones
24233,shi2wE3,7,-5.810373931031079,2,5.810373931031079,1,0,2,anti_homophones
24234,ban4jW4,7,-6.538278934235041,2,6.538278934235041,1,0,2,anti_homophones
24235,fen1shV3,8,-5.4491789475279315,2,5.4491789475279315,1,0,1,anti_homophones
24236,hong2xW4,8,-6.171179977644977,2,6.171179977644977,1,0,3,anti_homophones
24237,wang2deng4,10,-6.664501249139706,2,6.664501249139706,1,0,1,anti_homophones
24238,fa3ji1,6,-6.020143595761128,2,6.020143595761128,1,0,5,anti_homophones
24239,chi1ru4,7,-6.466573011742952,2,6.466573011742952,1,0,1,anti_homophones
24240,ping3yan4,9,-7.117160146238108,2,7.117160146238108,1,0,1,anti_homophones
24241,qLng4min3,9,-7.2482605237222435,2,7.2482605237222435,1,0,0,anti_homophones
24242,sO3yUn2,7,-5.434378663801759,2,5.434378663801759,1,0,0,anti_homophones
24243,zhong1pu3,9,-6.011748172776103,2,6.011748172776103,1,0,4,anti_homophones
24244,la3bang2,8,-6.206611964507007,2,6.206611964507007,1,0,1,anti_homophones
24245,tM3bi4,6,-5.7316808757386,2,5.7316808757386,1,0,2,anti_homophones
24246,yong1feng1,10,-6.3014056547952055,2,6.3014056547952055,1,0,1,anti_homophones
24247,gong4wan2,9,-6.437491805870802,2,6.437491805870802,1,0,3,anti_homophones
24248,hV2dLn3,7,-6.748761826272102,2,6.748761826272102,1,0,0,anti_homophones
24249,dan1dV3,7,-6.335418671095565,2,6.335418671095565,1,0,1,anti_homophones
24250,lv3shI3,7,-6.324381654155151,2,6.324381654155151,1,0,2,anti_homophones
24251,ye4ju4,6,-6.112741098701305,2,6.112741098701305,1,0,5,anti_homophones
24252,qing4tong1,10,-6.224637492863029,2,6.224637492863029,1,0,0,anti_homophones
24253,ban3jM4,7,-6.157277781350415,2,6.157277781350415,1,0,2,anti_homophones
24254,nA3zi5,6,-5.055189818917881,2,5.055189818917881,1,0,7,anti_homophones
24255,lv3ci2,6,-5.829972638599728,2,5.829972638599728,1,0,0,anti_homophones
24256,fE1yi4,6,-5.052177247300003,2,5.052177247300003,1,1,5,anti_homophones
24257,er2tang3,8,-6.763603060951534,2,6.763603060951534,1,0,0,anti_homophones
24258,bQ3gong1,8,-6.107660466140666,2,6.107660466140666,1,0,2,anti_homophones
24259,zeng1gO3,8,-6.768763569990009,2,6.768763569990009,1,0,1,anti_homophones
24260,deng4fan4,9,-6.88705883901846,2,6.88705883901846,1,0,0,anti_homophones
24261,shen1qu4,8,-5.846187990322068,2,5.846187990322068,1,0,4,anti_homophones
24262,wu2ju4,6,-5.115606935639484,2,5.115606935639484,1,1,6,anti_homophones
24263,zheng1lE3,9,-6.487622557842803,2,6.487622557842803,1,1,1,anti_homophones
24264,tUn2qu1,7,-6.549827012200071,2,6.549827012200071,1,0,0,anti_homophones
24265,pin3chen2,9,-6.553356502731842,2,6.553356502731842,1,1,0,anti_homophones
24266,gUn3shang4,10,-6.280252922734933,2,6.280252922734933,1,0,1,anti_homophones
24267,lK2fang3,8,-6.114051747614961,2,6.114051747614961,1,0,2,anti_homophones
24268,zu3zhen2,8,-5.9160506713106775,2,5.9160506713106775,1,0,1,anti_homophones
24269,dang1hu1,8,-6.613099032202745,2,6.613099032202745,1,0,0,anti_homophones
24270,jM3fa4,6,-5.5079987355824835,2,5.5079987355824835,1,0,1,anti_homophones
24271,ju4se4,6,-5.795025976844406,2,5.795025976844406,1,0,3,anti_homophones
24272,jing2de2,8,-5.828333720001098,2,5.828333720001098,1,0,1,anti_homophones
24273,ci4cQ1,6,-7.5233486746916105,2,7.5233486746916105,1,0,1,anti_homophones
24274,jing2chi4,9,-6.445303439990804,2,6.445303439990804,1,0,1,anti_homophones
24275,kA1meng4,8,-6.053629664842098,2,6.053629664842098,1,0,1,anti_homophones
24276,bu3pin3,7,-5.836484486017944,2,5.836484486017944,1,0,2,anti_homophones
24277,chong3ci4,9,-6.88406170632669,2,6.88406170632669,1,0,0,anti_homophones
24278,chQ3yQ4,7,-6.513492777370018,2,6.513492777370018,1,0,1,anti_homophones
24279,ri4zhi2,7,-6.052265995268659,2,6.052265995268659,1,0,2,anti_homophones
24280,hUng1da2,8,-6.717206395500626,2,6.717206395500626,1,0,0,anti_homophones
24281,hUng1yan3,9,-6.113819101711298,2,6.113819101711298,1,0,2,anti_homophones
24282,song1bLn4,9,-6.519721717656842,2,6.519721717656842,1,0,1,anti_homophones
24283,wE1jun1,7,-5.832630133704126,2,5.832630133704126,1,0,2,anti_homophones
24284,da4bu4,6,-4.585468344206187,2,4.585468344206187,1,0,13,anti_homophones
24285,ting2xing4,10,-6.046965981955338,2,6.046965981955338,1,0,3,anti_homophones
24286,lQ2mW4,6,-6.6753708869049335,2,6.6753708869049335,1,0,0,anti_homophones
24287,xu4hQ4,6,-6.300854099955412,2,6.300854099955412,1,0,1,anti_homophones
24288,pan2dA4,7,-6.00708753167574,2,6.00708753167574,1,0,1,anti_homophones
24289,bu4deng1,8,-5.247868052163327,2,5.247868052163327,1,0,6,anti_homophones
24290,san1zhQ4,8,-6.399665202578432,2,6.399665202578432,1,0,2,anti_homophones
24291,chUn1hI3,8,-6.986268386241164,2,6.986268386241164,1,0,1,anti_homophones
24292,qi4li4,6,-5.3163711497052555,2,5.3163711497052555,1,0,7,anti_homophones
24293,shang3zhe3,10,-5.927451332692732,2,5.927451332692732,1,0,0,anti_homophones
24294,yi1hI4,6,-4.983999048128414,2,4.983999048128414,1,0,9,anti_homophones
24295,chi4kI4,7,-7.804951845963914,2,7.804951845963914,1,0,0,anti_homophones
24296,sheng1hQ4,9,-5.676351045690818,2,5.676351045690818,1,0,3,anti_homophones
24297,fa1shu1,7,-5.43675263306454,2,5.43675263306454,1,1,5,anti_homophones
24298,bu4tV2,6,-5.1211598136837395,2,5.1211598136837395,1,0,6,anti_homophones
24299,qi2le4,6,-5.824943551033179,2,5.824943551033179,1,0,3,anti_homophones
24300,jC2re4,6,-6.141949384918535,2,6.141949384918535,1,0,1,anti_homophones
24301,tW4rong2,8,-6.261409016053683,2,6.261409016053683,1,0,1,anti_homophones
24302,pE1yC4,6,-6.549716302650509,2,6.549716302650509,1,0,1,anti_homophones
24303,shan4hQ4,8,-5.853645813614421,2,5.853645813614421,1,0,2,anti_homophones
24304,fen1bLn4,8,-5.67188642053167,2,5.67188642053167,1,0,4,anti_homophones
24305,shi3nE4,7,-6.5075212554273545,2,6.5075212554273545,1,0,0,anti_homophones
24306,bA3nLng1,8,-7.039996295035125,2,7.039996295035125,1,0,1,anti_homophones
24307,pu2shi2,7,-5.81130951532433,2,5.81130951532433,1,0,2,anti_homophones
24308,xing3ge1,8,-6.617417736018614,2,6.617417736018614,1,0,1,anti_homophones
24309,dan1chen3,9,-6.8659788620231215,2,6.8659788620231215,1,0,0,anti_homophones
24310,gun4nLn2,8,-6.6405411416550795,2,6.6405411416550795,1,0,0,anti_homophones
24311,te4xLng4,8,-5.37782150044914,2,5.37782150044914,1,1,4,anti_homophones
24312,kang4ren2,9,-6.223416183726163,2,6.223416183726163,1,0,4,anti_homophones
24313,hV4jLn1,7,-5.792123192951015,2,5.792123192951015,1,0,2,anti_homophones
24314,shV1dI4,7,-6.093473760551011,2,6.093473760551011,1,0,2,anti_homophones
24315,fang2jL4,8,-5.710219235674501,2,5.710219235674501,1,0,0,anti_homophones
24316,che1dUn1,8,-6.475022286543678,2,6.475022286543678,1,0,0,anti_homophones
24317,shan4lK2,8,-6.139050689724725,2,6.139050689724725,1,0,0,anti_homophones
24318,na4li4,6,-5.896673988073816,2,5.896673988073816,1,0,5,anti_homophones
24319,za2yi2,6,-6.198540156189687,2,6.198540156189687,1,0,2,anti_homophones
24320,han3xLng3,9,-6.941331475187899,2,6.941331475187899,1,0,0,anti_homophones
24321,tO1mV2,6,-5.966030426022771,2,5.966030426022771,1,0,2,anti_homophones
24322,zhi1tA1,7,-5.7346398303045705,2,5.7346398303045705,1,0,2,anti_homophones
24323,nong1hI4,8,-6.118387535688504,2,6.118387535688504,1,0,4,anti_homophones
24324,pQ4tV2,6,-5.4633616955471425,2,5.4633616955471425,1,0,6,anti_homophones
24325,chang2shi4,10,-5.483153661995889,2,5.483153661995889,1,0,2,anti_homophones
24326,yang4gU1,8,-7.083797701825726,2,7.083797701825726,1,0,1,anti_homophones
24327,zhUng1zu2,9,-6.298254851483876,2,6.298254851483876,1,0,2,anti_homophones
24328,yV1zhi3,7,-6.280276149675119,2,6.280276149675119,1,0,1,anti_homophones
24329,hO4mLn3,7,-6.793718362133095,2,6.793718362133095,1,0,1,anti_homophones
24330,he2dI4,6,-5.528324117771504,2,5.528324117771504,1,1,5,anti_homophones
24331,yV2zhen1,8,-6.063543381527778,2,6.063543381527778,1,0,1,anti_homophones
24332,xLng1kA1,8,-6.0112984685508355,2,6.0112984685508355,1,0,0,anti_homophones
24333,bW1bE4,6,-6.148376794388478,2,6.148376794388478,1,0,2,anti_homophones
24334,mLn4xK1,7,-6.681204837818165,2,6.681204837818165,1,0,1,anti_homophones
24335,shi2ji4,7,-5.228301606936993,2,5.228301606936993,1,0,12,anti_homophones
24336,xi2bW3,6,-6.258169881664881,2,6.258169881664881,1,0,1,anti_homophones
24337,hV4zhu1,7,-6.366590801429361,2,6.366590801429361,1,0,1,anti_homophones
24338,zO2ye4,6,-5.403579331525524,2,5.403579331525524,1,0,0,anti_homophones
24339,nK2rV4,6,-5.35240503454941,2,5.35240503454941,1,0,1,anti_homophones
24340,zhang3yUn2,10,-5.858484513249372,2,5.858484513249372,1,0,0,anti_homophones
24341,shang3nUn3,10,-6.683183789297074,2,6.683183789297074,1,0,0,anti_homophones
24342,yang4ren2,9,-5.5335483091502775,2,5.5335483091502775,1,0,5,anti_homophones
24343,si1xLng1,8,-5.9175475845212615,2,5.9175475845212615,1,0,2,anti_homophones
24344,ju3dQ4,6,-6.161995896334718,2,6.161995896334718,1,0,6,anti_homophones
24345,gO2yV2,6,-5.560833628076418,2,5.560833628076418,1,0,3,anti_homophones
24346,ji2tA2,6,-5.8354756465720286,2,5.8354756465720286,1,0,0,anti_homophones
24347,wan4an4,7,-6.1612179488321805,2,6.1612179488321805,1,0,1,anti_homophones
24348,yC4mi3,6,-6.452408561386337,2,6.452408561386337,1,0,0,anti_homophones
24349,hUng2ding1,10,-7.096350487018796,2,7.096350487018796,1,0,0,anti_homophones
24350,zong4pA4,8,-6.165907746456464,2,6.165907746456464,1,0,2,anti_homophones
24351,jW3ji2,6,-5.968886900484235,2,5.968886900484235,1,0,4,anti_homophones
24352,wA4chi1,7,-6.49325908157237,2,6.49325908157237,1,0,3,anti_homophones
24353,pQ3xYng2,8,-6.755212535100284,2,6.755212535100284,1,0,0,anti_homophones
24354,da4jK4,6,-5.277001343280371,2,5.277001343280371,1,0,5,anti_homophones
24355,xi1fE4,6,-5.5986333480356905,2,5.5986333480356905,1,0,8,anti_homophones
24356,xing2mQ4,8,-5.866272291455928,2,5.866272291455928,1,0,7,anti_homophones
24357,ma3chen3,8,-7.249551773770845,2,7.249551773770845,1,0,0,anti_homophones
24358,qin1tV5,7,-6.374702574162753,2,6.374702574162753,1,0,0,anti_homophones
24359,hUng4yUn2,9,-6.134940967562495,2,6.134940967562495,1,0,2,anti_homophones
24360,yi1ge1,6,-5.014466450801292,2,5.014466450801292,1,0,4,anti_homophones
24361,zhA1tA1,7,-7.308314395107915,2,7.308314395107915,1,0,1,anti_homophones
24362,bQ4ling4,8,-5.952256826821648,2,5.952256826821648,1,0,5,anti_homophones
24363,shu4gA1,7,-7.193125397001974,2,7.193125397001974,1,0,0,anti_homophones
24364,yan1hU1,7,-6.199368376198907,2,6.199368376198907,1,0,1,anti_homophones
24365,xing3shun4,10,-7.402509769212831,2,7.402509769212831,1,0,0,anti_homophones
24366,rong3ge4,8,-7.92129129908345,2,7.92129129908345,1,0,0,anti_homophones
24367,shu3yan3,8,-5.907632596971207,2,5.907632596971207,1,0,1,anti_homophones
24368,he2dA4,6,-5.456345305792847,2,5.456345305792847,1,0,7,anti_homophones
24369,A1qLn2,6,-5.850722483178476,2,5.850722483178476,1,0,0,anti_homophones
24370,bLn1chi1,8,-6.617449275069122,2,6.617449275069122,1,0,0,anti_homophones
24371,nong3zi5,8,-6.040490491012923,2,6.040490491012923,1,0,1,anti_homophones
24372,xing2pW4,8,-5.964978481828863,2,5.964978481828863,1,0,4,anti_homophones
24373,qi4yan2,7,-5.977530799210944,2,5.977530799210944,1,0,4,anti_homophones
24374,e4lang2,7,-6.920109896916192,2,6.920109896916192,1,0,0,anti_homophones
24375,gu3kP4,6,-6.26578732869486,2,6.26578732869486,1,0,2,anti_homophones
24376,ya2ji2,6,-6.650873379758547,2,6.650873379758547,1,0,1,anti_homophones
24377,ge4yUn2,7,-5.4819109109741335,2,5.4819109109741335,1,0,4,anti_homophones
24378,cO1shi2,7,-6.340878922726001,2,6.340878922726001,1,0,2,anti_homophones
24379,xin1yu4,7,-5.405846488047246,2,5.405846488047246,1,0,8,anti_homophones
24380,yu4heng4,8,-6.554423571666562,2,6.554423571666562,1,0,1,anti_homophones
24381,zheng1bLn4,10,-5.944545142874714,2,5.944545142874714,1,0,1,anti_homophones
24382,ke4hu2,6,-6.468235073500729,2,6.468235073500729,1,0,6,anti_homophones
24383,si1qi3,6,-6.087747913615765,2,6.087747913615765,1,0,3,anti_homophones
24384,qL4qK2,6,-5.6123831750877935,2,5.6123831750877935,1,0,1,anti_homophones
24385,zheng2kong4,11,-6.055399906755477,2,6.055399906755477,1,0,3,anti_homophones
24386,yi1zhi2,7,-5.160835236382784,2,5.160835236382784,1,1,5,anti_homophones
24387,mQ4ding4,8,-6.796959162975303,2,6.796959162975303,1,0,1,anti_homophones
24388,wA4pin3,7,-5.727694127846677,2,5.727694127846677,1,0,0,anti_homophones
24389,fu1cun3,7,-8.27758490974501,2,8.27758490974501,1,0,0,anti_homophones
24390,qLng1deng1,10,-6.492968511353224,2,6.492968511353224,1,0,0,anti_homophones
24391,zhang2nan2,10,-6.517808589037224,2,6.517808589037224,1,0,0,anti_homophones
24392,shi4jing4,9,-5.461080521606183,2,5.461080521606183,1,0,9,anti_homophones
24393,zA4hun4,7,-6.5559034220258905,2,6.5559034220258905,1,0,0,anti_homophones
24394,yV3shV3,7,-5.191378145252239,2,5.191378145252239,1,0,6,anti_homophones
24395,dK1kA1,6,-5.9782871054746245,2,5.9782871054746245,1,0,2,anti_homophones
24396,qin1he1,7,-6.5525542364309635,2,6.5525542364309635,1,0,2,anti_homophones
24397,nan2bA2,7,-6.80276573159068,2,6.80276573159068,1,0,0,anti_homophones
24398,gO2chi2,7,-6.510765893132705,2,6.510765893132705,1,0,1,anti_homophones
24399,bing1ping1,10,-6.914374939839173,2,6.914374939839173,1,0,0,anti_homophones
24400,sI2yUn4,7,-6.121757241853022,2,6.121757241853022,1,0,0,anti_homophones
24401,yUn4he2,7,-6.7108164720260595,2,6.7108164720260595,1,0,2,anti_homophones
24402,zu3zhO1,7,-6.455769723989359,2,6.455769723989359,1,0,2,anti_homophones
24403,fE1jLng3,8,-6.689494688346008,2,6.689494688346008,1,0,0,anti_homophones
24404,di2dA4,6,-5.604550306355242,2,5.604550306355242,1,0,5,anti_homophones
24405,da4ying3,8,-5.942491591041891,2,5.942491591041891,1,0,1,anti_homophones
24406,bi3gong3,8,-6.520006190056864,2,6.520006190056864,1,0,0,anti_homophones
24407,shI3pin4,8,-6.102008340494208,2,6.102008340494208,1,0,2,anti_homophones
24408,zhen2qC4,8,-6.9592302582225045,2,6.9592302582225045,1,0,0,anti_homophones
24409,xLng2deng1,10,-6.381271121730251,2,6.381271121730251,1,0,1,anti_homophones
24410,lin2feng4,9,-6.2678371546615566,2,6.2678371546615566,1,0,1,anti_homophones
24411,yV2zi4,6,-5.770615637017068,2,5.770615637017068,1,0,6,anti_homophones
24412,bA2e4,5,-5.495622858675039,2,5.495622858675039,1,1,3,anti_homophones
24413,shu4xing2,9,-5.716629879364942,2,5.716629879364942,1,0,5,anti_homophones
24414,tI1lE3,6,-5.639989569971715,2,5.639989569971715,1,0,1,anti_homophones
24415,wu2hO3,6,-5.72669189187587,2,5.72669189187587,1,1,3,anti_homophones
24416,tV1zhi4,7,-6.223981243869343,2,6.223981243869343,1,0,1,anti_homophones
24417,gA3xM2,6,-5.702620192572079,2,5.702620192572079,1,1,1,anti_homophones
24418,wE2wo1,6,-5.5240240004658485,2,5.5240240004658485,1,0,0,anti_homophones
24419,shV2lM4,7,-10.09863411622794,2,10.09863411622794,1,0,0,anti_homophones
24420,zong2men2,9,-6.23528255666065,2,6.23528255666065,1,0,3,anti_homophones
24421,zi4qing4,8,-6.020245660978315,2,6.020245660978315,1,0,3,anti_homophones
24422,sQ3mang2,8,-6.66267199873849,2,6.66267199873849,1,1,0,anti_homophones
24423,hQ4mW4,6,-6.818729429004745,2,6.818729429004745,1,0,3,anti_homophones
24424,mLn4pi2,7,-6.307468536054667,2,6.307468536054667,1,0,1,anti_homophones
24425,qUn4hO4,7,-7.26622993124906,2,7.26622993124906,1,0,0,anti_homophones
24426,jK3wen2,7,-5.2511740673403695,2,5.2511740673403695,1,1,2,anti_homophones
24427,shV1mE3,7,-6.6379334204267,2,6.6379334204267,1,0,0,anti_homophones
24428,ting3me5,8,-7.258863857349233,2,7.258863857349233,1,0,0,anti_homophones
24429,dong2wE4,8,-5.900058557944981,2,5.900058557944981,1,0,3,anti_homophones
24430,shi2jUn4,8,-5.935674261600257,2,5.935674261600257,1,0,2,anti_homophones
24431,shI3chen3,9,-6.419772620086204,2,6.419772620086204,1,0,1,anti_homophones
24432,gong4bA2,8,-6.440827770541015,2,6.440827770541015,1,0,1,anti_homophones
24433,ze2rong2,8,-6.274441249135328,2,6.274441249135328,1,0,0,anti_homophones
24434,pW1di3,6,-6.176327350504218,2,6.176327350504218,1,0,3,anti_homophones
24435,gu1shI3,7,-6.164496331513642,2,6.164496331513642,1,0,1,anti_homophones
24436,yQ1zO4,6,-5.658517290056502,2,5.658517290056502,1,0,5,anti_homophones
24437,jM2dLn4,7,-5.780072825347397,2,5.780072825347397,1,0,3,anti_homophones
24438,gQ1wE1,6,-5.459633659456472,2,5.459633659456472,1,0,3,anti_homophones
24439,tW2rQ3,6,-5.400599186044101,2,5.400599186044101,1,0,0,anti_homophones
24440,gUn1tV2,7,-5.242699155773861,2,5.242699155773861,1,0,3,anti_homophones
24441,tM3si1,6,-5.446419388541385,2,5.446419388541385,1,0,1,anti_homophones
24442,deng1ren2,9,-5.6100900978019235,2,5.6100900978019235,1,0,4,anti_homophones
24443,che1gu3,7,-5.5176279180136545,2,5.5176279180136545,1,0,4,anti_homophones
24444,qUn2fa3,7,-5.771060958842641,2,5.771060958842641,1,1,0,anti_homophones
24445,tI4wE3,6,-5.976388703333488,2,5.976388703333488,1,0,1,anti_homophones
24446,hu4zheng2,9,-6.300913806971055,2,6.300913806971055,1,0,1,anti_homophones
24447,fan3ji2,7,-5.794242828806926,2,5.794242828806926,1,0,5,anti_homophones
24448,hUn1shO1,8,-7.092384604491739,2,7.092384604491739,1,0,0,anti_homophones
24449,qUn2gu3,7,-6.116132394684934,2,6.116132394684934,1,0,1,anti_homophones
24450,xW1xLng1,8,-5.662798830681509,2,5.662798830681509,1,1,5,anti_homophones
24451,tang1sheng5,11,-8.233573999918443,2,8.233573999918443,1,0,0,anti_homophones
24452,ping4po4,8,-7.018672996881091,2,7.018672996881091,1,1,0,anti_homophones
24453,chUng1zhong1,12,-6.294765287083422,2,6.294765287083422,1,0,0,anti_homophones
24454,nong2chUng2,11,-7.386662217764157,2,7.386662217764157,1,0,1,anti_homophones
24455,ming4shV3,9,-6.159971655056741,2,6.159971655056741,1,0,1,anti_homophones
24456,bi4xin4,7,-5.75705920642659,2,5.75705920642659,1,0,3,anti_homophones
24457,zO2ling4,8,-6.360789300435382,2,6.360789300435382,1,0,0,anti_homophones
24458,qin2fu2,7,-5.949381360735711,2,5.949381360735711,1,0,3,anti_homophones
24459,an4di4,6,-5.809629035099931,2,5.809629035099931,1,0,2,anti_homophones
24460,qK2tA2,6,-5.564145312941259,2,5.564145312941259,1,0,1,anti_homophones
24461,ji1bi3,6,-5.877021898367991,2,5.877021898367991,1,0,3,anti_homophones
24462,dong4ji1,8,-5.787387803318333,2,5.787387803318333,1,0,1,anti_homophones
24463,kA1ba4,6,-6.046728800004193,2,6.046728800004193,1,0,2,anti_homophones
24464,lLng4shi2,9,-5.807595339216006,2,5.807595339216006,1,0,2,anti_homophones
24465,xi1na4,6,-5.574230681928307,2,5.574230681928307,1,0,2,anti_homophones
24466,hu4ci2,6,-5.8133279645488765,2,5.8133279645488765,1,1,7,anti_homophones
24467,bin1gO3,7,-6.874626165852586,2,6.874626165852586,1,0,1,anti_homophones
24468,fang4tQ4,8,-6.832650887467052,2,6.832650887467052,1,0,1,anti_homophones
24469,feng1qLng1,10,-6.448942769407473,2,6.448942769407473,1,0,1,anti_homophones
24470,bo2su4,6,-5.934510243382038,2,5.934510243382038,1,0,2,anti_homophones
24471,ping3lu4,8,-6.5574623603724636,2,6.5574623603724636,1,0,1,anti_homophones
24472,deng3ce4,8,-7.3307385582668205,2,7.3307385582668205,1,0,1,anti_homophones
24473,zan4shan4,9,-6.891313575370683,2,6.891313575370683,1,0,0,anti_homophones
24474,bu4chu1,7,-5.491801168974943,2,5.491801168974943,1,1,5,anti_homophones
24475,yi3pLn1,7,-6.8842216573911195,2,6.8842216573911195,1,0,2,anti_homophones
24476,wu2chen1,8,-5.877916696645106,2,5.877916696645106,1,0,1,anti_homophones
24477,ren4ban3,8,-6.694650608705352,2,6.694650608705352,1,0,1,anti_homophones
24478,shi3xC4,7,-6.169171755567389,2,6.169171755567389,1,0,4,anti_homophones
24479,keng2yan4,9,-7.436512662713331,2,7.436512662713331,1,0,1,anti_homophones
24480,ban1yUn4,8,-6.102527392116643,2,6.102527392116643,1,0,5,anti_homophones
24481,fa1hQ4,6,-5.698001155515052,2,5.698001155515052,1,0,8,anti_homophones
24482,zhan4xLng1,10,-6.484912693043399,2,6.484912693043399,1,0,1,anti_homophones
24483,fen4ma4,7,-6.588542513908914,2,6.588542513908914,1,0,0,anti_homophones
24484,neng1zhang1,11,-7.171086671613089,2,7.171086671613089,1,0,0,anti_homophones
24485,chi2shi4,8,-5.589521694183338,2,5.589521694183338,1,0,5,anti_homophones
24486,bQ3tV2,6,-5.929733503165749,2,5.929733503165749,1,0,6,anti_homophones
24487,qu3shV3,7,-6.043112061166786,2,6.043112061166786,1,0,6,anti_homophones
24488,da3che1,7,-5.180966598443778,2,5.180966598443778,1,1,4,anti_homophones
24489,zhun4zO4,8,-7.192199742912741,2,7.192199742912741,1,0,0,anti_homophones
24490,hO2lO4,6,-5.498650558855063,2,5.498650558855063,1,0,6,anti_homophones
24491,qi3qLn2,7,-6.487921138725236,2,6.487921138725236,1,0,2,anti_homophones
24492,da3lu4,6,-5.335433412329598,2,5.335433412329598,1,0,7,anti_homophones
24493,hUng2cheng2,11,-6.781852944004954,2,6.781852944004954,1,0,0,anti_homophones
24494,jM2bu4,6,-5.753357985769566,2,5.753357985769566,1,0,2,anti_homophones
24495,dan1fE1,7,-6.506396399461922,2,6.506396399461922,1,0,2,anti_homophones
24496,zhe5qi4,7,-5.569896452922492,2,5.569896452922492,1,0,2,anti_homophones
24497,du2gO2,6,-6.4180720897509955,2,6.4180720897509955,1,0,0,anti_homophones
24498,bo4hP4,6,-5.193717048133923,2,5.193717048133923,1,0,3,anti_homophones
24499,ming3tV2,8,-6.398272568731522,2,6.398272568731522,1,0,2,anti_homophones
24500,jW1xing4,8,-5.71011335114517,2,5.71011335114517,1,0,5,anti_homophones
24501,bE1ci4,6,-6.123797568793387,2,6.123797568793387,1,0,4,anti_homophones
24502,ku3hun1,7,-6.990786211561224,2,6.990786211561224,1,0,0,anti_homophones
24503,chang1hU4,9,-5.904456226612258,2,5.904456226612258,1,0,3,anti_homophones
24504,long4chan3,10,-7.534348812308788,2,7.534348812308788,1,0,1,anti_homophones
24505,ke4bu4,6,-5.474021783300736,2,5.474021783300736,1,0,6,anti_homophones
24506,chu4hI4,7,-5.895342655169895,2,5.895342655169895,1,0,4,anti_homophones
24507,jin1ban3,8,-6.045263904523017,2,6.045263904523017,1,1,5,anti_homophones
24508,tV2shu1,7,-5.910303178235894,2,5.910303178235894,1,0,2,anti_homophones
24509,jM4er2,6,-7.670643817845624,2,7.670643817845624,1,0,3,anti_homophones
24510,qC4sUn1,7,-7.106706819495565,2,7.106706819495565,1,0,1,anti_homophones
24511,za1zi3,6,-6.653865049839625,2,6.653865049839625,1,0,2,anti_homophones
24512,zA4shO4,7,-7.03962586146333,2,7.03962586146333,1,0,1,anti_homophones
24513,po4xu4,6,-5.780296704019859,2,5.780296704019859,1,0,1,anti_homophones
24514,shen1chUn3,10,-6.575597138353912,2,6.575597138353912,1,0,1,anti_homophones
24515,dan3shi4,8,-5.729312259802718,2,5.729312259802718,1,0,2,anti_homophones
24516,zO3hUng4,8,-7.227616339313094,2,7.227616339313094,1,0,0,anti_homophones
24517,rong2shi1,9,-6.7005429735006,2,6.7005429735006,1,0,2,anti_homophones
24518,qin1tA2,7,-7.471454500584603,2,7.471454500584603,1,0,0,anti_homophones
24519,ming2A2,7,-6.169197604133398,2,6.169197604133398,1,0,1,anti_homophones
24520,zhan4lan3,9,-6.757331314310662,2,6.757331314310662,1,0,1,anti_homophones
24521,chUn3dUn3,9,-7.051455137072361,2,7.051455137072361,1,0,1,anti_homophones
24522,shi4xL4,7,-5.6629916778489235,2,5.6629916778489235,1,0,2,anti_homophones
24523,feng4pin3,9,-6.239287039297166,2,6.239287039297166,1,0,0,anti_homophones
24524,tW2gI1,6,-5.628959483930353,2,5.628959483930353,1,0,3,anti_homophones
24525,che4lv4,7,-6.46203906356229,2,6.46203906356229,1,0,2,anti_homophones
24526,fE1yin1,7,-5.555986710654689,2,5.555986710654689,1,0,2,anti_homophones
24527,pi1lv4,6,-5.65800991391506,2,5.65800991391506,1,0,5,anti_homophones
24528,fu3min2,7,-6.637297536012941,2,6.637297536012941,1,0,0,anti_homophones
24529,chV3da4,7,-7.406953187724432,2,7.406953187724432,1,0,0,anti_homophones
24530,xW3mQ2,6,-6.316016428872935,2,6.316016428872935,1,0,1,anti_homophones
24531,ge1jW3,6,-6.201396096936827,2,6.201396096936827,1,0,1,anti_homophones
24532,bA2yan4,7,-6.0582712847983915,2,6.0582712847983915,1,0,2,anti_homophones
24533,qW3mu3,6,-7.309063519129201,2,7.309063519129201,1,0,0,anti_homophones
24534,yV4tI3,6,-5.4461915567998,2,5.4461915567998,1,1,2,anti_homophones
24535,zhong1yin1,10,-5.752115906041916,2,5.752115906041916,1,0,1,anti_homophones
24536,gU4jin4,7,-6.1362536635706455,2,6.1362536635706455,1,0,1,anti_homophones
24537,chong1tA1,9,-6.44318224595551,2,6.44318224595551,1,0,0,anti_homophones
24538,shV4zO4,7,-5.850809462157466,2,5.850809462157466,1,0,2,anti_homophones
24539,chUng1zi5,9,-5.398170895382654,2,5.398170895382654,1,0,2,anti_homophones
24540,zhan3hI4,8,-6.26332435031696,2,6.26332435031696,1,0,1,anti_homophones
24541,nong3jM2,8,-6.706862416128874,2,6.706862416128874,1,0,2,anti_homophones
24542,qUn2qi1,7,-5.68248637812857,2,5.68248637812857,1,0,0,anti_homophones
24543,gu1yUn2,7,-6.250247372165047,2,6.250247372165047,1,0,4,anti_homophones
24544,re4zi5,6,-5.357782452505001,2,5.357782452505001,1,0,8,anti_homophones
24545,chang4ju3,9,-6.920085820315685,2,6.920085820315685,1,0,0,anti_homophones
24546,jK3ci4,6,-5.608888782566823,2,5.608888782566823,1,0,2,anti_homophones
24547,lW1kV3,6,-6.020126443430019,2,6.020126443430019,1,0,1,anti_homophones
24548,song1xin4,9,-6.5689079968717765,2,6.5689079968717765,1,0,0,anti_homophones
24549,shi3ju2,7,-6.296642488869568,2,6.296642488869568,1,0,2,anti_homophones
24550,hU2xing2,8,-5.581790115006239,2,5.581790115006239,1,0,2,anti_homophones
24551,chI2xL2,7,-6.553480185070312,2,6.553480185070312,1,0,3,anti_homophones
24552,hQ2wu4,6,-5.310589896375465,2,5.310589896375465,1,1,7,anti_homophones
24553,xLng3er5,8,-6.053795808626288,2,6.053795808626288,1,0,1,anti_homophones
24554,kUng1yong4,10,-6.62255901868191,2,6.62255901868191,1,0,0,anti_homophones
24555,hP2bQ1,6,-5.887787870530112,2,5.887787870530112,1,0,1,anti_homophones
24556,he2wen2,7,-5.399734634824177,2,5.399734634824177,1,0,2,anti_homophones
24557,leng2li2,8,-6.7363239260679055,2,6.7363239260679055,1,0,1,anti_homophones
24558,xi3jin3,7,-6.251673066808112,2,6.251673066808112,1,0,0,anti_homophones
24559,mi2tong3,8,-7.031287423795896,2,7.031287423795896,1,0,1,anti_homophones
24560,zi4yV2,6,-5.093707876626147,2,5.093707876626147,1,1,12,anti_homophones
24561,she4ben3,8,-5.969100837262869,2,5.969100837262869,1,0,0,anti_homophones
24562,ye3tu2,6,-5.443584294123885,2,5.443584294123885,1,0,3,anti_homophones
24563,xi1rV4,6,-5.657062572673889,2,5.657062572673889,1,0,4,anti_homophones
24564,shan4nan2,9,-6.209843394174322,2,6.209843394174322,1,0,2,anti_homophones
24565,bing4kV4,8,-6.932929715163978,2,6.932929715163978,1,0,1,anti_homophones
24566,dO1zQ3,6,-5.71564724952562,2,5.71564724952562,1,0,2,anti_homophones
24567,A2ming1,7,-6.10147082687841,2,6.10147082687841,1,0,1,anti_homophones
24568,ling2bE3,8,-7.393315217188212,2,7.393315217188212,1,0,0,anti_homophones
24569,da3ge1,6,-5.4538522233312845,2,5.4538522233312845,1,0,3,anti_homophones
24570,yV3sheng2,9,-5.616343837243383,2,5.616343837243383,1,1,1,anti_homophones
24571,dI4fu4,6,-5.7947709773494305,2,5.7947709773494305,1,0,7,anti_homophones
24572,wu2jin4,7,-5.068548915067245,2,5.068548915067245,1,0,7,anti_homophones
24573,gong4gI3,8,-6.239529605808931,2,6.239529605808931,1,0,1,anti_homophones
24574,ji3yi1,6,-6.178435444707862,2,6.178435444707862,1,0,6,anti_homophones
24575,qin1si1,7,-5.892730175003368,2,5.892730175003368,1,0,5,anti_homophones
24576,ji1hO4,6,-5.903189992249996,2,5.903189992249996,1,0,5,anti_homophones
24577,jM2zhu4,7,-5.709370557292864,2,5.709370557292864,1,0,4,anti_homophones
24578,dang1qu3,8,-6.697525952445269,2,6.697525952445269,1,0,1,anti_homophones
24579,kP4ren2,7,-5.484682172132823,2,5.484682172132823,1,0,1,anti_homophones
24580,gong2zhI4,9,-6.937088841209217,2,6.937088841209217,1,0,1,anti_homophones
24581,sang1dA4,8,-6.748029587605315,2,6.748029587605315,1,0,1,anti_homophones
24582,dLn3mLn4,8,-5.834505362758754,2,5.834505362758754,1,0,2,anti_homophones
24583,shi2yan3,8,-5.481235357432284,2,5.481235357432284,1,0,5,anti_homophones
24584,xW1jing1,8,-6.499749361776757,2,6.499749361776757,1,0,1,anti_homophones
24585,qUn2gong2,9,-6.227951309996476,2,6.227951309996476,1,0,0,anti_homophones
24586,qi3yang4,8,-5.918278951827199,2,5.918278951827199,1,0,3,anti_homophones
24587,yu2jLn1,7,-6.41690755881735,2,6.41690755881735,1,0,0,anti_homophones
24588,shA1cheng4,10,-7.319283784533658,2,7.319283784533658,1,0,0,anti_homophones
24589,kA1sA4,6,-5.075255794694954,2,5.075255794694954,1,0,2,anti_homophones
24590,feng1ling2,10,-6.229436918206174,2,6.229436918206174,1,0,3,anti_homophones
24591,bo1qUn2,7,-5.529262750045841,2,5.529262750045841,1,0,1,anti_homophones
24592,jing1yu3,8,-5.768063184474139,2,5.768063184474139,1,0,2,anti_homophones
24593,wan4gU1,7,-6.950807893865399,2,6.950807893865399,1,0,2,anti_homophones
24594,zhen1kP4,8,-6.580685626009791,2,6.580685626009791,1,0,0,anti_homophones
24595,bu4gUn3,7,-5.139442408842884,2,5.139442408842884,1,1,2,anti_homophones
24596,fe4ban4,7,-8.407996970770547,2,8.407996970770547,1,0,0,anti_homophones
24597,da4feng2,8,-5.494127252642506,2,5.494127252642506,1,0,3,anti_homophones
24598,gan4zi5,7,-5.465502963129743,2,5.465502963129743,1,0,9,anti_homophones
24599,cong1ting2,10,-6.9115643178897175,2,6.9115643178897175,1,0,1,anti_homophones
24600,bE1qing2,8,-6.332297462627966,2,6.332297462627966,1,0,1,anti_homophones
24601,he2qL3,6,-7.281929189628048,2,7.281929189628048,1,0,1,anti_homophones
24602,bi3shi2,7,-5.551697613956361,2,5.551697613956361,1,0,9,anti_homophones
24603,cong4xi2,8,-6.64596150144187,2,6.64596150144187,1,0,2,anti_homophones
24604,xi4pi2,6,-6.309529039225721,2,6.309529039225721,1,0,4,anti_homophones
24605,shan2se4,8,-6.14152072592905,2,6.14152072592905,1,1,1,anti_homophones
24606,shP1ze2,7,-7.338482153690172,2,7.338482153690172,1,0,0,anti_homophones
24607,san1jM2,7,-5.828220460939739,2,5.828220460939739,1,1,0,anti_homophones
24608,tV1qun2,7,-6.544691563437225,2,6.544691563437225,1,0,0,anti_homophones
24609,xL2xLn1,7,-6.685320185127705,2,6.685320185127705,1,0,0,anti_homophones
24610,gan1bo1,7,-6.036981314152253,2,6.036981314152253,1,0,0,anti_homophones
24611,zhi3wang4,9,-6.230821046394389,2,6.230821046394389,1,0,0,anti_homophones
24612,zhu1yun4,8,-6.164816582681702,2,6.164816582681702,1,0,2,anti_homophones
24613,sheng4shA3,10,-7.947181014709635,2,7.947181014709635,1,0,1,anti_homophones
24614,zhi1zi5,7,-4.836526440910337,2,4.836526440910337,1,1,7,anti_homophones
24615,gUn3fu4,7,-5.896120115532029,2,5.896120115532029,1,1,6,anti_homophones
24616,yang2jun1,9,-6.18611320299255,2,6.18611320299255,1,0,1,anti_homophones
24617,shi4lW3,7,-5.834295975034214,2,5.834295975034214,1,0,3,anti_homophones
24618,jing3xC2,8,-6.431515157512058,2,6.431515157512058,1,0,1,anti_homophones
24619,shang2hun2,10,-6.646927232451966,2,6.646927232451966,1,0,3,anti_homophones
24620,hen2zi3,7,-6.980098663149136,2,6.980098663149136,1,0,3,anti_homophones
24621,fa1hV2,6,-6.493701559161687,2,6.493701559161687,1,0,3,anti_homophones
24622,da4hen1,7,-6.113481781221107,2,6.113481781221107,1,0,1,anti_homophones
24623,lUn4tu2,7,-6.128892470535368,2,6.128892470535368,1,0,0,anti_homophones
24624,hUng4hU4,8,-5.7320417043428975,2,5.7320417043428975,1,0,0,anti_homophones
24625,ding3xing4,10,-6.672652405743756,2,6.672652405743756,1,0,0,anti_homophones
24626,yin3yUn2,8,-5.4387398045910595,2,5.4387398045910595,1,0,2,anti_homophones
24627,nLn1ming1,9,-8.340993556431703,2,8.340993556431703,1,0,1,anti_homophones
24628,jM4mo2,6,-6.172822057023764,2,6.172822057023764,1,0,1,anti_homophones
24629,bing2ji4,8,-5.764813582291657,2,5.764813582291657,1,0,3,anti_homophones
24630,che1lM1,7,-6.671453400936457,2,6.671453400936457,1,0,0,anti_homophones
24631,jing3xLng1,10,-6.383481617746325,2,6.383481617746325,1,0,2,anti_homophones
24632,ying2gO3,8,-6.311354484457185,2,6.311354484457185,1,0,4,anti_homophones
24633,cA2long3,8,-6.971661713610521,2,6.971661713610521,1,0,0,anti_homophones
24634,xC4tan4,7,-6.1712376188996485,2,6.1712376188996485,1,0,1,anti_homophones
24635,yi1dLn3,7,-4.8465834658821665,2,4.8465834658821665,1,0,7,anti_homophones
24636,sO3zhu4,7,-6.198176587836376,2,6.198176587836376,1,0,1,anti_homophones
24637,bW1ban4,7,-5.852571748552404,2,5.852571748552404,1,0,1,anti_homophones
24638,cheng1xLng4,11,-5.852370818991653,2,5.852370818991653,1,0,2,anti_homophones
24639,fE4cang4,8,-7.107661848607101,2,7.107661848607101,1,0,0,anti_homophones
24640,bo2A3,5,-6.728762682605613,2,6.728762682605613,1,0,1,anti_homophones
24641,yUn2gUn3,8,-5.82905910173597,2,5.82905910173597,1,1,1,anti_homophones
24642,hu2ju2,6,-5.963938487564832,2,5.963938487564832,1,0,1,anti_homophones
24643,ji2yUn3,7,-6.5379220489197145,2,6.5379220489197145,1,0,1,anti_homophones
24644,qin2ci1,7,-7.216421420280066,2,7.216421420280066,1,0,0,anti_homophones
24645,bu4jM4,6,-4.967615212812384,2,4.967615212812384,1,0,6,anti_homophones
24646,si1hI4,6,-5.352157216916835,2,5.352157216916835,1,0,4,anti_homophones
24647,fa1ren2,7,-4.834395146604844,2,4.834395146604844,1,0,1,anti_homophones
24648,ze2er5,6,-5.7896896590841616,2,5.7896896590841616,1,0,2,anti_homophones
24649,chUn2bu4,8,-5.918820026224197,2,5.918820026224197,1,0,5,anti_homophones
24650,xL4jing1,8,-6.00096213093776,2,6.00096213093776,1,0,3,anti_homophones
24651,kA1ke1,6,-5.586222160921617,2,5.586222160921617,1,0,2,anti_homophones
24652,lK2sheng5,9,-7.3209952210127005,2,7.3209952210127005,1,0,1,anti_homophones
24653,shV3bi4,7,-5.550406423594109,2,5.550406423594109,1,0,8,anti_homophones
24654,jM1mLn2,7,-5.964187229981987,2,5.964187229981987,1,0,4,anti_homophones
24655,qing4ming4,10,-6.185652344320678,2,6.185652344320678,1,0,1,anti_homophones
24656,dO2hQ4,6,-6.386889292660765,2,6.386889292660765,1,0,2,anti_homophones
24657,dO1ci2,6,-5.184114100071159,2,5.184114100071159,1,0,2,anti_homophones
24658,song2yin3,9,-7.127305223639702,2,7.127305223639702,1,0,0,anti_homophones
24659,fu4mu4,6,-5.0529613292332005,2,5.0529613292332005,1,0,7,anti_homophones
24660,man3zhA4,8,-6.970869371983809,2,6.970869371983809,1,0,0,anti_homophones
24661,cheng3dO2,9,-7.104714096325225,2,7.104714096325225,1,0,0,anti_homophones
24662,jLn1ri4,7,-5.585525868244924,2,5.585525868244924,1,0,5,anti_homophones
24663,zhi4bing1,9,-6.2263705180193805,2,6.2263705180193805,1,0,1,anti_homophones
24664,wen2gong4,9,-6.092467961034069,2,6.092467961034069,1,0,1,anti_homophones
24665,cA3hO4,6,-5.416790280411895,2,5.416790280411895,1,0,3,anti_homophones
24666,hun3xK1,7,-6.784926526444991,2,6.784926526444991,1,0,0,anti_homophones
24667,qi1qLng3,8,-6.451515852026871,2,6.451515852026871,1,0,0,anti_homophones
24668,xW1shI3,7,-5.321433893955966,2,5.321433893955966,1,0,5,anti_homophones
24669,nan2men2,8,-5.893591219540144,2,5.893591219540144,1,0,2,anti_homophones
24670,fE4hang1,8,-7.183089020628716,2,7.183089020628716,1,0,0,anti_homophones
24671,jin1cA2,7,-6.196336297009319,2,6.196336297009319,1,0,3,anti_homophones
24672,sheng2e2,8,-6.1293933343485545,2,6.1293933343485545,1,0,1,anti_homophones
24673,bE3shu2,7,-7.488549428087158,2,7.488549428087158,1,0,0,anti_homophones
24674,yi2zhu4,7,-5.549826440491084,2,5.549826440491084,1,0,9,anti_homophones
24675,tW1shu1,7,-6.3130448118179014,2,6.3130448118179014,1,0,1,anti_homophones
24676,yi4shV4,7,-5.835504721895487,2,5.835504721895487,1,0,8,anti_homophones
24677,yV4shi4,7,-5.029939163566153,2,5.029939163566153,1,1,9,anti_homophones
24678,beng1zi3,8,-6.955742896354416,2,6.955742896354416,1,0,1,anti_homophones
24679,yan3yu4,7,-5.811263948515629,2,5.811263948515629,1,0,8,anti_homophones
24680,qUn2qing2,9,-6.054994232132498,2,6.054994232132498,1,0,2,anti_homophones
24681,deng1bu4,8,-6.122780447064673,2,6.122780447064673,1,0,4,anti_homophones
24682,gan3tang1,9,-6.611255850459219,2,6.611255850459219,1,0,0,anti_homophones
24683,da4gV4,6,-5.519802347558466,2,5.519802347558466,1,0,5,anti_homophones
24684,gUn3yi4,7,-5.224808438723234,2,5.224808438723234,1,1,4,anti_homophones
24685,shi2an4,7,-6.736054903622774,2,6.736054903622774,1,0,4,anti_homophones
24686,jLn1sUn4,8,-6.2385671506665314,2,6.2385671506665314,1,0,1,anti_homophones
24687,yC4zu2,6,-5.886562855882858,2,5.886562855882858,1,0,2,anti_homophones
24688,jLng2xin1,9,-5.96874819937921,2,5.96874819937921,1,0,0,anti_homophones
24689,ru2yun4,7,-5.86581149631767,2,5.86581149631767,1,0,2,anti_homophones
24690,mo2hI4,6,-5.269538284621392,2,5.269538284621392,1,0,3,anti_homophones
24691,bu3shi4,7,-5.447235037118368,2,5.447235037118368,1,0,10,anti_homophones
24692,tI4gUn4,7,-6.860680960933731,2,6.860680960933731,1,0,0,anti_homophones
24693,cun1hu1,7,-6.6024769377292,2,6.6024769377292,1,0,1,anti_homophones
24694,sO3shu1,7,-6.224555646199947,2,6.224555646199947,1,0,1,anti_homophones
24695,gan1mQ2,7,-6.5131991501568685,2,6.5131991501568685,1,0,0,anti_homophones
24696,bE1xLn4,7,-5.743230361896839,2,5.743230361896839,1,0,2,anti_homophones
24697,yang3he1,8,-7.484632934174735,2,7.484632934174735,1,0,1,anti_homophones
24698,meng4tA2,8,-6.737071323591681,2,6.737071323591681,1,0,2,anti_homophones
24699,jW1jM2,6,-4.970797113171398,2,4.970797113171398,1,0,3,anti_homophones
24700,shUn3chang4,11,-7.353832685237541,2,7.353832685237541,1,0,0,anti_homophones
24701,jL3yan4,7,-6.017495891519206,2,6.017495891519206,1,0,2,anti_homophones
24702,yUn4qi4,7,-5.30569907395079,2,5.30569907395079,1,0,3,anti_homophones
24703,dan1yC4,7,-5.503518744781103,2,5.503518744781103,1,0,7,anti_homophones
24704,ye3cQ3,6,-5.739305662596208,2,5.739305662596208,1,0,2,anti_homophones
24705,qun2gUng2,9,-7.328789433252977,2,7.328789433252977,1,0,1,anti_homophones
24706,zhi1nW3,7,-5.848164656902773,2,5.848164656902773,1,0,2,anti_homophones
24707,pin3zi5,7,-5.302492105614667,2,5.302492105614667,1,0,2,anti_homophones
24708,gan3jLn4,8,-5.420255872024821,2,5.420255872024821,1,0,4,anti_homophones
24709,jing4gu3,8,-5.98142969002587,2,5.98142969002587,1,0,1,anti_homophones
24710,qK2jLn3,7,-6.275534589630126,2,6.275534589630126,1,0,0,anti_homophones
24711,kI1san1,7,-6.619274759700001,2,6.619274759700001,1,0,0,anti_homophones
24712,dA4jM2,6,-6.260006066860266,2,6.260006066860266,1,0,3,anti_homophones
24713,li4qK2,6,-5.755352566547811,2,5.755352566547811,1,0,3,anti_homophones
24714,sa1ling2,8,-6.710615116085112,2,6.710615116085112,1,0,1,anti_homophones
24715,bo1tQ2,6,-6.141072723246636,2,6.141072723246636,1,0,1,anti_homophones
24716,gUng1ru4,8,-6.37120765434927,2,6.37120765434927,1,0,1,anti_homophones
24717,xUn2se4,7,-5.974047425597895,2,5.974047425597895,1,0,2,anti_homophones
24718,ye1zhi4,7,-5.495896519058402,2,5.495896519058402,1,0,3,anti_homophones
24719,xing2hU4,8,-5.197358628891472,2,5.197358628891472,1,1,4,anti_homophones
24720,qi4pA4,6,-5.8921130427406405,2,5.8921130427406405,1,0,5,anti_homophones
24721,yV3shP4,7,-5.986537174026234,2,5.986537174026234,1,0,2,anti_homophones
24722,shi2dLn3,8,-5.591104316712767,2,5.591104316712767,1,0,1,anti_homophones
24723,jM1po4,6,-5.770942234484287,2,5.770942234484287,1,0,2,anti_homophones
24724,chUn2dan4,9,-6.447908353655194,2,6.447908353655194,1,0,0,anti_homophones
24725,ma1shi4,7,-6.364888339299844,2,6.364888339299844,1,0,3,anti_homophones
24726,bQ3zhi4,7,-5.092960407544617,2,5.092960407544617,1,0,8,anti_homophones
24727,she4qUn2,8,-6.013814709101251,2,6.013814709101251,1,0,2,anti_homophones
24728,yi3dan4,7,-6.18748206011081,2,6.18748206011081,1,0,3,anti_homophones
24729,yV2mLn4,7,-5.9059539011656685,2,5.9059539011656685,1,0,4,anti_homophones
24730,shV3xin1,8,-5.173429593776971,2,5.173429593776971,1,0,1,anti_homophones
24731,zheng3qi3,9,-6.866850222166539,2,6.866850222166539,1,0,1,anti_homophones
24732,shi2fu4,7,-5.755815472763867,2,5.755815472763867,1,1,3,anti_homophones
24733,fu4ji2,6,-5.199388958340085,2,5.199388958340085,1,0,9,anti_homophones
24734,zhI1sI4,7,-5.843829510992778,2,5.843829510992778,1,0,1,anti_homophones
24735,kU4shi3,7,-6.54052678178681,2,6.54052678178681,1,0,1,anti_homophones
24736,lK2yV3,6,-5.6792504686391165,2,5.6792504686391165,1,0,2,anti_homophones
24737,bW1qLn2,7,-6.138538259281669,2,6.138538259281669,1,0,0,anti_homophones
24738,qLn1chUn1,9,-6.67634563242307,2,6.67634563242307,1,0,0,anti_homophones
24739,gu3di1,6,-6.101905227342344,2,6.101905227342344,1,0,5,anti_homophones
24740,hO3zhi1,7,-5.832219745307196,2,5.832219745307196,1,0,1,anti_homophones
24741,zhO2er2,7,-5.864854060647897,2,5.864854060647897,1,0,0,anti_homophones
24742,gu1ji5,6,-6.829519109825048,2,6.829519109825048,1,0,3,anti_homophones
24743,zhi4dUn1,8,-6.342945564842961,2,6.342945564842961,1,0,1,anti_homophones
24744,ca1zheng2,9,-6.8536649054829635,2,6.8536649054829635,1,0,0,anti_homophones
24745,shV3xing4,9,-5.389325918577902,2,5.389325918577902,1,0,2,anti_homophones
24746,zha4li4,7,-5.681106954435325,2,5.681106954435325,1,0,7,anti_homophones
24747,le4ji2,6,-5.851246542270429,2,5.851246542270429,1,0,2,anti_homophones
24748,hU2he2,6,-5.436532003179261,2,5.436532003179261,1,0,3,anti_homophones
24749,si3xC4,6,-5.899545045054762,2,5.899545045054762,1,1,6,anti_homophones
24750,bA2mi3,6,-6.17204516451179,2,6.17204516451179,1,0,3,anti_homophones
24751,xun2zhUn2,9,-6.54605465076191,2,6.54605465076191,1,0,0,anti_homophones
24752,yi1li5,6,-5.043506295906557,2,5.043506295906557,1,0,7,anti_homophones
24753,yi1gong1,8,-5.48885592201373,2,5.48885592201373,1,0,2,anti_homophones
24754,si3feng4,8,-7.142719593290696,2,7.142719593290696,1,0,1,anti_homophones
24755,he2bu4,6,-5.0428987664210965,2,5.0428987664210965,1,0,6,anti_homophones
24756,xYng1tong3,10,-6.9676875237822085,2,6.9676875237822085,1,0,0,anti_homophones
24757,bo1ge2,6,-7.1866756916975865,2,7.1866756916975865,1,0,1,anti_homophones
24758,zhQ1rV4,7,-5.766404370345348,2,5.766404370345348,1,0,1,anti_homophones
24759,ban4dW4,7,-6.108730415781396,2,6.108730415781396,1,0,3,anti_homophones
24760,tO4kQ3,6,-8.086532797106521,2,8.086532797106521,1,0,1,anti_homophones
24761,shu4zhun2,9,-7.118527326991162,2,7.118527326991162,1,0,0,anti_homophones
24762,xLng1xLng2,10,-6.174377741371754,2,6.174377741371754,1,0,2,anti_homophones
24763,zV3zhe3,7,-6.045799771483188,2,6.045799771483188,1,0,1,anti_homophones
24764,an1ju2,6,-5.822374740272789,2,5.822374740272789,1,0,4,anti_homophones
24765,che1xC3,7,-5.89050182283904,2,5.89050182283904,1,0,1,anti_homophones
24766,zhQ1xYng2,9,-6.166529995364156,2,6.166529995364156,1,0,0,anti_homophones
24767,gu1shi2,7,-5.873281968553577,2,5.873281968553577,1,0,2,anti_homophones
24768,peng4fu3,8,-6.8689915763564064,2,6.8689915763564064,1,0,0,anti_homophones
24769,bQ4shI3,7,-5.73352063105903,2,5.73352063105903,1,0,4,anti_homophones
24770,kA1zhe1,7,-6.8262423571811075,2,6.8262423571811075,1,0,1,anti_homophones
24771,hI2dQ1,6,-6.035770917939281,2,6.035770917939281,1,0,2,anti_homophones
24772,gUn1neng3,9,-7.09701343342139,2,7.09701343342139,1,0,0,anti_homophones
24773,fu3lLng3,8,-6.9074616913065,2,6.9074616913065,1,0,1,anti_homophones
24774,chen4bu3,8,-7.2917883211460826,2,7.2917883211460826,1,0,1,anti_homophones
24775,jW4chu1,7,-5.684956107562581,2,5.684956107562581,1,0,1,anti_homophones
24776,ni3shi3,7,-6.882109471155347,2,6.882109471155347,1,0,2,anti_homophones
24777,ye4yV2,6,-6.036182954952195,2,6.036182954952195,1,0,4,anti_homophones
24778,nK2lLn4,7,-5.9912171659683136,2,5.9912171659683136,1,0,3,anti_homophones
24779,zheng5dLn3,10,-7.432424406099998,2,7.432424406099998,1,0,0,anti_homophones
24780,chA1kO4,7,-6.069572854128047,2,6.069572854128047,1,0,1,anti_homophones
24781,bu4ke2,6,-5.051899258923634,2,5.051899258923634,1,1,9,anti_homophones
24782,dan1zeng1,9,-7.357050451953469,2,7.357050451953469,1,0,2,anti_homophones
24783,hen1fang2,9,-6.961615569264635,2,6.961615569264635,1,0,3,anti_homophones
24784,shan2dA4,8,-6.299513216831553,2,6.299513216831553,1,0,0,anti_homophones
24785,di4ru4,6,-5.882626177560018,2,5.882626177560018,1,0,4,anti_homophones
24786,rV4nW3,6,-6.356218481979799,2,6.356218481979799,1,0,2,anti_homophones
24787,tang4ding4,10,-6.960162932397882,2,6.960162932397882,1,0,0,anti_homophones
24788,shu2tW2,7,-6.369848790068727,2,6.369848790068727,1,0,0,anti_homophones
24789,san3zi5,7,-5.7525283626172925,2,5.7525283626172925,1,0,6,anti_homophones
24790,da4xK1,6,-5.060198015031695,2,5.060198015031695,1,0,3,anti_homophones
24791,jL1jK1,6,-6.882460596597411,2,6.882460596597411,1,0,2,anti_homophones
24792,cA1pin3,7,-7.823984498370758,2,7.823984498370758,1,0,0,anti_homophones
24793,rong1qu3,8,-6.644973413323215,2,6.644973413323215,1,0,1,anti_homophones
24794,cong2cheng1,11,-6.836217527517204,2,6.836217527517204,1,0,2,anti_homophones
24795,yun2za2,7,-7.429399583222905,2,7.429399583222905,1,0,0,anti_homophones
24796,kA3tu2,6,-6.048188964484917,2,6.048188964484917,1,1,3,anti_homophones
24797,mo4bA2,6,-6.2358057147922015,2,6.2358057147922015,1,0,2,anti_homophones
24798,bu4xing4,8,-5.028994156413527,2,5.028994156413527,1,1,10,anti_homophones
24799,dLn3tu2,7,-5.684428294498306,2,5.684428294498306,1,0,3,anti_homophones
24800,tQ2sQ3,6,-6.066909078457238,2,6.066909078457238,1,0,0,anti_homophones
24801,he2er5,6,-5.381457900982301,2,5.381457900982301,1,0,3,anti_homophones
24802,shen4ya1,8,-6.576616081164299,2,6.576616081164299,1,0,0,anti_homophones
24803,lM4jing4,8,-6.258381835007397,2,6.258381835007397,1,0,1,anti_homophones
24804,xLng3dA4,8,-5.856137606572172,2,5.856137606572172,1,0,6,anti_homophones
24805,ba1bLn1,7,-6.433922930468823,2,6.433922930468823,1,0,2,anti_homophones
24806,da4yun2,7,-5.761368272223072,2,5.761368272223072,1,0,4,anti_homophones
24807,lu4cQ2,6,-8.093649586636058,2,8.093649586636058,1,0,0,anti_homophones
24808,qUn2sUn4,8,-6.220921875044272,2,6.220921875044272,1,0,0,anti_homophones
24809,qLn2xing1,9,-5.710802910855869,2,5.710802910855869,1,0,3,anti_homophones
24810,mE2chen1,8,-6.312137930227402,2,6.312137930227402,1,0,1,anti_homophones
24811,po2xing4,8,-6.454373428462253,2,6.454373428462253,1,0,0,anti_homophones
24812,bA3fa1,6,-5.913537219070589,2,5.913537219070589,1,0,2,anti_homophones
24813,gan1fen4,8,-6.144769012055216,2,6.144769012055216,1,0,2,anti_homophones
24814,zhan3jing4,10,-6.509676604240642,2,6.509676604240642,1,0,0,anti_homophones
24815,ying2bo5,8,-6.451771426352595,2,6.451771426352595,1,0,0,anti_homophones
24816,zu3dLn4,7,-5.873974549715174,2,5.873974549715174,1,0,5,anti_homophones
24817,pan4hU4,7,-5.635765347032126,2,5.635765347032126,1,0,6,anti_homophones
24818,hO4hV4,6,-6.082725529131973,2,6.082725529131973,1,0,1,anti_homophones
24819,mQ2pQ2,6,-5.79189160992227,2,5.79189160992227,1,0,0,anti_homophones
24820,ben1yu2,7,-6.476585268270969,2,6.476585268270969,1,0,2,anti_homophones
24821,zong4qi4,8,-5.6177683176670286,2,5.6177683176670286,1,0,6,anti_homophones
24822,tu3mu4,6,-5.546295265302207,2,5.546295265302207,1,0,4,anti_homophones
24823,rI1er2,6,-8.477327384276244,2,8.477327384276244,1,0,0,anti_homophones
24824,xC3dI4,6,-5.313173637659132,2,5.313173637659132,1,1,1,anti_homophones
24825,shO1dQ4,7,-5.951234711055498,2,5.951234711055498,1,0,2,anti_homophones
24826,ni4A2,5,-5.4472462628235165,2,5.4472462628235165,1,0,4,anti_homophones
24827,men2gUn4,8,-6.542880270189707,2,6.542880270189707,1,0,0,anti_homophones
24828,za2yUn4,7,-5.890081611247769,2,5.890081611247769,1,0,1,anti_homophones
24829,ca1yi4,6,-7.436996104022557,2,7.436996104022557,1,0,2,anti_homophones
24830,bQ3hUn2,7,-6.0462191107267,2,6.0462191107267,1,0,3,anti_homophones
24831,feng2pW4,8,-6.171752800242709,2,6.171752800242709,1,0,1,anti_homophones
24832,xLng1zhi3,9,-5.893780927671529,2,5.893780927671529,1,0,1,anti_homophones
24833,jM2xing2,8,-5.792799490377915,2,5.792799490377915,1,0,3,anti_homophones
24834,zi4gO2,6,-5.506974452000876,2,5.506974452000876,1,0,4,anti_homophones
24835,jM1zhe3,7,-5.523608839080963,2,5.523608839080963,1,0,1,anti_homophones
24836,ru2sa4,6,-6.329706890548745,2,6.329706890548745,1,0,1,anti_homophones
24837,zhan1ren2,9,-5.876345303528814,2,5.876345303528814,1,0,2,anti_homophones
24838,zhen1ma1,8,-6.507479038475859,2,6.507479038475859,1,0,1,anti_homophones
24839,jLn4hI4,7,-5.297525074997305,2,5.297525074997305,1,0,6,anti_homophones
24840,jK4cheng4,9,-6.330877942717906,2,6.330877942717906,1,0,1,anti_homophones
24841,hU4cha2,7,-6.4389847026602745,2,6.4389847026602745,1,0,1,anti_homophones
24842,er3sA4,6,-5.260334606478145,2,5.260334606478145,1,0,0,anti_homophones
24843,ji4ri4,6,-5.457677111320072,2,5.457677111320072,1,1,12,anti_homophones
24844,lQ2jW1,6,-5.8647527313026995,2,5.8647527313026995,1,0,1,anti_homophones
24845,zhong1tW2,9,-5.738638784106639,2,5.738638784106639,1,0,4,anti_homophones
24846,ban3jin1,8,-6.146399600102593,2,6.146399600102593,1,0,0,anti_homophones
24847,kQ4ye4,6,-6.348565576691665,2,6.348565576691665,1,0,5,anti_homophones
24848,zhQ1zhi1,8,-5.954028975651175,2,5.954028975651175,1,0,1,anti_homophones
24849,shI3keng1,9,-7.233460641926855,2,7.233460641926855,1,0,0,anti_homophones
24850,tu4nong4,8,-6.694311696691743,2,6.694311696691743,1,0,1,anti_homophones
24851,zhi2jing3,9,-6.333980245684599,2,6.333980245684599,1,0,0,anti_homophones
24852,ke4tQ4,6,-5.796662091121684,2,5.796662091121684,1,0,1,anti_homophones
24853,pu1chu1,7,-6.106269363728288,2,6.106269363728288,1,0,2,anti_homophones
24854,kA1tong1,8,-5.480487217365271,2,5.480487217365271,1,0,3,anti_homophones
24855,xYng2hu4,8,-6.613982910338811,2,6.613982910338811,1,0,3,anti_homophones
24856,da4shi1,7,-5.057820747163525,2,5.057820747163525,1,0,6,anti_homophones
24857,xYng1tW2,8,-6.222996620928944,2,6.222996620928944,1,0,0,anti_homophones
24858,can4ke4,7,-7.345984512074644,2,7.345984512074644,1,0,1,anti_homophones
24859,yan2jM2,7,-5.6749133336650575,2,5.6749133336650575,1,0,1,anti_homophones
24860,fu4yan2,7,-5.384656521420627,2,5.384656521420627,1,0,4,anti_homophones
24861,li3xC4,6,-5.679708089662733,2,5.679708089662733,1,0,6,anti_homophones
24862,jM3na4,6,-5.895139528469539,2,5.895139528469539,1,0,1,anti_homophones
24863,kA1wE2,6,-5.890798569303949,2,5.890798569303949,1,0,1,anti_homophones
24864,yi1sun1,7,-6.078911770606258,2,6.078911770606258,1,0,1,anti_homophones
24865,zhong2gang3,11,-7.016736933431855,2,7.016736933431855,1,0,1,anti_homophones
24866,lQ3chQ3,7,-6.862598604553707,2,6.862598604553707,1,0,1,anti_homophones
24867,gUng1zi5,8,-5.424878852876416,2,5.424878852876416,1,0,2,anti_homophones
24868,jL4pA2,6,-6.216044318049421,2,6.216044318049421,1,0,2,anti_homophones
24869,mA4pQ4,6,-5.605115997395501,2,5.605115997395501,1,0,4,anti_homophones
24870,mi3mLn4,7,-6.062945962122373,2,6.062945962122373,1,0,6,anti_homophones
24871,sheng3ti3,9,-6.263183321839278,2,6.263183321839278,1,0,2,anti_homophones
24872,xLng2zhu4,9,-6.00703622836715,2,6.00703622836715,1,1,3,anti_homophones
24873,si1qLn3,7,-6.603837592148127,2,6.603837592148127,1,0,1,anti_homophones
24874,sha4bA2,7,-7.084601432625243,2,7.084601432625243,1,0,0,anti_homophones
24875,chV4jin1,8,-6.574951525330809,2,6.574951525330809,1,0,1,anti_homophones
24876,bQ4dLn4,7,-5.483248937240382,2,5.483248937240382,1,0,5,anti_homophones
24877,yi2rong1,8,-6.743042162607269,2,6.743042162607269,1,0,0,anti_homophones
24878,zO4pE2,6,-6.46986727146757,2,6.46986727146757,1,0,0,anti_homophones
24879,ku3yi4,6,-5.476235594502849,2,5.476235594502849,1,0,11,anti_homophones
24880,yV2qi4,6,-4.8564490176104025,2,4.8564490176104025,1,1,9,anti_homophones
24881,bu4mE2,6,-6.084867680062374,2,6.084867680062374,1,0,1,anti_homophones
24882,qing3zheng4,11,-6.601167426570596,2,6.601167426570596,1,0,2,anti_homophones
24883,yQ1jin4,7,-6.4493719308076916,2,6.4493719308076916,1,0,0,anti_homophones
24884,yi1wu3,6,-5.1267551543268235,2,5.1267551543268235,1,0,6,anti_homophones
24885,fa1li3,6,-5.323416687961563,2,5.323416687961563,1,0,6,anti_homophones
24886,deng2li2,8,-6.690759690937887,2,6.690759690937887,1,0,2,anti_homophones
24887,xLn4zhong1,10,-5.88040736350764,2,5.88040736350764,1,0,1,anti_homophones
24888,tI4hU4,6,-4.672249430922562,2,4.672249430922562,1,1,5,anti_homophones
24889,xK1pE2,6,-6.240539878111096,2,6.240539878111096,1,0,1,anti_homophones
24890,zong1xLng1,10,-6.287804098683441,2,6.287804098683441,1,0,4,anti_homophones
24891,tUn2ceng4,9,-7.999671685657362,2,7.999671685657362,1,0,0,anti_homophones
24892,xin4zi5,7,-5.1921152241520465,2,5.1921152241520465,1,1,4,anti_homophones
24893,xW3jK3,6,-5.417981848435786,2,5.417981848435786,1,0,3,anti_homophones
24894,zhi1se4,7,-5.210333636809365,2,5.210333636809365,1,1,2,anti_homophones
24895,wang3shen4,10,-6.80784285000687,2,6.80784285000687,1,0,0,anti_homophones
24896,ding2wE3,8,-6.4043105901470865,2,6.4043105901470865,1,0,1,anti_homophones
24897,hI4pQ4,6,-6.216866470097316,2,6.216866470097316,1,0,1,anti_homophones
24898,da2jLn3,7,-7.145463960097636,2,7.145463960097636,1,0,2,anti_homophones
24899,yQ4xC4,6,-6.320687977415101,2,6.320687977415101,1,0,1,anti_homophones
24900,zu2yong2,8,-7.356848578382969,2,7.356848578382969,1,0,2,anti_homophones
24901,shQ1cQ2,7,-6.973206120763898,2,6.973206120763898,1,0,1,anti_homophones
24902,nQ1qi2,6,-8.545292505859782,2,8.545292505859782,1,0,0,anti_homophones
24903,yin1shan3,9,-6.284290607443639,2,6.284290607443639,1,0,3,anti_homophones
24904,fa1fan3,7,-6.216794235386652,2,6.216794235386652,1,0,2,anti_homophones
24905,bLn4li2,7,-6.354224628134103,2,6.354224628134103,1,0,2,anti_homophones
24906,xUn3qi1,7,-6.032850033313916,2,6.032850033313916,1,0,2,anti_homophones
24907,gong1xun2,9,-6.076610136891775,2,6.076610136891775,1,0,1,anti_homophones
24908,gan4wE4,7,-6.061082988912816,2,6.061082988912816,1,0,5,anti_homophones
24909,sheng3gQ4,9,-6.259546387250348,2,6.259546387250348,1,0,0,anti_homophones
24910,zi4zha1,7,-6.167235425145392,2,6.167235425145392,1,0,6,anti_homophones
24911,qK2gUng4,8,-6.555753123558084,2,6.555753123558084,1,0,1,anti_homophones
24912,le4qu3,6,-5.8906935302639925,2,5.8906935302639925,1,1,2,anti_homophones
24913,bA3bQ3,6,-6.219610746919886,2,6.219610746919886,1,0,2,anti_homophones
24914,hQ3mu4,6,-6.187094217331596,2,6.187094217331596,1,0,10,anti_homophones
24915,gO4li4,6,-5.196490366763257,2,5.196490366763257,1,1,9,anti_homophones
24916,xi1jLng4,8,-6.385063324452694,2,6.385063324452694,1,0,2,anti_homophones
24917,wen1chong1,10,-7.002221159718201,2,7.002221159718201,1,0,1,anti_homophones
24918,xL4ba1,6,-6.095300692516581,2,6.095300692516581,1,0,4,anti_homophones
24919,xing4er2,8,-6.01242335482759,2,6.01242335482759,1,0,2,anti_homophones
24920,gang4jM4,8,-6.587470261509328,2,6.587470261509328,1,0,3,anti_homophones
24921,dLn4hI4,7,-5.32998334050486,2,5.32998334050486,1,0,6,anti_homophones
24922,wu2lan4,7,-6.291043974143902,2,6.291043974143902,1,0,3,anti_homophones
24923,de2xi4,6,-6.185468302867435,2,6.185468302867435,1,0,1,anti_homophones
24924,ke4li5,6,-6.426847603860398,2,6.426847603860398,1,0,2,anti_homophones
24925,zhUng2kQ3,9,-7.949622092867068,2,7.949622092867068,1,0,0,anti_homophones
24926,yi4dLn3,7,-5.904299521741087,2,5.904299521741087,1,0,5,anti_homophones
24927,re4xLn1,7,-6.103927811061931,2,6.103927811061931,1,0,2,anti_homophones
24928,pLn1jin4,8,-6.395960220364486,2,6.395960220364486,1,0,0,anti_homophones
24929,shan2li4,8,-5.956273991085245,2,5.956273991085245,1,0,3,anti_homophones
24930,jin1yC1,7,-5.7920350364204225,2,5.7920350364204225,1,0,2,anti_homophones
24931,fE4lW4,6,-6.009047035617683,2,6.009047035617683,1,0,3,anti_homophones
24932,pLn1ku3,7,-6.777128282066631,2,6.777128282066631,1,0,0,anti_homophones
24933,tO3yu2,6,-6.153801762816355,2,6.153801762816355,1,0,1,anti_homophones
24934,shang2ci1,9,-6.857547437712699,2,6.857547437712699,1,0,1,anti_homophones
24935,lK2zi3,6,-6.011779293050886,2,6.011779293050886,1,0,4,anti_homophones
24936,gan1ming4,9,-5.913838613495489,2,5.913838613495489,1,0,2,anti_homophones
24937,ji4che1,7,-5.431254380837563,2,5.431254380837563,1,0,6,anti_homophones
24938,A4li4,5,-5.048846287510555,2,5.048846287510555,1,0,8,anti_homophones
24939,di1ji4,6,-5.659216320916802,2,5.659216320916802,1,1,10,anti_homophones
24940,tLn2jing3,9,-6.73961259892769,2,6.73961259892769,1,0,0,anti_homophones
24941,pW1pA4,6,-5.609395186114308,2,5.609395186114308,1,0,2,anti_homophones
24942,qi4shi4,7,-5.289395884152091,2,5.289395884152091,1,0,9,anti_homophones
24943,yan4qi4,7,-5.303860098042069,2,5.303860098042069,1,1,11,anti_homophones
24944,shen1shen2,10,-5.90576972106592,2,5.90576972106592,1,0,2,anti_homophones
24945,yi1nu4,6,-5.585610596813117,2,5.585610596813117,1,1,14,anti_homophones
24946,zeng3yC4,8,-7.163306089750726,2,7.163306089750726,1,0,0,anti_homophones
24947,yi4sheng4,9,-5.682173623423346,2,5.682173623423346,1,1,2,anti_homophones
24948,dI4lK2,6,-5.351094489475103,2,5.351094489475103,1,0,3,anti_homophones
24949,pen4er2,7,-7.241940564887882,2,7.241940564887882,1,0,1,anti_homophones
24950,cheng1ti4,9,-6.556553174437718,2,6.556553174437718,1,0,2,anti_homophones
24951,tong2sO1,8,-7.206935189901951,2,7.206935189901951,1,0,0,anti_homophones
24952,pin1yang3,9,-7.206899127808026,2,7.206899127808026,1,0,0,anti_homophones
24953,shan4gO2,8,-6.373844284118846,2,6.373844284118846,1,0,0,anti_homophones
24954,yong2ji2,8,-6.249075953960434,2,6.249075953960434,1,0,1,anti_homophones
24955,kang1tan2,9,-7.173296554417073,2,7.173296554417073,1,0,1,anti_homophones
24956,xu1dW4,6,-7.324902080922236,2,7.324902080922236,1,0,2,anti_homophones
24957,chQ1pLn4,8,-5.930351226603273,2,5.930351226603273,1,0,1,anti_homophones
24958,da4ren2,7,-4.86316105121691,2,4.86316105121691,1,0,5,anti_homophones
24959,lQ3ye4,6,-4.707387270232208,2,4.707387270232208,1,1,11,anti_homophones
24960,ci3wE4,6,-5.499196770943951,2,5.499196770943951,1,0,4,anti_homophones
24961,lQ3wang4,8,-6.001895320109645,2,6.001895320109645,1,0,1,anti_homophones
24962,da4du1,6,-6.293984034700056,2,6.293984034700056,1,0,5,anti_homophones
24963,tQ2ren4,7,-5.9927196646045955,2,5.9927196646045955,1,0,1,anti_homophones
24964,du2jW4,6,-5.910795071326138,2,5.910795071326138,1,0,4,anti_homophones
24965,tQ4qM4,6,-5.836962441291485,2,5.836962441291485,1,1,1,anti_homophones
24966,jin4zhen1,9,-6.017873957448669,2,6.017873957448669,1,0,0,anti_homophones
24967,jM4gu4,6,-6.6374493551223805,2,6.6374493551223805,1,0,0,anti_homophones
24968,zhu3lV2,7,-6.250834004034399,2,6.250834004034399,1,0,2,anti_homophones
24969,kong1gong4,10,-6.331411453450475,2,6.331411453450475,1,0,0,anti_homophones
24970,ya3ma1,6,-6.699938897246827,2,6.699938897246827,1,0,2,anti_homophones
24971,zhong2gO2,9,-6.315981082315413,2,6.315981082315413,1,0,0,anti_homophones
24972,yan3fa3,7,-5.535044811181012,2,5.535044811181012,1,0,1,anti_homophones
24973,bing1shu4,9,-6.006355463588285,2,6.006355463588285,1,0,2,anti_homophones
24974,da4an4,6,-5.053722815665349,2,5.053722815665349,1,0,7,anti_homophones
24975,A1ji1,5,-5.3604490165292535,2,5.3604490165292535,1,0,1,anti_homophones
24976,min2fen1,8,-6.362820306970781,2,6.362820306970781,1,0,0,anti_homophones
24977,sI2kV4,6,-5.858169123859525,2,5.858169123859525,1,0,1,anti_homophones
24978,shI3lK2,7,-5.11603129168111,2,5.11603129168111,1,0,1,anti_homophones
24979,bA2chong4,9,-6.194342512481915,2,6.194342512481915,1,0,2,anti_homophones
24980,nK3kV3,6,-5.33483262040641,2,5.33483262040641,1,0,2,anti_homophones
24981,yQ4fan2,7,-6.254385199824332,2,6.254385199824332,1,0,1,anti_homophones
24982,cha2zu3,7,-6.122190649600748,2,6.122190649600748,1,0,1,anti_homophones
24983,fen4zi5,7,-4.863230520773292,2,4.863230520773292,1,1,8,anti_homophones
24984,cang4ping1,10,-7.247980575597539,2,7.247980575597539,1,0,0,anti_homophones
24985,fo2kan4,7,-6.298442072656167,2,6.298442072656167,1,0,1,anti_homophones
24986,da3jK3,6,-5.3231947277585165,2,5.3231947277585165,1,0,3,anti_homophones
24987,hU1lW4,6,-5.623364563939909,2,5.623364563939909,1,1,1,anti_homophones
24988,hQ3sheng1,9,-5.8355882685563705,2,5.8355882685563705,1,0,7,anti_homophones
24989,nan2lv4,7,-6.025668615811416,2,6.025668615811416,1,0,2,anti_homophones
24990,dQ4yi3,6,-6.04019193651923,2,6.04019193651923,1,0,4,anti_homophones
24991,qUn2chi4,8,-6.700003771601088,2,6.700003771601088,1,0,1,anti_homophones
24992,tu1jing2,8,-5.915384916316189,2,5.915384916316189,1,0,2,anti_homophones
24993,lK2shI3,7,-5.5612976326285235,2,5.5612976326285235,1,0,2,anti_homophones
24994,qLng1heng2,10,-7.257750023911513,2,7.257750023911513,1,0,1,anti_homophones
24995,tI4yun4,7,-6.4647031407407844,2,6.4647031407407844,1,0,0,anti_homophones
24996,he2gI1,6,-5.811750658097823,2,5.811750658097823,1,0,1,anti_homophones
24997,han4xL4,7,-6.5168198059985345,2,6.5168198059985345,1,0,1,anti_homophones
24998,ji4chang4,9,-5.824926872740679,2,5.824926872740679,1,0,5,anti_homophones
24999,shI3sI3,7,-5.5802544735672726,2,5.5802544735672726,1,1,1,anti_homophones
25000,jK3zhUng2,9,-6.915272204844229,2,6.915272204844229,1,0,0,anti_homophones
25001,xLng2qLng1,10,-6.919560508267148,2,6.919560508267148,1,0,0,anti_homophones
25002,zhi1ceng4,9,-6.598969637362174,2,6.598969637362174,1,0,1,anti_homophones
25003,hUn3li3,7,-6.060658340630071,2,6.060658340630071,1,0,3,anti_homophones
25004,jing2dLn3,9,-5.969512926632784,2,5.969512926632784,1,0,1,anti_homophones
25005,ju3jing4,8,-6.290122677498409,2,6.290122677498409,1,0,1,anti_homophones
25006,pW1ying2,8,-5.973636365891961,2,5.973636365891961,1,1,0,anti_homophones
25007,nan2lM4,7,-5.931887448299472,2,5.931887448299472,1,0,4,anti_homophones
25008,tang2xin1,9,-5.9004282736948355,2,5.9004282736948355,1,0,6,anti_homophones
25009,po4ming1,8,-6.463532230097865,2,6.463532230097865,1,0,0,anti_homophones
25010,xLng1chQ1,9,-6.864798945222287,2,6.864798945222287,1,0,0,anti_homophones
25011,ni4xLng1,8,-6.563249652291004,2,6.563249652291004,1,0,2,anti_homophones
25012,nu4A4,5,-5.4391510747629095,2,5.4391510747629095,1,0,2,anti_homophones
25013,jun1ta3,7,-6.497454912409218,2,6.497454912409218,1,0,1,anti_homophones
25014,da4gA3,6,-5.8401757690533715,2,5.8401757690533715,1,0,2,anti_homophones
25015,shan1an4,8,-6.147157676481292,2,6.147157676481292,1,0,1,anti_homophones
25016,hE1ku4,6,-5.6254570906849,2,5.6254570906849,1,0,7,anti_homophones
25017,pin3dW4,7,-6.1072626074173675,2,6.1072626074173675,1,0,3,anti_homophones
25018,zi4hQ4,6,-5.3174474541606065,2,5.3174474541606065,1,0,6,anti_homophones
25019,jW3xC1,6,-6.373625338831234,2,6.373625338831234,1,0,1,anti_homophones
25020,sha3yC4,7,-6.540448134409658,2,6.540448134409658,1,0,1,anti_homophones
25021,dLn3meng3,9,-7.376264610320169,2,7.376264610320169,1,0,0,anti_homophones
25022,tong1zhi1,9,-5.688696484195363,2,5.688696484195363,1,0,2,anti_homophones
25023,shan4zhong3,11,-6.656712680495797,2,6.656712680495797,1,0,0,anti_homophones
25024,en1du4,6,-6.344599245949767,2,6.344599245949767,1,0,0,anti_homophones
25025,bLn1li3,7,-5.720161439800406,2,5.720161439800406,1,0,0,anti_homophones
25026,yUn2yi2,7,-5.7601624932980995,2,5.7601624932980995,1,0,2,anti_homophones
25027,yi2mi3,6,-6.326001678353107,2,6.326001678353107,1,0,2,anti_homophones
25028,tV2lB4,6,-5.725333760928541,2,5.725333760928541,1,0,3,anti_homophones
25029,shan4cheng1,11,-6.255393421844184,2,6.255393421844184,1,0,1,anti_homophones
25030,jin4sUn4,8,-5.853045250710506,2,5.853045250710506,1,1,2,anti_homophones
25031,du2shi4,7,-4.90836158497417,2,4.90836158497417,1,0,4,anti_homophones
25032,cheng1shen1,11,-6.199799948936268,2,6.199799948936268,1,0,3,anti_homophones
25033,yan4dA4,7,-5.603609961415728,2,5.603609961415728,1,1,4,anti_homophones
25034,qLng3lM4,8,-6.9714885780627185,2,6.9714885780627185,1,0,0,anti_homophones
25035,can1li4,7,-5.418812132381715,2,5.418812132381715,1,0,8,anti_homophones
25036,tLn2fu2,7,-6.138274490737329,2,6.138274490737329,1,0,1,anti_homophones
25037,zO4chUn2,8,-6.135117526449795,2,6.135117526449795,1,0,2,anti_homophones
25038,nQ4qu4,6,-6.383326646482121,2,6.383326646482121,1,0,3,anti_homophones
25039,yQ1qi1,6,-5.477094820317528,2,5.477094820317528,1,0,2,anti_homophones
25040,han1gUn1,8,-6.517549452803278,2,6.517549452803278,1,0,1,anti_homophones
25041,chu1xi3,7,-5.777388222682855,2,5.777388222682855,1,0,3,anti_homophones
25042,mu4ji2,6,-5.401012953947493,2,5.401012953947493,1,0,9,anti_homophones
25043,tong1shi4,9,-5.206388513621403,2,5.206388513621403,1,0,4,anti_homophones
25044,hu4mo2,6,-6.299417217039247,2,6.299417217039247,1,0,1,anti_homophones
25045,ju4mE3,6,-6.493719146470495,2,6.493719146470495,1,0,2,anti_homophones
25046,te4cQ5,6,-7.955094370976139,2,7.955094370976139,1,0,0,anti_homophones
25047,zhO2shang1,10,-7.096047873604782,2,7.096047873604782,1,0,0,anti_homophones
25048,xL4wE2,6,-5.80563077600357,2,5.80563077600357,1,1,0,anti_homophones
25049,gong4gu4,8,-6.466778948981228,2,6.466778948981228,1,0,4,anti_homophones
25050,yQ1beng1,8,-7.1243611756771195,2,7.1243611756771195,1,0,0,anti_homophones
25051,jLn3ji1,7,-5.580552115703085,2,5.580552115703085,1,0,3,anti_homophones
25052,xing4li3,8,-5.680885513028492,2,5.680885513028492,1,0,6,anti_homophones
25053,tO1yV3,6,-5.876666205918759,2,5.876666205918759,1,0,1,anti_homophones
25054,nv3xi4,6,-5.539372158921536,2,5.539372158921536,1,0,2,anti_homophones
25055,hUng2xLng3,10,-6.704689070138088,2,6.704689070138088,1,0,0,anti_homophones
25056,wu2gong1,8,-5.431127360117902,2,5.431127360117902,1,0,4,anti_homophones
25057,can1bLn4,8,-5.927689087556913,2,5.927689087556913,1,0,0,anti_homophones
25058,ru3feng1,8,-6.102861877673703,2,6.102861877673703,1,0,3,anti_homophones
25059,keng2zhong4,11,-7.486910471856614,2,7.486910471856614,1,0,0,anti_homophones
25060,zO4zhi1,7,-5.319786575642636,2,5.319786575642636,1,0,6,anti_homophones
25061,shi5bu3,7,-7.476461566115924,2,7.476461566115924,1,0,0,anti_homophones
25062,xUn1shV3,8,-6.329242221357779,2,6.329242221357779,1,0,3,anti_homophones
25063,jK4shan3,8,-6.191966404548453,2,6.191966404548453,1,0,1,anti_homophones
25064,hUn2li4,7,-5.7224072505335055,2,5.7224072505335055,1,0,3,anti_homophones
25065,zhan1zhan1,10,-7.030128580863319,2,7.030128580863319,1,0,0,anti_homophones
25066,jM3wE4,6,-5.793312717698055,2,5.793312717698055,1,0,2,anti_homophones
25067,pa1pan2,7,-6.281262158928191,2,6.281262158928191,1,0,3,anti_homophones
25068,lLn3jW3,7,-6.635958170240294,2,6.635958170240294,1,0,2,anti_homophones
25069,pan4nW3,7,-7.973950381091312,2,7.973950381091312,1,0,0,anti_homophones
25070,fang2tLn1,9,-5.804751255703281,2,5.804751255703281,1,0,2,anti_homophones
25071,han2zhA2,8,-8.19245296641323,2,8.19245296641323,1,0,0,anti_homophones
25072,zhong2zi5,9,-5.34068252650318,2,5.34068252650318,1,0,2,anti_homophones
25073,wE1men2,7,-5.4383082285291815,2,5.4383082285291815,1,0,3,anti_homophones
25074,lA2song4,8,-6.622941930355314,2,6.622941930355314,1,0,0,anti_homophones
25075,pE4tQ2,6,-6.659516285948006,2,6.659516285948006,1,0,1,anti_homophones
25076,ri4lv4,6,-5.761296240059786,2,5.761296240059786,1,0,5,anti_homophones
25077,xin1cha1,8,-6.128987356172218,2,6.128987356172218,1,0,0,anti_homophones
25078,hI2jW1,6,-5.720671282872088,2,5.720671282872088,1,1,2,anti_homophones
25079,xM4yi1,6,-6.379910497237555,2,6.379910497237555,1,0,0,anti_homophones
25080,nQ3jing1,8,-6.137568439346185,2,6.137568439346185,1,0,1,anti_homophones
25081,mLn3e2,6,-6.123610774824586,2,6.123610774824586,1,0,1,anti_homophones
25082,shan4tu2,8,-5.782742177681994,2,5.782742177681994,1,0,2,anti_homophones
25083,shV1qi4,7,-5.166405304557151,2,5.166405304557151,1,0,5,anti_homophones
25084,dI4xK1,6,-5.94218599671937,2,5.94218599671937,1,0,3,anti_homophones
25085,chu4xLn3,8,-6.504535214440968,2,6.504535214440968,1,0,1,anti_homophones
25086,wu2li2,6,-5.461664275769518,2,5.461664275769518,1,0,10,anti_homophones
25087,tun2wang2,9,-7.2190455749409965,2,7.2190455749409965,1,0,1,anti_homophones
25088,zA4zI4,6,-6.208037159765262,2,6.208037159765262,1,0,1,anti_homophones
25089,di4yC1,6,-6.103465999844406,2,6.103465999844406,1,0,4,anti_homophones
25090,bLn4qi1,7,-5.945432879030065,2,5.945432879030065,1,0,1,anti_homophones
25091,gQ1he2,6,-5.5143535698813,2,5.5143535698813,1,0,2,anti_homophones
25092,pi4ri4,6,-5.710135405394434,2,5.710135405394434,1,0,6,anti_homophones
25093,shUng1wA4,9,-7.330396556454155,2,7.330396556454155,1,0,0,anti_homophones
25094,zong2shi1,9,-6.4518442752687815,2,6.4518442752687815,1,0,3,anti_homophones
25095,yi4qi4,6,-5.054959303601012,2,5.054959303601012,1,0,10,anti_homophones
25096,nLn2yun1,8,-7.251903857357241,2,7.251903857357241,1,0,1,anti_homophones
25097,fu4zhen4,8,-5.759430800393315,2,5.759430800393315,1,1,2,anti_homophones
25098,bQ4lW3,6,-6.535447782752685,2,6.535447782752685,1,0,3,anti_homophones
25099,di1tQ2,6,-7.237135749337506,2,7.237135749337506,1,0,0,anti_homophones
25100,da4shu4,7,-4.9058405490240915,2,4.9058405490240915,1,0,9,anti_homophones
25101,ku3shan4,8,-6.426406510719187,2,6.426406510719187,1,0,3,anti_homophones
25102,ling2chang4,11,-6.355338114817248,2,6.355338114817248,1,0,1,anti_homophones
25103,ji1chong4,9,-6.158767903489638,2,6.158767903489638,1,0,2,anti_homophones
25104,gUn1sUn4,8,-6.342486405378221,2,6.342486405378221,1,0,0,anti_homophones
25105,xM2dLn3,7,-5.61866305153275,2,5.61866305153275,1,0,2,anti_homophones
25106,hen2cun2,8,-7.961795607970147,2,7.961795607970147,1,0,0,anti_homophones
25107,hE1xYng2,8,-6.290433938296443,2,6.290433938296443,1,0,0,anti_homophones
25108,wE4nA3,6,-5.750290026872088,2,5.750290026872088,1,1,0,anti_homophones
25109,ying4dLn3,9,-6.070089416330862,2,6.070089416330862,1,0,2,anti_homophones
25110,shU3zi5,7,-5.20382609211425,2,5.20382609211425,1,0,2,anti_homophones
25111,ni4mV2,6,-6.355882550831584,2,6.355882550831584,1,0,1,anti_homophones
25112,bu3xing4,8,-5.972836212288046,2,5.972836212288046,1,0,4,anti_homophones
25113,gQ1li4,6,-5.092007596314875,2,5.092007596314875,1,0,8,anti_homophones
25114,jin4rang1,9,-6.648791315644902,2,6.648791315644902,1,0,1,anti_homophones
25115,ji4qu4,6,-5.814212260488551,2,5.814212260488551,1,0,5,anti_homophones
25116,jL3ban4,7,-5.5575978561204815,2,5.5575978561204815,1,0,1,anti_homophones
25117,hun1ma5,7,-7.53440889829257,2,7.53440889829257,1,0,0,anti_homophones
25118,tQ2tLn1,7,-5.879813508723149,2,5.879813508723149,1,0,2,anti_homophones
25119,wu2sUn4,7,-6.00728686615526,2,6.00728686615526,1,0,1,anti_homophones
25120,yi4xi2,6,-5.690778517243403,2,5.690778517243403,1,0,7,anti_homophones
25121,san4men2,8,-6.408431930150126,2,6.408431930150126,1,0,2,anti_homophones
25122,cong1gP4,8,-7.114502276447901,2,7.114502276447901,1,0,0,anti_homophones
25123,A4mW4,5,-5.744528272471375,2,5.744528272471375,1,0,2,anti_homophones
25124,zhi2bu4,7,-5.466158070951468,2,5.466158070951468,1,0,6,anti_homophones
25125,za2ji2,6,-5.830302937809917,2,5.830302937809917,1,0,2,anti_homophones
25126,nQ3xL4,6,-5.861059472490792,2,5.861059472490792,1,0,2,anti_homophones
25127,fu4zheng3,9,-5.8612473918265815,2,5.8612473918265815,1,0,1,anti_homophones
25128,gO5shUn2,8,-7.476772833356441,2,7.476772833356441,1,0,0,anti_homophones
25129,lLn4gong4,9,-6.346028176490428,2,6.346028176490428,1,0,2,anti_homophones
25130,bA2bu4,6,-5.421296961372732,2,5.421296961372732,1,0,2,anti_homophones
25131,gUng1xYng2,10,-6.548702748307699,2,6.548702748307699,1,0,0,anti_homophones
25132,yi4ju4,6,-5.349547158314007,2,5.349547158314007,1,0,13,anti_homophones
25133,zUn3yQ4,7,-7.577588922174788,2,7.577588922174788,1,0,3,anti_homophones
25134,gan4ji1,7,-6.086724014374011,2,6.086724014374011,1,0,4,anti_homophones
25135,A1ya4,5,-7.293178779136709,2,7.293178779136709,1,0,0,anti_homophones
25136,zheng2chUng2,12,-6.862733656577464,2,6.862733656577464,1,0,2,anti_homophones
25137,hV2lB4,6,-6.732952891927983,2,6.732952891927983,1,0,3,anti_homophones
25138,shV3chan4,9,-5.723610868247083,2,5.723610868247083,1,0,3,anti_homophones
25139,da4dan4,7,-5.133558544899791,2,5.133558544899791,1,0,11,anti_homophones
25140,leng1jM3,8,-6.671218346574287,2,6.671218346574287,1,0,1,anti_homophones
25141,can1ting2,9,-6.571485214320128,2,6.571485214320128,1,0,3,anti_homophones
25142,qLn2lM4,7,-5.6567796463566244,2,5.6567796463566244,1,0,2,anti_homophones
25143,na2ji4,6,-6.3384968611891495,2,6.3384968611891495,1,0,2,anti_homophones
25144,qi2qLn2,7,-6.180927466058134,2,6.180927466058134,1,0,2,anti_homophones
25145,fa4sUn1,7,-6.847455967057494,2,6.847455967057494,1,0,1,anti_homophones
25146,chu1jin1,8,-5.568664487933066,2,5.568664487933066,1,1,4,anti_homophones
25147,li3dW4,6,-6.173069401169963,2,6.173069401169963,1,0,3,anti_homophones
25148,chan3fang4,10,-6.6043753936532115,2,6.6043753936532115,1,0,0,anti_homophones
25149,ren4teng3,9,-8.296797138246285,2,8.296797138246285,1,0,0,anti_homophones
25150,cQ3mW3,6,-6.699195933295656,2,6.699195933295656,1,0,2,anti_homophones
25151,jL3zhan4,8,-6.095638985413375,2,6.095638985413375,1,0,1,anti_homophones
25152,hA3dong1,8,-5.788008432536726,2,5.788008432536726,1,0,2,anti_homophones
25153,rQ4wu4,6,-5.773295236658336,2,5.773295236658336,1,0,3,anti_homophones
25154,yan2jin1,8,-5.80176689380784,2,5.80176689380784,1,0,5,anti_homophones
25155,sheng2yu2,9,-5.749464679114083,2,5.749464679114083,1,0,0,anti_homophones
25156,chi1wu3,7,-6.518766846110832,2,6.518766846110832,1,0,1,anti_homophones
25157,yong1zhang4,11,-6.3284404307463875,2,6.3284404307463875,1,0,0,anti_homophones
25158,song1mu4,8,-6.358857850716565,2,6.358857850716565,1,0,1,anti_homophones
25159,wen2shV3,8,-5.829346332511113,2,5.829346332511113,1,0,1,anti_homophones
25160,ku1shang3,9,-6.328949569793955,2,6.328949569793955,1,0,0,anti_homophones
25161,si4zhen2,8,-6.483859646422329,2,6.483859646422329,1,0,3,anti_homophones
25162,zhong3tang4,11,-6.80789664480351,2,6.80789664480351,1,0,0,anti_homophones
25163,pW4kQ4,6,-7.061891252905584,2,7.061891252905584,1,0,0,anti_homophones
25164,qLn2ku3,7,-6.238581717233422,2,6.238581717233422,1,0,4,anti_homophones
25165,shen1zheng2,11,-6.060369755753514,2,6.060369755753514,1,0,0,anti_homophones
25166,nLn2yu4,7,-5.849357389997867,2,5.849357389997867,1,0,4,anti_homophones
25167,zhi1mLn4,8,-5.326846867981686,2,5.326846867981686,1,0,5,anti_homophones
25168,nv3er3,6,-6.294171313362976,2,6.294171313362976,1,0,0,anti_homophones
25169,dA4min2,7,-6.31618345711907,2,6.31618345711907,1,0,1,anti_homophones
25170,gen1qUn2,8,-5.6343878807930965,2,5.6343878807930965,1,0,4,anti_homophones
25171,bQ3chV2,7,-6.425799192412158,2,6.425799192412158,1,0,2,anti_homophones
25172,zhO2xUn3,8,-5.854447392295423,2,5.854447392295423,1,0,0,anti_homophones
25173,yin2li4,7,-5.530790529924202,2,5.530790529924202,1,0,5,anti_homophones
25174,tan4shi4,8,-5.381175508909087,2,5.381175508909087,1,0,5,anti_homophones
25175,du2gUn4,7,-6.383880248262148,2,6.383880248262148,1,0,1,anti_homophones
25176,ben4gUn3,8,-7.496210733533326,2,7.496210733533326,1,0,2,anti_homophones
25177,dLn3yun4,8,-6.263676006980749,2,6.263676006980749,1,0,1,anti_homophones
25178,zhen4tV2,8,-5.973588241649894,2,5.973588241649894,1,0,2,anti_homophones
25179,zheng2wu4,9,-5.788697398139416,2,5.788697398139416,1,0,6,anti_homophones
25180,zan4chI2,8,-7.808259266471448,2,7.808259266471448,1,0,2,anti_homophones
25181,sUn4zhUn2,9,-7.246227953798796,2,7.246227953798796,1,0,2,anti_homophones
25182,jC1zi5,6,-5.53269745654837,2,5.53269745654837,1,0,4,anti_homophones
25183,gan1gu3,7,-5.754294365096484,2,5.754294365096484,1,0,1,anti_homophones
25184,fan1fen3,8,-6.794377547519321,2,6.794377547519321,1,0,0,anti_homophones
25185,tu4xLn4,7,-6.323896261261387,2,6.323896261261387,1,0,8,anti_homophones
25186,shi4xUn3,8,-6.3940980627061155,2,6.3940980627061155,1,0,3,anti_homophones
25187,ling4zi5,8,-5.408429170875265,2,5.408429170875265,1,0,3,anti_homophones
25188,Q4wan2,6,-6.594740301675986,2,6.594740301675986,1,0,0,anti_homophones
25189,cA3fen4,7,-5.622807269804784,2,5.622807269804784,1,0,0,anti_homophones
25190,chQ1ba1,7,-6.355664213325781,2,6.355664213325781,1,0,2,anti_homophones
25191,yong1hUng1,10,-6.5502423046433815,2,6.5502423046433815,1,0,2,anti_homophones
25192,hUn2zhi4,8,-5.688844770839255,2,5.688844770839255,1,0,1,anti_homophones
25193,chu1bQ4,7,-5.498506619051396,2,5.498506619051396,1,0,4,anti_homophones
25194,lA2hUn2,7,-6.637651405032192,2,6.637651405032192,1,0,2,anti_homophones
25195,ping3hang3,10,-7.281880242288309,2,7.281880242288309,1,0,1,anti_homophones
25196,yV2zQ3,6,-6.202744554497347,2,6.202744554497347,1,0,0,anti_homophones
25197,hE1gUng2,8,-6.072958385036561,2,6.072958385036561,1,1,1,anti_homophones
25198,sheng1lLng3,11,-6.099129564029424,2,6.099129564029424,1,0,0,anti_homophones
25199,ren4xM3,7,-6.722400052271386,2,6.722400052271386,1,0,0,anti_homophones
25200,shan3zhi1,9,-6.0715297801817805,2,6.0715297801817805,1,0,1,anti_homophones
25201,mLn3pang1,9,-7.4096247015871155,2,7.4096247015871155,1,0,0,anti_homophones
25202,qi2sheng1,9,-5.376055392562393,2,5.376055392562393,1,0,3,anti_homophones
25203,xM2dUn4,7,-5.695860328792643,2,5.695860328792643,1,0,1,anti_homophones
25204,gong2gUng4,10,-6.397757503145639,2,6.397757503145639,1,0,1,anti_homophones
25205,ran2tUn2,8,-6.5043877933376475,2,6.5043877933376475,1,0,1,anti_homophones
25206,tong2pA4,8,-6.337108667449944,2,6.337108667449944,1,0,2,anti_homophones
25207,he2pi2,6,-5.69916560923553,2,5.69916560923553,1,0,1,anti_homophones
25208,fan4tan4,8,-6.449562871136684,2,6.449562871136684,1,0,0,anti_homophones
25209,dI4bing2,8,-5.673518113076191,2,5.673518113076191,1,0,3,anti_homophones
25210,zheng4dLn4,10,-5.966825806847148,2,5.966825806847148,1,0,2,anti_homophones
25211,yan3lu4,7,-5.439259656219814,2,5.439259656219814,1,0,12,anti_homophones
25212,ru3pen1,7,-7.460769630874717,2,7.460769630874717,1,0,0,anti_homophones
25213,hu2chan3,8,-6.473621451056714,2,6.473621451056714,1,0,0,anti_homophones
25214,hUng1jL1,8,-5.831308508854792,2,5.831308508854792,1,0,4,anti_homophones
25215,ma1meng4,8,-6.8823237995542295,2,6.8823237995542295,1,0,1,anti_homophones
25216,hu2ren2,7,-5.396938692058451,2,5.396938692058451,1,0,9,anti_homophones
25217,nE4chQ2,7,-6.587894137635513,2,6.587894137635513,1,0,0,anti_homophones
25218,zhe3jL4,7,-7.618275786853829,2,7.618275786853829,1,0,0,anti_homophones
25219,xUn3fa2,7,-6.381896352129867,2,6.381896352129867,1,0,2,anti_homophones
25220,zhQ1gUn3,8,-6.248316288812694,2,6.248316288812694,1,0,3,anti_homophones
25221,ti4qi,5,-9.07811788862596,2,9.07811788862596,1,0,0,anti_homophones
25222,hO3shen2,8,-5.838592885351533,2,5.838592885351533,1,0,0,anti_homophones
25223,lM4qu4,6,-5.869424644342592,2,5.869424644342592,1,0,3,anti_homophones
25224,shQ1xL4,7,-6.139316982034222,2,6.139316982034222,1,0,1,anti_homophones
25225,chan3ye4,8,-6.235803543913004,2,6.235803543913004,1,0,3,anti_homophones
25226,sheng4fan2,10,-6.743911597907658,2,6.743911597907658,1,0,0,anti_homophones
25227,jing3xLng4,10,-6.183854131313487,2,6.183854131313487,1,0,1,anti_homophones
25228,wa4tang4,8,-6.787372295197139,2,6.787372295197139,1,0,1,anti_homophones
25229,chu1sa4,7,-6.643070844388666,2,6.643070844388666,1,0,1,anti_homophones
25230,fu2ye4,6,-5.77156774565731,2,5.77156774565731,1,0,4,anti_homophones
25231,shan3se4,8,-5.721971671374682,2,5.721971671374682,1,0,2,anti_homophones
25232,dA4su4,6,-5.5261569605582785,2,5.5261569605582785,1,0,8,anti_homophones
25233,yan2zhi3,8,-5.62282385581753,2,5.62282385581753,1,0,1,anti_homophones
25234,xLng1fan3,9,-6.4183834331105825,2,6.4183834331105825,1,0,1,anti_homophones
25235,dan1shu1,8,-6.133168772152537,2,6.133168772152537,1,0,0,anti_homophones
25236,dang4xing2,10,-6.17402437456908,2,6.17402437456908,1,0,2,anti_homophones
25237,ci2da2,6,-6.491494242682676,2,6.491494242682676,1,0,0,anti_homophones
25238,xC2tV2,6,-5.724745290628948,2,5.724745290628948,1,0,1,anti_homophones
25239,fa1pi4,6,-6.223229850178705,2,6.223229850178705,1,0,7,anti_homophones
25240,sha1han2,8,-6.622914072562454,2,6.622914072562454,1,1,1,anti_homophones
25241,gQ1yu4,6,-5.483404285033901,2,5.483404285033901,1,0,8,anti_homophones
25242,jLn4zhV2,8,-6.802754643906858,2,6.802754643906858,1,0,1,anti_homophones
25243,wu3qun2,7,-6.132542914211606,2,6.132542914211606,1,0,2,anti_homophones
25244,de5chUng1,9,-6.879200220675062,2,6.879200220675062,1,0,0,anti_homophones
25245,jL3zhe3,7,-5.75570681668581,2,5.75570681668581,1,0,2,anti_homophones
25246,yi1shQ4,7,-5.715022951837699,2,5.715022951837699,1,0,6,anti_homophones
25247,jUn3jLn4,8,-6.459365609151702,2,6.459365609151702,1,1,0,anti_homophones
25248,zi4lM4,6,-5.3812323253643966,2,5.3812323253643966,1,0,9,anti_homophones
25249,qi2tV5,6,-6.190467795836331,2,6.190467795836331,1,1,3,anti_homophones
25250,dan4hU1,7,-6.177199502884118,2,6.177199502884118,1,0,2,anti_homophones
25251,bi3nan2,7,-5.892473880918308,2,5.892473880918308,1,0,1,anti_homophones
25252,shV1shang3,10,-6.232421746343353,2,6.232421746343353,1,0,2,anti_homophones
25253,leng1yUn2,9,-6.1434079240519495,2,6.1434079240519495,1,0,2,anti_homophones
25254,wE2lW4,6,-5.252658384871381,2,5.252658384871381,1,0,4,anti_homophones
25255,ye4gU1,6,-6.84785536598699,2,6.84785536598699,1,0,0,anti_homophones
25256,ma3man2,7,-6.894438527428335,2,6.894438527428335,1,0,1,anti_homophones
25257,zheng1che1,10,-5.573638506536577,2,5.573638506536577,1,0,3,anti_homophones
25258,gu3yu3,6,-5.963951164905371,2,5.963951164905371,1,0,7,anti_homophones
25259,zhan4gUn4,9,-6.624393626677936,2,6.624393626677936,1,0,0,anti_homophones
25260,jK4hO2,6,-5.5875567513080995,2,5.5875567513080995,1,0,2,anti_homophones
25261,hO2lA2,6,-5.763126928032489,2,5.763126928032489,1,1,1,anti_homophones
25262,xLng2yi4,8,-5.589067395350553,2,5.589067395350553,1,0,3,anti_homophones
25263,hV4xW3,6,-6.299848332147474,2,6.299848332147474,1,0,1,anti_homophones
25264,lE4shV3,7,-6.245250786726981,2,6.245250786726981,1,0,2,anti_homophones
25265,lLng1hUng4,10,-6.793524340386735,2,6.793524340386735,1,0,0,anti_homophones
25266,yin1jing1,9,-5.9968234057447924,2,5.9968234057447924,1,0,5,anti_homophones
25267,yan2ban3,8,-5.7383191127722935,2,5.7383191127722935,1,0,2,anti_homophones
25268,zhO2man3,8,-6.620636391230125,2,6.620636391230125,1,0,0,anti_homophones
25269,jW1chen1,8,-6.038944452460162,2,6.038944452460162,1,0,1,anti_homophones
25270,xin1kP4,7,-5.869187796122022,2,5.869187796122022,1,0,0,anti_homophones
25271,tV2ta3,6,-6.688270653550664,2,6.688270653550664,1,0,0,anti_homophones
25272,tLn2nE4,7,-6.724595218608851,2,6.724595218608851,1,0,0,anti_homophones
25273,fan1gang4,9,-7.0259978825431695,2,7.0259978825431695,1,0,1,anti_homophones
25274,yin1ying1,9,-6.163654493565835,2,6.163654493565835,1,1,2,anti_homophones
25275,yi4ri4,6,-5.365175546468652,2,5.365175546468652,1,0,13,anti_homophones
25276,gO2jin4,7,-5.222090891937442,2,5.222090891937442,1,0,2,anti_homophones
25277,fang2zhUn4,10,-6.479769026045574,2,6.479769026045574,1,0,0,anti_homophones
25278,dW1na4,6,-5.920071466266696,2,5.920071466266696,1,0,0,anti_homophones
25279,man2hI4,7,-6.39199248181478,2,6.39199248181478,1,0,4,anti_homophones
25280,hV4du4,6,-5.735982614399531,2,5.735982614399531,1,0,3,anti_homophones
25281,lK2yi3,6,-5.79268270173784,2,5.79268270173784,1,0,6,anti_homophones
25282,lK2wang4,8,-5.946005524722764,2,5.946005524722764,1,0,3,anti_homophones
25283,te4me5,6,-6.454280802107853,2,6.454280802107853,1,0,1,anti_homophones
25284,hO3ta3,6,-6.025295355929673,2,6.025295355929673,1,0,1,anti_homophones
25285,jing2shi4,9,-5.12368208229646,2,5.12368208229646,1,0,9,anti_homophones
25286,yi2shen2,8,-6.070803949753948,2,6.070803949753948,1,0,1,anti_homophones
25287,A4ma4,5,-5.557453732165547,2,5.557453732165547,1,0,3,anti_homophones
25288,shI3yang4,9,-5.579004608943189,2,5.579004608943189,1,0,1,anti_homophones
25289,chUng1zhu4,10,-6.015846471650696,2,6.015846471650696,1,0,1,anti_homophones
25290,wA4ren2,7,-5.09393193804011,2,5.09393193804011,1,0,8,anti_homophones
25291,mo2tO1,6,-5.219099816008323,2,5.219099816008323,1,0,0,anti_homophones
25292,bu4shang4,9,-5.651308686366336,2,5.651308686366336,1,1,3,anti_homophones
25293,ming4mu4,8,-6.124841564836541,2,6.124841564836541,1,0,3,anti_homophones
25294,bLn1xun4,8,-6.366593569136099,2,6.366593569136099,1,0,0,anti_homophones
25295,yan3lun4,8,-6.084056991830251,2,6.084056991830251,1,0,2,anti_homophones
25296,yan3cha2,8,-5.9805685989401445,2,5.9805685989401445,1,0,0,anti_homophones
25297,lO2gUn3,7,-6.322699666819815,2,6.322699666819815,1,0,0,anti_homophones
25298,tV2er5,6,-5.5295386133706135,2,5.5295386133706135,1,0,0,anti_homophones
25299,gen1kI4,7,-7.684729736444098,2,7.684729736444098,1,0,0,anti_homophones
25300,kA1hA4,6,-5.526528860668773,2,5.526528860668773,1,0,6,anti_homophones
25301,mE2su4,6,-5.181442821246403,2,5.181442821246403,1,0,4,anti_homophones
25302,gan1ji4,7,-5.536957904780268,2,5.536957904780268,1,1,7,anti_homophones
25303,di2gan3,7,-6.189736900965336,2,6.189736900965336,1,0,1,anti_homophones
25304,cI1ku3,6,-5.805317979243416,2,5.805317979243416,1,0,2,anti_homophones
25305,mQ2xing1,8,-6.581179529437616,2,6.581179529437616,1,0,0,anti_homophones
25306,jun1can1,8,-6.777089110674145,2,6.777089110674145,1,0,3,anti_homophones
25307,dQ4pQ2,6,-6.00105839830937,2,6.00105839830937,1,1,0,anti_homophones
25308,wang2nLn2,9,-6.2711542267794265,2,6.2711542267794265,1,0,0,anti_homophones
25309,ling1lu4,8,-6.042481437531879,2,6.042481437531879,1,0,1,anti_homophones
25310,yu3rV4,6,-5.858125590567301,2,5.858125590567301,1,0,2,anti_homophones
25311,peng2bQ4,8,-6.549018093123967,2,6.549018093123967,1,0,1,anti_homophones
25312,hU1zhan4,8,-5.98374516019746,2,5.98374516019746,1,0,0,anti_homophones
25313,she4hU4,7,-4.926083713569783,2,4.926083713569783,1,1,5,anti_homophones
25314,xC2zhu4,7,-6.201247109352405,2,6.201247109352405,1,0,0,anti_homophones
25315,tA3ke3,6,-8.550095524695518,2,8.550095524695518,1,0,0,anti_homophones
25316,yQ4xin1,7,-5.436531907354457,2,5.436531907354457,1,0,3,anti_homophones
25317,hI1shan4,8,-6.322118862314518,2,6.322118862314518,1,0,2,anti_homophones
25318,pA2mLn4,7,-5.961625665572422,2,5.961625665572422,1,0,3,anti_homophones
25319,yu3qUn3,7,-7.0129559271353425,2,7.0129559271353425,1,0,1,anti_homophones
25320,kong4chV1,9,-7.741004913894913,2,7.741004913894913,1,0,1,anti_homophones
25321,shV3zi4,7,-6.152670871883155,2,6.152670871883155,1,0,7,anti_homophones
25322,zhi3du2,7,-6.229082870493542,2,6.229082870493542,1,0,1,anti_homophones
25323,zan1gUn3,8,-7.523468198130791,2,7.523468198130791,1,0,4,anti_homophones
25324,kI1ke2,6,-7.928223310966977,2,7.928223310966977,1,0,0,anti_homophones
25325,wu2xi4,6,-5.429864185711721,2,5.429864185711721,1,0,8,anti_homophones
25326,chi3se4,7,-6.080649798157038,2,6.080649798157038,1,0,1,anti_homophones
25327,fE1chang3,9,-5.884782440510544,2,5.884782440510544,1,0,1,anti_homophones
25328,gong4qLn2,9,-6.04725793579231,2,6.04725793579231,1,0,0,anti_homophones
25329,shi2jLng4,9,-5.888351941270863,2,5.888351941270863,1,0,1,anti_homophones
25330,fan2go5,7,-9.52358134808231,2,9.52358134808231,1,0,0,anti_homophones
25331,du2man2,7,-6.972667375970879,2,6.972667375970879,1,0,2,anti_homophones
25332,wE3mA4,6,-7.352732359085646,2,7.352732359085646,1,0,0,anti_homophones
25333,ya4wu3,6,-6.337880297766213,2,6.337880297766213,1,0,2,anti_homophones
25334,jW1sUn1,7,-5.341388334268619,2,5.341388334268619,1,1,4,anti_homophones
25335,xing2yQ4,8,-6.019498085387221,2,6.019498085387221,1,0,4,anti_homophones
25336,jK4shen2,8,-5.733876490475612,2,5.733876490475612,1,1,2,anti_homophones
25337,ge1dan4,7,-5.721884088221647,2,5.721884088221647,1,0,3,anti_homophones
25338,jM2mo4,6,-5.533773969058493,2,5.533773969058493,1,0,1,anti_homophones
25339,zhUng1pLn1,10,-6.562252987172872,2,6.562252987172872,1,0,0,anti_homophones
25340,lLn4shi4,8,-5.539165838068356,2,5.539165838068356,1,0,5,anti_homophones
25341,gen1mi3,7,-6.58590130356551,2,6.58590130356551,1,0,1,anti_homophones
25342,feng4di2,8,-6.5919377055995785,2,6.5919377055995785,1,0,4,anti_homophones
25343,zA4jun1,7,-5.934132306938238,2,5.934132306938238,1,0,2,anti_homophones
25344,ling4hU4,8,-5.534903307446643,2,5.534903307446643,1,1,5,anti_homophones
25345,chang3jL4,9,-5.948930422019274,2,5.948930422019274,1,0,1,anti_homophones
25346,fen1fen1,8,-5.920127112083534,2,5.920127112083534,1,0,0,anti_homophones
25347,cA4yUn2,7,-5.851063663623492,2,5.851063663623492,1,1,5,anti_homophones
25348,jing3hen1,9,-7.518513295667096,2,7.518513295667096,1,0,0,anti_homophones
25349,shV4hI3,7,-6.264887859036518,2,6.264887859036518,1,0,2,anti_homophones
25350,ling3yong4,10,-6.846747706266909,2,6.846747706266909,1,0,2,anti_homophones
25351,jW1di4,6,-5.504076248082138,2,5.504076248082138,1,0,7,anti_homophones
25352,hA2za2,6,-6.781349739023826,2,6.781349739023826,1,0,0,anti_homophones
25353,bQ4bu4,6,-5.4003318684462664,2,5.4003318684462664,1,0,8,anti_homophones
25354,ban1shQ2,8,-7.754403161045694,2,7.754403161045694,1,0,0,anti_homophones
25355,fa1mQ1,6,-6.454482067411745,2,6.454482067411745,1,1,1,anti_homophones
25356,dO4ran2,7,-5.9727446685669365,2,5.9727446685669365,1,1,3,anti_homophones
25357,bo2bo1,6,-4.975372087688953,2,4.975372087688953,1,0,1,anti_homophones
25358,yQ2yi5,6,-6.801696231359496,2,6.801696231359496,1,0,1,anti_homophones
25359,man4zi5,7,-5.401850065160258,2,5.401850065160258,1,1,12,anti_homophones
25360,lW2yi4,6,-5.6161882947175945,2,5.6161882947175945,1,0,3,anti_homophones
25361,qi2wen2,7,-5.812040364793483,2,5.812040364793483,1,0,1,anti_homophones
25362,ba3che1,7,-6.055671257606698,2,6.055671257606698,1,0,1,anti_homophones
25363,wE1qi1,6,-6.174852565346225,2,6.174852565346225,1,0,3,anti_homophones
25364,pi1yV2,6,-6.6080211013378465,2,6.6080211013378465,1,0,3,anti_homophones
25365,shan2ran2,9,-6.758403341126812,2,6.758403341126812,1,0,0,anti_homophones
25366,jLn1hun4,8,-6.469885938326668,2,6.469885938326668,1,0,0,anti_homophones
25367,ming3qu4,8,-6.456444819069707,2,6.456444819069707,1,0,1,anti_homophones
25368,meng1nW3,8,-6.893330806654646,2,6.893330806654646,1,0,0,anti_homophones
25369,mQ2chun1,8,-7.02126827976827,2,7.02126827976827,1,0,0,anti_homophones
25370,zhan4fen1,9,-6.582009225619905,2,6.582009225619905,1,1,0,anti_homophones
25371,hV2li4,6,-6.342545348907948,2,6.342545348907948,1,0,9,anti_homophones
25372,teng2sheng1,11,-7.189085377236808,2,7.189085377236808,1,0,0,anti_homophones
25373,lK2jW1,6,-6.077619867269614,2,6.077619867269614,1,0,4,anti_homophones
25374,lK2mQ4,6,-5.636999644243284,2,5.636999644243284,1,0,2,anti_homophones
25375,ke4lE2,6,-6.788698464743498,2,6.788698464743498,1,0,1,anti_homophones
25376,lLn4zhi1,8,-6.0530643129841,2,6.0530643129841,1,0,2,anti_homophones
25377,chong2fu2,9,-6.4207649028318245,2,6.4207649028318245,1,0,2,anti_homophones
25378,cha4kUn1,8,-7.382095139987584,2,7.382095139987584,1,0,0,anti_homophones
25379,shang2di3,9,-6.343587791321743,2,6.343587791321743,1,0,0,anti_homophones
25380,bA2zhang4,9,-6.294706580838824,2,6.294706580838824,1,0,0,anti_homophones
25381,xUn3hI3,7,-7.003889265592224,2,7.003889265592224,1,0,0,anti_homophones
25382,hE1mE4,6,-5.745870649033377,2,5.745870649033377,1,0,3,anti_homophones
25383,shang4ji1,9,-5.596078605557129,2,5.596078605557129,1,0,4,anti_homophones
25384,zong4dI4,8,-6.179634899324479,2,6.179634899324479,1,0,1,anti_homophones
25385,zhO2shi4,8,-5.754363679840962,2,5.754363679840962,1,0,2,anti_homophones
25386,qin1xK3,7,-7.247529876434404,2,7.247529876434404,1,0,1,anti_homophones
25387,de2ye4,6,-5.2593899951172665,2,5.2593899951172665,1,0,3,anti_homophones
25388,yQ1hu4,6,-6.454468414999915,2,6.454468414999915,1,0,1,anti_homophones
25389,shang4yu4,9,-6.11615258345324,2,6.11615258345324,1,0,1,anti_homophones
25390,jM3ye4,6,-5.366313437016209,2,5.366313437016209,1,0,2,anti_homophones
25391,chV2ran2,8,-6.486087201950591,2,6.486087201950591,1,0,0,anti_homophones
25392,ya2tang2,8,-6.407551234360922,2,6.407551234360922,1,0,0,anti_homophones
25393,di4de2,6,-5.535536624909932,2,5.535536624909932,1,0,13,anti_homophones
25394,su4shan3,8,-6.5244752922645946,2,6.5244752922645946,1,0,2,anti_homophones
25395,fen3shan2,9,-7.10530031064855,2,7.10530031064855,1,0,1,anti_homophones
25396,zhUng1shI3,10,-5.988781905122537,2,5.988781905122537,1,1,2,anti_homophones
25397,zQ1yong4,8,-6.913373058074894,2,6.913373058074894,1,0,0,anti_homophones
25398,dun1li4,7,-6.493636703983894,2,6.493636703983894,1,0,3,anti_homophones
25399,yan2ban1,8,-5.885516607825499,2,5.885516607825499,1,0,2,anti_homophones
25400,hI4shi2,7,-5.734071644452368,2,5.734071644452368,1,0,5,anti_homophones
25401,li2shi4,7,-5.492668350701917,2,5.492668350701917,1,0,6,anti_homophones
25402,chi1gu3,7,-6.457208241363418,2,6.457208241363418,1,0,4,anti_homophones
25403,kI4fang4,8,-6.791058395112416,2,6.791058395112416,1,0,1,anti_homophones
25404,nA3pW4,6,-5.872157138929089,2,5.872157138929089,1,0,1,anti_homophones
25405,hP2zhQ4,7,-6.941793992484053,2,6.941793992484053,1,0,1,anti_homophones
25406,yUn2du2,7,-6.1078273906995335,2,6.1078273906995335,1,0,3,anti_homophones
25407,pW2ku4,6,-6.742361790600028,2,6.742361790600028,1,0,0,anti_homophones
25408,tA2qYng1,8,-7.543235501623312,2,7.543235501623312,1,0,0,anti_homophones
25409,gI3hU4,6,-5.203384057500311,2,5.203384057500311,1,0,3,anti_homophones
25410,shi3hI4,7,-5.387082965395191,2,5.387082965395191,1,0,3,anti_homophones
25411,jLn3dLn4,8,-5.4474369384373915,2,5.4474369384373915,1,1,6,anti_homophones
25412,xing1fang4,10,-6.307898554030078,2,6.307898554030078,1,0,1,anti_homophones
25413,jK4zhUn4,8,-6.261529469578072,2,6.261529469578072,1,0,0,anti_homophones
25414,jK4ci3,6,-6.237106151244735,2,6.237106151244735,1,0,2,anti_homophones
25415,xM2pLn4,7,-5.9239858499025555,2,5.9239858499025555,1,0,1,anti_homophones
25416,lLn2jL1,7,-5.5212076426927235,2,5.5212076426927235,1,0,4,anti_homophones
25417,yQ4zi3,6,-5.891285305083053,2,5.891285305083053,1,1,2,anti_homophones
25418,tV2meng1,8,-6.506217361930799,2,6.506217361930799,1,0,0,anti_homophones
25419,ti2qUn2,7,-5.257807513507084,2,5.257807513507084,1,1,3,anti_homophones
25420,pLn1si5,7,-7.321963421483156,2,7.321963421483156,1,0,1,anti_homophones
25421,dW4yC4,6,-5.7949838896021095,2,5.7949838896021095,1,0,3,anti_homophones
25422,qing2dQ4,8,-5.430826310181179,2,5.430826310181179,1,0,6,anti_homophones
25423,ru2yu3,6,-5.571757054586545,2,5.571757054586545,1,1,4,anti_homophones
25424,ping2yC4,8,-6.494458110452615,2,6.494458110452615,1,0,2,anti_homophones
25425,qu1qYng1,8,-6.737854029406456,2,6.737854029406456,1,0,0,anti_homophones
25426,wen4wE4,7,-6.047544921877178,2,6.047544921877178,1,0,3,anti_homophones
25427,xin1cQ1,7,-6.320110227452537,2,6.320110227452537,1,0,0,anti_homophones
25428,qW2dUn3,7,-6.075745729883721,2,6.075745729883721,1,0,2,anti_homophones
25429,bi1zhun1,8,-7.548434004204856,2,7.548434004204856,1,0,0,anti_homophones
25430,da4jW3,6,-4.814383498505621,2,4.814383498505621,1,0,3,anti_homophones
25431,qLn3zhan4,9,-6.7305259253097285,2,6.7305259253097285,1,0,0,anti_homophones
25432,jM2chUng1,9,-6.091127911098391,2,6.091127911098391,1,0,2,anti_homophones
25433,long2ji1,8,-6.482943217566375,2,6.482943217566375,1,0,5,anti_homophones
25434,si4ming1,8,-5.965793438608977,2,5.965793438608977,1,0,1,anti_homophones
25435,zhQ4shi4,8,-5.0889509730492435,2,5.0889509730492435,1,0,6,anti_homophones
25436,lE4tQ1,6,-6.660315735943763,2,6.660315735943763,1,0,1,anti_homophones
25437,ji3fE4,6,-6.1002829252532065,2,6.1002829252532065,1,1,2,anti_homophones
25438,tW1jL4,6,-6.2014341860030635,2,6.2014341860030635,1,0,3,anti_homophones
25439,za2shen2,8,-6.204483520541088,2,6.204483520541088,1,1,0,anti_homophones
25440,fang2ba4,8,-6.93729410899164,2,6.93729410899164,1,0,2,anti_homophones
25441,kQ4shV1,7,-7.029788515695057,2,7.029788515695057,1,0,0,anti_homophones
25442,cu1su4,6,-6.192274875570201,2,6.192274875570201,1,0,5,anti_homophones
25443,ban4ju2,7,-5.921681889663027,2,5.921681889663027,1,0,8,anti_homophones
25444,jLn3lLn4,8,-6.526644891479762,2,6.526644891479762,1,0,3,anti_homophones
25445,zhi1feng4,9,-6.037725221917229,2,6.037725221917229,1,0,3,anti_homophones
25446,hUng1pQ4,8,-6.125542776648116,2,6.125542776648116,1,0,0,anti_homophones
25447,tO1shi4,7,-5.1913884764219205,2,5.1913884764219205,1,0,2,anti_homophones
25448,du3chong4,9,-7.0217189148610455,2,7.0217189148610455,1,0,0,anti_homophones
25449,ming2tang4,10,-6.663015949878496,2,6.663015949878496,1,0,0,anti_homophones
25450,shV4cha2,8,-6.019819848428125,2,6.019819848428125,1,0,0,anti_homophones
25451,qLn3zi5,7,-5.628787759421035,2,5.628787759421035,1,0,4,anti_homophones
25452,che1zi5,7,-4.83796513678302,2,4.83796513678302,1,2,4,anti_homophones
25453,e4zhe2,6,-6.324056306094072,2,6.324056306094072,1,0,1,anti_homophones
25454,yong1ju2,8,-6.288931116928396,2,6.288931116928396,1,0,1,anti_homophones
25455,da4zang3,8,-5.989907357025531,2,5.989907357025531,1,0,6,anti_homophones
25456,ge1zV3,6,-7.606740259519354,2,7.606740259519354,1,0,2,anti_homophones
25457,shV3se4,7,-5.4686939952966975,2,5.4686939952966975,1,0,1,anti_homophones
25458,xW3qLn2,7,-5.487666240431939,2,5.487666240431939,1,1,2,anti_homophones
25459,shang4xC2,9,-6.0147183960880515,2,6.0147183960880515,1,0,2,anti_homophones
25460,zO4pan4,7,-7.545631683557682,2,7.545631683557682,1,0,3,anti_homophones
25461,xUn3qi4,7,-5.338120506039697,2,5.338120506039697,1,0,4,anti_homophones
25462,da4re4,6,-5.904842179251459,2,5.904842179251459,1,0,6,anti_homophones
25463,jW3jin1,7,-6.3138301287561,2,6.3138301287561,1,0,2,anti_homophones
25464,xK1xing2,8,-5.357388914676955,2,5.357388914676955,1,0,6,anti_homophones
25465,kA1pi2,6,-5.438332193950748,2,5.438332193950748,1,0,1,anti_homophones
25466,tong3jLn4,9,-6.065448566251444,2,6.065448566251444,1,0,2,anti_homophones
25467,hUng1mu4,8,-5.997693472306845,2,5.997693472306845,1,0,5,anti_homophones
25468,sheng2zi5,9,-5.210012279895166,2,5.210012279895166,1,0,4,anti_homophones
25469,da4meng3,8,-5.984409105649883,2,5.984409105649883,1,0,0,anti_homophones
25470,hUn2wu4,7,-5.772420122251572,2,5.772420122251572,1,0,4,anti_homophones
25471,wA4zhe3,7,-5.5993338846242775,2,5.5993338846242775,1,0,2,anti_homophones
25472,kang3fu4,8,-6.7939842162170905,2,6.7939842162170905,1,0,3,anti_homophones
25473,lK2xing4,8,-5.161832703133339,2,5.161832703133339,1,0,4,anti_homophones
25474,dan1se4,7,-5.673031081033921,2,5.673031081033921,1,0,2,anti_homophones
25475,fa1hU4,6,-4.800987079409059,2,4.800987079409059,1,0,7,anti_homophones
25476,yC4li2,6,-6.498474105693108,2,6.498474105693108,1,0,3,anti_homophones
25477,jin4yin4,8,-6.513114935395303,2,6.513114935395303,1,0,1,anti_homophones
25478,ping2di4,8,-5.946103794106856,2,5.946103794106856,1,1,3,anti_homophones
25479,da3zhang2,9,-5.561075490578104,2,5.561075490578104,1,0,2,anti_homophones
25480,da4lBn3,7,-8.544475921628358,2,8.544475921628358,1,0,0,anti_homophones
25481,dong4yin2,9,-7.0137376157805145,2,7.0137376157805145,1,0,0,anti_homophones
25482,ce4zheng4,9,-6.339469526889709,2,6.339469526889709,1,0,0,anti_homophones
25483,ke5qi1,6,-6.305315258127293,2,6.305315258127293,1,0,0,anti_homophones
25484,ting4mu4,8,-6.407270351245249,2,6.407270351245249,1,0,3,anti_homophones
25485,ming1po4,8,-6.78215035921766,2,6.78215035921766,1,0,1,anti_homophones
25486,wen2yi2,7,-6.05977100201469,2,6.05977100201469,1,0,3,anti_homophones
25487,mo2fan3,7,-5.9057579198860966,2,5.9057579198860966,1,0,0,anti_homophones
25488,ji4pW4,6,-5.98501715480272,2,5.98501715480272,1,0,5,anti_homophones
25489,zhu4zhi2,8,-5.714389595869639,2,5.714389595869639,1,0,4,anti_homophones
25490,ma3shi1,7,-6.1170805439602844,2,6.1170805439602844,1,0,1,anti_homophones
25491,gang1yUn2,9,-6.565349516792262,2,6.565349516792262,1,0,1,anti_homophones
25492,yu4zhi4,7,-5.280269701640177,2,5.280269701640177,1,1,6,anti_homophones
25493,an4wE4,6,-5.6195041879142265,2,5.6195041879142265,1,1,4,anti_homophones
25494,si4hA3,6,-5.984466115980765,2,5.984466115980765,1,0,0,anti_homophones
25495,peng2xin1,9,-6.166656652220847,2,6.166656652220847,1,0,1,anti_homophones
25496,bA2chong1,9,-6.1934160938445375,2,6.1934160938445375,1,0,3,anti_homophones
25497,yC4yUn5,7,-8.167163839395315,2,8.167163839395315,1,0,0,anti_homophones
25498,yin1xLn3,8,-5.947314674024422,2,5.947314674024422,1,0,3,anti_homophones
25499,ju1zhUng4,9,-6.807380385719359,2,6.807380385719359,1,0,1,anti_homophones
25500,da3dan4,7,-5.577333175356041,2,5.577333175356041,1,0,9,anti_homophones
25501,yi1shang2,9,-5.314423102743667,2,5.314423102743667,1,0,3,anti_homophones
25502,shI4da2,7,-6.755806555266419,2,6.755806555266419,1,0,0,anti_homophones
25503,yV4ye4,6,-5.661908637352327,2,5.661908637352327,1,0,2,anti_homophones
25504,tong4yV2,8,-6.093065543680592,2,6.093065543680592,1,0,0,anti_homophones
25505,pan2wan3,8,-6.71561645292056,2,6.71561645292056,1,0,0,anti_homophones
25506,jLn4xing3,9,-5.810422970686627,2,5.810422970686627,1,0,4,anti_homophones
25507,wo1xing4,8,-6.625594390027277,2,6.625594390027277,1,0,1,anti_homophones
25508,wA1lu4,6,-5.283284893563918,2,5.283284893563918,1,0,3,anti_homophones
25509,lW2bu4,6,-6.089853064577749,2,6.089853064577749,1,0,1,anti_homophones
25510,feng2hU4,8,-5.404132947305318,2,5.404132947305318,1,0,2,anti_homophones
25511,xin1leng1,9,-6.447960229155358,2,6.447960229155358,1,0,2,anti_homophones
25512,tW4yang2,8,-6.481019275392719,2,6.481019275392719,1,0,2,anti_homophones
25513,gun3ta1,7,-7.846577432997142,2,7.846577432997142,1,0,0,anti_homophones
25514,che1xC2,7,-5.014548346349395,2,5.014548346349395,1,0,1,anti_homophones
25515,gong3qing4,10,-6.583272954326331,2,6.583272954326331,1,0,2,anti_homophones
25516,bE1xing2,8,-5.937344176767285,2,5.937344176767285,1,0,3,anti_homophones
25517,da1ji4,6,-5.703838708325947,2,5.703838708325947,1,0,6,anti_homophones
25518,bA2di4,6,-5.314427324555476,2,5.314427324555476,1,0,7,anti_homophones
25519,shi2dW4,7,-5.673728772516638,2,5.673728772516638,1,0,3,anti_homophones
25520,zhUng4fa2,9,-6.967192341766928,2,6.967192341766928,1,0,0,anti_homophones
25521,mE3cI4,6,-5.702187503581556,2,5.702187503581556,1,0,1,anti_homophones
25522,chV4yi4,7,-5.950655947785542,2,5.950655947785542,1,0,1,anti_homophones
25523,bLn4ri4,7,-5.939189684345465,2,5.939189684345465,1,0,0,anti_homophones
25524,chu2shi2,8,-5.8112230161259735,2,5.8112230161259735,1,0,2,anti_homophones
25525,chA2yV3,7,-6.316732741090865,2,6.316732741090865,1,0,1,anti_homophones
25526,tong4pLn1,9,-6.585256529894966,2,6.585256529894966,1,0,0,anti_homophones
25527,jLn3shV4,8,-6.130021230758493,2,6.130021230758493,1,0,2,anti_homophones
25528,wu3ban4,7,-6.010544546781911,2,6.010544546781911,1,0,1,anti_homophones
25529,nv3zO4,6,-5.175904430846711,2,5.175904430846711,1,0,1,anti_homophones
25530,ren4zheng2,10,-6.39729662201636,2,6.39729662201636,1,0,1,anti_homophones
25531,e2dang4,7,-6.324751869971921,2,6.324751869971921,1,0,0,anti_homophones
25532,bi3wang4,8,-6.359652253662682,2,6.359652253662682,1,0,1,anti_homophones
25533,shen1ti3,8,-5.705687142862094,2,5.705687142862094,1,0,3,anti_homophones
25534,zhO2yC1,7,-6.55546134641169,2,6.55546134641169,1,0,0,anti_homophones
25535,hV4qu1,6,-5.622397552229436,2,5.622397552229436,1,1,3,anti_homophones
25536,tW2yi2,6,-6.2521189903756085,2,6.2521189903756085,1,0,1,anti_homophones
25537,zhQ3fE4,7,-6.764286408378315,2,6.764286408378315,1,0,1,anti_homophones
25538,shV4fa4,7,-6.796756486481671,2,6.796756486481671,1,0,2,anti_homophones
25539,ye4mLn4,7,-5.557905682175793,2,5.557905682175793,1,0,3,anti_homophones
25540,shu4mi4,7,-6.142996375848008,2,6.142996375848008,1,0,4,anti_homophones
25541,yan2du4,7,-5.718895224596109,2,5.718895224596109,1,0,7,anti_homophones
25542,zhen2zhan4,10,-6.6648298883251265,2,6.6648298883251265,1,0,1,anti_homophones
25543,yan4fen4,8,-6.565874798487329,2,6.565874798487329,1,0,2,anti_homophones
25544,qC1xun4,7,-6.894266959829274,2,6.894266959829274,1,0,0,anti_homophones
25545,ri4pA2,6,-6.772544965949308,2,6.772544965949308,1,0,0,anti_homophones
25546,shP1jLn4,8,-6.053743947556803,2,6.053743947556803,1,0,5,anti_homophones
25547,jL3qW3,6,-5.759312178637245,2,5.759312178637245,1,1,1,anti_homophones
25548,gUn3pA4,7,-6.148540903145948,2,6.148540903145948,1,0,1,anti_homophones
25549,qing3bo2,8,-6.3592012091646986,2,6.3592012091646986,1,0,0,anti_homophones
25550,gUn3shi2,8,-5.570590682289547,2,5.570590682289547,1,0,5,anti_homophones
25551,xLng4zhe3,9,-5.670040785981296,2,5.670040785981296,1,0,3,anti_homophones
25552,zhe5tV2,7,-5.949645769208369,2,5.949645769208369,1,0,0,anti_homophones
25553,can4yV2,7,-7.121270232394199,2,7.121270232394199,1,0,2,anti_homophones
25554,se4bQ4,6,-7.467264613329583,2,7.467264613329583,1,0,0,anti_homophones
25555,yong2an4,8,-6.783707016684909,2,6.783707016684909,1,0,1,anti_homophones
25556,hE1a1,5,-5.436172194345749,2,5.436172194345749,1,0,1,anti_homophones
25557,xW4lu4,6,-6.898497881099307,2,6.898497881099307,1,0,4,anti_homophones
25558,tA2ju2,6,-6.020989096773158,2,6.020989096773158,1,0,1,anti_homophones
25559,kan1tV2,7,-5.912699750258784,2,5.912699750258784,1,0,4,anti_homophones
25560,xLn2bM2,7,-6.595333512195995,2,6.595333512195995,1,0,1,anti_homophones
25561,shV3wu3,7,-5.6015567261071775,2,5.6015567261071775,1,0,4,anti_homophones
25562,tO4zi5,6,-5.878138889672436,2,5.878138889672436,1,0,3,anti_homophones
25563,gan3shi4,8,-5.0228055998010195,2,5.0228055998010195,1,1,6,anti_homophones
25564,tu3ben1,7,-6.878139005186035,2,6.878139005186035,1,0,0,anti_homophones
25565,lQ2fan1,7,-6.586809868085119,2,6.586809868085119,1,0,1,anti_homophones
25566,dW4shen4,8,-6.5974406939749155,2,6.5974406939749155,1,0,0,anti_homophones
25567,lA2wu4,6,-5.432731967550474,2,5.432731967550474,1,0,4,anti_homophones
25568,tong4fu2,8,-5.81195580753184,2,5.81195580753184,1,0,1,anti_homophones
25569,lM4ji2,6,-5.8272892564681635,2,5.8272892564681635,1,0,5,anti_homophones
25570,ling2ren4,9,-6.080106013466147,2,6.080106013466147,1,0,2,anti_homophones
25571,tV1zi1,6,-6.770514737388403,2,6.770514737388403,1,0,2,anti_homophones
25572,chQ1lLng3,9,-6.509265507957147,2,6.509265507957147,1,0,0,anti_homophones
25573,di4ting1,8,-6.3112687528375755,2,6.3112687528375755,1,0,1,anti_homophones
25574,dong2se4,8,-5.530918908460017,2,5.530918908460017,1,0,4,anti_homophones
25575,xW4nu3,6,-6.5288122153913974,2,6.5288122153913974,1,0,2,anti_homophones
25576,tu1zi3,6,-6.4376312789022325,2,6.4376312789022325,1,0,3,anti_homophones
25577,mi3li4,6,-5.9775927791109424,2,5.9775927791109424,1,0,3,anti_homophones
25578,lLng4jun1,9,-6.315191205178141,2,6.315191205178141,1,0,2,anti_homophones
25579,xW3nW3,6,-5.124167563923495,2,5.124167563923495,1,0,4,anti_homophones
25580,zhi4pA2,7,-5.899318746567684,2,5.899318746567684,1,0,2,anti_homophones
25581,ying2qing4,10,-6.210559657342147,2,6.210559657342147,1,0,0,anti_homophones
25582,nQ4xin1,7,-5.928261729652911,2,5.928261729652911,1,0,4,anti_homophones
25583,li2gen1,7,-6.759324686605947,2,6.759324686605947,1,0,1,anti_homophones
25584,lE2hU4,6,-5.517735076747038,2,5.517735076747038,1,0,2,anti_homophones
25585,dQ1li4,6,-6.029503437125076,2,6.029503437125076,1,0,2,anti_homophones
25586,sQ3dO2,6,-6.836097718469333,2,6.836097718469333,1,0,1,anti_homophones
25587,cha2zI3,7,-5.560923248386744,2,5.560923248386744,1,0,1,anti_homophones
25588,yun2fang2,9,-6.60968295173197,2,6.60968295173197,1,0,0,anti_homophones
25589,xLn4shu3,8,-6.175609016326151,2,6.175609016326151,1,0,4,anti_homophones
25590,shP1wu4,7,-6.325199412828516,2,6.325199412828516,1,0,1,anti_homophones
25591,ju3zhang2,9,-6.2599025334547855,2,6.2599025334547855,1,0,4,anti_homophones
25592,lin2jL1,7,-5.4856417147734415,2,5.4856417147734415,1,0,3,anti_homophones
25593,fang3fu2,8,-5.918120019912131,2,5.918120019912131,1,0,4,anti_homophones
25594,lin2zhi1,8,-5.676211599316419,2,5.676211599316419,1,0,2,anti_homophones
25595,jW1ji4,6,-5.054551988729897,2,5.054551988729897,1,1,8,anti_homophones
25596,zhe2feng4,9,-6.795279122474394,2,6.795279122474394,1,0,0,anti_homophones
25597,lLn2da3,7,-7.084427966245047,2,7.084427966245047,1,0,0,anti_homophones
25598,dong2tA2,8,-6.282375817332495,2,6.282375817332495,1,0,1,anti_homophones
25599,tang1zi5,8,-5.8427427782451105,2,5.8427427782451105,1,0,3,anti_homophones
25600,hQ3ju4,6,-6.512133727192838,2,6.512133727192838,1,0,3,anti_homophones
25601,tM3mang2,8,-6.424493393998206,2,6.424493393998206,1,0,1,anti_homophones
25602,jW1hO4,6,-5.0900304787162165,2,5.0900304787162165,1,0,4,anti_homophones
25603,lV4yun4,7,-6.762576373650905,2,6.762576373650905,1,0,0,anti_homophones
25604,gO4lu4,6,-5.333789767472369,2,5.333789767472369,1,0,4,anti_homophones
25605,bA3yV4,6,-6.425418986445807,2,6.425418986445807,1,0,2,anti_homophones
25606,xW4yu4,6,-5.286372251429412,2,5.286372251429412,1,0,5,anti_homophones
25607,shI3ce4,7,-5.603024901723917,2,5.603024901723917,1,0,1,anti_homophones
25608,xW4xLng4,8,-6.052810229500156,2,6.052810229500156,1,0,6,anti_homophones
25609,xYng1ti3,8,-6.198727324055677,2,6.198727324055677,1,0,1,anti_homophones
25610,chu2ge1,7,-6.546790760777334,2,6.546790760777334,1,0,0,anti_homophones
25611,xUn3xW4,7,-6.108169525540545,2,6.108169525540545,1,0,1,anti_homophones
25612,zA4xi3,6,-6.39085873736276,2,6.39085873736276,1,0,1,anti_homophones
25613,bing2xLn4,9,-5.7991335421146015,2,5.7991335421146015,1,0,3,anti_homophones
25614,fu3zu2,6,-6.174864585585139,2,6.174864585585139,1,0,1,anti_homophones
25615,sI2jun1,7,-6.019023439080169,2,6.019023439080169,1,0,1,anti_homophones
25616,lan2qi4,7,-5.771615414125385,2,5.771615414125385,1,0,4,anti_homophones
25617,la1jL1,6,-5.444377177054521,2,5.444377177054521,1,0,2,anti_homophones
25618,dong2zhI1,9,-7.176410688586885,2,7.176410688586885,1,0,0,anti_homophones
25619,feng1dQ3,8,-5.924989376442912,2,5.924989376442912,1,0,0,anti_homophones
25620,chu1zhun2,9,-7.024214190155647,2,7.024214190155647,1,0,0,anti_homophones
25621,jM1zhen4,8,-6.297003236098827,2,6.297003236098827,1,0,0,anti_homophones
25622,dI4bang4,8,-7.249696782236497,2,7.249696782236497,1,0,2,anti_homophones
25623,mQ1yQ4,6,-6.084708728796965,2,6.084708728796965,1,0,1,anti_homophones
25624,qK2cheng4,9,-6.132272690592572,2,6.132272690592572,1,0,2,anti_homophones
25625,chen3qi4,8,-6.103888192329515,2,6.103888192329515,1,0,4,anti_homophones
25626,zhen1deng4,10,-6.7007703992167365,2,6.7007703992167365,1,0,0,anti_homophones
25627,wu3shi4,7,-5.148225263397011,2,5.148225263397011,1,0,9,anti_homophones
25628,tLn2lu4,7,-6.095664652313469,2,6.095664652313469,1,0,1,anti_homophones
25629,yu4chu1,7,-5.622086901575063,2,5.622086901575063,1,1,5,anti_homophones
25630,sV1shi2,7,-5.675876347251134,2,5.675876347251134,1,0,2,anti_homophones
25631,yu4lW3,6,-5.8358483364752365,2,5.8358483364752365,1,0,2,anti_homophones
25632,da3shan3,8,-6.365627948699522,2,6.365627948699522,1,0,0,anti_homophones
25633,jM1rang4,8,-6.681387868137433,2,6.681387868137433,1,0,2,anti_homophones
25634,xUn3qun2,8,-6.402934746279392,2,6.402934746279392,1,0,1,anti_homophones
25635,ka3jW3,6,-6.281375609915847,2,6.281375609915847,1,0,1,anti_homophones
25636,shang3qLn2,10,-6.609898591946286,2,6.609898591946286,1,0,0,anti_homophones
25637,lLn4zhi4,8,-5.858688153721922,2,5.858688153721922,1,0,6,anti_homophones
25638,gI1xi5,6,-6.383485917923342,2,6.383485917923342,1,0,3,anti_homophones
25639,lK2lan2,7,-5.13864436954621,2,5.13864436954621,1,1,2,anti_homophones
25640,re4qi1,6,-5.414527231412594,2,5.414527231412594,1,0,2,anti_homophones
25641,chang3zi4,9,-6.871722324626364,2,6.871722324626364,1,0,1,anti_homophones
25642,bin4neng1,9,-8.324948402741052,2,8.324948402741052,1,0,0,anti_homophones
25643,ben3ze2,7,-5.883599947876567,2,5.883599947876567,1,0,2,anti_homophones
25644,chong4fu2,9,-6.167859543037398,2,6.167859543037398,1,0,1,anti_homophones
25645,xK1dLn4,7,-5.612816436776052,2,5.612816436776052,1,1,4,anti_homophones
25646,nW4pA4,6,-5.391158628292552,2,5.391158628292552,1,0,4,anti_homophones
25647,bA4li4,6,-5.458684266739761,2,5.458684266739761,1,0,8,anti_homophones
25648,wu2sO3,6,-4.582077389283234,2,4.582077389283234,1,1,6,anti_homophones
25649,A2zhV4,6,-6.934252767943624,2,6.934252767943624,1,0,1,anti_homophones
25650,ying4pi2,8,-6.224687517196184,2,6.224687517196184,1,0,0,anti_homophones
25651,dang1ji1,8,-5.759097505143361,2,5.759097505143361,1,0,0,anti_homophones
25652,jLn1jing3,9,-6.181684134820687,2,6.181684134820687,1,0,3,anti_homophones
25653,lLn3hang2,9,-7.287537492841065,2,7.287537492841065,1,0,0,anti_homophones
25654,wan4man4,8,-6.805789648849607,2,6.805789648849607,1,0,2,anti_homophones
25655,mV3nLn2,7,-5.760570629872183,2,5.760570629872183,1,0,2,anti_homophones
25656,fang4cha2,9,-6.342925614749085,2,6.342925614749085,1,0,0,anti_homophones
25657,qK2tu2,6,-5.895599537083806,2,5.895599537083806,1,0,2,anti_homophones
25658,ku3hV2,6,-6.87252810041991,2,6.87252810041991,1,0,2,anti_homophones
25659,lLng4chu3,9,-6.879433262044911,2,6.879433262044911,1,0,0,anti_homophones
25660,ji2shV3,7,-5.514442257153027,2,5.514442257153027,1,0,2,anti_homophones
25661,dong1ti4,8,-6.670192872983644,2,6.670192872983644,1,0,1,anti_homophones
25662,xC4ya1,6,-5.784529093683758,2,5.784529093683758,1,0,3,anti_homophones
25663,bLn4shI3,8,-5.7817872624243885,2,5.7817872624243885,1,0,2,anti_homophones
25664,jin4yV3,7,-5.617035756171326,2,5.617035756171326,1,0,2,anti_homophones
25665,shI3yang3,9,-5.712357529936811,2,5.712357529936811,1,0,1,anti_homophones
25666,jK3lLn4,7,-6.174888005729696,2,6.174888005729696,1,0,2,anti_homophones
25667,bQ4zhan3,8,-6.073168080156957,2,6.073168080156957,1,0,1,anti_homophones
25668,shi1yi2,7,-6.036769879806168,2,6.036769879806168,1,0,4,anti_homophones
25669,yan2hQ4,7,-5.88859852380739,2,5.88859852380739,1,0,6,anti_homophones
25670,yi1zhu3,7,-5.256268250788206,2,5.256268250788206,1,0,7,anti_homophones
25671,sheng1yu3,9,-5.471481607421451,2,5.471481607421451,1,0,5,anti_homophones
25672,deng2yi4,8,-5.953031776138055,2,5.953031776138055,1,0,2,anti_homophones
25673,hUng1ren2,9,-5.42354876292442,2,5.42354876292442,1,0,4,anti_homophones
25674,zhe2xing1,9,-6.340015948530388,2,6.340015948530388,1,0,2,anti_homophones
25675,ying1ji2,8,-5.670029645934398,2,5.670029645934398,1,0,3,anti_homophones
25676,hU2ban1,7,-6.058907175801798,2,6.058907175801798,1,0,0,anti_homophones
25677,mW2dM2,6,-7.913561707540993,2,7.913561707540993,1,0,0,anti_homophones
25678,jLn3jK3,7,-6.401912395244909,2,6.401912395244909,1,0,0,anti_homophones
25679,xW4fu2,6,-5.63804270365175,2,5.63804270365175,1,0,5,anti_homophones
25680,tLn1chUn4,9,-6.272244161352573,2,6.272244161352573,1,0,0,anti_homophones
25681,jing2fan4,9,-5.981944625630207,2,5.981944625630207,1,0,3,anti_homophones
25682,shang2she2,10,-6.818196606061118,2,6.818196606061118,1,0,2,anti_homophones
25683,ci2ti3,6,-5.248214459367586,2,5.248214459367586,1,0,5,anti_homophones
25684,feng4ceng1,10,-7.276125921551483,2,7.276125921551483,1,0,0,anti_homophones
25685,pan4hO4,7,-6.316812874638679,2,6.316812874638679,1,0,1,anti_homophones
25686,nv3qK2,6,-6.45716407958531,2,6.45716407958531,1,0,0,anti_homophones
25687,kan1qUn2,8,-5.898872330364891,2,5.898872330364891,1,0,3,anti_homophones
25688,zheng2yan4,10,-6.200606603852046,2,6.200606603852046,1,0,1,anti_homophones
25689,tLn1qLn1,8,-5.964063066467433,2,5.964063066467433,1,0,2,anti_homophones
25690,qing2gong4,10,-5.86049704428444,2,5.86049704428444,1,0,3,anti_homophones
25691,fang2xing1,10,-5.869653226525582,2,5.869653226525582,1,0,3,anti_homophones
25692,wA4wA4,6,-5.404470269229456,2,5.404470269229456,1,0,1,anti_homophones
25693,rang1chUn1,10,-8.228636834343083,2,8.228636834343083,1,0,0,anti_homophones
25694,wu3jUn3,7,-7.248260505694811,2,7.248260505694811,1,0,0,anti_homophones
25695,che1ju2,7,-5.872316783307639,2,5.872316783307639,1,0,1,anti_homophones
25696,ba2dI4,6,-5.6419398293611245,2,5.6419398293611245,1,0,2,anti_homophones
25697,hV4gen1,7,-6.240040510637069,2,6.240040510637069,1,0,4,anti_homophones
25698,bLn4jLn3,8,-6.233081530484521,2,6.233081530484521,1,0,0,anti_homophones
25699,xL4ba2,6,-5.931880702278105,2,5.931880702278105,1,0,2,anti_homophones
25700,cQ3cA2,6,-6.190774924351557,2,6.190774924351557,1,0,0,anti_homophones
25701,chUng1cI4,9,-6.174919362770261,2,6.174919362770261,1,0,0,anti_homophones
25702,ke3chO1,7,-7.356231177950199,2,7.356231177950199,1,0,0,anti_homophones
25703,zA4lO4,6,-6.14616778213758,2,6.14616778213758,1,0,2,anti_homophones
25704,xi1hU4,6,-5.611641568282418,2,5.611641568282418,1,0,7,anti_homophones
25705,gI4dW4,6,-6.723564891712552,2,6.723564891712552,1,0,0,anti_homophones
25706,ke1xK4,6,-5.772602826669034,2,5.772602826669034,1,1,1,anti_homophones
25707,jW1ha2,6,-7.7214486952873145,2,7.7214486952873145,1,0,1,anti_homophones
25708,gu1lB4,6,-5.663786642023369,2,5.663786642023369,1,0,3,anti_homophones
25709,hang2ji4,8,-6.0673833670676505,2,6.0673833670676505,1,0,3,anti_homophones
25710,ke3qu4,6,-5.342203195988554,2,5.342203195988554,1,0,4,anti_homophones
25711,qLn4ban4,8,-6.779499956677929,2,6.779499956677929,1,0,2,anti_homophones
25712,cA3chi2,7,-6.768057162146297,2,6.768057162146297,1,0,2,anti_homophones
25713,wang1zhen4,10,-6.946922924929803,2,6.946922924929803,1,0,0,anti_homophones
25714,xing2dQ4,8,-5.45211283900329,2,5.45211283900329,1,0,10,anti_homophones
25715,sO3pM3,6,-6.7267223779536724,2,6.7267223779536724,1,0,0,anti_homophones
25716,zhu3qi4,7,-5.152582221620525,2,5.152582221620525,1,0,8,anti_homophones
25717,tu1xing1,8,-6.1057479874870655,2,6.1057479874870655,1,1,2,anti_homophones
25718,zhi3ying4,9,-6.183332841363282,2,6.183332841363282,1,1,0,anti_homophones
25719,tI1ji4,6,-5.332518010372999,2,5.332518010372999,1,0,7,anti_homophones
25720,bi1shi4,7,-5.738115770281003,2,5.738115770281003,1,0,7,anti_homophones
25721,gan1chang4,10,-6.106070238480963,2,6.106070238480963,1,0,3,anti_homophones
25722,rQ3shi2,7,-6.786435747923339,2,6.786435747923339,1,0,3,anti_homophones
25723,nA3zhUn4,8,-6.68698464358164,2,6.68698464358164,1,0,0,anti_homophones
25724,yi1yi1,6,-5.261371120187038,2,5.261371120187038,1,0,8,anti_homophones
25725,li4che1,7,-5.737494347245588,2,5.737494347245588,1,0,4,anti_homophones
25726,yi4shun1,8,-6.529191232966973,2,6.529191232966973,1,0,2,anti_homophones
25727,ji2mQ2,6,-6.468241919806597,2,6.468241919806597,1,0,1,anti_homophones
25728,wo4jing2,8,-6.544999098060141,2,6.544999098060141,1,0,2,anti_homophones
25729,lQ2se4,6,-5.282751082801525,2,5.282751082801525,1,0,8,anti_homophones
25730,jing2sO3,8,-6.133189755063634,2,6.133189755063634,1,0,1,anti_homophones
25731,di4zhi4,7,-5.339630694796883,2,5.339630694796883,1,0,9,anti_homophones
25732,bA2hO4,6,-5.618653761188896,2,5.618653761188896,1,0,6,anti_homophones
25733,mE3hUn1,7,-6.8770833141106715,2,6.8770833141106715,1,0,1,anti_homophones
25734,bLn4xing4,9,-5.618775324072145,2,5.618775324072145,1,0,1,anti_homophones
25735,zhUn1ya1,8,-6.3241810295656835,2,6.3241810295656835,1,0,1,anti_homophones
25736,wu2pan2,7,-6.117845770308493,2,6.117845770308493,1,0,2,anti_homophones
25737,ran2wE2,7,-6.342096136715616,2,6.342096136715616,1,0,1,anti_homophones
25738,ya4ting1,8,-6.5243821161087965,2,6.5243821161087965,1,0,1,anti_homophones
25739,shV3zhUng2,10,-6.457523787341374,2,6.457523787341374,1,0,2,anti_homophones
25740,ku1zi3,6,-6.0869890627526235,2,6.0869890627526235,1,0,2,anti_homophones
25741,ha1chan1,8,-7.128305233888691,2,7.128305233888691,1,0,0,anti_homophones
25742,sang3di3,8,-7.483593871298461,2,7.483593871298461,1,0,0,anti_homophones
25743,wan2zi5,7,-5.477407100391419,2,5.477407100391419,1,0,4,anti_homophones
25744,fen4lv4,7,-6.1700847619648505,2,6.1700847619648505,1,0,3,anti_homophones
25745,gO2ming3,8,-6.333529541770986,2,6.333529541770986,1,0,0,anti_homophones
25746,hA3kong1,8,-5.870816118287309,2,5.870816118287309,1,0,2,anti_homophones
25747,gO3ping2,8,-6.147477086130782,2,6.147477086130782,1,0,0,anti_homophones
25748,hQ3xu4,6,-6.156122942106349,2,6.156122942106349,1,0,4,anti_homophones
25749,cang2wen2,9,-6.4472123757520015,2,6.4472123757520015,1,0,2,anti_homophones
25750,mE2yan2,7,-5.449633093453398,2,5.449633093453398,1,0,4,anti_homophones
25751,yi2su4,6,-5.6508784483902055,2,5.6508784483902055,1,0,3,anti_homophones
25752,zi4fu4,6,-5.438485946116129,2,5.438485946116129,1,1,14,anti_homophones
25753,gan3yUn1,8,-6.724759424819033,2,6.724759424819033,1,0,2,anti_homophones
25754,fE1jun1,7,-5.924306756090646,2,5.924306756090646,1,0,1,anti_homophones
25755,bA2fa2,6,-5.758455555061453,2,5.758455555061453,1,0,4,anti_homophones
25756,zhong1shI3,10,-5.74740929620514,2,5.74740929620514,1,0,2,anti_homophones
25757,xu1jW1,6,-6.778003439096817,2,6.778003439096817,1,0,2,anti_homophones
25758,dA4qUn2,7,-5.8441488671139865,2,5.8441488671139865,1,0,8,anti_homophones
25759,xing1qC4,8,-6.449704213209589,2,6.449704213209589,1,0,1,anti_homophones
25760,xLn1hA3,7,-7.02280074219786,2,7.02280074219786,1,0,0,anti_homophones
25761,bQ2ban1,7,-6.691575343716747,2,6.691575343716747,1,0,1,anti_homophones
25762,yUn2zhan2,9,-6.57240669592411,2,6.57240669592411,1,0,1,anti_homophones
25763,shO1mi4,7,-6.260169665900869,2,6.260169665900869,1,0,5,anti_homophones
25764,yin1lM4,7,-5.619806512849067,2,5.619806512849067,1,0,3,anti_homophones
25765,zhi4lM4,7,-5.709952945599847,2,5.709952945599847,1,0,4,anti_homophones
25766,wang4zhong1,11,-6.457911081846765,2,6.457911081846765,1,0,1,anti_homophones
25767,wu3tang4,8,-6.669642978725664,2,6.669642978725664,1,0,2,anti_homophones
25768,fE1mLn4,7,-6.079961001299626,2,6.079961001299626,1,0,2,anti_homophones
25769,dong1peng2,10,-7.033530049779242,2,7.033530049779242,1,0,0,anti_homophones
25770,yin4ji1,7,-5.852227805330387,2,5.852227805330387,1,0,11,anti_homophones
25771,bu4qi3,6,-5.258880497201396,2,5.258880497201396,1,0,7,anti_homophones
25772,qLn1zu2,7,-5.905639743896577,2,5.905639743896577,1,0,3,anti_homophones
25773,xi1ban3,7,-5.703576771288878,2,5.703576771288878,1,0,2,anti_homophones
25774,wen2xing2,9,-5.660610849804361,2,5.660610849804361,1,0,4,anti_homophones
25775,zi4chang1,9,-6.017439413329141,2,6.017439413329141,1,0,2,anti_homophones
25776,qLng2A2,7,-6.523734272668321,2,6.523734272668321,1,0,0,anti_homophones
25777,gO4mLn2,7,-6.241829754475116,2,6.241829754475116,1,0,0,anti_homophones
25778,zhong1wE2,9,-5.99164339551583,2,5.99164339551583,1,0,0,anti_homophones
25779,mQ2hU4,6,-5.293250522814717,2,5.293250522814717,1,0,8,anti_homophones
25780,jing3shi4,9,-5.481314090688413,2,5.481314090688413,1,0,5,anti_homophones
25781,ge2le4,6,-5.916556145159589,2,5.916556145159589,1,0,2,anti_homophones
25782,fE1lM4,6,-5.666123289808448,2,5.666123289808448,1,0,3,anti_homophones
25783,fang1shV4,9,-6.303235998850831,2,6.303235998850831,1,0,1,anti_homophones
25784,zO4jLn4,7,-5.253249599451894,2,5.253249599451894,1,0,6,anti_homophones
25785,shV4xLng2,9,-6.139777549531623,2,6.139777549531623,1,0,2,anti_homophones
25786,zhu2lE4,7,-5.852823591939086,2,5.852823591939086,1,0,4,anti_homophones
25787,zheng1li5,9,-5.956736815440737,2,5.956736815440737,1,0,2,anti_homophones
25788,yi1wan1,7,-5.95615540883363,2,5.95615540883363,1,0,4,anti_homophones
25789,zhen1xW4,8,-5.977878273600744,2,5.977878273600744,1,0,3,anti_homophones
25790,ce4lM4,6,-6.146277498944506,2,6.146277498944506,1,0,1,anti_homophones
25791,tUn2nLn4,8,-7.257477494504524,2,7.257477494504524,1,0,0,anti_homophones
25792,sun3bA2,7,-7.3255030199995605,2,7.3255030199995605,1,0,0,anti_homophones
25793,pin3dQ4,7,-5.682421038660751,2,5.682421038660751,1,0,6,anti_homophones
25794,xin1hI4,7,-5.439171570878683,2,5.439171570878683,1,0,6,anti_homophones
25795,zO4tang1,8,-6.236446860492012,2,6.236446860492012,1,0,2,anti_homophones
25796,jK4yan3,7,-5.882231591610686,2,5.882231591610686,1,0,2,anti_homophones
25797,ju4bu4,6,-5.173642499670117,2,5.173642499670117,1,0,10,anti_homophones
25798,xLn2gUn1,8,-6.28449462788039,2,6.28449462788039,1,0,0,anti_homophones
25799,ba1fen4,7,-6.3386355685914415,2,6.3386355685914415,1,0,0,anti_homophones
25800,fa1xing3,8,-5.7392847830081175,2,5.7392847830081175,1,0,0,anti_homophones
25801,bLn4hO4,7,-5.816884539048629,2,5.816884539048629,1,0,3,anti_homophones
25802,sha1yi3,7,-6.383789210453625,2,6.383789210453625,1,0,1,anti_homophones
25803,zhi1mM4,7,-6.010664214344294,2,6.010664214344294,1,0,1,anti_homophones
25804,ji1sheng1,9,-5.436959677862398,2,5.436959677862398,1,0,3,anti_homophones
25805,dV4zI4,6,-5.908797925181679,2,5.908797925181679,1,0,1,anti_homophones
25806,zhong2du2,9,-6.339691690397711,2,6.339691690397711,1,0,1,anti_homophones
25807,mE3gUn4,7,-5.764720920737949,2,5.764720920737949,1,0,2,anti_homophones
25808,gQ4fa3,6,-5.791684315437353,2,5.791684315437353,1,0,4,anti_homophones
25809,peng2chan1,10,-7.340391915848694,2,7.340391915848694,1,0,1,anti_homophones
25810,ri4chong1,9,-6.579007648344643,2,6.579007648344643,1,0,1,anti_homophones
25811,chong4zhi2,10,-6.336843638806213,2,6.336843638806213,1,0,1,anti_homophones
25812,qLn2zi5,7,-4.888458441991859,2,4.888458441991859,1,0,6,anti_homophones
25813,tV4gA4,6,-6.290869710444197,2,6.290869710444197,1,0,2,anti_homophones
25814,qu3er2,6,-5.749667618539802,2,5.749667618539802,1,1,3,anti_homophones
25815,zhong1shi1,10,-5.8449168649048815,2,5.8449168649048815,1,0,1,anti_homophones
25816,hUn3tQ4,7,-6.940386759682913,2,6.940386759682913,1,0,0,anti_homophones
25817,ci2ye4,6,-5.6272666774322335,2,5.6272666774322335,1,0,4,anti_homophones
25818,jun1shI3,8,-5.714291001710871,2,5.714291001710871,1,0,1,anti_homophones
25819,gQ1yQ2,6,-5.4886053926973775,2,5.4886053926973775,1,0,4,anti_homophones
25820,hQ3gu1,6,-6.822274431484486,2,6.822274431484486,1,0,0,anti_homophones
25821,fE1xing1,8,-5.830318446594548,2,5.830318446594548,1,0,3,anti_homophones
25822,cQ3dQ1,6,-6.194217993387475,2,6.194217993387475,1,0,1,anti_homophones
25823,zA4mu4,6,-6.235197534579595,2,6.235197534579595,1,0,6,anti_homophones
25824,jing3dM2,8,-6.511084788593837,2,6.511084788593837,1,0,1,anti_homophones
25825,shu1zE2,7,-6.145647091040476,2,6.145647091040476,1,0,0,anti_homophones
25826,fen1tu3,7,-6.16492115889771,2,6.16492115889771,1,0,0,anti_homophones
25827,zA4ling3,8,-7.03001856119583,2,7.03001856119583,1,0,1,anti_homophones
25828,hQ2qK2,6,-5.854151078865801,2,5.854151078865801,1,0,2,anti_homophones
25829,wu2gUn3,7,-5.417097319307768,2,5.417097319307768,1,0,3,anti_homophones
25830,shV4qing4,9,-6.070639914361634,2,6.070639914361634,1,0,4,anti_homophones
25831,zhe3qing3,9,-6.599971310741356,2,6.599971310741356,1,0,0,anti_homophones
25832,gu1fu4,6,-5.798211051678247,2,5.798211051678247,1,0,5,anti_homophones
25833,kA1deng4,8,-6.411691210758839,2,6.411691210758839,1,0,1,anti_homophones
25834,gu3sha1,7,-6.055436278066604,2,6.055436278066604,1,0,0,anti_homophones
25835,zi4zha4,7,-5.99673678729974,2,5.99673678729974,1,0,3,anti_homophones
25836,yin4fen1,8,-6.802708938146307,2,6.802708938146307,1,0,0,anti_homophones
25837,zhong4yu2,9,-5.826795461082457,2,5.826795461082457,1,0,2,anti_homophones
25838,lin2zheng2,10,-6.171398768607211,2,6.171398768607211,1,0,1,anti_homophones
25839,shi2hI4,7,-5.3620397904502415,2,5.3620397904502415,1,0,4,anti_homophones
25840,deng1ju4,8,-6.121644889611391,2,6.121644889611391,1,0,5,anti_homophones
25841,pin3yQ4,7,-5.885181293319456,2,5.885181293319456,1,0,3,anti_homophones
25842,gI1hong1,8,-6.479699695950146,2,6.479699695950146,1,0,1,anti_homophones
25843,la1ling4,8,-5.796719075783813,2,5.796719075783813,1,0,2,anti_homophones
25844,chQ1yun4,8,-6.321752681130212,2,6.321752681130212,1,0,0,anti_homophones
25845,xW3ye4,6,-5.527669232968499,2,5.527669232968499,1,1,4,anti_homophones
25846,zO4di3,6,-6.246639358763469,2,6.246639358763469,1,0,2,anti_homophones
25847,ma2bing1,8,-6.266966930727645,2,6.266966930727645,1,0,2,anti_homophones
25848,mLn4zI4,7,-5.927236059371198,2,5.927236059371198,1,0,2,anti_homophones
25849,ku3di4,6,-6.155809330026233,2,6.155809330026233,1,0,4,anti_homophones
25850,di1yV2,6,-5.975685064070619,2,5.975685064070619,1,0,4,anti_homophones
25851,chi1sA4,7,-7.472962855595195,2,7.472962855595195,1,0,3,anti_homophones
25852,yu4qu1,6,-5.574989091421874,2,5.574989091421874,1,0,3,anti_homophones
25853,gong1ke4,8,-5.729361228274803,2,5.729361228274803,1,0,0,anti_homophones
25854,bA2fu2,6,-5.550751511636503,2,5.550751511636503,1,0,3,anti_homophones
25855,wen2lK2,7,-5.939848633573146,2,5.939848633573146,1,0,2,anti_homophones
25856,sher2chen4,10,-9.375043053292163,2,9.375043053292163,1,0,0,anti_homophones
25857,zhen1ceng1,10,-6.639451120337929,2,6.639451120337929,1,0,1,anti_homophones
25858,yi4shi1,7,-5.420365219825477,2,5.420365219825477,1,0,8,anti_homophones
25859,jing1sheng2,11,-6.093994037075088,2,6.093994037075088,1,0,1,anti_homophones
25860,shen1jW3,8,-5.723204206718951,2,5.723204206718951,1,0,0,anti_homophones
25861,yi1zhQ1,7,-6.110816700910615,2,6.110816700910615,1,0,1,anti_homophones
25862,dun4lUn3,8,-7.803933364294561,2,7.803933364294561,1,0,0,anti_homophones
25863,meng1ye4,8,-6.083580203451006,2,6.083580203451006,1,0,3,anti_homophones
25864,bLn4ren5,8,-7.340512461947558,2,7.340512461947558,1,0,0,anti_homophones
25865,qLn2qhi1,8,-9.708768235558326,2,9.708768235558326,1,0,0,anti_homophones
25866,wu2hO4,6,-5.578505405262471,2,5.578505405262471,1,0,5,anti_homophones
25867,long3li5,8,-7.6680690421586,2,7.6680690421586,1,0,0,anti_homophones
25868,ri4lLng2,8,-6.688381935120632,2,6.688381935120632,1,0,1,anti_homophones
25869,chang2xin1,10,-5.642278838182641,2,5.642278838182641,1,0,1,anti_homophones
25870,dA4zi5,6,-5.134927156577584,2,5.134927156577584,1,0,11,anti_homophones
25871,wang4xC2,8,-6.224821521352774,2,6.224821521352774,1,0,1,anti_homophones
25872,lLn2feng2,9,-6.2852071308310125,2,6.2852071308310125,1,0,1,anti_homophones
25873,can2fan4,8,-6.631605912975396,2,6.631605912975396,1,0,1,anti_homophones
25874,cha4yQ1,7,-7.5754475858959625,2,7.5754475858959625,1,0,0,anti_homophones
25875,shu4shi1,8,-5.666652778548874,2,5.666652778548874,1,0,4,anti_homophones
25876,jLn4wE4,7,-5.478303909603704,2,5.478303909603704,1,0,3,anti_homophones
25877,yun2lW2,7,-6.901657690040367,2,6.901657690040367,1,0,1,anti_homophones
25878,bi4dLn4,7,-5.632985047781806,2,5.632985047781806,1,1,8,anti_homophones
25879,che1hI4,7,-5.704016509698473,2,5.704016509698473,1,0,1,anti_homophones
25880,ding3chu3,9,-7.429752995831473,2,7.429752995831473,1,0,0,anti_homophones
25881,ying4zhi3,9,-5.996635228870331,2,5.996635228870331,1,0,4,anti_homophones
25882,hUng1pan2,9,-6.362338307861473,2,6.362338307861473,1,0,1,anti_homophones
25883,tA4hu4,6,-6.062714668507378,2,6.062714668507378,1,0,1,anti_homophones
25884,chV3xLng4,9,-6.8092573779946735,2,6.8092573779946735,1,0,1,anti_homophones
25885,da4du2,6,-5.380369021256793,2,5.380369021256793,1,0,10,anti_homophones
25886,xW1fE4,6,-4.852922921023271,2,4.852922921023271,1,1,3,anti_homophones
25887,chUn2xu1,8,-6.886045874891799,2,6.886045874891799,1,0,0,anti_homophones
25888,qLn2se4,7,-5.383672228424166,2,5.383672228424166,1,0,4,anti_homophones
25889,xun2ti3,7,-5.715059458626373,2,5.715059458626373,1,0,1,anti_homophones
25890,ji1ku4,6,-5.720605170558978,2,5.720605170558978,1,0,6,anti_homophones
25891,chV3dong4,9,-6.7137964511857895,2,6.7137964511857895,1,0,0,anti_homophones
25892,ti1xLn4,7,-6.40913151960789,2,6.40913151960789,1,0,5,anti_homophones
25893,chi1xW1,7,-6.6493882360439045,2,6.6493882360439045,1,0,0,anti_homophones
25894,dong1yUn4,9,-6.410358044055116,2,6.410358044055116,1,0,3,anti_homophones
25895,dong4dong4,10,-7.0527783020924595,2,7.0527783020924595,1,0,1,anti_homophones
25896,xL1zi3,6,-6.052358248217387,2,6.052358248217387,1,0,2,anti_homophones
25897,qing2deng4,10,-6.3006515003197645,2,6.3006515003197645,1,0,0,anti_homophones
25898,cQ3dQ4,6,-5.444688430861781,2,5.444688430861781,1,0,3,anti_homophones
25899,qi4sA4,6,-5.999766992906863,2,5.999766992906863,1,0,3,anti_homophones
25900,gO1gong1,8,-6.666760910167595,2,6.666760910167595,1,0,2,anti_homophones
25901,dO1fa3,6,-5.6598499445272585,2,5.6598499445272585,1,0,2,anti_homophones
25902,yi1ni4,6,-6.586045344213592,2,6.586045344213592,1,0,8,anti_homophones
25903,shen1yun4,9,-5.9836185965581645,2,5.9836185965581645,1,0,1,anti_homophones
25904,jM4ye4,6,-6.711288069587983,2,6.711288069587983,1,0,4,anti_homophones
25905,ka1fa1,6,-5.381772902209752,2,5.381772902209752,1,0,3,anti_homophones
25906,wu3bi3,6,-6.179520092644687,2,6.179520092644687,1,0,2,anti_homophones
25907,yi1zhang4,9,-5.2961521572152135,2,5.2961521572152135,1,1,3,anti_homophones
25908,nLn2shi3,8,-6.180300166966493,2,6.180300166966493,1,0,1,anti_homophones
25909,gUn1zheng2,10,-6.071671219022864,2,6.071671219022864,1,0,1,anti_homophones
25910,an1fang1,8,-6.3683573093105945,2,6.3683573093105945,1,0,2,anti_homophones
25911,zhO1cA3,7,-6.2203130993750095,2,6.2203130993750095,1,0,1,anti_homophones
25912,fu4di4,6,-5.235464317843926,2,5.235464317843926,1,0,10,anti_homophones
25913,sV1shI4,7,-6.4588885017528295,2,6.4588885017528295,1,0,0,anti_homophones
25914,xUn2an1,7,-6.900271466918739,2,6.900271466918739,1,0,0,anti_homophones
25915,zQ4zhi2,7,-5.965311104278538,2,5.965311104278538,1,0,2,anti_homophones
25916,hang2cA4,8,-6.560557803915017,2,6.560557803915017,1,0,1,anti_homophones
25917,yin1xLng4,9,-5.511892462884192,2,5.511892462884192,1,0,3,anti_homophones
25918,zhi1hU4,7,-5.514196162759496,2,5.514196162759496,1,0,2,anti_homophones
25919,yang1shV3,9,-6.067412733399864,2,6.067412733399864,1,0,0,anti_homophones
25920,bu4wu4,6,-5.007716192139398,2,5.007716192139398,1,1,9,anti_homophones
25921,zong3zhQ4,9,-7.008367378849122,2,7.008367378849122,1,0,2,anti_homophones
25922,qin2hV4,7,-6.106689313484632,2,6.106689313484632,1,0,2,anti_homophones
25923,da4xing1,8,-5.080659519636205,2,5.080659519636205,1,0,4,anti_homophones
25924,pang1zA1,8,-8.005312167189325,2,8.005312167189325,1,0,0,anti_homophones
25925,hU4jM3,6,-6.20886086767816,2,6.20886086767816,1,0,1,anti_homophones
25926,bM2zheng1,9,-6.451614565579363,2,6.451614565579363,1,0,0,anti_homophones
25927,zhi1jLn4,8,-5.29079433944273,2,5.29079433944273,1,0,8,anti_homophones
25928,lQ3shu4,7,-5.259873122448525,2,5.259873122448525,1,0,6,anti_homophones
25929,jLn1hI3,7,-6.239624278247784,2,6.239624278247784,1,0,0,anti_homophones
25930,yin1ren2,8,-4.906122609762648,2,4.906122609762648,1,0,8,anti_homophones
25931,shI3zi4,7,-6.086729701980001,2,6.086729701980001,1,0,9,anti_homophones
25932,tang4tu3,8,-7.231706870099741,2,7.231706870099741,1,0,1,anti_homophones
25933,ru2shu3,7,-6.153827762320446,2,6.153827762320446,1,0,1,anti_homophones
25934,rV2zi5,6,-5.408902657465267,2,5.408902657465267,1,0,4,anti_homophones
25935,zan3shang4,10,-7.98013941533744,2,7.98013941533744,1,0,0,anti_homophones
25936,gA3xUn3,7,-5.872197229895598,2,5.872197229895598,1,0,1,anti_homophones
25937,zhI1hU4,7,-5.339575432737811,2,5.339575432737811,1,0,3,anti_homophones
25938,xW1chV1,7,-6.821758802670544,2,6.821758802670544,1,0,1,anti_homophones
25939,xing3kA1,8,-6.623918510343741,2,6.623918510343741,1,0,1,anti_homophones
25940,qi3zheng2,9,-6.265763207327208,2,6.265763207327208,1,0,0,anti_homophones
25941,wu2er5,6,-5.054068994667975,2,5.054068994667975,1,0,0,anti_homophones
25942,hUng2xi4,8,-6.327749053486973,2,6.327749053486973,1,0,2,anti_homophones
25943,jing4pa4,8,-6.549166991458378,2,6.549166991458378,1,0,0,anti_homophones
25944,yi1ning4,8,-6.803683980396057,2,6.803683980396057,1,0,4,anti_homophones
25945,lLng1hI1,8,-6.766567797424701,2,6.766567797424701,1,0,0,anti_homophones
25946,xW3shun1,8,-6.410476440808387,2,6.410476440808387,1,0,1,anti_homophones
25947,ci2lLng3,8,-6.5925972088012115,2,6.5925972088012115,1,0,1,anti_homophones
25948,xLn1se4,7,-5.783068851978132,2,5.783068851978132,1,0,5,anti_homophones
25949,pA2wo4,6,-6.439850005778499,2,6.439850005778499,1,0,0,anti_homophones
25950,ru2gA4,6,-6.701680630020582,2,6.701680630020582,1,0,2,anti_homophones
25951,bQ3xing3,8,-5.808651007838673,2,5.808651007838673,1,0,2,anti_homophones
25952,yin1bu4,7,-5.447163164656272,2,5.447163164656272,1,0,5,anti_homophones
25953,wE3an1,6,-5.910489949973188,2,5.910489949973188,1,0,2,anti_homophones
25954,hUn2meng1,9,-6.98708596886464,2,6.98708596886464,1,0,0,anti_homophones
25955,leng1bLn4,9,-6.390662909254641,2,6.390662909254641,1,0,2,anti_homophones
25956,tong1zheng4,11,-6.152112349097155,2,6.152112349097155,1,1,1,anti_homophones
25957,fa1kI4,6,-6.0168548622103355,2,6.0168548622103355,1,0,2,anti_homophones
25958,yV4ren4,7,-6.221073886720386,2,6.221073886720386,1,0,1,anti_homophones
25959,he2wE4,6,-5.309897066647013,2,5.309897066647013,1,0,2,anti_homophones
25960,lan2dQ3,7,-6.558977048534407,2,6.558977048534407,1,0,1,anti_homophones
25961,di3cheng4,9,-6.613794444541737,2,6.613794444541737,1,0,0,anti_homophones
25962,long1tan1,9,-7.2322604035530835,2,7.2322604035530835,1,0,1,anti_homophones
25963,hu3chu1,7,-6.4399962715924595,2,6.4399962715924595,1,0,4,anti_homophones
25964,cV4hV4,6,-5.957626657290007,2,5.957626657290007,1,0,2,anti_homophones
25965,zi4kI4,6,-6.208761659621764,2,6.208761659621764,1,0,1,anti_homophones
25966,mE2bang4,8,-6.828355324760705,2,6.828355324760705,1,0,1,anti_homophones
25967,jLn3ju4,7,-5.892454979893004,2,5.892454979893004,1,0,1,anti_homophones
25968,wang2chUng3,11,-7.3680075553955495,2,7.3680075553955495,1,0,0,anti_homophones
25969,zhen2cu4,8,-7.461658019882905,2,7.461658019882905,1,0,0,anti_homophones
25970,zhu3ji1,7,-5.366739751239156,2,5.366739751239156,1,0,6,anti_homophones
25971,wu3cong4,8,-6.617968782427992,2,6.617968782427992,1,0,1,anti_homophones
25972,cang3lV1,8,-8.58195943295668,2,8.58195943295668,1,0,0,anti_homophones
25973,zhQ1shi3,8,-6.026297222098768,2,6.026297222098768,1,0,3,anti_homophones
25974,yan4ni4,7,-6.99912008053632,2,6.99912008053632,1,0,1,anti_homophones
25975,wen1dI4,7,-6.4040094285662565,2,6.4040094285662565,1,0,1,anti_homophones
25976,zhUng3yong3,11,-7.564180934638673,2,7.564180934638673,1,0,0,anti_homophones
25977,chu2chi3,8,-6.6137711878773615,2,6.6137711878773615,1,0,0,anti_homophones
25978,ci3jL4,6,-5.914400442767056,2,5.914400442767056,1,0,4,anti_homophones
25979,xLn4qi4,7,-5.120379639070775,2,5.120379639070775,1,1,10,anti_homophones
25980,chV2xL2,7,-6.45613979088783,2,6.45613979088783,1,0,3,anti_homophones
25981,chV4xi2,7,-6.906573609227346,2,6.906573609227346,1,0,0,anti_homophones
25982,e4zhUng4,8,-6.437901135585117,2,6.437901135585117,1,0,1,anti_homophones
25983,bu4wan4,7,-5.760829199270252,2,5.760829199270252,1,0,3,anti_homophones
25984,mE2pa5,6,-6.442362503144699,2,6.442362503144699,1,0,0,anti_homophones
25985,rong4yC4,8,-6.823761237740838,2,6.823761237740838,1,0,0,anti_homophones
25986,ban1yo5,7,-7.283613696587009,2,7.283613696587009,1,0,0,anti_homophones
25987,hUng1she4,9,-6.197740340178947,2,6.197740340178947,1,0,0,anti_homophones
25988,qi1ma3,6,-6.298992690372317,2,6.298992690372317,1,0,1,anti_homophones
25989,fa3yi4,6,-5.706083358087194,2,5.706083358087194,1,0,6,anti_homophones
25990,xLng1shi4,9,-5.300014585565506,2,5.300014585565506,1,1,5,anti_homophones
25991,qin2dUn3,8,-6.603784033364043,2,6.603784033364043,1,0,0,anti_homophones
25992,qing2lLn2,9,-6.021928417094548,2,6.021928417094548,1,0,1,anti_homophones
25993,hu2pLn4,7,-6.035606262902089,2,6.035606262902089,1,0,5,anti_homophones
25994,lE2gong1,8,-6.223061718032419,2,6.223061718032419,1,0,1,anti_homophones
25995,shi4wan4,8,-5.784731724225782,2,5.784731724225782,1,0,4,anti_homophones
25996,wang4yi3,8,-6.472876080596223,2,6.472876080596223,1,0,2,anti_homophones
25997,gong2mE2,8,-6.187406152606446,2,6.187406152606446,1,0,0,anti_homophones
25998,an4mE2,6,-6.435218501348655,2,6.435218501348655,1,0,0,anti_homophones
25999,lLng4dI4,8,-6.014305442076444,2,6.014305442076444,1,0,1,anti_homophones
26000,shi4zhu4,8,-5.235788481342555,2,5.235788481342555,1,0,4,anti_homophones
26001,kun4shun1,9,-7.534576369731374,2,7.534576369731374,1,0,0,anti_homophones
26002,si1heng3,8,-7.217301473634717,2,7.217301473634717,1,0,0,anti_homophones
26003,ding2chong4,11,-6.696443103420423,2,6.696443103420423,1,0,1,anti_homophones
26004,xYng2ci2,8,-6.325206505939819,2,6.325206505939819,1,0,1,anti_homophones
26005,xLng2bQ4,8,-5.990420488656906,2,5.990420488656906,1,0,2,anti_homophones
26006,qM2mu4,6,-7.622241438205868,2,7.622241438205868,1,0,1,anti_homophones
26007,da4xin4,7,-5.211026677251518,2,5.211026677251518,1,0,3,anti_homophones
26008,shV3tu2,7,-5.722244293326598,2,5.722244293326598,1,1,7,anti_homophones
26009,xW3fu4,6,-5.218732436306742,2,5.218732436306742,1,0,8,anti_homophones
26010,yin1zO4,7,-6.160099155097014,2,6.160099155097014,1,0,3,anti_homophones
26011,can1bE5,7,-7.169908315634511,2,7.169908315634511,1,0,0,anti_homophones
26012,shen3nA2,8,-8.010926442667536,2,8.010926442667536,1,0,0,anti_homophones
26013,sheng4zO4,9,-5.811354679194688,2,5.811354679194688,1,0,1,anti_homophones
26014,dLn4li4,7,-5.031980273986571,2,5.031980273986571,1,0,7,anti_homophones
26015,gong3ji3,8,-6.732076557615433,2,6.732076557615433,1,0,2,anti_homophones
26016,ti3tang2,8,-6.718514528717434,2,6.718514528717434,1,0,3,anti_homophones
26017,qLng2nu2,8,-7.18907601442018,2,7.18907601442018,1,0,0,anti_homophones
26018,fen4pi2,7,-6.925639882931813,2,6.925639882931813,1,0,2,anti_homophones
26019,xi4bu4,6,-5.12807432699138,2,5.12807432699138,1,0,6,anti_homophones
26020,yi1dW2,6,-7.48326104679582,2,7.48326104679582,1,0,2,anti_homophones
26021,wE3xM3,6,-6.1901135037325625,2,6.1901135037325625,1,0,0,anti_homophones
26022,yan4shi1,8,-6.041839890566953,2,6.041839890566953,1,0,2,anti_homophones
26023,shi4zQ4,7,-5.348531766960398,2,5.348531766960398,1,0,6,anti_homophones
26024,jC3bQ3,6,-8.033919651731425,2,8.033919651731425,1,0,1,anti_homophones
26025,du2zO4,6,-5.616559425796444,2,5.616559425796444,1,0,3,anti_homophones
26026,zV3yu3,6,-5.857923771178428,2,5.857923771178428,1,0,4,anti_homophones
26027,chang1shen4,11,-6.743200894302195,2,6.743200894302195,1,0,2,anti_homophones
26028,dLn3ji1,7,-5.438766921665034,2,5.438766921665034,1,0,3,anti_homophones
26029,ru2cA4,6,-6.062330240224013,2,6.062330240224013,1,0,2,anti_homophones
26030,jM2di4,6,-5.881301762349849,2,5.881301762349849,1,0,7,anti_homophones
26031,xin1fa1,7,-5.841833222300295,2,5.841833222300295,1,0,1,anti_homophones
26032,sha3han4,8,-6.359914005386752,2,6.359914005386752,1,0,1,anti_homophones
26033,fa1fE1,6,-5.571502155351251,2,5.571502155351251,1,0,2,anti_homophones
26034,jin3shV3,8,-6.032318447166126,2,6.032318447166126,1,0,1,anti_homophones
26035,xu1fu4,6,-5.895177438826327,2,5.895177438826327,1,0,7,anti_homophones
26036,tong2shang4,11,-6.477327527535269,2,6.477327527535269,1,0,2,anti_homophones
26037,zUn4xin1,8,-6.443717271383803,2,6.443717271383803,1,0,2,anti_homophones
26038,deng1li4,8,-5.775682849328162,2,5.775682849328162,1,0,4,anti_homophones
26039,tO1tM4,6,-6.389425272925624,2,6.389425272925624,1,0,3,anti_homophones
26040,bQ3hO4,6,-5.220482972244329,2,5.220482972244329,1,0,4,anti_homophones
26041,bW3ya2,6,-5.816429895210704,2,5.816429895210704,1,0,1,anti_homophones
26042,gUn1bE4,7,-6.294512178089055,2,6.294512178089055,1,0,1,anti_homophones
26043,lM4jC2,6,-5.43994910960643,2,5.43994910960643,1,0,3,anti_homophones
26044,yV3lu4,6,-5.558801642684442,2,5.558801642684442,1,0,9,anti_homophones
26045,lv3chA1,7,-7.035191093824536,2,7.035191093824536,1,0,0,anti_homophones
26046,xL4shUn4,8,-6.930513037189344,2,6.930513037189344,1,0,0,anti_homophones
26047,chong1xW4,9,-6.246031809546377,2,6.246031809546377,1,0,2,anti_homophones
26048,tong3ying2,10,-7.017329597432378,2,7.017329597432378,1,0,0,anti_homophones
26049,gQ1shi1,7,-5.534654094755066,2,5.534654094755066,1,1,3,anti_homophones
26050,chun4hU4,8,-5.781898147422935,2,5.781898147422935,1,0,1,anti_homophones
26051,bQ1pQ4,6,-6.020477732545713,2,6.020477732545713,1,0,2,anti_homophones
26052,ti1che1,7,-6.142887606678412,2,6.142887606678412,1,0,3,anti_homophones
26053,bu4jing4,8,-5.121107605589176,2,5.121107605589176,1,0,10,anti_homophones
26054,nLng3han3,9,-8.17631298873923,2,8.17631298873923,1,0,0,anti_homophones
26055,chUng2ke4,9,-6.640463663423366,2,6.640463663423366,1,1,0,anti_homophones
26056,zhUng2jing1,11,-6.739684160313496,2,6.739684160313496,1,0,0,anti_homophones
26057,tM3li4,6,-5.2416578964908025,2,5.2416578964908025,1,0,3,anti_homophones
26058,jin1fan4,8,-6.004127599679072,2,6.004127599679072,1,0,5,anti_homophones
26059,shan4zI4,8,-6.029547873148348,2,6.029547873148348,1,0,2,anti_homophones
26060,wen2jing3,9,-6.3302458979023,2,6.3302458979023,1,0,0,anti_homophones
26061,fE1gUng1,8,-5.906631515596539,2,5.906631515596539,1,0,1,anti_homophones
26062,shu1cha2,8,-5.948730718575509,2,5.948730718575509,1,0,0,anti_homophones
26063,zhe2zhe3,8,-6.3424560410580595,2,6.3424560410580595,1,0,3,anti_homophones
26064,lQ3xi1,6,-5.866802810170948,2,5.866802810170948,1,0,8,anti_homophones
26065,leng2si1,8,-6.722683084860907,2,6.722683084860907,1,0,1,anti_homophones
26066,cA2hV4,6,-6.3060547212442115,2,6.3060547212442115,1,0,1,anti_homophones
26067,ke4ting3,8,-6.45044406350596,2,6.45044406350596,1,0,0,anti_homophones
26068,pin3hI4,7,-5.769231841075017,2,5.769231841075017,1,0,7,anti_homophones
26069,tu1pQ2,6,-6.801642373447672,2,6.801642373447672,1,0,1,anti_homophones
26070,dun4ren2,8,-6.429062977292336,2,6.429062977292336,1,0,1,anti_homophones
26071,nLn2jLng4,9,-6.327458933525993,2,6.327458933525993,1,0,0,anti_homophones
26072,fa1cheng2,9,-5.908627425581053,2,5.908627425581053,1,0,1,anti_homophones
26073,la1tV5,6,-6.081096773606779,2,6.081096773606779,1,0,2,anti_homophones
26074,xW3gI4,6,-5.117140240345674,2,5.117140240345674,1,0,3,anti_homophones
26075,chong4shu4,10,-6.216004884360755,2,6.216004884360755,1,0,0,anti_homophones
26076,kV3ba3,6,-7.436488549698618,2,7.436488549698618,1,0,0,anti_homophones
26077,shV1zi5,7,-5.226409263585511,2,5.226409263585511,1,0,7,anti_homophones
26078,qing2san3,9,-6.992411159059204,2,6.992411159059204,1,0,1,anti_homophones
26079,hI1sUn1,7,-5.655948919654081,2,5.655948919654081,1,0,2,anti_homophones
26080,jun1fa3,7,-5.641114176930679,2,5.641114176930679,1,0,3,anti_homophones
26081,xing2xL1,8,-6.864170797381096,2,6.864170797381096,1,0,0,anti_homophones
26082,ji4zhi4,7,-5.302252501063683,2,5.302252501063683,1,1,9,anti_homophones
26083,zhi4dLn4,8,-5.468046423198071,2,5.468046423198071,1,0,4,anti_homophones
26084,shi2zhe3,8,-5.232609559260367,2,5.232609559260367,1,1,1,anti_homophones
26085,xin1lV2,7,-6.117350531255245,2,6.117350531255245,1,0,0,anti_homophones
26086,xM2tang4,8,-6.1548887592478145,2,6.1548887592478145,1,0,2,anti_homophones
26087,rV4nv3,6,-6.466145653457559,2,6.466145653457559,1,0,2,anti_homophones
26088,wE2zhUn3,8,-6.4875475663228155,2,6.4875475663228155,1,0,0,anti_homophones
26089,li4ying2,8,-6.494317966519809,2,6.494317966519809,1,0,0,anti_homophones
26090,qi4yUn2,7,-5.498326809478428,2,5.498326809478428,1,1,8,anti_homophones
26091,xing2fen4,9,-6.065538343740282,2,6.065538343740282,1,0,0,anti_homophones
26092,xLn1cheng4,10,-6.539087995111925,2,6.539087995111925,1,0,0,anti_homophones
26093,ba3gU1,6,-6.631178252498041,2,6.631178252498041,1,0,2,anti_homophones
26094,cheng1wang1,11,-6.649231606780905,2,6.649231606780905,1,0,1,anti_homophones
26095,gun3dUn4,8,-6.912460650762235,2,6.912460650762235,1,0,0,anti_homophones
26096,shI3wE4,7,-5.5298578700359595,2,5.5298578700359595,1,0,2,anti_homophones
26097,jing1fu4,8,-5.923090251140813,2,5.923090251140813,1,0,4,anti_homophones
26098,yC4shI3,7,-5.776051806116925,2,5.776051806116925,1,0,1,anti_homophones
26099,gO3tV2,6,-5.734742843568342,2,5.734742843568342,1,0,3,anti_homophones
26100,xW1cha2,7,-5.895937566617667,2,5.895937566617667,1,0,1,anti_homophones
26101,si4chV2,7,-6.9131826772429745,2,6.9131826772429745,1,0,2,anti_homophones
26102,gu1ben3,7,-6.042536475186879,2,6.042536475186879,1,0,1,anti_homophones
26103,dA4jM4,6,-6.043817433504155,2,6.043817433504155,1,0,4,anti_homophones
26104,jun1yan1,8,-6.252383832062138,2,6.252383832062138,1,0,3,anti_homophones
26105,chan4chUn3,10,-7.085411788086773,2,7.085411788086773,1,0,1,anti_homophones
26106,nLn2yong1,9,-6.225680008339928,2,6.225680008339928,1,0,0,anti_homophones
26107,dV4yi4,6,-5.292662302212807,2,5.292662302212807,1,0,9,anti_homophones
26108,yan2mQ2,7,-6.163727148754056,2,6.163727148754056,1,0,0,anti_homophones
26109,gUn1yin2,8,-6.280158805086309,2,6.280158805086309,1,0,1,anti_homophones
26110,yi1yu2,6,-5.116721769093099,2,5.116721769093099,1,0,13,anti_homophones
26111,hong2zhUng4,11,-7.070098613666431,2,7.070098613666431,1,0,0,anti_homophones
26112,hun1fu1,7,-6.5274362181628485,2,6.5274362181628485,1,0,2,anti_homophones
26113,dW4yi4,6,-5.699726677353194,2,5.699726677353194,1,0,7,anti_homophones
26114,yi1jW4,6,-5.5364252869382025,2,5.5364252869382025,1,0,6,anti_homophones
26115,che1zO4,7,-5.78113076377526,2,5.78113076377526,1,0,1,anti_homophones
26116,kV3shi4,7,-5.297728904339952,2,5.297728904339952,1,0,6,anti_homophones
26117,zO4chan2,8,-6.499895148811021,2,6.499895148811021,1,0,5,anti_homophones
26118,zhUn2jun1,9,-6.260101228002023,2,6.260101228002023,1,0,1,anti_homophones
26119,fan1chun4,9,-7.363221050118803,2,7.363221050118803,1,0,0,anti_homophones
26120,mA4po4,6,-5.800461392883194,2,5.800461392883194,1,0,1,anti_homophones
26121,ting2shu4,9,-6.116361309838426,2,6.116361309838426,1,0,3,anti_homophones
26122,chV4bLn4,8,-6.48290590944564,2,6.48290590944564,1,0,0,anti_homophones
26123,ca1han1,7,-7.11145576596942,2,7.11145576596942,1,0,0,anti_homophones
26124,lM4bW3,6,-5.482105390787087,2,5.482105390787087,1,0,4,anti_homophones
26125,zhang4zi5,9,-5.404408784995133,2,5.404408784995133,1,0,5,anti_homophones
26126,shV4xW1,7,-5.98700764803429,2,5.98700764803429,1,0,0,anti_homophones
26127,tong2lK2,8,-5.964206525436063,2,5.964206525436063,1,0,0,anti_homophones
26128,hI1mLn3,7,-6.289928614932567,2,6.289928614932567,1,0,3,anti_homophones
26129,ran3zhen1,9,-7.40303026370631,2,7.40303026370631,1,0,0,anti_homophones
26130,qK1shV3,7,-5.993346307715326,2,5.993346307715326,1,0,0,anti_homophones
26131,hI1wE4,6,-5.856985088770425,2,5.856985088770425,1,0,1,anti_homophones
26132,qLn1dQ4,7,-5.466463281918372,2,5.466463281918372,1,0,2,anti_homophones
26133,jM3ma3,6,-5.209232436250485,2,5.209232436250485,1,1,0,anti_homophones
26134,chun4bi4,8,-6.8454533475714205,2,6.8454533475714205,1,0,1,anti_homophones
26135,mo2sun3,7,-6.6050924007445335,2,6.6050924007445335,1,0,0,anti_homophones
26136,fa1mi3,6,-6.076128717040039,2,6.076128717040039,1,0,2,anti_homophones
26137,jK3yQ4,6,-5.452470504044774,2,5.452470504044774,1,0,2,anti_homophones
26138,ren2xLn3,8,-6.015162832645529,2,6.015162832645529,1,0,1,anti_homophones
26139,cu4xL4,6,-6.160007319762777,2,6.160007319762777,1,0,2,anti_homophones
26140,xLng4can1,9,-6.429049389632426,2,6.429049389632426,1,0,3,anti_homophones
26141,jun1yC4,7,-5.29476147694475,2,5.29476147694475,1,0,4,anti_homophones
26142,dong4zhO2,9,-7.155701509064437,2,7.155701509064437,1,0,1,anti_homophones
26143,jW1dQ1,6,-6.045619819512405,2,6.045619819512405,1,0,4,anti_homophones
26144,fu4jK3,6,-5.562009879085237,2,5.562009879085237,1,0,2,anti_homophones
26145,hO4dun4,7,-6.956706265748348,2,6.956706265748348,1,0,1,anti_homophones
26146,cA3yV2,6,-5.641008560115364,2,5.641008560115364,1,0,1,anti_homophones
26147,kan4nE1,7,-8.693204532698166,2,8.693204532698166,1,0,0,anti_homophones
26148,shI3gA1,7,-6.06981503956296,2,6.06981503956296,1,0,2,anti_homophones
26149,ke4ku4,6,-6.14333133125685,2,6.14333133125685,1,0,3,anti_homophones
26150,ming3de2,8,-6.351255372338651,2,6.351255372338651,1,0,0,anti_homophones
26151,bE4si1,6,-6.568187139743333,2,6.568187139743333,1,0,0,anti_homophones
26152,zhan4shV3,9,-6.057988488807816,2,6.057988488807816,1,0,2,anti_homophones
26153,shu1shi2,8,-5.342447454522627,2,5.342447454522627,1,0,4,anti_homophones
26154,hu2yong3,8,-7.083492740740334,2,7.083492740740334,1,0,1,anti_homophones
26155,da1dLn4,7,-5.354689466831936,2,5.354689466831936,1,0,4,anti_homophones
26156,lun2lO4,7,-6.153982866281986,2,6.153982866281986,1,0,0,anti_homophones
26157,cha1ba4,7,-6.852511497436488,2,6.852511497436488,1,0,2,anti_homophones
26158,xYng1bing3,10,-6.90541004824881,2,6.90541004824881,1,0,0,anti_homophones
26159,yu4zhi2,7,-5.617722224157889,2,5.617722224157889,1,0,6,anti_homophones
26160,pA2zhe3,7,-6.009494629699652,2,6.009494629699652,1,0,4,anti_homophones
26161,ru4se4,6,-5.849858457607455,2,5.849858457607455,1,0,4,anti_homophones
26162,wu2xM4,6,-5.775298908507652,2,5.775298908507652,1,0,4,anti_homophones
26163,shi4an4,7,-5.524238750458433,2,5.524238750458433,1,1,4,anti_homophones
26164,zi4shI3,7,-5.390722938753539,2,5.390722938753539,1,0,3,anti_homophones
26165,gU3lLng2,8,-6.7768080132615305,2,6.7768080132615305,1,0,2,anti_homophones
26166,zhen1da4,8,-6.886045323632479,2,6.886045323632479,1,0,0,anti_homophones
26167,hI2jing3,8,-6.292123618828176,2,6.292123618828176,1,0,3,anti_homophones
26168,feng1cong1,10,-6.374736984445848,2,6.374736984445848,1,0,0,anti_homophones
26169,ni4lA2,6,-6.357394284118425,2,6.357394284118425,1,0,4,anti_homophones
26170,wA1dong3,8,-6.603440498382179,2,6.603440498382179,1,0,0,anti_homophones
26171,shi4pi2,7,-5.195543060019748,2,5.195543060019748,1,0,2,anti_homophones
26172,jW1ping4,8,-6.259778526322549,2,6.259778526322549,1,0,3,anti_homophones
26173,jun1ci1,7,-6.7692689551098075,2,6.7692689551098075,1,0,1,anti_homophones
26174,fa4jing2,8,-6.588314252022265,2,6.588314252022265,1,0,0,anti_homophones
26175,yun2kong3,9,-7.49787230764413,2,7.49787230764413,1,0,0,anti_homophones
26176,qLng4yan2,9,-6.106789346727258,2,6.106789346727258,1,0,1,anti_homophones
26177,hang1ji2,8,-6.089095517467276,2,6.089095517467276,1,0,2,anti_homophones
26178,shV1xLng3,9,-6.128686857715705,2,6.128686857715705,1,0,4,anti_homophones
26179,qUn2zI3,7,-6.2197216768046015,2,6.2197216768046015,1,0,2,anti_homophones
26180,jL1yu3,6,-5.743911512565911,2,5.743911512565911,1,0,4,anti_homophones
26181,zhan4zhUn2,10,-6.728877913015232,2,6.728877913015232,1,0,0,anti_homophones
26182,ma4ming4,8,-6.614320962617885,2,6.614320962617885,1,0,1,anti_homophones
26183,dW4yan3,7,-5.819860781283321,2,5.819860781283321,1,0,4,anti_homophones
26184,dLn3ji3,7,-6.50882911177781,2,6.50882911177781,1,0,4,anti_homophones
26185,li4chang4,9,-6.131166839148704,2,6.131166839148704,1,0,6,anti_homophones
26186,ru4jLn4,7,-6.015019324275138,2,6.015019324275138,1,0,2,anti_homophones
26187,wu1zhUn1,8,-6.846135247436686,2,6.846135247436686,1,0,0,anti_homophones
26188,keng1xin1,9,-6.66839003723767,2,6.66839003723767,1,0,3,anti_homophones
26189,hong5hU4,8,-7.518254259159554,2,7.518254259159554,1,0,1,anti_homophones
26190,wu3xing2,8,-5.575017603725933,2,5.575017603725933,1,0,5,anti_homophones
26191,shQ4pQ2,7,-6.442573752983696,2,6.442573752983696,1,0,0,anti_homophones
26192,fan1an4,7,-6.201335068432974,2,6.201335068432974,1,0,4,anti_homophones
26193,ren2yan2,8,-5.661556049944998,2,5.661556049944998,1,0,2,anti_homophones
26194,jC2zhi1,7,-5.731819470975218,2,5.731819470975218,1,0,3,anti_homophones
26195,mE2tong3,8,-6.148265057189053,2,6.148265057189053,1,0,3,anti_homophones
26196,kA1shi1,7,-5.724358797585991,2,5.724358797585991,1,0,2,anti_homophones
26197,gan1qK2,7,-5.802047230559547,2,5.802047230559547,1,0,1,anti_homophones
26198,zi1bLn4,7,-5.942335110148796,2,5.942335110148796,1,0,4,anti_homophones
26199,po1ling2,8,-6.131822926267765,2,6.131822926267765,1,0,1,anti_homophones
26200,lW3bQ4,6,-6.39766325088475,2,6.39766325088475,1,0,1,anti_homophones
26201,chi1mo2,7,-6.89668129566648,2,6.89668129566648,1,0,1,anti_homophones
26202,jin4bing3,9,-6.302062450968192,2,6.302062450968192,1,0,2,anti_homophones
26203,chen1xi3,8,-6.2019176210199225,2,6.2019176210199225,1,0,1,anti_homophones
26204,wE3wE4,6,-5.226382834956329,2,5.226382834956329,1,0,1,anti_homophones
26205,xM2neng1,8,-6.146023408416415,2,6.146023408416415,1,0,0,anti_homophones
26206,du2zhi3,7,-5.4993950099454905,2,5.4993950099454905,1,0,3,anti_homophones
26207,zhu3ming3,9,-6.751132417371409,2,6.751132417371409,1,0,1,anti_homophones
26208,bA4shi2,7,-5.910272875173254,2,5.910272875173254,1,0,4,anti_homophones
26209,gan1yC4,7,-5.468328486166536,2,5.468328486166536,1,0,5,anti_homophones
26210,wen2tu2,7,-6.042350734817307,2,6.042350734817307,1,0,3,anti_homophones
26211,li3xLn2,7,-6.112198375329974,2,6.112198375329974,1,0,3,anti_homophones
26212,wa1wan2,7,-6.108247298126866,2,6.108247298126866,1,0,1,anti_homophones
26213,peng1gu4,8,-7.179830043582613,2,7.179830043582613,1,0,0,anti_homophones
26214,yi1si5,6,-6.078852772532343,2,6.078852772532343,1,0,2,anti_homophones
26215,yQ2yan1,7,-6.188442807387651,2,6.188442807387651,1,0,5,anti_homophones
26216,cun2tI3,7,-7.139692439121952,2,7.139692439121952,1,0,0,anti_homophones
26217,shan4bQ1,8,-5.8633645013526685,2,5.8633645013526685,1,0,0,anti_homophones
26218,fE1wan2,7,-6.197519763525786,2,6.197519763525786,1,0,3,anti_homophones
26219,min2mu4,7,-6.235414682124896,2,6.235414682124896,1,0,2,anti_homophones
26220,tV1zhen2,8,-6.940860534876586,2,6.940860534876586,1,0,0,anti_homophones
26221,cV4ji4,6,-6.137730040621752,2,6.137730040621752,1,0,2,anti_homophones
26222,qK2jW1,6,-5.7339962900181005,2,5.7339962900181005,1,0,1,anti_homophones
26223,yi1beng2,8,-6.191143677370584,2,6.191143677370584,1,0,2,anti_homophones
26224,si3du4,6,-5.938162719677675,2,5.938162719677675,1,1,8,anti_homophones
26225,jL3xL4,6,-5.711751133406727,2,5.711751133406727,1,0,0,anti_homophones
26226,xLn3ti3,7,-6.347974923009501,2,6.347974923009501,1,0,4,anti_homophones
26227,xL4yi3,6,-5.85977002346623,2,5.85977002346623,1,0,2,anti_homophones
26228,sO3nong4,8,-6.234460595381307,2,6.234460595381307,1,0,0,anti_homophones
26229,la4jL3,6,-6.836231483108285,2,6.836231483108285,1,0,0,anti_homophones
26230,ma3lang2,8,-6.282170508058342,2,6.282170508058342,1,0,0,anti_homophones
26231,zhi1zhU1,8,-6.874320235169324,2,6.874320235169324,1,0,1,anti_homophones
26232,feng1li3,8,-5.704272094636792,2,5.704272094636792,1,0,3,anti_homophones
26233,dan1yan4,8,-6.247354810021859,2,6.247354810021859,1,1,8,anti_homophones
26234,bi4yi4,6,-5.199342712813594,2,5.199342712813594,1,0,12,anti_homophones
26235,zhang2hong1,11,-6.661826630687707,2,6.661826630687707,1,0,1,anti_homophones
26236,cV4fu4,6,-6.2859368611981195,2,6.2859368611981195,1,0,1,anti_homophones
26237,zhA4ren2,8,-5.405331327313059,2,5.405331327313059,1,0,5,anti_homophones
26238,zA4zi5,6,-4.943084723522847,2,4.943084723522847,1,0,6,anti_homophones
26239,yi1wo1,6,-5.187053461667369,2,5.187053461667369,1,0,2,anti_homophones
26240,gV3zheng1,9,-6.7373421040812325,2,6.7373421040812325,1,0,0,anti_homophones
26241,hu4zhang3,9,-6.38727970142939,2,6.38727970142939,1,0,1,anti_homophones
26242,shi1hu1,7,-5.8886365995097645,2,5.8886365995097645,1,0,3,anti_homophones
26243,feng2dQ4,8,-5.658887157417136,2,5.658887157417136,1,0,4,anti_homophones
26244,ceng2zhUng1,11,-7.655295530187627,2,7.655295530187627,1,0,1,anti_homophones
26245,wu4jC2,6,-5.733133034431538,2,5.733133034431538,1,0,7,anti_homophones
26246,pA1mu3,6,-5.759027236271071,2,5.759027236271071,1,0,3,anti_homophones
26247,bLn1leng1,9,-6.869798375060884,2,6.869798375060884,1,0,0,anti_homophones
26248,lK1bing2,8,-6.162075732297274,2,6.162075732297274,1,0,3,anti_homophones
26249,qing3kA1,8,-6.602631981521631,2,6.602631981521631,1,0,1,anti_homophones
26250,xi2ze2,6,-6.847934370933655,2,6.847934370933655,1,0,0,anti_homophones
26251,la1xi4,6,-6.087192494518977,2,6.087192494518977,1,0,2,anti_homophones
26252,mE2kP4,6,-5.383768671984539,2,5.383768671984539,1,0,2,anti_homophones
26253,mA3fng1jLn4,11,-11.921408828781578,2,11.921408828781578,1,0,0,anti_homophones
26254,gUn1ji1,7,-5.226285065748681,2,5.226285065748681,1,0,8,anti_homophones
26255,shan1ye4,8,-5.80526809820978,2,5.80526809820978,1,0,0,anti_homophones
26256,jM1gan4,7,-6.459581470564761,2,6.459581470564761,1,0,3,anti_homophones
26257,da2feng4,8,-6.290126813112812,2,6.290126813112812,1,0,2,anti_homophones
26258,ju4tUn2,7,-5.521057431730364,2,5.521057431730364,1,0,3,anti_homophones
26259,ci3lu4,6,-5.8542941662698444,2,5.8542941662698444,1,0,1,anti_homophones
26260,na3li4,6,-5.785524074111301,2,5.785524074111301,1,0,4,anti_homophones
26261,ban3zi5,7,-5.204171784592081,2,5.204171784592081,1,0,7,anti_homophones
26262,yUn4xLn4,8,-6.025353994444481,2,6.025353994444481,1,0,2,anti_homophones
26263,gU4lang3,8,-6.771200402772306,2,6.771200402772306,1,0,1,anti_homophones
26264,ji4jL1,6,-5.432479555032432,2,5.432479555032432,1,0,6,anti_homophones
26265,zi1zheng2,9,-6.22794366262632,2,6.22794366262632,1,0,3,anti_homophones
26266,ceng4pi2,8,-7.508043141431354,2,7.508043141431354,1,0,1,anti_homophones
26267,ben3ti2,7,-6.170939541311016,2,6.170939541311016,1,0,1,anti_homophones
26268,cA3bLn4,7,-5.519829451248417,2,5.519829451248417,1,0,2,anti_homophones
26269,bM2lu4,6,-6.228337688232823,2,6.228337688232823,1,0,1,anti_homophones
26270,kan1dong1,9,-6.4905270073126715,2,6.4905270073126715,1,0,2,anti_homophones
26271,ding4dM2,8,-7.517142843433723,2,7.517142843433723,1,0,0,anti_homophones
26272,pV1xW4,6,-6.04121452268628,2,6.04121452268628,1,0,3,anti_homophones
26273,xC2yV3,6,-6.244261526981378,2,6.244261526981378,1,0,0,anti_homophones
26274,qin2shu1,8,-6.151749105783647,2,6.151749105783647,1,0,1,anti_homophones
26275,hQ3chu1,7,-6.004753972222838,2,6.004753972222838,1,0,3,anti_homophones
26276,yi3zhi4,7,-5.64506260392592,2,5.64506260392592,1,0,8,anti_homophones
26277,chu1wE2,7,-6.058856643260291,2,6.058856643260291,1,0,1,anti_homophones
26278,wo4chUng1,9,-6.4968696689087535,2,6.4968696689087535,1,0,2,anti_homophones
26279,ye3lLng2,8,-5.941642362611973,2,5.941642362611973,1,0,3,anti_homophones
26280,gong4zA4,8,-6.237416855847034,2,6.237416855847034,1,0,2,anti_homophones
26281,sheng1hU1,9,-5.642338863569545,2,5.642338863569545,1,0,3,anti_homophones
26282,bi3ci4,6,-6.39966214298813,2,6.39966214298813,1,0,4,anti_homophones
26283,xW3zheng2,9,-5.7623764271112705,2,5.7623764271112705,1,0,1,anti_homophones
26284,fE1che4,7,-6.519230410418145,2,6.519230410418145,1,0,2,anti_homophones
26285,hu2yong4,8,-6.646404496142848,2,6.646404496142848,1,0,3,anti_homophones
26286,hO2qUn2,7,-5.571473536856105,2,5.571473536856105,1,1,2,anti_homophones
26287,chun2gUn1,9,-6.8403237408492465,2,6.8403237408492465,1,0,0,anti_homophones
26288,jK1xing2,8,-6.398819254689725,2,6.398819254689725,1,0,3,anti_homophones
26289,mE2kUng4,8,-6.302174626751265,2,6.302174626751265,1,0,0,anti_homophones
26290,nK2ren2,7,-5.406371431908502,2,5.406371431908502,1,0,0,anti_homophones
26291,jLn3shi2,8,-5.456515617409329,2,5.456515617409329,1,0,6,anti_homophones
26292,san4tQ2,7,-7.241335207806824,2,7.241335207806824,1,0,1,anti_homophones
26293,li4ji4,6,-5.36197824473246,2,5.36197824473246,1,0,10,anti_homophones
26294,kQ3qi3,6,-6.401745964471825,2,6.401745964471825,1,0,2,anti_homophones
26295,cun1jing4,9,-6.816420809562871,2,6.816420809562871,1,0,2,anti_homophones
26296,an1hu1,6,-5.750910088587792,2,5.750910088587792,1,0,4,anti_homophones
26297,jM1shi2,7,-5.0812894748657085,2,5.0812894748657085,1,0,5,anti_homophones
26298,shI3er5,7,-4.8984790910400875,2,4.8984790910400875,1,0,1,anti_homophones
26299,shV4shP1,8,-7.241434000664317,2,7.241434000664317,1,0,0,anti_homophones
26300,xing2su1,8,-6.9602905973847555,2,6.9602905973847555,1,0,1,anti_homophones
26301,li4zhong1,9,-5.920258630399118,2,5.920258630399118,1,0,0,anti_homophones
26302,zhi1zhang1,10,-5.9555577339015615,2,5.9555577339015615,1,0,0,anti_homophones
26303,hI1mLn4,7,-5.579632364889662,2,5.579632364889662,1,0,5,anti_homophones
26304,xC4pQ4,6,-5.626000172385519,2,5.626000172385519,1,0,5,anti_homophones
26305,gu1fang2,8,-6.298472107006433,2,6.298472107006433,1,0,0,anti_homophones
26306,bu4lv4,6,-4.905426813868277,2,4.905426813868277,1,0,4,anti_homophones
26307,pE1yu4,6,-6.27870250022805,2,6.27870250022805,1,0,1,anti_homophones
26308,chu4nLng4,9,-7.680123209374824,2,7.680123209374824,1,0,0,anti_homophones
26309,chu1yi4,7,-5.370937288031758,2,5.370937288031758,1,0,9,anti_homophones
26310,jW1yu2,6,-5.15478800591093,2,5.15478800591093,1,1,9,anti_homophones
26311,shi2bi4,7,-5.837527263449001,2,5.837527263449001,1,0,8,anti_homophones
26312,bu4feng4,8,-5.869473309584563,2,5.869473309584563,1,0,2,anti_homophones
26313,kong1sun3,9,-6.875685032355765,2,6.875685032355765,1,0,0,anti_homophones
26314,jM2qi4,6,-5.263787801137314,2,5.263787801137314,1,1,5,anti_homophones
26315,chu1sheng1,10,-5.362076771158663,2,5.362076771158663,1,0,1,anti_homophones
26316,yi1wan2,7,-5.287778973522446,2,5.287778973522446,1,0,8,anti_homophones
26317,chan4tV2,8,-5.82069152863268,2,5.82069152863268,1,0,1,anti_homophones
26318,she4zhUn2,9,-6.448920991680455,2,6.448920991680455,1,0,0,anti_homophones
26319,lK2che1,7,-5.480711580112666,2,5.480711580112666,1,0,3,anti_homophones
26320,zong1qLn2,9,-6.323416070582466,2,6.323416070582466,1,1,0,anti_homophones
26321,fa3jLng4,8,-6.810138965048975,2,6.810138965048975,1,0,1,anti_homophones
26322,geng3fu1,8,-7.643680836931061,2,7.643680836931061,1,0,0,anti_homophones
26323,ti2hu5,6,-6.355333536065424,2,6.355333536065424,1,0,1,anti_homophones
26324,ru2qin1,7,-6.42247560229291,2,6.42247560229291,1,0,1,anti_homophones
26325,lv4nv3,6,-5.720532918906654,2,5.720532918906654,1,0,0,anti_homophones
26326,tun1mu3,7,-7.272381647479848,2,7.272381647479848,1,0,0,anti_homophones
26327,wu2zI3,6,-5.572011824247261,2,5.572011824247261,1,1,2,anti_homophones
26328,ran2fa3,7,-6.120330335878102,2,6.120330335878102,1,0,3,anti_homophones
26329,ji1shi2,7,-5.163401969591335,2,5.163401969591335,1,0,7,anti_homophones
26330,shen1ren2,9,-5.338718598026071,2,5.338718598026071,1,0,3,anti_homophones
26331,zhU1qLng1,9,-7.027641963549374,2,7.027641963549374,1,0,0,anti_homophones
26332,hO2xLng4,8,-6.16377934355113,2,6.16377934355113,1,0,1,anti_homophones
26333,jLn3bang4,9,-7.304209989058905,2,7.304209989058905,1,0,0,anti_homophones
26334,jin4bM2,7,-6.02745244092206,2,6.02745244092206,1,0,1,anti_homophones
26335,fu2yin4,7,-6.530185602740071,2,6.530185602740071,1,0,0,anti_homophones
26336,tO1qi4,6,-5.281118300475101,2,5.281118300475101,1,1,3,anti_homophones
26337,zhO2fE4,7,-6.304318831964295,2,6.304318831964295,1,0,0,anti_homophones
26338,xin1ren2,8,-4.770140156292594,2,4.770140156292594,1,1,8,anti_homophones
26339,kUng1hO4,8,-6.3187265689306225,2,6.3187265689306225,1,0,0,anti_homophones
26340,re4qing2,8,-5.822277115195126,2,5.822277115195126,1,0,2,anti_homophones
26341,hU2lO4,6,-5.430382576142444,2,5.430382576142444,1,0,4,anti_homophones
26342,yV2la4,6,-6.023077561094898,2,6.023077561094898,1,0,7,anti_homophones
26343,yV2dQ1,6,-6.052765130461404,2,6.052765130461404,1,0,1,anti_homophones
26344,bo4hA3,6,-6.156142736752265,2,6.156142736752265,1,0,1,anti_homophones
26345,yan1wE4,7,-5.9241731078899456,2,5.9241731078899456,1,0,5,anti_homophones
26346,da4tI4,6,-5.524861715385533,2,5.524861715385533,1,0,5,anti_homophones
26347,ling2hong4,10,-6.627804150691755,2,6.627804150691755,1,0,1,anti_homophones
26348,zhUng2shu2,10,-7.223786655099753,2,7.223786655099753,1,0,0,anti_homophones
26349,dUn1tV5,7,-6.483295703977537,2,6.483295703977537,1,0,1,anti_homophones
26350,wu2tu2,6,-5.254702199965534,2,5.254702199965534,1,0,11,anti_homophones
26351,chUng1xLng2,11,-6.375431288717059,2,6.375431288717059,1,0,0,anti_homophones
26352,qing4xing1,10,-5.910143422540366,2,5.910143422540366,1,0,2,anti_homophones
26353,sha1ba5,7,-6.540086017714868,2,6.540086017714868,1,0,1,anti_homophones
26354,shang3le4,9,-6.287798878952245,2,6.287798878952245,1,0,2,anti_homophones
26355,chUn1gan3,9,-6.525221152316693,2,6.525221152316693,1,0,1,anti_homophones
26356,shV3li3,7,-5.163205428491871,2,5.163205428491871,1,0,4,anti_homophones
26357,yi3shan4,8,-6.369312094679161,2,6.369312094679161,1,0,0,anti_homophones
26358,jW1hUng1,8,-5.492976880210353,2,5.492976880210353,1,0,4,anti_homophones
26359,yV1gV4,6,-5.997958874770139,2,5.997958874770139,1,0,2,anti_homophones
26360,kUn3se4,7,-6.007825715326232,2,6.007825715326232,1,0,1,anti_homophones
26361,kUn3zi3,7,-6.514698131322082,2,6.514698131322082,1,0,2,anti_homophones
26362,shang4gang2,11,-6.80369715745086,2,6.80369715745086,1,0,0,anti_homophones
26363,yQ4shI4,7,-6.21791505028227,2,6.21791505028227,1,0,3,anti_homophones
26364,qing4zhi3,9,-5.870634661190412,2,5.870634661190412,1,0,5,anti_homophones
26365,sha1hU4,7,-5.27133681038966,2,5.27133681038966,1,0,1,anti_homophones
26366,xing2lun2,9,-6.3601634407572885,2,6.3601634407572885,1,0,0,anti_homophones
26367,jW4han2,7,-6.6585218935142425,2,6.6585218935142425,1,0,1,anti_homophones
26368,fE3qLn1,7,-6.152363987641514,2,6.152363987641514,1,1,1,anti_homophones
26369,zA4xLn4,7,-5.482523923217885,2,5.482523923217885,1,1,5,anti_homophones
26370,pan2dong2,9,-6.6897427865253265,2,6.6897427865253265,1,0,0,anti_homophones
26371,chUn2jun1,9,-6.36603386836634,2,6.36603386836634,1,0,1,anti_homophones
26372,hQ2gI4,6,-7.870210479753752,2,7.870210479753752,1,0,2,anti_homophones
26373,chQ1yang4,9,-6.062604829761776,2,6.062604829761776,1,0,0,anti_homophones
26374,san1can2,8,-7.159001641623653,2,7.159001641623653,1,0,0,anti_homophones
26375,shan4bA3,8,-6.818963064327159,2,6.818963064327159,1,0,1,anti_homophones
26376,xi1re4,6,-6.09452986003691,2,6.09452986003691,1,0,4,anti_homophones
26377,da1du2,6,-6.516334423916023,2,6.516334423916023,1,0,2,anti_homophones
26378,du2dQ4,6,-5.36722960208654,2,5.36722960208654,1,0,2,anti_homophones
26379,xi1shu4,7,-5.322397986179549,2,5.322397986179549,1,0,11,anti_homophones
26380,yun4shi4,8,-5.060720794115932,2,5.060720794115932,1,0,4,anti_homophones
26381,la4yan2,7,-6.282632196880936,2,6.282632196880936,1,0,1,anti_homophones
26382,xC2hU4,6,-6.08796690458559,2,6.08796690458559,1,0,0,anti_homophones
26383,zhUn4yUn2,9,-6.12287391120668,2,6.12287391120668,1,0,0,anti_homophones
26384,dLn4pA2,7,-6.009180297072826,2,6.009180297072826,1,0,1,anti_homophones
26385,cha2kV4,7,-5.870426811479571,2,5.870426811479571,1,0,2,anti_homophones
26386,bE4gUng2,8,-6.705979935154863,2,6.705979935154863,1,0,0,anti_homophones
26387,re4cA2,6,-6.00725034362854,2,6.00725034362854,1,0,0,anti_homophones
26388,nan4fa3,7,-6.202959348385029,2,6.202959348385029,1,0,5,anti_homophones
26389,yang2fang2,10,-6.398908281903407,2,6.398908281903407,1,0,1,anti_homophones
26390,kO4yUn2,7,-5.9474362865859245,2,5.9474362865859245,1,0,1,anti_homophones
26391,nO4qu1,6,-6.0285220638165855,2,6.0285220638165855,1,0,1,anti_homophones
26392,ju4xu4,6,-6.093342991549364,2,6.093342991549364,1,0,5,anti_homophones
26393,ling2xLng4,10,-6.0744772932639854,2,6.0744772932639854,1,0,2,anti_homophones
26394,gong2bE1,8,-6.739966970225731,2,6.739966970225731,1,0,0,anti_homophones
26395,fa1xLn4,7,-4.925571280615415,2,4.925571280615415,1,0,7,anti_homophones
26396,rO4shen2,8,-6.6459506762908065,2,6.6459506762908065,1,0,0,anti_homophones
26397,nQ3shun3,8,-7.519317548754646,2,7.519317548754646,1,0,1,anti_homophones
26398,sQ3pi2,6,-6.3389507778279555,2,6.3389507778279555,1,0,0,anti_homophones
26399,yi1zI3,6,-5.541557595005265,2,5.541557595005265,1,0,6,anti_homophones
26400,qing4xLng2,10,-6.120493928072656,2,6.120493928072656,1,0,0,anti_homophones
26401,bE3jin1,7,-5.627131705264548,2,5.627131705264548,1,0,2,anti_homophones
26402,xYng1ying4,10,-6.421101653052906,2,6.421101653052906,1,0,0,anti_homophones
26403,lK2yUn2,7,-5.637062834588245,2,5.637062834588245,1,0,2,anti_homophones
26404,mA2cO4,6,-6.609344967202484,2,6.609344967202484,1,0,1,anti_homophones
26405,da4tong1,8,-5.319257932746256,2,5.319257932746256,1,0,4,anti_homophones
26406,bW3shi1,7,-6.048818950366664,2,6.048818950366664,1,0,2,anti_homophones
26407,lLn2yi4,7,-5.199310967524796,2,5.199310967524796,1,0,3,anti_homophones
26408,zheng2tA4,9,-6.3469246986596035,2,6.3469246986596035,1,0,0,anti_homophones
26409,shun1ti2,8,-7.323770760349687,2,7.323770760349687,1,0,0,anti_homophones
26410,jLn3dong2,9,-6.381795316378937,2,6.381795316378937,1,0,2,anti_homophones
26411,shu4ti2,7,-6.462387491582277,2,6.462387491582277,1,0,2,anti_homophones
26412,yUn2yin1,8,-5.966638609697959,2,5.966638609697959,1,0,3,anti_homophones
26413,bu4yan1,7,-5.841479478417113,2,5.841479478417113,1,0,6,anti_homophones
26414,zi4dA4,6,-5.074414933960792,2,5.074414933960792,1,0,8,anti_homophones
26415,gQ1cha2,7,-5.63331862045946,2,5.63331862045946,1,0,0,anti_homophones
26416,man2mE4,7,-7.026876213268801,2,7.026876213268801,1,0,0,anti_homophones
26417,shan4lan3,9,-6.573615277305122,2,6.573615277305122,1,1,2,anti_homophones
26418,da4bang4,8,-5.670438546034233,2,5.670438546034233,1,0,9,anti_homophones
26419,zI4ding3,8,-6.679492385168439,2,6.679492385168439,1,0,1,anti_homophones
26420,fo2jLn4,7,-6.233482945854139,2,6.233482945854139,1,0,0,anti_homophones
26421,yin1dV1,7,-6.478319043048481,2,6.478319043048481,1,0,1,anti_homophones
26422,cun2xW4,7,-6.473687856544791,2,6.473687856544791,1,0,1,anti_homophones
26423,qi2ma3,6,-5.891256370413181,2,5.891256370413181,1,0,7,anti_homophones
26424,leng2yang3,10,-6.728479164518954,2,6.728479164518954,1,0,0,anti_homophones
26425,hu2ni4,6,-6.47788585029889,2,6.47788585029889,1,0,1,anti_homophones
26426,lLn3pi2,7,-6.36748245133195,2,6.36748245133195,1,0,2,anti_homophones
26427,yV1yan2,7,-5.2075984281035534,2,5.2075984281035534,1,1,7,anti_homophones
26428,A1tLn1,6,-5.719018899759617,2,5.719018899759617,1,0,0,anti_homophones
26429,xUn3lUn3,8,-7.0629657355954745,2,7.0629657355954745,1,0,2,anti_homophones
26430,zhO1ni2,7,-6.801620321947793,2,6.801620321947793,1,0,1,anti_homophones
26431,er3kong1,8,-5.938531824573927,2,5.938531824573927,1,1,1,anti_homophones
26432,zhUng1gan1,10,-6.453079843076588,2,6.453079843076588,1,0,0,anti_homophones
26433,zI4kUng4,8,-6.617371530149896,2,6.617371530149896,1,0,0,anti_homophones
26434,ru4zO4,6,-5.940294294133891,2,5.940294294133891,1,0,5,anti_homophones
26435,wen4qK2,7,-6.334868676671505,2,6.334868676671505,1,0,3,anti_homophones
26436,xM2lLng1,8,-6.738747524426357,2,6.738747524426357,1,0,2,anti_homophones
26437,qLn2bu4,7,-5.159690016818285,2,5.159690016818285,1,0,10,anti_homophones
26438,pQ4hU4,6,-5.852668298881707,2,5.852668298881707,1,0,4,anti_homophones
26439,na4man4,7,-6.1153214797719935,2,6.1153214797719935,1,0,2,anti_homophones
26440,jM1zA3,6,-5.935916480042327,2,5.935916480042327,1,0,1,anti_homophones
26441,he2ba1,6,-5.852195808132173,2,5.852195808132173,1,0,1,anti_homophones
26442,gen1gun3,8,-7.163935264328217,2,7.163935264328217,1,0,0,anti_homophones
26443,xW3shI4,7,-5.7933255673747475,2,5.7933255673747475,1,0,4,anti_homophones
26444,A4di3,5,-6.741139904494371,2,6.741139904494371,1,0,0,anti_homophones
26445,mQ2hun4,7,-6.561427481774186,2,6.561427481774186,1,0,1,anti_homophones
26446,ye4hU4,6,-5.085987125148428,2,5.085987125148428,1,1,7,anti_homophones
26447,feng1shi3,9,-5.990639566006003,2,5.990639566006003,1,0,3,anti_homophones
26448,ji4dA4,6,-5.467923960500132,2,5.467923960500132,1,0,10,anti_homophones
26449,xin1lin2,8,-5.773861101819067,2,5.773861101819067,1,0,2,anti_homophones
26450,jL1she4,7,-5.868550434465848,2,5.868550434465848,1,0,4,anti_homophones
26451,men2si1,7,-6.294654774823576,2,6.294654774823576,1,0,1,anti_homophones
26452,sI2bing1,8,-6.187593445152099,2,6.187593445152099,1,0,1,anti_homophones
26453,xLn2chUn2,9,-6.632444013099178,2,6.632444013099178,1,0,2,anti_homophones
26454,zhong1fen3,10,-6.291755707211458,2,6.291755707211458,1,0,1,anti_homophones
26455,fV3jL1,6,-6.396334366626853,2,6.396334366626853,1,0,0,anti_homophones
26456,shA1zV3,7,-7.456988210997727,2,7.456988210997727,1,0,1,anti_homophones
26457,hun2shi2,8,-6.184972569329775,2,6.184972569329775,1,0,2,anti_homophones
26458,jLng1jun1,9,-6.5109203819669785,2,6.5109203819669785,1,0,0,anti_homophones
26459,wu4shQ4,7,-6.756112439460258,2,6.756112439460258,1,0,0,anti_homophones
26460,zhQ1yi4,7,-5.669809838884407,2,5.669809838884407,1,0,4,anti_homophones
26461,shO1he2,7,-5.865180717697515,2,5.865180717697515,1,0,3,anti_homophones
26462,xC4A2,5,-5.1629163818312,2,5.1629163818312,1,0,2,anti_homophones
26463,gI1dong2,8,-5.9809576489286425,2,5.9809576489286425,1,0,2,anti_homophones
26464,fa3lUn4,7,-5.863853621751016,2,5.863853621751016,1,0,2,anti_homophones
26465,shI3zi3,7,-5.657805260831401,2,5.657805260831401,1,0,4,anti_homophones
26466,rong2yang1,10,-7.021534327357925,2,7.021534327357925,1,0,0,anti_homophones
26467,tV1kUng2,8,-6.156745849284212,2,6.156745849284212,1,0,1,anti_homophones
26468,bQ3ji4,6,-5.290924394203482,2,5.290924394203482,1,0,9,anti_homophones
26469,jin3lu4,7,-5.819625170441923,2,5.819625170441923,1,0,5,anti_homophones
26470,feng2wE4,8,-5.650398264086662,2,5.650398264086662,1,0,1,anti_homophones
26471,dong2jK1,8,-6.7976497519100025,2,6.7976497519100025,1,0,1,anti_homophones
26472,xu3di4,6,-6.371591110850461,2,6.371591110850461,1,0,3,anti_homophones
26473,ying1tA4,8,-6.573758451009113,2,6.573758451009113,1,0,3,anti_homophones
26474,bA3xin1,7,-5.942806167977947,2,5.942806167977947,1,0,4,anti_homophones
26475,xW1yong4,8,-6.231777489308815,2,6.231777489308815,1,0,0,anti_homophones
26476,bA3tu3,6,-5.827420633932767,2,5.827420633932767,1,0,3,anti_homophones
26477,shi2xi1,7,-5.701521882990248,2,5.701521882990248,1,0,5,anti_homophones
26478,jLn1cA3,7,-6.4172506286332505,2,6.4172506286332505,1,0,3,anti_homophones
26479,xu1nong4,8,-6.878959463198102,2,6.878959463198102,1,0,2,anti_homophones
26480,jLng4tV2,8,-5.9200730685062295,2,5.9200730685062295,1,0,2,anti_homophones
26481,an4she4,7,-6.123503292884381,2,6.123503292884381,1,0,2,anti_homophones
26482,bQ4lLng4,8,-6.293071913868165,2,6.293071913868165,1,0,3,anti_homophones
26483,ku3lLn4,7,-6.18506156203053,2,6.18506156203053,1,0,2,anti_homophones
26484,qLng4zi3,8,-6.110327533218036,2,6.110327533218036,1,0,4,anti_homophones
26485,yin3ming4,9,-6.282324634430596,2,6.282324634430596,1,0,1,anti_homophones
26486,qing2hO4,8,-5.679403459006266,2,5.679403459006266,1,0,5,anti_homophones
26487,rV4pQ4,6,-6.010891052700383,2,6.010891052700383,1,0,3,anti_homophones
26488,du4shu4,7,-6.730684580281386,2,6.730684580281386,1,0,7,anti_homophones
26489,gUn1kV3,7,-5.518193997106247,2,5.518193997106247,1,1,0,anti_homophones
26490,feng3yUn2,9,-6.050491641309085,2,6.050491641309085,1,0,0,anti_homophones
26491,ji2ji4,6,-5.44553213157435,2,5.44553213157435,1,0,6,anti_homophones
26492,zO4zhang2,9,-5.781830407640718,2,5.781830407640718,1,0,3,anti_homophones
26493,li3zhA4,7,-7.032356951890235,2,7.032356951890235,1,0,1,anti_homophones
26494,san1shi4,8,-5.491759905785323,2,5.491759905785323,1,0,4,anti_homophones
26495,fE1yan3,7,-5.437804641996267,2,5.437804641996267,1,0,3,anti_homophones
26496,hang4ren2,9,-5.756790394482626,2,5.756790394482626,1,0,6,anti_homophones
26497,pQ3xin4,7,-6.651037298899396,2,6.651037298899396,1,0,0,anti_homophones
26498,zha4qi1,7,-6.114981059757681,2,6.114981059757681,1,0,1,anti_homophones
26499,gan1li4,7,-5.303455932056487,2,5.303455932056487,1,0,13,anti_homophones
26500,chang2chUng1,12,-6.589496154279973,2,6.589496154279973,1,0,1,anti_homophones
26501,lQ2shI3,7,-6.064531796847875,2,6.064531796847875,1,0,2,anti_homophones
26502,men2lW4,7,-6.1052795554320625,2,6.1052795554320625,1,0,1,anti_homophones
26503,bu4jing1,8,-5.3360915668861955,2,5.3360915668861955,1,1,9,anti_homophones
26504,sha1zA3,7,-6.519215371852994,2,6.519215371852994,1,0,2,anti_homophones
26505,lLng2se4,8,-5.632492337754373,2,5.632492337754373,1,0,2,anti_homophones
26506,pA2chong4,9,-6.385182041990168,2,6.385182041990168,1,0,2,anti_homophones
26507,mQ4jL4,6,-5.902247533991187,2,5.902247533991187,1,0,1,anti_homophones
26508,ti1tan2,7,-6.202585309684658,2,6.202585309684658,1,0,4,anti_homophones
26509,bLn3xing3,9,-7.085323804623511,2,7.085323804623511,1,0,1,anti_homophones
26510,ji4nv3,6,-5.157484291436912,2,5.157484291436912,1,0,6,anti_homophones
26511,xK1bing2,8,-5.995485991449823,2,5.995485991449823,1,0,3,anti_homophones
26512,yin3han4,8,-6.530612159919743,2,6.530612159919743,1,0,1,anti_homophones
26513,zhong1xLng1,11,-5.88561308756192,2,5.88561308756192,1,0,4,anti_homophones
26514,po4lUn4,7,-7.135142278611852,2,7.135142278611852,1,0,0,anti_homophones
26515,chA1qi1,7,-5.9795517534383995,2,5.9795517534383995,1,0,0,anti_homophones
26516,bE3A4,5,-5.042331766536755,2,5.042331766536755,1,1,1,anti_homophones
26517,ren2hI4,7,-5.382197676104333,2,5.382197676104333,1,0,1,anti_homophones
26518,bQ4fE4,6,-4.985197037283482,2,4.985197037283482,1,0,5,anti_homophones
26519,ling2xi4,8,-6.032176124842564,2,6.032176124842564,1,0,5,anti_homophones
26520,gong2shi4,9,-5.319907910805254,2,5.319907910805254,1,0,5,anti_homophones
26521,deng1kP4,8,-6.501728742332176,2,6.501728742332176,1,0,1,anti_homophones
26522,nLn4cang2,9,-7.529189958568575,2,7.529189958568575,1,0,0,anti_homophones
26523,yV2qu1,6,-5.4757825741255175,2,5.4757825741255175,1,1,2,anti_homophones
26524,ding1qUn2,9,-6.184455952252663,2,6.184455952252663,1,0,2,anti_homophones
26525,chi1yQ4,7,-6.252551599628372,2,6.252551599628372,1,0,3,anti_homophones
26526,tong1xi2,8,-6.034385776754049,2,6.034385776754049,1,0,4,anti_homophones
26527,wu2yang5,8,-6.987235563669334,2,6.987235563669334,1,0,1,anti_homophones
26528,jC2shV4,7,-5.830878977171186,2,5.830878977171186,1,0,4,anti_homophones
26529,fa1xLn2,7,-5.585171159382186,2,5.585171159382186,1,0,3,anti_homophones
26530,yan3dLn3,8,-5.7755751086006795,2,5.7755751086006795,1,0,0,anti_homophones
26531,jM3kP4,6,-5.5355326675833245,2,5.5355326675833245,1,0,0,anti_homophones
26532,shV3fu2,7,-5.567747183648271,2,5.567747183648271,1,0,4,anti_homophones
26533,shO1kV3,7,-5.9077724838833,2,5.9077724838833,1,0,1,anti_homophones
26534,shi2shi4,8,-4.91316238980397,2,4.91316238980397,1,0,8,anti_homophones
26535,gQ1chang3,9,-5.79215221489324,2,5.79215221489324,1,0,0,anti_homophones
26536,sheng1bE1,9,-6.017129465066451,2,6.017129465066451,1,0,3,anti_homophones
26537,bE4yi4,6,-5.317253576634192,2,5.317253576634192,1,0,7,anti_homophones
26538,tI1dI4,6,-5.319142294560895,2,5.319142294560895,1,0,5,anti_homophones
26539,zhO1qLn2,8,-6.349123742032153,2,6.349123742032153,1,0,2,anti_homophones
26540,shi4gI3,7,-5.852555690307497,2,5.852555690307497,1,0,2,anti_homophones
26541,ban1zhe3,8,-5.943449387699134,2,5.943449387699134,1,1,2,anti_homophones
26542,chu3tV2,7,-5.612465028805756,2,5.612465028805756,1,0,2,anti_homophones
26543,chV4fang4,9,-6.87885256493777,2,6.87885256493777,1,0,0,anti_homophones
26544,kQ3sheng4,9,-6.219961156208547,2,6.219961156208547,1,0,6,anti_homophones
26545,san1yUn2,8,-5.561941559174272,2,5.561941559174272,1,1,4,anti_homophones
26546,zun1se4,7,-6.111943549869183,2,6.111943549869183,1,0,1,anti_homophones
26547,zhu4yi1,7,-6.087330981734812,2,6.087330981734812,1,0,5,anti_homophones
26548,he2fa1,6,-6.025124352439789,2,6.025124352439789,1,0,2,anti_homophones
26549,dM2gen1,7,-6.981529829802694,2,6.981529829802694,1,0,0,anti_homophones
26550,gO4mo4,6,-5.686300543766097,2,5.686300543766097,1,0,1,anti_homophones
26551,di3mu3,6,-7.469855933448962,2,7.469855933448962,1,0,0,anti_homophones
26552,dang3gQ4,8,-6.383176623441678,2,6.383176623441678,1,0,1,anti_homophones
26553,fa1shan4,8,-5.665040409667944,2,5.665040409667944,1,0,4,anti_homophones
26554,lLng1ji2,8,-5.791595777658249,2,5.791595777658249,1,1,1,anti_homophones
26555,gA4bo1,6,-6.849854404197771,2,6.849854404197771,1,0,0,anti_homophones
26556,ye3man3,7,-6.139453216326511,2,6.139453216326511,1,0,2,anti_homophones
26557,keng2men2,9,-7.122843042633562,2,7.122843042633562,1,0,0,anti_homophones
26558,chang2hun2,10,-6.815531212706941,2,6.815531212706941,1,0,1,anti_homophones
26559,yan4san1,8,-7.4958396960551905,2,7.4958396960551905,1,0,0,anti_homophones
26560,pu3hV4,6,-6.275475139616312,2,6.275475139616312,1,0,3,anti_homophones
26561,fu4kI1,6,-6.866732880290182,2,6.866732880290182,1,0,0,anti_homophones
26562,shan4qing4,10,-6.191019253071881,2,6.191019253071881,1,0,1,anti_homophones
26563,da3cA3,6,-6.035407278342231,2,6.035407278342231,1,0,3,anti_homophones
26564,hA3zhi3,7,-5.90917251416073,2,5.90917251416073,1,0,2,anti_homophones
26565,zhong4bing4,11,-6.2589671806184475,2,6.2589671806184475,1,0,0,anti_homophones
26566,kV3wen1,7,-6.722470946680025,2,6.722470946680025,1,0,0,anti_homophones
26567,ka3pW4,6,-6.524411489134284,2,6.524411489134284,1,0,2,anti_homophones
26568,ling4jLn3,9,-6.527658038069003,2,6.527658038069003,1,0,0,anti_homophones
26569,lan2meng2,9,-7.178017846835957,2,7.178017846835957,1,0,0,anti_homophones
26570,cun1ju2,7,-6.732374974928137,2,6.732374974928137,1,0,1,anti_homophones
26571,zhO1jLn1,8,-6.7363699537424715,2,6.7363699537424715,1,0,1,anti_homophones
26572,li2mi2,6,-6.79810315161365,2,6.79810315161365,1,0,0,anti_homophones
26573,fang4rV4,8,-6.506799916140232,2,6.506799916140232,1,0,1,anti_homophones
26574,san1che1,8,-5.86196387979321,2,5.86196387979321,1,0,0,anti_homophones
26575,kV3nLn2,7,-6.239706107394963,2,6.239706107394963,1,0,2,anti_homophones
26576,gU1gang3,8,-6.713650049031867,2,6.713650049031867,1,0,0,anti_homophones
26577,shi4si3,7,-5.696773519218284,2,5.696773519218284,1,0,2,anti_homophones
26578,jW1tan4,7,-5.61142797512661,2,5.61142797512661,1,0,2,anti_homophones
26579,nv3zu2,6,-5.4757728058421336,2,5.4757728058421336,1,0,0,anti_homophones
26580,meng1bLn4,9,-6.656845208085348,2,6.656845208085348,1,0,2,anti_homophones
26581,hU1shi2,7,-5.198892310604224,2,5.198892310604224,1,0,3,anti_homophones
26582,ting3zi5,8,-5.931369370461696,2,5.931369370461696,1,0,0,anti_homophones
26583,li4tu2,6,-5.571544964039831,2,5.571544964039831,1,0,5,anti_homophones
26584,ru3shang4,9,-6.503632846490418,2,6.503632846490418,1,0,2,anti_homophones
26585,yi1ling4,8,-5.313918172169386,2,5.313918172169386,1,0,8,anti_homophones
26586,ming2qu3,8,-5.965216943300461,2,5.965216943300461,1,0,4,anti_homophones
26587,shQ1she4,8,-6.153952592024395,2,6.153952592024395,1,0,6,anti_homophones
26588,wu1yu3,6,-5.629366456059584,2,5.629366456059584,1,0,3,anti_homophones
26589,cu1lB4,6,-5.873861801560255,2,5.873861801560255,1,0,4,anti_homophones
26590,kUn3yan2,8,-6.26012520321936,2,6.26012520321936,1,0,0,anti_homophones
26591,da4beng1,8,-6.590729989845737,2,6.590729989845737,1,0,2,anti_homophones
26592,yu2fa3,6,-5.404737098238803,2,5.404737098238803,1,0,6,anti_homophones
26593,beng3kO4,8,-8.181661532784984,2,8.181661532784984,1,0,0,anti_homophones
26594,yu2ren4,7,-5.534851955820947,2,5.534851955820947,1,1,4,anti_homophones
26595,zhUn2zhong3,11,-6.691572030280416,2,6.691572030280416,1,0,1,anti_homophones
26596,yang2mE4,8,-6.259973519287417,2,6.259973519287417,1,0,3,anti_homophones
26597,bu4si5,6,-5.856505335380373,2,5.856505335380373,1,0,2,anti_homophones
26598,shi3chV2,8,-7.034782834307885,2,7.034782834307885,1,0,1,anti_homophones
26599,chu1shi4,8,-4.786087013271624,2,4.786087013271624,1,0,11,anti_homophones
26600,shang1qi4,9,-5.406128001589461,2,5.406128001589461,1,0,5,anti_homophones
26601,ti2mLn4,7,-5.788195557445076,2,5.788195557445076,1,0,2,anti_homophones
26602,zO4ru4,6,-5.976250006820468,2,5.976250006820468,1,0,5,anti_homophones
26603,yin4qM4,7,-7.20987722609158,2,7.20987722609158,1,0,3,anti_homophones
26604,yV3gang2,8,-6.594918530648994,2,6.594918530648994,1,0,3,anti_homophones
26605,hV4shi4,7,-5.0040885611649415,2,5.0040885611649415,1,1,4,anti_homophones
26606,wu2di3,6,-5.679237860176112,2,5.679237860176112,1,0,3,anti_homophones
26607,mE2gUn1,7,-5.464040696503925,2,5.464040696503925,1,0,2,anti_homophones
26608,zheng1ji4,9,-5.377742237762609,2,5.377742237762609,1,0,4,anti_homophones
26609,fan4tV2,7,-5.569662134881631,2,5.569662134881631,1,1,6,anti_homophones
26610,wan2wen2,8,-6.128179145366129,2,6.128179145366129,1,0,2,anti_homophones
26611,jW3qi4,6,-5.32467029699277,2,5.32467029699277,1,0,7,anti_homophones
26612,zhong2hong1,11,-6.522060194812729,2,6.522060194812729,1,0,1,anti_homophones
26613,yan1bE4,7,-6.266446874992664,2,6.266446874992664,1,0,1,anti_homophones
26614,mu4xLng3,8,-6.061634227728219,2,6.061634227728219,1,0,1,anti_homophones
26615,xW1dLn3,7,-6.048746527856635,2,6.048746527856635,1,0,1,anti_homophones
26616,chQ1gUn3,8,-6.23718853935924,2,6.23718853935924,1,0,3,anti_homophones
26617,yan2li4,7,-5.060239069896829,2,5.060239069896829,1,1,8,anti_homophones
26618,chu2chen3,9,-6.893983057078641,2,6.893983057078641,1,0,0,anti_homophones
26619,jLng4zong4,10,-7.269934027667318,2,7.269934027667318,1,0,0,anti_homophones
26620,hQ3hA4,6,-6.265510586160385,2,6.265510586160385,1,0,4,anti_homophones
26621,shV1ju2,7,-6.064667257558179,2,6.064667257558179,1,0,2,anti_homophones
26622,ku3dong1,8,-6.231738539946495,2,6.231738539946495,1,0,3,anti_homophones
26623,yi4yu2,6,-5.189262919468904,2,5.189262919468904,1,0,7,anti_homophones
26624,yi1lu4,6,-4.806974039824098,2,4.806974039824098,1,0,24,anti_homophones
26625,hu1jM2,6,-6.254879133995098,2,6.254879133995098,1,0,3,anti_homophones
26626,tu3qi1,6,-5.650415971078812,2,5.650415971078812,1,0,2,anti_homophones
26627,sheng4xLng4,11,-5.867146090092341,2,5.867146090092341,1,0,1,anti_homophones
26628,bA3zhi4,7,-5.411583995013304,2,5.411583995013304,1,0,7,anti_homophones
26629,shen1xLn1,9,-6.066089303356015,2,6.066089303356015,1,0,4,anti_homophones
26630,jK4jin1,7,-5.564091396359107,2,5.564091396359107,1,0,6,anti_homophones
26631,chi4qing3,9,-7.432460657734643,2,7.432460657734643,1,0,0,anti_homophones
26632,lM4wu4,6,-5.658209823660336,2,5.658209823660336,1,0,3,anti_homophones
26633,shU1dLn4,8,-6.671092277870407,2,6.671092277870407,1,0,2,anti_homophones
26634,jW1ba4,6,-6.461611285887101,2,6.461611285887101,1,0,1,anti_homophones
26635,chV2mi3,7,-6.594964596648143,2,6.594964596648143,1,0,3,anti_homophones
26636,kA1cA3,6,-5.7354152573998105,2,5.7354152573998105,1,0,0,anti_homophones
26637,sO1xLn4,7,-6.1918014838063025,2,6.1918014838063025,1,0,1,anti_homophones
26638,dV4men2,7,-5.866314024886022,2,5.866314024886022,1,0,3,anti_homophones
26639,lQ3fE4,6,-5.39803718893878,2,5.39803718893878,1,0,5,anti_homophones
26640,shu1qi4,7,-5.204244280656985,2,5.204244280656985,1,0,3,anti_homophones
26641,jing2hI4,8,-5.798105144209982,2,5.798105144209982,1,0,4,anti_homophones
26642,bLn4ji2,7,-5.552202609901921,2,5.552202609901921,1,0,4,anti_homophones
26643,zhQ1hUn3,8,-7.05945887611518,2,7.05945887611518,1,0,1,anti_homophones
26644,pu1ji5,6,-7.459158290083751,2,7.459158290083751,1,0,1,anti_homophones
26645,jL1qLng4,8,-5.986901398859734,2,5.986901398859734,1,0,1,anti_homophones
26646,shang2gI1,9,-5.853690118735038,2,5.853690118735038,1,0,1,anti_homophones
26647,zO2lW2,6,-6.714943385614292,2,6.714943385614292,1,0,1,anti_homophones
26648,xi1ya1,6,-5.6909357525821544,2,5.6909357525821544,1,0,8,anti_homophones
26649,fen2ri4,7,-7.338652743173139,2,7.338652743173139,1,0,0,anti_homophones
26650,yu4zhong4,9,-5.849426607421668,2,5.849426607421668,1,0,2,anti_homophones
26651,yu2pin4,7,-7.482190335957415,2,7.482190335957415,1,0,1,anti_homophones
26652,lun4hI4,7,-5.87894253627462,2,5.87894253627462,1,0,2,anti_homophones
26653,cI1tQ4,6,-6.481523452084292,2,6.481523452084292,1,0,0,anti_homophones
26654,zhong4shQ4,10,-6.7626774031463714,2,6.7626774031463714,1,0,1,anti_homophones
26655,dQ3ku3,6,-6.731067937536776,2,6.731067937536776,1,0,1,anti_homophones
26656,bu3gong1,8,-6.680994301583026,2,6.680994301583026,1,0,8,anti_homophones
26657,yong2gUn3,9,-6.314959321943016,2,6.314959321943016,1,0,5,anti_homophones
26658,hI2nU2,6,-7.355547776264595,2,7.355547776264595,1,0,0,anti_homophones
26659,pM1kA1,6,-5.550446489826296,2,5.550446489826296,1,0,0,anti_homophones
26660,yi1keng2,8,-6.739362866910689,2,6.739362866910689,1,0,1,anti_homophones
26661,ru4cha2,7,-6.280902132072879,2,6.280902132072879,1,0,3,anti_homophones
26662,si3ba5,6,-6.212213983526022,2,6.212213983526022,1,0,0,anti_homophones
26663,bQ4shi4,7,-5.098830495030724,2,5.098830495030724,1,1,10,anti_homophones
26664,jL1ji2,6,-5.1860552941071845,2,5.1860552941071845,1,0,6,anti_homophones
26665,tan1tong4,9,-6.848247239319855,2,6.848247239319855,1,0,1,anti_homophones
26666,bQ4cheng4,9,-6.456158689289443,2,6.456158689289443,1,0,2,anti_homophones
26667,xLng4dQ4,8,-5.621025726326184,2,5.621025726326184,1,0,3,anti_homophones
26668,pin3di4,7,-5.893506466057262,2,5.893506466057262,1,0,5,anti_homophones
26669,wang2nu4,8,-6.868860374229083,2,6.868860374229083,1,0,1,anti_homophones
26670,shi4dong1,9,-5.6451931095935795,2,5.6451931095935795,1,0,2,anti_homophones
26671,ting1qi1,8,-6.190086206946021,2,6.190086206946021,1,0,3,anti_homophones
26672,bu4xi1,6,-5.306410134501628,2,5.306410134501628,1,0,9,anti_homophones
26673,dLn4yang4,9,-6.04594401711604,2,6.04594401711604,1,0,3,anti_homophones
26674,lan2mi4,7,-6.552409312146864,2,6.552409312146864,1,0,3,anti_homophones
26675,jLng1zhA4,9,-6.9750106791153925,2,6.9750106791153925,1,0,0,anti_homophones
26676,shV1bQ4,7,-5.802268096603391,2,5.802268096603391,1,0,2,anti_homophones
26677,xun2yang2,9,-6.487404170945321,2,6.487404170945321,1,0,0,anti_homophones
26678,te4qing4,8,-6.035568426953199,2,6.035568426953199,1,0,2,anti_homophones
26679,cheng1shen2,11,-6.162736318192835,2,6.162736318192835,1,0,3,anti_homophones
26680,gong1hu4,8,-6.0420319906269055,2,6.0420319906269055,1,0,6,anti_homophones
26681,rV4shUng4,9,-7.641635036601336,2,7.641635036601336,1,0,2,anti_homophones
26682,man3shi3,8,-6.176421589354078,2,6.176421589354078,1,0,1,anti_homophones
26683,qLn2ji4,7,-5.345418366182763,2,5.345418366182763,1,0,6,anti_homophones
26684,nLn4qi4,7,-5.926807445386534,2,5.926807445386534,1,0,5,anti_homophones
26685,zA4zV3,6,-6.07912375427475,2,6.07912375427475,1,0,1,anti_homophones
26686,shV3chen2,9,-5.877746385775754,2,5.877746385775754,1,0,1,anti_homophones
26687,peng1xi4,8,-6.523930829450622,2,6.523930829450622,1,0,3,anti_homophones
26688,zheng1chen1,11,-6.234284743572235,2,6.234284743572235,1,0,3,anti_homophones
26689,yV1xLng4,8,-5.3461278402959636,2,5.3461278402959636,1,0,3,anti_homophones
26690,gong4shi4,9,-5.229710363660319,2,5.229710363660319,1,0,5,anti_homophones
26691,yan3bu4,7,-5.692162456501147,2,5.692162456501147,1,0,8,anti_homophones
26692,mo2bi4,6,-6.466020731165951,2,6.466020731165951,1,0,2,anti_homophones
26693,san3xu4,7,-6.958307139527626,2,6.958307139527626,1,0,2,anti_homophones
26694,lLn4bo1,7,-6.714765264040962,2,6.714765264040962,1,0,2,anti_homophones
26695,chan3yi4,8,-5.7863872257012465,2,5.7863872257012465,1,0,6,anti_homophones
26696,mo2fang2,8,-5.795127781079002,2,5.795127781079002,1,1,0,anti_homophones
26697,yi3hu1,6,-6.614335920737508,2,6.614335920737508,1,0,0,anti_homophones
26698,rV4man3,7,-6.60117079650576,2,6.60117079650576,1,0,3,anti_homophones
26699,zi4feng1,8,-5.38110565107336,2,5.38110565107336,1,0,2,anti_homophones
26700,jW4xLn4,7,-5.69294980916418,2,5.69294980916418,1,0,3,anti_homophones
26701,dan4meng4,9,-6.893762077888156,2,6.893762077888156,1,0,0,anti_homophones
26702,da3yi4,6,-4.823391404587626,2,4.823391404587626,1,1,9,anti_homophones
26703,hO4yi4,6,-5.456137677713577,2,5.456137677713577,1,1,9,anti_homophones
26704,chUn3zi4,8,-7.091136135748285,2,7.091136135748285,1,0,2,anti_homophones
26705,sheng1zhang4,12,-5.770610344889031,2,5.770610344889031,1,0,3,anti_homophones
26706,tW3xin1,7,-6.0700546506011515,2,6.0700546506011515,1,0,2,anti_homophones
26707,yong3kan4,9,-7.870447496522597,2,7.870447496522597,1,0,0,anti_homophones
26708,do1ju4,6,-8.183338140147141,2,8.183338140147141,1,0,2,anti_homophones
26709,gang3ban3,9,-6.9975335838605375,2,6.9975335838605375,1,0,0,anti_homophones
26710,lA2jing2,8,-6.415361458857264,2,6.415361458857264,1,0,0,anti_homophones
26711,ce4wE3,6,-6.93662747946641,2,6.93662747946641,1,0,1,anti_homophones
26712,yu2du2,6,-5.719269042493332,2,5.719269042493332,1,0,4,anti_homophones
26713,za2che1,7,-6.326788572611324,2,6.326788572611324,1,0,0,anti_homophones
26714,man4li3,7,-6.098084539799316,2,6.098084539799316,1,0,1,anti_homophones
26715,er4yang3,8,-5.819129694783306,2,5.819129694783306,1,0,2,anti_homophones
26716,kV3ying3,8,-7.002398066544375,2,7.002398066544375,1,0,1,anti_homophones
26717,chan2zhang1,11,-7.3685092172884294,2,7.3685092172884294,1,0,0,anti_homophones
26718,gu4song2,8,-6.952054727470989,2,6.952054727470989,1,0,0,anti_homophones
26719,gong3shI3,9,-6.2007262995400945,2,6.2007262995400945,1,1,2,anti_homophones
26720,han2tong3,9,-7.61522461298008,2,7.61522461298008,1,0,0,anti_homophones
26721,dI4fen4,7,-6.686582657873579,2,6.686582657873579,1,0,2,anti_homophones
26722,nA4hQ2,6,-6.923324898651468,2,6.923324898651468,1,0,1,anti_homophones
26723,yong4lLng4,10,-6.531090244852838,2,6.531090244852838,1,0,1,anti_homophones
26724,qi3feng1,8,-6.2298625919294155,2,6.2298625919294155,1,0,2,anti_homophones
26725,sQ2hU1,6,-7.985873882795539,2,7.985873882795539,1,0,0,anti_homophones
26726,ji1dan1,7,-5.868219877774702,2,5.868219877774702,1,0,1,anti_homophones
26727,mu4bE1,6,-5.864196468466277,2,5.864196468466277,1,0,2,anti_homophones
26728,A2deng4,7,-6.441887657641776,2,6.441887657641776,1,0,0,anti_homophones
26729,gQ1fan2,7,-6.210263123518024,2,6.210263123518024,1,0,3,anti_homophones
26730,lin2peng2,9,-6.989080224844009,2,6.989080224844009,1,0,0,anti_homophones
26731,qu3sheng4,9,-6.464075333220529,2,6.464075333220529,1,0,1,anti_homophones
26732,zhi4nLn2,8,-5.476845730910978,2,5.476845730910978,1,0,2,anti_homophones
26733,jing1chUng1,11,-6.344313391078716,2,6.344313391078716,1,0,0,anti_homophones
26734,da3ka3,6,-5.783547945272618,2,5.783547945272618,1,0,1,anti_homophones
26735,lE4lE4,6,-6.469218135387175,2,6.469218135387175,1,0,2,anti_homophones
26736,zi4zhu4,7,-5.092539266812175,2,5.092539266812175,1,0,7,anti_homophones
26737,cA3shen2,8,-6.2373652929969845,2,6.2373652929969845,1,0,1,anti_homophones
26738,bQ3shi1,7,-5.561141514059187,2,5.561141514059187,1,0,4,anti_homophones
26739,sI2bQ4,6,-5.547933810096369,2,5.547933810096369,1,1,1,anti_homophones
26740,kQ4shun4,8,-7.418217534253207,2,7.418217534253207,1,0,0,anti_homophones
26741,hI1ying2,8,-6.247388571143793,2,6.247388571143793,1,0,1,anti_homophones
26742,yong2chu4,9,-6.748979159792614,2,6.748979159792614,1,0,1,anti_homophones
26743,nan2yan1,8,-6.544701988500518,2,6.544701988500518,1,0,0,anti_homophones
26744,cong1deng2,10,-6.929380591104799,2,6.929380591104799,1,0,1,anti_homophones
26745,fa3jin1,7,-6.614460597583937,2,6.614460597583937,1,0,2,anti_homophones
26746,ma3zhQ4,7,-6.367082111784453,2,6.367082111784453,1,0,1,anti_homophones
26747,cheng3yC4,9,-6.668755921032956,2,6.668755921032956,1,0,0,anti_homophones
26748,can4shen1,9,-7.366704313605735,2,7.366704313605735,1,0,1,anti_homophones
26749,ren4zhong4,10,-6.327784836701348,2,6.327784836701348,1,0,2,anti_homophones
26750,bQ3sA4,6,-7.064311256511873,2,7.064311256511873,1,0,3,anti_homophones
26751,jun1dV3,7,-6.506112792022247,2,6.506112792022247,1,0,1,anti_homophones
26752,rong4mA4,8,-6.47211319355713,2,6.47211319355713,1,0,3,anti_homophones
26753,zhUn4yi1,8,-6.681133580434324,2,6.681133580434324,1,0,0,anti_homophones
26754,zhV3shu4,8,-7.078050491899683,2,7.078050491899683,1,0,1,anti_homophones
26755,ru3ming4,8,-6.196716851537273,2,6.196716851537273,1,0,0,anti_homophones
26756,fang1he2,8,-6.031611868483539,2,6.031611868483539,1,0,2,anti_homophones
26757,zhu3feng3,9,-6.438988041626231,2,6.438988041626231,1,0,1,anti_homophones
26758,xLn4yi4,7,-5.347372694171803,2,5.347372694171803,1,0,4,anti_homophones
26759,qLn1tW2,7,-6.2747463828718395,2,6.2747463828718395,1,0,1,anti_homophones
26760,ran2shi1,8,-6.268232983501546,2,6.268232983501546,1,0,0,anti_homophones
26761,qLng1shi4,9,-5.595133077092339,2,5.595133077092339,1,0,2,anti_homophones
26762,lan2nong2,9,-7.011417467919083,2,7.011417467919083,1,0,0,anti_homophones
26763,hUng1yi1,8,-6.0067998249823,2,6.0067998249823,1,0,2,anti_homophones
26764,zO4di4,6,-5.500402696743154,2,5.500402696743154,1,0,4,anti_homophones
26765,li2xi1,6,-6.087954271579691,2,6.087954271579691,1,0,2,anti_homophones
26766,zO4lUn4,7,-5.490681895698492,2,5.490681895698492,1,0,2,anti_homophones
26767,xLn1yUn3,8,-6.687781839854914,2,6.687781839854914,1,0,0,anti_homophones
26768,hUng1bing4,10,-6.255064978159476,2,6.255064978159476,1,0,0,anti_homophones
26769,jLn4meng1,9,-6.410103630228717,2,6.410103630228717,1,0,0,anti_homophones
26770,a1tV5,5,-6.160400752631578,2,6.160400752631578,1,0,1,anti_homophones
26771,xC2jM2,6,-5.51690291255111,2,5.51690291255111,1,0,2,anti_homophones
26772,yi1zhi1,7,-5.017758873127249,2,5.017758873127249,1,1,6,anti_homophones
26773,mLn4di4,7,-5.801974051217629,2,5.801974051217629,1,0,4,anti_homophones
26774,yV2ci2,6,-5.986164342324131,2,5.986164342324131,1,0,0,anti_homophones
26775,wen2li4,7,-5.381894094055898,2,5.381894094055898,1,0,5,anti_homophones
26776,tong3dang3,10,-7.135891995829225,2,7.135891995829225,1,0,1,anti_homophones
26777,xL4jL5,6,-6.969172035444803,2,6.969172035444803,1,0,0,anti_homophones
26778,wu3chi1,7,-6.169898189304668,2,6.169898189304668,1,0,3,anti_homophones
26779,xin1dLn3,8,-5.884090979468591,2,5.884090979468591,1,0,1,anti_homophones
26780,heng1mW4,8,-7.365753633679353,2,7.365753633679353,1,0,0,anti_homophones
26781,gO4yV3,6,-5.767297923387974,2,5.767297923387974,1,0,1,anti_homophones
26782,zhi2deng2,9,-6.664240327397524,2,6.664240327397524,1,0,1,anti_homophones
26783,feng3pen2,9,-7.276593114986804,2,7.276593114986804,1,0,0,anti_homophones
26784,gO2jM4,6,-5.360567542341384,2,5.360567542341384,1,0,2,anti_homophones
26785,za2qC4,6,-6.294997370299457,2,6.294997370299457,1,0,0,anti_homophones
26786,zhu3bi3,7,-6.162931146547264,2,6.162931146547264,1,0,2,anti_homophones
26787,fan1zheng1,10,-6.437262179541962,2,6.437262179541962,1,0,0,anti_homophones
26788,chu1wa2,7,-7.32496803662265,2,7.32496803662265,1,0,1,anti_homophones
26789,bA2fu1,6,-5.756454078611435,2,5.756454078611435,1,0,2,anti_homophones
26790,zUn4lM4,7,-7.070606706746302,2,7.070606706746302,1,0,2,anti_homophones
26791,hu4peng4,8,-7.937493386956492,2,7.937493386956492,1,0,0,anti_homophones
26792,gI4kA1,6,-6.900764313661668,2,6.900764313661668,1,0,0,anti_homophones
26793,lv3zhan3,8,-7.318880150089478,2,7.318880150089478,1,0,0,anti_homophones
26794,hV4fa1,6,-6.0351059851737405,2,6.0351059851737405,1,0,1,anti_homophones
26795,shi4ran2,8,-5.107931759314374,2,5.107931759314374,1,0,2,anti_homophones
26796,qK1hV4,6,-5.943948414683556,2,5.943948414683556,1,0,2,anti_homophones
26797,min2yi3,7,-6.315785913805637,2,6.315785913805637,1,0,3,anti_homophones
26798,bQ4yi4,6,-5.089874569068781,2,5.089874569068781,1,0,9,anti_homophones
26799,gu4zhi1,7,-5.694334205106944,2,5.694334205106944,1,0,2,anti_homophones
26800,zV3ren2,7,-5.654382478413713,2,5.654382478413713,1,0,4,anti_homophones
26801,zong1li3,8,-6.089282030002116,2,6.089282030002116,1,0,1,anti_homophones
26802,hu2du4,6,-5.303449836975385,2,5.303449836975385,1,0,2,anti_homophones
26803,xW3mo2,6,-5.156171829467803,2,5.156171829467803,1,1,2,anti_homophones
26804,ju4zheng2,9,-5.939246468550327,2,5.939246468550327,1,0,2,anti_homophones
26805,feng1wang2,10,-6.289284212281243,2,6.289284212281243,1,0,4,anti_homophones
26806,chV1jW4,7,-7.002322830869952,2,7.002322830869952,1,0,1,anti_homophones
26807,qUn1zi5,7,-5.786625164180242,2,5.786625164180242,1,1,5,anti_homophones
26808,na1de5,6,-8.8712536824542,2,8.8712536824542,1,0,0,anti_homophones
26809,mo4nLn2,7,-5.655647940391737,2,5.655647940391737,1,0,2,anti_homophones
26810,ji4hI2,6,-6.406409426700508,2,6.406409426700508,1,0,2,anti_homophones
26811,fa1ju4,6,-5.715137867640054,2,5.715137867640054,1,0,4,anti_homophones
26812,sheng2cun1,10,-6.766840833428848,2,6.766840833428848,1,0,0,anti_homophones
26813,bu4nu4,6,-5.916335878666309,2,5.916335878666309,1,1,5,anti_homophones
26814,yan2nA4,7,-7.864015610400918,2,7.864015610400918,1,0,3,anti_homophones
26815,fE2sO3,6,-5.965875178011001,2,5.965875178011001,1,0,1,anti_homophones
26816,tQ2jing1,8,-6.672325372236833,2,6.672325372236833,1,0,1,anti_homophones
26817,bA2fen3,7,-5.8091058304446275,2,5.8091058304446275,1,0,0,anti_homophones
26818,zhong4shang4,12,-6.406364445227019,2,6.406364445227019,1,0,0,anti_homophones
26819,xLng2ning4,10,-7.802692720292693,2,7.802692720292693,1,0,0,anti_homophones
26820,ban1yu4,7,-5.902836604133377,2,5.902836604133377,1,0,4,anti_homophones
26821,shan2hUn3,9,-7.230011206448195,2,7.230011206448195,1,0,1,anti_homophones
26822,xW3mA4,6,-5.160958174252862,2,5.160958174252862,1,1,4,anti_homophones
26823,kA1gan3,7,-5.907019490315778,2,5.907019490315778,1,0,0,anti_homophones
26824,bing2er5,8,-6.069224265243679,2,6.069224265243679,1,0,2,anti_homophones
26825,hI2tV2,6,-4.646178385106891,2,4.646178385106891,1,1,6,anti_homophones
26826,li4xC2,6,-5.354153659906452,2,5.354153659906452,1,0,5,anti_homophones
26827,hP4si5,6,-6.990154449740615,2,6.990154449740615,1,0,0,anti_homophones
26828,kUng2hUng2,10,-7.452832732460648,2,7.452832732460648,1,0,0,anti_homophones
26829,shu4zhe3,8,-5.493015526522638,2,5.493015526522638,1,0,5,anti_homophones
26830,cha1meng1,9,-6.707626597947117,2,6.707626597947117,1,0,0,anti_homophones
26831,bin1ying4,9,-6.79007746376376,2,6.79007746376376,1,0,0,anti_homophones
26832,shen1peng1,10,-6.42198612129849,2,6.42198612129849,1,0,1,anti_homophones
26833,de2cha2,7,-6.387474213720085,2,6.387474213720085,1,0,0,anti_homophones
26834,zhu4mLn4,8,-5.860428632680191,2,5.860428632680191,1,0,2,anti_homophones
26835,chang3gI3,9,-6.663305176031877,2,6.663305176031877,1,0,0,anti_homophones
26836,wE1wE3,6,-5.841542931547747,2,5.841542931547747,1,0,1,anti_homophones
26837,mi3ji1,6,-6.150673479405319,2,6.150673479405319,1,0,4,anti_homophones
26838,ba3chi3,7,-6.637823807197009,2,6.637823807197009,1,0,2,anti_homophones
26839,zhUng2zheng1,12,-6.48335718466091,2,6.48335718466091,1,0,0,anti_homophones
26840,fang1nan2,9,-6.4198764640191115,2,6.4198764640191115,1,0,2,anti_homophones
26841,xun2tong1,9,-6.35760899764849,2,6.35760899764849,1,0,1,anti_homophones
26842,gQ1zA4,6,-5.790110643903633,2,5.790110643903633,1,0,3,anti_homophones
26843,xL1ce4,6,-6.249905787354272,2,6.249905787354272,1,0,1,anti_homophones
26844,san4qi1,7,-6.197336928709062,2,6.197336928709062,1,0,2,anti_homophones
26845,nLng2tA1,8,-7.775118658655323,2,7.775118658655323,1,0,0,anti_homophones
26846,xL1che1,7,-6.070266311986564,2,6.070266311986564,1,0,3,anti_homophones
26847,shi1su4,7,-5.760683884701301,2,5.760683884701301,1,1,4,anti_homophones
26848,re4lK2,6,-5.474922019974439,2,5.474922019974439,1,0,2,anti_homophones
26849,wA4wu3,6,-5.735523401419292,2,5.735523401419292,1,0,4,anti_homophones
26850,kV1xC2,6,-7.995020406221139,2,7.995020406221139,1,0,3,anti_homophones
26851,long1dI1,8,-7.534502791596194,2,7.534502791596194,1,0,0,anti_homophones
26852,chen1er3,8,-6.672765008566462,2,6.672765008566462,1,0,2,anti_homophones
26853,qK2xi1,6,-6.261521804267614,2,6.261521804267614,1,0,2,anti_homophones
26854,lO4zhong4,9,-6.8370235850071115,2,6.8370235850071115,1,0,0,anti_homophones
26855,bing4shang4,11,-6.601271145987506,2,6.601271145987506,1,0,1,anti_homophones
26856,pA1qu1,6,-5.9403208322772825,2,5.9403208322772825,1,0,2,anti_homophones
26857,dang2pLn4,9,-6.458233265053167,2,6.458233265053167,1,0,2,anti_homophones
26858,lQ2shi1,7,-6.205121340023872,2,6.205121340023872,1,0,5,anti_homophones
26859,ding2lu4,8,-6.125797488246059,2,6.125797488246059,1,0,3,anti_homophones
26860,tQ2rong4,8,-5.877826651954541,2,5.877826651954541,1,0,0,anti_homophones
26861,chQ1jL4,7,-5.622426877265645,2,5.622426877265645,1,0,4,anti_homophones
26862,bo1qing1,8,-6.2620880675474755,2,6.2620880675474755,1,0,0,anti_homophones
26863,ze2ming4,8,-6.598789715589308,2,6.598789715589308,1,0,2,anti_homophones
26864,bA3han4,7,-6.052204756059288,2,6.052204756059288,1,0,3,anti_homophones
26865,yong3ru4,8,-6.771811580548173,2,6.771811580548173,1,0,2,anti_homophones
26866,mE3zhu3,7,-6.140685772135563,2,6.140685772135563,1,1,3,anti_homophones
26867,wE3qLng1,8,-6.529773655648819,2,6.529773655648819,1,0,0,anti_homophones
26868,tM3man3,7,-5.819869017493744,2,5.819869017493744,1,0,1,anti_homophones
26869,fu4zhi5,7,-7.057560927553017,2,7.057560927553017,1,0,4,anti_homophones
26870,shang4xing2,11,-5.835705842470688,2,5.835705842470688,1,0,4,anti_homophones
26871,tong4pA4,8,-5.8163423653272455,2,5.8163423653272455,1,0,4,anti_homophones
26872,geng4shi2,9,-6.729740989277667,2,6.729740989277667,1,0,0,anti_homophones
26873,shi4yUn2,8,-4.800894482490102,2,4.800894482490102,1,1,8,anti_homophones
26874,fan2hO3,7,-6.530684580164025,2,6.530684580164025,1,0,0,anti_homophones
26875,tong4jK3,8,-6.61047945413573,2,6.61047945413573,1,0,0,anti_homophones
26876,mo4yu3,6,-6.271568157719852,2,6.271568157719852,1,0,4,anti_homophones
26877,shi2di3,7,-6.150796764402447,2,6.150796764402447,1,0,3,anti_homophones
26878,shu1gUng3,9,-7.09748658331678,2,7.09748658331678,1,0,0,anti_homophones
26879,hV4ti3,6,-5.638645895690413,2,5.638645895690413,1,0,4,anti_homophones
26880,tLn2ren2,8,-5.5147031810375555,2,5.5147031810375555,1,0,7,anti_homophones
26881,zhV1lu4,7,-5.9486288996993135,2,5.9486288996993135,1,0,1,anti_homophones
26882,xYng1jun1,9,-6.488337365227452,2,6.488337365227452,1,0,0,anti_homophones
26883,tO1shu3,7,-6.276944648166064,2,6.276944648166064,1,0,1,anti_homophones
26884,sheng1nW3,9,-5.996515056602847,2,5.996515056602847,1,0,2,anti_homophones
26885,jUn4mu3,7,-6.87795342183484,2,6.87795342183484,1,0,1,anti_homophones
26886,mLn4zhen3,9,-6.694210815994828,2,6.694210815994828,1,0,2,anti_homophones
26887,hO2shu4,7,-5.93470366454148,2,5.93470366454148,1,0,2,anti_homophones
26888,mLn4fen1,8,-6.4121582199152085,2,6.4121582199152085,1,0,1,anti_homophones
26889,ce4yUn2,7,-5.76898541801373,2,5.76898541801373,1,0,4,anti_homophones
26890,zong3chi3,9,-7.304461872950695,2,7.304461872950695,1,0,0,anti_homophones
26891,rUn3li4,7,-5.701992555031227,2,5.701992555031227,1,0,4,anti_homophones
26892,yi3chi1,7,-6.391763313349967,2,6.391763313349967,1,0,2,anti_homophones
26893,zhu3gQ3,7,-6.094207482026993,2,6.094207482026993,1,0,1,anti_homophones
26894,nong1wu1,8,-6.701473688962092,2,6.701473688962092,1,0,1,anti_homophones
26895,zhu1yang2,9,-6.571798348904728,2,6.571798348904728,1,0,0,anti_homophones
26896,po4chang4,9,-6.1805395876539,2,6.1805395876539,1,0,0,anti_homophones
26897,shI4wA4,7,-6.783914377890681,2,6.783914377890681,1,0,1,anti_homophones
26898,er4yin4,7,-6.5502260360724796,2,6.5502260360724796,1,0,2,anti_homophones
26899,leng2tan4,9,-6.933846450404873,2,6.933846450404873,1,0,1,anti_homophones
26900,zhi4bQ4,7,-5.49777660669858,2,5.49777660669858,1,0,5,anti_homophones
26901,hA3an4,6,-5.1707708709826505,2,5.1707708709826505,1,0,1,anti_homophones
26902,wan3gO2,7,-6.757520820207668,2,6.757520820207668,1,0,1,anti_homophones
26903,chang2zi3,9,-6.100019670317392,2,6.100019670317392,1,0,0,anti_homophones
26904,qLng1shV4,9,-6.414384393437106,2,6.414384393437106,1,0,1,anti_homophones
26905,ge1bE5,6,-6.99430590190993,2,6.99430590190993,1,0,1,anti_homophones
26906,zhUn3feng1,10,-6.878675019669548,2,6.878675019669548,1,0,0,anti_homophones
26907,qi2ta3,6,-6.159100351461641,2,6.159100351461641,1,0,2,anti_homophones
26908,zheng2xing2,11,-5.813135264277893,2,5.813135264277893,1,0,4,anti_homophones
26909,an4chan4,8,-6.304281869858404,2,6.304281869858404,1,0,0,anti_homophones
26910,hU1jL3,6,-6.148510110499774,2,6.148510110499774,1,0,3,anti_homophones
26911,ban3yUn1,8,-6.971831342391445,2,6.971831342391445,1,0,2,anti_homophones
26912,da4kA1,6,-5.2044446635543675,2,5.2044446635543675,1,1,1,anti_homophones
26913,mu4zhi3,7,-5.802159516262331,2,5.802159516262331,1,0,4,anti_homophones
26914,san1chang4,10,-6.213129682810626,2,6.213129682810626,1,0,1,anti_homophones
26915,da4shV4,7,-5.4729602492335365,2,5.4729602492335365,1,0,6,anti_homophones
26916,ti2wen4,7,-6.6298071269269165,2,6.6298071269269165,1,0,0,anti_homophones
26917,xu1ce2,6,-8.61657751070037,2,8.61657751070037,1,0,0,anti_homophones
26918,wE3dan4,7,-6.511525400071089,2,6.511525400071089,1,0,1,anti_homophones
26919,bQ3ren4,7,-5.843986323533366,2,5.843986323533366,1,0,4,anti_homophones
26920,hu1hu1,6,-5.510455937575507,2,5.510455937575507,1,1,5,anti_homophones
26921,tO1lM4,6,-5.513797714740989,2,5.513797714740989,1,0,4,anti_homophones
26922,fen4be1,7,-9.143698527761117,2,9.143698527761117,1,0,0,anti_homophones
26923,jM3mE4,6,-5.037605210780322,2,5.037605210780322,1,0,3,anti_homophones
26924,chi1ya1,7,-6.337225713695727,2,6.337225713695727,1,0,2,anti_homophones
26925,ding2gong2,10,-6.459287602404171,2,6.459287602404171,1,0,0,anti_homophones
26926,qing2ban4,9,-5.871340699039179,2,5.871340699039179,1,0,4,anti_homophones
26927,qi1zang1,8,-7.41674835174153,2,7.41674835174153,1,0,0,anti_homophones
26928,hUn1zhe5,8,-6.88188602114928,2,6.88188602114928,1,0,0,anti_homophones
26929,gO4jW3,6,-5.6007298932046705,2,5.6007298932046705,1,0,4,anti_homophones
26930,can3ban3,8,-7.145340754305092,2,7.145340754305092,1,0,0,anti_homophones
26931,yQ4wu4,6,-5.274665967594458,2,5.274665967594458,1,0,9,anti_homophones
26932,gong1jin1,9,-5.7170186602227515,2,5.7170186602227515,1,0,3,anti_homophones
26933,wen2jLn4,8,-5.621677303805036,2,5.621677303805036,1,0,1,anti_homophones
26934,xLn4hI4,7,-5.372096183775309,2,5.372096183775309,1,0,7,anti_homophones
26935,xun4tM3,7,-7.229765853973991,2,7.229765853973991,1,0,1,anti_homophones
26936,li4ju4,6,-5.376667665729277,2,5.376667665729277,1,1,8,anti_homophones
26937,fang3ji4,8,-5.693235614658169,2,5.693235614658169,1,0,4,anti_homophones
26938,gO3yi4,6,-5.999073187897438,2,5.999073187897438,1,0,4,anti_homophones
26939,wu2xLn1,7,-5.692367844960648,2,5.692367844960648,1,0,6,anti_homophones
26940,hUn3kA1,7,-7.110522482786431,2,7.110522482786431,1,0,0,anti_homophones
26941,wu2jW1,6,-5.522611394867818,2,5.522611394867818,1,0,6,anti_homophones
26942,shi4gang3,9,-6.665611784588305,2,6.665611784588305,1,0,0,anti_homophones
26943,lLn2xL4,7,-6.019003127452181,2,6.019003127452181,1,0,1,anti_homophones
26944,leng1gV4,8,-7.048704799561546,2,7.048704799561546,1,0,0,anti_homophones
26945,lUn4qi4,7,-5.629680604800412,2,5.629680604800412,1,0,1,anti_homophones
26946,chu2kUng1,9,-6.660921951347662,2,6.660921951347662,1,0,0,anti_homophones
26947,zV3ji1,6,-5.413865436865497,2,5.413865436865497,1,0,1,anti_homophones
26948,jing4ci2,8,-5.922128033861101,2,5.922128033861101,1,0,2,anti_homophones
26949,wu2nong4,8,-6.224549428862014,2,6.224549428862014,1,0,2,anti_homophones
26950,cQ3xL2,6,-6.946039287663319,2,6.946039287663319,1,0,1,anti_homophones
26951,feng1fang3,10,-6.247297262417855,2,6.247297262417855,1,0,1,anti_homophones
26952,pa1pin1,7,-7.330162581978732,2,7.330162581978732,1,0,0,anti_homophones
26953,tA2zi5,6,-5.4035575413725665,2,5.4035575413725665,1,1,8,anti_homophones
26954,qLng4ke1,8,-7.032576937313471,2,7.032576937313471,1,0,0,anti_homophones
26955,ya4yV2,6,-5.671244574797269,2,5.671244574797269,1,0,4,anti_homophones
26956,mE2ju1,6,-6.050605914035313,2,6.050605914035313,1,0,2,anti_homophones
26957,jW1fE1,6,-5.485504040824469,2,5.485504040824469,1,0,0,anti_homophones
26958,xi4jLn4,7,-5.95154228749059,2,5.95154228749059,1,0,6,anti_homophones
26959,la1cQ3,6,-6.459154279745169,2,6.459154279745169,1,0,0,anti_homophones
26960,xing1xun4,9,-6.3002104690223195,2,6.3002104690223195,1,0,1,anti_homophones
26961,pi1li3,6,-5.42978350731812,2,5.42978350731812,1,0,8,anti_homophones
26962,re4fang4,8,-5.992961021707825,2,5.992961021707825,1,0,2,anti_homophones
26963,jLn4zhang2,10,-5.894025758845781,2,5.894025758845781,1,0,1,anti_homophones
26964,xL2kong4,8,-7.317043488846808,2,7.317043488846808,1,0,1,anti_homophones
26965,zu3dV4,6,-5.881328421521112,2,5.881328421521112,1,0,3,anti_homophones
26966,xW1ran2,7,-5.929384681181367,2,5.929384681181367,1,0,3,anti_homophones
26967,lA2shan3,8,-6.788557657243924,2,6.788557657243924,1,0,0,anti_homophones
26968,chi4lin4,8,-8.26330644572942,2,8.26330644572942,1,0,1,anti_homophones
26969,nv3tong1,8,-6.316711414146421,2,6.316711414146421,1,0,0,anti_homophones
26970,da3shi3,7,-5.841152408969573,2,5.841152408969573,1,0,4,anti_homophones
26971,ren2lLng4,9,-6.084274586283706,2,6.084274586283706,1,0,0,anti_homophones
26972,zhang2xLng4,11,-6.109426191897315,2,6.109426191897315,1,0,0,anti_homophones
26973,ming3tQ3,8,-7.78532709914223,2,7.78532709914223,1,0,0,anti_homophones
26974,di4jing3,8,-6.382621966933561,2,6.382621966933561,1,0,1,anti_homophones
26975,yin1wA4,7,-6.224886626922297,2,6.224886626922297,1,0,4,anti_homophones
26976,tV2tV2,6,-5.50978902676264,2,5.50978902676264,1,0,2,anti_homophones
26977,shV3wE3,7,-5.649286497497258,2,5.649286497497258,1,0,3,anti_homophones
26978,dLn4wang1,9,-6.542686588287561,2,6.542686588287561,1,0,0,anti_homophones
26979,sha1zhe3,8,-5.675817224183497,2,5.675817224183497,1,0,1,anti_homophones
26980,da3yan3,7,-5.400199875830349,2,5.400199875830349,1,0,4,anti_homophones
26981,han4tong1,9,-6.630935597694059,2,6.630935597694059,1,0,2,anti_homophones
26982,e4ji4,5,-5.686316306491541,2,5.686316306491541,1,0,5,anti_homophones
26983,li4jK3,6,-5.799940664465878,2,5.799940664465878,1,0,3,anti_homophones
26984,fa3shang4,9,-6.694803660026984,2,6.694803660026984,1,0,1,anti_homophones
26985,ti2shu3,7,-6.319670618757039,2,6.319670618757039,1,0,0,anti_homophones
26986,zi4ji1,6,-4.927577281289687,2,4.927577281289687,1,0,15,anti_homophones
26987,yV3chang2,9,-6.1745147961205324,2,6.1745147961205324,1,0,1,anti_homophones
26988,po4jM4,6,-5.556410229560632,2,5.556410229560632,1,0,1,anti_homophones
26989,qi2chong4,9,-6.160799489700295,2,6.160799489700295,1,0,1,anti_homophones
26990,ge4yi4,6,-5.2119787906881365,2,5.2119787906881365,1,0,9,anti_homophones
26991,hUn2shV4,8,-6.458994463575638,2,6.458994463575638,1,0,2,anti_homophones
26992,ben3hong1,9,-6.277918682752095,2,6.277918682752095,1,0,1,anti_homophones
26993,xW1di4,6,-5.741451380995123,2,5.741451380995123,1,0,3,anti_homophones
26994,fang1yan3,9,-6.1893668127766865,2,6.1893668127766865,1,0,0,anti_homophones
26995,zong3ling2,10,-7.117388754398844,2,7.117388754398844,1,0,0,anti_homophones
26996,sheng1chan4,11,-5.773003787622542,2,5.773003787622542,1,0,3,anti_homophones
26997,li5qi1,6,-6.714668855377324,2,6.714668855377324,1,0,2,anti_homophones
26998,lO2mLn4,7,-5.906001228596047,2,5.906001228596047,1,0,1,anti_homophones
26999,ti1qi4,6,-5.813502748603058,2,5.813502748603058,1,0,9,anti_homophones
27000,meng3ji2,8,-6.8464639541221155,2,6.8464639541221155,1,1,0,anti_homophones
27001,su4xC4,6,-6.386939739321346,2,6.386939739321346,1,0,3,anti_homophones
27002,shen3xM3,8,-7.093502402913428,2,7.093502402913428,1,0,0,anti_homophones
27003,ping2zhe2,9,-6.877572342325244,2,6.877572342325244,1,0,2,anti_homophones
27004,pi2tV2,6,-5.758527039005813,2,5.758527039005813,1,0,4,anti_homophones
27005,xC4yC1,6,-5.439552981796533,2,5.439552981796533,1,0,2,anti_homophones
27006,dI4ding2,8,-6.104290141493318,2,6.104290141493318,1,0,2,anti_homophones
27007,chu3pin3,8,-6.508506543320728,2,6.508506543320728,1,0,1,anti_homophones
27008,shen2zhan4,10,-6.48031420348396,2,6.48031420348396,1,0,1,anti_homophones
27009,xC3di3,6,-6.141676619675295,2,6.141676619675295,1,0,1,anti_homophones
27010,chu1lO4,7,-5.635989106991188,2,5.635989106991188,1,0,3,anti_homophones
27011,xW3hA3,6,-5.62337948002713,2,5.62337948002713,1,1,3,anti_homophones
27012,du2qi1,6,-5.729591583544702,2,5.729591583544702,1,0,2,anti_homophones
27013,mo2wE4,6,-6.05614165861133,2,6.05614165861133,1,0,1,anti_homophones
27014,zhi4tun2,8,-7.376301272423021,2,7.376301272423021,1,0,2,anti_homophones
27015,mLn4shi1,8,-5.919787381961887,2,5.919787381961887,1,0,3,anti_homophones
27016,shi2zQ4,7,-5.549603127989267,2,5.549603127989267,1,1,2,anti_homophones
27017,xLng1gong1,10,-6.106740951494157,2,6.106740951494157,1,0,1,anti_homophones
27018,zong1jL1,8,-5.978825432164735,2,5.978825432164735,1,0,5,anti_homophones
27019,lO2yun4,7,-6.722752169450664,2,6.722752169450664,1,0,0,anti_homophones
27020,can2hu1,7,-6.632703184373916,2,6.632703184373916,1,0,2,anti_homophones
27021,ya2xing2,8,-6.434715227595709,2,6.434715227595709,1,0,2,anti_homophones
27022,qUn2shI3,8,-5.749681640835867,2,5.749681640835867,1,0,1,anti_homophones
27023,yQ4chang4,9,-6.323641755925474,2,6.323641755925474,1,0,3,anti_homophones
27024,jM3gu3,6,-6.001761919288762,2,6.001761919288762,1,0,4,anti_homophones
27025,da3cV4,6,-7.6027294327476875,2,7.6027294327476875,1,0,1,anti_homophones
27026,er3yun4,7,-5.879436618210571,2,5.879436618210571,1,0,3,anti_homophones
27027,shV4ming4,9,-5.990134479371679,2,5.990134479371679,1,0,5,anti_homophones
27028,zO2wu4,6,-5.728306518243145,2,5.728306518243145,1,0,2,anti_homophones
27029,fa1lE3,6,-5.4554146253903895,2,5.4554146253903895,1,0,3,anti_homophones
27030,chUn1lLng4,10,-6.754663744723019,2,6.754663744723019,1,0,3,anti_homophones
27031,zi3qi4,6,-5.530243463596912,2,5.530243463596912,1,0,5,anti_homophones
27032,mE2shu3,7,-6.163522481327255,2,6.163522481327255,1,0,0,anti_homophones
27033,fa1dLn1,7,-6.240951663658438,2,6.240951663658438,1,0,4,anti_homophones
27034,shV3ju4,7,-5.335016028564664,2,5.335016028564664,1,1,7,anti_homophones
27035,hQ2shi4,7,-5.7723584729340995,2,5.7723584729340995,1,0,8,anti_homophones
27036,cheng2yUn3,10,-6.645415388427855,2,6.645415388427855,1,0,2,anti_homophones
27037,chO1sO3,7,-7.029232267149382,2,7.029232267149382,1,0,1,anti_homophones
27038,hUng3nv3,8,-7.140792438562018,2,7.140792438562018,1,0,0,anti_homophones
27039,sUn1mang2,9,-7.868238872623718,2,7.868238872623718,1,0,0,anti_homophones
27040,chong1kP4,9,-6.469042685140958,2,6.469042685140958,1,0,0,anti_homophones
27041,chan3cA4,8,-6.43856104355519,2,6.43856104355519,1,0,1,anti_homophones
27042,dA4yong1,8,-6.087707424094678,2,6.087707424094678,1,0,0,anti_homophones
27043,dI4gQ1,6,-6.103396516980907,2,6.103396516980907,1,0,1,anti_homophones
27044,pQ1qLn2,7,-6.193929316600407,2,6.193929316600407,1,0,2,anti_homophones
27045,hO3jing4,8,-5.7840325711067715,2,5.7840325711067715,1,0,2,anti_homophones
27046,qLng2shen4,10,-6.82209071947378,2,6.82209071947378,1,0,1,anti_homophones
27047,jing2er5,8,-5.81113496819949,2,5.81113496819949,1,0,1,anti_homophones
27048,tUn2an4,7,-6.597102143148151,2,6.597102143148151,1,0,0,anti_homophones
27049,fu4zhe3,7,-4.986036403375452,2,4.986036403375452,1,1,8,anti_homophones
27050,di1wE3,6,-6.072690022331713,2,6.072690022331713,1,0,0,anti_homophones
27051,xi1che1,7,-5.653283902226971,2,5.653283902226971,1,0,4,anti_homophones
27052,mA2tV2,6,-5.525699259428064,2,5.525699259428064,1,0,6,anti_homophones
27053,su1shi4,7,-6.1142148051237735,2,6.1142148051237735,1,0,5,anti_homophones
27054,jUn4lK2,7,-6.648920920125953,2,6.648920920125953,1,0,0,anti_homophones
27055,si3xLn4,7,-5.672435451955233,2,5.672435451955233,1,0,5,anti_homophones
27056,yin1shu4,8,-5.48513858464265,2,5.48513858464265,1,0,6,anti_homophones
27057,gV1ji3,6,-7.47714813897106,2,7.47714813897106,1,0,0,anti_homophones
27058,xLng2xLn1,9,-6.491188215771546,2,6.491188215771546,1,0,0,anti_homophones
27059,kan3ju4,7,-6.725440716679667,2,6.725440716679667,1,0,1,anti_homophones
27060,shI3fu2,7,-6.151609612349043,2,6.151609612349043,1,0,2,anti_homophones
27061,ren3shang4,10,-7.164133876366916,2,7.164133876366916,1,0,0,anti_homophones
27062,ceng1lv4,8,-6.834380272553371,2,6.834380272553371,1,0,0,anti_homophones
27063,lQ3ren4,7,-5.47987706077896,2,5.47987706077896,1,0,3,anti_homophones
27064,za2lV2,6,-5.810438146459707,2,5.810438146459707,1,0,1,anti_homophones
27065,ju3shan4,8,-6.25687672532045,2,6.25687672532045,1,0,2,anti_homophones
27066,ying2lLng4,10,-6.183806649720041,2,6.183806649720041,1,0,2,anti_homophones
27067,chen1zhen2,10,-6.42569361392395,2,6.42569361392395,1,0,0,anti_homophones
27068,kA1dQ3,6,-5.161027249749628,2,5.161027249749628,1,0,2,anti_homophones
27069,xu4ri4,6,-6.345645934331866,2,6.345645934331866,1,0,7,anti_homophones
27070,he2hU1,6,-5.403666797763853,2,5.403666797763853,1,0,2,anti_homophones
27071,re3neng1,8,-6.08583404588143,2,6.08583404588143,1,0,0,anti_homophones
27072,yi3fa3,6,-5.338980730067628,2,5.338980730067628,1,0,5,anti_homophones
27073,lu4ren2,7,-5.213065417533867,2,5.213065417533867,1,1,10,anti_homophones
27074,xLng3qi2,8,-6.435011792921481,2,6.435011792921481,1,0,1,anti_homophones
27075,wE4yi4,6,-5.326489989151946,2,5.326489989151946,1,0,4,anti_homophones
27076,qM4fen4,7,-6.425640366350066,2,6.425640366350066,1,0,1,anti_homophones
27077,san4yV2,7,-6.377231266933819,2,6.377231266933819,1,0,2,anti_homophones
27078,du2ming1,8,-5.777108201495298,2,5.777108201495298,1,0,2,anti_homophones
27079,ru2ye4,6,-5.535747002774425,2,5.535747002774425,1,0,3,anti_homophones
27080,shi3shi4,8,-5.555287913080605,2,5.555287913080605,1,0,7,anti_homophones
27081,chV2xL4,7,-5.945393865922167,2,5.945393865922167,1,0,3,anti_homophones
27082,chQ2jM3,7,-6.781253959667017,2,6.781253959667017,1,0,0,anti_homophones
27083,shV3lin2,8,-5.863240555571772,2,5.863240555571772,1,0,0,anti_homophones
27084,shang1qi1,9,-5.854219741001134,2,5.854219741001134,1,0,4,anti_homophones
27085,ba3sheng3,9,-6.807462817205771,2,6.807462817205771,1,0,1,anti_homophones
27086,lu2hI4,6,-5.909049117517789,2,5.909049117517789,1,0,3,anti_homophones
27087,cang3sUn1,9,-7.285365732275579,2,7.285365732275579,1,0,0,anti_homophones
27088,zhe1hV4,7,-6.4988210326225495,2,6.4988210326225495,1,0,2,anti_homophones
27089,qin1wen2,8,-5.74183360388666,2,5.74183360388666,1,0,5,anti_homophones
27090,yi2sI1,6,-7.508611301810419,2,7.508611301810419,1,0,0,anti_homophones
27091,hA3gUng4,8,-6.50951441779319,2,6.50951441779319,1,0,1,anti_homophones
27092,chV1sI4,7,-6.498532447503404,2,6.498532447503404,1,0,2,anti_homophones
27093,mi2shO1,7,-6.380452480835324,2,6.380452480835324,1,0,0,anti_homophones
27094,ge1chQ3,7,-7.288431000850035,2,7.288431000850035,1,0,0,anti_homophones
27095,lin2fu4,7,-5.840787036192592,2,5.840787036192592,1,0,1,anti_homophones
27096,lQ3hI1,6,-5.956559905489907,2,5.956559905489907,1,0,3,anti_homophones
27097,dO4xi4,6,-7.020174077174805,2,7.020174077174805,1,0,2,anti_homophones
27098,chu4sO1,7,-6.82547191405784,2,6.82547191405784,1,0,0,anti_homophones
27099,hUn2dQ4,7,-5.725698544949164,2,5.725698544949164,1,0,2,anti_homophones
27100,pE2kUn3,7,-6.100891149369856,2,6.100891149369856,1,0,0,anti_homophones
27101,gu3zhe3,7,-5.570071227268078,2,5.570071227268078,1,0,3,anti_homophones
27102,chUng1xing1,11,-6.170007622316877,2,6.170007622316877,1,0,1,anti_homophones
27103,chang1wu4,9,-5.920409046676962,2,5.920409046676962,1,0,0,anti_homophones
27104,pA2jin4,7,-5.809121499756985,2,5.809121499756985,1,1,2,anti_homophones
27105,hO2di2,6,-6.374804618814712,2,6.374804618814712,1,0,2,anti_homophones
27106,wan4lUn4,8,-6.512173041747003,2,6.512173041747003,1,0,1,anti_homophones
27107,A4qUn1,6,-5.8247458186107615,2,5.8247458186107615,1,1,3,anti_homophones
27108,jM1di4,6,-4.979975344136288,2,4.979975344136288,1,1,9,anti_homophones
27109,la1dLn3,7,-5.494480207169135,2,5.494480207169135,1,0,1,anti_homophones
27110,ding1yi4,8,-5.839542113869993,2,5.839542113869993,1,0,3,anti_homophones
27111,ge4jLn1,7,-6.126485107962203,2,6.126485107962203,1,0,1,anti_homophones
27112,hI2cheng4,9,-5.90228900234525,2,5.90228900234525,1,0,1,anti_homophones
27113,zi4zhe3,7,-4.95506580351501,2,4.95506580351501,1,0,3,anti_homophones
27114,po1mLn4,7,-7.383826402863603,2,7.383826402863603,1,0,0,anti_homophones
27115,wE2sheng1,9,-5.802171702261135,2,5.802171702261135,1,0,2,anti_homophones
27116,jin1jL5,7,-6.325808477176135,2,6.325808477176135,1,0,2,anti_homophones
27117,zQ4zhV4,7,-6.95282670118285,2,6.95282670118285,1,0,1,anti_homophones
27118,an1dong1,8,-6.089673051579329,2,6.089673051579329,1,0,1,anti_homophones
27119,sheng2man3,10,-6.316035313183507,2,6.316035313183507,1,0,0,anti_homophones
27120,zO4fan4,7,-5.928910970886549,2,5.928910970886549,1,0,3,anti_homophones
27121,bing4bi3,8,-6.4867896993528245,2,6.4867896993528245,1,0,2,anti_homophones
27122,sheng1xLn1,10,-5.973225678780739,2,5.973225678780739,1,0,4,anti_homophones
27123,zQ3hU1,6,-6.82839278294176,2,6.82839278294176,1,0,1,anti_homophones
27124,yi3mLn4,7,-5.7761726651180965,2,5.7761726651180965,1,0,6,anti_homophones
27125,yin2kUn3,8,-6.8188550635092415,2,6.8188550635092415,1,0,0,anti_homophones
27126,chUng1hU2,9,-6.835306995229206,2,6.835306995229206,1,0,0,anti_homophones
27127,chu1chang1,10,-5.995764579472972,2,5.995764579472972,1,0,0,anti_homophones
27128,shV1nen4,8,-7.662202562434484,2,7.662202562434484,1,0,1,anti_homophones
27129,shV3nan2,8,-5.590302042467563,2,5.590302042467563,1,0,2,anti_homophones
27130,jW4wE4,6,-5.17740900171672,2,5.17740900171672,1,0,6,anti_homophones
27131,shi2jK4,7,-5.4493289910704075,2,5.4493289910704075,1,0,2,anti_homophones
27132,na4du4,6,-6.064975431729308,2,6.064975431729308,1,0,1,anti_homophones
27133,dO1men4,7,-6.726716920881243,2,6.726716920881243,1,0,0,anti_homophones
27134,pLn2hun2,8,-7.976159002180027,2,7.976159002180027,1,0,0,anti_homophones
27135,dV4yan3,7,-5.889435646959727,2,5.889435646959727,1,0,4,anti_homophones
27136,ming3wE2,8,-6.795455809828908,2,6.795455809828908,1,0,0,anti_homophones
27137,hO2lM4,6,-5.7412783560556955,2,5.7412783560556955,1,0,4,anti_homophones
27138,chang3ti2,9,-6.371572787246756,2,6.371572787246756,1,0,1,anti_homophones
27139,ying2xing2,10,-5.6875941690388805,2,5.6875941690388805,1,0,3,anti_homophones
27140,can1zhe2,8,-6.750156416490981,2,6.750156416490981,1,0,0,anti_homophones
27141,zhe3zhong4,10,-6.629195278822161,2,6.629195278822161,1,0,1,anti_homophones
27142,xun1yV2,7,-6.987033715599668,2,6.987033715599668,1,0,0,anti_homophones
27143,chun4tUn2,9,-7.007929564002808,2,7.007929564002808,1,0,0,anti_homophones
27144,ding1pin3,9,-6.578806087025706,2,6.578806087025706,1,0,0,anti_homophones
27145,chI1bi4,7,-6.328822812898796,2,6.328822812898796,1,0,0,anti_homophones
27146,jK4zhang3,9,-6.000571252777861,2,6.000571252777861,1,0,2,anti_homophones
27147,zi1ji1,6,-5.920255427515472,2,5.920255427515472,1,0,5,anti_homophones
27148,ju4zhe3,7,-5.43405901577829,2,5.43405901577829,1,0,3,anti_homophones
27149,cO4jK4,6,-7.037589574175695,2,7.037589574175695,1,0,0,anti_homophones
27150,gUng1shi4,9,-5.527776090404575,2,5.527776090404575,1,0,2,anti_homophones
27151,zO4bA2,6,-6.351027583420093,2,6.351027583420093,1,0,1,anti_homophones
27152,dW4zhi2,7,-6.031969167236042,2,6.031969167236042,1,0,4,anti_homophones
27153,cong3qK2,8,-6.664044230614134,2,6.664044230614134,1,0,0,anti_homophones
27154,qLng1gan1,9,-6.653077427622431,2,6.653077427622431,1,0,1,anti_homophones
27155,jun1fE4,7,-5.78777128897392,2,5.78777128897392,1,0,1,anti_homophones
27156,ting4li3,8,-6.17074040698834,2,6.17074040698834,1,0,3,anti_homophones
27157,lu4shen4,8,-6.504476150268765,2,6.504476150268765,1,0,0,anti_homophones
27158,bu4jin1,7,-5.125943403716054,2,5.125943403716054,1,1,6,anti_homophones
27159,wu2tun2,7,-6.6201811491704765,2,6.6201811491704765,1,0,2,anti_homophones
27160,deng2qi1,8,-6.389915472012725,2,6.389915472012725,1,0,1,anti_homophones
27161,ye3mang1,8,-6.95482084522426,2,6.95482084522426,1,0,0,anti_homophones
27162,da1lang4,8,-6.340388981891489,2,6.340388981891489,1,0,2,anti_homophones
27163,pA1men5,7,-5.95616439703219,2,5.95616439703219,1,0,1,anti_homophones
27164,yang1yu2,8,-5.932074743746727,2,5.932074743746727,1,0,1,anti_homophones
27165,sha1jing5,9,-8.048581371173743,2,8.048581371173743,1,0,1,anti_homophones
27166,lK2ding4,8,-6.0976491657969305,2,6.0976491657969305,1,0,4,anti_homophones
27167,si3shV4,7,-6.101469711620482,2,6.101469711620482,1,0,3,anti_homophones
27168,gong1shO1,9,-6.429252717120699,2,6.429252717120699,1,0,0,anti_homophones
27169,qLn2man4,8,-6.365521595528804,2,6.365521595528804,1,0,2,anti_homophones
27170,san4jin4,8,-6.457294528517756,2,6.457294528517756,1,0,2,anti_homophones
27171,chang2se4,9,-5.375548371175934,2,5.375548371175934,1,0,1,anti_homophones
27172,wE2shQ4,7,-6.674047828149365,2,6.674047828149365,1,0,1,anti_homophones
27173,yUn2wA4,7,-6.053731790742259,2,6.053731790742259,1,0,3,anti_homophones
27174,gong2ren2,9,-5.1950791498153555,2,5.1950791498153555,1,0,6,anti_homophones
27175,shi4gUn3,8,-5.626166625485292,2,5.626166625485292,1,0,3,anti_homophones
27176,fu2yu2,6,-5.706813601100484,2,5.706813601100484,1,1,3,anti_homophones
27177,yUn4jin1,8,-6.313138118902408,2,6.313138118902408,1,0,1,anti_homophones
27178,ru2fen1,7,-6.254761322575983,2,6.254761322575983,1,0,1,anti_homophones
27179,yV1shV3,7,-5.46853205262045,2,5.46853205262045,1,0,2,anti_homophones
27180,zong4lv4,8,-6.322194785996351,2,6.322194785996351,1,0,0,anti_homophones
27181,chang3qu4,9,-6.223805101908202,2,6.223805101908202,1,0,2,anti_homophones
27182,qi1xi4,6,-6.091035731891727,2,6.091035731891727,1,0,6,anti_homophones
27183,ban4yi4,7,-5.590496938489658,2,5.590496938489658,1,0,11,anti_homophones
27184,yan2ran2,8,-5.862368419938396,2,5.862368419938396,1,0,2,anti_homophones
27185,ji1lW4,6,-5.407802737963717,2,5.407802737963717,1,0,4,anti_homophones
27186,she4dLn4,8,-5.477155837094179,2,5.477155837094179,1,0,3,anti_homophones
27187,run4shan3,9,-7.3428067969988104,2,7.3428067969988104,1,0,0,anti_homophones
27188,qYng1pu2,8,-7.73867830348636,2,7.73867830348636,1,0,0,anti_homophones
27189,dong3yan2,9,-6.598863524458963,2,6.598863524458963,1,0,0,anti_homophones
27190,hu4xC2,6,-5.763814629807774,2,5.763814629807774,1,0,9,anti_homophones
27191,jLng3zhUn2,10,-6.982897100140815,2,6.982897100140815,1,0,1,anti_homophones
27192,zhQ1ling1,9,-6.749153926735043,2,6.749153926735043,1,0,1,anti_homophones
27193,ya2xun1,7,-7.4878560240181375,2,7.4878560240181375,1,0,0,anti_homophones
27194,qLn2zhi3,8,-5.551360355559329,2,5.551360355559329,1,0,0,anti_homophones
27195,san3yUn2,8,-6.180765509608545,2,6.180765509608545,1,0,2,anti_homophones
27196,lu4li4,6,-5.381634068898955,2,5.381634068898955,1,0,9,anti_homophones
27197,lan3nLn2,8,-6.831557435366055,2,6.831557435366055,1,0,0,anti_homophones
27198,bu4gV3,6,-5.901553464502842,2,5.901553464502842,1,0,4,anti_homophones
27199,fu4ke4,6,-5.139525489196362,2,5.139525489196362,1,0,6,anti_homophones
27200,chong4gUng2,11,-7.255638559902383,2,7.255638559902383,1,0,0,anti_homophones
27201,tO2nE4,6,-5.828179504313466,2,5.828179504313466,1,0,1,anti_homophones
27202,wen1jing2,9,-6.485459047413436,2,6.485459047413436,1,0,1,anti_homophones
27203,ling3er5,8,-6.470572626141972,2,6.470572626141972,1,0,1,anti_homophones
27204,yV2ce4,6,-5.520084229642091,2,5.520084229642091,1,1,2,anti_homophones
27205,xLn1zi3,7,-5.7706461121509385,2,5.7706461121509385,1,0,4,anti_homophones
27206,rong2yV2,8,-6.796853977973896,2,6.796853977973896,1,0,1,anti_homophones
27207,du2sun3,7,-6.289760839725366,2,6.289760839725366,1,0,0,anti_homophones
27208,yV2wE3,6,-5.7227196301763374,2,5.7227196301763374,1,0,2,anti_homophones
27209,zha2hO3,7,-6.67345238306332,2,6.67345238306332,1,0,0,anti_homophones
27210,ba3shi3,7,-6.273506113185481,2,6.273506113185481,1,0,3,anti_homophones
27211,li4bQ1,6,-5.681390964012134,2,5.681390964012134,1,0,3,anti_homophones
27212,gu3shV3,7,-5.508620638392016,2,5.508620638392016,1,1,7,anti_homophones
27213,shang2cun2,10,-6.557678291896935,2,6.557678291896935,1,0,2,anti_homophones
27214,lM4ren4,7,-6.186792776412056,2,6.186792776412056,1,0,1,anti_homophones
27215,qing1men2,9,-5.966286981033803,2,5.966286981033803,1,0,2,anti_homophones
27216,qing2qi4,8,-5.288017759998909,2,5.288017759998909,1,0,8,anti_homophones
27217,da1dUn4,7,-6.416320422825674,2,6.416320422825674,1,0,3,anti_homophones
27218,chang2shi1,10,-6.174307643271673,2,6.174307643271673,1,0,1,anti_homophones
27219,lUn2rO4,7,-7.6623228797078875,2,7.6623228797078875,1,0,0,anti_homophones
27220,xing2jin3,9,-6.423661774725036,2,6.423661774725036,1,0,1,anti_homophones
27221,ren2A1,6,-5.671937974473647,2,5.671937974473647,1,0,0,anti_homophones
27222,can3yUn2,8,-6.209876170353529,2,6.209876170353529,1,0,2,anti_homophones
27223,fu3ni2,6,-7.074752583601689,2,7.074752583601689,1,0,2,anti_homophones
27224,bQ4fan4,7,-5.598306991685871,2,5.598306991685871,1,0,1,anti_homophones
27225,da3dan3,7,-6.172261465803198,2,6.172261465803198,1,0,7,anti_homophones
27226,che1shen3,9,-6.73263965520125,2,6.73263965520125,1,0,0,anti_homophones
27227,fu4kV3,6,-5.235975608466631,2,5.235975608466631,1,0,4,anti_homophones
27228,ming1qM4,8,-7.157942170263929,2,7.157942170263929,1,0,0,anti_homophones
27229,tu3zu3,6,-6.352379276031713,2,6.352379276031713,1,0,0,anti_homophones
27230,qi4pen2,7,-7.431001822879704,2,7.431001822879704,1,0,0,anti_homophones
27231,zhun3mE3,8,-7.96061451902384,2,7.96061451902384,1,0,0,anti_homophones
27232,xW3dUn4,7,-5.707460744631561,2,5.707460744631561,1,0,1,anti_homophones
27233,fang3yV3,8,-6.171680532214306,2,6.171680532214306,1,0,2,anti_homophones
27234,chA1che1,8,-5.960512247592307,2,5.960512247592307,1,0,1,anti_homophones
27235,yi3zi3,6,-6.318068118370873,2,6.318068118370873,1,0,3,anti_homophones
27236,jK4ming3,8,-6.163268759237444,2,6.163268759237444,1,0,1,anti_homophones
27237,xL4fE4,6,-5.6834298054197285,2,5.6834298054197285,1,0,1,anti_homophones
27238,ye3gQ4,6,-6.108783011722526,2,6.108783011722526,1,0,1,anti_homophones
27239,jK3wen1,7,-6.088352966745348,2,6.088352966745348,1,0,2,anti_homophones
27240,zhang3dI4,9,-6.12936215640125,2,6.12936215640125,1,0,3,anti_homophones
27241,yi4gu3,6,-5.873510997203748,2,5.873510997203748,1,0,8,anti_homophones
27242,chV2lu4,7,-5.710560194716184,2,5.710560194716184,1,0,2,anti_homophones
27243,zO3qu3,6,-6.36692396861019,2,6.36692396861019,1,0,2,anti_homophones
27244,feng2qi2,8,-6.250764397330032,2,6.250764397330032,1,0,0,anti_homophones
27245,che1zhong2,10,-6.10716514231958,2,6.10716514231958,1,0,1,anti_homophones
27246,gu4man2,7,-7.519983882488595,2,7.519983882488595,1,0,1,anti_homophones
27247,gI1ding1,8,-7.096567204326011,2,7.096567204326011,1,0,0,anti_homophones
27248,ju4ze2,6,-5.810965742897747,2,5.810965742897747,1,0,4,anti_homophones
27249,dan4an1,7,-6.463786233461889,2,6.463786233461889,1,0,0,anti_homophones
27250,hO2se4,6,-4.958666308874481,2,4.958666308874481,1,0,8,anti_homophones
27251,yan1yi1,7,-6.2421163433685525,2,6.2421163433685525,1,0,2,anti_homophones
27252,chUng1wE4,9,-5.892008569659992,2,5.892008569659992,1,0,1,anti_homophones
27253,si4ri4,6,-5.768839793059239,2,5.768839793059239,1,0,7,anti_homophones
27254,ti2zhong1,9,-6.428279103259817,2,6.428279103259817,1,0,1,anti_homophones
27255,jing2yV3,8,-5.901527505977522,2,5.901527505977522,1,0,2,anti_homophones
27256,che1dV3,7,-5.918751997215007,2,5.918751997215007,1,0,1,anti_homophones
27257,bLn1hU1,7,-5.972453648299506,2,5.972453648299506,1,0,0,anti_homophones
27258,yQ4yong1,8,-6.0984559583468485,2,6.0984559583468485,1,0,3,anti_homophones
27259,tu1pQ3,6,-6.518418586656258,2,6.518418586656258,1,0,1,anti_homophones
27260,san4chI2,8,-7.661275629195951,2,7.661275629195951,1,0,2,anti_homophones
27261,lUn4lLn4,8,-6.813625667456143,2,6.813625667456143,1,0,0,anti_homophones
27262,xLn1teng3,9,-7.36937471803967,2,7.36937471803967,1,0,0,anti_homophones
27263,ji2shi2,7,-5.309039409276135,2,5.309039409276135,1,0,5,anti_homophones
27264,wA4dQ3,6,-5.82272470639046,2,5.82272470639046,1,0,4,anti_homophones
27265,che1he2,7,-5.212720626492289,2,5.212720626492289,1,0,2,anti_homophones
27266,shQ1dUn4,8,-6.470817878886855,2,6.470817878886855,1,0,1,anti_homophones
27267,cong1shang4,11,-6.728882210711658,2,6.728882210711658,1,0,0,anti_homophones
27268,yi3hUn2,7,-6.434000269359306,2,6.434000269359306,1,0,2,anti_homophones
27269,yin3chong2,10,-7.012699990114413,2,7.012699990114413,1,0,1,anti_homophones
27270,chong2yan3,10,-6.25154196124676,2,6.25154196124676,1,0,1,anti_homophones
27271,shu3gI3,7,-6.874378121845431,2,6.874378121845431,1,0,1,anti_homophones
27272,ge2yi3,6,-6.136382873039391,2,6.136382873039391,1,0,4,anti_homophones
27273,zhu1ji2,7,-5.77458644368535,2,5.77458644368535,1,0,5,anti_homophones
27274,xL4de5,6,-5.94850448132566,2,5.94850448132566,1,0,0,anti_homophones
27275,zhi4gUn1,8,-5.828610543391013,2,5.828610543391013,1,0,4,anti_homophones
27276,heng1zheng2,11,-6.925918998027999,2,6.925918998027999,1,0,0,anti_homophones
27277,hI2qing4,8,-5.941890900151996,2,5.941890900151996,1,0,2,anti_homophones
27278,qLng4fE4,8,-6.037624984697034,2,6.037624984697034,1,0,0,anti_homophones
27279,fu2wu4,6,-4.636002513382506,2,4.636002513382506,1,0,10,anti_homophones
27280,jW1fan2,7,-6.3112300403240855,2,6.3112300403240855,1,0,3,anti_homophones
27281,mLn4gUn3,8,-6.155623927116261,2,6.155623927116261,1,0,0,anti_homophones
27282,fE2he5,6,-7.881209901412569,2,7.881209901412569,1,0,0,anti_homophones
27283,shi2xing2,9,-5.185893741489326,2,5.185893741489326,1,0,6,anti_homophones
27284,yi2zhUn1,8,-6.340499825000866,2,6.340499825000866,1,0,1,anti_homophones
27285,hV4gang4,8,-6.412275039402752,2,6.412275039402752,1,0,2,anti_homophones
27286,nLn4lu4,7,-6.336770395034919,2,6.336770395034919,1,0,1,anti_homophones
27287,feng2gan1,9,-6.491088271030849,2,6.491088271030849,1,0,0,anti_homophones
27288,wang2A2,7,-6.3043347165800885,2,6.3043347165800885,1,0,2,anti_homophones
27289,mV2zhi2,7,-6.404447141811561,2,6.404447141811561,1,0,1,anti_homophones
27290,ke3xW2,6,-7.522538195621294,2,7.522538195621294,1,0,0,anti_homophones
27291,qi2shi4,7,-4.777737592336562,2,4.777737592336562,1,0,8,anti_homophones
27292,kO4cheng1,9,-6.4773106079150695,2,6.4773106079150695,1,0,0,anti_homophones
27293,lv3he4,6,-6.755550873457459,2,6.755550873457459,1,0,2,anti_homophones
27294,cong1rong4,10,-7.08547529235938,2,7.08547529235938,1,0,0,anti_homophones
27295,leng1wE4,8,-6.031482978197377,2,6.031482978197377,1,0,1,anti_homophones
27296,fang2li5,8,-6.4256311884874995,2,6.4256311884874995,1,0,1,anti_homophones
27297,yi1xing4,8,-4.90561378818855,2,4.90561378818855,1,1,9,anti_homophones
27298,ming1ta3,8,-6.737817139407403,2,6.737817139407403,1,0,0,anti_homophones
27299,lV2jLn3,7,-7.184831819226204,2,7.184831819226204,1,0,1,anti_homophones
27300,zhong1yUn2,10,-5.65662826623285,2,5.65662826623285,1,0,0,anti_homophones
27301,la1yan3,7,-6.182209040099258,2,6.182209040099258,1,0,2,anti_homophones
27302,sheng2xing3,11,-6.023511858329753,2,6.023511858329753,1,0,0,anti_homophones
27303,cha2shu4,8,-5.95950044842421,2,5.95950044842421,1,0,1,anti_homophones
27304,chUng4cheng1,12,-6.844125842516319,2,6.844125842516319,1,0,0,anti_homophones
27305,sa3zhong4,9,-6.791807226883041,2,6.791807226883041,1,1,2,anti_homophones
27306,can1yUn2,8,-5.570238315169838,2,5.570238315169838,1,0,5,anti_homophones
27307,jLn4fen1,8,-6.1016082711610595,2,6.1016082711610595,1,0,1,anti_homophones
27308,du3zhun4,8,-7.263094455722415,2,7.263094455722415,1,0,0,anti_homophones
27309,re4su4,6,-5.269936992294346,2,5.269936992294346,1,1,7,anti_homophones
27310,dang2chong1,11,-6.786194928793823,2,6.786194928793823,1,0,1,anti_homophones
27311,jC2er2,6,-5.783921963989646,2,5.783921963989646,1,0,0,anti_homophones
27312,chV1deng2,9,-7.2640510509814895,2,7.2640510509814895,1,0,0,anti_homophones
27313,da4dM4,6,-6.602464125127607,2,6.602464125127607,1,0,8,anti_homophones
27314,da4can3,7,-6.042931137008679,2,6.042931137008679,1,0,5,anti_homophones
27315,bE1bang4,8,-6.702850361698762,2,6.702850361698762,1,0,1,anti_homophones
27316,xLn4zhA4,8,-6.426186944720465,2,6.426186944720465,1,0,2,anti_homophones
27317,pi2men2,7,-6.200453764144659,2,6.200453764144659,1,0,1,anti_homophones
27318,bQ4zheng4,9,-5.78407583046555,2,5.78407583046555,1,0,3,anti_homophones
27319,jM4zhi2,7,-6.076724796321489,2,6.076724796321489,1,0,3,anti_homophones
27320,xLn2ti3,7,-5.657983429189494,2,5.657983429189494,1,0,2,anti_homophones
27321,shu4gong1,9,-6.344326158125816,2,6.344326158125816,1,0,0,anti_homophones
27322,shen3qUn2,9,-6.293806277650779,2,6.293806277650779,1,0,3,anti_homophones
27323,gong4hU4,8,-5.219859793847457,2,5.219859793847457,1,0,3,anti_homophones
27324,chQ3lv4,7,-6.554577830954306,2,6.554577830954306,1,0,0,anti_homophones
27325,tO1jin4,7,-6.122914293635587,2,6.122914293635587,1,0,2,anti_homophones
27326,jK3wE4,6,-5.218226663379111,2,5.218226663379111,1,0,5,anti_homophones
27327,jun1meng4,9,-6.670614606029491,2,6.670614606029491,1,0,0,anti_homophones
27328,wo1pan1,7,-7.30893790264927,2,7.30893790264927,1,0,0,anti_homophones
27329,mE3zi5,6,-5.331670351799888,2,5.331670351799888,1,0,3,anti_homophones
27330,pQ4jin3,7,-7.077402914885625,2,7.077402914885625,1,0,0,anti_homophones
27331,chV2zhu3,8,-6.467417022710114,2,6.467417022710114,1,0,0,anti_homophones
27332,yi1tV5,6,-5.432860365033375,2,5.432860365033375,1,0,2,anti_homophones
27333,shV1yUn2,8,-5.568586379823577,2,5.568586379823577,1,1,3,anti_homophones
27334,lE4wA4,6,-6.513361298310013,2,6.513361298310013,1,0,2,anti_homophones
27335,dan4he5,7,-6.925606911936386,2,6.925606911936386,1,0,0,anti_homophones
27336,da3chang4,9,-5.617698524297617,2,5.617698524297617,1,0,1,anti_homophones
27337,chu2xLn3,8,-6.543989915042585,2,6.543989915042585,1,0,1,anti_homophones
27338,ji2lan3,7,-6.69541563911969,2,6.69541563911969,1,0,1,anti_homophones
27339,ju4tUn1,7,-7.184714489528974,2,7.184714489528974,1,0,2,anti_homophones
27340,zhang4tV5,9,-6.238802981153826,2,6.238802981153826,1,0,1,anti_homophones
27341,jLn1hUng1,9,-6.13967753253549,2,6.13967753253549,1,0,1,anti_homophones
27342,zA4xC2,6,-5.421989910737524,2,5.421989910737524,1,0,3,anti_homophones
27343,zhe2wen4,8,-6.836263356899586,2,6.836263356899586,1,0,0,anti_homophones
27344,ming4hA4,8,-6.79862838474978,2,6.79862838474978,1,0,3,anti_homophones
27345,sha1hQ2,7,-6.8092358437074205,2,6.8092358437074205,1,0,1,anti_homophones
27346,zhong4xu3,9,-7.549800571419793,2,7.549800571419793,1,0,1,anti_homophones
27347,zhong2hun1,10,-6.49560405060793,2,6.49560405060793,1,0,1,anti_homophones
27348,cI1lE3,6,-6.101026780240459,2,6.101026780240459,1,0,2,anti_homophones
27349,ti2xi4,6,-5.682994448556443,2,5.682994448556443,1,0,6,anti_homophones
27350,hI4hun3,7,-7.84683673297295,2,7.84683673297295,1,0,1,anti_homophones
27351,hang2nv3,8,-6.902716606393196,2,6.902716606393196,1,0,0,anti_homophones
27352,bu4zhV5,7,-7.161881509865111,2,7.161881509865111,1,0,1,anti_homophones
27353,ren4yan2,8,-6.257341658107407,2,6.257341658107407,1,0,2,anti_homophones
27354,dan4dQ4,7,-5.675053185975286,2,5.675053185975286,1,1,4,anti_homophones
27355,can1wen2,8,-5.7458145917111825,2,5.7458145917111825,1,0,2,anti_homophones
27356,yin4ye4,7,-5.914834357483073,2,5.914834357483073,1,0,4,anti_homophones
27357,ci2yV2,6,-6.174435065938953,2,6.174435065938953,1,0,4,anti_homophones
27358,meng1chQ2,9,-7.140144485251851,2,7.140144485251851,1,0,0,anti_homophones
27359,shi1cA4,7,-6.332752267975609,2,6.332752267975609,1,0,0,anti_homophones
27360,dLn4li3,7,-5.468496017495398,2,5.468496017495398,1,0,4,anti_homophones
27361,tong1mo4,8,-6.469804261373446,2,6.469804261373446,1,0,2,anti_homophones
27362,yan2tang4,9,-6.461135856518426,2,6.461135856518426,1,0,1,anti_homophones
27363,feng3hI4,8,-6.074606512210439,2,6.074606512210439,1,0,0,anti_homophones
27364,jM1mu4,6,-5.209512801391405,2,5.209512801391405,1,0,3,anti_homophones
27365,yUn2dong2,9,-6.018762643875683,2,6.018762643875683,1,0,1,anti_homophones
27366,tW4che1,7,-5.994396701993256,2,5.994396701993256,1,0,2,anti_homophones
27367,dI4zhV1,7,-6.481628148604178,2,6.481628148604178,1,0,0,anti_homophones
27368,qLn2zhu4,8,-5.5439089834123605,2,5.5439089834123605,1,0,0,anti_homophones
27369,sheng4ju2,9,-5.905238889989724,2,5.905238889989724,1,0,1,anti_homophones
27370,du2min2,7,-5.787913809360762,2,5.787913809360762,1,0,1,anti_homophones
27371,xC4zhUng4,9,-6.668242311023878,2,6.668242311023878,1,0,0,anti_homophones
27372,zhen3qUn2,9,-6.478321962491944,2,6.478321962491944,1,0,2,anti_homophones
27373,ji4bu4,6,-5.235314093738152,2,5.235314093738152,1,0,8,anti_homophones
27374,mW2she4,7,-6.743047751864871,2,6.743047751864871,1,0,0,anti_homophones
27375,bQ3wang1,8,-6.098964201410212,2,6.098964201410212,1,0,0,anti_homophones
27376,qing4shu4,9,-5.781413898468427,2,5.781413898468427,1,1,5,anti_homophones
27377,mLn4shi4,8,-5.228633400686104,2,5.228633400686104,1,0,5,anti_homophones
27378,gO4she3,7,-6.589886733637164,2,6.589886733637164,1,0,0,anti_homophones
27379,yi4yun4,7,-5.629166808294411,2,5.629166808294411,1,0,3,anti_homophones
27380,lO4gO4,6,-6.486224056725719,2,6.486224056725719,1,0,2,anti_homophones
27381,lM4sheng1,9,-6.1127901998385115,2,6.1127901998385115,1,0,0,anti_homophones
27382,jL1ming2,8,-5.958355614957871,2,5.958355614957871,1,0,3,anti_homophones
27383,hA3gan1,7,-6.197671670664053,2,6.197671670664053,1,0,0,anti_homophones
27384,ji1ban1,7,-5.85782896629713,2,5.85782896629713,1,0,2,anti_homophones
27385,yi2chang4,9,-6.006952633056347,2,6.006952633056347,1,0,1,anti_homophones
27386,hU1ji2,6,-5.481708678776987,2,5.481708678776987,1,0,4,anti_homophones
27387,qW1qW2,6,-6.097201097451926,2,6.097201097451926,1,0,0,anti_homophones
27388,ge1teng1,8,-6.3305611988251735,2,6.3305611988251735,1,0,1,anti_homophones
27389,yu4sha1,7,-6.178803733699791,2,6.178803733699791,1,0,2,anti_homophones
27390,yi1sQ1,6,-5.774324187759149,2,5.774324187759149,1,0,2,anti_homophones
27391,ji3he2,6,-5.699073282257843,2,5.699073282257843,1,0,3,anti_homophones
27392,pV1kang4,8,-6.706983620340655,2,6.706983620340655,1,0,0,anti_homophones
27393,lun2lK3,7,-7.597051180072221,2,7.597051180072221,1,0,1,anti_homophones
27394,fen1rUn2,8,-8.8804742030915,2,8.8804742030915,1,0,3,anti_homophones
27395,ku3na4,6,-6.5792036513981405,2,6.5792036513981405,1,0,0,anti_homophones
27396,gI1zi3,6,-5.53598730152738,2,5.53598730152738,1,0,4,anti_homophones
27397,gO2jM2,6,-5.2080052410377835,2,5.2080052410377835,1,0,4,anti_homophones
27398,bE4di4,6,-5.483485447225448,2,5.483485447225448,1,0,7,anti_homophones
27399,lE4ren3,7,-6.706119592021441,2,6.706119592021441,1,0,2,anti_homophones
27400,cun2qLn4,8,-7.392867121657394,2,7.392867121657394,1,0,0,anti_homophones
27401,yC4zhi4,7,-5.762379192174237,2,5.762379192174237,1,0,5,anti_homophones
27402,lV4man4,7,-6.762899197241872,2,6.762899197241872,1,0,1,anti_homophones
27403,fan3ke3,7,-6.414179154675323,2,6.414179154675323,1,0,1,anti_homophones
27404,wang1bing1,10,-6.790601693286639,2,6.790601693286639,1,0,0,anti_homophones
27405,fang2wang3,10,-6.4983025067361355,2,6.4983025067361355,1,0,0,anti_homophones
27406,dan3yC4,7,-6.427102974369978,2,6.427102974369978,1,0,5,anti_homophones
27407,shen2yi4,8,-5.631591239045199,2,5.631591239045199,1,0,2,anti_homophones
27408,zheng1shi4,10,-5.194424775068271,2,5.194424775068271,1,0,6,anti_homophones
27409,sI2xing4,8,-5.805229239002092,2,5.805229239002092,1,0,3,anti_homophones
27410,wang2ban3,9,-6.361304182333841,2,6.361304182333841,1,0,0,anti_homophones
27411,yC1ji2,6,-6.275816192511804,2,6.275816192511804,1,0,2,anti_homophones
27412,lW4zhUng1,9,-7.567999476706626,2,7.567999476706626,1,0,0,anti_homophones
27413,shan4bu4,8,-5.534667396029396,2,5.534667396029396,1,0,1,anti_homophones
27414,da4ba4,6,-5.694123171463861,2,5.694123171463861,1,0,6,anti_homophones
27415,bang3xW4,8,-7.0161485596370525,2,7.0161485596370525,1,0,0,anti_homophones
27416,bu4shu3,7,-5.69620043248205,2,5.69620043248205,1,0,3,anti_homophones
27417,zheng1xK3,9,-7.005887638061893,2,7.005887638061893,1,0,1,anti_homophones
27418,mW2pE4,6,-6.244913714896109,2,6.244913714896109,1,0,0,anti_homophones
27419,san1de5,7,-6.1816475373375,2,6.1816475373375,1,0,0,anti_homophones
27420,hQ3shan4,8,-6.1082825584738,2,6.1082825584738,1,0,4,anti_homophones
27421,zi4ma4,6,-5.708314405686734,2,5.708314405686734,1,0,6,anti_homophones
27422,wu2gan1,7,-5.525817549039737,2,5.525817549039737,1,0,2,anti_homophones
27423,xLn1fE4,7,-5.979134580977427,2,5.979134580977427,1,0,2,anti_homophones
27424,zhu3rV4,7,-5.68183584103758,2,5.68183584103758,1,0,1,anti_homophones
27425,gQ4sUn4,7,-7.0840717865191305,2,7.0840717865191305,1,0,1,anti_homophones
27426,kUng2di4,8,-6.453653497590291,2,6.453653497590291,1,0,1,anti_homophones
27427,ban4yi1,7,-6.3872785775248175,2,6.3872785775248175,1,0,4,anti_homophones
27428,ru4e2,5,-5.288224754555826,2,5.288224754555826,1,0,4,anti_homophones
27429,tV2lW3,6,-6.578866949656171,2,6.578866949656171,1,0,1,anti_homophones
27430,ying4lin2,9,-6.493994058398204,2,6.493994058398204,1,0,0,anti_homophones
27431,er3gUn3,7,-5.6335743901626945,2,5.6335743901626945,1,0,2,anti_homophones
27432,jM1ru4,6,-5.193992607281478,2,5.193992607281478,1,0,3,anti_homophones
27433,sV1zho4,7,-9.968744608668045,2,9.968744608668045,1,0,0,anti_homophones
27434,tan4xC2,7,-6.274887614708986,2,6.274887614708986,1,0,1,anti_homophones
27435,kA1kA1,6,-5.2590557012198635,2,5.2590557012198635,1,1,1,anti_homophones
27436,qi2zhu1,7,-6.496428739274892,2,6.496428739274892,1,0,2,anti_homophones
27437,lM4nO4,6,-5.813143088817253,2,5.813143088817253,1,0,0,anti_homophones
27438,shUn4zi3,8,-6.749853728621525,2,6.749853728621525,1,0,2,anti_homophones
27439,kUng1tA2,8,-6.547315165759918,2,6.547315165759918,1,0,0,anti_homophones
27440,xun2zV4,7,-6.559560876972519,2,6.559560876972519,1,0,0,anti_homophones
27441,shi4dQ4,7,-5.178810023267761,2,5.178810023267761,1,0,9,anti_homophones
27442,jW1ji2,6,-5.071651961121008,2,5.071651961121008,1,0,8,anti_homophones
27443,zhV4lM4,7,-6.717731571673941,2,6.717731571673941,1,0,3,anti_homophones
27444,gong2xLng4,10,-5.931068383956115,2,5.931068383956115,1,0,2,anti_homophones
27445,gu4yan2,7,-5.888645174406593,2,5.888645174406593,1,0,5,anti_homophones
27446,wu2feng1,8,-5.573155966520661,2,5.573155966520661,1,0,2,anti_homophones
27447,li3lA4,6,-5.910270395472173,2,5.910270395472173,1,0,3,anti_homophones
27448,zhang1yu2,9,-5.969241383708888,2,5.969241383708888,1,0,2,anti_homophones
27449,dW4san1,7,-6.273833953489723,2,6.273833953489723,1,0,2,anti_homophones
27450,xi1ba4,6,-6.343656798882175,2,6.343656798882175,1,0,5,anti_homophones
27451,yang2yV3,8,-6.238944502465355,2,6.238944502465355,1,0,3,anti_homophones
27452,chUn3gUn3,9,-6.552155376994838,2,6.552155376994838,1,1,1,anti_homophones
27453,chang4wu2,9,-7.408194960140454,2,7.408194960140454,1,0,0,anti_homophones
27454,bW1tong1,8,-5.913307256345397,2,5.913307256345397,1,0,2,anti_homophones
27455,chen2zi3,8,-6.324054022025961,2,6.324054022025961,1,0,1,anti_homophones
27456,xW4ya1,6,-5.914855945482131,2,5.914855945482131,1,0,3,anti_homophones
27457,jM2gong1,8,-5.693149259586503,2,5.693149259586503,1,0,1,anti_homophones
27458,da4ke3,6,-5.786221443874096,2,5.786221443874096,1,0,3,anti_homophones
27459,qK2hang2,8,-6.956046031659295,2,6.956046031659295,1,0,3,anti_homophones
27460,xC2ji4,6,-5.463902859003522,2,5.463902859003522,1,1,3,anti_homophones
27461,zi3xin4,7,-6.350026026657708,2,6.350026026657708,1,0,2,anti_homophones
27462,tI1jin4,7,-5.638883777720997,2,5.638883777720997,1,0,4,anti_homophones
27463,leng2tang1,10,-7.4074443218964365,2,7.4074443218964365,1,0,0,anti_homophones
27464,yi1ding2,8,-5.42404572523238,2,5.42404572523238,1,0,6,anti_homophones
27465,yV3ri4,6,-5.935385381774159,2,5.935385381774159,1,0,7,anti_homophones
27466,qUn2jM2,7,-5.839292204109733,2,5.839292204109733,1,0,1,anti_homophones
27467,yu2cQ1,6,-6.479196741449315,2,6.479196741449315,1,0,1,anti_homophones
27468,shu4pin1,8,-7.135343528879993,2,7.135343528879993,1,0,0,anti_homophones
27469,chu2lin2,8,-6.160578825678804,2,6.160578825678804,1,0,1,anti_homophones
27470,zhong1ye4,9,-5.330618246801199,2,5.330618246801199,1,0,5,anti_homophones
27471,wan2kV3,7,-6.34006664578955,2,6.34006664578955,1,0,0,anti_homophones
27472,ma1min2,7,-6.584057151403891,2,6.584057151403891,1,0,0,anti_homophones
27473,xW3hO3,6,-5.048253184063102,2,5.048253184063102,1,0,6,anti_homophones
27474,bi3hong1,8,-6.561450124309616,2,6.561450124309616,1,0,2,anti_homophones
27475,xLng2mA4,8,-7.155564750261185,2,7.155564750261185,1,0,1,anti_homophones
27476,deng2xC2,8,-6.404331155454426,2,6.404331155454426,1,0,1,anti_homophones
27477,shu2sUn1,8,-7.516046735306095,2,7.516046735306095,1,0,0,anti_homophones
27478,gI4fu2,6,-5.5631919830426355,2,5.5631919830426355,1,0,2,anti_homophones
27479,ji1chi3,7,-6.021475222005472,2,6.021475222005472,1,0,0,anti_homophones
27480,zUn1shan4,9,-7.512631916319373,2,7.512631916319373,1,0,0,anti_homophones
27481,jW3zA1,6,-6.634726579089163,2,6.634726579089163,1,0,0,anti_homophones
27482,hE1xW1,6,-6.117690377270617,2,6.117690377270617,1,0,2,anti_homophones
27483,hA2zhu3,7,-6.257943466220465,2,6.257943466220465,1,0,1,anti_homophones
27484,nan2xLng4,9,-5.900390765747071,2,5.900390765747071,1,0,0,anti_homophones
27485,rQ4zheng2,9,-6.8251210785113985,2,6.8251210785113985,1,0,1,anti_homophones
27486,shV4yong1,9,-6.136425413016557,2,6.136425413016557,1,0,2,anti_homophones
27487,tLn1jing1,9,-5.866915172860214,2,5.866915172860214,1,0,4,anti_homophones
27488,pW3ban4,7,-5.962421831098585,2,5.962421831098585,1,0,0,anti_homophones
27489,shen4fE4,8,-6.002147185262569,2,6.002147185262569,1,0,0,anti_homophones
27490,bi2zhu4,7,-6.056069927564916,2,6.056069927564916,1,0,5,anti_homophones
27491,xin1ji1,7,-4.95073801348359,2,4.95073801348359,1,0,8,anti_homophones
27492,zhan3hI1,8,-6.865327630952932,2,6.865327630952932,1,0,1,anti_homophones
27493,gI1lE2,6,-5.997688496969874,2,5.997688496969874,1,0,0,anti_homophones
27494,hA3shi4,7,-4.930444740257454,2,4.930444740257454,1,1,5,anti_homophones
27495,gI4zhUn1,8,-6.942037991789584,2,6.942037991789584,1,0,0,anti_homophones
27496,bA2zhu4,7,-5.881690327756678,2,5.881690327756678,1,0,3,anti_homophones
27497,shI3chI1,8,-6.612916178849282,2,6.612916178849282,1,0,1,anti_homophones
27498,jK4mi3,6,-5.995034122770592,2,5.995034122770592,1,0,3,anti_homophones
27499,wE3ji1,6,-5.5658535888282215,2,5.5658535888282215,1,0,3,anti_homophones
27500,zong3song2,10,-7.507959241283994,2,7.507959241283994,1,0,0,anti_homophones
27501,tA4dan1,7,-7.209519860896738,2,7.209519860896738,1,0,1,anti_homophones
27502,shang1ceng2,11,-7.293316843027741,2,7.293316843027741,1,0,0,anti_homophones
27503,shI3lLng2,9,-5.6821732494513535,2,5.6821732494513535,1,0,1,anti_homophones
27504,shi2xM4,7,-5.901610401891771,2,5.901610401891771,1,0,2,anti_homophones
27505,gV1jLng3,8,-7.586967130167892,2,7.586967130167892,1,0,1,anti_homophones
27506,xin1neng1,9,-6.715422382975717,2,6.715422382975717,1,0,1,anti_homophones
27507,jLng3kUng4,10,-7.406381417109573,2,7.406381417109573,1,0,0,anti_homophones
27508,bE3fu4,6,-5.926489602193814,2,5.926489602193814,1,0,6,anti_homophones
27509,jK3she4,7,-6.391156607112489,2,6.391156607112489,1,0,1,anti_homophones
27510,xW3mE4,6,-5.586017624191431,2,5.586017624191431,1,0,3,anti_homophones
27511,tan2ling1,9,-6.865337498711851,2,6.865337498711851,1,0,0,anti_homophones
27512,mi2lK2,6,-5.417206503082691,2,5.417206503082691,1,0,3,anti_homophones
27513,chUn4mLn4,9,-6.076794428812301,2,6.076794428812301,1,0,0,anti_homophones
27514,jun1fE1,7,-6.21489670593812,2,6.21489670593812,1,0,1,anti_homophones
27515,qi4nLn2,7,-5.869927100741497,2,5.869927100741497,1,0,2,anti_homophones
27516,hen2jL4,7,-6.855268963396313,2,6.855268963396313,1,0,2,anti_homophones
27517,dLn4jing2,9,-5.812508821670168,2,5.812508821670168,1,0,2,anti_homophones
27518,ji1bA1,6,-7.085505800438979,2,7.085505800438979,1,0,1,anti_homophones
27519,cI1tu3,6,-5.660143341798986,2,5.660143341798986,1,0,2,anti_homophones
27520,gA3jin4,7,-5.949470627096181,2,5.949470627096181,1,0,2,anti_homophones
27521,tLn1qM4,7,-5.6883527576921225,2,5.6883527576921225,1,0,1,anti_homophones
27522,qW1ming1,8,-6.419181294485686,2,6.419181294485686,1,0,1,anti_homophones
27523,ji1zheng2,9,-5.9747711565421735,2,5.9747711565421735,1,0,10,anti_homophones
27524,pA2ju4,6,-5.450484771743124,2,5.450484771743124,1,0,3,anti_homophones
27525,dI4fang3,8,-6.273748772339343,2,6.273748772339343,1,0,2,anti_homophones
27526,xin4ren2,8,-5.23782662140834,2,5.23782662140834,1,1,4,anti_homophones
27527,gV3tV5,6,-5.709786243510597,2,5.709786243510597,1,0,1,anti_homophones
27528,tV1tu2,6,-6.778316944529826,2,6.778316944529826,1,0,3,anti_homophones
27529,hU2lK2,6,-5.341439352249043,2,5.341439352249043,1,0,4,anti_homophones
27530,hUng2song3,10,-7.914975879385434,2,7.914975879385434,1,0,0,anti_homophones
27531,li3chu3,7,-6.377048938815945,2,6.377048938815945,1,0,0,anti_homophones
27532,fang3rO4,8,-6.035391732085598,2,6.035391732085598,1,0,3,anti_homophones
27533,dan4nu4,7,-6.428083656658769,2,6.428083656658769,1,0,1,anti_homophones
27534,dUn3gV2,7,-8.70196971210672,2,8.70196971210672,1,0,1,anti_homophones
27535,zhan4hang1,10,-7.151324644114054,2,7.151324644114054,1,0,1,anti_homophones
27536,shi2wu4,7,-5.073672274356519,2,5.073672274356519,1,0,6,anti_homophones
27537,gV4chun1,8,-7.104619302173564,2,7.104619302173564,1,0,0,anti_homophones
27538,gong3lv4,8,-6.796924284160404,2,6.796924284160404,1,0,2,anti_homophones
27539,gUn3yong4,9,-6.328914053016469,2,6.328914053016469,1,0,1,anti_homophones
27540,wu2shan2,8,-6.23205535143412,2,6.23205535143412,1,0,2,anti_homophones
27541,kan4dang4,9,-6.952301995670151,2,6.952301995670151,1,0,0,anti_homophones
27542,xW4san1,7,-6.355732172884905,2,6.355732172884905,1,0,1,anti_homophones
27543,wE4zhong1,9,-6.3794992424249575,2,6.3794992424249575,1,0,1,anti_homophones
27544,nQ2ye4,6,-6.289496173696482,2,6.289496173696482,1,0,2,anti_homophones
27545,san1ren2,8,-5.47978673596731,2,5.47978673596731,1,0,5,anti_homophones
27546,yi1chen4,8,-5.844823039481214,2,5.844823039481214,1,0,1,anti_homophones
27547,hQ2bu4,6,-6.678366389602102,2,6.678366389602102,1,0,4,anti_homophones
27548,fang1qi4,8,-5.371226084089426,2,5.371226084089426,1,0,5,anti_homophones
27549,na2dLn4,7,-6.057367986849043,2,6.057367986849043,1,0,3,anti_homophones
27550,lQ2lan1,7,-8.644097493621945,2,8.644097493621945,1,0,1,anti_homophones
27551,bin1she4,8,-6.674073385611562,2,6.674073385611562,1,0,2,anti_homophones
27552,chQ1xi4,7,-6.124539651084517,2,6.124539651084517,1,0,3,anti_homophones
27553,mQ2hu4,6,-6.270861952541388,2,6.270861952541388,1,0,5,anti_homophones
27554,mA3mLn4,7,-5.476147720647897,2,5.476147720647897,1,0,3,anti_homophones
27555,zong2yun4,9,-6.677144574943691,2,6.677144574943691,1,0,0,anti_homophones
27556,wan2tLn1,8,-6.230224250802636,2,6.230224250802636,1,0,0,anti_homophones
27557,dQ4ren2,7,-5.098794364747546,2,5.098794364747546,1,1,4,anti_homophones
27558,qi2yu3,6,-5.688675114135583,2,5.688675114135583,1,0,3,anti_homophones
27559,zhUn3lW4,8,-6.2503832897186395,2,6.2503832897186395,1,0,0,anti_homophones
27560,ju3fen1,7,-6.491486849790505,2,6.491486849790505,1,0,1,anti_homophones
27561,gP1dQ3,6,-7.217990979963526,2,7.217990979963526,1,0,1,anti_homophones
27562,zhUng4ting1,11,-7.063025117371441,2,7.063025117371441,1,0,0,anti_homophones
27563,pLn4wen2,8,-6.4203578965772525,2,6.4203578965772525,1,0,2,anti_homophones
27564,jW3tUn2,7,-5.791950182510415,2,5.791950182510415,1,0,0,anti_homophones
27565,man3zeng1,9,-6.919614355522969,2,6.919614355522969,1,0,0,anti_homophones
27566,long2ying2,10,-7.455196667967811,2,7.455196667967811,1,0,0,anti_homophones
27567,gu4yV3,6,-5.952819440542349,2,5.952819440542349,1,0,4,anti_homophones
27568,hU1xi3,6,-6.216635887299023,2,6.216635887299023,1,0,2,anti_homophones
27569,jLn1ban3,8,-6.16671332121377,2,6.16671332121377,1,0,3,anti_homophones
27570,bu4che1,7,-5.373288029397702,2,5.373288029397702,1,0,3,anti_homophones
27571,shUn4yang4,10,-7.252419437750207,2,7.252419437750207,1,0,0,anti_homophones
27572,chu1sO3,7,-5.632561538639791,2,5.632561538639791,1,1,3,anti_homophones
27573,yV3du2,6,-5.831158177044394,2,5.831158177044394,1,0,1,anti_homophones
27574,hong2shi5,9,-7.090834494831872,2,7.090834494831872,1,0,0,anti_homophones
27575,zong1jLng1,10,-6.7906643142149985,2,6.7906643142149985,1,0,2,anti_homophones
27576,san3shu1,8,-6.616273163026316,2,6.616273163026316,1,0,1,anti_homophones
27577,da3hO2,6,-6.122887695800005,2,6.122887695800005,1,0,0,anti_homophones
27578,rUn3yC1,7,-6.285677618329652,2,6.285677618329652,1,0,1,anti_homophones
27579,pen1chUng2,10,-7.279097295924376,2,7.279097295924376,1,0,0,anti_homophones
27580,li3kQ1,6,-7.34995780605898,2,7.34995780605898,1,0,0,anti_homophones
27581,jLn1nK4,7,-7.140706374623527,2,7.140706374623527,1,0,2,anti_homophones
27582,chi2ming1,9,-6.6932961023009305,2,6.6932961023009305,1,0,0,anti_homophones
27583,xi1qM4,6,-5.874841149888434,2,5.874841149888434,1,0,6,anti_homophones
27584,ying3ji2,8,-6.0334915368864035,2,6.0334915368864035,1,0,2,anti_homophones
27585,tM3qing1,8,-6.003713025107211,2,6.003713025107211,1,0,2,anti_homophones
27586,sheng2cheng2,12,-6.250792231510882,2,6.250792231510882,1,0,1,anti_homophones
27587,pin3dan3,8,-6.732666932135766,2,6.732666932135766,1,0,0,anti_homophones
27588,tang1zhi2,9,-6.571024349602766,2,6.571024349602766,1,0,1,anti_homophones
27589,yi1bi3,6,-5.185415182216512,2,5.185415182216512,1,0,9,anti_homophones
27590,ce4zO4,6,-6.196585498926318,2,6.196585498926318,1,0,2,anti_homophones
27591,sheng2fa3,9,-5.6616904680271105,2,5.6616904680271105,1,0,1,anti_homophones
27592,jun1ju2,7,-5.881758945320468,2,5.881758945320468,1,0,3,anti_homophones
27593,xM4dLn3,7,-6.002026696556382,2,6.002026696556382,1,0,2,anti_homophones
27594,che1zhong3,10,-6.346849740440168,2,6.346849740440168,1,0,1,anti_homophones
27595,zhi1ban4,8,-5.53002091210897,2,5.53002091210897,1,0,4,anti_homophones
27596,leng2lO4,8,-6.880192605485899,2,6.880192605485899,1,0,1,anti_homophones
27597,chi2xi2,7,-6.285495374887559,2,6.285495374887559,1,0,3,anti_homophones
27598,wu2ke1,6,-5.118409322924251,2,5.118409322924251,1,0,3,anti_homophones
27599,tQ1gong1,8,-6.559195100529284,2,6.559195100529284,1,0,2,anti_homophones
27600,zen1gV4,7,-9.49430486913117,2,9.49430486913117,1,0,1,anti_homophones
27601,xLn4tang1,9,-6.630131864164994,2,6.630131864164994,1,0,1,anti_homophones
27602,wa1tI3,6,-6.182605424283809,2,6.182605424283809,1,0,1,anti_homophones
27603,mo4shi3,7,-5.903738266015967,2,5.903738266015967,1,0,5,anti_homophones
27604,pu2shQ4,7,-6.979071391822415,2,6.979071391822415,1,0,0,anti_homophones
27605,bi4bW3,6,-5.364632603190399,2,5.364632603190399,1,0,7,anti_homophones
27606,bu4tong2,8,-5.502879076660678,2,5.502879076660678,1,0,6,anti_homophones
27607,he2shan4,8,-5.895663803456006,2,5.895663803456006,1,0,1,anti_homophones
27608,ru4shu1,7,-6.037130738586361,2,6.037130738586361,1,0,4,anti_homophones
27609,yV4dong1,8,-6.036899443791558,2,6.036899443791558,1,0,0,anti_homophones
27610,wu3ji2,6,-5.246273539869212,2,5.246273539869212,1,0,8,anti_homophones
27611,li3xC1,6,-6.051597507546493,2,6.051597507546493,1,0,3,anti_homophones
27612,fan3bW3,7,-6.109808607876243,2,6.109808607876243,1,0,2,anti_homophones
27613,gUn3zhong2,10,-6.334549059129783,2,6.334549059129783,1,0,1,anti_homophones
27614,chV1de5,7,-6.8489061048742155,2,6.8489061048742155,1,0,1,anti_homophones
27615,re4hun3,7,-6.864348012181749,2,6.864348012181749,1,0,0,anti_homophones
27616,dong2chu4,9,-6.615027783745746,2,6.615027783745746,1,0,2,anti_homophones
27617,chQ1shen2,9,-6.038062082725774,2,6.038062082725774,1,0,2,anti_homophones
27618,ji3shQ1,7,-7.443431981513002,2,7.443431981513002,1,0,0,anti_homophones
27619,ying2bA2,8,-6.311158424509603,2,6.311158424509603,1,0,0,anti_homophones
27620,bu4zI4,6,-5.591665884789432,2,5.591665884789432,1,1,4,anti_homophones
27621,fen1cA2,7,-6.147508310411723,2,6.147508310411723,1,0,2,anti_homophones
27622,zong3hI4,8,-6.316093963223279,2,6.316093963223279,1,0,2,anti_homophones
27623,cha2tV2,7,-5.899773692086965,2,5.899773692086965,1,0,2,anti_homophones
27624,xun2yu3,7,-6.127318808013367,2,6.127318808013367,1,0,0,anti_homophones
27625,tI3zi1,6,-7.498302105932062,2,7.498302105932062,1,0,1,anti_homophones
27626,rQ2shi1,7,-6.603451615168515,2,6.603451615168515,1,0,3,anti_homophones
27627,chong3hu4,9,-7.1428485206286565,2,7.1428485206286565,1,0,1,anti_homophones
27628,chUn2tong1,10,-6.477439642862982,2,6.477439642862982,1,0,0,anti_homophones
27629,fan1ce4,7,-6.3786199260979854,2,6.3786199260979854,1,0,2,anti_homophones
27630,la1ken3,7,-7.1063320577998645,2,7.1063320577998645,1,0,0,anti_homophones
27631,dQ4bo1,6,-6.64056721481171,2,6.64056721481171,1,0,1,anti_homophones
27632,yUn2dA4,7,-5.336107389026096,2,5.336107389026096,1,0,3,anti_homophones
27633,ti2yV3,6,-6.51151994906714,2,6.51151994906714,1,0,0,anti_homophones
27634,chi4ji4,7,-6.2357620219017535,2,6.2357620219017535,1,0,4,anti_homophones
27635,pa2tV5,6,-8.16994014812712,2,8.16994014812712,1,0,1,anti_homophones
27636,e2wu4,5,-5.3953450396738525,2,5.3953450396738525,1,0,1,anti_homophones
27637,A4ling3,7,-6.638275832069506,2,6.638275832069506,1,0,2,anti_homophones
27638,cQ3tV5,6,-6.167542285442734,2,6.167542285442734,1,0,1,anti_homophones
27639,wu3sheng1,9,-5.92034042645066,2,5.92034042645066,1,0,1,anti_homophones
27640,shan3shu3,9,-6.6245914699223265,2,6.6245914699223265,1,0,0,anti_homophones
27641,an4sUn4,7,-6.173747930718974,2,6.173747930718974,1,0,3,anti_homophones
27642,bing4ye4,8,-5.924136714377873,2,5.924136714377873,1,0,2,anti_homophones
27643,ji4fu4,6,-5.656048357891517,2,5.656048357891517,1,0,7,anti_homophones
27644,de5hO1,6,-6.6894858218650795,2,6.6894858218650795,1,0,0,anti_homophones
27645,yV3xu4,6,-5.339726029984305,2,5.339726029984305,1,0,4,anti_homophones
27646,chun3gUng1,10,-7.134362294782568,2,7.134362294782568,1,0,0,anti_homophones
27647,gu1lu2,6,-5.610467421218355,2,5.610467421218355,1,0,2,anti_homophones
27648,tLn1ren2,8,-4.889323460306476,2,4.889323460306476,1,0,4,anti_homophones
27649,sheng1shi2,10,-5.312341139843082,2,5.312341139843082,1,0,0,anti_homophones
27650,ban4gong4,9,-5.978727515311501,2,5.978727515311501,1,0,0,anti_homophones
27651,can2lE2,7,-7.090169612236532,2,7.090169612236532,1,0,0,anti_homophones
27652,hang3ti4,8,-7.22276535943653,2,7.22276535943653,1,0,1,anti_homophones
27653,bQ3hu4,6,-4.701597310006757,2,4.701597310006757,1,0,14,anti_homophones
27654,dO1shu1,7,-5.763882508392793,2,5.763882508392793,1,0,0,anti_homophones
27655,lO4jLn1,7,-6.137964756744187,2,6.137964756744187,1,0,0,anti_homophones
27656,dong2zO4,8,-6.34488770553996,2,6.34488770553996,1,0,2,anti_homophones
27657,can2song4,9,-7.097012999672122,2,7.097012999672122,1,0,0,anti_homophones
27658,tO1gong1,8,-5.868093416615137,2,5.868093416615137,1,0,3,anti_homophones
27659,xL4lLn2,7,-5.760017225588572,2,5.760017225588572,1,0,3,anti_homophones
27660,mQ4heng4,8,-6.98846747352758,2,6.98846747352758,1,0,0,anti_homophones
27661,xC4zhi4,7,-5.555624998883484,2,5.555624998883484,1,0,6,anti_homophones
27662,cA3zhi4,7,-5.792387948508985,2,5.792387948508985,1,0,4,anti_homophones
27663,ceng1ting4,10,-7.396236412584721,2,7.396236412584721,1,0,1,anti_homophones
27664,shO1ban4,8,-5.817418443058401,2,5.817418443058401,1,0,1,anti_homophones
27665,qu3nv3,6,-5.752747317088975,2,5.752747317088975,1,0,3,anti_homophones
27666,da4zhe3,7,-5.173433548635968,2,5.173433548635968,1,1,3,anti_homophones
27667,chV2zI4,7,-6.5297630488734235,2,6.5297630488734235,1,0,1,anti_homophones
27668,hO2yV2,6,-5.880975097777316,2,5.880975097777316,1,0,3,anti_homophones
27669,jM3su4,6,-6.794268979803043,2,6.794268979803043,1,0,2,anti_homophones
27670,hu2ban3,7,-6.312630093890908,2,6.312630093890908,1,0,1,anti_homophones
27671,zhu1nan2,8,-6.6981529641929685,2,6.6981529641929685,1,0,0,anti_homophones
27672,xM2ku3,6,-8.762844701364413,2,8.762844701364413,1,0,3,anti_homophones
27673,bLn4hQ4,7,-5.707981973507191,2,5.707981973507191,1,0,3,anti_homophones
27674,hUn1dLn3,8,-6.458658622105708,2,6.458658622105708,1,0,1,anti_homophones
27675,kong3he2,8,-6.5856989742041065,2,6.5856989742041065,1,0,0,anti_homophones
27676,shO4lv4,7,-6.657458249184494,2,6.657458249184494,1,0,4,anti_homophones
27677,fang4zhi4,9,-5.644675551937896,2,5.644675551937896,1,0,4,anti_homophones
27678,zhQ1she4,8,-5.995904984216331,2,5.995904984216331,1,0,2,anti_homophones
27679,da3zhen1,8,-5.786456088482553,2,5.786456088482553,1,0,0,anti_homophones
27680,jin1hV4,7,-5.79075541071857,2,5.79075541071857,1,0,3,anti_homophones
27681,wang4ye4,8,-6.0280488575294005,2,6.0280488575294005,1,0,3,anti_homophones
27682,pLn1ti3,7,-6.407744277373665,2,6.407744277373665,1,0,2,anti_homophones
27683,sun3zhen1,9,-7.801220650277378,2,7.801220650277378,1,0,1,anti_homophones
27684,ling2tan2,9,-6.5033438434748225,2,6.5033438434748225,1,0,1,anti_homophones
27685,zUn4chen4,9,-7.955064655182456,2,7.955064655182456,1,0,0,anti_homophones
27686,yi4li3,6,-5.40024526474401,2,5.40024526474401,1,0,11,anti_homophones
27687,dLn3xLn4,8,-5.419225382144431,2,5.419225382144431,1,0,4,anti_homophones
27688,yun2sO3,7,-6.208633024983632,2,6.208633024983632,1,0,1,anti_homophones
27689,yu4bLn3,7,-6.8410896667961305,2,6.8410896667961305,1,0,0,anti_homophones
27690,zhan4mQ4,8,-6.488697931097209,2,6.488697931097209,1,0,0,anti_homophones
27691,da3gan4,7,-7.462153389567866,2,7.462153389567866,1,0,5,anti_homophones
27692,jUn4wan4,8,-6.985350771346349,2,6.985350771346349,1,0,0,anti_homophones
27693,jun1ye2,7,-6.591741381868197,2,6.591741381868197,1,0,3,anti_homophones
27694,xM2ding3,8,-6.634540989566876,2,6.634540989566876,1,0,1,anti_homophones
27695,jW1xi1,6,-5.761581064216828,2,5.761581064216828,1,0,3,anti_homophones
27696,dLn3wen2,8,-6.0538152513972525,2,6.0538152513972525,1,0,2,anti_homophones
27697,zhang3hI3,9,-6.917908717686382,2,6.917908717686382,1,0,1,anti_homophones
27698,si1an1,6,-5.98461576643877,2,5.98461576643877,1,0,2,anti_homophones
27699,mu3dQ5,6,-7.2895001256834995,2,7.2895001256834995,1,0,1,anti_homophones
27700,mo4zhi2,7,-5.887808137521219,2,5.887808137521219,1,0,1,anti_homophones
27701,xing1gQ3,8,-6.277483076881627,2,6.277483076881627,1,0,2,anti_homophones
27702,hI1xW4,6,-5.90256884918138,2,5.90256884918138,1,0,2,anti_homophones
27703,bi1zhi4,7,-6.028821922579994,2,6.028821922579994,1,0,4,anti_homophones
27704,chong4li4,9,-5.657674226589882,2,5.657674226589882,1,0,2,anti_homophones
27705,feng1gong4,10,-5.978596743951323,2,5.978596743951323,1,0,2,anti_homophones
27706,long1la4,8,-7.598369612534273,2,7.598369612534273,1,0,0,anti_homophones
27707,qW2cha2,7,-6.843368843952813,2,6.843368843952813,1,0,0,anti_homophones
27708,fu4gU4,6,-6.04693818457031,2,6.04693818457031,1,0,1,anti_homophones
27709,yu3hI2,6,-6.757876978618838,2,6.757876978618838,1,0,0,anti_homophones
27710,qW3ben3,7,-6.793152415128547,2,6.793152415128547,1,0,1,anti_homophones
27711,hO2lun2,7,-5.880323473748328,2,5.880323473748328,1,0,2,anti_homophones
27712,dong1chA1,9,-7.099097701009586,2,7.099097701009586,1,0,0,anti_homophones
27713,lun2che1,8,-6.089714959291938,2,6.089714959291938,1,0,0,anti_homophones
27714,ding1ju4,8,-6.271665138105071,2,6.271665138105071,1,0,4,anti_homophones
27715,yQ2ke4,6,-5.6816755972960165,2,5.6816755972960165,1,1,4,anti_homophones
27716,lK3zQ1,6,-7.039751372645199,2,7.039751372645199,1,0,0,anti_homophones
27717,jW4fen4,7,-6.083128113069441,2,6.083128113069441,1,0,1,anti_homophones
27718,sheng2xin1,10,-5.386954212450213,2,5.386954212450213,1,0,5,anti_homophones
27719,nA3zhe3,7,-5.959197576751776,2,5.959197576751776,1,0,1,anti_homophones
27720,nong1dong1,10,-6.513097921790835,2,6.513097921790835,1,0,0,anti_homophones
27721,si1zi5,6,-5.2685528685403575,2,5.2685528685403575,1,0,5,anti_homophones
27722,hU2la4,6,-6.188244753759572,2,6.188244753759572,1,0,4,anti_homophones
27723,shang2shen4,11,-6.392588038120826,2,6.392588038120826,1,0,2,anti_homophones
27724,po1lO4,6,-5.871516714011088,2,5.871516714011088,1,0,2,anti_homophones
27725,cA3hang4,8,-6.24568569528061,2,6.24568569528061,1,0,1,anti_homophones
27726,jM2chu2,7,-6.197015700530473,2,6.197015700530473,1,0,0,anti_homophones
27727,tM3shan4,8,-6.033066653920723,2,6.033066653920723,1,0,1,anti_homophones
27728,jC2shI3,7,-5.456333937783725,2,5.456333937783725,1,0,2,anti_homophones
27729,ci4bQ4,6,-6.512635624493038,2,6.512635624493038,1,0,3,anti_homophones
27730,lQ3hO3,6,-5.288719986666898,2,5.288719986666898,1,1,4,anti_homophones
27731,cang3zi5,8,-5.875453110077915,2,5.875453110077915,1,0,4,anti_homophones
27732,yi1tV2,6,-4.9029481434278,2,4.9029481434278,1,0,10,anti_homophones
27733,na4kV4,6,-7.020084565074526,2,7.020084565074526,1,0,1,anti_homophones
27734,hQ3yu3,6,-5.758328659834138,2,5.758328659834138,1,1,5,anti_homophones
27735,xi1zi5,6,-5.1470706663226355,2,5.1470706663226355,1,0,7,anti_homophones
27736,jun1zi5,7,-4.821300548909629,2,4.821300548909629,1,0,7,anti_homophones
27737,qLn4jK4,7,-7.162086617664479,2,7.162086617664479,1,0,0,anti_homophones
27738,yi4rO3,6,-7.792478153065311,2,7.792478153065311,1,0,0,anti_homophones
27739,jLn3shi3,8,-5.97377917441406,2,5.97377917441406,1,0,4,anti_homophones
27740,shi4zheng3,10,-5.973526006496519,2,5.973526006496519,1,1,0,anti_homophones
27741,gu1hO3,6,-6.9466895990112265,2,6.9466895990112265,1,0,0,anti_homophones
27742,zhong4hu5,9,-6.57265773981214,2,6.57265773981214,1,0,0,anti_homophones
27743,yan1qi4,7,-5.577330126759759,2,5.577330126759759,1,0,6,anti_homophones
27744,meng2ren2,9,-5.999816025325362,2,5.999816025325362,1,0,6,anti_homophones
27745,zi4lO5,6,-6.646192108005711,2,6.646192108005711,1,0,0,anti_homophones
27746,da4pLn2,7,-5.939425159348683,2,5.939425159348683,1,0,4,anti_homophones
27747,jK3ci2,6,-5.92271847227534,2,5.92271847227534,1,0,3,anti_homophones
27748,ri4hU4,6,-5.528950421144257,2,5.528950421144257,1,0,6,anti_homophones
27749,jM3lun2,7,-6.419221693450368,2,6.419221693450368,1,0,1,anti_homophones
27750,xin4fa3,7,-5.996472086911563,2,5.996472086911563,1,0,2,anti_homophones
27751,tong3ru4,8,-6.410460918085112,2,6.410460918085112,1,0,1,anti_homophones
27752,zhi4shu4,8,-5.584067791157349,2,5.584067791157349,1,0,5,anti_homophones
27753,lin2me5,7,-6.754435737290295,2,6.754435737290295,1,0,0,anti_homophones
27754,qing4zhu4,9,-5.835754832017804,2,5.835754832017804,1,1,6,anti_homophones
27755,lK4fE1,6,-6.878937471667865,2,6.878937471667865,1,0,1,anti_homophones
27756,ke3kQ3,6,-5.614350690281911,2,5.614350690281911,1,0,6,anti_homophones
27757,qLng3xi1,8,-6.7191154783715925,2,6.7191154783715925,1,0,4,anti_homophones
27758,dQ1feng1,8,-6.012151653334169,2,6.012151653334169,1,0,0,anti_homophones
27759,lan2bu4,7,-5.802327464831141,2,5.802327464831141,1,0,5,anti_homophones
27760,bi2li3,6,-6.387799671360964,2,6.387799671360964,1,0,5,anti_homophones
27761,ming1tM1,8,-6.860051335373545,2,6.860051335373545,1,0,0,anti_homophones
27762,shan4shi3,9,-6.004949155071571,2,6.004949155071571,1,0,3,anti_homophones
27763,xLn1kang3,9,-7.351884843641689,2,7.351884843641689,1,0,0,anti_homophones
27764,zO1nong2,8,-6.307512555558826,2,6.307512555558826,1,1,0,anti_homophones
27765,ju4e2,5,-5.753346682104235,2,5.753346682104235,1,0,6,anti_homophones
27766,dan3zA3,7,-7.1740466481459,2,7.1740466481459,1,0,0,anti_homophones
27767,gu1a1,5,-6.011505724568996,2,6.011505724568996,1,0,0,anti_homophones
27768,chUn3lun4,9,-6.740280481900385,2,6.740280481900385,1,0,0,anti_homophones
27769,qW2si1,6,-6.332730324907198,2,6.332730324907198,1,0,0,anti_homophones
27770,qLng3tan2,9,-6.712790304870892,2,6.712790304870892,1,0,0,anti_homophones
27771,hI2bi3,6,-5.970170391102043,2,5.970170391102043,1,0,4,anti_homophones
27772,pLn1mu4,7,-6.620500439787237,2,6.620500439787237,1,0,1,anti_homophones
27773,da3pan4,7,-6.047233428060749,2,6.047233428060749,1,0,6,anti_homophones
27774,ba2chi4,7,-6.798086481390197,2,6.798086481390197,1,0,0,anti_homophones
27775,bLn1yC4,7,-5.692428375180317,2,5.692428375180317,1,0,2,anti_homophones
27776,gO3ren2,7,-5.253760586893032,2,5.253760586893032,1,0,4,anti_homophones
27777,yin4she4,8,-6.478977916670518,2,6.478977916670518,1,0,0,anti_homophones
27778,hI2bLn1,7,-5.76665615857544,2,5.76665615857544,1,0,3,anti_homophones
27779,qW1xM4,6,-6.435887584625925,2,6.435887584625925,1,0,4,anti_homophones
27780,zhi1xing2,9,-5.382236388134857,2,5.382236388134857,1,0,5,anti_homophones
27781,qi2hV4,6,-5.724445661608808,2,5.724445661608808,1,0,7,anti_homophones
27782,qLn2shen1,9,-6.017764906749744,2,6.017764906749744,1,0,3,anti_homophones
27783,chu3xu4,7,-6.090915393632107,2,6.090915393632107,1,0,1,anti_homophones
27784,jLng3xL4,8,-6.639034078792187,2,6.639034078792187,1,0,1,anti_homophones
27785,deng2chu1,9,-6.494926764780841,2,6.494926764780841,1,0,0,anti_homophones
27786,chV1si3,7,-6.715369957715831,2,6.715369957715831,1,0,0,anti_homophones
27787,la3ban4,7,-5.320327755034079,2,5.320327755034079,1,0,2,anti_homophones
27788,deng1lK2,8,-6.352597417426251,2,6.352597417426251,1,0,0,anti_homophones
27789,shi4ting4,9,-5.846334137894521,2,5.846334137894521,1,0,4,anti_homophones
27790,yu3ru3,6,-6.259535729636954,2,6.259535729636954,1,0,1,anti_homophones
27791,yin3jW3,7,-5.979703218526256,2,5.979703218526256,1,0,1,anti_homophones
27792,yi1shO1,7,-5.654915315826448,2,5.654915315826448,1,0,6,anti_homophones
27793,shV4che1,8,-5.651628029965168,2,5.651628029965168,1,0,3,anti_homophones
27794,zhen1xi3,8,-6.076194294596525,2,6.076194294596525,1,0,3,anti_homophones
27795,ling2lun4,9,-6.558613317722784,2,6.558613317722784,1,0,1,anti_homophones
27796,shI3xLn4,8,-5.131807242407399,2,5.131807242407399,1,0,4,anti_homophones
27797,nv3ji1,6,-6.055000416392154,2,6.055000416392154,1,0,2,anti_homophones
27798,ju3qLng1,8,-6.920790982240347,2,6.920790982240347,1,0,2,anti_homophones
27799,xW3he2,6,-5.138401732655872,2,5.138401732655872,1,0,4,anti_homophones
27800,he2tun2,7,-7.057762101762195,2,7.057762101762195,1,0,1,anti_homophones
27801,hU1qUn2,7,-5.5247345444326905,2,5.5247345444326905,1,0,1,anti_homophones
27802,qC4ding1,8,-6.752941378786965,2,6.752941378786965,1,0,0,anti_homophones
27803,shV1chan4,9,-6.171259694783046,2,6.171259694783046,1,0,2,anti_homophones
27804,nang3qi1,8,-7.255614878249861,2,7.255614878249861,1,0,1,anti_homophones
27805,zhI1lv4,7,-5.971811224614677,2,5.971811224614677,1,0,1,anti_homophones
27806,zQ4ji1,6,-5.459515254782127,2,5.459515254782127,1,0,5,anti_homophones
27807,wu2yang3,8,-5.555705377887908,2,5.555705377887908,1,0,2,anti_homophones
27808,gO2li4,6,-5.572922202460725,2,5.572922202460725,1,0,6,anti_homophones
27809,hU4yi4,6,-5.6284710287727515,2,5.6284710287727515,1,0,8,anti_homophones
27810,gQ2ke4,6,-7.852511097988907,2,7.852511097988907,1,0,2,anti_homophones
27811,xin1ran2,8,-5.345814130419469,2,5.345814130419469,1,1,2,anti_homophones
27812,gong1shen1,10,-5.9948233590074755,2,5.9948233590074755,1,0,2,anti_homophones
27813,gong4zQ3,8,-6.543367429777283,2,6.543367429777283,1,0,1,anti_homophones
27814,bu4ping4,8,-5.522109670684928,2,5.522109670684928,1,0,6,anti_homophones
27815,xM3tong1,8,-6.869436810479727,2,6.869436810479727,1,0,0,anti_homophones
27816,ye1chUn1,8,-7.146484274410188,2,7.146484274410188,1,0,2,anti_homophones
27817,zhang1yang4,11,-6.660135210445617,2,6.660135210445617,1,0,1,anti_homophones
27818,ru2lUn4,7,-6.659905533335426,2,6.659905533335426,1,0,1,anti_homophones
27819,xu1mi2,6,-6.447380368884796,2,6.447380368884796,1,0,3,anti_homophones
27820,long2deng2,10,-7.390029613920457,2,7.390029613920457,1,0,0,anti_homophones
27821,zhu2bu4,7,-5.918320621309485,2,5.918320621309485,1,0,1,anti_homophones
27822,ping4zhang2,11,-6.6286030875373205,2,6.6286030875373205,1,0,1,anti_homophones
27823,lLng3xi1,8,-6.715160743852052,2,6.715160743852052,1,0,1,anti_homophones
27824,qLn2qin5,8,-7.512695569649089,2,7.512695569649089,1,0,0,anti_homophones
27825,ji4zheng1,9,-5.729407580251933,2,5.729407580251933,1,0,2,anti_homophones
27826,la1hu1,6,-6.356567306020684,2,6.356567306020684,1,0,3,anti_homophones
27827,sheng1zhen1,11,-6.051783823289566,2,6.051783823289566,1,0,0,anti_homophones
27828,zhang4yi2,9,-6.507341633784487,2,6.507341633784487,1,0,2,anti_homophones
27829,wu4sUn1,7,-6.4425420851595065,2,6.4425420851595065,1,0,3,anti_homophones
27830,hU1cI4,6,-6.686676532996179,2,6.686676532996179,1,0,1,anti_homophones
27831,an1wang1,8,-6.483573432619935,2,6.483573432619935,1,0,1,anti_homophones
27832,rong4can2,9,-7.34902321356956,2,7.34902321356956,1,0,1,anti_homophones
27833,jLn1qLng4,9,-6.135908143664896,2,6.135908143664896,1,0,1,anti_homophones
27834,song2hV2,8,-7.382590812320151,2,7.382590812320151,1,0,0,anti_homophones
27835,kA1ba1,6,-5.669077302218559,2,5.669077302218559,1,0,4,anti_homophones
27836,wu2qLn1,7,-5.666718387086825,2,5.666718387086825,1,0,3,anti_homophones
27837,xing1san4,9,-6.9145347504445125,2,6.9145347504445125,1,0,2,anti_homophones
27838,geng2qu3,8,-6.899806509008642,2,6.899806509008642,1,0,0,anti_homophones
27839,gU1gO3,6,-5.848444718200312,2,5.848444718200312,1,0,0,anti_homophones
27840,xL4xLng4,8,-5.458926489215898,2,5.458926489215898,1,0,6,anti_homophones
27841,ben3dA4,7,-5.812519822379424,2,5.812519822379424,1,0,1,anti_homophones
27842,bLn1zhe5,8,-6.475224829621864,2,6.475224829621864,1,0,0,anti_homophones
27843,ying1ya3,8,-6.9819087260172985,2,6.9819087260172985,1,0,1,anti_homophones
27844,jing2hU4,8,-5.138951124180126,2,5.138951124180126,1,0,6,anti_homophones
27845,gA4en1,6,-7.392637814984196,2,7.392637814984196,1,0,0,anti_homophones
27846,jun1ye4,7,-5.3117991141023655,2,5.3117991141023655,1,0,3,anti_homophones
27847,kI1jK3,6,-6.309370812671384,2,6.309370812671384,1,0,1,anti_homophones
27848,jun1hun2,8,-6.665200430879213,2,6.665200430879213,1,0,1,anti_homophones
27849,sheng1hI3,9,-6.129574242338208,2,6.129574242338208,1,0,0,anti_homophones
27850,du2gu3,6,-5.949791104436758,2,5.949791104436758,1,0,4,anti_homophones
27851,chu4du3,7,-7.598746788629843,2,7.598746788629843,1,0,0,anti_homophones
27852,gan1qi4,7,-5.286333483357953,2,5.286333483357953,1,0,8,anti_homophones
27853,bin1li4,7,-5.923089086618366,2,5.923089086618366,1,0,4,anti_homophones
27854,za2she4,7,-6.151198672578191,2,6.151198672578191,1,0,1,anti_homophones
27855,chUn1meng2,10,-7.3871513088049605,2,7.3871513088049605,1,0,1,anti_homophones
27856,xLng4zhang4,11,-6.128241212218046,2,6.128241212218046,1,0,2,anti_homophones
27857,shI3ming4,9,-5.805406756997591,2,5.805406756997591,1,0,2,anti_homophones
27858,nUn3shi4,8,-5.8259344077864235,2,5.8259344077864235,1,0,4,anti_homophones
27859,lQ3ping2,8,-5.7591905837993895,2,5.7591905837993895,1,0,1,anti_homophones
27860,tA2jL1,6,-5.89865986735203,2,5.89865986735203,1,0,1,anti_homophones
27861,sha1mu4,7,-5.856578576268997,2,5.856578576268997,1,0,1,anti_homophones
27862,hUng1xin4,9,-6.207743618462056,2,6.207743618462056,1,0,1,anti_homophones
27863,zhong1che1,10,-5.532976615097404,2,5.532976615097404,1,0,2,anti_homophones
27864,bQ1fu4,6,-6.000235909980875,2,6.000235909980875,1,0,1,anti_homophones
27865,kUng2bQ1,8,-6.776537010536023,2,6.776537010536023,1,0,1,anti_homophones
27866,gO2mLn4,7,-6.021911000131066,2,6.021911000131066,1,0,2,anti_homophones
27867,rQ2shi4,7,-5.912297633892731,2,5.912297633892731,1,0,6,anti_homophones
27868,dan1lW4,7,-6.684278749209986,2,6.684278749209986,1,0,1,anti_homophones
27869,bM2yu2,6,-5.9149503647843815,2,5.9149503647843815,1,0,5,anti_homophones
27870,zan4mLn4,8,-6.2334290904882375,2,6.2334290904882375,1,0,7,anti_homophones
27871,zO4zhi4,7,-5.125410416380459,2,5.125410416380459,1,0,8,anti_homophones
27872,qW4ping2,8,-6.4909164265365344,2,6.4909164265365344,1,0,0,anti_homophones
27873,hUn2qi4,7,-5.5674516436359065,2,5.5674516436359065,1,0,2,anti_homophones
27874,zong2sheng4,11,-6.566519286189682,2,6.566519286189682,1,0,2,anti_homophones
27875,san1ming2,9,-6.046667100010736,2,6.046667100010736,1,0,1,anti_homophones
27876,bi4lun4,7,-6.0193943992377585,2,6.0193943992377585,1,0,3,anti_homophones
27877,dLn3ye4,7,-5.524135854309172,2,5.524135854309172,1,0,6,anti_homophones
27878,zhUn3du2,8,-6.657596885709518,2,6.657596885709518,1,0,1,anti_homophones
27879,dQ4su4,6,-5.90403539640076,2,5.90403539640076,1,0,5,anti_homophones
27880,tW4qu4,6,-6.279004547931896,2,6.279004547931896,1,0,2,anti_homophones
27881,hUn3sO3,7,-6.691166029517079,2,6.691166029517079,1,0,2,anti_homophones
27882,gu3tA1,6,-6.646306269373988,2,6.646306269373988,1,0,1,anti_homophones
27883,shV3jLn4,8,-5.3518238315154765,2,5.3518238315154765,1,0,2,anti_homophones
27884,yang4jL4,8,-6.013127603389372,2,6.013127603389372,1,0,3,anti_homophones
27885,xC2jLn1,7,-5.408875978608043,2,5.408875978608043,1,0,2,anti_homophones
27886,qing2lK2,8,-5.713884670757977,2,5.713884670757977,1,0,2,anti_homophones
27887,yan2hI4,7,-5.3160479843377,2,5.3160479843377,1,0,6,anti_homophones
27888,gA4lv4,6,-5.4696923239214925,2,5.4696923239214925,1,1,9,anti_homophones
27889,zheng4li4,9,-5.4963915258646665,2,5.4963915258646665,1,0,1,anti_homophones
27890,yi1sUn4,7,-5.397253527509363,2,5.397253527509363,1,0,8,anti_homophones
27891,qing2pW4,8,-5.943691953006752,2,5.943691953006752,1,0,4,anti_homophones
27892,lQ3zhi4,7,-5.278466000930142,2,5.278466000930142,1,0,8,anti_homophones
27893,ke1su2,6,-6.369974106171875,2,6.369974106171875,1,0,1,anti_homophones
27894,zhu3zheng1,10,-5.994399764565612,2,5.994399764565612,1,0,3,anti_homophones
27895,xC3sing1,8,-10.597249658886872,2,10.597249658886872,1,0,0,anti_homophones
27896,fu3tV5,6,-6.358678913895468,2,6.358678913895468,1,0,6,anti_homophones
27897,dQ4ban4,7,-6.057042468747174,2,6.057042468747174,1,0,3,anti_homophones
27898,gong1hUn1,9,-6.339547479096671,2,6.339547479096671,1,0,3,anti_homophones
27899,tan2ju2,7,-6.3064171547714345,2,6.3064171547714345,1,0,2,anti_homophones
27900,shang3fang4,11,-6.6674492070161815,2,6.6674492070161815,1,0,2,anti_homophones
27901,yin1chan4,9,-5.976707402401439,2,5.976707402401439,1,0,1,anti_homophones
27902,ren4rQ2,7,-7.492176580605476,2,7.492176580605476,1,0,0,anti_homophones
27903,zhen2xi2,8,-6.492200424256079,2,6.492200424256079,1,0,2,anti_homophones
27904,zhUng2wE4,9,-6.007122628528361,2,6.007122628528361,1,0,4,anti_homophones
27905,yQ4lin2,7,-6.2673011191559755,2,6.2673011191559755,1,0,0,anti_homophones
27906,qLn1xK4,7,-6.653905601432148,2,6.653905601432148,1,0,0,anti_homophones
27907,wen3zA3,7,-7.310123842663657,2,7.310123842663657,1,0,0,anti_homophones
27908,pE2dong2,8,-6.491232322905812,2,6.491232322905812,1,0,0,anti_homophones
27909,mA2tLn1,7,-6.152458514524139,2,6.152458514524139,1,0,0,anti_homophones
27910,pi1pQ4,6,-5.4435744957596155,2,5.4435744957596155,1,0,4,anti_homophones
27911,xLn3dQ4,7,-5.782019854615193,2,5.782019854615193,1,0,4,anti_homophones
27912,yi4ci3,6,-6.209055448223962,2,6.209055448223962,1,0,6,anti_homophones
27913,da4man2,7,-5.836000895342427,2,5.836000895342427,1,0,7,anti_homophones
27914,tu2lv4,6,-6.126977960039093,2,6.126977960039093,1,0,5,anti_homophones
27915,nan2ci2,7,-6.110062418821506,2,6.110062418821506,1,0,0,anti_homophones
27916,nong2chA1,9,-7.994875860103898,2,7.994875860103898,1,0,0,anti_homophones
27917,tM3lLn2,7,-5.908951632386531,2,5.908951632386531,1,0,0,anti_homophones
27918,bLn4yUn4,8,-6.214042091079209,2,6.214042091079209,1,0,1,anti_homophones
27919,zhi2xu1,7,-6.460661530936206,2,6.460661530936206,1,0,2,anti_homophones
27920,qLn1jin1,8,-5.912214001255365,2,5.912214001255365,1,0,1,anti_homophones
27921,gang2shi4,9,-5.8581472159233225,2,5.8581472159233225,1,0,5,anti_homophones
27922,lO4zhang2,9,-6.92428667048588,2,6.92428667048588,1,0,1,anti_homophones
27923,wu1zhV1,7,-7.0976908505433896,2,7.0976908505433896,1,0,0,anti_homophones
27924,qin1ji2,7,-5.729442755690253,2,5.729442755690253,1,0,3,anti_homophones
27925,ling1zhan3,10,-6.738903516047676,2,6.738903516047676,1,0,0,anti_homophones
27926,ren2dUn4,8,-5.866938693299108,2,5.866938693299108,1,0,2,anti_homophones
27927,zi4an1,6,-6.4899118914778455,2,6.4899118914778455,1,0,0,anti_homophones
27928,wE3kA3,6,-8.070285518712955,2,8.070285518712955,1,0,0,anti_homophones
27929,mu4bW1,6,-5.9973334141655785,2,5.9973334141655785,1,0,2,anti_homophones
27930,zhV4shan4,9,-7.043712665652792,2,7.043712665652792,1,0,0,anti_homophones
27931,po4hP4,6,-5.2211375399861915,2,5.2211375399861915,1,0,1,anti_homophones
27932,A4qUn2,6,-4.8529819620304835,2,4.8529819620304835,1,1,7,anti_homophones
27933,jM2gong3,8,-6.131163922821367,2,6.131163922821367,1,0,1,anti_homophones
27934,fu4yi4,6,-4.752461607759235,2,4.752461607759235,1,0,12,anti_homophones
27935,ji1pi2,6,-5.699183139914021,2,5.699183139914021,1,0,3,anti_homophones
27936,wE2jin1,7,-5.841638322544,2,5.841638322544,1,0,5,anti_homophones
27937,bA2hong1,8,-6.559568558392446,2,6.559568558392446,1,0,2,anti_homophones
27938,hO3jin3,7,-6.246492829670877,2,6.246492829670877,1,0,2,anti_homophones
27939,can1gUn1,8,-5.943212195867152,2,5.943212195867152,1,0,3,anti_homophones
27940,dLn4mLn4,8,-5.4339293258999,2,5.4339293258999,1,0,4,anti_homophones
27941,lan4li4,7,-6.119030843901552,2,6.119030843901552,1,0,7,anti_homophones
27942,yong2wan2,9,-6.929879837235039,2,6.929879837235039,1,0,2,anti_homophones
27943,tang1shu3,9,-7.031196187517414,2,7.031196187517414,1,0,1,anti_homophones
27944,zi4si1,6,-5.783009047311682,2,5.783009047311682,1,0,6,anti_homophones
27945,gu4xin4,7,-6.619952117954742,2,6.619952117954742,1,0,1,anti_homophones
27946,ye3xLng3,8,-6.573693978871605,2,6.573693978871605,1,0,1,anti_homophones
27947,zhu1ping3,9,-7.1658240442182795,2,7.1658240442182795,1,0,1,anti_homophones
27948,shen1tV2,8,-5.336561310453824,2,5.336561310453824,1,0,2,anti_homophones
27949,hE1mA1,6,-6.858317704019785,2,6.858317704019785,1,0,0,anti_homophones
27950,bQ4bA4,6,-6.159671146137255,2,6.159671146137255,1,0,2,anti_homophones
27951,zhen4yan2,9,-6.342376752218234,2,6.342376752218234,1,0,0,anti_homophones
27952,ke3xin4,7,-5.596944250542239,2,5.596944250542239,1,0,0,anti_homophones
27953,yi3wE4,6,-5.047980655847396,2,5.047980655847396,1,0,9,anti_homophones
27954,bQ4zhe3,7,-5.282890797630915,2,5.282890797630915,1,1,2,anti_homophones
27955,tan1jLn4,8,-6.065899467040307,2,6.065899467040307,1,0,5,anti_homophones
27956,yi1tW2,6,-5.307168422323401,2,5.307168422323401,1,0,5,anti_homophones
27957,wu4dQ4,6,-6.274175098392417,2,6.274175098392417,1,0,5,anti_homophones
27958,nv3hA3,6,-5.7189594875098155,2,5.7189594875098155,1,0,0,anti_homophones
27959,qi2shi3,7,-5.597433198957269,2,5.597433198957269,1,0,6,anti_homophones
27960,hA1shu4,7,-7.18446840380032,2,7.18446840380032,1,0,5,anti_homophones
27961,yC4la1,6,-6.790583529563439,2,6.790583529563439,1,0,0,anti_homophones
27962,ban4yu3,7,-5.848488000240396,2,5.848488000240396,1,0,5,anti_homophones
27963,pi2hu4,6,-6.316539157775885,2,6.316539157775885,1,0,9,anti_homophones
27964,qing4zQ4,8,-6.01447310345526,2,6.01447310345526,1,0,3,anti_homophones
27965,jC2she4,7,-5.717400910760999,2,5.717400910760999,1,0,3,anti_homophones
27966,sQ3dan4,7,-6.157233526809665,2,6.157233526809665,1,0,0,anti_homophones
27967,hU2xin1,7,-5.340124748019725,2,5.340124748019725,1,0,3,anti_homophones
27968,qin2pW4,7,-6.025904049825948,2,6.025904049825948,1,0,2,anti_homophones
27969,zhu1shu4,8,-5.8352141818626375,2,5.8352141818626375,1,0,6,anti_homophones
27970,qing1da4,8,-6.445596293704844,2,6.445596293704844,1,0,6,anti_homophones
27971,xC2xing4,8,-5.570670296843757,2,5.570670296843757,1,0,4,anti_homophones
27972,sheng4zi5,9,-5.194708009273785,2,5.194708009273785,1,0,2,anti_homophones
27973,an1cheng4,9,-6.275168557201092,2,6.275168557201092,1,0,1,anti_homophones
27974,yin1pan4,8,-6.313535480698995,2,6.313535480698995,1,0,3,anti_homophones
27975,chP3tV5,7,-6.123099332256018,2,6.123099332256018,1,0,0,anti_homophones
27976,gong3cA4,8,-6.6409140124586585,2,6.6409140124586585,1,0,1,anti_homophones
27977,mV2fa3,6,-6.107924392959978,2,6.107924392959978,1,0,2,anti_homophones
27978,zhQ1sun3,8,-6.606484081232628,2,6.606484081232628,1,0,0,anti_homophones
27979,qi4gO2,6,-5.818681632163527,2,5.818681632163527,1,0,2,anti_homophones
27980,chu4zang1,9,-7.391229982965718,2,7.391229982965718,1,0,0,anti_homophones
27981,ying2ban1,9,-6.270652496247027,2,6.270652496247027,1,0,2,anti_homophones
27982,jL3su4,6,-6.478934627734468,2,6.478934627734468,1,0,1,anti_homophones
27983,qin1dI4,7,-6.224170887087809,2,6.224170887087809,1,1,3,anti_homophones
27984,e1yang4,7,-6.4004856015214076,2,6.4004856015214076,1,1,0,anti_homophones
27985,chun3shang4,11,-6.930719575915789,2,6.930719575915789,1,0,0,anti_homophones
27986,chen1wu4,8,-5.991084774144179,2,5.991084774144179,1,0,0,anti_homophones
27987,yan2xLng3,9,-5.9747309753792965,2,5.9747309753792965,1,0,0,anti_homophones
27988,ji2nv3,6,-6.384051057492496,2,6.384051057492496,1,0,2,anti_homophones
27989,gen1gQ3,7,-6.9957014986708685,2,6.9957014986708685,1,0,1,anti_homophones
27990,cong3dM2,8,-7.2569629697029745,2,7.2569629697029745,1,0,0,anti_homophones
27991,gu1qW4,6,-7.149962428641109,2,7.149962428641109,1,0,2,anti_homophones
27992,chong2ying2,11,-6.976046564488165,2,6.976046564488165,1,0,1,anti_homophones
27993,can2er2,7,-5.866359085514408,2,5.866359085514408,1,0,2,anti_homophones
27994,dong2hu4,8,-6.560508885506103,2,6.560508885506103,1,0,4,anti_homophones
27995,qi2bing2,8,-6.119649694095946,2,6.119649694095946,1,0,1,anti_homophones
27996,nK2feng2,8,-6.620848276688268,2,6.620848276688268,1,0,1,anti_homophones
27997,bA4jLng4,8,-6.131347075841872,2,6.131347075841872,1,0,1,anti_homophones
27998,wE2shan4,8,-6.302771679616508,2,6.302771679616508,1,0,1,anti_homophones
27999,ben3yQ4,7,-6.1507859165400935,2,6.1507859165400935,1,0,2,anti_homophones
28000,shV3pA4,7,-5.796861559250945,2,5.796861559250945,1,0,1,anti_homophones
28001,zhong1bu4,9,-5.681565024375591,2,5.681565024375591,1,0,6,anti_homophones
28002,lK2cQ3,6,-5.986558275140694,2,5.986558275140694,1,1,0,anti_homophones
28003,jW1jL4,6,-5.007436875154738,2,5.007436875154738,1,0,8,anti_homophones
28004,fen2ji1,7,-6.392956352109885,2,6.392956352109885,1,0,4,anti_homophones
28005,he2zE4,6,-8.16951329537597,2,8.16951329537597,1,0,2,anti_homophones
28006,yu2wu4,6,-4.966570113579965,2,4.966570113579965,1,1,6,anti_homophones
28007,zhi1di4,7,-5.168793073039155,2,5.168793073039155,1,1,10,anti_homophones
28008,lQ3wE5,6,-7.379727525363484,2,7.379727525363484,1,0,3,anti_homophones
28009,wA4shI3,7,-5.6017582960337515,2,5.6017582960337515,1,0,2,anti_homophones
28010,da3ban1,7,-5.48006248990433,2,5.48006248990433,1,0,5,anti_homophones
28011,ji4ju1,6,-5.811208731561752,2,5.811208731561752,1,0,4,anti_homophones
28012,zhang3dV4,9,-6.641346381357958,2,6.641346381357958,1,0,1,anti_homophones
28013,ta4bi4,6,-6.2626577113769955,2,6.2626577113769955,1,0,2,anti_homophones
28014,zO4tong4,8,-7.043197329625274,2,7.043197329625274,1,0,1,anti_homophones
28015,jC2wE4,6,-5.524995185411232,2,5.524995185411232,1,1,2,anti_homophones
28016,zhi3pi2,7,-6.100471292948718,2,6.100471292948718,1,0,2,anti_homophones
28017,shO4qW2,7,-7.519207192346021,2,7.519207192346021,1,0,0,anti_homophones
28018,kong1xing3,10,-6.398375518072103,2,6.398375518072103,1,0,0,anti_homophones
28019,xC2jLn4,7,-5.054496932331285,2,5.054496932331285,1,0,5,anti_homophones
28020,gQ1gQ3,6,-5.353187273159207,2,5.353187273159207,1,0,2,anti_homophones
28021,shan1zhi2,9,-6.2702564779148755,2,6.2702564779148755,1,0,2,anti_homophones
28022,la1hQ4,6,-6.610858724883468,2,6.610858724883468,1,0,3,anti_homophones
28023,dQ3ren2,7,-5.209819968095993,2,5.209819968095993,1,0,4,anti_homophones
28024,wE4shi1,7,-5.598669522417524,2,5.598669522417524,1,0,3,anti_homophones
28025,ling1qUn3,9,-7.302884490621276,2,7.302884490621276,1,0,1,anti_homophones
28026,yi1sheng2,9,-5.128337480063919,2,5.128337480063919,1,0,6,anti_homophones
28027,xYng2hu5,8,-6.629262807233508,2,6.629262807233508,1,0,2,anti_homophones
28028,bA2gu3,6,-5.381912353429835,2,5.381912353429835,1,0,2,anti_homophones
28029,yin1gO3,7,-6.03321923435764,2,6.03321923435764,1,0,1,anti_homophones
28030,e4rong4,7,-6.557628810618038,2,6.557628810618038,1,0,0,anti_homophones
28031,lV2shun4,8,-7.787527765890327,2,7.787527765890327,1,0,0,anti_homophones
28032,tO1fa3,6,-5.742179413375801,2,5.742179413375801,1,0,3,anti_homophones
28033,chang4si4,9,-6.806431182193041,2,6.806431182193041,1,0,4,anti_homophones
28034,wE3dQ4,6,-5.456458139867589,2,5.456458139867589,1,0,0,anti_homophones
28035,tu1feng2,8,-6.202726855640097,2,6.202726855640097,1,0,1,anti_homophones
28036,cang1yUn3,9,-7.49607326909647,2,7.49607326909647,1,0,1,anti_homophones
28037,jM3tW4,6,-6.246212708973136,2,6.246212708973136,1,0,1,anti_homophones
28038,ce4sheng3,9,-6.777081172791266,2,6.777081172791266,1,0,1,anti_homophones
28039,dI4xLn4,7,-5.79387065634807,2,5.79387065634807,1,0,5,anti_homophones
28040,te4qi4,6,-4.982976911083082,2,4.982976911083082,1,0,7,anti_homophones
28041,yin2ji1,7,-5.64801890845018,2,5.64801890845018,1,0,7,anti_homophones
28042,sI2xLn3,7,-6.08052818371725,2,6.08052818371725,1,0,3,anti_homophones
28043,shi4li3,7,-5.251769892825191,2,5.251769892825191,1,0,7,anti_homophones
28044,xW3qi4,6,-4.605131480204944,2,4.605131480204944,1,1,15,anti_homophones
28045,xL4sheng1,9,-5.585063801973778,2,5.585063801973778,1,0,3,anti_homophones
28046,pin4shang2,10,-7.36574818860644,2,7.36574818860644,1,0,2,anti_homophones
28047,ji1li5,6,-5.5565750427141065,2,5.5565750427141065,1,1,3,anti_homophones
28048,mE3shi4,7,-4.9593267363008176,2,4.9593267363008176,1,0,4,anti_homophones
28049,shV1qing3,9,-6.378279775574799,2,6.378279775574799,1,1,1,anti_homophones
28050,zhe3zQ4,7,-7.7219686579698505,2,7.7219686579698505,1,0,0,anti_homophones
28051,ban4li4,7,-5.293009146227367,2,5.293009146227367,1,0,10,anti_homophones
28052,tW2xC2,6,-5.713143897525788,2,5.713143897525788,1,0,2,anti_homophones
28053,chan4zhi4,9,-5.819071510371796,2,5.819071510371796,1,0,1,anti_homophones
28054,kong2gu4,8,-6.968442926906142,2,6.968442926906142,1,0,1,anti_homophones
28055,lQ2dO3,6,-6.2274737335792265,2,6.2274737335792265,1,0,1,anti_homophones
28056,hang3jM4,8,-6.716392679742865,2,6.716392679742865,1,0,1,anti_homophones
28057,shang4shV3,10,-6.0460363577252485,2,6.0460363577252485,1,0,0,anti_homophones
28058,mA4gV3,6,-6.4631512825044215,2,6.4631512825044215,1,0,1,anti_homophones
28059,hA3yong4,8,-5.958021770035543,2,5.958021770035543,1,0,2,anti_homophones
28060,nE4zu1,6,-7.639505039875376,2,7.639505039875376,1,0,0,anti_homophones
28061,pu3bu4,6,-6.088960639469499,2,6.088960639469499,1,0,3,anti_homophones
28062,ji3xu3,6,-7.130599423744389,2,7.130599423744389,1,0,0,anti_homophones
28063,gUn1yong4,9,-6.077405594099023,2,6.077405594099023,1,0,2,anti_homophones
28064,ji2zhan1,8,-6.477149683788907,2,6.477149683788907,1,0,0,anti_homophones
28065,ri4ci2,6,-5.661445972905609,2,5.661445972905609,1,0,3,anti_homophones
28066,xW3ling4,8,-6.124141489225712,2,6.124141489225712,1,0,3,anti_homophones
28067,he2gu3,6,-5.651912757006886,2,5.651912757006886,1,0,5,anti_homophones
28068,leng1yun2,9,-6.711919934931854,2,6.711919934931854,1,0,1,anti_homophones
28069,kong2lu2,8,-6.8797410426452075,2,6.8797410426452075,1,0,2,anti_homophones
28070,xin1dQ4,7,-5.360738104354658,2,5.360738104354658,1,0,4,anti_homophones
28071,mLn4qing3,9,-6.829611315995645,2,6.829611315995645,1,0,0,anti_homophones
28072,an1cha1,7,-6.382816590920108,2,6.382816590920108,1,0,0,anti_homophones
28073,man3zO3,7,-8.128575203338263,2,8.128575203338263,1,0,0,anti_homophones
28074,ran2zhen2,9,-6.661117909425071,2,6.661117909425071,1,0,1,anti_homophones
28075,zhen2dUn3,9,-6.848693679810085,2,6.848693679810085,1,0,1,anti_homophones
28076,bi3fu4,6,-5.509405191464714,2,5.509405191464714,1,0,2,anti_homophones
28077,yang2mQ4,8,-6.1452817832324165,2,6.1452817832324165,1,0,6,anti_homophones
28078,shan4sheng3,11,-6.512241888941012,2,6.512241888941012,1,0,1,anti_homophones
28079,mLn4zhe3,8,-5.681636954664137,2,5.681636954664137,1,0,2,anti_homophones
28080,shP4xM3,7,-7.229309090175928,2,7.229309090175928,1,0,0,anti_homophones
28081,yV3sun1,7,-6.119613901355654,2,6.119613901355654,1,0,1,anti_homophones
28082,wen4zi5,7,-5.1747294711028635,2,5.1747294711028635,1,0,6,anti_homophones
28083,jing4qi4,8,-5.152394710261808,2,5.152394710261808,1,0,5,anti_homophones
28084,can1ji2,7,-5.669414077496607,2,5.669414077496607,1,0,1,anti_homophones
28085,tM3xL2,6,-6.242911530249851,2,6.242911530249851,1,0,1,anti_homophones
28086,jK4zhen2,8,-5.969290205225399,2,5.969290205225399,1,0,1,anti_homophones
28087,shV3qLng3,9,-6.330571808105092,2,6.330571808105092,1,0,1,anti_homophones
28088,cha2ji2,7,-5.483609082698604,2,5.483609082698604,1,0,4,anti_homophones
28089,xing2yin1,9,-6.180710550752362,2,6.180710550752362,1,0,4,anti_homophones
28090,ba3shu1,7,-6.2518495741924465,2,6.2518495741924465,1,0,2,anti_homophones
28091,ji1chu4,7,-5.900891894057225,2,5.900891894057225,1,0,3,anti_homophones
28092,gA3hO4,6,-5.485323186867236,2,5.485323186867236,1,0,5,anti_homophones
28093,du2tM4,6,-7.35370759367826,2,7.35370759367826,1,0,0,anti_homophones
28094,wang2kong1,10,-6.166781574019109,2,6.166781574019109,1,0,0,anti_homophones
28095,hO3jin1,7,-5.788868369233649,2,5.788868369233649,1,0,2,anti_homophones
28096,wA4chO1,7,-7.046194965763401,2,7.046194965763401,1,0,2,anti_homophones
28097,bing3hA1,8,-8.723340713289472,2,8.723340713289472,1,0,0,anti_homophones
28098,fE1yQ2,6,-6.967229661448791,2,6.967229661448791,1,0,1,anti_homophones
28099,mi2min2,7,-5.765189495411703,2,5.765189495411703,1,0,3,anti_homophones
28100,bE1qi4,6,-5.5153152705033435,2,5.5153152705033435,1,0,6,anti_homophones
28101,fu3xUn4,7,-7.639763823054324,2,7.639763823054324,1,0,0,anti_homophones
28102,e2dUn3,6,-6.120267022035833,2,6.120267022035833,1,0,0,anti_homophones
28103,mQ4xLn2,7,-6.680690659916505,2,6.680690659916505,1,0,1,anti_homophones
28104,ye4men2,7,-5.545094872372948,2,5.545094872372948,1,1,2,anti_homophones
28105,lun2xin1,8,-6.095076476718117,2,6.095076476718117,1,0,1,anti_homophones
28106,gU1gQ4,6,-6.280251811262071,2,6.280251811262071,1,0,1,anti_homophones
28107,xLng4ping4,10,-6.262222469078013,2,6.262222469078013,1,0,0,anti_homophones
28108,jW3xM4,6,-5.640014025652497,2,5.640014025652497,1,0,3,anti_homophones
28109,chen1ting4,10,-6.521083281290857,2,6.521083281290857,1,0,0,anti_homophones
28110,ji2jLn4,7,-5.476523895127883,2,5.476523895127883,1,0,4,anti_homophones
28111,zQ3qi1,6,-6.037237966685034,2,6.037237966685034,1,0,2,anti_homophones
28112,feng2dM2,8,-6.456661364484778,2,6.456661364484778,1,0,0,anti_homophones
28113,yan4jin1,8,-6.34659229074147,2,6.34659229074147,1,0,4,anti_homophones
28114,gan3hUng4,9,-6.642078683706551,2,6.642078683706551,1,0,0,anti_homophones
28115,gong1tV2,8,-5.662978655517632,2,5.662978655517632,1,0,2,anti_homophones
28116,qUn2bing2,9,-6.282481981662132,2,6.282481981662132,1,0,3,anti_homophones
28117,hUng4jM2,8,-6.6449361804649545,2,6.6449361804649545,1,0,0,anti_homophones
28118,bQ1yong3,8,-7.325318701716893,2,7.325318701716893,1,0,0,anti_homophones
28119,xM1xL1,6,-7.682534083361796,2,7.682534083361796,1,0,1,anti_homophones
28120,gan3xL4,7,-5.977065337302976,2,5.977065337302976,1,0,3,anti_homophones
28121,du1nong3,8,-7.026991332010601,2,7.026991332010601,1,0,0,anti_homophones
28122,yong2gan3,9,-6.654370944168683,2,6.654370944168683,1,0,1,anti_homophones
28123,bQ1xLn4,7,-5.915732153981087,2,5.915732153981087,1,0,4,anti_homophones
28124,hA4tV2,6,-6.747420924786083,2,6.747420924786083,1,0,5,anti_homophones
28125,zhUng2ji2,9,-6.222188648496945,2,6.222188648496945,1,0,2,anti_homophones
28126,ban1ku3,7,-6.486248796869823,2,6.486248796869823,1,0,0,anti_homophones
28127,qing1shang1,11,-6.52794388803736,2,6.52794388803736,1,0,0,anti_homophones
28128,dang2mLn4,9,-6.118727949466758,2,6.118727949466758,1,0,3,anti_homophones
28129,sheng2xLn1,10,-6.270083380467973,2,6.270083380467973,1,0,3,anti_homophones
28130,e4yV3,5,-5.834178629141514,2,5.834178629141514,1,0,1,anti_homophones
28131,feng2ren2,9,-5.264035144431754,2,5.264035144431754,1,0,6,anti_homophones
28132,pin2he2,7,-6.246329353552242,2,6.246329353552242,1,0,1,anti_homophones
28133,lUn4zi5,7,-5.61603278233495,2,5.61603278233495,1,0,3,anti_homophones
28134,xu1tu2,6,-6.440309077440914,2,6.440309077440914,1,0,0,anti_homophones
28135,bQ4wu4,6,-5.712038467994843,2,5.712038467994843,1,0,8,anti_homophones
28136,gI1ji2,6,-5.746318744005819,2,5.746318744005819,1,0,2,anti_homophones
28137,yV1xM2,6,-6.1194383155398775,2,6.1194383155398775,1,0,1,anti_homophones
28138,zheng1ran2,10,-5.985152622967402,2,5.985152622967402,1,0,1,anti_homophones
28139,qLn2fang4,9,-5.82436149569918,2,5.82436149569918,1,0,3,anti_homophones
28140,tan2wu4,7,-5.687295934121131,2,5.687295934121131,1,0,3,anti_homophones
28141,ding4beng1,10,-7.862384846330464,2,7.862384846330464,1,0,0,anti_homophones
28142,jLng1se4,8,-6.0304293874602735,2,6.0304293874602735,1,0,1,anti_homophones
28143,hI4bQ1,6,-6.476128240137042,2,6.476128240137042,1,0,3,anti_homophones
28144,zO4gan1,7,-6.285713441409414,2,6.285713441409414,1,0,0,anti_homophones
28145,an4zu2,6,-6.1763250399904575,2,6.1763250399904575,1,0,4,anti_homophones
28146,yi4bi3,6,-6.322677272315373,2,6.322677272315373,1,0,8,anti_homophones
28147,wo4feng1,8,-7.070776984923761,2,7.070776984923761,1,0,0,anti_homophones
28148,hO2wen4,7,-6.743246723284662,2,6.743246723284662,1,0,1,anti_homophones
28149,chong2wen2,10,-6.2719351189390204,2,6.2719351189390204,1,0,0,anti_homophones
28150,nu4min2,7,-6.544634854481529,2,6.544634854481529,1,0,2,anti_homophones
28151,zhi1shu1,8,-5.609679924217453,2,5.609679924217453,1,0,3,anti_homophones
28152,wu2xLn2,7,-5.72707554229686,2,5.72707554229686,1,0,4,anti_homophones
28153,he2ri4,6,-5.340624955659949,2,5.340624955659949,1,0,5,anti_homophones
28154,chQ4wE4,7,-8.015325516946941,2,8.015325516946941,1,0,2,anti_homophones
28155,hU4sha1,7,-6.3005135234686405,2,6.3005135234686405,1,0,2,anti_homophones
28156,da1deng1,8,-6.955634128683379,2,6.955634128683379,1,0,1,anti_homophones
28157,gUn3shu1,8,-6.0661977003012435,2,6.0661977003012435,1,0,2,anti_homophones
28158,tu2shang1,9,-6.686169834232987,2,6.686169834232987,1,0,0,anti_homophones
28159,ye4shQ1,7,-7.219004926549544,2,7.219004926549544,1,0,0,anti_homophones
28160,yan3xin1,8,-5.611144413009044,2,5.611144413009044,1,0,4,anti_homophones
28161,hUn3la4,7,-6.779022264603761,2,6.779022264603761,1,0,2,anti_homophones
28162,dLn4chang2,10,-5.9768383674048975,2,5.9768383674048975,1,0,1,anti_homophones
28163,lO4gong4,8,-6.884600343535155,2,6.884600343535155,1,0,0,anti_homophones
28164,di3yin3,7,-6.361649314790276,2,6.361649314790276,1,0,0,anti_homophones
28165,sha1ming1,9,-6.209868416080627,2,6.209868416080627,1,0,1,anti_homophones
28166,jL3yang2,8,-6.0306360915116075,2,6.0306360915116075,1,0,1,anti_homophones
28167,tu2zhong2,9,-6.45173796136126,2,6.45173796136126,1,0,0,anti_homophones
28168,tW3di4,6,-5.831918199702778,2,5.831918199702778,1,0,3,anti_homophones
28169,bLn1zQ4,7,-6.305893370917951,2,6.305893370917951,1,0,0,anti_homophones
28170,shu4zu2,7,-5.506666721438607,2,5.506666721438607,1,0,3,anti_homophones
28171,dan1jL4,7,-5.583150333960482,2,5.583150333960482,1,0,5,anti_homophones
28172,zhang3jL4,9,-5.964042478769837,2,5.964042478769837,1,0,3,anti_homophones
28173,chu3yQ4,7,-5.79604164857705,2,5.79604164857705,1,0,5,anti_homophones
28174,lV4e2,5,-7.52523119116055,2,7.52523119116055,1,0,1,anti_homophones
28175,jM4che2,7,-8.621904076288958,2,8.621904076288958,1,0,1,anti_homophones
28176,zhu4si1,7,-6.245983953977178,2,6.245983953977178,1,0,6,anti_homophones
28177,shang3bang2,11,-7.2141065246763345,2,7.2141065246763345,1,0,1,anti_homophones
28178,ke3qi4,6,-4.9060009629888555,2,4.9060009629888555,1,1,6,anti_homophones
28179,lW3ri4,6,-6.715242930109634,2,6.715242930109634,1,0,2,anti_homophones
28180,yV4chV2,7,-6.742292195163808,2,6.742292195163808,1,0,0,anti_homophones
28181,jW4yi1,6,-6.16267788488423,2,6.16267788488423,1,0,3,anti_homophones
28182,dLn3chu1,8,-5.773675652205245,2,5.773675652205245,1,0,3,anti_homophones
28183,xing2dA4,8,-5.893064091547632,2,5.893064091547632,1,0,3,anti_homophones
28184,zhen2xLng2,10,-6.535412010925357,2,6.535412010925357,1,0,0,anti_homophones
28185,hU1shang3,9,-5.938663847757868,2,5.938663847757868,1,0,1,anti_homophones
28186,leng4jK4,8,-7.4324478711483515,2,7.4324478711483515,1,0,0,anti_homophones
28187,ta1tI3,6,-6.393396568331044,2,6.393396568331044,1,0,1,anti_homophones
28188,hO2hU4,6,-5.584686585523444,2,5.584686585523444,1,0,6,anti_homophones
28189,pen2yUn2,8,-6.431981899170756,2,6.431981899170756,1,0,1,anti_homophones
28190,nv3zhong1,9,-6.238561400288755,2,6.238561400288755,1,0,1,anti_homophones
28191,fE4zhen4,8,-6.677199478938685,2,6.677199478938685,1,0,1,anti_homophones
28192,cun1zhi4,8,-6.18175122365873,2,6.18175122365873,1,0,2,anti_homophones
28193,pi1lK2,6,-5.615481127681757,2,5.615481127681757,1,0,4,anti_homophones
28194,zhO2se4,7,-5.222743153044734,2,5.222743153044734,1,0,3,anti_homophones
28195,jin4shi1,8,-5.535189790397666,2,5.535189790397666,1,0,5,anti_homophones
28196,nong4gong1,10,-6.786669190321105,2,6.786669190321105,1,0,1,anti_homophones
28197,cheng4lu4,9,-6.19541255829969,2,6.19541255829969,1,0,2,anti_homophones
28198,yi1lK2,6,-5.0002200111492225,2,5.0002200111492225,1,0,3,anti_homophones
28199,mLn4zhang2,10,-6.20457570759993,2,6.20457570759993,1,0,2,anti_homophones
28200,ya1li4,6,-5.387430199762243,2,5.387430199762243,1,0,6,anti_homophones
28201,hong3shV3,9,-6.504440252666667,2,6.504440252666667,1,0,2,anti_homophones
28202,yUn3xin1,8,-6.1822421983085185,2,6.1822421983085185,1,0,2,anti_homophones
28203,ji1yQ1,6,-6.10094528698581,2,6.10094528698581,1,0,2,anti_homophones
28204,lQ2dO2,6,-5.785715785743642,2,5.785715785743642,1,0,4,anti_homophones
28205,yin1gUn3,8,-5.700694869466721,2,5.700694869466721,1,0,4,anti_homophones
28206,shang3fa3,9,-6.204400507208229,2,6.204400507208229,1,0,0,anti_homophones
28207,ma3dI4,6,-5.866667703983543,2,5.866667703983543,1,0,2,anti_homophones
28208,qi2tV2,6,-5.72609381772999,2,5.72609381772999,1,0,5,anti_homophones
28209,tong1ming4,10,-5.88700376360834,2,5.88700376360834,1,0,1,anti_homophones
28210,zhQ4qu4,7,-6.116032756026356,2,6.116032756026356,1,0,0,anti_homophones
28211,mLn3er5,7,-5.900621903617254,2,5.900621903617254,1,0,2,anti_homophones
28212,ba4zi5,6,-5.353971615667846,2,5.353971615667846,1,0,7,anti_homophones
28213,er3lu4,6,-5.437107099193762,2,5.437107099193762,1,0,4,anti_homophones
28214,jing2gUn4,9,-5.996838908910915,2,5.996838908910915,1,0,0,anti_homophones
28215,tW1zong4,8,-6.822351243973728,2,6.822351243973728,1,0,1,anti_homophones
28216,tQ2shang2,9,-6.486449673269667,2,6.486449673269667,1,0,1,anti_homophones
28217,shQ1fu5,7,-6.570067692348961,2,6.570067692348961,1,0,0,anti_homophones
28218,e4gUn3,6,-5.2639349367508075,2,5.2639349367508075,1,0,0,anti_homophones
28219,chu2gun4,8,-7.260648480130342,2,7.260648480130342,1,0,1,anti_homophones
28220,zhUng2fu2,9,-6.399324524325837,2,6.399324524325837,1,0,1,anti_homophones
28221,lQ2dong3,8,-5.65628995034505,2,5.65628995034505,1,0,2,anti_homophones
28222,qW2li3,6,-6.253209327365194,2,6.253209327365194,1,0,1,anti_homophones
28223,zhi4zI4,7,-6.232484071807473,2,6.232484071807473,1,0,2,anti_homophones
28224,gan1shu4,8,-5.826475960719964,2,5.826475960719964,1,0,2,anti_homophones
28225,xun2yan1,8,-6.688050260829551,2,6.688050260829551,1,0,0,anti_homophones
28226,dM2jin1,7,-6.441783000615883,2,6.441783000615883,1,0,0,anti_homophones
28227,xu4ji4,6,-5.579064756748613,2,5.579064756748613,1,0,5,anti_homophones
28228,jM1sheng4,9,-5.562358375107624,2,5.562358375107624,1,0,2,anti_homophones
28229,yi1kong4,8,-5.233546406490188,2,5.233546406490188,1,0,2,anti_homophones
28230,xLn3de2,7,-6.216273910340858,2,6.216273910340858,1,0,0,anti_homophones
28231,shu4ru4,7,-5.920713618327083,2,5.920713618327083,1,0,3,anti_homophones
28232,qLng4qing2,10,-6.534754152994235,2,6.534754152994235,1,0,0,anti_homophones
28233,shen1shI3,9,-5.656827916940795,2,5.656827916940795,1,0,1,anti_homophones
28234,li3nE4,6,-6.703986918094054,2,6.703986918094054,1,0,2,anti_homophones
28235,gV4chang4,9,-6.509179735407484,2,6.509179735407484,1,0,1,anti_homophones
28236,zhe3cA2,7,-6.939062010802555,2,6.939062010802555,1,0,1,anti_homophones
28237,zhong1wu3,9,-5.898728158071537,2,5.898728158071537,1,0,4,anti_homophones
28238,yun4cha1,8,-6.623055188261883,2,6.623055188261883,1,0,0,anti_homophones
28239,xW3nang2,8,-6.690811928664076,2,6.690811928664076,1,0,2,anti_homophones
28240,ti2zO4,6,-6.473596140039082,2,6.473596140039082,1,0,1,anti_homophones
28241,cha2dA4,7,-5.677850174078505,2,5.677850174078505,1,0,4,anti_homophones
28242,hang4qC1,8,-7.238566079921525,2,7.238566079921525,1,0,0,anti_homophones
28243,chQ3jL1,7,-6.5422204223082945,2,6.5422204223082945,1,0,2,anti_homophones
28244,dO3chang3,9,-6.925416637902756,2,6.925416637902756,1,0,0,anti_homophones
28245,xW3xW4,6,-5.001772393155805,2,5.001772393155805,1,0,6,anti_homophones
28246,nE4ke4,6,-5.816316369870768,2,5.816316369870768,1,0,3,anti_homophones
28247,tun1ti3,7,-6.520295725698525,2,6.520295725698525,1,0,0,anti_homophones
28248,chu1jLn1,8,-5.7318157205825,2,5.7318157205825,1,0,3,anti_homophones
28249,qu1xLn4,7,-5.747222689269497,2,5.747222689269497,1,0,3,anti_homophones
28250,er4ju4,6,-6.357926432292849,2,6.357926432292849,1,0,1,anti_homophones
28251,zQ4fa1,6,-6.159228390163848,2,6.159228390163848,1,0,1,anti_homophones
28252,chi2wA4,7,-6.899342821157192,2,6.899342821157192,1,0,2,anti_homophones
28253,zhQ1yan4,8,-6.125330705921872,2,6.125330705921872,1,0,1,anti_homophones
28254,shan1mang1,10,-7.59195977822711,2,7.59195977822711,1,0,0,anti_homophones
28255,zhu2zi5,7,-5.668441331960533,2,5.668441331960533,1,0,5,anti_homophones
28256,xW4fa3,6,-5.458228727809802,2,5.458228727809802,1,0,0,anti_homophones
28257,qi2xM3,6,-6.123278361636989,2,6.123278361636989,1,0,2,anti_homophones
28258,da3lUn2,7,-6.433165008583467,2,6.433165008583467,1,0,0,anti_homophones
28259,shi1shu1,8,-5.852530627665914,2,5.852530627665914,1,0,3,anti_homophones
28260,mu4jLn4,7,-5.72500409720982,2,5.72500409720982,1,0,4,anti_homophones
28261,zi4mE4,6,-5.897015975765752,2,5.897015975765752,1,0,6,anti_homophones
28262,feng1dI4,8,-5.653618256664102,2,5.653618256664102,1,0,1,anti_homophones
28263,jM1tLn2,7,-7.027228756664661,2,7.027228756664661,1,0,2,anti_homophones
28264,zhang3le4,9,-6.471514915957784,2,6.471514915957784,1,0,2,anti_homophones
28265,zheng1gong4,11,-6.002077559634298,2,6.002077559634298,1,0,3,anti_homophones
28266,xLn1san1,8,-7.070511030379225,2,7.070511030379225,1,0,0,anti_homophones
28267,rV4tan1,7,-7.277853694880437,2,7.277853694880437,1,0,0,anti_homophones
28268,zhu3fen1,8,-5.984098821251045,2,5.984098821251045,1,1,1,anti_homophones
28269,hang3qi4,8,-5.7291448732768515,2,5.7291448732768515,1,0,4,anti_homophones
28270,da3fang2,8,-5.63499762880618,2,5.63499762880618,1,0,3,anti_homophones
28271,zhang2yang3,11,-6.368282395780851,2,6.368282395780851,1,0,3,anti_homophones
28272,shi4kQ4,7,-7.02537325047958,2,7.02537325047958,1,0,4,anti_homophones
28273,sun3chUng1,10,-7.996351236495657,2,7.996351236495657,1,0,0,anti_homophones
28274,si1ru3,6,-6.840733988694813,2,6.840733988694813,1,0,1,anti_homophones
28275,shan3dong1,10,-6.698709996866313,2,6.698709996866313,1,0,2,anti_homophones
28276,ba1jM2,6,-5.839064643548498,2,5.839064643548498,1,0,1,anti_homophones
28277,hQ4mA4,6,-7.338959041904641,2,7.338959041904641,1,0,3,anti_homophones
28278,zhA2zhi4,8,-6.044325239715781,2,6.044325239715781,1,0,2,anti_homophones
28279,chi2bu4,7,-5.853569783863955,2,5.853569783863955,1,0,4,anti_homophones
28280,zhUng1bLn4,10,-6.145255860352939,2,6.145255860352939,1,0,1,anti_homophones
28281,chUn1zhu4,9,-6.218894360959323,2,6.218894360959323,1,0,2,anti_homophones
28282,qi3chu4,7,-6.050050189494542,2,6.050050189494542,1,0,0,anti_homophones
28283,zi1ren2,7,-5.390966616844966,2,5.390966616844966,1,0,5,anti_homophones
28284,dQ1qLn2,7,-6.018013042352458,2,6.018013042352458,1,0,2,anti_homophones
28285,shang3xLng4,11,-6.048444046159493,2,6.048444046159493,1,0,1,anti_homophones
28286,bA3xM4,6,-5.744607616739889,2,5.744607616739889,1,0,1,anti_homophones
28287,lQ2shu1,7,-6.229886740436864,2,6.229886740436864,1,0,4,anti_homophones
28288,gu3jing2,8,-5.811478804899456,2,5.811478804899456,1,0,3,anti_homophones
28289,bu4zi5,6,-4.552183414160435,2,4.552183414160435,1,1,10,anti_homophones
28290,tLn1er2,7,-5.282616617223899,2,5.282616617223899,1,0,1,anti_homophones
28291,shQ1ji2,7,-6.073081053304533,2,6.073081053304533,1,0,3,anti_homophones
28292,hu4ming2,8,-6.102936145355159,2,6.102936145355159,1,0,3,anti_homophones
28293,xing3yC4,8,-6.3376462037266705,2,6.3376462037266705,1,0,0,anti_homophones
28294,hU1jin1,7,-5.883138392351413,2,5.883138392351413,1,1,4,anti_homophones
28295,zu3jW4,6,-6.109876746791437,2,6.109876746791437,1,0,2,anti_homophones
28296,shI3tLn1,8,-5.680675399777873,2,5.680675399777873,1,0,2,anti_homophones
28297,xi4A2,5,-6.991113976371968,2,6.991113976371968,1,0,4,anti_homophones
28298,kan4san4,8,-7.8063419368882965,2,7.8063419368882965,1,0,0,anti_homophones
28299,lO2du4,6,-5.994588904111702,2,5.994588904111702,1,0,4,anti_homophones
28300,jW1jLn1,7,-5.43458693138665,2,5.43458693138665,1,0,6,anti_homophones
28301,jin3run3,8,-10.289682622982127,2,10.289682622982127,1,0,0,anti_homophones
28302,fE2po4,6,-5.9399390959835205,2,5.9399390959835205,1,0,1,anti_homophones
28303,shen2li2,8,-6.422681638714061,2,6.422681638714061,1,0,1,anti_homophones
28304,rUn3jM2,7,-5.9902306496204885,2,5.9902306496204885,1,0,1,anti_homophones
28305,leng4ji2,8,-6.28029859860153,2,6.28029859860153,1,0,1,anti_homophones
28306,che1hQ4,7,-5.705059773136497,2,5.705059773136497,1,0,5,anti_homophones
28307,xC4po1,6,-6.103540120150908,2,6.103540120150908,1,0,2,anti_homophones
28308,he2hu5,6,-6.2424496139544825,2,6.2424496139544825,1,0,2,anti_homophones
28309,feng1xing3,10,-6.045560808572951,2,6.045560808572951,1,0,2,anti_homophones
28310,dLn4hU4,7,-4.9392816024855035,2,4.9392816024855035,1,0,6,anti_homophones
28311,pi2ju2,6,-5.954868107869619,2,5.954868107869619,1,0,0,anti_homophones
28312,bE4wen1,7,-6.294308018860449,2,6.294308018860449,1,0,2,anti_homophones
28313,chI1fu4,7,-5.969554772531578,2,5.969554772531578,1,0,2,anti_homophones
28314,shP3kQ3,7,-8.019275100879009,2,8.019275100879009,1,0,0,anti_homophones
28315,chV2chen2,9,-6.473328251375303,2,6.473328251375303,1,0,1,anti_homophones
28316,si3yong4,8,-6.283821399306255,2,6.283821399306255,1,0,1,anti_homophones
28317,da3tA4,6,-5.738563424751402,2,5.738563424751402,1,1,5,anti_homophones
28318,chUng4yi4,9,-6.015363140918385,2,6.015363140918385,1,0,2,anti_homophones
28319,tong2che1,9,-5.865590348724848,2,5.865590348724848,1,0,0,anti_homophones
28320,xi1ci4,6,-5.9711907273786,2,5.9711907273786,1,0,4,anti_homophones
28321,sA4pQ4,6,-6.456297373831555,2,6.456297373831555,1,0,2,anti_homophones
28322,zUn4zhan1,9,-7.689310428361391,2,7.689310428361391,1,0,0,anti_homophones
28323,shu4lW4,7,-5.3491662431651426,2,5.3491662431651426,1,0,6,anti_homophones
28324,e4xL4,5,-5.843050964622435,2,5.843050964622435,1,0,4,anti_homophones
28325,tLn1mi3,7,-6.291661825461789,2,6.291661825461789,1,0,0,anti_homophones
28326,bi4lO4,6,-5.823751255231109,2,5.823751255231109,1,0,5,anti_homophones
28327,bi4er5,6,-5.929480689785985,2,5.929480689785985,1,0,2,anti_homophones
28328,yUn4wu3,7,-6.645352133117656,2,6.645352133117656,1,0,0,anti_homophones
28329,da4fu2,6,-4.907184567517081,2,4.907184567517081,1,1,7,anti_homophones
28330,jLng1si1,8,-6.176937249123027,2,6.176937249123027,1,0,1,anti_homophones
28331,shan1bE1,8,-6.497583238525516,2,6.497583238525516,1,0,0,anti_homophones
28332,hI2tLn1,7,-5.069142849985974,2,5.069142849985974,1,0,2,anti_homophones
28333,qun2de2,7,-7.205358924419212,2,7.205358924419212,1,0,0,anti_homophones
28334,xin4lan3,8,-6.8922381576944725,2,6.8922381576944725,1,0,2,anti_homophones
28335,yang4xLn4,9,-5.845881915474621,2,5.845881915474621,1,0,2,anti_homophones
28336,ren2fu2,7,-5.692091787096635,2,5.692091787096635,1,0,1,anti_homophones
28337,yV2lu4,6,-4.85640348845335,2,4.85640348845335,1,0,10,anti_homophones
28338,deng1di3,8,-6.404272823089612,2,6.404272823089612,1,0,1,anti_homophones
28339,ti3zhang4,9,-6.417790307816894,2,6.417790307816894,1,0,0,anti_homophones
28340,che1bE4,7,-6.341992826543498,2,6.341992826543498,1,0,0,anti_homophones
28341,bLn1yu4,7,-5.952996077288892,2,5.952996077288892,1,0,5,anti_homophones
28342,sQ3da2,6,-6.291589395278186,2,6.291589395278186,1,0,3,anti_homophones
28343,hV4tI3,6,-5.296072477028819,2,5.296072477028819,1,0,2,anti_homophones
28344,zA4yin2,7,-6.865405295951131,2,6.865405295951131,1,0,1,anti_homophones
28345,hU2ran2,7,-5.452696519297277,2,5.452696519297277,1,0,2,anti_homophones
28346,peng1dA4,8,-6.054422682598552,2,6.054422682598552,1,0,1,anti_homophones
28347,da4zi3,6,-5.040844428884091,2,5.040844428884091,1,0,9,anti_homophones
28348,jLn4bo2,7,-5.954167616413584,2,5.954167616413584,1,0,2,anti_homophones
28349,ning2hP2,8,-7.355574075090155,2,7.355574075090155,1,0,0,anti_homophones
28350,dLn4qUn4,8,-6.677527966685917,2,6.677527966685917,1,0,1,anti_homophones
28351,fu4nv3,6,-5.6611258835795875,2,5.6611258835795875,1,0,1,anti_homophones
28352,mE2ting1,8,-6.0483891554065545,2,6.0483891554065545,1,0,2,anti_homophones
28353,shV3xM4,7,-5.79791163558128,2,5.79791163558128,1,0,2,anti_homophones
28354,tLn1yang1,9,-6.3682068196473836,2,6.3682068196473836,1,0,1,anti_homophones
28355,yu2mu4,6,-5.415191918206858,2,5.415191918206858,1,1,4,anti_homophones
28356,ming2zhong1,11,-6.227248967812271,2,6.227248967812271,1,0,0,anti_homophones
28357,mi2hI4,6,-5.183036158420709,2,5.183036158420709,1,0,11,anti_homophones
28358,che1fE1,7,-5.617901515355423,2,5.617901515355423,1,0,1,anti_homophones
28359,jin4dong1,9,-5.8510941207893135,2,5.8510941207893135,1,0,1,anti_homophones
28360,ran2hu1,7,-6.545828718846719,2,6.545828718846719,1,0,1,anti_homophones
28361,hang3yu2,8,-6.364191079673167,2,6.364191079673167,1,0,2,anti_homophones
28362,rV2zheng1,9,-6.843767948672029,2,6.843767948672029,1,0,0,anti_homophones
28363,he4chan4,8,-6.815916989550035,2,6.815916989550035,1,0,4,anti_homophones
28364,jLng2ji1,8,-6.046387488909848,2,6.046387488909848,1,0,0,anti_homophones
28365,zhu1mQ4,7,-6.53407519544338,2,6.53407519544338,1,0,1,anti_homophones
28366,cA2zheng4,9,-6.279695824548185,2,6.279695824548185,1,0,0,anti_homophones
28367,yin1zhang1,10,-6.288005120961749,2,6.288005120961749,1,0,2,anti_homophones
28368,che1chi2,8,-5.984802601468852,2,5.984802601468852,1,0,1,anti_homophones
28369,wE1jLn4,7,-5.634120646949459,2,5.634120646949459,1,0,3,anti_homophones
28370,tLn1zhang4,10,-5.6735838507244365,2,5.6735838507244365,1,0,2,anti_homophones
28371,xM3zhen3,8,-6.9734626751097855,2,6.9734626751097855,1,0,0,anti_homophones
28372,bA3hU1,6,-5.64938410790871,2,5.64938410790871,1,0,2,anti_homophones
28373,mM4jing2,8,-6.489461017443436,2,6.489461017443436,1,0,0,anti_homophones
28374,ting1xing4,10,-6.308708594060034,2,6.308708594060034,1,0,1,anti_homophones
28375,xLng2wu1,8,-6.819226754247187,2,6.819226754247187,1,0,1,anti_homophones
28376,nO4qi4,6,-5.483786408295909,2,5.483786408295909,1,1,3,anti_homophones
28377,di3kV3,6,-5.772310180373571,2,5.772310180373571,1,0,0,anti_homophones
28378,hu2jing3,8,-6.256066263850285,2,6.256066263850285,1,0,2,anti_homophones
28379,gQ4ji1,6,-5.69880959275545,2,5.69880959275545,1,0,5,anti_homophones
28380,yUn1gUn4,8,-7.244549771543062,2,7.244549771543062,1,0,0,anti_homophones
28381,xM2zI4,6,-6.957502823204495,2,6.957502823204495,1,0,1,anti_homophones
28382,hQ2tV5,6,-6.002684221469723,2,6.002684221469723,1,0,5,anti_homophones
28383,dV4lun4,7,-6.2943838030054655,2,6.2943838030054655,1,0,1,anti_homophones
28384,si4teng1,8,-7.2529427323826,2,7.2529427323826,1,0,1,anti_homophones
28385,hU4gI1,6,-6.085469934203333,2,6.085469934203333,1,0,1,anti_homophones
28386,zi1bo3,6,-7.146648182857396,2,7.146648182857396,1,0,0,anti_homophones
28387,shI4lE2,7,-7.615438333362372,2,7.615438333362372,1,0,0,anti_homophones
28388,pA2bLn4,7,-5.815723543139257,2,5.815723543139257,1,0,2,anti_homophones
28389,yan4shen1,9,-6.399799191751529,2,6.399799191751529,1,0,2,anti_homophones
28390,wE4bin1,7,-6.529639735462205,2,6.529639735462205,1,0,2,anti_homophones
28391,jL1men4,7,-6.053849486873582,2,6.053849486873582,1,0,1,anti_homophones
28392,jM1xun2,7,-5.794518837246231,2,5.794518837246231,1,0,0,anti_homophones
28393,xun4nu4,7,-6.435589527637743,2,6.435589527637743,1,0,0,anti_homophones
28394,da4fang4,8,-5.209159944176935,2,5.209159944176935,1,0,9,anti_homophones
28395,wu2zi3,6,-5.254139326701215,2,5.254139326701215,1,0,6,anti_homophones
28396,cA1yan2,7,-6.417642642256212,2,6.417642642256212,1,0,0,anti_homophones
28397,lV2li4,6,-6.414115544291198,2,6.414115544291198,1,0,6,anti_homophones
28398,wan3jLn1,8,-6.313712826334008,2,6.313712826334008,1,0,1,anti_homophones
28399,qi3lA4,6,-5.690219414935607,2,5.690219414935607,1,0,5,anti_homophones
28400,fu4yang3,8,-5.899838431927701,2,5.899838431927701,1,0,1,anti_homophones
28401,bi2tI3,6,-6.068057470312817,2,6.068057470312817,1,0,0,anti_homophones
28402,ji2dang2,8,-6.403389622689667,2,6.403389622689667,1,0,2,anti_homophones
28403,ben1yu4,7,-6.654334282595361,2,6.654334282595361,1,0,4,anti_homophones
28404,ding3ying1,10,-7.512817254280998,2,7.512817254280998,1,0,0,anti_homophones
28405,du1chu1,7,-6.278931230555125,2,6.278931230555125,1,0,2,anti_homophones
28406,yin3jing1,9,-6.274969402139425,2,6.274969402139425,1,0,2,anti_homophones
28407,zO3qLn3,7,-6.807844987987725,2,6.807844987987725,1,0,0,anti_homophones
28408,shUn2qu4,8,-6.8938905808486615,2,6.8938905808486615,1,0,1,anti_homophones
28409,nA4yu3,6,-6.457588503533106,2,6.457588503533106,1,0,3,anti_homophones
28410,ren2zhen2,9,-6.051832538031041,2,6.051832538031041,1,0,2,anti_homophones
28411,fan3qi4,7,-5.312219907991529,2,5.312219907991529,1,0,3,anti_homophones
28412,chen1ha1,8,-7.308449158768269,2,7.308449158768269,1,0,1,anti_homophones
28413,xW3cQ1,6,-5.661328783019164,2,5.661328783019164,1,0,0,anti_homophones
28414,yUn2he2,7,-5.630675513947312,2,5.630675513947312,1,0,3,anti_homophones
28415,kong1yC1,8,-6.753061573820691,2,6.753061573820691,1,0,1,anti_homophones
28416,bo4ji4,6,-5.936536813950088,2,5.936536813950088,1,0,3,anti_homophones
28417,ru4e1,5,-5.913163570082106,2,5.913163570082106,1,0,2,anti_homophones
28418,yV3wu3,6,-5.865736889152305,2,5.865736889152305,1,0,2,anti_homophones
28419,hU2yV2,6,-5.735310580712238,2,5.735310580712238,1,0,2,anti_homophones
28420,zha4ni4,7,-6.911001739637662,2,6.911001739637662,1,0,2,anti_homophones
28421,yQ2cI4,6,-5.695263350675762,2,5.695263350675762,1,0,2,anti_homophones
28422,gQ1ri4,6,-5.857621554838344,2,5.857621554838344,1,0,5,anti_homophones
28423,xing2sA4,8,-6.281994137675236,2,6.281994137675236,1,0,4,anti_homophones
28424,li4dong1,8,-6.086037310749746,2,6.086037310749746,1,0,1,anti_homophones
28425,chUn3bA4,8,-7.150557119927076,2,7.150557119927076,1,0,1,anti_homophones
28426,qi4ding2,8,-6.483005414100831,2,6.483005414100831,1,0,0,anti_homophones
28427,xK4shi1,7,-6.213266772450163,2,6.213266772450163,1,0,3,anti_homophones
28428,zhO1cA4,7,-5.9621141802615405,2,5.9621141802615405,1,0,4,anti_homophones
28429,bu4chV1,7,-6.823377162898397,2,6.823377162898397,1,0,2,anti_homophones
28430,shV4su4,7,-6.072606482506863,2,6.072606482506863,1,0,4,anti_homophones
28431,bQ1feng3,8,-6.391695569507069,2,6.391695569507069,1,0,0,anti_homophones
28432,xL1ren2,7,-5.300462930698124,2,5.300462930698124,1,0,6,anti_homophones
28433,she2jLn4,8,-6.328895112752278,2,6.328895112752278,1,0,1,anti_homophones
28434,jM4fang2,8,-6.640368271083939,2,6.640368271083939,1,0,1,anti_homophones
28435,pang2shi4,9,-6.2371637493494845,2,6.2371637493494845,1,0,6,anti_homophones
28436,cA3tan4,7,-6.2568956211838405,2,6.2568956211838405,1,0,0,anti_homophones
28437,deng2mang1,10,-7.716472158172332,2,7.716472158172332,1,0,0,anti_homophones
28438,V1leng4,7,-8.803827425023247,2,8.803827425023247,1,0,0,anti_homophones
28439,tQ1chu1,7,-6.665280883831757,2,6.665280883831757,1,0,1,anti_homophones
28440,yi1tan2,7,-5.340053080122926,2,5.340053080122926,1,0,5,anti_homophones
28441,gO4jM3,6,-6.191711179871997,2,6.191711179871997,1,0,1,anti_homophones
28442,ying2ci2,8,-5.9200119076927535,2,5.9200119076927535,1,0,6,anti_homophones
28443,qi3hU4,6,-5.357185202438914,2,5.357185202438914,1,0,4,anti_homophones
28444,lin2xing2,9,-6.034451307930013,2,6.034451307930013,1,0,3,anti_homophones
28445,tong1qi4,8,-5.0936299152047635,2,5.0936299152047635,1,0,6,anti_homophones
28446,gQ4mo4,6,-6.8852937078548795,2,6.8852937078548795,1,0,1,anti_homophones
28447,jM2zhi4,7,-5.410987398645593,2,5.410987398645593,1,0,6,anti_homophones
28448,dW4yUn2,7,-5.5140214016843165,2,5.5140214016843165,1,0,6,anti_homophones
28449,bE4yong1,8,-5.790610598071178,2,5.790610598071178,1,0,0,anti_homophones
28450,cQ3yUn2,7,-5.494677122717966,2,5.494677122717966,1,0,2,anti_homophones
28451,ling1fen4,9,-6.508589060052021,2,6.508589060052021,1,0,0,anti_homophones
28452,bA3yu2,6,-5.593623837694312,2,5.593623837694312,1,0,3,anti_homophones
28453,chu4zi5,7,-5.3513043215401215,2,5.3513043215401215,1,1,4,anti_homophones
28454,mE2ye4,6,-6.470604543836222,2,6.470604543836222,1,0,1,anti_homophones
28455,shi1chi3,8,-6.340639840977289,2,6.340639840977289,1,0,1,anti_homophones
28456,te4song4,8,-6.531513909365161,2,6.531513909365161,1,0,0,anti_homophones
28457,shu2ren4,8,-6.73867242550343,2,6.73867242550343,1,0,0,anti_homophones
28458,du3bM2,6,-5.948988632298312,2,5.948988632298312,1,0,0,anti_homophones
28459,zO4yong2,8,-5.707629821022766,2,5.707629821022766,1,0,1,anti_homophones
28460,hV4pW4,6,-4.861021278137366,2,4.861021278137366,1,0,3,anti_homophones
28461,jLng1yi4,8,-5.755247296249062,2,5.755247296249062,1,0,5,anti_homophones
28462,si3wu4,6,-5.465956138736382,2,5.465956138736382,1,0,4,anti_homophones
28463,hUng1bi3,8,-6.143755498182802,2,6.143755498182802,1,0,1,anti_homophones
28464,min3yC1,7,-6.830908230356991,2,6.830908230356991,1,0,1,anti_homophones
28465,shu4ning2,9,-7.7626013439939,2,7.7626013439939,1,0,1,anti_homophones
28466,xLng4qing1,10,-6.428850580578836,2,6.428850580578836,1,0,0,anti_homophones
28467,si3ren2,7,-5.585841475744875,2,5.585841475744875,1,0,3,anti_homophones
28468,zi4ru4,6,-4.9695830717673,2,4.9695830717673,1,0,12,anti_homophones
28469,xM2ba1,6,-5.975483655576893,2,5.975483655576893,1,0,3,anti_homophones
28470,lV4shu4,7,-5.794044394168271,2,5.794044394168271,1,0,4,anti_homophones
28471,ci3zhI4,7,-7.504129093981659,2,7.504129093981659,1,0,0,anti_homophones
28472,shV3ming3,9,-6.341552085027952,2,6.341552085027952,1,0,1,anti_homophones
28473,fE2shi4,7,-5.596467958659122,2,5.596467958659122,1,0,3,anti_homophones
28474,yan2shu2,8,-6.455796978519222,2,6.455796978519222,1,0,3,anti_homophones
28475,dong1tu3,8,-6.323603655058237,2,6.323603655058237,1,0,1,anti_homophones
28476,ran2bLn4,8,-6.792194732116513,2,6.792194732116513,1,0,4,anti_homophones
28477,chI2chong2,10,-6.774313160169603,2,6.774313160169603,1,0,1,anti_homophones
28478,gong1lan2,9,-6.200977818364697,2,6.200977818364697,1,0,0,anti_homophones
28479,jin1ban1,8,-6.1924613995762225,2,6.1924613995762225,1,0,3,anti_homophones
28480,chV1shu4,8,-6.136166042930753,2,6.136166042930753,1,0,2,anti_homophones
28481,zen3kP4,7,-6.939072475573878,2,6.939072475573878,1,0,0,anti_homophones
28482,pQ4fen1,7,-6.816267756164115,2,6.816267756164115,1,0,0,anti_homophones
28483,hU1zi3,6,-5.250098832986304,2,5.250098832986304,1,0,4,anti_homophones
28484,gO4shi2,7,-5.297079866754081,2,5.297079866754081,1,0,6,anti_homophones
28485,pin1qUn1,8,-7.535498198805445,2,7.535498198805445,1,0,0,anti_homophones
28486,tA2jLn4,7,-6.10210979231791,2,6.10210979231791,1,0,1,anti_homophones
28487,ni1zI4,6,-7.265137914458515,2,7.265137914458515,1,0,1,anti_homophones
28488,chA1chUng1,10,-6.619121239922923,2,6.619121239922923,1,0,0,anti_homophones
28489,bE1jL4,6,-5.949266908664995,2,5.949266908664995,1,0,4,anti_homophones
28490,yan2pA4,7,-6.041013781822831,2,6.041013781822831,1,0,3,anti_homophones
28491,xLng4jL4,8,-5.7235602845648925,2,5.7235602845648925,1,0,2,anti_homophones
28492,chan1wang4,10,-6.740829026379611,2,6.740829026379611,1,0,0,anti_homophones
28493,gu3wo4,6,-5.912817519732781,2,5.912817519732781,1,0,1,anti_homophones
28494,tan2min2,8,-6.33051953532078,2,6.33051953532078,1,0,2,anti_homophones
28495,xing1zhan4,10,-6.158314589562781,2,6.158314589562781,1,0,0,anti_homophones
28496,hE1gang4,8,-6.672580172385483,2,6.672580172385483,1,0,2,anti_homophones
28497,zO4jM2,6,-5.909530775652278,2,5.909530775652278,1,0,1,anti_homophones
28498,jL3yUn2,7,-6.291320953524133,2,6.291320953524133,1,0,0,anti_homophones
28499,xin1shi4,8,-4.907380631908292,2,4.907380631908292,1,0,8,anti_homophones
28500,wang3zhi4,9,-5.86433353186446,2,5.86433353186446,1,0,2,anti_homophones
28501,ke3xLng3,8,-6.362157010361314,2,6.362157010361314,1,0,3,anti_homophones
28502,zQ1shang2,9,-7.029582187636584,2,7.029582187636584,1,0,1,anti_homophones
28503,bu4yUn4,7,-5.149860507380739,2,5.149860507380739,1,0,6,anti_homophones
28504,pi1zhi1,7,-5.852118886774441,2,5.852118886774441,1,0,1,anti_homophones
28505,xW4jin3,7,-6.696017289165723,2,6.696017289165723,1,0,2,anti_homophones
28506,chV2jC2,7,-6.049097004391122,2,6.049097004391122,1,0,0,anti_homophones
28507,hu2nQ3,6,-6.352776578098835,2,6.352776578098835,1,0,2,anti_homophones
28508,chang1tLn1,10,-6.152104368877908,2,6.152104368877908,1,0,1,anti_homophones
28509,jK4wE4,6,-5.4380302462277585,2,5.4380302462277585,1,0,4,anti_homophones
28510,bu4jL1,6,-4.940070426617257,2,4.940070426617257,1,0,6,anti_homophones
28511,tan2qK2,7,-5.797557650830492,2,5.797557650830492,1,0,2,anti_homophones
28512,jL3dan1,7,-6.293191340176658,2,6.293191340176658,1,0,0,anti_homophones
28513,chQ3ti2,7,-6.812079016798068,2,6.812079016798068,1,0,0,anti_homophones
28514,yUn4ge2,7,-6.697655142722251,2,6.697655142722251,1,0,1,anti_homophones
28515,jM2neng2,8,-5.870206978808629,2,5.870206978808629,1,0,1,anti_homophones
28516,yQ4bM2,6,-5.741273866081181,2,5.741273866081181,1,0,4,anti_homophones
28517,jLng3zhu3,9,-6.6562461189302375,2,6.6562461189302375,1,0,2,anti_homophones
28518,te4qu1,6,-5.344149255592403,2,5.344149255592403,1,0,4,anti_homophones
28519,gP4hO3,6,-6.479189868147348,2,6.479189868147348,1,0,1,anti_homophones
28520,yu3zi5,6,-5.7458828941694,2,5.7458828941694,1,0,10,anti_homophones
28521,pQ1san4,7,-6.728709210559958,2,6.728709210559958,1,0,0,anti_homophones
28522,dO1yi2,6,-5.918660723007855,2,5.918660723007855,1,0,3,anti_homophones
28523,mu4zA4,6,-6.1051736181287914,2,6.1051736181287914,1,0,1,anti_homophones
28524,mV2qi2,6,-6.39769812748748,2,6.39769812748748,1,0,1,anti_homophones
28525,ke3lM4,6,-5.595039436632795,2,5.595039436632795,1,0,3,anti_homophones
28526,wE4bE4,6,-5.8505460783823295,2,5.8505460783823295,1,0,1,anti_homophones
28527,zhu3chong2,10,-6.676553640362333,2,6.676553640362333,1,0,1,anti_homophones
28528,hE1tQ2,6,-6.146403838543767,2,6.146403838543767,1,0,1,anti_homophones
28529,ying2zhi3,9,-5.8523573548127,2,5.8523573548127,1,0,4,anti_homophones
28530,wa2wen2,7,-6.099838188637743,2,6.099838188637743,1,0,1,anti_homophones
28531,he2cO4,6,-7.313758855227018,2,7.313758855227018,1,0,1,anti_homophones
28532,jC2sha1,7,-6.06535654693941,2,6.06535654693941,1,0,2,anti_homophones
28533,jL1nLn4,7,-5.645350544963009,2,5.645350544963009,1,1,2,anti_homophones
28534,er3gU4,6,-6.8255421845016775,2,6.8255421845016775,1,0,3,anti_homophones
28535,ji2yC1,6,-6.695021915441835,2,6.695021915441835,1,0,0,anti_homophones
28536,zhong4chu4,10,-6.333908206755578,2,6.333908206755578,1,0,0,anti_homophones
28537,jing3zhu2,9,-6.920965105235995,2,6.920965105235995,1,0,0,anti_homophones
28538,zhI1sha4,8,-7.663139030384535,2,7.663139030384535,1,0,0,anti_homophones
28539,xLn4gong1,9,-5.7985904804946555,2,5.7985904804946555,1,0,2,anti_homophones
28540,gong1ding4,10,-6.095955802130102,2,6.095955802130102,1,0,3,anti_homophones
28541,dLn3jun1,8,-6.038211969750939,2,6.038211969750939,1,0,0,anti_homophones
28542,bQ3zhi3,7,-5.398794938338857,2,5.398794938338857,1,0,3,anti_homophones
28543,zheng2lW2,9,-7.0887201751608995,2,7.0887201751608995,1,0,1,anti_homophones
28544,cI1hUng1,8,-6.0451469040420305,2,6.0451469040420305,1,0,0,anti_homophones
28545,yu3xLng4,8,-6.154923149452422,2,6.154923149452422,1,0,3,anti_homophones
28546,shu1ye4,7,-5.247938699561194,2,5.247938699561194,1,0,2,anti_homophones
28547,fu4pLn4,7,-5.668801705805922,2,5.668801705805922,1,0,5,anti_homophones
28548,tM1ban3,7,-5.855865617559086,2,5.855865617559086,1,0,2,anti_homophones
28549,qLn3er3,7,-6.730238966488062,2,6.730238966488062,1,0,1,anti_homophones
28550,feng4fang1,10,-6.753314404264232,2,6.753314404264232,1,0,0,anti_homophones
28551,zheng2fang4,11,-6.285415597524698,2,6.285415597524698,1,0,0,anti_homophones
28552,chA1shi4,8,-5.835938811826283,2,5.835938811826283,1,0,2,anti_homophones
28553,fen1zhV1,8,-6.675150921646696,2,6.675150921646696,1,0,1,anti_homophones
28554,qin1she4,8,-6.176863680806644,2,6.176863680806644,1,0,4,anti_homophones
28555,shV4fang3,9,-6.152005555862037,2,6.152005555862037,1,0,0,anti_homophones
28556,shen1dM1,8,-7.008114337554195,2,7.008114337554195,1,0,0,anti_homophones
28557,cha2meng3,9,-6.903282746796956,2,6.903282746796956,1,0,0,anti_homophones
28558,zhi4li4,7,-5.069181267881509,2,5.069181267881509,1,0,14,anti_homophones
28559,te4de5,6,-5.900241251345409,2,5.900241251345409,1,0,2,anti_homophones
28560,jun1cheng2,10,-6.2633310196800425,2,6.2633310196800425,1,0,1,anti_homophones
28561,da4wen4,7,-6.0799849220804205,2,6.0799849220804205,1,0,0,anti_homophones
28562,zhun2lLn4,9,-7.333551914423852,2,7.333551914423852,1,0,0,anti_homophones
28563,zi4xLng4,8,-5.412520121107723,2,5.412520121107723,1,0,7,anti_homophones
28564,ku3mLn4,7,-6.610855798538379,2,6.610855798538379,1,0,1,anti_homophones
28565,gong2nLn2,9,-6.066409330579043,2,6.066409330579043,1,0,0,anti_homophones
28566,fa3fan2,7,-6.958453607223767,2,6.958453607223767,1,0,1,anti_homophones
28567,shU1sheng4,10,-6.558143132303651,2,6.558143132303651,1,0,2,anti_homophones
28568,wu1qi4,6,-5.7703641491333775,2,5.7703641491333775,1,0,7,anti_homophones
28569,tI1bi4,6,-6.044920692622538,2,6.044920692622538,1,0,3,anti_homophones
28570,ji2wen1,7,-7.0589057718566925,2,7.0589057718566925,1,0,0,anti_homophones
28571,jun1zhen4,9,-6.261136582398258,2,6.261136582398258,1,0,1,anti_homophones
28572,qLn2ju3,7,-6.7545551823511,2,6.7545551823511,1,0,5,anti_homophones
28573,zhan3pLn4,9,-6.566969973496487,2,6.566969973496487,1,0,0,anti_homophones
28574,qLng4xi2,8,-6.220509128528335,2,6.220509128528335,1,0,2,anti_homophones
28575,tV2gA4,6,-5.693006915436007,2,5.693006915436007,1,0,2,anti_homophones
28576,zhan1hU4,8,-5.996525617697013,2,5.996525617697013,1,0,0,anti_homophones
28577,ma2bo5,6,-7.10140468569403,2,7.10140468569403,1,0,0,anti_homophones
28578,hun3la4,7,-7.230691400353244,2,7.230691400353244,1,0,1,anti_homophones
28579,zheng1zi1,9,-6.05766660556217,2,6.05766660556217,1,0,5,anti_homophones
28580,hun1li4,7,-5.672022019998025,2,5.672022019998025,1,0,3,anti_homophones
28581,tong2qun2,9,-6.412273032955569,2,6.412273032955569,1,0,1,anti_homophones
28582,da4hong3,8,-5.633401817694422,2,5.633401817694422,1,0,3,anti_homophones
28583,shang4si3,9,-6.441319530186917,2,6.441319530186917,1,0,1,anti_homophones
28584,cheng1sheng1,12,-5.896137859378708,2,5.896137859378708,1,0,3,anti_homophones
28585,chu2ren2,8,-5.51104884526772,2,5.51104884526772,1,0,4,anti_homophones
28586,er4ji1,6,-5.053563997412149,2,5.053563997412149,1,1,2,anti_homophones
28587,xi3wE1,6,-6.686804299294085,2,6.686804299294085,1,0,1,anti_homophones
28588,ti4xing2,8,-6.190029668153899,2,6.190029668153899,1,0,1,anti_homophones
28589,hI2hV4,6,-5.806732717407779,2,5.806732717407779,1,0,1,anti_homophones
28590,xing1zUn4,9,-7.164118935476292,2,7.164118935476292,1,0,0,anti_homophones
28591,fE1xing2,8,-5.6411035274831125,2,5.6411035274831125,1,0,3,anti_homophones
28592,wu2shen2,8,-5.370013667084246,2,5.370013667084246,1,0,6,anti_homophones
28593,tLn1xin1,8,-5.219214125063079,2,5.219214125063079,1,0,2,anti_homophones
28594,tW2yang2,8,-6.0766156858401486,2,6.0766156858401486,1,0,2,anti_homophones
28595,yV3jK3,6,-5.569903463895947,2,5.569903463895947,1,0,0,anti_homophones
28596,pi4ren2,7,-5.481412540347461,2,5.481412540347461,1,0,7,anti_homophones
28597,zhO1bLn4,8,-5.884739963138926,2,5.884739963138926,1,0,1,anti_homophones
28598,gQ1cA2,6,-5.729700050192449,2,5.729700050192449,1,0,1,anti_homophones
28599,xW1shu4,7,-5.169562980644228,2,5.169562980644228,1,0,7,anti_homophones
28600,yang1chV4,9,-7.271480699888746,2,7.271480699888746,1,0,0,anti_homophones
28601,qM4pLn4,7,-5.919091796849389,2,5.919091796849389,1,0,0,anti_homophones
28602,wu3ting4,8,-6.124537195589304,2,6.124537195589304,1,0,2,anti_homophones
28603,she4xing2,9,-5.430107478095853,2,5.430107478095853,1,0,6,anti_homophones
28604,qi3du4,6,-5.782452970272437,2,5.782452970272437,1,0,5,anti_homophones
28605,bu4lang3,8,-6.4131577864782825,2,6.4131577864782825,1,0,2,anti_homophones
28606,mo4shi4,7,-5.08404265939526,2,5.08404265939526,1,0,8,anti_homophones
28607,shi2zu3,7,-5.937013131065541,2,5.937013131065541,1,1,6,anti_homophones
28608,da4zhi4,7,-5.039952310311501,2,5.039952310311501,1,0,9,anti_homophones
28609,zhen1zhi4,9,-5.583090996493308,2,5.583090996493308,1,0,3,anti_homophones
28610,dUn4jun1,8,-6.230645824976601,2,6.230645824976601,1,0,0,anti_homophones
28611,xing3ling1,10,-6.883210647297526,2,6.883210647297526,1,0,0,anti_homophones
28612,shI3long3,9,-6.124146591196856,2,6.124146591196856,1,0,0,anti_homophones
28613,wA4zhi4,7,-5.465852646299811,2,5.465852646299811,1,0,4,anti_homophones
28614,ji4xi4,6,-5.915158230468255,2,5.915158230468255,1,0,7,anti_homophones
28615,dan1bi3,7,-5.938620496892994,2,5.938620496892994,1,0,1,anti_homophones
28616,bLn4jW4,7,-6.356398797256441,2,6.356398797256441,1,0,4,anti_homophones
28617,yan2she3,8,-6.425704117104913,2,6.425704117104913,1,0,2,anti_homophones
28618,fan4chQ1,8,-6.945158443322101,2,6.945158443322101,1,0,1,anti_homophones
28619,nLn2ye5,7,-6.73736844973321,2,6.73736844973321,1,0,0,anti_homophones
28620,ke3bing2,8,-5.76681005727777,2,5.76681005727777,1,0,1,anti_homophones
28621,bi3shi4,7,-5.2492655643403845,2,5.2492655643403845,1,0,10,anti_homophones
28622,ji4lun2,7,-5.946857188622445,2,5.946857188622445,1,0,0,anti_homophones
28623,feng4de2,8,-6.405737892972347,2,6.405737892972347,1,0,2,anti_homophones
28624,zhUng1chUng1,12,-6.432958216345417,2,6.432958216345417,1,0,0,anti_homophones
28625,qi2ye4,6,-5.31747875314601,2,5.31747875314601,1,0,8,anti_homophones
28626,chu4shi4,8,-5.28754803049554,2,5.28754803049554,1,0,6,anti_homophones
28627,yQ4dan1,7,-5.879091783792545,2,5.879091783792545,1,0,1,anti_homophones
28628,zheng1zhi4,10,-5.482356586380054,2,5.482356586380054,1,0,7,anti_homophones
28629,xi1nu4,6,-5.423493424315392,2,5.423493424315392,1,1,9,anti_homophones
28630,cQ3mE3,6,-6.541103814382987,2,6.541103814382987,1,0,4,anti_homophones
28631,zu1fu5,6,-6.522347913813373,2,6.522347913813373,1,0,1,anti_homophones
28632,chI2di4,7,-5.818027449879492,2,5.818027449879492,1,0,6,anti_homophones
28633,chang1ji2,9,-5.8879080153465235,2,5.8879080153465235,1,0,2,anti_homophones
28634,jing1li4,8,-5.4871952102897765,2,5.4871952102897765,1,0,7,anti_homophones
28635,xi4mLn4,7,-5.7535849199240365,2,5.7535849199240365,1,0,4,anti_homophones
28636,peng1tA2,8,-6.611643745524494,2,6.611643745524494,1,0,0,anti_homophones
28637,shang2dQ4,9,-5.584572933736398,2,5.584572933736398,1,0,2,anti_homophones
28638,pu3xin1,7,-5.749827596171764,2,5.749827596171764,1,0,2,anti_homophones
28639,fu4bu4,6,-5.289442142788043,2,5.289442142788043,1,0,11,anti_homophones
28640,xu4rQ2,6,-6.8137631364108575,2,6.8137631364108575,1,0,1,anti_homophones
28641,yang2lu4,8,-6.024706597201825,2,6.024706597201825,1,0,4,anti_homophones
28642,yang2fen1,9,-6.342398586484111,2,6.342398586484111,1,0,1,anti_homophones
28643,da3reng2,8,-7.8776329158037095,2,7.8776329158037095,1,0,0,anti_homophones
28644,tu2zhi3,7,-5.981228351940745,2,5.981228351940745,1,0,2,anti_homophones
28645,dan4chUng2,10,-6.9096573929099,2,6.9096573929099,1,0,0,anti_homophones
28646,da4xC,5,-7.306161746659683,2,7.306161746659683,1,0,1,anti_homophones
28647,fa1yong1,8,-5.71897315027737,2,5.71897315027737,1,0,1,anti_homophones
28648,zV3xin1,7,-5.546771618503757,2,5.546771618503757,1,0,3,anti_homophones
28649,dan4li4,7,-5.283629332684218,2,5.283629332684218,1,0,12,anti_homophones
28650,gUng2dLn4,9,-6.473488385086847,2,6.473488385086847,1,0,1,anti_homophones
28651,su4di4,6,-5.704150788033843,2,5.704150788033843,1,0,9,anti_homophones
28652,qi2qW4,6,-6.688892728827693,2,6.688892728827693,1,0,2,anti_homophones
28653,feng1shan4,10,-6.11250978807101,2,6.11250978807101,1,0,0,anti_homophones
28654,dan4shi2,8,-5.467156978169161,2,5.467156978169161,1,0,6,anti_homophones
28655,dang4qu4,8,-6.5975688829072485,2,6.5975688829072485,1,0,1,anti_homophones
28656,fan2wan4,8,-6.512338187974534,2,6.512338187974534,1,0,1,anti_homophones
28657,gI1shV3,7,-5.833968192418814,2,5.833968192418814,1,0,1,anti_homophones
28658,wu3xu4,6,-5.596552644880744,2,5.596552644880744,1,1,4,anti_homophones
28659,jLng1qK2,8,-6.161558583814059,2,6.161558583814059,1,0,2,anti_homophones
28660,zi3zi5,6,-5.594750958492909,2,5.594750958492909,1,0,9,anti_homophones
28661,yu2xL4,6,-5.96893606553137,2,5.96893606553137,1,0,2,anti_homophones
28662,zhi2qu4,7,-5.72193025968185,2,5.72193025968185,1,0,4,anti_homophones
28663,lQ3tu3,6,-6.214093569723943,2,6.214093569723943,1,0,3,anti_homophones
28664,shan1xing2,10,-6.167318695172102,2,6.167318695172102,1,0,3,anti_homophones
28665,cu1lLn2,7,-5.971653272160437,2,5.971653272160437,1,0,1,anti_homophones
28666,shan3si3,8,-6.779613791871017,2,6.779613791871017,1,0,1,anti_homophones
28667,shu4chu4,8,-6.028068184098018,2,6.028068184098018,1,0,3,anti_homophones
28668,mLn4bang4,9,-6.927974620599787,2,6.927974620599787,1,0,2,anti_homophones
28669,hUn1can3,8,-7.513616893637747,2,7.513616893637747,1,0,1,anti_homophones
28670,tO1dUn3,7,-5.795768772833711,2,5.795768772833711,1,0,0,anti_homophones
28671,dong1yan4,9,-6.442918500178214,2,6.442918500178214,1,0,1,anti_homophones
28672,jW1pW4,6,-5.026196472276673,2,5.026196472276673,1,0,3,anti_homophones
28673,gI3mE4,6,-5.991649415869849,2,5.991649415869849,1,0,1,anti_homophones
28674,bQ4ming2,8,-5.540408743548614,2,5.540408743548614,1,0,4,anti_homophones
28675,nan2dQ4,7,-5.564775274800767,2,5.564775274800767,1,0,3,anti_homophones
28676,hu1zhUng1,9,-6.794550202449156,2,6.794550202449156,1,0,1,anti_homophones
28677,chQ2hu5,7,-6.229743063406203,2,6.229743063406203,1,0,0,anti_homophones
28678,chi1xM4,7,-6.3369771812579065,2,6.3369771812579065,1,0,2,anti_homophones
28679,zO4A4,5,-5.198599259996307,2,5.198599259996307,1,1,2,anti_homophones
28680,yi4hP4,6,-6.682348241720707,2,6.682348241720707,1,0,2,anti_homophones
28681,xW3jK4,6,-5.502337628920311,2,5.502337628920311,1,0,6,anti_homophones
28682,zI4dang4,8,-6.187752531528804,2,6.187752531528804,1,0,1,anti_homophones
28683,hQ2er2,6,-5.6574374476221205,2,5.6574374476221205,1,0,2,anti_homophones
28684,lQ2gong1,8,-5.938079180373069,2,5.938079180373069,1,0,3,anti_homophones
28685,chu3shu4,8,-6.293972851474434,2,6.293972851474434,1,0,3,anti_homophones
28686,gO4lan3,7,-6.432325747903836,2,6.432325747903836,1,0,2,anti_homophones
28687,zhO2zi5,7,-5.581207044212986,2,5.581207044212986,1,0,4,anti_homophones
28688,gUn3shu4,8,-5.794695147483237,2,5.794695147483237,1,0,4,anti_homophones
28689,shang4ying2,11,-6.482174780289058,2,6.482174780289058,1,0,1,anti_homophones
28690,dan1meng1,9,-6.528946314996874,2,6.528946314996874,1,0,2,anti_homophones
28691,hQ3xi4,6,-5.886152272301273,2,5.886152272301273,1,0,5,anti_homophones
28692,zhUng4tV5,9,-6.42666028503603,2,6.42666028503603,1,0,1,anti_homophones
28693,ban4cha2,8,-6.255452286474513,2,6.255452286474513,1,0,0,anti_homophones
28694,fa1hUn4,7,-5.659742921086465,2,5.659742921086465,1,0,6,anti_homophones
28695,ding2lLng4,10,-6.4591929936829535,2,6.4591929936829535,1,0,2,anti_homophones
28696,qing4yun1,9,-7.479971352074797,2,7.479971352074797,1,0,0,anti_homophones
28697,qK2che1,7,-5.567777351143621,2,5.567777351143621,1,0,1,anti_homophones
28698,hU1si1,6,-5.454376745204924,2,5.454376745204924,1,0,4,anti_homophones
28699,bW1chu1,7,-6.6773553851106975,2,6.6773553851106975,1,0,0,anti_homophones
28700,jLng2li4,8,-5.870528477709332,2,5.870528477709332,1,0,4,anti_homophones
28701,chi4sheng1,10,-6.719522177794856,2,6.719522177794856,1,0,0,anti_homophones
28702,hUng1qUn4,9,-6.769774288006529,2,6.769774288006529,1,0,0,anti_homophones
28703,pA3jLn4,7,-6.235506075808644,2,6.235506075808644,1,0,2,anti_homophones
28704,jLng1ding1,10,-6.856471989055175,2,6.856471989055175,1,0,2,anti_homophones
28705,xLn2chUn4,9,-6.723742469561355,2,6.723742469561355,1,0,1,anti_homophones
28706,dLn3tLn1,8,-5.882079666849618,2,5.882079666849618,1,0,1,anti_homophones
28707,wE2gUn1,7,-5.46781157448109,2,5.46781157448109,1,0,6,anti_homophones
28708,bM4nv3,6,-5.71766532748217,2,5.71766532748217,1,0,0,anti_homophones
28709,ti2ben3,7,-6.236196838711942,2,6.236196838711942,1,0,1,anti_homophones
28710,cI1li3,6,-6.445668083628427,2,6.445668083628427,1,0,1,anti_homophones
28711,shI3wu4,7,-5.46143416288617,2,5.46143416288617,1,0,7,anti_homophones
28712,chi3jing4,9,-6.476434717758906,2,6.476434717758906,1,0,0,anti_homophones
28713,zhen4lA2,8,-6.606044410703142,2,6.606044410703142,1,0,0,anti_homophones
28714,bQ3bW1,6,-6.228764630330595,2,6.228764630330595,1,0,2,anti_homophones
28715,zi4ju2,6,-5.110502682053112,2,5.110502682053112,1,0,9,anti_homophones
28716,jun4dLn3,8,-7.01284604094077,2,7.01284604094077,1,0,0,anti_homophones
28717,jin1xLng3,9,-5.872873475860293,2,5.872873475860293,1,0,1,anti_homophones
28718,jing2fan1,9,-6.526671413278722,2,6.526671413278722,1,0,2,anti_homophones
28719,shV4ming1,9,-6.205118440668698,2,6.205118440668698,1,0,3,anti_homophones
28720,gen1yu3,7,-6.145019313265415,2,6.145019313265415,1,0,2,anti_homophones
28721,xu1ju1,6,-6.714300088079041,2,6.714300088079041,1,0,3,anti_homophones
28722,yi4de5,6,-6.067056462926755,2,6.067056462926755,1,0,4,anti_homophones
28723,shu1dong3,9,-6.4788325536781555,2,6.4788325536781555,1,0,2,anti_homophones
28724,gUn3yu2,7,-5.897287145648358,2,5.897287145648358,1,0,3,anti_homophones
28725,bQ3chi2,7,-5.941499726056774,2,5.941499726056774,1,0,3,anti_homophones
28726,she2hI4,7,-5.949661651682607,2,5.949661651682607,1,0,3,anti_homophones
28727,cang2qK2,8,-6.730083310305877,2,6.730083310305877,1,0,0,anti_homophones
28728,bE4zi3,6,-5.573256452835876,2,5.573256452835876,1,0,1,anti_homophones
28729,hU1lLn3,7,-6.283785500529157,2,6.283785500529157,1,0,2,anti_homophones
28730,qing1xu4,8,-6.402938279766612,2,6.402938279766612,1,0,6,anti_homophones
28731,qing4xi1,8,-5.972575439331448,2,5.972575439331448,1,0,3,anti_homophones
28732,dLn3shan4,9,-6.05710782672638,2,6.05710782672638,1,0,0,anti_homophones
28733,can2zi5,7,-5.646276816720196,2,5.646276816720196,1,0,3,anti_homophones
28734,du3bing3,8,-6.880167406659059,2,6.880167406659059,1,0,0,anti_homophones
28735,mLn4bing2,9,-6.084776843625379,2,6.084776843625379,1,0,1,anti_homophones
28736,dong1dE3,8,-7.451714995419783,2,7.451714995419783,1,0,0,anti_homophones
28737,ge1ling4,8,-6.69971079230971,2,6.69971079230971,1,0,0,anti_homophones
28738,bA3bi3,6,-5.776100497313327,2,5.776100497313327,1,0,4,anti_homophones
28739,pA2jK3,6,-5.882310329627243,2,5.882310329627243,1,0,0,anti_homophones
28740,tV2xLn4,7,-5.750762596407129,2,5.750762596407129,1,0,1,anti_homophones
28741,A2mE2,5,-6.365007312469634,2,6.365007312469634,1,0,0,anti_homophones
28742,gu3zi5,6,-4.939010970398383,2,4.939010970398383,1,0,8,anti_homophones
28743,yUn3shi4,8,-5.824234640868668,2,5.824234640868668,1,0,6,anti_homophones
28744,gong4re4,8,-6.3013729494279325,2,6.3013729494279325,1,0,2,anti_homophones
28745,kA1chong4,9,-6.081546850085532,2,6.081546850085532,1,0,4,anti_homophones
28746,chun1zI4,8,-6.82958212855781,2,6.82958212855781,1,0,0,anti_homophones
28747,dQ1qLng1,8,-6.528549676542789,2,6.528549676542789,1,0,0,anti_homophones
28748,feng1zhong2,11,-6.162971178672182,2,6.162971178672182,1,0,2,anti_homophones
28749,e4ye4,5,-5.130261761237874,2,5.130261761237874,1,0,4,anti_homophones
28750,fang5shu1,9,-7.973657907626075,2,7.973657907626075,1,0,0,anti_homophones
28751,zhen1cheng1,11,-6.127819740129588,2,6.127819740129588,1,0,2,anti_homophones
28752,tI1xLn4,7,-5.356268965823587,2,5.356268965823587,1,0,4,anti_homophones
28753,rUn3zun4,8,-9.77771715591671,2,9.77771715591671,1,0,0,anti_homophones
28754,bQ1lu2,6,-6.798660995900241,2,6.798660995900241,1,0,2,anti_homophones
28755,fan1chan1,9,-6.920988750428748,2,6.920988750428748,1,0,1,anti_homophones
28756,fan4han3,8,-6.941778470809403,2,6.941778470809403,1,0,0,anti_homophones
28757,shI3zhi4,8,-5.414626658527781,2,5.414626658527781,1,0,4,anti_homophones
28758,zhV1yC1,7,-6.2689206415580685,2,6.2689206415580685,1,0,0,anti_homophones
28759,wu2nen4,7,-5.977874604688932,2,5.977874604688932,1,1,2,anti_homophones
28760,yan2han4,8,-6.266184244384079,2,6.266184244384079,1,0,3,anti_homophones
28761,heng2zhang4,11,-7.165231298533463,2,7.165231298533463,1,0,2,anti_homophones
28762,zV3tV2,6,-5.664487511008021,2,5.664487511008021,1,0,3,anti_homophones
28763,qLng2li4,8,-5.804957817610742,2,5.804957817610742,1,0,4,anti_homophones
28764,bi4du4,6,-5.5456145425330705,2,5.5456145425330705,1,0,9,anti_homophones
28765,chV2shi4,8,-5.636485608317349,2,5.636485608317349,1,0,3,anti_homophones
28766,wE2shV3,7,-5.711688799528171,2,5.711688799528171,1,0,1,anti_homophones
28767,shen2tI3,8,-7.095183892552247,2,7.095183892552247,1,0,1,anti_homophones
28768,shan2er2,8,-6.076039132232688,2,6.076039132232688,1,0,0,anti_homophones
28769,lK2shen1,8,-5.912713084312126,2,5.912713084312126,1,0,2,anti_homophones
28770,deng4bE4,8,-6.869482559762393,2,6.869482559762393,1,0,0,anti_homophones
28771,yV2lLng1,8,-6.262652417502089,2,6.262652417502089,1,0,0,anti_homophones
28772,ping3hI4,8,-6.278797374069304,2,6.278797374069304,1,0,2,anti_homophones
28773,di3xM2,6,-6.503575745593359,2,6.503575745593359,1,0,1,anti_homophones
28774,qLn2lLng4,9,-5.952994104460197,2,5.952994104460197,1,0,1,anti_homophones
28775,fa1jK1,6,-6.207046750155409,2,6.207046750155409,1,0,3,anti_homophones
28776,qin1ji1,7,-5.430917693643673,2,5.430917693643673,1,0,5,anti_homophones
28777,gong1yQ1,8,-6.561344928402904,2,6.561344928402904,1,0,1,anti_homophones
28778,zhUn3si3,8,-7.1070487587358535,2,7.1070487587358535,1,0,1,anti_homophones
28779,jin3hUn3,8,-7.192956062058208,2,7.192956062058208,1,0,0,anti_homophones
28780,yong1chV2,9,-6.52162953410792,2,6.52162953410792,1,0,1,anti_homophones
28781,mLn4dA4,7,-5.410007557372607,2,5.410007557372607,1,0,3,anti_homophones
28782,man3xLng1,9,-6.338980331115869,2,6.338980331115869,1,0,2,anti_homophones
28783,dQ3hUn2,7,-6.605020670439108,2,6.605020670439108,1,0,1,anti_homophones
28784,pLn1zi3,7,-6.1678273953322025,2,6.1678273953322025,1,1,2,anti_homophones
28785,ping1zi3,8,-6.273587875329144,2,6.273587875329144,1,0,4,anti_homophones
28786,hun4ye4,7,-6.2787896466220285,2,6.2787896466220285,1,0,0,anti_homophones
28787,hE1shang3,9,-6.132578999798542,2,6.132578999798542,1,0,1,anti_homophones
28788,shi4jun1,8,-5.369163804537668,2,5.369163804537668,1,1,1,anti_homophones
28789,wu3jun1,7,-5.735134545416343,2,5.735134545416343,1,0,0,anti_homophones
28790,lW2fE4,6,-5.426203452272343,2,5.426203452272343,1,0,0,anti_homophones
28791,mo4men2,7,-5.412900952911935,2,5.412900952911935,1,0,3,anti_homophones
28792,qi2chu1,7,-5.708574868534704,2,5.708574868534704,1,0,2,anti_homophones
28793,wu4qLn4,7,-6.8189003493186355,2,6.8189003493186355,1,0,1,anti_homophones
28794,ru2ying1,8,-6.103621181419416,2,6.103621181419416,1,0,0,anti_homophones
28795,kUng1kV3,8,-6.160098166944124,2,6.160098166944124,1,0,0,anti_homophones
28796,bLn1feng4,9,-5.99630211192421,2,5.99630211192421,1,0,0,anti_homophones
28797,qi3yi3,6,-5.634437493643505,2,5.634437493643505,1,0,6,anti_homophones
28798,hQ3qi3,6,-6.19580626362678,2,6.19580626362678,1,0,1,anti_homophones
28799,ling2xLng3,10,-6.409116141493679,2,6.409116141493679,1,0,3,anti_homophones
28800,jUn4fang1,9,-6.982938568511127,2,6.982938568511127,1,0,2,anti_homophones
28801,fa1mLn5,7,-7.085756350960394,2,7.085756350960394,1,0,1,anti_homophones
28802,lan3qUn2,8,-6.2334995427795645,2,6.2334995427795645,1,0,1,anti_homophones
28803,da4tan2,7,-5.430167285475722,2,5.430167285475722,1,1,4,anti_homophones
28804,tong1bE4,8,-6.011377856411716,2,6.011377856411716,1,0,0,anti_homophones
28805,zhA1xLng4,9,-6.712778098002598,2,6.712778098002598,1,0,1,anti_homophones
28806,yu2xW4,6,-6.059084833792613,2,6.059084833792613,1,0,5,anti_homophones
28807,du3shV3,7,-6.59430137884285,2,6.59430137884285,1,0,6,anti_homophones
28808,chi2jK3,7,-5.880031874798797,2,5.880031874798797,1,0,1,anti_homophones
28809,kUng1zhe3,9,-6.169821752874282,2,6.169821752874282,1,0,1,anti_homophones
28810,gI1xW4,6,-5.7545079898161235,2,5.7545079898161235,1,0,4,anti_homophones
28811,tW2ju1,6,-6.264335496797395,2,6.264335496797395,1,0,2,anti_homophones
28812,mu4xM4,6,-6.142144892747393,2,6.142144892747393,1,0,4,anti_homophones
28813,fu4hen2,7,-6.372862491390129,2,6.372862491390129,1,0,3,anti_homophones
28814,dQ3yang4,8,-6.146845111312253,2,6.146845111312253,1,0,1,anti_homophones
28815,gQ1xLn1,7,-5.980492164189247,2,5.980492164189247,1,0,1,anti_homophones
28816,an4ding1,8,-6.6075245193692655,2,6.6075245193692655,1,0,0,anti_homophones
28817,sheng1hang2,11,-6.434208372039913,2,6.434208372039913,1,0,1,anti_homophones
28818,yan1yan2,8,-6.069734078589004,2,6.069734078589004,1,0,4,anti_homophones
28819,kA1zhang1,9,-6.275082678130039,2,6.275082678130039,1,0,1,anti_homophones
28820,keng2shi2,9,-6.950682829581888,2,6.950682829581888,1,0,2,anti_homophones
28821,qing1qUn2,9,-5.783069040609832,2,5.783069040609832,1,0,3,anti_homophones
28822,wu2jing4,8,-5.175877035557907,2,5.175877035557907,1,0,5,anti_homophones
28823,qLn4lM4,7,-6.751289099879583,2,6.751289099879583,1,0,3,anti_homophones
28824,shI3hU1,7,-5.560238487875259,2,5.560238487875259,1,0,1,anti_homophones
28825,jL3qi4,6,-5.579293528626819,2,5.579293528626819,1,0,3,anti_homophones
28826,bu4xing1,8,-5.2439781177105464,2,5.2439781177105464,1,0,6,anti_homophones
28827,an4gUn4,7,-6.420162530351883,2,6.420162530351883,1,0,3,anti_homophones
28828,zhang3gO4,9,-7.052700313500292,2,7.052700313500292,1,0,1,anti_homophones
28829,bA3lLng4,8,-6.418773612596492,2,6.418773612596492,1,0,0,anti_homophones
28830,bi2zi5,6,-5.15801050772203,2,5.15801050772203,1,0,6,anti_homophones
28831,zi1ya1,6,-6.315809908481296,2,6.315809908481296,1,0,2,anti_homophones
28832,kP4ji1,6,-5.503506851167464,2,5.503506851167464,1,0,2,anti_homophones
28833,zhan3bo1,8,-6.427626639424071,2,6.427626639424071,1,0,0,anti_homophones
28834,ni2tang4,8,-6.100739712799646,2,6.100739712799646,1,0,0,anti_homophones
28835,dan4nLng4,9,-6.977580033383748,2,6.977580033383748,1,0,0,anti_homophones
28836,li3yi4,6,-5.180792807257302,2,5.180792807257302,1,0,7,anti_homophones
28837,ming4mLn5,9,-7.8346088784585035,2,7.8346088784585035,1,0,0,anti_homophones
28838,ting2meng4,10,-7.040694028505145,2,7.040694028505145,1,0,0,anti_homophones
28839,hen1bo2,7,-6.93297597309348,2,6.93297597309348,1,0,0,anti_homophones
28840,zO4dang1,8,-6.321044725882013,2,6.321044725882013,1,0,2,anti_homophones
28841,gUng2ya2,8,-6.737971524241585,2,6.737971524241585,1,0,0,anti_homophones
28842,pi1li4,6,-5.0771599150766065,2,5.0771599150766065,1,0,12,anti_homophones
28843,tang4se4,8,-6.710496626149721,2,6.710496626149721,1,0,0,anti_homophones
28844,shV4zhong2,10,-6.329653481764459,2,6.329653481764459,1,0,0,anti_homophones
28845,keng3zi5,8,-6.88280692624602,2,6.88280692624602,1,0,2,anti_homophones
28846,dQ4yong2,8,-6.287812380059438,2,6.287812380059438,1,0,1,anti_homophones
28847,jin4gan1,8,-6.2205386296905445,2,6.2205386296905445,1,0,0,anti_homophones
28848,chang4ren2,10,-5.555602892361873,2,5.555602892361873,1,0,1,anti_homophones
28849,zi4ba1,6,-6.615365069654697,2,6.615365069654697,1,0,1,anti_homophones
28850,xin1jing1,9,-5.860840952274738,2,5.860840952274738,1,0,5,anti_homophones
28851,jin3ye4,7,-6.018753785787636,2,6.018753785787636,1,0,5,anti_homophones
28852,ta3li3,6,-6.5887751563144015,2,6.5887751563144015,1,0,5,anti_homophones
28853,li3zu2,6,-6.38694347357263,2,6.38694347357263,1,0,3,anti_homophones
28854,zhUng3ci4,9,-7.01590254261719,2,7.01590254261719,1,0,0,anti_homophones
28855,hI2tV5,6,-5.110552363213232,2,5.110552363213232,1,1,3,anti_homophones
28856,sQ3ma4,6,-6.385318467073786,2,6.385318467073786,1,0,4,anti_homophones
28857,tA2ji1,6,-5.755802837130367,2,5.755802837130367,1,1,4,anti_homophones
28858,xLng1qi4,8,-5.187255987148867,2,5.187255987148867,1,0,7,anti_homophones
28859,zA4jL4,6,-5.43566463263783,2,5.43566463263783,1,0,2,anti_homophones
28860,yV3xin1,7,-5.0767694171339075,2,5.0767694171339075,1,0,4,anti_homophones
28861,gQ1dW1,6,-6.32230052472147,2,6.32230052472147,1,0,1,anti_homophones
28862,fen1hU1,7,-5.946572207220615,2,5.946572207220615,1,0,2,anti_homophones
28863,wu3jW1,6,-5.794516831425876,2,5.794516831425876,1,0,2,anti_homophones
28864,ye3jLn4,7,-5.598226866660566,2,5.598226866660566,1,0,2,anti_homophones
28865,shQ4shi4,8,-5.522624037089773,2,5.522624037089773,1,0,6,anti_homophones
28866,gU1ta3,6,-7.290037716971394,2,7.290037716971394,1,0,0,anti_homophones
28867,xLn2ren2,8,-5.418832220193875,2,5.418832220193875,1,0,6,anti_homophones
28868,dang2long1,10,-6.813390098835973,2,6.813390098835973,1,0,1,anti_homophones
28869,zhi3pan4,8,-6.549682755313255,2,6.549682755313255,1,0,1,anti_homophones
28870,lB4gO4,6,-6.2678245045477485,2,6.2678245045477485,1,0,2,anti_homophones
28871,san1sheng1,10,-6.0677496636723625,2,6.0677496636723625,1,0,4,anti_homophones
28872,shen1shang4,11,-5.972032170140753,2,5.972032170140753,1,0,0,anti_homophones
28873,la1dM2,6,-6.49900183841906,2,6.49900183841906,1,0,0,anti_homophones
28874,wo1gQ3,6,-6.542127120774834,2,6.542127120774834,1,0,0,anti_homophones
28875,zhQ3chang1,10,-7.099076495801484,2,7.099076495801484,1,0,0,anti_homophones
28876,ke3nQ3,6,-5.89790203696768,2,5.89790203696768,1,0,3,anti_homophones
28877,kUn3yQ4,7,-6.33158175717592,2,6.33158175717592,1,0,2,anti_homophones
28878,ji1gan4,7,-6.495893030452522,2,6.495893030452522,1,0,2,anti_homophones
28879,shang2cheng4,12,-6.333510457050933,2,6.333510457050933,1,0,0,anti_homophones
28880,tW2shi4,7,-5.444731511021429,2,5.444731511021429,1,0,1,anti_homophones
28881,lQ3ming1,8,-6.1804604857966945,2,6.1804604857966945,1,0,2,anti_homophones
28882,yang2hu1,8,-6.3655044713305635,2,6.3655044713305635,1,0,0,anti_homophones
28883,yV4sha1,7,-6.261386305650614,2,6.261386305650614,1,0,2,anti_homophones
28884,shu4zu3,7,-6.035036249107443,2,6.035036249107443,1,0,3,anti_homophones
28885,hUng1pin3,9,-6.242244503654523,2,6.242244503654523,1,0,1,anti_homophones
28886,hang4si1,8,-6.932280627386661,2,6.932280627386661,1,0,1,anti_homophones
28887,jK1feng4,8,-6.592161247809101,2,6.592161247809101,1,0,0,anti_homophones
28888,yi4wan2,7,-6.193651311787534,2,6.193651311787534,1,0,2,anti_homophones
28889,yi4shI3,7,-5.363901374577999,2,5.363901374577999,1,0,8,anti_homophones
28890,xC2sheng2,9,-5.896143284359544,2,5.896143284359544,1,0,1,anti_homophones
28891,ban3er3,7,-6.626802021600175,2,6.626802021600175,1,0,0,anti_homophones
28892,xW3xYng2,8,-5.219114852524582,2,5.219114852524582,1,0,2,anti_homophones
28893,hO3se4,6,-6.1306188797506085,2,6.1306188797506085,1,0,3,anti_homophones
28894,xLng3ti3,8,-6.106763031387187,2,6.106763031387187,1,0,1,anti_homophones
28895,xW3shen2,8,-5.661847336585566,2,5.661847336585566,1,0,1,anti_homophones
28896,la1hu4,6,-6.527533884986461,2,6.527533884986461,1,0,4,anti_homophones
28897,den2cA3,7,-9.449350842304886,2,9.449350842304886,1,0,0,anti_homophones
28898,shang2she4,10,-6.126181092817975,2,6.126181092817975,1,0,2,anti_homophones
28899,si3shI3,7,-5.803926109770669,2,5.803926109770669,1,0,1,anti_homophones
28900,nE4gong2,8,-6.430788444693272,2,6.430788444693272,1,0,0,anti_homophones
28901,ying1bin1,9,-6.8780514853989745,2,6.8780514853989745,1,1,0,anti_homophones
28902,mE3shi2,7,-5.261758785916794,2,5.261758785916794,1,0,1,anti_homophones
28903,qi1xin4,7,-6.156023079460223,2,6.156023079460223,1,0,3,anti_homophones
28904,mo2wE2,6,-6.532445343366493,2,6.532445343366493,1,0,1,anti_homophones
28905,ti2dUn4,7,-6.161743006089226,2,6.161743006089226,1,0,0,anti_homophones
28906,yin3lun4,8,-6.134802391671093,2,6.134802391671093,1,0,2,anti_homophones
28907,A2zi5,5,-4.881644200945422,2,4.881644200945422,1,1,7,anti_homophones
28908,fan4ba5,7,-7.330870025308492,2,7.330870025308492,1,0,0,anti_homophones
28909,ying4yi1,8,-6.345862027339647,2,6.345862027339647,1,0,2,anti_homophones
28910,shV1shan3,9,-6.431145681639025,2,6.431145681639025,1,0,1,anti_homophones
28911,fE1yang4,8,-5.689955085159624,2,5.689955085159624,1,0,1,anti_homophones
28912,sQ1kQ3,6,-6.320108715624211,2,6.320108715624211,1,0,0,anti_homophones
28913,dI4xK4,6,-6.603540177852306,2,6.603540177852306,1,0,2,anti_homophones
28914,tu3yi4,6,-5.522855393068231,2,5.522855393068231,1,0,10,anti_homophones
28915,nLng2shu3,9,-7.754486205542044,2,7.754486205542044,1,0,0,anti_homophones
28916,gu3A4,5,-5.2110918535285435,2,5.2110918535285435,1,0,1,anti_homophones
28917,nong4shi2,9,-6.148507784762362,2,6.148507784762362,1,0,3,anti_homophones
28918,ke3tu2,6,-5.2751222350802545,2,5.2751222350802545,1,0,2,anti_homophones
28919,wE1shV4,7,-5.9956696807359,2,5.9956696807359,1,0,5,anti_homophones
28920,feng1ba4,8,-6.624384607414182,2,6.624384607414182,1,0,1,anti_homophones
28921,xin1hA4,7,-6.063276741246576,2,6.063276741246576,1,0,4,anti_homophones
28922,lLng4xing1,10,-6.173066596808318,2,6.173066596808318,1,0,1,anti_homophones
28923,jU4sha1,7,-8.904533190859803,2,8.904533190859803,1,0,1,anti_homophones
28924,jW3bang3,8,-6.5412338972778885,2,6.5412338972778885,1,0,1,anti_homophones
28925,du2du2,6,-5.590670149707604,2,5.590670149707604,1,0,4,anti_homophones
28926,he4pA4,6,-6.764166139867962,2,6.764166139867962,1,0,2,anti_homophones
28927,he2xing3,8,-5.667728683746708,2,5.667728683746708,1,0,1,anti_homophones
28928,qing2he4,8,-6.637657865117967,2,6.637657865117967,1,0,5,anti_homophones
28929,tV2shan4,8,-6.293301574128321,2,6.293301574128321,1,0,2,anti_homophones
28930,an4zhu4,7,-5.90090717241794,2,5.90090717241794,1,0,2,anti_homophones
28931,ye3shi4,7,-5.252785581462833,2,5.252785581462833,1,0,7,anti_homophones
28932,gong3gong4,10,-6.479358535230247,2,6.479358535230247,1,0,0,anti_homophones
28933,yan1gI3,7,-6.4346467850670654,2,6.4346467850670654,1,0,1,anti_homophones
28934,shi1yQ2,7,-6.267549469279122,2,6.267549469279122,1,0,1,anti_homophones
28935,kan3shI3,8,-6.809726832698724,2,6.809726832698724,1,0,1,anti_homophones
28936,dan1jUn3,8,-7.195173805745764,2,7.195173805745764,1,0,0,anti_homophones
28937,lQ3jM4,6,-6.058883658493454,2,6.058883658493454,1,0,3,anti_homophones
28938,yang2ren2,9,-5.336270317794395,2,5.336270317794395,1,1,8,anti_homophones
28939,gQ1zu3,6,-5.78651663600751,2,5.78651663600751,1,0,3,anti_homophones
28940,nE4hu5,6,-6.008989766296554,2,6.008989766296554,1,0,1,anti_homophones
28941,ci4kong4,8,-6.756741867843857,2,6.756741867843857,1,0,1,anti_homophones
28942,zi4jM2,6,-5.270104552476631,2,5.270104552476631,1,0,9,anti_homophones
28943,V3ya2,5,-6.9188080518034285,2,6.9188080518034285,1,0,1,anti_homophones
28944,ding2hU4,8,-5.577459011712193,2,5.577459011712193,1,0,6,anti_homophones
28945,shan4ji1,8,-5.665660272695935,2,5.665660272695935,1,0,3,anti_homophones
28946,tong1wu1,8,-6.176325319534553,2,6.176325319534553,1,0,2,anti_homophones
28947,lE2jM1,6,-6.954045064664315,2,6.954045064664315,1,0,0,anti_homophones
28948,ji4feng4,8,-5.806179254819601,2,5.806179254819601,1,0,1,anti_homophones
28949,chUng1deng1,11,-6.398903567171697,2,6.398903567171697,1,0,0,anti_homophones
28950,shang1hI4,9,-5.905737252645663,2,5.905737252645663,1,0,2,anti_homophones
28951,zhQ4kan4,8,-6.497622900239651,2,6.497622900239651,1,0,1,anti_homophones
28952,pi4gang3,8,-7.285750192978962,2,7.285750192978962,1,0,0,anti_homophones
28953,xi3zu2,6,-6.5911341411506426,2,6.5911341411506426,1,0,4,anti_homophones
28954,zheng2du4,9,-5.937234055910396,2,5.937234055910396,1,0,3,anti_homophones
28955,peng1wE4,8,-6.180551966746918,2,6.180551966746918,1,0,2,anti_homophones
28956,tW4zhe3,7,-6.171787726486825,2,6.171787726486825,1,0,0,anti_homophones
28957,zhan2shang1,11,-7.399033745240597,2,7.399033745240597,1,0,0,anti_homophones
28958,jM3kUng1,8,-6.010526648710715,2,6.010526648710715,1,0,0,anti_homophones
28959,su5yu3,6,-7.555795776594022,2,7.555795776594022,1,0,1,anti_homophones
28960,pi1pang4,8,-6.0592162729529075,2,6.0592162729529075,1,0,2,anti_homophones
28961,zhong2jLn1,10,-6.099973353970003,2,6.099973353970003,1,0,0,anti_homophones
28962,fen4ya2,7,-6.596551249753049,2,6.596551249753049,1,0,1,anti_homophones
28963,hE1bA4,6,-5.745263591942316,2,5.745263591942316,1,0,1,anti_homophones
28964,shen4zhang3,11,-6.384181925744357,2,6.384181925744357,1,0,0,anti_homophones
28965,tong1ji1,8,-5.108280886660271,2,5.108280886660271,1,0,11,anti_homophones
28966,V1ge2,5,-5.943886191558403,2,5.943886191558403,1,0,1,anti_homophones
28967,qi2qi2,6,-5.918974309080202,2,5.918974309080202,1,0,0,anti_homophones
28968,qLng1xC2,8,-6.1022216273882215,2,6.1022216273882215,1,0,0,anti_homophones
28969,ru4du4,6,-6.148080192127591,2,6.148080192127591,1,0,5,anti_homophones
28970,jLng3he2,8,-6.419640741072582,2,6.419640741072582,1,0,0,anti_homophones
28971,bLn1sheng2,10,-6.155197087858422,2,6.155197087858422,1,0,2,anti_homophones
28972,e3xLng4,7,-6.880485939893529,2,6.880485939893529,1,0,1,anti_homophones
28973,wen2shang2,10,-6.452452376388778,2,6.452452376388778,1,0,1,anti_homophones
28974,ci2e2,5,-6.271427698801181,2,6.271427698801181,1,0,1,anti_homophones
28975,di4lLng2,8,-6.438047481682964,2,6.438047481682964,1,0,1,anti_homophones
28976,hu2cha2,7,-6.116063921327262,2,6.116063921327262,1,0,1,anti_homophones
28977,jM2chang3,9,-6.0101596345120525,2,6.0101596345120525,1,0,2,anti_homophones
28978,hu2si5,6,-7.052279047728958,2,7.052279047728958,1,0,2,anti_homophones
28979,bing2xin4,9,-6.102143999240663,2,6.102143999240663,1,1,2,anti_homophones
28980,zhu4di4,7,-5.789020097880418,2,5.789020097880418,1,0,8,anti_homophones
28981,du2zhO1,7,-6.314830331405433,2,6.314830331405433,1,0,1,anti_homophones
28982,da4ming1,8,-5.469341824458329,2,5.469341824458329,1,0,3,anti_homophones
28983,xUn1li4,7,-6.012472808382082,2,6.012472808382082,1,0,4,anti_homophones
28984,shang2chan4,11,-6.239286139354753,2,6.239286139354753,1,0,0,anti_homophones
28985,wu2tV5,6,-6.1965309290108515,2,6.1965309290108515,1,0,1,anti_homophones
28986,chu1jM2,7,-5.568784718202311,2,5.568784718202311,1,0,3,anti_homophones
28987,cQ3dUn1,7,-6.971960688306259,2,6.971960688306259,1,0,1,anti_homophones
28988,cha4wang2,9,-6.996733809548293,2,6.996733809548293,1,0,0,anti_homophones
28989,hu4mLn4,7,-6.145736675202817,2,6.145736675202817,1,0,8,anti_homophones
28990,zi4xLng5,8,-6.94373161485856,2,6.94373161485856,1,0,2,anti_homophones
28991,che1sheng2,10,-6.2252532466425965,2,6.2252532466425965,1,0,1,anti_homophones
28992,wo3zi5,6,-5.45070904019064,2,5.45070904019064,1,0,3,anti_homophones
28993,jW1hUng3,8,-6.229989136316183,2,6.229989136316183,1,0,2,anti_homophones
28994,xin1ju4,7,-5.367285798792264,2,5.367285798792264,1,0,5,anti_homophones
28995,jM4di4,6,-5.441080902143585,2,5.441080902143585,1,0,5,anti_homophones
28996,xing4ku4,8,-6.057859517462301,2,6.057859517462301,1,0,2,anti_homophones
28997,sheng1sheng4,12,-5.793410040084998,2,5.793410040084998,1,0,3,anti_homophones
28998,xLng1ji5,8,-6.729530306626987,2,6.729530306626987,1,0,1,anti_homophones
28999,zhUng2ren2,10,-5.620759508873454,2,5.620759508873454,1,0,3,anti_homophones
29000,mo4wE1,6,-6.700825301190404,2,6.700825301190404,1,0,1,anti_homophones
29001,shi4she4,8,-5.749731693209884,2,5.749731693209884,1,0,4,anti_homophones
29002,ding1hA4,8,-6.340779835513656,2,6.340779835513656,1,0,2,anti_homophones
29003,ru4lE4,6,-6.746887716362546,2,6.746887716362546,1,0,4,anti_homophones
29004,tu2zhen2,8,-6.420041996605346,2,6.420041996605346,1,0,1,anti_homophones
29005,chong1li4,9,-5.742996792136944,2,5.742996792136944,1,0,2,anti_homophones
29006,hUn3zheng5,10,-8.310507580826313,2,8.310507580826313,1,0,0,anti_homophones
29007,zhe3qin1,8,-6.464879873844009,2,6.464879873844009,1,0,0,anti_homophones
29008,yan3qu4,7,-5.731980792449536,2,5.731980792449536,1,0,9,anti_homophones
29009,gO4hQ3,6,-5.889722018696554,2,5.889722018696554,1,0,0,anti_homophones
29010,te4zheng2,9,-5.953496953807016,2,5.953496953807016,1,0,2,anti_homophones
29011,dA4gUn4,7,-6.320332305627787,2,6.320332305627787,1,0,0,anti_homophones
29012,qi1meng1,8,-7.019775884465315,2,7.019775884465315,1,0,0,anti_homophones
29013,su4du4,6,-6.02188731785206,2,6.02188731785206,1,0,5,anti_homophones
29014,wE1xW4,6,-5.341759121676238,2,5.341759121676238,1,0,2,anti_homophones
29015,mE2kA1,6,-5.9340940060181,2,5.9340940060181,1,0,1,anti_homophones
29016,shI3rV4,7,-5.605423610868432,2,5.605423610868432,1,0,3,anti_homophones
29017,zhang2se4,9,-5.390660427926498,2,5.390660427926498,1,0,2,anti_homophones
29018,zhi1jUn4,8,-6.739417725162433,2,6.739417725162433,1,0,3,anti_homophones
29019,xM4e2,5,-6.068352363274041,2,6.068352363274041,1,0,2,anti_homophones
29020,sO1ji1,6,-5.731274832830598,2,5.731274832830598,1,0,3,anti_homophones
29021,wu1xLng4,8,-6.617877669894637,2,6.617877669894637,1,0,3,anti_homophones
29022,po1di3,6,-6.363122902969932,2,6.363122902969932,1,0,2,anti_homophones
29023,chang4zi5,9,-5.389296728244569,2,5.389296728244569,1,0,2,anti_homophones
29024,jL1cheng4,9,-6.010991317613898,2,6.010991317613898,1,0,2,anti_homophones
29025,zheng1qi1,9,-5.529757916063304,2,5.529757916063304,1,0,4,anti_homophones
29026,shI3mLn4,8,-5.632357390768832,2,5.632357390768832,1,0,3,anti_homophones
29027,bA2hQ4,6,-5.38468184502661,2,5.38468184502661,1,0,7,anti_homophones
29028,hU2bu4,6,-5.5768643527903246,2,5.5768643527903246,1,0,6,anti_homophones
29029,shP1jL1,7,-6.070591122719712,2,6.070591122719712,1,0,4,anti_homophones
29030,wu2ji1,6,-4.633529572122171,2,4.633529572122171,1,0,10,anti_homophones
29031,shun2wu4,8,-6.549021213919019,2,6.549021213919019,1,0,0,anti_homophones
29032,ren2jW2,7,-7.280403676904113,2,7.280403676904113,1,0,3,anti_homophones
29033,chun1tLn1,9,-6.206819687159314,2,6.206819687159314,1,0,1,anti_homophones
29034,yang4hV4,8,-6.609488292442385,2,6.609488292442385,1,0,4,anti_homophones
29035,jLn4ke4,7,-5.886983404441871,2,5.886983404441871,1,0,4,anti_homophones
29036,jLn4jun1,8,-5.746609819466713,2,5.746609819466713,1,1,3,anti_homophones
29037,zeng2zhen1,10,-7.074049220600915,2,7.074049220600915,1,0,1,anti_homophones
29038,wang2li4,8,-5.58555826152251,2,5.58555826152251,1,0,5,anti_homophones
29039,zO4tA4,6,-5.828538057895471,2,5.828538057895471,1,1,3,anti_homophones
29040,dLn3bi3,7,-6.058024616499916,2,6.058024616499916,1,0,3,anti_homophones
29041,bu4zhe3,7,-5.005943852365401,2,5.005943852365401,1,0,8,anti_homophones
29042,mo2ji2,6,-7.350630812782061,2,7.350630812782061,1,0,2,anti_homophones
29043,ge2jW3,6,-6.822104966602683,2,6.822104966602683,1,0,3,anti_homophones
29044,xing4qi4,8,-5.210802214973153,2,5.210802214973153,1,0,7,anti_homophones
29045,bu4long2,8,-6.197682295973067,2,6.197682295973067,1,0,4,anti_homophones
29046,mi3fan2,7,-6.544340720817441,2,6.544340720817441,1,0,0,anti_homophones
29047,chP4ha2,7,-10.499721365604001,2,10.499721365604001,1,0,0,anti_homophones
29048,da4zhu4,7,-5.310907011933134,2,5.310907011933134,1,0,3,anti_homophones
29049,ju2zhu3,7,-6.469527688839077,2,6.469527688839077,1,0,1,anti_homophones
29050,tLn1qLng3,9,-6.361455389715706,2,6.361455389715706,1,0,1,anti_homophones
29051,shen1ran2,9,-5.914392572152947,2,5.914392572152947,1,0,1,anti_homophones
29052,cu4li3,6,-6.358216754283918,2,6.358216754283918,1,0,1,anti_homophones
29053,xL4xLn4,7,-5.26512817883899,2,5.26512817883899,1,0,3,anti_homophones
29054,qing2zhi2,9,-5.757974778856253,2,5.757974778856253,1,0,1,anti_homophones
29055,ke4lv4,6,-5.733816671960108,2,5.733816671960108,1,0,3,anti_homophones
29056,gUng1yu2,8,-5.794414837101824,2,5.794414837101824,1,0,5,anti_homophones
29057,er2qing4,8,-6.222017948304502,2,6.222017948304502,1,0,0,anti_homophones
29058,yC4sUn1,7,-5.906418902201416,2,5.906418902201416,1,0,2,anti_homophones
29059,jM1nLn2,7,-5.670142085837591,2,5.670142085837591,1,0,4,anti_homophones
29060,ji1tV2,6,-5.59289517993801,2,5.59289517993801,1,0,5,anti_homophones
29061,shi2lan3,8,-6.205875423991285,2,6.205875423991285,1,0,4,anti_homophones
29062,tan4gI3,7,-6.60157992985889,2,6.60157992985889,1,0,0,anti_homophones
29063,lLng2jL1,8,-5.923742728430217,2,5.923742728430217,1,0,3,anti_homophones
29064,ni2gUn1,7,-5.729275202458741,2,5.729275202458741,1,0,1,anti_homophones
29065,xYng1bE1,8,-6.645341095290748,2,6.645341095290748,1,0,0,anti_homophones
29066,hUng3zi5,8,-6.016388172275624,2,6.016388172275624,1,0,1,anti_homophones
29067,nQ3wan2,7,-6.5469268096475925,2,6.5469268096475925,1,0,0,anti_homophones
29068,bi2zhe4,7,-7.267474306883416,2,7.267474306883416,1,0,1,anti_homophones
29069,ma3fa4,6,-6.033079165746405,2,6.033079165746405,1,0,2,anti_homophones
29070,yV3sha3,7,-6.788327361398358,2,6.788327361398358,1,0,2,anti_homophones
29071,hO3qK2,6,-5.42685305004408,2,5.42685305004408,1,1,0,anti_homophones
29072,tLn1deng1,9,-6.075287194834468,2,6.075287194834468,1,0,1,anti_homophones
29073,ya1zi3,6,-5.885772754805819,2,5.885772754805819,1,0,7,anti_homophones
29074,xYng1tUn2,9,-6.566529708972814,2,6.566529708972814,1,0,0,anti_homophones
29075,chI2wan2,8,-6.8459217954164115,2,6.8459217954164115,1,0,0,anti_homophones
29076,lan2mE2,7,-6.666121078175829,2,6.666121078175829,1,0,0,anti_homophones
29077,jLn1fa3,7,-5.48739322500238,2,5.48739322500238,1,0,6,anti_homophones
29078,tM3qi4,6,-4.741237733275335,2,4.741237733275335,1,1,6,anti_homophones
29079,xW1qW3,6,-5.492331875562156,2,5.492331875562156,1,0,3,anti_homophones
29080,dO1dUn4,7,-5.04442741137612,2,5.04442741137612,1,0,1,anti_homophones
29081,leng1cheng4,11,-6.584251612365454,2,6.584251612365454,1,0,1,anti_homophones
29082,yin1shi1,8,-5.73451706665413,2,5.73451706665413,1,0,3,anti_homophones
29083,zong1chan4,10,-6.319048592146057,2,6.319048592146057,1,0,0,anti_homophones
29084,bA3shV3,7,-5.4554393385917646,2,5.4554393385917646,1,0,4,anti_homophones
29085,she4yi4,7,-5.082194032358253,2,5.082194032358253,1,0,8,anti_homophones
29086,zQ4li4,6,-5.583826045073307,2,5.583826045073307,1,0,6,anti_homophones
29087,hO3jing2,8,-5.809801613292355,2,5.809801613292355,1,0,3,anti_homophones
29088,xUn1chang3,10,-6.575987894091779,2,6.575987894091779,1,0,0,anti_homophones
29089,lK2dI1,6,-5.924253041353373,2,5.924253041353373,1,0,1,anti_homophones
29090,shI3he2,7,-5.7982401906286585,2,5.7982401906286585,1,0,1,anti_homophones
29091,shang2yC4,9,-6.240821768126945,2,6.240821768126945,1,0,1,anti_homophones
29092,chong4xing3,11,-6.550411768214284,2,6.550411768214284,1,0,0,anti_homophones
29093,gI1zI2,6,-7.8948464141009485,2,7.8948464141009485,1,0,2,anti_homophones
29094,qLn2pan4,8,-6.260262516713999,2,6.260262516713999,1,0,2,anti_homophones
29095,mA2ming3,8,-6.74861729193598,2,6.74861729193598,1,0,1,anti_homophones
29096,ka1fen3,7,-5.744200778991651,2,5.744200778991651,1,0,0,anti_homophones
29097,yi1xLng2,8,-5.318364055242548,2,5.318364055242548,1,0,3,anti_homophones
29098,jM2hen2,7,-6.6471827561659556,2,6.6471827561659556,1,0,2,anti_homophones
29099,lan2dang2,9,-6.9714911603106335,2,6.9714911603106335,1,0,0,anti_homophones
29100,hUng1ji1,8,-5.3103293444795465,2,5.3103293444795465,1,0,3,anti_homophones
29101,qUn2tV2,7,-5.611947321483904,2,5.611947321483904,1,0,1,anti_homophones
29102,qC3di2,6,-7.997619807059287,2,7.997619807059287,1,0,0,anti_homophones
29103,ji2zi5,6,-4.725234865753399,2,4.725234865753399,1,0,8,anti_homophones
29104,zi4zi1,6,-5.9928371423013225,2,5.9928371423013225,1,0,8,anti_homophones
29105,yC4ke4,6,-6.129062031312591,2,6.129062031312591,1,0,1,anti_homophones
29106,ji1shan4,8,-5.8025357486610725,2,5.8025357486610725,1,0,1,anti_homophones
29107,du3zhi4,7,-5.51786390804811,2,5.51786390804811,1,0,5,anti_homophones
29108,an1shan1,8,-6.690159054630729,2,6.690159054630729,1,0,0,anti_homophones
29109,ye3chang4,9,-6.207228469397769,2,6.207228469397769,1,0,0,anti_homophones
29110,hU2chi4,7,-6.826568929076391,2,6.826568929076391,1,0,1,anti_homophones
29111,kA1qu4,6,-5.789107318029762,2,5.789107318029762,1,0,2,anti_homophones
29112,ge4ku4,6,-6.541814423710046,2,6.541814423710046,1,0,1,anti_homophones
29113,jW4ku1,6,-5.896651409033997,2,5.896651409033997,1,0,0,anti_homophones
29114,wu3qUn2,7,-5.442965262253251,2,5.442965262253251,1,0,3,anti_homophones
29115,zhen1zQ3,8,-6.548982880587455,2,6.548982880587455,1,0,0,anti_homophones
29116,nan4cun2,8,-7.710043049443037,2,7.710043049443037,1,0,0,anti_homophones
29117,dV4ke2,6,-6.38727844376981,2,6.38727844376981,1,0,2,anti_homophones
29118,te4ji4,6,-5.267025877138999,2,5.267025877138999,1,0,10,anti_homophones
29119,fu4chu4,7,-6.023581835013339,2,6.023581835013339,1,0,3,anti_homophones
29120,lQ3jUn4,7,-6.010862819483002,2,6.010862819483002,1,0,0,anti_homophones
29121,da4li4,6,-4.6105461974324555,2,4.6105461974324555,1,0,19,anti_homophones
29122,shi1sha4,8,-7.263009044599588,2,7.263009044599588,1,0,2,anti_homophones
29123,ce4jL4,6,-6.340450068887054,2,6.340450068887054,1,0,1,anti_homophones
29124,bW1shang1,9,-6.800645431298318,2,6.800645431298318,1,0,1,anti_homophones
29125,zhUng1hu2,9,-6.614952769914304,2,6.614952769914304,1,0,3,anti_homophones
29126,li4shi4,7,-5.078305377398032,2,5.078305377398032,1,0,18,anti_homophones
29127,wen2zhi4,8,-5.51236806825314,2,5.51236806825314,1,0,2,anti_homophones
29128,wA4shan3,8,-6.437207725795216,2,6.437207725795216,1,0,0,anti_homophones
29129,xing4pin3,9,-6.010746098635138,2,6.010746098635138,1,0,2,anti_homophones
29130,pV1kUn3,7,-6.29792646492537,2,6.29792646492537,1,1,1,anti_homophones
29131,er3gong2,8,-5.996145832293901,2,5.996145832293901,1,0,1,anti_homophones
29132,gUn1tV5,7,-5.7726113773794365,2,5.7726113773794365,1,0,2,anti_homophones
29133,gong1shi4,9,-5.115171511562876,2,5.115171511562876,1,0,7,anti_homophones
29134,shun2zheng1,11,-7.034294984805911,2,7.034294984805911,1,0,0,anti_homophones
29135,mA4chun2,8,-6.7578039236373035,2,6.7578039236373035,1,0,1,anti_homophones
29136,min3ti2,7,-7.4402984206304925,2,7.4402984206304925,1,0,1,anti_homophones
29137,la1tV2,6,-5.551184552001204,2,5.551184552001204,1,0,4,anti_homophones
29138,jing1jL4,8,-5.639744019575845,2,5.639744019575845,1,0,7,anti_homophones
29139,wang3mLn4,9,-6.273515343621433,2,6.273515343621433,1,0,5,anti_homophones
29140,mE3fE4,6,-6.048412270329142,2,6.048412270329142,1,0,0,anti_homophones
29141,ci2pQ4,6,-6.62587018296637,2,6.62587018296637,1,0,0,anti_homophones
29142,nK2gUn3,7,-5.96842911633575,2,5.96842911633575,1,0,1,anti_homophones
29143,chu3ru2,7,-6.5658631280771536,2,6.5658631280771536,1,0,1,anti_homophones
29144,can1Q4,6,-6.346764844172517,2,6.346764844172517,1,0,1,anti_homophones
29145,de2yi2,6,-5.865258826194348,2,5.865258826194348,1,0,2,anti_homophones
29146,jC2shV1,7,-6.211581917406997,2,6.211581917406997,1,0,3,anti_homophones
29147,shan2gan1,9,-7.339571053249339,2,7.339571053249339,1,0,0,anti_homophones
29148,chA2cA2,7,-7.00171525466983,2,7.00171525466983,1,0,1,anti_homophones
29149,sa1tu2,6,-5.880324710437698,2,5.880324710437698,1,0,2,anti_homophones
29150,jing4xin1,9,-5.442142160553181,2,5.442142160553181,1,0,1,anti_homophones
29151,shi4zO4,7,-5.376272295863631,2,5.376272295863631,1,1,5,anti_homophones
29152,jM1ji2,6,-5.348893324456522,2,5.348893324456522,1,1,6,anti_homophones
29153,jL3zhan2,8,-6.723679151222003,2,6.723679151222003,1,0,2,anti_homophones
29154,wang3dLn4,9,-6.251544729192871,2,6.251544729192871,1,0,2,anti_homophones
29155,tu1che3,7,-7.359467514174269,2,7.359467514174269,1,0,0,anti_homophones
29156,chV4wE1,7,-7.419867146847155,2,7.419867146847155,1,0,0,anti_homophones
29157,ding2ti3,8,-6.168981087599423,2,6.168981087599423,1,0,0,anti_homophones
29158,xin1yV3,7,-5.750215090460594,2,5.750215090460594,1,0,3,anti_homophones
29159,bi3li3,6,-5.478646613384487,2,5.478646613384487,1,0,6,anti_homophones
29160,lK4lu4,6,-5.530005016165521,2,5.530005016165521,1,0,1,anti_homophones
29161,nLn2yi1,7,-5.944739588258026,2,5.944739588258026,1,0,1,anti_homophones
29162,jW1wang3,8,-5.986966825912414,2,5.986966825912414,1,0,3,anti_homophones
29163,nin4jL1,7,-8.656399661736643,2,8.656399661736643,1,0,3,anti_homophones
29164,jing2ta1,8,-6.821615373406678,2,6.821615373406678,1,0,0,anti_homophones
29165,si1beng4,8,-7.226118295939437,2,7.226118295939437,1,0,0,anti_homophones
29166,wA4jL5,6,-6.816595194098407,2,6.816595194098407,1,0,2,anti_homophones
29167,zhO1xW4,7,-6.474680942040997,2,6.474680942040997,1,0,2,anti_homophones
29168,kong1zO4,8,-5.81873329177158,2,5.81873329177158,1,0,0,anti_homophones
29169,du2hO3,6,-6.124380644723366,2,6.124380644723366,1,0,2,anti_homophones
29170,ji4ci4,6,-5.8175091806298544,2,5.8175091806298544,1,0,6,anti_homophones
29171,er3hU4,6,-5.508467933502209,2,5.508467933502209,1,0,2,anti_homophones
29172,kV3lu4,6,-6.019705455543388,2,6.019705455543388,1,1,5,anti_homophones
29173,cA2shi4,7,-5.287236046949134,2,5.287236046949134,1,1,0,anti_homophones
29174,hUn4shen4,9,-6.922542759885992,2,6.922542759885992,1,0,0,anti_homophones
29175,lin2chQ1,8,-7.238070209618621,2,7.238070209618621,1,0,0,anti_homophones
29176,lQ3xK4,6,-5.898299312199431,2,5.898299312199431,1,0,2,anti_homophones
29177,nQ3zO4,6,-6.040396971416269,2,6.040396971416269,1,0,1,anti_homophones
29178,la1pang3,8,-7.051262278640153,2,7.051262278640153,1,0,0,anti_homophones
29179,xLng3ju4,8,-6.061208386640446,2,6.061208386640446,1,0,2,anti_homophones
29180,bo1yin2,7,-6.364570235270518,2,6.364570235270518,1,0,0,anti_homophones
29181,zi4zhen2,8,-5.51533810319292,2,5.51533810319292,1,0,5,anti_homophones
29182,shi4hI4,7,-4.900757749500661,2,4.900757749500661,1,0,12,anti_homophones
29183,weng4xin1,9,-7.434874454309216,2,7.434874454309216,1,0,1,anti_homophones
29184,fE4yong4,8,-6.095231342100668,2,6.095231342100668,1,0,0,anti_homophones
29185,da3meng4,8,-6.57757420226175,2,6.57757420226175,1,0,0,anti_homophones
29186,dK1shV1,7,-6.851835683431178,2,6.851835683431178,1,0,0,anti_homophones
29187,shV3ren4,8,-5.928389015244362,2,5.928389015244362,1,1,2,anti_homophones
29188,cA3mLn4,7,-5.700377784834041,2,5.700377784834041,1,0,3,anti_homophones
29189,can1la1,7,-6.545590961925423,2,6.545590961925423,1,0,0,anti_homophones
29190,yUn2zi5,7,-4.8431845727031195,2,4.8431845727031195,1,1,4,anti_homophones
29191,dong1li5,8,-6.196099840410061,2,6.196099840410061,1,0,2,anti_homophones
29192,bQ3jL1,6,-5.121039369627669,2,5.121039369627669,1,0,5,anti_homophones
29193,hU1nan4,7,-6.017469613371945,2,6.017469613371945,1,0,1,anti_homophones
29194,cun1pA4,7,-7.061586615806476,2,7.061586615806476,1,0,0,anti_homophones
29195,gV3yu3,6,-5.831266070686659,2,5.831266070686659,1,0,4,anti_homophones
29196,qi3ye1,6,-7.36094231053111,2,7.36094231053111,1,0,2,anti_homophones
29197,dang4ye4,8,-6.15626426436307,2,6.15626426436307,1,0,1,anti_homophones
29198,mE3jing1,8,-6.107061596866799,2,6.107061596866799,1,0,1,anti_homophones
29199,zhen4song1,10,-7.176052438306626,2,7.176052438306626,1,0,1,anti_homophones
29200,zi1tV2,6,-6.0877766354114335,2,6.0877766354114335,1,0,5,anti_homophones
29201,qLn1wen2,8,-5.5327790471713145,2,5.5327790471713145,1,0,3,anti_homophones
29202,lLn2yan2,8,-5.658291044697222,2,5.658291044697222,1,0,0,anti_homophones
29203,nLn4zhi4,8,-6.118604682679286,2,6.118604682679286,1,0,4,anti_homophones
29204,fang1dang3,10,-6.710733424964578,2,6.710733424964578,1,0,0,anti_homophones
29205,dO3dan4,7,-6.838569191913376,2,6.838569191913376,1,0,1,anti_homophones
29206,wE4chu1,7,-5.925280137788029,2,5.925280137788029,1,0,2,anti_homophones
29207,cong1tM1,8,-7.107758600766926,2,7.107758600766926,1,0,0,anti_homophones
29208,ri4yu3,6,-5.764722672037987,2,5.764722672037987,1,0,3,anti_homophones
29209,xun4jL4,7,-6.006397170354123,2,6.006397170354123,1,0,2,anti_homophones
29210,shI3dW4,7,-5.200716925144442,2,5.200716925144442,1,0,7,anti_homophones
29211,zhQ3jLn3,8,-6.7191201478268,2,6.7191201478268,1,0,0,anti_homophones
29212,ge1bing1,8,-6.022718091845043,2,6.022718091845043,1,0,2,anti_homophones
29213,lan2er3,7,-6.562718453818405,2,6.562718453818405,1,0,0,anti_homophones
29214,gUng1dan4,9,-6.295039922783108,2,6.295039922783108,1,0,1,anti_homophones
29215,jLn3ye4,7,-5.665921048347223,2,5.665921048347223,1,0,3,anti_homophones
29216,shV1qun2,8,-6.344708771217826,2,6.344708771217826,1,0,1,anti_homophones
29217,shi2zhi4,8,-5.0482336834794355,2,5.0482336834794355,1,0,5,anti_homophones
29218,yin1yUn2,8,-5.2678148680867976,2,5.2678148680867976,1,0,5,anti_homophones
29219,ding2che1,9,-6.016655405689595,2,6.016655405689595,1,0,4,anti_homophones
29220,he2ke1,6,-6.365430617909857,2,6.365430617909857,1,0,3,anti_homophones
29221,zA4xin1,7,-5.429504876846384,2,5.429504876846384,1,0,4,anti_homophones
29222,yV1sheng4,9,-5.850056266127957,2,5.850056266127957,1,0,3,anti_homophones
29223,tM3lu4,6,-4.746307537977422,2,4.746307537977422,1,1,3,anti_homophones
29224,xLng2shen4,10,-6.526972227946946,2,6.526972227946946,1,0,2,anti_homophones
29225,bu4gan1,7,-5.422368427246321,2,5.422368427246321,1,0,5,anti_homophones
29226,dong4pin3,9,-6.295546106615989,2,6.295546106615989,1,0,0,anti_homophones
29227,hU4bW1,6,-6.052757523332561,2,6.052757523332561,1,0,2,anti_homophones
29228,bu4lLn3,7,-5.873813991013283,2,5.873813991013283,1,0,2,anti_homophones
29229,shV3shang4,10,-5.9956421975437895,2,5.9956421975437895,1,0,2,anti_homophones
29230,jLn4jW4,7,-6.127385122792314,2,6.127385122792314,1,0,3,anti_homophones
29231,lM4dQ4,6,-6.067942502530199,2,6.067942502530199,1,0,3,anti_homophones
29232,tong1ren4,9,-5.963118259448067,2,5.963118259448067,1,0,1,anti_homophones
29233,ni3bu4,6,-6.151128766257462,2,6.151128766257462,1,0,5,anti_homophones
29234,fu4wu5,6,-7.24327331077399,2,7.24327331077399,1,0,1,anti_homophones
29235,fE1lun2,7,-6.7408465660879155,2,6.7408465660879155,1,0,0,anti_homophones
29236,xL4kong4,8,-6.2974405935924676,2,6.2974405935924676,1,0,1,anti_homophones
29237,jin4gu4,7,-6.362502880733065,2,6.362502880733065,1,0,2,anti_homophones
29238,yi3jL1,6,-5.6744961627179595,2,5.6744961627179595,1,0,5,anti_homophones
29239,wE1di4,6,-5.576431802147975,2,5.576431802147975,1,0,5,anti_homophones
29240,jL1qing2,8,-6.199603642602519,2,6.199603642602519,1,0,2,anti_homophones
29241,gong1yu2,8,-5.381810258260124,2,5.381810258260124,1,0,6,anti_homophones
29242,mE2zO4,6,-6.071967518105491,2,6.071967518105491,1,0,2,anti_homophones
29243,mQ2hU2,6,-6.3092805082669345,2,6.3092805082669345,1,0,2,anti_homophones
29244,hQ3dLn4,7,-5.9817226803581365,2,5.9817226803581365,1,0,3,anti_homophones
29245,xL4pu3,6,-5.8805486920258065,2,5.8805486920258065,1,0,2,anti_homophones
29246,kan4zu2,7,-6.479757635395047,2,6.479757635395047,1,0,3,anti_homophones
29247,dV4bi4,6,-6.012862231766363,2,6.012862231766363,1,0,6,anti_homophones
29248,ta1tW2,6,-6.393977073153315,2,6.393977073153315,1,0,2,anti_homophones
29249,gI3ji1,6,-5.537746940964986,2,5.537746940964986,1,0,6,anti_homophones
29250,nW4xing2,8,-6.540876089131088,2,6.540876089131088,1,0,1,anti_homophones
29251,xun4dA4,7,-5.580712247583335,2,5.580712247583335,1,0,4,anti_homophones
29252,gO4gI1,6,-6.110840685113829,2,6.110840685113829,1,0,1,anti_homophones
29253,ran2lUn3,8,-7.44104370327846,2,7.44104370327846,1,0,0,anti_homophones
29254,xM4hO4,6,-5.307916935824671,2,5.307916935824671,1,0,1,anti_homophones
29255,xi2zhu3,7,-6.659408888156624,2,6.659408888156624,1,0,0,anti_homophones
29256,sha1she3,8,-6.710231952312605,2,6.710231952312605,1,0,1,anti_homophones
29257,Q1shi4,6,-7.438756433695177,2,7.438756433695177,1,0,2,anti_homophones
29258,feng1beng2,10,-7.478614217709624,2,7.478614217709624,1,0,2,anti_homophones
29259,ru2du4,6,-5.767314167565053,2,5.767314167565053,1,0,3,anti_homophones
29260,dan1dL3,7,-7.719881073030819,2,7.719881073030819,1,0,1,anti_homophones
29261,xing4mA4,8,-5.816448392631436,2,5.816448392631436,1,1,0,anti_homophones
29262,di1chan3,8,-6.43059189397953,2,6.43059189397953,1,0,1,anti_homophones
29263,zheng1ri4,9,-5.7749335533358845,2,5.7749335533358845,1,0,1,anti_homophones
29264,yang1tU4,8,-8.082544183481277,2,8.082544183481277,1,0,0,anti_homophones
29265,wan4qi4,7,-5.3182383100045625,2,5.3182383100045625,1,1,9,anti_homophones
29266,zhong3shO1,10,-6.534080757622288,2,6.534080757622288,1,0,0,anti_homophones
29267,ji1fan2,7,-6.1029952123858955,2,6.1029952123858955,1,0,2,anti_homophones
29268,xLng4gan3,9,-5.952951548245801,2,5.952951548245801,1,0,0,anti_homophones
29269,qi2bE4,6,-5.518828678453101,2,5.518828678453101,1,0,4,anti_homophones
29270,te4gUng4,8,-6.630241865924823,2,6.630241865924823,1,0,0,anti_homophones
29271,yUn3di4,7,-6.448198168280023,2,6.448198168280023,1,0,0,anti_homophones
29272,sO3hU4,6,-5.915260391043445,2,5.915260391043445,1,0,3,anti_homophones
29273,bQ3zV4,6,-5.995454297407245,2,5.995454297407245,1,0,0,anti_homophones
29274,ban1dUn4,8,-6.1855943133664475,2,6.1855943133664475,1,0,1,anti_homophones
29275,bA3ji1,6,-5.5397400576773475,2,5.5397400576773475,1,0,6,anti_homophones
29276,ji1zO4,6,-5.786646714909455,2,5.786646714909455,1,0,3,anti_homophones
29277,pa2gQ3,6,-5.539679007690178,2,5.539679007690178,1,0,0,anti_homophones
29278,nLn2xLn4,8,-5.696922702128837,2,5.696922702128837,1,0,1,anti_homophones
29279,bQ4zhi1,7,-5.3437857185686255,2,5.3437857185686255,1,0,2,anti_homophones
29280,shen1zhi2,9,-5.736027834169855,2,5.736027834169855,1,0,1,anti_homophones
29281,bu4yu2,6,-4.88851945986307,2,4.88851945986307,1,0,9,anti_homophones
29282,mo4wu4,6,-5.313806111784049,2,5.313806111784049,1,0,3,anti_homophones
29283,xin1fu3,7,-6.368379856788424,2,6.368379856788424,1,0,2,anti_homophones
29284,ge2ji1,6,-5.648317918928965,2,5.648317918928965,1,0,2,anti_homophones
29285,dQ4bu4,6,-5.500975396150041,2,5.500975396150041,1,0,9,anti_homophones
29286,pin3ren2,8,-5.212081977111117,2,5.212081977111117,1,0,2,anti_homophones
29287,hun1nW1,7,-8.83223927506476,2,8.83223927506476,1,0,0,anti_homophones
29288,pi1ling1,8,-6.144163249998938,2,6.144163249998938,1,0,1,anti_homophones
29289,kan4bu4,7,-5.817584932113472,2,5.817584932113472,1,0,3,anti_homophones
29290,fu3mo2,6,-6.242911485545614,2,6.242911485545614,1,0,1,anti_homophones
29291,gong1xin1,9,-5.353230714870991,2,5.353230714870991,1,0,5,anti_homophones
29292,shang3yUn4,10,-6.148473337657601,2,6.148473337657601,1,0,1,anti_homophones
29293,pen1ju2,7,-6.489482415117942,2,6.489482415117942,1,0,1,anti_homophones
29294,ping1pA4,8,-6.5525640115680845,2,6.5525640115680845,1,0,1,anti_homophones
29295,xW3jin4,7,-5.56888914296701,2,5.56888914296701,1,0,2,anti_homophones
29296,gang3dW4,8,-7.187670537287095,2,7.187670537287095,1,0,0,anti_homophones
29297,ya4yQ4,6,-5.693183633355727,2,5.693183633355727,1,0,4,anti_homophones
29298,xing4gU4,8,-6.841481148775484,2,6.841481148775484,1,0,0,anti_homophones
29299,hUng4shV3,9,-6.430911177507173,2,6.430911177507173,1,0,1,anti_homophones
29300,shQ1e2,6,-5.343856498055164,2,5.343856498055164,1,0,1,anti_homophones
29301,hO3ba1,6,-6.287505642994322,2,6.287505642994322,1,0,0,anti_homophones
29302,shi2zi5,7,-4.44855742228382,2,4.44855742228382,1,0,8,anti_homophones
29303,feng2gang2,10,-6.978486961687454,2,6.978486961687454,1,0,1,anti_homophones
29304,ji4me5,6,-6.551416627509532,2,6.551416627509532,1,0,0,anti_homophones
29305,shen2che1,9,-6.073139101780398,2,6.073139101780398,1,0,0,anti_homophones
29306,bo2ye4,6,-5.697891853315397,2,5.697891853315397,1,0,4,anti_homophones
29307,chI2gO3,7,-6.115288999942672,2,6.115288999942672,1,0,0,anti_homophones
29308,te4jL4,6,-5.474796661284709,2,5.474796661284709,1,0,5,anti_homophones
29309,sV1xUn1,7,-7.091431680006355,2,7.091431680006355,1,0,0,anti_homophones
29310,le4shan1,8,-7.070180243039449,2,7.070180243039449,1,0,0,anti_homophones
29311,jW4gUn4,7,-5.973704817388267,2,5.973704817388267,1,0,2,anti_homophones
29312,nu4hO3,6,-6.547316322276395,2,6.547316322276395,1,0,0,anti_homophones
29313,xu4dQ4,6,-6.05845373903331,2,6.05845373903331,1,0,9,anti_homophones
29314,lu4song1,8,-6.662219443537092,2,6.662219443537092,1,0,0,anti_homophones
29315,ci3ji1,6,-5.679405496529855,2,5.679405496529855,1,0,4,anti_homophones
29316,qi3an4,6,-7.49888970115394,2,7.49888970115394,1,0,1,anti_homophones
29317,jLn1lan4,8,-6.554747505236277,2,6.554747505236277,1,0,1,anti_homophones
29318,fan2xu4,7,-6.238999627850416,2,6.238999627850416,1,0,3,anti_homophones
29319,jK4ming2,8,-5.768376480344418,2,5.768376480344418,1,0,1,anti_homophones
29320,long4nLn4,9,-7.408023610936302,2,7.408023610936302,1,0,1,anti_homophones
29321,shI3chan3,9,-6.112697234284329,2,6.112697234284329,1,0,1,anti_homophones
29322,wA4xK1,6,-6.073644448358106,2,6.073644448358106,1,0,0,anti_homophones
29323,e4zong1,7,-6.518856472412301,2,6.518856472412301,1,0,0,anti_homophones
29324,A1ye3,5,-6.389259127491641,2,6.389259127491641,1,0,0,anti_homophones
29325,han4jM4,7,-6.2696882461190375,2,6.2696882461190375,1,0,1,anti_homophones
29326,bu3dQ4,6,-5.8557153321193915,2,5.8557153321193915,1,0,7,anti_homophones
29327,ji1gI3,6,-6.542689401957889,2,6.542689401957889,1,0,2,anti_homophones
29328,bA4ding3,8,-6.984861505090001,2,6.984861505090001,1,0,2,anti_homophones
29329,yC4che1,7,-5.82818900499979,2,5.82818900499979,1,0,1,anti_homophones
29330,xC2wE2,6,-6.424453840220908,2,6.424453840220908,1,0,0,anti_homophones
29331,shu3shang1,10,-7.078080143660007,2,7.078080143660007,1,0,0,anti_homophones
29332,zang1hI4,8,-6.823633180752921,2,6.823633180752921,1,0,1,anti_homophones
29333,wE1rV4,6,-6.868541371251822,2,6.868541371251822,1,0,1,anti_homophones
29334,bi4rI3,6,-8.439138079256647,2,8.439138079256647,1,0,0,anti_homophones
29335,hun2hU4,7,-5.711108316769212,2,5.711108316769212,1,0,0,anti_homophones
29336,can4jin4,8,-7.201333493978136,2,7.201333493978136,1,0,1,anti_homophones
29337,fu4yQ1,6,-6.9285667596058795,2,6.9285667596058795,1,0,0,anti_homophones
29338,tu4xC2,6,-6.221734603691398,2,6.221734603691398,1,0,5,anti_homophones
29339,jK3qLn2,7,-5.692363487149132,2,5.692363487149132,1,0,1,anti_homophones
29340,wen2ti3,7,-5.609721995167713,2,5.609721995167713,1,1,4,anti_homophones
29341,bing2tA2,8,-6.025622997393172,2,6.025622997393172,1,0,2,anti_homophones
29342,heng2shV3,9,-6.701947586144068,2,6.701947586144068,1,0,2,anti_homophones
29343,shang3qC1,9,-6.624320341171224,2,6.624320341171224,1,0,0,anti_homophones
29344,da3pQ4,6,-5.158776624684411,2,5.158776624684411,1,0,3,anti_homophones
29345,mu4jM2,6,-5.894801773066046,2,5.894801773066046,1,0,4,anti_homophones
29346,zI4pLn4,7,-6.466409307864744,2,6.466409307864744,1,0,3,anti_homophones
29347,jL1fu2,6,-5.54571598295359,2,5.54571598295359,1,0,2,anti_homophones
29348,zhong3cha2,10,-6.731369564652542,2,6.731369564652542,1,0,0,anti_homophones
29349,shV1shi4,8,-5.190218159573733,2,5.190218159573733,1,0,7,anti_homophones
29350,cha2xin1,8,-6.050485083512554,2,6.050485083512554,1,0,1,anti_homophones
29351,yu4chu2,7,-6.152288670864923,2,6.152288670864923,1,0,4,anti_homophones
29352,chi3yin2,8,-7.101214344266388,2,7.101214344266388,1,0,0,anti_homophones
29353,chan3shang2,11,-6.699710879648198,2,6.699710879648198,1,0,0,anti_homophones
29354,nQ3wo4,6,-6.860808772950467,2,6.860808772950467,1,0,1,anti_homophones
29355,shV4he5,7,-6.67644632932346,2,6.67644632932346,1,0,0,anti_homophones
29356,wen4chI1,8,-7.9392544774348375,2,7.9392544774348375,1,0,0,anti_homophones
29357,bE4su4,6,-5.946879997622636,2,5.946879997622636,1,0,1,anti_homophones
29358,cang3dUn4,9,-6.697719316714215,2,6.697719316714215,1,0,0,anti_homophones
29359,qUn2wang4,9,-6.061340441720277,2,6.061340441720277,1,0,1,anti_homophones
29360,kO4zhi1,7,-6.101648880982429,2,6.101648880982429,1,0,2,anti_homophones
29361,ang3jL1,7,-7.097714423621187,2,7.097714423621187,1,0,1,anti_homophones
29362,hI2xL2,6,-5.994152032004734,2,5.994152032004734,1,0,3,anti_homophones
29363,she4ting2,9,-6.158691218797491,2,6.158691218797491,1,0,1,anti_homophones
29364,jLn4ru4,7,-5.547964935267348,2,5.547964935267348,1,0,3,anti_homophones
29365,hUng1pM3,8,-8.365067459447223,2,8.365067459447223,1,0,0,anti_homophones
29366,yC4yQ4,6,-5.697326759565633,2,5.697326759565633,1,0,7,anti_homophones
29367,zV3du4,6,-5.765678899523395,2,5.765678899523395,1,0,3,anti_homophones
29368,dQ4xLn1,7,-6.318192943222846,2,6.318192943222846,1,0,2,anti_homophones
29369,fen4hA4,7,-6.631428828328065,2,6.631428828328065,1,0,1,anti_homophones
29370,sheng1gong1,11,-5.816635456155755,2,5.816635456155755,1,0,3,anti_homophones
29371,qUn1ye4,7,-6.1503475038681765,2,6.1503475038681765,1,0,4,anti_homophones
29372,fan4ji2,7,-5.662806139738979,2,5.662806139738979,1,0,5,anti_homophones
29373,zong1hUn2,9,-6.540376926317033,2,6.540376926317033,1,0,0,anti_homophones
29374,geng1hA4,8,-6.701966594932566,2,6.701966594932566,1,0,1,anti_homophones
29375,yan3bi3,7,-5.9056243481632364,2,5.9056243481632364,1,0,3,anti_homophones
29376,da3lO4,6,-5.517801904402246,2,5.517801904402246,1,0,9,anti_homophones
29377,bA4xLng1,8,-6.194533113594568,2,6.194533113594568,1,0,2,anti_homophones
29378,fang1wang1,10,-6.813068187795301,2,6.813068187795301,1,0,0,anti_homophones
29379,ye2qi4,6,-7.800218433083101,2,7.800218433083101,1,0,3,anti_homophones
29380,gen1mQ4,7,-6.516333643772336,2,6.516333643772336,1,0,2,anti_homophones
29381,hO4lv4,6,-5.634397685611363,2,5.634397685611363,1,0,4,anti_homophones
29382,ci4er2,6,-5.62289545456677,2,5.62289545456677,1,0,3,anti_homophones
29383,ca1pi2,6,-6.421281419592486,2,6.421281419592486,1,0,0,anti_homophones
29384,pQ3da2,6,-6.618608558349319,2,6.618608558349319,1,0,2,anti_homophones
29385,sha1zhong4,10,-6.025901994352367,2,6.025901994352367,1,0,0,anti_homophones
29386,fu2gUn1,7,-6.291635785270229,2,6.291635785270229,1,0,1,anti_homophones
29387,xL4ma1,6,-6.15632811300745,2,6.15632811300745,1,0,2,anti_homophones
29388,he2ju5,6,-6.931007636446496,2,6.931007636446496,1,0,2,anti_homophones
29389,xW3li4,6,-5.170032657667866,2,5.170032657667866,1,1,10,anti_homophones
29390,ban1yin1,8,-6.125050284696207,2,6.125050284696207,1,0,1,anti_homophones
29391,ke4chu2,7,-6.23780033645509,2,6.23780033645509,1,0,2,anti_homophones
29392,yC4ha3,6,-8.437619311284495,2,8.437619311284495,1,0,0,anti_homophones
29393,hV4yang4,8,-5.864399930572188,2,5.864399930572188,1,0,4,anti_homophones
29394,tLn1wA4,7,-6.104582305331686,2,6.104582305331686,1,0,6,anti_homophones
29395,hO3sheng4,9,-5.779505618508258,2,5.779505618508258,1,0,4,anti_homophones
29396,gO2bo3,6,-7.095067203878661,2,7.095067203878661,1,0,2,anti_homophones
29397,lLn4kV3,7,-6.190534346416849,2,6.190534346416849,1,0,1,anti_homophones
29398,po4ge2,6,-6.231112718479603,2,6.231112718479603,1,0,0,anti_homophones
29399,bu4ken3,7,-5.571792054650478,2,5.571792054650478,1,0,3,anti_homophones
29400,chu1ren2,8,-5.212229128302923,2,5.212229128302923,1,0,5,anti_homophones
29401,xing1li4,8,-5.545602715001122,2,5.545602715001122,1,0,10,anti_homophones
29402,che1dang1,9,-6.34097171533103,2,6.34097171533103,1,0,0,anti_homophones
29403,jin4xi1,7,-5.4771514223377356,2,5.4771514223377356,1,0,4,anti_homophones
29404,wu2ke4,6,-4.48783543492052,2,4.48783543492052,1,1,8,anti_homophones
29405,ji4shi4,7,-4.672683623906012,2,4.672683623906012,1,1,17,anti_homophones
29406,zhi1fa3,7,-5.328376500435877,2,5.328376500435877,1,0,2,anti_homophones
29407,pa2gUn1,7,-5.548519107501998,2,5.548519107501998,1,0,0,anti_homophones
29408,pW4jin1,7,-6.687590255080927,2,6.687590255080927,1,0,1,anti_homophones
29409,yan2er2,7,-5.180004211044271,2,5.180004211044271,1,1,4,anti_homophones
29410,jW1han1,7,-6.723677329710458,2,6.723677329710458,1,0,2,anti_homophones
29411,ben3qi4,7,-5.321157107964201,2,5.321157107964201,1,0,2,anti_homophones
29412,yV2dang2,8,-6.11250983317007,2,6.11250983317007,1,0,2,anti_homophones
29413,lv3wu4,6,-6.152664990371449,2,6.152664990371449,1,0,1,anti_homophones
29414,bing2gUn1,9,-5.872771925297402,2,5.872771925297402,1,0,2,anti_homophones
29415,zong4qin2,9,-7.07987648540722,2,7.07987648540722,1,0,0,anti_homophones
29416,zO4zha1,7,-6.471061276335307,2,6.471061276335307,1,0,3,anti_homophones
29417,lQ2kV4,6,-7.6213768717635215,2,7.6213768717635215,1,0,1,anti_homophones
29418,qi1qK2,6,-5.86504620144887,2,5.86504620144887,1,0,1,anti_homophones
29419,zO2lv4,6,-5.653437016106038,2,5.653437016106038,1,0,3,anti_homophones
29420,shi3jL4,7,-5.830023594574229,2,5.830023594574229,1,0,3,anti_homophones
29421,pin3jing4,9,-6.070645756425365,2,6.070645756425365,1,0,1,anti_homophones
29422,ye4xM1,6,-6.772320598679733,2,6.772320598679733,1,0,1,anti_homophones
29423,sUn1shu4,8,-6.437752740829479,2,6.437752740829479,1,0,1,anti_homophones
29424,shen2zQ4,8,-6.475753401100522,2,6.475753401100522,1,0,2,anti_homophones
29425,gQ1bLn4,7,-5.920121048616115,2,5.920121048616115,1,0,2,anti_homophones
29426,ju4tV2,6,-5.350862552021093,2,5.350862552021093,1,0,4,anti_homophones
29427,long1ren2,9,-6.056554144090351,2,6.056554144090351,1,0,3,anti_homophones
29428,yin1gUng1,9,-6.016217845935914,2,6.016217845935914,1,0,1,anti_homophones
29429,zhi4pE2,7,-6.994983189166425,2,6.994983189166425,1,0,1,anti_homophones
29430,da4mo1,6,-6.547145348574764,2,6.547145348574764,1,0,3,anti_homophones
29431,mu4mo4,6,-5.772680873267696,2,5.772680873267696,1,0,3,anti_homophones
29432,jM1yu2,6,-5.823851938997685,2,5.823851938997685,1,1,3,anti_homophones
29433,gV4wang1,8,-6.351684498642282,2,6.351684498642282,1,0,0,anti_homophones
29434,zU2lK2,6,-8.471031278882824,2,8.471031278882824,1,0,1,anti_homophones
29435,yin3bLn1,8,-6.4146624692407,2,6.4146624692407,1,0,0,anti_homophones
29436,yi2mQ2,6,-5.816494235496971,2,5.816494235496971,1,0,2,anti_homophones
29437,shu4shi4,8,-4.975498797273091,2,4.975498797273091,1,1,8,anti_homophones
29438,er3ti2,6,-5.408243932689707,2,5.408243932689707,1,0,1,anti_homophones
29439,tV2cha2,7,-6.141453175904756,2,6.141453175904756,1,0,2,anti_homophones
29440,pA2xM1,6,-6.354183324520773,2,6.354183324520773,1,0,1,anti_homophones
29441,zhQ4qM3,7,-6.252570525805296,2,6.252570525805296,1,0,1,anti_homophones
29442,dI4lM4,6,-5.3928745683361035,2,5.3928745683361035,1,0,3,anti_homophones
29443,bW1pW4,6,-5.685480342600472,2,5.685480342600472,1,0,5,anti_homophones
29444,wA4ren4,7,-5.835549892383031,2,5.835549892383031,1,0,1,anti_homophones
29445,ke3ji4,6,-5.68556822999976,2,5.68556822999976,1,0,5,anti_homophones
29446,yin3jW2,7,-7.441493291982887,2,7.441493291982887,1,0,3,anti_homophones
29447,shu4su5,7,-7.166924859784371,2,7.166924859784371,1,0,0,anti_homophones
29448,xLn4shi2,8,-5.295086610325937,2,5.295086610325937,1,0,8,anti_homophones
29449,gU1gan1,7,-6.157636764080683,2,6.157636764080683,1,0,2,anti_homophones
29450,si4zheng1,9,-6.217261187608202,2,6.217261187608202,1,0,2,anti_homophones
29451,cheng1qi4,9,-5.20738950307503,2,5.20738950307503,1,0,4,anti_homophones
29452,yC4lK4,6,-7.060243927601061,2,7.060243927601061,1,0,2,anti_homophones
29453,chQ1tang2,9,-7.010955708184915,2,7.010955708184915,1,0,0,anti_homophones
29454,lu3nv3,6,-5.935565016161284,2,5.935565016161284,1,0,3,anti_homophones
29455,zheng1jM2,9,-5.610096871353713,2,5.610096871353713,1,0,5,anti_homophones
29456,hUn2chu1,8,-6.395178709685359,2,6.395178709685359,1,0,0,anti_homophones
29457,dLn4tO1,7,-6.436410172970335,2,6.436410172970335,1,0,1,anti_homophones
29458,jL2ren2,7,-6.073448533272896,2,6.073448533272896,1,0,2,anti_homophones
29459,A1gO2,5,-5.8661624979801115,2,5.8661624979801115,1,0,0,anti_homophones
29460,sUn1zhi1,8,-6.311466673954525,2,6.311466673954525,1,0,4,anti_homophones
29461,mQ4hang2,8,-6.443970149351874,2,6.443970149351874,1,0,1,anti_homophones
29462,ying4qLng3,10,-6.831336251131174,2,6.831336251131174,1,0,0,anti_homophones
29463,xW1sheng1,9,-5.303777239266965,2,5.303777239266965,1,0,4,anti_homophones
29464,shV4er5,7,-6.353734218835372,2,6.353734218835372,1,0,2,anti_homophones
29465,yV4wE4,6,-5.778743069566984,2,5.778743069566984,1,0,5,anti_homophones
29466,ti2li3,6,-6.30608112399115,2,6.30608112399115,1,0,3,anti_homophones
29467,cUn1kA1,7,-7.940594256426281,2,7.940594256426281,1,0,0,anti_homophones
29468,si3jin1,7,-6.185760989039596,2,6.185760989039596,1,0,0,anti_homophones
29469,fu2V3,5,-7.973298444471055,2,7.973298444471055,1,0,1,anti_homophones
29470,cha2kV3,7,-5.324229554672803,2,5.324229554672803,1,0,1,anti_homophones
29471,jin1shan4,9,-6.011271078810468,2,6.011271078810468,1,0,1,anti_homophones
29472,xi1yC4,6,-5.431030916924541,2,5.431030916924541,1,0,3,anti_homophones
29473,bu4ge1,6,-5.9137391000510835,2,5.9137391000510835,1,0,3,anti_homophones
29474,zI3shV4,7,-7.406313203273142,2,7.406313203273142,1,0,0,anti_homophones
29475,feng2xin1,9,-5.547989081608404,2,5.547989081608404,1,0,4,anti_homophones
29476,cQ3zhe3,7,-5.985794727825287,2,5.985794727825287,1,1,1,anti_homophones
29477,dQ3sI4,6,-6.392824380598237,2,6.392824380598237,1,0,1,anti_homophones
29478,san3zhi4,8,-6.2411134336854275,2,6.2411134336854275,1,0,3,anti_homophones
29479,nLn2ze2,7,-6.2005657777455205,2,6.2005657777455205,1,0,1,anti_homophones
29480,jun1jLng1,9,-6.464570129850516,2,6.464570129850516,1,0,0,anti_homophones
29481,gu4pLn4,7,-5.714506256207482,2,5.714506256207482,1,0,1,anti_homophones
29482,zhu1kV3,7,-5.752227422560879,2,5.752227422560879,1,0,3,anti_homophones
29483,ge2men2,7,-5.917864615870117,2,5.917864615870117,1,0,1,anti_homophones
29484,hU4de2,6,-5.742827503359703,2,5.742827503359703,1,0,0,anti_homophones
29485,kQ3hu4,6,-5.482132803321617,2,5.482132803321617,1,0,5,anti_homophones
29486,shI3wan3,8,-6.10328870654807,2,6.10328870654807,1,0,3,anti_homophones
29487,zeng3xLng4,10,-7.067921522048889,2,7.067921522048889,1,0,0,anti_homophones
29488,ba2ta3,6,-6.304339956168292,2,6.304339956168292,1,0,0,anti_homophones
29489,li4yUn2,7,-5.433281662887051,2,5.433281662887051,1,0,5,anti_homophones
29490,xi1ku4,6,-5.675650450579477,2,5.675650450579477,1,0,8,anti_homophones
29491,di2shi3,7,-6.467053664247068,2,6.467053664247068,1,0,2,anti_homophones
29492,e4hong2,7,-6.906170678167028,2,6.906170678167028,1,0,1,anti_homophones
29493,ge1lLn4,7,-6.442334592100728,2,6.442334592100728,1,0,0,anti_homophones
29494,xLng2she4,9,-6.260565282644095,2,6.260565282644095,1,0,1,anti_homophones
29495,hQ3jin1,7,-6.320531669049399,2,6.320531669049399,1,0,1,anti_homophones
29496,han4qi3,7,-6.4435945225657125,2,6.4435945225657125,1,0,2,anti_homophones
29497,tM3zheng2,9,-6.301977621240519,2,6.301977621240519,1,0,0,anti_homophones
29498,xing4jK1,8,-8.131775155254603,2,8.131775155254603,1,0,0,anti_homophones
29499,jLng2men2,9,-6.284215285860109,2,6.284215285860109,1,0,0,anti_homophones
29500,qing4qu1,8,-5.923720711448429,2,5.923720711448429,1,0,2,anti_homophones
29501,ke4tV2,6,-5.832654714515008,2,5.832654714515008,1,0,0,anti_homophones
29502,zha4bE4,7,-7.007818251192063,2,7.007818251192063,1,0,1,anti_homophones
29503,zhUn4tA4,8,-6.850133130727902,2,6.850133130727902,1,0,1,anti_homophones
29504,ya1qLn3,7,-6.6912898874774696,2,6.6912898874774696,1,0,2,anti_homophones
29505,bW1bin1,7,-6.506024821329162,2,6.506024821329162,1,0,0,anti_homophones
29506,hU2jin1,7,-5.647226115240846,2,5.647226115240846,1,1,4,anti_homophones
29507,zhi1yQ1,7,-5.888707672240131,2,5.888707672240131,1,0,1,anti_homophones
29508,en1bu3,6,-6.928517888417373,2,6.928517888417373,1,0,0,anti_homophones
29509,lLn4mA4,7,-6.626051071835178,2,6.626051071835178,1,0,2,anti_homophones
29510,dA4ye2,6,-6.97178678359922,2,6.97178678359922,1,0,2,anti_homophones
29511,shan1zi5,8,-5.422969310255732,2,5.422969310255732,1,0,4,anti_homophones
29512,qu2dQ3,6,-6.917569144830285,2,6.917569144830285,1,0,1,anti_homophones
29513,shI4xing4,9,-6.2039992997902855,2,6.2039992997902855,1,0,2,anti_homophones
29514,ti2mE4,6,-6.1857427768436235,2,6.1857427768436235,1,0,2,anti_homophones
29515,yi1wan3,7,-5.445259489341083,2,5.445259489341083,1,0,5,anti_homophones
29516,qK2V3,5,-5.2927050584317525,2,5.2927050584317525,1,0,0,anti_homophones
29517,li4nE4,6,-6.636629859160856,2,6.636629859160856,1,0,2,anti_homophones
29518,ren2bL4,7,-8.200953981263146,2,8.200953981263146,1,0,1,anti_homophones
29519,wE1ye2,6,-6.873591619307236,2,6.873591619307236,1,0,2,anti_homophones
29520,hU1shi4,7,-4.896460260988247,2,4.896460260988247,1,0,5,anti_homophones
29521,chUng1se4,9,-5.870793783180156,2,5.870793783180156,1,0,0,anti_homophones
29522,shQ1san4,8,-6.485602663205954,2,6.485602663205954,1,0,1,anti_homophones
29523,kun4jW3,7,-6.630609178615936,2,6.630609178615936,1,0,0,anti_homophones
29524,yin2dQ1,7,-6.645580495396904,2,6.645580495396904,1,0,1,anti_homophones
29525,yV3dong4,8,-5.677697899525198,2,5.677697899525198,1,0,3,anti_homophones
29526,shV3xLng3,9,-5.843617511518649,2,5.843617511518649,1,0,5,anti_homophones
29527,dan4sheng4,10,-6.1176873134268375,2,6.1176873134268375,1,0,4,anti_homophones
29528,fang2bQ1,8,-5.980449047226883,2,5.980449047226883,1,0,2,anti_homophones
29529,lE4bi4,6,-6.175276397021826,2,6.175276397021826,1,0,2,anti_homophones
29530,song2hong1,10,-7.13789866103403,2,7.13789866103403,1,0,0,anti_homophones
29531,she4na4,7,-6.728079059750923,2,6.728079059750923,1,0,0,anti_homophones
29532,da3hun2,7,-6.284987184782454,2,6.284987184782454,1,0,1,anti_homophones
29533,yin4dV4,7,-6.557408077183074,2,6.557408077183074,1,0,1,anti_homophones
29534,jing2tan4,9,-6.199066045216779,2,6.199066045216779,1,0,2,anti_homophones
29535,jLn4lang1,9,-6.828600114480789,2,6.828600114480789,1,0,2,anti_homophones
29536,zha1shV3,8,-6.530732006994878,2,6.530732006994878,1,0,3,anti_homophones
29537,cQ3jLng2,8,-6.406840716359473,2,6.406840716359473,1,0,1,anti_homophones
29538,zheng4qUn2,10,-5.871692709444745,2,5.871692709444745,1,0,3,anti_homophones
29539,ma3yu4,6,-6.112896541986972,2,6.112896541986972,1,0,0,anti_homophones
29540,gP4zhe5,7,-7.11955078526593,2,7.11955078526593,1,0,0,anti_homophones
29541,li4chang1,9,-6.406648418241035,2,6.406648418241035,1,0,2,anti_homophones
29542,zhang4hU4,9,-5.530882921566512,2,5.530882921566512,1,0,3,anti_homophones
29543,dUn4tong1,9,-6.213328076033468,2,6.213328076033468,1,0,1,anti_homophones
29544,gan1yun4,8,-5.932531291035589,2,5.932531291035589,1,0,1,anti_homophones
29545,chi2ya1,7,-6.6171943849377035,2,6.6171943849377035,1,0,2,anti_homophones
29546,du1ce4,6,-6.373907933074753,2,6.373907933074753,1,0,2,anti_homophones
29547,fang2gUn1,9,-5.770648310197633,2,5.770648310197633,1,0,1,anti_homophones
29548,gong4A4,7,-5.741143325523063,2,5.741143325523063,1,0,3,anti_homophones
29549,za2zhV1,7,-6.918651526231342,2,6.918651526231342,1,0,0,anti_homophones
29550,jLng4xing4,10,-6.027608030129429,2,6.027608030129429,1,0,1,anti_homophones
29551,xing1shi2,9,-5.667330221607116,2,5.667330221607116,1,0,3,anti_homophones
29552,ci2hU4,6,-5.406635718462229,2,5.406635718462229,1,0,7,anti_homophones
29553,bE4gan3,7,-5.866124492129951,2,5.866124492129951,1,0,0,anti_homophones
29554,ta1ran2,7,-6.312454023862708,2,6.312454023862708,1,0,2,anti_homophones
29555,qUn4cI4,7,-7.917951277322901,2,7.917951277322901,1,0,0,anti_homophones
29556,hV4dLn4,7,-5.493462247491078,2,5.493462247491078,1,0,4,anti_homophones
29557,mE2ji4,6,-5.546028865592591,2,5.546028865592591,1,0,4,anti_homophones
29558,dO1zin1,7,-8.170119253719156,2,8.170119253719156,1,0,1,anti_homophones
29559,wu2qLng2,8,-6.071612300411668,2,6.071612300411668,1,0,3,anti_homophones
29560,sang3zheng2,11,-7.396970620463171,2,7.396970620463171,1,0,1,anti_homophones
29561,zhong1wo1,9,-6.222185673918,2,6.222185673918,1,0,0,anti_homophones
29562,fE1ti3,6,-5.885095914336328,2,5.885095914336328,1,0,2,anti_homophones
29563,rong1kong4,10,-6.943068872902614,2,6.943068872902614,1,0,0,anti_homophones
29564,tLn1neng4,9,-6.4660559756910905,2,6.4660559756910905,1,0,1,anti_homophones
29565,tang2jL1,8,-5.924948197363973,2,5.924948197363973,1,0,5,anti_homophones
29566,wan1xin4,8,-6.996643627770847,2,6.996643627770847,1,0,2,anti_homophones
29567,san3er2,7,-6.232960422475734,2,6.232960422475734,1,0,0,anti_homophones
29568,xW3qing2,8,-5.678391852925385,2,5.678391852925385,1,0,2,anti_homophones
29569,shen1ceng4,10,-6.662446627467617,2,6.662446627467617,1,0,1,anti_homophones
29570,tang4qi4,8,-5.73104644095997,2,5.73104644095997,1,0,1,anti_homophones
29571,gV1hun4,7,-7.22384871828152,2,7.22384871828152,1,0,0,anti_homophones
29572,tO4kUn3,7,-5.942142807719568,2,5.942142807719568,1,0,0,anti_homophones
29573,yan4ya2,7,-6.754511975512781,2,6.754511975512781,1,0,2,anti_homophones
29574,hU4shu2,7,-6.642021720886159,2,6.642021720886159,1,0,2,anti_homophones
29575,fu2chi2,7,-6.622614008475038,2,6.622614008475038,1,0,2,anti_homophones
29576,tV4lE4,6,-5.625553121820914,2,5.625553121820914,1,0,4,anti_homophones
29577,zQ4zi1,6,-6.537523008900987,2,6.537523008900987,1,0,3,anti_homophones
29578,zun1bing4,9,-6.9038413518644655,2,6.9038413518644655,1,0,2,anti_homophones
29579,zV3jW3,6,-5.734575898846618,2,5.734575898846618,1,0,0,anti_homophones
29580,zhong4ke4,9,-6.181118443922903,2,6.181118443922903,1,0,5,anti_homophones
29581,hQ3cheng2,9,-6.425653989201384,2,6.425653989201384,1,0,0,anti_homophones
29582,zhO1se4,7,-6.28443211851497,2,6.28443211851497,1,0,2,anti_homophones
29583,zhang2zu2,9,-6.267569780334826,2,6.267569780334826,1,0,1,anti_homophones
29584,hU1hO5,6,-6.444463716840667,2,6.444463716840667,1,0,1,anti_homophones
29585,lLng1bi5,8,-7.8162519898019385,2,7.8162519898019385,1,0,0,anti_homophones
29586,min2xW4,7,-6.340194859438347,2,6.340194859438347,1,0,1,anti_homophones
29587,yong2shen1,10,-6.674455465110232,2,6.674455465110232,1,0,1,anti_homophones
29588,yu4sUn1,7,-6.128161904734408,2,6.128161904734408,1,0,2,anti_homophones
29589,xLng2shu1,9,-6.16485325325581,2,6.16485325325581,1,1,3,anti_homophones
29590,xK1cO4,6,-5.4815410526455235,2,5.4815410526455235,1,1,1,anti_homophones
29591,hU4mLn4,7,-5.551546338175425,2,5.551546338175425,1,0,4,anti_homophones
29592,ju4pLn1,7,-6.122250663505749,2,6.122250663505749,1,0,0,anti_homophones
29593,wu3sun3,7,-6.477604935443631,2,6.477604935443631,1,0,1,anti_homophones
29594,se4qu1,6,-6.4583815831642655,2,6.4583815831642655,1,0,2,anti_homophones
29595,A1ba5,5,-6.639439850652904,2,6.639439850652904,1,0,0,anti_homophones
29596,qing1jM4,8,-5.956233758946532,2,5.956233758946532,1,0,4,anti_homophones
29597,chu1pA4,7,-6.2660080037192625,2,6.2660080037192625,1,0,2,anti_homophones
29598,fu4jLn4,7,-5.523380101602412,2,5.523380101602412,1,0,6,anti_homophones
29599,cV4xu3,6,-6.972575734219758,2,6.972575734219758,1,0,0,anti_homophones
29600,peng1zheng1,11,-6.527824173502639,2,6.527824173502639,1,0,1,anti_homophones
29601,dE3ban1,7,-8.876458570750048,2,8.876458570750048,1,0,1,anti_homophones
29602,dI4xin1,7,-5.616033393552725,2,5.616033393552725,1,0,3,anti_homophones
29603,dO4re4,6,-6.489131748516293,2,6.489131748516293,1,0,2,anti_homophones
29604,qin1chen1,9,-6.597669900199993,2,6.597669900199993,1,0,0,anti_homophones
29605,hU4zhi2,7,-6.010243423748635,2,6.010243423748635,1,0,3,anti_homophones
29606,bu4dQ4,6,-4.709385812163694,2,4.709385812163694,1,0,16,anti_homophones
29607,wu3fa2,6,-6.038307533891944,2,6.038307533891944,1,0,2,anti_homophones
29608,jLn1pen2,8,-6.520135770792235,2,6.520135770792235,1,0,1,anti_homophones
29609,da1hong4,8,-6.62223142196294,2,6.62223142196294,1,0,2,anti_homophones
29610,kP4tV5,6,-5.637702216536442,2,5.637702216536442,1,0,0,anti_homophones
29611,ren2fang2,9,-6.020380304221731,2,6.020380304221731,1,0,1,anti_homophones
29612,wE1xLng3,8,-5.5566784513044185,2,5.5566784513044185,1,0,2,anti_homophones
29613,da4chV2,7,-5.836159705400697,2,5.836159705400697,1,0,0,anti_homophones
29614,hI2gI4,6,-5.527215233510045,2,5.527215233510045,1,0,3,anti_homophones
29615,sheng1yC1,9,-6.23921199516335,2,6.23921199516335,1,0,5,anti_homophones
29616,chan1fV3,8,-7.71815856854481,2,7.71815856854481,1,0,0,anti_homophones
29617,zhi4xun2,8,-6.353248879987351,2,6.353248879987351,1,0,2,anti_homophones
29618,ji4nan2,7,-5.317992352358879,2,5.317992352358879,1,0,2,anti_homophones
29619,dI1lv3,6,-8.615792496129597,2,8.615792496129597,1,0,1,anti_homophones
29620,ju4yong1,8,-6.277216194552651,2,6.277216194552651,1,0,1,anti_homophones
29621,gU4lan3,7,-6.353708279592467,2,6.353708279592467,1,0,3,anti_homophones
29622,sI2che1,7,-5.860113512174999,2,5.860113512174999,1,0,0,anti_homophones
29623,ke3shi4,7,-5.1283111409452315,2,5.1283111409452315,1,1,8,anti_homophones
29624,hang2yi2,8,-6.476486011461338,2,6.476486011461338,1,0,2,anti_homophones
29625,zhu4jLn1,8,-6.0391558021433696,2,6.0391558021433696,1,0,1,anti_homophones
29626,jW4gI4,6,-6.043010442782392,2,6.043010442782392,1,0,2,anti_homophones
29627,jL1lun2,7,-6.474134043435617,2,6.474134043435617,1,0,1,anti_homophones
29628,gen1qLn2,8,-6.023938943223997,2,6.023938943223997,1,0,3,anti_homophones
29629,xLng1ji2,8,-5.500432020650956,2,5.500432020650956,1,0,4,anti_homophones
29630,di3ju4,6,-6.0783868699487105,2,6.0783868699487105,1,0,5,anti_homophones
29631,xing2dLn4,9,-5.777349104373222,2,5.777349104373222,1,0,1,anti_homophones
29632,ju4chang1,9,-6.426860898243164,2,6.426860898243164,1,0,2,anti_homophones
29633,wE2yang1,8,-6.286564859012668,2,6.286564859012668,1,0,1,anti_homophones
29634,ke3dun4,7,-6.829794718650232,2,6.829794718650232,1,0,0,anti_homophones
29635,lQ3lUn2,7,-6.336328495802379,2,6.336328495802379,1,0,2,anti_homophones
29636,shi2zang1,9,-7.129754221946123,2,7.129754221946123,1,0,1,anti_homophones
29637,hong2jK3,8,-6.448456161424024,2,6.448456161424024,1,0,1,anti_homophones
29638,bang1chUng4,11,-7.619664432389106,2,7.619664432389106,1,0,0,anti_homophones
29639,tQ3xLn4,7,-6.1793161417278135,2,6.1793161417278135,1,0,3,anti_homophones
29640,song3er5,8,-6.826385874349186,2,6.826385874349186,1,0,0,anti_homophones
29641,ping2ling5,10,-8.674486738846635,2,8.674486738846635,1,0,0,anti_homophones
29642,zhi2cheng4,10,-6.351942405074568,2,6.351942405074568,1,0,1,anti_homophones
29643,jLn4nLng1,9,-6.938770760164652,2,6.938770760164652,1,0,1,anti_homophones
29644,sI2bi3,6,-5.891945573568976,2,5.891945573568976,1,0,1,anti_homophones
29645,wE2xin1,7,-5.375557169394727,2,5.375557169394727,1,1,4,anti_homophones
29646,bi2qLng3,8,-7.044252089783139,2,7.044252089783139,1,0,2,anti_homophones
29647,wE1gUn1,7,-5.805811529398675,2,5.805811529398675,1,0,1,anti_homophones
29648,te4ji1,6,-5.164784613201278,2,5.164784613201278,1,0,5,anti_homophones
29649,fu2cha2,7,-6.371846013485516,2,6.371846013485516,1,0,2,anti_homophones
29650,meng1cong4,10,-7.111444283976834,2,7.111444283976834,1,0,0,anti_homophones
29651,zhUn3zhi3,9,-6.324201639511462,2,6.324201639511462,1,0,2,anti_homophones
29652,dLn4ban4,8,-5.82833705457931,2,5.82833705457931,1,0,4,anti_homophones
29653,pE4qin3,7,-7.303043607954666,2,7.303043607954666,1,0,0,anti_homophones
29654,bQ4xK1,6,-6.3023403966060485,2,6.3023403966060485,1,0,1,anti_homophones
29655,gUng1cha4,9,-7.088294085483382,2,7.088294085483382,1,0,0,anti_homophones
29656,gQ4jLng2,8,-6.849332136789902,2,6.849332136789902,1,0,0,anti_homophones
29657,jLn4neng2,9,-7.1044352504362385,2,7.1044352504362385,1,0,0,anti_homophones
29658,lA2ji1,6,-5.847244953235945,2,5.847244953235945,1,1,3,anti_homophones
29659,shV4se4,7,-5.763638956440603,2,5.763638956440603,1,0,3,anti_homophones
29660,dQ3hu4,6,-5.2603988697191655,2,5.2603988697191655,1,0,9,anti_homophones
29661,hO4zu2,6,-6.294575055111193,2,6.294575055111193,1,0,1,anti_homophones
29662,ting2ye2,8,-6.823535006327349,2,6.823535006327349,1,0,0,anti_homophones
29663,dong1yV2,8,-6.208410963430261,2,6.208410963430261,1,0,2,anti_homophones
29664,xL2si1,6,-5.891518471834014,2,5.891518471834014,1,0,0,anti_homophones
29665,zhe4yi4,7,-6.085133927669244,2,6.085133927669244,1,0,5,anti_homophones
29666,chang1yV2,9,-6.462113743653741,2,6.462113743653741,1,0,0,anti_homophones
29667,ji2tUn1,7,-7.1207838367273695,2,7.1207838367273695,1,0,0,anti_homophones
29668,bo1ku4,6,-6.852183412823499,2,6.852183412823499,1,0,1,anti_homophones
29669,zhan5dan4,9,-7.054092996285313,2,7.054092996285313,1,0,0,anti_homophones
29670,tLn1du4,7,-5.339164074811497,2,5.339164074811497,1,0,8,anti_homophones
29671,gI4nM4,6,-7.363280550596619,2,7.363280550596619,1,0,0,anti_homophones
29672,tM3san4,7,-5.791614379310891,2,5.791614379310891,1,0,2,anti_homophones
29673,yUn2kan3,8,-7.2648376825740195,2,7.2648376825740195,1,0,2,anti_homophones
29674,gUng4zhe3,9,-6.3172726465082185,2,6.3172726465082185,1,0,0,anti_homophones
29675,lK2hun1,7,-6.483092821817286,2,6.483092821817286,1,0,0,anti_homophones
29676,xin1de2,7,-5.9838330479493065,2,5.9838330479493065,1,0,2,anti_homophones
29677,gu4hU1,6,-6.558611309089368,2,6.558611309089368,1,0,1,anti_homophones
29678,yan2lB4,7,-7.1393561626875,2,7.1393561626875,1,0,2,anti_homophones
29679,ma2yi5,6,-6.98428885449482,2,6.98428885449482,1,0,2,anti_homophones
29680,zhQ1xu1,7,-6.8325257386180915,2,6.8325257386180915,1,0,2,anti_homophones
29681,dI4yC1,6,-6.383088464404123,2,6.383088464404123,1,0,1,anti_homophones
29682,tu3hA2,6,-6.496535939130015,2,6.496535939130015,1,0,0,anti_homophones
29683,li3ju4,6,-5.727890365398583,2,5.727890365398583,1,0,3,anti_homophones
29684,lUn4mA4,7,-6.805456013086909,2,6.805456013086909,1,0,1,anti_homophones
29685,zhI1qi3,7,-7.096220961691547,2,7.096220961691547,1,0,0,anti_homophones
29686,zheng3shi3,10,-6.564803592903353,2,6.564803592903353,1,0,0,anti_homophones
29687,wan2qK2,7,-5.88648303269246,2,5.88648303269246,1,0,4,anti_homophones
29688,shan4li4,8,-5.304157952581898,2,5.304157952581898,1,0,5,anti_homophones
29689,bu4chong1,9,-6.24552784391136,2,6.24552784391136,1,0,1,anti_homophones
29690,lQ3ze2,6,-5.64610312526631,2,5.64610312526631,1,0,3,anti_homophones
29691,yu2wan3,7,-6.369233581338739,2,6.369233581338739,1,0,1,anti_homophones
29692,wang1xin4,9,-6.5282963722922,2,6.5282963722922,1,0,1,anti_homophones
29693,ji4qing3,8,-6.699822635324745,2,6.699822635324745,1,0,0,anti_homophones
29694,rI4zi5,6,-5.972554413090511,2,5.972554413090511,1,0,3,anti_homophones
29695,xin4chu4,8,-6.629964131953019,2,6.629964131953019,1,0,0,anti_homophones
29696,en1qUn1,7,-7.0302795176463695,2,7.0302795176463695,1,0,0,anti_homophones
29697,mA3kan4,7,-6.993715189063818,2,6.993715189063818,1,0,0,anti_homophones
29698,zhong4men2,10,-6.392794852880651,2,6.392794852880651,1,0,0,anti_homophones
29699,ze2min2,7,-6.824579284751791,2,6.824579284751791,1,0,0,anti_homophones
29700,hu2ji1,6,-5.293057479335941,2,5.293057479335941,1,0,8,anti_homophones
29701,zhe4zhong1,10,-7.1253970282426895,2,7.1253970282426895,1,0,0,anti_homophones
29702,zheng1cha2,10,-5.899323636113834,2,5.899323636113834,1,0,1,anti_homophones
29703,ya1lL3,6,-7.670861309260176,2,7.670861309260176,1,0,0,anti_homophones
29704,kQ3wA4,6,-6.490099003233926,2,6.490099003233926,1,0,0,anti_homophones
29705,shI3li4,7,-4.82672932092923,2,4.82672932092923,1,0,10,anti_homophones
29706,zhi4ri4,7,-5.4224387970253645,2,5.4224387970253645,1,0,8,anti_homophones
29707,jL3fE4,6,-5.289399389671782,2,5.289399389671782,1,0,1,anti_homophones
29708,he4meng1,8,-6.851788425609911,2,6.851788425609911,1,0,2,anti_homophones
29709,hUng4shu4,9,-6.28106605729211,2,6.28106605729211,1,0,1,anti_homophones
29710,sheng4bW3,9,-6.37141453023203,2,6.37141453023203,1,0,0,anti_homophones
29711,hUng2se4,8,-5.651284457937579,2,5.651284457937579,1,0,2,anti_homophones
29712,shV3kP4,7,-5.215561623372977,2,5.215561623372977,1,0,1,anti_homophones
29713,hUng4yang4,10,-6.7213925862769,2,6.7213925862769,1,0,1,anti_homophones
29714,shI3mM4,7,-5.126431403258506,2,5.126431403258506,1,0,0,anti_homophones
29715,ting3jLng1,10,-7.310161872340931,2,7.310161872340931,1,0,1,anti_homophones
29716,xK1xL4,6,-5.399610947063471,2,5.399610947063471,1,1,3,anti_homophones
29717,ren4fan2,8,-6.809918125042515,2,6.809918125042515,1,0,1,anti_homophones
29718,jin3shi2,8,-5.776087413811343,2,5.776087413811343,1,0,4,anti_homophones
29719,tong1fen4,9,-6.068852168576966,2,6.068852168576966,1,0,1,anti_homophones
29720,bA2re4,6,-5.786196469715198,2,5.786196469715198,1,0,5,anti_homophones
29721,lLng1qLng3,10,-7.004188514391832,2,7.004188514391832,1,0,0,anti_homophones
29722,hV4yi4,6,-5.01547614266191,2,5.01547614266191,1,0,9,anti_homophones
29723,shI4zV4,7,-7.046878377892368,2,7.046878377892368,1,0,0,anti_homophones
29724,chUng4nLn2,10,-6.702965233068067,2,6.702965233068067,1,0,0,anti_homophones
29725,tan2do1,7,-8.54605401223752,2,8.54605401223752,1,0,0,anti_homophones
29726,ji4wE2,6,-5.966382072745735,2,5.966382072745735,1,0,2,anti_homophones
29727,qi2xing2,8,-5.345026557099322,2,5.345026557099322,1,0,5,anti_homophones
29728,zhe4xin1,8,-6.19138200642033,2,6.19138200642033,1,0,1,anti_homophones
29729,jin3san4,8,-7.066934056008181,2,7.066934056008181,1,0,0,anti_homophones
29730,yQ2kong1,8,-5.942053438803372,2,5.942053438803372,1,0,1,anti_homophones
29731,gI1qUn2,7,-5.413451078531591,2,5.413451078531591,1,0,1,anti_homophones
29732,shi4lO4,7,-5.484314536878459,2,5.484314536878459,1,1,5,anti_homophones
29733,xK4feng3,8,-7.165310992698321,2,7.165310992698321,1,0,1,anti_homophones
29734,hA2qu3,6,-6.742157594883285,2,6.742157594883285,1,0,1,anti_homophones
29735,ti2zheng1,9,-6.328314744804052,2,6.328314744804052,1,0,5,anti_homophones
29736,yi2hV4,6,-5.561421231092907,2,5.561421231092907,1,0,3,anti_homophones
29737,zi4ce4,6,-5.571913869088146,2,5.571913869088146,1,0,3,anti_homophones
29738,da4yC4,6,-5.1368221889174155,2,5.1368221889174155,1,0,5,anti_homophones
29739,nLn4mE4,7,-6.738753720303716,2,6.738753720303716,1,0,2,anti_homophones
29740,si1nen4,7,-7.168424225134229,2,7.168424225134229,1,0,1,anti_homophones
29741,zA4nan2,7,-7.304483272809091,2,7.304483272809091,1,0,3,anti_homophones
29742,hUng1zhQ2,9,-7.485597135741932,2,7.485597135741932,1,0,0,anti_homophones
29743,cang1hI1,8,-7.322032278299407,2,7.322032278299407,1,0,0,anti_homophones
29744,ge1bu4,6,-5.994343188906434,2,5.994343188906434,1,0,2,anti_homophones
29745,wa3gong4,8,-5.994589039186408,2,5.994589039186408,1,0,2,anti_homophones
29746,di3shI3,7,-6.519795593696122,2,6.519795593696122,1,0,1,anti_homophones
29747,chan4di4,8,-5.99874807467542,2,5.99874807467542,1,0,5,anti_homophones
29748,hI1xing4,8,-5.9333424076517725,2,5.9333424076517725,1,0,5,anti_homophones
29749,ying2qu3,8,-5.862504874607128,2,5.862504874607128,1,0,6,anti_homophones
29750,xW3qi2,6,-5.622521876770328,2,5.622521876770328,1,0,6,anti_homophones
29751,li2zhi3,7,-5.81621029717294,2,5.81621029717294,1,0,4,anti_homophones
29752,zang4zhan4,10,-7.2218702250161195,2,7.2218702250161195,1,0,0,anti_homophones
29753,kO4zhi4,7,-5.907272721720252,2,5.907272721720252,1,0,3,anti_homophones
29754,hong1pan1,9,-7.306557363853083,2,7.306557363853083,1,0,1,anti_homophones
29755,hU1sheng4,9,-5.679961210846139,2,5.679961210846139,1,0,4,anti_homophones
29756,nM1hU4,6,-5.884345727201843,2,5.884345727201843,1,0,3,anti_homophones
29757,hUn3cA3,7,-7.02024894262457,2,7.02024894262457,1,0,0,anti_homophones
29758,an4ji2,6,-5.72471649391454,2,5.72471649391454,1,0,6,anti_homophones
29759,xUn2lLng2,9,-7.144387114800211,2,7.144387114800211,1,0,1,anti_homophones
29760,xin1bLn3,8,-6.611410512875371,2,6.611410512875371,1,0,1,anti_homophones
29761,jW4cA2,6,-5.912831653158133,2,5.912831653158133,1,0,1,anti_homophones
29762,xC4xing2,8,-5.45719212635273,2,5.45719212635273,1,0,4,anti_homophones
29763,gP4sha1,7,-7.10842673219943,2,7.10842673219943,1,0,0,anti_homophones
29764,xUn3dUn3,8,-6.630952187302757,2,6.630952187302757,1,0,3,anti_homophones
29765,hV4ling3,8,-6.887667004777003,2,6.887667004777003,1,0,1,anti_homophones
29766,ji4yi1,6,-6.0582466827883135,2,6.0582466827883135,1,0,4,anti_homophones
29767,tV2wu4,6,-5.623275462896928,2,5.623275462896928,1,0,6,anti_homophones
29768,hE1li5,6,-6.416074092123491,2,6.416074092123491,1,0,1,anti_homophones
29769,lu4xLn3,7,-6.375141783807881,2,6.375141783807881,1,0,1,anti_homophones
29770,hu3lLng2,8,-6.987681721953199,2,6.987681721953199,1,0,1,anti_homophones
29771,hE1hong4,8,-5.629454628907791,2,5.629454628907791,1,0,1,anti_homophones
29772,la1wan2,7,-6.112497337591518,2,6.112497337591518,1,0,2,anti_homophones
29773,yu4shi3,7,-5.767052198236037,2,5.767052198236037,1,0,4,anti_homophones
29774,cheng4shang2,12,-6.844072763122107,2,6.844072763122107,1,0,1,anti_homophones
29775,tu1qing4,8,-6.3913683376035895,2,6.3913683376035895,1,0,2,anti_homophones
29776,xW3di3,6,-5.858364884823932,2,5.858364884823932,1,0,4,anti_homophones
29777,dO2bM2,6,-6.7390798546113375,2,6.7390798546113375,1,0,0,anti_homophones
29778,xin4yV3,7,-6.128122500285666,2,6.128122500285666,1,0,2,anti_homophones
29779,ban1tV2,7,-5.7300174280951115,2,5.7300174280951115,1,0,5,anti_homophones
29780,shI3dLn4,8,-4.975996955741246,2,4.975996955741246,1,1,2,anti_homophones
29781,yi3hU4,6,-5.2723193325561795,2,5.2723193325561795,1,0,8,anti_homophones
29782,A1jM1,5,-6.6712524194746425,2,6.6712524194746425,1,0,1,anti_homophones
29783,shV4wan3,8,-6.2600827196108435,2,6.2600827196108435,1,0,1,anti_homophones
29784,sha1zi3,7,-5.446960787682317,2,5.446960787682317,1,0,7,anti_homophones
29785,shi2jW3,7,-5.772336277312336,2,5.772336277312336,1,0,1,anti_homophones
29786,wen2zong4,9,-6.748321235843262,2,6.748321235843262,1,0,1,anti_homophones
29787,zheng1shen2,11,-6.037012991769437,2,6.037012991769437,1,0,2,anti_homophones
29788,jW1cheng4,9,-5.942793554873455,2,5.942793554873455,1,0,3,anti_homophones
29789,zA4chi2,7,-6.493776543308435,2,6.493776543308435,1,0,2,anti_homophones
29790,hUng4sheng1,11,-6.48734346705856,2,6.48734346705856,1,0,0,anti_homophones
29791,pu1kV3,6,-4.91034194885095,2,4.91034194885095,1,0,3,anti_homophones
29792,jK3er2,6,-5.775869813520737,2,5.775869813520737,1,1,1,anti_homophones
29793,xK1ding4,8,-5.961029849247786,2,5.961029849247786,1,0,1,anti_homophones
29794,hUng4qLng4,10,-6.870348994045243,2,6.870348994045243,1,0,0,anti_homophones
29795,hUn1bLn4,8,-6.620934730869476,2,6.620934730869476,1,0,1,anti_homophones
29796,yUn2dan4,8,-5.866684376822154,2,5.866684376822154,1,0,2,anti_homophones
29797,yong1xLng1,10,-6.2995893800172835,2,6.2995893800172835,1,0,4,anti_homophones
29798,xLn3lLn3,8,-7.155561208795931,2,7.155561208795931,1,0,2,anti_homophones
29799,chI2chan1,9,-6.775516819915408,2,6.775516819915408,1,0,0,anti_homophones
29800,mA4ren2,7,-5.233012022411241,2,5.233012022411241,1,0,9,anti_homophones
29801,tan1zhan1,9,-6.97167895071139,2,6.97167895071139,1,0,0,anti_homophones
29802,pLn4hV4,7,-6.286284018396374,2,6.286284018396374,1,0,3,anti_homophones
29803,hE1dLn3,7,-5.321825416009866,2,5.321825416009866,1,1,1,anti_homophones
29804,xin1cA4,7,-5.986387280792867,2,5.986387280792867,1,0,3,anti_homophones
29805,gUn3yin3,8,-6.282986440525143,2,6.282986440525143,1,0,0,anti_homophones
29806,shUn3lv4,8,-6.758076631822634,2,6.758076631822634,1,0,0,anti_homophones
29807,ju4ji4,6,-5.27905811023206,2,5.27905811023206,1,0,8,anti_homophones
29808,man4fang1,9,-6.826227594010373,2,6.826227594010373,1,0,0,anti_homophones
29809,shi4cun2,8,-5.875813780272823,2,5.875813780272823,1,0,0,anti_homophones
29810,e4li4,5,-5.597649240076171,2,5.597649240076171,1,0,9,anti_homophones
29811,zA4ban1,7,-6.097054420267769,2,6.097054420267769,1,0,5,anti_homophones
29812,jing1chong4,11,-6.5262483612234945,2,6.5262483612234945,1,0,2,anti_homophones
29813,lan2yin1,8,-6.683262867680972,2,6.683262867680972,1,0,1,anti_homophones
29814,yin2zO4,7,-6.511177207916942,2,6.511177207916942,1,0,2,anti_homophones
29815,ben3gUn3,8,-6.0776504419994595,2,6.0776504419994595,1,0,1,anti_homophones
29816,zhi1xW4,7,-5.4952088128295,2,5.4952088128295,1,0,3,anti_homophones
29817,hI4tu2,6,-5.7923176210806915,2,5.7923176210806915,1,0,1,anti_homophones
29818,deng4shO1,9,-7.003104175481949,2,7.003104175481949,1,0,0,anti_homophones
29819,fa4chang3,9,-6.819056439601135,2,6.819056439601135,1,0,0,anti_homophones
29820,chUn2dO2,8,-6.815261004982682,2,6.815261004982682,1,0,0,anti_homophones
29821,she4jLn1,8,-5.828555085762138,2,5.828555085762138,1,0,2,anti_homophones
29822,han4yu2,7,-6.142688780856873,2,6.142688780856873,1,0,1,anti_homophones
29823,chong1jL4,9,-5.895545601423013,2,5.895545601423013,1,0,4,anti_homophones
29824,bu4mo4,6,-5.538746544314916,2,5.538746544314916,1,0,3,anti_homophones
29825,bo1dQ4,6,-5.766895076897304,2,5.766895076897304,1,0,3,anti_homophones
29826,yang3ti1,8,-7.569388598744585,2,7.569388598744585,1,0,0,anti_homophones
29827,bu4bE4,6,-5.27137162439873,2,5.27137162439873,1,1,3,anti_homophones
29828,tong4zhen3,10,-6.789542480438098,2,6.789542480438098,1,0,2,anti_homophones
29829,yan3men4,8,-6.851367228698969,2,6.851367228698969,1,0,0,anti_homophones
29830,zheng3wu4,9,-6.250111426613398,2,6.250111426613398,1,0,1,anti_homophones
29831,chu4ci2,7,-5.822666370094944,2,5.822666370094944,1,0,2,anti_homophones
29832,ku4yUn4,7,-6.676087559995894,2,6.676087559995894,1,0,4,anti_homophones
29833,ban4se4,7,-5.5990643238334075,2,5.5990643238334075,1,0,2,anti_homophones
29834,cun2tan2,8,-6.836890719730721,2,6.836890719730721,1,0,2,anti_homophones
29835,lLng3zu2,8,-6.347324053686917,2,6.347324053686917,1,0,3,anti_homophones
29836,fu4fu4,6,-5.915602399194182,2,5.915602399194182,1,0,5,anti_homophones
29837,xLng2shV1,9,-6.754746289290094,2,6.754746289290094,1,0,2,anti_homophones
29838,sheng1hU2,9,-6.3441479525455,2,6.3441479525455,1,0,1,anti_homophones
29839,da4shi3,7,-5.186362372508449,2,5.186362372508449,1,0,9,anti_homophones
29840,cI1hI3,6,-6.002233601411852,2,6.002233601411852,1,0,1,anti_homophones
29841,pa2se4,6,-5.265945359063703,2,5.265945359063703,1,0,1,anti_homophones
29842,gA3chi4,7,-6.345386457957891,2,6.345386457957891,1,0,0,anti_homophones
29843,te4li4,6,-5.355162541668033,2,5.355162541668033,1,0,8,anti_homophones
29844,bQ4mE4,6,-6.319765278712543,2,6.319765278712543,1,0,3,anti_homophones
29845,li2bu4,6,-5.949303249180797,2,5.949303249180797,1,0,6,anti_homophones
29846,chi3xLn1,8,-6.858879209624365,2,6.858879209624365,1,0,0,anti_homophones
29847,shO1ci4,7,-5.7979284738737675,2,5.7979284738737675,1,0,2,anti_homophones
29848,wang2chan1,10,-6.857513246820235,2,6.857513246820235,1,0,1,anti_homophones
29849,mu4chUng2,9,-6.537679390419451,2,6.537679390419451,1,0,0,anti_homophones
29850,ba1rUn3,7,-7.972293640508742,2,7.972293640508742,1,0,0,anti_homophones
29851,yong5hUng2,10,-9.19814249050354,2,9.19814249050354,1,0,0,anti_homophones
29852,ke3zhi3,7,-5.7254829414138975,2,5.7254829414138975,1,0,2,anti_homophones
29853,gO4zhang1,9,-6.529218056509749,2,6.529218056509749,1,0,1,anti_homophones
29854,an1ji2,6,-5.509826659459972,2,5.509826659459972,1,0,3,anti_homophones
29855,qi4tA2,6,-5.708676533056038,2,5.708676533056038,1,0,5,anti_homophones
29856,gan3tu2,7,-5.808013241100278,2,5.808013241100278,1,0,4,anti_homophones
29857,chu1ye4,7,-4.994010307926168,2,4.994010307926168,1,0,6,anti_homophones
29858,nK3lK4,6,-7.368892042264719,2,7.368892042264719,1,0,2,anti_homophones
29859,da3gU1,6,-5.5544004710923565,2,5.5544004710923565,1,0,3,anti_homophones
29860,zhu4yan3,8,-6.052422802711139,2,6.052422802711139,1,0,1,anti_homophones
29861,jK4hUng2,8,-6.606705156035638,2,6.606705156035638,1,0,0,anti_homophones
29862,tQ2shi4,7,-5.355508731899134,2,5.355508731899134,1,0,5,anti_homophones
29863,shang2de5,9,-5.840918744929183,2,5.840918744929183,1,0,0,anti_homophones
29864,xLng4fan1,9,-6.729683227510612,2,6.729683227510612,1,0,3,anti_homophones
29865,jW1chu4,7,-5.960966168467488,2,5.960966168467488,1,0,4,anti_homophones
29866,shI3tA4,7,-5.98390627915847,2,5.98390627915847,1,0,2,anti_homophones
29867,jW1yin1,7,-5.3890526129038525,2,5.3890526129038525,1,0,4,anti_homophones
29868,wA4tI4,6,-6.564351301890712,2,6.564351301890712,1,0,2,anti_homophones
29869,zhQ3shan4,9,-6.637989319514082,2,6.637989319514082,1,0,1,anti_homophones
29870,zan3ji4,7,-7.492801603728324,2,7.492801603728324,1,0,1,anti_homophones
29871,fa1song4,8,-5.348477422468202,2,5.348477422468202,1,0,1,anti_homophones
29872,wang2jLng4,10,-6.540806402607742,2,6.540806402607742,1,0,0,anti_homophones
29873,wE1chang3,9,-6.5025490498001774,2,6.5025490498001774,1,0,1,anti_homophones
29874,an1hu2,6,-6.214833465857346,2,6.214833465857346,1,0,7,anti_homophones
29875,wu2chan4,8,-5.687541481362219,2,5.687541481362219,1,0,3,anti_homophones
29876,pA1qu2,6,-7.467394367275234,2,7.467394367275234,1,0,2,anti_homophones
29877,an4bA2,6,-6.308663393613282,2,6.308663393613282,1,0,1,anti_homophones
29878,da3man4,7,-6.148436641716405,2,6.148436641716405,1,0,5,anti_homophones
29879,feng1lun4,9,-6.4496731545452874,2,6.4496731545452874,1,0,0,anti_homophones
29880,yan2zhong4,10,-5.895929818761147,2,5.895929818761147,1,0,4,anti_homophones
29881,yV3yong1,8,-5.73934086676674,2,5.73934086676674,1,0,2,anti_homophones
29882,yV3lO4,6,-5.864674380221581,2,5.864674380221581,1,0,5,anti_homophones
29883,xing4zhu1,9,-6.464564406195851,2,6.464564406195851,1,0,1,anti_homophones
29884,yQ3wen2,7,-5.479840476345892,2,5.479840476345892,1,0,4,anti_homophones
29885,qin1qi4,7,-5.551968431058627,2,5.551968431058627,1,0,8,anti_homophones
29886,zhUn1lQ3,8,-7.685172246201961,2,7.685172246201961,1,0,0,anti_homophones
29887,gUng2se4,8,-5.7706235769014755,2,5.7706235769014755,1,0,3,anti_homophones
29888,gu1sheng1,9,-6.14683967682464,2,6.14683967682464,1,0,1,anti_homophones
29889,ti1tW2,6,-6.169700651885133,2,6.169700651885133,1,0,3,anti_homophones
29890,dA4ji2,6,-5.762736060229367,2,5.762736060229367,1,0,6,anti_homophones
29891,hu2yin3,7,-6.633190396560378,2,6.633190396560378,1,0,0,anti_homophones
29892,gU4nong2,8,-6.525518218363972,2,6.525518218363972,1,0,1,anti_homophones
29893,zhi1mu3,7,-5.9886007330232625,2,5.9886007330232625,1,0,2,anti_homophones
29894,zhi3li4,7,-5.3992087886750175,2,5.3992087886750175,1,0,7,anti_homophones
29895,tI1chan1,8,-6.1282090932368645,2,6.1282090932368645,1,0,3,anti_homophones
29896,zO4lE3,6,-6.582020587206229,2,6.582020587206229,1,0,1,anti_homophones
29897,sheng2fE4,9,-6.013876486903721,2,6.013876486903721,1,0,1,anti_homophones
29898,hUng1qi4,8,-5.295678373024038,2,5.295678373024038,1,1,2,anti_homophones
29899,yan4tV2,7,-5.81751990921801,2,5.81751990921801,1,0,6,anti_homophones
29900,xL4ma2,6,-6.135545519829526,2,6.135545519829526,1,0,2,anti_homophones
29901,tM3he2,6,-5.3037579362242875,2,5.3037579362242875,1,0,2,anti_homophones
29902,feng1wen2,9,-5.847122866101486,2,5.847122866101486,1,0,4,anti_homophones
29903,li5shi4,7,-6.7910251737284,2,6.7910251737284,1,0,3,anti_homophones
29904,ti2ke1,6,-6.154618425618399,2,6.154618425618399,1,0,0,anti_homophones
29905,la4ti2,6,-6.6465689428855885,2,6.6465689428855885,1,0,1,anti_homophones
29906,jing4she1,9,-7.328786268550425,2,7.328786268550425,1,0,0,anti_homophones
29907,jM2xin4,7,-6.112381567104664,2,6.112381567104664,1,0,3,anti_homophones
29908,mo2ya1,6,-5.825972458875043,2,5.825972458875043,1,0,0,anti_homophones
29909,zi4sheng1,9,-5.501483995628034,2,5.501483995628034,1,0,0,anti_homophones
29910,zhUng2pi2,9,-6.710259565210961,2,6.710259565210961,1,0,2,anti_homophones
29911,hA3qi2,6,-6.714280691611144,2,6.714280691611144,1,0,0,anti_homophones
29912,man4fE4,7,-6.2695693077623815,2,6.2695693077623815,1,0,4,anti_homophones
29913,sun1zhu2,8,-7.587249042486491,2,7.587249042486491,1,0,0,anti_homophones
29914,bi1ru4,6,-6.153177710057218,2,6.153177710057218,1,0,2,anti_homophones
29915,qLng2qK1,8,-7.907212963667179,2,7.907212963667179,1,0,0,anti_homophones
29916,gong4yu2,8,-5.788204089016235,2,5.788204089016235,1,0,4,anti_homophones
29917,cheng2kong4,11,-6.181123233178875,2,6.181123233178875,1,0,1,anti_homophones
29918,li3shV3,7,-5.6852806781872545,2,5.6852806781872545,1,0,4,anti_homophones
29919,xun4he2,7,-6.116572218899805,2,6.116572218899805,1,0,1,anti_homophones
29920,wA4hang2,8,-5.933946225322592,2,5.933946225322592,1,0,0,anti_homophones
29921,lin2zhu3,8,-5.986257608196547,2,5.986257608196547,1,0,1,anti_homophones
29922,tang4mE3,8,-7.103620589958997,2,7.103620589958997,1,0,0,anti_homophones
29923,kQ3ri4,6,-6.126565100110637,2,6.126565100110637,1,0,3,anti_homophones
29924,bi3zhi2,7,-5.974121595039854,2,5.974121595039854,1,0,5,anti_homophones
29925,qing1cha2,9,-6.048510504214592,2,6.048510504214592,1,0,2,anti_homophones
29926,zhe3zhe3,8,-6.270087284155406,2,6.270087284155406,1,0,3,anti_homophones
29927,hQ4yu3,6,-6.050791503873474,2,6.050791503873474,1,0,3,anti_homophones
29928,zhen1ren2,9,-5.523234282867237,2,5.523234282867237,1,0,3,anti_homophones
29929,cha2li3,7,-6.0560876131014965,2,6.0560876131014965,1,0,1,anti_homophones
29930,wE2mi3,6,-6.409062359931793,2,6.409062359931793,1,0,0,anti_homophones
29931,zong4jL4,8,-6.180053498820222,2,6.180053498820222,1,0,2,anti_homophones
29932,fang3qK2,8,-5.747854046850967,2,5.747854046850967,1,0,1,anti_homophones
29933,hun1zhi4,8,-5.867848076563208,2,5.867848076563208,1,0,1,anti_homophones
29934,xUn2she4,8,-6.517791625217145,2,6.517791625217145,1,0,1,anti_homophones
29935,tu1xing2,8,-5.91653306837563,2,5.91653306837563,1,0,4,anti_homophones
29936,nLn2lu2,7,-6.35065946632955,2,6.35065946632955,1,0,3,anti_homophones
29937,gong2qi2,8,-6.181808402713633,2,6.181808402713633,1,0,3,anti_homophones
29938,du2shI3,7,-5.458926023073957,2,5.458926023073957,1,0,1,anti_homophones
29939,xLng1xLn3,9,-6.267659514205719,2,6.267659514205719,1,0,1,anti_homophones
29940,gang2sun1,9,-7.485010763648042,2,7.485010763648042,1,0,0,anti_homophones
29941,hong1A4,7,-6.343562926282747,2,6.343562926282747,1,0,1,anti_homophones
29942,tong1dO2,8,-6.464591958192249,2,6.464591958192249,1,0,0,anti_homophones
29943,nv3pu1,6,-6.510488878928543,2,6.510488878928543,1,0,0,anti_homophones
29944,xin1rQ3,7,-5.594093106787586,2,5.594093106787586,1,1,0,anti_homophones
29945,hong1qi1,8,-5.87394958382905,2,5.87394958382905,1,1,2,anti_homophones
29946,ji4nan4,7,-5.771500920466344,2,5.771500920466344,1,0,5,anti_homophones
29947,jM4shI3,7,-5.782198555524511,2,5.782198555524511,1,0,4,anti_homophones
29948,wu2zhV4,7,-6.39441046909877,2,6.39441046909877,1,0,2,anti_homophones
29949,ying4zi5,8,-5.231915976627756,2,5.231915976627756,1,0,4,anti_homophones
29950,yin1peng4,9,-6.636003841933326,2,6.636003841933326,1,1,1,anti_homophones
29951,jW4yV3,6,-5.4668301213228725,2,5.4668301213228725,1,0,3,anti_homophones
29952,hong2ren2,9,-5.618524081086496,2,5.618524081086496,1,1,7,anti_homophones
29953,hV4jL1,6,-5.363808402979245,2,5.363808402979245,1,1,3,anti_homophones
29954,ju4fE4,6,-5.483008945780151,2,5.483008945780151,1,0,7,anti_homophones
29955,tong3zhQ4,9,-6.658801997719904,2,6.658801997719904,1,0,2,anti_homophones
29956,dUn3dLn3,8,-6.35745702793237,2,6.35745702793237,1,0,0,anti_homophones
29957,lLng1xing2,10,-6.070902912867429,2,6.070902912867429,1,0,1,anti_homophones
29958,an1hO3,6,-5.959597339170541,2,5.959597339170541,1,0,0,anti_homophones
29959,yi4wen4,7,-6.09660303493082,2,6.09660303493082,1,0,2,anti_homophones
29960,chun2lK2,8,-6.500397786982579,2,6.500397786982579,1,0,0,anti_homophones
29961,ban3wen1,8,-6.950819768735763,2,6.950819768735763,1,0,0,anti_homophones
29962,qi3tA4,6,-6.122021352304168,2,6.122021352304168,1,0,3,anti_homophones
29963,yUn2lLn4,8,-6.202927843053542,2,6.202927843053542,1,0,3,anti_homophones
29964,zhun3de2,8,-7.484411295395631,2,7.484411295395631,1,0,0,anti_homophones
29965,qLn1li4,7,-5.3310437659648064,2,5.3310437659648064,1,0,7,anti_homophones
29966,zhong4ku4,9,-6.062634609034655,2,6.062634609034655,1,0,4,anti_homophones
29967,lv3yC1,6,-5.58290035100411,2,5.58290035100411,1,0,1,anti_homophones
29968,ro4mo4,6,-7.789152386765777,2,7.789152386765777,1,0,0,anti_homophones
29969,yi1dI4,6,-4.8245184138279535,2,4.8245184138279535,1,0,8,anti_homophones
29970,jun1fang4,9,-5.880797513020434,2,5.880797513020434,1,0,1,anti_homophones
29971,fan4gu4,7,-6.437929066612715,2,6.437929066612715,1,0,3,anti_homophones
29972,yan4fE4,7,-6.077590824894095,2,6.077590824894095,1,0,2,anti_homophones
29973,lA2de5,6,-6.062419012684308,2,6.062419012684308,1,0,2,anti_homophones
29974,ban1yUn3,8,-6.475387593748087,2,6.475387593748087,1,0,1,anti_homophones
29975,bLn1yan2,8,-6.0028373242009785,2,6.0028373242009785,1,0,1,anti_homophones
29976,shV4qYng1,9,-7.684789421299506,2,7.684789421299506,1,0,0,anti_homophones
29977,yV3ji1,6,-5.0618979559823005,2,5.0618979559823005,1,0,5,anti_homophones
29978,nv3zhi1,7,-5.801535057428563,2,5.801535057428563,1,0,1,anti_homophones
29979,shang3bu4,9,-5.777182506424964,2,5.777182506424964,1,1,2,anti_homophones
29980,jL3ba5,6,-5.804334166827966,2,5.804334166827966,1,0,1,anti_homophones
29981,jin4hP4,7,-6.945569396190265,2,6.945569396190265,1,0,1,anti_homophones
29982,ke1keng1,8,-6.783956339359998,2,6.783956339359998,1,0,0,anti_homophones
29983,zhan3fE3,8,-7.548609909238231,2,7.548609909238231,1,0,0,anti_homophones
29984,cA4e2,5,-5.824426519722294,2,5.824426519722294,1,0,2,anti_homophones
29985,jM1sa3,6,-5.968136836626884,2,5.968136836626884,1,0,2,anti_homophones
29986,tQ4tQ1,6,-7.139735125928179,2,7.139735125928179,1,0,0,anti_homophones
29987,zheng2ying2,11,-6.621362637223452,2,6.621362637223452,1,0,3,anti_homophones
29988,dM2ban3,7,-5.934154335732682,2,5.934154335732682,1,0,2,anti_homophones
29989,xL4xL4,6,-5.504385643233683,2,5.504385643233683,1,0,5,anti_homophones
29990,shan1wan3,9,-6.801808002349839,2,6.801808002349839,1,0,1,anti_homophones
29991,chUng4ji4,9,-6.17582585074691,2,6.17582585074691,1,0,3,anti_homophones
29992,fan3ji1,7,-5.544869055255981,2,5.544869055255981,1,0,6,anti_homophones
29993,ye3wE4,6,-5.301837278851639,2,5.301837278851639,1,0,5,anti_homophones
29994,fE4sI4,6,-6.367551079781896,2,6.367551079781896,1,0,1,anti_homophones
29995,qi4pLn1,7,-6.603004501042765,2,6.603004501042765,1,0,0,anti_homophones
29996,da4bi4,6,-5.179431902299249,2,5.179431902299249,1,0,15,anti_homophones
29997,wE2jK1,6,-6.417405347829451,2,6.417405347829451,1,0,4,anti_homophones
29998,zi3gong2,8,-6.495201626801309,2,6.495201626801309,1,0,1,anti_homophones
29999,qing4xi2,8,-5.953631219740844,2,5.953631219740844,1,0,4,anti_homophones
30000,xW3gong1,8,-5.415808903441198,2,5.415808903441198,1,1,2,anti_homophones
30001,yV2li4,6,-5.015288361718056,2,5.015288361718056,1,0,16,anti_homophones
30002,yV3qUn4,7,-6.401081980266053,2,6.401081980266053,1,0,1,anti_homophones
30003,gUn1lK2,7,-6.303701702618492,2,6.303701702618492,1,0,0,anti_homophones
30004,heng1ren4,9,-6.732922488441509,2,6.732922488441509,1,0,2,anti_homophones
30005,zO4yV2,6,-5.621552149487917,2,5.621552149487917,1,0,3,anti_homophones
30006,shi3jL1,7,-5.881782924039164,2,5.881782924039164,1,0,5,anti_homophones
30007,xM2tong4,8,-5.977427528775522,2,5.977427528775522,1,0,3,anti_homophones
30008,ti2cheng1,9,-6.018809894347745,2,6.018809894347745,1,0,1,anti_homophones
30009,dan4yan4,8,-6.373399417867837,2,6.373399417867837,1,0,4,anti_homophones
30010,xW4hUng4,8,-6.576354202820948,2,6.576354202820948,1,0,0,anti_homophones
30011,xM2tan4,7,-5.956772466848583,2,5.956772466848583,1,0,4,anti_homophones
30012,wA4ha1,6,-6.937897408985758,2,6.937897408985758,1,0,0,anti_homophones
30013,jW1qW1,6,-5.717042243803873,2,5.717042243803873,1,0,1,anti_homophones
30014,hUn2sI1,7,-7.501390993285371,2,7.501390993285371,1,0,1,anti_homophones
30015,yun2hV4,7,-6.313884170931953,2,6.313884170931953,1,0,1,anti_homophones
30016,ke1ke4,6,-5.083422920840593,2,5.083422920840593,1,0,2,anti_homophones
30017,xLng2jW3,8,-6.133881113428721,2,6.133881113428721,1,0,0,anti_homophones
30018,nA3pA4,6,-6.048590659260619,2,6.048590659260619,1,0,1,anti_homophones
30019,hO2dQ1,6,-6.784398029218666,2,6.784398029218666,1,0,2,anti_homophones
30020,fu4zhO2,7,-6.137370006916289,2,6.137370006916289,1,0,1,anti_homophones
30021,shV3wE4,7,-4.798924348492621,2,4.798924348492621,1,1,6,anti_homophones
30022,ke3wE3,6,-5.915460530077676,2,5.915460530077676,1,0,3,anti_homophones
30023,feng2lLng4,10,-6.285866929276079,2,6.285866929276079,1,0,0,anti_homophones
30024,qi1zu3,6,-6.676413607427955,2,6.676413607427955,1,0,1,anti_homophones
30025,lK2ming1,8,-6.014821214234695,2,6.014821214234695,1,0,0,anti_homophones
30026,nong3kP4,8,-7.086454645585033,2,7.086454645585033,1,0,1,anti_homophones
30027,du4cA2,6,-7.231695612873139,2,7.231695612873139,1,0,1,anti_homophones
30028,xing4ju4,8,-5.771738102657001,2,5.771738102657001,1,0,4,anti_homophones
30029,zhong2pW4,9,-6.141388177692534,2,6.141388177692534,1,0,0,anti_homophones
30030,mi4lE3,6,-7.122493519215453,2,7.122493519215453,1,0,1,anti_homophones
30031,tV2shen4,8,-6.27242215292703,2,6.27242215292703,1,0,2,anti_homophones
30032,feng2bu3,8,-6.789919578569169,2,6.789919578569169,1,0,1,anti_homophones
30033,wo3zhang3,9,-7.28976790048227,2,7.28976790048227,1,0,0,anti_homophones
30034,wu3zhu4,7,-5.5713787390708465,2,5.5713787390708465,1,0,5,anti_homophones
30035,dA4gan3,7,-5.888409948398039,2,5.888409948398039,1,0,4,anti_homophones
30036,nUn3can2,8,-7.179979945269828,2,7.179979945269828,1,0,1,anti_homophones
30037,xC2ke3,6,-6.780748694044015,2,6.780748694044015,1,0,0,anti_homophones
30038,bu4cO4,6,-6.2672668988201865,2,6.2672668988201865,1,0,1,anti_homophones
30039,gan1hI4,7,-5.625577334254334,2,5.625577334254334,1,0,0,anti_homophones
30040,jYng1qu3,8,-7.436914956173532,2,7.436914956173532,1,0,0,anti_homophones
30041,chV4ji1,7,-6.059451868125579,2,6.059451868125579,1,0,4,anti_homophones
30042,shi2xun4,8,-6.125533345141769,2,6.125533345141769,1,0,0,anti_homophones
30043,ta1ru4,6,-6.3651577399082715,2,6.3651577399082715,1,0,2,anti_homophones
30044,qing1tong2,10,-6.433493848379247,2,6.433493848379247,1,0,1,anti_homophones
30045,du2ji2,6,-5.225746109811279,2,5.225746109811279,1,0,8,anti_homophones
30046,yang3fu2,8,-6.099571334455543,2,6.099571334455543,1,0,2,anti_homophones
30047,fE4feng1,8,-6.0168950998731265,2,6.0168950998731265,1,0,1,anti_homophones
30048,jin1ren2,8,-4.9324647745090555,2,4.9324647745090555,1,0,10,anti_homophones
30049,si3lW4,6,-5.930147363973311,2,5.930147363973311,1,0,2,anti_homophones
30050,ling1zhi3,9,-6.23989174720248,2,6.23989174720248,1,0,1,anti_homophones
30051,ni4xing1,8,-6.307274827617299,2,6.307274827617299,1,0,3,anti_homophones
30052,za2shV3,7,-5.847402158993997,2,5.847402158993997,1,0,0,anti_homophones
30053,kong1gUn3,9,-6.093937415449602,2,6.093937415449602,1,0,0,anti_homophones
30054,xW3nQ4,6,-5.418178386844179,2,5.418178386844179,1,0,4,anti_homophones
30055,bA2lLng2,8,-6.333265457163653,2,6.333265457163653,1,0,0,anti_homophones
30056,le4shi4,7,-5.491278388428497,2,5.491278388428497,1,0,6,anti_homophones
30057,cong2zong2,10,-8.24782509807188,2,8.24782509807188,1,0,0,anti_homophones
30058,he2ze2,6,-5.288210277794488,2,5.288210277794488,1,0,2,anti_homophones
30059,lang1zheng1,11,-7.102827531905529,2,7.102827531905529,1,0,1,anti_homophones
30060,yV2lB4,6,-5.40569590473809,2,5.40569590473809,1,0,7,anti_homophones
30061,kA1mu3,6,-5.89695727358656,2,5.89695727358656,1,0,2,anti_homophones
30062,ti2hU4,6,-5.5324285945942355,2,5.5324285945942355,1,1,5,anti_homophones
30063,jLn1qi1,7,-5.627623563903174,2,5.627623563903174,1,1,5,anti_homophones
30064,dong4chen2,10,-6.82452751783959,2,6.82452751783959,1,0,0,anti_homophones
30065,xLng1xLng1,10,-6.031864789498328,2,6.031864789498328,1,0,1,anti_homophones
30066,shan2zhu4,9,-6.511407404858977,2,6.511407404858977,1,0,2,anti_homophones
30067,mW2zi5,6,-5.6788810845679,2,5.6788810845679,1,0,2,anti_homophones
30068,fu2lun2,7,-6.109717293091302,2,6.109717293091302,1,0,0,anti_homophones
30069,dI4zheng1,9,-5.750333609596941,2,5.750333609596941,1,0,3,anti_homophones
30070,nong2yang4,10,-6.672937038332097,2,6.672937038332097,1,0,1,anti_homophones
30071,gA4qUn2,7,-5.735416628309162,2,5.735416628309162,1,0,5,anti_homophones
30072,xing2mQ2,8,-5.993501261904065,2,5.993501261904065,1,0,2,anti_homophones
30073,da4xK4,6,-5.72155219616463,2,5.72155219616463,1,0,8,anti_homophones
30074,leng2tu2,8,-6.497137957610624,2,6.497137957610624,1,0,1,anti_homophones
30075,gQ1tO1,6,-6.278044910870097,2,6.278044910870097,1,0,0,anti_homophones
30076,chUng1nUn3,10,-7.099843492890125,2,7.099843492890125,1,0,0,anti_homophones
30077,shi1qing2,9,-5.9662328867941925,2,5.9662328867941925,1,0,4,anti_homophones
30078,gu3xL2,6,-6.471774817566801,2,6.471774817566801,1,0,1,anti_homophones
30079,yQ4chong2,9,-7.000539143650292,2,7.000539143650292,1,0,0,anti_homophones
30080,qing2wan1,9,-6.9865837554050785,2,6.9865837554050785,1,0,1,anti_homophones
30081,tV1pan2,7,-5.992420524045651,2,5.992420524045651,1,0,1,anti_homophones
30082,A1dong4,7,-6.3778131137968135,2,6.3778131137968135,1,0,1,anti_homophones
30083,xing1mQ4,8,-6.582907811201291,2,6.582907811201291,1,0,1,anti_homophones
30084,tM3zhi1,7,-5.717945401637667,2,5.717945401637667,1,0,3,anti_homophones
30085,wA4nLn4,7,-6.938903559310806,2,6.938903559310806,1,0,1,anti_homophones
30086,yUn4xi2,7,-6.159375296143014,2,6.159375296143014,1,0,1,anti_homophones
30087,bi2er2,6,-5.561313376404414,2,5.561313376404414,1,0,0,anti_homophones
30088,he2ge1,6,-5.7111920962473315,2,5.7111920962473315,1,0,3,anti_homophones
30089,wen2tan2,8,-6.56855061256933,2,6.56855061256933,1,0,0,anti_homophones
30090,lQ2su4,6,-5.853121175631122,2,5.853121175631122,1,0,6,anti_homophones
30091,ta1mi4,6,-6.553684173061251,2,6.553684173061251,1,0,1,anti_homophones
30092,di4yu4,6,-5.811022828751448,2,5.811022828751448,1,0,7,anti_homophones
30093,bi4dan4,7,-6.184136032214904,2,6.184136032214904,1,0,5,anti_homophones
30094,xi1nLn2,7,-5.321972684615956,2,5.321972684615956,1,0,3,anti_homophones
30095,zhan3cha2,9,-6.601962538354955,2,6.601962538354955,1,0,0,anti_homophones
30096,tW2jM1,6,-5.713099922692483,2,5.713099922692483,1,0,4,anti_homophones
30097,hong2lW4,8,-6.6837987243672545,2,6.6837987243672545,1,0,3,anti_homophones
30098,gan1qing4,9,-6.077546633296992,2,6.077546633296992,1,0,5,anti_homophones
30099,ji4yUn4,7,-5.618451222156896,2,5.618451222156896,1,0,3,anti_homophones
30100,mLn3zi5,7,-5.736543885297307,2,5.736543885297307,1,0,3,anti_homophones
30101,jW1su4,6,-5.49706470907253,2,5.49706470907253,1,0,7,anti_homophones
30102,hE1fen3,7,-6.146325904626975,2,6.146325904626975,1,0,1,anti_homophones
30103,tO1ji1,6,-5.535123436632119,2,5.535123436632119,1,0,2,anti_homophones
30104,mW4yan3,7,-6.295159616456129,2,6.295159616456129,1,0,1,anti_homophones
30105,tQ1tV2,6,-5.485835392429013,2,5.485835392429013,1,0,4,anti_homophones
30106,lLn4lLn3,8,-6.9164372803467815,2,6.9164372803467815,1,0,0,anti_homophones
30107,dA4sheng2,9,-6.274599729552292,2,6.274599729552292,1,0,2,anti_homophones
30108,pu1ku3,6,-5.631684408491488,2,5.631684408491488,1,0,5,anti_homophones
30109,lu4pLn2,7,-6.929507155322139,2,6.929507155322139,1,0,0,anti_homophones
30110,dI1meng3,8,-7.6347616425799245,2,7.6347616425799245,1,0,0,anti_homophones
30111,wu3zheng5,9,-7.473198186530686,2,7.473198186530686,1,0,0,anti_homophones
30112,zhi3yu2,7,-5.565243575397272,2,5.565243575397272,1,0,3,anti_homophones
30113,hV4fen1,7,-6.134143558329241,2,6.134143558329241,1,0,2,anti_homophones
30114,gen1cA4,7,-6.463714268893963,2,6.463714268893963,1,0,2,anti_homophones
30115,si1yi2,6,-6.041688967385992,2,6.041688967385992,1,0,4,anti_homophones
30116,yV3hO4,6,-5.470363013882196,2,5.470363013882196,1,0,4,anti_homophones
30117,yu4qu3,6,-5.690372816945988,2,5.690372816945988,1,0,6,anti_homophones
30118,er2shV4,7,-6.6373282624378644,2,6.6373282624378644,1,0,1,anti_homophones
30119,dLn3shV3,8,-5.570961456726062,2,5.570961456726062,1,0,2,anti_homophones
30120,kA1hun3,7,-6.458714049036994,2,6.458714049036994,1,0,0,anti_homophones
30121,deng4yQ1,8,-7.503033760924931,2,7.503033760924931,1,0,1,anti_homophones
30122,sheng4kong3,11,-6.97801583441025,2,6.97801583441025,1,0,0,anti_homophones
30123,yan2fu4,7,-5.71877572002467,2,5.71877572002467,1,0,4,anti_homophones
30124,qLng1ge5,8,-7.461192515488697,2,7.461192515488697,1,0,0,anti_homophones
30125,shI3hang2,9,-7.419112696097321,2,7.419112696097321,1,0,2,anti_homophones
30126,ren2wang4,9,-5.7988553375035545,2,5.7988553375035545,1,0,1,anti_homophones
30127,jLn4shV4,8,-6.0243769352777505,2,6.0243769352777505,1,0,4,anti_homophones
30128,he2zi3,6,-5.135120727034151,2,5.135120727034151,1,1,8,anti_homophones
30129,dLn3xYng1,9,-7.255027664126809,2,7.255027664126809,1,0,0,anti_homophones
30130,sQ3e2,5,-5.841419670039216,2,5.841419670039216,1,0,1,anti_homophones
30131,da4di4,6,-4.817728522544539,2,4.817728522544539,1,1,12,anti_homophones
30132,hQ2yUn2,7,-6.199107957898857,2,6.199107957898857,1,0,4,anti_homophones
30133,she4mo4,7,-6.445875091835913,2,6.445875091835913,1,0,1,anti_homophones
30134,men2shI4,8,-6.531276423590036,2,6.531276423590036,1,0,2,anti_homophones
30135,kP4jing1,8,-6.229154671542837,2,6.229154671542837,1,0,0,anti_homophones
30136,hA4bQ1,6,-6.994867832957514,2,6.994867832957514,1,0,3,anti_homophones
30137,gUn1ti2,7,-6.260150115379068,2,6.260150115379068,1,0,3,anti_homophones
30138,dan1qi4,7,-5.32152374197252,2,5.32152374197252,1,1,8,anti_homophones
30139,nW3ka3,6,-6.427939226169574,2,6.427939226169574,1,0,2,anti_homophones
30140,tong2pi2,8,-6.375796208211391,2,6.375796208211391,1,0,0,anti_homophones
30141,tW2kUn3,7,-6.162432022344799,2,6.162432022344799,1,0,0,anti_homophones
30142,kQ4yUn2,7,-6.365075936241395,2,6.365075936241395,1,0,4,anti_homophones
30143,xM4xLng4,8,-6.132943520454454,2,6.132943520454454,1,0,4,anti_homophones
30144,zV3shi2,7,-5.259419192087157,2,5.259419192087157,1,1,3,anti_homophones
30145,pen1sUn1,8,-6.8260870453356715,2,6.8260870453356715,1,0,0,anti_homophones
30146,chQ1e2,6,-5.174681140793647,2,5.174681140793647,1,0,3,anti_homophones
30147,zhu3ng1lan2,11,-12.838583601344022,2,12.838583601344022,1,0,0,anti_homophones
30148,ma2bQ3,6,-6.760376684249625,2,6.760376684249625,1,0,2,anti_homophones
30149,dI4wE2,6,-6.02498723172421,2,6.02498723172421,1,0,2,anti_homophones
30150,hU4lK2,6,-5.871633929982812,2,5.871633929982812,1,0,2,anti_homophones
30151,tong2she2,9,-6.914771837183984,2,6.914771837183984,1,0,2,anti_homophones
30152,tW2yu2,6,-5.640799097073274,2,5.640799097073274,1,0,2,anti_homophones
30153,nM4shu4,7,-6.353405507731859,2,6.353405507731859,1,0,0,anti_homophones
30154,chang4zhu3,10,-6.325175160809571,2,6.325175160809571,1,0,0,anti_homophones
30155,di1shi1,7,-5.878797225959955,2,5.878797225959955,1,0,3,anti_homophones
30156,chan1yUn2,9,-5.943388069985212,2,5.943388069985212,1,0,4,anti_homophones
30157,zhUn4xin1,9,-5.777892144361718,2,5.777892144361718,1,0,1,anti_homophones
30158,man4hang2,9,-7.114276198423819,2,7.114276198423819,1,0,0,anti_homophones
30159,tW2jin1,7,-6.286855309536216,2,6.286855309536216,1,0,2,anti_homophones
30160,yin4yUn4,8,-6.577242852239253,2,6.577242852239253,1,0,0,anti_homophones
30161,jK4hO3,6,-5.394102451475675,2,5.394102451475675,1,0,3,anti_homophones
30162,si3qi4,6,-4.97029873531204,2,4.97029873531204,1,0,6,anti_homophones
30163,shi4zu3,7,-5.667068166927597,2,5.667068166927597,1,0,5,anti_homophones
30164,mi2ma2,6,-6.352863108398926,2,6.352863108398926,1,0,3,anti_homophones
30165,rUn3ping4,9,-6.65834645078611,2,6.65834645078611,1,0,0,anti_homophones
30166,wE3hI3,6,-5.811617830422665,2,5.811617830422665,1,1,1,anti_homophones
30167,xing2de5,8,-5.708458650196074,2,5.708458650196074,1,0,2,anti_homophones
30168,zheng2zhi1,10,-5.86644007851965,2,5.86644007851965,1,0,1,anti_homophones
30169,gA3dO1,6,-6.66868481643522,2,6.66868481643522,1,0,1,anti_homophones
30170,yong1deng1,10,-6.465574610345347,2,6.465574610345347,1,0,1,anti_homophones
30171,xW3xing2,8,-4.949260494633956,2,4.949260494633956,1,0,7,anti_homophones
30172,shI3yu4,7,-5.018425472510756,2,5.018425472510756,1,1,8,anti_homophones
30173,cheng2zA1,9,-6.708838913017539,2,6.708838913017539,1,0,0,anti_homophones
30174,xL4hUng3,8,-7.241802737299353,2,7.241802737299353,1,0,0,anti_homophones
30175,meng4zi5,8,-6.091523759325583,2,6.091523759325583,1,0,4,anti_homophones
30176,hO3ren5,7,-7.212163003727426,2,7.212163003727426,1,0,1,anti_homophones
30177,qing3hang3,10,-6.874497276407419,2,6.874497276407419,1,0,2,anti_homophones
30178,zong1ling4,10,-6.588677811385915,2,6.588677811385915,1,0,0,anti_homophones
30179,jin1zhan3,9,-6.370942562905119,2,6.370942562905119,1,0,1,anti_homophones
30180,wE1bi3,6,-6.121662405281505,2,6.121662405281505,1,0,3,anti_homophones
30181,zu3nv3,6,-5.746086753026758,2,5.746086753026758,1,0,4,anti_homophones
30182,hu4ji2,6,-5.646093655126912,2,5.646093655126912,1,0,11,anti_homophones
30183,hO3yi4,6,-5.381285015569206,2,5.381285015569206,1,0,6,anti_homophones
30184,qing2hO3,8,-5.827589945619663,2,5.827589945619663,1,0,4,anti_homophones
30185,wu4qi1,6,-5.8249263264890425,2,5.8249263264890425,1,0,4,anti_homophones
30186,qUn3lu4,7,-6.5566375543460405,2,6.5566375543460405,1,0,1,anti_homophones
30187,lLn4nLn5,8,-8.803204820061692,2,8.803204820061692,1,0,0,anti_homophones
30188,jK4ren2,7,-5.181941141718467,2,5.181941141718467,1,0,3,anti_homophones
30189,pang4ya1,8,-7.296057858377323,2,7.296057858377323,1,0,0,anti_homophones
30190,xK4e4,5,-5.980952346974418,2,5.980952346974418,1,0,0,anti_homophones
30191,sun1ren2,8,-6.54603420714031,2,6.54603420714031,1,0,4,anti_homophones
30192,zhi4ji4,7,-5.306585045030697,2,5.306585045030697,1,0,10,anti_homophones
30193,shen1e2,7,-5.6574465433441326,2,5.6574465433441326,1,0,4,anti_homophones
30194,pen2zi5,7,-6.114720152357137,2,6.114720152357137,1,0,2,anti_homophones
30195,feng3lu4,8,-6.353271498513598,2,6.353271498513598,1,0,2,anti_homophones
30196,gUn3lu4,7,-5.475999889101545,2,5.475999889101545,1,1,4,anti_homophones
30197,fE4ye4,6,-5.970162178555207,2,5.970162178555207,1,1,3,anti_homophones
30198,chV2zhong4,10,-6.541935348305666,2,6.541935348305666,1,0,1,anti_homophones
30199,zO3wE4,6,-6.387080124274474,2,6.387080124274474,1,0,2,anti_homophones
30200,lLng2ge5,8,-7.856455846558398,2,7.856455846558398,1,0,0,anti_homophones
30201,nLn2zA1,7,-6.470238892644754,2,6.470238892644754,1,0,1,anti_homophones
30202,feng2zhi3,9,-5.954417634368737,2,5.954417634368737,1,0,2,anti_homophones
30203,shen3zong1,10,-7.706539290254249,2,7.706539290254249,1,0,0,anti_homophones
30204,cQ1zQ4,6,-6.46655723816375,2,6.46655723816375,1,0,1,anti_homophones
30205,sI2xLng3,8,-5.979744820806714,2,5.979744820806714,1,0,2,anti_homophones
30206,gQ1zQ5,6,-7.502138409223518,2,7.502138409223518,1,0,1,anti_homophones
30207,yQ1yan1,7,-6.301391236788351,2,6.301391236788351,1,0,3,anti_homophones
30208,zi4cun1,7,-6.141687781564093,2,6.141687781564093,1,0,0,anti_homophones
30209,ban3xLng1,9,-6.252131865755929,2,6.252131865755929,1,0,1,anti_homophones
30210,nQ3zi5,6,-5.091496366236958,2,5.091496366236958,1,1,8,anti_homophones
30211,qLn2gQ4,7,-6.827075978802229,2,6.827075978802229,1,0,1,anti_homophones
30212,fen1yi4,7,-5.482408417818624,2,5.482408417818624,1,0,7,anti_homophones
30213,qM4xLn3,7,-7.017616405420372,2,7.017616405420372,1,0,0,anti_homophones
30214,shan4hV4,8,-6.0460231516,2,6.0460231516,1,0,2,anti_homophones
30215,bA2cheng2,9,-6.08305257413744,2,6.08305257413744,1,0,1,anti_homophones
30216,chang1er3,9,-6.892221266224225,2,6.892221266224225,1,0,1,anti_homophones
30217,wE4shang2,9,-6.110316577341261,2,6.110316577341261,1,0,3,anti_homophones
30218,kO4fang4,8,-6.741542628539462,2,6.741542628539462,1,0,1,anti_homophones
30219,mang1xing2,10,-6.773025776495993,2,6.773025776495993,1,1,3,anti_homophones
30220,zi4lv4,6,-5.231056031362649,2,5.231056031362649,1,1,9,anti_homophones
30221,wA1lLng3,8,-6.810960387186148,2,6.810960387186148,1,0,0,anti_homophones
30222,la1shen2,8,-6.2398039853544,2,6.2398039853544,1,0,3,anti_homophones
30223,shi4dong4,9,-5.646119528230956,2,5.646119528230956,1,0,1,anti_homophones
30224,yu1jL5,6,-7.282546358237898,2,7.282546358237898,1,0,0,anti_homophones
30225,lQ3cA4,6,-5.830650837470241,2,5.830650837470241,1,0,3,anti_homophones
30226,kA1hI4,6,-5.080547908689031,2,5.080547908689031,1,0,4,anti_homophones
30227,chan3li4,8,-5.873132163675985,2,5.873132163675985,1,0,4,anti_homophones
30228,shen1jing4,10,-5.883406297157995,2,5.883406297157995,1,0,2,anti_homophones
30229,yUn4zhe3,8,-6.031560798474949,2,6.031560798474949,1,0,1,anti_homophones
30230,ping4qUn1,9,-6.977531246738799,2,6.977531246738799,1,0,1,anti_homophones
30231,jing3nK2,8,-6.605321821572519,2,6.605321821572519,1,0,1,anti_homophones
30232,shan4shi2,9,-5.48768559806684,2,5.48768559806684,1,1,6,anti_homophones
30233,gUng1pin3,9,-6.36158362261842,2,6.36158362261842,1,0,1,anti_homophones
30234,mu4V1,5,-5.273383334292013,2,5.273383334292013,1,0,0,anti_homophones
30235,pa2xM2,6,-6.6661147549878725,2,6.6661147549878725,1,0,1,anti_homophones
30236,ma2fE4,6,-5.542070512532005,2,5.542070512532005,1,0,2,anti_homophones
30237,ji1dLn3,7,-5.298982682657283,2,5.298982682657283,1,0,4,anti_homophones
30238,zhi4qing2,9,-6.10839140197056,2,6.10839140197056,1,0,2,anti_homophones
30239,cA3hO2,6,-6.037541583122238,2,6.037541583122238,1,0,1,anti_homophones
30240,gong2xW4,8,-5.747735046373837,2,5.747735046373837,1,0,2,anti_homophones
30241,feng4shI4,9,-6.618555512386152,2,6.618555512386152,1,0,1,anti_homophones
30242,cA2kan4,7,-6.401615644132084,2,6.401615644132084,1,0,0,anti_homophones
30243,zhang1tang4,11,-6.7540685517612005,2,6.7540685517612005,1,0,1,anti_homophones
30244,dang2pLn1,9,-6.939939457075262,2,6.939939457075262,1,0,3,anti_homophones
30245,gUn1he3,7,-7.403753750074666,2,7.403753750074666,1,0,1,anti_homophones
30246,xLn1xLn4,8,-5.814510978621458,2,5.814510978621458,1,0,4,anti_homophones
30247,Q4qu4,5,-6.163901380579456,2,6.163901380579456,1,0,3,anti_homophones
30248,deng1cA3,8,-6.727046251685509,2,6.727046251685509,1,0,0,anti_homophones
30249,hU2ji1,6,-5.100042853678233,2,5.100042853678233,1,0,7,anti_homophones
30250,qing3fu4,8,-6.130098005641056,2,6.130098005641056,1,0,1,anti_homophones
30251,man3zhi1,8,-5.973981480282333,2,5.973981480282333,1,1,1,anti_homophones
30252,cQ3jL1,6,-5.46992414719954,2,5.46992414719954,1,0,4,anti_homophones
30253,dun4bLn3,8,-8.09244045356762,2,8.09244045356762,1,0,0,anti_homophones
30254,lK2chUn4,8,-6.225806996005353,2,6.225806996005353,1,0,0,anti_homophones
30255,bQ1ge2,6,-5.824147918743737,2,5.824147918743737,1,0,3,anti_homophones
30256,ji4yV2,6,-5.512250169270308,2,5.512250169270308,1,0,10,anti_homophones
30257,xLng1fang2,10,-6.307753294303489,2,6.307753294303489,1,0,1,anti_homophones
30258,gong4cheng3,11,-6.820849918138092,2,6.820849918138092,1,0,1,anti_homophones
30259,dO1fu2,6,-5.813479360458288,2,5.813479360458288,1,0,0,anti_homophones
30260,wen3ji1,7,-6.23345989464678,2,6.23345989464678,1,0,1,anti_homophones
30261,qLn3bi3,7,-6.688085096942235,2,6.688085096942235,1,0,3,anti_homophones
30262,gA3ban4,7,-5.914347546857429,2,5.914347546857429,1,0,3,anti_homophones
30263,ban4zi5,7,-5.033290415097135,2,5.033290415097135,1,0,12,anti_homophones
30264,zO3yu2,6,-6.0791220251966,2,6.0791220251966,1,0,4,anti_homophones
30265,fan3dW4,7,-6.251519016911645,2,6.251519016911645,1,0,2,anti_homophones
30266,shang2kong4,11,-5.957604867391764,2,5.957604867391764,1,0,2,anti_homophones
30267,jM4xLng1,8,-5.832078295994644,2,5.832078295994644,1,1,0,anti_homophones
30268,ding3zhi4,9,-6.228148379285799,2,6.228148379285799,1,0,1,anti_homophones
30269,hO3chang4,9,-5.835700797225697,2,5.835700797225697,1,0,0,anti_homophones
30270,bing3zhang3,11,-6.761520641702385,2,6.761520641702385,1,0,0,anti_homophones
30271,tM3jK3,6,-5.93011273801566,2,5.93011273801566,1,0,0,anti_homophones
30272,deng2zhan4,10,-6.816732025146514,2,6.816732025146514,1,0,0,anti_homophones
30273,xing2gUng3,10,-6.777108566199006,2,6.777108566199006,1,0,0,anti_homophones
30274,chong1zhi3,10,-6.156058591232985,2,6.156058591232985,1,0,2,anti_homophones
30275,feng3yi4,8,-6.011179084174947,2,6.011179084174947,1,0,1,anti_homophones
30276,qu1zhUng2,9,-6.732120377352358,2,6.732120377352358,1,0,0,anti_homophones
30277,ding4zhO2,9,-7.251001883904308,2,7.251001883904308,1,0,2,anti_homophones
30278,xing2ban4,9,-5.89262722786129,2,5.89262722786129,1,0,1,anti_homophones
30279,lLn3fang1,9,-7.040206535656772,2,7.040206535656772,1,0,0,anti_homophones
30280,dan3wu4,7,-6.4698590669677545,2,6.4698590669677545,1,0,2,anti_homophones
30281,zhi4qi1,7,-5.700641518188028,2,5.700641518188028,1,0,2,anti_homophones
30282,fu4zhu1,7,-5.731032912028553,2,5.731032912028553,1,1,2,anti_homophones
30283,yi2zQ4,6,-5.752812726353644,2,5.752812726353644,1,0,3,anti_homophones
30284,kan4gO3,7,-6.996705542856109,2,6.996705542856109,1,0,0,anti_homophones
30285,yQ2fang1,8,-6.581381531195668,2,6.581381531195668,1,0,0,anti_homophones
30286,sheng3pLn4,10,-6.714301584739926,2,6.714301584739926,1,0,1,anti_homophones
30287,tu3zhu2,7,-6.7372834340563745,2,6.7372834340563745,1,0,1,anti_homophones
30288,zhUn2hU4,8,-5.542020899189358,2,5.542020899189358,1,0,0,anti_homophones
30289,ban4lv4,7,-5.968893274137591,2,5.968893274137591,1,0,4,anti_homophones
30290,cun2lK3,7,-7.604100058471962,2,7.604100058471962,1,0,1,anti_homophones
30291,chang1shen1,11,-6.567142427705673,2,6.567142427705673,1,0,3,anti_homophones
30292,qUn2jin4,8,-5.853981845634976,2,5.853981845634976,1,0,1,anti_homophones
30293,lK2xK1,6,-5.822888730255095,2,5.822888730255095,1,0,1,anti_homophones
30294,chUng1chV2,10,-6.454958490934269,2,6.454958490934269,1,0,0,anti_homophones
30295,xi4shO1,7,-6.3642967939785295,2,6.3642967939785295,1,0,2,anti_homophones
30296,men2xK1,7,-6.484728454741316,2,6.484728454741316,1,0,0,anti_homophones
30297,cheng1xW4,9,-6.003887661911084,2,6.003887661911084,1,0,3,anti_homophones
30298,yi1lan2,7,-5.555446096501749,2,5.555446096501749,1,0,6,anti_homophones
30299,cang1bi3,8,-6.8819613501896315,2,6.8819613501896315,1,0,2,anti_homophones
30300,wu1hu1,6,-5.2827037386244164,2,5.2827037386244164,1,1,2,anti_homophones
30301,xin4shen1,9,-6.404235835696583,2,6.404235835696583,1,0,0,anti_homophones
30302,sheng2chUng1,12,-6.334171528547546,2,6.334171528547546,1,0,1,anti_homophones
30303,ming2ren2,9,-5.264686933569048,2,5.264686933569048,1,0,6,anti_homophones
30304,dong4tO1,8,-6.919599968107787,2,6.919599968107787,1,0,0,anti_homophones
30305,chI2xLn4,8,-5.746911039694251,2,5.746911039694251,1,0,0,anti_homophones
30306,shi2zhang1,10,-6.035114674301184,2,6.035114674301184,1,0,2,anti_homophones
30307,zi4wu4,6,-5.049585388453675,2,5.049585388453675,1,0,19,anti_homophones
30308,zO4jLng3,8,-6.216947018461923,2,6.216947018461923,1,0,1,anti_homophones
30309,peng1pin3,9,-6.6234190622115845,2,6.6234190622115845,1,0,0,anti_homophones
30310,zO3tan1,7,-6.707459775187852,2,6.707459775187852,1,0,0,anti_homophones
30311,yan3tM1,7,-6.257872849880349,2,6.257872849880349,1,0,0,anti_homophones
30312,shu1jing2,9,-5.843526123626798,2,5.843526123626798,1,0,2,anti_homophones
30313,bQ3ju2,6,-6.237881641817673,2,6.237881641817673,1,0,2,anti_homophones
30314,gA3zi5,6,-4.766289147603545,2,4.766289147603545,1,0,7,anti_homophones
30315,kUng2li5,8,-7.2217191517966395,2,7.2217191517966395,1,0,1,anti_homophones
30316,xi1bi3,6,-5.869967198412945,2,5.869967198412945,1,0,5,anti_homophones
30317,zu3dong4,8,-5.932574307732018,2,5.932574307732018,1,0,2,anti_homophones
30318,hO3shu,6,-8.735171742407223,2,8.735171742407223,1,0,1,anti_homophones
30319,ge1lLng2,8,-6.722925820432798,2,6.722925820432798,1,0,0,anti_homophones
30320,lQ3bu4,6,-5.197119909962845,2,5.197119909962845,1,0,5,anti_homophones
30321,gQ1chen1,8,-5.968279727917861,2,5.968279727917861,1,0,1,anti_homophones
30322,kUng4A4,7,-6.57017121481099,2,6.57017121481099,1,0,1,anti_homophones
30323,she4shu4,8,-5.662719300077816,2,5.662719300077816,1,0,6,anti_homophones
30324,qi4ci2,6,-5.57611376974443,2,5.57611376974443,1,0,2,anti_homophones
30325,dLn4ying2,9,-6.249577471524087,2,6.249577471524087,1,0,2,anti_homophones
30326,xW3ran2,7,-5.492934150234575,2,5.492934150234575,1,0,6,anti_homophones
30327,han4chong4,10,-7.14136698989285,2,7.14136698989285,1,0,0,anti_homophones
30328,xK1xC4,6,-6.022041858964509,2,6.022041858964509,1,0,1,anti_homophones
30329,xL4shen2,8,-5.851662260787905,2,5.851662260787905,1,0,2,anti_homophones
30330,wE3shi4,7,-5.194807577623933,2,5.194807577623933,1,0,7,anti_homophones
30331,shV4hI4,7,-5.102205410649162,2,5.102205410649162,1,1,8,anti_homophones
30332,zong3sA4,8,-6.607491591458437,2,6.607491591458437,1,0,1,anti_homophones
30333,bu4qLn1,7,-5.505203159372925,2,5.505203159372925,1,0,0,anti_homophones
30334,kV3gO3,6,-6.608438561197966,2,6.608438561197966,1,0,1,anti_homophones
30335,li2tA4,6,-6.28800767122986,2,6.28800767122986,1,0,2,anti_homophones
30336,she4zhi4,8,-5.554226645787583,2,5.554226645787583,1,0,3,anti_homophones
30337,lO2se4,6,-4.986748318461618,2,4.986748318461618,1,0,6,anti_homophones
30338,hong3shang2,11,-7.0226097864563135,2,7.0226097864563135,1,0,0,anti_homophones
30339,ying1ding2,10,-6.476165543601757,2,6.476165543601757,1,0,2,anti_homophones
30340,dV1zhang2,9,-7.014274909195239,2,7.014274909195239,1,0,1,anti_homophones
30341,jing1zO4,8,-5.601465290166926,2,5.601465290166926,1,0,1,anti_homophones
30342,da3du2,6,-5.576140987120142,2,5.576140987120142,1,0,4,anti_homophones
30343,bi2A4,5,-5.11740605804351,2,5.11740605804351,1,1,3,anti_homophones
30344,za2yV2,6,-5.942788728973294,2,5.942788728973294,1,0,2,anti_homophones
30345,yi1zhUn2,8,-5.624429077972746,2,5.624429077972746,1,0,2,anti_homophones
30346,san1ling1,9,-6.4775187113084804,2,6.4775187113084804,1,0,0,anti_homophones
30347,fu1xing4,8,-6.8689638228537975,2,6.8689638228537975,1,0,0,anti_homophones
30348,xW4pA4,6,-5.929377135221898,2,5.929377135221898,1,0,4,anti_homophones
30349,wu2lLn4,7,-6.12697326219239,2,6.12697326219239,1,0,7,anti_homophones
30350,chQ2men2,8,-6.040472913579878,2,6.040472913579878,1,0,3,anti_homophones
30351,dong1dQ1,8,-6.310930376826882,2,6.310930376826882,1,0,0,anti_homophones
30352,wan3ke2,7,-6.639480365496233,2,6.639480365496233,1,0,1,anti_homophones
30353,pW4men2,7,-6.434787408245914,2,6.434787408245914,1,0,1,anti_homophones
30354,lE4tang1,8,-8.05532548905213,2,8.05532548905213,1,0,0,anti_homophones
30355,hO4hO4,6,-6.099859841147984,2,6.099859841147984,1,0,1,anti_homophones
30356,shang3du2,9,-6.4253675648120545,2,6.4253675648120545,1,0,0,anti_homophones
30357,zhi1ji1,7,-4.885359030549775,2,4.885359030549775,1,1,9,anti_homophones
30358,xM4he1,6,-6.46331319789132,2,6.46331319789132,1,0,0,anti_homophones
30359,ren4zi5,7,-5.152599622254702,2,5.152599622254702,1,0,7,anti_homophones
30360,zV3sO1,6,-5.684962531051593,2,5.684962531051593,1,0,1,anti_homophones
30361,jLng4se4,8,-6.501414440226875,2,6.501414440226875,1,0,1,anti_homophones
30362,xW4xing4,8,-5.913054226052989,2,5.913054226052989,1,0,4,anti_homophones
30363,fa1yan3,7,-5.2430384890375725,2,5.2430384890375725,1,0,5,anti_homophones
30364,mE4mi3,6,-7.47370197278704,2,7.47370197278704,1,0,2,anti_homophones
30365,tong1yi1,8,-5.804751367163025,2,5.804751367163025,1,0,3,anti_homophones
30366,shV3zheng1,10,-5.77258247765621,2,5.77258247765621,1,0,5,anti_homophones
30367,ri4min2,7,-6.540521724598668,2,6.540521724598668,1,0,3,anti_homophones
30368,zV3ma3,6,-5.595668031841047,2,5.595668031841047,1,0,2,anti_homophones
30369,sheng1sun3,10,-6.361835453698422,2,6.361835453698422,1,0,0,anti_homophones
30370,che1lLng1,9,-6.281827680012076,2,6.281827680012076,1,0,0,anti_homophones
30371,xYng2qun2,9,-6.693146344204469,2,6.693146344204469,1,0,0,anti_homophones
30372,ying4ming2,10,-6.337421954186181,2,6.337421954186181,1,0,2,anti_homophones
30373,tu3shi4,7,-5.649488086586893,2,5.649488086586893,1,0,6,anti_homophones
30374,yi1lE3,6,-5.490089396315428,2,5.490089396315428,1,1,3,anti_homophones
30375,gong3ling4,10,-6.650837329025516,2,6.650837329025516,1,0,1,anti_homophones
30376,di1deng2,8,-6.175368572753298,2,6.175368572753298,1,0,2,anti_homophones
30377,yin2bW3,7,-6.493987187939142,2,6.493987187939142,1,0,1,anti_homophones
30378,lM4qun2,7,-6.511257327555961,2,6.511257327555961,1,0,0,anti_homophones
30379,pW1dA4,6,-5.4551826350549675,2,5.4551826350549675,1,0,4,anti_homophones
30380,xLng1xLn4,9,-5.638438992688582,2,5.638438992688582,1,0,3,anti_homophones
30381,hA2lu4,6,-6.4160372912918175,2,6.4160372912918175,1,0,1,anti_homophones
30382,jM1dM2,6,-5.378904054084955,2,5.378904054084955,1,0,0,anti_homophones
30383,pin3bQ1,7,-6.618757623079666,2,6.618757623079666,1,0,0,anti_homophones
30384,yi4cA2,6,-5.976316803408486,2,5.976316803408486,1,0,1,anti_homophones
30385,kong3ling1,10,-7.274408447644108,2,7.274408447644108,1,0,0,anti_homophones
30386,wen3yC4,7,-6.6950165397661525,2,6.6950165397661525,1,0,2,anti_homophones
30387,yC4jM2,6,-5.617666930417444,2,5.617666930417444,1,0,4,anti_homophones
30388,lV4kong4,8,-6.202063066577944,2,6.202063066577944,1,0,1,anti_homophones
30389,shO1bQ3,7,-7.601269801378756,2,7.601269801378756,1,0,0,anti_homophones
30390,zi4men2,7,-5.395567185512714,2,5.395567185512714,1,0,1,anti_homophones
30391,tu4zhong1,9,-6.597733222606562,2,6.597733222606562,1,0,0,anti_homophones
30392,shang1shan3,11,-6.7598141220713925,2,6.7598141220713925,1,0,0,anti_homophones
30393,wa3fan4,7,-6.420824075528803,2,6.420824075528803,1,0,1,anti_homophones
30394,hang3zheng1,11,-6.590916655932241,2,6.590916655932241,1,0,0,anti_homophones
30395,lO4che1,7,-6.005601664569292,2,6.005601664569292,1,0,1,anti_homophones
30396,pin3dQ3,7,-6.117171086816524,2,6.117171086816524,1,0,1,anti_homophones
30397,xing3ju4,8,-6.196757971050812,2,6.196757971050812,1,0,2,anti_homophones
30398,sheng1yi1,9,-5.608271943768729,2,5.608271943768729,1,0,8,anti_homophones
30399,ran3xC2,7,-6.997969424488097,2,6.997969424488097,1,0,2,anti_homophones
30400,fen1sheng4,10,-5.830703161035438,2,5.830703161035438,1,0,0,anti_homophones
30401,tI1cQ3,6,-5.64227159816538,2,5.64227159816538,1,0,0,anti_homophones
30402,jL1kV3,6,-6.386887490215183,2,6.386887490215183,1,0,2,anti_homophones
30403,da4zhun2,8,-6.7989453491044936,2,6.7989453491044936,1,0,0,anti_homophones
30404,fu4qi1,6,-5.324689129709845,2,5.324689129709845,1,0,6,anti_homophones
30405,hun2dUn4,8,-6.663781349217238,2,6.663781349217238,1,0,1,anti_homophones
30406,gQ1gong4,8,-5.411558077297036,2,5.411558077297036,1,0,2,anti_homophones
30407,hI1dan4,7,-6.911117895206696,2,6.911117895206696,1,0,1,anti_homophones
30408,da4xLng2,8,-5.55682819635597,2,5.55682819635597,1,0,4,anti_homophones
30409,hUn1er2,7,-6.3700647054765875,2,6.3700647054765875,1,0,1,anti_homophones
30410,gong1qK2,8,-5.616026358186005,2,5.616026358186005,1,0,5,anti_homophones
30411,da4ke2,6,-5.8052032791251,2,5.8052032791251,1,0,8,anti_homophones
30412,yin3jLn4,8,-5.585749428463924,2,5.585749428463924,1,0,2,anti_homophones
30413,hong3tW2,8,-7.411122508974857,2,7.411122508974857,1,0,1,anti_homophones
30414,hO2wen3,7,-7.033076170932377,2,7.033076170932377,1,0,1,anti_homophones
30415,ba3wan2,7,-6.679726500874815,2,6.679726500874815,1,0,0,anti_homophones
30416,si1yUn2,7,-5.380030868795324,2,5.380030868795324,1,0,6,anti_homophones
30417,kong1shV3,9,-5.925735405234834,2,5.925735405234834,1,0,2,anti_homophones
30418,gang3bE1,8,-7.081755832608827,2,7.081755832608827,1,0,0,anti_homophones
30419,cA1jun4,7,-7.865785025405243,2,7.865785025405243,1,0,0,anti_homophones
30420,da3zheng4,9,-5.690305190895846,2,5.690305190895846,1,0,3,anti_homophones
30421,bM2gV3,6,-6.669161974521768,2,6.669161974521768,1,0,0,anti_homophones
30422,deng1tV2,8,-6.142785450272935,2,6.142785450272935,1,0,3,anti_homophones
30423,gUn1xun4,8,-6.140821886948517,2,6.140821886948517,1,0,0,anti_homophones
30424,hQ4ban4,7,-6.3528864556879885,2,6.3528864556879885,1,0,2,anti_homophones
30425,zhong2xLn2,10,-6.435461324412199,2,6.435461324412199,1,0,1,anti_homophones
30426,cun2ka3,7,-6.630954739016941,2,6.630954739016941,1,0,0,anti_homophones
30427,ran2yUn2,8,-5.842493029416855,2,5.842493029416855,1,0,3,anti_homophones
30428,yu3feng1,8,-6.632563642406143,2,6.632563642406143,1,0,2,anti_homophones
30429,tV4lE2,6,-6.546654565701184,2,6.546654565701184,1,0,2,anti_homophones
30430,mLn4zhu2,8,-6.573415485688496,2,6.573415485688496,1,0,1,anti_homophones
30431,shQ4pin4,8,-7.985447230203268,2,7.985447230203268,1,0,1,anti_homophones
30432,pu1ming4,8,-6.09052616569869,2,6.09052616569869,1,0,1,anti_homophones
30433,bE4bi4,6,-5.817054340604101,2,5.817054340604101,1,0,5,anti_homophones
30434,fang2pQ3,8,-6.607474908410867,2,6.607474908410867,1,0,1,anti_homophones
30435,qUn2nK2,7,-7.207970376877229,2,7.207970376877229,1,0,1,anti_homophones
30436,lun3zA1,7,-9.751651289531672,2,9.751651289531672,1,0,0,anti_homophones
30437,tLn1chen3,9,-6.596300977497291,2,6.596300977497291,1,0,0,anti_homophones
30438,qing2qin1,9,-6.37012897384349,2,6.37012897384349,1,0,1,anti_homophones
30439,chan2wan3,9,-7.176646118331348,2,7.176646118331348,1,0,0,anti_homophones
30440,tW2tLn1,7,-5.88496943598372,2,5.88496943598372,1,0,2,anti_homophones
30441,nE4fu3,6,-6.327984397732215,2,6.327984397732215,1,0,2,anti_homophones
30442,xLng3gA4,8,-6.501321918598687,2,6.501321918598687,1,0,2,anti_homophones
30443,qing2dW4,8,-6.043897619371156,2,6.043897619371156,1,0,3,anti_homophones
30444,chV1dQ4,7,-6.299063132977885,2,6.299063132977885,1,0,2,anti_homophones
30445,zhong3zheng4,12,-6.643655970483938,2,6.643655970483938,1,0,2,anti_homophones
30446,tI1xi4,6,-5.638974531511733,2,5.638974531511733,1,0,5,anti_homophones
30447,fa1dQ4,6,-5.288700717137495,2,5.288700717137495,1,0,5,anti_homophones
30448,wu3fang4,8,-6.044457392744505,2,6.044457392744505,1,0,1,anti_homophones
30449,tLn1dW4,7,-5.938062084931627,2,5.938062084931627,1,0,3,anti_homophones
30450,jing2mi2,8,-6.842604018269834,2,6.842604018269834,1,0,2,anti_homophones
30451,yu3ren4,7,-6.113184350687926,2,6.113184350687926,1,0,3,anti_homophones
30452,xing2xing4,10,-5.557111087995488,2,5.557111087995488,1,0,2,anti_homophones
30453,shen3yan4,9,-6.985248551904378,2,6.985248551904378,1,0,0,anti_homophones
30454,hong5ren2,9,-7.228443407424844,2,7.228443407424844,1,0,2,anti_homophones
30455,bing4xi2,8,-6.174599540895796,2,6.174599540895796,1,0,2,anti_homophones
30456,shan4ban4,9,-6.089084916825427,2,6.089084916825427,1,0,1,anti_homophones
30457,qi3bu4,6,-5.555997911431217,2,5.555997911431217,1,0,6,anti_homophones
30458,gQ1an4,6,-5.445644753759882,2,5.445644753759882,1,0,4,anti_homophones
30459,zhUn4lK2,8,-6.471528393072653,2,6.471528393072653,1,0,1,anti_homophones
30460,ji1qu1,6,-5.404848799081962,2,5.404848799081962,1,0,2,anti_homophones
30461,zhUng3lu4,9,-6.73293814019328,2,6.73293814019328,1,0,0,anti_homophones
30462,chUn1hU1,8,-6.536248285312391,2,6.536248285312391,1,0,0,anti_homophones
30463,ji1zhun2,8,-7.0278615770402615,2,7.0278615770402615,1,0,0,anti_homophones
30464,yu4er2,6,-5.456692620365264,2,5.456692620365264,1,0,5,anti_homophones
30465,xL4yun2,7,-5.933334608281917,2,5.933334608281917,1,0,0,anti_homophones
30466,gO2zhi4,7,-5.439814801423894,2,5.439814801423894,1,0,4,anti_homophones
30467,an4xi3,6,-6.508262878824081,2,6.508262878824081,1,0,2,anti_homophones
30468,tan2tong4,9,-6.340869741097842,2,6.340869741097842,1,0,2,anti_homophones
30469,mu4jW3,6,-5.974245492659456,2,5.974245492659456,1,0,2,anti_homophones
30470,jin4ran3,8,-5.930651707551052,2,5.930651707551052,1,0,0,anti_homophones
30471,bing4shi4,9,-5.4632084364870295,2,5.4632084364870295,1,0,4,anti_homophones
30472,wu2chi2,7,-5.880113640001866,2,5.880113640001866,1,0,3,anti_homophones
30473,san1hu2,7,-6.366124127898415,2,6.366124127898415,1,0,3,anti_homophones
30474,xW1zong2,8,-6.9411517871513295,2,6.9411517871513295,1,0,0,anti_homophones
30475,cO1zi5,6,-5.454336601546625,2,5.454336601546625,1,0,6,anti_homophones
30476,ru3yV2,6,-7.054266823198167,2,7.054266823198167,1,0,1,anti_homophones
30477,chI2yin1,8,-6.4785695275554325,2,6.4785695275554325,1,0,0,anti_homophones
30478,ju3shO1,7,-6.1852244194806705,2,6.1852244194806705,1,0,0,anti_homophones
30479,chun3bQ4,8,-6.801488837376119,2,6.801488837376119,1,0,1,anti_homophones
30480,qi2pin1,7,-6.719611637808984,2,6.719611637808984,1,0,1,anti_homophones
30481,chQ1po1,7,-6.566793778865776,2,6.566793778865776,1,0,0,anti_homophones
30482,chI1e2,6,-6.0847259615374165,2,6.0847259615374165,1,0,1,anti_homophones
30483,jK3se4,6,-5.24426527243604,2,5.24426527243604,1,0,3,anti_homophones
30484,dun1yC4,7,-6.653089043442766,2,6.653089043442766,1,0,2,anti_homophones
30485,bo1ling4,8,-5.457571582741634,2,5.457571582741634,1,0,1,anti_homophones
30486,chu4zi1,7,-6.795040777430955,2,6.795040777430955,1,0,3,anti_homophones
30487,hong1hong1,10,-6.5002199432029295,2,6.5002199432029295,1,0,2,anti_homophones
30488,du2lQ2,6,-6.001379267894918,2,6.001379267894918,1,0,2,anti_homophones
30489,zhong1ben3,10,-6.073086937563242,2,6.073086937563242,1,0,3,anti_homophones
30490,zhong1si5,9,-6.559680179913656,2,6.559680179913656,1,0,1,anti_homophones
30491,he2che3,7,-6.397456691471491,2,6.397456691471491,1,0,2,anti_homophones
30492,peng1zi5,8,-5.6867142924695795,2,5.6867142924695795,1,0,4,anti_homophones
30493,tan2yun4,8,-6.446286115097381,2,6.446286115097381,1,0,0,anti_homophones
30494,tan2ti3,7,-5.697393783438348,2,5.697393783438348,1,0,2,anti_homophones
30495,shV3kV3,7,-5.052582389929948,2,5.052582389929948,1,0,1,anti_homophones
30496,kUng4yang1,10,-7.313720144161718,2,7.313720144161718,1,0,0,anti_homophones
30497,ding2ling2,10,-6.810419157769596,2,6.810419157769596,1,0,2,anti_homophones
30498,da4er2,6,-5.138121227038209,2,5.138121227038209,1,0,2,anti_homophones
30499,yi1sheng3,9,-5.498361015743012,2,5.498361015743012,1,1,5,anti_homophones
30500,fan4zI4,7,-5.947122459652274,2,5.947122459652274,1,0,3,anti_homophones
30501,di4lu4,6,-5.257519889498229,2,5.257519889498229,1,0,9,anti_homophones
30502,zhang4zhi4,10,-5.863293506443469,2,5.863293506443469,1,0,1,anti_homophones
30503,jin3chQ1,8,-7.199018861029454,2,7.199018861029454,1,0,0,anti_homophones
30504,yV1xK4,6,-6.095183903485316,2,6.095183903485316,1,0,1,anti_homophones
30505,jW3ge2,6,-6.309069234231071,2,6.309069234231071,1,0,1,anti_homophones
30506,zhi2dQ4,7,-5.350037905753444,2,5.350037905753444,1,0,6,anti_homophones
30507,mW2tW2,6,-5.422019897977275,2,5.422019897977275,1,0,2,anti_homophones
30508,zheng2kong3,11,-6.492488151352964,2,6.492488151352964,1,0,1,anti_homophones
30509,qLn1zhe3,8,-5.612868390268921,2,5.612868390268921,1,0,2,anti_homophones
30510,rO4jL4,6,-5.961237099294708,2,5.961237099294708,1,0,0,anti_homophones
30511,dLn3yu2,7,-5.747198243022537,2,5.747198243022537,1,0,4,anti_homophones
30512,qing2kong2,10,-6.001261890313445,2,6.001261890313445,1,0,0,anti_homophones
30513,da4hV4,6,-4.9652463182960975,2,4.9652463182960975,1,0,10,anti_homophones
30514,nan2tW2,7,-6.439854370010216,2,6.439854370010216,1,0,0,anti_homophones
30515,bing4li3,8,-5.880567305361334,2,5.880567305361334,1,0,4,anti_homophones
30516,da4yun4,7,-5.338013742521534,2,5.338013742521534,1,0,5,anti_homophones
30517,qLn2kang1,9,-6.938745847248013,2,6.938745847248013,1,0,1,anti_homophones
30518,zhang4shi2,10,-5.843165540995351,2,5.843165540995351,1,0,2,anti_homophones
30519,shV3xLn2,8,-5.9747802316788166,2,5.9747802316788166,1,0,2,anti_homophones
30520,pi1kV3,6,-6.029580702978863,2,6.029580702978863,1,0,3,anti_homophones
30521,zhu1rU3,7,-9.053099309087715,2,9.053099309087715,1,0,0,anti_homophones
30522,jLng1dUn4,9,-6.796473253030953,2,6.796473253030953,1,0,0,anti_homophones
30523,zhUn4qK2,8,-6.144625784447392,2,6.144625784447392,1,0,1,anti_homophones
30524,ru4gA4,6,-6.4812538668100625,2,6.4812538668100625,1,0,4,anti_homophones
30525,gUng1ren2,9,-5.542887881888318,2,5.542887881888318,1,0,2,anti_homophones
30526,dO4tA2,6,-5.916709327760818,2,5.916709327760818,1,0,3,anti_homophones
30527,rong1mE4,8,-6.943800293795837,2,6.943800293795837,1,0,1,anti_homophones
30528,da4gong4,8,-4.996890909463859,2,4.996890909463859,1,1,6,anti_homophones
30529,che1dQ1,7,-5.915461784803872,2,5.915461784803872,1,0,2,anti_homophones
30530,mE3bi4,6,-7.686747535732901,2,7.686747535732901,1,0,3,anti_homophones
30531,ji3bE1,6,-6.442719061003579,2,6.442719061003579,1,0,0,anti_homophones
30532,feng1fang2,10,-6.178682668123277,2,6.178682668123277,1,0,4,anti_homophones
30533,chUn2deng1,10,-7.142722597388429,2,7.142722597388429,1,0,0,anti_homophones
30534,qLn3pA4,7,-6.512085463911463,2,6.512085463911463,1,0,1,anti_homophones
30535,yong2cO4,8,-7.06419504603121,2,7.06419504603121,1,0,0,anti_homophones
30536,zhi4zi3,7,-5.68381123498872,2,5.68381123498872,1,0,3,anti_homophones
30537,su4ren2,7,-5.422998092477223,2,5.422998092477223,1,0,6,anti_homophones
30538,fen1xLn3,8,-6.054438350255386,2,6.054438350255386,1,0,1,anti_homophones
30539,gQ1gU1,6,-5.861075206346597,2,5.861075206346597,1,0,3,anti_homophones
30540,jLng3hU4,8,-5.940823867322126,2,5.940823867322126,1,0,0,anti_homophones
30541,dLn3qLng1,9,-6.883027291666675,2,6.883027291666675,1,0,1,anti_homophones
30542,zha4zO3,7,-8.85845013423489,2,8.85845013423489,1,0,1,anti_homophones
30543,ru4shu4,7,-5.765628185768357,2,5.765628185768357,1,0,5,anti_homophones
30544,zhV2er5,7,-6.5532228747822465,2,6.5532228747822465,1,0,3,anti_homophones
30545,tan2shu4,8,-5.850575198432985,2,5.850575198432985,1,0,1,anti_homophones
30546,ge2lv4,6,-5.734640007964526,2,5.734640007964526,1,0,2,anti_homophones
30547,zheng2he2,9,-5.875085759100743,2,5.875085759100743,1,0,1,anti_homophones
30548,yong2shang2,11,-6.903416516697372,2,6.903416516697372,1,0,0,anti_homophones
30549,yi1ceng1,8,-6.00503892470276,2,6.00503892470276,1,0,2,anti_homophones
30550,san1bu4,7,-5.696999743273325,2,5.696999743273325,1,0,2,anti_homophones
30551,wu3tu2,6,-5.783208634506413,2,5.783208634506413,1,0,4,anti_homophones
30552,Q2bi3,5,-6.090685458192979,2,6.090685458192979,1,0,0,anti_homophones
30553,bQ4shi3,7,-5.918526101651431,2,5.918526101651431,1,0,2,anti_homophones
30554,lv3gUn1,7,-6.100166214258099,2,6.100166214258099,1,0,0,anti_homophones
30555,zi4shi2,7,-5.05846485234121,2,5.05846485234121,1,1,6,anti_homophones
30556,bu4ting1,8,-6.097738008458986,2,6.097738008458986,1,0,4,anti_homophones
30557,gan3ke4,7,-5.534961071448992,2,5.534961071448992,1,0,2,anti_homophones
30558,shi4tV5,7,-5.789350008379096,2,5.789350008379096,1,0,1,anti_homophones
30559,shi3yV4,7,-6.978964656336724,2,6.978964656336724,1,0,1,anti_homophones
30560,nLng4fang1,10,-7.69260118466515,2,7.69260118466515,1,0,0,anti_homophones
30561,jM2xing4,8,-5.767030448192331,2,5.767030448192331,1,0,6,anti_homophones
30562,gI3jM1,6,-6.7284897796161145,2,6.7284897796161145,1,0,1,anti_homophones
30563,rong1ren2,9,-5.819764384466182,2,5.819764384466182,1,0,3,anti_homophones
30564,zhi1ying1,9,-5.9094570689176065,2,5.9094570689176065,1,0,2,anti_homophones
30565,da3jLn4,7,-5.09443118632909,2,5.09443118632909,1,0,6,anti_homophones
30566,zA4hu5,6,-5.944948261106731,2,5.944948261106731,1,0,1,anti_homophones
30567,chang2jin3,10,-6.72472584971312,2,6.72472584971312,1,0,1,anti_homophones
30568,bo4he2,6,-5.368626178248565,2,5.368626178248565,1,0,1,anti_homophones
30569,yan4hI4,7,-5.837634950408969,2,5.837634950408969,1,0,6,anti_homophones
30570,yin2gu5,7,-7.048066230121876,2,7.048066230121876,1,0,0,anti_homophones
30571,mLn2shan3,9,-7.346182679773424,2,7.346182679773424,1,0,2,anti_homophones
30572,fan1yan4,8,-6.586243918244602,2,6.586243918244602,1,0,2,anti_homophones
30573,gan1gUn3,8,-5.879339196201347,2,5.879339196201347,1,0,3,anti_homophones
30574,zeng2zha2,9,-7.952806496476497,2,7.952806496476497,1,0,0,anti_homophones
30575,han4dI4,7,-6.475883547547651,2,6.475883547547651,1,0,2,anti_homophones
30576,dang3yC4,8,-6.482147145959722,2,6.482147145959722,1,0,2,anti_homophones
30577,tan4zi3,7,-5.977895397392598,2,5.977895397392598,1,0,3,anti_homophones
30578,ji4shI3,7,-5.307373759934319,2,5.307373759934319,1,0,7,anti_homophones
30579,wan3yQ4,7,-6.360196095188789,2,6.360196095188789,1,0,1,anti_homophones
30580,jLng4lin2,9,-6.700442059604367,2,6.700442059604367,1,0,0,anti_homophones
30581,di1nan2,7,-5.978837361452225,2,5.978837361452225,1,0,1,anti_homophones
30582,ding2we2,8,-8.562585804731665,2,8.562585804731665,1,0,0,anti_homophones
30583,ti3xC2,6,-5.297995833523346,2,5.297995833523346,1,0,2,anti_homophones
30584,wan2yi2,7,-6.347706348336434,2,6.347706348336434,1,0,1,anti_homophones
30585,zhu1gA4,7,-6.392639222462765,2,6.392639222462765,1,0,0,anti_homophones
30586,qLng2pQ4,8,-6.969902586179095,2,6.969902586179095,1,0,0,anti_homophones
30587,gA4sI4,6,-6.51745000253624,2,6.51745000253624,1,0,1,anti_homophones
30588,sO1zi3,6,-6.3948946260747395,2,6.3948946260747395,1,0,1,anti_homophones
30589,jing2xi4,8,-5.692541387025899,2,5.692541387025899,1,0,4,anti_homophones
30590,fang3xYng2,10,-6.4521702154237905,2,6.4521702154237905,1,0,0,anti_homophones
30591,shQ2zhi4,8,-6.976164352348268,2,6.976164352348268,1,0,2,anti_homophones
30592,xLng1gUn4,9,-6.20086641212894,2,6.20086641212894,1,0,2,anti_homophones
30593,bLn1zhu3,8,-5.925641017456806,2,5.925641017456806,1,0,3,anti_homophones
30594,ke4gong2,8,-6.6204564480720824,2,6.6204564480720824,1,0,1,anti_homophones
30595,bE4chu4,7,-6.65140275039097,2,6.65140275039097,1,0,0,anti_homophones
30596,he2ye1,6,-7.5631766720552385,2,7.5631766720552385,1,0,5,anti_homophones
30597,xLng4chen1,10,-6.52726402904072,2,6.52726402904072,1,0,2,anti_homophones
30598,yong4zhu4,9,-6.275792744867633,2,6.275792744867633,1,0,1,anti_homophones
30599,xK4hO3,6,-5.614281456195481,2,5.614281456195481,1,0,2,anti_homophones
30600,da2dQ4,6,-5.578489139805356,2,5.578489139805356,1,0,6,anti_homophones
30601,ping2dUn1,9,-7.214708217471316,2,7.214708217471316,1,0,0,anti_homophones
30602,dun1shV3,8,-6.880948891983232,2,6.880948891983232,1,0,0,anti_homophones
30603,yin1qi1,7,-5.655862943780272,2,5.655862943780272,1,0,6,anti_homophones
30604,ji2yan2,7,-5.78768335098426,2,5.78768335098426,1,0,1,anti_homophones
30605,jLng3dI4,8,-6.364603276476107,2,6.364603276476107,1,0,2,anti_homophones
30606,ge4zhi1,7,-5.482879152912012,2,5.482879152912012,1,0,6,anti_homophones
30607,da4yV2,6,-4.801460335794987,2,4.801460335794987,1,0,7,anti_homophones
30608,pA1qLng3,8,-6.952798838036237,2,6.952798838036237,1,0,0,anti_homophones
30609,gA4fan3,7,-6.867283414993712,2,6.867283414993712,1,0,0,anti_homophones
30610,bA4wu4,6,-5.928540480529496,2,5.928540480529496,1,0,5,anti_homophones
30611,pi2jLn3,7,-5.886137106143367,2,5.886137106143367,1,0,3,anti_homophones
30612,zhong1xLn3,10,-6.121407812269312,2,6.121407812269312,1,0,2,anti_homophones
30613,san4fen4,8,-6.788740954881154,2,6.788740954881154,1,0,1,anti_homophones
30614,zhen1fE1,8,-6.449208467936703,2,6.449208467936703,1,0,0,anti_homophones
30615,gQ1yan3,7,-5.175741093262585,2,5.175741093262585,1,0,2,anti_homophones
30616,da1lE3,6,-5.840770353862716,2,5.840770353862716,1,0,1,anti_homophones
30617,shI3dQ3,7,-5.357277498762434,2,5.357277498762434,1,0,2,anti_homophones
30618,lv3lan2,7,-5.836616062540637,2,5.836616062540637,1,0,0,anti_homophones
30619,qi3mLn2,7,-6.171340665397346,2,6.171340665397346,1,0,1,anti_homophones
30620,xi4zhi4,7,-5.70164611401015,2,5.70164611401015,1,0,7,anti_homophones
30621,shi1lA2,7,-5.812183615272575,2,5.812183615272575,1,0,4,anti_homophones
30622,yang2deng4,10,-6.600947520918362,2,6.600947520918362,1,0,1,anti_homophones
30623,fa1han4,7,-5.524524175773225,2,5.524524175773225,1,0,5,anti_homophones
30624,zhang1ben3,10,-6.6219266909457835,2,6.6219266909457835,1,0,1,anti_homophones
30625,ge2ju2,6,-5.842192921648161,2,5.842192921648161,1,0,0,anti_homophones
30626,lLng1A1,7,-7.790398290463047,2,7.790398290463047,1,0,0,anti_homophones
30627,dQ3mW5,6,-8.087135045418004,2,8.087135045418004,1,0,0,anti_homophones
30628,qi3ti3,6,-6.2099529656216745,2,6.2099529656216745,1,0,3,anti_homophones
30629,ke4pW4,6,-5.876545076294942,2,5.876545076294942,1,0,2,anti_homophones
30630,xi1hu4,6,-5.914197880550001,2,5.914197880550001,1,0,10,anti_homophones
30631,ma3yan2,7,-5.866580668415558,2,5.866580668415558,1,0,4,anti_homophones
30632,shang2yang3,11,-6.184566358775313,2,6.184566358775313,1,0,2,anti_homophones
30633,jLng4A4w,8,-9.835803742094948,2,9.835803742094948,1,0,0,anti_homophones
30634,xW3du2,6,-5.684953786397466,2,5.684953786397466,1,0,5,anti_homophones
30635,lLn4ma3,7,-6.3068980856038035,2,6.3068980856038035,1,0,2,anti_homophones
30636,tang1jLn4,9,-6.351664378024475,2,6.351664378024475,1,0,2,anti_homophones
30637,zi4sha1,7,-5.987479944809693,2,5.987479944809693,1,0,3,anti_homophones
30638,chu1ti3,7,-5.641846035141552,2,5.641846035141552,1,0,1,anti_homophones
30639,sha4qUn4,8,-7.5927588946335085,2,7.5927588946335085,1,0,0,anti_homophones
30640,lLng4bA4,8,-6.79649240606693,2,6.79649240606693,1,0,1,anti_homophones
30641,gan3kP4,7,-5.519531277275721,2,5.519531277275721,1,0,2,anti_homophones
30642,ban3rang1,9,-7.436732225502276,2,7.436732225502276,1,0,0,anti_homophones
30643,dA4mLn4,7,-5.8531874759989915,2,5.8531874759989915,1,0,3,anti_homophones
30644,A4gu4,5,-6.045004214343737,2,6.045004214343737,1,0,0,anti_homophones
30645,qLn1gun3,8,-6.8024780285724376,2,6.8024780285724376,1,0,0,anti_homophones
30646,jin4jM2,7,-5.62647562593927,2,5.62647562593927,1,1,2,anti_homophones
30647,yun4hI4,7,-5.536374859356711,2,5.536374859356711,1,0,6,anti_homophones
30648,zQ3sI3,6,-6.385194322936215,2,6.385194322936215,1,0,0,anti_homophones
30649,qin1jK3,7,-6.413294185359474,2,6.413294185359474,1,0,2,anti_homophones
30650,mA4ju2,6,-6.07842220145597,2,6.07842220145597,1,0,1,anti_homophones
30651,chV4lLng4,9,-6.74494954465282,2,6.74494954465282,1,0,0,anti_homophones
30652,zQ3ze2,6,-6.439245807131909,2,6.439245807131909,1,0,1,anti_homophones
30653,chang1qi1,9,-6.022823721256107,2,6.022823721256107,1,0,3,anti_homophones
30654,bLn4ju2,7,-5.739801752684427,2,5.739801752684427,1,0,4,anti_homophones
30655,A3zu3,5,-7.070222649001453,2,7.070222649001453,1,0,2,anti_homophones
30656,man3hI4,7,-5.982060013411974,2,5.982060013411974,1,0,3,anti_homophones
30657,tLn1qUn2,8,-5.326356331297619,2,5.326356331297619,1,0,3,anti_homophones
30658,kI1ji1,6,-5.637354744674369,2,5.637354744674369,1,0,3,anti_homophones
30659,chu4shu4,8,-5.82672181363189,2,5.82672181363189,1,0,5,anti_homophones
30660,sheng4shI3,10,-5.965722851686331,2,5.965722851686331,1,0,1,anti_homophones
30661,shP1tI3,7,-5.589033925741638,2,5.589033925741638,1,0,0,anti_homophones
30662,xing2zhV5,9,-7.655786402751555,2,7.655786402751555,1,0,0,anti_homophones
30663,lQ3tV1,6,-6.737966328666282,2,6.737966328666282,1,0,3,anti_homophones
30664,xLn4lO3,7,-7.24717690508806,2,7.24717690508806,1,0,1,anti_homophones
30665,yUn2cA2,7,-5.901284363345648,2,5.901284363345648,1,0,0,anti_homophones
30666,shI3wan4,8,-5.876128360770661,2,5.876128360770661,1,0,5,anti_homophones
30667,kong2lV2,8,-6.705596946974591,2,6.705596946974591,1,0,4,anti_homophones
30668,yan2lLng2,9,-6.309943706111841,2,6.309943706111841,1,0,1,anti_homophones
30669,yan4fen2,8,-7.344528890028689,2,7.344528890028689,1,0,1,anti_homophones
30670,shu1gI1,7,-6.0778003529978815,2,6.0778003529978815,1,0,1,anti_homophones
30671,lQ3hI4,6,-5.3545566248539345,2,5.3545566248539345,1,0,6,anti_homophones
30672,bLn1sO1,7,-6.557804689578957,2,6.557804689578957,1,0,0,anti_homophones
30673,hI2yi2,6,-5.712765258089995,2,5.712765258089995,1,0,4,anti_homophones
30674,dang2qu1,8,-6.183860308749009,2,6.183860308749009,1,0,1,anti_homophones
30675,san1jin4,8,-5.950383116457928,2,5.950383116457928,1,0,1,anti_homophones
30676,xi1lA2,6,-5.797055812898275,2,5.797055812898275,1,0,3,anti_homophones
30677,li4yV2,6,-5.800785471414231,2,5.800785471414231,1,0,5,anti_homophones
30678,hO4hQ1,6,-8.104356920005864,2,8.104356920005864,1,0,1,anti_homophones
30679,chu1qLng1,9,-6.576903916879002,2,6.576903916879002,1,0,0,anti_homophones
30680,qW3bang2,8,-7.2506107608701305,2,7.2506107608701305,1,0,0,anti_homophones
30681,gUn1xi4,7,-5.781643612179644,2,5.781643612179644,1,0,8,anti_homophones
30682,han3zhen2,9,-7.080438329066232,2,7.080438329066232,1,0,0,anti_homophones
30683,nW4pA2,6,-5.738777047648275,2,5.738777047648275,1,0,1,anti_homophones
30684,jLn1gQ1,7,-6.540607396523412,2,6.540607396523412,1,0,0,anti_homophones
30685,jW1zhen3,8,-6.445225949032382,2,6.445225949032382,1,0,2,anti_homophones
30686,qUn1che1,8,-6.33955022126785,2,6.33955022126785,1,0,1,anti_homophones
30687,lan3jL4,7,-6.06375989523737,2,6.06375989523737,1,0,1,anti_homophones
30688,cheng1lE3,9,-6.613345884266201,2,6.613345884266201,1,0,2,anti_homophones
30689,hU2fu5,6,-6.675906739038014,2,6.675906739038014,1,0,1,anti_homophones
30690,cong1xi2,8,-6.648028808068306,2,6.648028808068306,1,0,3,anti_homophones
30691,wE3lM4,6,-5.801159840189079,2,5.801159840189079,1,0,1,anti_homophones
30692,zhong3li3,9,-5.965535600552227,2,5.965535600552227,1,0,1,anti_homophones
30693,mA4ce4,6,-5.5465015339843164,2,5.5465015339843164,1,0,4,anti_homophones
30694,fan2dUn1,8,-6.956886476117654,2,6.956886476117654,1,0,0,anti_homophones
30695,zhUng1shi4,10,-5.395135492546496,2,5.395135492546496,1,0,4,anti_homophones
30696,fen1zhi3,8,-5.6884305492591745,2,5.6884305492591745,1,0,4,anti_homophones
30697,pW5lLng1,8,-6.874870597436898,2,6.874870597436898,1,0,0,anti_homophones
30698,tI1tI4,6,-6.197820916196881,2,6.197820916196881,1,0,2,anti_homophones
30699,nong1hI3,8,-6.851202035160044,2,6.851202035160044,1,0,1,anti_homophones
30700,qLn3pLn1,8,-6.794522422963263,2,6.794522422963263,1,0,1,anti_homophones
30701,jun1jin4,8,-5.858476659464539,2,5.858476659464539,1,0,0,anti_homophones
30702,chUn4rang1,10,-8.12892954530783,2,8.12892954530783,1,0,0,anti_homophones
30703,zhong2mLn4,10,-5.824359018498928,2,5.824359018498928,1,0,3,anti_homophones
30704,hang2cong2,10,-7.599149472112337,2,7.599149472112337,1,0,0,anti_homophones
30705,zhu2ci2,7,-6.005098966412617,2,6.005098966412617,1,0,1,anti_homophones
30706,fen1bu4,7,-5.449493832243646,2,5.449493832243646,1,0,2,anti_homophones
30707,e4gUng2,7,-5.923504356408756,2,5.923504356408756,1,0,2,anti_homophones
30708,xC1ji1,6,-5.788614292289447,2,5.788614292289447,1,0,1,anti_homophones
30709,er4ban4,7,-5.727546196847949,2,5.727546196847949,1,0,0,anti_homophones
30710,lan3ma3,7,-6.634709333657595,2,6.634709333657595,1,0,0,anti_homophones
30711,ling4pA4,8,-6.040168876867905,2,6.040168876867905,1,0,1,anti_homophones
30712,che1lV2,7,-5.659286211564671,2,5.659286211564671,1,0,1,anti_homophones
30713,jM3nLn2,7,-6.69701655002971,2,6.69701655002971,1,0,2,anti_homophones
30714,jL1zhi3,7,-5.610602589356762,2,5.610602589356762,1,0,4,anti_homophones
30715,tang4qing2,10,-6.80940699901567,2,6.80940699901567,1,0,0,anti_homophones
30716,shu4zhi2,8,-5.6969868107158845,2,5.6969868107158845,1,0,5,anti_homophones
30717,shI3zi5,7,-4.63130824424512,2,4.63130824424512,1,1,3,anti_homophones
30718,dUn1kI1,7,-7.595864570406525,2,7.595864570406525,1,0,0,anti_homophones
30719,shV4chang4,10,-6.045300521868284,2,6.045300521868284,1,0,0,anti_homophones
30720,chang1dLn4,10,-6.040322839248009,2,6.040322839248009,1,0,1,anti_homophones
30721,re4xL4,6,-5.718293094026066,2,5.718293094026066,1,0,5,anti_homophones
30722,cheng2men2,10,-6.012660310195676,2,6.012660310195676,1,0,1,anti_homophones
30723,dong1zhi2,9,-6.05917213386709,2,6.05917213386709,1,0,2,anti_homophones
30724,nK2xing3,8,-6.688010440208337,2,6.688010440208337,1,0,2,anti_homophones
30725,gong4jL1,8,-5.71386399425829,2,5.71386399425829,1,0,4,anti_homophones
30726,wen2fen3,8,-6.5434073030064415,2,6.5434073030064415,1,0,1,anti_homophones
30727,cheng1sheng4,12,-6.103649051349561,2,6.103649051349561,1,0,3,anti_homophones
30728,xL1zhi4,7,-6.213624841285816,2,6.213624841285816,1,0,2,anti_homophones
30729,qi3dW4,6,-5.740294582570065,2,5.740294582570065,1,0,3,anti_homophones
30730,xu4ding4,8,-6.579049973621552,2,6.579049973621552,1,0,3,anti_homophones
30731,hO2ru2,6,-7.916025456187741,2,7.916025456187741,1,0,0,anti_homophones
30732,yC4sheng2,9,-6.098326474899674,2,6.098326474899674,1,0,1,anti_homophones
30733,cA2sheng2,9,-6.09706745908322,2,6.09706745908322,1,0,0,anti_homophones
30734,gan1sA4,7,-6.023959304811047,2,6.023959304811047,1,0,0,anti_homophones
30735,shen4yV3,8,-6.227202929623796,2,6.227202929623796,1,0,2,anti_homophones
30736,xu4sO3,6,-6.021219161696976,2,6.021219161696976,1,0,3,anti_homophones
30737,zI4chu1,7,-6.6392417610052785,2,6.6392417610052785,1,0,0,anti_homophones
30738,du2yi3,6,-5.6877733583570755,2,5.6877733583570755,1,0,4,anti_homophones
30739,xL1zhi1,7,-6.408001000547994,2,6.408001000547994,1,0,2,anti_homophones
30740,zhi2hun1,8,-6.526243903824203,2,6.526243903824203,1,0,3,anti_homophones
30741,cA3xing3,8,-6.835050062062466,2,6.835050062062466,1,0,1,anti_homophones
30742,gong2rV2,8,-7.948446968699748,2,7.948446968699748,1,0,0,anti_homophones
30743,pu4bi4,6,-7.01449111974571,2,7.01449111974571,1,0,0,anti_homophones
30744,di4an4,6,-5.576162063155625,2,5.576162063155625,1,0,2,anti_homophones
30745,nW3sha1,7,-7.037821805230864,2,7.037821805230864,1,0,0,anti_homophones
30746,wu2zhong4,9,-5.7238241216478745,2,5.7238241216478745,1,0,1,anti_homophones
30747,zhen1qLn1,9,-6.108759237509052,2,6.108759237509052,1,0,2,anti_homophones
30748,jL3jin4,7,-6.259542429312817,2,6.259542429312817,1,0,2,anti_homophones
30749,yi1yun2,7,-5.921460415879506,2,5.921460415879506,1,0,5,anti_homophones
30750,wa1jLn4,7,-6.234361201568056,2,6.234361201568056,1,0,2,anti_homophones
30751,ke1yC4,6,-6.513299975335674,2,6.513299975335674,1,0,2,anti_homophones
30752,wen2yC4,7,-5.988598177300471,2,5.988598177300471,1,0,2,anti_homophones
30753,cA2ta3,6,-7.022252811098645,2,7.022252811098645,1,0,2,anti_homophones
30754,lK2he2,6,-5.378642103383028,2,5.378642103383028,1,0,0,anti_homophones
30755,tun2ji4,7,-6.707323844741103,2,6.707323844741103,1,0,0,anti_homophones
30756,bQ4zhUng4,9,-6.262026871446841,2,6.262026871446841,1,0,1,anti_homophones
30757,mo2zhi1,7,-6.2951385325216,2,6.2951385325216,1,0,2,anti_homophones
30758,yV4che4,7,-7.087999494656734,2,7.087999494656734,1,0,2,anti_homophones
30759,chi2ju4,7,-6.240394818401083,2,6.240394818401083,1,0,2,anti_homophones
30760,han3xi4,7,-6.683375012893179,2,6.683375012893179,1,0,1,anti_homophones
30761,sheng2qi1,9,-5.8048462559216505,2,5.8048462559216505,1,0,5,anti_homophones
30762,yQ1ban4,7,-6.0024830035750805,2,6.0024830035750805,1,0,1,anti_homophones
30763,zhang4er5,9,-6.62459889271586,2,6.62459889271586,1,0,0,anti_homophones
30764,qi3xi4,6,-6.25993217049919,2,6.25993217049919,1,0,6,anti_homophones
30765,hong3ping1,10,-7.705209519756608,2,7.705209519756608,1,0,0,anti_homophones
30766,wang4chUn3,10,-7.238137372516595,2,7.238137372516595,1,0,0,anti_homophones
30767,zQ1neng4,8,-6.796611959539645,2,6.796611959539645,1,0,0,anti_homophones
30768,tan4ju2,7,-6.128752656475783,2,6.128752656475783,1,0,8,anti_homophones
30769,ke1pen1,7,-6.165487059621953,2,6.165487059621953,1,0,1,anti_homophones
30770,jM1jin4,7,-5.63815911941341,2,5.63815911941341,1,0,5,anti_homophones
30771,cong3yi4,8,-6.516744185372828,2,6.516744185372828,1,0,3,anti_homophones
30772,zO4xL4,6,-5.690157902875823,2,5.690157902875823,1,0,0,anti_homophones
30773,ka3ti2,6,-6.129036000275427,2,6.129036000275427,1,0,1,anti_homophones
30774,gu1cha4,7,-7.539503039972375,2,7.539503039972375,1,0,2,anti_homophones
30775,qin1fu2,7,-6.028040703446953,2,6.028040703446953,1,0,3,anti_homophones
30776,tM3gI1,6,-6.0401474833084094,2,6.0401474833084094,1,0,1,anti_homophones
30777,na4xM3,6,-7.0955147988702345,2,7.0955147988702345,1,0,0,anti_homophones
30778,xM3ta3,6,-7.325135326770391,2,7.325135326770391,1,0,1,anti_homophones
30779,xLn3dA4,7,-6.038517766357358,2,6.038517766357358,1,0,3,anti_homophones
30780,chong1zhi2,10,-6.187676582956458,2,6.187676582956458,1,0,2,anti_homophones
30781,min2chUng1,10,-6.807662444710348,2,6.807662444710348,1,0,1,anti_homophones
30782,shan1kUng4,10,-7.197883091805103,2,7.197883091805103,1,0,0,anti_homophones
30783,chu1gUng1,9,-6.106545935575925,2,6.106545935575925,1,0,0,anti_homophones
30784,bW3mQ1,6,-7.508179116276702,2,7.508179116276702,1,0,0,anti_homophones
30785,gang1yu3,8,-6.524056651382854,2,6.524056651382854,1,0,0,anti_homophones
30786,hUng1yu3,8,-5.870009488635023,2,5.870009488635023,1,0,1,anti_homophones
30787,tu1ran2,7,-5.2765952798425815,2,5.2765952798425815,1,0,4,anti_homophones
30788,yi1tang1,8,-5.84900789117311,2,5.84900789117311,1,0,0,anti_homophones
30789,sO1sheng1,9,-6.233987799633191,2,6.233987799633191,1,0,1,anti_homophones
30790,zhang2cheng2,12,-6.521228913993874,2,6.521228913993874,1,0,1,anti_homophones
30791,shI3ji1,7,-4.982014918681065,2,4.982014918681065,1,1,6,anti_homophones
30792,he2yu3,6,-6.233812637492445,2,6.233812637492445,1,0,6,anti_homophones
30793,qing2bW3,8,-5.8087063056138035,2,5.8087063056138035,1,0,2,anti_homophones
30794,jing2dQ1,8,-6.200167638383035,2,6.200167638383035,1,0,1,anti_homophones
30795,wan2an1,7,-6.836490498868792,2,6.836490498868792,1,0,0,anti_homophones
30796,jin1shi4,8,-5.069705250124754,2,5.069705250124754,1,0,5,anti_homophones
30797,xL4ri4,6,-5.047575847721205,2,5.047575847721205,1,0,4,anti_homophones
30798,leng2shV3,9,-6.366297384977423,2,6.366297384977423,1,0,1,anti_homophones
30799,dQ3xLn4,7,-5.590593791128018,2,5.590593791128018,1,0,4,anti_homophones
30800,run4jLng1,9,-7.452293347524206,2,7.452293347524206,1,0,1,anti_homophones
30801,zi4lW4,6,-5.161314169570328,2,5.161314169570328,1,0,8,anti_homophones
30802,dQ3qLn1,7,-6.765630436696004,2,6.765630436696004,1,0,2,anti_homophones
30803,gI3hA2,6,-6.330451709276445,2,6.330451709276445,1,0,2,anti_homophones
30804,tLn1di4,7,-5.315334022460828,2,5.315334022460828,1,0,8,anti_homophones
30805,tan2tI4,7,-7.549249244237338,2,7.549249244237338,1,0,0,anti_homophones
30806,shV3wen2,8,-5.229161457313016,2,5.229161457313016,1,0,1,anti_homophones
30807,qK2mQ4,6,-6.245453116356745,2,6.245453116356745,1,0,2,anti_homophones
30808,xing1yi4,8,-5.459441731049272,2,5.459441731049272,1,0,8,anti_homophones
30809,jW1qUn2,7,-5.786014589485072,2,5.786014589485072,1,0,2,anti_homophones
30810,qi1xLn3,7,-6.316704000435855,2,6.316704000435855,1,0,1,anti_homophones
30811,gUn1lLn3,8,-6.5839813696250244,2,6.5839813696250244,1,0,1,anti_homophones
30812,gan4jun1,8,-6.589716178942048,2,6.589716178942048,1,0,3,anti_homophones
30813,zha4xM2,7,-7.141935768474918,2,7.141935768474918,1,0,0,anti_homophones
30814,zhi3ci1,7,-7.325524119314941,2,7.325524119314941,1,0,1,anti_homophones
30815,cu4e2,5,-5.601052700631712,2,5.601052700631712,1,0,4,anti_homophones
30816,fang3lLn4,9,-6.537050840475728,2,6.537050840475728,1,0,0,anti_homophones
30817,wu3jing2,8,-5.612150012199783,2,5.612150012199783,1,0,5,anti_homophones
30818,tu2mW4,6,-6.593248644835595,2,6.593248644835595,1,0,1,anti_homophones
30819,gong4jM4,8,-5.916565636613403,2,5.916565636613403,1,0,3,anti_homophones
30820,wu3ling2,8,-6.158008668350569,2,6.158008668350569,1,0,4,anti_homophones
30821,yQ3du4,6,-6.719086969221554,2,6.719086969221554,1,0,5,anti_homophones
30822,chi3jLn3,8,-6.564240136354959,2,6.564240136354959,1,0,0,anti_homophones
30823,xYng2li4,8,-5.752903678629553,2,5.752903678629553,1,0,3,anti_homophones
30824,gan3qLn2,8,-6.212917849921139,2,6.212917849921139,1,0,0,anti_homophones
30825,rong2zu3,8,-7.054686436322679,2,7.054686436322679,1,0,2,anti_homophones
30826,tI1xing4,8,-5.358610760167895,2,5.358610760167895,1,0,2,anti_homophones
30827,bA3ping2,8,-6.138930670221288,2,6.138930670221288,1,0,1,anti_homophones
30828,hu4chu2,7,-6.56650570902479,2,6.56650570902479,1,0,1,anti_homophones
30829,qK1ye4,6,-5.457072240049972,2,5.457072240049972,1,0,4,anti_homophones
30830,e2wE2,5,-6.56184550337622,2,6.56184550337622,1,0,0,anti_homophones
30831,lan4fa3,7,-6.572019788379539,2,6.572019788379539,1,0,4,anti_homophones
30832,di1kA1,6,-6.370303315632454,2,6.370303315632454,1,0,2,anti_homophones
30833,sI4qUn3,7,-7.461519184233035,2,7.461519184233035,1,0,1,anti_homophones
30834,dO3ku4,6,-5.872950193373458,2,5.872950193373458,1,0,1,anti_homophones
30835,yi4qUn2,7,-5.497341025373978,2,5.497341025373978,1,0,5,anti_homophones
30836,gong1jC2,8,-5.8953321020195775,2,5.8953321020195775,1,0,3,anti_homophones
30837,bQ3dang2,8,-6.109127871794175,2,6.109127871794175,1,0,3,anti_homophones
30838,pin3jM3,7,-6.131090723977219,2,6.131090723977219,1,0,0,anti_homophones
30839,qK1fen1,7,-6.02002832007827,2,6.02002832007827,1,0,0,anti_homophones
30840,hA2ming2,8,-6.801793544613584,2,6.801793544613584,1,0,1,anti_homophones
30841,yin1lLng4,9,-5.880204016067698,2,5.880204016067698,1,0,1,anti_homophones
30842,zhu3ci2,7,-5.988509495840375,2,5.988509495840375,1,0,1,anti_homophones
30843,hV4rO4,6,-5.825616386385175,2,5.825616386385175,1,0,1,anti_homophones
30844,jC2jL1,6,-5.1692996251732355,2,5.1692996251732355,1,0,3,anti_homophones
30845,jLn4A2,6,-5.838164879756073,2,5.838164879756073,1,0,3,anti_homophones
30846,shan4mang2,10,-7.075006002322808,2,7.075006002322808,1,0,0,anti_homophones
30847,hUng1zO4,8,-5.703411594327809,2,5.703411594327809,1,0,0,anti_homophones
30848,di3shi2,7,-6.143833582196771,2,6.143833582196771,1,0,6,anti_homophones
30849,fan4zhi4,8,-5.568042116620746,2,5.568042116620746,1,0,4,anti_homophones
30850,qu3che1,7,-5.952258264177465,2,5.952258264177465,1,0,3,anti_homophones
30851,zhi3zhe5,8,-6.384208040265837,2,6.384208040265837,1,0,0,anti_homophones
30852,yV3rV4,6,-5.760828124730774,2,5.760828124730774,1,0,5,anti_homophones
30853,cha2di4,7,-6.043069405442206,2,6.043069405442206,1,0,7,anti_homophones
30854,zhV1lM4,7,-5.663685704110884,2,5.663685704110884,1,0,2,anti_homophones
30855,xun4ji1,7,-5.719290378069744,2,5.719290378069744,1,0,5,anti_homophones
30856,dUn1zi3,7,-6.236216960185549,2,6.236216960185549,1,0,1,anti_homophones
30857,ke4dA4,6,-5.8413719955100785,2,5.8413719955100785,1,0,2,anti_homophones
30858,hu3yi4,6,-5.057727090851098,2,5.057727090851098,1,0,17,anti_homophones
30859,bi3nQ2,6,-7.272685650964381,2,7.272685650964381,1,0,1,anti_homophones
30860,wu2jYng2,8,-8.349851430339312,2,8.349851430339312,1,0,1,anti_homophones
30861,li2zhan3,8,-6.553852034397411,2,6.553852034397411,1,0,0,anti_homophones
30862,jL4ma4,6,-6.12183310526804,2,6.12183310526804,1,0,0,anti_homophones
30863,yong1se4,8,-5.937464826353807,2,5.937464826353807,1,0,1,anti_homophones
30864,yV3man3,7,-6.05345886090914,2,6.05345886090914,1,0,3,anti_homophones
30865,zi1wan4,7,-6.482072706968124,2,6.482072706968124,1,0,1,anti_homophones
30866,xLng4yang2,10,-6.258238171412919,2,6.258238171412919,1,0,1,anti_homophones
30867,zhi4dLn3,8,-5.7186177501689786,2,5.7186177501689786,1,0,2,anti_homophones
30868,fu2wE4,6,-5.026071933174769,2,5.026071933174769,1,0,4,anti_homophones
30869,chu4hV3,7,-7.98403412805727,2,7.98403412805727,1,0,0,anti_homophones
30870,han1zong2,9,-7.992446580703919,2,7.992446580703919,1,1,0,anti_homophones
30871,bi2tUn2,7,-5.741015533184364,2,5.741015533184364,1,0,1,anti_homophones
30872,dA4lA2,6,-5.327118280300631,2,5.327118280300631,1,0,5,anti_homophones
30873,wE1wu1,6,-6.108203825659321,2,6.108203825659321,1,0,0,anti_homophones
30874,wu3b1tong4,10,-11.04951168343284,2,11.04951168343284,1,0,0,anti_homophones
30875,wen4pu4,7,-7.439195743147088,2,7.439195743147088,1,0,0,anti_homophones
30876,jing4hU4,8,-5.195268569629979,2,5.195268569629979,1,0,5,anti_homophones
30877,si1bu4,6,-5.5135027741348015,2,5.5135027741348015,1,0,6,anti_homophones
30878,nLn2zheng4,10,-6.175906276760089,2,6.175906276760089,1,0,0,anti_homophones
30879,hu1tV2,6,-5.771734622356749,2,5.771734622356749,1,0,4,anti_homophones
30880,wang2jL1,8,-5.708297906861525,2,5.708297906861525,1,0,3,anti_homophones
30881,dI4fE4,6,-5.557238035568469,2,5.557238035568469,1,0,5,anti_homophones
30882,ti2qi1,6,-5.330432539284598,2,5.330432539284598,1,0,3,anti_homophones
30883,qUn2hI4,7,-5.5510760518603295,2,5.5510760518603295,1,0,2,anti_homophones
30884,bA2cA2,6,-5.3544625705941575,2,5.3544625705941575,1,0,2,anti_homophones
30885,da4shi5,7,-5.714148418643219,2,5.714148418643219,1,0,5,anti_homophones
30886,kong1ju4,8,-6.050425252177659,2,6.050425252177659,1,0,1,anti_homophones
30887,gO4bE4,6,-7.35300135898193,2,7.35300135898193,1,0,0,anti_homophones
30888,mA3mo4,6,-6.3166808780291825,2,6.3166808780291825,1,0,0,anti_homophones
30889,zhong4dO4,9,-7.625123289956688,2,7.625123289956688,1,0,2,anti_homophones
30890,ba2dM2,6,-6.179757863443565,2,6.179757863443565,1,0,0,anti_homophones
30891,ci2ming2,8,-6.273780744350792,2,6.273780744350792,1,1,1,anti_homophones
30892,zhang1su4,9,-6.079038909883986,2,6.079038909883986,1,0,1,anti_homophones
30893,ting4kP4,8,-6.72831911229332,2,6.72831911229332,1,0,3,anti_homophones
30894,tong1mu3,8,-6.380011803985756,2,6.380011803985756,1,0,2,anti_homophones
30895,qLng1xing4,10,-6.049088605201385,2,6.049088605201385,1,0,2,anti_homophones
30896,heng1yu2,8,-6.242831489312093,2,6.242831489312093,1,0,1,anti_homophones
30897,zheng1man3,10,-6.3502533068424745,2,6.3502533068424745,1,0,0,anti_homophones
30898,bo3zi5,6,-5.413664316009643,2,5.413664316009643,1,0,6,anti_homophones
30899,jC2yUn4,7,-5.333768018334602,2,5.333768018334602,1,0,1,anti_homophones
30900,bQ3xi1,6,-5.654984235092155,2,5.654984235092155,1,0,9,anti_homophones
30901,ban4gU1,7,-6.759848514708068,2,6.759848514708068,1,0,1,anti_homophones
30902,xin1ling4,9,-5.797719075278678,2,5.797719075278678,1,0,3,anti_homophones
30903,shan3gU1,8,-6.548381342722006,2,6.548381342722006,1,0,1,anti_homophones
30904,bi3tW2,6,-5.837794048628792,2,5.837794048628792,1,0,1,anti_homophones
30905,kang4pW4,8,-7.5466929979795445,2,7.5466929979795445,1,0,0,anti_homophones
30906,zhong4shU1,10,-7.287719803243676,2,7.287719803243676,1,0,0,anti_homophones
30907,zhu3wu4,7,-5.8330738922406296,2,5.8330738922406296,1,0,0,anti_homophones
30908,wu2wE4,6,-5.035979830210378,2,5.035979830210378,1,0,3,anti_homophones
30909,si3qLn3,7,-6.383708807807493,2,6.383708807807493,1,0,2,anti_homophones
30910,gang1li4,8,-6.243188677198491,2,6.243188677198491,1,0,4,anti_homophones
30911,tO4pin3,7,-5.745359481864147,2,5.745359481864147,1,0,2,anti_homophones
30912,chu3zhu3,8,-6.407834492848448,2,6.407834492848448,1,0,2,anti_homophones
30913,pQ3qu4,6,-6.758401999956173,2,6.758401999956173,1,0,0,anti_homophones
30914,qM1po4,6,-5.635026605498797,2,5.635026605498797,1,0,1,anti_homophones
30915,cA2pang3,8,-6.387500179111197,2,6.387500179111197,1,0,0,anti_homophones
30916,jL1cheng3,9,-6.3850172732303925,2,6.3850172732303925,1,0,2,anti_homophones
30917,xu1shV3,7,-5.848521812162662,2,5.848521812162662,1,0,2,anti_homophones
30918,cA3di3,6,-6.450376823152471,2,6.450376823152471,1,0,0,anti_homophones
30919,ju4chUn4,8,-6.538655481970128,2,6.538655481970128,1,0,1,anti_homophones
30920,kP4cA5,6,-6.87712601188822,2,6.87712601188822,1,0,1,anti_homophones
30921,hE1shan2,8,-6.659981407523265,2,6.659981407523265,1,0,0,anti_homophones
30922,wu4hU4,6,-5.534175741659576,2,5.534175741659576,1,0,9,anti_homophones
30923,jW1hI1,6,-5.778391724886705,2,5.778391724886705,1,0,2,anti_homophones
30924,yV3wan4,7,-5.805051247305377,2,5.805051247305377,1,0,3,anti_homophones
30925,wu2ji2,6,-4.8733654850383745,2,4.8733654850383745,1,0,9,anti_homophones
30926,pang2A2,7,-7.016845658923936,2,7.016845658923936,1,0,2,anti_homophones
30927,jW4tong1,8,-5.941642567273193,2,5.941642567273193,1,0,2,anti_homophones
30928,qLng1mo2,8,-6.924233383377195,2,6.924233383377195,1,0,0,anti_homophones
30929,qLng4dW4,8,-6.508205628945207,2,6.508205628945207,1,0,2,anti_homophones
30930,dang2rV4,8,-6.5522603888393,2,6.5522603888393,1,0,0,anti_homophones
30931,cheng1fu3,9,-6.713830145558455,2,6.713830145558455,1,0,1,anti_homophones
30932,xLn1lK2,7,-6.459503497959682,2,6.459503497959682,1,0,0,anti_homophones
30933,zong1dI4,8,-6.038628192029427,2,6.038628192029427,1,0,3,anti_homophones
30934,wan4mo4,7,-6.326845540222035,2,6.326845540222035,1,0,1,anti_homophones
30935,wu2ming2,8,-5.529579736277924,2,5.529579736277924,1,0,3,anti_homophones
30936,jM3sheng4,9,-6.247676694489139,2,6.247676694489139,1,0,2,anti_homophones
30937,gI1qW3,6,-6.273425935864897,2,6.273425935864897,1,0,1,anti_homophones
30938,tO4men5,7,-6.756103287786885,2,6.756103287786885,1,0,0,anti_homophones
30939,zhang1hI4,9,-6.0894532896512015,2,6.0894532896512015,1,0,3,anti_homophones
30940,ku3tong4,8,-6.097354701148712,2,6.097354701148712,1,0,0,anti_homophones
30941,che1gUn3,8,-5.538943905843183,2,5.538943905843183,1,0,2,anti_homophones
30942,xing4qLn1,9,-6.3292298890250915,2,6.3292298890250915,1,0,0,anti_homophones
30943,yang3zheng2,11,-6.5791881825081475,2,6.5791881825081475,1,0,1,anti_homophones
30944,xLn2ji2,7,-5.920568766485868,2,5.920568766485868,1,1,5,anti_homophones
30945,da4yi4,6,-4.603281691526133,2,4.603281691526133,1,0,17,anti_homophones
30946,yin3ren2,8,-5.201421661528158,2,5.201421661528158,1,1,4,anti_homophones
30947,shi4lu2,7,-6.15467406975612,2,6.15467406975612,1,0,4,anti_homophones
30948,dQ4yun4,7,-6.212762713958407,2,6.212762713958407,1,0,3,anti_homophones
30949,mQ4xing2,8,-6.0549281484143105,2,6.0549281484143105,1,0,2,anti_homophones
30950,yQ2yang2,8,-5.987796717503421,2,5.987796717503421,1,0,2,anti_homophones
30951,pen1qin1,8,-6.797525695228053,2,6.797525695228053,1,0,0,anti_homophones
30952,bA2ren4,7,-5.241433825564811,2,5.241433825564811,1,0,2,anti_homophones
30953,kQ3zi5,6,-5.486752669738366,2,5.486752669738366,1,0,6,anti_homophones
30954,jK4chQ1,7,-6.895557185721043,2,6.895557185721043,1,0,0,anti_homophones
30955,dA4dan3,7,-7.1973744240975925,2,7.1973744240975925,1,0,1,anti_homophones
30956,dong3tV2,8,-6.492073392680109,2,6.492073392680109,1,0,0,anti_homophones
30957,zhen1cheng2,11,-6.339333352037843,2,6.339333352037843,1,0,2,anti_homophones
30958,ke3cA4,6,-5.854481218499507,2,5.854481218499507,1,0,2,anti_homophones
30959,jLng4fu2,8,-6.065717126031152,2,6.065717126031152,1,0,3,anti_homophones
30960,ke3ge2,6,-5.503805981607711,2,5.503805981607711,1,0,4,anti_homophones
30961,cO4shQ2,7,-7.536135630377495,2,7.536135630377495,1,0,0,anti_homophones
30962,hQ3xM1,6,-6.289074470024346,2,6.289074470024346,1,0,2,anti_homophones
30963,shen4shen2,10,-6.597556230618974,2,6.597556230618974,1,0,2,anti_homophones
30964,ke3keng2,8,-6.676905094002587,2,6.676905094002587,1,0,0,anti_homophones
30965,shen1jL4,8,-5.480714579884982,2,5.480714579884982,1,0,2,anti_homophones
30966,nE4wen2,7,-5.3087471657481595,2,5.3087471657481595,1,0,3,anti_homophones
30967,shan4hUn4,9,-6.727099545888969,2,6.727099545888969,1,0,2,anti_homophones
30968,shang3zhUng2,12,-6.906066483241679,2,6.906066483241679,1,0,0,anti_homophones
30969,shen1hV4,8,-5.86901632348848,2,5.86901632348848,1,0,0,anti_homophones
30970,bing4fu2,8,-5.954236878300023,2,5.954236878300023,1,0,0,anti_homophones
30971,gQ4shang4,9,-6.851650469345922,2,6.851650469345922,1,0,2,anti_homophones
30972,yi4shQ4,7,-6.223586905969522,2,6.223586905969522,1,0,6,anti_homophones
30973,qLng1teng2,10,-7.541169537311547,2,7.541169537311547,1,0,1,anti_homophones
30974,mi4lv4,6,-6.191858416196317,2,6.191858416196317,1,0,5,anti_homophones
30975,dI4yUn4,7,-5.848573373870849,2,5.848573373870849,1,0,1,anti_homophones
30976,lQ3yan3,7,-5.274963507356248,2,5.274963507356248,1,1,4,anti_homophones
30977,song1le1,8,-8.199313734886607,2,8.199313734886607,1,0,0,anti_homophones
30978,zhQ4lu2,7,-6.806723596338699,2,6.806723596338699,1,0,2,anti_homophones
30979,ji1di4,6,-5.1468639838217305,2,5.1468639838217305,1,0,10,anti_homophones
30980,shV4bin1,8,-6.491790498354381,2,6.491790498354381,1,0,3,anti_homophones
30981,fan4chang2,10,-6.274394679472173,2,6.274394679472173,1,0,0,anti_homophones
30982,lA2li4,6,-5.587875471241184,2,5.587875471241184,1,0,7,anti_homophones
30983,gUn1zhi3,8,-5.7157113057157325,2,5.7157113057157325,1,0,3,anti_homophones
30984,shu1fu2,7,-5.550339589846778,2,5.550339589846778,1,0,8,anti_homophones
30985,zheng1sheng4,12,-5.977925724926163,2,5.977925724926163,1,0,3,anti_homophones
30986,dO1zhQ4,7,-6.368232426505483,2,6.368232426505483,1,0,2,anti_homophones
30987,hI2la4,6,-6.257054311769182,2,6.257054311769182,1,0,2,anti_homophones
30988,bE4jC2,6,-5.638988641865292,2,5.638988641865292,1,0,5,anti_homophones
30989,dLn3zhi4,8,-5.487312350046851,2,5.487312350046851,1,0,3,anti_homophones
30990,bQ3hU4,6,-4.884538173923573,2,4.884538173923573,1,0,8,anti_homophones
30991,jLn3xun4,8,-6.781587862851878,2,6.781587862851878,1,0,0,anti_homophones
30992,sheng1he1,9,-6.162529664086273,2,6.162529664086273,1,0,3,anti_homophones
30993,zhu3shA4,8,-7.707516513387851,2,7.707516513387851,1,0,0,anti_homophones
30994,zhi1yan4,8,-5.714688694041034,2,5.714688694041034,1,0,5,anti_homophones
30995,nong4jing4,10,-6.595800745408032,2,6.595800745408032,1,0,0,anti_homophones
30996,li4ben3,7,-6.1074504689902245,2,6.1074504689902245,1,0,4,anti_homophones
30997,chan1gong3,10,-6.95888440689162,2,6.95888440689162,1,0,0,anti_homophones
30998,bi1pan4,7,-6.4361093877889255,2,6.4361093877889255,1,0,2,anti_homophones
30999,zhan3tang3,10,-7.084311912197848,2,7.084311912197848,1,0,0,anti_homophones
31000,qL4qing4,8,-6.215091174984374,2,6.215091174984374,1,1,2,anti_homophones
31001,wu3de5,6,-5.737870309802312,2,5.737870309802312,1,0,3,anti_homophones
31002,wan4wu2,7,-7.4408442486129776,2,7.4408442486129776,1,0,1,anti_homophones
31003,hV4hI4,6,-5.027225535594885,2,5.027225535594885,1,0,5,anti_homophones
31004,ping3chen1,10,-7.3456589712420675,2,7.3456589712420675,1,0,0,anti_homophones
31005,li3tu2,6,-5.895660259846009,2,5.895660259846009,1,0,4,anti_homophones
31006,qi3shu3,7,-6.240310492138769,2,6.240310492138769,1,0,0,anti_homophones
31007,ke3de5,6,-5.422862133133703,2,5.422862133133703,1,0,1,anti_homophones
31008,tW2lang2,8,-6.81143178329395,2,6.81143178329395,1,0,1,anti_homophones
31009,ge1ming1,8,-6.134423375694803,2,6.134423375694803,1,0,4,anti_homophones
31010,tM3sO3,6,-5.569095771643722,2,5.569095771643722,1,0,1,anti_homophones
31011,cha2yQ4,7,-5.735341921214661,2,5.735341921214661,1,0,3,anti_homophones
31012,tW2jW4,6,-5.86672357180838,2,5.86672357180838,1,0,4,anti_homophones
31013,a1an4,5,-5.311198718219906,2,5.311198718219906,1,0,3,anti_homophones
31014,su1mE3,6,-7.177243569690443,2,7.177243569690443,1,0,1,anti_homophones
31015,su4xC2,6,-5.553384303255215,2,5.553384303255215,1,0,8,anti_homophones
31016,tong1ze2,8,-6.178581501842899,2,6.178581501842899,1,0,1,anti_homophones
31017,tong2man3,9,-6.499331189783826,2,6.499331189783826,1,0,1,anti_homophones
31018,che4nan4,8,-7.628793943956706,2,7.628793943956706,1,0,0,anti_homophones
31019,yi1ku4,6,-4.981633598666267,2,4.981633598666267,1,0,14,anti_homophones
31020,da3qin1,7,-6.1858385378542176,2,6.1858385378542176,1,0,0,anti_homophones
31021,han4ren2,8,-5.968239374966274,2,5.968239374966274,1,0,3,anti_homophones
31022,li2ren2,7,-5.707728307804142,2,5.707728307804142,1,0,8,anti_homophones
31023,wE2zhi4,7,-5.309695623927667,2,5.309695623927667,1,0,3,anti_homophones
31024,bA4hQ4,6,-6.0481864875886435,2,6.0481864875886435,1,0,3,anti_homophones
31025,kP4shan4,8,-7.107478189223286,2,7.107478189223286,1,0,0,anti_homophones
31026,shi4ju2,7,-5.133342063291256,2,5.133342063291256,1,0,7,anti_homophones
31027,zI3bin1,7,-7.204784897176117,2,7.204784897176117,1,0,0,anti_homophones
31028,jK4yin3,7,-6.087503504562687,2,6.087503504562687,1,0,3,anti_homophones
31029,cA2jing4,8,-6.110711969807097,2,6.110711969807097,1,0,0,anti_homophones
31030,tV1shun2,8,-7.566603484699088,2,7.566603484699088,1,0,0,anti_homophones
31031,song3hP2,8,-7.794396157337795,2,7.794396157337795,1,0,0,anti_homophones
31032,kQ3sUn1,7,-6.614374426312381,2,6.614374426312381,1,0,1,anti_homophones
31033,ran2wE4,7,-5.865792451960454,2,5.865792451960454,1,0,3,anti_homophones
31034,sV1can2,7,-6.480454994580668,2,6.480454994580668,1,0,2,anti_homophones
31035,jK4zhV4,7,-6.600504786645049,2,6.600504786645049,1,0,0,anti_homophones
31036,tUn1chu1,8,-8.006834427422168,2,8.006834427422168,1,0,0,anti_homophones
31037,tW2wen2,7,-5.648350663940464,2,5.648350663940464,1,0,0,anti_homophones
31038,bi3dLn3,7,-5.966072578289595,2,5.966072578289595,1,0,3,anti_homophones
31039,qLn2zA1,7,-6.225419349265321,2,6.225419349265321,1,0,1,anti_homophones
31040,lQ3shu1,7,-5.5313756752665295,2,5.5313756752665295,1,0,6,anti_homophones
31041,yQ2ya2,6,-6.046137291283754,2,6.046137291283754,1,0,3,anti_homophones
31042,bi2qK2,6,-5.987682025097941,2,5.987682025097941,1,0,2,anti_homophones
31043,lu4jing2,8,-5.952399503751347,2,5.952399503751347,1,0,3,anti_homophones
31044,jK4shang4,9,-5.85988954825916,2,5.85988954825916,1,0,1,anti_homophones
31045,zheng1zhi1,10,-5.676732745642232,2,5.676732745642232,1,0,5,anti_homophones
31046,chI2ji1,7,-5.888442987379409,2,5.888442987379409,1,0,3,anti_homophones
31047,mA4yu3,6,-5.845955899176817,2,5.845955899176817,1,0,6,anti_homophones
31048,da4la4,6,-5.7509351624514435,2,5.7509351624514435,1,0,9,anti_homophones
31049,mLn4zheng3,10,-6.556847943115267,2,6.556847943115267,1,0,1,anti_homophones
31050,yUn3zi5,7,-5.5723074290201,2,5.5723074290201,1,0,7,anti_homophones
31051,lin2shu2,8,-6.783167245929013,2,6.783167245929013,1,0,0,anti_homophones
31052,xLn4tong1,9,-5.885689823359005,2,5.885689823359005,1,0,2,anti_homophones
31053,di1ri4,6,-5.8312120844346484,2,5.8312120844346484,1,0,3,anti_homophones
31054,yC4qi4,6,-5.004779383969698,2,5.004779383969698,1,1,4,anti_homophones
31055,ku1wan2,7,-6.410390969171455,2,6.410390969171455,1,0,2,anti_homophones
31056,yan3ji1,7,-5.298801461129899,2,5.298801461129899,1,1,9,anti_homophones
31057,mu3tA2,6,-6.911023225739469,2,6.911023225739469,1,0,2,anti_homophones
31058,shU3hV4,7,-5.4494070198123925,2,5.4494070198123925,1,0,2,anti_homophones
31059,jLng1hI4,8,-6.047554389830491,2,6.047554389830491,1,0,1,anti_homophones
31060,yC4yQ2,6,-6.932822686830699,2,6.932822686830699,1,0,2,anti_homophones
31061,hang1gUng1,10,-6.774379805416176,2,6.774379805416176,1,0,0,anti_homophones
31062,qi2dA4,6,-5.405321283149425,2,5.405321283149425,1,0,4,anti_homophones
31063,chI1fu1,7,-6.344794513128121,2,6.344794513128121,1,0,3,anti_homophones
31064,cha2ji4,7,-5.390050907016019,2,5.390050907016019,1,0,4,anti_homophones
31065,bing2wE4,8,-5.643305738005658,2,5.643305738005658,1,0,3,anti_homophones
31066,gP4wE4,6,-5.396949546942734,2,5.396949546942734,1,0,0,anti_homophones
31067,shI3xing3,9,-5.880427467190407,2,5.880427467190407,1,0,3,anti_homophones
31068,tLn1wA1,7,-7.190232646452467,2,7.190232646452467,1,0,1,anti_homophones
31069,jLng4gE3,8,-6.362271276470069,2,6.362271276470069,1,0,2,anti_homophones
31070,ju3yan2,7,-6.286535043049206,2,6.286535043049206,1,0,1,anti_homophones
31071,shang2jun1,10,-6.03956380594917,2,6.03956380594917,1,0,0,anti_homophones
31072,da3ban3,7,-5.332864994851123,2,5.332864994851123,1,0,6,anti_homophones
31073,qLn3jM2,7,-6.241490199563308,2,6.241490199563308,1,0,0,anti_homophones
31074,zhang2xu4,9,-6.080842375734142,2,6.080842375734142,1,0,4,anti_homophones
31075,jin4yang3,9,-6.062875804431672,2,6.062875804431672,1,0,0,anti_homophones
31076,gen1xLn2,8,-6.4486480639872505,2,6.4486480639872505,1,0,1,anti_homophones
31077,xW3yin3,7,-6.148530004766945,2,6.148530004766945,1,0,1,anti_homophones
31078,pan2lM4,7,-6.275198045734608,2,6.275198045734608,1,0,3,anti_homophones
31079,shi3ren4,8,-6.165485191269281,2,6.165485191269281,1,0,3,anti_homophones
31080,jin1ting2,9,-6.42698729237161,2,6.42698729237161,1,0,1,anti_homophones
31081,ping4nLn4,9,-6.901665487445217,2,6.901665487445217,1,0,1,anti_homophones
31082,zi4zhUn1,8,-5.956231847050797,2,5.956231847050797,1,0,3,anti_homophones
31083,yV1yang3,8,-5.722780338610627,2,5.722780338610627,1,0,2,anti_homophones
31084,zhong1tan2,10,-5.971755566420807,2,5.971755566420807,1,0,2,anti_homophones
31085,xi3wA4,6,-5.884961953161704,2,5.884961953161704,1,0,2,anti_homophones
31086,bu4hI4,6,-5.059339185726953,2,5.059339185726953,1,0,8,anti_homophones
31087,qK2pA4,6,-5.505601629471585,2,5.505601629471585,1,0,3,anti_homophones
31088,zhu3cA4,7,-5.754074972801575,2,5.754074972801575,1,0,2,anti_homophones
31089,fu4jL1,6,-5.4494443579073994,2,5.4494443579073994,1,0,6,anti_homophones
31090,bing4wu3,8,-6.413911798296738,2,6.413911798296738,1,0,0,anti_homophones
31091,gV2sha1,7,-8.741121151110992,2,8.741121151110992,1,0,0,anti_homophones
31092,di1nu4,6,-5.926513844973339,2,5.926513844973339,1,0,3,anti_homophones
31093,shi1sa3,7,-6.6060932779044785,2,6.6060932779044785,1,0,2,anti_homophones
31094,shen2hA4,8,-6.440855967882794,2,6.440855967882794,1,0,1,anti_homophones
31095,hU4tan4,7,-5.845716175134851,2,5.845716175134851,1,0,0,anti_homophones
31096,gA3fa4,6,-6.520783024853233,2,6.520783024853233,1,0,0,anti_homophones
31097,yan2gO3,7,-5.992704112053296,2,5.992704112053296,1,0,1,anti_homophones
31098,lin1zhi3,8,-7.382590602171896,2,7.382590602171896,1,0,1,anti_homophones
31099,yV3wen2,7,-5.493341620358142,2,5.493341620358142,1,0,3,anti_homophones
31100,long4hu4,8,-6.916306118493883,2,6.916306118493883,1,0,2,anti_homophones
31101,wA4yu3,6,-5.531025495829362,2,5.531025495829362,1,0,7,anti_homophones
31102,fu2di4,6,-5.443726483516507,2,5.443726483516507,1,0,2,anti_homophones
31103,dA4zV3,6,-6.270966187329487,2,6.270966187329487,1,0,1,anti_homophones
31104,tong2shi2,9,-5.713556962479757,2,5.713556962479757,1,0,5,anti_homophones
31105,shI3jK4,7,-5.930316160913729,2,5.930316160913729,1,0,2,anti_homophones
31106,bi3ji3,6,-6.3825669997609,2,6.3825669997609,1,0,3,anti_homophones
31107,tI2shV3,7,-6.15917889200902,2,6.15917889200902,1,0,1,anti_homophones
31108,po4lM4,6,-5.440651225568065,2,5.440651225568065,1,0,1,anti_homophones
31109,dV4yi3,6,-6.017578097877983,2,6.017578097877983,1,0,6,anti_homophones
31110,qing2ban1,9,-6.144651928567107,2,6.144651928567107,1,0,5,anti_homophones
31111,xLng3yan4,9,-6.595514124768962,2,6.595514124768962,1,0,0,anti_homophones
31112,nE4gO2,6,-6.140644726229892,2,6.140644726229892,1,0,1,anti_homophones
31113,fen1di4,7,-5.532811056843871,2,5.532811056843871,1,0,3,anti_homophones
31114,ti3zi5,6,-5.483860873764724,2,5.483860873764724,1,0,7,anti_homophones
31115,ci4nv3,6,-6.048409094485941,2,6.048409094485941,1,0,3,anti_homophones
31116,di4tW2,6,-6.22492898752095,2,6.22492898752095,1,0,2,anti_homophones
31117,yi1wE1,6,-5.467042471024392,2,5.467042471024392,1,0,5,anti_homophones
31118,xi4tA4,6,-6.238275408538322,2,6.238275408538322,1,0,4,anti_homophones
31119,pA2lUn4,7,-5.716340347989876,2,5.716340347989876,1,0,2,anti_homophones
31120,ran2ji2,7,-6.093899954104371,2,6.093899954104371,1,0,2,anti_homophones
31121,pin3tu2,7,-6.124976625765649,2,6.124976625765649,1,0,3,anti_homophones
31122,bu3fen2,7,-6.966009626149197,2,6.966009626149197,1,0,0,anti_homophones
31123,jing3kU3,8,-6.65365307580922,2,6.65365307580922,1,0,0,anti_homophones
31124,shI3mo2,7,-4.911256111738298,2,4.911256111738298,1,1,0,anti_homophones
31125,yi3ji1,6,-5.387741887015823,2,5.387741887015823,1,0,11,anti_homophones
31126,zhi1dan1,8,-5.890148966992126,2,5.890148966992126,1,1,1,anti_homophones
31127,yQ4gUn4,7,-6.4104710095115855,2,6.4104710095115855,1,0,1,anti_homophones
31128,fa1dUn4,7,-5.926313878039323,2,5.926313878039323,1,0,4,anti_homophones
31129,tQ3ji1,6,-5.921711236098607,2,5.921711236098607,1,0,4,anti_homophones
31130,gI3ma3,6,-5.9610953109492275,2,5.9610953109492275,1,0,2,anti_homophones
31131,xing1ze2,8,-6.337091160212636,2,6.337091160212636,1,0,0,anti_homophones
31132,fu3yC4,6,-6.402862969689677,2,6.402862969689677,1,0,2,anti_homophones
31133,lv4sheng2,9,-6.598823770221023,2,6.598823770221023,1,0,0,anti_homophones
31134,xu1pin3,7,-5.764937159344236,2,5.764937159344236,1,0,1,anti_homophones
31135,zhQ1jin4,8,-6.204299240453357,2,6.204299240453357,1,0,1,anti_homophones
31136,da4xW3,6,-5.340922487909185,2,5.340922487909185,1,1,2,anti_homophones
31137,qM4eng2,7,-7.540334482257454,2,7.540334482257454,1,0,0,anti_homophones
31138,tu2jLn4,7,-6.072939893152691,2,6.072939893152691,1,0,4,anti_homophones
31139,jM2zu3,6,-6.111135506610361,2,6.111135506610361,1,0,1,anti_homophones
31140,qUn2wu4,7,-5.4376523388992615,2,5.4376523388992615,1,0,5,anti_homophones
31141,gU4he2,6,-5.2909187602778145,2,5.2909187602778145,1,0,1,anti_homophones
31142,chu4xing4,9,-6.002910070401807,2,6.002910070401807,1,0,5,anti_homophones
31143,zang2li4,8,-6.293351064365047,2,6.293351064365047,1,0,5,anti_homophones
31144,can3yi4,7,-6.0108537189570805,2,6.0108537189570805,1,0,4,anti_homophones
31145,nO2dong1,8,-5.969717221153392,2,5.969717221153392,1,0,0,anti_homophones
31146,ming2xL2,8,-6.61344700270896,2,6.61344700270896,1,0,0,anti_homophones
31147,si3hUng2,8,-6.628248491382648,2,6.628248491382648,1,0,0,anti_homophones
31148,mE2yV3,6,-5.52714699652596,2,5.52714699652596,1,0,0,anti_homophones
31149,bLn1lA2,7,-6.033389965412984,2,6.033389965412984,1,0,1,anti_homophones
31150,jC2bM2,6,-5.39477259169537,2,5.39477259169537,1,0,0,anti_homophones
31151,jW3qi1,6,-6.019399824266988,2,6.019399824266988,1,1,2,anti_homophones
31152,hI1an3,6,-7.3019719021497025,2,7.3019719021497025,1,0,1,anti_homophones
31153,cha2tUn2,8,-5.556117588436661,2,5.556117588436661,1,0,1,anti_homophones
31154,tV1si1,6,-6.160393569004076,2,6.160393569004076,1,0,1,anti_homophones
31155,xin1ce4,7,-5.706480106801381,2,5.706480106801381,1,0,1,anti_homophones
31156,tW4shI4,7,-6.667176277758644,2,6.667176277758644,1,0,1,anti_homophones
31157,shan1za1,8,-7.403230863981373,2,7.403230863981373,1,0,0,anti_homophones
31158,yi2zi3,6,-5.2864497853379975,2,5.2864497853379975,1,0,8,anti_homophones
31159,zhUng1hU4,9,-5.612101138897681,2,5.612101138897681,1,0,2,anti_homophones
31160,hQ3gQ3,6,-6.170745227735238,2,6.170745227735238,1,0,0,anti_homophones
31161,xLn3e4,6,-6.3105344986649445,2,6.3105344986649445,1,0,1,anti_homophones
31162,ji1ni2,6,-6.433560632315795,2,6.433560632315795,1,0,2,anti_homophones
31163,da4shang3,9,-5.638082396381841,2,5.638082396381841,1,0,1,anti_homophones
31164,sA4hU4,6,-6.198185805798083,2,6.198185805798083,1,0,3,anti_homophones
31165,hU2ji2,6,-5.3398787665944365,2,5.3398787665944365,1,0,5,anti_homophones
31166,ca1deng4,8,-7.793993187229793,2,7.793993187229793,1,0,0,anti_homophones
31167,xK1chen3,8,-6.555312909401218,2,6.555312909401218,1,0,1,anti_homophones
31168,ke4chu1,7,-5.707598567165228,2,5.707598567165228,1,0,2,anti_homophones
31169,tong2tong4,10,-6.633806113989751,2,6.633806113989751,1,0,1,anti_homophones
31170,fa1yong4,8,-5.719899568914748,2,5.719899568914748,1,0,2,anti_homophones
31171,zhun3jLng2,10,-7.947727178429392,2,7.947727178429392,1,0,0,anti_homophones
31172,zhi4dQ4,7,-5.432737141832906,2,5.432737141832906,1,0,9,anti_homophones
31173,gong1tan4,9,-5.968521133913205,2,5.968521133913205,1,0,2,anti_homophones
31174,shen2mE2,8,-6.251952711772352,2,6.251952711772352,1,0,0,anti_homophones
31175,jLng4qUn2,9,-5.930832993163714,2,5.930832993163714,1,0,3,anti_homophones
31176,zA4shu4,7,-5.652761063205526,2,5.652761063205526,1,0,3,anti_homophones
31177,hUng1neng1,10,-6.549652931002762,2,6.549652931002762,1,0,0,anti_homophones
31178,qLn2ju1,7,-5.97908618174421,2,5.97908618174421,1,0,4,anti_homophones
31179,ping1zhUng4,11,-7.057895750716897,2,7.057895750716897,1,0,0,anti_homophones
31180,bu4zQ4,6,-5.913117747265769,2,5.913117747265769,1,0,4,anti_homophones
31181,gang3mLn4,9,-6.6070097525391205,2,6.6070097525391205,1,0,2,anti_homophones
31182,lQ2ren2,7,-5.562554728649063,2,5.562554728649063,1,0,5,anti_homophones
31183,sang4da2,8,-7.306685073607913,2,7.306685073607913,1,0,0,anti_homophones
31184,jW1ye4,6,-5.1756477559901946,2,5.1756477559901946,1,0,7,anti_homophones
31185,tI1xW4,6,-5.327837201697503,2,5.327837201697503,1,0,5,anti_homophones
31186,cA3bu4,6,-5.492117608121659,2,5.492117608121659,1,0,1,anti_homophones
31187,yu3gan3,7,-6.143908554449724,2,6.143908554449724,1,0,0,anti_homophones
31188,chang1lLng2,11,-6.784212644139962,2,6.784212644139962,1,0,0,anti_homophones
31189,mE2zhi2,7,-5.93305879508106,2,5.93305879508106,1,0,3,anti_homophones
31190,ping2qu1,8,-6.099178118976286,2,6.099178118976286,1,0,4,anti_homophones
31191,dA1zi5,6,-5.094603769263806,2,5.094603769263806,1,0,6,anti_homophones
31192,zhA2ka3,7,-6.944975586352123,2,6.944975586352123,1,0,0,anti_homophones
31193,fan1jin3,8,-6.787191418020343,2,6.787191418020343,1,0,0,anti_homophones
31194,shi1long2,9,-7.277907353516106,2,7.277907353516106,1,0,1,anti_homophones
31195,xi4feng3,8,-6.608446074881258,2,6.608446074881258,1,0,1,anti_homophones
31196,fan3zen3,8,-7.341339102828892,2,7.341339102828892,1,0,0,anti_homophones
31197,shan3hU4,8,-5.6939434634877015,2,5.6939434634877015,1,0,3,anti_homophones
31198,san1gO2,7,-6.3767022707906875,2,6.3767022707906875,1,0,0,anti_homophones
31199,bi4jC2,6,-6.22534877764958,2,6.22534877764958,1,0,6,anti_homophones
31200,ye4ba2,6,-6.6721121997609725,2,6.6721121997609725,1,0,1,anti_homophones
31201,gO2zhi1,7,-5.634190960686071,2,5.634190960686071,1,0,4,anti_homophones
31202,pE4yang4,8,-6.385673539765855,2,6.385673539765855,1,0,1,anti_homophones
31203,li3jW3,6,-5.963475525050123,2,5.963475525050123,1,0,4,anti_homophones
31204,ni4qUn2,7,-6.234495735352892,2,6.234495735352892,1,0,3,anti_homophones
31205,qi4xu1,6,-6.4701424961245495,2,6.4701424961245495,1,0,0,anti_homophones
31206,xi3yV3,6,-5.726928410713286,2,5.726928410713286,1,0,2,anti_homophones
31207,wang3xi4,8,-6.357702448620623,2,6.357702448620623,1,0,3,anti_homophones
31208,jun1ji1,7,-5.270685802461072,2,5.270685802461072,1,0,5,anti_homophones
31209,chu4hQ4,7,-6.592069002205214,2,6.592069002205214,1,0,2,anti_homophones
31210,kP4ji4,6,-5.605748115105186,2,5.605748115105186,1,1,2,anti_homophones
31211,gQ1rQ3,6,-5.319730434298516,2,5.319730434298516,1,0,3,anti_homophones
31212,yong1xLng3,10,-6.4346007418141395,2,6.4346007418141395,1,0,1,anti_homophones
31213,shI3tan4,8,-5.763940503399298,2,5.763940503399298,1,0,3,anti_homophones
31214,gan1chu1,8,-6.043097316467062,2,6.043097316467062,1,0,1,anti_homophones
31215,xin1qM4,7,-5.68970128627805,2,5.68970128627805,1,0,5,anti_homophones
31216,yUn2sha1,8,-6.204879217980957,2,6.204879217980957,1,0,0,anti_homophones
31217,lM4jW3,6,-6.2678013962175925,2,6.2678013962175925,1,0,2,anti_homophones
31218,gang4pLn4,9,-6.68323796071027,2,6.68323796071027,1,0,1,anti_homophones
31219,nong4nLn4,9,-7.098118141378635,2,7.098118141378635,1,0,1,anti_homophones
31220,shen1li4,8,-5.415601807318282,2,5.415601807318282,1,0,5,anti_homophones
31221,yu2cO4,6,-6.118957468422358,2,6.118957468422358,1,0,4,anti_homophones
31222,bu4yC4,6,-5.5800156398147465,2,5.5800156398147465,1,0,4,anti_homophones
31223,deng1yV2,8,-6.369601469710846,2,6.369601469710846,1,0,3,anti_homophones
31224,xing4tA2,8,-5.772749502036045,2,5.772749502036045,1,0,6,anti_homophones
31225,wu3qW4,6,-6.359866506168987,2,6.359866506168987,1,0,1,anti_homophones
31226,zhan4shV1,9,-6.855966009038009,2,6.855966009038009,1,0,1,anti_homophones
31227,hO4bing2,8,-6.3103086420675725,2,6.3103086420675725,1,0,3,anti_homophones
31228,jM2yi4,6,-5.227904587818753,2,5.227904587818753,1,0,7,anti_homophones
31229,hI2pLn4,7,-7.170323660701426,2,7.170323660701426,1,0,2,anti_homophones
31230,cI1mQ2,6,-5.958924335069615,2,5.958924335069615,1,0,1,anti_homophones
31231,hU4bu4,6,-5.365006637721899,2,5.365006637721899,1,0,4,anti_homophones
31232,yi1bing1,8,-5.511708623490205,2,5.511708623490205,1,0,6,anti_homophones
31233,chUng1di3,9,-6.3103626496822445,2,6.3103626496822445,1,0,2,anti_homophones
31234,zhong1shen2,11,-5.996351100330265,2,5.996351100330265,1,0,1,anti_homophones
31235,rV4pW4,6,-4.941466417419939,2,4.941466417419939,1,1,2,anti_homophones
31236,kP4ji2,6,-5.583078131706584,2,5.583078131706584,1,0,2,anti_homophones
31237,tUn2ken2,8,-10.181097835513278,2,10.181097835513278,1,0,0,anti_homophones
31238,dV4fu4,6,-5.50859531879443,2,5.50859531879443,1,0,7,anti_homophones
31239,fen1hI1,7,-6.452316610890186,2,6.452316610890186,1,0,3,anti_homophones
31240,zhang3jLn4,10,-5.981519368308107,2,5.981519368308107,1,0,2,anti_homophones
31241,ni2leng4,8,-7.124337729532629,2,7.124337729532629,1,0,0,anti_homophones
31242,hU4xC2,6,-4.771294539491457,2,4.771294539491457,1,0,4,anti_homophones
31243,hun1ren2,8,-5.80778483637232,2,5.80778483637232,1,0,4,anti_homophones
31244,a1tan2,6,-6.211394702234558,2,6.211394702234558,1,0,0,anti_homophones
31245,ben3nLng1,9,-7.084663944788252,2,7.084663944788252,1,0,0,anti_homophones
31246,ba1mM4,6,-6.400511121546048,2,6.400511121546048,1,0,0,anti_homophones
31247,jLn1yi4,7,-5.488550823516541,2,5.488550823516541,1,0,9,anti_homophones
31248,qing1lLn2,9,-6.062315603796081,2,6.062315603796081,1,0,2,anti_homophones
31249,ji4bing2,8,-6.061654239478064,2,6.061654239478064,1,0,1,anti_homophones
31250,dO2ling1,8,-7.0039688698981095,2,7.0039688698981095,1,0,0,anti_homophones
31251,fa1chu2,7,-6.1585243164880765,2,6.1585243164880765,1,0,3,anti_homophones
31252,jW1xLn2,7,-5.803862236986547,2,5.803862236986547,1,0,0,anti_homophones
31253,di1ju4,6,-5.849717681916667,2,5.849717681916667,1,0,8,anti_homophones
31254,gen1qu3,7,-6.227803635696418,2,6.227803635696418,1,0,2,anti_homophones
31255,gu3dI4,6,-5.420068601011649,2,5.420068601011649,1,0,5,anti_homophones
31256,xLn4yang5,9,-7.652939967161537,2,7.652939967161537,1,0,0,anti_homophones
31257,wu2yV3,6,-5.2341370390595605,2,5.2341370390595605,1,0,1,anti_homophones
31258,dI4dang4,8,-6.007442566746708,2,6.007442566746708,1,0,5,anti_homophones
31259,chong1hQ4,9,-6.228734204590674,2,6.228734204590674,1,0,2,anti_homophones
31260,lE4xin4,7,-6.284392227198437,2,6.284392227198437,1,0,2,anti_homophones
31261,tong1ji4,8,-5.38970597631574,2,5.38970597631574,1,1,5,anti_homophones
31262,qi2shi1,7,-5.468891573612346,2,5.468891573612346,1,0,4,anti_homophones
31263,ping2shi4,9,-5.568186024066584,2,5.568186024066584,1,0,7,anti_homophones
31264,shP1jL4,7,-5.980972937601648,2,5.980972937601648,1,0,3,anti_homophones
31265,bin1ju4,7,-6.344675183757263,2,6.344675183757263,1,0,1,anti_homophones
31266,zhe3zhV4,8,-7.274420752828714,2,7.274420752828714,1,0,1,anti_homophones
31267,mV2zi3,6,-5.7448618094216,2,5.7448618094216,1,0,1,anti_homophones
31268,zhi4A1,6,-5.986128420536504,2,5.986128420536504,1,0,1,anti_homophones
31269,cO4lang3,8,-7.4170177926418726,2,7.4170177926418726,1,0,0,anti_homophones
31270,wen4fan3,8,-6.580302797502865,2,6.580302797502865,1,0,1,anti_homophones
31271,dQ4yi4,6,-5.315276140854054,2,5.315276140854054,1,0,8,anti_homophones
31272,kQ3jLng4,8,-6.52056012575989,2,6.52056012575989,1,0,1,anti_homophones
31273,zhV1lV2,7,-5.821053880601898,2,5.821053880601898,1,0,2,anti_homophones
31274,ci3tUn2,7,-6.976532522223108,2,6.976532522223108,1,0,0,anti_homophones
31275,bo1ye4,6,-6.562360429798526,2,6.562360429798526,1,0,1,anti_homophones
31276,bu4jM3,6,-5.4867679303998464,2,5.4867679303998464,1,0,5,anti_homophones
31277,xin1xLng2,9,-5.7180504477204,2,5.7180504477204,1,0,2,anti_homophones
31278,ming2gong1,10,-6.088283262020314,2,6.088283262020314,1,0,0,anti_homophones
31279,sheng4qi1,9,-5.9489189607501585,2,5.9489189607501585,1,0,4,anti_homophones
31280,fan3zI4,7,-6.819015979435011,2,6.819015979435011,1,0,2,anti_homophones
31281,er3ming2,8,-6.083889030324565,2,6.083889030324565,1,0,1,anti_homophones
31282,bi4jW3,6,-6.1323555330310136,2,6.1323555330310136,1,0,3,anti_homophones
31283,nK2ping4,8,-5.636632560158564,2,5.636632560158564,1,0,1,anti_homophones
31284,yong1gUn1,9,-6.086434721990195,2,6.086434721990195,1,0,1,anti_homophones
31285,de2bi3,6,-6.369592064639448,2,6.369592064639448,1,0,2,anti_homophones
31286,yi1geng1,8,-6.071203847623668,2,6.071203847623668,1,0,2,anti_homophones
31287,bing1dong4,10,-6.347067421703253,2,6.347067421703253,1,0,1,anti_homophones
31288,jW1hUn1,7,-5.734849719185229,2,5.734849719185229,1,0,4,anti_homophones
31289,feng1ke2,8,-6.851664308044106,2,6.851664308044106,1,0,1,anti_homophones
31290,zhi3yin1,8,-5.998704931174597,2,5.998704931174597,1,0,1,anti_homophones
31291,hang2xi4,8,-6.253200468846081,2,6.253200468846081,1,0,3,anti_homophones
31292,yV3re4,6,-6.321216213252162,2,6.321216213252162,1,0,3,anti_homophones
31293,sha1tV2,7,-5.2334949300372315,2,5.2334949300372315,1,0,3,anti_homophones
31294,si1ko4,6,-8.052273397239412,2,8.052273397239412,1,0,0,anti_homophones
31295,si3yi4,6,-5.414860662004046,2,5.414860662004046,1,0,7,anti_homophones
31296,tu1xi1,6,-5.942231739261705,2,5.942231739261705,1,0,2,anti_homophones
31297,yi1hQ4,6,-5.364747593102099,2,5.364747593102099,1,0,7,anti_homophones
31298,mE4yu2,6,-6.851698094495541,2,6.851698094495541,1,0,2,anti_homophones
31299,qing4zi3,8,-5.843449624430543,2,5.843449624430543,1,0,2,anti_homophones
31300,bA2se4,6,-4.782760229542265,2,4.782760229542265,1,0,7,anti_homophones
31301,nQ3mu3,6,-5.952741840518092,2,5.952741840518092,1,0,4,anti_homophones
31302,qing4mLn4,9,-5.836374045330482,2,5.836374045330482,1,0,3,anti_homophones
31303,chan4dW4,8,-6.288483202390903,2,6.288483202390903,1,0,1,anti_homophones
31304,shV4xLn4,8,-5.603838800848452,2,5.603838800848452,1,0,6,anti_homophones
31305,fa1jM4,6,-5.6727706773485815,2,5.6727706773485815,1,0,5,anti_homophones
31306,zi4ran3,7,-5.393813701712169,2,5.393813701712169,1,0,6,anti_homophones
31307,xW1cI4,6,-5.206545301584173,2,5.206545301584173,1,0,3,anti_homophones
31308,ling2xi2,8,-6.287349692305255,2,6.287349692305255,1,0,5,anti_homophones
31309,tong1ping4,10,-6.341199527839575,2,6.341199527839575,1,0,3,anti_homophones
31310,wu2sang1,8,-6.697017255871599,2,6.697017255871599,1,0,0,anti_homophones
31311,sheng2xun4,10,-6.347310663487378,2,6.347310663487378,1,0,2,anti_homophones
31312,dQ1jK3,6,-6.5361139881749875,2,6.5361139881749875,1,0,0,anti_homophones
31313,chI2zheng2,10,-6.727649251638297,2,6.727649251638297,1,0,0,anti_homophones
31314,fen4tW2,7,-6.09238953912717,2,6.09238953912717,1,0,1,anti_homophones
31315,fa1xi3,6,-5.694329632406171,2,5.694329632406171,1,0,5,anti_homophones
31316,shu4ji1,7,-5.263811546911412,2,5.263811546911412,1,0,5,anti_homophones
31317,da3dan1,7,-5.721274061183419,2,5.721274061183419,1,0,5,anti_homophones
31318,e4zi5,5,-4.81508082431966,2,4.81508082431966,1,0,6,anti_homophones
31319,gan1she2,8,-6.866019343437073,2,6.866019343437073,1,0,1,anti_homophones
31320,kUn3ji4,7,-6.13368690248347,2,6.13368690248347,1,0,0,anti_homophones
31321,dW4ling4,8,-6.467424696589705,2,6.467424696589705,1,0,1,anti_homophones
31322,zUn1qUn4,8,-7.845257856337213,2,7.845257856337213,1,0,0,anti_homophones
31323,tu3zi5,6,-5.24811948979741,2,5.24811948979741,1,0,9,anti_homophones
31324,ming4su4,8,-6.106209575116555,2,6.106209575116555,1,0,2,anti_homophones
31325,yin3ji4,7,-5.713055634692368,2,5.713055634692368,1,0,4,anti_homophones
31326,gQ1zO4,6,-5.153003430899541,2,5.153003430899541,1,0,6,anti_homophones
31327,gong1ti3,8,-5.67577811516715,2,5.67577811516715,1,0,2,anti_homophones
31328,hU2po4,6,-5.345702727102495,2,5.345702727102495,1,0,0,anti_homophones
31329,mQ4chUn3,8,-7.6234335269348925,2,7.6234335269348925,1,0,0,anti_homophones
31330,cQ3shi4,7,-5.326996914023534,2,5.326996914023534,1,0,6,anti_homophones
31331,jK4shang3,9,-5.993242469252782,2,5.993242469252782,1,0,4,anti_homophones
31332,bu4ku3,6,-5.621620083216773,2,5.621620083216773,1,0,9,anti_homophones
31333,lin2ban3,8,-6.161257058072254,2,6.161257058072254,1,0,0,anti_homophones
31334,ru4wan2,7,-6.413375248981753,2,6.413375248981753,1,0,0,anti_homophones
31335,chu1xing4,9,-5.401682052206192,2,5.401682052206192,1,0,7,anti_homophones
31336,ji4shang2,9,-5.875484660105534,2,5.875484660105534,1,0,0,anti_homophones
31337,rV2li4,6,-6.050897215166993,2,6.050897215166993,1,0,5,anti_homophones
31338,zhen1za1,8,-7.053517905077519,2,7.053517905077519,1,0,1,anti_homophones
31339,yun2ke4,7,-6.323321507516692,2,6.323321507516692,1,0,2,anti_homophones
31340,san1teng3,9,-7.391074012822049,2,7.391074012822049,1,0,0,anti_homophones
31341,dang1fen3,9,-6.9951979556868515,2,6.9951979556868515,1,0,0,anti_homophones
31342,da3ji3,6,-6.003556577934353,2,6.003556577934353,1,0,5,anti_homophones
31343,gUng1de5,8,-6.22198019046644,2,6.22198019046644,1,0,0,anti_homophones
31344,ji1zhong4,9,-5.819668473939005,2,5.819668473939005,1,0,3,anti_homophones
31345,gu3xun4,7,-6.426291044970795,2,6.426291044970795,1,0,0,anti_homophones
31346,pA2cha2,7,-6.117469529662238,2,6.117469529662238,1,0,0,anti_homophones
31347,wen2ji1,7,-5.367237113387955,2,5.367237113387955,1,0,8,anti_homophones
31348,da4yi3,6,-5.32819748719131,2,5.32819748719131,1,0,10,anti_homophones
31349,ci2tan1,7,-6.174332325428364,2,6.174332325428364,1,0,1,anti_homophones
31350,han1xi5,7,-7.109545504999072,2,7.109545504999072,1,0,0,anti_homophones
31351,yi1ban3,7,-5.019024755092444,2,5.019024755092444,1,0,8,anti_homophones
31352,tW4ji1,6,-5.905748049436618,2,5.905748049436618,1,0,2,anti_homophones
31353,te4yi4,6,-5.188115050843132,2,5.188115050843132,1,0,13,anti_homophones
31354,ze2li5,6,-6.797099550036886,2,6.797099550036886,1,0,0,anti_homophones
31355,chu3jing1,9,-6.568475856221615,2,6.568475856221615,1,0,3,anti_homophones
31356,an1gI4,6,-6.212642181566518,2,6.212642181566518,1,0,0,anti_homophones
31357,xun2wE3,7,-6.277889136159383,2,6.277889136159383,1,0,1,anti_homophones
31358,mo4shen1,8,-6.1331559418556205,2,6.1331559418556205,1,0,1,anti_homophones
31359,zhV3nLn2,8,-6.99931899762151,2,6.99931899762151,1,0,0,anti_homophones
31360,ce4sun1,7,-6.842154621067494,2,6.842154621067494,1,0,0,anti_homophones
31361,yan2zQ4,7,-6.056543097278984,2,6.056543097278984,1,0,2,anti_homophones
31362,gE1nW3,6,-8.574099222770837,2,8.574099222770837,1,0,2,anti_homophones
31363,fa1yUn2,7,-5.500859321243109,2,5.500859321243109,1,0,2,anti_homophones
31364,xLn4hV4,7,-5.745916745806646,2,5.745916745806646,1,0,4,anti_homophones
31365,lK2hU4,6,-4.765023913874267,2,4.765023913874267,1,0,3,anti_homophones
31366,yan1yin4,8,-6.832462062163222,2,6.832462062163222,1,0,0,anti_homophones
31367,cQ3ding3,8,-6.759316750313445,2,6.759316750313445,1,0,1,anti_homophones
31368,tM3chu2,7,-6.23024339463929,2,6.23024339463929,1,0,1,anti_homophones
31369,cA4du4,6,-5.9333856173676045,2,5.9333856173676045,1,0,4,anti_homophones
31370,zhu3zhUn1,9,-6.577167470036899,2,6.577167470036899,1,0,0,anti_homophones
31371,hQ2li4,6,-5.4428019670638275,2,5.4428019670638275,1,0,8,anti_homophones
31372,xin1fang2,9,-5.921349641247978,2,5.921349641247978,1,0,1,anti_homophones
31373,zhU3lK4,7,-7.735388466110768,2,7.735388466110768,1,0,0,anti_homophones
31374,dI4fang2,8,-6.205134178044765,2,6.205134178044765,1,0,3,anti_homophones
31375,la1gUn3,7,-6.156068599272308,2,6.156068599272308,1,0,0,anti_homophones
31376,bQ3ku4,6,-5.672018530607352,2,5.672018530607352,1,0,5,anti_homophones
31377,shi2ban4,8,-5.594090828812499,2,5.594090828812499,1,0,4,anti_homophones
31378,nang3qLng5,10,-9.653551193529136,2,9.653551193529136,1,0,0,anti_homophones
31379,chUn1shV3,9,-6.272911296754437,2,6.272911296754437,1,0,1,anti_homophones
31380,hu4lun4,7,-6.386887928741918,2,6.386887928741918,1,0,2,anti_homophones
31381,xL4wen2,7,-5.272918612820015,2,5.272918612820015,1,0,2,anti_homophones
31382,zheng3hO4,9,-6.902715051069653,2,6.902715051069653,1,0,1,anti_homophones
31383,cQ3de2,6,-6.199357690763817,2,6.199357690763817,1,0,2,anti_homophones
31384,gO2mi2,6,-6.755444765512563,2,6.755444765512563,1,0,0,anti_homophones
31385,xing4wang2,10,-6.463943972657149,2,6.463943972657149,1,0,0,anti_homophones
31386,man3pin3,8,-6.295374894059874,2,6.295374894059874,1,0,1,anti_homophones
31387,hUng1xC2,8,-5.91552552173656,2,5.91552552173656,1,0,0,anti_homophones
31388,qu4shu4,7,-6.655817314656712,2,6.655817314656712,1,0,4,anti_homophones
31389,sI2shang3,9,-6.3950531532626576,2,6.3950531532626576,1,0,0,anti_homophones
31390,tang1tong1,10,-6.837192155869211,2,6.837192155869211,1,0,1,anti_homophones
31391,gP4zhi4,7,-6.1602071891826045,2,6.1602071891826045,1,0,0,anti_homophones
31392,zhO1yUn3,8,-6.928465984213728,2,6.928465984213728,1,0,1,anti_homophones
31393,dUn1jLn4,8,-6.302167662523052,2,6.302167662523052,1,0,1,anti_homophones
31394,xLn4chV2,8,-6.333799786498898,2,6.333799786498898,1,0,1,anti_homophones
31395,xC2xLn4,7,-6.437850645761455,2,6.437850645761455,1,0,1,anti_homophones
31396,ming3yV2,8,-6.5843681083675545,2,6.5843681083675545,1,0,1,anti_homophones
31397,fang4dLn3,9,-6.023964270192667,2,6.023964270192667,1,0,0,anti_homophones
31398,qUn2xu4,7,-5.875561365505571,2,5.875561365505571,1,1,3,anti_homophones
31399,lan2gun3,8,-7.787161276683262,2,7.787161276683262,1,0,0,anti_homophones
31400,ci2bE4,6,-5.879600669486132,2,5.879600669486132,1,0,4,anti_homophones
31401,le4tu2,6,-6.215536648873099,2,6.215536648873099,1,0,1,anti_homophones
31402,kong4mLn4,9,-6.232431450980297,2,6.232431450980297,1,0,5,anti_homophones
31403,ke1jM2,6,-6.532294132184303,2,6.532294132184303,1,0,1,anti_homophones
31404,chUn3la4,8,-6.871653426073896,2,6.871653426073896,1,0,1,anti_homophones
31405,A1shI3,6,-5.96214187123591,2,5.96214187123591,1,0,0,anti_homophones
31406,zhi2shi3,8,-6.021805587891556,2,6.021805587891556,1,0,3,anti_homophones
31407,la4ru4,6,-5.8059747474730745,2,5.8059747474730745,1,0,0,anti_homophones
31408,hU4mu4,6,-5.91017590494608,2,5.91017590494608,1,0,4,anti_homophones
31409,jLn1jW3,7,-5.600820723303034,2,5.600820723303034,1,0,5,anti_homophones
31410,bu4fu2,6,-5.056154600115272,2,5.056154600115272,1,0,5,anti_homophones
31411,sheng1yin1,10,-5.608262112639924,2,5.608262112639924,1,0,5,anti_homophones
31412,jUn1zhi2,8,-6.863397770049314,2,6.863397770049314,1,0,0,anti_homophones
31413,hA3dQ4,6,-5.2329358712543925,2,5.2329358712543925,1,0,3,anti_homophones
31414,jun1chang1,10,-6.321480642403437,2,6.321480642403437,1,0,4,anti_homophones
31415,dI4chV3,7,-7.217878292526341,2,7.217878292526341,1,0,0,anti_homophones
31416,za2hA2,6,-6.136390728379739,2,6.136390728379739,1,0,1,anti_homophones
31417,rong2bE4,8,-6.730480063072843,2,6.730480063072843,1,0,0,anti_homophones
31418,fE1fa3,6,-5.543865479522927,2,5.543865479522927,1,0,0,anti_homophones
31419,sI2bu4,6,-5.826424500129578,2,5.826424500129578,1,0,1,anti_homophones
31420,fen4cha2,8,-6.502296826382901,2,6.502296826382901,1,0,0,anti_homophones
31421,ba1wu4,6,-6.003959223812827,2,6.003959223812827,1,0,1,anti_homophones
31422,cQ3di4,6,-5.713727054891817,2,5.713727054891817,1,0,3,anti_homophones
31423,lK2ji4,6,-5.781068713994992,2,5.781068713994992,1,0,4,anti_homophones
31424,mE2zI4,6,-5.825727665727435,2,5.825727665727435,1,0,3,anti_homophones
31425,gong3sheng3,11,-6.875984549065763,2,6.875984549065763,1,0,0,anti_homophones
31426,na3jL1,6,-6.23404529747307,2,6.23404529747307,1,1,0,anti_homophones
31427,bA3wA4,6,-5.662608099495936,2,5.662608099495936,1,0,1,anti_homophones
31428,sheng1su4,9,-5.386345363099453,2,5.386345363099453,1,0,7,anti_homophones
31429,jin1zi5,7,-5.056261618124253,2,5.056261618124253,1,0,8,anti_homophones
31430,tO3ya1,6,-6.600750457744666,2,6.600750457744666,1,0,0,anti_homophones
31431,ling1gO4,8,-6.8420329753546,2,6.8420329753546,1,0,0,anti_homophones
31432,kQ3xing1,8,-6.383509141371944,2,6.383509141371944,1,0,2,anti_homophones
31433,gong2ren3,9,-6.64244606574037,2,6.64244606574037,1,0,1,anti_homophones
31434,he4zhi2,7,-6.5378913663751295,2,6.5378913663751295,1,0,1,anti_homophones
31435,yUn2hO4,7,-5.836209812198676,2,5.836209812198676,1,0,1,anti_homophones
31436,tan4kong1,9,-6.944309988877373,2,6.944309988877373,1,0,0,anti_homophones
31437,chQ1yQ2,7,-6.123318686033211,2,6.123318686033211,1,0,0,anti_homophones
31438,mu2bLn1,7,-6.847232926437762,2,6.847232926437762,1,0,1,anti_homophones
31439,dan3ming2,9,-6.832939754058108,2,6.832939754058108,1,0,1,anti_homophones
31440,bA2hUn1,7,-6.117108828875381,2,6.117108828875381,1,0,2,anti_homophones
31441,tV1kong1,8,-5.787036877970102,2,5.787036877970102,1,0,1,anti_homophones
31442,jC2dQ1,6,-6.208695336524319,2,6.208695336524319,1,0,0,anti_homophones
31443,gA3qi3,6,-6.44592675000247,2,6.44592675000247,1,0,0,anti_homophones
31444,po4chu4,7,-6.199855307367494,2,6.199855307367494,1,0,0,anti_homophones
31445,lLn2shi4,8,-5.3868617652587325,2,5.3868617652587325,1,1,4,anti_homophones
31446,hI2ji1,6,-5.329114834313832,2,5.329114834313832,1,0,11,anti_homophones
31447,wen2men2,8,-5.641858215033553,2,5.641858215033553,1,0,2,anti_homophones
31448,qi2gP4,6,-6.3345634265843485,2,6.3345634265843485,1,0,0,anti_homophones
31449,xW4sI4,6,-6.166601727400447,2,6.166601727400447,1,0,0,anti_homophones
31450,zhi4hun1,8,-6.813198786685617,2,6.813198786685617,1,0,1,anti_homophones
31451,ying4ling1,10,-6.7328359931548345,2,6.7328359931548345,1,0,0,anti_homophones
31452,wo1lin2,7,-6.160957947298031,2,6.160957947298031,1,0,0,anti_homophones
31453,tLn1qLn3,8,-6.376418703725048,2,6.376418703725048,1,0,2,anti_homophones
31454,ban1fu2,7,-6.002297072525869,2,6.002297072525869,1,0,3,anti_homophones
31455,pi3fen1,7,-6.735596961889547,2,6.735596961889547,1,0,0,anti_homophones
31456,nv3fen4,7,-6.663740563313437,2,6.663740563313437,1,0,1,anti_homophones
31457,fang2zhe3,9,-5.7237428381746565,2,5.7237428381746565,1,0,2,anti_homophones
31458,qi3fa3,6,-5.385067744820878,2,5.385067744820878,1,0,4,anti_homophones
31459,jL3xing1,8,-5.822419266515021,2,5.822419266515021,1,1,0,anti_homophones
31460,hO3shang2,9,-5.876711880244163,2,5.876711880244163,1,0,1,anti_homophones
31461,wE3hU4,6,-5.189062700777804,2,5.189062700777804,1,0,2,anti_homophones
31462,shV3chun1,9,-6.272360440983291,2,6.272360440983291,1,0,1,anti_homophones
31463,ku4xM4,6,-6.98736493705541,2,6.98736493705541,1,0,3,anti_homophones
31464,ping1di3,8,-6.56028912582135,2,6.56028912582135,1,0,1,anti_homophones
31465,yi1kA1,6,-5.5248464614201795,2,5.5248464614201795,1,0,3,anti_homophones
31466,zi4mLn4,7,-5.066428402211053,2,5.066428402211053,1,0,7,anti_homophones
31467,qin2ren2,8,-5.904521591074231,2,5.904521591074231,1,0,5,anti_homophones
31468,chV1sO1,7,-6.4633045215795555,2,6.4633045215795555,1,0,0,anti_homophones
31469,wu3xin4,7,-5.894599680452682,2,5.894599680452682,1,0,1,anti_homophones
31470,tan4ding3,9,-7.029638898929592,2,7.029638898929592,1,0,0,anti_homophones
31471,ba2yC1,6,-7.030408241031752,2,7.030408241031752,1,0,0,anti_homophones
31472,ceng1cQ3,8,-7.333994340765104,2,7.333994340765104,1,0,1,anti_homophones
31473,li3pQ4,6,-5.7225895257128485,2,5.7225895257128485,1,0,2,anti_homophones
31474,zA4ji2,6,-5.564071403951876,2,5.564071403951876,1,0,7,anti_homophones
31475,zi4jL4,6,-5.221235994909567,2,5.221235994909567,1,1,7,anti_homophones
31476,lK2lLng3,8,-5.536179753321712,2,5.536179753321712,1,0,1,anti_homophones
31477,ding1lM4,8,-6.508421070649001,2,6.508421070649001,1,0,0,anti_homophones
31478,jM1dQ1,6,-5.6460967925928935,2,5.6460967925928935,1,0,3,anti_homophones
31479,hI3jing3,8,-6.886419264895749,2,6.886419264895749,1,0,1,anti_homophones
31480,hu2yi4,6,-5.620356445796971,2,5.620356445796971,1,0,8,anti_homophones
31481,yC4jLn4,7,-5.5629625332693955,2,5.5629625332693955,1,0,1,anti_homophones
31482,ren5eng2,8,-8.077775368209657,2,8.077775368209657,1,0,0,anti_homophones
31483,ji3shV4,7,-6.602079986215023,2,6.602079986215023,1,0,1,anti_homophones
31484,ye3shi2,7,-5.5552176310788095,2,5.5552176310788095,1,0,4,anti_homophones
31485,ti2dA4,6,-5.267882279325962,2,5.267882279325962,1,0,4,anti_homophones
31486,tI1yin1,7,-5.938418266670866,2,5.938418266670866,1,0,3,anti_homophones
31487,cha1qi2,7,-6.6367142506217185,2,6.6367142506217185,1,0,0,anti_homophones
31488,ni4lM4,6,-6.242220334757126,2,6.242220334757126,1,0,4,anti_homophones
31489,yan4qK2,7,-6.049901877021539,2,6.049901877021539,1,0,2,anti_homophones
31490,pan4man3,8,-6.824646121301166,2,6.824646121301166,1,0,1,anti_homophones
31491,cang2fE4,8,-6.7283533558225805,2,6.7283533558225805,1,0,2,anti_homophones
31492,yang1chang2,11,-6.4605538582342446,2,6.4605538582342446,1,0,2,anti_homophones
31493,zI4e5,5,-7.450586130530079,2,7.450586130530079,1,0,2,anti_homophones
31494,bi2ling3,8,-7.462732148962688,2,7.462732148962688,1,0,0,anti_homophones
31495,lW2se4,6,-5.69240862635734,2,5.69240862635734,1,0,4,anti_homophones
31496,zhong3cheng4,12,-6.884613651687813,2,6.884613651687813,1,0,1,anti_homophones
31497,sA4dong1,8,-7.052444981953458,2,7.052444981953458,1,0,2,anti_homophones
31498,zQ3chi3,7,-6.093867347042817,2,6.093867347042817,1,0,2,anti_homophones
31499,tu3zhi1,7,-5.80033497983629,2,5.80033497983629,1,0,4,anti_homophones
31500,shQ3gu3,7,-6.370780296933978,2,6.370780296933978,1,0,0,anti_homophones
31501,song4zi5,8,-5.747815495563601,2,5.747815495563601,1,0,4,anti_homophones
31502,di4tQ4,6,-6.251059391809175,2,6.251059391809175,1,0,2,anti_homophones
31503,xW3bLn4,7,-5.04879978245923,2,5.04879978245923,1,0,7,anti_homophones
31504,bi2kang2,8,-7.3150279603488775,2,7.3150279603488775,1,0,0,anti_homophones
31505,dO1shi4,7,-5.050604456310484,2,5.050604456310484,1,0,5,anti_homophones
31506,xL4bE1,6,-5.91597033288315,2,5.91597033288315,1,0,2,anti_homophones
31507,he2xC2,6,-5.182345680915052,2,5.182345680915052,1,0,2,anti_homophones
31508,cang3ba3,8,-7.96701011602659,2,7.96701011602659,1,0,1,anti_homophones
31509,ben3bo1,7,-5.88528183045702,2,5.88528183045702,1,0,0,anti_homophones
31510,nv3ren4,7,-5.853197805613214,2,5.853197805613214,1,0,2,anti_homophones
31511,zhe4zhe3,8,-6.690647779423042,2,6.690647779423042,1,0,3,anti_homophones
31512,ming2pLn1,9,-6.676586937794902,2,6.676586937794902,1,0,2,anti_homophones
31513,po4an1,6,-6.080381533539992,2,6.080381533539992,1,0,1,anti_homophones
31514,jM4shen2,8,-6.159558071213133,2,6.159558071213133,1,0,1,anti_homophones
31515,ying2che1,9,-5.741269061726682,2,5.741269061726682,1,0,3,anti_homophones
31516,sQ3shi4,7,-5.4471183064718085,2,5.4471183064718085,1,0,6,anti_homophones
31517,qi2mQ4,6,-5.755596342317673,2,5.755596342317673,1,0,3,anti_homophones
31518,chQ1kO4,7,-6.5923771895313035,2,6.5923771895313035,1,0,1,anti_homophones
31519,shu1fa1,7,-6.0145205995230695,2,6.0145205995230695,1,0,2,anti_homophones
31520,rUn3qu4,7,-6.203370718342746,2,6.203370718342746,1,0,1,anti_homophones
31521,jL1bQ4,6,-5.859042451381453,2,5.859042451381453,1,0,2,anti_homophones
31522,bA4gu3,6,-6.565022633893326,2,6.565022633893326,1,0,6,anti_homophones
31523,hE1ding2,8,-5.919481665507475,2,5.919481665507475,1,0,0,anti_homophones
31524,shV3ku3,7,-6.5489509090825795,2,6.5489509090825795,1,0,3,anti_homophones
31525,mV2ceng2,8,-7.7209896660587924,2,7.7209896660587924,1,0,2,anti_homophones
31526,qi2pQ2,6,-6.034299174663372,2,6.034299174663372,1,0,1,anti_homophones
31527,xLng4lA2,8,-6.227565001295973,2,6.227565001295973,1,0,0,anti_homophones
31528,ku1lu4,6,-5.224825018962542,2,5.224825018962542,1,0,8,anti_homophones
31529,qW1bo1,6,-6.479597168275355,2,6.479597168275355,1,0,0,anti_homophones
31530,tu1jL1,6,-5.72007103379307,2,5.72007103379307,1,0,3,anti_homophones
31531,wA4zhe1,7,-6.742137594788486,2,6.742137594788486,1,0,3,anti_homophones
31532,mu2bing4,8,-6.8888374239039925,2,6.8888374239039925,1,0,3,anti_homophones
31533,bE4yu2,6,-5.525079383153742,2,5.525079383153742,1,0,4,anti_homophones
31534,qing3feng1,10,-6.569159735996994,2,6.569159735996994,1,0,2,anti_homophones
31535,fen2wu1,7,-7.400010384730774,2,7.400010384730774,1,0,0,anti_homophones
31536,ting1shi4,9,-5.854753065950988,2,5.854753065950988,1,0,5,anti_homophones
31537,yun2he2,7,-6.088762063351512,2,6.088762063351512,1,0,2,anti_homophones
31538,wo1xC2,6,-5.7209318013745225,2,5.7209318013745225,1,0,2,anti_homophones
31539,shI4kong3,9,-6.996631783858546,2,6.996631783858546,1,0,0,anti_homophones
31540,hP2shi4,7,-6.181017006758287,2,6.181017006758287,1,0,4,anti_homophones
31541,wang4an1,8,-6.896304197196344,2,6.896304197196344,1,0,0,anti_homophones
31542,an1an1,6,-6.231715011073883,2,6.231715011073883,1,0,1,anti_homophones
31543,ming4jL4,8,-5.980513503677486,2,5.980513503677486,1,0,1,anti_homophones
31544,ji4zi3,6,-5.767302837766336,2,5.767302837766336,1,0,4,anti_homophones
31545,ma2fa2,6,-5.978062176525178,2,5.978062176525178,1,0,2,anti_homophones
31546,shV4zi5,7,-5.149492755236858,2,5.149492755236858,1,0,5,anti_homophones
31547,e4gUng1,7,-5.579457913220002,2,5.579457913220002,1,0,2,anti_homophones
31548,peng3mE4,8,-8.588606152289888,2,8.588606152289888,1,0,0,anti_homophones
31549,xi3ge1,6,-6.968811299955474,2,6.968811299955474,1,0,0,anti_homophones
31550,yUn2zA1,7,-6.180145479976582,2,6.180145479976582,1,0,2,anti_homophones
31551,si1xing2,8,-5.673079311526272,2,5.673079311526272,1,0,3,anti_homophones
31552,shu4meng4,9,-6.937096160656763,2,6.937096160656763,1,0,0,anti_homophones
31553,shi2ci2,7,-5.716416139032497,2,5.716416139032497,1,0,4,anti_homophones
31554,zA4ren2,7,-4.978018091937797,2,4.978018091937797,1,0,9,anti_homophones
31555,chUn4wu1,8,-7.32528861784869,2,7.32528861784869,1,0,0,anti_homophones
31556,shV3jK3,7,-5.410300209418308,2,5.410300209418308,1,0,1,anti_homophones
31557,pLn1li4,7,-5.926953903691468,2,5.926953903691468,1,0,4,anti_homophones
31558,pen1xing1,9,-6.421078353170397,2,6.421078353170397,1,0,1,anti_homophones
31559,cheng1yan3,10,-6.025530231762289,2,6.025530231762289,1,0,0,anti_homophones
31560,zi4xin1,7,-4.925292496768906,2,4.925292496768906,1,0,7,anti_homophones
31561,mo4dLn4,7,-5.659266552696697,2,5.659266552696697,1,0,5,anti_homophones
31562,qing3wE4,8,-5.968934145184294,2,5.968934145184294,1,0,0,anti_homophones
31563,he2cheng1,9,-5.645773235971231,2,5.645773235971231,1,0,0,anti_homophones
31564,gO2shi4,7,-5.282698198433986,2,5.282698198433986,1,0,2,anti_homophones
31565,gQ1gP1,6,-6.517325923712383,2,6.517325923712383,1,0,2,anti_homophones
31566,gan1xL4,7,-6.0509580353122105,2,6.0509580353122105,1,0,5,anti_homophones
31567,chV3zI4,7,-7.383786408268202,2,7.383786408268202,1,0,1,anti_homophones
31568,qW3tan2,7,-8.099112741788211,2,8.099112741788211,1,0,1,anti_homophones
31569,fen1jC2,7,-5.904558031554064,2,5.904558031554064,1,0,0,anti_homophones
31570,zi4chu4,7,-5.761273553950403,2,5.761273553950403,1,0,3,anti_homophones
31571,man4fan2,8,-6.977859656811988,2,6.977859656811988,1,0,1,anti_homophones
31572,tI1ci2,6,-5.561309802591934,2,5.561309802591934,1,0,1,anti_homophones
31573,peng1wE3,8,-6.817991811413452,2,6.817991811413452,1,0,2,anti_homophones
31574,fu4wen2,7,-5.375078843035628,2,5.375078843035628,1,0,3,anti_homophones
31575,xi3lu2,6,-7.020993375616507,2,7.020993375616507,1,0,1,anti_homophones
31576,shP4xLn4,8,-6.130040282226094,2,6.130040282226094,1,0,6,anti_homophones
31577,shen2wang2,10,-6.292608930475224,2,6.292608930475224,1,0,0,anti_homophones
31578,shan3bang2,10,-7.512440755792491,2,7.512440755792491,1,0,1,anti_homophones
31579,tO1er5,6,-5.818962369518979,2,5.818962369518979,1,0,0,anti_homophones
31580,shi2gu5,7,-6.162192933746528,2,6.162192933746528,1,0,2,anti_homophones
31581,tW2qW2,6,-5.89053642959655,2,5.89053642959655,1,0,0,anti_homophones
31582,chQ1lE4,7,-7.7025710183426055,2,7.7025710183426055,1,0,0,anti_homophones
31583,fang1ma3,8,-6.3232474244986605,2,6.3232474244986605,1,0,0,anti_homophones
31584,xM2su2,6,-6.380212642688757,2,6.380212642688757,1,0,2,anti_homophones
31585,ke4jM4,6,-5.762459177747992,2,5.762459177747992,1,0,1,anti_homophones
31586,zhu3yu2,7,-5.248195766993603,2,5.248195766993603,1,0,6,anti_homophones
31587,jLn4lLng3,9,-6.218505058928342,2,6.218505058928342,1,0,0,anti_homophones
31588,jing1zi5,8,-5.203593429751635,2,5.203593429751635,1,0,7,anti_homophones
31589,gu1ke4,6,-5.822693458250328,2,5.822693458250328,1,0,0,anti_homophones
31590,kan4cI4,7,-7.137628105040129,2,7.137628105040129,1,0,1,anti_homophones
31591,dun4lM4,7,-6.808413479901267,2,6.808413479901267,1,0,0,anti_homophones
31592,sha1zQ1,7,-6.512186096501816,2,6.512186096501816,1,0,2,anti_homophones
31593,ni3qu4,6,-6.17830656014701,2,6.17830656014701,1,0,1,anti_homophones
31594,zhI1peng1,9,-6.4911518325031095,2,6.4911518325031095,1,0,1,anti_homophones
31595,chQ1zhang2,10,-6.286032836984728,2,6.286032836984728,1,0,0,anti_homophones
31596,zhi2hu1,7,-6.293544528634021,2,6.293544528634021,1,0,3,anti_homophones
31597,chang1wang1,11,-7.01657408555031,2,7.01657408555031,1,0,2,anti_homophones
31598,di4dong2,8,-6.061220907129329,2,6.061220907129329,1,0,1,anti_homophones
31599,hUn1tM4,7,-7.722542847705897,2,7.722542847705897,1,0,0,anti_homophones
31600,zeng2cha1,9,-7.245617081100469,2,7.245617081100469,1,0,0,anti_homophones
31601,dA4bo2,6,-5.975829303646331,2,5.975829303646331,1,0,2,anti_homophones
31602,ping4wen2,9,-6.834929499589847,2,6.834929499589847,1,0,1,anti_homophones
31603,ni4wu4,6,-5.874045256925403,2,5.874045256925403,1,0,6,anti_homophones
31604,shUng4zhi1,10,-6.872910299724207,2,6.872910299724207,1,0,0,anti_homophones
31605,hong3jM2,8,-6.513941975913948,2,6.513941975913948,1,0,1,anti_homophones
31606,yV2lang4,8,-6.0835301252074885,2,6.0835301252074885,1,0,1,anti_homophones
31607,mQ4yin1,7,-6.076498684995909,2,6.076498684995909,1,0,0,anti_homophones
31608,fang2dW4,8,-6.162742325426342,2,6.162742325426342,1,0,2,anti_homophones
31609,jW3ti3,6,-5.500713361092011,2,5.500713361092011,1,0,4,anti_homophones
31610,gong1dan4,9,-5.882435343941409,2,5.882435343941409,1,0,4,anti_homophones
31611,mi4dLn4,7,-5.937343228455245,2,5.937343228455245,1,0,6,anti_homophones
31612,du2yV3,6,-5.952001547257109,2,5.952001547257109,1,0,2,anti_homophones
31613,nong1feng2,10,-6.67671697366794,2,6.67671697366794,1,0,1,anti_homophones
31614,yUn1ya2,7,-7.184118088151265,2,7.184118088151265,1,0,0,anti_homophones
31615,xi1dong2,8,-6.1566030240961505,2,6.1566030240961505,1,0,1,anti_homophones
31616,dW4dQ4,6,-5.05571467189942,2,5.05571467189942,1,1,6,anti_homophones
31617,mu4gan1,7,-6.10100187270917,2,6.10100187270917,1,0,2,anti_homophones
31618,kA1xi2,6,-5.9177425492743065,2,5.9177425492743065,1,0,2,anti_homophones
31619,mang4kV3,8,-6.705319621909029,2,6.705319621909029,1,0,1,anti_homophones
31620,shV3ti3,7,-5.248390283918595,2,5.248390283918595,1,0,2,anti_homophones
31621,jM2zhi3,7,-5.716821929439833,2,5.716821929439833,1,0,3,anti_homophones
31622,mLn4yun2,8,-6.6178615063119475,2,6.6178615063119475,1,0,1,anti_homophones
31623,xM2dUn1,7,-6.241830449456281,2,6.241830449456281,1,0,1,anti_homophones
31624,pA1she2,7,-6.88289013884767,2,6.88289013884767,1,0,1,anti_homophones
31625,du1si5,6,-7.547521357284781,2,7.547521357284781,1,0,0,anti_homophones
31626,wu1lu4,6,-5.174737721522714,2,5.174737721522714,1,0,11,anti_homophones
31627,xLn4tQ4,7,-6.142106636279035,2,6.142106636279035,1,0,2,anti_homophones
31628,ku1zhu4,7,-6.1099542960088336,2,6.1099542960088336,1,0,3,anti_homophones
31629,xL4cA3,6,-6.818625986379283,2,6.818625986379283,1,0,0,anti_homophones
31630,yi1dQ4,6,-4.789535743495963,2,4.789535743495963,1,0,12,anti_homophones
31631,fu4zI4,6,-5.571758435799483,2,5.571758435799483,1,0,3,anti_homophones
31632,yang2wE4,8,-5.722633437449303,2,5.722633437449303,1,0,3,anti_homophones
31633,he2zhi3,7,-5.5859500715060975,2,5.5859500715060975,1,0,3,anti_homophones
31634,pu2gU1,6,-6.912601822997122,2,6.912601822997122,1,0,0,anti_homophones
31635,jin3jL4,7,-5.89789265330692,2,5.89789265330692,1,0,1,anti_homophones
31636,lM4bE4,6,-5.441004996326423,2,5.441004996326423,1,0,1,anti_homophones
31637,chQ1yUn2,8,-5.645320568663929,2,5.645320568663929,1,0,2,anti_homophones
31638,chan1ge2,8,-6.655339655822775,2,6.655339655822775,1,0,0,anti_homophones
31639,fu2jL1,6,-6.078485504726386,2,6.078485504726386,1,0,3,anti_homophones
31640,wen2xing1,9,-5.849825768915797,2,5.849825768915797,1,0,3,anti_homophones
31641,jL3zhe5,7,-6.581569174444668,2,6.581569174444668,1,0,2,anti_homophones
31642,chong4lA2,9,-6.6903965699276435,2,6.6903965699276435,1,0,0,anti_homophones
31643,e4lv4,5,-6.148741392585654,2,6.148741392585654,1,0,4,anti_homophones
31644,sheng1xing1,11,-5.67884857963317,2,5.67884857963317,1,1,3,anti_homophones
31645,peng4zha4,9,-7.608447392601951,2,7.608447392601951,1,0,0,anti_homophones
31646,chun1bu4,8,-6.424001842286304,2,6.424001842286304,1,0,1,anti_homophones
31647,yUn2pLn4,8,-5.75298082002084,2,5.75298082002084,1,0,3,anti_homophones
31648,ma3cQ1,6,-6.706132570264111,2,6.706132570264111,1,0,1,anti_homophones
31649,chu1san4,8,-6.06057703006272,2,6.06057703006272,1,0,5,anti_homophones
31650,ru2chang3,9,-6.0970082696398125,2,6.0970082696398125,1,0,0,anti_homophones
31651,yV2ren4,7,-5.6244988584371365,2,5.6244988584371365,1,0,4,anti_homophones
31652,feng4zhong2,11,-6.5811881521387,2,6.5811881521387,1,0,2,anti_homophones
31653,hong2ku4,8,-6.67198545187947,2,6.67198545187947,1,0,0,anti_homophones
31654,zheng1zhi3,10,-5.788191117174294,2,5.788191117174294,1,0,4,anti_homophones
31655,hU1gan1,7,-6.041845325490856,2,6.041845325490856,1,0,1,anti_homophones
31656,di4qK2,6,-5.474291599695539,2,5.474291599695539,1,0,2,anti_homophones
31657,dan1ji4,7,-5.572148163394836,2,5.572148163394836,1,1,8,anti_homophones
31658,qi2xYng1,8,-5.971663020972808,2,5.971663020972808,1,0,1,anti_homophones
31659,he2ti3,6,-4.999616737276157,2,4.999616737276157,1,0,5,anti_homophones
31660,fa4she4,7,-6.515411422796249,2,6.515411422796249,1,0,2,anti_homophones
31661,qUn2xing4,9,-5.754062662101282,2,5.754062662101282,1,0,4,anti_homophones
31662,zhUn1qM4,8,-6.4793101960127455,2,6.4793101960127455,1,0,1,anti_homophones
31663,ku3feng1,8,-6.388488415877667,2,6.388488415877667,1,0,3,anti_homophones
31664,zi3xLn4,7,-5.998735582739969,2,5.998735582739969,1,0,5,anti_homophones
31665,heng4nLn2,9,-7.165758165487935,2,7.165758165487935,1,0,0,anti_homophones
31666,bA2jun1,7,-5.59436364971662,2,5.59436364971662,1,0,2,anti_homophones
31667,chang4sheng3,12,-6.852609775118958,2,6.852609775118958,1,0,0,anti_homophones
31668,gQ1na4,6,-5.6594317663732925,2,5.6594317663732925,1,1,2,anti_homophones
31669,mu4yi4,6,-5.097074109159678,2,5.097074109159678,1,0,9,anti_homophones
31670,jing1ba3,8,-7.086638846345435,2,7.086638846345435,1,0,0,anti_homophones
31671,shi4bi4,7,-5.6964374830951225,2,5.6964374830951225,1,0,8,anti_homophones
31672,zhe2lv4,7,-6.221199408077405,2,6.221199408077405,1,0,2,anti_homophones
31673,jW1lK1,6,-5.699662046615693,2,5.699662046615693,1,0,1,anti_homophones
31674,xin1su4,7,-5.701845526751706,2,5.701845526751706,1,0,6,anti_homophones
31675,gUn3xL4,7,-5.985877894829881,2,5.985877894829881,1,0,2,anti_homophones
31676,lLng3wE3,8,-6.996196995607969,2,6.996196995607969,1,0,1,anti_homophones
31677,zi4sA4,6,-5.466403911480005,2,5.466403911480005,1,0,4,anti_homophones
31678,gan1zhong4,10,-6.119593742009739,2,6.119593742009739,1,0,2,anti_homophones
31679,ma2yUn2,7,-5.3424580085451145,2,5.3424580085451145,1,0,0,anti_homophones
31680,bA4xLn4,7,-5.801107316784822,2,5.801107316784822,1,0,3,anti_homophones
31681,kUn3xing4,9,-6.314032208825151,2,6.314032208825151,1,0,0,anti_homophones
31682,lu4hU4,6,-5.496186743695006,2,5.496186743695006,1,0,7,anti_homophones
31683,jin1jL4,7,-5.405489891921168,2,5.405489891921168,1,0,7,anti_homophones
31684,tong4su4,8,-5.956184189130074,2,5.956184189130074,1,0,2,anti_homophones
31685,bu4an4,6,-4.558138372429296,2,4.558138372429296,1,0,4,anti_homophones
31686,bLn4deng1,9,-6.66241558190774,2,6.66241558190774,1,0,1,anti_homophones
31687,di1chQ1,7,-6.9329198628612945,2,6.9329198628612945,1,0,1,anti_homophones
31688,jLn4zi3,7,-5.369111674403077,2,5.369111674403077,1,0,2,anti_homophones
31689,ye1fE1,6,-5.751709322981762,2,5.751709322981762,1,0,1,anti_homophones
31690,min2zi5,7,-5.300614474348928,2,5.300614474348928,1,0,3,anti_homophones
31691,yQ4xing4,8,-5.652428232155388,2,5.652428232155388,1,0,3,anti_homophones
31692,xu4he2,6,-5.883106976372636,2,5.883106976372636,1,0,3,anti_homophones
31693,fa3lan4,7,-6.367877967018905,2,6.367877967018905,1,0,2,anti_homophones
31694,pQ4pLn4,7,-6.11174597744529,2,6.11174597744529,1,0,0,anti_homophones
31695,run4ru4,7,-6.922710226510082,2,6.922710226510082,1,0,0,anti_homophones
31696,pu3ji2,6,-6.0600749524869295,2,6.0600749524869295,1,0,5,anti_homophones
31697,zan4ling4,9,-7.0082083305718665,2,7.0082083305718665,1,0,1,anti_homophones
31698,dong3lE5,8,-8.7277697890048,2,8.7277697890048,1,0,0,anti_homophones
31699,jLng1ming1,10,-6.556302948474887,2,6.556302948474887,1,0,3,anti_homophones
31700,cheng1dO1,9,-6.652557787449816,2,6.652557787449816,1,0,0,anti_homophones
31701,lK1hQ2,6,-6.226978616625425,2,6.226978616625425,1,0,1,anti_homophones
31702,dLn4tan3,8,-6.658253130449208,2,6.658253130449208,1,0,1,anti_homophones
31703,zQ4wE4,6,-5.46450720183071,2,5.46450720183071,1,0,6,anti_homophones
31704,jin4lV2,7,-6.204185908486252,2,6.204185908486252,1,0,3,anti_homophones
31705,an1fang4,8,-6.092875730218263,2,6.092875730218263,1,0,2,anti_homophones
31706,pi1che1,7,-5.9841172350551375,2,5.9841172350551375,1,0,3,anti_homophones
31707,chu1cQ2,7,-6.296481713551036,2,6.296481713551036,1,0,2,anti_homophones
31708,bE3xK1,6,-7.417931172967183,2,7.417931172967183,1,0,0,anti_homophones
31709,xW4yV5,6,-6.748434317392449,2,6.748434317392449,1,0,0,anti_homophones
31710,hong3hU4,8,-6.121739874403219,2,6.121739874403219,1,0,5,anti_homophones
31711,da4wang3,8,-5.577501616598268,2,5.577501616598268,1,0,5,anti_homophones
31712,mang2li4,8,-6.149869742453053,2,6.149869742453053,1,0,4,anti_homophones
31713,sheng1he4,9,-6.323958652337163,2,6.323958652337163,1,0,5,anti_homophones
31714,ming2yUn3,9,-6.496863035458775,2,6.496863035458775,1,0,1,anti_homophones
31715,kong2xC2,8,-6.319927971226716,2,6.319927971226716,1,0,0,anti_homophones
31716,yi1cha2,7,-5.333803465426292,2,5.333803465426292,1,0,1,anti_homophones
31717,jW3ben1,7,-6.946765888230805,2,6.946765888230805,1,0,0,anti_homophones
31718,qi3yun3,7,-7.066690389402698,2,7.066690389402698,1,0,1,anti_homophones
31719,nK2bing4,8,-6.217865735776406,2,6.217865735776406,1,0,1,anti_homophones
31720,dQ4de2,6,-5.725307568888498,2,5.725307568888498,1,0,2,anti_homophones
31721,men2zhe3,8,-5.864146702964444,2,5.864146702964444,1,0,0,anti_homophones
31722,bi3hO2,6,-6.787724905492434,2,6.787724905492434,1,0,0,anti_homophones
31723,po4zi1,6,-7.042495142287368,2,7.042495142287368,1,0,0,anti_homophones
31724,tang3qK2,8,-6.20950938011817,2,6.20950938011817,1,0,1,anti_homophones
31725,tV1du2,6,-6.00737815925864,2,6.00737815925864,1,0,2,anti_homophones
31726,geng2yan2,9,-6.678940026794454,2,6.678940026794454,1,0,3,anti_homophones
31727,yUn2wen2,8,-5.635785136271696,2,5.635785136271696,1,0,0,anti_homophones
31728,hI2zun1,7,-7.766133600576438,2,7.766133600576438,1,0,0,anti_homophones
31729,tO1ci3,6,-6.304867605252392,2,6.304867605252392,1,0,0,anti_homophones
31730,shang3yu3,9,-5.98497950433443,2,5.98497950433443,1,0,0,anti_homophones
31731,tV2gUng4,8,-6.069250796860555,2,6.069250796860555,1,0,1,anti_homophones
31732,fa1pin3,7,-5.866999860457649,2,5.866999860457649,1,0,0,anti_homophones
31733,mE2kong2,8,-6.134644769128525,2,6.134644769128525,1,0,3,anti_homophones
31734,yin3yu2,7,-5.912196060119735,2,5.912196060119735,1,0,3,anti_homophones
31735,kUng4yUn2,9,-6.451786946354982,2,6.451786946354982,1,0,1,anti_homophones
31736,can2pin3,8,-6.930496788598493,2,6.930496788598493,1,0,0,anti_homophones
31737,da4qi3,6,-5.2773990049159085,2,5.2773990049159085,1,0,10,anti_homophones
31738,xLn2shen1,9,-6.499357131370265,2,6.499357131370265,1,0,2,anti_homophones
31739,tV2ke4,6,-5.660145138860073,2,5.660145138860073,1,0,1,anti_homophones
31740,gan3chang3,10,-6.145611412951397,2,6.145611412951397,1,0,1,anti_homophones
31741,shu1ben1,8,-6.620018471195819,2,6.620018471195819,1,0,1,anti_homophones
31742,zA4wu4,6,-5.214928878342012,2,5.214928878342012,1,0,5,anti_homophones
31743,bA3zQ4,6,-5.916085600398212,2,5.916085600398212,1,0,0,anti_homophones
31744,fen4zhen1,9,-6.200075998184254,2,6.200075998184254,1,0,0,anti_homophones
31745,yQ4zheng2,9,-6.32649180944752,2,6.32649180944752,1,0,1,anti_homophones
31746,qing4fu1,8,-6.251303928835314,2,6.251303928835314,1,0,2,anti_homophones
31747,shi4ming4,9,-5.768827112392999,2,5.768827112392999,1,0,5,anti_homophones
31748,gU3ru4,6,-6.601050261244152,2,6.601050261244152,1,0,2,anti_homophones
31749,jK4men2,7,-5.570193669762838,2,5.570193669762838,1,0,1,anti_homophones
31750,pu1gu1,6,-6.88059097569929,2,6.88059097569929,1,0,3,anti_homophones
31751,chen2qu4,8,-6.660163390489978,2,6.660163390489978,1,0,1,anti_homophones
31752,qLn1fa3,7,-5.633748614388789,2,5.633748614388789,1,0,1,anti_homophones
31753,jL1nQ4,6,-6.019847905720466,2,6.019847905720466,1,0,2,anti_homophones
31754,shang1zha1,10,-7.033557050061658,2,7.033557050061658,1,0,2,anti_homophones
31755,tang1gI4,8,-7.131592051976348,2,7.131592051976348,1,0,0,anti_homophones
31756,rO4lUn3,7,-7.389768964218339,2,7.389768964218339,1,0,0,anti_homophones
31757,xK1ji1,6,-5.361507597561276,2,5.361507597561276,1,0,5,anti_homophones
31758,Q4yu3,5,-6.082962034926578,2,6.082962034926578,1,0,3,anti_homophones
31759,fan1bang4,9,-7.231210389200471,2,7.231210389200471,1,0,2,anti_homophones
31760,tu1fa4,6,-6.448981024149066,2,6.448981024149066,1,0,0,anti_homophones
31761,chV3qLn2,8,-6.985302526823625,2,6.985302526823625,1,0,0,anti_homophones
31762,zhu3cO4,7,-6.338783138371237,2,6.338783138371237,1,0,1,anti_homophones
31763,hI2xing1,8,-5.756488424727671,2,5.756488424727671,1,0,4,anti_homophones
31764,feng4pLn1,9,-6.756396748992335,2,6.756396748992335,1,0,0,anti_homophones
31765,jLn4yu3,7,-5.530792647144537,2,5.530792647144537,1,0,5,anti_homophones
31766,fan2fE4,7,-6.46071306848962,2,6.46071306848962,1,0,1,anti_homophones
31767,fen2qin2,8,-7.645512952918472,2,7.645512952918472,1,0,1,anti_homophones
31768,hE1tu2,6,-5.880129144014379,2,5.880129144014379,1,0,2,anti_homophones
31769,xK1dLn3,7,-5.863387763746959,2,5.863387763746959,1,0,2,anti_homophones
31770,yong1hI4,8,-5.954589828724025,2,5.954589828724025,1,0,1,anti_homophones
31771,ge4zhi3,7,-5.594337524444075,2,5.594337524444075,1,0,5,anti_homophones
31772,jC2hV4,6,-5.5526380275363,2,5.5526380275363,1,0,2,anti_homophones
31773,chV3chan2,9,-7.651929748761431,2,7.651929748761431,1,0,0,anti_homophones
31774,zheng1tong4,11,-6.08690333380159,2,6.08690333380159,1,0,1,anti_homophones
31775,kA1chang2,9,-5.656907017326595,2,5.656907017326595,1,0,2,anti_homophones
31776,jL3zhi1,7,-5.676862049854995,2,5.676862049854995,1,0,2,anti_homophones
31777,gong3ce4,8,-6.707409279159031,2,6.707409279159031,1,0,2,anti_homophones
31778,sA1yi4,6,-6.57332396205669,2,6.57332396205669,1,0,1,anti_homophones
31779,xW3jW3,6,-5.106468586686123,2,5.106468586686123,1,0,6,anti_homophones
31780,yV2cha2,7,-5.859133406841701,2,5.859133406841701,1,0,1,anti_homophones
31781,bQ4ze2,6,-6.018699123154117,2,6.018699123154117,1,0,1,anti_homophones
31782,zheng3ji3,9,-6.954852305473312,2,6.954852305473312,1,0,2,anti_homophones
31783,mLn2bi3,7,-6.676436156453266,2,6.676436156453266,1,0,2,anti_homophones
31784,jL1bang1,8,-6.405554534163556,2,6.405554534163556,1,0,0,anti_homophones
31785,shu1ju4,7,-5.585703868626241,2,5.585703868626241,1,0,5,anti_homophones
31786,jin4xLng4,9,-5.5179842114255075,2,5.5179842114255075,1,0,0,anti_homophones
31787,ge1qUn1,7,-6.788485522049582,2,6.788485522049582,1,0,0,anti_homophones
31788,shan3jW3,8,-6.245678344918954,2,6.245678344918954,1,0,0,anti_homophones
31789,tM3mE4,6,-5.167306988741789,2,5.167306988741789,1,0,1,anti_homophones
31790,cong4yi4,8,-6.115410102325594,2,6.115410102325594,1,0,3,anti_homophones
31791,xW4lQ2,6,-6.339146028114695,2,6.339146028114695,1,0,0,anti_homophones
31792,bA3nLn1,7,-7.861025439314385,2,7.861025439314385,1,0,2,anti_homophones
31793,zhong2dUn4,10,-6.459051355612569,2,6.459051355612569,1,0,1,anti_homophones
31794,di3pan2,7,-6.397156273019356,2,6.397156273019356,1,0,2,anti_homophones
31795,rV2ren2,7,-4.7888001709602905,2,4.7888001709602905,1,0,4,anti_homophones
31796,sUn1nA3,7,-7.068266408558635,2,7.068266408558635,1,0,0,anti_homophones
31797,fa1zhong3,9,-6.418321556067241,2,6.418321556067241,1,0,1,anti_homophones
31798,an1she3,7,-6.766246725227553,2,6.766246725227553,1,0,2,anti_homophones
31799,bo4hUng1,8,-6.594890606089332,2,6.594890606089332,1,0,0,anti_homophones
31800,lQ2lO4,6,-6.157918917556566,2,6.157918917556566,1,0,0,anti_homophones
31801,bu4tong4,8,-5.30547543018378,2,5.30547543018378,1,0,4,anti_homophones
31802,wang3zhu4,9,-6.24135307761953,2,6.24135307761953,1,0,3,anti_homophones
31803,dang1jL4,8,-6.190458484400542,2,6.190458484400542,1,0,2,anti_homophones
31804,shang2lK2,9,-5.867631294313196,2,5.867631294313196,1,0,1,anti_homophones
31805,er3mang3,8,-6.842552512054229,2,6.842552512054229,1,0,0,anti_homophones
31806,sheng1wE1,9,-6.057457834238744,2,6.057457834238744,1,0,1,anti_homophones
31807,zun1gUn4,8,-6.913612011499348,2,6.913612011499348,1,0,1,anti_homophones
31808,zheng4xi1,9,-6.245883724498561,2,6.245883724498561,1,0,3,anti_homophones
31809,yC2xLng1,8,-9.022130322631174,2,9.022130322631174,1,0,0,anti_homophones
31810,wu1nv3,6,-5.733514927570536,2,5.733514927570536,1,0,1,anti_homophones
31811,mE2pu2,6,-6.281312575535116,2,6.281312575535116,1,0,0,anti_homophones
31812,zeng2qi4,8,-6.159832918059009,2,6.159832918059009,1,0,3,anti_homophones
31813,hA3lu4,6,-5.243813226837636,2,5.243813226837636,1,0,5,anti_homophones
31814,gUn1ying2,9,-5.939905167356056,2,5.939905167356056,1,0,2,anti_homophones
31815,shI3gUn4,8,-5.771507322037275,2,5.771507322037275,1,0,0,anti_homophones
31816,jin1dang4,9,-6.771530914368181,2,6.771530914368181,1,0,1,anti_homophones
31817,fan2zV4,7,-6.8070904752875565,2,6.8070904752875565,1,0,2,anti_homophones
31818,chI2qu4,7,-6.317447636489239,2,6.317447636489239,1,0,1,anti_homophones
31819,nLng3zhUng4,11,-8.057485747387311,2,8.057485747387311,1,0,0,anti_homophones
31820,di1A3,5,-5.116287578572022,2,5.116287578572022,1,1,0,anti_homophones
31821,ying3du2,8,-6.723899193535203,2,6.723899193535203,1,0,1,anti_homophones
31822,gong1qUn2,9,-5.554628909003679,2,5.554628909003679,1,0,2,anti_homophones
31823,li4zi5,6,-5.079544264474949,2,5.079544264474949,1,0,8,anti_homophones
31824,xi4er2,6,-6.520242924861484,2,6.520242924861484,1,0,4,anti_homophones
31825,xK1fu4,6,-6.1224591763419465,2,6.1224591763419465,1,0,4,anti_homophones
31826,lun4heng4,9,-7.355129437903715,2,7.355129437903715,1,0,0,anti_homophones
31827,dO1sO1,6,-5.503185887032319,2,5.503185887032319,1,0,0,anti_homophones
31828,lQ3wE2,6,-6.0536751377033164,2,6.0536751377033164,1,0,2,anti_homophones
31829,jW1tang1,8,-6.085025846618173,2,6.085025846618173,1,0,1,anti_homophones
31830,qC4wE2,6,-6.53366206054212,2,6.53366206054212,1,0,0,anti_homophones
31831,chUng3lK2,9,-7.1477244756468385,2,7.1477244756468385,1,0,0,anti_homophones
31832,zhan2ru4,8,-6.933362015648269,2,6.933362015648269,1,0,0,anti_homophones
31833,rQ4kang4,8,-6.897212940256561,2,6.897212940256561,1,0,0,anti_homophones
31834,hong1sheng2,11,-6.32611981262931,2,6.32611981262931,1,0,0,anti_homophones
31835,ji1cheng2,9,-5.886721700400594,2,5.886721700400594,1,0,2,anti_homophones
31836,chUng1gUn4,10,-6.401919959474245,2,6.401919959474245,1,0,1,anti_homophones
31837,ping2lun4,9,-6.6634825216762446,2,6.6634825216762446,1,0,1,anti_homophones
31838,zha2hUng1,9,-7.178489793608288,2,7.178489793608288,1,0,0,anti_homophones
31839,yi3zhu3,7,-6.228121159176023,2,6.228121159176023,1,0,3,anti_homophones
31840,xing2zhi4,9,-5.441808785160651,2,5.441808785160651,1,0,1,anti_homophones
31841,ri4chan3,8,-6.4325171820233935,2,6.4325171820233935,1,0,1,anti_homophones
31842,xin1xi2,7,-5.6309287514140705,2,5.6309287514140705,1,0,5,anti_homophones
31843,rUn3ran2,8,-6.000399581174031,2,6.000399581174031,1,0,3,anti_homophones
31844,zang4ci2,8,-6.991922276899354,2,6.991922276899354,1,0,1,anti_homophones
31845,can2xL2,7,-6.939217836618892,2,6.939217836618892,1,0,0,anti_homophones
31846,yC4shu4,7,-5.6805354532249694,2,5.6805354532249694,1,0,6,anti_homophones
31847,si3gQ4,6,-6.248581771086535,2,6.248581771086535,1,0,2,anti_homophones
31848,hO4hUng1,8,-6.699952458882542,2,6.699952458882542,1,0,1,anti_homophones
31849,la1jing4,8,-5.671349184972052,2,5.671349184972052,1,0,1,anti_homophones
31850,chQ1xL4,7,-5.970141624772704,2,5.970141624772704,1,0,4,anti_homophones
31851,qM1gO1,6,-6.177741827559204,2,6.177741827559204,1,0,0,anti_homophones
31852,ku1shi4,7,-5.286745983024335,2,5.286745983024335,1,0,4,anti_homophones
31853,yang3ya1,8,-6.638923795728595,2,6.638923795728595,1,0,0,anti_homophones
31854,jLn3hUng1,9,-6.7113628054385375,2,6.7113628054385375,1,0,2,anti_homophones
31855,shV1rang4,9,-6.9610763599500265,2,6.9610763599500265,1,0,1,anti_homophones
31856,jLn4cong4,9,-6.673774263767566,2,6.673774263767566,1,0,2,anti_homophones
31857,xin1zhi4,8,-5.403771645049221,2,5.403771645049221,1,0,2,anti_homophones
31858,bu4gu3,6,-4.922836296585823,2,4.922836296585823,1,0,9,anti_homophones
31859,wo4zi5,6,-5.9209792795014575,2,5.9209792795014575,1,0,3,anti_homophones
31860,gUng2ding3,10,-7.421366965764284,2,7.421366965764284,1,0,0,anti_homophones
31861,gen2zheng4,10,-8.142980268233613,2,8.142980268233613,1,0,0,anti_homophones
31862,hO4xC2,6,-6.288012696811518,2,6.288012696811518,1,0,2,anti_homophones
31863,hO3mQ4,6,-5.782585763946115,2,5.782585763946115,1,0,2,anti_homophones
31864,tW3qi4,6,-5.577853737942955,2,5.577853737942955,1,0,7,anti_homophones
31865,gan1dong4,9,-6.134830687928112,2,6.134830687928112,1,0,0,anti_homophones
31866,ji4ji2,6,-5.243799243325859,2,5.243799243325859,1,0,8,anti_homophones
31867,qK2jun1,7,-5.908211766313308,2,5.908211766313308,1,0,0,anti_homophones
31868,re4shan2,8,-6.89022548453392,2,6.89022548453392,1,0,1,anti_homophones
31869,qing3zhong4,11,-6.459090388402716,2,6.459090388402716,1,0,1,anti_homophones
31870,feng4zhi3,9,-6.120462130674549,2,6.120462130674549,1,0,3,anti_homophones
31871,jLn1shen1,9,-6.0644960945272315,2,6.0644960945272315,1,0,1,anti_homophones
31872,gI1hI4,6,-5.4088696055987295,2,5.4088696055987295,1,0,5,anti_homophones
31873,tW3zhi4,7,-5.571593700994493,2,5.571593700994493,1,0,2,anti_homophones
31874,fu1ya2,6,-7.061608736734807,2,7.061608736734807,1,0,1,anti_homophones
31875,zhe1cQ2,7,-7.381209550163979,2,7.381209550163979,1,0,0,anti_homophones
31876,qK2chu4,7,-6.089815499748327,2,6.089815499748327,1,0,3,anti_homophones
31877,li2xLng3,8,-6.205040877966041,2,6.205040877966041,1,0,2,anti_homophones
31878,zi4de2,6,-5.19352747396878,2,5.19352747396878,1,0,8,anti_homophones
31879,ping2shen4,10,-6.646224380446497,2,6.646224380446497,1,0,1,anti_homophones
31880,zheng4mo4,9,-6.850167707690445,2,6.850167707690445,1,0,0,anti_homophones
31881,tong3shV3,9,-6.172212323454053,2,6.172212323454053,1,0,2,anti_homophones
31882,ren2yUn4,8,-5.741083588026356,2,5.741083588026356,1,0,2,anti_homophones
31883,dV4ji1,6,-5.258147234280341,2,5.258147234280341,1,0,6,anti_homophones
31884,yi2yV2,6,-5.953032123896552,2,5.953032123896552,1,0,6,anti_homophones
31885,jM4che1,7,-5.655273410811904,2,5.655273410811904,1,0,4,anti_homophones
31886,ge2hU4,6,-5.754634924043434,2,5.754634924043434,1,0,2,anti_homophones
31887,men2cA4,7,-6.191347447707523,2,6.191347447707523,1,0,1,anti_homophones
31888,tI1tA1,6,-5.941873898007079,2,5.941873898007079,1,0,0,anti_homophones
31889,chi1dLn3,8,-6.086069077760267,2,6.086069077760267,1,0,2,anti_homophones
31890,tang1ku4,8,-6.956901531951024,2,6.956901531951024,1,0,0,anti_homophones
31891,shun4ni4,8,-7.586258188411863,2,7.586258188411863,1,0,0,anti_homophones
31892,fu3dong2,8,-6.086095759187726,2,6.086095759187726,1,0,0,anti_homophones
31893,chUng2de5,9,-6.377889973415937,2,6.377889973415937,1,0,1,anti_homophones
31894,xLng3ba1,8,-6.84410883807776,2,6.84410883807776,1,0,0,anti_homophones
31895,qLn1fu2,7,-5.564681659216481,2,5.564681659216481,1,1,4,anti_homophones
31896,shen1ku4,8,-6.279121415855802,2,6.279121415855802,1,0,2,anti_homophones
31897,ya4ma1,6,-6.457607549986571,2,6.457607549986571,1,0,1,anti_homophones
31898,dLn4fan1,8,-6.45902697382589,2,6.45902697382589,1,0,0,anti_homophones
31899,dang2yV3,8,-6.430713637520368,2,6.430713637520368,1,0,3,anti_homophones
31900,xin1xing2,9,-5.282656058576054,2,5.282656058576054,1,0,4,anti_homophones
31901,zhe3zhu3,8,-6.579924913312516,2,6.579924913312516,1,0,2,anti_homophones
31902,xLn4xin4,8,-5.809683877298355,2,5.809683877298355,1,0,0,anti_homophones
31903,zu3hUng1,8,-7.117252022438344,2,7.117252022438344,1,0,1,anti_homophones
31904,xi4nLng4,8,-6.603346093109171,2,6.603346093109171,1,0,0,anti_homophones
31905,zong3jLn3,9,-6.839828733897177,2,6.839828733897177,1,0,1,anti_homophones
31906,qin1qK2,7,-6.067682178260221,2,6.067682178260221,1,0,3,anti_homophones
31907,bo2yi4,6,-5.803630887241438,2,5.803630887241438,1,0,4,anti_homophones
31908,tM3gI4,6,-5.593897173118373,2,5.593897173118373,1,0,1,anti_homophones
31909,lLn4ji5,7,-7.330956811056583,2,7.330956811056583,1,0,3,anti_homophones
31910,ge4xL4,6,-5.702031459423747,2,5.702031459423747,1,0,4,anti_homophones
31911,xing4qun2,9,-6.807592223802577,2,6.807592223802577,1,0,1,anti_homophones
31912,zhen1gI1,8,-6.67794302862895,2,6.67794302862895,1,0,0,anti_homophones
31913,bQ3ye4,6,-5.044296393945953,2,5.044296393945953,1,1,8,anti_homophones
31914,ci2tV2,6,-5.531490600187149,2,5.531490600187149,1,0,5,anti_homophones
31915,non4li4,7,-8.232974543177235,2,8.232974543177235,1,0,2,anti_homophones
31916,zheng1qing4,11,-5.87287932659067,2,5.87287932659067,1,0,1,anti_homophones
31917,lLng2jL4,8,-6.170669100007949,2,6.170669100007949,1,0,3,anti_homophones
31918,zA4jin1,7,-5.999999780617987,2,5.999999780617987,1,0,4,anti_homophones
31919,chan3chi2,9,-6.624922660429711,2,6.624922660429711,1,0,0,anti_homophones
31920,la1jW3,6,-5.512185982711168,2,5.512185982711168,1,0,1,anti_homophones
31921,lin2xLn1,8,-6.589858656365542,2,6.589858656365542,1,0,0,anti_homophones
31922,cha2ke4,7,-5.9893217447194464,2,5.9893217447194464,1,0,1,anti_homophones
31923,da3dO4,6,-6.20419951057489,2,6.20419951057489,1,0,6,anti_homophones
31924,kan4xing1,9,-6.2812218998102445,2,6.2812218998102445,1,0,1,anti_homophones
31925,xi1lO4,6,-5.782770135421352,2,5.782770135421352,1,0,5,anti_homophones
31926,du4qu3,6,-6.4004832703496986,2,6.4004832703496986,1,0,5,anti_homophones
31927,gan1dQ3,7,-5.790296265793119,2,5.790296265793119,1,0,1,anti_homophones
31928,ya1zu3,6,-6.79956595365876,2,6.79956595365876,1,0,4,anti_homophones
31929,tu3shI3,7,-6.327882147702221,2,6.327882147702221,1,0,3,anti_homophones
31930,yin1ji4,7,-5.368145556609114,2,5.368145556609114,1,0,6,anti_homophones
31931,jM1jin1,7,-5.750323038030949,2,5.750323038030949,1,0,4,anti_homophones
31932,si1ding4,8,-6.3045454024665695,2,6.3045454024665695,1,0,1,anti_homophones
31933,che3qu1,7,-6.65095463540057,2,6.65095463540057,1,0,0,anti_homophones
31934,chI2qi3,7,-6.527068238672865,2,6.527068238672865,1,0,0,anti_homophones
31935,xL4neng4,8,-7.3786115487850275,2,7.3786115487850275,1,0,0,anti_homophones
31936,xC2he2,6,-6.939390252927727,2,6.939390252927727,1,0,1,anti_homophones
31937,kP4chV2,7,-6.732523138947734,2,6.732523138947734,1,0,0,anti_homophones
31938,qLn1ceng3,9,-7.226016476391364,2,7.226016476391364,1,0,0,anti_homophones
31939,mQ2cQ1,6,-5.6630083611522,2,5.6630083611522,1,0,3,anti_homophones
31940,yang2re4,8,-6.622650916287702,2,6.622650916287702,1,0,2,anti_homophones
31941,yan4ji1,7,-5.831092633536239,2,5.831092633536239,1,0,7,anti_homophones
31942,mo2shi1,7,-6.080823179769338,2,6.080823179769338,1,0,2,anti_homophones
31943,yong2ren2,9,-5.647646814336943,2,5.647646814336943,1,0,8,anti_homophones
31944,ci4ji4,6,-5.879710686344565,2,5.879710686344565,1,0,8,anti_homophones
31945,cun2ku4,7,-6.1301011527755005,2,6.1301011527755005,1,0,1,anti_homophones
31946,zhi4qing4,9,-6.082622359784977,2,6.082622359784977,1,0,3,anti_homophones
31947,bu4xM3,6,-5.493869112560589,2,5.493869112560589,1,0,3,anti_homophones
31948,he2chu4,7,-5.81082723709784,2,5.81082723709784,1,0,1,anti_homophones
31949,shang2yong2,11,-6.814065834939167,2,6.814065834939167,1,0,0,anti_homophones
31950,she4lB4,7,-6.15775044651281,2,6.15775044651281,1,0,3,anti_homophones
31951,zheng2lA2,9,-6.445577316745599,2,6.445577316745599,1,0,2,anti_homophones
31952,A4gO3,5,-5.520500858116413,2,5.520500858116413,1,0,0,anti_homophones
31953,bu4ju2,6,-5.045393338361892,2,5.045393338361892,1,0,9,anti_homophones
31954,qLn1he1,7,-6.286368153554852,2,6.286368153554852,1,0,1,anti_homophones
31955,zO4dQ3,6,-6.058425731006535,2,6.058425731006535,1,0,3,anti_homophones
31956,pA2dI4,6,-6.162129465226181,2,6.162129465226181,1,0,1,anti_homophones
31957,jLn4ben3,8,-6.187427323204485,2,6.187427323204485,1,0,2,anti_homophones
31958,Q4wE3,5,-6.35075328970397,2,6.35075328970397,1,0,1,anti_homophones
31959,jM2ju1,6,-5.8653620075819655,2,5.8653620075819655,1,0,2,anti_homophones
31960,pW1bi3,6,-5.991049247178983,2,5.991049247178983,1,0,2,anti_homophones
31961,ji1shi4,7,-4.860969919975358,2,4.860969919975358,1,0,11,anti_homophones
31962,chV2dUn3,8,-6.8964532961754745,2,6.8964532961754745,1,0,1,anti_homophones
31963,kUng1pu3,8,-6.5832682393801685,2,6.5832682393801685,1,0,0,anti_homophones
31964,zhi3ye3,7,-7.251195817949547,2,7.251195817949547,1,0,0,anti_homophones
31965,yan2wE4,7,-5.266312043017514,2,5.266312043017514,1,0,6,anti_homophones
31966,zA4jYng2,8,-8.268353988279566,2,8.268353988279566,1,0,0,anti_homophones
31967,gUn4yin1,8,-6.672844951565122,2,6.672844951565122,1,0,0,anti_homophones
31968,tW2wE4,6,-5.435008850298809,2,5.435008850298809,1,0,2,anti_homophones
31969,gI1zi5,6,-4.910496797719995,2,4.910496797719995,1,0,8,anti_homophones
31970,he2hU4,6,-4.833227663639493,2,4.833227663639493,1,0,9,anti_homophones
31971,sQ3wE4,6,-6.1327600061347,2,6.1327600061347,1,0,3,anti_homophones
31972,qW1men2,7,-5.658366166249092,2,5.658366166249092,1,0,2,anti_homophones
31973,ceng4xL2,8,-7.9845804276657315,2,7.9845804276657315,1,0,0,anti_homophones
31974,fen1zhi2,8,-5.720048540982647,2,5.720048540982647,1,0,4,anti_homophones
31975,shP1li4,7,-5.9256610654811395,2,5.9256610654811395,1,0,1,anti_homophones
31976,xUn2tW4,7,-7.628596215827694,2,7.628596215827694,1,0,0,anti_homophones
31977,gI3hUn3,7,-6.693813329508913,2,6.693813329508913,1,0,0,anti_homophones
31978,mE2nong4,8,-6.10189737260167,2,6.10189737260167,1,1,0,anti_homophones
31979,gong1tV4,8,-7.052025568109196,2,7.052025568109196,1,0,3,anti_homophones
31980,qK2jL4,6,-5.8941962497254625,2,5.8941962497254625,1,0,0,anti_homophones
31981,yUn2bing4,9,-6.102887907465954,2,6.102887907465954,1,0,5,anti_homophones
31982,ying2li4,8,-5.347709080382489,2,5.347709080382489,1,0,5,anti_homophones
31983,shUn1nLn2,9,-6.834863579498057,2,6.834863579498057,1,0,1,anti_homophones
31984,dQ4chen3,8,-6.619712769947682,2,6.619712769947682,1,0,0,anti_homophones
31985,shan1feng3,10,-6.917410958283371,2,6.917410958283371,1,0,0,anti_homophones
31986,sha1yang4,9,-5.8158809394581725,2,5.8158809394581725,1,0,1,anti_homophones
31987,qC4xing4,8,-5.830849056846083,2,5.830849056846083,1,0,2,anti_homophones
31988,te4xLn4,7,-5.184023190072232,2,5.184023190072232,1,0,8,anti_homophones
31989,zhu3jM2,7,-6.07040216196472,2,6.07040216196472,1,0,1,anti_homophones
31990,kun4ji2,7,-6.229472300350001,2,6.229472300350001,1,0,0,anti_homophones
31991,jun1gong1,9,-5.997804924045219,2,5.997804924045219,1,0,0,anti_homophones
31992,fang4kUn3,9,-6.327127908499671,2,6.327127908499671,1,0,1,anti_homophones
31993,yun2zA3,7,-6.812409813397012,2,6.812409813397012,1,0,0,anti_homophones
31994,mQ1xM4,6,-6.687582582302584,2,6.687582582302584,1,0,0,anti_homophones
31995,ping1shen1,10,-6.630646456494518,2,6.630646456494518,1,0,0,anti_homophones
31996,he2fu3,6,-5.791144604114552,2,5.791144604114552,1,0,6,anti_homophones
31997,ci2he2,6,-5.62380480975263,2,5.62380480975263,1,0,3,anti_homophones
31998,jing1yun4,9,-5.954513531061912,2,5.954513531061912,1,0,3,anti_homophones
31999,dQ4yong3,8,-6.527496978180025,2,6.527496978180025,1,0,2,anti_homophones
32000,tLn2lv3,7,-7.303278396264656,2,7.303278396264656,1,0,1,anti_homophones
32001,yi2an4,6,-5.482269996315418,2,5.482269996315418,1,0,2,anti_homophones
32002,gan1chUng4,10,-6.633356297049179,2,6.633356297049179,1,0,2,anti_homophones
32003,xing2wu4,8,-5.558442264042594,2,5.558442264042594,1,0,3,anti_homophones
32004,xi4zi5,6,-5.429162235230096,2,5.429162235230096,1,0,11,anti_homophones
32005,xUn3xu4,7,-6.370671508875706,2,6.370671508875706,1,0,6,anti_homophones
32006,zhi2zhi3,8,-5.643015805740555,2,5.643015805740555,1,0,5,anti_homophones
32007,ru3mu4,6,-5.337553173997353,2,5.337553173997353,1,0,6,anti_homophones
32008,leng1hQ4,8,-6.306984496911911,2,6.306984496911911,1,0,1,anti_homophones
32009,hu1qi1,6,-6.0845020442264195,2,6.0845020442264195,1,0,4,anti_homophones
32010,shan1mu3,8,-6.722334531633434,2,6.722334531633434,1,0,1,anti_homophones
32011,mW2shi3,7,-6.751111947408516,2,6.751111947408516,1,0,0,anti_homophones
32012,chV2chUng1,10,-6.501622701506094,2,6.501622701506094,1,0,1,anti_homophones
32013,yan1qLng1,9,-6.7333339323659915,2,6.7333339323659915,1,0,1,anti_homophones
32014,wE2shi4,7,-5.203853902035304,2,5.203853902035304,1,0,8,anti_homophones
32015,kU4yi1,6,-6.564416384104208,2,6.564416384104208,1,0,0,anti_homophones
32016,hQ4jing3,8,-6.670831769104491,2,6.670831769104491,1,0,2,anti_homophones
32017,shan3qu4,8,-6.169658694858808,2,6.169658694858808,1,0,2,anti_homophones
32018,si1chQ2,7,-6.6658455370363425,2,6.6658455370363425,1,0,0,anti_homophones
32019,re4qi4,6,-4.743916557139426,2,4.743916557139426,1,0,9,anti_homophones
32020,ci3se4,6,-5.923088872704114,2,5.923088872704114,1,0,3,anti_homophones
32021,tu1jin4,7,-5.7822877536399435,2,5.7822877536399435,1,0,5,anti_homophones
32022,hUng4nu4,8,-6.623826947487175,2,6.623826947487175,1,0,1,anti_homophones
32023,qLng1wE2,8,-6.433013588979071,2,6.433013588979071,1,0,1,anti_homophones
32024,ben3ding1,9,-6.6070196736738085,2,6.6070196736738085,1,0,0,anti_homophones
32025,zA4zan4,7,-7.440691792815595,2,7.440691792815595,1,0,0,anti_homophones
32026,rong1gan3,9,-6.642267946745177,2,6.642267946745177,1,0,1,anti_homophones
32027,sheng1qUn2,10,-5.449366487667908,2,5.449366487667908,1,0,2,anti_homophones
32028,te4shu1,7,-5.812879677117797,2,5.812879677117797,1,0,1,anti_homophones
32029,lK2sUn4,7,-5.55415755171575,2,5.55415755171575,1,0,1,anti_homophones
32030,fu4kan4,7,-5.904220016227303,2,5.904220016227303,1,0,1,anti_homophones
32031,chan1nang3,10,-8.552627769155514,2,8.552627769155514,1,0,0,anti_homophones
32032,jW1men2,7,-5.503586441610707,2,5.503586441610707,1,0,3,anti_homophones
32033,jing4jC2,8,-6.226827356510181,2,6.226827356510181,1,0,1,anti_homophones
32034,ka1fE2,6,-5.433784296462274,2,5.433784296462274,1,0,3,anti_homophones
32035,chong2zhong4,12,-6.605688340260041,2,6.605688340260041,1,0,0,anti_homophones
32036,zhi1tang1,9,-6.322126420704601,2,6.322126420704601,1,0,2,anti_homophones
32037,shI3di4,7,-5.4128373049100995,2,5.4128373049100995,1,0,10,anti_homophones
32038,shen1jing2,10,-5.909175339343578,2,5.909175339343578,1,0,1,anti_homophones
32039,zQ3bang2,8,-6.9126629284678485,2,6.9126629284678485,1,0,2,anti_homophones
32040,gong1fu5,8,-6.04670089974456,2,6.04670089974456,1,0,2,anti_homophones
32041,chu1po2,7,-6.023135869564804,2,6.023135869564804,1,0,0,anti_homophones
32042,ze2ren2,7,-4.782441021273633,2,4.782441021273633,1,0,2,anti_homophones
32043,rV4ben3,7,-6.339320061847769,2,6.339320061847769,1,0,2,anti_homophones
32044,jin1dA4,7,-5.754255132018662,2,5.754255132018662,1,0,5,anti_homophones
32045,ti3fu2,6,-6.48009658588306,2,6.48009658588306,1,0,2,anti_homophones
32046,pu1shi4,7,-5.680343185285055,2,5.680343185285055,1,0,4,anti_homophones
32047,chQ1dQ4,7,-5.363541217259454,2,5.363541217259454,1,0,4,anti_homophones
32048,hI1sO1,6,-5.773276302793673,2,5.773276302793673,1,0,2,anti_homophones
32049,wA4qLn2,7,-6.445824324378281,2,6.445824324378281,1,0,3,anti_homophones
32050,ban4qK2,7,-5.873320709826702,2,5.873320709826702,1,0,2,anti_homophones
32051,xun2dong4,9,-6.428830748051862,2,6.428830748051862,1,0,0,anti_homophones
32052,shV3yun4,8,-5.78920837309946,2,5.78920837309946,1,0,0,anti_homophones
32053,yQ2gan1,7,-5.991288667303865,2,5.991288667303865,1,0,1,anti_homophones
32054,hu2zi5,6,-5.330399256343157,2,5.330399256343157,1,0,11,anti_homophones
32055,wang2dong2,10,-6.6432281011734124,2,6.6432281011734124,1,0,0,anti_homophones
32056,ru2nE3,6,-7.531998261103926,2,7.531998261103926,1,0,1,anti_homophones
32057,jin4shi2,8,-5.146467858737859,2,5.146467858737859,1,0,6,anti_homophones
32058,tong1pQ3,8,-6.661182040881344,2,6.661182040881344,1,0,1,anti_homophones
32059,gO4lA2,6,-5.105415704394258,2,5.105415704394258,1,0,1,anti_homophones
32060,tI1cong2,8,-7.196650165911196,2,7.196650165911196,1,0,2,anti_homophones
32061,xing3qW4,8,-7.437115595738412,2,7.437115595738412,1,0,0,anti_homophones
32062,mi2tun1,7,-7.044371995673184,2,7.044371995673184,1,0,0,anti_homophones
32063,fen4lA4,7,-7.241019560767073,2,7.241019560767073,1,0,3,anti_homophones
32064,tO1mA4,6,-6.047399631354757,2,6.047399631354757,1,0,6,anti_homophones
32065,wA1dQ3,6,-5.662300592503289,2,5.662300592503289,1,0,2,anti_homophones
32066,sheng2zhang4,12,-6.198947646145724,2,6.198947646145724,1,0,2,anti_homophones
32067,zi4dO2,6,-6.118270092158169,2,6.118270092158169,1,0,3,anti_homophones
32068,mE3ge2,6,-5.751746608086879,2,5.751746608086879,1,0,1,anti_homophones
32069,yi1yi4,6,-4.757551825703548,2,4.757551825703548,1,0,14,anti_homophones
32070,si1sheng1,9,-5.690791755240908,2,5.690791755240908,1,0,3,anti_homophones
32071,zA4zhe3,7,-5.767797249707725,2,5.767797249707725,1,0,2,anti_homophones
32072,jW4li4,6,-5.135455836409983,2,5.135455836409983,1,0,9,anti_homophones
32073,kUng4li4,8,-6.039581378313723,2,6.039581378313723,1,0,1,anti_homophones
32074,zQ3fang2,8,-6.655718860757141,2,6.655718860757141,1,0,1,anti_homophones
32075,shan3can1,9,-6.638250695219463,2,6.638250695219463,1,0,2,anti_homophones
32076,zeng4yan3,9,-6.863171764598142,2,6.863171764598142,1,0,1,anti_homophones
32077,qLn4lu4,7,-6.43939264754733,2,6.43939264754733,1,0,4,anti_homophones
32078,hun1mo2,7,-6.905824136797707,2,6.905824136797707,1,0,0,anti_homophones
32079,kP4wang2,8,-7.430310405459433,2,7.430310405459433,1,0,0,anti_homophones
32080,ji4shi1,7,-5.363837605181796,2,5.363837605181796,1,0,8,anti_homophones
32081,chang1pan2,10,-6.64139191668187,2,6.64139191668187,1,0,1,anti_homophones
32082,kan1ye4,7,-5.841988861346089,2,5.841988861346089,1,0,1,anti_homophones
32083,qi1ren2,7,-5.472796169103666,2,5.472796169103666,1,1,5,anti_homophones
32084,gong3jK3,8,-6.379519047158982,2,6.379519047158982,1,0,2,anti_homophones
32085,tu3jC2,6,-6.188094876849246,2,6.188094876849246,1,0,3,anti_homophones
32086,gI1tI4,6,-6.448641385339179,2,6.448641385339179,1,0,3,anti_homophones
32087,zhan3yQ4,8,-6.436302906993697,2,6.436302906993697,1,0,1,anti_homophones
32088,wE4e4,5,-6.236087392188417,2,6.236087392188417,1,0,2,anti_homophones
32089,jL1dA4,6,-5.321818676375757,2,5.321818676375757,1,0,5,anti_homophones
32090,da3zO4,6,-5.216331622968751,2,5.216331622968751,1,0,2,anti_homophones
32091,hE1ye4,6,-5.370655155926119,2,5.370655155926119,1,0,5,anti_homophones
32092,ban4mLn4,8,-5.686998129624079,2,5.686998129624079,1,0,6,anti_homophones
32093,gO4lUn4,7,-5.278184871380148,2,5.278184871380148,1,0,2,anti_homophones
32094,yV2yong4,8,-5.254532476474356,2,5.254532476474356,1,0,5,anti_homophones
32095,kan1lv4,7,-6.553181368031947,2,6.553181368031947,1,0,2,anti_homophones
32096,chen1er2,8,-5.927474872097453,2,5.927474872097453,1,0,3,anti_homophones
32097,tW2pA4,6,-5.881868631853516,2,5.881868631853516,1,0,1,anti_homophones
32098,xUn2chang4,10,-6.777446720014872,2,6.777446720014872,1,0,0,anti_homophones
32099,bQ1rQ3,6,-5.703652625335389,2,5.703652625335389,1,0,2,anti_homophones
32100,xC4li4,6,-5.436669303392305,2,5.436669303392305,1,0,8,anti_homophones
32101,mo2le4,6,-5.638834597908877,2,5.638834597908877,1,0,2,anti_homophones
32102,xW1chu4,7,-6.152920390083394,2,6.152920390083394,1,0,5,anti_homophones
32103,ma3mang3,8,-6.9615411496102135,2,6.9615411496102135,1,0,0,anti_homophones
32104,gong4mA4,8,-5.782632112137566,2,5.782632112137566,1,0,5,anti_homophones
32105,hUng1yUn2,9,-5.91130235404443,2,5.91130235404443,1,0,4,anti_homophones
32106,tW1men2,7,-6.021746008213772,2,6.021746008213772,1,0,3,anti_homophones
32107,cheng2dQ3,9,-6.4160261507685785,2,6.4160261507685785,1,0,2,anti_homophones
32108,xu1ran3,7,-6.104156358245422,2,6.104156358245422,1,0,1,anti_homophones
32109,fen4shan2,9,-7.194436106369794,2,7.194436106369794,1,0,1,anti_homophones
32110,nO4yan2,7,-6.769464376672444,2,6.769464376672444,1,0,1,anti_homophones
32111,chu4ping4,9,-6.81335604162053,2,6.81335604162053,1,0,1,anti_homophones
32112,jing4kUng2,10,-6.595238096644451,2,6.595238096644451,1,0,0,anti_homophones
32113,yQ1lO4,6,-6.629065479531658,2,6.629065479531658,1,0,2,anti_homophones
32114,cun2jing1,9,-6.640488019852094,2,6.640488019852094,1,0,1,anti_homophones
32115,lO4leng4,8,-7.31785837177784,2,7.31785837177784,1,0,0,anti_homophones
32116,gU4zhUn4,8,-6.550611982688741,2,6.550611982688741,1,0,0,anti_homophones
32117,su4zO4,6,-6.114589563322415,2,6.114589563322415,1,0,3,anti_homophones
32118,gan4fE4,7,-6.333222205731866,2,6.333222205731866,1,0,3,anti_homophones
32119,hA3kang2,8,-6.840224750421091,2,6.840224750421091,1,0,2,anti_homophones
32120,ri4lu4,6,-5.5078543429358975,2,5.5078543429358975,1,0,5,anti_homophones
32121,ming2hO3,8,-6.056302581992914,2,6.056302581992914,1,0,3,anti_homophones
32122,chu3ye4,7,-5.668568840364501,2,5.668568840364501,1,0,5,anti_homophones
32123,ye4si4,6,-6.692765271571338,2,6.692765271571338,1,0,2,anti_homophones
32124,da3bE4,6,-5.783473093148617,2,5.783473093148617,1,0,1,anti_homophones
32125,jW4sO3,6,-5.1777244526060855,2,5.1777244526060855,1,0,2,anti_homophones
32126,mang4mE4,8,-7.293529092356367,2,7.293529092356367,1,0,0,anti_homophones
32127,qi4gu3,6,-5.621394164497094,2,5.621394164497094,1,0,5,anti_homophones
32128,lan2yC1,7,-6.5039100914730845,2,6.5039100914730845,1,0,2,anti_homophones
32129,wu3ju3,6,-6.319245904394394,2,6.319245904394394,1,0,2,anti_homophones
32130,tong1mo3,8,-7.941959254767726,2,7.941959254767726,1,0,2,anti_homophones
32131,te4su2,6,-5.940881452432015,2,5.940881452432015,1,0,2,anti_homophones
32132,qi4gUn4,7,-6.026090589545015,2,6.026090589545015,1,0,1,anti_homophones
32133,zhong2du3,9,-7.04092330548109,2,7.04092330548109,1,0,2,anti_homophones
32134,zhUng2dLn3,10,-6.5914191141996765,2,6.5914191141996765,1,0,0,anti_homophones
32135,ge2lW2,6,-6.497271693834934,2,6.497271693834934,1,0,0,anti_homophones
32136,qUn2jM3,7,-6.260236777389985,2,6.260236777389985,1,0,3,anti_homophones
32137,chI1feng2,9,-6.564010700620373,2,6.564010700620373,1,0,0,anti_homophones
32138,gen1chan4,9,-6.318051937032481,2,6.318051937032481,1,0,2,anti_homophones
32139,hE1ren2,7,-5.441705545958144,2,5.441705545958144,1,0,1,anti_homophones
32140,yC4ji1,6,-5.166175322393186,2,5.166175322393186,1,1,5,anti_homophones
32141,kong4can2,9,-7.06812928947157,2,7.06812928947157,1,0,2,anti_homophones
32142,yu1bing1,8,-6.773605655839465,2,6.773605655839465,1,0,1,anti_homophones
32143,hQ4li4,6,-5.350443448567649,2,5.350443448567649,1,0,8,anti_homophones
32144,wA4yang4,8,-5.746755055420302,2,5.746755055420302,1,0,1,anti_homophones
32145,xin1pLn4,8,-5.8902892128753805,2,5.8902892128753805,1,0,1,anti_homophones
32146,zhu3gu3,7,-5.299900454065364,2,5.299900454065364,1,0,3,anti_homophones
32147,deng4gong2,10,-7.055025452038096,2,7.055025452038096,1,0,0,anti_homophones
32148,bing4bE4,8,-6.416589064500324,2,6.416589064500324,1,0,2,anti_homophones
32149,shi2lW4,7,-5.890363963936994,2,5.890363963936994,1,0,4,anti_homophones
32150,yi4hO4,6,-6.266045247971479,2,6.266045247971479,1,0,4,anti_homophones
32151,zhong2li4,9,-5.4194047373883505,2,5.4194047373883505,1,0,0,anti_homophones
32152,re4gu3,6,-6.285577362229247,2,6.285577362229247,1,0,4,anti_homophones
32153,tM3shang2,9,-6.06508981771005,2,6.06508981771005,1,0,0,anti_homophones
32154,xLn4zhan3,9,-6.2359353972140354,2,6.2359353972140354,1,0,0,anti_homophones
32155,lan4qing3,9,-7.426553465470143,2,7.426553465470143,1,0,0,anti_homophones
32156,ying2zhi1,9,-5.740898983280637,2,5.740898983280637,1,0,2,anti_homophones
32157,jLng4tan2,9,-6.678730072422648,2,6.678730072422648,1,0,2,anti_homophones
32158,fE3shi4,7,-5.97909001336964,2,5.97909001336964,1,0,4,anti_homophones
32159,hA2e4,5,-5.8873965931203704,2,5.8873965931203704,1,0,1,anti_homophones
32160,gV1xi4,6,-6.5127641691937095,2,6.5127641691937095,1,0,1,anti_homophones
32161,meng2jK3,8,-6.8297481056628895,2,6.8297481056628895,1,0,1,anti_homophones
32162,bLn1ji1,7,-5.248753307228444,2,5.248753307228444,1,1,5,anti_homophones
32163,qLng4tV2,8,-5.854502408407639,2,5.854502408407639,1,0,1,anti_homophones
32164,yan1shi4,8,-5.675697104857467,2,5.675697104857467,1,0,8,anti_homophones
32165,cha2a2,6,-6.979044454037179,2,6.979044454037179,1,0,0,anti_homophones
32166,wen2ku4,7,-5.8149058482524865,2,5.8149058482524865,1,0,2,anti_homophones
32167,neng2ren2,9,-6.227995022905291,2,6.227995022905291,1,0,5,anti_homophones
32168,dong1ji2,8,-5.634205235123043,2,5.634205235123043,1,0,3,anti_homophones
32169,ban1jing4,9,-6.124592208477193,2,6.124592208477193,1,0,1,anti_homophones
32170,tong2wE1,8,-6.375015420400438,2,6.375015420400438,1,0,0,anti_homophones
32171,shV4mW4,7,-6.240227393294263,2,6.240227393294263,1,0,3,anti_homophones
32172,san4shu4,8,-6.112725848821343,2,6.112725848821343,1,0,1,anti_homophones
32173,gA3shV3,7,-6.379129528502004,2,6.379129528502004,1,0,2,anti_homophones
32174,zheng2ye4,9,-5.580315884360591,2,5.580315884360591,1,1,1,anti_homophones
32175,er4yong4,8,-6.921775787075685,2,6.921775787075685,1,0,1,anti_homophones
32176,yUn3che1,8,-6.332242820618358,2,6.332242820618358,1,0,1,anti_homophones
32177,xi1shi5,7,-6.228104139670724,2,6.228104139670724,1,0,1,anti_homophones
32178,qing4shang3,11,-6.513655745826175,2,6.513655745826175,1,0,0,anti_homophones
32179,pin3hP4,7,-6.082512457254604,2,6.082512457254604,1,0,4,anti_homophones
32180,zhUn1sheng2,11,-6.552505289835029,2,6.552505289835029,1,0,0,anti_homophones
32181,hA3ji1,6,-5.403121378787202,2,5.403121378787202,1,0,4,anti_homophones
32182,yV3ku4,6,-5.794098083075647,2,5.794098083075647,1,0,5,anti_homophones
32183,wE2jL4,6,-5.625120406028762,2,5.625120406028762,1,0,2,anti_homophones
32184,si1hu5,6,-6.56856449868729,2,6.56856449868729,1,0,0,anti_homophones
32185,keng1yV2,8,-7.204953997322221,2,7.204953997322221,1,0,1,anti_homophones
32186,dang3dQ4,8,-6.025622095491789,2,6.025622095491789,1,0,4,anti_homophones
32187,qLn1ying2,9,-6.3491126286319055,2,6.3491126286319055,1,0,4,anti_homophones
32188,xi3jun1,7,-5.785298043782765,2,5.785298043782765,1,0,2,anti_homophones
32189,wE1gUng2,8,-6.516864149716046,2,6.516864149716046,1,0,2,anti_homophones
32190,zheng4yin3,10,-6.584655284842514,2,6.584655284842514,1,0,0,anti_homophones
32191,can2sheng4,10,-6.469782459949642,2,6.469782459949642,1,0,1,anti_homophones
32192,jW1cheng2,9,-5.946795974810857,2,5.946795974810857,1,0,3,anti_homophones
32193,hU2li4,6,-5.124154516091362,2,5.124154516091362,1,1,12,anti_homophones
32194,zi4yong1,8,-5.475606207387211,2,5.475606207387211,1,0,2,anti_homophones
32195,tong1chi2,9,-6.15602440772963,2,6.15602440772963,1,0,1,anti_homophones
32196,tan4yang3,9,-6.671604792510721,2,6.671604792510721,1,0,0,anti_homophones
32197,tM1pLn4,7,-5.805527982064508,2,5.805527982064508,1,0,1,anti_homophones
32198,xW3ju2,6,-6.141855289660886,2,6.141855289660886,1,0,6,anti_homophones
32199,she4hO2,7,-6.2046090462001064,2,6.2046090462001064,1,0,0,anti_homophones
32200,tI3di1,6,-7.561479862104752,2,7.561479862104752,1,0,2,anti_homophones
32201,zhong1lW2,9,-6.676138315996473,2,6.676138315996473,1,0,1,anti_homophones
32202,hA2zi5,6,-4.95043957226871,2,4.95043957226871,1,0,12,anti_homophones
32203,shang3nv3,9,-6.372101152922902,2,6.372101152922902,1,0,0,anti_homophones
32204,qLn2yV3,7,-5.661314590774573,2,5.661314590774573,1,0,1,anti_homophones
32205,xC4lA2,6,-5.424271725949597,2,5.424271725949597,1,0,4,anti_homophones
32206,zi4ban3,7,-5.594164293798572,2,5.594164293798572,1,0,4,anti_homophones
32207,qW3fu4,6,-6.234544855163158,2,6.234544855163158,1,0,4,anti_homophones
32208,fen1hO2,7,-6.344593343685602,2,6.344593343685602,1,0,0,anti_homophones
32209,can1gong4,9,-6.148646407478761,2,6.148646407478761,1,0,1,anti_homophones
32210,mi2mLn4,7,-5.429469319979331,2,5.429469319979331,1,0,3,anti_homophones
32211,tan5sQ3,7,-9.37666217801799,2,9.37666217801799,1,0,0,anti_homophones
32212,hong4yan1,9,-6.8980400236358745,2,6.8980400236358745,1,0,0,anti_homophones
32213,za2he2,6,-5.588025456669453,2,5.588025456669453,1,0,1,anti_homophones
32214,mLn4nLn2,8,-6.06136727701034,2,6.06136727701034,1,0,0,anti_homophones
32215,shI3ji2,7,-5.231388692232009,2,5.231388692232009,1,0,5,anti_homophones
32216,man3gong3,9,-6.85867435788993,2,6.85867435788993,1,0,0,anti_homophones
32217,jM1zhi1,7,-5.561378007013808,2,5.561378007013808,1,0,4,anti_homophones
32218,mo2yi2,6,-5.937981723337504,2,5.937981723337504,1,1,3,anti_homophones
32219,tM3beng2,8,-6.81312123210401,2,6.81312123210401,1,0,0,anti_homophones
32220,shen3hI4,8,-6.270133739502715,2,6.270133739502715,1,0,2,anti_homophones
32221,hU2bi4,6,-5.3952347535166485,2,5.3952347535166485,1,0,5,anti_homophones
32222,xC2li5,6,-6.608846078157877,2,6.608846078157877,1,0,1,anti_homophones
32223,he2zhan2,8,-6.652270281159618,2,6.652270281159618,1,0,2,anti_homophones
32224,zheng3gO4,9,-7.268188257242981,2,7.268188257242981,1,0,2,anti_homophones
32225,gu1lLng4,8,-5.797455777569124,2,5.797455777569124,1,0,1,anti_homophones
32226,du4jLng1,8,-6.894320195473755,2,6.894320195473755,1,0,0,anti_homophones
32227,mLn4jLn1,8,-6.244182064534785,2,6.244182064534785,1,0,1,anti_homophones
32228,jW1chu3,7,-6.269629669883334,2,6.269629669883334,1,0,3,anti_homophones
32229,nan2zV4,7,-6.439897797021038,2,6.439897797021038,1,0,1,anti_homophones
32230,li3chi1,7,-6.310305283909361,2,6.310305283909361,1,0,1,anti_homophones
32231,pen1mV2,7,-6.446552675493744,2,6.446552675493744,1,0,2,anti_homophones
32232,qing2che1,9,-5.615268494046763,2,5.615268494046763,1,0,3,anti_homophones
32233,dLn3fen2,8,-7.160242456436976,2,7.160242456436976,1,0,2,anti_homophones
32234,fen1bQ3,7,-6.2412511860391655,2,6.2412511860391655,1,0,1,anti_homophones
32235,han4xin1,8,-5.937215560003946,2,5.937215560003946,1,0,1,anti_homophones
32236,tO1su4,6,-5.615115691634953,2,5.615115691634953,1,0,1,anti_homophones
32237,lun4ju1,7,-6.549818906863843,2,6.549818906863843,1,0,0,anti_homophones
32238,an1zhu3,7,-6.001556299723264,2,6.001556299723264,1,0,0,anti_homophones
32239,kV3wang2,8,-6.259317390473533,2,6.259317390473533,1,0,0,anti_homophones
32240,gQ1yQ1,6,-5.3526142991068495,2,5.3526142991068495,1,0,4,anti_homophones
32241,pE2shu2,7,-6.959640043185752,2,6.959640043185752,1,0,0,anti_homophones
32242,hE1ti3,6,-5.610682987340534,2,5.610682987340534,1,0,4,anti_homophones
32243,zhi3hQ2,7,-7.076272574474724,2,7.076272574474724,1,0,1,anti_homophones
32244,tLn1ju4,7,-5.373360019377739,2,5.373360019377739,1,0,6,anti_homophones
32245,ri4hI4,6,-5.669015342392438,2,5.669015342392438,1,0,6,anti_homophones
32246,feng4zhe3,9,-5.948108838204776,2,5.948108838204776,1,0,2,anti_homophones
32247,yV2xW4,6,-5.84399830531852,2,5.84399830531852,1,0,5,anti_homophones
32248,yV3qK2,6,-5.380316239271929,2,5.380316239271929,1,0,3,anti_homophones
32249,gO2cI4,6,-5.278206713719634,2,5.278206713719634,1,0,1,anti_homophones
32250,cong3jM4,8,-7.22788946363027,2,7.22788946363027,1,0,0,anti_homophones
32251,lQ3shang1,9,-6.020912476792551,2,6.020912476792551,1,0,4,anti_homophones
32252,nE4lA2,6,-5.812785776140629,2,5.812785776140629,1,0,2,anti_homophones
32253,wo4li4,6,-5.987425073927235,2,5.987425073927235,1,0,2,anti_homophones
32254,xLn2er2,7,-6.347961673867934,2,6.347961673867934,1,0,2,anti_homophones
32255,jing1di4,8,-5.583463041846836,2,5.583463041846836,1,0,6,anti_homophones
32256,hI2chi3,7,-6.1334659616400256,2,6.1334659616400256,1,0,0,anti_homophones
32257,leng1qL1,8,-8.178821958654137,2,8.178821958654137,1,0,0,anti_homophones
32258,zhang3me4,9,-8.260517196487147,2,8.260517196487147,1,0,1,anti_homophones
32259,shen4zhen1,10,-6.389964508935328,2,6.389964508935328,1,0,0,anti_homophones
32260,qUn2ji4,7,-5.565240239923521,2,5.565240239923521,1,0,4,anti_homophones
32261,yin1fang4,9,-5.992593768018989,2,5.992593768018989,1,0,2,anti_homophones
32262,hO2lO1,6,-6.613406329130415,2,6.613406329130415,1,0,2,anti_homophones
32263,ge2xing3,8,-6.387452524284025,2,6.387452524284025,1,0,2,anti_homophones
32264,yi1di3,6,-5.226786909251003,2,5.226786909251003,1,0,5,anti_homophones
32265,zO4qi2,6,-6.079560093252072,2,6.079560093252072,1,0,1,anti_homophones
32266,pLn4han4,8,-6.965103057722273,2,6.965103057722273,1,0,1,anti_homophones
32267,hI4shi5,7,-6.779121247591869,2,6.779121247591869,1,0,1,anti_homophones
32268,ta4jin1,7,-6.921088177791224,2,6.921088177791224,1,0,0,anti_homophones
32269,wu4hUn4,7,-6.9797744359992375,2,6.9797744359992375,1,0,3,anti_homophones
32270,gu1yi1,6,-6.670734834168497,2,6.670734834168497,1,0,0,anti_homophones
32271,kUn3bA2,7,-7.0263563766311865,2,7.0263563766311865,1,0,0,anti_homophones
32272,dLn4qing4,9,-6.130858311670443,2,6.130858311670443,1,0,0,anti_homophones
32273,er3ming1,8,-6.273103949436001,2,6.273103949436001,1,0,1,anti_homophones
32274,yi1li3,6,-4.814522390785586,2,4.814522390785586,1,0,12,anti_homophones
32275,gU3fu4,6,-5.806773716262915,2,5.806773716262915,1,0,3,anti_homophones
32276,yC4lv4,6,-5.298832129913385,2,5.298832129913385,1,0,4,anti_homophones
32277,men2cheng3,10,-6.95523159518453,2,6.95523159518453,1,0,0,anti_homophones
32278,si3bW3,6,-5.753004499919405,2,5.753004499919405,1,0,3,anti_homophones
32279,gO2zhang4,9,-6.1512142131533105,2,6.1512142131533105,1,0,0,anti_homophones
32280,shan2qi4,8,-6.021084774227763,2,6.021084774227763,1,0,3,anti_homophones
32281,tan4jL1,7,-6.123281904064349,2,6.123281904064349,1,1,1,anti_homophones
32282,zhi2xLn3,8,-6.2083394437540145,2,6.2083394437540145,1,0,0,anti_homophones
32283,zhu3si1,7,-6.149981394104837,2,6.149981394104837,1,0,5,anti_homophones
32284,yang2ji2,8,-5.937699457417887,2,5.937699457417887,1,0,4,anti_homophones
32285,yQ4ren2,7,-5.510521705981678,2,5.510521705981678,1,0,4,anti_homophones
32286,mu3gA1,6,-7.354351725657254,2,7.354351725657254,1,0,1,anti_homophones
32287,tong4ping4,10,-6.369150302204124,2,6.369150302204124,1,0,1,anti_homophones
32288,zhen3qu3,8,-6.679689843850998,2,6.679689843850998,1,0,2,anti_homophones
32289,zO4wE4,6,-5.06590777827078,2,5.06590777827078,1,0,7,anti_homophones
32290,tW2jLng2,8,-6.4943168500790405,2,6.4943168500790405,1,0,0,anti_homophones
32291,yV1shan4,8,-6.008121144955779,2,6.008121144955779,1,0,0,anti_homophones
32292,yi4yan2,7,-5.489876579590026,2,5.489876579590026,1,0,7,anti_homophones
32293,dQ4long1,8,-6.72535181771815,2,6.72535181771815,1,0,0,anti_homophones
32294,fen1bLn1,8,-5.980101263324793,2,5.980101263324793,1,0,3,anti_homophones
32295,ci2qu1,6,-5.922108190249825,2,5.922108190249825,1,0,0,anti_homophones
32296,jUn4pA2,7,-6.971296542776119,2,6.971296542776119,1,0,1,anti_homophones
32297,li2zhe3,7,-5.694751642159632,2,5.694751642159632,1,0,4,anti_homophones
32298,qW3ka3,6,-6.366534181265739,2,6.366534181265739,1,0,2,anti_homophones
32299,zeng4qi4,8,-6.083097466459323,2,6.083097466459323,1,0,4,anti_homophones
32300,jM1lE4,6,-5.616735623033922,2,5.616735623033922,1,0,6,anti_homophones
32301,xLng1gO2,8,-6.311859150714838,2,6.311859150714838,1,0,0,anti_homophones
32302,bE4feng1,8,-5.792357740210274,2,5.792357740210274,1,0,2,anti_homophones
32303,hong1hu5,8,-7.0405245648661,2,7.0405245648661,1,0,0,anti_homophones
32304,sA4hQ3,6,-6.881713896622792,2,6.881713896622792,1,0,0,anti_homophones
32305,shu1fen1,8,-6.196195385747639,2,6.196195385747639,1,0,1,anti_homophones
32306,yang2pLn1,9,-6.748170322020249,2,6.748170322020249,1,0,1,anti_homophones
32307,tO1de5,6,-6.238905523677464,2,6.238905523677464,1,0,0,anti_homophones
32308,gun4dong3,9,-7.32627472500762,2,7.32627472500762,1,0,0,anti_homophones
32309,xin1chV2,8,-6.031520609559404,2,6.031520609559404,1,0,1,anti_homophones
32310,cu1dong1,8,-6.412253229049201,2,6.412253229049201,1,0,1,anti_homophones
32311,che3qi4,7,-6.302899281915329,2,6.302899281915329,1,0,4,anti_homophones
32312,fang3xu3,8,-7.204442121857264,2,7.204442121857264,1,0,1,anti_homophones
32313,gUn1bi4,7,-6.2933119291478725,2,6.2933119291478725,1,0,5,anti_homophones
32314,kong1pin3,9,-6.357566201098294,2,6.357566201098294,1,0,0,anti_homophones
32315,chu1fu1,7,-5.715087312104083,2,5.715087312104083,1,0,10,anti_homophones
32316,lW3shi2,7,-6.409303795403753,2,6.409303795403753,1,0,3,anti_homophones
32317,cu4yan3,7,-6.567874851397441,2,6.567874851397441,1,0,1,anti_homophones
32318,tong1lK1,8,-6.576728649759927,2,6.576728649759927,1,0,0,anti_homophones
32319,A4shu4,6,-5.86175450649076,2,5.86175450649076,1,0,3,anti_homophones
32320,chan4ti3,8,-6.3374183986085795,2,6.3374183986085795,1,0,0,anti_homophones
32321,cheng1xing2,11,-5.799872671786298,2,5.799872671786298,1,0,1,anti_homophones
32322,gan3pW4,7,-6.0991988433242526,2,6.0991988433242526,1,0,0,anti_homophones
32323,er4yC1,6,-5.426905787497043,2,5.426905787497043,1,0,1,anti_homophones
32324,wang4mA4,8,-6.1200423281158045,2,6.1200423281158045,1,0,0,anti_homophones
32325,qun2zhang1,10,-6.94790620006331,2,6.94790620006331,1,0,1,anti_homophones
32326,rUn3mLn2,8,-6.961074011533634,2,6.961074011533634,1,0,0,anti_homophones
32327,lu4ya3,6,-7.046087388521698,2,7.046087388521698,1,0,2,anti_homophones
32328,cheng1ce4,9,-6.264085328715745,2,6.264085328715745,1,0,0,anti_homophones
32329,mi2ma3,6,-5.6675145817535935,2,5.6675145817535935,1,0,4,anti_homophones
32330,mo2dV4,6,-5.772765991831854,2,5.772765991831854,1,0,1,anti_homophones
32331,yUn3chang4,10,-6.768974746472197,2,6.768974746472197,1,0,0,anti_homophones
32332,dan1xin1,8,-5.640941611914528,2,5.640941611914528,1,0,1,anti_homophones
32333,wu2feng2,8,-5.7846695784289155,2,5.7846695784289155,1,0,2,anti_homophones
32334,fE1e2,5,-4.992352961439677,2,4.992352961439677,1,0,2,anti_homophones
32335,nQ3hU4,6,-5.745495778319277,2,5.745495778319277,1,0,6,anti_homophones
32336,nong4tI3,8,-7.52738666420904,2,7.52738666420904,1,0,1,anti_homophones
32337,jK3fE1,6,-6.828435631619151,2,6.828435631619151,1,0,0,anti_homophones
32338,fu3yi4,6,-5.132262748629805,2,5.132262748629805,1,0,13,anti_homophones
32339,chang2jing1,11,-6.477249552446033,2,6.477249552446033,1,0,0,anti_homophones
32340,hO3sO3,6,-5.771726211760381,2,5.771726211760381,1,0,2,anti_homophones
32341,gU3ji1,6,-6.616394521088747,2,6.616394521088747,1,0,3,anti_homophones
32342,sheng2zhu4,10,-5.785931393063578,2,5.785931393063578,1,0,1,anti_homophones
32343,lQ3jLng2,8,-6.072903921156477,2,6.072903921156477,1,0,1,anti_homophones
32344,zO4su4,6,-5.639375237940204,2,5.639375237940204,1,0,5,anti_homophones
32345,hun1fang2,9,-6.482248722231625,2,6.482248722231625,1,0,1,anti_homophones
32346,tong4mA4,8,-5.873849114196094,2,5.873849114196094,1,0,5,anti_homophones
32347,deng1shi2,9,-5.897410355934157,2,5.897410355934157,1,0,3,anti_homophones
32348,hO3cang3,8,-6.335461555200523,2,6.335461555200523,1,0,1,anti_homophones
32349,qK1qi3,6,-6.635891255417331,2,6.635891255417331,1,0,0,anti_homophones
32350,shV4hU4,7,-5.267480792815164,2,5.267480792815164,1,0,6,anti_homophones
32351,chUn1hV2,8,-7.226168259270913,2,7.226168259270913,1,0,1,anti_homophones
32352,yang2qi4,8,-5.588313780597507,2,5.588313780597507,1,0,5,anti_homophones
32353,fang4bLn1,9,-6.5477881688822785,2,6.5477881688822785,1,0,1,anti_homophones
32354,xM4qM4,6,-5.824512656878625,2,5.824512656878625,1,0,1,anti_homophones
32355,shQ4she4,8,-6.481388840843803,2,6.481388840843803,1,0,3,anti_homophones
32356,ru4xu4,6,-6.403062537424231,2,6.403062537424231,1,0,5,anti_homophones
32357,tI4shi2,7,-5.3976738358901795,2,5.3976738358901795,1,0,4,anti_homophones
32358,pu3yu3,6,-6.75200037123445,2,6.75200037123445,1,0,3,anti_homophones
32359,hUng1mu3,8,-6.582060261805031,2,6.582060261805031,1,0,2,anti_homophones
32360,she4hu5,7,-5.933967784516514,2,5.933967784516514,1,0,3,anti_homophones
32361,fang4fan1,9,-6.837799231791677,2,6.837799231791677,1,0,0,anti_homophones
32362,can3de2,7,-6.845612285674692,2,6.845612285674692,1,0,0,anti_homophones
32363,bLn4jL1,7,-5.734331000272993,2,5.734331000272993,1,0,3,anti_homophones
32364,da4zhu3,7,-5.516946021428168,2,5.516946021428168,1,0,6,anti_homophones
32365,xC3long4,8,-7.542072223058932,2,7.542072223058932,1,0,0,anti_homophones
32366,ting1jM2,8,-6.270425162236431,2,6.270425162236431,1,0,1,anti_homophones
32367,qLn3yQ4,7,-6.339583641081618,2,6.339583641081618,1,0,2,anti_homophones
32368,hA2hU4,6,-6.148539346809224,2,6.148539346809224,1,0,8,anti_homophones
32369,xu1xLng4,8,-5.810637316555835,2,5.810637316555835,1,0,5,anti_homophones
32370,tI1dQ1,6,-5.694300992305883,2,5.694300992305883,1,0,1,anti_homophones
32371,an1zi5,6,-5.058836117658699,2,5.058836117658699,1,0,1,anti_homophones
32372,mW3mu4,6,-6.494597267921352,2,6.494597267921352,1,0,1,anti_homophones
32373,deng2qi4,8,-5.94011295416775,2,5.94011295416775,1,0,5,anti_homophones
32374,ba1zI4,6,-6.116229413166932,2,6.116229413166932,1,0,2,anti_homophones
32375,qin2nv3,7,-6.33194578535992,2,6.33194578535992,1,0,0,anti_homophones
32376,qing4er2,8,-5.99113682600548,2,5.99113682600548,1,0,2,anti_homophones
32377,wE2bang4,8,-6.832306369793028,2,6.832306369793028,1,0,3,anti_homophones
32378,bo2ben3,7,-5.57557361379213,2,5.57557361379213,1,0,0,anti_homophones
32379,da3zhong4,9,-5.548228152727965,2,5.548228152727965,1,0,5,anti_homophones
32380,hI4e4,5,-5.491465871645293,2,5.491465871645293,1,0,2,anti_homophones
32381,rV4ji1,6,-5.583784166797323,2,5.583784166797323,1,0,4,anti_homophones
32382,dLn3bing2,9,-6.278984408200713,2,6.278984408200713,1,0,0,anti_homophones
32383,zhi2shi2,8,-5.504542030886826,2,5.504542030886826,1,0,5,anti_homophones
32384,kA1feng2,8,-5.838628061575364,2,5.838628061575364,1,0,0,anti_homophones
32385,wu2fang3,8,-5.559898371674259,2,5.559898371674259,1,0,3,anti_homophones
32386,lLn2yV3,7,-5.932391339066952,2,5.932391339066952,1,0,1,anti_homophones
32387,hO3bu4,6,-5.212877246325499,2,5.212877246325499,1,0,4,anti_homophones
32388,jL3bi3,6,-5.550723083006934,2,5.550723083006934,1,0,1,anti_homophones
32389,lLng1sI4,8,-6.985088043838688,2,6.985088043838688,1,0,1,anti_homophones
32390,wu2kI4,6,-5.013805703822817,2,5.013805703822817,1,0,3,anti_homophones
32391,zi4A1,5,-5.838901463767457,2,5.838901463767457,1,0,4,anti_homophones
32392,pu1xing2,8,-6.432299883526892,2,6.432299883526892,1,0,3,anti_homophones
32393,dUn3zhV1,8,-7.097307426105121,2,7.097307426105121,1,0,1,anti_homophones
32394,ba2zu3,6,-6.942137357866418,2,6.942137357866418,1,0,0,anti_homophones
32395,xing4li4,8,-5.244369769519665,2,5.244369769519665,1,0,9,anti_homophones
32396,chen3yUn2,9,-6.49773582775997,2,6.49773582775997,1,0,2,anti_homophones
32397,wo1cha2,7,-6.616829119514055,2,6.616829119514055,1,0,0,anti_homophones
32398,zheng1zhe3,10,-5.638963577709388,2,5.638963577709388,1,0,1,anti_homophones
32399,shan1ling3,10,-6.896038601646036,2,6.896038601646036,1,0,0,anti_homophones
32400,deng1kUng2,10,-7.101637085769775,2,7.101637085769775,1,0,0,anti_homophones
32401,yu4chang4,9,-5.8972462539009385,2,5.8972462539009385,1,0,3,anti_homophones
32402,yu4chang3,9,-6.030599174894561,2,6.030599174894561,1,0,3,anti_homophones
32403,pen2xLng4,9,-6.744343794063466,2,6.744343794063466,1,0,1,anti_homophones
32404,cha2bW3,7,-5.752977604838849,2,5.752977604838849,1,0,0,anti_homophones
32405,chV1xin1,8,-6.232817145849703,2,6.232817145849703,1,0,2,anti_homophones
32406,tV1li5,6,-6.2860988831257645,2,6.2860988831257645,1,0,0,anti_homophones
32407,leng1yV3,8,-6.446669525901745,2,6.446669525901745,1,0,1,anti_homophones
32408,tong3bA2,8,-6.93926733369646,2,6.93926733369646,1,0,1,anti_homophones
32409,chu1xLng2,9,-5.826482050937018,2,5.826482050937018,1,0,1,anti_homophones
32410,da4leng1,8,-5.780436341219253,2,5.780436341219253,1,0,2,anti_homophones
32411,mo4ru3,6,-6.396808526942901,2,6.396808526942901,1,0,1,anti_homophones
32412,si3ji2,6,-5.840817760767731,2,5.840817760767731,1,0,4,anti_homophones
32413,nLn2hO3,7,-6.122986882317991,2,6.122986882317991,1,0,0,anti_homophones
32414,te4qu3,6,-5.459532981116517,2,5.459532981116517,1,0,4,anti_homophones
32415,shang1yC1,9,-6.748189504942344,2,6.748189504942344,1,0,1,anti_homophones
32416,shi4chUn2,9,-6.0679447263120245,2,6.0679447263120245,1,0,0,anti_homophones
32417,lLng4zhi2,9,-6.165175827181837,2,6.165175827181837,1,0,1,anti_homophones
32418,shu1jLn4,8,-5.631365065940769,2,5.631365065940769,1,0,6,anti_homophones
32419,dO3yi4,6,-6.161737443933974,2,6.161737443933974,1,0,5,anti_homophones
32420,san1zhi4,8,-5.719961424841198,2,5.719961424841198,1,0,4,anti_homophones
32421,zhi4fu5,7,-6.307191789488236,2,6.307191789488236,1,0,2,anti_homophones
32422,ku3jK4,6,-6.31714708358565,2,6.31714708358565,1,0,1,anti_homophones
32423,na2ri4,6,-6.378747564281959,2,6.378747564281959,1,0,1,anti_homophones
32424,tong4bu4,8,-5.832413814690794,2,5.832413814690794,1,0,2,anti_homophones
32425,nan4mA4,7,-6.747457012610189,2,6.747457012610189,1,0,0,anti_homophones
32426,hu1fa3,6,-6.221781379839716,2,6.221781379839716,1,0,4,anti_homophones
32427,yong1xC4,8,-6.653145219148867,2,6.653145219148867,1,0,0,anti_homophones
32428,pLn4zi5,7,-5.2465158402881,2,5.2465158402881,1,0,6,anti_homophones
32429,hE1mu4,6,-5.496647984486312,2,5.496647984486312,1,0,9,anti_homophones
32430,zu2xC3,6,-7.180909231492224,2,7.180909231492224,1,0,1,anti_homophones
32431,dI4dI4,6,-5.531933335340523,2,5.531933335340523,1,0,6,anti_homophones
32432,ba2zhi1,7,-6.707229453125645,2,6.707229453125645,1,0,0,anti_homophones
32433,fu2yi1,6,-5.853028438501735,2,5.853028438501735,1,0,1,anti_homophones
32434,hO3jW4,6,-5.972180565634359,2,5.972180565634359,1,0,2,anti_homophones
32435,bi1ren4,7,-6.372264376995303,2,6.372264376995303,1,0,0,anti_homophones
32436,shV3tA2,7,-5.743967769642764,2,5.743967769642764,1,0,7,anti_homophones
32437,mLn4ren2,8,-5.321716728712361,2,5.321716728712361,1,0,1,anti_homophones
32438,jC2du2,6,-6.951167858998135,2,6.951167858998135,1,0,0,anti_homophones
32439,gQ1qing2,8,-5.896051126385035,2,5.896051126385035,1,0,3,anti_homophones
32440,bu4lQ2,6,-5.456712329433443,2,5.456712329433443,1,0,2,anti_homophones
32441,qing2gO3,8,-6.185353916777267,2,6.185353916777267,1,0,4,anti_homophones
32442,xW3pang3,8,-6.37280597265558,2,6.37280597265558,1,0,1,anti_homophones
32443,jL1ren2,7,-4.678538030557776,2,4.678538030557776,1,1,5,anti_homophones
32444,la1lang2,8,-5.993678186556656,2,5.993678186556656,1,1,1,anti_homophones
32445,bM2yi4,6,-5.728378642426125,2,5.728378642426125,1,0,7,anti_homophones
32446,tu1tA2,6,-6.3091898759656635,2,6.3091898759656635,1,0,2,anti_homophones
32447,jM1ban4,7,-5.200889540919366,2,5.200889540919366,1,0,3,anti_homophones
32448,she4ji4,7,-5.217876633018846,2,5.217876633018846,1,0,6,anti_homophones
32449,bing2qu1,8,-5.91276347425035,2,5.91276347425035,1,0,4,anti_homophones
32450,chen1gUng4,10,-6.867008497804935,2,6.867008497804935,1,0,1,anti_homophones
32451,pA2hU4,6,-5.127330745706046,2,5.127330745706046,1,0,5,anti_homophones
32452,xLn1ji1,7,-5.410988080179755,2,5.410988080179755,1,0,7,anti_homophones
32453,yang3xYng3,10,-7.334569210535889,2,7.334569210535889,1,0,0,anti_homophones
32454,mang2mo5,8,-7.67159313727718,2,7.67159313727718,1,0,0,anti_homophones
32455,xing4pin2,9,-6.678645414276702,2,6.678645414276702,1,0,1,anti_homophones
32456,fE4bu4,6,-6.010489304342597,2,6.010489304342597,1,0,2,anti_homophones
32457,yin1qUn2,8,-5.4636873133536,2,5.4636873133536,1,0,1,anti_homophones
32458,hong1jL1,8,-5.961487980248131,2,5.961487980248131,1,0,6,anti_homophones
32459,yong1yV2,8,-6.342362339477129,2,6.342362339477129,1,0,3,anti_homophones
32460,zhi2lK2,7,-5.66790946180427,2,5.66790946180427,1,0,0,anti_homophones
32461,jun1nang4,9,-7.2945477384387685,2,7.2945477384387685,1,0,2,anti_homophones
32462,ge1chi2,7,-6.334864735901778,2,6.334864735901778,1,0,0,anti_homophones
32463,chun4e4,7,-6.555673819392498,2,6.555673819392498,1,0,0,anti_homophones
32464,shang2shu1,10,-6.03046906342969,2,6.03046906342969,1,0,0,anti_homophones
32465,la1dI1,6,-6.80259902205525,2,6.80259902205525,1,0,0,anti_homophones
32466,hu4di4,6,-6.074328140403045,2,6.074328140403045,1,0,7,anti_homophones
32467,gUn1san3,8,-7.297386095659716,2,7.297386095659716,1,0,0,anti_homophones
32468,zi4mK4,6,-6.609811728113964,2,6.609811728113964,1,0,3,anti_homophones
32469,xK4dQ4,6,-6.014007596878024,2,6.014007596878024,1,0,2,anti_homophones
32470,ji1sa3,6,-6.327810622296232,2,6.327810622296232,1,0,3,anti_homophones
32471,ni2ping1,8,-6.8672315367340495,2,6.8672315367340495,1,0,0,anti_homophones
32472,zhong2dLn4,10,-5.953758800236892,2,5.953758800236892,1,0,4,anti_homophones
32473,bing1chu4,9,-6.526461648835271,2,6.526461648835271,1,0,2,anti_homophones
32474,chu2lu2,7,-5.846015157713476,2,5.846015157713476,1,0,3,anti_homophones
32475,tu1pen1,7,-7.604767223439618,2,7.604767223439618,1,0,0,anti_homophones
32476,yang1fE4,8,-6.45124048087469,2,6.45124048087469,1,0,0,anti_homophones
32477,te4pA4,6,-5.045907570447271,2,5.045907570447271,1,0,4,anti_homophones
32478,ang1hO4,7,-7.377958871095511,2,7.377958871095511,1,0,0,anti_homophones
32479,bu4ru4,6,-4.969129960572431,2,4.969129960572431,1,0,9,anti_homophones
32480,fu4de2,6,-5.20284054769728,2,5.20284054769728,1,0,3,anti_homophones
32481,li2qun2,7,-6.178456204986458,2,6.178456204986458,1,0,1,anti_homophones
32482,de2cun2,7,-6.6778250681128695,2,6.6778250681128695,1,0,1,anti_homophones
32483,gI1gan3,7,-5.733439118742591,2,5.733439118742591,1,0,3,anti_homophones
32484,ren2zi3,7,-5.58479974448877,2,5.58479974448877,1,0,3,anti_homophones
32485,jC2bQ4,6,-5.820761490387126,2,5.820761490387126,1,0,0,anti_homophones
32486,qi3can3,7,-6.777875621093667,2,6.777875621093667,1,0,0,anti_homophones
32487,bu4tong1,8,-5.304549011546402,2,5.304549011546402,1,0,7,anti_homophones
32488,gong1du3,8,-6.945846820158234,2,6.945846820158234,1,0,2,anti_homophones
32489,lK2zu2,6,-5.9862922367472144,2,5.9862922367472144,1,0,1,anti_homophones
32490,fan4zhe1,8,-6.844327065109421,2,6.844327065109421,1,0,1,anti_homophones
32491,xin1fu4,7,-5.591297396582658,2,5.591297396582658,1,0,7,anti_homophones
32492,ye3hO2,6,-6.210316177022699,2,6.210316177022699,1,0,1,anti_homophones
32493,tV4lang1,8,-7.315281173825637,2,7.315281173825637,1,0,0,anti_homophones
32494,hI1zhong4,9,-6.439240844964674,2,6.439240844964674,1,0,2,anti_homophones
32495,li4di2,6,-6.22079362438401,2,6.22079362438401,1,0,1,anti_homophones
32496,tang1nW3,8,-6.932245982149012,2,6.932245982149012,1,0,0,anti_homophones
32497,xK1chu1,7,-5.7676216224597265,2,5.7676216224597265,1,0,1,anti_homophones
32498,lin4chang4,10,-7.642704503928922,2,7.642704503928922,1,0,1,anti_homophones
32499,jun1lan2,8,-6.069066180530354,2,6.069066180530354,1,0,0,anti_homophones
32500,wu1ji4,6,-5.742824301007835,2,5.742824301007835,1,0,7,anti_homophones
32501,xUn1xLn4,8,-6.065006506695636,2,6.065006506695636,1,0,3,anti_homophones
32502,fu3zhang2,9,-6.432914202574886,2,6.432914202574886,1,0,6,anti_homophones
32503,ban3yUn4,8,-6.106113792997101,2,6.106113792997101,1,0,2,anti_homophones
32504,kUng1xLng4,10,-6.257505667733148,2,6.257505667733148,1,0,0,anti_homophones
32505,xW3ti3,6,-5.081662687768241,2,5.081662687768241,1,0,4,anti_homophones
32506,jLn1si5,7,-6.579697894370085,2,6.579697894370085,1,0,2,anti_homophones
32507,gong4tV2,8,-5.57509474794839,2,5.57509474794839,1,0,1,anti_homophones
32508,zi4xLn4,7,-5.218721810730814,2,5.218721810730814,1,1,11,anti_homophones
32509,chUng2ji4,9,-6.234563113178677,2,6.234563113178677,1,0,4,anti_homophones
32510,kUng3chun3,10,-8.523357190365752,2,8.523357190365752,1,0,0,anti_homophones
32511,wa2er2,6,-5.771979773248452,2,5.771979773248452,1,0,2,anti_homophones
32512,la1hU4,6,-5.713844648777475,2,5.713844648777475,1,0,3,anti_homophones
32513,hun3yan3,8,-6.6995524828519475,2,6.6995524828519475,1,0,0,anti_homophones
32514,yu3bQ4,6,-6.176679662246802,2,6.176679662246802,1,0,3,anti_homophones
32515,kong2jun1,9,-6.453509192335082,2,6.453509192335082,1,0,2,anti_homophones
32516,fE1jLn4,7,-5.7257972693359775,2,5.7257972693359775,1,0,3,anti_homophones
32517,mi2zhong4,9,-6.969790426733045,2,6.969790426733045,1,0,2,anti_homophones
32518,kV3du4,6,-6.230998538418504,2,6.230998538418504,1,0,3,anti_homophones
32519,feng3su4,8,-6.84387523423486,2,6.84387523423486,1,0,2,anti_homophones
32520,wan3xW4,7,-6.439454568627271,2,6.439454568627271,1,0,0,anti_homophones
32521,re4lv3,6,-6.441307056566265,2,6.441307056566265,1,0,1,anti_homophones
32522,fa1si1,6,-5.939171402399967,2,5.939171402399967,1,0,3,anti_homophones
32523,yi4ju2,6,-5.4155418741428925,2,5.4155418741428925,1,0,8,anti_homophones
32524,xi1zhi3,7,-5.8236854676656264,2,5.8236854676656264,1,0,2,anti_homophones
32525,jLng3she3,9,-7.386764049264722,2,7.386764049264722,1,0,0,anti_homophones
32526,he2zheng2,9,-5.969678869264826,2,5.969678869264826,1,0,3,anti_homophones
32527,shang2zhUn4,11,-6.5146709435456085,2,6.5146709435456085,1,0,0,anti_homophones
32528,gen1mM4,7,-6.3502839971196785,2,6.3502839971196785,1,0,1,anti_homophones
32529,yong3qi3,8,-7.096642138830246,2,7.096642138830246,1,0,0,anti_homophones
32530,ci4yUn2,7,-5.615561091299491,2,5.615561091299491,1,0,7,anti_homophones
32531,da3chong1,9,-6.076222942587257,2,6.076222942587257,1,0,1,anti_homophones
32532,jun1jL4,7,-5.563113062682188,2,5.563113062682188,1,0,2,anti_homophones
32533,ren4zhan1,9,-6.791148740591548,2,6.791148740591548,1,0,0,anti_homophones
32534,gun4li4,7,-6.072216335147383,2,6.072216335147383,1,0,3,anti_homophones
32535,cA4mQ2,6,-7.052747786464774,2,7.052747786464774,1,0,0,anti_homophones
32536,bu4gong1,8,-5.278832545484227,2,5.278832545484227,1,0,4,anti_homophones
32537,tong1zhong2,11,-6.1984157329082885,2,6.1984157329082885,1,0,2,anti_homophones
32538,kong1qi2,8,-6.352396646362193,2,6.352396646362193,1,0,1,anti_homophones
32539,lLn2kO4,7,-6.708535475312397,2,6.708535475312397,1,0,0,anti_homophones
32540,po4kV3,6,-5.0348025821545646,2,5.0348025821545646,1,0,0,anti_homophones
32541,gO3fa1,6,-6.597398706641104,2,6.597398706641104,1,0,0,anti_homophones
32542,e2man4,6,-6.739497070961741,2,6.739497070961741,1,0,0,anti_homophones
32543,zu3tV5,6,-6.305867755669594,2,6.305867755669594,1,0,6,anti_homophones
32544,re4shi4,7,-5.0914074463151,2,5.0914074463151,1,0,6,anti_homophones
32545,kan4xi3,7,-6.811695474228671,2,6.811695474228671,1,0,2,anti_homophones
32546,chi4yu2,7,-6.162588907537698,2,6.162588907537698,1,0,2,anti_homophones
32547,yi1gu3,6,-4.960558644282935,2,4.960558644282935,1,0,7,anti_homophones
32548,ren2kV3,7,-5.7969851298095545,2,5.7969851298095545,1,0,0,anti_homophones
32549,xing1li5,8,-6.1272102123636065,2,6.1272102123636065,1,0,4,anti_homophones
32550,shu4qW3,7,-6.499269335876115,2,6.499269335876115,1,0,0,anti_homophones
32551,rUn3yQ4,7,-6.258014104402878,2,6.258014104402878,1,0,3,anti_homophones
32552,shu4yu4,7,-5.800236262473463,2,5.800236262473463,1,0,4,anti_homophones
32553,pin3dA4,7,-5.938918950402916,2,5.938918950402916,1,0,4,anti_homophones
32554,bE3du4,6,-5.61127830030328,2,5.61127830030328,1,0,5,anti_homophones
32555,mE3mQ2,6,-6.228930229875879,2,6.228930229875879,1,0,0,anti_homophones
32556,bQ3lQ2,6,-6.527723551407112,2,6.527723551407112,1,0,1,anti_homophones
32557,jK4hU1,6,-5.826505649209385,2,5.826505649209385,1,0,2,anti_homophones
32558,zong1jW3,8,-6.275949289034839,2,6.275949289034839,1,0,1,anti_homophones
32559,rO4ban4,7,-6.216632070384787,2,6.216632070384787,1,0,0,anti_homophones
32560,wA4bu3,6,-6.712749852902165,2,6.712749852902165,1,0,4,anti_homophones
32561,yu4zhan4,8,-5.9046665291111085,2,5.9046665291111085,1,0,0,anti_homophones
32562,Q1tQ3,5,-7.079735773283862,2,7.079735773283862,1,0,0,anti_homophones
32563,tong1lun4,9,-6.485117708781394,2,6.485117708781394,1,0,0,anti_homophones
32564,yan3gUng1,9,-6.053978340796059,2,6.053978340796059,1,0,0,anti_homophones
32565,she2sheng2,10,-6.633738098366265,2,6.633738098366265,1,0,0,anti_homophones
32566,kP4ma3,6,-5.900910762709063,2,5.900910762709063,1,0,0,anti_homophones
32567,yV1xW4,6,-5.341269481871137,2,5.341269481871137,1,0,7,anti_homophones
32568,du2sheng2,9,-5.718192997108256,2,5.718192997108256,1,0,2,anti_homophones
32569,ya2shi2,7,-6.260388422674952,2,6.260388422674952,1,0,1,anti_homophones
32570,sha1ya1,7,-5.724858779933948,2,5.724858779933948,1,0,4,anti_homophones
32571,ya2hO4,6,-6.402108977135639,2,6.402108977135639,1,0,1,anti_homophones
32572,jK4kV3,6,-5.61316191128301,2,5.61316191128301,1,0,3,anti_homophones
32573,pin3hong3,9,-6.6875235206600125,2,6.6875235206600125,1,0,0,anti_homophones
32574,qi2hI4,6,-5.720662849350369,2,5.720662849350369,1,0,8,anti_homophones
32575,qC1yi4,6,-5.38198621017061,2,5.38198621017061,1,0,1,anti_homophones
32576,pi2jL1,6,-5.257872394660971,2,5.257872394660971,1,0,3,anti_homophones
32577,ya3lang1,8,-7.073289184025458,2,7.073289184025458,1,0,0,anti_homophones
32578,wu4sUn4,7,-6.423481400367169,2,6.423481400367169,1,0,5,anti_homophones
32579,pi2zho1,7,-9.388396298016392,2,9.388396298016392,1,0,0,anti_homophones
32580,hO3qu3,6,-5.632189324074345,2,5.632189324074345,1,0,3,anti_homophones
32581,a1jLng1,7,-7.14660127727068,2,7.14660127727068,1,0,1,anti_homophones
32582,jin4wE2,7,-5.951152393559949,2,5.951152393559949,1,0,2,anti_homophones
32583,yan2dQ4,7,-5.304476636203299,2,5.304476636203299,1,0,10,anti_homophones
32584,ding3ling3,10,-7.468988389899836,2,7.468988389899836,1,0,0,anti_homophones
32585,bQ3can1,7,-6.059310626727207,2,6.059310626727207,1,0,1,anti_homophones
32586,tong4xLng1,10,-6.056668226585999,2,6.056668226585999,1,0,1,anti_homophones
32587,yUn4ding4,9,-6.69109982658136,2,6.69109982658136,1,0,2,anti_homophones
32588,tI4hUng1,8,-6.024629765792553,2,6.024629765792553,1,0,1,anti_homophones
32589,fen1xLn4,8,-5.425217828738249,2,5.425217828738249,1,0,3,anti_homophones
32590,ban3qin2,8,-6.7764414334202625,2,6.7764414334202625,1,0,2,anti_homophones
32591,zheng2ji1,9,-5.649109186822018,2,5.649109186822018,1,0,3,anti_homophones
32592,bi4ya2,6,-6.190406712663137,2,6.190406712663137,1,0,3,anti_homophones
32593,tun1dI4,7,-6.903687737895495,2,6.903687737895495,1,0,0,anti_homophones
32594,A4bi4,5,-6.268628807899522,2,6.268628807899522,1,0,1,anti_homophones
32595,ci4gO3,6,-6.672501305084533,2,6.672501305084533,1,0,3,anti_homophones
32596,shV1sheng1,10,-5.766207917460772,2,5.766207917460772,1,0,0,anti_homophones
32597,jL4sha4,7,-7.69587946582012,2,7.69587946582012,1,0,2,anti_homophones
32598,zhUn2yV3,8,-6.316522877747801,2,6.316522877747801,1,0,0,anti_homophones
32599,xing2zhe3,9,-5.626184660941583,2,5.626184660941583,1,0,4,anti_homophones
32600,zong2fu2,8,-6.414426548455483,2,6.414426548455483,1,0,2,anti_homophones
32601,yin1run4,8,-6.557572669811746,2,6.557572669811746,1,0,1,anti_homophones
32602,hP4qi1,6,-6.728715003356948,2,6.728715003356948,1,0,1,anti_homophones
32603,su4xUn3,7,-6.387946212210242,2,6.387946212210242,1,0,2,anti_homophones
32604,ge1wan4,7,-5.911978833053913,2,5.911978833053913,1,0,3,anti_homophones
32605,yUn2gQ3,7,-5.954488243071496,2,5.954488243071496,1,0,1,anti_homophones
32606,yQ2yan3,7,-5.67090794764102,2,5.67090794764102,1,0,2,anti_homophones
32607,sI4se4,6,-5.753859976968023,2,5.753859976968023,1,0,1,anti_homophones
32608,chUng2shi2,10,-6.153952959843645,2,6.153952959843645,1,0,0,anti_homophones
32609,nan2si1,7,-6.043637812755248,2,6.043637812755248,1,0,0,anti_homophones
32610,cang4xing2,10,-6.463462065912095,2,6.463462065912095,1,0,2,anti_homophones
32611,po1mo4,6,-6.068897039880548,2,6.068897039880548,1,0,2,anti_homophones
32612,nQ4ji4,6,-5.988692833526997,2,5.988692833526997,1,0,1,anti_homophones
32613,pA1qu3,6,-6.268193757617203,2,6.268193757617203,1,0,4,anti_homophones
32614,tI4bQ3,6,-6.628407006540191,2,6.628407006540191,1,0,0,anti_homophones
32615,qK2gUng1,8,-6.335910254303068,2,6.335910254303068,1,0,2,anti_homophones
32616,xM2dI4,6,-5.176080242179251,2,5.176080242179251,1,0,2,anti_homophones
32617,fE2cha4,7,-7.517284408262428,2,7.517284408262428,1,0,0,anti_homophones
32618,lO2lv4,6,-6.007908191082035,2,6.007908191082035,1,0,1,anti_homophones
32619,gA3xLn3,7,-6.329807265742759,2,6.329807265742759,1,0,1,anti_homophones
32620,kU1qK2,6,-6.29516672965439,2,6.29516672965439,1,0,0,anti_homophones
32621,da3lv4,6,-5.379198470104566,2,5.379198470104566,1,1,6,anti_homophones
32622,lLng1shu1,9,-6.304456394655109,2,6.304456394655109,1,0,0,anti_homophones
32623,he2yang4,8,-6.126574934627192,2,6.126574934627192,1,0,1,anti_homophones
32624,sI4shO1,7,-6.680405373924823,2,6.680405373924823,1,0,0,anti_homophones
32625,yu4fa3,6,-5.360076925741339,2,5.360076925741339,1,0,3,anti_homophones
32626,zQ3nLn2,7,-5.763902155289807,2,5.763902155289807,1,0,5,anti_homophones
32627,A4hP4,5,-5.945813897598985,2,5.945813897598985,1,0,4,anti_homophones
32628,chu3ku3,7,-7.167946389335824,2,7.167946389335824,1,0,1,anti_homophones
32629,ji4qUn4,7,-6.590831439274034,2,6.590831439274034,1,0,4,anti_homophones
32630,pA2jUn4,7,-6.011991429947107,2,6.011991429947107,1,0,2,anti_homophones
32631,gong1jL1,8,-5.5380430489769905,2,5.5380430489769905,1,0,5,anti_homophones
32632,jW1qing3,8,-6.599939389741957,2,6.599939389741957,1,0,0,anti_homophones
32633,shI3kP4,7,-5.435355984187904,2,5.435355984187904,1,0,4,anti_homophones
32634,fang2lW4,8,-6.2200936465317405,2,6.2200936465317405,1,0,1,anti_homophones
32635,wu3xW3,6,-6.627963945935167,2,6.627963945935167,1,0,0,anti_homophones
32636,wA4li4,6,-4.9049741291806175,2,4.9049741291806175,1,0,12,anti_homophones
32637,wen2di3,7,-6.427876493503215,2,6.427876493503215,1,0,4,anti_homophones
32638,sheng2ying2,11,-6.436846952382287,2,6.436846952382287,1,0,2,anti_homophones
32639,shV3ji4,7,-5.144846099050556,2,5.144846099050556,1,0,9,anti_homophones
32640,hO3zhUng4,9,-6.765476088753221,2,6.765476088753221,1,0,0,anti_homophones
32641,wang2wA4,8,-6.606302680974627,2,6.606302680974627,1,0,1,anti_homophones
32642,jL3zhi3,7,-5.7883204213870565,2,5.7883204213870565,1,1,4,anti_homophones
32643,jL1gI3,6,-5.7752444354863455,2,5.7752444354863455,1,0,3,anti_homophones
32644,xLn3dan4,8,-6.237337457643052,2,6.237337457643052,1,0,0,anti_homophones
32645,xLn1qUn2,8,-5.7805321774083085,2,5.7805321774083085,1,0,1,anti_homophones
32646,zhong3nK2,9,-6.684931341375096,2,6.684931341375096,1,0,0,anti_homophones
32647,song2shI3,9,-6.5249021871925645,2,6.5249021871925645,1,0,1,anti_homophones
32648,chu2su2,7,-6.679600811849301,2,6.679600811849301,1,0,2,anti_homophones
32649,dW4ling1,8,-6.682408657886724,2,6.682408657886724,1,0,1,anti_homophones
32650,ru4hI3,6,-6.628899936746862,2,6.628899936746862,1,0,0,anti_homophones
32651,wang4pa4,8,-6.911168431654094,2,6.911168431654094,1,0,0,anti_homophones
32652,ni2wa2,6,-7.490329900980978,2,7.490329900980978,1,0,2,anti_homophones
32653,kUn1dV5,7,-7.900729118156212,2,7.900729118156212,1,0,0,anti_homophones
32654,tV4jLn4,7,-6.0377685536762575,2,6.0377685536762575,1,0,1,anti_homophones
32655,qing1lK2,8,-6.1012307542771005,2,6.1012307542771005,1,0,1,anti_homophones
32656,deng1ye4,8,-5.771833669490281,2,5.771833669490281,1,1,4,anti_homophones
32657,li4lQ2,6,-6.664990844309619,2,6.664990844309619,1,0,1,anti_homophones
32658,zhUng2lO2,9,-7.256696608637517,2,7.256696608637517,1,0,0,anti_homophones
32659,gan1xing4,9,-5.821647678100891,2,5.821647678100891,1,0,2,anti_homophones
32660,re4qing4,8,-5.796508073009543,2,5.796508073009543,1,0,3,anti_homophones
32661,zi4zhi2,7,-5.159037087708256,2,5.159037087708256,1,0,7,anti_homophones
32662,wo4jin4,7,-6.411901935383896,2,6.411901935383896,1,0,0,anti_homophones
32663,tu3zO4,6,-6.2133630011100776,2,6.2133630011100776,1,0,1,anti_homophones
32664,bA3chu2,7,-6.61734274893549,2,6.61734274893549,1,0,0,anti_homophones
32665,wan3jLn4,8,-5.959333780057251,2,5.959333780057251,1,0,4,anti_homophones
32666,ran2bu4,7,-5.7552423126880425,2,5.7552423126880425,1,0,5,anti_homophones
32667,ti4xin1,7,-5.948364301167385,2,5.948364301167385,1,0,5,anti_homophones
32668,sheng2lK2,9,-5.780910648835744,2,5.780910648835744,1,0,1,anti_homophones
32669,zA4er5,6,-5.651850607912262,2,5.651850607912262,1,0,1,anti_homophones
32670,zhi4fen1,8,-5.975255494505985,2,5.975255494505985,1,0,2,anti_homophones
32671,an4ju2,6,-5.912315636697046,2,5.912315636697046,1,0,9,anti_homophones
32672,zhUng1lv2,9,-6.819728806782429,2,6.819728806782429,1,0,0,anti_homophones
32673,zi4fan3,7,-5.709707324293958,2,5.709707324293958,1,0,6,anti_homophones
32674,xC1zi3,6,-6.0835772775264205,2,6.0835772775264205,1,0,1,anti_homophones
32675,da3ya1,6,-5.659076725071574,2,5.659076725071574,1,0,3,anti_homophones
32676,wu3wo1,6,-6.324822134077547,2,6.324822134077547,1,0,0,anti_homophones
32677,ya4wu4,6,-5.6787924364823965,2,5.6787924364823965,1,0,5,anti_homophones
32678,feng4zu2,8,-6.756541911366454,2,6.756541911366454,1,0,0,anti_homophones
32679,lW2yan3,7,-5.775807543880912,2,5.775807543880912,1,0,2,anti_homophones
32680,fen1wan4,8,-6.183873884229595,2,6.183873884229595,1,0,2,anti_homophones
32681,wen4sheng2,10,-6.664081823291601,2,6.664081823291601,1,0,3,anti_homophones
32682,di3cA4,6,-6.198693027814091,2,6.198693027814091,1,0,2,anti_homophones
32683,qUn2ren2,8,-5.270941374644973,2,5.270941374644973,1,0,2,anti_homophones
32684,da4dM1,6,-5.519097158428422,2,5.519097158428422,1,0,2,anti_homophones
32685,shV3chen4,9,-6.090868483115708,2,6.090868483115708,1,0,4,anti_homophones
32686,yC4feng1,8,-5.8853439168975115,2,5.8853439168975115,1,0,1,anti_homophones
32687,qW3lu4,6,-6.545158193928339,2,6.545158193928339,1,0,2,anti_homophones
32688,sheng3ji3,9,-6.770336620632148,2,6.770336620632148,1,0,3,anti_homophones
32689,zhe3zhUng4,10,-7.124498860770615,2,7.124498860770615,1,0,1,anti_homophones
32690,han3wo3,7,-8.143452094152085,2,8.143452094152085,1,0,0,anti_homophones
32691,bi4gu3,6,-5.506450200657296,2,5.506450200657296,1,0,12,anti_homophones
32692,yan2zu2,7,-6.0044228186347866,2,6.0044228186347866,1,0,4,anti_homophones
32693,sI2fa3,6,-5.6361305199681375,2,5.6361305199681375,1,1,1,anti_homophones
32694,lLng1qi4,8,-5.47841974415616,2,5.47841974415616,1,0,5,anti_homophones
32695,yQ4deng1,8,-6.309788012702958,2,6.309788012702958,1,0,1,anti_homophones
32696,he2jLn4,7,-5.301734452394901,2,5.301734452394901,1,0,3,anti_homophones
32697,jL2xW4,6,-5.780144850237556,2,5.780144850237556,1,0,0,anti_homophones
32698,zhen1jLn4,9,-5.738001274681301,2,5.738001274681301,1,0,1,anti_homophones
32699,yan3shI3,8,-5.694990441338875,2,5.694990441338875,1,0,2,anti_homophones
32700,jin4wE4,7,-5.411453924467468,2,5.411453924467468,1,0,2,anti_homophones
32701,shU1si4,7,-7.014719106971072,2,7.014719106971072,1,0,0,anti_homophones
32702,yan2xin1,8,-5.27411328278121,2,5.27411328278121,1,0,8,anti_homophones
32703,bQ3fu2,6,-6.166375551781626,2,6.166375551781626,1,0,3,anti_homophones
32704,shang3qi4,9,-5.359353390901124,2,5.359353390901124,1,0,8,anti_homophones
32705,li4shu1,7,-5.888981713352388,2,5.888981713352388,1,0,4,anti_homophones
32706,mi2xi4,6,-6.0498223750451485,2,6.0498223750451485,1,0,5,anti_homophones
32707,fu2fa2,6,-6.211734759323644,2,6.211734759323644,1,0,0,anti_homophones
32708,mo3sA4,6,-7.1503024482187705,2,7.1503024482187705,1,0,0,anti_homophones
32709,yi4shang1,9,-6.1427555271425005,2,6.1427555271425005,1,0,1,anti_homophones
32710,shang1cha1,10,-6.570243704642372,2,6.570243704642372,1,0,3,anti_homophones
32711,ding1jing2,10,-6.367778947530442,2,6.367778947530442,1,0,2,anti_homophones
32712,mu4lW4,6,-5.473813912098038,2,5.473813912098038,1,0,5,anti_homophones
32713,qing3shO1,9,-6.491592213708946,2,6.491592213708946,1,0,2,anti_homophones
32714,bi4yi2,6,-5.985111149926216,2,5.985111149926216,1,0,6,anti_homophones
32715,zUn1ye4,7,-6.546067055307334,2,6.546067055307334,1,0,4,anti_homophones
32716,yin3ye4,7,-5.68913367140637,2,5.68913367140637,1,0,5,anti_homophones
32717,si4xi1,6,-6.238829556408133,2,6.238829556408133,1,0,5,anti_homophones
32718,chu3sO3,7,-7.0665703856434385,2,7.0665703856434385,1,0,2,anti_homophones
32719,fu4shang4,9,-5.801088886329023,2,5.801088886329023,1,0,2,anti_homophones
32720,chUn4dA4,8,-5.915039381645473,2,5.915039381645473,1,0,2,anti_homophones
32721,jM2chong4,9,-6.119038552406202,2,6.119038552406202,1,0,0,anti_homophones
32722,bu4yi2,6,-5.347839595771618,2,5.347839595771618,1,0,7,anti_homophones
32723,dong4shen1,10,-6.597439934595399,2,6.597439934595399,1,0,0,anti_homophones
32724,na4min3,7,-6.779947616593651,2,6.779947616593651,1,0,1,anti_homophones
32725,zhong1dLn3,10,-5.757166469586941,2,5.757166469586941,1,0,3,anti_homophones
32726,qi3kan4,7,-7.106360651733975,2,7.106360651733975,1,0,1,anti_homophones
32727,mQ4yun4,7,-6.240064589851798,2,6.240064589851798,1,0,1,anti_homophones
32728,jin4ru3,7,-6.278301002923329,2,6.278301002923329,1,0,3,anti_homophones
32729,chang4yUn2,10,-5.918670128035546,2,5.918670128035546,1,0,1,anti_homophones
32730,zhong1pa4,9,-6.982470211418204,2,6.982470211418204,1,0,2,anti_homophones
32731,qing2shi3,9,-5.980498664806401,2,5.980498664806401,1,0,6,anti_homophones
32732,li4cha1,7,-6.452144409299254,2,6.452144409299254,1,0,3,anti_homophones
32733,pLn1di4,7,-6.166691151752782,2,6.166691151752782,1,0,2,anti_homophones
32734,shi2ze2,7,-5.741181334398771,2,5.741181334398771,1,0,0,anti_homophones
32735,hA3ge2,6,-5.392536197114594,2,5.392536197114594,1,0,2,anti_homophones
32736,hUn2shi2,8,-5.836317035704365,2,5.836317035704365,1,0,2,anti_homophones
32737,su4feng4,8,-7.3222801629465355,2,7.3222801629465355,1,0,2,anti_homophones
32738,hV4hI1,6,-6.511596641057078,2,6.511596641057078,1,0,2,anti_homophones
32739,jing1ju2,8,-6.027682608123728,2,6.027682608123728,1,0,5,anti_homophones
32740,shV4yin3,8,-5.97872319676702,2,5.97872319676702,1,1,1,anti_homophones
32741,jLn1zhan4,9,-5.815390615813036,2,5.815390615813036,1,0,0,anti_homophones
32742,bing5tV5,8,-8.303741206117117,2,8.303741206117117,1,0,0,anti_homophones
32743,gUn1qi1,7,-5.833250981799501,2,5.833250981799501,1,0,4,anti_homophones
32744,qin1feng2,9,-6.427169494497999,2,6.427169494497999,1,0,0,anti_homophones
32745,yin2qi4,7,-5.5695271601167065,2,5.5695271601167065,1,0,5,anti_homophones
32746,hV2ru4,6,-6.748356998150802,2,6.748356998150802,1,0,1,anti_homophones
32747,di4zi3,6,-5.804681031499536,2,5.804681031499536,1,0,4,anti_homophones
32748,hU4bW3,6,-5.42649012481121,2,5.42649012481121,1,0,1,anti_homophones
32749,hP4zhe3,7,-6.546678982504649,2,6.546678982504649,1,0,1,anti_homophones
32750,yi1ya1,6,-5.323584499436499,2,5.323584499436499,1,0,6,anti_homophones
32751,che3pang2,9,-8.03033887737557,2,8.03033887737557,1,0,0,anti_homophones
32752,bing1dA4,8,-5.8293911169247945,2,5.8293911169247945,1,0,3,anti_homophones
32753,gO4jL1,6,-5.158530175745249,2,5.158530175745249,1,0,7,anti_homophones
32754,pQ3xLng3,8,-6.302075564272888,2,6.302075564272888,1,0,2,anti_homophones
32755,zhu4ji4,7,-5.383455596002888,2,5.383455596002888,1,0,10,anti_homophones
32756,bu4ge2,6,-5.975663135417268,2,5.975663135417268,1,0,7,anti_homophones
32757,xL4qi4,6,-5.017556813136152,2,5.017556813136152,1,0,5,anti_homophones
32758,jing2zi3,8,-5.740548090617964,2,5.740548090617964,1,0,1,anti_homophones
32759,yin1mLn4,8,-6.259782799154039,2,6.259782799154039,1,0,3,anti_homophones
32760,hI4gong1,8,-7.004451029243784,2,7.004451029243784,1,0,0,anti_homophones
32761,zi4gUn1,7,-5.332227128724664,2,5.332227128724664,1,0,2,anti_homophones
32762,qing3yang3,10,-6.791531974644198,2,6.791531974644198,1,0,1,anti_homophones
32763,beng4hI4,8,-7.259882380054959,2,7.259882380054959,1,0,1,anti_homophones
32764,dang2wang2,10,-6.802908362039985,2,6.802908362039985,1,0,0,anti_homophones
32765,ran2qLng1,9,-7.228371098712488,2,7.228371098712488,1,0,0,anti_homophones
32766,cI1chV1,7,-6.874990742660705,2,6.874990742660705,1,0,1,anti_homophones
32767,jin4shI4,8,-5.970523736691819,2,5.970523736691819,1,0,2,anti_homophones
32768,hI3rong3,8,-6.897920154049443,2,6.897920154049443,1,0,0,anti_homophones
32769,kA1jM2,6,-5.481315453835804,2,5.481315453835804,1,0,2,anti_homophones
32770,deng1ce4,8,-6.538915533542256,2,6.538915533542256,1,0,2,anti_homophones
32771,A1yV1,5,-6.568175888456864,2,6.568175888456864,1,0,0,anti_homophones
32772,nu2lu5,6,-6.752112241726406,2,6.752112241726406,1,0,0,anti_homophones
32773,yin3hI4,7,-5.758571525492059,2,5.758571525492059,1,0,2,anti_homophones
32774,qK2lO2,6,-6.974339084216711,2,6.974339084216711,1,0,0,anti_homophones
32775,qUn3sO3,7,-7.244951599043308,2,7.244951599043308,1,0,3,anti_homophones
32776,sheng2gong2,11,-6.124926668839105,2,6.124926668839105,1,0,1,anti_homophones
32777,du2xLn2,7,-6.079355787020515,2,6.079355787020515,1,0,3,anti_homophones
32778,bang2xi4,8,-6.726521225799423,2,6.726521225799423,1,0,1,anti_homophones
32779,song1ji1,8,-5.6714937228892675,2,5.6714937228892675,1,0,4,anti_homophones
32780,hE1wE1,6,-7.166557260989087,2,7.166557260989087,1,0,1,anti_homophones
32781,ying2heng4,10,-7.2052613309342055,2,7.2052613309342055,1,0,0,anti_homophones
32782,ge1chu1,7,-6.052635454265371,2,6.052635454265371,1,0,0,anti_homophones
32783,chu1shi2,8,-5.088519062887601,2,5.088519062887601,1,0,7,anti_homophones
32784,rUn3zhang3,10,-6.617009385935359,2,6.617009385935359,1,0,1,anti_homophones
32785,xC4he2,6,-5.792584553049913,2,5.792584553049913,1,0,3,anti_homophones
32786,xW3feng1,8,-5.7660291375556625,2,5.7660291375556625,1,0,1,anti_homophones
32787,yin3zheng1,10,-6.347311628056618,2,6.347311628056618,1,0,0,anti_homophones
32788,tA4wE4,6,-6.051433084907148,2,6.051433084907148,1,0,0,anti_homophones
32789,jing1yu4,8,-5.750878428301435,2,5.750878428301435,1,0,8,anti_homophones
32790,xW3shV3,7,-5.181796797688549,2,5.181796797688549,1,0,3,anti_homophones
32791,mi3yang1,8,-7.604987926717327,2,7.604987926717327,1,0,2,anti_homophones
32792,pen4man3,8,-8.546836390180136,2,8.546836390180136,1,0,1,anti_homophones
32793,can2rQ3,7,-6.506760785571202,2,6.506760785571202,1,0,1,anti_homophones
32794,na4gI3,6,-6.797541385994014,2,6.797541385994014,1,0,1,anti_homophones
32795,fang1le1,8,-7.913697067542275,2,7.913697067542275,1,0,0,anti_homophones
32796,da4du4,6,-4.892092436032321,2,4.892092436032321,1,0,16,anti_homophones
32797,bE1jLn3,7,-6.446852705136664,2,6.446852705136664,1,0,1,anti_homophones
32798,ying3pu3,8,-7.194165223294632,2,7.194165223294632,1,0,0,anti_homophones
32799,mo1qin1,7,-6.814301651896876,2,6.814301651896876,1,0,0,anti_homophones
32800,zA1de2,6,-6.766610391557365,2,6.766610391557365,1,0,2,anti_homophones
32801,hI2kV3,6,-5.1880153541950405,2,5.1880153541950405,1,0,3,anti_homophones
32802,cheng1xM4,9,-6.05934299116387,2,6.05934299116387,1,0,1,anti_homophones
32803,lO3mW4,6,-6.6398596887682455,2,6.6398596887682455,1,0,0,anti_homophones
32804,ban3jing4,9,-6.141563801975716,2,6.141563801975716,1,0,3,anti_homophones
32805,wu2xC2,6,-5.262205306573448,2,5.262205306573448,1,0,3,anti_homophones
32806,chang3hun4,10,-7.731780175463823,2,7.731780175463823,1,0,0,anti_homophones
32807,nM4zha3,7,-8.476489475163328,2,8.476489475163328,1,0,0,anti_homophones
32808,shu1lun4,8,-6.019097989737561,2,6.019097989737561,1,0,0,anti_homophones
32809,zhi3gA4,7,-6.404054019801346,2,6.404054019801346,1,0,0,anti_homophones
32810,yang1xing2,10,-6.145160567344108,2,6.145160567344108,1,1,2,anti_homophones
32811,fang3chu4,9,-6.512269604229532,2,6.512269604229532,1,0,1,anti_homophones
32812,hU2shi4,7,-5.280780731308308,2,5.280780731308308,1,1,8,anti_homophones
32813,nu4fE4,6,-5.723147009943165,2,5.723147009943165,1,0,5,anti_homophones
32814,fan4zhu3,8,-6.045035827737412,2,6.045035827737412,1,0,0,anti_homophones
32815,nA3yC4,6,-6.889202183960279,2,6.889202183960279,1,0,1,anti_homophones
32816,shI3lO4,7,-5.588728748711258,2,5.588728748711258,1,0,5,anti_homophones
32817,qUn4wan3,8,-7.5442337482752,2,7.5442337482752,1,0,0,anti_homophones
32818,shi1wE2,7,-6.1270793282463965,2,6.1270793282463965,1,0,4,anti_homophones
32819,teng4A4,7,-7.205404218268285,2,7.205404218268285,1,0,1,anti_homophones
32820,qLn1dLn3,8,-5.989816157032306,2,5.989816157032306,1,0,1,anti_homophones
32821,kong4gan1,9,-6.597578533402311,2,6.597578533402311,1,0,0,anti_homophones
32822,xC2ji2,6,-5.557461034686106,2,5.557461034686106,1,0,3,anti_homophones
32823,hang2kong4,10,-6.327396349767492,2,6.327396349767492,1,0,3,anti_homophones
32824,gI3shi2,7,-5.888383280903072,2,5.888383280903072,1,0,2,anti_homophones
32825,qUn2zhang1,10,-6.340957978308693,2,6.340957978308693,1,0,2,anti_homophones
32826,wan2ji1,7,-5.772068790386586,2,5.772068790386586,1,0,3,anti_homophones
32827,xin4tM3,7,-7.005317998244124,2,7.005317998244124,1,0,1,anti_homophones
32828,shO1hI4,7,-5.485589810645742,2,5.485589810645742,1,0,3,anti_homophones
32829,kI4zhe2,7,-7.573860516123853,2,7.573860516123853,1,0,0,anti_homophones
32830,mQ2zan4,7,-6.643059823279314,2,6.643059823279314,1,0,0,anti_homophones
32831,shi4yong3,9,-5.988311285013209,2,5.988311285013209,1,0,2,anti_homophones
32832,yan3hU4,7,-5.25626556107843,2,5.25626556107843,1,0,3,anti_homophones
32833,wan4gV1,7,-7.5009397086446485,2,7.5009397086446485,1,0,1,anti_homophones
32834,zhi4wu4,7,-5.1763961243324985,2,5.1763961243324985,1,0,6,anti_homophones
32835,jL3shang1,9,-6.388325093615256,2,6.388325093615256,1,0,1,anti_homophones
32836,hUng1po2,8,-6.984260983370959,2,6.984260983370959,1,0,0,anti_homophones
32837,wu3yi4,6,-4.846222131704994,2,4.846222131704994,1,0,13,anti_homophones
32838,ban3xW3,7,-6.965023400116459,2,6.965023400116459,1,0,1,anti_homophones
32839,tW4zhi2,7,-6.375759010680071,2,6.375759010680071,1,0,3,anti_homophones
32840,man3xC2,7,-6.245101338316276,2,6.245101338316276,1,0,4,anti_homophones
32841,shQ1shu4,8,-5.806424722550428,2,5.806424722550428,1,0,6,anti_homophones
32842,zhu3yi3,7,-5.120995844381899,2,5.120995844381899,1,0,6,anti_homophones
32843,jL1yV3,6,-5.65979277315937,2,5.65979277315937,1,0,3,anti_homophones
32844,si4shV3,7,-5.936957846741916,2,5.936957846741916,1,0,3,anti_homophones
32845,fu4gong4,8,-5.528538274247765,2,5.528538274247765,1,0,1,anti_homophones
32846,lang3bQ4,8,-6.895854533021668,2,6.895854533021668,1,0,0,anti_homophones
32847,ji1nK2,6,-6.6235048984266225,2,6.6235048984266225,1,0,1,anti_homophones
32848,yV2ken3,7,-6.677598710460453,2,6.677598710460453,1,0,0,anti_homophones
32849,dW4jM1,6,-6.69820702089581,2,6.69820702089581,1,0,0,anti_homophones
32850,gA3shu4,7,-6.347002960340911,2,6.347002960340911,1,0,3,anti_homophones
32851,zhan4jW3,8,-6.330084468506528,2,6.330084468506528,1,0,2,anti_homophones
32852,shV4lE4,7,-5.557982191822229,2,5.557982191822229,1,0,4,anti_homophones
32853,zen3se4,7,-6.4553628022529,2,6.4553628022529,1,0,1,anti_homophones
32854,tM3pin2,7,-6.423723902548406,2,6.423723902548406,1,0,0,anti_homophones
32855,nLn2zu2,7,-6.1777788617560185,2,6.1777788617560185,1,0,4,anti_homophones
32856,kong1li5,8,-6.286070709256915,2,6.286070709256915,1,0,2,anti_homophones
32857,yan1tan3,8,-7.325649151344757,2,7.325649151344757,1,0,0,anti_homophones
32858,xLn4mu4,7,-5.8628688498314885,2,5.8628688498314885,1,0,1,anti_homophones
32859,xL4jLng1,8,-6.354907286552358,2,6.354907286552358,1,0,2,anti_homophones
32860,pA4bM2,6,-6.744373669023424,2,6.744373669023424,1,0,0,anti_homophones
32861,kA1kP4,6,-5.276998303103653,2,5.276998303103653,1,0,1,anti_homophones
32862,tI4lK2,6,-5.859083951440707,2,5.859083951440707,1,0,3,anti_homophones
32863,ye4hUn2,7,-6.440287363025913,2,6.440287363025913,1,0,1,anti_homophones
32864,wu2run4,7,-6.740953577705739,2,6.740953577705739,1,0,1,anti_homophones
32865,ma3di3,6,-6.096347687162167,2,6.096347687162167,1,0,4,anti_homophones
32866,ban4shI4,8,-6.300592669666267,2,6.300592669666267,1,0,3,anti_homophones
32867,chu1ben3,8,-5.4344851485717145,2,5.4344851485717145,1,0,1,anti_homophones
32868,nan2chang1,10,-6.627267745243146,2,6.627267745243146,1,0,0,anti_homophones
32869,deng1da3,8,-6.829291488094042,2,6.829291488094042,1,0,1,anti_homophones
32870,hU1tan2,7,-6.255987793305049,2,6.255987793305049,1,0,0,anti_homophones
32871,si4he2,6,-5.465109882037992,2,5.465109882037992,1,1,6,anti_homophones
32872,tQ2su1,6,-6.77827736763325,2,6.77827736763325,1,0,0,anti_homophones
32873,qu3se4,6,-5.477373577966303,2,5.477373577966303,1,0,4,anti_homophones
32874,lLng3qUn2,9,-6.2979170946462615,2,6.2979170946462615,1,0,0,anti_homophones
32875,hU2shu1,7,-5.996700112997086,2,5.996700112997086,1,0,1,anti_homophones
32876,chi2dLn4,8,-6.016892294121227,2,6.016892294121227,1,0,2,anti_homophones
32877,jW1qW3,6,-5.476227972922574,2,5.476227972922574,1,0,3,anti_homophones
32878,hE1hu2,6,-5.76276437748624,2,5.76276437748624,1,0,4,anti_homophones
32879,shV3lQ3,7,-6.512237794293293,2,6.512237794293293,1,0,1,anti_homophones
32880,che3wE4,7,-7.178635300102031,2,7.178635300102031,1,0,2,anti_homophones
32881,dLn4tA2,7,-5.729075774392103,2,5.729075774392103,1,0,2,anti_homophones
32882,zhu4ju1,7,-6.180219291927822,2,6.180219291927822,1,0,2,anti_homophones
32883,kI4fu2,6,-6.234195953340745,2,6.234195953340745,1,0,5,anti_homophones
32884,fan3chUn2,9,-6.693743344886327,2,6.693743344886327,1,0,0,anti_homophones
32885,wa1ke4,6,-5.989723545417528,2,5.989723545417528,1,0,0,anti_homophones
32886,yi1pan4,7,-5.487784539328123,2,5.487784539328123,1,0,7,anti_homophones
32887,yin4zhi3,8,-6.269068623291704,2,6.269068623291704,1,0,1,anti_homophones
32888,jLn4e2,6,-5.786719393427633,2,5.786719393427633,1,0,1,anti_homophones
32889,du3qi4,6,-5.3432699458608415,2,5.3432699458608415,1,0,5,anti_homophones
32890,qLn2xing4,9,-5.49581894955885,2,5.49581894955885,1,0,9,anti_homophones
32891,yi3pA4,6,-6.359211052992842,2,6.359211052992842,1,0,4,anti_homophones
32892,er3jin1,7,-6.197846422173451,2,6.197846422173451,1,0,1,anti_homophones
32893,ye3mQ4,6,-5.637600899702194,2,5.637600899702194,1,0,3,anti_homophones
32894,zV3min2,7,-6.191198851169116,2,6.191198851169116,1,0,0,anti_homophones
32895,gu3wen4,7,-5.803986883281773,2,5.803986883281773,1,0,2,anti_homophones
32896,qL4qW2,6,-5.8190200677049955,2,5.8190200677049955,1,0,3,anti_homophones
32897,la1ding2,8,-6.230291259554258,2,6.230291259554258,1,0,2,anti_homophones
32898,da4xM4,6,-5.3857070454163525,2,5.3857070454163525,1,0,8,anti_homophones
32899,hI4pW4,6,-5.572507855307267,2,5.572507855307267,1,0,3,anti_homophones
32900,wu3zhan1,8,-6.215636270337095,2,6.215636270337095,1,0,2,anti_homophones
32901,tO3xLn3,7,-6.678070481635353,2,6.678070481635353,1,0,0,anti_homophones
32902,zhan1cun1,9,-7.304588514157359,2,7.304588514157359,1,0,0,anti_homophones
32903,nong3lin3,9,-8.435017776321036,2,8.435017776321036,1,0,0,anti_homophones
32904,qing3shu1,9,-6.31647413420532,2,6.31647413420532,1,0,1,anti_homophones
32905,zhUng2fE4,9,-6.53163572050361,2,6.53163572050361,1,0,1,anti_homophones
32906,kU1kV3,6,-5.342753276346187,2,5.342753276346187,1,0,1,anti_homophones
32907,chu3ba1,7,-6.849245058093375,2,6.849245058093375,1,0,0,anti_homophones
32908,sheng2shi1,10,-5.9189830175392455,2,5.9189830175392455,1,0,2,anti_homophones
32909,kI3lE2,6,-6.459210852796219,2,6.459210852796219,1,0,1,anti_homophones
32910,zO2lLn2,7,-6.320100286614797,2,6.320100286614797,1,0,1,anti_homophones
32911,dI4yan2,7,-5.835064440692918,2,5.835064440692918,1,0,4,anti_homophones
32912,tW4sUn4,7,-6.25651243078142,2,6.25651243078142,1,0,0,anti_homophones
32913,cheng2qi2,9,-6.399968539436404,2,6.399968539436404,1,0,1,anti_homophones
32914,shen3shi4,9,-5.585989498305947,2,5.585989498305947,1,0,2,anti_homophones
32915,ji3hI4,6,-5.39419143204041,2,5.39419143204041,1,0,7,anti_homophones
32916,zhi1shi2,8,-5.19883392175112,2,5.19883392175112,1,0,4,anti_homophones
32917,yV3shu4,7,-5.159251577091146,2,5.159251577091146,1,0,5,anti_homophones
32918,fE4wE4,6,-6.178243111570922,2,6.178243111570922,1,0,4,anti_homophones
32919,na3gUn1,7,-5.935242049829316,2,5.935242049829316,1,0,1,anti_homophones
32920,gen1ye4,7,-5.884304492141751,2,5.884304492141751,1,0,5,anti_homophones
32921,sha1yu2,7,-5.465070590323191,2,5.465070590323191,1,0,3,anti_homophones
32922,bA3se4,6,-5.387963807034146,2,5.387963807034146,1,0,2,anti_homophones
32923,ju1mLn4,7,-5.707726302459192,2,5.707726302459192,1,0,2,anti_homophones
32924,pE2cha1,7,-6.294274218272583,2,6.294274218272583,1,0,1,anti_homophones
32925,ge2lM1,6,-7.258378324343995,2,7.258378324343995,1,0,0,anti_homophones
32926,gA3zhan2,8,-6.638269239973633,2,6.638269239973633,1,0,1,anti_homophones
32927,ya1tV2,6,-5.584719621995345,2,5.584719621995345,1,0,5,anti_homophones
32928,li2di3,6,-6.672140635992029,2,6.672140635992029,1,0,2,anti_homophones
32929,chu1sheng2,10,-5.573590383066918,2,5.573590383066918,1,0,4,anti_homophones
32930,fu2kA1,6,-7.031043355588862,2,7.031043355588862,1,0,0,anti_homophones
32931,gQ1mQ2,6,-5.595755745329134,2,5.595755745329134,1,0,1,anti_homophones
32932,ke4tLn1,7,-5.696141945972294,2,5.696141945972294,1,0,0,anti_homophones
32933,ran3bLn1,8,-7.342862951960648,2,7.342862951960648,1,0,0,anti_homophones
32934,long4de2,8,-7.069651512860183,2,7.069651512860183,1,0,1,anti_homophones
32935,yin2er2,7,-6.414616702840219,2,6.414616702840219,1,0,2,anti_homophones
32936,cun2xM4,7,-7.35875993622862,2,7.35875993622862,1,0,1,anti_homophones
32937,an1xL4,6,-6.006726817600804,2,6.006726817600804,1,0,4,anti_homophones
32938,zhu3xi4,7,-5.695205260600411,2,5.695205260600411,1,0,3,anti_homophones
32939,neng1jM2,8,-6.550575934144275,2,6.550575934144275,1,0,1,anti_homophones
32940,ying1can1,9,-6.585966612828202,2,6.585966612828202,1,0,1,anti_homophones
32941,jK4xing4,8,-5.810594893467831,2,5.810594893467831,1,0,5,anti_homophones
32942,ke3shV4,7,-6.104248803910372,2,6.104248803910372,1,0,3,anti_homophones
32943,yi1wE4,6,-4.810434163761933,2,4.810434163761933,1,0,11,anti_homophones
32944,gO3shi2,7,-5.721072389533183,2,5.721072389533183,1,0,2,anti_homophones
32945,mang2dan4,9,-6.891687185226092,2,6.891687185226092,1,0,0,anti_homophones
32946,qi3ji1,6,-5.1052158951282385,2,5.1052158951282385,1,0,6,anti_homophones
32947,he2tong4,8,-5.280103996072384,2,5.280103996072384,1,0,1,anti_homophones
32948,xUn1si4,7,-7.114595788251023,2,7.114595788251023,1,0,2,anti_homophones
32949,zheng1hUn4,10,-6.270146263096862,2,6.270146263096862,1,0,1,anti_homophones
32950,lQ3lin2,7,-6.142978570687029,2,6.142978570687029,1,0,2,anti_homophones
32951,hO4chan2,8,-6.856873483180266,2,6.856873483180266,1,0,2,anti_homophones
32952,san1sheng4,10,-6.275260855643215,2,6.275260855643215,1,0,4,anti_homophones
32953,xLng4xing2,10,-5.692687920689588,2,5.692687920689588,1,0,2,anti_homophones
32954,wan2ren2,8,-5.714203417999031,2,5.714203417999031,1,0,3,anti_homophones
32955,za2jUn4,7,-5.888128372898629,2,5.888128372898629,1,0,1,anti_homophones
32956,heng2dQ3,8,-7.072070791891754,2,7.072070791891754,1,0,1,anti_homophones
32957,feng3she3,9,-7.34353005724958,2,7.34353005724958,1,0,0,anti_homophones
32958,qing1xL4,8,-5.986121724856666,2,5.986121724856666,1,0,5,anti_homophones
32959,er2ru4,6,-5.992820627034671,2,5.992820627034671,1,0,1,anti_homophones
32960,nong3shan4,10,-7.183507062881911,2,7.183507062881911,1,0,0,anti_homophones
32961,jun1bing1,9,-6.380666713390824,2,6.380666713390824,1,0,1,anti_homophones
32962,xin4zhi1,8,-5.992519692079377,2,5.992519692079377,1,0,1,anti_homophones
32963,yi4shI4,7,-5.85569916611963,2,5.85569916611963,1,0,7,anti_homophones
32964,hP2hu1,6,-7.380443787627904,2,7.380443787627904,1,0,1,anti_homophones
32965,zhi1ju4,7,-5.3572854812051105,2,5.3572854812051105,1,0,7,anti_homophones
32966,re3he2,6,-5.8522221077519685,2,5.8522221077519685,1,0,2,anti_homophones
32967,ju4zhi3,7,-5.606412308248062,2,5.606412308248062,1,0,8,anti_homophones
32968,chu2hA4,7,-6.566811938017523,2,6.566811938017523,1,0,4,anti_homophones
32969,ran2lA2,7,-6.438798082721151,2,6.438798082721151,1,0,0,anti_homophones
32970,wE4sheng1,9,-5.652966734044541,2,5.652966734044541,1,0,3,anti_homophones
32971,chong4xin1,10,-5.913854122334744,2,5.913854122334744,1,0,0,anti_homophones
32972,cha2sheng1,10,-6.1134014197792705,2,6.1134014197792705,1,0,2,anti_homophones
32973,mW2tV2,6,-5.3167308479980315,2,5.3167308479980315,1,0,4,anti_homophones
32974,ru3ji2,6,-5.862335009060289,2,5.862335009060289,1,0,6,anti_homophones
32975,ji2xing4,8,-5.242025915297651,2,5.242025915297651,1,0,6,anti_homophones
32976,chQ2mu4,7,-6.9107993438373745,2,6.9107993438373745,1,0,1,anti_homophones
32977,lv4zQ4,6,-5.727571902968595,2,5.727571902968595,1,0,1,anti_homophones
32978,ya4yin1,7,-6.206986598776878,2,6.206986598776878,1,0,1,anti_homophones
32979,wu2yong1,8,-5.31976764337434,2,5.31976764337434,1,0,4,anti_homophones
32980,nong1lu4,8,-6.127892915484363,2,6.127892915484363,1,0,1,anti_homophones
32981,gUn3chi2,8,-6.225490243662263,2,6.225490243662263,1,0,2,anti_homophones
32982,du2wE2,6,-6.113659074762963,2,6.113659074762963,1,0,1,anti_homophones
32983,shu3xing2,9,-6.092448290318842,2,6.092448290318842,1,0,3,anti_homophones
32984,ting3lv4,8,-7.304168535095243,2,7.304168535095243,1,0,0,anti_homophones
32985,xLn4li3,7,-5.5106088607658466,2,5.5106088607658466,1,0,3,anti_homophones
32986,jing1ji4,8,-5.489808129974133,2,5.489808129974133,1,0,9,anti_homophones
32987,dO2li4,6,-5.6274302173624795,2,5.6274302173624795,1,0,4,anti_homophones
32988,deng4gan3,9,-6.655053947402165,2,6.655053947402165,1,0,2,anti_homophones
32989,hP2zhe3,7,-6.20238058846768,2,6.20238058846768,1,0,2,anti_homophones
32990,shang3can1,10,-6.298706617984758,2,6.298706617984758,1,0,1,anti_homophones
32991,dV1dQ4,6,-6.245937768407051,2,6.245937768407051,1,0,3,anti_homophones
32992,hQ3sUn4,7,-6.41845204583872,2,6.41845204583872,1,0,0,anti_homophones
32993,yu4jK3,6,-5.524110186818821,2,5.524110186818821,1,0,1,anti_homophones
32994,yu2zhun2,8,-7.502496211247862,2,7.502496211247862,1,0,0,anti_homophones
32995,cang1dong1,10,-6.9282038621894,2,6.9282038621894,1,0,0,anti_homophones
32996,ben3si1,7,-6.06109298278445,2,6.06109298278445,1,0,0,anti_homophones
32997,yi1ying2,8,-5.471758241432502,2,5.471758241432502,1,0,4,anti_homophones
32998,wE1xLng4,8,-5.222039603074725,2,5.222039603074725,1,0,6,anti_homophones
32999,yi1gUng4,8,-5.603462399188585,2,5.603462399188585,1,0,1,anti_homophones
33000,zA4jW3,6,-5.530750562800325,2,5.530750562800325,1,0,2,anti_homophones
33001,jing4dI4,8,-5.714261291919256,2,5.714261291919256,1,0,3,anti_homophones
33002,hU1chV3,7,-6.923576842830174,2,6.923576842830174,1,0,1,anti_homophones
33003,ge4zheng2,9,-5.92717168474634,2,5.92717168474634,1,0,1,anti_homophones
33004,cu1xLng1,8,-6.02399762761945,2,6.02399762761945,1,0,0,anti_homophones
33005,lu4lW4,6,-5.6408288187669084,2,5.6408288187669084,1,0,5,anti_homophones
33006,sa1heng4,8,-7.139105636886075,2,7.139105636886075,1,0,0,anti_homophones
33007,gQ1wE2,6,-5.249965427331564,2,5.249965427331564,1,0,2,anti_homophones
33008,shan4di4,8,-5.830144094420445,2,5.830144094420445,1,0,2,anti_homophones
33009,wu2lQ2,6,-5.801541110444021,2,5.801541110444021,1,0,7,anti_homophones
33010,shi4he1,7,-6.329533915370535,2,6.329533915370535,1,0,3,anti_homophones
33011,tLn2wE3,7,-6.6005204627351,2,6.6005204627351,1,0,0,anti_homophones
33012,hang4lLn4,9,-6.637170363394688,2,6.637170363394688,1,0,1,anti_homophones
33013,gang2tA2,8,-6.501998833975846,2,6.501998833975846,1,0,1,anti_homophones
33014,gQ4jM4,6,-6.072145041067209,2,6.072145041067209,1,0,1,anti_homophones
33015,feng1bang2,10,-6.744475054819092,2,6.744475054819092,1,0,4,anti_homophones
33016,ge4e2,5,-5.02777568074147,2,5.02777568074147,1,0,1,anti_homophones
33017,chong1zhen2,11,-6.567103351445989,2,6.567103351445989,1,0,1,anti_homophones
33018,gUn3zhi4,8,-5.504816491893137,2,5.504816491893137,1,0,3,anti_homophones
33019,zhi4shI4,8,-6.171381935590935,2,6.171381935590935,1,0,4,anti_homophones
33020,yQ3tan1,7,-6.876374746543816,2,6.876374746543816,1,0,0,anti_homophones
33021,lu4bW1,6,-6.506297913938956,2,6.506297913938956,1,0,1,anti_homophones
33022,xLn1fV3,7,-7.164706470498482,2,7.164706470498482,1,0,2,anti_homophones
33023,ling4bu4,8,-6.056240326231453,2,6.056240326231453,1,0,3,anti_homophones
33024,dV4jW1,6,-5.987760201068622,2,5.987760201068622,1,0,1,anti_homophones
33025,qi3ji4,6,-5.347767292674132,2,5.347767292674132,1,0,9,anti_homophones
33026,jing4ge1,8,-6.21739832580651,2,6.21739832580651,1,0,0,anti_homophones
33027,da4ping2,8,-5.763499326831638,2,5.763499326831638,1,0,3,anti_homophones
33028,ru2sO1,6,-5.928912846479778,2,5.928912846479778,1,0,2,anti_homophones
33029,qC4xing2,8,-5.8566180990316665,2,5.8566180990316665,1,0,2,anti_homophones
33030,si4zhi3,7,-6.095940639214192,2,6.095940639214192,1,0,3,anti_homophones
33031,hV4nE4,6,-7.193646364205306,2,7.193646364205306,1,0,0,anti_homophones
33032,lange1,6,-8.954746477359187,2,8.954746477359187,1,0,0,anti_homophones
33033,xC4wE4,6,-5.4713930345154145,2,5.4713930345154145,1,0,1,anti_homophones
33034,xin1ya1,7,-5.746494564948558,2,5.746494564948558,1,0,2,anti_homophones
33035,ti3yUn2,7,-5.881729458716741,2,5.881729458716741,1,0,1,anti_homophones
33036,zhQ4yang4,9,-6.455002530235454,2,6.455002530235454,1,0,1,anti_homophones
33037,yu3lO4,6,-6.229443038531301,2,6.229443038531301,1,0,2,anti_homophones
33038,xi2wan4,7,-6.633941075630457,2,6.633941075630457,1,0,0,anti_homophones
33039,kI4fu3,6,-6.501423932455499,2,6.501423932455499,1,0,2,anti_homophones
33040,jC4jL4,6,-7.971331333066645,2,7.971331333066645,1,0,1,anti_homophones
33041,zi4bQ1,6,-5.10842221286263,2,5.10842221286263,1,0,5,anti_homophones
33042,tW2lLn2,7,-6.091487598673557,2,6.091487598673557,1,0,1,anti_homophones
33043,lun2hang4,9,-6.774749169746792,2,6.774749169746792,1,0,0,anti_homophones
33044,xM2sheng1,9,-5.784779655434683,2,5.784779655434683,1,0,1,anti_homophones
33045,chQ2hA4,7,-5.94592964186679,2,5.94592964186679,1,0,2,anti_homophones
33046,ru3zhQ4,7,-6.485243622996459,2,6.485243622996459,1,0,1,anti_homophones
33047,shi4jin4,8,-5.353752401115521,2,5.353752401115521,1,1,5,anti_homophones
33048,dW4zhang3,9,-6.419551230273167,2,6.419551230273167,1,0,0,anti_homophones
33049,zhO1A4,6,-5.677315681442204,2,5.677315681442204,1,0,3,anti_homophones
33050,wu2shi3,7,-5.324793014664994,2,5.324793014664994,1,0,2,anti_homophones
33051,ba4ming4,8,-6.654385940001481,2,6.654385940001481,1,0,3,anti_homophones
33052,da4pQ4,6,-5.348825566166566,2,5.348825566166566,1,0,6,anti_homophones
33053,sheng4hu4,9,-6.091357629447856,2,6.091357629447856,1,0,5,anti_homophones
33054,zhQ1bu3,7,-6.366400089493322,2,6.366400089493322,1,0,1,anti_homophones
33055,gong4shu4,9,-5.768884146796669,2,5.768884146796669,1,0,2,anti_homophones
33056,qing4qing1,10,-6.457091163318178,2,6.457091163318178,1,0,1,anti_homophones
33057,tO1wen4,7,-6.102833120703709,2,6.102833120703709,1,0,0,anti_homophones
33058,fen1shan1,9,-6.39689202206402,2,6.39689202206402,1,0,0,anti_homophones
33059,jK3di2,6,-6.089155974418841,2,6.089155974418841,1,0,4,anti_homophones
33060,bing1kong4,10,-6.702996244244158,2,6.702996244244158,1,0,1,anti_homophones
33061,zhi4chun2,9,-6.816606488260729,2,6.816606488260729,1,0,0,anti_homophones
33062,wo1pLn2,7,-8.465815967158225,2,8.465815967158225,1,0,0,anti_homophones
33063,chu1qu4,7,-5.693237639768602,2,5.693237639768602,1,0,7,anti_homophones
33064,gUn1nan2,8,-6.023240890182125,2,6.023240890182125,1,0,1,anti_homophones
33065,dUn1ma3,7,-6.950519293164895,2,6.950519293164895,1,0,2,anti_homophones
33066,he1xing4,8,-7.261321759352846,2,7.261321759352846,1,0,2,anti_homophones
33067,ru2fang4,8,-5.981502879523798,2,5.981502879523798,1,0,1,anti_homophones
33068,che4xW4,7,-6.308663431673976,2,6.308663431673976,1,0,1,anti_homophones
33069,qi2shu1,7,-5.493656974025338,2,5.493656974025338,1,0,5,anti_homophones
33070,di2wE2,6,-6.368771099388348,2,6.368771099388348,1,0,3,anti_homophones
33071,ping1sheng2,11,-6.538497978845212,2,6.538497978845212,1,0,1,anti_homophones
33072,lA2shi2,7,-5.692710235899119,2,5.692710235899119,1,0,2,anti_homophones
33073,can1sheng1,10,-6.076046419667928,2,6.076046419667928,1,0,3,anti_homophones
33074,hQ2lun2,7,-6.353587632107787,2,6.353587632107787,1,0,2,anti_homophones
33075,jW1yi1,6,-5.389062444032657,2,5.389062444032657,1,0,8,anti_homophones
33076,qUn1wu4,7,-6.88590591794697,2,6.88590591794697,1,0,1,anti_homophones
33077,hA3sheng2,9,-5.914073515219358,2,5.914073515219358,1,0,0,anti_homophones
33078,sheng1wu4,9,-5.242827556642993,2,5.242827556642993,1,0,4,anti_homophones
33079,an1fu2,6,-5.784125438956199,2,5.784125438956199,1,0,4,anti_homophones
33080,ru2zhe2,7,-6.85232611686256,2,6.85232611686256,1,0,0,anti_homophones
33081,zhQ1feng5,9,-7.618957018417213,2,7.618957018417213,1,0,0,anti_homophones
33082,song2zi5,8,-5.95652099272448,2,5.95652099272448,1,0,1,anti_homophones
33083,yin4li4,7,-5.787871392651512,2,5.787871392651512,1,0,5,anti_homophones
33084,yV2de2,6,-5.441292765703003,2,5.441292765703003,1,0,4,anti_homophones
33085,shQ4mW4,7,-7.088978673764595,2,7.088978673764595,1,0,3,anti_homophones
33086,xW4qi4,6,-5.391393230757429,2,5.391393230757429,1,0,6,anti_homophones
33087,fE4lE4,6,-5.861288316821101,2,5.861288316821101,1,0,6,anti_homophones
33088,ming4le5,8,-7.329954467593402,2,7.329954467593402,1,0,0,anti_homophones
33089,zhI1gong1,9,-6.486916986299181,2,6.486916986299181,1,0,1,anti_homophones
33090,jL1nLn2,7,-5.26174993617293,2,5.26174993617293,1,0,4,anti_homophones
33091,jin1nA3,7,-6.723323384145919,2,6.723323384145919,1,0,1,anti_homophones
33092,chen2shV3,9,-6.363416904367363,2,6.363416904367363,1,0,1,anti_homophones
33093,sheng1kUn3,10,-6.131461284102963,2,6.131461284102963,1,0,0,anti_homophones
33094,zheng4hO3,9,-6.4316677289948085,2,6.4316677289948085,1,0,0,anti_homophones
33095,shP1dan4,8,-6.280525893911608,2,6.280525893911608,1,0,0,anti_homophones
33096,leng1bing2,10,-6.51293959035258,2,6.51293959035258,1,0,0,anti_homophones
33097,chun3dQ3,8,-7.062912028750159,2,7.062912028750159,1,0,1,anti_homophones
33098,jUn4xLng1,9,-6.689057249824659,2,6.689057249824659,1,0,0,anti_homophones
33099,bu3dong1,8,-6.20068316606969,2,6.20068316606969,1,0,8,anti_homophones
33100,hO3zhi3,7,-5.9436781168392585,2,5.9436781168392585,1,0,2,anti_homophones
33101,kong2bQ1,8,-6.429296351112829,2,6.429296351112829,1,0,1,anti_homophones
33102,zhi2bM2,7,-5.683141492403056,2,5.683141492403056,1,0,1,anti_homophones
33103,min2nong4,9,-6.698821583371661,2,6.698821583371661,1,0,1,anti_homophones
33104,zQ4kA3,6,-7.508369979203047,2,7.508369979203047,1,0,2,anti_homophones
33105,pen1an1,7,-7.309178405372627,2,7.309178405372627,1,0,0,anti_homophones
33106,xL4jun1,7,-6.4613314953122005,2,6.4613314953122005,1,0,1,anti_homophones
33107,ren4shi4,8,-5.684987169632384,2,5.684987169632384,1,0,3,anti_homophones
33108,wu2gu4,6,-5.516778580766298,2,5.516778580766298,1,0,6,anti_homophones
33109,di4yin1,7,-6.282430446675054,2,6.282430446675054,1,0,1,anti_homophones
33110,tM1xLng4,8,-5.966057763538957,2,5.966057763538957,1,0,4,anti_homophones
33111,xM4di4,6,-5.523329815768592,2,5.523329815768592,1,0,3,anti_homophones
33112,zhi3ho2,7,-7.794457136852779,2,7.794457136852779,1,0,1,anti_homophones
33113,hUn1ce4,7,-6.192143207804394,2,6.192143207804394,1,0,0,anti_homophones
33114,bi4shi1,7,-5.768804340192997,2,5.768804340192997,1,0,4,anti_homophones
33115,gA4mu4,6,-6.376222226947086,2,6.376222226947086,1,0,3,anti_homophones
33116,xLn3si3,7,-6.758399920810179,2,6.758399920810179,1,0,2,anti_homophones
33117,shi2ti4,7,-6.9838511728804065,2,6.9838511728804065,1,0,6,anti_homophones
33118,ming2gO3,8,-6.414066553150517,2,6.414066553150517,1,0,4,anti_homophones
33119,gan3ji1,7,-5.305010680707372,2,5.305010680707372,1,0,4,anti_homophones
33120,zheng2wang1,11,-6.773128121698593,2,6.773128121698593,1,0,1,anti_homophones
33121,yi4qi2,6,-6.109483192438137,2,6.109483192438137,1,0,3,anti_homophones
33122,hV4er5,6,-6.278754343781095,2,6.278754343781095,1,0,3,anti_homophones
33123,shI4dQ4,7,-6.176740713897195,2,6.176740713897195,1,0,2,anti_homophones
33124,fen1se4,7,-5.30034257214124,2,5.30034257214124,1,0,3,anti_homophones
33125,yi4yV2,6,-5.3781763983846895,2,5.3781763983846895,1,0,12,anti_homophones
33126,ji1ming4,8,-5.846469571206466,2,5.846469571206466,1,0,2,anti_homophones
33127,zhen3tLn1,9,-6.628340299850163,2,6.628340299850163,1,0,0,anti_homophones
33128,lu2zi3,6,-6.380609137880267,2,6.380609137880267,1,0,4,anti_homophones
33129,chang2bW1,9,-6.546783370244045,2,6.546783370244045,1,0,0,anti_homophones
33130,re4hQ3,6,-6.793334366600542,2,6.793334366600542,1,0,1,anti_homophones
33131,yi1xun4,7,-5.498151464692479,2,5.498151464692479,1,0,1,anti_homophones
33132,shang4jin3,10,-6.569202723199587,2,6.569202723199587,1,0,1,anti_homophones
33133,jLn1shi2,8,-5.487276296698609,2,5.487276296698609,1,0,5,anti_homophones
33134,xM4lu4,6,-5.857262374408349,2,5.857262374408349,1,0,1,anti_homophones
33135,wE3tu3,6,-6.310068281703509,2,6.310068281703509,1,0,1,anti_homophones
33136,pQ1sheng1,9,-6.183745528527169,2,6.183745528527169,1,0,1,anti_homophones
33137,ma2ma2,6,-6.4127014881436235,2,6.4127014881436235,1,0,3,anti_homophones
33138,chen1cA4,8,-6.426102216863502,2,6.426102216863502,1,0,1,anti_homophones
33139,yQ2hU4,6,-5.26797206602724,2,5.26797206602724,1,0,5,anti_homophones
33140,zun1zhi3,8,-6.37512832461596,2,6.37512832461596,1,0,0,anti_homophones
33141,gP3gun3,7,-6.443912459884933,2,6.443912459884933,1,0,0,anti_homophones
33142,yQ1fa4,6,-7.084690019806103,2,7.084690019806103,1,0,0,anti_homophones
33143,xM2zu2,6,-6.121155387019903,2,6.121155387019903,1,0,2,anti_homophones
33144,xLng1yan2,9,-5.875718169486033,2,5.875718169486033,1,0,3,anti_homophones
33145,yV2hu2,6,-6.090009001516686,2,6.090009001516686,1,0,1,anti_homophones
33146,hV4ye4,6,-5.3652906864340855,2,5.3652906864340855,1,0,4,anti_homophones
33147,fen1rV4,7,-6.361925551212296,2,6.361925551212296,1,0,0,anti_homophones
33148,wA4zi3,6,-5.512155573922108,2,5.512155573922108,1,0,2,anti_homophones
33149,zhUn1hA3,8,-7.318427965895117,2,7.318427965895117,1,0,0,anti_homophones
33150,jW1pA2,6,-6.0261059319877965,2,6.0261059319877965,1,0,1,anti_homophones
33151,qing1ma3,8,-6.1828743851616235,2,6.1828743851616235,1,0,0,anti_homophones
33152,man2zi1,7,-7.279913759984702,2,7.279913759984702,1,0,1,anti_homophones
33153,xM2shen1,8,-6.0884417449922426,2,6.0884417449922426,1,0,1,anti_homophones
33154,jLn4kUn3,8,-6.43940010885407,2,6.43940010885407,1,0,1,anti_homophones
33155,V3tV5,5,-5.897227193497915,2,5.897227193497915,1,0,1,anti_homophones
33156,xW3lun4,7,-6.095106364546868,2,6.095106364546868,1,0,2,anti_homophones
33157,jM2fen4,7,-6.3211910531264,2,6.3211910531264,1,0,0,anti_homophones
33158,jL3yan3,7,-5.713747321649207,2,5.713747321649207,1,0,1,anti_homophones
33159,ji4ren2,7,-5.228954246273098,2,5.228954246273098,1,0,8,anti_homophones
33160,hO3che4,7,-6.517935565290498,2,6.517935565290498,1,0,2,anti_homophones
33161,wu3zhUn4,8,-6.195367186238634,2,6.195367186238634,1,0,0,anti_homophones
33162,ju4mang2,8,-7.3199322486257286,2,7.3199322486257286,1,0,0,anti_homophones
33163,zhong1tLn1,10,-5.618376672245932,2,5.618376672245932,1,0,1,anti_homophones
33164,gan1bing2,9,-6.040508760440684,2,6.040508760440684,1,0,0,anti_homophones
33165,qi2cong1,8,-6.6344726921168276,2,6.6344726921168276,1,0,2,anti_homophones
33166,ju3hUng4,8,-8.55561123967206,2,8.55561123967206,1,0,2,anti_homophones
33167,jLn3pa4,7,-5.992911532087302,2,5.992911532087302,1,0,0,anti_homophones
33168,fu4ping4,8,-6.227346440283883,2,6.227346440283883,1,0,5,anti_homophones
33169,di3shang2,9,-6.9182341493412,2,6.9182341493412,1,0,0,anti_homophones
33170,xLng4ke3,8,-6.744432052910437,2,6.744432052910437,1,0,0,anti_homophones
33171,tan2bing2,9,-6.375382580284874,2,6.375382580284874,1,0,0,anti_homophones
33172,du2wu4,6,-5.247285970215537,2,5.247285970215537,1,0,4,anti_homophones
33173,ling2li4,8,-5.524222274629999,2,5.524222274629999,1,0,4,anti_homophones
33174,fE2men5,7,-7.11203904754476,2,7.11203904754476,1,0,0,anti_homophones
33175,mo2fu4,6,-6.070596642451853,2,6.070596642451853,1,0,1,anti_homophones
33176,lK4di4,6,-5.956184621531934,2,5.956184621531934,1,0,3,anti_homophones
33177,feng2zQ4,8,-6.398331764802122,2,6.398331764802122,1,0,1,anti_homophones
33178,yUn4zhen1,9,-6.628896728896291,2,6.628896728896291,1,0,0,anti_homophones
33179,fE1chen4,8,-6.236968420131686,2,6.236968420131686,1,0,3,anti_homophones
33180,tan2qi1,7,-6.003412147163712,2,6.003412147163712,1,0,0,anti_homophones
33181,hE1tong2,8,-5.547135013232147,2,5.547135013232147,1,0,2,anti_homophones
33182,he2zhong3,9,-6.2961442790472,2,6.2961442790472,1,0,0,anti_homophones
33183,hang4zO4,8,-6.207130900286225,2,6.207130900286225,1,0,0,anti_homophones
33184,zhUng4cO4,9,-8.206128734205558,2,8.206128734205558,1,0,0,anti_homophones
33185,zi3qu3,6,-6.3117909745275425,2,6.3117909745275425,1,0,2,anti_homophones
33186,chong1po1,9,-7.2814358088528826,2,7.2814358088528826,1,0,1,anti_homophones
33187,shV4lK2,7,-5.583210452151712,2,5.583210452151712,1,0,1,anti_homophones
33188,sQ3qin1,7,-6.910901287322965,2,6.910901287322965,1,0,0,anti_homophones
33189,tW3zi5,6,-5.114764330428155,2,5.114764330428155,1,0,6,anti_homophones
33190,dLn4qu3,7,-6.036785446580707,2,6.036785446580707,1,0,1,anti_homophones
33191,kan1yi2,7,-6.591806585785683,2,6.591806585785683,1,0,1,anti_homophones
33192,xu1wan3,7,-6.172955417060291,2,6.172955417060291,1,0,2,anti_homophones
33193,pen1dA4,7,-6.365786979965551,2,6.365786979965551,1,0,2,anti_homophones
33194,bang3zQ4,8,-7.852044044257563,2,7.852044044257563,1,0,0,anti_homophones
33195,fang4qLng2,10,-6.792712695069548,2,6.792712695069548,1,0,0,anti_homophones
33196,qLn2ru4,7,-5.594132793169997,2,5.594132793169997,1,0,7,anti_homophones
33197,nK3li4,6,-5.970443270814736,2,5.970443270814736,1,0,3,anti_homophones
33198,xLn2ji1,7,-5.680732853569665,2,5.680732853569665,1,0,5,anti_homophones
33199,zhi3yan3,8,-5.899264506806272,2,5.899264506806272,1,0,2,anti_homophones
33200,wE2zhan1,8,-6.461934180767559,2,6.461934180767559,1,0,1,anti_homophones
33201,ri4qi3,6,-6.340440477581186,2,6.340440477581186,1,0,0,anti_homophones
33202,nan4xW1,7,-7.241084809807837,2,7.241084809807837,1,0,0,anti_homophones
33203,gA3hQ4,6,-6.959829213496451,2,6.959829213496451,1,0,2,anti_homophones
33204,hI1shV3,7,-5.782529769979188,2,5.782529769979188,1,0,3,anti_homophones
33205,pW1mu4,6,-6.128284482408603,2,6.128284482408603,1,0,5,anti_homophones
33206,ke3dong4,8,-7.100939007881525,2,7.100939007881525,1,0,1,anti_homophones
33207,zhe5qi1,7,-5.4998998061752005,2,5.4998998061752005,1,0,1,anti_homophones
33208,ding1pQ4,8,-6.462104360019299,2,6.462104360019299,1,0,1,anti_homophones
33209,xM2yun2,7,-6.280709026239644,2,6.280709026239644,1,0,3,anti_homophones
33210,shu4jL1,7,-5.593438227017845,2,5.593438227017845,1,0,2,anti_homophones
33211,yan3feng4,9,-6.381663202241651,2,6.381663202241651,1,0,1,anti_homophones
33212,men2zheng1,10,-6.157820543828226,2,6.157820543828226,1,0,0,anti_homophones
33213,bM2jW4,6,-6.505028590343177,2,6.505028590343177,1,0,1,anti_homophones
33214,chu2jin4,8,-5.842186975490284,2,5.842186975490284,1,0,2,anti_homophones
33215,shV1jun4,8,-7.24870570234943,2,7.24870570234943,1,0,1,anti_homophones
33216,shi2li3,7,-5.667076436697989,2,5.667076436697989,1,0,6,anti_homophones
33217,tO1shV1,7,-6.391342733002498,2,6.391342733002498,1,0,0,anti_homophones
33218,gQ1chUn3,8,-6.296910721425791,2,6.296910721425791,1,0,1,anti_homophones
33219,sheng1jin1,10,-5.611756238886981,2,5.611756238886981,1,0,3,anti_homophones
33220,tan2yi4,7,-5.606769642913289,2,5.606769642913289,1,0,1,anti_homophones
33221,wu2ma1,6,-6.882288264535315,2,6.882288264535315,1,0,1,anti_homophones
33222,Q2bing2,7,-6.197118410664666,2,6.197118410664666,1,0,1,anti_homophones
33223,men2qu4,7,-6.2934955775641,2,6.2934955775641,1,0,0,anti_homophones
33224,hUng1wu4,8,-5.641355437856565,2,5.641355437856565,1,0,2,anti_homophones
33225,bo1si1,6,-5.458111839223989,2,5.458111839223989,1,0,3,anti_homophones
33226,he2zO4,6,-4.997322508481495,2,4.997322508481495,1,0,4,anti_homophones
33227,fa1jW1,6,-5.916318765936798,2,5.916318765936798,1,0,2,anti_homophones
33228,zheng3dong3,11,-6.983333260409056,2,6.983333260409056,1,0,0,anti_homophones
33229,hun3ding4,9,-7.317770155342127,2,7.317770155342127,1,0,0,anti_homophones
33230,dI4di3,6,-6.241846238355734,2,6.241846238355734,1,0,1,anti_homophones
33231,wE2fang1,8,-6.080770149027035,2,6.080770149027035,1,0,1,anti_homophones
33232,yV4zeng1,8,-7.077980108628254,2,7.077980108628254,1,0,0,anti_homophones
33233,gong1su4,8,-5.491607784435223,2,5.491607784435223,1,0,5,anti_homophones
33234,qin1yi4,7,-5.604430385415473,2,5.604430385415473,1,0,6,anti_homophones
33235,tu2lQ2,6,-6.4410580766929115,2,6.4410580766929115,1,0,2,anti_homophones
33236,ben3zu2,7,-6.054814476557586,2,6.054814476557586,1,0,2,anti_homophones
33237,zhO1lA2,7,-5.873166111984548,2,5.873166111984548,1,0,2,anti_homophones
33238,jW3xing3,8,-5.8521818962313885,2,5.8521818962313885,1,0,2,anti_homophones
33239,can3pQ3,7,-7.356953720141084,2,7.356953720141084,1,0,0,anti_homophones
33240,jC2chi3,7,-6.475932135592247,2,6.475932135592247,1,0,2,anti_homophones
33241,dang4shi1,9,-6.386489967748011,2,6.386489967748011,1,0,1,anti_homophones
33242,da3lan3,7,-5.683539278350105,2,5.683539278350105,1,0,3,anti_homophones
33243,tang3mLn4,9,-6.490165634123882,2,6.490165634123882,1,0,3,anti_homophones
33244,bW1zi3,6,-5.773337425641946,2,5.773337425641946,1,0,2,anti_homophones
33245,chong1shi3,10,-6.381987855747669,2,6.381987855747669,1,0,3,anti_homophones
33246,hQ3ming1,8,-7.018436236966998,2,7.018436236966998,1,0,1,anti_homophones
33247,qi2jin4,7,-5.897283720986301,2,5.897283720986301,1,0,3,anti_homophones
33248,ying4ran2,9,-6.212763134349561,2,6.212763134349561,1,0,0,anti_homophones
33249,xin1ji2,7,-5.24926307553017,2,5.24926307553017,1,0,4,anti_homophones
33250,hE1ji1,6,-5.744149521840588,2,5.744149521840588,1,0,6,anti_homophones
33251,yQ4pu3,6,-6.482124198004541,2,6.482124198004541,1,0,0,anti_homophones
33252,lQ2ye5,6,-6.8300194764052895,2,6.8300194764052895,1,0,1,anti_homophones
33253,xLn1bQ4,7,-6.416670774790543,2,6.416670774790543,1,0,2,anti_homophones
33254,jLn1cA2,7,-6.2066761075197725,2,6.2066761075197725,1,0,5,anti_homophones
33255,xYng2wen2,9,-6.1969046946823605,2,6.1969046946823605,1,0,0,anti_homophones
33256,dO3de5,6,-6.225245850056486,2,6.225245850056486,1,0,1,anti_homophones
33257,kP4zhang4,9,-6.414967911995189,2,6.414967911995189,1,0,0,anti_homophones
33258,nang2er5,8,-7.203534527718463,2,7.203534527718463,1,0,0,anti_homophones
33259,jun1ling4,9,-5.987328511111189,2,5.987328511111189,1,0,1,anti_homophones
33260,jLn1qLn2,8,-5.824998995907403,2,5.824998995907403,1,0,1,anti_homophones
33261,ma2lUn4,7,-5.63598189003177,2,5.63598189003177,1,0,1,anti_homophones
33262,ba3wA4,6,-6.306679137095235,2,6.306679137095235,1,0,4,anti_homophones
33263,yV3shu1,7,-5.430754129909152,2,5.430754129909152,1,0,3,anti_homophones
33264,xK1e2,5,-6.4229550464276235,2,6.4229550464276235,1,0,0,anti_homophones
33265,tong2li4,8,-5.472030367380655,2,5.472030367380655,1,0,1,anti_homophones
33266,xM2jLn4,7,-5.838777713002008,2,5.838777713002008,1,0,3,anti_homophones
33267,xu1fu5,6,-6.210107243146992,2,6.210107243146992,1,0,3,anti_homophones
33268,shen1zi3,8,-5.514231170318097,2,5.514231170318097,1,0,5,anti_homophones
33269,bQ4jin4,7,-5.621596768809133,2,5.621596768809133,1,0,3,anti_homophones
33270,dQ3bW3,6,-6.1790739165818,2,6.1790739165818,1,0,0,anti_homophones
33271,cV4zhi2,7,-6.676112760619155,2,6.676112760619155,1,0,0,anti_homophones
33272,da4xing2,8,-4.891444600524769,2,4.891444600524769,1,0,9,anti_homophones
33273,qi3sO3,6,-5.710328631106548,2,5.710328631106548,1,0,2,anti_homophones
33274,mQ2ren2,7,-5.239092356741256,2,5.239092356741256,1,0,2,anti_homophones
33275,zhang3bu4,9,-5.9608985434305035,2,5.9608985434305035,1,0,2,anti_homophones
33276,tI2fa3,6,-5.8483296199784185,2,5.8483296199784185,1,0,1,anti_homophones
33277,ting2hu5,8,-6.609209064088484,2,6.609209064088484,1,0,2,anti_homophones
33278,han2hu2,7,-7.23524039611107,2,7.23524039611107,1,0,0,anti_homophones
33279,re3su4,6,-6.191120228630703,2,6.191120228630703,1,0,4,anti_homophones
33280,shI4fE4,7,-6.354481845643511,2,6.354481845643511,1,0,2,anti_homophones
33281,da4sA1,6,-6.55848274369625,2,6.55848274369625,1,0,1,anti_homophones
33282,du3wen3,7,-6.579863571907414,2,6.579863571907414,1,0,1,anti_homophones
33283,zhI1hQ4,7,-5.72707004472861,2,5.72707004472861,1,0,3,anti_homophones
33284,su1di4,6,-6.189730233866341,2,6.189730233866341,1,0,4,anti_homophones
33285,xi3zi5,6,-5.691792066363268,2,5.691792066363268,1,0,8,anti_homophones
33286,rong4xLn1,9,-6.886398690567848,2,6.886398690567848,1,0,0,anti_homophones
33287,an1ran2,7,-5.904170048053117,2,5.904170048053117,1,0,4,anti_homophones
33288,A4gong2,7,-5.909343800278175,2,5.909343800278175,1,0,2,anti_homophones
33289,men2dong4,9,-6.3448300233362165,2,6.3448300233362165,1,0,0,anti_homophones
33290,ping2wen2,9,-6.073092494636266,2,6.073092494636266,1,0,2,anti_homophones
33291,lQ3chu4,7,-6.015968453809748,2,6.015968453809748,1,0,1,anti_homophones
33292,jLn1nv3,7,-5.448770888087738,2,5.448770888087738,1,0,2,anti_homophones
33293,wE2dA4,6,-7.3238529851878695,2,7.3238529851878695,1,0,0,anti_homophones
33294,qLn2zhen1,9,-6.027237630967364,2,6.027237630967364,1,0,2,anti_homophones
33295,wA4ye4,6,-5.382527703920321,2,5.382527703920321,1,0,5,anti_homophones
33296,kV4lE4,6,-6.081904389089911,2,6.081904389089911,1,0,3,anti_homophones
33297,zu2zI4,6,-6.302266950566972,2,6.302266950566972,1,0,2,anti_homophones
33298,chang2zhi4,10,-5.742872860148734,2,5.742872860148734,1,0,3,anti_homophones
33299,feng1nv3,8,-6.118848585090447,2,6.118848585090447,1,0,0,anti_homophones
33300,yQ3nLn2,7,-5.5559405000822455,2,5.5559405000822455,1,0,5,anti_homophones
33301,tQ2bQ4,6,-5.998003311788984,2,5.998003311788984,1,0,3,anti_homophones
33302,qC4lK2,6,-5.870358293568067,2,5.870358293568067,1,0,2,anti_homophones
33303,shI3man4,8,-6.247568198515614,2,6.247568198515614,1,0,4,anti_homophones
33304,di2yong4,8,-6.522352059532727,2,6.522352059532727,1,0,1,anti_homophones
33305,zhUng4qUn2,10,-6.084735104207133,2,6.084735104207133,1,0,2,anti_homophones
33306,pi3pan2,7,-6.7796759614590645,2,6.7796759614590645,1,0,4,anti_homophones
33307,lE2bE4,6,-6.3745381803376375,2,6.3745381803376375,1,0,1,anti_homophones
33308,men2xC2,7,-5.631786504908748,2,5.631786504908748,1,0,1,anti_homophones
33309,yi2zhUng1,9,-6.09862698602599,2,6.09862698602599,1,0,1,anti_homophones
33310,ying1jK4,8,-6.619626178259711,2,6.619626178259711,1,0,0,anti_homophones
33311,ding3bu4,8,-6.351100479111025,2,6.351100479111025,1,0,1,anti_homophones
33312,yi2gong2,8,-6.440377081996786,2,6.440377081996786,1,0,1,anti_homophones
33313,ban1ti3,7,-6.099143260503381,2,6.099143260503381,1,0,3,anti_homophones
33314,ca1ba5,6,-7.014718905293455,2,7.014718905293455,1,0,0,anti_homophones
33315,fang2yV3,8,-6.057493187921941,2,6.057493187921941,1,0,3,anti_homophones
33316,tQ3hun2,7,-6.714430397770834,2,6.714430397770834,1,0,0,anti_homophones
33317,tu4mA4,6,-6.760308324179537,2,6.760308324179537,1,0,1,anti_homophones
33318,ti2wE2,6,-6.253374302632469,2,6.253374302632469,1,0,3,anti_homophones
33319,kA1shi2,7,-5.335636865926183,2,5.335636865926183,1,0,3,anti_homophones
33320,ka1fE5,6,-6.18265834646783,2,6.18265834646783,1,0,3,anti_homophones
33321,bQ1zi3,6,-5.568862913645692,2,5.568862913645692,1,0,4,anti_homophones
33322,shan4pan2,9,-6.687417069358749,2,6.687417069358749,1,0,1,anti_homophones
33323,nu4cheng1,9,-6.974954452799444,2,6.974954452799444,1,0,1,anti_homophones
33324,ku3ke4,6,-5.717391957910688,2,5.717391957910688,1,0,2,anti_homophones
33325,bu4su1,6,-6.949161404989874,2,6.949161404989874,1,0,2,anti_homophones
33326,shV3ju1,7,-5.874127702369419,2,5.874127702369419,1,0,4,anti_homophones
33327,zong2shi4,9,-5.760690293992997,2,5.760690293992997,1,0,4,anti_homophones
33328,min2lM4,7,-6.104619227669354,2,6.104619227669354,1,0,0,anti_homophones
33329,yin1yan2,8,-5.5916701884293865,2,5.5916701884293865,1,0,7,anti_homophones
33330,fan2lO4,7,-6.229977333857443,2,6.229977333857443,1,0,2,anti_homophones
33331,xLn4se4,7,-5.417614142447037,2,5.417614142447037,1,0,5,anti_homophones
33332,sO3dQ4,6,-5.757409642587678,2,5.757409642587678,1,0,4,anti_homophones
33333,ben3dQ4,7,-5.556021910637259,2,5.556021910637259,1,0,3,anti_homophones
33334,tong4yi3,8,-6.226682866676513,2,6.226682866676513,1,0,1,anti_homophones
33335,xM3zhi1,7,-5.882044046948279,2,5.882044046948279,1,0,2,anti_homophones
33336,mM4kV3,6,-5.803046579676473,2,5.803046579676473,1,0,0,anti_homophones
33337,shu3dQ1,7,-6.613831527674656,2,6.613831527674656,1,0,0,anti_homophones
33338,da4sheng4,9,-5.319629150761395,2,5.319629150761395,1,0,3,anti_homophones
33339,kA1xLng4,8,-5.501404524635154,2,5.501404524635154,1,0,0,anti_homophones
33340,mA3zhi2,7,-5.984287491766844,2,5.984287491766844,1,0,4,anti_homophones
33341,ji3tong3,8,-7.790931418597798,2,7.790931418597798,1,0,0,anti_homophones
33342,shI3zhUng4,10,-6.542259161235982,2,6.542259161235982,1,0,0,anti_homophones
33343,tu2dLn3,7,-6.9055348209929095,2,6.9055348209929095,1,0,0,anti_homophones
33344,sheng4ju4,9,-5.8392441741608385,2,5.8392441741608385,1,0,5,anti_homophones
33345,xi1fang4,8,-5.534233497265383,2,5.534233497265383,1,0,1,anti_homophones
33346,kA1shu1,7,-5.7464828683925155,2,5.7464828683925155,1,1,2,anti_homophones
33347,xM2dQ4,6,-5.264559540425216,2,5.264559540425216,1,0,2,anti_homophones
33348,kA1dQ4,6,-4.784679506681975,2,4.784679506681975,1,0,4,anti_homophones
33349,re4lE4,6,-5.449693759644957,2,5.449693759644957,1,0,7,anti_homophones
33350,chUn2zhang2,11,-6.55761367073785,2,6.55761367073785,1,0,1,anti_homophones
33351,jW4shu4,7,-5.459715174207462,2,5.459715174207462,1,1,7,anti_homophones
33352,sI2sun1,7,-6.240435971605844,2,6.240435971605844,1,0,1,anti_homophones
33353,wE4jing3,8,-6.264379090558704,2,6.264379090558704,1,0,0,anti_homophones
33354,yu4ju2,6,-5.516867577385617,2,5.516867577385617,1,0,8,anti_homophones
33355,zhen1xLn2,9,-6.285312685533392,2,6.285312685533392,1,0,1,anti_homophones
33356,hong1lQ2,8,-6.717435831360138,2,6.717435831360138,1,0,0,anti_homophones
33357,gong1ju4,8,-5.6418380948560864,2,5.6418380948560864,1,0,7,anti_homophones
33358,bing3dan1,9,-6.946202118825931,2,6.946202118825931,1,0,0,anti_homophones
33359,hu3xLng4,8,-6.563035981550272,2,6.563035981550272,1,0,2,anti_homophones
33360,tM3mang4,8,-6.3597550672991625,2,6.3597550672991625,1,0,1,anti_homophones
33361,xC4qi4,6,-4.943905482778359,2,4.943905482778359,1,0,6,anti_homophones
33362,ji4deng1,8,-6.220457799038472,2,6.220457799038472,1,0,0,anti_homophones
33363,la1song3,8,-6.459306854736692,2,6.459306854736692,1,0,0,anti_homophones
33364,zA4cang2,8,-7.905666229143333,2,7.905666229143333,1,0,0,anti_homophones
33365,qLn4tang2,9,-7.328438670599877,2,7.328438670599877,1,0,0,anti_homophones
33366,fE1li4,6,-5.4133631696721976,2,5.4133631696721976,1,0,8,anti_homophones
33367,da2an4,6,-5.65874017246756,2,5.65874017246756,1,0,2,anti_homophones
33368,wu2she2,7,-6.008744332364492,2,6.008744332364492,1,0,2,anti_homophones
33369,geng2lang4,10,-7.822200526893685,2,7.822200526893685,1,0,0,anti_homophones
33370,lQ3lE4,6,-5.169708331790566,2,5.169708331790566,1,0,11,anti_homophones
33371,yu2mW4,6,-6.1071588496412454,2,6.1071588496412454,1,0,3,anti_homophones
33372,da3tV5,6,-5.374836664145776,2,5.374836664145776,1,0,1,anti_homophones
33373,qi3di4,6,-5.429971203859648,2,5.429971203859648,1,0,6,anti_homophones
33374,da4tLn1,7,-5.22500817877369,2,5.22500817877369,1,0,3,anti_homophones
33375,jK3xLn1,7,-6.5998325073956146,2,6.5998325073956146,1,0,0,anti_homophones
33376,yu2jin4,7,-5.9170405139899644,2,5.9170405139899644,1,0,6,anti_homophones
33377,zO3zhi4,7,-5.976901985547938,2,5.976901985547938,1,0,2,anti_homophones
33378,wen2ze2,7,-6.2225884778541385,2,6.2225884778541385,1,0,1,anti_homophones
33379,zhU1mu3,7,-7.0354597189927635,2,7.0354597189927635,1,0,1,anti_homophones
33380,fen4ji4,7,-5.733318620313748,2,5.733318620313748,1,0,3,anti_homophones
33381,yun4cheng3,10,-6.846926421273663,2,6.846926421273663,1,0,0,anti_homophones
33382,hI2zhu4,7,-5.777140928667023,2,5.777140928667023,1,0,2,anti_homophones
33383,pu1hI3,6,-6.794362810694268,2,6.794362810694268,1,0,1,anti_homophones
33384,yin1shI3,8,-5.637009497954388,2,5.637009497954388,1,0,1,anti_homophones
33385,qing1xi4,8,-6.077930942621912,2,6.077930942621912,1,0,6,anti_homophones
33386,chV2mo2,7,-5.977982814826321,2,5.977982814826321,1,0,0,anti_homophones
33387,tUn2tong4,9,-6.738165240610385,2,6.738165240610385,1,0,1,anti_homophones
33388,shO1hO2,7,-6.262642763250588,2,6.262642763250588,1,0,1,anti_homophones
33389,xLn3zu2,7,-6.319372567827997,2,6.319372567827997,1,0,0,anti_homophones
33390,kQ3sheng1,9,-6.012449964237694,2,6.012449964237694,1,0,7,anti_homophones
33391,hong2fu1,8,-6.602791663513811,2,6.602791663513811,1,0,0,anti_homophones
33392,mLn4shi2,8,-5.531065450302081,2,5.531065450302081,1,0,5,anti_homophones
33393,a1dLn1,6,-6.876285331780282,2,6.876285331780282,1,0,1,anti_homophones
33394,jLng4ti1,8,-7.740252768146436,2,7.740252768146436,1,0,1,anti_homophones
33395,cA4mi4,6,-6.801415166674,2,6.801415166674,1,0,0,anti_homophones
33396,tang3zhUn2,10,-6.990693358827589,2,6.990693358827589,1,0,0,anti_homophones
33397,wang3xLng2,10,-6.600687609730479,2,6.600687609730479,1,0,1,anti_homophones
33398,gA4lLn2,7,-6.291363760296235,2,6.291363760296235,1,0,0,anti_homophones
33399,wang4hU4,8,-5.557270009825695,2,5.557270009825695,1,0,2,anti_homophones
33400,jing2zhu4,9,-5.681784439096576,2,5.681784439096576,1,1,1,anti_homophones
33401,ri4yUn2,7,-5.499392834312812,2,5.499392834312812,1,0,6,anti_homophones
33402,sQ4bing4,8,-6.666446037707258,2,6.666446037707258,1,0,0,anti_homophones
33403,shu4zI4,7,-6.07873755894667,2,6.07873755894667,1,0,3,anti_homophones
33404,da4xK2,6,-6.0817476160845,2,6.0817476160845,1,0,4,anti_homophones
33405,wu3fa3,6,-5.581408692936552,2,5.581408692936552,1,0,3,anti_homophones
33406,pi1fan4,7,-5.562623601572872,2,5.562623601572872,1,0,4,anti_homophones
33407,deng2shi2,9,-6.115330301970513,2,6.115330301970513,1,0,2,anti_homophones
33408,yUn2dan3,8,-6.461612667269311,2,6.461612667269311,1,0,4,anti_homophones
33409,tong1ji2,8,-5.406805948706851,2,5.406805948706851,1,0,5,anti_homophones
33410,mi4mLn2,7,-6.1863658549251115,2,6.1863658549251115,1,0,1,anti_homophones
33411,li4xLng1,8,-6.054152560682773,2,6.054152560682773,1,0,3,anti_homophones
33412,min2ka3,7,-6.4597060534793425,2,6.4597060534793425,1,0,0,anti_homophones
33413,ming2qLn2,9,-6.349605697068729,2,6.349605697068729,1,0,1,anti_homophones
33414,hu3gUn1,7,-6.521763716052787,2,6.521763716052787,1,0,0,anti_homophones
33415,lQ3ye2,6,-5.744343179754199,2,5.744343179754199,1,0,5,anti_homophones
33416,xUn3zi5,7,-5.215211728243801,2,5.215211728243801,1,0,5,anti_homophones
33417,shang2shang3,12,-6.514105217406024,2,6.514105217406024,1,0,1,anti_homophones
33418,yu2xLng2,8,-6.209051593804143,2,6.209051593804143,1,1,1,anti_homophones
33419,shen3jL4,8,-6.158967773512572,2,6.158967773512572,1,0,2,anti_homophones
33420,bu4ran2,7,-4.992850301229177,2,4.992850301229177,1,0,6,anti_homophones
33421,gQ1ning2,8,-6.751103641757852,2,6.751103641757852,1,0,3,anti_homophones
33422,kong1yin1,9,-6.122111691297266,2,6.122111691297266,1,0,1,anti_homophones
33423,lLng3yC4,8,-6.493260376323597,2,6.493260376323597,1,0,0,anti_homophones
33424,bo2A4,5,-5.161363929689022,2,5.161363929689022,1,0,2,anti_homophones
33425,zhu3chang2,10,-6.084437483657461,2,6.084437483657461,1,0,2,anti_homophones
33426,gUng1ji1,8,-5.429668463443444,2,5.429668463443444,1,0,5,anti_homophones
33427,bu3kong1,8,-6.725722676185632,2,6.725722676185632,1,0,4,anti_homophones
33428,A4chi3,6,-6.958263808397296,2,6.958263808397296,1,0,1,anti_homophones
33429,wen2qun2,8,-6.5138367858292385,2,6.5138367858292385,1,0,0,anti_homophones
33430,pQ5she3,7,-9.342447663278783,2,9.342447663278783,1,0,0,anti_homophones
33431,yan1chang2,10,-6.461805208581814,2,6.461805208581814,1,0,2,anti_homophones
33432,bu4yi3,6,-5.286986954324171,2,5.286986954324171,1,0,8,anti_homophones
33433,dV4yan2,7,-5.759757100609633,2,5.759757100609633,1,0,5,anti_homophones
33434,quu2,4,-8.05613121855793,2,8.05613121855793,1,0,1,anti_homophones
33435,ban4shi4,8,-5.174104742096332,2,5.174104742096332,1,0,6,anti_homophones
33436,shu4zhi3,8,-5.665368818992411,2,5.665368818992411,1,0,6,anti_homophones
33437,jing1ni2,8,-6.79444005752457,2,6.79444005752457,1,0,0,anti_homophones
33438,hong4bi3,8,-6.676736557797254,2,6.676736557797254,1,0,0,anti_homophones
33439,bA2yu4,6,-5.645929459052512,2,5.645929459052512,1,0,3,anti_homophones
33440,zhi4ping3,9,-6.061907601964592,2,6.061907601964592,1,0,2,anti_homophones
33441,zi4ri4,6,-4.831197794769215,2,4.831197794769215,1,0,12,anti_homophones
33442,a1ge2,5,-6.277295603937957,2,6.277295603937957,1,0,2,anti_homophones
33443,cang2de5,8,-6.468674968370589,2,6.468674968370589,1,0,0,anti_homophones
33444,wu1hI4,6,-5.714557164769243,2,5.714557164769243,1,0,2,anti_homophones
33445,shen2rong4,10,-7.3187282026898135,2,7.3187282026898135,1,0,1,anti_homophones
33446,tong1pin4,9,-7.108278808863827,2,7.108278808863827,1,0,1,anti_homophones
33447,shO4qU1,7,-9.86363782967833,2,9.86363782967833,1,0,0,anti_homophones
33448,mi3tang2,8,-7.603782303833738,2,7.603782303833738,1,0,1,anti_homophones
33449,xing1gu4,8,-6.755116685576012,2,6.755116685576012,1,0,3,anti_homophones
33450,ying2tUn2,9,-6.166679422008995,2,6.166679422008995,1,0,1,anti_homophones
33451,bM4bW1,6,-6.615064058034243,2,6.615064058034243,1,0,1,anti_homophones
33452,zhi1qi4,7,-4.906399991221108,2,4.906399991221108,1,0,8,anti_homophones
33453,ying4su4,8,-6.003497506423223,2,6.003497506423223,1,0,3,anti_homophones
33454,dang4gan3,9,-6.434288002125293,2,6.434288002125293,1,0,3,anti_homophones
33455,an4zheng3,9,-6.638644697571904,2,6.638644697571904,1,0,1,anti_homophones
33456,jK1ye4,6,-5.824837657557622,2,5.824837657557622,1,0,6,anti_homophones
33457,ying2gong5,10,-7.950312595631658,2,7.950312595631658,1,0,0,anti_homophones
33458,lan3xC2,7,-6.572161868134742,2,6.572161868134742,1,0,2,anti_homophones
33459,mu4lK2,6,-5.959917990703078,2,5.959917990703078,1,0,3,anti_homophones
33460,jW4shI4,7,-6.04702931864105,2,6.04702931864105,1,0,6,anti_homophones
33461,gO3dQ4,6,-5.795134482284849,2,5.795134482284849,1,0,3,anti_homophones
33462,tO1shan2,8,-6.760994470916263,2,6.760994470916263,1,0,1,anti_homophones
33463,ci2yong4,8,-6.235621255753998,2,6.235621255753998,1,0,1,anti_homophones
33464,zhQ4sA4,7,-6.030210352674862,2,6.030210352674862,1,0,3,anti_homophones
33465,di4xun4,7,-6.275958509449407,2,6.275958509449407,1,0,1,anti_homophones
33466,bE4jK3,6,-6.082202951388192,2,6.082202951388192,1,0,2,anti_homophones
33467,sheng2jK4,9,-6.178588776262069,2,6.178588776262069,1,0,2,anti_homophones
33468,mA4ma3,6,-6.134275143263327,2,6.134275143263327,1,0,2,anti_homophones
33469,chUn1cun1,9,-7.081204312280046,2,7.081204312280046,1,0,0,anti_homophones
33470,jL4pA4,6,-5.8684258986936975,2,5.8684258986936975,1,0,4,anti_homophones
33471,tu2ru4,6,-7.205333227777537,2,7.205333227777537,1,0,1,anti_homophones
33472,zheng2zi3,9,-6.029210729426131,2,6.029210729426131,1,0,2,anti_homophones
33473,li4ju2,6,-5.442662381558163,2,5.442662381558163,1,0,7,anti_homophones
33474,zhO2sA4,7,-5.768174101730722,2,5.768174101730722,1,0,1,anti_homophones
33475,pi1pa1,6,-5.861257531173484,2,5.861257531173484,1,0,0,anti_homophones
33476,tLn1ying3,9,-6.488557915959638,2,6.488557915959638,1,0,3,anti_homophones
33477,ren2ceng1,9,-6.916238355493997,2,6.916238355493997,1,0,0,anti_homophones
33478,xi1shi4,7,-4.880622486915247,2,4.880622486915247,1,0,13,anti_homophones
33479,lv3gong4,8,-6.017942526933982,2,6.017942526933982,1,0,2,anti_homophones
33480,xu3nQ1,6,-7.675562266097668,2,7.675562266097668,1,0,0,anti_homophones
33481,ti3wE4,6,-5.5878664525579484,2,5.5878664525579484,1,0,3,anti_homophones
33482,mE2tong2,8,-5.908580459068466,2,5.908580459068466,1,0,5,anti_homophones
33483,fan4dI4,7,-6.02366665167585,2,6.02366665167585,1,0,2,anti_homophones
33484,tW2jW3,6,-5.573399060078525,2,5.573399060078525,1,0,1,anti_homophones
33485,xun2jLn3,8,-6.399408928350204,2,6.399408928350204,1,0,0,anti_homophones
33486,tV1a1,5,-5.7502462393465485,2,5.7502462393465485,1,0,2,anti_homophones
33487,qK2shu1,7,-5.991971615328392,2,5.991971615328392,1,0,3,anti_homophones
33488,ling2gu4,8,-6.70326467889244,2,6.70326467889244,1,0,1,anti_homophones
33489,chQ1zi5,7,-5.262782326640292,2,5.262782326640292,1,1,6,anti_homophones
33490,gUng4yu2,8,-6.419725118475573,2,6.419725118475573,1,0,3,anti_homophones
33491,zhUng1qi3,9,-6.3326250180265315,2,6.3326250180265315,1,0,1,anti_homophones
33492,gQ3bQ1,6,-7.036666897988285,2,7.036666897988285,1,0,1,anti_homophones
33493,wang1dong4,10,-6.511477182650092,2,6.511477182650092,1,0,0,anti_homophones
33494,ke3ren2,7,-4.9291274045342774,2,4.9291274045342774,1,1,2,anti_homophones
33495,xLn3mLn3,8,-6.965563650618338,2,6.965563650618338,1,0,2,anti_homophones
33496,she4shI3,8,-5.758235652969772,2,5.758235652969772,1,0,2,anti_homophones
33497,ying4ming4,10,-6.311652912000597,2,6.311652912000597,1,0,2,anti_homophones
33498,rO4yi1,6,-7.119335281296202,2,7.119335281296202,1,0,2,anti_homophones
33499,gO2hO4,6,-5.5200959654899835,2,5.5200959654899835,1,0,1,anti_homophones
33500,dan4mLn4,8,-5.677618316080931,2,5.677618316080931,1,0,7,anti_homophones
33501,sha1he2,7,-5.772705093098508,2,5.772705093098508,1,0,6,anti_homophones
33502,gan1qUn2,8,-5.542249592342954,2,5.542249592342954,1,0,4,anti_homophones
33503,cha2dQ4,7,-5.239485285465587,2,5.239485285465587,1,0,4,anti_homophones
33504,yin4de5,7,-6.873636473758323,2,6.873636473758323,1,0,1,anti_homophones
33505,xW3gI3,6,-5.065984254969409,2,5.065984254969409,1,0,3,anti_homophones
33506,cheng2ren2,10,-5.413239286538127,2,5.413239286538127,1,1,4,anti_homophones
33507,qing2lLng4,10,-6.057806082040122,2,6.057806082040122,1,0,2,anti_homophones
33508,xin1qi1,7,-5.519880490310217,2,5.519880490310217,1,0,5,anti_homophones
33509,mW4qi4,6,-5.484005989323189,2,5.484005989323189,1,0,3,anti_homophones
33510,gUng1jUn4,9,-7.705277134565176,2,7.705277134565176,1,0,0,anti_homophones
33511,xK4kV3,6,-5.590767270656339,2,5.590767270656339,1,0,2,anti_homophones
33512,an4e4,5,-6.252119279544842,2,6.252119279544842,1,0,0,anti_homophones
33513,she2A2,6,-6.179251675819631,2,6.179251675819631,1,0,1,anti_homophones
33514,fu4zhang4,9,-5.4442368296122,2,5.4442368296122,1,0,5,anti_homophones
33515,da4gen1,7,-5.281801604112195,2,5.281801604112195,1,0,4,anti_homophones
33516,mV2feng2,8,-7.930654366228082,2,7.930654366228082,1,0,1,anti_homophones
33517,hE1re4,6,-6.606427879676722,2,6.606427879676722,1,0,3,anti_homophones
33518,hO2dong4,8,-5.632826941369567,2,5.632826941369567,1,0,1,anti_homophones
33519,pu1xin1,7,-6.190634516540378,2,6.190634516540378,1,0,3,anti_homophones
33520,qin1fu5,7,-6.386406881063406,2,6.386406881063406,1,0,1,anti_homophones
33521,zhQ1yang3,9,-6.207085500208852,2,6.207085500208852,1,0,0,anti_homophones
33522,du2hUng2,8,-6.649207172570707,2,6.649207172570707,1,0,0,anti_homophones
33523,pa1po2,6,-6.484468948798424,2,6.484468948798424,1,0,1,anti_homophones
33524,di4se4,6,-6.045386582815177,2,6.045386582815177,1,0,2,anti_homophones
33525,yUn2zhong2,10,-5.9765960956911055,2,5.9765960956911055,1,0,1,anti_homophones
33526,kang3xing2,10,-6.960920746862543,2,6.960920746862543,1,0,2,anti_homophones
33527,gV4zi5,6,-5.468232606926802,2,5.468232606926802,1,0,6,anti_homophones
33528,tLn1si4,7,-6.263082948147379,2,6.263082948147379,1,0,5,anti_homophones
33529,yC4tUn2,7,-5.2222481962977145,2,5.2222481962977145,1,0,1,anti_homophones
33530,jL1jW4,6,-5.833209846644807,2,5.833209846644807,1,0,2,anti_homophones
33531,an1jing2,8,-5.932189617093105,2,5.932189617093105,1,0,1,anti_homophones
33532,zV3sO3,6,-5.248595078528504,2,5.248595078528504,1,0,3,anti_homophones
33533,mE2yun2,7,-6.299859403773702,2,6.299859403773702,1,0,2,anti_homophones
33534,qing2xLng3,10,-6.10660237956625,2,6.10660237956625,1,0,2,anti_homophones
33535,fo2tV5,6,-6.289434293802899,2,6.289434293802899,1,0,1,anti_homophones
33536,shV4dLn4,8,-5.568442122545354,2,5.568442122545354,1,0,4,anti_homophones
33537,fu3shi4,7,-5.133669528709749,2,5.133669528709749,1,0,8,anti_homophones
33538,hu3fu1,6,-7.030086003051086,2,7.030086003051086,1,0,0,anti_homophones
33539,jLn1zhu3,8,-5.742791546476312,2,5.742791546476312,1,0,7,anti_homophones
33540,xC4a1,5,-5.733061237086938,2,5.733061237086938,1,0,1,anti_homophones
33541,zhQ1xi4,7,-6.135667400537971,2,6.135667400537971,1,0,3,anti_homophones
33542,gang3zi5,8,-5.791294420818916,2,5.791294420818916,1,0,3,anti_homophones
33543,sheng1wu5,9,-7.362147345194831,2,7.362147345194831,1,0,1,anti_homophones
33544,hO4ye4,6,-5.204915495578731,2,5.204915495578731,1,0,5,anti_homophones
33545,gongu3,6,-7.667981727931202,2,7.667981727931202,1,0,1,anti_homophones
33546,tQ4yV2,6,-6.689280805836233,2,6.689280805836233,1,0,2,anti_homophones
33547,jM2lE4,6,-5.660056477454716,2,5.660056477454716,1,0,2,anti_homophones
33548,xLng2lLng2,10,-6.6880773337277235,2,6.6880773337277235,1,0,0,anti_homophones
33549,zA4shV1,7,-6.600583703650782,2,6.600583703650782,1,0,2,anti_homophones
33550,xYng2tV2,8,-5.897373760482747,2,5.897373760482747,1,0,0,anti_homophones
33551,zhV2tW2,7,-7.078478916066932,2,7.078478916066932,1,0,0,anti_homophones
33552,za2yong4,8,-6.5517056427310525,2,6.5517056427310525,1,0,0,anti_homophones
33553,zhi3yUn2,8,-5.7270606390651935,2,5.7270606390651935,1,0,4,anti_homophones
33554,can1kan4,8,-6.745464932474015,2,6.745464932474015,1,0,0,anti_homophones
33555,yin4zhUn4,9,-6.949226894852513,2,6.949226894852513,1,0,0,anti_homophones
33556,yQ2bA2,6,-5.7969018521538676,2,5.7969018521538676,1,0,2,anti_homophones
33557,kan4li4,7,-5.587075488665974,2,5.587075488665974,1,0,6,anti_homophones
33558,long4ci3,8,-7.5950656264849545,2,7.5950656264849545,1,0,0,anti_homophones
33559,er4hUng3,8,-6.816763643536173,2,6.816763643536173,1,0,0,anti_homophones
33560,tO2men2,7,-6.062055316315307,2,6.062055316315307,1,0,0,anti_homophones
33561,yan2shi2,8,-5.280030642898799,2,5.280030642898799,1,1,7,anti_homophones
33562,lO2shV3,7,-6.026203742750714,2,6.026203742750714,1,0,2,anti_homophones
33563,shu4li3,7,-5.526487236806016,2,5.526487236806016,1,0,2,anti_homophones
33564,ting3feng3,10,-7.661838306366301,2,7.661838306366301,1,0,0,anti_homophones
33565,chu1lK2,7,-5.489087523573104,2,5.489087523573104,1,0,1,anti_homophones
33566,beng2fa4,8,-7.846208878913074,2,7.846208878913074,1,0,1,anti_homophones
33567,chUn2se4,8,-5.894403359016335,2,5.894403359016335,1,0,0,anti_homophones
33568,cheng1kUng4,11,-6.702603307009525,2,6.702603307009525,1,0,0,anti_homophones
33569,jun1ban3,8,-6.312641907902703,2,6.312641907902703,1,0,2,anti_homophones
33570,kO4ban1,7,-6.1752331226796615,2,6.1752331226796615,1,0,1,anti_homophones
33571,hI4qi2,6,-6.633198140690702,2,6.633198140690702,1,0,2,anti_homophones
33572,chu2fu4,7,-6.4407100630683605,2,6.4407100630683605,1,0,2,anti_homophones
33573,hI1ji4,6,-5.622332393525803,2,5.622332393525803,1,0,4,anti_homophones
33574,man3gu4,7,-6.457753527167996,2,6.457753527167996,1,0,2,anti_homophones
33575,jLn4yan2,8,-5.631656762095032,2,5.631656762095032,1,0,3,anti_homophones
33576,e2zheng1,8,-6.456668325180002,2,6.456668325180002,1,0,1,anti_homophones
33577,zi4deng2,8,-6.038462384407388,2,6.038462384407388,1,0,0,anti_homophones
33578,A2zhu4,6,-5.983109085402143,2,5.983109085402143,1,0,2,anti_homophones
33579,wa1ji2,6,-6.081586469200948,2,6.081586469200948,1,0,3,anti_homophones
33580,ran3zhi4,8,-6.532473407191976,2,6.532473407191976,1,0,2,anti_homophones
33581,fa1zhan4,8,-5.980026156231409,2,5.980026156231409,1,0,3,anti_homophones
33582,gQ4sheng1,9,-6.459038952748246,2,6.459038952748246,1,0,1,anti_homophones
33583,zA1zi1,6,-6.5445026677296605,2,6.5445026677296605,1,0,1,anti_homophones
33584,xLng2hU4,8,-5.4642029134507,2,5.4642029134507,1,0,4,anti_homophones
33585,jM1zi5,6,-4.976762653615529,2,4.976762653615529,1,0,7,anti_homophones
33586,zheng4xi3,9,-6.7139252821259054,2,6.7139252821259054,1,0,2,anti_homophones
33587,zhang4ti2,9,-6.662428008735954,2,6.662428008735954,1,0,1,anti_homophones
33588,yV2men4,7,-6.613252633416051,2,6.613252633416051,1,0,2,anti_homophones
33589,bLn1fu4,7,-5.644612114106354,2,5.644612114106354,1,0,3,anti_homophones
33590,yQ4dLn3,7,-5.823218453287979,2,5.823218453287979,1,1,2,anti_homophones
33591,xM2yu3,6,-5.563300054806981,2,5.563300054806981,1,0,5,anti_homophones
33592,tLn1yi1,7,-5.883278515821148,2,5.883278515821148,1,0,3,anti_homophones
33593,mo4ren2,7,-5.172462701326994,2,5.172462701326994,1,0,2,anti_homophones
33594,jLng4ban4,9,-6.428776274561656,2,6.428776274561656,1,0,2,anti_homophones
33595,si3neng1,8,-5.979986869878033,2,5.979986869878033,1,0,0,anti_homophones
33596,zhe3qu3,7,-5.60371739148838,2,5.60371739148838,1,0,2,anti_homophones
33597,chu2gu3,7,-5.932676041225377,2,5.932676041225377,1,0,1,anti_homophones
33598,shV3zeng4,9,-6.202475359816698,2,6.202475359816698,1,0,1,anti_homophones
33599,he2hQ4,6,-5.076077827418048,2,5.076077827418048,1,0,3,anti_homophones
33600,cu1cO4,6,-6.2201546064938436,2,6.2201546064938436,1,0,0,anti_homophones
33601,xW3ci2,6,-5.763470801399582,2,5.763470801399582,1,0,6,anti_homophones
33602,lin2ci4,7,-6.463459081078935,2,6.463459081078935,1,0,3,anti_homophones
33603,wu2qUn2,7,-5.291010825796588,2,5.291010825796588,1,0,5,anti_homophones
33604,wu2shen1,8,-5.407077297827679,2,5.407077297827679,1,0,5,anti_homophones
33605,dO1nan4,7,-6.207146664529402,2,6.207146664529402,1,0,2,anti_homophones
33606,fE1fen1,7,-5.445930602052505,2,5.445930602052505,1,0,2,anti_homophones
33607,can2tu5,7,-6.956831207440694,2,6.956831207440694,1,0,0,anti_homophones
33608,fa3xM2,6,-6.83326035271083,2,6.83326035271083,1,0,2,anti_homophones
33609,jM2jL1,6,-5.094451405158275,2,5.094451405158275,1,0,6,anti_homophones
33610,lUn3lv4,7,-6.859801314100848,2,6.859801314100848,1,0,1,anti_homophones
33611,chu4xin4,8,-6.348261189314139,2,6.348261189314139,1,0,2,anti_homophones
33612,xLn2zhi2,8,-6.0645705719033245,2,6.0645705719033245,1,0,2,anti_homophones
33613,ge4rong1,8,-6.184011410317246,2,6.184011410317246,1,0,0,anti_homophones
33614,e4zheng1,8,-5.752438902632972,2,5.752438902632972,1,0,2,anti_homophones
33615,wu3rong4,8,-6.269020712911978,2,6.269020712911978,1,0,1,anti_homophones
33616,jLn1lB4,7,-6.226566337567409,2,6.226566337567409,1,0,2,anti_homophones
33617,zI4ji2,6,-5.835984508310626,2,5.835984508310626,1,0,4,anti_homophones
33618,zQ3chen4,8,-6.348419501084686,2,6.348419501084686,1,0,1,anti_homophones
33619,qi2shV4,7,-5.702847069823812,2,5.702847069823812,1,0,3,anti_homophones
33620,sheng1xi4,9,-5.744228389679988,2,5.744228389679988,1,0,5,anti_homophones
33621,kQ3peng4,8,-6.662921630913941,2,6.662921630913941,1,0,0,anti_homophones
33622,rV4bu4,6,-5.852840601794653,2,5.852840601794653,1,0,2,anti_homophones
33623,dA4lv4,6,-5.34459957329007,2,5.34459957329007,1,0,8,anti_homophones
33624,gan3ru4,7,-6.196727995440362,2,6.196727995440362,1,0,1,anti_homophones
33625,qi1kP4,6,-6.113768351991851,2,6.113768351991851,1,0,0,anti_homophones
33626,yang4xing2,10,-5.982255239514067,2,5.982255239514067,1,0,4,anti_homophones
33627,pA2xM2,6,-5.995279416455158,2,5.995279416455158,1,0,3,anti_homophones
33628,cQ3xi1,6,-6.996426963057705,2,6.996426963057705,1,0,6,anti_homophones
33629,yV2ding2,8,-5.699524414733473,2,5.699524414733473,1,0,2,anti_homophones
33630,mu3A3,5,-6.892627526321013,2,6.892627526321013,1,0,2,anti_homophones
33631,cha1he2,7,-6.1689022109200495,2,6.1689022109200495,1,0,2,anti_homophones
33632,lQ3er2,6,-6.553712352045261,2,6.553712352045261,1,0,3,anti_homophones
33633,yu4qUn2,7,-5.653049168153594,2,5.653049168153594,1,0,3,anti_homophones
33634,lang4xL4,8,-6.784318271220465,2,6.784318271220465,1,0,0,anti_homophones
33635,jLn3sheng4,10,-6.133709922817855,2,6.133709922817855,1,0,1,anti_homophones
33636,si4hI4,6,-5.025576037329749,2,5.025576037329749,1,1,9,anti_homophones
33637,ji4chen2,8,-6.0548369871297885,2,6.0548369871297885,1,0,0,anti_homophones
33638,kU4dQ4,6,-5.836787103302764,2,5.836787103302764,1,0,4,anti_homophones
33639,yin1lA2,7,-5.7475342729775125,2,5.7475342729775125,1,0,2,anti_homophones
33640,fang4jM4,8,-6.008970809826884,2,6.008970809826884,1,0,2,anti_homophones
33641,jW4han3,7,-6.329843421085193,2,6.329843421085193,1,0,2,anti_homophones
33642,kong3lV2,8,-6.877983336752249,2,6.877983336752249,1,0,1,anti_homophones
33643,jW4gV1,6,-6.290410793007111,2,6.290410793007111,1,0,0,anti_homophones
33644,bE4he4,6,-6.361876337113884,2,6.361876337113884,1,0,2,anti_homophones
33645,ying2kP4,8,-6.135158606897838,2,6.135158606897838,1,0,1,anti_homophones
33646,lK2ye4,6,-6.163416912360181,2,6.163416912360181,1,0,4,anti_homophones
33647,da2yQ4,6,-6.518275492322712,2,6.518275492322712,1,0,2,anti_homophones
33648,di1li3,6,-5.559807368099416,2,5.559807368099416,1,0,5,anti_homophones
33649,hV2xLn1,7,-6.747563107869386,2,6.747563107869386,1,0,1,anti_homophones
33650,tLn1pQ4,7,-5.88458893303118,2,5.88458893303118,1,0,1,anti_homophones
33651,wE2kP4,6,-5.291026363769799,2,5.291026363769799,1,1,1,anti_homophones
33652,lLng4xLng4,10,-6.041276664034345,2,6.041276664034345,1,0,1,anti_homophones
33653,lQ3hong4,8,-6.171850378765132,2,6.171850378765132,1,0,0,anti_homophones
33654,mo2ye2,6,-6.163850727954015,2,6.163850727954015,1,0,2,anti_homophones
33655,sheng1ting1,11,-6.290656782292598,2,6.290656782292598,1,0,3,anti_homophones
33656,shang1dong3,11,-6.738462301982856,2,6.738462301982856,1,0,1,anti_homophones
33657,lE1tV2,6,-8.025770160745425,2,8.025770160745425,1,0,2,anti_homophones
33658,tong4he2,8,-6.038650693929925,2,6.038650693929925,1,0,1,anti_homophones
33659,ju3se4,6,-5.204991872119648,2,5.204991872119648,1,0,5,anti_homophones
33660,shen2fu2,8,-6.121107053369263,2,6.121107053369263,1,0,1,anti_homophones
33661,shen2lv4,8,-6.3108565619647035,2,6.3108565619647035,1,0,1,anti_homophones
33662,ke3lLn4,7,-5.615733659491563,2,5.615733659491563,1,0,4,anti_homophones
33663,xLn4ju2,7,-5.585359186998304,2,5.585359186998304,1,1,4,anti_homophones
33664,chan3jLng2,10,-6.991527544198193,2,6.991527544198193,1,0,1,anti_homophones
33665,xi1shV3,7,-5.282599223265631,2,5.282599223265631,1,0,6,anti_homophones
33666,zhUn4dA4,8,-5.809106741281156,2,5.809106741281156,1,0,3,anti_homophones
33667,sheng1fe1,9,-8.343046386181081,2,8.343046386181081,1,0,2,anti_homophones
33668,cun4dA4,7,-6.188528026054574,2,6.188528026054574,1,0,3,anti_homophones
33669,chu1shu4,8,-5.227862512535927,2,5.227862512535927,1,0,9,anti_homophones
33670,bing2ma4,8,-6.966324214931825,2,6.966324214931825,1,0,0,anti_homophones
33671,bQ3zhun1,8,-6.762745507496448,2,6.762745507496448,1,0,1,anti_homophones
33672,kU3ka3,6,-7.748622667115495,2,7.748622667115495,1,0,2,anti_homophones
33673,kA1fu5,6,-6.033706720827638,2,6.033706720827638,1,0,2,anti_homophones
33674,shen1Q4,7,-5.975695869002408,2,5.975695869002408,1,0,0,anti_homophones
33675,yi1nLn2,7,-5.4840898571136805,2,5.4840898571136805,1,0,3,anti_homophones
33676,lQ3can1,7,-6.141029971271908,2,6.141029971271908,1,0,1,anti_homophones
33677,jLng4lLng1,10,-6.623128387321929,2,6.623128387321929,1,0,1,anti_homophones
33678,wu3tan2,7,-6.436169746767812,2,6.436169746767812,1,0,1,anti_homophones
33679,gun4bing1,9,-7.372280360069957,2,7.372280360069957,1,0,0,anti_homophones
33680,qUn2yi4,7,-5.261976201747515,2,5.261976201747515,1,0,5,anti_homophones
33681,shV3dong2,9,-5.6109213829569695,2,5.6109213829569695,1,0,1,anti_homophones
33682,jun1zhI1,8,-6.9275464217805105,2,6.9275464217805105,1,0,0,anti_homophones
33683,tQ3hU4,6,-5.7336672814009,2,5.7336672814009,1,0,5,anti_homophones
33684,pW1fan3,7,-6.453821008462813,2,6.453821008462813,1,0,1,anti_homophones
33685,dW1nLn2,7,-6.991122864599934,2,6.991122864599934,1,0,0,anti_homophones
33686,wE4jLn4,7,-5.538636213669087,2,5.538636213669087,1,0,4,anti_homophones
33687,tV1kUng1,8,-5.812699406095458,2,5.812699406095458,1,0,2,anti_homophones
33688,gan3lLng4,9,-6.142005321154793,2,6.142005321154793,1,0,3,anti_homophones
33689,hI2chan2,8,-6.436104850457699,2,6.436104850457699,1,0,0,anti_homophones
33690,fang4shan3,10,-6.792255102663571,2,6.792255102663571,1,0,0,anti_homophones
33691,xLn3ran3,8,-6.796535036716097,2,6.796535036716097,1,0,0,anti_homophones
33692,qLn3shu4,8,-6.168895369007288,2,6.168895369007288,1,0,1,anti_homophones
33693,kong1si5,8,-6.929675965169006,2,6.929675965169006,1,0,1,anti_homophones
33694,tA4pQ4,6,-5.586853544128077,2,5.586853544128077,1,0,3,anti_homophones
33695,zhi1shen1,9,-5.7760537195797435,2,5.7760537195797435,1,0,1,anti_homophones
33696,zeng2zhang4,11,-7.0037368261280575,2,7.0037368261280575,1,0,2,anti_homophones
33697,ceng4jLng3,10,-8.17338310055018,2,8.17338310055018,1,0,0,anti_homophones
33698,gUn3xM4,7,-6.390982146272912,2,6.390982146272912,1,0,2,anti_homophones
33699,gA4ji2,6,-6.305532554983116,2,6.305532554983116,1,0,4,anti_homophones
33700,fu4zhi3,7,-5.158389695845224,2,5.158389695845224,1,0,7,anti_homophones
33701,hUn4zheng1,10,-6.431421049750045,2,6.431421049750045,1,0,0,anti_homophones
33702,tQ4zhu3,7,-6.625732676266071,2,6.625732676266071,1,0,0,anti_homophones
33703,jLn3lv4,7,-5.909702031908708,2,5.909702031908708,1,0,1,anti_homophones
33704,qUn1hong4,9,-7.285987216199562,2,7.285987216199562,1,0,0,anti_homophones
33705,qM4e2,5,-6.043357915288531,2,6.043357915288531,1,0,1,anti_homophones
33706,xLng4nu3,8,-7.206023040828951,2,7.206023040828951,1,0,1,anti_homophones
33707,jM1song2,8,-5.9734674223289765,2,5.9734674223289765,1,0,1,anti_homophones
33708,ta1jK1,6,-7.287345656623352,2,7.287345656623352,1,0,1,anti_homophones
33709,wA1fan2,7,-6.549145299002845,2,6.549145299002845,1,0,0,anti_homophones
33710,yan2du2,7,-6.175198297316574,2,6.175198297316574,1,0,4,anti_homophones
33711,shi1shV3,8,-5.541229311933991,2,5.541229311933991,1,0,3,anti_homophones
33712,shan4g4sheng1,13,-10.768413851499387,2,10.768413851499387,1,0,0,anti_homophones
33713,bA4zi1,6,-6.471759975480483,2,6.471759975480483,1,0,2,anti_homophones
33714,fan1min2,8,-6.513707549495283,2,6.513707549495283,1,0,0,anti_homophones
33715,dW1ben1,7,-7.130487592864103,2,7.130487592864103,1,0,0,anti_homophones
33716,dLn3hO4,7,-5.964398349637071,2,5.964398349637071,1,0,2,anti_homophones
33717,yQ4xW4,6,-5.517108471541642,2,5.517108471541642,1,0,3,anti_homophones
33718,nong3hU4,8,-6.314660314618144,2,6.314660314618144,1,0,5,anti_homophones
33719,xM2long1,8,-7.730583480297786,2,7.730583480297786,1,0,1,anti_homophones
33720,chu1hu4,7,-4.9953281007484955,2,4.9953281007484955,1,0,14,anti_homophones
33721,xLng1cQ2,8,-6.721303199490333,2,6.721303199490333,1,0,1,anti_homophones
33722,kU4li5,6,-7.207080787330878,2,7.207080787330878,1,0,1,anti_homophones
33723,yQ2lK2,6,-5.766135657067928,2,5.766135657067928,1,0,2,anti_homophones
33724,du1cun2,7,-6.678385388065812,2,6.678385388065812,1,0,0,anti_homophones
33725,zhen2dUn4,9,-6.480469644412901,2,6.480469644412901,1,0,2,anti_homophones
33726,lE4zhu3,7,-6.6814903949319495,2,6.6814903949319495,1,0,2,anti_homophones
33727,he2an4,6,-5.700024967487552,2,5.700024967487552,1,0,1,anti_homophones
33728,shen4yUn2,9,-6.037527860483351,2,6.037527860483351,1,0,3,anti_homophones
33729,gan1wE4,7,-5.633176464488138,2,5.633176464488138,1,1,4,anti_homophones
33730,ya2zhan1,8,-7.209629186220112,2,7.209629186220112,1,0,0,anti_homophones
33731,re4gu4,6,-6.746335396967129,2,6.746335396967129,1,0,5,anti_homophones
33732,zi4rang3,8,-5.969824651707309,2,5.969824651707309,1,0,2,anti_homophones
33733,yan2rQ3,7,-5.820405911101066,2,5.820405911101066,1,0,1,anti_homophones
33734,gong2yu2,8,-5.841543553655875,2,5.841543553655875,1,0,3,anti_homophones
33735,cA2lang2,8,-6.657782937898484,2,6.657782937898484,1,0,1,anti_homophones
33736,zan4dUn4,8,-6.6398253126788855,2,6.6398253126788855,1,0,1,anti_homophones
33737,hong4hu4,8,-6.413480208721291,2,6.413480208721291,1,0,2,anti_homophones
33738,ba1si3,6,-7.355674314230389,2,7.355674314230389,1,0,1,anti_homophones
33739,A4shi2,6,-5.625012772970387,2,5.625012772970387,1,0,3,anti_homophones
33740,zO4mo2,6,-6.310018609998714,2,6.310018609998714,1,0,0,anti_homophones
33741,bQ3hu3,6,-5.201080960341217,2,5.201080960341217,1,0,7,anti_homophones
33742,qi1dLn4,7,-5.96595052594713,2,5.96595052594713,1,0,4,anti_homophones
33743,qi1qi1,6,-5.348233103018846,2,5.348233103018846,1,0,6,anti_homophones
33744,xW3yi4,6,-5.090352002965036,2,5.090352002965036,1,0,9,anti_homophones
33745,pu2tong1,8,-5.531713978383005,2,5.531713978383005,1,0,0,anti_homophones
33746,po4bu4,6,-5.30670308003336,2,5.30670308003336,1,0,3,anti_homophones
33747,ping1li4,8,-5.931699152059901,2,5.931699152059901,1,0,5,anti_homophones
33748,gong2wan2,9,-6.477312172713453,2,6.477312172713453,1,0,4,anti_homophones
33749,shV3jW3,7,-5.223005163485783,2,5.223005163485783,1,1,2,anti_homophones
33750,mE3fen1,7,-5.649834253567803,2,5.649834253567803,1,0,0,anti_homophones
33751,tLn1xi4,7,-5.715474221207847,2,5.715474221207847,1,0,4,anti_homophones
33752,xM2yan2,7,-5.76974971451288,2,5.76974971451288,1,0,2,anti_homophones
33753,da4hang3,8,-5.202181155159733,2,5.202181155159733,1,0,11,anti_homophones
33754,jLng4pan2,9,-6.868452586244689,2,6.868452586244689,1,0,1,anti_homophones
33755,fen4xing4,9,-5.743542629613805,2,5.743542629613805,1,0,0,anti_homophones
33756,xL1yQ4,6,-6.649880440240635,2,6.649880440240635,1,0,1,anti_homophones
33757,la1wang1,8,-6.3158764762772845,2,6.3158764762772845,1,0,2,anti_homophones
33758,shUn1ding2,10,-7.383286288527465,2,7.383286288527465,1,0,0,anti_homophones
33759,A2di4,5,-5.415846082200941,2,5.415846082200941,1,0,4,anti_homophones
33760,zhu4pin3,8,-6.217706111547509,2,6.217706111547509,1,0,1,anti_homophones
33761,zun1gUn3,8,-6.582938931501069,2,6.582938931501069,1,0,3,anti_homophones
33762,bA3bW4,6,-8.372109721979037,2,8.372109721979037,1,0,2,anti_homophones
33763,hV4yan4,7,-5.91599805727883,2,5.91599805727883,1,0,3,anti_homophones
33764,fa1hO2,6,-5.824395284697319,2,5.824395284697319,1,0,2,anti_homophones
33765,yi2wE4,6,-5.275806776602618,2,5.275806776602618,1,0,7,anti_homophones
33766,zhen1xin1,9,-5.484591799318932,2,5.484591799318932,1,0,2,anti_homophones
33767,yun2zhUn1,9,-6.939970848676087,2,6.939970848676087,1,0,1,anti_homophones
33768,xu1bu4,6,-6.365606709048862,2,6.365606709048862,1,0,4,anti_homophones
33769,li3qLn1,7,-6.327454985880032,2,6.327454985880032,1,0,1,anti_homophones
33770,ni4lK2,6,-6.308967148105561,2,6.308967148105561,1,0,3,anti_homophones
33771,zA4wan1,7,-7.05690676698228,2,7.05690676698228,1,0,4,anti_homophones
33772,mLn3shan3,9,-7.0942861264245485,2,7.0942861264245485,1,0,1,anti_homophones
33773,sQ3chang2,9,-6.550078458227321,2,6.550078458227321,1,0,0,anti_homophones
33774,wu2ge1,6,-5.927795975032613,2,5.927795975032613,1,1,1,anti_homophones
33775,chong1zhUng4,12,-6.86919339079394,2,6.86919339079394,1,0,0,anti_homophones
33776,mL1jun1,7,-8.462519221341093,2,8.462519221341093,1,0,0,anti_homophones
33777,shen1mLn4,9,-5.7417684343784225,2,5.7417684343784225,1,0,2,anti_homophones
33778,chi1shi2,8,-5.963991227636679,2,5.963991227636679,1,0,4,anti_homophones
33779,wE2chang2,9,-6.282314800792505,2,6.282314800792505,1,0,0,anti_homophones
33780,mo4ji4,6,-5.404539048527068,2,5.404539048527068,1,0,5,anti_homophones
33781,zi1wa4,6,-7.535883035715184,2,7.535883035715184,1,0,3,anti_homophones
33782,tLn1che1,8,-5.520416809552285,2,5.520416809552285,1,0,1,anti_homophones
33783,dLn3yang4,9,-6.019895596196191,2,6.019895596196191,1,0,3,anti_homophones
33784,mu4re5,6,-7.922835466762829,2,7.922835466762829,1,0,0,anti_homophones
33785,bE1chV2,7,-6.504765642377574,2,6.504765642377574,1,0,0,anti_homophones
33786,yan4xing3,9,-6.3694140843480636,2,6.3694140843480636,1,0,1,anti_homophones
33787,peng2fan4,9,-6.865794019367842,2,6.865794019367842,1,0,0,anti_homophones
33788,qLng3wen2,9,-6.404296590560708,2,6.404296590560708,1,0,0,anti_homophones
33789,song1chV2,9,-6.723491707873855,2,6.723491707873855,1,0,1,anti_homophones
33790,li2zhi2,7,-5.847828288896414,2,5.847828288896414,1,0,1,anti_homophones
33791,zong3chang1,11,-7.434522828306555,2,7.434522828306555,1,0,0,anti_homophones
33792,lQ3han4,7,-5.767171226120703,2,5.767171226120703,1,0,8,anti_homophones
33793,ru2pin3,7,-6.3759338101748515,2,6.3759338101748515,1,0,1,anti_homophones
33794,re4xW4,6,-5.618066849523075,2,5.618066849523075,1,0,4,anti_homophones
33795,te4yi1,6,-5.984896689878292,2,5.984896689878292,1,0,2,anti_homophones
33796,di3ding2,8,-6.521990350433771,2,6.521990350433771,1,0,1,anti_homophones
33797,zong2jK3,8,-6.465793613340628,2,6.465793613340628,1,0,1,anti_homophones
33798,hu2chUng1,9,-6.355865792347381,2,6.355865792347381,1,0,0,anti_homophones
33799,xLng1ban4,9,-5.987261471526374,2,5.987261471526374,1,0,2,anti_homophones
33800,zhO1bA4,7,-7.011764656996516,2,7.011764656996516,1,0,4,anti_homophones
33801,bu4pin2,7,-5.8890055043221645,2,5.8890055043221645,1,0,2,anti_homophones
33802,e4hQ4,5,-6.331607901994565,2,6.331607901994565,1,0,3,anti_homophones
33803,min1ri4,7,-8.51322089927843,2,8.51322089927843,1,0,0,anti_homophones
33804,zO4yUn4,7,-5.770491147715973,2,5.770491147715973,1,0,4,anti_homophones
33805,chong4dQ3,9,-6.612292876690247,2,6.612292876690247,1,0,0,anti_homophones
33806,yan2zI3,7,-6.182634014340947,2,6.182634014340947,1,0,1,anti_homophones
33807,shV3zeng1,9,-5.994964167845845,2,5.994964167845845,1,0,2,anti_homophones
33808,yong1can1,9,-6.684093578063717,2,6.684093578063717,1,0,2,anti_homophones
33809,gO4nO4,6,-5.843118744859181,2,5.843118744859181,1,0,0,anti_homophones
33810,he2de2,6,-5.813226648121209,2,5.813226648121209,1,0,3,anti_homophones
33811,tong4gUn3,9,-6.240165404738876,2,6.240165404738876,1,0,0,anti_homophones
33812,gU1gUn1,7,-5.744227503392357,2,5.744227503392357,1,0,2,anti_homophones
33813,xW3zA3,6,-6.034884109587688,2,6.034884109587688,1,0,1,anti_homophones
33814,ning2san1,9,-7.474949481588033,2,7.474949481588033,1,0,0,anti_homophones
33815,shen2wE4,8,-5.611758386130939,2,5.611758386130939,1,0,1,anti_homophones
33816,wE4bu4,6,-5.575755801444835,2,5.575755801444835,1,0,6,anti_homophones
33817,yan2ben3,8,-5.840122456004387,2,5.840122456004387,1,0,1,anti_homophones
33818,ma2di2,6,-7.3190404517558525,2,7.3190404517558525,1,0,0,anti_homophones
33819,yUn3zhV1,8,-7.171928393627996,2,7.171928393627996,1,0,1,anti_homophones
33820,gang2zhi2,9,-6.455318936593882,2,6.455318936593882,1,0,2,anti_homophones
33821,ying3yun4,9,-6.8094089899788,2,6.8094089899788,1,0,0,anti_homophones
33822,nan2jing3,9,-6.4778910553570395,2,6.4778910553570395,1,0,0,anti_homophones
33823,ying2yC1,8,-6.3113718771578355,2,6.3113718771578355,1,0,1,anti_homophones
33824,A4zhi1,6,-5.9286788409182645,2,5.9286788409182645,1,0,4,anti_homophones
33825,zhUn3shi3,9,-6.601404856118362,2,6.601404856118362,1,0,4,anti_homophones
33826,xing4lv4,8,-5.915228683302476,2,5.915228683302476,1,0,1,anti_homophones
33827,pi2hI2,6,-6.5796969293671514,2,6.5796969293671514,1,0,2,anti_homophones
33828,qun2zi5,7,-5.6039578264683305,2,5.6039578264683305,1,0,4,anti_homophones
33829,nK3dang2,8,-6.891629556224994,2,6.891629556224994,1,0,0,anti_homophones
33830,ren2si1,7,-5.922068310212263,2,5.922068310212263,1,0,3,anti_homophones
33831,jLn1zhi1,8,-5.504282168815356,2,5.504282168815356,1,0,2,anti_homophones
33832,qi3dLn3,7,-5.737721588094138,2,5.737721588094138,1,0,3,anti_homophones
33833,cun2zhen2,9,-6.60460186273381,2,6.60460186273381,1,0,1,anti_homophones
33834,gUng1ya3,8,-7.0400726055729255,2,7.0400726055729255,1,0,0,anti_homophones
33835,sheng4she4,10,-6.289797519412056,2,6.289797519412056,1,0,1,anti_homophones
33836,jM3min2,7,-6.201404924025311,2,6.201404924025311,1,0,1,anti_homophones
33837,mE3ji1,6,-5.302596431873848,2,5.302596431873848,1,0,5,anti_homophones
33838,ben4tV5,7,-6.9886623854997545,2,6.9886623854997545,1,0,1,anti_homophones
33839,a1bA2,5,-7.131330940813827,2,7.131330940813827,1,0,0,anti_homophones
33840,yin3lLn2,8,-6.15066383647259,2,6.15066383647259,1,0,1,anti_homophones
33841,ji4kP4,6,-6.007463164217586,2,6.007463164217586,1,0,0,anti_homophones
33842,bing1zO4,8,-5.859554587211114,2,5.859554587211114,1,0,1,anti_homophones
33843,zheng1ning3,11,-7.804270153559639,2,7.804270153559639,1,0,0,anti_homophones
33844,qM4ting2,8,-6.06124204826608,2,6.06124204826608,1,0,1,anti_homophones
33845,jM3shI3,7,-5.946444400579965,2,5.946444400579965,1,0,4,anti_homophones
33846,kUng2mLn4,9,-6.5415954631774715,2,6.5415954631774715,1,0,0,anti_homophones
33847,chUn1yC1,8,-6.313329523185402,2,6.313329523185402,1,0,1,anti_homophones
33848,su1yu3,6,-6.23611258279544,2,6.23611258279544,1,0,5,anti_homophones
33849,san4wE4,7,-6.028317764468869,2,6.028317764468869,1,0,3,anti_homophones
33850,bA4ti2,6,-6.430691979972928,2,6.430691979972928,1,0,1,anti_homophones
33851,qing1ju4,8,-5.87027822646224,2,5.87027822646224,1,0,8,anti_homophones
33852,ling1jing4,10,-6.243136755629456,2,6.243136755629456,1,0,1,anti_homophones
33853,sUn1bQ3,7,-7.407973339008232,2,7.407973339008232,1,0,0,anti_homophones
33854,gA3man4,7,-6.760599636038454,2,6.760599636038454,1,0,1,anti_homophones
33855,leng2ping2,10,-7.2931524667601435,2,7.2931524667601435,1,0,0,anti_homophones
33856,fa1shen1,8,-5.6031264284268305,2,5.6031264284268305,1,0,1,anti_homophones
33857,nE4ge1,6,-6.304144110767943,2,6.304144110767943,1,0,0,anti_homophones
33858,rong3lB4,8,-6.941742150496873,2,6.941742150496873,1,0,1,anti_homophones
33859,qi2fu2,6,-5.460912822752746,2,5.460912822752746,1,0,3,anti_homophones
33860,si4mang4,8,-6.926794671901528,2,6.926794671901528,1,0,0,anti_homophones
33861,qK2qUn2,7,-5.573908703876431,2,5.573908703876431,1,0,1,anti_homophones
33862,bQ4wE4,6,-5.536778218330893,2,5.536778218330893,1,0,8,anti_homophones
33863,zV3jing2,8,-6.029115682747013,2,6.029115682747013,1,0,0,anti_homophones
33864,xin1xM4,7,-5.7206962931314305,2,5.7206962931314305,1,0,3,anti_homophones
33865,ying1zhang1,11,-6.505795044603206,2,6.505795044603206,1,0,1,anti_homophones
33866,nan2jC2,7,-6.413764157314069,2,6.413764157314069,1,0,0,anti_homophones
33867,tong1tong1,10,-6.097940653717345,2,6.097940653717345,1,0,1,anti_homophones
33868,tI1can1,7,-5.909820400708438,2,5.909820400708438,1,0,2,anti_homophones
33869,hQ3jing2,8,-6.341464913108105,2,6.341464913108105,1,0,1,anti_homophones
33870,bLn4nQ3,7,-6.427527138355982,2,6.427527138355982,1,0,0,anti_homophones
33871,wu3fu2,6,-5.843597844229979,2,5.843597844229979,1,0,4,anti_homophones
33872,ju1lLn2,7,-6.325343009416013,2,6.325343009416013,1,0,2,anti_homophones
33873,yan2fan1,8,-6.489977826153775,2,6.489977826153775,1,0,1,anti_homophones
33874,he2bLn4,7,-5.7369620923626305,2,5.7369620923626305,1,0,2,anti_homophones
33875,de2shu4,7,-5.844894593120845,2,5.844894593120845,1,0,2,anti_homophones
33876,zong3yu3,8,-6.602190120412524,2,6.602190120412524,1,0,0,anti_homophones
33877,xi1bW1,6,-6.350903191308167,2,6.350903191308167,1,0,1,anti_homophones
33878,gang2mE4,8,-6.657021656426448,2,6.657021656426448,1,0,2,anti_homophones
33879,ge2gP4,6,-6.090231055500858,2,6.090231055500858,1,0,0,anti_homophones
33880,yang4lLn3,9,-6.7638677515998795,2,6.7638677515998795,1,0,0,anti_homophones
33881,tu1bu4,6,-5.862366773096975,2,5.862366773096975,1,0,3,anti_homophones
33882,mi2long4,8,-5.995542994925199,2,5.995542994925199,1,0,1,anti_homophones
33883,tan4ren4,8,-6.535987807391691,2,6.535987807391691,1,0,0,anti_homophones
33884,gA3hO3,6,-5.617721148844517,2,5.617721148844517,1,0,2,anti_homophones
33885,ming3che3,9,-7.615010007677129,2,7.615010007677129,1,0,0,anti_homophones
33886,fan4zhi2,8,-5.905494639138459,2,5.905494639138459,1,0,5,anti_homophones
33887,lv4kA1,6,-7.529667401431029,2,7.529667401431029,1,0,0,anti_homophones
33888,pQ3xi1,6,-6.572680728319155,2,6.572680728319155,1,0,4,anti_homophones
33889,lW2lLn2,7,-6.1744117725406396,2,6.1744117725406396,1,0,2,anti_homophones
33890,can1yun2,8,-6.471242021062355,2,6.471242021062355,1,0,1,anti_homophones
33891,li2jLng4,8,-6.410005286192312,2,6.410005286192312,1,0,1,anti_homophones
33892,bu4wA4,6,-5.511893161526155,2,5.511893161526155,1,0,3,anti_homophones
33893,fang4shen1,10,-6.371228819334161,2,6.371228819334161,1,0,1,anti_homophones
33894,jing2lE4,8,-6.225568563461574,2,6.225568563461574,1,0,2,anti_homophones
33895,zhI1jin4,8,-6.087527688613549,2,6.087527688613549,1,0,3,anti_homophones
33896,qu3xK1,6,-6.2310994560463255,2,6.2310994560463255,1,0,0,anti_homophones
33897,le4jun1,7,-6.755885083497707,2,6.755885083497707,1,0,1,anti_homophones
33898,mu4ka3,6,-5.906941563171002,2,5.906941563171002,1,0,3,anti_homophones
33899,jLng1lLn4,9,-6.476834572737748,2,6.476834572737748,1,0,0,anti_homophones
33900,lLng4shu4,9,-6.044337072736379,2,6.044337072736379,1,0,0,anti_homophones
33901,yV2shi4,7,-5.233978576609186,2,5.233978576609186,1,0,7,anti_homophones
33902,jLng3sA4,8,-6.4092381324607395,2,6.4092381324607395,1,0,2,anti_homophones
33903,yi4fu3,6,-5.979251612743566,2,5.979251612743566,1,0,3,anti_homophones
33904,ding4shu4,9,-6.182800810111258,2,6.182800810111258,1,0,6,anti_homophones
33905,da4fang2,8,-5.273898270875979,2,5.273898270875979,1,0,8,anti_homophones
33906,dang1hO3,8,-6.407015751464974,2,6.407015751464974,1,0,0,anti_homophones
33907,zO4fa3,6,-5.507531029823309,2,5.507531029823309,1,0,1,anti_homophones
33908,xing1jL4,8,-5.698151524287191,2,5.698151524287191,1,0,4,anti_homophones
33909,dM2yi4,6,-6.118041618200475,2,6.118041618200475,1,0,4,anti_homophones
33910,shang1song3,11,-7.095055001293126,2,7.095055001293126,1,0,1,anti_homophones
33911,yi4chUng1,9,-6.220032077039433,2,6.220032077039433,1,0,2,anti_homophones
33912,hUng4dan4,9,-6.383312511951648,2,6.383312511951648,1,0,0,anti_homophones
33913,bu4keng1,8,-5.861092316614352,2,5.861092316614352,1,0,3,anti_homophones
33914,hang1xLn4,9,-6.227102489504903,2,6.227102489504903,1,0,0,anti_homophones
33915,zhu3ge1,7,-5.841849526615628,2,5.841849526615628,1,0,0,anti_homophones
33916,pin3pan2,8,-6.229866658955271,2,6.229866658955271,1,0,2,anti_homophones
33917,gu3ding1,8,-6.049405774406008,2,6.049405774406008,1,0,1,anti_homophones
33918,lan3li3,7,-6.164256144358363,2,6.164256144358363,1,0,3,anti_homophones
33919,yong2yV2,8,-6.55994056107592,2,6.55994056107592,1,0,3,anti_homophones
33920,A1gU1,5,-6.274790770908658,2,6.274790770908658,1,0,0,anti_homophones
33921,bing3xLn3,9,-6.8773656394979055,2,6.8773656394979055,1,0,0,anti_homophones
33922,ye4bM2,6,-5.573121660467192,2,5.573121660467192,1,0,4,anti_homophones
33923,zhi2lLng1,9,-6.357539843127217,2,6.357539843127217,1,0,0,anti_homophones
33924,chong4dan1,10,-6.462192224847672,2,6.462192224847672,1,0,0,anti_homophones
33925,hO3qu4,6,-5.596492824713553,2,5.596492824713553,1,0,4,anti_homophones
33926,jL1zhong4,9,-5.811459820060726,2,5.811459820060726,1,0,1,anti_homophones
33927,xLng1ming1,10,-6.195613796849464,2,6.195613796849464,1,0,1,anti_homophones
33928,meng4jW3,8,-7.0021873357680615,2,7.0021873357680615,1,0,0,anti_homophones
33929,qi2sheng4,9,-5.583566584533246,2,5.583566584533246,1,0,4,anti_homophones
33930,li4zheng4,9,-5.986694414414106,2,5.986694414414106,1,0,2,anti_homophones
33931,mi4chu1,7,-6.612632331300182,2,6.612632331300182,1,0,1,anti_homophones
33932,ran2shI3,8,-6.127643440325549,2,6.127643440325549,1,0,1,anti_homophones
33933,shI3lo4,7,-7.207991110691301,2,7.207991110691301,1,0,3,anti_homophones
33934,hI4kang4,8,-6.4399384024425625,2,6.4399384024425625,1,0,0,anti_homophones
33935,chUn1jLng4,10,-6.802712965315018,2,6.802712965315018,1,0,1,anti_homophones
33936,mLn3hQ3,7,-7.170756933627238,2,7.170756933627238,1,0,0,anti_homophones
33937,yin3lO4,7,-6.370187744782731,2,6.370187744782731,1,0,3,anti_homophones
33938,ying2tW2,8,-6.915572890838237,2,6.915572890838237,1,0,0,anti_homophones
33939,ji2pin3,7,-5.991002981028347,2,5.991002981028347,1,0,2,anti_homophones
33940,qu3kP4,6,-6.37476189155307,2,6.37476189155307,1,0,2,anti_homophones
33941,bi4lLng4,8,-6.2302315081401884,2,6.2302315081401884,1,0,2,anti_homophones
33942,chUn1zu2,8,-6.4414261784882125,2,6.4414261784882125,1,0,0,anti_homophones
33943,chu1shi5,8,-6.133568666027101,2,6.133568666027101,1,0,4,anti_homophones
33944,hO3hQ4,6,-5.716982877862351,2,5.716982877862351,1,0,3,anti_homophones
33945,ji2dang3,8,-6.472004216984245,2,6.472004216984245,1,0,2,anti_homophones
33946,chun1di1,8,-7.5422482767740995,2,7.5422482767740995,1,0,0,anti_homophones
33947,tan2zhi1,8,-5.939925260564859,2,5.939925260564859,1,0,3,anti_homophones
33948,mQ2sheng2,9,-6.22017433647672,2,6.22017433647672,1,0,0,anti_homophones
33949,zO4tA2,6,-5.240101530310331,2,5.240101530310331,1,0,6,anti_homophones
33950,xing2po4,8,-7.515228863399835,2,7.515228863399835,1,0,2,anti_homophones
33951,nQ3lv4,6,-6.018563514633075,2,6.018563514633075,1,0,6,anti_homophones
33952,xin4lLn3,8,-6.918613718702615,2,6.918613718702615,1,0,1,anti_homophones
33953,tLn1wE4,7,-5.280050128708206,2,5.280050128708206,1,0,2,anti_homophones
33954,yi1san4,7,-5.901400129497027,2,5.901400129497027,1,0,5,anti_homophones
33955,nQ4tV2,6,-5.941050819977856,2,5.941050819977856,1,0,5,anti_homophones
33956,nong2hUn4,9,-7.062542203482865,2,7.062542203482865,1,0,3,anti_homophones
33957,qing3hU1,8,-6.334416439720907,2,6.334416439720907,1,0,0,anti_homophones
33958,cong4zhQ4,9,-7.103578057502278,2,7.103578057502278,1,0,0,anti_homophones
33959,ting3zha4,9,-7.501811379883751,2,7.501811379883751,1,0,0,anti_homophones
33960,hA3fang4,8,-6.290663276204536,2,6.290663276204536,1,0,1,anti_homophones
33961,qM1ran2,7,-5.953863505872826,2,5.953863505872826,1,0,0,anti_homophones
33962,sQ3xLng2,8,-6.333298867625035,2,6.333298867625035,1,0,1,anti_homophones
33963,han3bE1,7,-7.681962426500551,2,7.681962426500551,1,0,0,anti_homophones
33964,ji4she3,7,-6.267922540405073,2,6.267922540405073,1,0,3,anti_homophones
33965,yV2lW4,6,-5.686060793357762,2,5.686060793357762,1,0,8,anti_homophones
33966,hen1qLn1,8,-6.8905272050556245,2,6.8905272050556245,1,0,1,anti_homophones
33967,gA4lu4,6,-5.635043963119319,2,5.635043963119319,1,0,6,anti_homophones
33968,jL4she4,7,-6.301675756833689,2,6.301675756833689,1,0,3,anti_homophones
33969,jL1fan4,7,-6.042027590516385,2,6.042027590516385,1,0,6,anti_homophones
33970,shi3li3,7,-5.889358476954675,2,5.889358476954675,1,0,5,anti_homophones
33971,dE2ti1,6,-10.00801415651185,2,10.00801415651185,1,0,0,anti_homophones
33972,pi2zhi3,7,-5.928790287341745,2,5.928790287341745,1,0,4,anti_homophones
33973,bi4nong1,8,-7.049527780920691,2,7.049527780920691,1,0,0,anti_homophones
33974,man3hQ4,7,-6.395688807138678,2,6.395688807138678,1,0,1,anti_homophones
33975,chang3yang1,11,-6.929733551954654,2,6.929733551954654,1,0,0,anti_homophones
33976,da4lun4,7,-5.3579192030612,2,5.3579192030612,1,0,4,anti_homophones
33977,yV2xi1,6,-5.941368419069116,2,5.941368419069116,1,0,2,anti_homophones
33978,fa1bM2,6,-5.7225166608762255,2,5.7225166608762255,1,0,0,anti_homophones
33979,fu4yu3,6,-5.165649417077091,2,5.165649417077091,1,0,6,anti_homophones
33980,ma2ma3,6,-5.7273529614982905,2,5.7273529614982905,1,0,2,anti_homophones
33981,ce4peng1,8,-8.266090145073811,2,8.266090145073811,1,0,1,anti_homophones
33982,yu4kUng2,8,-6.928158943307505,2,6.928158943307505,1,0,0,anti_homophones
33983,dA4yun4,7,-6.068585183360603,2,6.068585183360603,1,0,2,anti_homophones
33984,nE4qi4,6,-5.23498698580731,2,5.23498698580731,1,0,5,anti_homophones
33985,yC4yi4,6,-5.566184758305029,2,5.566184758305029,1,0,5,anti_homophones
33986,hI2tM1,6,-6.068788821819704,2,6.068788821819704,1,0,0,anti_homophones
33987,qi2sa4,6,-5.896647040012141,2,5.896647040012141,1,0,2,anti_homophones
33988,tQ2chang4,9,-6.915193457020722,2,6.915193457020722,1,0,0,anti_homophones
33989,zQ3shV3,7,-5.848053209610983,2,5.848053209610983,1,0,6,anti_homophones
33990,qUn2dA4,7,-5.489932421036691,2,5.489932421036691,1,0,2,anti_homophones
33991,cA3shu1,7,-5.996690738756881,2,5.996690738756881,1,0,0,anti_homophones
33992,lQ4ye4,6,-6.4425530345808895,2,6.4425530345808895,1,0,5,anti_homophones
33993,an4nA3,6,-7.076108957982621,2,7.076108957982621,1,0,0,anti_homophones
33994,ge4zi3,6,-5.51583421000748,2,5.51583421000748,1,0,6,anti_homophones
33995,xing2li3,8,-5.750278576240176,2,5.750278576240176,1,0,3,anti_homophones
33996,er4gO3,6,-6.001324525315368,2,6.001324525315368,1,0,1,anti_homophones
33997,fang3si1,8,-6.953805089979246,2,6.953805089979246,1,0,1,anti_homophones
33998,chUng1tLn1,10,-5.965681921527646,2,5.965681921527646,1,0,3,anti_homophones
33999,jLn4jL1,7,-5.505317325808867,2,5.505317325808867,1,0,3,anti_homophones
34000,li3xun2,7,-6.456233264764033,2,6.456233264764033,1,0,1,anti_homophones
34001,jC2shen1,8,-5.807749389467328,2,5.807749389467328,1,0,0,anti_homophones
34002,cun2shi2,8,-6.007719746441332,2,6.007719746441332,1,0,2,anti_homophones
34003,xLn3xLn3,8,-6.469207941478246,2,6.469207941478246,1,0,3,anti_homophones
34004,lQ3sheng1,9,-5.505451770692506,2,5.505451770692506,1,0,6,anti_homophones
34005,dan1lin2,8,-6.166807590836756,2,6.166807590836756,1,0,1,anti_homophones
34006,dW1pW4,6,-5.584616030712505,2,5.584616030712505,1,0,3,anti_homophones
34007,san1qi4,7,-5.393392927687615,2,5.393392927687615,1,0,5,anti_homophones
34008,mLn4lUn4,8,-6.338276473595469,2,6.338276473595469,1,0,0,anti_homophones
34009,V1mo4,5,-5.545655992457568,2,5.545655992457568,1,0,2,anti_homophones
34010,fa1yin2,7,-6.137304937863903,2,6.137304937863903,1,0,4,anti_homophones
34011,ma2hU4,6,-5.2397555244653455,2,5.2397555244653455,1,0,5,anti_homophones
34012,kong3dang3,10,-7.453262151092271,2,7.453262151092271,1,0,1,anti_homophones
34013,bu4dW4,6,-5.1447085075053565,2,5.1447085075053565,1,0,7,anti_homophones
34014,jK4sUn4,7,-5.622632339429581,2,5.622632339429581,1,0,0,anti_homophones
34015,yQ5shO1,7,-7.2274477007936255,2,7.2274477007936255,1,0,0,anti_homophones
34016,zi4tV2,6,-5.332437317425559,2,5.332437317425559,1,0,5,anti_homophones
34017,qK1yan2,7,-5.8569034716083,2,5.8569034716083,1,0,1,anti_homophones
34018,xUn1mi2,7,-7.021432260998711,2,7.021432260998711,1,0,0,anti_homophones
34019,qC4shV4,7,-7.447943070728562,2,7.447943070728562,1,0,0,anti_homophones
34020,lA2shu4,7,-5.834695015153914,2,5.834695015153914,1,0,2,anti_homophones
34021,nE4zhQ1,7,-7.006190236304223,2,7.006190236304223,1,0,1,anti_homophones
34022,ying4dLn4,9,-5.819518089359954,2,5.819518089359954,1,0,2,anti_homophones
34023,bE4fen1,7,-5.919005667422437,2,5.919005667422437,1,0,3,anti_homophones
34024,zhi1jun1,8,-5.680835542687949,2,5.680835542687949,1,0,2,anti_homophones
34025,hen1qUn2,8,-6.252820469885811,2,6.252820469885811,1,0,3,anti_homophones
34026,zhUng3mLn4,10,-6.818802025101647,2,6.818802025101647,1,0,0,anti_homophones
34027,man3jL4,7,-5.736699365418904,2,5.736699365418904,1,0,2,anti_homophones
34028,jM3jC2,6,-5.488722994437095,2,5.488722994437095,1,0,1,anti_homophones
34029,fo2man4,7,-7.016482248729633,2,7.016482248729633,1,0,1,anti_homophones
34030,du2zhUng4,9,-6.260587052588445,2,6.260587052588445,1,0,1,anti_homophones
34031,la1ti3,6,-6.639369833452416,2,6.639369833452416,1,0,0,anti_homophones
34032,yin3ji1,7,-5.470504237146474,2,5.470504237146474,1,0,7,anti_homophones
34033,a2zi3,5,-7.72074620574897,2,7.72074620574897,1,0,0,anti_homophones
34034,A4zhu1,6,-6.612780428633656,2,6.612780428633656,1,0,2,anti_homophones
34035,zong2yu2,8,-6.282325936843619,2,6.282325936843619,1,0,2,anti_homophones
34036,yi2shI3,7,-5.756452128813777,2,5.756452128813777,1,0,4,anti_homophones
34037,ling2mang4,10,-7.091409146838589,2,7.091409146838589,1,0,1,anti_homophones
34038,fa3wang4,8,-6.316736671167053,2,6.316736671167053,1,0,0,anti_homophones
34039,chQ2li4,7,-5.324695608851374,2,5.324695608851374,1,0,1,anti_homophones
34040,lv3xu3,6,-5.507563722332649,2,5.507563722332649,1,0,0,anti_homophones
34041,chu1gQ3,7,-5.552940657257343,2,5.552940657257343,1,0,3,anti_homophones
34042,tO1xLng1,8,-6.264498007391231,2,6.264498007391231,1,0,1,anti_homophones
34043,dLn4sO1,7,-6.452462676487998,2,6.452462676487998,1,0,1,anti_homophones
34044,zu2yu3,6,-6.859632066174065,2,6.859632066174065,1,0,1,anti_homophones
34045,hA3yan4,7,-6.152440197523085,2,6.152440197523085,1,0,2,anti_homophones
34046,lLng3jM2,8,-6.263500574214725,2,6.263500574214725,1,0,0,anti_homophones
34047,wu2qing4,8,-5.423562007175336,2,5.423562007175336,1,0,5,anti_homophones
34048,er3fu4,6,-5.2930791905647725,2,5.2930791905647725,1,0,4,anti_homophones
34049,gong4tan4,9,-6.369108691423429,2,6.369108691423429,1,0,1,anti_homophones
34050,e1men4,6,-6.72098576907644,2,6.72098576907644,1,0,0,anti_homophones
34051,cha2sI4,7,-6.013068325473188,2,6.013068325473188,1,0,2,anti_homophones
34052,pA1shi2,7,-5.704003306482234,2,5.704003306482234,1,0,2,anti_homophones
34053,tO1cA4,6,-5.284172892575896,2,5.284172892575896,1,0,4,anti_homophones
34054,tong2se4,8,-5.303519622043825,2,5.303519622043825,1,0,5,anti_homophones
34055,feng1xM3,8,-6.257239235433205,2,6.257239235433205,1,0,0,anti_homophones
34056,fang1qUn2,9,-5.923442079946868,2,5.923442079946868,1,0,0,anti_homophones
34057,shi2yi4,7,-4.837213066484785,2,4.837213066484785,1,0,9,anti_homophones
34058,nong2chUn4,10,-7.135834134045075,2,7.135834134045075,1,0,1,anti_homophones
34059,si1zhO1,7,-6.592673136288274,2,6.592673136288274,1,0,0,anti_homophones
34060,ru3zha1,7,-7.082724394129645,2,7.082724394129645,1,0,1,anti_homophones
34061,cI1ci4,6,-6.043577636049548,2,6.043577636049548,1,0,2,anti_homophones
34062,gan1qLng4,9,-6.242709802531348,2,6.242709802531348,1,0,2,anti_homophones
34063,zhi3kang1,9,-6.9140916156539065,2,6.9140916156539065,1,0,0,anti_homophones
34064,bi4zi5,6,-5.268405107179131,2,5.268405107179131,1,0,11,anti_homophones
34065,zhu3ming4,9,-6.3304710962928,2,6.3304710962928,1,0,2,anti_homophones
34066,bLn3ying4,9,-7.187000232672432,2,7.187000232672432,1,0,0,anti_homophones
34067,shi2gong2,9,-5.962837693306726,2,5.962837693306726,1,0,0,anti_homophones
34068,Q4mi3,5,-5.952918812470944,2,5.952918812470944,1,0,1,anti_homophones
34069,dan1fE4,7,-6.079270982497722,2,6.079270982497722,1,0,2,anti_homophones
34070,ping4qUn4,9,-6.92764730928357,2,6.92764730928357,1,0,1,anti_homophones
34071,tQ2jC2,6,-6.774003990647962,2,6.774003990647962,1,0,0,anti_homophones
34072,pang2zhi3,9,-6.802717478296569,2,6.802717478296569,1,0,0,anti_homophones
34073,nQ3dI4,6,-6.217830138642432,2,6.217830138642432,1,0,3,anti_homophones
34074,she2zi5,7,-5.527598622701728,2,5.527598622701728,1,0,6,anti_homophones
34075,shi3mi4,7,-6.426646374807353,2,6.426646374807353,1,0,2,anti_homophones
34076,yi4ping1,8,-6.381504103544197,2,6.381504103544197,1,0,0,anti_homophones
34077,ji1qi4,6,-4.86595231642122,2,4.86595231642122,1,0,11,anti_homophones
34078,jun4ding4,9,-7.245000134661954,2,7.245000134661954,1,0,0,anti_homophones
34079,zan4fa3,7,-6.2924290515695125,2,6.2924290515695125,1,0,4,anti_homophones
34080,lLn2xin1,8,-5.550999373050298,2,5.550999373050298,1,0,4,anti_homophones
34081,chI2yi4,7,-5.620082087594395,2,5.620082087594395,1,0,4,anti_homophones
34082,di4yUn2,7,-5.431791095416565,2,5.431791095416565,1,0,11,anti_homophones
34083,jL1shen2,8,-5.921835282428745,2,5.921835282428745,1,0,0,anti_homophones
34084,shO1ben3,8,-6.140375452451851,2,6.140375452451851,1,0,1,anti_homophones
34085,qLng4li3,8,-5.926476892993873,2,5.926476892993873,1,0,2,anti_homophones
34086,fang2zhu2,9,-6.592055188768189,2,6.592055188768189,1,0,1,anti_homophones
34087,nLn2chong4,10,-6.421662070158407,2,6.421662070158407,1,0,1,anti_homophones
34088,kV3shi2,7,-5.600160953955928,2,5.600160953955928,1,0,4,anti_homophones
34089,yin3gan4,8,-6.8383682321959345,2,6.8383682321959345,1,0,1,anti_homophones
34090,tong1shu4,9,-5.648164012885706,2,5.648164012885706,1,0,2,anti_homophones
34091,xLn1qi1,7,-5.97270780783498,2,5.97270780783498,1,0,4,anti_homophones
34092,gO2zhong1,9,-6.017828876524373,2,6.017828876524373,1,0,0,anti_homophones
34093,wu2dW4,6,-5.678260423782774,2,5.678260423782774,1,0,2,anti_homophones
34094,yun4ling2,9,-6.379707478588301,2,6.379707478588301,1,0,0,anti_homophones
34095,meng3kV4,8,-7.752041536219757,2,7.752041536219757,1,0,0,anti_homophones
34096,ying2zhe2,9,-6.596189944124275,2,6.596189944124275,1,0,2,anti_homophones
34097,shi1dLn4,8,-5.313191148352262,2,5.313191148352262,1,1,5,anti_homophones
34098,nO4ren2,7,-5.827342394187913,2,5.827342394187913,1,0,3,anti_homophones
34099,zhi4qUn3,8,-6.689714253771841,2,6.689714253771841,1,0,0,anti_homophones
34100,lu3shI3,7,-6.347094031154713,2,6.347094031154713,1,0,2,anti_homophones
34101,qi4gQ4,6,-6.160741644437833,2,6.160741644437833,1,0,0,anti_homophones
34102,si4zhu4,7,-6.061060810041585,2,6.061060810041585,1,0,5,anti_homophones
34103,zhO2qUn2,8,-5.835550381026358,2,5.835550381026358,1,0,1,anti_homophones
34104,yin1chang1,10,-6.219473818584055,2,6.219473818584055,1,0,3,anti_homophones
34105,bing2feng1,10,-6.136422959828304,2,6.136422959828304,1,0,2,anti_homophones
34106,wE1shu4,7,-5.618193863655437,2,5.618193863655437,1,0,3,anti_homophones
34107,xun4se4,7,-5.728945315310033,2,5.728945315310033,1,0,1,anti_homophones
34108,hV4peng1,8,-6.519490354483017,2,6.519490354483017,1,0,0,anti_homophones
34109,shu3tA1,7,-7.099091816973638,2,7.099091816973638,1,0,0,anti_homophones
34110,bing2yin3,9,-6.534738853887575,2,6.534738853887575,1,0,4,anti_homophones
34111,ju4mQ4,6,-6.290448370730131,2,6.290448370730131,1,0,3,anti_homophones
34112,hV4fu2,6,-5.5249651209299815,2,5.5249651209299815,1,0,1,anti_homophones
34113,qLng4gan1,9,-6.468399036539989,2,6.468399036539989,1,0,1,anti_homophones
34114,dQ4chO4,7,-6.708208680923106,2,6.708208680923106,1,0,0,anti_homophones
34115,can1bQ4,7,-6.181928284034193,2,6.181928284034193,1,0,1,anti_homophones
34116,lK4yi4,6,-5.84441088935786,2,5.84441088935786,1,0,6,anti_homophones
34117,lv4de5,6,-5.8563260440965355,2,5.8563260440965355,1,0,0,anti_homophones
34118,shQ3cheng5,10,-8.56914577121961,2,8.56914577121961,1,0,0,anti_homophones
34119,sa1shu4,7,-6.048538300859745,2,6.048538300859745,1,0,3,anti_homophones
34120,ju4feng4,8,-6.568103391492115,2,6.568103391492115,1,0,3,anti_homophones
34121,cun1zi5,7,-5.671916578517299,2,5.671916578517299,1,0,4,anti_homophones
34122,jM1lin2,7,-6.068163432747201,2,6.068163432747201,1,0,0,anti_homophones
34123,qK1hI4,6,-5.631785214838914,2,5.631785214838914,1,0,2,anti_homophones
34124,ju4gang1,8,-7.059696646939052,2,7.059696646939052,1,0,0,anti_homophones
34125,gUn3shi4,8,-5.26815863267357,2,5.26815863267357,1,0,8,anti_homophones
34126,mang2men2,9,-6.563556550603829,2,6.563556550603829,1,0,3,anti_homophones
34127,zhV1bQ4,7,-6.048913012164422,2,6.048913012164422,1,0,2,anti_homophones
34128,yu4zhu2,7,-6.305529470989002,2,6.305529470989002,1,0,2,anti_homophones
34129,zheng1wen2,10,-5.870603681784462,2,5.870603681784462,1,0,2,anti_homophones
34130,xLng1du2,8,-6.261436466510638,2,6.261436466510638,1,0,2,anti_homophones
34131,wu2qing2,8,-5.44933104936092,2,5.44933104936092,1,0,9,anti_homophones
34132,zheng4fa1,9,-6.592746866214477,2,6.592746866214477,1,0,0,anti_homophones
34133,jin1yfu3,8,-10.605152427777432,2,10.605152427777432,1,0,0,anti_homophones
34134,wu2zu2,6,-5.381607428369525,2,5.381607428369525,1,0,8,anti_homophones
34135,ban1shu4,8,-6.0004163765782295,2,6.0004163765782295,1,0,3,anti_homophones
34136,xL4dan4,7,-5.448764042151105,2,5.448764042151105,1,0,2,anti_homophones
34137,jM1xing4,8,-5.743199615799651,2,5.743199615799651,1,0,5,anti_homophones
34138,zhu3qi1,7,-5.847311748894744,2,5.847311748894744,1,0,4,anti_homophones
34139,xW3bM2,6,-5.997619673279553,2,5.997619673279553,1,0,3,anti_homophones
34140,chen1tV2,8,-5.646800321718388,2,5.646800321718388,1,0,1,anti_homophones
34141,dUn3sO3,7,-6.645768974471036,2,6.645768974471036,1,0,2,anti_homophones
34142,ji4mA4,6,-6.698353885198107,2,6.698353885198107,1,0,2,anti_homophones
34143,fE4fu3,6,-6.005387359017775,2,6.005387359017775,1,0,1,anti_homophones
34144,dW4ran2,7,-6.070721233593906,2,6.070721233593906,1,0,3,anti_homophones
34145,shu1yu2,7,-5.430009187905148,2,5.430009187905148,1,0,6,anti_homophones
34146,zhu3ran2,8,-6.110126895184929,2,6.110126895184929,1,0,2,anti_homophones
34147,zhI1jin3,8,-6.657316067668316,2,6.657316067668316,1,0,1,anti_homophones
34148,ya4xM1,6,-7.1641693600973255,2,7.1641693600973255,1,0,1,anti_homophones
34149,qW2qW4,6,-6.348108717101597,2,6.348108717101597,1,0,2,anti_homophones
34150,di3xM4,6,-6.348562778948392,2,6.348562778948392,1,0,4,anti_homophones
34151,hE1deng4,8,-7.272209415550012,2,7.272209415550012,1,0,0,anti_homophones
34152,er4jin1,7,-5.56906365461738,2,5.56906365461738,1,0,3,anti_homophones
34153,shV4du4,7,-5.810962489453808,2,5.810962489453808,1,0,6,anti_homophones
34154,dQ4xM4,6,-6.116572910798735,2,6.116572910798735,1,0,2,anti_homophones
34155,mW2mu3,6,-6.256780608055281,2,6.256780608055281,1,0,2,anti_homophones
34156,zhong1xYng1,11,-6.127218371999048,2,6.127218371999048,1,0,1,anti_homophones
34157,chen4shP4,9,-7.2330822305520375,2,7.2330822305520375,1,0,0,anti_homophones
34158,jin3chang2,10,-6.750203947790808,2,6.750203947790808,1,0,0,anti_homophones
34159,qLng4shV3,9,-6.198136927470982,2,6.198136927470982,1,0,1,anti_homophones
34160,tong4fang4,10,-6.306692606074532,2,6.306692606074532,1,0,1,anti_homophones
34161,tLn1yun4,8,-5.8646901068899915,2,5.8646901068899915,1,0,1,anti_homophones
34162,tong4zhen1,10,-6.374304549528749,2,6.374304549528749,1,0,1,anti_homophones
34163,chUng1kA1,9,-6.212352015896141,2,6.212352015896141,1,0,1,anti_homophones
34164,bu4yang2,8,-5.640833388532882,2,5.640833388532882,1,0,10,anti_homophones
34165,shan3ce4,8,-6.7615183504909835,2,6.7615183504909835,1,0,1,anti_homophones
34166,zu1jin4,7,-6.3966606614292765,2,6.3966606614292765,1,0,1,anti_homophones
34167,zO2lW4,6,-5.979013813848881,2,5.979013813848881,1,0,3,anti_homophones
34168,hUng1ba3,8,-7.188585150506318,2,7.188585150506318,1,0,2,anti_homophones
34169,qu3shun4,8,-7.3472371520091,2,7.3472371520091,1,0,0,anti_homophones
34170,A3zi5,5,-5.5132521298840835,2,5.5132521298840835,1,0,6,anti_homophones
34171,shUn3gP4,8,-8.299754423868,2,8.299754423868,1,0,0,anti_homophones
34172,mLn4jLng3,9,-6.853500437268057,2,6.853500437268057,1,0,0,anti_homophones
34173,ling1qi4,8,-5.533366806679818,2,5.533366806679818,1,0,7,anti_homophones
34174,tLn1xing2,9,-5.460879492049593,2,5.460879492049593,1,0,0,anti_homophones
34175,qing3lV2,8,-6.4654990075835554,2,6.4654990075835554,1,0,0,anti_homophones
34176,zV3hA2,6,-6.506189447027851,2,6.506189447027851,1,0,0,anti_homophones
34177,cA1qu4,6,-6.2095583949707756,2,6.2095583949707756,1,0,1,anti_homophones
34178,dan4hU4,7,-5.2609722316516265,2,5.2609722316516265,1,0,7,anti_homophones
34179,chUn1cong1,10,-7.3500649746261875,2,7.3500649746261875,1,0,0,anti_homophones
34180,xLng2ma3,8,-6.326691102228244,2,6.326691102228244,1,0,0,anti_homophones
34181,gu4jLn3,7,-6.329302263079333,2,6.329302263079333,1,0,0,anti_homophones
34182,zhu3fen4,8,-5.986248070283703,2,5.986248070283703,1,0,1,anti_homophones
34183,kong4jW4,8,-6.815695700128714,2,6.815695700128714,1,0,0,anti_homophones
34184,wu4ke2,6,-6.664976219937466,2,6.664976219937466,1,0,2,anti_homophones
34185,da3gU4,6,-6.374120189445468,2,6.374120189445468,1,0,1,anti_homophones
34186,gUng2xing2,10,-6.279019410894697,2,6.279019410894697,1,0,1,anti_homophones
34187,shV3tV5,7,-5.142101136492234,2,5.142101136492234,1,0,1,anti_homophones
34188,yan4dQ4,7,-5.861014166713271,2,5.861014166713271,1,0,6,anti_homophones
34189,yan2xLn1,8,-6.071185998203253,2,6.071185998203253,1,0,4,anti_homophones
34190,zhi3sheng1,10,-6.067469118872931,2,6.067469118872931,1,0,2,anti_homophones
34191,mLn4tW2,7,-6.005817589464037,2,6.005817589464037,1,0,1,anti_homophones
34192,qu1dQ3,6,-6.349002696173146,2,6.349002696173146,1,0,1,anti_homophones
34193,mA3ji2,6,-5.820570015247127,2,5.820570015247127,1,0,1,anti_homophones
34194,dM2yu2,6,-6.304613340558731,2,6.304613340558731,1,0,3,anti_homophones
34195,lM4chu1,7,-5.917937824451483,2,5.917937824451483,1,0,0,anti_homophones
34196,dang2mQ4,8,-6.33705091828743,2,6.33705091828743,1,0,3,anti_homophones
34197,fu4shu4,7,-5.202199959964895,2,5.202199959964895,1,0,13,anti_homophones
34198,mu4dE3,6,-6.992468328216787,2,6.992468328216787,1,0,1,anti_homophones
34199,jLn4sheng1,10,-5.6635346448347565,2,5.6635346448347565,1,0,2,anti_homophones
34200,zhQ1shang3,10,-6.248805202247682,2,6.248805202247682,1,0,1,anti_homophones
34201,pin1yun2,8,-7.268865602850881,2,7.268865602850881,1,0,1,anti_homophones
34202,zO4xing4,8,-5.680672844793428,2,5.680672844793428,1,0,3,anti_homophones
34203,wu2pu2,6,-6.197743197099189,2,6.197743197099189,1,0,7,anti_homophones
34204,pLn1nv3,7,-6.191036415200809,2,6.191036415200809,1,0,1,anti_homophones
34205,zheng1gu3,9,-5.965964762580296,2,5.965964762580296,1,0,4,anti_homophones
34206,deng3xLng2,10,-7.190341996463894,2,7.190341996463894,1,0,0,anti_homophones
34207,mo2ku4,6,-5.645903576833342,2,5.645903576833342,1,0,3,anti_homophones
34208,wE4jM2,6,-5.8152598775029185,2,5.8152598775029185,1,0,3,anti_homophones
34209,shi1ling2,9,-6.1817647609798065,2,6.1817647609798065,1,0,4,anti_homophones
34210,pin2le4,7,-6.7000931263587535,2,6.7000931263587535,1,0,1,anti_homophones
34211,gong1dang4,10,-6.208567333027766,2,6.208567333027766,1,0,3,anti_homophones
34212,lO2jin3,7,-6.595343445746621,2,6.595343445746621,1,0,0,anti_homophones
34213,tu1ren2,7,-5.333499683765014,2,5.333499683765014,1,0,4,anti_homophones
34214,hong3hI4,8,-6.298756511306674,2,6.298756511306674,1,0,3,anti_homophones
34215,dUn4tI3,7,-6.4206825299205486,2,6.4206825299205486,1,0,0,anti_homophones
34216,hE1gu3,6,-5.567803076931643,2,5.567803076931643,1,0,0,anti_homophones
34217,dLn4gI1,7,-6.3351891746036735,2,6.3351891746036735,1,0,1,anti_homophones
34218,sO3di3,6,-6.763424582708341,2,6.763424582708341,1,0,0,anti_homophones
34219,ci4ben4,7,-7.930870208208318,2,7.930870208208318,1,0,1,anti_homophones
34220,xL4xC2,6,-4.9494667618493065,2,4.9494667618493065,1,0,3,anti_homophones
34221,jing1ju1,8,-6.288887756575616,2,6.288887756575616,1,0,5,anti_homophones
34222,wen1shi1,8,-6.330619193710396,2,6.330619193710396,1,0,1,anti_homophones
34223,wen2di4,7,-5.7767561539626575,2,5.7767561539626575,1,0,3,anti_homophones
34224,shang4dA4,9,-5.908769603320441,2,5.908769603320441,1,0,2,anti_homophones
34225,gu4zhu4,7,-5.770912747466399,2,5.770912747466399,1,0,6,anti_homophones
34226,ting2qLn2,9,-6.6320344834774385,2,6.6320344834774385,1,0,1,anti_homophones
34227,qi3hI1,6,-6.0586066294083,2,6.0586066294083,1,0,0,anti_homophones
34228,zhUn4ting2,10,-6.980171886640363,2,6.980171886640363,1,0,1,anti_homophones
34229,zhong1qi4,9,-5.041004285212459,2,5.041004285212459,1,0,6,anti_homophones
34230,kU4gI4,6,-5.8167392959840205,2,5.8167392959840205,1,0,0,anti_homophones
34231,wE4song1,8,-6.031538234916045,2,6.031538234916045,1,0,1,anti_homophones
34232,lW2dun4,7,-7.175921606652386,2,7.175921606652386,1,0,0,anti_homophones
34233,qing1du4,8,-5.834201821613641,2,5.834201821613641,1,0,7,anti_homophones
34234,chan1li4,8,-5.791961887197089,2,5.791961887197089,1,0,5,anti_homophones
34235,gU4lv4,6,-5.5640657817743735,2,5.5640657817743735,1,0,3,anti_homophones
34236,zhe2hI4,7,-5.800465615890502,2,5.800465615890502,1,0,3,anti_homophones
34237,ma2hI4,6,-5.562613502189826,2,5.562613502189826,1,0,7,anti_homophones
34238,yang3heng3,10,-7.807527665586268,2,7.807527665586268,1,0,0,anti_homophones
34239,yQ3wang3,8,-6.368848849402423,2,6.368848849402423,1,0,1,anti_homophones
34240,bQ1yC4,6,-6.463077485182581,2,6.463077485182581,1,0,1,anti_homophones
34241,gUng2qu4,8,-6.491633020617709,2,6.491633020617709,1,0,0,anti_homophones
34242,A2de2,5,-6.006690853212344,2,6.006690853212344,1,0,1,anti_homophones
34243,ge2hQ2,6,-7.408096039766667,2,7.408096039766667,1,0,0,anti_homophones
34244,A4ma3,5,-5.311808384281002,2,5.311808384281002,1,0,3,anti_homophones
34245,jLn3xLng4,9,-5.75480888655939,2,5.75480888655939,1,0,1,anti_homophones
34246,xM2yu2,6,-5.462535858438034,2,5.462535858438034,1,0,9,anti_homophones
34247,xLng1dang2,10,-6.45814873372944,2,6.45814873372944,1,0,1,anti_homophones
34248,da3dW4,6,-5.398204756966016,2,5.398204756966016,1,0,6,anti_homophones
34249,ji4jing1,8,-5.889875783162112,2,5.889875783162112,1,0,5,anti_homophones
34250,he2bang4,8,-6.219056534777939,2,6.219056534777939,1,0,2,anti_homophones
34251,bing3jun1,9,-6.683981947279641,2,6.683981947279641,1,0,0,anti_homophones
34252,he2chi2,7,-5.951632268885552,2,5.951632268885552,1,0,0,anti_homophones
34253,sun3zhen2,9,-7.764157019533945,2,7.764157019533945,1,0,1,anti_homophones
34254,dLn4fang2,9,-5.993846845962742,2,5.993846845962742,1,0,0,anti_homophones
34255,shV3qW3,7,-5.855307665733314,2,5.855307665733314,1,0,1,anti_homophones
34256,xLn1ke4,7,-6.0805526845922735,2,6.0805526845922735,1,0,2,anti_homophones
34257,su4yQ4,6,-6.596359773529375,2,6.596359773529375,1,0,3,anti_homophones
34258,shen3gu3,8,-6.338125758972289,2,6.338125758972289,1,0,0,anti_homophones
34259,xun2xLng4,9,-6.305101555783521,2,6.305101555783521,1,0,0,anti_homophones
34260,long4wan4,9,-7.294082816955762,2,7.294082816955762,1,0,1,anti_homophones
34261,zhi2xin1,8,-5.233175965969692,2,5.233175965969692,1,0,6,anti_homophones
34262,tM3qK2,6,-6.241310453188793,2,6.241310453188793,1,0,3,anti_homophones
34263,A4min2,6,-5.720224927711275,2,5.720224927711275,1,0,1,anti_homophones
34264,gong1lLn4,9,-5.931302347109695,2,5.931302347109695,1,0,1,anti_homophones
34265,jL3shu1,7,-5.898788292089234,2,5.898788292089234,1,0,1,anti_homophones
34266,hQ3dW4,6,-5.809800981314576,2,5.809800981314576,1,0,2,anti_homophones
34267,ci4tang4,8,-6.787288472213553,2,6.787288472213553,1,0,0,anti_homophones
34268,xK1xing4,8,-5.3316198724913715,2,5.3316198724913715,1,0,5,anti_homophones
34269,kan4ling2,9,-6.781612754331899,2,6.781612754331899,1,0,0,anti_homophones
34270,tO1lang1,8,-6.4693665030058956,2,6.4693665030058956,1,0,0,anti_homophones
34271,shen1can1,9,-6.66857575819078,2,6.66857575819078,1,0,1,anti_homophones
34272,fa1hI4,6,-5.398083208439182,2,5.398083208439182,1,0,7,anti_homophones
34273,gI1lan2,7,-6.305833984085195,2,6.305833984085195,1,0,0,anti_homophones
34274,kQ3ye4,6,-5.373182212706143,2,5.373182212706143,1,0,7,anti_homophones
34275,ye1li4,6,-6.107980058253835,2,6.107980058253835,1,0,2,anti_homophones
34276,ru4ding1,8,-6.628239146578709,2,6.628239146578709,1,0,1,anti_homophones
34277,mi4shI4,7,-6.362904550264352,2,6.362904550264352,1,0,3,anti_homophones
34278,ju4zhi2,7,-5.638030299971536,2,5.638030299971536,1,0,5,anti_homophones
34279,jM3yi2,6,-6.862421148706851,2,6.862421148706851,1,0,2,anti_homophones
34280,shi4le4,7,-6.0431362959334685,2,6.0431362959334685,1,0,4,anti_homophones
34281,bLn1gu3,7,-5.919246718844631,2,5.919246718844631,1,0,0,anti_homophones
34282,kV4yun2,7,-7.35213733109438,2,7.35213733109438,1,0,0,anti_homophones
34283,zhQ1di4,7,-5.565855234372899,2,5.565855234372899,1,0,5,anti_homophones
34284,wa1kUng1,8,-6.713516603141795,2,6.713516603141795,1,0,0,anti_homophones
34285,wE4zhi1,7,-6.005644914543021,2,6.005644914543021,1,0,3,anti_homophones
34286,ren4ran3,8,-7.1333939419755055,2,7.1333939419755055,1,0,1,anti_homophones
34287,sA4shen2,8,-7.408022218881128,2,7.408022218881128,1,0,2,anti_homophones
34288,lM4ge1,6,-6.276722235847354,2,6.276722235847354,1,0,1,anti_homophones
34289,kP1kP4,6,-6.058324779755855,2,6.058324779755855,1,0,2,anti_homophones
34290,fen1qi4,7,-5.014641415325863,2,5.014641415325863,1,0,5,anti_homophones
34291,zhi4yV3,7,-5.463235443674888,2,5.463235443674888,1,0,1,anti_homophones
34292,pLn4shi4,8,-5.533021833299688,2,5.533021833299688,1,0,4,anti_homophones
34293,pW1fa1,6,-6.263674450708036,2,6.263674450708036,1,0,1,anti_homophones
34294,pin3xing3,9,-6.282583683353681,2,6.282583683353681,1,0,1,anti_homophones
34295,chen2jLn1,9,-6.510126921938044,2,6.510126921938044,1,0,2,anti_homophones
34296,zhi2dA4,7,-5.189579795528822,2,5.189579795528822,1,0,3,anti_homophones
34297,xK1zhong3,9,-6.255801349728226,2,6.255801349728226,1,0,0,anti_homophones
34298,zQ4da5,6,-7.159713868836953,2,7.159713868836953,1,0,0,anti_homophones
34299,dang2sheng4,11,-6.458697206035991,2,6.458697206035991,1,0,1,anti_homophones
34300,qUn2han4,8,-6.501212311906708,2,6.501212311906708,1,0,1,anti_homophones
34301,zhi2ji4,7,-5.517249198403873,2,5.517249198403873,1,1,6,anti_homophones
34302,shang3shu2,10,-6.9062220767097156,2,6.9062220767097156,1,0,1,anti_homophones
34303,deng1qu1,8,-6.107426201319037,2,6.107426201319037,1,0,0,anti_homophones
34304,gO2zhu3,7,-5.944236969566198,2,5.944236969566198,1,0,1,anti_homophones
34305,nQ3xLn4,7,-5.495628286561587,2,5.495628286561587,1,0,4,anti_homophones
34306,kA1shen4,8,-6.088915130351327,2,6.088915130351327,1,0,2,anti_homophones
34307,ke1pW4,6,-5.541242221006585,2,5.541242221006585,1,0,1,anti_homophones
34308,dLn4fE4,7,-5.647931812108039,2,5.647931812108039,1,0,1,anti_homophones
34309,qing4gUn3,9,-6.161478154352107,2,6.161478154352107,1,0,1,anti_homophones
34310,cQ1zu2,6,-5.891465417894273,2,5.891465417894273,1,0,1,anti_homophones
34311,fu4rQ2,6,-6.073787866437286,2,6.073787866437286,1,0,1,anti_homophones
34312,can2ban4,8,-6.298560252767707,2,6.298560252767707,1,0,2,anti_homophones
34313,xW3tan2,7,-5.4339247112175455,2,5.4339247112175455,1,0,7,anti_homophones
34314,qM1mu4,6,-5.769113524490519,2,5.769113524490519,1,0,2,anti_homophones
34315,su4zhu4,7,-6.1068321392620675,2,6.1068321392620675,1,0,6,anti_homophones
34316,qUn2kang1,9,-7.521426220056339,2,7.521426220056339,1,0,1,anti_homophones
34317,zhong4ya1,9,-6.28472807212146,2,6.28472807212146,1,0,0,anti_homophones
34318,jLn1fan4,8,-5.7122682280058115,2,5.7122682280058115,1,0,3,anti_homophones
34319,bE3bLn1,7,-5.834511858369994,2,5.834511858369994,1,0,0,anti_homophones
34320,bA3gV3,6,-6.268210875681381,2,6.268210875681381,1,0,1,anti_homophones
34321,jL1qi4,6,-5.382621450477897,2,5.382621450477897,1,0,4,anti_homophones
34322,ru3man3,7,-6.908346863317229,2,6.908346863317229,1,0,0,anti_homophones
34323,yi1bQ1,6,-5.809833848046675,2,5.809833848046675,1,0,6,anti_homophones
34324,tI1tong2,8,-7.251506491042408,2,7.251506491042408,1,0,2,anti_homophones
34325,hang3zhong3,11,-7.093439054332699,2,7.093439054332699,1,0,0,anti_homophones
34326,ba2shu1,7,-6.355144982220105,2,6.355144982220105,1,0,2,anti_homophones
34327,bE3du2,6,-5.824659596119476,2,5.824659596119476,1,0,1,anti_homophones
34328,bu4chang4,9,-5.766960521300818,2,5.766960521300818,1,0,5,anti_homophones
34329,yu4shi2,7,-5.249788641231307,2,5.249788641231307,1,0,7,anti_homophones
34330,zhong4zi5,9,-5.131977029342301,2,5.131977029342301,1,0,4,anti_homophones
34331,zhi1ge1,7,-5.7459587419962155,2,5.7459587419962155,1,0,0,anti_homophones
34332,dO3lLng2,8,-7.2128703683005595,2,7.2128703683005595,1,0,0,anti_homophones
34333,bi4gE3,6,-6.116785580561222,2,6.116785580561222,1,0,2,anti_homophones
34334,sheng1xW4,9,-5.69364865064652,2,5.69364865064652,1,0,3,anti_homophones
34335,ling4sA4,8,-6.405225121398094,2,6.405225121398094,1,0,2,anti_homophones
34336,pE4li3,6,-6.338540580503674,2,6.338540580503674,1,0,0,anti_homophones
34337,shI2bo1,7,-7.621759952201051,2,7.621759952201051,1,0,2,anti_homophones
34338,shV4de2,7,-5.7967395874272265,2,5.7967395874272265,1,0,1,anti_homophones
34339,yi1zO4,6,-5.297052716333725,2,5.297052716333725,1,0,7,anti_homophones
34340,ling2se4,8,-5.35571152929317,2,5.35571152929317,1,0,6,anti_homophones
34341,can1shi4,8,-5.500056661780889,2,5.500056661780889,1,0,4,anti_homophones
34342,si3du2,6,-6.151544015493871,2,6.151544015493871,1,0,1,anti_homophones
34343,jing1ku4,8,-6.317752183457548,2,6.317752183457548,1,0,3,anti_homophones
34344,jK3lE4,6,-5.569329344506756,2,5.569329344506756,1,0,2,anti_homophones
34345,mM4shV3,7,-6.561616365737273,2,6.561616365737273,1,0,1,anti_homophones
34346,mLn2jun1,8,-6.550931241649425,2,6.550931241649425,1,0,0,anti_homophones
34347,shun4zhi1,9,-6.763912328783663,2,6.763912328783663,1,0,0,anti_homophones
34348,gO3dI4,6,-5.972646440389348,2,5.972646440389348,1,0,3,anti_homophones
34349,bE1jing1,8,-6.286816039480623,2,6.286816039480623,1,0,1,anti_homophones
34350,ming2xing1,10,-5.9795211568436475,2,5.9795211568436475,1,0,3,anti_homophones
34351,yan2yi4,7,-5.178209866633898,2,5.178209866633898,1,0,4,anti_homophones
34352,min2wA4,7,-6.752053966748952,2,6.752053966748952,1,0,1,anti_homophones
34353,hang1yan4,9,-6.897808782522446,2,6.897808782522446,1,0,1,anti_homophones
34354,chu1yin3,8,-6.029093262188813,2,6.029093262188813,1,0,0,anti_homophones
34355,gong1he2,8,-5.662798697540349,2,5.662798697540349,1,0,2,anti_homophones
34356,chen2er2,8,-6.26122579402586,2,6.26122579402586,1,1,1,anti_homophones
34357,jM3pi3,6,-7.222901701914599,2,7.222901701914599,1,0,0,anti_homophones
34358,yin1deng4,9,-6.568502654276955,2,6.568502654276955,1,0,2,anti_homophones
34359,xK1jL1,6,-5.671858832898475,2,5.671858832898475,1,0,2,anti_homophones
34360,shen3yUn2,9,-6.187496816495407,2,6.187496816495407,1,0,4,anti_homophones
34361,ben3shu1,8,-5.9115364928328695,2,5.9115364928328695,1,1,2,anti_homophones
34362,wang2gong3,10,-6.6614350377018665,2,6.6614350377018665,1,0,0,anti_homophones
34363,she4xC2,7,-5.74957767711027,2,5.74957767711027,1,0,1,anti_homophones
34364,qi4pE4,6,-6.926461392760972,2,6.926461392760972,1,0,1,anti_homophones
34365,fan3ka3,7,-6.475053954684113,2,6.475053954684113,1,0,2,anti_homophones
34366,zhUng2hV4,9,-6.568771170145582,2,6.568771170145582,1,0,0,anti_homophones
34367,pA2zhu3,7,-6.329540922061025,2,6.329540922061025,1,0,4,anti_homophones
34368,bA3ji4,6,-5.782291455223241,2,5.782291455223241,1,0,4,anti_homophones
34369,pu2gang4,8,-6.7329141398685515,2,6.7329141398685515,1,0,1,anti_homophones
34370,gan1lV4,7,-7.295951591270674,2,7.295951591270674,1,0,1,anti_homophones
34371,li3xC2,6,-4.913841106969592,2,4.913841106969592,1,0,4,anti_homophones
34372,tLn1she4,8,-5.865056013642019,2,5.865056013642019,1,0,3,anti_homophones
34373,pM1bLn4,7,-7.542710539867035,2,7.542710539867035,1,0,0,anti_homophones
34374,sha1chen2,9,-6.059547138010897,2,6.059547138010897,1,0,0,anti_homophones
34375,li4pQ4,6,-6.8846788432604775,2,6.8846788432604775,1,0,2,anti_homophones
34376,ci2lUn3,7,-8.180889561438304,2,8.180889561438304,1,0,0,anti_homophones
34377,tV2shang2,9,-6.32532473791765,2,6.32532473791765,1,0,2,anti_homophones
34378,rI4ming1,8,-8.590278036753118,2,8.590278036753118,1,0,1,anti_homophones
34379,zQ1nQ3,6,-6.419249930088911,2,6.419249930088911,1,0,0,anti_homophones
34380,la1che1,7,-5.703372379423187,2,5.703372379423187,1,0,0,anti_homophones
34381,kan3po2,7,-7.510715682094812,2,7.510715682094812,1,0,0,anti_homophones
34382,sI2fE4,6,-5.786296307137082,2,5.786296307137082,1,0,1,anti_homophones
34383,sQ3qu1,6,-6.518606395543936,2,6.518606395543936,1,0,1,anti_homophones
34384,cha2fE4,7,-5.870542358008696,2,5.870542358008696,1,0,1,anti_homophones
34385,shu3li4,7,-5.440644310082823,2,5.440644310082823,1,0,8,anti_homophones
34386,jW3jLn1,7,-5.959650740788879,2,5.959650740788879,1,0,2,anti_homophones
34387,du3tV2,6,-5.8429112995819255,2,5.8429112995819255,1,0,5,anti_homophones
34388,hun2hu3,7,-7.192337795497942,2,7.192337795497942,1,0,0,anti_homophones
34389,kQ4dQ4,6,-6.299251246886275,2,6.299251246886275,1,0,4,anti_homophones
34390,che1ya1,7,-5.772837559671522,2,5.772837559671522,1,0,2,anti_homophones
34391,ding2zi5,8,-5.544373213460231,2,5.544373213460231,1,0,1,anti_homophones
34392,dI1fE1,6,-6.400594829445696,2,6.400594829445696,1,0,0,anti_homophones
34393,zhong1xL4,9,-5.796272965316735,2,5.796272965316735,1,0,5,anti_homophones
34394,tLn1tu2,7,-5.869144586191739,2,5.869144586191739,1,0,3,anti_homophones
34395,ying1che4,9,-6.967792636235893,2,6.967792636235893,1,0,0,anti_homophones
34396,wu2cA2,6,-5.8011256080303175,2,5.8011256080303175,1,0,3,anti_homophones
34397,xing1zi5,8,-5.26200093446298,2,5.26200093446298,1,0,7,anti_homophones
34398,yan1hu2,7,-6.5500613269705585,2,6.5500613269705585,1,0,2,anti_homophones
34399,wu1mi4,6,-6.180296823427029,2,6.180296823427029,1,0,6,anti_homophones
34400,leng1gO3,8,-6.594607841228768,2,6.594607841228768,1,0,1,anti_homophones
34401,xu1ren2,7,-5.537864936079056,2,5.537864936079056,1,0,7,anti_homophones
34402,cQ3zhu4,7,-6.089593347487364,2,6.089593347487364,1,0,1,anti_homophones
34403,shu1ping3,9,-6.812400766526595,2,6.812400766526595,1,0,1,anti_homophones
34404,bang1cQ2,8,-7.783287453259995,2,7.783287453259995,1,0,0,anti_homophones
34405,lLng3yu2,8,-6.343831359759706,2,6.343831359759706,1,0,2,anti_homophones
34406,bi3le4,6,-6.505653963797118,2,6.505653963797118,1,0,4,anti_homophones
34407,shu4xLn4,8,-5.563265459701382,2,5.563265459701382,1,0,7,anti_homophones
34408,gan1le1,7,-7.25865445746713,2,7.25865445746713,1,0,0,anti_homophones
34409,shV3xM3,7,-5.947509307709191,2,5.947509307709191,1,0,1,anti_homophones
34410,chQ1zheng3,10,-6.780343046716007,2,6.780343046716007,1,0,0,anti_homophones
34411,dA4xUn1,7,-7.41609955378436,2,7.41609955378436,1,0,0,anti_homophones
34412,cheng4jLn4,10,-6.199361101215572,2,6.199361101215572,1,0,1,anti_homophones
34413,xLng1pin3,9,-6.133822117779352,2,6.133822117779352,1,0,1,anti_homophones
34414,cQ3ye4,6,-5.217270680199157,2,5.217270680199157,1,0,5,anti_homophones
34415,yin1xi2,7,-5.766911204884125,2,5.766911204884125,1,0,2,anti_homophones
34416,ji2hI4,6,-5.391758095457337,2,5.391758095457337,1,0,9,anti_homophones
34417,gU3ru2,6,-7.071101396699993,2,7.071101396699993,1,0,1,anti_homophones
34418,yi1yUn2,7,-4.883777169393369,2,4.883777169393369,1,0,8,anti_homophones
34419,jun1zhe2,8,-6.3530334297052775,2,6.3530334297052775,1,0,2,anti_homophones
34420,pW4fu2,6,-6.34164731431303,2,6.34164731431303,1,0,2,anti_homophones
34421,qin4zhu4,8,-7.64538449034913,2,7.64538449034913,1,0,1,anti_homophones
34422,bi4hQ3,6,-5.903650254903473,2,5.903650254903473,1,0,1,anti_homophones
34423,qing1tM2,8,-7.835739278395414,2,7.835739278395414,1,0,0,anti_homophones
34424,qK1gA4,6,-5.921334206407886,2,5.921334206407886,1,0,0,anti_homophones
34425,min2yi4,7,-5.640523075311951,2,5.640523075311951,1,0,3,anti_homophones
34426,xL4shang4,9,-5.977675318571453,2,5.977675318571453,1,0,1,anti_homophones
34427,gO2zi5,6,-4.95482550329335,2,4.95482550329335,1,0,3,anti_homophones
34428,bA3zhI4,7,-6.788045333367723,2,6.788045333367723,1,0,2,anti_homophones
34429,mu4yin3,7,-5.9853412882105115,2,5.9853412882105115,1,0,1,anti_homophones
34430,da1chUng1,9,-6.596980174204649,2,6.596980174204649,1,0,1,anti_homophones
34431,jun1hI4,7,-5.582296936076666,2,5.582296936076666,1,0,0,anti_homophones
34432,bo2lan2,7,-5.669028694287573,2,5.669028694287573,1,0,0,anti_homophones
34433,gu3xLn1,7,-6.348012351738878,2,6.348012351738878,1,0,1,anti_homophones
34434,pi4hQ3,6,-7.044266918028997,2,7.044266918028997,1,0,1,anti_homophones
34435,cV4shV4,7,-6.982108191930126,2,6.982108191930126,1,0,1,anti_homophones
34436,gong1shV3,9,-5.517148247913261,2,5.517148247913261,1,0,2,anti_homophones
34437,jing2kP4,8,-5.972037063328684,2,5.972037063328684,1,0,1,anti_homophones
34438,shV4zI4,7,-5.852657660872415,2,5.852657660872415,1,0,3,anti_homophones
34439,gA3zI3,6,-5.906588333024202,2,5.906588333024202,1,0,0,anti_homophones
34440,lQ3ji1,6,-5.063320979026463,2,5.063320979026463,1,0,10,anti_homophones
34441,mE3ma3,6,-5.767252003911601,2,5.767252003911601,1,0,0,anti_homophones
34442,pi2zheng1,9,-6.101005473192219,2,6.101005473192219,1,0,1,anti_homophones
34443,hQ3wang4,8,-6.488770533724036,2,6.488770533724036,1,0,1,anti_homophones
34444,hU2xC2,6,-4.823427751375678,2,4.823427751375678,1,0,3,anti_homophones
34445,yC1gO3,6,-6.285999654077857,2,6.285999654077857,1,0,0,anti_homophones
34446,zhO2zQ4,7,-7.579196625430384,2,7.579196625430384,1,0,1,anti_homophones
34447,zhe2tLn2,8,-6.867403943627984,2,6.867403943627984,1,0,1,anti_homophones
34448,re4sUn4,7,-6.099746498243126,2,6.099746498243126,1,0,1,anti_homophones
34449,ge1shi4,7,-5.378112590868124,2,5.378112590868124,1,0,2,anti_homophones
34450,can1leng1,9,-6.921072659883707,2,6.921072659883707,1,0,0,anti_homophones
34451,kQ3ling2,8,-6.848385032560979,2,6.848385032560979,1,0,2,anti_homophones
34452,bM2yC4,6,-6.079962596573415,2,6.079962596573415,1,0,2,anti_homophones
34453,bu4zO3,6,-7.719309639399588,2,7.719309639399588,1,0,3,anti_homophones
34454,xing2ting2,10,-6.6140070557252395,2,6.6140070557252395,1,0,0,anti_homophones
34455,xK1ke4,6,-5.009607156729141,2,5.009607156729141,1,0,3,anti_homophones
34456,jing2jLng4,10,-6.139835677898566,2,6.139835677898566,1,0,0,anti_homophones
34457,zQ1xing4,8,-6.496546453033249,2,6.496546453033249,1,0,0,anti_homophones
34458,ke3gI1,6,-5.8486711147186545,2,5.8486711147186545,1,0,2,anti_homophones
34459,ming1zhUng1,11,-6.659382551954244,2,6.659382551954244,1,0,0,anti_homophones
34460,hu4yUn2,7,-5.689941872530255,2,5.689941872530255,1,0,6,anti_homophones
34461,zhi1feng1,9,-5.830214029946376,2,5.830214029946376,1,0,4,anti_homophones
34462,ji2dan4,7,-6.012519306904267,2,6.012519306904267,1,0,2,anti_homophones
34463,chUng1sheng2,12,-6.288571502706106,2,6.288571502706106,1,0,0,anti_homophones
34464,tan4yan2,8,-6.156422882003648,2,6.156422882003648,1,0,2,anti_homophones
34465,lv2yV2,6,-6.152968427280905,2,6.152968427280905,1,0,1,anti_homophones
34466,wA4zhi1,7,-5.660228805561989,2,5.660228805561989,1,0,6,anti_homophones
34467,man4ya1,7,-6.7366667790412444,2,6.7366667790412444,1,0,1,anti_homophones
34468,shi2tV5,7,-6.326152662735242,2,6.326152662735242,1,0,1,anti_homophones
34469,zhI1ben4,8,-7.206443745555866,2,7.206443745555866,1,0,1,anti_homophones
34470,dO1shV3,7,-5.452581192660869,2,5.452581192660869,1,0,2,anti_homophones
34471,zhQ4men2,8,-6.177571520675964,2,6.177571520675964,1,0,1,anti_homophones
34472,da3zhong1,9,-5.547301734090588,2,5.547301734090588,1,0,3,anti_homophones
34473,xM2jing3,8,-6.542481897979153,2,6.542481897979153,1,0,1,anti_homophones
34474,ling2ren2,9,-5.338488059123226,2,5.338488059123226,1,0,7,anti_homophones
34475,nan2ji4,7,-5.661160008076314,2,5.661160008076314,1,0,1,anti_homophones
34476,zhen3gUn1,9,-6.683174999281954,2,6.683174999281954,1,0,0,anti_homophones
34477,ba1ren2,7,-5.658307328246846,2,5.658307328246846,1,0,3,anti_homophones
34478,xW3gu3,6,-4.987067098640659,2,4.987067098640659,1,0,5,anti_homophones
34479,jK4ye4,6,-5.072051967258032,2,5.072051967258032,1,0,3,anti_homophones
34480,xUn1xu4,7,-6.903338209727991,2,6.903338209727991,1,0,2,anti_homophones
34481,zhen4xL4,8,-6.481654746399701,2,6.481654746399701,1,0,0,anti_homophones
34482,lQ3nLn2,7,-4.626175503286105,2,4.626175503286105,1,0,6,anti_homophones
34483,zhUn3dA3,8,-8.31688186164297,2,8.31688186164297,1,0,1,anti_homophones
34484,chun3ya2,8,-7.206797776273747,2,7.206797776273747,1,0,0,anti_homophones
34485,er2jK1,6,-6.477398050935927,2,6.477398050935927,1,0,0,anti_homophones
34486,lQ3xM2,6,-5.913962672067924,2,5.913962672067924,1,0,2,anti_homophones
34487,lW3bE1,6,-6.760937260602531,2,6.760937260602531,1,0,0,anti_homophones
34488,xUn3pi2,7,-6.144986411232075,2,6.144986411232075,1,0,0,anti_homophones
34489,chong3gUng4,11,-7.236878692549441,2,7.236878692549441,1,0,0,anti_homophones
34490,dLn3jW3,7,-5.947965903044817,2,5.947965903044817,1,0,3,anti_homophones
34491,tO1heng3,8,-7.737637414928501,2,7.737637414928501,1,0,0,anti_homophones
34492,che1dV5,7,-6.630724078229769,2,6.630724078229769,1,0,2,anti_homophones
34493,hV4pA2,6,-5.771975149302113,2,5.771975149302113,1,0,2,anti_homophones
34494,da3chu1,7,-5.3285643408515835,2,5.3285643408515835,1,0,3,anti_homophones
34495,jM2xu4,6,-5.951367468853005,2,5.951367468853005,1,0,3,anti_homophones
34496,chan4tong1,10,-6.429748095573307,2,6.429748095573307,1,0,1,anti_homophones
34497,fa4chUn2,8,-6.981681224964632,2,6.981681224964632,1,0,1,anti_homophones
34498,hI3mo1,6,-6.75014246057805,2,6.75014246057805,1,0,0,anti_homophones
34499,mQ2ban1,7,-6.621589933077704,2,6.621589933077704,1,0,1,anti_homophones
34500,pan1hUng1,9,-7.319877145949539,2,7.319877145949539,1,0,0,anti_homophones
34501,zV3bo2,6,-7.140868988502605,2,7.140868988502605,1,0,0,anti_homophones
34502,qLn1bu4,7,-5.741310135479842,2,5.741310135479842,1,0,5,anti_homophones
34503,da4yV5,6,-5.984225437691227,2,5.984225437691227,1,0,3,anti_homophones
34504,zV4qi4,6,-5.526922326678381,2,5.526922326678381,1,0,2,anti_homophones
34505,hA3shi2,7,-5.232876789873431,2,5.232876789873431,1,0,4,anti_homophones
34506,si1lan2,7,-6.036197956004962,2,6.036197956004962,1,0,2,anti_homophones
34507,xin1wE4,7,-5.264371996828762,2,5.264371996828762,1,0,4,anti_homophones
34508,re4tQ4,6,-5.679427365303579,2,5.679427365303579,1,0,2,anti_homophones
34509,he4chUn4,8,-7.170477989459615,2,7.170477989459615,1,0,2,anti_homophones
34510,du1teng5,8,-8.62594071328942,2,8.62594071328942,1,0,0,anti_homophones
34511,bing1jM4,8,-6.177202080101486,2,6.177202080101486,1,0,1,anti_homophones
34512,mE4zhu3,7,-7.394999984744206,2,7.394999984744206,1,0,2,anti_homophones
34513,gan3zi5,7,-4.957099867019669,2,4.957099867019669,1,0,8,anti_homophones
34514,xK4zhi4,7,-5.7964357892619445,2,5.7964357892619445,1,0,4,anti_homophones
34515,dan1ya4,7,-7.42106972418543,2,7.42106972418543,1,0,4,anti_homophones
34516,qLng2zi5,8,-5.726235606725571,2,5.726235606725571,1,0,2,anti_homophones
34517,xUn3rUn3,8,-6.764250558516439,2,6.764250558516439,1,0,2,anti_homophones
34518,xLng1deng4,10,-6.405361211797244,2,6.405361211797244,1,0,0,anti_homophones
34519,shu3dW4,7,-6.522196721222405,2,6.522196721222405,1,0,2,anti_homophones
34520,gan3tQ4,7,-6.183073453500816,2,6.183073453500816,1,0,2,anti_homophones
34521,kUng2zi3,8,-6.6926017358715235,2,6.6926017358715235,1,0,0,anti_homophones
34522,jLn4bA2,7,-6.035972325180122,2,6.035972325180122,1,0,3,anti_homophones
34523,he2yUn3,7,-6.385137263396015,2,6.385137263396015,1,0,1,anti_homophones
34524,bQ1cQ3,6,-6.045770342222457,2,6.045770342222457,1,0,1,anti_homophones
34525,bW3zi5,6,-5.286479331259957,2,5.286479331259957,1,0,9,anti_homophones
34526,yang4zhong1,11,-6.3943573536254235,2,6.3943573536254235,1,0,1,anti_homophones
34527,xLn4xL4,7,-5.82804067957968,2,5.82804067957968,1,0,5,anti_homophones
34528,tang3ji2,8,-6.1617133239304245,2,6.1617133239304245,1,0,2,anti_homophones
34529,ding3jLn3,9,-6.7965360905051435,2,6.7965360905051435,1,0,0,anti_homophones
34530,cheng2zi5,9,-5.520251291159729,2,5.520251291159729,1,0,1,anti_homophones
34531,xUn3xin1,8,-5.825146497532219,2,5.825146497532219,1,0,1,anti_homophones
34532,zhu4ji2,7,-5.360785612604285,2,5.360785612604285,1,0,6,anti_homophones
34533,yi1dong1,8,-5.286039274243996,2,5.286039274243996,1,0,1,anti_homophones
34534,zQ4cA2,6,-5.982195108077505,2,5.982195108077505,1,0,2,anti_homophones
34535,xL4xLng1,8,-5.6585539756487355,2,5.6585539756487355,1,0,3,anti_homophones
34536,qK2zhi3,7,-5.834581657053843,2,5.834581657053843,1,0,3,anti_homophones
34537,zhen3tu2,8,-6.430688927498851,2,6.430688927498851,1,0,0,anti_homophones
34538,chV2ji3,7,-6.476213242318993,2,6.476213242318993,1,0,3,anti_homophones
34539,zhan4jK3,8,-6.602994489008752,2,6.602994489008752,1,0,1,anti_homophones
34540,gu1xun2,7,-6.417972434423723,2,6.417972434423723,1,0,0,anti_homophones
34541,ni4shi4,7,-5.379175892599952,2,5.379175892599952,1,0,10,anti_homophones
34542,yUn2yUn4,8,-5.646658784990706,2,5.646658784990706,1,0,1,anti_homophones
34543,ti2xing1,8,-5.704140606111706,2,5.704140606111706,1,0,1,anti_homophones
34544,shU3lE4,7,-7.377400896678413,2,7.377400896678413,1,0,0,anti_homophones
34545,shun2jLn4,9,-6.833888366422647,2,6.833888366422647,1,0,1,anti_homophones
34546,jK4bi3,6,-5.829742078452185,2,5.829742078452185,1,0,4,anti_homophones
34547,ren2yi4,7,-5.202575972772571,2,5.202575972772571,1,0,4,anti_homophones
34548,jL1gu3,6,-5.409005950206358,2,5.409005950206358,1,0,5,anti_homophones
34549,pE2zhUn1,8,-6.790183142081037,2,6.790183142081037,1,0,0,anti_homophones
34550,shi4xing2,9,-5.371970266478835,2,5.371970266478835,1,0,8,anti_homophones
34551,lK2shen2,8,-5.875649453568694,2,5.875649453568694,1,0,2,anti_homophones
34552,yin3shi5,8,-6.491516902569576,2,6.491516902569576,1,0,2,anti_homophones
34553,hP2he2,6,-5.611518756013567,2,5.611518756013567,1,0,2,anti_homophones
34554,cong2gUn3,9,-6.567251690794214,2,6.567251690794214,1,0,3,anti_homophones
34555,zhUn1xW4,8,-6.254908408562102,2,6.254908408562102,1,0,2,anti_homophones
34556,gQ1hu1,6,-5.655707944415662,2,5.655707944415662,1,0,4,anti_homophones
34557,xL4gan1,7,-5.812298102614272,2,5.812298102614272,1,0,1,anti_homophones
34558,heng2bQ4,8,-6.735599305741073,2,6.735599305741073,1,0,1,anti_homophones
34559,pA2xC2,6,-5.14217158444826,2,5.14217158444826,1,0,6,anti_homophones
34560,fan4che1,8,-5.815983860870013,2,5.815983860870013,1,0,3,anti_homophones
34561,jLn4hu4,7,-5.801907405178523,2,5.801907405178523,1,0,7,anti_homophones
34562,nK2yin3,7,-7.073166217056404,2,7.073166217056404,1,0,0,anti_homophones
34563,heng4kV3,8,-6.871203929385694,2,6.871203929385694,1,0,0,anti_homophones
34564,nan2ming2,9,-5.962237870661957,2,5.962237870661957,1,0,2,anti_homophones
34565,mo4xu1,6,-6.3809750074577325,2,6.3809750074577325,1,0,1,anti_homophones
34566,kO4can1,7,-6.561011336284778,2,6.561011336284778,1,0,1,anti_homophones
34567,wen2jin1,8,-5.914420374950568,2,5.914420374950568,1,0,2,anti_homophones
34568,ren2li4,7,-5.176710388374958,2,5.176710388374958,1,0,3,anti_homophones
34569,dong4hU4,8,-5.538476082322175,2,5.538476082322175,1,0,5,anti_homophones
34570,V4qu4,5,-6.40880205975829,2,6.40880205975829,1,0,2,anti_homophones
34571,dUn3zheng2,10,-6.764679911430389,2,6.764679911430389,1,0,0,anti_homophones
34572,lin2zheng1,10,-5.959885156698956,2,5.959885156698956,1,0,2,anti_homophones
34573,xW3lLng4,8,-5.750059474253879,2,5.750059474253879,1,0,4,anti_homophones
34574,chI1xM1,7,-7.420212095654734,2,7.420212095654734,1,0,1,anti_homophones
34575,jun1qi3,7,-6.339778431214844,2,6.339778431214844,1,0,4,anti_homophones
34576,tUn2nW3,7,-7.370080095890885,2,7.370080095890885,1,0,0,anti_homophones
34577,qLng1zhu4,9,-6.109911415832223,2,6.109911415832223,1,0,1,anti_homophones
34578,dLn3nen4,8,-8.134198645404409,2,8.134198645404409,1,0,0,anti_homophones
34579,jM2zO4,6,-5.422234610239814,2,5.422234610239814,1,0,2,anti_homophones
34580,gong1bQ4,8,-5.973527018040143,2,5.973527018040143,1,0,0,anti_homophones
34581,ban3ji2,7,-5.801456371830728,2,5.801456371830728,1,0,4,anti_homophones
34582,yun4dUn1,8,-6.549782986383786,2,6.549782986383786,1,0,0,anti_homophones
34583,yV2jing4,8,-5.552528186945251,2,5.552528186945251,1,0,4,anti_homophones
34584,kA1tLn2,7,-5.793112323527182,2,5.793112323527182,1,0,0,anti_homophones
34585,gQ1dLn3,7,-5.43120672624607,2,5.43120672624607,1,0,1,anti_homophones
34586,zhu4zhi1,8,-5.571313232614102,2,5.571313232614102,1,0,4,anti_homophones
34587,yang3hV4,8,-6.3113393152775625,2,6.3113393152775625,1,0,1,anti_homophones
34588,gQ1di4,6,-5.056708372211437,2,5.056708372211437,1,0,8,anti_homophones
34589,xin1ban4,8,-5.756825551831833,2,5.756825551831833,1,0,2,anti_homophones
34590,tan2tV2,7,-5.901849945903833,2,5.901849945903833,1,0,2,anti_homophones
34591,gQ1zhi2,7,-5.586026559463782,2,5.586026559463782,1,0,1,anti_homophones
34592,chan3ji2,8,-6.154457117345089,2,6.154457117345089,1,0,1,anti_homophones
34593,qing2bu4,8,-5.577212615400709,2,5.577212615400709,1,0,7,anti_homophones
34594,bLn1zhi3,8,-5.798590011327912,2,5.798590011327912,1,0,3,anti_homophones
34595,yi1hUn4,7,-6.181558216340639,2,6.181558216340639,1,0,4,anti_homophones
34596,da2gUng4,8,-6.679798540115456,2,6.679798540115456,1,0,0,anti_homophones
34597,lM4he2,6,-5.690581088531664,2,5.690581088531664,1,0,1,anti_homophones
34598,cQ3wo1,6,-6.605737600076084,2,6.605737600076084,1,0,0,anti_homophones
34599,ke4man3,7,-7.045932073342854,2,7.045932073342854,1,0,1,anti_homophones
34600,da2di3,6,-7.033193599322532,2,7.033193599322532,1,0,0,anti_homophones
34601,zhun4li4,8,-6.243390498083539,2,6.243390498083539,1,0,2,anti_homophones
34602,hP4zI4,6,-6.071214498088336,2,6.071214498088336,1,0,0,anti_homophones
34603,ling2yu3,8,-6.085716659332692,2,6.085716659332692,1,0,4,anti_homophones
34604,pang1deng1,10,-7.3393361018755545,2,7.3393361018755545,1,0,0,anti_homophones
34605,zong4jLn3,9,-6.653396907657561,2,6.653396907657561,1,0,2,anti_homophones
34606,heng2wu4,8,-6.5704653656859895,2,6.5704653656859895,1,0,1,anti_homophones
34607,tV1kI4,6,-5.896569726017999,2,5.896569726017999,1,0,1,anti_homophones
34608,zhUn3zi5,8,-5.529782037649087,2,5.529782037649087,1,0,1,anti_homophones
34609,zheng4hU4,9,-5.505697830686328,2,5.505697830686328,1,0,4,anti_homophones
34610,zi4dQ4,6,-5.0544986047480815,2,5.0544986047480815,1,0,10,anti_homophones
34611,xL3zhan3,8,-8.507647600873316,2,8.507647600873316,1,0,0,anti_homophones
34612,da3gUng1,8,-5.49767537157568,2,5.49767537157568,1,0,2,anti_homophones
34613,yi1qi4,6,-4.498990369000895,2,4.498990369000895,1,0,17,anti_homophones
34614,cheng1zhi4,10,-5.608079912803452,2,5.608079912803452,1,0,1,anti_homophones
34615,za2zhe3,7,-6.0200190620500615,2,6.0200190620500615,1,0,2,anti_homophones
34616,gO4dan4,7,-5.894593012989742,2,5.894593012989742,1,0,2,anti_homophones
34617,chUng2sheng4,12,-6.657349902424352,2,6.657349902424352,1,0,0,anti_homophones
34618,zhang4ke4,9,-6.453550199575735,2,6.453550199575735,1,0,2,anti_homophones
34619,jin1zhu4,8,-5.792942790693784,2,5.792942790693784,1,0,1,anti_homophones
34620,ling2ji2,8,-5.939917198746718,2,5.939917198746718,1,0,4,anti_homophones
34621,pLn4ru2,7,-6.715734081700391,2,6.715734081700391,1,0,2,anti_homophones
34622,gUn3an1,7,-6.46765999276259,2,6.46765999276259,1,0,0,anti_homophones
34623,qUn2xM4,7,-6.794800918411112,2,6.794800918411112,1,0,1,anti_homophones
34624,ji4pin3,7,-5.515187389344288,2,5.515187389344288,1,0,2,anti_homophones
34625,tang3chan3,10,-7.3006609051925935,2,7.3006609051925935,1,0,0,anti_homophones
34626,yV3bi4,6,-5.896038293324078,2,5.896038293324078,1,0,4,anti_homophones
34627,ban3zhi2,8,-6.030209378177929,2,6.030209378177929,1,0,3,anti_homophones
34628,jK3fa3,6,-5.933732269502512,2,5.933732269502512,1,0,0,anti_homophones
34629,xi3yu4,6,-5.373089383187464,2,5.373089383187464,1,0,5,anti_homophones
34630,cheng1yi1,9,-5.918510955033291,2,5.918510955033291,1,0,5,anti_homophones
34631,ye1ci1,6,-7.186660796390929,2,7.186660796390929,1,0,0,anti_homophones
34632,xUn3qM4,7,-6.462859177624372,2,6.462859177624372,1,0,1,anti_homophones
34633,nang1shu4,9,-7.162194059344921,2,7.162194059344921,1,0,1,anti_homophones
34634,qLn2jL1,7,-5.250130894400344,2,5.250130894400344,1,0,3,anti_homophones
34635,shQ1ren2,8,-5.294574669783534,2,5.294574669783534,1,0,2,anti_homophones
34636,hU1shu4,7,-5.33823576025255,2,5.33823576025255,1,0,5,anti_homophones
34637,shI3ping1,9,-5.549913020766975,2,5.549913020766975,1,0,4,anti_homophones
34638,chi1yan2,8,-6.046418883706499,2,6.046418883706499,1,0,2,anti_homophones
34639,ling4xing2,10,-6.023442265356358,2,6.023442265356358,1,0,1,anti_homophones
34640,tV2mE4,6,-5.878039153582999,2,5.878039153582999,1,0,4,anti_homophones
34641,xLng2ci4,8,-6.3698301517399445,2,6.3698301517399445,1,0,2,anti_homophones
34642,shi1lE2,7,-6.864111421286522,2,6.864111421286522,1,0,2,anti_homophones
34643,xi4zA4,6,-6.305066334244064,2,6.305066334244064,1,0,3,anti_homophones
34644,e1nan2,6,-5.676322389600565,2,5.676322389600565,1,0,0,anti_homophones
34645,jM3ti2,6,-5.489979173595218,2,5.489979173595218,1,0,3,anti_homophones
34646,zhQ4tang1,9,-7.093828354477456,2,7.093828354477456,1,0,0,anti_homophones
34647,shI3bing1,9,-6.107992995912233,2,6.107992995912233,1,0,2,anti_homophones
34648,zhu4zhang2,10,-6.0333570646121855,2,6.0333570646121855,1,0,2,anti_homophones
34649,qK2A4,5,-5.265054512119522,2,5.265054512119522,1,0,2,anti_homophones
34650,shP4rQ2,7,-8.311025496357496,2,8.311025496357496,1,0,0,anti_homophones
34651,nK2nA4,6,-5.701058851893096,2,5.701058851893096,1,0,1,anti_homophones
34652,xE4ju2,6,-10.61327770993923,2,10.61327770993923,1,0,1,anti_homophones
34653,chu4sheng2,10,-6.244512835306595,2,6.244512835306595,1,0,2,anti_homophones
34654,man3zu2,7,-6.190903500984621,2,6.190903500984621,1,0,0,anti_homophones
34655,mang3su4,8,-7.242566675364872,2,7.242566675364872,1,0,1,anti_homophones
34656,dan4zi5,7,-5.023910601553987,2,5.023910601553987,1,0,12,anti_homophones
34657,la4lan4,7,-7.008542246053857,2,7.008542246053857,1,0,1,anti_homophones
34658,wen2yun4,8,-6.247276150637605,2,6.247276150637605,1,0,0,anti_homophones
34659,A4dLn4,6,-6.251453148334577,2,6.251453148334577,1,0,4,anti_homophones
34660,dK1ke4,6,-5.406947817390023,2,5.406947817390023,1,0,3,anti_homophones
34661,hQ4dan1,7,-6.265229866941687,2,6.265229866941687,1,0,1,anti_homophones
34662,mQ4yan2,7,-6.07270606526928,2,6.07270606526928,1,0,0,anti_homophones
34663,jC2shi4,7,-4.905769499683936,2,4.905769499683936,1,0,7,anti_homophones
34664,hQ4kUng1,8,-6.969714996346592,2,6.969714996346592,1,0,0,anti_homophones
34665,an1qLng4,8,-6.1984785848199415,2,6.1984785848199415,1,0,1,anti_homophones
34666,ce4fE4,6,-6.518882223654671,2,6.518882223654671,1,0,1,anti_homophones
34667,ang4yQ4,7,-7.213313224059804,2,7.213313224059804,1,0,0,anti_homophones
34668,shan4neng2,10,-7.363400629985851,2,7.363400629985851,1,0,1,anti_homophones
34669,wE4le5,6,-6.622738845212325,2,6.622738845212325,1,0,1,anti_homophones
34670,qu1qi1,6,-5.745394008513812,2,5.745394008513812,1,0,3,anti_homophones
34671,cha2sheng4,10,-6.320912611750123,2,6.320912611750123,1,0,1,anti_homophones
34672,fa1jYng1,8,-6.466333016800371,2,6.466333016800371,1,0,0,anti_homophones
34673,di2fa3,6,-6.35968091022743,2,6.35968091022743,1,0,3,anti_homophones
34674,de2jLn3,7,-6.622003234088604,2,6.622003234088604,1,0,2,anti_homophones
34675,yin4xi2,7,-6.134384506541736,2,6.134384506541736,1,0,4,anti_homophones
34676,dang1gU1,8,-6.821947554089148,2,6.821947554089148,1,0,2,anti_homophones
34677,qu1cA4,6,-6.224012906955745,2,6.224012906955745,1,0,0,anti_homophones
34678,xi3yong1,8,-5.812073668076578,2,5.812073668076578,1,0,3,anti_homophones
34679,jin3hO3,7,-6.389506524059102,2,6.389506524059102,1,0,2,anti_homophones
34680,teng1ying2,10,-7.181597605761708,2,7.181597605761708,1,0,0,anti_homophones
34681,xK1yi4,6,-6.049559043301295,2,6.049559043301295,1,0,5,anti_homophones
34682,bi3zO4,6,-6.1815259538106115,2,6.1815259538106115,1,0,2,anti_homophones
34683,jun1sUn1,8,-6.193428177511067,2,6.193428177511067,1,0,2,anti_homophones
34684,mLn4cheng1,10,-6.153503379527428,2,6.153503379527428,1,0,3,anti_homophones
34685,kun4dLn4,8,-6.5034754854497185,2,6.5034754854497185,1,0,1,anti_homophones
34686,za2hU4,6,-4.974407267160692,2,4.974407267160692,1,0,3,anti_homophones
34687,xing2shi5,9,-6.529571239763283,2,6.529571239763283,1,0,1,anti_homophones
34688,tLn1qK2,7,-5.5861539695142115,2,5.5861539695142115,1,0,1,anti_homophones
34689,jW1lLng4,8,-5.671664578054866,2,5.671664578054866,1,0,0,anti_homophones
34690,dLn3zhong4,10,-6.119641270806598,2,6.119641270806598,1,0,0,anti_homophones
34691,dI4dQ4,6,-5.446160282730914,2,5.446160282730914,1,0,8,anti_homophones
34692,lM4qM5,6,-6.379403416909582,2,6.379403416909582,1,0,0,anti_homophones
34693,de5xW3,6,-6.574222022139531,2,6.574222022139531,1,0,0,anti_homophones
34694,gan3zhe5,8,-6.544768221939655,2,6.544768221939655,1,0,1,anti_homophones
34695,yan4can3,8,-7.258716175045673,2,7.258716175045673,1,0,0,anti_homophones
34696,sO1she2,7,-7.139316923727564,2,7.139316923727564,1,0,0,anti_homophones
34697,si4ren2,7,-5.540116928012266,2,5.540116928012266,1,0,7,anti_homophones
34698,li3xLn1,7,-6.0774906779937625,2,6.0774906779937625,1,0,4,anti_homophones
34699,fu4dQ3,6,-5.8262151879603925,2,5.8262151879603925,1,0,3,anti_homophones
34700,yi4shi4,7,-4.729211238549693,2,4.729211238549693,1,0,20,anti_homophones
34701,jM3mang3,8,-6.363406210331317,2,6.363406210331317,1,0,0,anti_homophones
34702,fen2xu4,7,-6.782059749744998,2,6.782059749744998,1,0,1,anti_homophones
34703,chen4du4,8,-6.2495652667187915,2,6.2495652667187915,1,0,0,anti_homophones
34704,pen1ji4,7,-6.159834361914016,2,6.159834361914016,1,0,2,anti_homophones
34705,jC2zhu2,7,-6.590131538087503,2,6.590131538087503,1,0,2,anti_homophones
34706,bW1cheng1,9,-6.746146651585281,2,6.746146651585281,1,0,0,anti_homophones
34707,sheng1nv3,9,-5.957813715932256,2,5.957813715932256,1,0,3,anti_homophones
34708,gan1fu2,7,-5.828356656667604,2,5.828356656667604,1,0,2,anti_homophones
34709,ye1zhu3,7,-5.928782055981536,2,5.928782055981536,1,0,2,anti_homophones
34710,bi4yang2,8,-6.00839533574858,2,6.00839533574858,1,0,6,anti_homophones
34711,yong1dang2,10,-6.725873324248396,2,6.725873324248396,1,0,0,anti_homophones
34712,hA3qu5,6,-7.329065553040198,2,7.329065553040198,1,0,0,anti_homophones
34713,mA4shV3,7,-6.137116740832496,2,6.137116740832496,1,0,1,anti_homophones
34714,ge1dV3,6,-5.901277938284313,2,5.901277938284313,1,0,1,anti_homophones
34715,wo1sO3,6,-6.581324450915067,2,6.581324450915067,1,0,0,anti_homophones
34716,hV4bu4,6,-5.6088069813821475,2,5.6088069813821475,1,0,6,anti_homophones
34717,fan3xM2,7,-6.777040929939584,2,6.777040929939584,1,0,1,anti_homophones
34718,kV3e2,5,-5.451584828416908,2,5.451584828416908,1,0,0,anti_homophones
34719,jW4gan3,7,-5.938424128605275,2,5.938424128605275,1,0,1,anti_homophones
34720,shu4zA4,7,-5.96838292085887,2,5.96838292085887,1,0,2,anti_homophones
34721,qi2fa3,6,-5.510476665827855,2,5.510476665827855,1,0,5,anti_homophones
34722,zhi2shu1,8,-5.9180293629596274,2,5.9180293629596274,1,0,4,anti_homophones
34723,bM1mi4,6,-6.72530637012283,2,6.72530637012283,1,0,0,anti_homophones
34724,jL4shu2,7,-6.915866292581638,2,6.915866292581638,1,0,1,anti_homophones
34725,yang2shi2,9,-5.76353112840027,2,5.76353112840027,1,0,4,anti_homophones
34726,dQ3xC2,6,-5.9566746677702245,2,5.9566746677702245,1,0,3,anti_homophones
34727,chQ1wa1,7,-7.180851722903609,2,7.180851722903609,1,0,2,anti_homophones
34728,bQ3xing4,8,-5.387989686760064,2,5.387989686760064,1,0,7,anti_homophones
34729,fu2zhen2,8,-6.2830202702357685,2,6.2830202702357685,1,0,2,anti_homophones
34730,di4feng1,8,-5.926873468786221,2,5.926873468786221,1,0,1,anti_homophones
34731,xi1sO3,6,-5.5881069942303245,2,5.5881069942303245,1,0,0,anti_homophones
34732,hen4zi5,7,-6.019402683912102,2,6.019402683912102,1,0,8,anti_homophones
34733,bi4xW4,6,-5.8808968116342175,2,5.8808968116342175,1,0,1,anti_homophones
34734,men2tV5,7,-6.445954894669911,2,6.445954894669911,1,0,0,anti_homophones
34735,hang3dQ4,8,-6.057095045769124,2,6.057095045769124,1,0,3,anti_homophones
34736,gO2ya2,6,-6.345759575301482,2,6.345759575301482,1,0,4,anti_homophones
34737,ken3tan1,8,-7.325507870392878,2,7.325507870392878,1,0,0,anti_homophones
34738,kI2kI1,6,-6.903044365512457,2,6.903044365512457,1,0,1,anti_homophones
34739,pE2xing1,8,-5.9137380478801305,2,5.9137380478801305,1,0,2,anti_homophones
34740,za2zI3,6,-5.703659849058076,2,5.703659849058076,1,0,1,anti_homophones
34741,yV2mo2,6,-5.809120380618293,2,5.809120380618293,1,0,1,anti_homophones
34742,pan4pLn4,8,-6.664227726896901,2,6.664227726896901,1,0,1,anti_homophones
34743,ci2hI2,6,-6.477418534629986,2,6.477418534629986,1,0,4,anti_homophones
34744,kan4hI4,7,-5.955120125652739,2,5.955120125652739,1,0,5,anti_homophones
34745,fen1fu4,7,-5.6493003790243685,2,5.6493003790243685,1,0,4,anti_homophones
34746,zO4fu1,6,-5.904892233891445,2,5.904892233891445,1,0,3,anti_homophones
34747,han5wE2,7,-7.838510571350044,2,7.838510571350044,1,0,0,anti_homophones
34748,fen3hong4,9,-6.597798368053121,2,6.597798368053121,1,0,1,anti_homophones
34749,pE4xC2,6,-6.048285127121602,2,6.048285127121602,1,0,0,anti_homophones
34750,da3dA4,6,-5.326554453198627,2,5.326554453198627,1,0,8,anti_homophones
34751,xLn4xi2,7,-5.722804516883519,2,5.722804516883519,1,0,2,anti_homophones
34752,chV2zi3,7,-5.640862044695562,2,5.640862044695562,1,0,3,anti_homophones
34753,du3wen2,7,-5.731470026749559,2,5.731470026749559,1,0,2,anti_homophones
34754,ke3feng1,8,-5.561996920515996,2,5.561996920515996,1,0,1,anti_homophones
34755,lA2ju2,6,-6.112431212878736,2,6.112431212878736,1,0,2,anti_homophones
34756,hen3lv4,7,-7.38174189437873,2,7.38174189437873,1,0,0,anti_homophones
34757,mA3jLng4,8,-6.457933000036767,2,6.457933000036767,1,0,0,anti_homophones
34758,bW1zhO1,7,-6.252090276626627,2,6.252090276626627,1,0,2,anti_homophones
34759,xM2e4,5,-5.3487439480391705,2,5.3487439480391705,1,0,1,anti_homophones
34760,xL4zhe3,7,-5.749888019044992,2,5.749888019044992,1,0,1,anti_homophones
34761,gO2ran3,7,-7.537831706535808,2,7.537831706535808,1,0,1,anti_homophones
34762,cun2su4,7,-6.222170505132954,2,6.222170505132954,1,0,1,anti_homophones
34763,jK4zi5,6,-4.639943604314423,2,4.639943604314423,1,0,4,anti_homophones
34764,zA4e2,5,-5.329955394996287,2,5.329955394996287,1,0,3,anti_homophones
34765,ren2shi4,8,-5.1163277293373035,2,5.1163277293373035,1,0,3,anti_homophones
34766,fang3wE3,8,-6.611863315645667,2,6.611863315645667,1,0,0,anti_homophones
34767,bQ4ming4,8,-5.514639701363031,2,5.514639701363031,1,0,5,anti_homophones
34768,chang1yUn2,10,-6.190355962864826,2,6.190355962864826,1,0,3,anti_homophones
34769,gun3xLng4,9,-6.380945223477372,2,6.380945223477372,1,0,1,anti_homophones
34770,chu1xing1,9,-5.616666013503211,2,5.616666013503211,1,0,7,anti_homophones
34771,gong3zhang4,11,-6.41109657140093,2,6.41109657140093,1,0,0,anti_homophones
34772,yong2bW3,8,-6.420378822754948,2,6.420378822754948,1,0,1,anti_homophones
34773,mu4chUn4,8,-6.286851306700369,2,6.286851306700369,1,0,1,anti_homophones
34774,fa1zhong4,9,-5.9812333114697545,2,5.9812333114697545,1,0,2,anti_homophones
34775,kUng3dQ3,8,-7.207590875980774,2,7.207590875980774,1,0,0,anti_homophones
34776,kUng1jin4,9,-6.2149661802755,2,6.2149661802755,1,0,1,anti_homophones
34777,gan4tA2,7,-6.567706651299955,2,6.567706651299955,1,0,3,anti_homophones
34778,chUn2qi2,8,-6.394768595201208,2,6.394768595201208,1,0,0,anti_homophones
34779,xW1shen3,8,-6.022677259733873,2,6.022677259733873,1,0,1,anti_homophones
34780,xM2mo2,6,-5.659503183973136,2,5.659503183973136,1,0,0,anti_homophones
34781,shun3shV3,9,-6.849921499831183,2,6.849921499831183,1,0,0,anti_homophones
34782,yu4rI4,6,-7.12898083358735,2,7.12898083358735,1,0,3,anti_homophones
34783,cA4su4,6,-5.993864052359598,2,5.993864052359598,1,0,5,anti_homophones
34784,tW2wu4,6,-5.644663266798513,2,5.644663266798513,1,0,3,anti_homophones
34785,hu2ying4,8,-6.663471795946694,2,6.663471795946694,1,0,3,anti_homophones
34786,gQ1qLn2,7,-5.635352581853769,2,5.635352581853769,1,0,2,anti_homophones
34787,si4shi5,7,-6.59542059614598,2,6.59542059614598,1,0,1,anti_homophones
34788,gO2bW1,6,-5.929166811990123,2,5.929166811990123,1,0,0,anti_homophones
34789,bQ4fa1,6,-5.704548550131796,2,5.704548550131796,1,0,3,anti_homophones
34790,yV1yang2,8,-5.654165744316049,2,5.654165744316049,1,0,3,anti_homophones
34791,ru4xM4,6,-6.469843624455771,2,6.469843624455771,1,0,4,anti_homophones
34792,jLn1hU4,7,-5.374140050327756,2,5.374140050327756,1,0,3,anti_homophones
34793,shang4sUn1,10,-6.84114446852618,2,6.84114446852618,1,0,0,anti_homophones
34794,nQ3chu1,7,-6.291115784148726,2,6.291115784148726,1,0,1,anti_homophones
34795,tV2bQ4,6,-5.689047043533491,2,5.689047043533491,1,0,3,anti_homophones
34796,lLng1zhi1,9,-6.073486313146761,2,6.073486313146761,1,0,0,anti_homophones
34797,xLng1gUn1,9,-5.8187101314712395,2,5.8187101314712395,1,0,3,anti_homophones
34798,dan1sheng1,10,-5.995880477957267,2,5.995880477957267,1,0,3,anti_homophones
34799,zhe2mi4,7,-6.822517728652388,2,6.822517728652388,1,0,1,anti_homophones
34800,zhV1shi3,8,-6.256558681755471,2,6.256558681755471,1,0,3,anti_homophones
34801,bA4xK4,6,-7.209840176524102,2,7.209840176524102,1,0,0,anti_homophones
34802,cang1ce4,8,-7.090580050671583,2,7.090580050671583,1,0,0,anti_homophones
34803,jLn1kan1,8,-6.514590315343782,2,6.514590315343782,1,0,1,anti_homophones
34804,shen2shQ3,9,-7.416605902494747,2,7.416605902494747,1,0,0,anti_homophones
34805,pu1bing2,8,-6.290779174206923,2,6.290779174206923,1,0,1,anti_homophones
34806,deng2kI1,8,-7.845442767888293,2,7.845442767888293,1,0,0,anti_homophones
34807,dI4li2,6,-6.442520417169239,2,6.442520417169239,1,0,1,anti_homophones
34808,A2pi2,5,-6.091863648511588,2,6.091863648511588,1,0,0,anti_homophones
34809,chQ1da1,7,-6.688932714957653,2,6.688932714957653,1,0,3,anti_homophones
34810,zhQ2wu4,7,-6.036770368244225,2,6.036770368244225,1,0,1,anti_homophones
34811,gO2yin4,7,-6.9139048650802,2,6.9139048650802,1,0,1,anti_homophones
34812,ying4zhu4,9,-5.961755399697724,2,5.961755399697724,1,0,5,anti_homophones
34813,fa1zhe3,7,-5.6311485413008855,2,5.6311485413008855,1,0,0,anti_homophones
34814,yi4qLng1,8,-6.520403303650978,2,6.520403303650978,1,0,0,anti_homophones
34815,chUn4fa1,8,-6.727430328089414,2,6.727430328089414,1,0,0,anti_homophones
34816,jM4mE4,6,-7.103589326442755,2,7.103589326442755,1,0,2,anti_homophones
34817,xing1ji4,8,-5.548215634685478,2,5.548215634685478,1,0,6,anti_homophones
34818,zhO1che1,8,-6.405536398607565,2,6.405536398607565,1,0,1,anti_homophones
34819,zi1chUn2,8,-6.95034232626507,2,6.95034232626507,1,0,0,anti_homophones
34820,sha3shi4,8,-6.285152295572238,2,6.285152295572238,1,0,4,anti_homophones
34821,zhu3tV5,7,-5.636817766595457,2,5.636817766595457,1,0,2,anti_homophones
34822,zhen3qLn2,9,-7.118721182384338,2,7.118721182384338,1,0,1,anti_homophones
34823,fE2hI4,6,-6.095563987402565,2,6.095563987402565,1,0,2,anti_homophones
34824,gu1kA1,6,-6.394032746334929,2,6.394032746334929,1,0,0,anti_homophones
34825,zhi2xi1,7,-5.990469474457128,2,5.990469474457128,1,0,3,anti_homophones
34826,mK4yC4,6,-6.194069963536717,2,6.194069963536717,1,0,0,anti_homophones
34827,wu1lLn4,7,-6.263764676950689,2,6.263764676950689,1,0,2,anti_homophones
34828,shi2zhun2,9,-6.834655179298065,2,6.834655179298065,1,0,0,anti_homophones
34829,qing1chV4,9,-6.949656346008296,2,6.949656346008296,1,0,0,anti_homophones
34830,yi2pQ2,6,-6.663484449479138,2,6.663484449479138,1,0,2,anti_homophones
34831,tLn1fE4,7,-5.524958734866737,2,5.524958734866737,1,0,2,anti_homophones
34832,xUn2ling2,9,-7.082006212009394,2,7.082006212009394,1,0,1,anti_homophones
34833,xW4yQ4,6,-5.6382206681465235,2,5.6382206681465235,1,0,4,anti_homophones
34834,fu4zhu4,7,-5.123509866672617,2,5.123509866672617,1,0,10,anti_homophones
34835,tLn1jW3,7,-5.491729121124151,2,5.491729121124151,1,0,3,anti_homophones
34836,si4wen4,7,-6.454557995021152,2,6.454557995021152,1,0,3,anti_homophones
34837,zu2qing2,8,-6.328883420340383,2,6.328883420340383,1,0,3,anti_homophones
34838,xLng2ye4,8,-5.616905034822998,2,5.616905034822998,1,0,1,anti_homophones
34839,hO2lv3,6,-6.444595690897761,2,6.444595690897761,1,0,0,anti_homophones
34840,song2kan4,9,-7.762744315049824,2,7.762744315049824,1,0,0,anti_homophones
34841,yQ4lun4,7,-6.267378447315962,2,6.267378447315962,1,0,1,anti_homophones
34842,fang2jLn3,9,-6.091557575579165,2,6.091557575579165,1,0,0,anti_homophones
34843,hO2zhi4,7,-5.802119498173277,2,5.802119498173277,1,0,5,anti_homophones
34844,ting3gQ3,8,-6.554195777874646,2,6.554195777874646,1,0,2,anti_homophones
34845,sheng1jLn1,10,-5.770312498755068,2,5.770312498755068,1,0,3,anti_homophones
34846,fu2xLng3,8,-6.266529236569764,2,6.266529236569764,1,0,1,anti_homophones
34847,hQ2dO2,6,-6.645011227950625,2,6.645011227950625,1,0,1,anti_homophones
34848,su2gong2,8,-7.111632759862906,2,7.111632759862906,1,0,0,anti_homophones
34849,da3zhang3,9,-5.629690084872682,2,5.629690084872682,1,0,4,anti_homophones
34850,mE2mQ4,6,-6.008650702376851,2,6.008650702376851,1,0,2,anti_homophones
34851,yi2ri4,6,-5.584453675033592,2,5.584453675033592,1,0,4,anti_homophones
34852,jLn3pLn4,8,-5.8245409445369,2,5.8245409445369,1,0,2,anti_homophones
34853,bu4gO2,6,-5.187018892135123,2,5.187018892135123,1,0,3,anti_homophones
34854,gQ4rQ2,6,-6.168091553851735,2,6.168091553851735,1,0,1,anti_homophones
34855,dA4zhan3,8,-6.749916965288505,2,6.749916965288505,1,0,0,anti_homophones
34856,pu1zhA4,7,-6.827401686871883,2,6.827401686871883,1,0,0,anti_homophones
34857,nLng3ce4,8,-7.8066038843480525,2,7.8066038843480525,1,0,0,anti_homophones
34858,hV4ji2,6,-5.203843343541068,2,5.203843343541068,1,0,4,anti_homophones
34859,zhu4jL4,7,-5.636248133545787,2,5.636248133545787,1,0,2,anti_homophones
34860,di3zI4,6,-6.295957182915232,2,6.295957182915232,1,0,2,anti_homophones
34861,mLn3yUn2,8,-6.0115585938124525,2,6.0115585938124525,1,0,1,anti_homophones
34862,xW3yang4,8,-5.5218408205758704,2,5.5218408205758704,1,0,3,anti_homophones
34863,cu1zhi4,7,-5.610451417491145,2,5.610451417491145,1,0,3,anti_homophones
34864,pen2chong3,10,-7.925602950394251,2,7.925602950394251,1,0,0,anti_homophones
34865,bLn4chUn2,9,-6.404633156019543,2,6.404633156019543,1,0,0,anti_homophones
34866,kV3qK2,6,-6.007114822323412,2,6.007114822323412,1,0,1,anti_homophones
34867,qi3se4,6,-5.303430324199748,2,5.303430324199748,1,0,6,anti_homophones
34868,jin1sV3,7,-7.148718544324587,2,7.148718544324587,1,0,1,anti_homophones
34869,gUn3zhi2,8,-5.842269014410849,2,5.842269014410849,1,0,3,anti_homophones
34870,chu2lLng2,9,-6.785738306721222,2,6.785738306721222,1,0,0,anti_homophones
34871,bing2se4,8,-5.274166088520693,2,5.274166088520693,1,0,5,anti_homophones
34872,ya3yu3,6,-6.424575622432213,2,6.424575622432213,1,0,1,anti_homophones
34873,mu4fu5,6,-6.570518221389739,2,6.570518221389739,1,0,1,anti_homophones
34874,gong4zheng3,11,-6.560962605500011,2,6.560962605500011,1,0,1,anti_homophones
34875,an1jW1,6,-6.089523584973879,2,6.089523584973879,1,0,0,anti_homophones
34876,sheng1nLn2,10,-5.833309857054262,2,5.833309857054262,1,0,0,anti_homophones
34877,zheng1jM4,9,-5.807046890845775,2,5.807046890845775,1,0,2,anti_homophones
34878,zheng1zhA2,10,-6.903941282909693,2,6.903941282909693,1,0,0,anti_homophones
34879,pi1lO2,6,-6.471467327299714,2,6.471467327299714,1,0,2,anti_homophones
34880,gun4kV3,7,-6.700726252327485,2,6.700726252327485,1,0,0,anti_homophones
34881,lK2du2,6,-5.84789883936336,2,5.84789883936336,1,1,3,anti_homophones
34882,chV1yUn2,8,-6.072758763916293,2,6.072758763916293,1,0,3,anti_homophones
34883,yC4ju2,6,-5.3795736237620355,2,5.3795736237620355,1,0,7,anti_homophones
34884,cQ3xK1,6,-6.842847965778777,2,6.842847965778777,1,0,1,anti_homophones
34885,xLng1fu4,8,-5.916614169426526,2,5.916614169426526,1,0,3,anti_homophones
34886,lQ3tLn1,7,-5.186007953609028,2,5.186007953609028,1,0,1,anti_homophones
34887,ji2qLng3,8,-6.936213654503859,2,6.936213654503859,1,0,1,anti_homophones
34888,long1du4,8,-6.53203253105122,2,6.53203253105122,1,0,1,anti_homophones
34889,hI4wu4,6,-5.67767744988234,2,5.67767744988234,1,0,2,anti_homophones
34890,shu4wA4,7,-6.257544601367081,2,6.257544601367081,1,0,3,anti_homophones
34891,gUn3cA4,7,-6.039128626787741,2,6.039128626787741,1,0,2,anti_homophones
34892,dQ4gUn1,7,-5.672888425911122,2,5.672888425911122,1,0,3,anti_homophones
34893,gong1zhan4,10,-5.908587929134517,2,5.908587929134517,1,0,0,anti_homophones
34894,yang1ming3,10,-6.766712568115025,2,6.766712568115025,1,0,0,anti_homophones
34895,yV1yV2,6,-5.041948755878192,2,5.041948755878192,1,0,5,anti_homophones
34896,zhi2shi4,8,-5.20210998127085,2,5.20210998127085,1,0,8,anti_homophones
34897,zeng1feng2,10,-6.759878360828436,2,6.759878360828436,1,0,0,anti_homophones
34898,he2chong2,9,-6.165980432700859,2,6.165980432700859,1,0,0,anti_homophones
34899,hO3chen4,8,-6.2356735750040375,2,6.2356735750040375,1,0,1,anti_homophones
34900,xL4ru2,6,-6.118119582397935,2,6.118119582397935,1,0,1,anti_homophones
34901,chan4ben1,9,-7.58084236220221,2,7.58084236220221,1,0,0,anti_homophones
34902,che1chang2,10,-5.83028456854539,2,5.83028456854539,1,0,1,anti_homophones
34903,zO4yu2,6,-5.447563331208046,2,5.447563331208046,1,0,4,anti_homophones
34904,jM1mLn4,7,-5.190040223965593,2,5.190040223965593,1,0,4,anti_homophones
34905,xi3tV2,6,-5.9959619423409976,2,5.9959619423409976,1,0,4,anti_homophones
34906,fu4ke3,6,-5.757141301317702,2,5.757141301317702,1,0,3,anti_homophones
34907,tQ2dong2,8,-6.101265037533752,2,6.101265037533752,1,0,1,anti_homophones
34908,yi1ming1,8,-5.584229947461291,2,5.584229947461291,1,0,3,anti_homophones
34909,zi3qi1,6,-6.224972990871131,2,6.224972990871131,1,0,3,anti_homophones
34910,nK2zA3,6,-5.867465853499944,2,5.867465853499944,1,0,1,anti_homophones
34911,wu2bu4,6,-5.009729087858977,2,5.009729087858977,1,0,7,anti_homophones
34912,zhu4jM2,7,-5.854574431722838,2,5.854574431722838,1,0,3,anti_homophones
34913,xi4ting1,8,-6.314610858098201,2,6.314610858098201,1,0,1,anti_homophones
34914,fu4ju2,6,-5.554767269652034,2,5.554767269652034,1,0,8,anti_homophones
34915,bu3gong4,8,-6.681920720220404,2,6.681920720220404,1,0,1,anti_homophones
34916,hQ2an1,6,-6.405588735144904,2,6.405588735144904,1,0,0,anti_homophones
34917,jC2xing4,8,-5.447943522791907,2,5.447943522791907,1,0,3,anti_homophones
34918,zhong2shi2,10,-5.660931332487452,2,5.660931332487452,1,0,0,anti_homophones
34919,shi4bang1,9,-6.612463043205492,2,6.612463043205492,1,0,1,anti_homophones
34920,xi1tUn2,7,-5.9062378193987595,2,5.9062378193987595,1,0,3,anti_homophones
34921,zhUn4shi3,9,-6.503765138555636,2,6.503765138555636,1,0,2,anti_homophones
34922,jing3bi3,8,-6.565364400256257,2,6.565364400256257,1,0,3,anti_homophones
34923,fa1ji2,6,-5.335582952244732,2,5.335582952244732,1,0,5,anti_homophones
34924,lK4bLn4,7,-6.364677381667932,2,6.364677381667932,1,0,1,anti_homophones
34925,xC3dong1,8,-7.1388478115331,2,7.1388478115331,1,0,0,anti_homophones
34926,ji2zI4,6,-6.176247508261904,2,6.176247508261904,1,0,1,anti_homophones
34927,nLn2yang2,9,-6.078601155996771,2,6.078601155996771,1,0,0,anti_homophones
34928,yi4lW4,6,-5.384583043159453,2,5.384583043159453,1,0,7,anti_homophones
34929,kQ3tV2,6,-5.958131178461883,2,5.958131178461883,1,0,5,anti_homophones
34930,yV1qu4,6,-6.302298495549766,2,6.302298495549766,1,0,4,anti_homophones
34931,du2shu1,7,-5.624280966662946,2,5.624280966662946,1,0,2,anti_homophones
34932,man2lK5,7,-8.013244928469243,2,8.013244928469243,1,0,0,anti_homophones
34933,ren2yin1,8,-6.061063412733609,2,6.061063412733609,1,0,2,anti_homophones
34934,tI1er3,6,-6.387809666158293,2,6.387809666158293,1,0,0,anti_homophones
34935,zu3che1,7,-6.166868930388651,2,6.166868930388651,1,0,3,anti_homophones
34936,zhi2yong4,9,-5.847039333998689,2,5.847039333998689,1,0,0,anti_homophones
34937,zhu4shan1,9,-6.571803437037797,2,6.571803437037797,1,0,0,anti_homophones
34938,hA3tA1,6,-6.410944124033005,2,6.410944124033005,1,0,0,anti_homophones
34939,tI1yUn4,7,-5.991405157812483,2,5.991405157812483,1,0,3,anti_homophones
34940,sheng1xi2,9,-5.8379063533597515,2,5.8379063533597515,1,0,1,anti_homophones
34941,ling2ran2,9,-6.328244071094823,2,6.328244071094823,1,0,2,anti_homophones
34942,chQ2fen4,8,-6.454494178628906,2,6.454494178628906,1,0,0,anti_homophones
34943,hO4se4,6,-5.886452937125711,2,5.886452937125711,1,0,5,anti_homophones
34944,xL4shQ4,7,-6.333988276490806,2,6.333988276490806,1,0,1,anti_homophones
34945,jM3meng1,8,-6.163724750373092,2,6.163724750373092,1,0,0,anti_homophones
34946,ping3pLn4,9,-7.079527315756982,2,7.079527315756982,1,0,1,anti_homophones
34947,zi4run4,7,-6.144078069786497,2,6.144078069786497,1,0,3,anti_homophones
34948,yin3yi4,7,-5.239717353194611,2,5.239717353194611,1,0,8,anti_homophones
34949,ju4yin3,7,-6.246126093245562,2,6.246126093245562,1,0,3,anti_homophones
34950,gUn4lu3,7,-8.859508014209908,2,8.859508014209908,1,0,0,anti_homophones
34951,tA4fu2,6,-6.201269146480491,2,6.201269146480491,1,0,2,anti_homophones
34952,chu4xing1,9,-6.217894031698826,2,6.217894031698826,1,0,2,anti_homophones
34953,xC2sA4,6,-5.267016688028904,2,5.267016688028904,1,0,1,anti_homophones
34954,qW2long1,8,-6.63677422699521,2,6.63677422699521,1,0,0,anti_homophones
34955,shQ4jin4,8,-6.413091572295071,2,6.413091572295071,1,0,2,anti_homophones
34956,qi4tV2,6,-5.7487953139022325,2,5.7487953139022325,1,0,5,anti_homophones
34957,wag1yV3,7,-10.03161139788129,2,10.03161139788129,1,0,0,anti_homophones
34958,yang1shang1,11,-6.849768241917809,2,6.849768241917809,1,0,0,anti_homophones
34959,lun4ren2,8,-5.9165333110257485,2,5.9165333110257485,1,0,2,anti_homophones
34960,chQ3qK2,7,-6.690126223003295,2,6.690126223003295,1,0,0,anti_homophones
34961,hU1sheng2,9,-5.683963630783541,2,5.683963630783541,1,0,3,anti_homophones
34962,gI1xC4,6,-7.137057554420406,2,7.137057554420406,1,0,3,anti_homophones
34963,hong4A4,7,-6.164588256794203,2,6.164588256794203,1,0,2,anti_homophones
34964,cO4zA4,6,-6.620457310610435,2,6.620457310610435,1,0,1,anti_homophones
34965,chu1xLn4,8,-5.290543302253846,2,5.290543302253846,1,0,5,anti_homophones
34966,yu2yi4,6,-5.2079529586130375,2,5.2079529586130375,1,0,6,anti_homophones
34967,xi2ti3,6,-6.103435386635765,2,6.103435386635765,1,0,5,anti_homophones
34968,feng2mu4,8,-5.868070444709125,2,5.868070444709125,1,0,2,anti_homophones
34969,qLn3qUn2,8,-6.36215191802627,2,6.36215191802627,1,0,0,anti_homophones
34970,jM1tang3,8,-6.368360317477113,2,6.368360317477113,1,0,0,anti_homophones
34971,dW1zhU1,7,-7.641246441232149,2,7.641246441232149,1,0,0,anti_homophones
34972,xLng2sUn4,9,-6.280878263810463,2,6.280878263810463,1,0,2,anti_homophones
34973,jM4feng3,8,-6.879040370170678,2,6.879040370170678,1,0,0,anti_homophones
34974,tong3chen4,10,-7.209448645863346,2,7.209448645863346,1,0,0,anti_homophones
34975,ye2ye4,6,-5.762656223690286,2,5.762656223690286,1,0,4,anti_homophones
34976,chUn3du4,8,-6.550148230257639,2,6.550148230257639,1,0,2,anti_homophones
34977,fen1ben3,8,-6.066130910601321,2,6.066130910601321,1,0,1,anti_homophones
34978,ren2yC4,7,-5.78341447161953,2,5.78341447161953,1,0,2,anti_homophones
34979,cA4dong1,8,-6.916059553143014,2,6.916059553143014,1,0,1,anti_homophones
34980,lun4shi2,8,-5.705720520649819,2,5.705720520649819,1,0,1,anti_homophones
34981,dO1dQ4,6,-5.4813156638940805,2,5.4813156638940805,1,0,7,anti_homophones
34982,qu1dLn3,7,-6.158814685200569,2,6.158814685200569,1,0,0,anti_homophones
34983,xLng1jin3,9,-6.359486194662611,2,6.359486194662611,1,0,1,anti_homophones
34984,su1xC3,6,-7.135068134896676,2,7.135068134896676,1,0,0,anti_homophones
34985,he2hu1,6,-6.209590423379925,2,6.209590423379925,1,0,4,anti_homophones
34986,si3ming4,8,-6.182399994578566,2,6.182399994578566,1,0,1,anti_homophones
34987,gP4tA2,6,-5.958297408954788,2,5.958297408954788,1,0,1,anti_homophones
34988,di2hU1,6,-6.817087524312014,2,6.817087524312014,1,0,1,anti_homophones
34989,re4fang2,8,-6.057699348406868,2,6.057699348406868,1,0,2,anti_homophones
34990,she4qi4,7,-5.155892307187504,2,5.155892307187504,1,0,5,anti_homophones
34991,hU4shu4,7,-5.608240164520529,2,5.608240164520529,1,0,5,anti_homophones
34992,da4ban3,7,-4.97500639773507,2,4.97500639773507,1,0,9,anti_homophones
34993,ta4sha1,7,-6.792133686169482,2,6.792133686169482,1,0,0,anti_homophones
34994,jM1dUn1,7,-5.334770504074741,2,5.334770504074741,1,0,1,anti_homophones
34995,jW1ping1,8,-6.474762487619568,2,6.474762487619568,1,0,2,anti_homophones
34996,hu2jin4,7,-5.728076822281015,2,5.728076822281015,1,0,5,anti_homophones
34997,hU2shi3,7,-6.100476337929015,2,6.100476337929015,1,0,2,anti_homophones
34998,dO1ying1,8,-6.034198615567756,2,6.034198615567756,1,0,1,anti_homophones
34999,xYng1ke4,8,-6.252310437163331,2,6.252310437163331,1,0,0,anti_homophones
35000,Q2zi5,5,-5.494011242029151,2,5.494011242029151,1,0,3,anti_homophones
35001,si4yong4,8,-6.082440382560964,2,6.082440382560964,1,0,2,anti_homophones
35002,zhQ4ren2,8,-5.5311628476073755,2,5.5311628476073755,1,0,5,anti_homophones
35003,che1ye4,7,-5.732654600120693,2,5.732654600120693,1,0,4,anti_homophones
35004,zi1zhong1,9,-6.071914561385775,2,6.071914561385775,1,0,1,anti_homophones
35005,lE1hU1,6,-8.132127377310438,2,8.132127377310438,1,0,0,anti_homophones
35006,ru2fa4,6,-6.303571305905254,2,6.303571305905254,1,0,2,anti_homophones
35007,cI1chong3,9,-6.901116584103453,2,6.901116584103453,1,0,0,anti_homophones
35008,shI3hong4,9,-6.0501333663590025,2,6.0501333663590025,1,0,0,anti_homophones
35009,tQ4hI4,6,-5.217372275140329,2,5.217372275140329,1,0,4,anti_homophones
35010,lE2li4,6,-5.395007778966241,2,5.395007778966241,1,0,6,anti_homophones
35011,di1an4,6,-5.374941497143201,2,5.374941497143201,1,0,2,anti_homophones
35012,shen1ling4,10,-6.267621180943594,2,6.267621180943594,1,0,2,anti_homophones
35013,mo2xL2,6,-7.275941515293204,2,7.275941515293204,1,0,1,anti_homophones
35014,dan1yun4,8,-5.9677215496501566,2,5.9677215496501566,1,0,4,anti_homophones
35015,hO3mo4,6,-6.191112758622197,2,6.191112758622197,1,0,1,anti_homophones
35016,po2zi5,6,-5.864680126217799,2,5.864680126217799,1,0,2,anti_homophones
35017,chong4zhang1,12,-6.866554359942048,2,6.866554359942048,1,0,0,anti_homophones
35018,rV4bo2,6,-5.998966755618483,2,5.998966755618483,1,0,0,anti_homophones
35019,wu3cA2,6,-5.741223267989045,2,5.741223267989045,1,0,2,anti_homophones
35020,lE2hUng1,8,-6.5355165965852455,2,6.5355165965852455,1,0,0,anti_homophones
35021,tong1pA4,8,-6.00795791613957,2,6.00795791613957,1,0,5,anti_homophones
35022,xL4en4,6,-8.51680915437195,2,8.51680915437195,1,0,1,anti_homophones
35023,wE2er2,6,-5.81665467364991,2,5.81665467364991,1,0,1,anti_homophones
35024,zI4e2,5,-5.321361785300044,2,5.321361785300044,1,0,4,anti_homophones
35025,chQ1sheng4,10,-5.978974815882499,2,5.978974815882499,1,0,1,anti_homophones
35026,mQ4hO3,6,-6.303614511701178,2,6.303614511701178,1,0,0,anti_homophones
35027,wu4shV3,7,-5.950755675391842,2,5.950755675391842,1,0,2,anti_homophones
35028,si3zheng1,9,-6.306652698071254,2,6.306652698071254,1,0,1,anti_homophones
35029,bu4ri4,6,-5.170081191799959,2,5.170081191799959,1,0,11,anti_homophones
35030,xW1chi4,7,-6.34498734112119,2,6.34498734112119,1,0,3,anti_homophones
35031,jun1gUn1,8,-5.793297131070987,2,5.793297131070987,1,0,2,anti_homophones
35032,chong4xLng2,11,-6.555084913964984,2,6.555084913964984,1,0,0,anti_homophones
35033,wE1shi3,7,-5.996113971011841,2,5.996113971011841,1,0,4,anti_homophones
35034,jL1li3,6,-5.402580886014349,2,5.402580886014349,1,0,2,anti_homophones
35035,hU4wE4,6,-5.497893763437346,2,5.497893763437346,1,0,2,anti_homophones
35036,yV3chong4,9,-6.569227306348505,2,6.569227306348505,1,0,0,anti_homophones
35037,gI1hang1,8,-6.775155116225894,2,6.775155116225894,1,0,1,anti_homophones
35038,jLn3pi2,7,-5.821275378174525,2,5.821275378174525,1,0,2,anti_homophones
35039,e2zhe3,6,-6.162994484316219,2,6.162994484316219,1,0,2,anti_homophones
35040,tV2zhe3,7,-5.744009075192047,2,5.744009075192047,1,0,1,anti_homophones
35041,wE2lW2,6,-5.988587956636793,2,5.988587956636793,1,0,1,anti_homophones
35042,can1ran2,8,-6.0637574660897515,2,6.0637574660897515,1,0,2,anti_homophones
35043,zhQ4bQ3,7,-7.070688863445725,2,7.070688863445725,1,0,1,anti_homophones
35044,wu2shU1,7,-6.343307359311521,2,6.343307359311521,1,0,1,anti_homophones
35045,bQ4chan4,8,-6.318051004653324,2,6.318051004653324,1,0,1,anti_homophones
35046,gUng1hI4,8,-5.914626743044137,2,5.914626743044137,1,0,1,anti_homophones
35047,zhO1yi4w,8,-10.622532275070238,2,10.622532275070238,1,0,0,anti_homophones
35048,fang1qi1,8,-5.819317823501099,2,5.819317823501099,1,0,2,anti_homophones
35049,zun1she3,8,-7.284580670388789,2,7.284580670388789,1,0,0,anti_homophones
35050,jin4zhi2,8,-5.624509311220573,2,5.624509311220573,1,0,2,anti_homophones
35051,gO3zu2,6,-6.125110217842775,2,6.125110217842775,1,0,0,anti_homophones
35052,ji4xLn4,7,-5.505648103674666,2,5.505648103674666,1,0,9,anti_homophones
35053,yi1bo1,6,-5.167622750879637,2,5.167622750879637,1,0,4,anti_homophones
35054,men2li4,7,-5.54929685298627,2,5.54929685298627,1,0,5,anti_homophones
35055,shang1dA4,9,-5.783697752606912,2,5.783697752606912,1,0,3,anti_homophones
35056,shUn2eng1,9,-8.986487066360045,2,8.986487066360045,1,0,0,anti_homophones
35057,jing3zhe3,9,-6.062861417846726,2,6.062861417846726,1,0,1,anti_homophones
35058,zQ1fan1,7,-7.100044157951966,2,7.100044157951966,1,0,0,anti_homophones
35059,chP1qK2,7,-7.953964925235327,2,7.953964925235327,1,0,1,anti_homophones
35060,qK2yan3,7,-6.052071739452086,2,6.052071739452086,1,0,0,anti_homophones
35061,lK2sUn1,7,-5.573218236508087,2,5.573218236508087,1,0,1,anti_homophones
35062,yUn4zhUn2,9,-6.7927739060433545,2,6.7927739060433545,1,0,2,anti_homophones
35063,qK2shi1,7,-5.967206214915398,2,5.967206214915398,1,0,5,anti_homophones
35064,fu4se4,6,-5.286430231803995,2,5.286430231803995,1,0,9,anti_homophones
35065,meng1shi4,9,-5.906724840278904,2,5.906724840278904,1,0,2,anti_homophones
35066,mu4ju4,6,-5.690396549430556,2,5.690396549430556,1,0,3,anti_homophones
35067,neng2gI3,8,-7.645461901591987,2,7.645461901591987,1,0,0,anti_homophones
35068,tI4cheng4,9,-6.445215106407459,2,6.445215106407459,1,0,0,anti_homophones
35069,ling2ming1,10,-6.554646172563331,2,6.554646172563331,1,0,0,anti_homophones
35070,ming1pLn1,9,-6.739441774168657,2,6.739441774168657,1,0,1,anti_homophones
35071,wE3fen4,7,-6.389485781366035,2,6.389485781366035,1,0,1,anti_homophones
35072,mLn2xU4,7,-8.362333558026101,2,8.362333558026101,1,0,0,anti_homophones
35073,ting2chong3,11,-7.243285859157036,2,7.243285859157036,1,0,0,anti_homophones
35074,shUn1hO2,8,-7.45572011154942,2,7.45572011154942,1,0,0,anti_homophones
35075,lQ2gong2,8,-6.136409245487345,2,6.136409245487345,1,0,2,anti_homophones
35076,jLn4ran2,8,-5.591882784126465,2,5.591882784126465,1,0,2,anti_homophones
35077,fu3jing1,8,-6.75679539284182,2,6.75679539284182,1,0,1,anti_homophones
35078,zhUn4zhi4,9,-5.990964491667614,2,5.990964491667614,1,0,1,anti_homophones
35079,ling1xing2,10,-6.125849975391087,2,6.125849975391087,1,0,3,anti_homophones
35080,tang2wang4,10,-6.826604919009719,2,6.826604919009719,1,0,1,anti_homophones
35081,qLn2bLn4,8,-6.196642436246756,2,6.196642436246756,1,0,2,anti_homophones
35082,lLng2zhu4,9,-6.298199985374444,2,6.298199985374444,1,0,2,anti_homophones
35083,wE2jL1,6,-5.378194034451029,2,5.378194034451029,1,0,6,anti_homophones
35084,tV2bA4,6,-6.733640584197845,2,6.733640584197845,1,0,2,anti_homophones
35085,bQ4xing4,8,-5.563030043078697,2,5.563030043078697,1,0,5,anti_homophones
35086,ding2tong1,10,-6.783944752317121,2,6.783944752317121,1,0,0,anti_homophones
35087,bi4mi3,6,-5.753910831314931,2,5.753910831314931,1,0,2,anti_homophones
35088,qK2chang2,9,-6.070071536685721,2,6.070071536685721,1,0,2,anti_homophones
35089,ye3su4,6,-5.929378614278539,2,5.929378614278539,1,0,3,anti_homophones
35090,che1hQ2,7,-6.345944730348265,2,6.345944730348265,1,0,2,anti_homophones
35091,ci3yang1,8,-6.534357116739961,2,6.534357116739961,1,0,3,anti_homophones
35092,pE2jLn4,7,-6.1137110834279,2,6.1137110834279,1,0,1,anti_homophones
35093,dW4yong3,8,-6.707071495071634,2,6.707071495071634,1,0,1,anti_homophones
35094,tLn1ting3,9,-6.482205596324519,2,6.482205596324519,1,0,1,anti_homophones
35095,zhu1si1,7,-6.498219518618457,2,6.498219518618457,1,0,3,anti_homophones
35096,cQ1zhang5,9,-7.632434462308832,2,7.632434462308832,1,0,0,anti_homophones
35097,zhV1dong2,9,-7.051061876537186,2,7.051061876537186,1,0,2,anti_homophones
35098,yun4zhu4,8,-5.831632714051539,2,5.831632714051539,1,0,0,anti_homophones
35099,yV3yin1,7,-5.607543835808202,2,5.607543835808202,1,0,4,anti_homophones
35100,chV2xM4,7,-6.165063067235796,2,6.165063067235796,1,0,1,anti_homophones
35101,wA4xLn3,7,-5.9554862912689,2,5.9554862912689,1,0,0,anti_homophones
35102,jLn4hV4,7,-5.671345637028642,2,5.671345637028642,1,0,7,anti_homophones
35103,mQ2bing2,8,-5.6599724024187426,2,5.6599724024187426,1,0,2,anti_homophones
35104,fE1xM4,6,-6.23225479602155,2,6.23225479602155,1,0,2,anti_homophones
35105,en1rQ3,6,-6.9346503920890825,2,6.9346503920890825,1,0,0,anti_homophones
35106,ye3tu3,6,-6.003654737788653,2,6.003654737788653,1,0,2,anti_homophones
35107,leng1xLng3,10,-6.507404107177876,2,6.507404107177876,1,0,1,anti_homophones
35108,che1qing1,9,-6.851398253087391,2,6.851398253087391,1,0,1,anti_homophones
35109,xi3jLn4,7,-5.452203440323545,2,5.452203440323545,1,0,3,anti_homophones
35110,chen4hO4,8,-6.525539528668413,2,6.525539528668413,1,0,1,anti_homophones
35111,du2man3,7,-6.366531027353718,2,6.366531027353718,1,0,1,anti_homophones
35112,tong4song4,10,-6.708142212515007,2,6.708142212515007,1,0,1,anti_homophones
35113,ting2yQ4,8,-6.509352979347071,2,6.509352979347071,1,0,1,anti_homophones
35114,yu4ji2,6,-5.161489266073668,2,5.161489266073668,1,0,12,anti_homophones
35115,yu3xi1,6,-6.214653384616521,2,6.214653384616521,1,0,3,anti_homophones
35116,lLng3yong4,10,-6.721134645758518,2,6.721134645758518,1,0,1,anti_homophones
35117,lu4da4,6,-6.999861996672404,2,6.999861996672404,1,0,3,anti_homophones
35118,xC2wang3,8,-6.929563862402275,2,6.929563862402275,1,0,0,anti_homophones
35119,chu3dQ3,7,-6.27598407546319,2,6.27598407546319,1,0,2,anti_homophones
35120,jW4yUn2,7,-5.180190970180193,2,5.180190970180193,1,0,3,anti_homophones
35121,mQ2kQ4,6,-6.0079410725761315,2,6.0079410725761315,1,0,3,anti_homophones
35122,shV3gI4,7,-6.078287751409462,2,6.078287751409462,1,0,0,anti_homophones
35123,fu2yong2,8,-6.304794309678335,2,6.304794309678335,1,0,2,anti_homophones
35124,chQ1ge1,7,-5.898632540186075,2,5.898632540186075,1,0,0,anti_homophones
35125,chun3xLn4,9,-6.285559354730975,2,6.285559354730975,1,0,1,anti_homophones
35126,gong1si1,8,-5.631405023494973,2,5.631405023494973,1,0,2,anti_homophones
35127,leng1rQ3,8,-6.757841779650934,2,6.757841779650934,1,0,2,anti_homophones
35128,zi4fu5,6,-5.839689873267774,2,5.839689873267774,1,0,4,anti_homophones
35129,cha2jUn4,8,-5.541434517787316,2,5.541434517787316,1,0,0,anti_homophones
35130,tu2teng1,8,-6.995720483796285,2,6.995720483796285,1,0,0,anti_homophones
35131,yang2li4,8,-5.522004533301168,2,5.522004533301168,1,0,10,anti_homophones
35132,yUn2zheng1,10,-5.678301672121064,2,5.678301672121064,1,0,3,anti_homophones
35133,mE2chu1,7,-5.87905476975698,2,5.87905476975698,1,0,1,anti_homophones
35134,gUn3ling2,9,-6.2834683876368995,2,6.2834683876368995,1,0,1,anti_homophones
35135,la1ke2,6,-6.761629533191216,2,6.761629533191216,1,0,0,anti_homophones
35136,xing4cun2,9,-6.442860892271827,2,6.442860892271827,1,0,1,anti_homophones
35137,bi4xYng1,8,-6.199173133656014,2,6.199173133656014,1,0,0,anti_homophones
35138,shV3jUn3,8,-6.3647418191751015,2,6.3647418191751015,1,0,2,anti_homophones
35139,shV1nan2,8,-6.038716288066771,2,6.038716288066771,1,0,2,anti_homophones
35140,xing4yi3,8,-6.169282145111855,2,6.169282145111855,1,0,1,anti_homophones
35141,ya1qW3,6,-6.82157532660352,2,6.82157532660352,1,0,0,anti_homophones
35142,xing2hu5,8,-6.119354170128634,2,6.119354170128634,1,0,3,anti_homophones
35143,fE1fan1,7,-6.313467270174874,2,6.313467270174874,1,0,3,anti_homophones
35144,dV4yu4,6,-5.826007942977649,2,5.826007942977649,1,0,7,anti_homophones
35145,fu4mu3,6,-5.395833754905616,2,5.395833754905616,1,0,4,anti_homophones
35146,ru3tV5,6,-6.020383553117791,2,6.020383553117791,1,0,6,anti_homophones
35147,ke4hun2,7,-6.862330963822356,2,6.862330963822356,1,0,1,anti_homophones
35148,li4gO4,6,-6.319571445745768,2,6.319571445745768,1,0,3,anti_homophones
35149,jing3jLng1,10,-6.761899473669736,2,6.761899473669736,1,0,2,anti_homophones
35150,du2qing2,8,-6.10209943754863,2,6.10209943754863,1,0,5,anti_homophones
35151,ping2zi5,8,-5.550369267698288,2,5.550369267698288,1,0,2,anti_homophones
35152,zong1kO4,8,-7.2716736919700455,2,7.2716736919700455,1,0,0,anti_homophones
35153,hO4sheng2,9,-6.158847221715379,2,6.158847221715379,1,0,0,anti_homophones
35154,er4chi4,7,-6.48210222253984,2,6.48210222253984,1,0,0,anti_homophones
35155,mQ2bQ4,6,-5.685685981859669,2,5.685685981859669,1,0,7,anti_homophones
35156,zan4ju2,7,-6.468112850527186,2,6.468112850527186,1,0,5,anti_homophones
35157,yV4xW4,6,-5.899320390088992,2,5.899320390088992,1,0,6,anti_homophones
35158,pin3ru4,7,-5.815415414242475,2,5.815415414242475,1,0,2,anti_homophones
35159,hu1ku4,6,-6.34932157844006,2,6.34932157844006,1,0,5,anti_homophones
35160,chUng4ju4,9,-6.342734894128708,2,6.342734894128708,1,0,2,anti_homophones
35161,bu4e2,5,-5.5033172995151585,2,5.5033172995151585,1,0,8,anti_homophones
35162,xin4hO4,7,-6.044916628035641,2,6.044916628035641,1,0,3,anti_homophones
35163,qing1li4,8,-5.5243161861790115,2,5.5243161861790115,1,0,9,anti_homophones
35164,shu1shV3,8,-5.441992141257035,2,5.441992141257035,1,0,2,anti_homophones
35165,qM1xM4,6,-6.348205997973925,2,6.348205997973925,1,0,3,anti_homophones
35166,tI1na2,6,-6.669734270871828,2,6.669734270871828,1,0,0,anti_homophones
35167,yQ4bu4,6,-5.517674528763626,2,5.517674528763626,1,0,10,anti_homophones
35168,tLn1na4,7,-5.864723129202349,2,5.864723129202349,1,0,2,anti_homophones
35169,chang4fu5,9,-6.629091371368828,2,6.629091371368828,1,0,1,anti_homophones
35170,shi1ba1,7,-6.161413879839817,2,6.161413879839817,1,0,1,anti_homophones
35171,dO4xLn4,7,-6.303358554907939,2,6.303358554907939,1,0,3,anti_homophones
35172,te4ju1,6,-6.37722806173285,2,6.37722806173285,1,0,3,anti_homophones
35173,shang3dQ4,9,-5.687303563393398,2,5.687303563393398,1,0,4,anti_homophones
35174,da3zhan4,8,-5.529052326788777,2,5.529052326788777,1,0,3,anti_homophones
35175,cI1mLn4,7,-4.94609172751109,2,4.94609172751109,1,0,2,anti_homophones
35176,yan3wu4,7,-5.757143187388583,2,5.757143187388583,1,0,7,anti_homophones
35177,ying1tO2,8,-7.530575938705702,2,7.530575938705702,1,0,1,anti_homophones
35178,yC4can2,7,-6.277346479919004,2,6.277346479919004,1,0,1,anti_homophones
35179,bi4bQ4,6,-5.488139465352494,2,5.488139465352494,1,0,3,anti_homophones
35180,gO4mi3,6,-5.848788952818641,2,5.848788952818641,1,0,1,anti_homophones
35181,chong1dQ4,9,-5.939989923116925,2,5.939989923116925,1,0,2,anti_homophones
35182,gUn3chu4,8,-6.2182396268705356,2,6.2182396268705356,1,0,2,anti_homophones
35183,chu4ju1,7,-6.474865739996517,2,6.474865739996517,1,0,3,anti_homophones
35184,shV1jK1,7,-6.660925466160658,2,6.660925466160658,1,0,2,anti_homophones
35185,che1zhQ4,8,-6.082773512081712,2,6.082773512081712,1,0,3,anti_homophones
35186,tQ2xi1,6,-6.919602105347521,2,6.919602105347521,1,0,1,anti_homophones
35187,shQ3dang2,9,-7.17508347257736,2,7.17508347257736,1,0,0,anti_homophones
35188,mE3ren4,7,-5.3229317144381865,2,5.3229317144381865,1,0,1,anti_homophones
35189,long1xLng4,10,-6.573665070106592,2,6.573665070106592,1,0,0,anti_homophones
35190,dW1lK2,6,-5.413689103556349,2,5.413689103556349,1,0,2,anti_homophones
35191,ming4tan1,9,-6.947819508064584,2,6.947819508064584,1,0,0,anti_homophones
35192,lQ3yun2,7,-6.248446025028479,2,6.248446025028479,1,0,3,anti_homophones
35193,jing4shi4,9,-5.205119139442842,2,5.205119139442842,1,0,7,anti_homophones
35194,lK2jK3,6,-6.354811305221863,2,6.354811305221863,1,0,1,anti_homophones
35195,ming2zhe3,9,-5.833610768492723,2,5.833610768492723,1,0,3,anti_homophones
35196,wE4bM2,6,-5.972931725173423,2,5.972931725173423,1,0,1,anti_homophones
35197,fen1qi1,7,-5.462733154737536,2,5.462733154737536,1,0,2,anti_homophones
35198,shQ1pQ4,7,-6.275379710593134,2,6.275379710593134,1,0,1,anti_homophones
35199,chen2mi4,8,-6.448479957007952,2,6.448479957007952,1,0,0,anti_homophones
35200,shan4xLng4,10,-6.101569169605022,2,6.101569169605022,1,0,0,anti_homophones
35201,jing4mLn4,9,-5.799253069441247,2,5.799253069441247,1,0,3,anti_homophones
35202,tUn2gQ4,7,-7.642772632561973,2,7.642772632561973,1,0,0,anti_homophones
35203,yu2tu2,6,-5.926222101285792,2,5.926222101285792,1,0,4,anti_homophones
35204,tO1e2,5,-5.431444974320241,2,5.431444974320241,1,0,1,anti_homophones
35205,hUng4men2,9,-6.866385391309868,2,6.866385391309868,1,0,0,anti_homophones
35206,yi1dan4,7,-5.271879775172206,2,5.271879775172206,1,0,6,anti_homophones
35207,zhen4qi4,8,-5.651732142954702,2,5.651732142954702,1,0,0,anti_homophones
35208,yV1dLn4,7,-5.633659522375201,2,5.633659522375201,1,0,4,anti_homophones
35209,shen1feng1,10,-5.80945847805858,2,5.80945847805858,1,0,1,anti_homophones
35210,man3ji2,7,-5.8883048371906686,2,5.8883048371906686,1,0,6,anti_homophones
35211,dUn1di4,7,-6.260767908558029,2,6.260767908558029,1,0,4,anti_homophones
35212,gu1lV2,6,-5.442818634289527,2,5.442818634289527,1,0,3,anti_homophones
35213,hU1shV3,7,-5.298436997338632,2,5.298436997338632,1,0,3,anti_homophones
35214,kA1fang1,8,-5.386720429332373,2,5.386720429332373,1,0,2,anti_homophones
35215,feng4zheng3,11,-6.823319826655906,2,6.823319826655906,1,0,0,anti_homophones
35216,shen1ze2,8,-6.016403233651278,2,6.016403233651278,1,0,1,anti_homophones
35217,zhi1li4,7,-5.061125641720449,2,5.061125641720449,1,0,10,anti_homophones
35218,jin1xLn1,8,-5.969328498684249,2,5.969328498684249,1,0,2,anti_homophones
35219,bu4gI1,6,-5.452147305347995,2,5.452147305347995,1,0,3,anti_homophones
35220,gV3qing2,8,-6.53934749233396,2,6.53934749233396,1,0,2,anti_homophones
35221,zha4di2,7,-6.881870524765584,2,6.881870524765584,1,0,1,anti_homophones
35222,he2ban4,7,-5.397510652004055,2,5.397510652004055,1,0,3,anti_homophones
35223,dQ3ji1,6,-6.1075419837189076,2,6.1075419837189076,1,0,5,anti_homophones
35224,ren2yan3,8,-5.791234596295093,2,5.791234596295093,1,0,1,anti_homophones
35225,zV3xLng1,8,-6.081948174448579,2,6.081948174448579,1,0,0,anti_homophones
35226,zhi3tUn2,8,-6.232837827393955,2,6.232837827393955,1,0,2,anti_homophones
35227,xin1gang1,9,-6.612773314593512,2,6.612773314593512,1,0,1,anti_homophones
35228,shI3jM2,7,-5.345606103070842,2,5.345606103070842,1,0,1,anti_homophones
35229,fan4sUn1,8,-6.13089826133575,2,6.13089826133575,1,0,2,anti_homophones
35230,jW1jL1,6,-5.097055060272802,2,5.097055060272802,1,0,5,anti_homophones
35231,xW1ya1,6,-5.768871368787901,2,5.768871368787901,1,0,6,anti_homophones
35232,ba1chong2,9,-7.254695191510033,2,7.254695191510033,1,0,0,anti_homophones
35233,si3shO4,7,-6.937725533447942,2,6.937725533447942,1,0,1,anti_homophones
35234,xC4qW3,6,-6.051368396500705,2,6.051368396500705,1,0,0,anti_homophones
35235,qin2ji2,7,-5.805348225640701,2,5.805348225640701,1,0,2,anti_homophones
35236,man3gu3,7,-5.866568210708767,2,5.866568210708767,1,0,3,anti_homophones
35237,xW3chu1y1,9,-10.028420371754075,2,10.028420371754075,1,0,0,anti_homophones
35238,dang2hong1,10,-6.81642912578056,2,6.81642912578056,1,0,2,anti_homophones
35239,mang2se4,8,-5.9813589971162235,2,5.9813589971162235,1,0,4,anti_homophones
35240,qin2feng4,9,-6.398698018063814,2,6.398698018063814,1,0,2,anti_homophones
35241,xM4pLn2,7,-8.489923080664774,2,8.489923080664774,1,0,0,anti_homophones
35242,xi4li2,6,-6.383222442793361,2,6.383222442793361,1,0,3,anti_homophones
35243,xK4qK2,6,-5.801055601033331,2,5.801055601033331,1,0,0,anti_homophones
35244,fa1ya3,6,-6.049952873935302,2,6.049952873935302,1,0,1,anti_homophones
35245,du4xW1,6,-7.542068163169929,2,7.542068163169929,1,0,1,anti_homophones
35246,chUng2gang3,11,-7.509758560788048,2,7.509758560788048,1,0,0,anti_homophones
35247,fan4chI2,8,-7.190551698465748,2,7.190551698465748,1,0,3,anti_homophones
35248,bu4yC1,6,-5.687147689933383,2,5.687147689933383,1,0,1,anti_homophones
35249,shu1tA2,7,-6.413837072462568,2,6.413837072462568,1,0,2,anti_homophones
35250,wu3gu3,6,-5.353879671078277,2,5.353879671078277,1,0,5,anti_homophones
35251,nLn2lK2,7,-5.84820398944813,2,5.84820398944813,1,0,1,anti_homophones
35252,ya4du2,6,-6.854616522673418,2,6.854616522673418,1,0,2,anti_homophones
35253,gong2de5,8,-5.846276973993522,2,5.846276973993522,1,0,0,anti_homophones
35254,pu1jin3,7,-7.089114178119375,2,7.089114178119375,1,0,1,anti_homophones
35255,tW3xC2,6,-6.090299338503636,2,6.090299338503636,1,0,3,anti_homophones
35256,wE2ju1,6,-5.945309846657728,2,5.945309846657728,1,0,4,anti_homophones
35257,ji3ping4,8,-6.416014798335694,2,6.416014798335694,1,0,0,anti_homophones
35258,la1jC2,6,-5.2715383118901835,2,5.2715383118901835,1,0,2,anti_homophones
35259,yang4hI4,8,-6.009175975966064,2,6.009175975966064,1,0,3,anti_homophones
35260,zA1mA2,6,-7.27731371290345,2,7.27731371290345,1,0,0,anti_homophones
35261,pW1yi4,6,-5.259429950163007,2,5.259429950163007,1,0,3,anti_homophones
35262,hun4ji4,7,-6.0680861016442345,2,6.0680861016442345,1,0,1,anti_homophones
35263,di4li4,6,-5.020366402905527,2,5.020366402905527,1,0,12,anti_homophones
35264,fang3xLn1,9,-6.4446359997131095,2,6.4446359997131095,1,0,0,anti_homophones
35265,kA1hU4,6,-4.818374723414786,2,4.818374723414786,1,0,3,anti_homophones
35266,yQ2hA4,6,-5.977049971109196,2,5.977049971109196,1,0,1,anti_homophones
35267,xUn2dUn3,8,-6.745146210784771,2,6.745146210784771,1,0,2,anti_homophones
35268,zhong1lE4,9,-6.341466846191306,2,6.341466846191306,1,0,1,anti_homophones
35269,ti3he2,6,-6.044639200469714,2,6.044639200469714,1,0,3,anti_homophones
35270,bQ2man3,7,-7.704202255340364,2,7.704202255340364,1,0,0,anti_homophones
35271,kan1nan4,8,-7.564387285203569,2,7.564387285203569,1,0,0,anti_homophones
35272,gV4tV2,6,-5.932487827510396,2,5.932487827510396,1,0,1,anti_homophones
35273,hang1yin3,9,-6.641377615597015,2,6.641377615597015,1,0,0,anti_homophones
35274,san1xW4,7,-6.206097271911435,2,6.206097271911435,1,0,1,anti_homophones
35275,hO2xi2,6,-6.405762458807834,2,6.405762458807834,1,0,1,anti_homophones
35276,dI4ding4,8,-6.078521099307735,2,6.078521099307735,1,0,2,anti_homophones
35277,sheng1A4,8,-5.814855573675837,2,5.814855573675837,1,0,2,anti_homophones
35278,tM3chV2,7,-6.486066780536008,2,6.486066780536008,1,0,1,anti_homophones
35279,xM2qing1,8,-6.463768449975846,2,6.463768449975846,1,0,0,anti_homophones
35280,jLn4song4,9,-6.325040045132749,2,6.325040045132749,1,0,2,anti_homophones
35281,bing4lan2,9,-6.754249855861065,2,6.754249855861065,1,0,1,anti_homophones
35282,jLn3yong2,9,-6.518013990905598,2,6.518013990905598,1,0,1,anti_homophones
35283,zha1e2,6,-6.227498488072335,2,6.227498488072335,1,0,0,anti_homophones
35284,jLng2er2,8,-6.540269107759565,2,6.540269107759565,1,0,1,anti_homophones
35285,tu2fu2,6,-6.7737079354890435,2,6.7737079354890435,1,0,2,anti_homophones
35286,zi4yu3,6,-4.991533905824142,2,4.991533905824142,1,0,9,anti_homophones
35287,kong2ren4,9,-6.345284261479848,2,6.345284261479848,1,0,1,anti_homophones
35288,wang1yV4,8,-7.576427629730209,2,7.576427629730209,1,0,0,anti_homophones
35289,qing1jM3,8,-6.374287448295117,2,6.374287448295117,1,0,3,anti_homophones
35290,shen1xW4,8,-5.79336258875958,2,5.79336258875958,1,0,3,anti_homophones
35291,she4ye2,7,-6.4855925008420865,2,6.4855925008420865,1,0,3,anti_homophones
35292,gong4li4,8,-5.210553489025796,2,5.210553489025796,1,0,2,anti_homophones
35293,ben1shen4,9,-6.993242607203549,2,6.993242607203549,1,0,0,anti_homophones
35294,gong1shI4,9,-6.200615715680549,2,6.200615715680549,1,0,2,anti_homophones
35295,zhi1ling1,9,-6.12812897664278,2,6.12812897664278,1,0,2,anti_homophones
35296,hUng3dan1,9,-7.321394022266866,2,7.321394022266866,1,0,0,anti_homophones
35297,yan2tV2,7,-5.473290169624442,2,5.473290169624442,1,0,4,anti_homophones
35298,jing2gV4,8,-6.210932320285573,2,6.210932320285573,1,0,1,anti_homophones
35299,hong4lun2,9,-6.917623527424425,2,6.917623527424425,1,0,0,anti_homophones
35300,pLn4shu4,8,-6.072195616436037,2,6.072195616436037,1,0,4,anti_homophones
35301,wA4qun2,7,-6.9963716264780516,2,6.9963716264780516,1,0,2,anti_homophones
35302,fV3yi4,6,-7.336704276979984,2,7.336704276979984,1,0,5,anti_homophones
35303,hong2shan1,10,-7.250394601858358,2,7.250394601858358,1,0,0,anti_homophones
35304,zhA2zha4,8,-7.33919520899318,2,7.33919520899318,1,0,1,anti_homophones
35305,ba1jLn1,7,-6.205980716580575,2,6.205980716580575,1,0,2,anti_homophones
35306,er4yin2,7,-6.510521076253528,2,6.510521076253528,1,0,2,anti_homophones
35307,xing2pQ2,8,-6.222202042910943,2,6.222202042910943,1,0,1,anti_homophones
35308,fa1man2,7,-6.534998540339957,2,6.534998540339957,1,0,1,anti_homophones
35309,yV1mE2,6,-5.967740332577716,2,5.967740332577716,1,0,0,anti_homophones
35310,yi1ku3,6,-5.184624648893701,2,5.184624648893701,1,0,10,anti_homophones
35311,yV4yV2,6,-6.324435590360536,2,6.324435590360536,1,0,6,anti_homophones
35312,ye1chan3,8,-6.9292451024114055,2,6.9292451024114055,1,0,0,anti_homophones
35313,fang2shi2,9,-5.582079813856856,2,5.582079813856856,1,0,3,anti_homophones
35314,ti2gV4,6,-6.121549297297646,2,6.121549297297646,1,0,0,anti_homophones
35315,pan2qi4,7,-5.72865908907195,2,5.72865908907195,1,0,3,anti_homophones
35316,pan4shang2,10,-6.7423190801332025,2,6.7423190801332025,1,0,3,anti_homophones
35317,yin1qu3,7,-6.057103068256922,2,6.057103068256922,1,0,3,anti_homophones
35318,bi4qC2,6,-8.820059989048803,2,8.820059989048803,1,0,1,anti_homophones
35319,ye3zhi4,7,-5.765394081410661,2,5.765394081410661,1,0,6,anti_homophones
35320,zhu4lE4,7,-6.07001849194093,2,6.07001849194093,1,0,6,anti_homophones
35321,jM2cha1,7,-6.197784283668981,2,6.197784283668981,1,0,0,anti_homophones
35322,dUn1hO3,7,-6.760218377385608,2,6.760218377385608,1,0,0,anti_homophones
35323,chang3qi4,9,-5.527957371156099,2,5.527957371156099,1,0,4,anti_homophones
35324,qYng3chang3,11,-8.350115974454518,2,8.350115974454518,1,0,0,anti_homophones
35325,shu1yi1,7,-6.128684974150275,2,6.128684974150275,1,0,1,anti_homophones
35326,ru2jK1,6,-7.385753293753172,2,7.385753293753172,1,0,1,anti_homophones
35327,feng2gV2,8,-7.888344127354049,2,7.888344127354049,1,0,0,anti_homophones
35328,shI3hun1,8,-6.164704981547849,2,6.164704981547849,1,0,0,anti_homophones
35329,lin2min2,8,-6.2432016815296105,2,6.2432016815296105,1,0,0,anti_homophones
35330,yQ2yong1,8,-5.870635131950122,2,5.870635131950122,1,0,3,anti_homophones
35331,zhang2che1,10,-5.9527311546075214,2,5.9527311546075214,1,0,0,anti_homophones
35332,xLn4chUng1,10,-6.248270687325927,2,6.248270687325927,1,0,1,anti_homophones
35333,mo4shu2,7,-6.656997998897239,2,6.656997998897239,1,0,1,anti_homophones
35334,zhi1ben3,8,-5.439907364471647,2,5.439907364471647,1,0,1,anti_homophones
35335,hUn3hong3,9,-7.214743399941031,2,7.214743399941031,1,0,0,anti_homophones
35336,se4li3,6,-6.430591859375675,2,6.430591859375675,1,0,1,anti_homophones
35337,xM2tan1,7,-6.294240895444729,2,6.294240895444729,1,0,2,anti_homophones
35338,rV4ma3,6,-6.113280745741083,2,6.113280745741083,1,0,2,anti_homophones
35339,du3yi4,6,-5.7336351641800745,2,5.7336351641800745,1,0,11,anti_homophones
35340,min2ca1,7,-7.103853625997832,2,7.103853625997832,1,0,0,anti_homophones
35341,tu3shV3,7,-6.208151169557652,2,6.208151169557652,1,0,7,anti_homophones
35342,shen2zV4,8,-6.598809462245108,2,6.598809462245108,1,0,1,anti_homophones
35343,bQ1jLng3,8,-6.794728290921505,2,6.794728290921505,1,0,0,anti_homophones
35344,ke3ke3,6,-5.826629933258428,2,5.826629933258428,1,0,6,anti_homophones
35345,na4kV3,6,-6.124250847737508,2,6.124250847737508,1,0,3,anti_homophones
35346,kQ3bQ4,6,-6.231786942891255,2,6.231786942891255,1,0,1,anti_homophones
35347,heng1bing1,10,-7.037804710630661,2,7.037804710630661,1,0,2,anti_homophones
35348,zhUng2fang1,11,-6.894140725375754,2,6.894140725375754,1,0,0,anti_homophones
35349,mo4ye4,6,-6.02465534458952,2,6.02465534458952,1,0,0,anti_homophones
35350,zheng4zi3,9,-6.1167579095976565,2,6.1167579095976565,1,0,3,anti_homophones
35351,tW4di2,6,-6.996997225034275,2,6.996997225034275,1,0,0,anti_homophones
35352,shQ4jL4,7,-6.140550746334408,2,6.140550746334408,1,0,1,anti_homophones
35353,zhI1jing2,9,-6.220624851289794,2,6.220624851289794,1,0,0,anti_homophones
35354,fa1zhi4,7,-5.474541549971551,2,5.474541549971551,1,0,2,anti_homophones
35355,yin3yan3,8,-5.932742970130032,2,5.932742970130032,1,0,0,anti_homophones
35356,wu2zhi1,7,-5.339259787172194,2,5.339259787172194,1,0,6,anti_homophones
35357,gong1hU1,8,-5.747601284905316,2,5.747601284905316,1,0,2,anti_homophones
35358,shang3lQ5,9,-6.983873603337383,2,6.983873603337383,1,0,0,anti_homophones
35359,ben3xLng2,9,-6.236815968995701,2,6.236815968995701,1,0,0,anti_homophones
35360,ye2er5,6,-5.506172724828307,2,5.506172724828307,1,0,2,anti_homophones
35361,she4wE4,7,-5.916074799500463,2,5.916074799500463,1,0,5,anti_homophones
35362,bu3tong1,8,-6.240743346807885,2,6.240743346807885,1,0,9,anti_homophones
35363,gUn3ran2,8,-5.601997540036274,2,5.601997540036274,1,0,3,anti_homophones
35364,tI1se4,6,-5.464543037471268,2,5.464543037471268,1,0,2,anti_homophones
35365,lan2jLn3,8,-6.580404170264861,2,6.580404170264861,1,0,1,anti_homophones
35366,pi2jLn4,7,-5.461322319626852,2,5.461322319626852,1,0,4,anti_homophones
35367,bE1tV2,6,-5.924005418680756,2,5.924005418680756,1,0,2,anti_homophones
35368,shan4sA4,8,-6.4165670765499945,2,6.4165670765499945,1,0,0,anti_homophones
35369,teng1fu4,8,-6.989447214835641,2,6.989447214835641,1,0,1,anti_homophones
35370,hQ3ba5,6,-6.369220540957095,2,6.369220540957095,1,0,1,anti_homophones
35371,dA4gong4,8,-6.025067146856587,2,6.025067146856587,1,0,2,anti_homophones
35372,wE2shi5,7,-6.551335554790781,2,6.551335554790781,1,0,1,anti_homophones
35373,jing4e2,7,-6.364379032722489,2,6.364379032722489,1,0,0,anti_homophones
35374,gUn1xi1,7,-5.552747553907465,2,5.552747553907465,1,0,4,anti_homophones
35375,ding4hO4,8,-6.3063424172217015,2,6.3063424172217015,1,0,3,anti_homophones
35376,dW1zhan4,8,-6.479717523781771,2,6.479717523781771,1,0,0,anti_homophones
35377,ge1ye4,6,-5.957754186536475,2,5.957754186536475,1,0,4,anti_homophones
35378,ju3bW1,6,-6.233204988792322,2,6.233204988792322,1,0,1,anti_homophones
35379,jK1di4,6,-6.262120132339371,2,6.262120132339371,1,0,4,anti_homophones
35380,bA3tong2,8,-6.562295191393468,2,6.562295191393468,1,0,0,anti_homophones
35381,xW3xing1,8,-5.138475413745391,2,5.138475413745391,1,0,5,anti_homophones
35382,pin3lu4,7,-5.500665371643615,2,5.500665371643615,1,0,5,anti_homophones
35383,fa1bing1,8,-6.404303510200772,2,6.404303510200772,1,0,2,anti_homophones
35384,da3ting4,8,-5.8217035990426265,2,5.8217035990426265,1,0,2,anti_homophones
35385,wE1li3,6,-5.85680251467111,2,5.85680251467111,1,0,1,anti_homophones
35386,shUn3xun2,9,-8.008084270828233,2,8.008084270828233,1,0,0,anti_homophones
35387,xUn2wE4,7,-5.952271235479039,2,5.952271235479039,1,0,1,anti_homophones
35388,bM2yun1,7,-7.549102625445752,2,7.549102625445752,1,0,1,anti_homophones
35389,qing2men4,9,-6.6991310703409725,2,6.6991310703409725,1,0,1,anti_homophones
35390,zu2ren2,7,-5.908545835050623,2,5.908545835050623,1,0,7,anti_homophones
35391,lu2qing2,8,-6.8512071401319075,2,6.8512071401319075,1,0,3,anti_homophones
35392,gUng1xLng1,10,-6.259626294337396,2,6.259626294337396,1,0,1,anti_homophones
35393,chong4qu3,9,-6.473695422864873,2,6.473695422864873,1,0,0,anti_homophones
35394,ma3lLng1,8,-6.384513360102552,2,6.384513360102552,1,0,0,anti_homophones
35395,yi4she3,7,-6.324450155048753,2,6.324450155048753,1,0,5,anti_homophones
35396,di1xing4,8,-5.962484822619964,2,5.962484822619964,1,0,6,anti_homophones
35397,jC2mM4,6,-5.358535030605528,2,5.358535030605528,1,0,0,anti_homophones
35398,shu1xi3,7,-6.031316614317881,2,6.031316614317881,1,0,2,anti_homophones
35399,ke3hO4,6,-5.498706268633171,2,5.498706268633171,1,0,3,anti_homophones
35400,wu2cQ1,6,-6.053085018578057,2,6.053085018578057,1,0,2,anti_homophones
35401,sheng2se4,9,-5.120223745443506,2,5.120223745443506,1,0,4,anti_homophones
35402,bing2jLn3,9,-6.193681190678933,2,6.193681190678933,1,0,0,anti_homophones
35403,dong1ding1,10,-6.629556051901839,2,6.629556051901839,1,0,1,anti_homophones
35404,fa1yi4,6,-5.082844884404696,2,5.082844884404696,1,0,9,anti_homophones
35405,ling2qi3,8,-6.412922037044948,2,6.412922037044948,1,0,4,anti_homophones
35406,long4tA2,8,-6.66520406258591,2,6.66520406258591,1,0,0,anti_homophones
35407,hE1hUng3,8,-6.669801005228445,2,6.669801005228445,1,0,1,anti_homophones
35408,qLn2feng2,9,-6.0141303825386325,2,6.0141303825386325,1,0,1,anti_homophones
35409,zhan3yi4,8,-5.80149928245181,2,5.80149928245181,1,0,2,anti_homophones
35410,yV2di3,6,-5.580316705164474,2,5.580316705164474,1,0,1,anti_homophones
35411,ji1po4,6,-6.047057825825648,2,6.047057825825648,1,0,2,anti_homophones
35412,tV1lM4,6,-5.358428507061991,2,5.358428507061991,1,0,3,anti_homophones
35413,ren2kang3,9,-6.768345165390287,2,6.768345165390287,1,0,0,anti_homophones
35414,hP2ying4,8,-6.433919886678343,2,6.433919886678343,1,0,1,anti_homophones
35415,jLn1zhQ4,8,-5.989609787290412,2,5.989609787290412,1,0,1,anti_homophones
35416,fu4shP4,7,-6.000362817213975,2,6.000362817213975,1,0,3,anti_homophones
35417,xM1xing4,8,-6.430174657988016,2,6.430174657988016,1,0,4,anti_homophones
35418,cA2si1,6,-6.10483908028066,2,6.10483908028066,1,0,2,anti_homophones
35419,xLng4zhen4,10,-6.44343518299916,2,6.44343518299916,1,0,2,anti_homophones
35420,leng2lM4,8,-6.64857528087533,2,6.64857528087533,1,0,3,anti_homophones
35421,wE1ju4,6,-5.509080072221288,2,5.509080072221288,1,0,3,anti_homophones
35422,wE2qUn1,7,-6.442541964304953,2,6.442541964304953,1,0,2,anti_homophones
35423,shi4pu4,7,-5.788608347487997,2,5.788608347487997,1,0,5,anti_homophones
35424,chen3wu1,8,-7.250196405110709,2,7.250196405110709,1,0,1,anti_homophones
35425,shi1yan3,8,-5.653790827619497,2,5.653790827619497,1,0,5,anti_homophones
35426,yang2xing4,10,-5.8361205797719755,2,5.8361205797719755,1,0,5,anti_homophones
35427,cha1ren4,8,-6.141981525850954,2,6.141981525850954,1,0,1,anti_homophones
35428,san1shen4,9,-6.547470219826444,2,6.547470219826444,1,0,2,anti_homophones
35429,ji4gO3,6,-6.281684146898208,2,6.281684146898208,1,0,3,anti_homophones
35430,peng2yV2,8,-6.7949964617831755,2,6.7949964617831755,1,0,0,anti_homophones
35431,zhUn1di4,8,-6.026322000205341,2,6.026322000205341,1,0,1,anti_homophones
35432,di3gUng1,8,-6.426865591038531,2,6.426865591038531,1,0,1,anti_homophones
35433,da3qK2,6,-5.217106766277234,2,5.217106766277234,1,0,1,anti_homophones
35434,zhong3dI4,9,-6.160665724352282,2,6.160665724352282,1,0,3,anti_homophones
35435,shV1xLng4,9,-5.794048009486011,2,5.794048009486011,1,0,3,anti_homophones
35436,xW1lLn2,7,-6.194412776295043,2,6.194412776295043,1,0,2,anti_homophones
35437,hu2nan2,7,-6.4361695826754595,2,6.4361695826754595,1,0,0,anti_homophones
35438,zO4yong3,8,-5.947314419143353,2,5.947314419143353,1,0,1,anti_homophones
35439,dO1gang4,8,-7.056367527711904,2,7.056367527711904,1,0,1,anti_homophones
35440,pen2ci4,7,-7.292247117925457,2,7.292247117925457,1,0,0,anti_homophones
35441,cong1shen3,10,-7.114921323289607,2,7.114921323289607,1,0,0,anti_homophones
35442,da4wE2,6,-5.755258304115989,2,5.755258304115989,1,0,1,anti_homophones
35443,bu4xi4,6,-5.516037272368095,2,5.516037272368095,1,0,7,anti_homophones
35444,qYn1li4,7,-8.446055477908603,2,8.446055477908603,1,0,2,anti_homophones
35445,gQ4jun1,7,-6.461432547187679,2,6.461432547187679,1,0,0,anti_homophones
35446,tI1gan3,7,-5.958297064182544,2,5.958297064182544,1,0,2,anti_homophones
35447,qK2dI4,6,-5.181998347223071,2,5.181998347223071,1,0,3,anti_homophones
35448,re4pLn4,7,-7.626009641429674,2,7.626009641429674,1,0,1,anti_homophones
35449,can3bW3,7,-6.694489389670242,2,6.694489389670242,1,0,2,anti_homophones
35450,zI4zhan4,8,-6.349607392361287,2,6.349607392361287,1,0,0,anti_homophones
35451,teng1ren2,9,-6.387959422458365,2,6.387959422458365,1,0,3,anti_homophones
35452,hO2jing4,8,-6.184126298934049,2,6.184126298934049,1,0,2,anti_homophones
35453,dLn4er3,7,-6.279040648895901,2,6.279040648895901,1,0,0,anti_homophones
35454,xing1jin4,9,-5.854581402033476,2,5.854581402033476,1,0,6,anti_homophones
35455,shV4fE4,7,-6.076319095833515,2,6.076319095833515,1,0,3,anti_homophones
35456,she2e2,6,-7.423816254686441,2,7.423816254686441,1,0,2,anti_homophones
35457,hu2tQ4,6,-5.781001469848565,2,5.781001469848565,1,0,1,anti_homophones
35458,dong3dUn4,9,-6.565007614637876,2,6.565007614637876,1,0,0,anti_homophones
35459,xL4bang4,8,-5.76953206495962,2,5.76953206495962,1,0,1,anti_homophones
35460,he2ku1,6,-6.461516091304719,2,6.461516091304719,1,0,2,anti_homophones
35461,ren2chUn2,9,-6.297920794938282,2,6.297920794938282,1,0,2,anti_homophones
35462,wang2dan1,9,-6.471316590122929,2,6.471316590122929,1,0,1,anti_homophones
35463,la1dan1,7,-6.063717402286554,2,6.063717402286554,1,0,1,anti_homophones
35464,jK4bE4,6,-6.670036956226814,2,6.670036956226814,1,0,4,anti_homophones
35465,ji4shQ2,7,-6.988632733488536,2,6.988632733488536,1,0,2,anti_homophones
35466,ji1lE4,6,-5.897664322910653,2,5.897664322910653,1,0,7,anti_homophones
35467,zhong4zhi4,10,-5.590861750790636,2,5.590861750790636,1,0,5,anti_homophones
35468,chun1fu5,8,-6.613531908878761,2,6.613531908878761,1,0,1,anti_homophones
35469,nK2xin1,7,-6.051452794328797,2,6.051452794328797,1,0,0,anti_homophones
35470,qin2pin3,8,-6.430041540014158,2,6.430041540014158,1,0,1,anti_homophones
35471,tLn1zheng4,10,-5.858606431538263,2,5.858606431538263,1,0,4,anti_homophones
35472,bA2pan2,7,-5.688854920193166,2,5.688854920193166,1,0,2,anti_homophones
35473,ci2zhe3,7,-5.784089983726765,2,5.784089983726765,1,0,3,anti_homophones
35474,zhen1qu3,8,-6.0644682572425594,2,6.0644682572425594,1,0,1,anti_homophones
35475,fan2zhu4,8,-6.242863800534547,2,6.242863800534547,1,0,0,anti_homophones
35476,jin4he1,7,-6.569658835581806,2,6.569658835581806,1,0,0,anti_homophones
35477,chang1ming3,11,-6.7887671513266215,2,6.7887671513266215,1,0,0,anti_homophones
35478,hun1qing2,9,-6.64322538195494,2,6.64322538195494,1,0,0,anti_homophones
35479,yong3xing4,10,-6.727730330469631,2,6.727730330469631,1,0,1,anti_homophones
35480,gang3dQ3,8,-6.66565114573158,2,6.66565114573158,1,0,2,anti_homophones
35481,da4hO4,6,-4.982380630312108,2,4.982380630312108,1,0,5,anti_homophones
35482,hU1tV2,6,-5.5503235780149955,2,5.5503235780149955,1,0,2,anti_homophones
35483,dan1pi2,7,-6.506532707285578,2,6.506532707285578,1,0,0,anti_homophones
35484,nong2bW3,8,-6.584176529719428,2,6.584176529719428,1,0,1,anti_homophones
35485,xLn4chen2,9,-6.184122998365411,2,6.184122998365411,1,0,2,anti_homophones
35486,can1tu2,7,-6.3533164830803734,2,6.3533164830803734,1,0,1,anti_homophones
35487,xin1gI4,7,-5.942246619073244,2,5.942246619073244,1,0,2,anti_homophones
35488,sI2hUn1,7,-6.7796270762388335,2,6.7796270762388335,1,0,0,anti_homophones
35489,kV1mo2,6,-5.809443713306668,2,5.809443713306668,1,0,1,anti_homophones
35490,gUn3jM4,7,-6.024360994097409,2,6.024360994097409,1,0,5,anti_homophones
35491,xL4yC1,6,-5.635758512597249,2,5.635758512597249,1,0,1,anti_homophones
35492,lin2mo4,7,-6.491583270729439,2,6.491583270729439,1,0,1,anti_homophones
35493,si3wE4,6,-5.235505162248326,2,5.235505162248326,1,0,6,anti_homophones
35494,xW3xLn4,7,-4.9843680696345265,2,4.9843680696345265,1,0,8,anti_homophones
35495,dQ3dA4,6,-5.801873071728243,2,5.801873071728243,1,0,6,anti_homophones
35496,yi1jC2,6,-5.346387132662104,2,5.346387132662104,1,0,3,anti_homophones
35497,ti4du4,6,-5.697550230387268,2,5.697550230387268,1,0,6,anti_homophones
35498,na3jK3,6,-6.428526398975831,2,6.428526398975831,1,0,1,anti_homophones
35499,mE3cQ1,6,-5.926771545790527,2,5.926771545790527,1,0,2,anti_homophones
35500,feng1yan2,9,-5.746647543305821,2,5.746647543305821,1,0,1,anti_homophones
35501,ya4min2,7,-6.433767967497255,2,6.433767967497255,1,0,1,anti_homophones
35502,yi1dA4,6,-4.8271737802150865,2,4.8271737802150865,1,0,10,anti_homophones
35503,zhong1dLn4,10,-5.506595142616033,2,5.506595142616033,1,0,4,anti_homophones
35504,meng1A2,7,-6.8801257779059535,2,6.8801257779059535,1,0,1,anti_homophones
35505,ru4sO4,6,-8.159347244476749,2,8.159347244476749,1,0,2,anti_homophones
35506,di4qUn2,7,-5.530449288900454,2,5.530449288900454,1,0,6,anti_homophones
35507,jW4sUn1,7,-5.655426156456162,2,5.655426156456162,1,0,1,anti_homophones
35508,pi2zhV2,7,-7.1126633546355675,2,7.1126633546355675,1,0,0,anti_homophones
35509,yan4zhi2,8,-6.153352413474838,2,6.153352413474838,1,0,2,anti_homophones
35510,gA3bLn4,7,-5.588362357703757,2,5.588362357703757,1,0,3,anti_homophones
35511,si1shu4,7,-5.556577496618171,2,5.556577496618171,1,0,6,anti_homophones
35512,da3chu4,7,-5.623039412891053,2,5.623039412891053,1,0,1,anti_homophones
35513,ye3zhi1,7,-5.959770240672839,2,5.959770240672839,1,0,3,anti_homophones
35514,qi3yu3,6,-5.3226874842918335,2,5.3226874842918335,1,0,4,anti_homophones
35515,dV4ban1,7,-6.198328087195633,2,6.198328087195633,1,0,1,anti_homophones
35516,bA2gQ3,6,-5.6740415490266845,2,5.6740415490266845,1,0,2,anti_homophones
35517,fang4ge1,8,-6.3343947232374695,2,6.3343947232374695,1,0,1,anti_homophones
35518,wen1lu4,7,-6.480030124946339,2,6.480030124946339,1,0,3,anti_homophones
35519,yi3fu4,6,-5.4598842247509145,2,5.4598842247509145,1,0,3,anti_homophones
35520,lin2yUn4,8,-6.003184273497821,2,6.003184273497821,1,0,3,anti_homophones
35521,shu4nv4,7,-7.412312196081487,2,7.412312196081487,1,0,2,anti_homophones
35522,si3lun4,7,-6.411129992567214,2,6.411129992567214,1,0,0,anti_homophones
35523,bi3yV3,6,-6.394968841122144,2,6.394968841122144,1,0,1,anti_homophones
35524,yin1hU4,7,-5.4424842959002495,2,5.4424842959002495,1,0,6,anti_homophones
35525,lO4yUn4,7,-6.181298646841313,2,6.181298646841313,1,0,3,anti_homophones
35526,dO1yi4,6,-5.130777280727366,2,5.130777280727366,1,0,6,anti_homophones
35527,peng2fE4,8,-6.793578926674353,2,6.793578926674353,1,0,0,anti_homophones
35528,lLn4yV5,7,-7.463936078281937,2,7.463936078281937,1,0,0,anti_homophones
35529,nv3jU1,6,-6.923722669310545,2,6.923722669310545,1,0,1,anti_homophones
35530,ji2jL4,6,-5.520000341739735,2,5.520000341739735,1,0,4,anti_homophones
35531,qYng1si1,8,-6.819505024062394,2,6.819505024062394,1,0,1,anti_homophones
35532,re3nv3,6,-7.353209596368583,2,7.353209596368583,1,0,0,anti_homophones
35533,tong2shI4,9,-6.453487142505198,2,6.453487142505198,1,0,1,anti_homophones
35534,mQ4yV2,6,-6.17984964556563,2,6.17984964556563,1,0,1,anti_homophones
35535,mA4hQ4,6,-6.109714729785852,2,6.109714729785852,1,0,4,anti_homophones
35536,lin2kI4,7,-6.985096506389807,2,6.985096506389807,1,0,0,anti_homophones
35537,fu4man3,7,-6.024900905604588,2,6.024900905604588,1,0,2,anti_homophones
35538,lin2qi4,7,-5.356159700988767,2,5.356159700988767,1,0,6,anti_homophones
35539,da4bin1,7,-5.802265125192569,2,5.802265125192569,1,0,3,anti_homophones
35540,qUn2qUn1,8,-6.703048508479605,2,6.703048508479605,1,0,0,anti_homophones
35541,jW4chang1,9,-6.235597038980789,2,6.235597038980789,1,0,2,anti_homophones
35542,lLng3dQ5,8,-7.26226177706178,2,7.26226177706178,1,0,0,anti_homophones
35543,bM2hQ4,6,-6.6023803171266655,2,6.6023803171266655,1,0,1,anti_homophones
35544,chong4sheng1,12,-6.422282294127205,2,6.422282294127205,1,0,0,anti_homophones
35545,bQ1zO4,6,-5.333544544087029,2,5.333544544087029,1,0,4,anti_homophones
35546,jK1bo1,6,-6.718734265125649,2,6.718734265125649,1,0,2,anti_homophones
35547,pi2hI4,6,-5.656402717379127,2,5.656402717379127,1,0,12,anti_homophones
35548,xW3gong4,8,-5.4167353220785746,2,5.4167353220785746,1,0,3,anti_homophones
35549,zhong1gong4,11,-5.961415668195125,2,5.961415668195125,1,0,3,anti_homophones
35550,lK2pA2,6,-5.964143396079314,2,5.964143396079314,1,0,2,anti_homophones
35551,kQ3gong4,8,-6.136984560074179,2,6.136984560074179,1,0,1,anti_homophones
35552,chen2xing3,10,-6.589573700553637,2,6.589573700553637,1,0,0,anti_homophones
35553,lK2lLng4,8,-5.201540905092019,2,5.201540905092019,1,0,4,anti_homophones
35554,zhen4shV3,9,-6.459041167094624,2,6.459041167094624,1,0,1,anti_homophones
35555,nLn2hI4,7,-5.535841603355653,2,5.535841603355653,1,0,1,anti_homophones
35556,jL1se4,6,-6.138099877638726,2,6.138099877638726,1,0,2,anti_homophones
35557,pin1she4,8,-6.9327134829881825,2,6.9327134829881825,1,0,3,anti_homophones
35558,bLn1xK3,7,-7.237514702907241,2,7.237514702907241,1,0,0,anti_homophones
35559,qLng4dA4,8,-6.060870173066174,2,6.060870173066174,1,0,1,anti_homophones
35560,bing2wang2,10,-6.531811527541326,2,6.531811527541326,1,0,1,anti_homophones
35561,tLn1nW3,7,-6.153113891854702,2,6.153113891854702,1,0,1,anti_homophones
35562,lv2gu4,6,-7.439796597529243,2,7.439796597529243,1,0,1,anti_homophones
35563,qing3da4,8,-6.819848867427451,2,6.819848867427451,1,0,2,anti_homophones
35564,sha1hang5,9,-7.527041850619159,2,7.527041850619159,1,0,0,anti_homophones
35565,shV1hI4,7,-5.79862404404545,2,5.79862404404545,1,0,5,anti_homophones
35566,zI4hQ3,6,-6.443768496487431,2,6.443768496487431,1,0,0,anti_homophones
35567,shang1yan4,10,-6.528017300146719,2,6.528017300146719,1,0,2,anti_homophones
35568,ge2er3,6,-6.453573469184182,2,6.453573469184182,1,0,0,anti_homophones
35569,shI3cha4,8,-6.61075883858812,2,6.61075883858812,1,0,0,anti_homophones
35570,yin1qin1,8,-6.2845542384889,2,6.2845542384889,1,0,1,anti_homophones
35571,bo2lLng4,8,-5.958387942901561,2,5.958387942901561,1,0,0,anti_homophones
35572,wu1nLn2,7,-5.463778813005508,2,5.463778813005508,1,0,2,anti_homophones
35573,bu4ren5,7,-6.514815481850385,2,6.514815481850385,1,0,2,anti_homophones
35574,shu1shu4,8,-5.481790904170953,2,5.481790904170953,1,0,8,anti_homophones
35575,xC4lv4,6,-5.362716272803543,2,5.362716272803543,1,0,3,anti_homophones
35576,lK2hu4,6,-6.267972740306963,2,6.267972740306963,1,0,2,anti_homophones
35577,xC3zV3,6,-7.584601384341733,2,7.584601384341733,1,0,0,anti_homophones
35578,Q4shI4,6,-6.587021168073141,2,6.587021168073141,1,0,3,anti_homophones
35579,jM2fang2,8,-6.209261576654728,2,6.209261576654728,1,0,1,anti_homophones
35580,xing2qu1,8,-5.713081681917507,2,5.713081681917507,1,0,6,anti_homophones
35581,si1han4,7,-6.379703178314793,2,6.379703178314793,1,0,3,anti_homophones
35582,tu3wen4,7,-6.078180721586008,2,6.078180721586008,1,0,1,anti_homophones
35583,zi4ti3,6,-5.0715718198470725,2,5.0715718198470725,1,0,3,anti_homophones
35584,yi1ji4,6,-4.8707860049999505,2,4.8707860049999505,1,0,18,anti_homophones
35585,nQ4deng2,8,-7.311906130547514,2,7.311906130547514,1,0,0,anti_homophones
35586,ning1gUn1,9,-6.812885566104199,2,6.812885566104199,1,0,0,anti_homophones
35587,kA1de2,6,-5.963004057901245,2,5.963004057901245,1,0,4,anti_homophones
35588,hQ3sheng4,9,-6.043099460527223,2,6.043099460527223,1,0,4,anti_homophones
35589,gan3dLn4,8,-5.531213001207245,2,5.531213001207245,1,0,3,anti_homophones
35590,tA2fa2,6,-6.980790819026762,2,6.980790819026762,1,0,1,anti_homophones
35591,lUn3li3,7,-6.77646487415046,2,6.77646487415046,1,0,3,anti_homophones
35592,chUng1lun2,10,-6.862574684210626,2,6.862574684210626,1,0,0,anti_homophones
35593,hI2sI3,6,-6.012391207366364,2,6.012391207366364,1,0,0,anti_homophones
35594,da3zQ3,6,-5.817350847468912,2,5.817350847468912,1,0,1,anti_homophones
35595,dLn4xu4,7,-6.186222855684783,2,6.186222855684783,1,0,3,anti_homophones
35596,fa1hen4,7,-6.6855520672054345,2,6.6855520672054345,1,0,3,anti_homophones
35597,chen3wang3,10,-7.398198675162507,2,7.398198675162507,1,0,0,anti_homophones
35598,ya5shV3,7,-7.929771445655676,2,7.929771445655676,1,0,0,anti_homophones
35599,feng4jin4,9,-6.1344644745872,2,6.1344644745872,1,0,0,anti_homophones
35600,ci2hO2,6,-6.227213638007225,2,6.227213638007225,1,0,2,anti_homophones
35601,chi4xing2,9,-6.555074361915037,2,6.555074361915037,1,0,1,anti_homophones
35602,cang3fE4,8,-6.622075838621813,2,6.622075838621813,1,0,1,anti_homophones
35603,jL1V1,5,-5.852842461603154,2,5.852842461603154,1,0,1,anti_homophones
35604,bLn1chA2,8,-7.367649471103231,2,7.367649471103231,1,0,0,anti_homophones
35605,xYng1hong1,10,-6.599724220820317,2,6.599724220820317,1,0,0,anti_homophones
35606,an1he2,6,-5.609555714053431,2,5.609555714053431,1,0,1,anti_homophones
35607,si4hV4,6,-5.582994157319633,2,5.582994157319633,1,0,5,anti_homophones
35608,shi3lA2,7,-5.789672517065563,2,5.789672517065563,1,0,3,anti_homophones
35609,lu4hU2,6,-7.117458520623409,2,7.117458520623409,1,0,1,anti_homophones
35610,xL4shen1,8,-5.888725891531338,2,5.888725891531338,1,0,2,anti_homophones
35611,lLn4xLn1,8,-6.760186673973942,2,6.760186673973942,1,0,1,anti_homophones
35612,zhen1shUn3,10,-7.540109636840075,2,7.540109636840075,1,0,0,anti_homophones
35613,ting2ying1,10,-7.070177316197916,2,7.070177316197916,1,0,1,anti_homophones
35614,he2se4,6,-5.340684280291191,2,5.340684280291191,1,0,4,anti_homophones
35615,lLng1fE4,8,-6.37698282639801,2,6.37698282639801,1,0,0,anti_homophones
35616,ying2hA4,8,-6.223168451858082,2,6.223168451858082,1,0,1,anti_homophones
35617,zhong3hI3,9,-6.9492122856374134,2,6.9492122856374134,1,0,1,anti_homophones
35618,min2dA4,7,-5.900598808685627,2,5.900598808685627,1,0,1,anti_homophones
35619,chu2yun2,8,-7.178110755052776,2,7.178110755052776,1,0,0,anti_homophones
35620,leng1xin1,9,-5.878601744756313,2,5.878601744756313,1,0,4,anti_homophones
35621,zheng3hUn4,10,-7.174050084255262,2,7.174050084255262,1,0,1,anti_homophones
35622,bA2jin1,7,-5.979961977029266,2,5.979961977029266,1,0,2,anti_homophones
35623,shV3chang1,10,-5.966377284429699,2,5.966377284429699,1,0,2,anti_homophones
35624,ke4chang2,9,-6.047496246190147,2,6.047496246190147,1,0,0,anti_homophones
35625,nA4lE4,6,-6.441818853350822,2,6.441818853350822,1,0,1,anti_homophones
35626,jK3tong2,8,-6.238320214844195,2,6.238320214844195,1,0,0,anti_homophones
35627,hU1tLn1,7,-5.4277153087036885,2,5.4277153087036885,1,0,1,anti_homophones
35628,lin2er2,7,-6.2012492437122795,2,6.2012492437122795,1,0,3,anti_homophones
35629,bLn4hA4,7,-6.422901360723916,2,6.422901360723916,1,0,4,anti_homophones
35630,chi3jL4,7,-6.121948460300175,2,6.121948460300175,1,0,2,anti_homophones
35631,zhi1zhi3,8,-5.513141242253328,2,5.513141242253328,1,0,5,anti_homophones
35632,yi1cheng1,9,-5.365102483327132,2,5.365102483327132,1,0,6,anti_homophones
35633,ban1jL1,7,-5.811518676322243,2,5.811518676322243,1,0,1,anti_homophones
35634,chu1xing3,9,-5.822343373284801,2,5.822343373284801,1,0,4,anti_homophones
35635,gu3si3,6,-6.1075175045097785,2,6.1075175045097785,1,0,3,anti_homophones
35636,bQ3mi2,6,-6.433376304197956,2,6.433376304197956,1,0,1,anti_homophones
35637,zhQ3zi5,7,-5.685761685852105,2,5.685761685852105,1,0,3,anti_homophones
35638,ding2wE5,8,-7.328777353808108,2,7.328777353808108,1,0,1,anti_homophones
35639,lQ3xM4,6,-5.758949705422957,2,5.758949705422957,1,0,4,anti_homophones
35640,zi4ju4,6,-5.044507966224226,2,5.044507966224226,1,0,15,anti_homophones
35641,zhi1hi3,7,-8.697474991159767,2,8.697474991159767,1,0,4,anti_homophones
35642,er3mo1,6,-6.533659890769692,2,6.533659890769692,1,0,1,anti_homophones
35643,chu4di4,7,-6.083666545949113,2,6.083666545949113,1,0,6,anti_homophones
35644,po4lan2,7,-5.35905600378896,2,5.35905600378896,1,0,1,anti_homophones
35645,li3xM1,6,-6.414945215744242,2,6.414945215744242,1,0,2,anti_homophones
35646,qin2shi2,8,-5.738261773710846,2,5.738261773710846,1,0,3,anti_homophones
35647,shu1xing1,9,-5.870594405138237,2,5.870594405138237,1,0,1,anti_homophones
35648,pi2lLn3,7,-6.516958593302365,2,6.516958593302365,1,0,1,anti_homophones
35649,lE2ren2,7,-5.609977579366145,2,5.609977579366145,1,0,5,anti_homophones
35650,tong1wu4,8,-5.439306980037291,2,5.439306980037291,1,0,6,anti_homophones
35651,bQ4zhA2,7,-6.658629193580346,2,6.658629193580346,1,0,2,anti_homophones
35652,shu1chu4,8,-6.205713542041235,2,6.205713542041235,1,0,3,anti_homophones
35653,qin1qu4,7,-6.367535712867625,2,6.367535712867625,1,0,3,anti_homophones
35654,nong3hI4,8,-6.491676951521599,2,6.491676951521599,1,0,4,anti_homophones
35655,bo1wen2,7,-5.6961539656132985,2,5.6961539656132985,1,0,2,anti_homophones
35656,chun2ti1,8,-7.035589546537097,2,7.035589546537097,1,0,0,anti_homophones
35657,wE1qi4,6,-5.726760825934553,2,5.726760825934553,1,0,7,anti_homophones
35658,zhang1dQ4,9,-6.0803003110016025,2,6.0803003110016025,1,0,2,anti_homophones
35659,sheng1ke4,9,-5.624098806939033,2,5.624098806939033,1,0,5,anti_homophones
35660,yi2jC2,6,-6.295854589339247,2,6.295854589339247,1,0,1,anti_homophones
35661,feng4na4,8,-7.708978828736507,2,7.708978828736507,1,0,1,anti_homophones
35662,ming1qing3,10,-6.671440152143289,2,6.671440152143289,1,0,0,anti_homophones
35663,lQ3zhen4,8,-6.325081324040998,2,6.325081324040998,1,0,0,anti_homophones
35664,xL1chang4,9,-6.42143211500398,2,6.42143211500398,1,0,2,anti_homophones
35665,yu4zhong2,9,-6.046830253898567,2,6.046830253898567,1,0,2,anti_homophones
35666,wang2zi5,8,-5.5068360506373395,2,5.5068360506373395,1,0,2,anti_homophones
35667,jing3gP4,8,-7.384563017482151,2,7.384563017482151,1,0,0,anti_homophones
35668,xW3tA2,6,-5.498203427356916,2,5.498203427356916,1,0,2,anti_homophones
35669,jing2wE2,8,-5.861520125716632,2,5.861520125716632,1,0,1,anti_homophones
35670,gA3hU4,6,-5.30409444805914,2,5.30409444805914,1,0,5,anti_homophones
35671,xM4fE4,6,-6.217914242944006,2,6.217914242944006,1,0,1,anti_homophones
35672,ling2mi4,8,-6.569335772448231,2,6.569335772448231,1,0,5,anti_homophones
35673,hV4pLn4,7,-5.432270765953017,2,5.432270765953017,1,0,4,anti_homophones
35674,san4meng1,9,-7.095078023049113,2,7.095078023049113,1,0,0,anti_homophones
35675,hA2cA3,6,-7.002126026261017,2,7.002126026261017,1,0,1,anti_homophones
35676,bing1shan4,10,-6.506145793009696,2,6.506145793009696,1,0,1,anti_homophones
35677,yan2yV3,7,-5.911290238176054,2,5.911290238176054,1,0,2,anti_homophones
35678,ren4fE2,7,-7.721231046458092,2,7.721231046458092,1,0,0,anti_homophones
35679,gQ1jM2,6,-5.987205485653599,2,5.987205485653599,1,0,1,anti_homophones
35680,fa3gUn3,7,-6.092620664237312,2,6.092620664237312,1,0,1,anti_homophones
35681,rong4chang4,11,-6.965482196395325,2,6.965482196395325,1,0,0,anti_homophones
35682,xW3ben3,7,-5.696509398374317,2,5.696509398374317,1,0,3,anti_homophones
35683,dW4yu2,6,-5.279812150944246,2,5.279812150944246,1,0,6,anti_homophones
35684,su1ji1,6,-5.767657194624166,2,5.767657194624166,1,0,3,anti_homophones
35685,wE4sUn1,7,-6.1283031893477595,2,6.1283031893477595,1,0,1,anti_homophones
35686,jun1hu1,7,-5.751860908121531,2,5.751860908121531,1,0,3,anti_homophones
35687,bi3dI4,6,-5.841157164114811,2,5.841157164114811,1,0,2,anti_homophones
35688,bQ4tQ2,6,-6.3120083126641395,2,6.3120083126641395,1,0,2,anti_homophones
35689,si4xC2,6,-5.732373463514436,2,5.732373463514436,1,0,6,anti_homophones
35690,tM3ban4,7,-5.421015184472877,2,5.421015184472877,1,0,2,anti_homophones
35691,lQ3tA2,6,-5.076923603537802,2,5.076923603537802,1,0,1,anti_homophones
35692,hP2yu3,6,-5.53226016315641,2,5.53226016315641,1,0,1,anti_homophones
35693,xK1xin1,7,-5.115723547690441,2,5.115723547690441,1,0,3,anti_homophones
35694,xun1zhan4,9,-6.955459555504793,2,6.955459555504793,1,0,0,anti_homophones
35695,rong2qin2,9,-7.342661675571423,2,7.342661675571423,1,0,0,anti_homophones
35696,gan4tW2,7,-6.566356783125295,2,6.566356783125295,1,0,3,anti_homophones
35697,jW4hQ3,6,-5.725211602723417,2,5.725211602723417,1,0,0,anti_homophones
35698,ling2qi2,8,-6.325217312021504,2,6.325217312021504,1,0,5,anti_homophones
35699,chQ1rV4,7,-5.755276620891894,2,5.755276620891894,1,0,1,anti_homophones
35700,wu2ya1,6,-5.62980173685698,2,5.62980173685698,1,0,1,anti_homophones
35701,fu2xLng4,8,-5.93189038834007,2,5.93189038834007,1,0,1,anti_homophones
35702,shI3cang2,9,-6.478480386588941,2,6.478480386588941,1,0,2,anti_homophones
35703,yun4zhV3,8,-7.242471264441757,2,7.242471264441757,1,0,2,anti_homophones
35704,bo1di4,6,-5.60129216280187,2,5.60129216280187,1,0,3,anti_homophones
35705,chu4chen1,9,-6.587775442739415,2,6.587775442739415,1,0,0,anti_homophones
35706,shi2he4,7,-6.445834046497067,2,6.445834046497067,1,0,3,anti_homophones
35707,si1xi3,6,-6.023016439817352,2,6.023016439817352,1,0,2,anti_homophones
35708,hO3sO1,6,-6.208093664283472,2,6.208093664283472,1,0,1,anti_homophones
35709,zheng2bi3,9,-6.4360718123011535,2,6.4360718123011535,1,0,1,anti_homophones
35710,nLn4tA4,7,-7.166052951563452,2,7.166052951563452,1,0,0,anti_homophones
35711,lB4dO1,6,-6.10830645788891,2,6.10830645788891,1,0,0,anti_homophones
35712,bE1yu3,6,-7.259279539608211,2,7.259279539608211,1,0,0,anti_homophones
35713,wE4shang3,9,-6.178931171635839,2,6.178931171635839,1,0,1,anti_homophones
35714,yC4chu4,7,-6.241177216616499,2,6.241177216616499,1,0,2,anti_homophones
35715,dan3hI4,7,-6.3546462904813215,2,6.3546462904813215,1,0,1,anti_homophones
35716,man4mi4,7,-7.028455814372426,2,7.028455814372426,1,0,0,anti_homophones
35717,cha2jLn3,8,-5.973541669994026,2,5.973541669994026,1,0,0,anti_homophones
35718,leng1shi4,9,-5.640542541448198,2,5.640542541448198,1,0,2,anti_homophones
35719,xK1zhu3,7,-5.7449068805556704,2,5.7449068805556704,1,0,0,anti_homophones
35720,zhUn1tI3,8,-6.674973021856447,2,6.674973021856447,1,0,0,anti_homophones
35721,dong1ren2,9,-5.448899591521337,2,5.448899591521337,1,0,6,anti_homophones
35722,dA1zhi4,7,-5.8466781588998895,2,5.8466781588998895,1,0,3,anti_homophones
35723,dong2lW4,8,-6.578970081570833,2,6.578970081570833,1,0,2,anti_homophones
35724,hE1shV4,7,-5.909626729373689,2,5.909626729373689,1,0,5,anti_homophones
35725,tu1ping4,8,-5.736997512008182,2,5.736997512008182,1,0,3,anti_homophones
35726,tW2ji1,6,-5.739672047973603,2,5.739672047973603,1,0,6,anti_homophones
35727,jW4jW3,6,-6.25276480082907,2,6.25276480082907,1,0,0,anti_homophones
35728,xi3dLn4,7,-5.745130685965955,2,5.745130685965955,1,0,4,anti_homophones
35729,bu4dLn4,7,-4.7494868257300435,2,4.7494868257300435,1,0,7,anti_homophones
35730,qLn1nan3,8,-8.179988153315353,2,8.179988153315353,1,0,2,anti_homophones
35731,di4wu4,6,-5.470486953937019,2,5.470486953937019,1,0,9,anti_homophones
35732,mo4ding4,8,-6.11181950666104,2,6.11181950666104,1,0,2,anti_homophones
35733,shI3ke4,7,-5.955339384413229,2,5.955339384413229,1,0,3,anti_homophones
35734,jW4zhang2,9,-5.966104210014536,2,5.966104210014536,1,0,1,anti_homophones
35735,da3pin3,7,-5.61286996310098,2,5.61286996310098,1,0,0,anti_homophones
35736,bA2bQ1,6,-6.19981861971104,2,6.19981861971104,1,0,0,anti_homophones
35737,xM2tong3,8,-6.414515773373007,2,6.414515773373007,1,0,1,anti_homophones
35738,jW1hen1,7,-6.401211630043794,2,6.401211630043794,1,0,3,anti_homophones
35739,lM4de2,6,-6.273866499633766,2,6.273866499633766,1,0,2,anti_homophones
35740,la3bLn4,7,-5.673996162615761,2,5.673996162615761,1,0,3,anti_homophones
35741,wu2jM1,6,-6.3439544264302645,2,6.3439544264302645,1,0,3,anti_homophones
35742,gV1wu4,6,-6.213991093271789,2,6.213991093271789,1,0,2,anti_homophones
35743,nLng3shI4,9,-7.791718696270745,2,7.791718696270745,1,0,0,anti_homophones
35744,fen4e4,6,-5.9855961694361195,2,5.9855961694361195,1,0,1,anti_homophones
35745,ban4ye4,7,-5.640315274954761,2,5.640315274954761,1,0,6,anti_homophones
35746,cO1bi3,6,-6.830071235034769,2,6.830071235034769,1,0,0,anti_homophones
35747,hV4shI2,7,-7.684068561411865,2,7.684068561411865,1,0,0,anti_homophones
35748,xLng4rV4,8,-6.398683911859167,2,6.398683911859167,1,0,2,anti_homophones
35749,wen3nLn2,8,-6.541463008893929,2,6.541463008893929,1,0,0,anti_homophones
35750,A1dQ1,5,-5.996858612247081,2,5.996858612247081,1,0,0,anti_homophones
35751,shV3shang3,10,-6.128995118537412,2,6.128995118537412,1,0,2,anti_homophones
35752,zhI1xM1,7,-7.121540855648447,2,7.121540855648447,1,0,1,anti_homophones
35753,ming1zi5,8,-5.4694270420141216,2,5.4694270420141216,1,0,6,anti_homophones
35754,shi2xUn3,8,-6.179255774150361,2,6.179255774150361,1,0,1,anti_homophones
35755,gong4dong1,10,-6.733235594980363,2,6.733235594980363,1,0,0,anti_homophones
35756,nong2sheng3,11,-7.116128230104498,2,7.116128230104498,1,0,0,anti_homophones
35757,di1de2,6,-5.722678999958302,2,5.722678999958302,1,0,2,anti_homophones
35758,chong2du4,9,-6.291917983175109,2,6.291917983175109,1,0,2,anti_homophones
35759,zV3fu3,6,-6.934651129300567,2,6.934651129300567,1,0,1,anti_homophones
35760,da3dang2,8,-5.968203491141442,2,5.968203491141442,1,0,2,anti_homophones
35761,wu2zhe1,7,-6.472063213855157,2,6.472063213855157,1,0,3,anti_homophones
35762,hO4dan4,7,-5.728741283554055,2,5.728741283554055,1,0,2,anti_homophones
35763,lv3he2,6,-6.031275030287495,2,6.031275030287495,1,0,1,anti_homophones
35764,pA2xLn4,7,-5.887994851464074,2,5.887994851464074,1,0,3,anti_homophones
35765,shO1yang4,9,-6.412599221733783,2,6.412599221733783,1,0,3,anti_homophones
35766,zhO1lUn2,8,-9.115673274306603,2,9.115673274306603,1,0,0,anti_homophones
35767,tu1lK2,6,-6.007461516695782,2,6.007461516695782,1,0,0,anti_homophones
35768,fa1fang3,8,-6.174778690874136,2,6.174778690874136,1,0,3,anti_homophones
35769,jM2yV2,6,-5.390519886663402,2,5.390519886663402,1,0,3,anti_homophones
35770,hV3pang2,8,-8.40420099263516,2,8.40420099263516,1,0,1,anti_homophones
35771,kV3qi4,6,-5.408960389748028,2,5.408960389748028,1,0,6,anti_homophones
35772,yang4sheng3,11,-6.8305551919073615,2,6.8305551919073615,1,0,0,anti_homophones
35773,zhUn2dong2,10,-6.494053980344407,2,6.494053980344407,1,0,0,anti_homophones
35774,chen4ren2,9,-6.140240532252677,2,6.140240532252677,1,0,0,anti_homophones
35775,ji1mE4,6,-6.054944262279758,2,6.054944262279758,1,0,2,anti_homophones
35776,zheng4shI4,10,-6.642036328069127,2,6.642036328069127,1,0,0,anti_homophones
35777,hong3wE5,8,-8.320137664234085,2,8.320137664234085,1,0,0,anti_homophones
35778,yV1mLn4,7,-5.5177239810858705,2,5.5177239810858705,1,0,5,anti_homophones
35779,jin3bW1,7,-6.933244730267299,2,6.933244730267299,1,0,0,anti_homophones
35780,lM4jun1,7,-5.908823242306984,2,5.908823242306984,1,0,1,anti_homophones
35781,hang3ran2,9,-6.323756549401341,2,6.323756549401341,1,0,1,anti_homophones
35782,gu1lLng5,8,-7.328667271319961,2,7.328667271319961,1,0,1,anti_homophones
35783,chu1dong3,9,-6.22490416204313,2,6.22490416204313,1,0,1,anti_homophones
35784,shan4she4,9,-6.144018352204895,2,6.144018352204895,1,0,1,anti_homophones
35785,gU4shi4,7,-5.3958922846081325,2,5.3958922846081325,1,0,2,anti_homophones
35786,gong1tu3,8,-6.004987366583517,2,6.004987366583517,1,0,4,anti_homophones
35787,wE2mE2,6,-6.161698412859835,2,6.161698412859835,1,0,0,anti_homophones
35788,zhi1yang1,9,-5.938572146426724,2,5.938572146426724,1,0,3,anti_homophones
35789,pin1xYng1,9,-7.737864291415351,2,7.737864291415351,1,0,0,anti_homophones
35790,fu4shu2,7,-6.235981516330526,2,6.235981516330526,1,0,4,anti_homophones
35791,lQ3dang3,8,-5.812822702698978,2,5.812822702698978,1,0,2,anti_homophones
35792,mE1meng4,8,-8.59630209708416,2,8.59630209708416,1,0,1,anti_homophones
35793,bQ1zi5,6,-4.9433724098383065,2,4.9433724098383065,1,0,7,anti_homophones
35794,zhQ1chu4,8,-6.672034018022691,2,6.672034018022691,1,0,1,anti_homophones
35795,qLn2bing4,9,-5.924981874893081,2,5.924981874893081,1,0,4,anti_homophones
35796,xing2keng3,10,-8.06253416049457,2,8.06253416049457,1,0,0,anti_homophones
35797,fan4su4,7,-5.836755242758125,2,5.836755242758125,1,0,5,anti_homophones
35798,zA4de2,6,-6.023514589452556,2,6.023514589452556,1,0,3,anti_homophones
35799,bA2yi3,6,-5.873044755009035,2,5.873044755009035,1,0,2,anti_homophones
35800,zhang1qing2,11,-6.406826230719622,2,6.406826230719622,1,0,0,anti_homophones
35801,chu2fa4,7,-6.595715036829055,2,6.595715036829055,1,0,2,anti_homophones
35802,si3shi2,7,-5.4279640982713175,2,5.4279640982713175,1,0,7,anti_homophones
35803,ju4xLn4,7,-5.55117625495513,2,5.55117625495513,1,0,7,anti_homophones
35804,hP2yUn2,7,-6.42865647477062,2,6.42865647477062,1,0,2,anti_homophones
35805,bu4fan1,7,-5.793741940458601,2,5.793741940458601,1,0,6,anti_homophones
35806,wang2ren2,9,-5.3998240460157385,2,5.3998240460157385,1,0,5,anti_homophones
35807,zeng2tu2,8,-6.671293686371865,2,6.671293686371865,1,0,2,anti_homophones
35808,hQ2zhang4,9,-6.8156613612579395,2,6.8156613612579395,1,0,1,anti_homophones
35809,kUn3fa2,7,-6.654885738621868,2,6.654885738621868,1,0,1,anti_homophones
35810,ge1yan4,7,-6.14055743231817,2,6.14055743231817,1,0,3,anti_homophones
35811,bi1li3,6,-6.3423110313701745,2,6.3423110313701745,1,0,7,anti_homophones
35812,zong4zhi4,9,-5.993052761912159,2,5.993052761912159,1,0,2,anti_homophones
35813,ke1kQ3,6,-5.481181947964168,2,5.481181947964168,1,0,2,anti_homophones
35814,jin4xK1,7,-6.180628683705633,2,6.180628683705633,1,0,1,anti_homophones
35815,zhu3nv3,7,-5.6388242945594795,2,5.6388242945594795,1,0,1,anti_homophones
35816,gO2ben3,7,-5.873792453436558,2,5.873792453436558,1,0,0,anti_homophones
35817,su1se4,6,-6.684592527906858,2,6.684592527906858,1,0,1,anti_homophones
35818,zhang2lun2,10,-6.676339572495936,2,6.676339572495936,1,0,1,anti_homophones
35819,tong1jW3,8,-5.926383907905622,2,5.926383907905622,1,0,1,anti_homophones
35820,shI3tQ2,7,-7.312568516248158,2,7.312568516248158,1,0,2,anti_homophones
35821,jL3hU1,6,-6.038071672742493,2,6.038071672742493,1,0,0,anti_homophones
35822,zhQ1shI3,8,-5.800248028054103,2,5.800248028054103,1,0,2,anti_homophones
35823,dLn1bu3,7,-7.340368626355582,2,7.340368626355582,1,0,1,anti_homophones
35824,qK1yu2,6,-6.210765588190805,2,6.210765588190805,1,0,2,anti_homophones
35825,jun4shi1,8,-6.684549585110021,2,6.684549585110021,1,0,2,anti_homophones
35826,xK2xing3,8,-6.713511429360529,2,6.713511429360529,1,0,2,anti_homophones
35827,xu4dQ3,6,-6.586889320765703,2,6.586889320765703,1,0,4,anti_homophones
35828,chu1yan2,8,-5.517879363365523,2,5.517879363365523,1,0,4,anti_homophones
35829,shV1an1,7,-6.940710183307151,2,6.940710183307151,1,0,1,anti_homophones
35830,qLn2zhO2,8,-6.4346889691772,2,6.4346889691772,1,0,0,anti_homophones
35831,shV1xLng2,9,-6.136188447792274,2,6.136188447792274,1,0,3,anti_homophones
35832,sha3yan4,8,-6.539108103612776,2,6.539108103612776,1,0,2,anti_homophones
35833,bLn4gO2,7,-6.337927427270968,2,6.337927427270968,1,0,0,anti_homophones
35834,yi1gO1,6,-5.669053382426917,2,5.669053382426917,1,0,2,anti_homophones
35835,cA2du4,6,-6.089134676047913,2,6.089134676047913,1,0,3,anti_homophones
35836,qLn2xW4,7,-5.651485126184851,2,5.651485126184851,1,0,2,anti_homophones
35837,lun4zheng3,10,-6.911937916123414,2,6.911937916123414,1,0,1,anti_homophones
35838,dQ3nLn2,7,-5.969271191616396,2,5.969271191616396,1,0,5,anti_homophones
35839,zhu4che1,8,-5.632482757635063,2,5.632482757635063,1,0,3,anti_homophones
35840,gong1rong1,10,-6.3796888403492185,2,6.3796888403492185,1,0,0,anti_homophones
35841,sheng1ying2,11,-5.8186590650141925,2,5.8186590650141925,1,0,5,anti_homophones
35842,bing2fen3,9,-6.54074930469992,2,6.54074930469992,1,0,0,anti_homophones
35843,hI4xun3,7,-9.182577606415872,2,9.182577606415872,1,0,1,anti_homophones
35844,qu3chang3,9,-6.522343111024926,2,6.522343111024926,1,0,0,anti_homophones
35845,chV2jW1,7,-6.398571358503565,2,6.398571358503565,1,0,2,anti_homophones
35846,li2zi3,6,-5.545382269872885,2,5.545382269872885,1,0,8,anti_homophones
35847,ying2ban3,9,-6.12345500119382,2,6.12345500119382,1,0,2,anti_homophones
35848,zhUn4shan4,10,-6.854847404345121,2,6.854847404345121,1,0,0,anti_homophones
35849,shu3hU4,7,-5.904849178404723,2,5.904849178404723,1,0,3,anti_homophones
35850,mu4gan3,7,-5.8806728759418165,2,5.8806728759418165,1,0,4,anti_homophones
35851,yang3xL4,8,-6.36662631875517,2,6.36662631875517,1,0,1,anti_homophones
35852,yUn2nan2,8,-6.24677712353634,2,6.24677712353634,1,0,1,anti_homophones
35853,hU4shu1,7,-5.8797427173385355,2,5.8797427173385355,1,0,4,anti_homophones
35854,jLn1pE4,7,-5.814221730486237,2,5.814221730486237,1,0,3,anti_homophones
35855,hong4shV3,9,-6.342174198282872,2,6.342174198282872,1,0,2,anti_homophones
35856,zhi1jL1,7,-5.307641514605639,2,5.307641514605639,1,0,5,anti_homophones
35857,yV4bLn4,7,-5.543469081702457,2,5.543469081702457,1,0,2,anti_homophones
35858,yUn2chun1,9,-6.77718481341441,2,6.77718481341441,1,0,0,anti_homophones
35859,xLn4zhen4,9,-6.219052511705857,2,6.219052511705857,1,0,2,anti_homophones
35860,zhUn4cha1,9,-7.167184886581858,2,7.167184886581858,1,0,1,anti_homophones
35861,an4hI4,6,-5.65168753024815,2,5.65168753024815,1,0,3,anti_homophones
35862,ji4dan4,7,-6.034467897085685,2,6.034467897085685,1,0,4,anti_homophones
35863,lE4yC4,6,-6.677029322159526,2,6.677029322159526,1,0,0,anti_homophones
35864,bu4ji1,6,-4.610443746510824,2,4.610443746510824,1,0,12,anti_homophones
35865,da2xLn1,7,-7.25390763584597,2,7.25390763584597,1,0,1,anti_homophones
35866,chu1gO4,7,-6.4366997812887465,2,6.4366997812887465,1,0,2,anti_homophones
35867,shi4gu3,7,-5.552143280435648,2,5.552143280435648,1,0,7,anti_homophones
35868,chen3jM2,8,-6.54410128045391,2,6.54410128045391,1,0,1,anti_homophones
35869,shu4hI4,7,-5.583293421947445,2,5.583293421947445,1,0,8,anti_homophones
35870,kong1gV1,8,-7.076320735047865,2,7.076320735047865,1,0,0,anti_homophones
35871,qi2ji1,6,-5.462264378041227,2,5.462264378041227,1,0,2,anti_homophones
35872,xLn1sheng1,10,-6.105918248901478,2,6.105918248901478,1,0,4,anti_homophones
35873,ji1jL4,6,-5.302509200310295,2,5.302509200310295,1,0,7,anti_homophones
35874,si1bLn4,7,-6.115690036312112,2,6.115690036312112,1,0,5,anti_homophones
35875,zV3zi5,6,-5.264140548839034,2,5.264140548839034,1,0,4,anti_homophones
35876,bQ3ge2,6,-5.785799103097897,2,5.785799103097897,1,0,1,anti_homophones
35877,san4zi3,7,-6.170271954168505,2,6.170271954168505,1,0,2,anti_homophones
35878,zhUng1qLng4,11,-6.473506816135835,2,6.473506816135835,1,0,1,anti_homophones
35879,yV2ping4,8,-6.018102408284113,2,6.018102408284113,1,0,4,anti_homophones
35880,xi1zu2,6,-6.083467074688303,2,6.083467074688303,1,0,3,anti_homophones
35881,zhUng1ren2,10,-5.4102472840302385,2,5.4102472840302385,1,0,5,anti_homophones
35882,ming3jing4,10,-6.476311035724723,2,6.476311035724723,1,0,1,anti_homophones
35883,ru3zhi3,7,-6.05415179761941,2,6.05415179761941,1,0,2,anti_homophones
35884,qi3peng1,8,-6.626835387617566,2,6.626835387617566,1,0,3,anti_homophones
35885,kQ3long4,8,-6.772823803013717,2,6.772823803013717,1,0,1,anti_homophones
35886,zhong4li3,9,-5.685660604600845,2,5.685660604600845,1,0,2,anti_homophones
35887,zO2si4,6,-7.818675239478531,2,7.818675239478531,1,0,0,anti_homophones
35888,peng1zhi1,9,-6.2719195005717,2,6.2719195005717,1,0,0,anti_homophones
35889,zheng1dA4,9,-5.459235927669083,2,5.459235927669083,1,0,2,anti_homophones
35890,shi4qLng4,9,-6.041920238966843,2,6.041920238966843,1,0,1,anti_homophones
35891,fu4zhi4,7,-4.852555165050984,2,4.852555165050984,1,0,7,anti_homophones
35892,li3jL1,6,-5.716620385762014,2,5.716620385762014,1,0,2,anti_homophones
35893,dLn4jin4,8,-5.6794116589939225,2,5.6794116589939225,1,0,2,anti_homophones
35894,gu3bQ4,6,-5.6383670170707125,2,5.6383670170707125,1,0,4,anti_homophones
35895,xing4qing4,10,-6.26339373084327,2,6.26339373084327,1,0,1,anti_homophones
35896,she4kan1,8,-6.600865432023061,2,6.600865432023061,1,0,0,anti_homophones
35897,xi1xL2,6,-6.40444564362086,2,6.40444564362086,1,0,0,anti_homophones
35898,er3fu1,6,-5.668228562987279,2,5.668228562987279,1,0,1,anti_homophones
35899,jLn3jin3,8,-6.632493577963124,2,6.632493577963124,1,0,0,anti_homophones
35900,dong1pQ3,8,-6.888581327297535,2,6.888581327297535,1,0,1,anti_homophones
35901,yong2gI1,8,-6.311616012320964,2,6.311616012320964,1,0,2,anti_homophones
35902,qLn2er3,7,-6.6025181309355085,2,6.6025181309355085,1,0,1,anti_homophones
35903,hUn2jM3,7,-6.595004560742296,2,6.595004560742296,1,0,1,anti_homophones
35904,tV2teng2,8,-6.601809573268158,2,6.601809573268158,1,0,2,anti_homophones
35905,gQ1fu4,6,-5.6159540577348,2,5.6159540577348,1,0,4,anti_homophones
35906,cQ3gUng4,8,-6.5414986494717375,2,6.5414986494717375,1,0,0,anti_homophones
35907,gQ1kong1,8,-5.844626924026754,2,5.844626924026754,1,0,2,anti_homophones
35908,zheng4hU1,9,-6.42192510191882,2,6.42192510191882,1,0,1,anti_homophones
35909,lE2yu4,6,-6.407160368324297,2,6.407160368324297,1,0,1,anti_homophones
35910,bE4shang4,9,-6.411463474632308,2,6.411463474632308,1,0,1,anti_homophones
35911,fo2jW1,6,-5.9424626261471225,2,5.9424626261471225,1,0,2,anti_homophones
35912,tI1men2,7,-6.042390009920941,2,6.042390009920941,1,0,1,anti_homophones
35913,bi3zi5,6,-5.283177570380813,2,5.283177570380813,1,0,12,anti_homophones
35914,jM2zheng4,9,-6.09654830726116,2,6.09654830726116,1,0,1,anti_homophones
35915,fang4hV4,8,-6.428036977898972,2,6.428036977898972,1,0,3,anti_homophones
35916,xun4ling4,9,-6.597203375859742,2,6.597203375859742,1,0,2,anti_homophones
35917,qLn4cheng1,10,-6.826574598379454,2,6.826574598379454,1,0,3,anti_homophones
35918,an4xLng4,8,-6.081054110284509,2,6.081054110284509,1,0,0,anti_homophones
35919,tu4rong1,8,-6.580236179081965,2,6.580236179081965,1,0,0,anti_homophones
35920,tQ4gU4,6,-7.022626510968558,2,7.022626510968558,1,0,1,anti_homophones
35921,zhUn2mQ4,8,-6.690343994434713,2,6.690343994434713,1,0,1,anti_homophones
35922,zheng3cang2,11,-7.154111778323361,2,7.154111778323361,1,0,0,anti_homophones
35923,jin4wen2,8,-5.738569530073286,2,5.738569530073286,1,0,3,anti_homophones
35924,wu2chUn4,8,-5.962365875502135,2,5.962365875502135,1,0,1,anti_homophones
35925,dan1mu3,7,-6.437622815362374,2,6.437622815362374,1,0,1,anti_homophones
35926,pi1pan2,7,-5.504931848906868,2,5.504931848906868,1,0,4,anti_homophones
35927,bLn4shi2,8,-5.449529176012059,2,5.449529176012059,1,0,4,anti_homophones
35928,xi4tA2,6,-5.649838880953182,2,5.649838880953182,1,0,5,anti_homophones
35929,zhUn2gO4,8,-6.682472248758489,2,6.682472248758489,1,0,0,anti_homophones
35930,jL1tun2,7,-6.709792295684615,2,6.709792295684615,1,0,2,anti_homophones
35931,yan2ku3,7,-6.2359060513130435,2,6.2359060513130435,1,0,0,anti_homophones
35932,bu3ben3,7,-6.236010424127586,2,6.236010424127586,1,0,1,anti_homophones
35933,di4tang2,8,-6.3806219075953186,2,6.3806219075953186,1,0,3,anti_homophones
35934,nQ4fang1,8,-6.768599598877518,2,6.768599598877518,1,0,0,anti_homophones
35935,mQ2li3,6,-5.5880699531878575,2,5.5880699531878575,1,0,2,anti_homophones
35936,pi1gang4,8,-7.008721909084988,2,7.008721909084988,1,0,1,anti_homophones
35937,ni4neng2,8,-6.798610186685757,2,6.798610186685757,1,0,0,anti_homophones
35938,zha4dang1,9,-7.292924533800723,2,7.292924533800723,1,0,0,anti_homophones
35939,chUn2gu4,8,-6.746628664793022,2,6.746628664793022,1,0,2,anti_homophones
35940,dI4zhUng1,9,-6.21595297329407,2,6.21595297329407,1,0,1,anti_homophones
35941,sang1an4,8,-7.4090032767924665,2,7.4090032767924665,1,0,1,anti_homophones
35942,lLn2hU4,7,-5.2315773511395,2,5.2315773511395,1,0,2,anti_homophones
35943,mo2xC2,6,-5.645945649536885,2,5.645945649536885,1,0,3,anti_homophones
35944,xi4bi3,6,-5.9615612485195975,2,5.9615612485195975,1,0,2,anti_homophones
35945,hI2gUn4,7,-7.049371689454908,2,7.049371689454908,1,0,0,anti_homophones
35946,zA4tan1,7,-6.506370795321802,2,6.506370795321802,1,0,5,anti_homophones
35947,yC1jing4,8,-6.672410107959353,2,6.672410107959353,1,0,1,anti_homophones
35948,ha1qi4,6,-6.199456310947924,2,6.199456310947924,1,0,3,anti_homophones
35949,sI2ying2,8,-6.130450255466551,2,6.130450255466551,1,0,0,anti_homophones
35950,shi3hu5,7,-7.052107400391851,2,7.052107400391851,1,0,1,anti_homophones
35951,shu4xC2,7,-5.461103802131393,2,5.461103802131393,1,0,5,anti_homophones
35952,kan1feng2,9,-6.584108185740588,2,6.584108185740588,1,0,0,anti_homophones
35953,ban4di4,7,-5.818995288065913,2,5.818995288065913,1,0,5,anti_homophones
35954,qin1bu3,7,-6.482426310764799,2,6.482426310764799,1,0,2,anti_homophones
35955,shUn2hI4,8,-6.499925686454814,2,6.499925686454814,1,0,0,anti_homophones
35956,mo4fan2,7,-6.5764447858966015,2,6.5764447858966015,1,0,0,anti_homophones
35957,zhI1yUn3,8,-6.621668239282334,2,6.621668239282334,1,0,1,anti_homophones
35958,yin4su5,7,-7.813791053801467,2,7.813791053801467,1,0,0,anti_homophones
35959,jLn1jing2,9,-5.786791855927661,2,5.786791855927661,1,0,7,anti_homophones
35960,gong2gUn4,9,-6.193064737419707,2,6.193064737419707,1,0,1,anti_homophones
35961,jing1tV2,8,-5.8542978112345505,2,5.8542978112345505,1,0,1,anti_homophones
35962,fa3me5,6,-6.502350384474496,2,6.502350384474496,1,0,0,anti_homophones
35963,jun1shi1,8,-5.8117985704106125,2,5.8117985704106125,1,0,1,anti_homophones
35964,cang3shV3,9,-6.532323311946584,2,6.532323311946584,1,0,0,anti_homophones
35965,ti2ge2,6,-6.099701346015644,2,6.099701346015644,1,0,0,anti_homophones
35966,shi1bLn4,8,-5.956673592745566,2,5.956673592745566,1,0,4,anti_homophones
35967,la1sO1,6,-6.1159885531483615,2,6.1159885531483615,1,0,0,anti_homophones
35968,bi2hO4,6,-6.324554936572238,2,6.324554936572238,1,0,2,anti_homophones
35969,zeng3han2,9,-8.248846098978307,2,8.248846098978307,1,0,0,anti_homophones
35970,xUn2xing4,9,-6.261105673505286,2,6.261105673505286,1,0,1,anti_homophones
35971,sheng3xin1,10,-6.097526404163827,2,6.097526404163827,1,0,3,anti_homophones
35972,gong1xLn2,9,-6.113195797452721,2,6.113195797452721,1,0,2,anti_homophones
35973,tA4ping4,8,-6.024937363928372,2,6.024937363928372,1,0,0,anti_homophones
35974,tong1ba1,8,-6.282177663864653,2,6.282177663864653,1,0,0,anti_homophones
35975,gong4bu4,8,-5.741196812632267,2,5.741196812632267,1,0,5,anti_homophones
35976,li4zhi1,7,-5.546404302517182,2,5.546404302517182,1,0,2,anti_homophones
35977,zQ1xYng1,8,-6.760301649670096,2,6.760301649670096,1,0,0,anti_homophones
35978,shen1qYng1,10,-6.670460176158456,2,6.670460176158456,1,0,0,anti_homophones
35979,ga1li4,6,-5.406252586213421,2,5.406252586213421,1,0,6,anti_homophones
35980,ge4ying2,8,-6.156296411310869,2,6.156296411310869,1,0,2,anti_homophones
35981,ti2bQ4,6,-6.089046518946536,2,6.089046518946536,1,0,6,anti_homophones
35982,xK1chang4,9,-5.830594544473628,2,5.830594544473628,1,0,1,anti_homophones
35983,pin3bing2,9,-6.30204166140869,2,6.30204166140869,1,0,0,anti_homophones
35984,jun1bQ2,7,-7.418910429954125,2,7.418910429954125,1,0,0,anti_homophones
35985,ru2fa3,6,-5.542293434867376,2,5.542293434867376,1,0,4,anti_homophones
35986,pA1pan2,7,-5.919563971056399,2,5.919563971056399,1,0,4,anti_homophones
35987,wE3zhen2,8,-6.751070952857799,2,6.751070952857799,1,0,0,anti_homophones
35988,she4jin1,8,-5.631135026286355,2,5.631135026286355,1,0,3,anti_homophones
35989,xK1qi4,6,-5.247740694783585,2,5.247740694783585,1,0,7,anti_homophones
35990,qing2ya2,8,-6.02054571470585,2,6.02054571470585,1,0,3,anti_homophones
35991,ying1nLn2,9,-6.2930129776761055,2,6.2930129776761055,1,0,2,anti_homophones
35992,qK2zhi2,7,-5.866199648777316,2,5.866199648777316,1,0,3,anti_homophones
35993,yang4xing3,10,-6.377147518407092,2,6.377147518407092,1,0,3,anti_homophones
35994,dong2zhong1,11,-6.476257472533296,2,6.476257472533296,1,0,1,anti_homophones
35995,kA1qing4,8,-6.263077980608567,2,6.263077980608567,1,0,1,anti_homophones
35996,gan3jL2,7,-7.089008853350581,2,7.089008853350581,1,0,0,anti_homophones
35997,fang2bLn4,9,-6.15031909407032,2,6.15031909407032,1,0,1,anti_homophones
35998,zhan4shi2,9,-5.67140163507238,2,5.67140163507238,1,0,2,anti_homophones
35999,yu2qLng2,8,-7.0444010043753655,2,7.0444010043753655,1,0,2,anti_homophones
36000,bLn1sheng1,10,-5.943683475950167,2,5.943683475950167,1,0,3,anti_homophones
36001,song4bE4,8,-6.837520829961136,2,6.837520829961136,1,0,0,anti_homophones
36002,gang4hu1,8,-7.244236362141454,2,7.244236362141454,1,0,0,anti_homophones
36003,zhu2er5,7,-6.1244540404306615,2,6.1244540404306615,1,0,2,anti_homophones
36004,hE1mW4,6,-5.521679056264085,2,5.521679056264085,1,0,5,anti_homophones
36005,zhang4zA1,9,-7.0481944213262775,2,7.0481944213262775,1,0,0,anti_homophones
36006,gO4gO1,6,-6.619296614304293,2,6.619296614304293,1,0,1,anti_homophones
36007,gU1zi5,6,-5.341466560012704,2,5.341466560012704,1,0,7,anti_homophones
36008,fE2she3,7,-7.044573482481213,2,7.044573482481213,1,0,0,anti_homophones
36009,wen4shang4,10,-6.845179727981022,2,6.845179727981022,1,0,0,anti_homophones
36010,zhu3zhang1,10,-6.283424508612011,2,6.283424508612011,1,0,2,anti_homophones
36011,deng2zu2,8,-6.5822023139429096,2,6.5822023139429096,1,0,0,anti_homophones
36012,fen4ji1,7,-5.631077356376026,2,5.631077356376026,1,0,3,anti_homophones
36013,dan1fan4,8,-6.157488873457912,2,6.157488873457912,1,0,4,anti_homophones
36014,sa1po2,6,-6.379737087966177,2,6.379737087966177,1,0,1,anti_homophones
36015,wu3qing2,8,-5.952750013825547,2,5.952750013825547,1,0,4,anti_homophones
36016,du2xun1,7,-6.950310296767842,2,6.950310296767842,1,0,0,anti_homophones
36017,hU1jW1,6,-5.700673576076553,2,5.700673576076553,1,0,4,anti_homophones
36018,hA3jC2,6,-5.830020830230038,2,5.830020830230038,1,0,1,anti_homophones
36019,shu1ke4,7,-5.945330167242978,2,5.945330167242978,1,0,1,anti_homophones
36020,fen4shi2,8,-5.69805011776695,2,5.69805011776695,1,0,2,anti_homophones
36021,yu4jL1,6,-5.411544665640982,2,5.411544665640982,1,0,5,anti_homophones
36022,mu4ji1,6,-5.321441673408374,2,5.321441673408374,1,0,6,anti_homophones
36023,leng3wE3,8,-7.492086980273857,2,7.492086980273857,1,0,1,anti_homophones
36024,hA3dI4,6,-6.290289049623658,2,6.290289049623658,1,0,3,anti_homophones
36025,hI4qing1,8,-6.8462497290207125,2,6.8462497290207125,1,0,0,anti_homophones
36026,tM3sheng4,9,-5.967883555974146,2,5.967883555974146,1,0,3,anti_homophones
36027,chu4nv3,7,-6.247135484916234,2,6.247135484916234,1,0,0,anti_homophones
36028,jM3gQ3,6,-6.4939671190791755,2,6.4939671190791755,1,0,2,anti_homophones
36029,cha2xL2,7,-6.989487146013318,2,6.989487146013318,1,0,2,anti_homophones
36030,dan4tV2,7,-5.631558928480025,2,5.631558928480025,1,0,6,anti_homophones
36031,pang1ju4,8,-6.9681672509078805,2,6.9681672509078805,1,0,1,anti_homophones
36032,fang1tan2,9,-6.301977365297775,2,6.301977365297775,1,0,3,anti_homophones
36033,yan3lW4,7,-5.700092440012824,2,5.700092440012824,1,0,4,anti_homophones
36034,gUng1xLn4,9,-5.86620049752765,2,5.86620049752765,1,0,1,anti_homophones
36035,tu3qi4,6,-4.955686443804594,2,4.955686443804594,1,0,8,anti_homophones
36036,wA1dang4,8,-6.669729148415417,2,6.669729148415417,1,0,0,anti_homophones
36037,hO3fan4,7,-6.178598622050946,2,6.178598622050946,1,0,1,anti_homophones
36038,hA3li3,6,-5.068994542505908,2,5.068994542505908,1,0,2,anti_homophones
36039,zhi2cA2,7,-6.200976495410958,2,6.200976495410958,1,0,0,anti_homophones
36040,ying2yi4,8,-5.426937149649134,2,5.426937149649134,1,0,8,anti_homophones
36041,zA1pan2,7,-6.327027548525209,2,6.327027548525209,1,0,4,anti_homophones
36042,gan1fan4,8,-6.122298614843344,2,6.122298614843344,1,0,2,anti_homophones
36043,qUn2jW3,7,-6.107695455058065,2,6.107695455058065,1,0,1,anti_homophones
36044,jW1hQ4,6,-4.8151660867298345,2,4.8151660867298345,1,0,4,anti_homophones
36045,su1yUn2,7,-6.319367136540018,2,6.319367136540018,1,0,4,anti_homophones
36046,gen1zan5,8,-8.114160841164118,2,8.114160841164118,1,0,0,anti_homophones
36047,yi3ci4,6,-5.87446276169208,2,5.87446276169208,1,0,6,anti_homophones
36048,dI4shan2,8,-7.325882027932725,2,7.325882027932725,1,0,0,anti_homophones
36049,nK2hU4,6,-5.36770839179283,2,5.36770839179283,1,0,2,anti_homophones
36050,hUng4dA4,8,-6.293644423102366,2,6.293644423102366,1,0,1,anti_homophones
36051,sa1lM4,6,-7.799506317781454,2,7.799506317781454,1,0,1,anti_homophones
36052,yQ1dQ4,6,-5.495739956631501,2,5.495739956631501,1,0,6,anti_homophones
36053,gUn1gO1,7,-6.16641585145928,2,6.16641585145928,1,0,0,anti_homophones
36054,tUn2hU2,7,-6.923782704115918,2,6.923782704115918,1,0,0,anti_homophones
36055,gQ1ye4,6,-5.546352958291125,2,5.546352958291125,1,0,7,anti_homophones
36056,zO4can2,7,-6.100934115487355,2,6.100934115487355,1,0,1,anti_homophones
36057,shen1ji1,8,-5.188287319663866,2,5.188287319663866,1,0,3,anti_homophones
36058,xi1di4,6,-5.366698451784491,2,5.366698451784491,1,0,7,anti_homophones
36059,tLn1tan4,8,-6.122004830333318,2,6.122004830333318,1,0,1,anti_homophones
36060,shI4hU4,7,-5.53416392206449,2,5.53416392206449,1,0,6,anti_homophones
36061,chQ2kQ4,7,-6.4272207011285,2,6.4272207011285,1,0,1,anti_homophones
36062,qing4jin4,9,-5.8846370051030625,2,5.8846370051030625,1,0,4,anti_homophones
36063,song4mA4,8,-6.43706195042509,2,6.43706195042509,1,0,3,anti_homophones
36064,cQ3wen2,7,-5.55003848076341,2,5.55003848076341,1,0,3,anti_homophones
36065,dLn4ji1,7,-5.276075920406231,2,5.276075920406231,1,0,3,anti_homophones
36066,min2xLng4,9,-6.334611202379808,2,6.334611202379808,1,0,3,anti_homophones
36067,man3xYng1,9,-7.781356816288501,2,7.781356816288501,1,0,1,anti_homophones
36068,mu3A4,5,-5.315380718284531,2,5.315380718284531,1,0,3,anti_homophones
36069,ge1ju1,6,-6.007041099816429,2,6.007041099816429,1,0,1,anti_homophones
36070,dan1fa4,7,-6.670313753725228,2,6.670313753725228,1,0,3,anti_homophones
36071,lQ3bLn4,7,-5.445743322153803,2,5.445743322153803,1,0,4,anti_homophones
36072,sha2zi5,7,-6.813565999211706,2,6.813565999211706,1,0,5,anti_homophones
36073,yun2lE4,7,-6.253683115017695,2,6.253683115017695,1,0,0,anti_homophones
36074,mQ2min2,7,-6.162653930723517,2,6.162653930723517,1,0,1,anti_homophones
36075,dO2shi2,7,-6.765412118321491,2,6.765412118321491,1,0,2,anti_homophones
36076,hUn2de2,7,-6.822405823459716,2,6.822405823459716,1,0,0,anti_homophones
36077,xin1yu2,7,-5.228097473722853,2,5.228097473722853,1,0,4,anti_homophones
36078,zUn1yi4,7,-6.508001337466438,2,6.508001337466438,1,0,3,anti_homophones
36079,ying2fang2,10,-6.224612828984729,2,6.224612828984729,1,0,3,anti_homophones
36080,fu3xu1,6,-6.882671226090042,2,6.882671226090042,1,0,2,anti_homophones
36081,da4cong2,8,-5.989617947210357,2,5.989617947210357,1,0,2,anti_homophones
36082,mLn2yun4,8,-6.599868883262799,2,6.599868883262799,1,0,1,anti_homophones
36083,jLn3shi4,8,-5.154083567793353,2,5.154083567793353,1,0,5,anti_homophones
36084,yin1shi4,8,-5.043363085378346,2,5.043363085378346,1,0,8,anti_homophones
36085,nK2ce4,6,-6.3613096601192325,2,6.3613096601192325,1,0,0,anti_homophones
36086,nQ3shi2,7,-5.719882315127927,2,5.719882315127927,1,0,3,anti_homophones
36087,da4tI3,6,-5.197429218754637,2,5.197429218754637,1,0,2,anti_homophones
36088,jing2zhUng4,11,-6.450427853886499,2,6.450427853886499,1,0,0,anti_homophones
36089,da1ya1,6,-6.577262494627389,2,6.577262494627389,1,0,1,anti_homophones
36090,jLn4gen3,8,-8.578454775426355,2,8.578454775426355,1,0,2,anti_homophones
36091,shu4xing4,9,-5.6908608371793585,2,5.6908608371793585,1,0,4,anti_homophones
36092,si3bu4,6,-5.390097269354485,2,5.390097269354485,1,0,9,anti_homophones
36093,yi1shen2,8,-5.183422326969792,2,5.183422326969792,1,0,3,anti_homophones
36094,ye4zhen1,8,-6.415807786660323,2,6.415807786660323,1,0,0,anti_homophones
36095,yi1yUn4,7,-5.357482030807137,2,5.357482030807137,1,0,6,anti_homophones
36096,san1kong1,9,-6.321359106493874,2,6.321359106493874,1,0,1,anti_homophones
36097,wang4he2,8,-6.284843907849636,2,6.284843907849636,1,0,2,anti_homophones
36098,yin2dQ4,7,-5.839118191305813,2,5.839118191305813,1,0,5,anti_homophones
36099,ling4ban3,9,-6.5249552020777255,2,6.5249552020777255,1,0,1,anti_homophones
36100,zheng3xK3,9,-7.158671416280763,2,7.158671416280763,1,0,1,anti_homophones
36101,shi4yong1,9,-5.550296621778346,2,5.550296621778346,1,0,5,anti_homophones
36102,xW4tan4,7,-6.85494748132941,2,6.85494748132941,1,0,1,anti_homophones
36103,yan3dQ4,7,-5.580609854028946,2,5.580609854028946,1,0,5,anti_homophones
36104,ya2bing4,8,-6.550904115783233,2,6.550904115783233,1,0,2,anti_homophones
36105,yUn2ling4,9,-6.395369126409212,2,6.395369126409212,1,0,4,anti_homophones
36106,dLn4gI3,7,-6.173185703596219,2,6.173185703596219,1,0,2,anti_homophones
36107,gQ1ma1,6,-6.362004394099463,2,6.362004394099463,1,0,0,anti_homophones
36108,wa3gI4,6,-6.565880747711465,2,6.565880747711465,1,0,0,anti_homophones
36109,qLn2dLn4,8,-5.811501158893994,2,5.811501158893994,1,0,2,anti_homophones
36110,qLn2zhang5,10,-7.521808343269555,2,7.521808343269555,1,0,0,anti_homophones
36111,fan4shi2,8,-5.405260184570766,2,5.405260184570766,1,0,6,anti_homophones
36112,pu3cha2,7,-6.664672730288675,2,6.664672730288675,1,0,0,anti_homophones
36113,dang2yi1,8,-6.5646875632690005,2,6.5646875632690005,1,0,0,anti_homophones
36114,shi2chu1,8,-5.726062550723974,2,5.726062550723974,1,0,2,anti_homophones
36115,meng2gQ1,8,-7.706019582616032,2,7.706019582616032,1,0,0,anti_homophones
36116,zhun1lA4,8,-7.364373242547917,2,7.364373242547917,1,0,0,anti_homophones
36117,xin1qi4,7,-5.071788750898544,2,5.071788750898544,1,0,11,anti_homophones
36118,jLn3ping3,9,-6.555875005088208,2,6.555875005088208,1,0,0,anti_homophones
36119,mu3xM4,6,-6.969089295330693,2,6.969089295330693,1,0,1,anti_homophones
36120,xW1yQ1,6,-5.687652265374964,2,5.687652265374964,1,0,2,anti_homophones
36121,jing1jC2,8,-6.086651257736496,2,6.086651257736496,1,0,2,anti_homophones
36122,tun1sQ3,7,-8.095166051407674,2,8.095166051407674,1,0,0,anti_homophones
36123,bi3jing4,8,-5.901986013344057,2,5.901986013344057,1,0,1,anti_homophones
36124,tA2ren2,7,-6.922305832095492,2,6.922305832095492,1,0,5,anti_homophones
36125,zong1kI1,8,-6.883750575750062,2,6.883750575750062,1,0,2,anti_homophones
36126,ru4cheng3,9,-6.851231608675367,2,6.851231608675367,1,0,1,anti_homophones
36127,xW4ran2,7,-5.977249014815734,2,5.977249014815734,1,0,4,anti_homophones
36128,ju3yi4,6,-5.27721566303017,2,5.27721566303017,1,0,11,anti_homophones
36129,yV1zi5,6,-5.554836044377881,2,5.554836044377881,1,0,5,anti_homophones
36130,dO1zI4,6,-5.930802020036051,2,5.930802020036051,1,0,1,anti_homophones
36131,qLn2hUng1,9,-5.978282122685329,2,5.978282122685329,1,0,1,anti_homophones
36132,wu2zhe5,7,-6.155121861449808,2,6.155121861449808,1,0,2,anti_homophones
36133,shI3ban4,8,-5.483421827940146,2,5.483421827940146,1,0,3,anti_homophones
36134,sI2di4,6,-5.38426926949784,2,5.38426926949784,1,0,1,anti_homophones
36135,ba1yun4,7,-6.678360139147362,2,6.678360139147362,1,0,0,anti_homophones
36136,ji4qu1,6,-5.593459960169883,2,5.593459960169883,1,0,4,anti_homophones
36137,xing1neng4,10,-6.713625323524076,2,6.713625323524076,1,0,1,anti_homophones
36138,fu2fang2,8,-6.128091786745942,2,6.128091786745942,1,0,1,anti_homophones
36139,yu4qin1,7,-6.31511428453059,2,6.31511428453059,1,0,2,anti_homophones
36140,gan3shi2,8,-5.325237649416996,2,5.325237649416996,1,0,6,anti_homophones
36141,mLn4yan2,8,-5.942206710849181,2,5.942206710849181,1,0,2,anti_homophones
36142,tan1ju4,7,-6.11724898217271,2,6.11724898217271,1,0,2,anti_homophones
36143,qi3jL4,6,-5.34021084136544,2,5.34021084136544,1,0,5,anti_homophones
36144,dLn4zhQ3,8,-6.837899316681375,2,6.837899316681375,1,0,1,anti_homophones
36145,gan3rI4,7,-6.9501263444232215,2,6.9501263444232215,1,0,3,anti_homophones
36146,lLn2sheng3,10,-6.566716713071911,2,6.566716713071911,1,0,0,anti_homophones
36147,dI4zO4,6,-5.449760395699209,2,5.449760395699209,1,0,2,anti_homophones
36148,lu4shu4,7,-5.818478184348233,2,5.818478184348233,1,0,8,anti_homophones
36149,kA1cheng4,9,-5.805498227059086,2,5.805498227059086,1,0,3,anti_homophones
36150,xW3qUn2,7,-5.476228201863407,2,5.476228201863407,1,0,1,anti_homophones
36151,wen2zheng2,10,-6.201931396806109,2,6.201931396806109,1,0,1,anti_homophones
36152,yan3shen1,9,-6.092373632834756,2,6.092373632834756,1,0,1,anti_homophones
36153,lLng2A4,7,-6.466574679429269,2,6.466574679429269,1,0,1,anti_homophones
36154,gUng1chang1,11,-6.533637203982628,2,6.533637203982628,1,0,0,anti_homophones
36155,shen1zi5,8,-4.888740666510712,2,4.888740666510712,1,0,7,anti_homophones
36156,lM4chang4,9,-6.19309717677736,2,6.19309717677736,1,0,2,anti_homophones
36157,kUng1gong1,10,-6.532009316161814,2,6.532009316161814,1,0,0,anti_homophones
36158,ban3wA4,7,-7.361943934790253,2,7.361943934790253,1,0,1,anti_homophones
36159,zhUn3ge1,8,-6.988930473035145,2,6.988930473035145,1,0,0,anti_homophones
36160,jW4yan1,7,-6.00356520952583,2,6.00356520952583,1,0,2,anti_homophones
36161,du1xi3,6,-6.954898878644809,2,6.954898878644809,1,0,1,anti_homophones
36162,tan3wE4,7,-6.436923200158857,2,6.436923200158857,1,0,1,anti_homophones
36163,jM2chUng2,9,-6.4351743542871445,2,6.4351743542871445,1,0,3,anti_homophones
36164,wang4dQ4,8,-5.974146773372006,2,5.974146773372006,1,0,3,anti_homophones
36165,wu2kUn3,7,-5.5509843841723185,2,5.5509843841723185,1,0,2,anti_homophones
36166,yi4bu4,6,-5.489190350787156,2,5.489190350787156,1,0,11,anti_homophones
36167,jK4xL4,6,-5.820079951550227,2,5.820079951550227,1,0,0,anti_homophones
36168,shen1dUn4,9,-6.042177992706044,2,6.042177992706044,1,0,2,anti_homophones
36169,zun1ce4,7,-6.682627983861479,2,6.682627983861479,1,0,1,anti_homophones
36170,dong2shI3,9,-6.18908863737976,2,6.18908863737976,1,0,1,anti_homophones
36171,ju3shV3,7,-5.770730355320131,2,5.770730355320131,1,0,7,anti_homophones
36172,gV1jC2,6,-7.14929889075302,2,7.14929889075302,1,0,1,anti_homophones
36173,mQ4hong2,8,-6.461547162714079,2,6.461547162714079,1,0,1,anti_homophones
36174,yi1ju4,6,-5.061287365999815,2,5.061287365999815,1,0,19,anti_homophones
36175,jing4gE3,8,-5.992701731694752,2,5.992701731694752,1,0,2,anti_homophones
36176,cA2ju1,6,-5.990222572562401,2,5.990222572562401,1,0,1,anti_homophones
36177,wE2zhang1,9,-6.296576614749416,2,6.296576614749416,1,0,2,anti_homophones
36178,zO4jin4,7,-5.651759048743155,2,5.651759048743155,1,0,4,anti_homophones
36179,cong2fa3,8,-6.458629375941687,2,6.458629375941687,1,0,1,anti_homophones
36180,hun1ge1,7,-6.561052366132755,2,6.561052366132755,1,0,1,anti_homophones
36181,qLng4jLng4,10,-6.696265969192887,2,6.696265969192887,1,0,0,anti_homophones
36182,hI3wu1,6,-7.0540383400239515,2,7.0540383400239515,1,0,1,anti_homophones
36183,pin2gong1,9,-6.494854232613939,2,6.494854232613939,1,0,0,anti_homophones
36184,qu4ce4,6,-6.3654955397913175,2,6.3654955397913175,1,0,3,anti_homophones
36185,qing2lu4,8,-5.724410576603227,2,5.724410576603227,1,0,7,anti_homophones
36186,dong2sheng4,11,-6.444353191476656,2,6.444353191476656,1,0,4,anti_homophones
36187,tong1man3,9,-6.362217045395606,2,6.362217045395606,1,0,5,anti_homophones
36188,ning3fE4,8,-7.117429053253072,2,7.117429053253072,1,0,0,anti_homophones
36189,zhu3sha1,8,-6.475644119320607,2,6.475644119320607,1,0,0,anti_homophones
36190,nQ4jLn3,7,-6.490589891053643,2,6.490589891053643,1,0,1,anti_homophones
36191,dang2xun4,9,-6.772349841063222,2,6.772349841063222,1,0,0,anti_homophones
36192,di1can1,7,-6.343537100486436,2,6.343537100486436,1,0,4,anti_homophones
36193,yu2shu4,7,-5.77849108872784,2,5.77849108872784,1,0,5,anti_homophones
36194,kQ4zi5,6,-5.857801575336084,2,5.857801575336084,1,0,5,anti_homophones
36195,she4wu4,7,-5.982328276152009,2,5.982328276152009,1,0,4,anti_homophones
36196,qLn1ru4,7,-5.803090699001702,2,5.803090699001702,1,0,4,anti_homophones
36197,min2shi4,8,-5.480815277760527,2,5.480815277760527,1,0,3,anti_homophones
36198,tQ4leng1,8,-7.669524053412602,2,7.669524053412602,1,0,1,anti_homophones
36199,dang4pLn1,9,-6.959665150648347,2,6.959665150648347,1,0,1,anti_homophones
36200,xu4xing4,8,-5.825913299404503,2,5.825913299404503,1,0,6,anti_homophones
36201,jL1jin1,7,-5.587485007681611,2,5.587485007681611,1,0,4,anti_homophones
36202,bi3lW4,6,-5.635637082390715,2,5.635637082390715,1,0,5,anti_homophones
36203,jM2ji4,6,-5.184874467820575,2,5.184874467820575,1,0,8,anti_homophones
36204,dW4bo2,6,-6.503708440009357,2,6.503708440009357,1,0,2,anti_homophones
36205,ling4mW2,8,-7.256308032176195,2,7.256308032176195,1,0,0,anti_homophones
36206,wE3tO1,6,-5.543782095711978,2,5.543782095711978,1,0,0,anti_homophones
36207,rQ4qi4,6,-5.634377379091604,2,5.634377379091604,1,0,3,anti_homophones
36208,yin1cQ3,7,-6.107045340847649,2,6.107045340847649,1,0,0,anti_homophones
36209,jW1A2,5,-6.7263623779504025,2,6.7263623779504025,1,0,2,anti_homophones
36210,wu2zu3,6,-5.657600810879015,2,5.657600810879015,1,0,7,anti_homophones
36211,te4chQ2,7,-6.271698422139299,2,6.271698422139299,1,0,0,anti_homophones
36212,yang2xi1,8,-6.3775177634584805,2,6.3775177634584805,1,0,1,anti_homophones
36213,pW1li5,6,-6.3567282406390255,2,6.3567282406390255,1,0,2,anti_homophones
36214,zhi1pang4,9,-6.474272506304882,2,6.474272506304882,1,0,0,anti_homophones
36215,xing1chu4,9,-6.326779856502429,2,6.326779856502429,1,0,1,anti_homophones
36216,bQ4nu3,6,-7.163759205538102,2,7.163759205538102,1,0,2,anti_homophones
36217,dV1qin1,7,-6.994831709811408,2,6.994831709811408,1,0,0,anti_homophones
36218,xLng2dQ4,8,-5.718957123562518,2,5.718957123562518,1,0,5,anti_homophones
36219,zhu2fa2,7,-6.64595983213245,2,6.64595983213245,1,0,1,anti_homophones
36220,jLn1tA2,7,-6.923017065879749,2,6.923017065879749,1,0,3,anti_homophones
36221,rong1wE2,8,-6.64253310486917,2,6.64253310486917,1,0,0,anti_homophones
36222,lE2dLn4,7,-5.729365387061095,2,5.729365387061095,1,0,0,anti_homophones
36223,ji4yV3,6,-5.553160203362769,2,5.553160203362769,1,0,5,anti_homophones
36224,yi1yUn3,7,-5.730342232438581,2,5.730342232438581,1,0,4,anti_homophones
36225,fa1shi5,7,-6.070956233737707,2,6.070956233737707,1,0,1,anti_homophones
36226,wu3gun3,7,-6.333174380779237,2,6.333174380779237,1,0,2,anti_homophones
36227,tQ4qu4,6,-6.178396031425707,2,6.178396031425707,1,0,5,anti_homophones
36228,Q4yi3,5,-6.2635556381991275,2,6.2635556381991275,1,0,3,anti_homophones
36229,dLn3pi2,7,-5.679490184136473,2,5.679490184136473,1,0,2,anti_homophones
36230,han4zhu4,8,-6.29121371411418,2,6.29121371411418,1,0,3,anti_homophones
36231,shi4shi2,8,-5.093398939071829,2,5.093398939071829,1,0,5,anti_homophones
36232,lB4wE4,6,-5.740017070607236,2,5.740017070607236,1,0,1,anti_homophones
36233,zhi4xLng4,9,-5.871459642396283,2,5.871459642396283,1,0,3,anti_homophones
36234,an1ren5,7,-7.42882808145146,2,7.42882808145146,1,0,1,anti_homophones
36235,jC2ci2,6,-5.640221566735651,2,5.640221566735651,1,0,3,anti_homophones
36236,ba1hA4,6,-6.794978179548843,2,6.794978179548843,1,0,1,anti_homophones
36237,xC1jing1,8,-6.698717231080595,2,6.698717231080595,1,0,1,anti_homophones
36238,chUn2chang2,11,-6.762540980132358,2,6.762540980132358,1,0,2,anti_homophones
36239,wA4li2,6,-6.030663074371579,2,6.030663074371579,1,0,6,anti_homophones
36240,tV1lLng2,8,-6.279777472311987,2,6.279777472311987,1,0,0,anti_homophones
36241,jin1qM4,7,-5.852025904494512,2,5.852025904494512,1,0,1,anti_homophones
36242,cu1chUn2,8,-6.587978554494518,2,6.587978554494518,1,0,0,anti_homophones
36243,shI3ji3,7,-6.052077108793839,2,6.052077108793839,1,0,5,anti_homophones
36244,shen2xin1,9,-5.6427770434095335,2,5.6427770434095335,1,0,1,anti_homophones
36245,qin1hU4,7,-5.7866815225902775,2,5.7866815225902775,1,0,3,anti_homophones
36246,yV2ding4,8,-5.673755372547889,2,5.673755372547889,1,0,5,anti_homophones
36247,fu4he4,6,-5.886549106064781,2,5.886549106064781,1,0,8,anti_homophones
36248,shV3gV1,7,-5.780605537918654,2,5.780605537918654,1,0,1,anti_homophones
36249,hong3jL1,8,-6.431958935390723,2,6.431958935390723,1,0,2,anti_homophones
36250,chang3hI4,9,-5.867487327400159,2,5.867487327400159,1,0,1,anti_homophones
36251,qin2zhu3,8,-6.117118471598804,2,6.117118471598804,1,0,1,anti_homophones
36252,fa3ling3,8,-6.70296881711842,2,6.70296881711842,1,0,0,anti_homophones
36253,ji4xK3,6,-6.415065805476432,2,6.415065805476432,1,0,1,anti_homophones
36254,gP1zhe3,7,-6.691938941435204,2,6.691938941435204,1,0,1,anti_homophones
36255,cheng2mQ4,9,-6.222250751976148,2,6.222250751976148,1,0,1,anti_homophones
36256,cO4bW1,6,-6.7145941375633305,2,6.7145941375633305,1,0,0,anti_homophones
36257,cheng2chUng1,12,-6.644410539812109,2,6.644410539812109,1,0,2,anti_homophones
36258,pa4shen1,8,-6.949350046740228,2,6.949350046740228,1,0,1,anti_homophones
36259,gu4zi3,6,-5.917213061446976,2,5.917213061446976,1,0,5,anti_homophones
36260,feng2lu4,8,-5.952471423839184,2,5.952471423839184,1,0,5,anti_homophones
36261,zi1bing2,8,-6.188115816721709,2,6.188115816721709,1,0,2,anti_homophones
36262,ji1zeng2,8,-7.606559735769384,2,7.606559735769384,1,0,1,anti_homophones
36263,ren4dan4,8,-6.618232645808615,2,6.618232645808615,1,0,0,anti_homophones
36264,zhUng1shV3,10,-5.79711222889688,2,5.79711222889688,1,0,2,anti_homophones
36265,fan2qu3,7,-6.427195351719148,2,6.427195351719148,1,0,3,anti_homophones
36266,zhong1tQ1,9,-6.718408519803846,2,6.718408519803846,1,0,1,anti_homophones
36267,jLn4mu3,7,-6.1311701667259,2,6.1311701667259,1,0,4,anti_homophones
36268,he2mu4,6,-6.0089030774967105,2,6.0089030774967105,1,0,3,anti_homophones
36269,fV3rUn3,7,-6.290740217006652,2,6.290740217006652,1,0,0,anti_homophones
36270,rong4zi5,8,-5.782866738695641,2,5.782866738695641,1,0,3,anti_homophones
36271,nL3zhi4,7,-8.528963416676625,2,8.528963416676625,1,0,1,anti_homophones
36272,bu3chang2,9,-6.462055706543535,2,6.462055706543535,1,0,1,anti_homophones
36273,kI2kI2,6,-6.422635013994346,2,6.422635013994346,1,0,1,anti_homophones
36274,lK3tu2,6,-6.132055634099933,2,6.132055634099933,1,0,1,anti_homophones
36275,xL4gV3,6,-6.113959188725916,2,6.113959188725916,1,0,0,anti_homophones
36276,sQ3hu3,6,-6.142499166843794,2,6.142499166843794,1,0,3,anti_homophones
36277,dLn1shang2,10,-7.212781200401326,2,7.212781200401326,1,0,0,anti_homophones
36278,kI3lLng2,8,-6.454541956714006,2,6.454541956714006,1,0,1,anti_homophones
36279,xLn1hUn3y,9,-11.300106556422147,2,11.300106556422147,1,0,0,anti_homophones
36280,shan1zu2,8,-6.382182300354153,2,6.382182300354153,1,0,1,anti_homophones
36281,he4sheng3,9,-7.096746055501447,2,7.096746055501447,1,0,1,anti_homophones
36282,tV2zi3,6,-5.2375003895388685,2,5.2375003895388685,1,0,4,anti_homophones
36283,hI1su4,6,-5.444473772085178,2,5.444473772085178,1,0,4,anti_homophones
36284,lLng4qi1,8,-6.123049534692162,2,6.123049534692162,1,0,2,anti_homophones
36285,yi2wE2,6,-5.7521104613577805,2,5.7521104613577805,1,0,4,anti_homophones
36286,xK1chUn1,8,-6.379910572761704,2,6.379910572761704,1,0,0,anti_homophones
36287,wen4zO4,7,-6.354059225089689,2,6.354059225089689,1,0,0,anti_homophones
36288,ping4kU3,8,-7.214374877065585,2,7.214374877065585,1,0,0,anti_homophones
36289,qi1qi4,6,-4.900141363607174,2,4.900141363607174,1,0,10,anti_homophones
36290,wE1dong4,8,-6.0809857916081445,2,6.0809857916081445,1,0,1,anti_homophones
36291,ji1gun3,7,-6.357585046448531,2,6.357585046448531,1,0,0,anti_homophones
36292,hI2chu2,7,-6.095558508751397,2,6.095558508751397,1,0,2,anti_homophones
36293,sUn1ku4,7,-6.455476214443472,2,6.455476214443472,1,0,0,anti_homophones
36294,li4jM3,6,-5.905228336213034,2,5.905228336213034,1,0,2,anti_homophones
36295,yun2lLn4,8,-6.578858823712105,2,6.578858823712105,1,0,2,anti_homophones
36296,zhu1ha1,7,-6.723037029187682,2,6.723037029187682,1,0,1,anti_homophones
36297,yQ4bE4,6,-5.917762902927933,2,5.917762902927933,1,0,3,anti_homophones
36298,ye3wE5,6,-7.22569869478317,2,7.22569869478317,1,0,1,anti_homophones
36299,ga1ban3,7,-7.777012937594188,2,7.777012937594188,1,0,1,anti_homophones
36300,ling4fang4,10,-6.530519117615191,2,6.530519117615191,1,0,0,anti_homophones
36301,jK4hO4,6,-5.14069851322685,2,5.14069851322685,1,0,6,anti_homophones
36302,hQ4shi2,7,-5.554806841945899,2,5.554806841945899,1,0,1,anti_homophones
36303,cI1fu3,6,-6.827510814480062,2,6.827510814480062,1,0,2,anti_homophones
36304,nLn2yUn2,8,-5.237856516451867,2,5.237856516451867,1,0,2,anti_homophones
36305,ru3jin1,7,-6.2072782373321544,2,6.2072782373321544,1,0,1,anti_homophones
36306,lLng1tA2,8,-6.413210558099554,2,6.413210558099554,1,0,0,anti_homophones
36307,tu2li1,6,-7.894927858767123,2,7.894927858767123,1,0,1,anti_homophones
36308,ling1shang3,11,-6.688328991866078,2,6.688328991866078,1,0,0,anti_homophones
36309,shV3cheng3,10,-6.192685074548974,2,6.192685074548974,1,0,2,anti_homophones
36310,cI1su2,6,-6.546675221120757,2,6.546675221120757,1,0,1,anti_homophones
36311,xi4jL2,6,-7.131004156451786,2,7.131004156451786,1,0,2,anti_homophones
36312,fen3dLn3,8,-6.069940431872641,2,6.069940431872641,1,0,0,anti_homophones
36313,wang3yang3,10,-6.829104038865691,2,6.829104038865691,1,0,0,anti_homophones
36314,fa1hu2,6,-5.907633113921822,2,5.907633113921822,1,0,5,anti_homophones
36315,jLn4zhu4,8,-5.508560469207154,2,5.508560469207154,1,0,4,anti_homophones
36316,bing1li5,8,-6.3268920046964485,2,6.3268920046964485,1,0,4,anti_homophones
36317,xun4shi4,8,-5.303985733572956,2,5.303985733572956,1,0,3,anti_homophones
36318,er2li3,6,-6.675289931084418,2,6.675289931084418,1,0,2,anti_homophones
36319,kP4ke1,6,-7.251797325917686,2,7.251797325917686,1,0,0,anti_homophones
36320,nE4le5,6,-6.781726268789956,2,6.781726268789956,1,0,1,anti_homophones
36321,wu2hu5,6,-6.133353507072484,2,6.133353507072484,1,0,0,anti_homophones
36322,tLn1lan2,8,-6.009353817443991,2,6.009353817443991,1,0,2,anti_homophones
36323,li2jin4,7,-6.038696557569897,2,6.038696557569897,1,0,4,anti_homophones
36324,chi3fu4,7,-6.70841919817484,2,6.70841919817484,1,0,1,anti_homophones
36325,chUng1di4,9,-5.778040507477855,2,5.778040507477855,1,0,1,anti_homophones
36326,chang3gQ4,9,-6.21346207159826,2,6.21346207159826,1,0,0,anti_homophones
36327,hQ4zi3,6,-5.976718729386744,2,5.976718729386744,1,0,3,anti_homophones
36328,qLn2lu4,7,-5.518201466849268,2,5.518201466849268,1,0,8,anti_homophones
36329,zhong4zhUn4,11,-6.576854553145685,2,6.576854553145685,1,0,0,anti_homophones
36330,cheng1rV4,9,-6.256038967126087,2,6.256038967126087,1,0,1,anti_homophones
36331,yu4ming1,8,-5.621469702090023,2,5.621469702090023,1,0,3,anti_homophones
36332,fen4zi3,7,-5.600764736255999,2,5.600764736255999,1,0,2,anti_homophones
36333,shi4di5,7,-7.310321542087487,2,7.310321542087487,1,0,2,anti_homophones
36334,di1dV3,6,-6.27633659333806,2,6.27633659333806,1,0,1,anti_homophones
36335,A2ming3,7,-6.30714818666,2,6.30714818666,1,0,3,anti_homophones
36336,dUn1zhO2,8,-7.141794390876688,2,7.141794390876688,1,0,0,anti_homophones
36337,cang2zhO1,9,-7.323294955589348,2,7.323294955589348,1,0,0,anti_homophones
36338,de2yin1,7,-6.071734942594208,2,6.071734942594208,1,0,0,anti_homophones
36339,nE4jLng4,8,-6.381390500387158,2,6.381390500387158,1,0,0,anti_homophones
36340,zi4hu4,6,-5.4644399455321135,2,5.4644399455321135,1,0,15,anti_homophones
36341,xLng1kV3,8,-5.734829802276466,2,5.734829802276466,1,0,1,anti_homophones
36342,bu4chang2,9,-5.831698847999861,2,5.831698847999861,1,0,4,anti_homophones
36343,xW3yang3,8,-5.655193741569492,2,5.655193741569492,1,0,3,anti_homophones
36344,pE4lLn2,7,-6.677627766560103,2,6.677627766560103,1,0,0,anti_homophones
36345,gO4ji1,6,-5.227639630143831,2,5.227639630143831,1,0,7,anti_homophones
36346,xYng2hun1,9,-6.829102991849133,2,6.829102991849133,1,0,0,anti_homophones
36347,si3cA2,6,-6.692807397202329,2,6.692807397202329,1,0,0,anti_homophones
36348,cQ3ti3,6,-6.031137567928853,2,6.031137567928853,1,0,1,anti_homophones
36349,la1kU3,6,-6.39695725860787,2,6.39695725860787,1,0,1,anti_homophones
36350,xW1hI4,6,-5.160765778664386,2,5.160765778664386,1,0,4,anti_homophones
36351,A1qu3,5,-5.811665398746628,2,5.811665398746628,1,0,1,anti_homophones
36352,mE3ji4,6,-5.545147829419742,2,5.545147829419742,1,0,4,anti_homophones
36353,nE4hA3,6,-5.690159580011783,2,5.690159580011783,1,0,0,anti_homophones
36354,jLng2xL2,8,-7.033554331342472,2,7.033554331342472,1,0,0,anti_homophones
36355,fu4fan1,7,-6.4419521717621295,2,6.4419521717621295,1,0,2,anti_homophones
36356,hong1gQ3,8,-6.451201347724504,2,6.451201347724504,1,0,1,anti_homophones
36357,wan4dong4,9,-6.282681223437038,2,6.282681223437038,1,0,0,anti_homophones
36358,dan1hun4,8,-6.623843752419326,2,6.623843752419326,1,0,1,anti_homophones
36359,shi2sheng1,10,-5.511480190029801,2,5.511480190029801,1,0,0,anti_homophones
36360,tu1dLn4,7,-6.1144029235450095,2,6.1144029235450095,1,0,4,anti_homophones
36361,te4shi2,7,-5.304635390779419,2,5.304635390779419,1,0,4,anti_homophones
36362,yu3er5,6,-5.8166791668874405,2,5.8166791668874405,1,0,1,anti_homophones
36363,bang4chan4,10,-7.279135607928062,2,7.279135607928062,1,0,0,anti_homophones
36364,dQ3yu4,6,-5.887024790714883,2,5.887024790714883,1,0,4,anti_homophones
36365,can1tV2,7,-5.671433212562075,2,5.671433212562075,1,0,5,anti_homophones
36366,zO3tang2,8,-6.63284596568998,2,6.63284596568998,1,0,0,anti_homophones
36367,da1lLn2,7,-6.154633925332379,2,6.154633925332379,1,0,1,anti_homophones
36368,hP2zhi4,7,-6.018004712686748,2,6.018004712686748,1,0,6,anti_homophones
36369,zhu3lLng4,9,-5.93610998556686,2,5.93610998556686,1,0,0,anti_homophones
36370,man3yan2,8,-6.08358201613215,2,6.08358201613215,1,0,2,anti_homophones
36371,bA3ran2,7,-6.78139752030088,2,6.78139752030088,1,0,1,anti_homophones
36372,shang3zi5,9,-5.247696886636508,2,5.247696886636508,1,0,2,anti_homophones
36373,yUn2yV3,7,-5.841231541279078,2,5.841231541279078,1,0,1,anti_homophones
36374,yang2jL1,8,-5.644744178640183,2,5.644744178640183,1,0,5,anti_homophones
36375,dV4yu3,6,-5.71210604736794,2,5.71210604736794,1,0,5,anti_homophones
36376,dLn3xLng3,9,-5.947662540751033,2,5.947662540751033,1,0,1,anti_homophones
36377,gang3jL1,8,-6.375683305411643,2,6.375683305411643,1,0,1,anti_homophones
36378,kong1yQ1,8,-6.9699320857244755,2,6.9699320857244755,1,0,2,anti_homophones
36379,bW1xW4,6,-6.644014914054232,2,6.644014914054232,1,0,3,anti_homophones
36380,tLn1hI4,7,-5.397718176597362,2,5.397718176597362,1,0,2,anti_homophones
36381,che1tan2,8,-6.414273826844494,2,6.414273826844494,1,0,0,anti_homophones
36382,bi2yV2,6,-6.004035059667434,2,6.004035059667434,1,0,5,anti_homophones
36383,cheng4lO4,9,-6.822359140417133,2,6.822359140417133,1,0,1,anti_homophones
36384,mE3xi1,6,-7.181748974885237,2,7.181748974885237,1,0,1,anti_homophones
36385,lM4shI3,7,-6.002029142964017,2,6.002029142964017,1,0,2,anti_homophones
36386,gu3fE3,6,-6.899773862926814,2,6.899773862926814,1,0,0,anti_homophones
36387,zhUng1shen4,11,-6.450845806587616,2,6.450845806587616,1,0,1,anti_homophones
36388,zhong1xu4,9,-6.213089520226681,2,6.213089520226681,1,0,5,anti_homophones
36389,ti2ce4,6,-5.933808212972616,2,5.933808212972616,1,0,0,anti_homophones
36390,shV1ji2,7,-5.648922771996847,2,5.648922771996847,1,0,6,anti_homophones
36391,li2zhen4,8,-6.468146039177496,2,6.468146039177496,1,0,0,anti_homophones
36392,jing3er2,8,-6.1261128999227354,2,6.1261128999227354,1,0,1,anti_homophones
36393,kV3kQ1,6,-7.352050213021166,2,7.352050213021166,1,0,0,anti_homophones
36394,hE1mi3,6,-5.938554947466272,2,5.938554947466272,1,0,3,anti_homophones
36395,cheng1ne5,9,-7.651125040552547,2,7.651125040552547,1,0,0,anti_homophones
36396,jLn1hu1,7,-5.676373750821108,2,5.676373750821108,1,0,3,anti_homophones
36397,hQ4zi4,6,-6.6364211290748605,2,6.6364211290748605,1,0,3,anti_homophones
36398,si1zhong2,9,-6.34342854706421,2,6.34342854706421,1,0,1,anti_homophones
36399,tQ3zhe5,7,-7.4891049389917255,2,7.4891049389917255,1,0,0,anti_homophones
36400,hU4jM2,6,-5.905896783446809,2,5.905896783446809,1,0,1,anti_homophones
36401,ba3wE4,6,-6.263776180181342,2,6.263776180181342,1,0,2,anti_homophones
36402,da3ju4,6,-5.344603900151935,2,5.344603900151935,1,0,6,anti_homophones
36403,nK2yang2,8,-6.837148261727612,2,6.837148261727612,1,0,1,anti_homophones
36404,yUn2ti1,7,-6.087535121335586,2,6.087535121335586,1,0,2,anti_homophones
36405,nong1jM2,8,-6.147208979334383,2,6.147208979334383,1,0,4,anti_homophones
36406,wen2ji2,7,-5.607073026304159,2,5.607073026304159,1,0,3,anti_homophones
36407,gQ1shI3,7,-5.437146526055324,2,5.437146526055324,1,0,3,anti_homophones
36408,jLn1zi5,7,-4.800071364411747,2,4.800071364411747,1,0,8,anti_homophones
36409,tong2xLng4,10,-6.022285386014642,2,6.022285386014642,1,0,1,anti_homophones
36410,jW1ge1,6,-5.741993402348699,2,5.741993402348699,1,0,3,anti_homophones
36411,wu2lun4,7,-5.41189186460799,2,5.41189186460799,1,0,3,anti_homophones
36412,deng2shu4,9,-6.2573150812253076,2,6.2573150812253076,1,0,0,anti_homophones
36413,xL4shi4,7,-4.8396126090709775,2,4.8396126090709775,1,0,6,anti_homophones
36414,ren2xLng2,9,-5.921881059811562,2,5.921881059811562,1,0,0,anti_homophones
36415,dQ4bin1,7,-6.6886843196036585,2,6.6886843196036585,1,0,1,anti_homophones
36416,san1an4,7,-5.934315145925327,2,5.934315145925327,1,0,4,anti_homophones
36417,kUng2zhong1,11,-6.913469000803344,2,6.913469000803344,1,0,0,anti_homophones
36418,li2pu3,6,-5.791272744173069,2,5.791272744173069,1,0,0,anti_homophones
36419,bo1zheng2,9,-6.299645469231856,2,6.299645469231856,1,0,2,anti_homophones
36420,pA1mA4,6,-4.83297556593206,2,4.83297556593206,1,0,2,anti_homophones
36421,gUn3lLng4,9,-6.172536334459052,2,6.172536334459052,1,0,2,anti_homophones
36422,ma3dong1,8,-6.36773255262587,2,6.36773255262587,1,0,0,anti_homophones
36423,yV2dV4,6,-5.743364562873179,2,5.743364562873179,1,0,3,anti_homophones
36424,fu3se4,6,-5.126594128480026,2,5.126594128480026,1,0,5,anti_homophones
36425,kQ3jLn4,7,-5.891501554979555,2,5.891501554979555,1,0,3,anti_homophones
36426,dan1feng1,9,-6.0511620944249636,2,6.0511620944249636,1,0,3,anti_homophones
36427,hU1jL4,6,-5.279338789923203,2,5.279338789923203,1,0,4,anti_homophones
36428,bing2xin1,9,-5.5408965555274,2,5.5408965555274,1,0,6,anti_homophones
36429,qing2se4,8,-5.05319776736574,2,5.05319776736574,1,0,7,anti_homophones
36430,qing1bu3,8,-6.562479703334022,2,6.562479703334022,1,0,1,anti_homophones
36431,sheng2A4,8,-5.954306087118403,2,5.954306087118403,1,0,2,anti_homophones
36432,zeng1pi2,8,-6.625226712861803,2,6.625226712861803,1,0,1,anti_homophones
36433,ke3wE4,6,-5.06509838107304,2,5.06509838107304,1,0,7,anti_homophones
36434,tI1chUn1,8,-6.236685976414465,2,6.236685976414465,1,0,1,anti_homophones
36435,cO2za2,6,-6.959857679444932,2,6.959857679444932,1,0,0,anti_homophones
36436,lQ3jLn1,7,-5.4560839583466345,2,5.4560839583466345,1,0,2,anti_homophones
36437,chen1jLn4,9,-5.863724601104699,2,5.863724601104699,1,0,1,anti_homophones
36438,jM1li4,6,-5.2400020325815,2,5.2400020325815,1,0,5,anti_homophones
36439,zi3gO1,6,-7.189610874203696,2,7.189610874203696,1,0,1,anti_homophones
36440,xW1shang1,9,-5.912119726248255,2,5.912119726248255,1,0,5,anti_homophones
36441,gan1hu1,7,-5.7951413062991985,2,5.7951413062991985,1,0,2,anti_homophones
36442,cheng1yin1,10,-5.918501123904487,2,5.918501123904487,1,0,4,anti_homophones
36443,mu4keng2,8,-7.005000570320746,2,7.005000570320746,1,0,0,anti_homophones
36444,jK3nA4,6,-7.897418894566229,2,7.897418894566229,1,0,0,anti_homophones
36445,ceng1pi2,8,-7.1410011244686125,2,7.1410011244686125,1,0,3,anti_homophones
36446,jL1dQ4,6,-5.552739918251561,2,5.552739918251561,1,0,3,anti_homophones
36447,pi1tI4,6,-6.872279029656944,2,6.872279029656944,1,0,0,anti_homophones
36448,leng2chan1,10,-7.1913229272991535,2,7.1913229272991535,1,0,1,anti_homophones
36449,tLn1chI2,8,-6.771831144848358,2,6.771831144848358,1,0,0,anti_homophones
36450,kong4fE4,8,-6.166804481559358,2,6.166804481559358,1,0,0,anti_homophones
36451,bQ3wen2,7,-5.06782717025497,2,5.06782717025497,1,0,4,anti_homophones
36452,ti4du3,6,-6.894893943249782,2,6.894893943249782,1,0,1,anti_homophones
36453,bQ3hong2,8,-6.433414972796743,2,6.433414972796743,1,0,1,anti_homophones
36454,zhV2yi2,7,-7.175411564828848,2,7.175411564828848,1,0,0,anti_homophones
36455,ling3ren2,9,-6.1937050302139625,2,6.1937050302139625,1,0,2,anti_homophones
36456,yV3tV2,6,-5.218250637339339,2,5.218250637339339,1,0,3,anti_homophones
36457,ke1ke1,6,-5.683053984989102,2,5.683053984989102,1,0,2,anti_homophones
36458,zheng2gI4,9,-6.420916391554954,2,6.420916391554954,1,0,0,anti_homophones
36459,zong4xM3,8,-6.971432626486068,2,6.971432626486068,1,0,0,anti_homophones
36460,qing2lM4,8,-5.950915851576471,2,5.950915851576471,1,0,1,anti_homophones
36461,peng1xLn4,9,-6.128035937120814,2,6.128035937120814,1,0,0,anti_homophones
36462,gUn1yUn3,8,-6.079845524033667,2,6.079845524033667,1,0,0,anti_homophones
36463,qing1jL4,8,-5.676864995465079,2,5.676864995465079,1,0,7,anti_homophones
36464,dong4tong4,10,-6.531650448303367,2,6.531650448303367,1,0,2,anti_homophones
36465,jK4xun4,7,-6.077094765933821,2,6.077094765933821,1,0,2,anti_homophones
36466,bA3zhe4,7,-7.010216583291135,2,7.010216583291135,1,0,2,anti_homophones
36467,fE1xLn1,7,-6.0718818940432255,2,6.0718818940432255,1,0,2,anti_homophones
36468,bo2chen1,8,-6.92045593504925,2,6.92045593504925,1,0,0,anti_homophones
36469,qing4fu4,8,-5.9445061249204505,2,5.9445061249204505,1,0,5,anti_homophones
36470,hun1dLn4,8,-6.429327332921891,2,6.429327332921891,1,0,3,anti_homophones
36471,rO4wE2,6,-6.160778199965815,2,6.160778199965815,1,0,0,anti_homophones
36472,ping2zhe3,9,-6.012281098000361,2,6.012281098000361,1,0,4,anti_homophones
36473,dan1chu4,8,-6.372762647121099,2,6.372762647121099,1,0,1,anti_homophones
36474,xLn4ban4,8,-5.870449897849759,2,5.870449897849759,1,0,4,anti_homophones
36475,du3xin4,7,-6.782012712927762,2,6.782012712927762,1,0,1,anti_homophones
36476,cA2chong3,9,-7.067504691448163,2,7.067504691448163,1,0,0,anti_homophones
36477,jLn4gong4,9,-5.724945790354029,2,5.724945790354029,1,0,4,anti_homophones
36478,chI1gE3,7,-7.970609550149989,2,7.970609550149989,1,0,1,anti_homophones
36479,ping2se4,8,-5.460580733246629,2,5.460580733246629,1,0,4,anti_homophones
36480,zhen1chong2,11,-6.808783201603784,2,6.808783201603784,1,0,1,anti_homophones
36481,chong1fen1,10,-6.422606655049867,2,6.422606655049867,1,0,0,anti_homophones
36482,pang1xing1,10,-7.110440157020735,2,7.110440157020735,1,0,0,anti_homophones
36483,xLng2wa4,8,-7.11622351045232,2,7.11622351045232,1,0,1,anti_homophones
36484,hU4wang3,8,-6.555351897096709,2,6.555351897096709,1,0,0,anti_homophones
36485,zhong1chi3,10,-6.236227896088634,2,6.236227896088634,1,0,0,anti_homophones
36486,gO4zong1,8,-6.7307188772258995,2,6.7307188772258995,1,0,0,anti_homophones
36487,yun2ti1,7,-6.70289171490093,2,6.70289171490093,1,0,1,anti_homophones
36488,pa2ling1,8,-7.002380236643314,2,7.002380236643314,1,0,0,anti_homophones
36489,hUng1dang3,10,-6.635185713899189,2,6.635185713899189,1,0,1,anti_homophones
36490,chang2hU4,9,-5.498422703879555,2,5.498422703879555,1,0,3,anti_homophones
36491,zhi1kV3,7,-5.903836643758893,2,5.903836643758893,1,0,1,anti_homophones
36492,zeng3jin1,9,-7.099380612324516,2,7.099380612324516,1,0,1,anti_homophones
36493,he2er2,6,-5.424651099646379,2,5.424651099646379,1,0,2,anti_homophones
36494,Q1ke2,5,-6.847032159705328,2,6.847032159705328,1,0,0,anti_homophones
36495,fE1wE4,6,-5.158828465014659,2,5.158828465014659,1,0,2,anti_homophones
36496,wen1A4,6,-6.017373049221627,2,6.017373049221627,1,0,0,anti_homophones
36497,men2xi4,7,-5.996082370290906,2,5.996082370290906,1,0,2,anti_homophones
36498,yin1yu3,7,-5.559013697690004,2,5.559013697690004,1,0,3,anti_homophones
36499,shen1rong1,10,-6.388278348827785,2,6.388278348827785,1,0,1,anti_homophones
36500,bQ3me4,6,-7.74522684040057,2,7.74522684040057,1,0,2,anti_homophones
36501,hV2xLng1,8,-6.516096723248573,2,6.516096723248573,1,0,1,anti_homophones
36502,gong1fE4,8,-5.900975995388086,2,5.900975995388086,1,0,0,anti_homophones
36503,zeng4wen2,9,-7.321128314017238,2,7.321128314017238,1,0,0,anti_homophones
36504,chan3yu4,8,-6.417545831179875,2,6.417545831179875,1,0,3,anti_homophones
36505,shi4bQ3,7,-5.799199869356052,2,5.799199869356052,1,0,3,anti_homophones
36506,dLn4shen1,9,-5.999654999899872,2,5.999654999899872,1,0,2,anti_homophones
36507,jin1qK2,7,-5.7498271163166015,2,5.7498271163166015,1,0,1,anti_homophones
36508,di1deng1,8,-5.963854960845043,2,5.963854960845043,1,0,2,anti_homophones
36509,jLng4li4,8,-5.555531809583636,2,5.555531809583636,1,0,7,anti_homophones
36510,gQ1wang4,8,-5.798038562342212,2,5.798038562342212,1,0,2,anti_homophones
36511,meng1zhong2,11,-6.89875205956579,2,6.89875205956579,1,0,1,anti_homophones
36512,fen4zhi4,8,-5.469258829438446,2,5.469258829438446,1,0,3,anti_homophones
36513,ting4li4,8,-5.734224663479513,2,5.734224663479513,1,0,5,anti_homophones
36514,ping1cA2,8,-6.67248803330377,2,6.67248803330377,1,0,0,anti_homophones
36515,zO4ping4,8,-6.018271664711077,2,6.018271664711077,1,0,2,anti_homophones
36516,tO1gV4,6,-5.717391490781108,2,5.717391490781108,1,0,0,anti_homophones
36517,xi3dA4,6,-5.501558683155006,2,5.501558683155006,1,0,5,anti_homophones
36518,xi2san1,7,-6.871618819113219,2,6.871618819113219,1,0,3,anti_homophones
36519,hu4ying4,8,-6.494405963659429,2,6.494405963659429,1,0,3,anti_homophones
36520,bu4jC2,6,-4.842745273079075,2,4.842745273079075,1,0,10,anti_homophones
36521,chV1chu1,8,-6.579743993952146,2,6.579743993952146,1,0,0,anti_homophones
36522,lLng4sheng2,11,-6.462128094411084,2,6.462128094411084,1,0,0,anti_homophones
36523,yan2xC4,7,-6.228180957518309,2,6.228180957518309,1,0,0,anti_homophones
36524,pi1ji4,6,-5.895984321299119,2,5.895984321299119,1,0,7,anti_homophones
36525,mi2min3,7,-6.335130196863294,2,6.335130196863294,1,0,1,anti_homophones
36526,jW1jing4,8,-5.468245876568557,2,5.468245876568557,1,0,2,anti_homophones
36527,ru4wE1,6,-6.482545010393062,2,6.482545010393062,1,0,0,anti_homophones
36528,zI4tA2,6,-5.9467996866718185,2,5.9467996866718185,1,0,3,anti_homophones
36529,mLn4bM2,7,-6.205059112472273,2,6.205059112472273,1,0,2,anti_homophones
36530,min2jing2,9,-6.1786143720114755,2,6.1786143720114755,1,0,1,anti_homophones
36531,ju4yu2,6,-5.684307215398803,2,5.684307215398803,1,0,3,anti_homophones
36532,shang3dan4,10,-6.408761850800371,2,6.408761850800371,1,0,0,anti_homophones
36533,jL3zu3,6,-5.789430358241522,2,5.789430358241522,1,0,2,anti_homophones
36534,yong4yan3,9,-6.40962789713969,2,6.40962789713969,1,0,2,anti_homophones
36535,bLn4mE4,7,-6.086768479674079,2,6.086768479674079,1,0,3,anti_homophones
36536,zu3wE2,6,-6.578624614888392,2,6.578624614888392,1,0,0,anti_homophones
36537,sha1dLn3,8,-5.6067597132871585,2,5.6067597132871585,1,0,0,anti_homophones
36538,gen1yu2,7,-5.950085542768319,2,5.950085542768319,1,0,4,anti_homophones
36539,zhA2er5,7,-6.488580924472687,2,6.488580924472687,1,0,2,anti_homophones
36540,zu3shV3,7,-6.036811158313771,2,6.036811158313771,1,0,8,anti_homophones
36541,Q2xu4,5,-7.1086117296532985,2,7.1086117296532985,1,0,0,anti_homophones
36542,lLn4yUn2,8,-6.132405941337714,2,6.132405941337714,1,0,0,anti_homophones
36543,qM4hO3,6,-6.377723070272,2,6.377723070272,1,0,0,anti_homophones
36544,mo4mo2,6,-5.153902898874639,2,5.153902898874639,1,0,0,anti_homophones
36545,ji2bin1,7,-6.719720825699871,2,6.719720825699871,1,0,1,anti_homophones
36546,li4shi2,7,-5.380737427014009,2,5.380737427014009,1,0,6,anti_homophones
36547,zhV3mo4,7,-7.8066733799245975,2,7.8066733799245975,1,0,0,anti_homophones
36548,he2tV2,6,-4.903043264966758,2,4.903043264966758,1,0,7,anti_homophones
36549,pi1ben1,7,-6.945857053999171,2,6.945857053999171,1,0,1,anti_homophones
36550,ru4qi2,6,-6.428059565765592,2,6.428059565765592,1,0,2,anti_homophones
36551,wen4xi4,7,-6.542084695897944,2,6.542084695897944,1,0,1,anti_homophones
36552,bA3yUn2,7,-5.907405673043623,2,5.907405673043623,1,0,2,anti_homophones
36553,zhu4cheng2,10,-6.200980517021415,2,6.200980517021415,1,0,2,anti_homophones
36554,ying4lu4,8,-5.922381514389099,2,5.922381514389099,1,0,3,anti_homophones
36555,yV4xu4,6,-6.413093086817906,2,6.413093086817906,1,0,3,anti_homophones
36556,gUn1zhi1,8,-5.60425293418367,2,5.60425293418367,1,0,4,anti_homophones
36557,jLng3zhUn1,10,-7.222850036108197,2,7.222850036108197,1,0,1,anti_homophones
36558,lun4wE3,7,-6.817392648157638,2,6.817392648157638,1,0,0,anti_homophones
36559,ping2ken3,9,-7.577793188002129,2,7.577793188002129,1,0,0,anti_homophones
36560,jun1ge2,7,-6.132274836211237,2,6.132274836211237,1,0,1,anti_homophones
36561,mi2hUn3,7,-6.383997312292154,2,6.383997312292154,1,0,1,anti_homophones
36562,zi4yche1,8,-9.51757883757568,2,9.51757883757568,1,0,0,anti_homophones
36563,tV4de5,6,-6.714788999930969,2,6.714788999930969,1,0,1,anti_homophones
36564,pan2shQ3,8,-7.45247073620024,2,7.45247073620024,1,0,1,anti_homophones
36565,gUn1yu4,7,-5.507294534418957,2,5.507294534418957,1,0,1,anti_homophones
36566,tun2lB4,7,-8.375791402763918,2,8.375791402763918,1,0,0,anti_homophones
36567,cO4shan2,8,-7.019004559013792,2,7.019004559013792,1,0,0,anti_homophones
36568,heng4hO4,8,-6.960031758292557,2,6.960031758292557,1,0,0,anti_homophones
36569,bing3sA4,8,-6.383780357578526,2,6.383780357578526,1,0,1,anti_homophones
36570,feng1ren2,9,-5.186055750869039,2,5.186055750869039,1,0,5,anti_homophones
36571,yin1hV4,7,-5.764413245972162,2,5.764413245972162,1,0,4,anti_homophones
36572,gI1xi1,6,-5.836749261358174,2,5.836749261358174,1,0,3,anti_homophones
36573,yong1dLn4,9,-5.9205714350713965,2,5.9205714350713965,1,0,2,anti_homophones
36574,ma3se4,6,-6.336327305046754,2,6.336327305046754,1,0,0,anti_homophones
36575,han1bW3,7,-6.952443877099201,2,6.952443877099201,1,0,0,anti_homophones
36576,zheng4zheng2,12,-6.476777106659789,2,6.476777106659789,1,0,1,anti_homophones
36577,wA4fu2,6,-5.781576831738937,2,5.781576831738937,1,0,4,anti_homophones
36578,shi1ji3,7,-6.451502488423441,2,6.451502488423441,1,0,1,anti_homophones
36579,chan2fa3,8,-6.585488828378553,2,6.585488828378553,1,0,1,anti_homophones
36580,gUn1yV1,7,-6.567999812500911,2,6.567999812500911,1,0,0,anti_homophones
36581,gUn4tong3,9,-6.868784813991571,2,6.868784813991571,1,0,0,anti_homophones
36582,zi4wu3,6,-5.708673249737491,2,5.708673249737491,1,0,8,anti_homophones
36583,qing1ke4,8,-5.957801359880957,2,5.957801359880957,1,0,1,anti_homophones
36584,jK3jL1,6,-6.026621777648454,2,6.026621777648454,1,0,1,anti_homophones
36585,pin3su4,7,-6.084405658521476,2,6.084405658521476,1,0,3,anti_homophones
36586,bu3ru3,6,-6.108983006258012,2,6.108983006258012,1,0,1,anti_homophones
36587,qLn1er2,7,-5.538063608789192,2,5.538063608789192,1,0,2,anti_homophones
36588,lu4bu4,6,-5.6646278136099815,2,5.6646278136099815,1,0,5,anti_homophones
36589,cha2hU4,7,-5.171045873230917,2,5.171045873230917,1,0,2,anti_homophones
36590,fan2chu2,8,-7.039187831429373,2,7.039187831429373,1,0,0,anti_homophones
36591,zhQ4bM2,7,-5.856994901127732,2,5.856994901127732,1,0,1,anti_homophones
36592,zA3fa3,6,-6.599685667743316,2,6.599685667743316,1,0,2,anti_homophones
36593,she4tQ4,7,-5.899801525306241,2,5.899801525306241,1,0,2,anti_homophones
36594,xLn1jL5,7,-6.623733925655838,2,6.623733925655838,1,0,0,anti_homophones
36595,hen4pE4,7,-8.827382167135477,2,8.827382167135477,1,0,0,anti_homophones
36596,ri4hV4,6,-6.226433462382323,2,6.226433462382323,1,0,5,anti_homophones
36597,mi2shu4,7,-6.042717872765902,2,6.042717872765902,1,0,1,anti_homophones
36598,xK1shen2,8,-6.1534300211822535,2,6.1534300211822535,1,0,0,anti_homophones
36599,er3gO3,6,-6.917926148058079,2,6.917926148058079,1,0,4,anti_homophones
36600,mE2cheng4,9,-6.215987032640694,2,6.215987032640694,1,0,0,anti_homophones
36601,qing1chan3,10,-6.406068033944044,2,6.406068033944044,1,0,0,anti_homophones
36602,zhi2jun1,8,-5.938185424807351,2,5.938185424807351,1,0,2,anti_homophones
36603,bQ3hang2,8,-5.863355337464744,2,5.863355337464744,1,0,2,anti_homophones
36604,fE4A4,5,-5.991923728658303,2,5.991923728658303,1,0,2,anti_homophones
36605,cun2shi4,8,-5.705287696825355,2,5.705287696825355,1,0,2,anti_homophones
36606,tan4bQ1,7,-6.059286461810892,2,6.059286461810892,1,0,0,anti_homophones
36607,mW4yu3,6,-5.841850494230835,2,5.841850494230835,1,0,5,anti_homophones
36608,xLn1sheng2,10,-6.317431860809733,2,6.317431860809733,1,0,3,anti_homophones
36609,hUn3yu3,7,-6.4147191484036155,2,6.4147191484036155,1,0,0,anti_homophones
36610,er2li4,6,-6.168006396368922,2,6.168006396368922,1,0,2,anti_homophones
36611,nK2gE2,6,-7.42646811486813,2,7.42646811486813,1,0,0,anti_homophones
36612,si4dUn4,7,-6.685196145979864,2,6.685196145979864,1,0,1,anti_homophones
36613,jW3hUng4,8,-7.133717518315892,2,7.133717518315892,1,0,1,anti_homophones
36614,dO1min2,7,-6.134653592295981,2,6.134653592295981,1,0,0,anti_homophones
36615,wen4sheng1,10,-6.452568211383346,2,6.452568211383346,1,0,2,anti_homophones
36616,pi2hU4,6,-5.508914113199395,2,5.508914113199395,1,0,9,anti_homophones
36617,zheng1po2,9,-6.770248786998552,2,6.770248786998552,1,0,0,anti_homophones
36618,jW1xin1,7,-5.494217026344239,2,5.494217026344239,1,0,8,anti_homophones
36619,tO1tV2,6,-4.895216113605656,2,4.895216113605656,1,0,5,anti_homophones
36620,zha1dQ4,7,-6.6245069812233455,2,6.6245069812233455,1,0,2,anti_homophones
36621,xi1cun1,7,-6.5348923759447475,2,6.5348923759447475,1,0,1,anti_homophones
36622,zQ4fang4,8,-6.067795164804247,2,6.067795164804247,1,0,0,anti_homophones
36623,hV4lV2,6,-5.872923259022337,2,5.872923259022337,1,0,2,anti_homophones
36624,xC4zhQ4,7,-6.402072644288564,2,6.402072644288564,1,0,1,anti_homophones
36625,hu1jM4,6,-6.45182915348716,2,6.45182915348716,1,0,2,anti_homophones
36626,kong1zha1,9,-7.038429118940006,2,7.038429118940006,1,0,1,anti_homophones
36627,sha1V3,6,-7.10019219094435,2,7.10019219094435,1,0,1,anti_homophones
36628,cun1xC4,7,-7.6544642103654175,2,7.6544642103654175,1,0,0,anti_homophones
36629,xun1zi5,7,-5.940140304103505,2,5.940140304103505,1,0,6,anti_homophones
36630,rUn3lLn4,8,-6.632487585571003,2,6.632487585571003,1,0,0,anti_homophones
36631,ti1ding1,8,-6.75444365487244,2,6.75444365487244,1,0,0,anti_homophones
36632,qi2sheng3,9,-5.957592540149741,2,5.957592540149741,1,0,3,anti_homophones
36633,bi3zhan1,8,-6.657946149543458,2,6.657946149543458,1,0,0,anti_homophones
36634,jing1ren2,9,-5.321602458763537,2,5.321602458763537,1,0,3,anti_homophones
36635,yQ1yan2,7,-5.654177830691625,2,5.654177830691625,1,0,4,anti_homophones
36636,A4chi2,6,-6.825434690045988,2,6.825434690045988,1,0,3,anti_homophones
36637,shang3bE5,9,-7.638435715046306,2,7.638435715046306,1,0,0,anti_homophones
36638,zong3zhQ3,9,-7.729755017032339,2,7.729755017032339,1,0,1,anti_homophones
36639,zhe4jin3,8,-7.091699382034574,2,7.091699382034574,1,0,1,anti_homophones
36640,qing1sUn4,9,-6.564831719017295,2,6.564831719017295,1,0,1,anti_homophones
36641,zhUn2shi3,9,-6.340279113814914,2,6.340279113814914,1,0,2,anti_homophones
36642,sa3lO4,6,-6.6925544007682785,2,6.6925544007682785,1,0,2,anti_homophones
36643,bW3cA3,6,-7.466075869379264,2,7.466075869379264,1,0,0,anti_homophones
36644,ma2shun1,8,-7.464206582057764,2,7.464206582057764,1,0,0,anti_homophones
36645,gan4qi4,7,-5.55949147887984,2,5.55949147887984,1,0,9,anti_homophones
36646,zi1bing1,8,-6.377330735833144,2,6.377330735833144,1,0,3,anti_homophones
36647,gong4mi1,8,-7.6184381163308785,2,7.6184381163308785,1,0,2,anti_homophones
36648,da4bM2,6,-6.207287418435854,2,6.207287418435854,1,0,3,anti_homophones
36649,tLn1tW2,7,-6.0192993913065465,2,6.0192993913065465,1,0,3,anti_homophones
36650,dLn3yang2,9,-6.084633922895235,2,6.084633922895235,1,0,1,anti_homophones
36651,du3can1,7,-6.5279862814433605,2,6.5279862814433605,1,0,0,anti_homophones
36652,bW1tI4,6,-6.853984717645367,2,6.853984717645367,1,0,0,anti_homophones
36653,she4yV3,7,-5.784645595886342,2,5.784645595886342,1,0,1,anti_homophones
36654,bA3hI2,6,-6.298085687583534,2,6.298085687583534,1,0,0,anti_homophones
36655,an1li4,6,-5.2592247143450805,2,5.2592247143450805,1,0,6,anti_homophones
36656,hA3dLn4,7,-5.760650498200178,2,5.760650498200178,1,0,3,anti_homophones
36657,gong2jK4,8,-6.270667650803862,2,6.270667650803862,1,0,0,anti_homophones
36658,li4sha1,7,-6.309752519482493,2,6.309752519482493,1,0,4,anti_homophones
36659,mo3fu2,6,-6.349448927695107,2,6.349448927695107,1,0,0,anti_homophones
36660,pE4dA4,6,-5.555996436480428,2,5.555996436480428,1,0,3,anti_homophones
36661,wan4shang2,10,-6.567865157453183,2,6.567865157453183,1,0,2,anti_homophones
36662,ying4zhi4,9,-5.6908006980760915,2,5.6908006980760915,1,0,5,anti_homophones
36663,ji1jLng2,8,-6.346479219352049,2,6.346479219352049,1,0,0,anti_homophones
36664,xW3xM2,6,-5.286997869593057,2,5.286997869593057,1,0,5,anti_homophones
36665,jLn4yUn3,8,-6.357888618246527,2,6.357888618246527,1,0,1,anti_homophones
36666,feng1xi5,8,-6.223103857131169,2,6.223103857131169,1,0,1,anti_homophones
36667,jing1shO1,9,-6.620571872837617,2,6.620571872837617,1,0,0,anti_homophones
36668,fang2chang3,11,-6.305021979938625,2,6.305021979938625,1,0,0,anti_homophones
36669,jW4xi4,6,-6.234035232048488,2,6.234035232048488,1,0,8,anti_homophones
36670,qM4ren2,7,-5.446243807628126,2,5.446243807628126,1,0,2,anti_homophones
36671,hu2li2,6,-5.725727938757011,2,5.725727938757011,1,0,3,anti_homophones
36672,zhA2shi4,8,-6.733539074428974,2,6.733539074428974,1,0,3,anti_homophones
36673,sheng1ting4,11,-6.075672820995579,2,6.075672820995579,1,0,3,anti_homophones
36674,chUn1gI3,8,-6.659942139001006,2,6.659942139001006,1,0,1,anti_homophones
36675,qing3xLn4,9,-6.027176796825815,2,6.027176796825815,1,0,0,anti_homophones
36676,cu1xun4,7,-6.135393795532045,2,6.135393795532045,1,0,1,anti_homophones
36677,yC4zhang4,9,-6.354060856735453,2,6.354060856735453,1,0,0,anti_homophones
36678,dLn4cA3,7,-6.525112457177795,2,6.525112457177795,1,0,0,anti_homophones
36679,kV3yi2,6,-6.65214918775155,2,6.65214918775155,1,0,1,anti_homophones
36680,xi4wE4,6,-5.592011621129404,2,5.592011621129404,1,0,4,anti_homophones
36681,fE1mo4,6,-6.393887544075654,2,6.393887544075654,1,0,0,anti_homophones
36682,qM1ge2,6,-5.7001388893786,2,5.7001388893786,1,0,0,anti_homophones
36683,jW2ju4,6,-8.204497789571946,2,8.204497789571946,1,0,0,anti_homophones
36684,zi4fen1,7,-5.507753578285523,2,5.507753578285523,1,0,2,anti_homophones
36685,pan2yu4,7,-6.458122730052518,2,6.458122730052518,1,0,1,anti_homophones
36686,shu3gA4,7,-6.822730839212242,2,6.822730839212242,1,0,0,anti_homophones
36687,xUn1can1,8,-7.173725020461196,2,7.173725020461196,1,0,0,anti_homophones
36688,gu1lun4,7,-5.6523511948399126,2,5.6523511948399126,1,0,1,anti_homophones
36689,lang3hU4,8,-6.3675949986362586,2,6.3675949986362586,1,0,1,anti_homophones
36690,chu3shi4,8,-5.767436336664767,2,5.767436336664767,1,0,4,anti_homophones
36691,zhi1qu4,7,-5.739404817142446,2,5.739404817142446,1,0,5,anti_homophones
36692,zheng4shO1,10,-6.602550644232041,2,6.602550644232041,1,0,0,anti_homophones
36693,pE2xin4,7,-6.044105205495444,2,6.044105205495444,1,0,1,anti_homophones
36694,qing2da2,8,-6.24237897563824,2,6.24237897563824,1,0,1,anti_homophones
36695,bLn1zhUn1,9,-6.533754780608729,2,6.533754780608729,1,0,0,anti_homophones
36696,lLn2mang4,9,-7.020886943398142,2,7.020886943398142,1,0,0,anti_homophones
36697,bu4pan2,7,-5.7084586717276276,2,5.7084586717276276,1,0,2,anti_homophones
36698,a1dan4,6,-6.175884226428377,2,6.175884226428377,1,0,1,anti_homophones
36699,yV1ji1,6,-5.341120487111789,2,5.341120487111789,1,0,3,anti_homophones
36700,gong2ye4,8,-5.487879074061217,2,5.487879074061217,1,0,4,anti_homophones
36701,dLn3jW4,7,-6.251198199631599,2,6.251198199631599,1,0,1,anti_homophones
36702,zun1zi5,7,-5.55945914868029,2,5.55945914868029,1,0,3,anti_homophones
36703,zhu1er3,7,-6.834880115211466,2,6.834880115211466,1,0,0,anti_homophones
36704,yong1tu2,8,-6.2950991599923105,2,6.2950991599923105,1,0,2,anti_homophones
36705,hU2xi4,6,-5.749858876562413,2,5.749858876562413,1,0,4,anti_homophones
36706,wE2an4,6,-5.657760480736443,2,5.657760480736443,1,0,2,anti_homophones
36707,yu4zhV3,7,-6.962062953652027,2,6.962062953652027,1,0,1,anti_homophones
36708,xLng1hun2,9,-6.9692480084214425,2,6.9692480084214425,1,0,0,anti_homophones
36709,xLn4qing2,9,-6.198740197126475,2,6.198740197126475,1,0,3,anti_homophones
36710,zI4zhang3,9,-6.450245150445194,2,6.450245150445194,1,0,1,anti_homophones
36711,bQ4wE2,6,-6.076476687423374,2,6.076476687423374,1,0,3,anti_homophones
36712,lK2yang3,8,-5.962850452973348,2,5.962850452973348,1,0,1,anti_homophones
36713,chUng1ti3,9,-6.061674736515086,2,6.061674736515086,1,0,1,anti_homophones
36714,cO1hO2,6,-6.6557479164648665,2,6.6557479164648665,1,0,0,anti_homophones
36715,shQ1li2,7,-6.735210329309535,2,6.735210329309535,1,0,1,anti_homophones
36716,ding2nv3,8,-6.780565412105082,2,6.780565412105082,1,0,1,anti_homophones
36717,zO2man4,7,-6.756058270545357,2,6.756058270545357,1,0,0,anti_homophones
36718,jW4yi4,6,-5.365896245849071,2,5.365896245849071,1,0,11,anti_homophones
36719,qing1shi1,9,-6.0347656244448125,2,6.0347656244448125,1,0,2,anti_homophones
36720,ming3li4,8,-5.921543961993801,2,5.921543961993801,1,0,2,anti_homophones
36721,xing1wu4,8,-5.597816638407027,2,5.597816638407027,1,0,4,anti_homophones
36722,bE1wE2,6,-5.959743520498804,2,5.959743520498804,1,0,2,anti_homophones
36723,pan2shi4,8,-5.581207829315424,2,5.581207829315424,1,0,4,anti_homophones
36724,yV4pA2,6,-5.922094229073094,2,5.922094229073094,1,0,1,anti_homophones
36725,pin3mu3,7,-6.211920348414304,2,6.211920348414304,1,0,1,anti_homophones
36726,jin1gUn3,8,-5.727037034213129,2,5.727037034213129,1,0,3,anti_homophones
36727,yi4shO1,7,-5.816213482282544,2,5.816213482282544,1,0,5,anti_homophones
36728,di1yu2,6,-5.866431297083451,2,5.866431297083451,1,0,5,anti_homophones
36729,hI4sO3,6,-6.270618994743534,2,6.270618994743534,1,0,1,anti_homophones
36730,shV1shi2,8,-5.492650209189709,2,5.492650209189709,1,0,5,anti_homophones
36731,dI4da4,6,-6.066146698723337,2,6.066146698723337,1,0,5,anti_homophones
36732,xin1gUn3,8,-5.5647124159966666,2,5.5647124159966666,1,0,5,anti_homophones
36733,tV2lu4,6,-5.1760413446438,2,5.1760413446438,1,0,7,anti_homophones
36734,ti2jin1,7,-6.172496779244431,2,6.172496779244431,1,0,1,anti_homophones
36735,xM2mQ4,6,-5.705727546660832,2,5.705727546660832,1,0,2,anti_homophones
36736,can1zhQ4,8,-6.407961958573997,2,6.407961958573997,1,0,1,anti_homophones
36737,wu2kUng1,8,-5.592044526559302,2,5.592044526559302,1,0,0,anti_homophones
36738,dM1er2,6,-7.657503611977101,2,7.657503611977101,1,0,1,anti_homophones
36739,cQ1zhe3,7,-5.751388903512976,2,5.751388903512976,1,0,1,anti_homophones
36740,bi3tA2,6,-5.695483467701325,2,5.695483467701325,1,0,2,anti_homophones
36741,lLng4wang1,10,-6.916323870496279,2,6.916323870496279,1,0,0,anti_homophones
36742,tong4qW2,8,-6.507474922302097,2,6.507474922302097,1,0,0,anti_homophones
36743,xun2mLn4,8,-6.313242166225919,2,6.313242166225919,1,0,1,anti_homophones
36744,su1sun3,7,-7.667633847749608,2,7.667633847749608,1,0,0,anti_homophones
36745,shI3ze2,7,-5.5787336747085154,2,5.5787336747085154,1,0,2,anti_homophones
36746,pE2zhu4,7,-5.9995097575712535,2,5.9995097575712535,1,0,1,anti_homophones
36747,shI3sA4,7,-6.817464366668462,2,6.817464366668462,1,0,2,anti_homophones
36748,ji3min2,7,-6.432641542950371,2,6.432641542950371,1,0,1,anti_homophones
36749,wu2jW4,6,-5.558414446553234,2,5.558414446553234,1,0,7,anti_homophones
36750,shi3xC2,7,-5.403304772874248,2,5.403304772874248,1,0,3,anti_homophones
36751,lQ3nLn4,7,-5.0097761120761835,2,5.0097761120761835,1,0,2,anti_homophones
36752,qing4xM4,8,-6.559657484970819,2,6.559657484970819,1,0,1,anti_homophones
36753,zhu2ji1,7,-5.631099554953316,2,5.631099554953316,1,0,5,anti_homophones
36754,shU3xin1,8,-6.095618634971774,2,6.095618634971774,1,0,1,anti_homophones
36755,su4hUn1,7,-7.221335846347734,2,7.221335846347734,1,0,0,anti_homophones
36756,yin3lLng2,9,-6.528681939724426,2,6.528681939724426,1,0,4,anti_homophones
36757,ban4zhu4,8,-5.91027342538392,2,5.91027342538392,1,0,2,anti_homophones
36758,cheng2hO4,9,-6.056668448348595,2,6.056668448348595,1,0,1,anti_homophones
36759,lQ3fE5,6,-6.9198929322751805,2,6.9198929322751805,1,0,2,anti_homophones
36760,tI4bLn1,7,-6.117901269372982,2,6.117901269372982,1,0,0,anti_homophones
36761,ci2chen4,8,-6.627504419887871,2,6.627504419887871,1,0,1,anti_homophones
36762,hV4pen2,7,-6.741974279812051,2,6.741974279812051,1,0,1,anti_homophones
36763,xLng4ju3,8,-6.60846391827961,2,6.60846391827961,1,0,1,anti_homophones
36764,ta4pLn1,7,-5.989239752453682,2,5.989239752453682,1,0,0,anti_homophones
36765,yQ2wu4,6,-5.223244206196214,2,5.223244206196214,1,0,10,anti_homophones
36766,zE2bE4,6,-8.14528006425561,2,8.14528006425561,1,0,1,anti_homophones
36767,zeng2ju2,8,-6.861233665846876,2,6.861233665846876,1,0,1,anti_homophones
36768,cA1jing2,8,-6.688365052685793,2,6.688365052685793,1,0,0,anti_homophones
36769,nLn4hU4,7,-5.787822252071712,2,5.787822252071712,1,0,4,anti_homophones
36770,lLng2ban4,9,-6.450635269427812,2,6.450635269427812,1,0,1,anti_homophones
36771,bE3bu4,6,-5.277673603385911,2,5.277673603385911,1,0,6,anti_homophones
36772,ba1lu2,6,-6.948268502745449,2,6.948268502745449,1,0,2,anti_homophones
36773,fang2zhi4,9,-5.539366962393725,2,5.539366962393725,1,0,1,anti_homophones
36774,yV2wan4,7,-5.915013311549044,2,5.915013311549044,1,0,1,anti_homophones
36775,yV3zhi1,7,-5.518294170522113,2,5.518294170522113,1,0,5,anti_homophones
36776,gI1gUn3,7,-5.891790370680733,2,5.891790370680733,1,0,3,anti_homophones
36777,che1ji1,7,-5.457887342751402,2,5.457887342751402,1,0,4,anti_homophones
36778,hong2ren4,9,-6.3601420354294165,2,6.3601420354294165,1,0,2,anti_homophones
36779,da4fen2,7,-6.190064908520432,2,6.190064908520432,1,0,3,anti_homophones
36780,di4ze2,6,-5.990470539913434,2,5.990470539913434,1,0,5,anti_homophones
36781,jW1yi2,6,-5.673126591829656,2,5.673126591829656,1,0,6,anti_homophones
36782,xLng4ceng4,10,-7.205569061298855,2,7.205569061298855,1,0,0,anti_homophones
36783,hV4li4,6,-5.298237460218052,2,5.298237460218052,1,0,7,anti_homophones
36784,xC4hong3,8,-6.124457407988775,2,6.124457407988775,1,0,0,anti_homophones
36785,qun2zhen2,9,-6.705673384700402,2,6.705673384700402,1,0,2,anti_homophones
36786,chang2pA4,9,-6.409137416582051,2,6.409137416582051,1,0,0,anti_homophones
36787,pE2shI4,7,-6.52380388759077,2,6.52380388759077,1,0,0,anti_homophones
36788,tong1ting2,10,-6.29792128657546,2,6.29792128657546,1,0,2,anti_homophones
36789,yu3yin1,7,-5.780900234165578,2,5.780900234165578,1,0,3,anti_homophones
36790,nK3di2,6,-6.168064791537613,2,6.168064791537613,1,0,2,anti_homophones
36791,jC2wu4,6,-5.260404480099736,2,5.260404480099736,1,0,1,anti_homophones
36792,deng2gUn1,9,-6.30389879831129,2,6.30389879831129,1,0,0,anti_homophones
36793,zhQ4da2,7,-6.301780708273417,2,6.301780708273417,1,0,0,anti_homophones
36794,ji3yu4,6,-5.692632575606529,2,5.692632575606529,1,0,3,anti_homophones
36795,bQ3xYng1,8,-5.7900448723401094,2,5.7900448723401094,1,0,1,anti_homophones
36796,yan1wen1,8,-6.75863393419274,2,6.75863393419274,1,0,1,anti_homophones
36797,pE4V3,5,-5.167998146412453,2,5.167998146412453,1,0,2,anti_homophones
36798,yan2hUn4,8,-6.09652640651648,2,6.09652640651648,1,0,4,anti_homophones
36799,hun3bi4,7,-6.73418051330188,2,6.73418051330188,1,0,0,anti_homophones
36800,shen3jM2,8,-6.233862269189347,2,6.233862269189347,1,0,2,anti_homophones
36801,gI1nK3,6,-6.359815524981028,2,6.359815524981028,1,0,0,anti_homophones
36802,tan2yUn2,8,-5.671572396753306,2,5.671572396753306,1,0,2,anti_homophones
36803,pE4V4,5,-6.81262688943395,2,6.81262688943395,1,0,1,anti_homophones
36804,jin1hU4,7,-5.468826460646658,2,5.468826460646658,1,0,5,anti_homophones
36805,zhQ4gQ4,7,-6.0999982586437405,2,6.0999982586437405,1,0,2,anti_homophones
36806,shun4zhe3,9,-6.703017407845952,2,6.703017407845952,1,0,1,anti_homophones
36807,hu2ling1,8,-6.285310607226164,2,6.285310607226164,1,0,0,anti_homophones
36808,sheng2rong3,11,-6.672340651880408,2,6.672340651880408,1,0,0,anti_homophones
36809,zhong1zheng4,12,-6.099486719104851,2,6.099486719104851,1,0,1,anti_homophones
36810,si1xW4,6,-5.786051736220913,2,5.786051736220913,1,0,1,anti_homophones
36811,yV1shi4,7,-5.0665553162700645,2,5.0665553162700645,1,0,5,anti_homophones
36812,ti3pA4,6,-6.0104121571978535,2,6.0104121571978535,1,0,3,anti_homophones
36813,tan2bu4,7,-5.584321680024494,2,5.584321680024494,1,0,5,anti_homophones
36814,jLn4ju4,7,-5.444793362391414,2,5.444793362391414,1,0,5,anti_homophones
36815,zi1wE2,6,-6.521347802303934,2,6.521347802303934,1,0,1,anti_homophones
36816,wo1tV2,6,-5.773927468853726,2,5.773927468853726,1,0,1,anti_homophones
36817,an4jLn4,7,-5.980780627980625,2,5.980780627980625,1,0,1,anti_homophones
36818,ci2lv4,6,-6.551530128813861,2,6.551530128813861,1,0,1,anti_homophones
36819,tV2li3,6,-5.842209752624003,2,5.842209752624003,1,0,3,anti_homophones
36820,dang3xLng4,10,-6.386762578257886,2,6.386762578257886,1,0,0,anti_homophones
36821,xing2yV3,8,-5.959935010688867,2,5.959935010688867,1,0,2,anti_homophones
36822,chan1jW1,8,-6.622260757825887,2,6.622260757825887,1,0,3,anti_homophones
36823,fa1fE4,6,-5.1443767383870505,2,5.1443767383870505,1,0,4,anti_homophones
36824,feng1ning2,10,-7.3858970589836375,2,7.3858970589836375,1,0,3,anti_homophones
36825,zO4ri4,6,-5.6339074753824026,2,5.6339074753824026,1,0,4,anti_homophones
36826,ming1fu4,8,-6.1889238634033,2,6.1889238634033,1,0,1,anti_homophones
36827,ke4fu2,6,-5.796087118155894,2,5.796087118155894,1,0,3,anti_homophones
36828,yi2nan4,7,-5.900870253279942,2,5.900870253279942,1,0,1,anti_homophones
36829,jun1yUn4,8,-5.755019967036592,2,5.755019967036592,1,0,1,anti_homophones
36830,wu2jW3,6,-5.265089934823379,2,5.265089934823379,1,0,2,anti_homophones
36831,zhV1zheng2,10,-6.554454197750913,2,6.554454197750913,1,0,2,anti_homophones
36832,gu3b4bLn4,9,-10.778996045607503,2,10.778996045607503,1,0,0,anti_homophones
36833,shUn2zhong4,11,-6.881867115819286,2,6.881867115819286,1,0,0,anti_homophones
36834,zhUn2chQ3,9,-7.750863192024851,2,7.750863192024851,1,0,0,anti_homophones
36835,gu1yC4,6,-6.818328084910754,2,6.818328084910754,1,0,2,anti_homophones
36836,gong5fan4,9,-8.328087134887877,2,8.328087134887877,1,0,0,anti_homophones
36837,xUn2xi2,7,-6.710117044709734,2,6.710117044709734,1,0,0,anti_homophones
36838,zhen4wE4,8,-6.110450167139844,2,6.110450167139844,1,0,0,anti_homophones
36839,he2du4,6,-5.385825023115284,2,5.385825023115284,1,0,8,anti_homophones
36840,A4gUng1,7,-5.992055209043393,2,5.992055209043393,1,0,3,anti_homophones
36841,si3jM4,6,-6.388325519311857,2,6.388325519311857,1,0,4,anti_homophones
36842,du2qUn2,7,-5.943779213984299,2,5.943779213984299,1,0,2,anti_homophones
36843,zhong4zhong3,12,-6.597106901169614,2,6.597106901169614,1,0,0,anti_homophones
36844,yQ1qu2,6,-7.221108668307646,2,7.221108668307646,1,0,0,anti_homophones
36845,pen1shQ4,8,-7.12749229852851,2,7.12749229852851,1,0,1,anti_homophones
36846,han4jUn3,8,-7.292408318732763,2,7.292408318732763,1,0,0,anti_homophones
36847,chP3dO2,7,-6.439472007724596,2,6.439472007724596,1,0,0,anti_homophones
36848,V3fu2,5,-5.790173567579858,2,5.790173567579858,1,0,1,anti_homophones
36849,sheng3gUn4,10,-6.623325252276137,2,6.623325252276137,1,0,0,anti_homophones
36850,kQ4sheng4,9,-6.495754476987105,2,6.495754476987105,1,0,1,anti_homophones
36851,da4zhi2,7,-5.377404832829214,2,5.377404832829214,1,0,6,anti_homophones
36852,na2gUn3,7,-7.587282725421344,2,7.587282725421344,1,0,2,anti_homophones
36853,fu3pi2,6,-6.0826442968110666,2,6.0826442968110666,1,0,1,anti_homophones
36854,cu1bang4,8,-6.583367554556043,2,6.583367554556043,1,0,0,anti_homophones
36855,gang4xUn1,9,-7.525728470872105,2,7.525728470872105,1,0,0,anti_homophones
36856,dong1xin1,9,-5.671847003345709,2,5.671847003345709,1,0,5,anti_homophones
36857,xu1yang3,8,-6.529364244227168,2,6.529364244227168,1,0,0,anti_homophones
36858,jLn1bu3,7,-6.286020665511932,2,6.286020665511932,1,0,3,anti_homophones
36859,zhu1yQ4,7,-6.330687102363273,2,6.330687102363273,1,0,2,anti_homophones
36860,ba1bQ3,6,-5.920519754963099,2,5.920519754963099,1,0,0,anti_homophones
36861,zhen2mLn4,9,-5.807530959499507,2,5.807530959499507,1,0,1,anti_homophones
36862,yu3pLn4,7,-6.524548936817152,2,6.524548936817152,1,0,1,anti_homophones
36863,lE2che1,7,-6.292654297520916,2,6.292654297520916,1,0,2,anti_homophones
36864,qW3sO1,6,-6.843813753291097,2,6.843813753291097,1,0,1,anti_homophones
36865,xUn4ma3,7,-6.871049528358928,2,6.871049528358928,1,0,1,anti_homophones
36866,mE2yang3,8,-5.964815003960472,2,5.964815003960472,1,0,1,anti_homophones
36867,xLn4jing4,9,-5.828852622755033,2,5.828852622755033,1,0,2,anti_homophones
36868,qing1shi3,9,-6.163307249789736,2,6.163307249789736,1,0,4,anti_homophones
36869,wo3xing4,8,-6.186028159084892,2,6.186028159084892,1,0,1,anti_homophones
36870,fa4xC2,6,-6.038806323897841,2,6.038806323897841,1,0,2,anti_homophones
36871,kV4ren2,7,-5.628020162238694,2,5.628020162238694,1,0,3,anti_homophones
36872,lLn4ka3,7,-7.062029926362227,2,7.062029926362227,1,0,2,anti_homophones
36873,qing4yQ4,8,-5.832907232626094,2,5.832907232626094,1,0,5,anti_homophones
36874,qLn1ran2,8,-5.720444425998644,2,5.720444425998644,1,0,3,anti_homophones
36875,xu1xi2,6,-6.102019491154873,2,6.102019491154873,1,0,1,anti_homophones
36876,fE1ling1,8,-6.480366504594529,2,6.480366504594529,1,0,1,anti_homophones
36877,da4ji4,6,-4.812421126422249,2,4.812421126422249,1,0,14,anti_homophones
36878,han1shi2,8,-6.376825968332993,2,6.376825968332993,1,0,1,anti_homophones
36879,xM4dan1,7,-7.4972828313270385,2,7.4972828313270385,1,0,0,anti_homophones
36880,xK1shu1,7,-6.024119856563395,2,6.024119856563395,1,0,1,anti_homophones
36881,tu1ping3,8,-6.157658833086791,2,6.157658833086791,1,0,3,anti_homophones
36882,ning4qM3,8,-7.611294440111135,2,7.611294440111135,1,0,0,anti_homophones
36883,xi4wang2,8,-6.398407493907325,2,6.398407493907325,1,0,0,anti_homophones
36884,qi4xin4,7,-6.114808789467925,2,6.114808789467925,1,0,4,anti_homophones
36885,xW4fen4,7,-6.170153476893015,2,6.170153476893015,1,0,2,anti_homophones
36886,shi1wang1,9,-6.360863201555125,2,6.360863201555125,1,0,1,anti_homophones
36887,da4ding3,8,-5.821301366595463,2,5.821301366595463,1,0,1,anti_homophones
36888,jM1shI4,7,-5.864301629367404,2,5.864301629367404,1,0,5,anti_homophones
36889,ding2kong3,10,-6.642333400076863,2,6.642333400076863,1,0,0,anti_homophones
36890,du4lLn4,7,-6.972422588988857,2,6.972422588988857,1,0,1,anti_homophones
36891,zhA4ban1,8,-6.870216762942771,2,6.870216762942771,1,0,2,anti_homophones
36892,xM2du3,6,-6.489990518964721,2,6.489990518964721,1,0,3,anti_homophones
36893,gA4lLng4,8,-6.327241425241809,2,6.327241425241809,1,0,0,anti_homophones
36894,kQ3shang1,9,-6.527910670337739,2,6.527910670337739,1,0,3,anti_homophones
36895,jLn3dQ4,7,-5.503043010836565,2,5.503043010836565,1,0,7,anti_homophones
36896,ke4long3,8,-6.919259608473364,2,6.919259608473364,1,0,0,anti_homophones
36897,zong4ti3,8,-6.119408375080615,2,6.119408375080615,1,0,0,anti_homophones
36898,da4gong2,8,-5.194294555940758,2,5.194294555940758,1,0,4,anti_homophones
36899,wang2kan4,9,-7.313059372962684,2,7.313059372962684,1,0,0,anti_homophones
36900,di4tA4,6,-6.234933303277695,2,6.234933303277695,1,0,6,anti_homophones
36901,er4ren2,7,-5.230034823995225,2,5.230034823995225,1,0,1,anti_homophones
36902,sheng2ke4,9,-6.016771789459159,2,6.016771789459159,1,0,3,anti_homophones
36903,ming4hU4,8,-5.461102181892466,2,5.461102181892466,1,0,8,anti_homophones
36904,na4ye4,6,-5.957405134717725,2,5.957405134717725,1,0,1,anti_homophones
36905,sI2xL2,6,-6.2578768075761735,2,6.2578768075761735,1,0,2,anti_homophones
36906,zi4xLng3,8,-5.747158969337416,2,5.747158969337416,1,0,2,anti_homophones
36907,jM4gI1,6,-6.463196709945135,2,6.463196709945135,1,0,0,anti_homophones
36908,bo2wang4,8,-6.048006954158745,2,6.048006954158745,1,0,0,anti_homophones
36909,xi1jing4,8,-6.045688422273532,2,6.045688422273532,1,0,2,anti_homophones
36910,chA2kU1,7,-8.369578789083286,2,8.369578789083286,1,0,0,anti_homophones
36911,hO3lLng1,8,-6.238812713167539,2,6.238812713167539,1,0,1,anti_homophones
36912,dong1wE4,8,-5.824728236786774,2,5.824728236786774,1,0,3,anti_homophones
36913,tM3ku4,6,-5.447663096128615,2,5.447663096128615,1,0,3,anti_homophones
36914,yi4zhen2,8,-5.98246410078025,2,5.98246410078025,1,0,3,anti_homophones
36915,zhA1chi2,8,-6.939573988083598,2,6.939573988083598,1,0,0,anti_homophones
36916,qing4bLn4,9,-6.159697904547431,2,6.159697904547431,1,0,2,anti_homophones
36917,lin2dLn4,8,-5.988742685978961,2,5.988742685978961,1,0,1,anti_homophones
36918,shi1shi4,8,-5.139252575583606,2,5.139252575583606,1,0,10,anti_homophones
36919,hUng1shun3,10,-7.425543239138008,2,7.425543239138008,1,0,0,anti_homophones
36920,qu1zu2,6,-6.166488189099599,2,6.166488189099599,1,0,2,anti_homophones
36921,chu2lu4,7,-5.258376701612626,2,5.258376701612626,1,0,6,anti_homophones
36922,mE2men2,7,-5.579318597534796,2,5.579318597534796,1,0,1,anti_homophones
36923,fu4chang2,9,-6.06900444199879,2,6.06900444199879,1,0,3,anti_homophones
36924,xLng2fang3,10,-6.455357668980727,2,6.455357668980727,1,0,0,anti_homophones
36925,dang2rong4,10,-6.660291584858767,2,6.660291584858767,1,0,0,anti_homophones
36926,chUng2dQ4,9,-6.121544162223152,2,6.121544162223152,1,0,0,anti_homophones
36927,dong1hU1,8,-6.066217573380034,2,6.066217573380034,1,0,2,anti_homophones
36928,yUn2yan2,8,-5.567131246909348,2,5.567131246909348,1,0,3,anti_homophones
36929,kA1hO2,6,-5.682230423120522,2,5.682230423120522,1,0,3,anti_homophones
36930,bo1lu4,6,-4.794578947746667,2,4.794578947746667,1,0,3,anti_homophones
36931,sha1yan1,8,-6.081265356041447,2,6.081265356041447,1,0,5,anti_homophones
36932,chen3zhi1,9,-6.6206235402206115,2,6.6206235402206115,1,0,0,anti_homophones
36933,zhUng1bQ4,9,-6.2534909990237635,2,6.2534909990237635,1,0,2,anti_homophones
36934,xing1xing1,10,-6.033837661397205,2,6.033837661397205,1,0,3,anti_homophones
36935,nu3zhe4,7,-7.751733021158928,2,7.751733021158928,1,0,0,anti_homophones
36936,ju3gun4,7,-8.319735902510551,2,8.319735902510551,1,0,0,anti_homophones
36937,ling1yu2,8,-5.912764151793707,2,5.912764151793707,1,0,4,anti_homophones
36938,jM1qUn2,7,-5.425247507220662,2,5.425247507220662,1,0,2,anti_homophones
36939,gI1sUn4,7,-5.688326657301371,2,5.688326657301371,1,0,1,anti_homophones
36940,kA1pang2,8,-6.091351690719347,2,6.091351690719347,1,0,2,anti_homophones
36941,da3pLn4,7,-5.301863109366669,2,5.301863109366669,1,0,3,anti_homophones
36942,hP2gun3,7,-7.018080232359216,2,7.018080232359216,1,0,0,anti_homophones
36943,pin3xLng1,9,-6.033732353071142,2,6.033732353071142,1,0,0,anti_homophones
36944,xUn1chan2,9,-7.103390301816502,2,7.103390301816502,1,0,0,anti_homophones
36945,lang1lLng4,10,-7.119196513973255,2,7.119196513973255,1,0,0,anti_homophones
36946,cu1ran2,7,-5.726364833252125,2,5.726364833252125,1,0,2,anti_homophones
36947,bi2nan2,7,-5.730036097408084,2,5.730036097408084,1,0,2,anti_homophones
36948,su4yV3,6,-6.1128885133616935,2,6.1128885133616935,1,0,2,anti_homophones
36949,da4sheng1,9,-5.1121179587905425,2,5.1121179587905425,1,0,3,anti_homophones
36950,jing4yUn4,9,-6.071872694263346,2,6.071872694263346,1,0,1,anti_homophones
36951,man3xing4,9,-6.1671703403197995,2,6.1671703403197995,1,0,0,anti_homophones
36952,fE1li2,6,-6.308375299360957,2,6.308375299360957,1,0,2,anti_homophones
36953,bu4yV3,6,-5.2584403384561424,2,5.2584403384561424,1,0,7,anti_homophones
36954,zhe3pa4,7,-6.249319749762145,2,6.249319749762145,1,0,0,anti_homophones
36955,fE1wang2,8,-6.190155649818265,2,6.190155649818265,1,0,3,anti_homophones
36956,zhang4jin4,10,-6.1831303811503595,2,6.1831303811503595,1,0,1,anti_homophones
36957,qW2tV5,6,-5.893513887546633,2,5.893513887546633,1,0,1,anti_homophones
36958,tan1ran2,8,-6.393569647503761,2,6.393569647503761,1,0,3,anti_homophones
36959,bQ4xM5,6,-7.569792450182064,2,7.569792450182064,1,0,0,anti_homophones
36960,ling3yan4,9,-7.012290942284647,2,7.012290942284647,1,0,3,anti_homophones
36961,hun1deng4,9,-7.228327881231107,2,7.228327881231107,1,0,0,anti_homophones
36962,shu3yV2,7,-6.33341775386351,2,6.33341775386351,1,0,1,anti_homophones
36963,wa4teng3,8,-7.516352297950956,2,7.516352297950956,1,0,0,anti_homophones
36964,ji4wu4,6,-5.308501041721496,2,5.308501041721496,1,0,10,anti_homophones
36965,nE4kQ4,6,-6.267092220654186,2,6.267092220654186,1,0,3,anti_homophones
36966,zhUn3ru3,8,-6.848656206028934,2,6.848656206028934,1,0,0,anti_homophones
36967,bi4dA4,6,-5.61759209562935,2,5.61759209562935,1,0,4,anti_homophones
36968,hu2ben3,7,-6.078475533338764,2,6.078475533338764,1,0,2,anti_homophones
36969,lV4xi4,6,-6.483603349660721,2,6.483603349660721,1,0,1,anti_homophones
36970,hV4gUn1,7,-6.1980368165850726,2,6.1980368165850726,1,0,1,anti_homophones
36971,chan3jK4,8,-6.810799403820494,2,6.810799403820494,1,0,0,anti_homophones
36972,hu4bE4,6,-6.361828325342022,2,6.361828325342022,1,0,3,anti_homophones
36973,xing1xM5,8,-7.934411304791862,2,7.934411304791862,1,0,0,anti_homophones
36974,dan1yan3,8,-5.94360624015186,2,5.94360624015186,1,0,3,anti_homophones
36975,jM2mu3,6,-5.858786024856466,2,5.858786024856466,1,0,1,anti_homophones
36976,wE2qu3,6,-5.509487195672613,2,5.509487195672613,1,0,4,anti_homophones
36977,xL4nLn2,7,-5.702180619422608,2,5.702180619422608,1,0,4,anti_homophones
36978,zO4wu3,6,-5.522689837611215,2,5.522689837611215,1,0,3,anti_homophones
36979,zO3tA2,6,-6.302219769925392,2,6.302219769925392,1,0,2,anti_homophones
36980,han4shu2,8,-7.12800037032857,2,7.12800037032857,1,0,1,anti_homophones
36981,cha1ren2,8,-5.400363571508034,2,5.400363571508034,1,0,3,anti_homophones
36982,tUn2lv4,7,-6.779968498430785,2,6.779968498430785,1,0,0,anti_homophones
36983,xW4yan2,7,-5.496100931694901,2,5.496100931694901,1,0,3,anti_homophones
36984,si1yi4,6,-5.253805525105503,2,5.253805525105503,1,0,12,anti_homophones
36985,hV4jing2,8,-5.660704964265885,2,5.660704964265885,1,0,3,anti_homophones
36986,nM4heng1,8,-7.192361680018921,2,7.192361680018921,1,0,0,anti_homophones
36987,lQ3pW4,6,-5.122944503440858,2,5.122944503440858,1,0,4,anti_homophones
36988,yan4tQ2,7,-7.018469051412999,2,7.018469051412999,1,0,2,anti_homophones
36989,ye3jin3,7,-6.665033813583743,2,6.665033813583743,1,0,0,anti_homophones
36990,lLn2xC2,7,-5.596437636210827,2,5.596437636210827,1,0,1,anti_homophones
36991,chUn2bu3,8,-6.9034661421567005,2,6.9034661421567005,1,0,1,anti_homophones
36992,sang3man4,9,-7.9418295447397425,2,7.9418295447397425,1,0,0,anti_homophones
36993,hI4kV3,6,-5.976368331098517,2,5.976368331098517,1,0,1,anti_homophones
36994,lK4ren2,7,-5.604122807316846,2,5.604122807316846,1,0,4,anti_homophones
36995,qLn1ling2,9,-6.208832181775702,2,6.208832181775702,1,0,3,anti_homophones
36996,zI4li4,6,-6.289459350240056,2,6.289459350240056,1,0,3,anti_homophones
36997,yong1zha4,9,-6.91191098829437,2,6.91191098829437,1,0,0,anti_homophones
36998,e4di4,5,-5.920291842861766,2,5.920291842861766,1,0,4,anti_homophones
36999,jin3bi3,7,-6.400041668506201,2,6.400041668506201,1,0,2,anti_homophones
37000,la1jM4,6,-5.611942994628353,2,5.611942994628353,1,0,5,anti_homophones
37001,shUng1mE3,9,-7.440682674647819,2,7.440682674647819,1,0,0,anti_homophones
37002,qing4yan3,9,-5.96958998428986,2,5.96958998428986,1,0,2,anti_homophones
37003,da4lLng4,8,-5.422566620207648,2,5.422566620207648,1,0,1,anti_homophones
37004,dong4gan3,9,-6.2872786677881045,2,6.2872786677881045,1,0,2,anti_homophones
37005,sang2xing2,10,-6.679672059912583,2,6.679672059912583,1,0,2,anti_homophones
37006,shi4jing3,9,-5.881741842684792,2,5.881741842684792,1,0,2,anti_homophones
37007,shi2xW4,7,-5.57975914558585,2,5.57975914558585,1,0,4,anti_homophones
37008,zhUng4shi4,10,-5.728590795261578,2,5.728590795261578,1,0,2,anti_homophones
37009,bi4mV2,6,-5.75440870194915,2,5.75440870194915,1,0,4,anti_homophones
37010,qLng4geng4,10,-7.53370314780135,2,7.53370314780135,1,0,0,anti_homophones
37011,lu1lLng1,8,-7.403718954572162,2,7.403718954572162,1,0,1,anti_homophones
37012,han4mLn4,8,-6.067938418354338,2,6.067938418354338,1,0,7,anti_homophones
37013,zA4a1,5,-5.710448804866822,2,5.710448804866822,1,0,1,anti_homophones
37014,bA2li4,6,-5.185602433643467,2,5.185602433643467,1,0,8,anti_homophones
37015,ning2zA4,8,-7.354034938370205,2,7.354034938370205,1,0,2,anti_homophones
37016,hI1xing2,8,-5.959111449837356,2,5.959111449837356,1,0,4,anti_homophones
37017,shi2gu4,7,-5.616333859404599,2,5.616333859404599,1,0,6,anti_homophones
37018,shang1zO4,9,-5.813861222893232,2,5.813861222893232,1,0,1,anti_homophones
37019,san1yi1,7,-6.058179144296409,2,6.058179144296409,1,0,5,anti_homophones
37020,bQ3yQ4,6,-5.647927497543721,2,5.647927497543721,1,0,4,anti_homophones
37021,shi4bing4,9,-5.757459438157216,2,5.757459438157216,1,0,5,anti_homophones
37022,bi1sUn4,7,-6.79453518752174,2,6.79453518752174,1,0,3,anti_homophones
37023,hUng2sun3,9,-7.244597035861283,2,7.244597035861283,1,0,1,anti_homophones
37024,ci4jW3,6,-6.2574323417219455,2,6.2574323417219455,1,0,1,anti_homophones
37025,fang2zO4,8,-5.9860112705008675,2,5.9860112705008675,1,0,1,anti_homophones
37026,dO1shang1,9,-6.234936701178815,2,6.234936701178815,1,0,1,anti_homophones
37027,nE4gQ3,6,-6.282305502893284,2,6.282305502893284,1,0,0,anti_homophones
37028,yi2chen4,8,-6.40610147784547,2,6.40610147784547,1,0,2,anti_homophones
37029,sha1tu2,7,-5.450855040340427,2,5.450855040340427,1,0,4,anti_homophones
37030,di4lO4,6,-5.689426790467621,2,5.689426790467621,1,0,7,anti_homophones
37031,bA3feng2,8,-5.5004498513550955,2,5.5004498513550955,1,0,1,anti_homophones
37032,hong1xing4,10,-5.992571970943062,2,5.992571970943062,1,0,0,anti_homophones
37033,mang2qun2,9,-7.090112408027967,2,7.090112408027967,1,0,0,anti_homophones
37034,yang1rong2,10,-7.128283390950098,2,7.128283390950098,1,0,1,anti_homophones
37035,xLn2qu4,7,-6.251026865602404,2,6.251026865602404,1,0,2,anti_homophones
37036,bE4zA4,6,-6.203745650979151,2,6.203745650979151,1,0,1,anti_homophones
37037,hU1zi1,6,-5.590747397200978,2,5.590747397200978,1,0,5,anti_homophones
37038,fan4de5,7,-6.365883867675192,2,6.365883867675192,1,0,0,anti_homophones
37039,zu1xi1,6,-6.634208100415482,2,6.634208100415482,1,0,1,anti_homophones
37040,hUn2wa4,7,-6.978096042456238,2,6.978096042456238,1,0,1,anti_homophones
37041,zhO1qLn1,8,-6.597279414771066,2,6.597279414771066,1,0,2,anti_homophones
37042,jLn4zO5,7,-6.935392605337993,2,6.935392605337993,1,0,1,anti_homophones
37043,she4wE3,7,-6.7210011753217875,2,6.7210011753217875,1,0,1,anti_homophones
37044,gUn4jing1,9,-6.670743555507175,2,6.670743555507175,1,0,0,anti_homophones
37045,yu2wen4,7,-6.430647272695241,2,6.430647272695241,1,0,2,anti_homophones
37046,fa1da1,6,-6.22654154337895,2,6.22654154337895,1,0,1,anti_homophones
37047,xing3li3,8,-5.944333585460995,2,5.944333585460995,1,0,3,anti_homophones
37048,chUng1yUn2,10,-6.003933515514564,2,6.003933515514564,1,0,2,anti_homophones
37049,nLn2xM2,7,-6.849327187900391,2,6.849327187900391,1,0,0,anti_homophones
37050,kong4lan2,9,-6.929338940355927,2,6.929338940355927,1,0,1,anti_homophones
37051,ju2zhong1,9,-6.543119595797251,2,6.543119595797251,1,0,0,anti_homophones
37052,xC3gO4,6,-7.360495785582756,2,7.360495785582756,1,0,0,anti_homophones
37053,ge1zhe3,7,-6.109033637975975,2,6.109033637975975,1,0,3,anti_homophones
37054,cha4lV2,7,-6.137861521804446,2,6.137861521804446,1,0,0,anti_homophones
37055,yan4zhan4,9,-6.4402967184280575,2,6.4402967184280575,1,0,0,anti_homophones
37056,jM3shang1,9,-6.555626208618332,2,6.555626208618332,1,0,1,anti_homophones
37057,zI4ya1,6,-6.530822772509305,2,6.530822772509305,1,0,1,anti_homophones
37058,lu4yong4,8,-6.251267842706717,2,6.251267842706717,1,0,1,anti_homophones
37059,hQ3yang2,8,-6.050987298647066,2,6.050987298647066,1,0,0,anti_homophones
37060,bu4han4,7,-6.229875909426988,2,6.229875909426988,1,0,2,anti_homophones
37061,che1zhA1,8,-7.029462455528728,2,7.029462455528728,1,0,0,anti_homophones
37062,ying2yu2,8,-5.808439268716236,2,5.808439268716236,1,0,3,anti_homophones
37063,xu4shi1,7,-5.913116008721056,2,5.913116008721056,1,0,6,anti_homophones
37064,he1hV4,6,-6.538621899932338,2,6.538621899932338,1,0,1,anti_homophones
37065,bu4shV4,7,-5.619539460211654,2,5.619539460211654,1,0,3,anti_homophones
37066,xW4jK4,6,-6.215418549552225,2,6.215418549552225,1,0,1,anti_homophones
37067,fo2tA2,6,-7.281582041090579,2,7.281582041090579,1,0,0,anti_homophones
37068,ding2bu4,8,-5.978599527043541,2,5.978599527043541,1,0,3,anti_homophones
37069,e4wang1,7,-6.886358209924405,2,6.886358209924405,1,0,0,anti_homophones
37070,xLng4gV4,8,-6.324864085519343,2,6.324864085519343,1,0,1,anti_homophones
37071,lA2yUn2,7,-5.487479059884702,2,5.487479059884702,1,0,3,anti_homophones
37072,shu1hI4,7,-5.510143339562571,2,5.510143339562571,1,0,3,anti_homophones
37073,sUn4shi2,8,-6.347070697789214,2,6.347070697789214,1,0,0,anti_homophones
37074,fu1qin1,7,-6.706647774826201,2,6.706647774826201,1,0,1,anti_homophones
37075,yV2zhang2,9,-6.057969313753964,2,6.057969313753964,1,0,0,anti_homophones
37076,tLn1sA4,7,-5.715011488259137,2,5.715011488259137,1,0,5,anti_homophones
37077,song4feng1,10,-6.989501708523908,2,6.989501708523908,1,0,0,anti_homophones
37078,zUn1shV4,8,-7.3903174039784245,2,7.3903174039784245,1,0,0,anti_homophones
37079,lO4kUn1,7,-6.332119244684542,2,6.332119244684542,1,0,0,anti_homophones
37080,qi5hUn4,7,-7.819803766085446,2,7.819803766085446,1,0,0,anti_homophones
37081,ju4ben4,7,-6.850270887908085,2,6.850270887908085,1,0,0,anti_homophones
37082,zheng2sUn1,10,-6.263349798140393,2,6.263349798140393,1,0,0,anti_homophones
37083,xUn3yi1,7,-6.338641649019086,2,6.338641649019086,1,0,1,anti_homophones
37084,jLn1dV3,7,-6.206387782287493,2,6.206387782287493,1,0,2,anti_homophones
37085,pi1pE4,6,-5.689181711526183,2,5.689181711526183,1,0,4,anti_homophones
37086,qC1yi3,6,-6.362238528962297,2,6.362238528962297,1,0,1,anti_homophones
37087,bu4dQ1,6,-5.6828382545816485,2,5.6828382545816485,1,0,1,anti_homophones
37088,tLn1cheng2,10,-6.0889145689386375,2,6.0889145689386375,1,0,0,anti_homophones
37089,dLn3tW2,7,-6.294290959041047,2,6.294290959041047,1,0,1,anti_homophones
37090,lA2ri4,6,-5.4058610446038955,2,5.4058610446038955,1,0,3,anti_homophones
37091,zhi2lE4,7,-6.515048960889634,2,6.515048960889634,1,0,2,anti_homophones
37092,rong1ji1,8,-5.7065449660213075,2,5.7065449660213075,1,0,5,anti_homophones
37093,pi2gO1,6,-7.166465529375427,2,7.166465529375427,1,0,1,anti_homophones
37094,tW1zhang2,9,-6.4714806957383315,2,6.4714806957383315,1,0,3,anti_homophones
37095,lK2xing3,8,-5.582494024211948,2,5.582494024211948,1,0,3,anti_homophones
37096,ping2wu4,8,-5.944538701101373,2,5.944538701101373,1,0,1,anti_homophones
37097,an4shI3,7,-5.799428625158656,2,5.799428625158656,1,0,2,anti_homophones
37098,shV3ling1,9,-6.102082490328402,2,6.102082490328402,1,0,0,anti_homophones
37099,kO4bu4,6,-5.667645603972682,2,5.667645603972682,1,0,3,anti_homophones
37100,shI3zheng1,10,-5.981521425484556,2,5.981521425484556,1,0,1,anti_homophones
37101,xun4dQ3,7,-6.366552034613271,2,6.366552034613271,1,0,1,anti_homophones
37102,shang2xu4,9,-5.897126338728603,2,5.897126338728603,1,0,3,anti_homophones
37103,xing4qi1,8,-5.881412889246321,2,5.881412889246321,1,0,2,anti_homophones
37104,chi1jLng4,9,-6.685010216108625,2,6.685010216108625,1,0,1,anti_homophones
37105,he2he2,6,-5.162468641962495,2,5.162468641962495,1,0,4,anti_homophones
37106,shu1ju3,7,-6.24393750310271,2,6.24393750310271,1,0,4,anti_homophones
37107,xun4zhu1,8,-6.682420698864499,2,6.682420698864499,1,0,0,anti_homophones
37108,yong1mLn4,9,-5.961552394108191,2,5.961552394108191,1,0,2,anti_homophones
37109,zhong1jL4,9,-5.487016235925149,2,5.487016235925149,1,0,3,anti_homophones
37110,shV4gan3,8,-5.844265553732113,2,5.844265553732113,1,0,1,anti_homophones
37111,bi2A5,5,-6.72173541798318,2,6.72173541798318,1,0,2,anti_homophones
37112,ren2ming2,9,-5.505321160474424,2,5.505321160474424,1,0,3,anti_homophones
37113,ling2san4,9,-7.01990193207536,2,7.01990193207536,1,0,0,anti_homophones
37114,tQ2bing1,8,-6.161504651459493,2,6.161504651459493,1,0,1,anti_homophones
37115,bing2hU4,8,-5.397040421224315,2,5.397040421224315,1,0,3,anti_homophones
37116,she4ke2,7,-6.430613772643736,2,6.430613772643736,1,0,2,anti_homophones
37117,fu3nQ4,6,-6.516510387795613,2,6.516510387795613,1,0,0,anti_homophones
37118,gQ1xing1,8,-5.748703873588245,2,5.748703873588245,1,0,3,anti_homophones
37119,fang1tW2,8,-6.068860582983607,2,6.068860582983607,1,0,1,anti_homophones
37120,jK4jC2,6,-5.390918313618786,2,5.390918313618786,1,0,2,anti_homophones
37121,bing1sUn4,9,-6.785800040172248,2,6.785800040172248,1,0,1,anti_homophones
37122,gQ3bE1,6,-7.167911522969134,2,7.167911522969134,1,0,2,anti_homophones
37123,gI4tu3,6,-6.7929282978189445,2,6.7929282978189445,1,0,0,anti_homophones
37124,da3tang3,8,-6.623186667834131,2,6.623186667834131,1,0,2,anti_homophones
37125,qLn1xLng4,9,-5.80958043445297,2,5.80958043445297,1,0,2,anti_homophones
37126,feng1zi5,8,-5.068046721857137,2,5.068046721857137,1,0,5,anti_homophones
37127,lan3dLn1,8,-7.568462655570914,2,7.568462655570914,1,0,0,anti_homophones
37128,wu3chi3,7,-6.06805807793844,2,6.06805807793844,1,0,3,anti_homophones
37129,pE2yi1,6,-6.176086693175918,2,6.176086693175918,1,0,1,anti_homophones
37130,zheng3bLn1,10,-6.721569369356428,2,6.721569369356428,1,0,0,anti_homophones
37131,fen1ran2,8,-5.898413278965739,2,5.898413278965739,1,0,2,anti_homophones
37132,zhan4shP4,9,-6.706306225841832,2,6.706306225841832,1,0,0,anti_homophones
37133,xC4pW4,6,-5.45588667940667,2,5.45588667940667,1,0,4,anti_homophones
37134,chu1yu2,7,-5.1760807962701225,2,5.1760807962701225,1,0,4,anti_homophones
37135,nK2hUng1,8,-6.385489911631037,2,6.385489911631037,1,0,0,anti_homophones
37136,bQ3heng1,8,-6.367359335468253,2,6.367359335468253,1,0,1,anti_homophones
37137,mu1mM4,6,-8.41694090237516,2,8.41694090237516,1,0,2,anti_homophones
37138,zeng4xin4,9,-6.93409236046396,2,6.93409236046396,1,0,0,anti_homophones
37139,pA4zhang4,9,-7.544685636854548,2,7.544685636854548,1,0,0,anti_homophones
37140,zhV1me5,7,-7.671306077273538,2,7.671306077273538,1,0,0,anti_homophones
37141,lQ3xing4,8,-5.599808261838858,2,5.599808261838858,1,0,4,anti_homophones
37142,gu1nv3,6,-5.370216687803616,2,5.370216687803616,1,0,2,anti_homophones
37143,xu1shen1,8,-6.3261969232568775,2,6.3261969232568775,1,0,1,anti_homophones
37144,san4dUn3,8,-6.861065710800572,2,6.861065710800572,1,0,2,anti_homophones
37145,bing2qUn2,9,-6.0067104765088155,2,6.0067104765088155,1,0,3,anti_homophones
37146,yi1tUn2,7,-5.212058564015702,2,5.212058564015702,1,0,5,anti_homophones
37147,xW3mLn4,7,-5.277910281396436,2,5.277910281396436,1,0,6,anti_homophones
37148,wo4chUng2,9,-6.840916112097507,2,6.840916112097507,1,0,1,anti_homophones
37149,san4min3,8,-7.486533658157225,2,7.486533658157225,1,0,0,anti_homophones
37150,yu4sI4,6,-6.203478687245501,2,6.203478687245501,1,0,2,anti_homophones
37151,xK1nQ3,6,-5.875995686979747,2,5.875995686979747,1,0,0,anti_homophones
37152,lin2fan1,8,-6.611989142321697,2,6.611989142321697,1,0,0,anti_homophones
37153,jLng1jW4,8,-6.755263843568674,2,6.755263843568674,1,0,1,anti_homophones
37154,pi1ju4,6,-6.086485682298985,2,6.086485682298985,1,0,5,anti_homophones
37155,xM3sO3,6,-6.530603442612321,2,6.530603442612321,1,0,1,anti_homophones
37156,kun3run4,8,-8.989075183938185,2,8.989075183938185,1,0,0,anti_homophones
37157,ye4zhi4,7,-5.684990617914514,2,5.684990617914514,1,0,5,anti_homophones
37158,ji1jLn1,7,-5.729659256542207,2,5.729659256542207,1,0,3,anti_homophones
37159,hV4jin3,7,-6.097396180644407,2,6.097396180644407,1,0,0,anti_homophones
37160,hI4dI4,6,-5.891713143439724,2,5.891713143439724,1,0,1,anti_homophones
37161,dO1mA4,6,-5.919169370406167,2,5.919169370406167,1,0,5,anti_homophones
37162,kong3dQ4,8,-6.272318953605319,2,6.272318953605319,1,0,0,anti_homophones
37163,lK2lan3,7,-5.288947487138556,2,5.288947487138556,1,0,3,anti_homophones
37164,yi4shu4,7,-5.268385021686042,2,5.268385021686042,1,0,12,anti_homophones
37165,jLn1xin1,8,-5.328305727241962,2,5.328305727241962,1,0,4,anti_homophones
37166,ba2tLn2,7,-7.8821562525363955,2,7.8821562525363955,1,0,1,anti_homophones
37167,bo2gQ3,6,-6.6220314086277545,2,6.6220314086277545,1,0,1,anti_homophones
37168,qUn2jL1,7,-5.469952768141103,2,5.469952768141103,1,0,1,anti_homophones
37169,fa1feng1,8,-5.984749209542158,2,5.984749209542158,1,0,1,anti_homophones
37170,lQ3lQ4,6,-6.283941343993987,2,6.283941343993987,1,0,8,anti_homophones
37171,hong1zhO1,9,-6.779888251344965,2,6.779888251344965,1,0,1,anti_homophones
37172,sheng2shV1,10,-6.5336414539865215,2,6.5336414539865215,1,0,1,anti_homophones
37173,ke3shan4,8,-6.17312059391631,2,6.17312059391631,1,0,1,anti_homophones
37174,pu3yi1,6,-6.776373392851932,2,6.776373392851932,1,0,1,anti_homophones
37175,shU1bin2,8,-10.625359185818908,2,10.625359185818908,1,0,0,anti_homophones
37176,qK2jing1,8,-6.048498824242615,2,6.048498824242615,1,0,1,anti_homophones
37177,wo4xing2,8,-6.330300012100292,2,6.330300012100292,1,0,2,anti_homophones
37178,hen1qK2,7,-6.512618108102404,2,6.512618108102404,1,0,2,anti_homophones
37179,pW1du4,6,-5.477580583049383,2,5.477580583049383,1,0,5,anti_homophones
37180,peng1yang4,10,-6.747144103431717,2,6.747144103431717,1,0,0,anti_homophones
37181,hQ4hA4,6,-6.639151320755639,2,6.639151320755639,1,0,4,anti_homophones
37182,tu3zhe3,7,-5.879179746667105,2,5.879179746667105,1,0,3,anti_homophones
37183,Q2yQ4,5,-5.632348688712104,2,5.632348688712104,1,0,0,anti_homophones
37184,fE1zE2,6,-5.45727022466255,2,5.45727022466255,1,0,1,anti_homophones
37185,hun2tan2,8,-7.014143542619163,2,7.014143542619163,1,0,2,anti_homophones
37186,tong3song4,10,-6.960990213677878,2,6.960990213677878,1,0,1,anti_homophones
37187,hUn3zhe2,8,-7.17018075802928,2,7.17018075802928,1,0,0,anti_homophones
37188,re4long2,8,-6.261671749134505,2,6.261671749134505,1,0,0,anti_homophones
37189,pa1pan4,7,-6.2999121737581945,2,6.2999121737581945,1,0,2,anti_homophones
37190,shQ4de2,7,-6.332754042081596,2,6.332754042081596,1,0,1,anti_homophones
37191,gen1se4,7,-5.664172928623471,2,5.664172928623471,1,0,4,anti_homophones
37192,zong2fu3,8,-6.825954115953494,2,6.825954115953494,1,0,1,anti_homophones
37193,dang2ping4,10,-7.061789150929312,2,7.061789150929312,1,0,0,anti_homophones
37194,chun2po2,8,-8.017355239294673,2,8.017355239294673,1,0,0,anti_homophones
37195,fE3yUn3,7,-6.7344046919531895,2,6.7344046919531895,1,0,0,anti_homophones
37196,tong3ya1,8,-6.760019633634092,2,6.760019633634092,1,0,0,anti_homophones
37197,ru2sO3,6,-5.1426102422087805,2,5.1426102422087805,1,0,6,anti_homophones
37198,zhan4fang1,10,-6.652532787307321,2,6.652532787307321,1,0,1,anti_homophones
37199,gan4ce4,7,-6.636850516109291,2,6.636850516109291,1,0,1,anti_homophones
37200,xLn3zheng2,10,-6.6864827667285605,2,6.6864827667285605,1,0,1,anti_homophones
37201,po4xLng4,8,-6.341544656550102,2,6.341544656550102,1,0,0,anti_homophones
37202,fa1zI3,6,-5.2319202863408165,2,5.2319202863408165,1,0,4,anti_homophones
37203,fu2zi5,6,-5.012945028878324,2,5.012945028878324,1,0,5,anti_homophones
37204,zhi3fu4,7,-6.15656037518757,2,6.15656037518757,1,0,3,anti_homophones
37205,ta1fa3,6,-6.443398393907133,2,6.443398393907133,1,0,1,anti_homophones
37206,qi2xM4,6,-6.060743217501767,2,6.060743217501767,1,0,1,anti_homophones
37207,fa4qi1,6,-6.157498913603472,2,6.157498913603472,1,0,2,anti_homophones
37208,seng1yV3,8,-7.735909636212043,2,7.735909636212043,1,0,1,anti_homophones
37209,gong1gong5,10,-7.886639279796201,2,7.886639279796201,1,0,0,anti_homophones
37210,kQ3shi5,7,-6.5878164539395225,2,6.5878164539395225,1,0,2,anti_homophones
37211,xW3chUng2,9,-6.349348762995933,2,6.349348762995933,1,0,0,anti_homophones
37212,zhV1gong1,9,-6.0018292411712295,2,6.0018292411712295,1,0,1,anti_homophones
37213,ke1hUn4,7,-7.357785568418981,2,7.357785568418981,1,0,1,anti_homophones
37214,si1hO3,6,-5.9519439543683506,2,5.9519439543683506,1,0,1,anti_homophones
37215,zO2tu3,6,-6.427630112906687,2,6.427630112906687,1,0,0,anti_homophones
37216,hU2pLn4,7,-6.634725540991286,2,6.634725540991286,1,0,2,anti_homophones
37217,la1ji2,6,-5.274755269524503,2,5.274755269524503,1,0,4,anti_homophones
37218,dV4pA4,6,-6.17516943226064,2,6.17516943226064,1,0,0,anti_homophones
37219,fa1lang2,8,-6.0197715801182055,2,6.0197715801182055,1,0,2,anti_homophones
37220,xW4wA4,6,-6.2873953774065034,2,6.2873953774065034,1,0,1,anti_homophones
37221,zO1nan4,7,-6.477782333404043,2,6.477782333404043,1,0,1,anti_homophones
37222,wA4hU4,6,-5.264225383282267,2,5.264225383282267,1,0,3,anti_homophones
37223,jM2jL5,6,-6.652168720211526,2,6.652168720211526,1,0,1,anti_homophones
37224,qLn1hun1,8,-6.540795879990602,2,6.540795879990602,1,0,0,anti_homophones
37225,yC4lA2,6,-5.360387583059439,2,5.360387583059439,1,0,5,anti_homophones
37226,hU1la2,6,-6.396277465283396,2,6.396277465283396,1,0,1,anti_homophones
37227,che1shV3,8,-5.839726613197687,2,5.839726613197687,1,0,1,anti_homophones
37228,chi1pLn4,8,-6.7468095919066515,2,6.7468095919066515,1,0,2,anti_homophones
37229,hI1fen1,7,-6.021644248178245,2,6.021644248178245,1,0,0,anti_homophones
37230,zhi4hU4,7,-5.014619946817625,2,5.014619946817625,1,0,6,anti_homophones
37231,zha4pLn4,8,-5.7101315355956705,2,5.7101315355956705,1,0,1,anti_homophones
37232,shen1shi4,9,-5.063181504364754,2,5.063181504364754,1,0,3,anti_homophones
37233,jLng1lang2,10,-7.245690690470357,2,7.245690690470357,1,0,0,anti_homophones
37234,e4zhV3,6,-7.007077075456574,2,7.007077075456574,1,0,1,anti_homophones
37235,sUn1xLn4,8,-6.13371826325342,2,6.13371826325342,1,0,2,anti_homophones
37236,nang2tUn2,9,-7.395957437958813,2,7.395957437958813,1,0,1,anti_homophones
37237,qLn2pQ2,7,-6.714976427368271,2,6.714976427368271,1,0,1,anti_homophones
37238,zhe3qu2,7,-6.830928640822441,2,6.830928640822441,1,0,2,anti_homophones
37239,dK1qM4,6,-6.017132201025449,2,6.017132201025449,1,0,2,anti_homophones
37240,chu1dQ3,7,-5.905322962845903,2,5.905322962845903,1,0,2,anti_homophones
37241,wan2lM4,7,-6.189073967843363,2,6.189073967843363,1,0,3,anti_homophones
37242,da4lang2,8,-5.499742755373693,2,5.499742755373693,1,0,6,anti_homophones
37243,zhun1kUng4,10,-8.15173531337742,2,8.15173531337742,1,0,0,anti_homophones
37244,bQ1hu1,6,-6.164208012478873,2,6.164208012478873,1,0,2,anti_homophones
37245,dang4chQ2,9,-7.1457641136528105,2,7.1457641136528105,1,0,0,anti_homophones
37246,shO1lang4,9,-6.660031367558965,2,6.660031367558965,1,0,2,anti_homophones
37247,bing1cA3,8,-6.696647909691311,2,6.696647909691311,1,0,0,anti_homophones
37248,xUn3li3,7,-5.732786552330603,2,5.732786552330603,1,0,2,anti_homophones
37249,bo4jin3,7,-6.807419667654826,2,6.807419667654826,1,0,0,anti_homophones
37250,hUng3yV1,8,-8.17158094655958,2,8.17158094655958,1,0,0,anti_homophones
37251,zhQ1he2,7,-5.556846846015162,2,5.556846846015162,1,0,3,anti_homophones
37252,yin2jin1,8,-6.195202170012793,2,6.195202170012793,1,0,5,anti_homophones
37253,fang2fE1,8,-6.507530863046804,2,6.507530863046804,1,0,1,anti_homophones
37254,hQ3zi5,6,-5.156054924811823,2,5.156054924811823,1,0,7,anti_homophones
37255,gong1heng4,10,-6.773786038444648,2,6.773786038444648,1,0,3,anti_homophones
37256,tI1ju1,6,-5.902529792896305,2,5.902529792896305,1,0,4,anti_homophones
37257,jK4yC1,6,-5.401265926670202,2,5.401265926670202,1,0,1,anti_homophones
37258,bA2xC2,6,-5.076090099021504,2,5.076090099021504,1,0,3,anti_homophones
37259,shQ1lO4,7,-6.397881772860199,2,6.397881772860199,1,0,3,anti_homophones
37260,zV3dLn4,7,-5.9741192957908735,2,5.9741192957908735,1,0,3,anti_homophones
37261,gUn3jM2,7,-5.591828608482731,2,5.591828608482731,1,0,2,anti_homophones
37262,rI4xing4,8,-6.376116398440158,2,6.376116398440158,1,0,0,anti_homophones
37263,xu3de5,6,-6.721820356311911,2,6.721820356311911,1,0,3,anti_homophones
37264,yV2pan2,7,-6.41217446248142,2,6.41217446248142,1,0,1,anti_homophones
37265,qLn2lQ2,7,-6.064640930522388,2,6.064640930522388,1,0,1,anti_homophones
37266,wE2kV3,6,-6.379609372647088,2,6.379609372647088,1,0,0,anti_homophones
37267,pen1yUn2,8,-6.196091372961865,2,6.196091372961865,1,0,3,anti_homophones
37268,si3hU1,6,-5.76445968283421,2,5.76445968283421,1,0,2,anti_homophones
37269,sheng2yin1,10,-6.226450000008018,2,6.226450000008018,1,0,3,anti_homophones
37270,shi4yi4,7,-4.917613165500127,2,4.917613165500127,1,0,9,anti_homophones
37271,di4dLn4,7,-5.431817037054399,2,5.431817037054399,1,0,7,anti_homophones
37272,gUng1lQ2,8,-6.706595478930697,2,6.706595478930697,1,0,0,anti_homophones
37273,sheng2kP4,9,-6.076184017295685,2,6.076184017295685,1,0,2,anti_homophones
37274,chQ1tV2,7,-6.007079934237966,2,6.007079934237966,1,0,3,anti_homophones
37275,zhQ1qing2,9,-6.377187348870466,2,6.377187348870466,1,0,1,anti_homophones
37276,wo4xing3,8,-6.725192290993317,2,6.725192290993317,1,0,1,anti_homophones
37277,dI4tang2,8,-6.502912698357309,2,6.502912698357309,1,0,2,anti_homophones
37278,tu2po1,6,-6.520839994763652,2,6.520839994763652,1,0,1,anti_homophones
37279,mA3zhi4,7,-5.646834969249131,2,5.646834969249131,1,0,5,anti_homophones
37280,gong1gV4,8,-6.523333769676223,2,6.523333769676223,1,0,2,anti_homophones
37281,chu1yQ4,7,-5.723335433036563,2,5.723335433036563,1,0,9,anti_homophones
37282,lLng1jL1,8,-6.014049879986914,2,6.014049879986914,1,0,2,anti_homophones
37283,qLng4xi1,8,-6.239453348118939,2,6.239453348118939,1,0,4,anti_homophones
37284,xM2ban3,7,-5.646912233923496,2,5.646912233923496,1,0,3,anti_homophones
37285,yi3sO3,6,-5.96483796796537,2,5.96483796796537,1,0,2,anti_homophones
37286,da3che3,7,-6.289634201422135,2,6.289634201422135,1,0,1,anti_homophones
37287,dan4tong1,9,-6.240615495420652,2,6.240615495420652,1,0,3,anti_homophones
37288,mo4xM2,6,-6.276079486193183,2,6.276079486193183,1,0,1,anti_homophones
37289,deng1A2,7,-6.568379243945228,2,6.568379243945228,1,0,1,anti_homophones
37290,fang4shi3,9,-6.1418111434945075,2,6.1418111434945075,1,0,0,anti_homophones
37291,zi4fan4,7,-5.519530525701496,2,5.519530525701496,1,0,5,anti_homophones
37292,dang4zV3,8,-6.983178227838916,2,6.983178227838916,1,0,0,anti_homophones
37293,fang2lK3,8,-7.260090098182777,2,7.260090098182777,1,0,0,anti_homophones
37294,deng3kV3,8,-6.609188589490958,2,6.609188589490958,1,0,0,anti_homophones
37295,san1zhong4,10,-6.2266531863394015,2,6.2266531863394015,1,0,1,anti_homophones
37296,yong2nLng4,10,-7.5073029405762535,2,7.5073029405762535,1,0,0,anti_homophones
37297,lan4chen1,9,-7.373928402721398,2,7.373928402721398,1,0,1,anti_homophones
37298,nQ3mE3,6,-6.234555836215444,2,6.234555836215444,1,0,3,anti_homophones
37299,dang4yong2,10,-7.175975094444261,2,7.175975094444261,1,0,0,anti_homophones
37300,qLn2ru2,7,-6.312152811583315,2,6.312152811583315,1,0,2,anti_homophones
37301,fu4wu2,6,-7.025304038764,2,7.025304038764,1,0,2,anti_homophones
37302,bQ3jing1,8,-5.852838161650539,2,5.852838161650539,1,0,3,anti_homophones
37303,bu4da4,6,-5.773369684817148,2,5.773369684817148,1,0,8,anti_homophones
37304,cong3le4,8,-7.169087145215378,2,7.169087145215378,1,0,0,anti_homophones
37305,zO4xi1,6,-5.958088822881528,2,5.958088822881528,1,0,4,anti_homophones
37306,ji4bin1,7,-6.5976964651237076,2,6.5976964651237076,1,0,2,anti_homophones
37307,hI2xing4,8,-5.541504463430652,2,5.541504463430652,1,0,7,anti_homophones
37308,ji4lO4,6,-5.668436688475975,2,5.668436688475975,1,0,5,anti_homophones
37309,hI2bi1,6,-7.366742945078839,2,7.366742945078839,1,0,4,anti_homophones
37310,ding2gO2,8,-6.519671769272464,2,6.519671769272464,1,0,1,anti_homophones
37311,wu3zhi3,7,-5.500193724110017,2,5.500193724110017,1,0,5,anti_homophones
37312,qing1tang2,10,-6.459815884617634,2,6.459815884617634,1,0,1,anti_homophones
37313,chan3shu4,9,-6.14941477769746,2,6.14941477769746,1,0,0,anti_homophones
37314,xM2jLn3,7,-6.263592499518523,2,6.263592499518523,1,0,2,anti_homophones
37315,lv4ye4,6,-5.2489492789941785,2,5.2489492789941785,1,0,3,anti_homophones
37316,qLn2qi2,7,-5.791763345106471,2,5.791763345106471,1,0,4,anti_homophones
37317,mang2du4,8,-6.6138536227419475,2,6.6138536227419475,1,0,1,anti_homophones
37318,zhen1zhang3,11,-6.189213360837072,2,6.189213360837072,1,0,1,anti_homophones
37319,bi3bi4,6,-6.540085808270971,2,6.540085808270971,1,0,4,anti_homophones
37320,she2zA3,7,-7.108094365413168,2,7.108094365413168,1,0,1,anti_homophones
37321,kA1tong4,8,-5.481413636002648,2,5.481413636002648,1,0,3,anti_homophones
37322,hE1xLn1,7,-6.040042612393908,2,6.040042612393908,1,0,1,anti_homophones
37323,shi4chi2,8,-6.077787338202748,2,6.077787338202748,1,0,3,anti_homophones
37324,ji4zhUn1,8,-6.436899782923937,2,6.436899782923937,1,0,1,anti_homophones
37325,fang3chu2,9,-6.747996301479924,2,6.747996301479924,1,0,1,anti_homophones
37326,lK2yan1,7,-6.094881948563001,2,6.094881948563001,1,0,0,anti_homophones
37327,wen3man3,8,-7.077340824470847,2,7.077340824470847,1,0,0,anti_homophones
37328,feng2yan4,9,-6.1771257881690715,2,6.1771257881690715,1,0,3,anti_homophones
37329,nLn2qi4,7,-5.301897098390738,2,5.301897098390738,1,0,3,anti_homophones
37330,ke3yV3,6,-5.599321302530574,2,5.599321302530574,1,0,2,anti_homophones
37331,chang3ji1,9,-5.654190114867284,2,5.654190114867284,1,0,1,anti_homophones
37332,tLn1kUng2,9,-6.615647462616331,2,6.615647462616331,1,0,1,anti_homophones
37333,ta1wang4,8,-6.370440247232028,2,6.370440247232028,1,0,0,anti_homophones
37334,shen1tong3,10,-6.62065140039508,2,6.62065140039508,1,0,1,anti_homophones
37335,fu2chong1,9,-6.638632107176069,2,6.638632107176069,1,0,1,anti_homophones
37336,na4ming2,8,-6.00998638816516,2,6.00998638816516,1,0,2,anti_homophones
37337,san1yi2,7,-6.342243292093408,2,6.342243292093408,1,0,2,anti_homophones
37338,tA2xC2,6,-5.874792635267468,2,5.874792635267468,1,0,5,anti_homophones
37339,tI1dong2,8,-5.730137179786345,2,5.730137179786345,1,0,4,anti_homophones
37340,zhu4fa3,7,-5.4659099522189045,2,5.4659099522189045,1,0,1,anti_homophones
37341,yQ1nK2,6,-7.53511621578409,2,7.53511621578409,1,0,0,anti_homophones
37342,jLn4xing2,9,-5.4155306917936015,2,5.4155306917936015,1,0,4,anti_homophones
37343,gu1yu4,6,-6.149808062247764,2,6.149808062247764,1,0,7,anti_homophones
37344,lv3xing1,8,-5.429536232365387,2,5.429536232365387,1,0,3,anti_homophones
37345,meng3bE1,8,-7.64966234438528,2,7.64966234438528,1,0,0,anti_homophones
37346,bi4yC4,6,-5.647166884112774,2,5.647166884112774,1,0,5,anti_homophones
37347,chong1ju2,9,-6.2834841899708955,2,6.2834841899708955,1,0,0,anti_homophones
37348,xi1ha1,6,-6.336283835834129,2,6.336283835834129,1,0,2,anti_homophones
37349,lLng4dUn3,9,-7.0786984713327605,2,7.0786984713327605,1,0,0,anti_homophones
37350,ran2li3,7,-6.167003013555266,2,6.167003013555266,1,0,1,anti_homophones
37351,qLn1ying4,9,-6.323343586446322,2,6.323343586446322,1,0,3,anti_homophones
37352,fa1xL4,6,-5.229656955179976,2,5.229656955179976,1,0,5,anti_homophones
37353,hQ2shI4,7,-6.814720702575519,2,6.814720702575519,1,0,1,anti_homophones
37354,yin3yC1,7,-5.902184491663272,2,5.902184491663272,1,0,1,anti_homophones
37355,qC4zheng2,9,-6.785141085649182,2,6.785141085649182,1,0,0,anti_homophones
37356,jL1dO1,6,-7.513296172445112,2,7.513296172445112,1,0,0,anti_homophones
37357,xin1kV3,7,-5.522070793242828,2,5.522070793242828,1,0,3,anti_homophones
37358,xi3shi4,7,-5.182201645740589,2,5.182201645740589,1,0,6,anti_homophones
37359,fen4ran2,8,-6.220829014405295,2,6.220829014405295,1,0,1,anti_homophones
37360,pu1hO2,6,-6.884502055927623,2,6.884502055927623,1,0,0,anti_homophones
37361,jLn1pA2,7,-5.8502917849606595,2,5.8502917849606595,1,0,3,anti_homophones
37362,wan1chang2,10,-7.0004533959376305,2,7.0004533959376305,1,0,1,anti_homophones
37363,can1gan1,8,-6.344614352073528,2,6.344614352073528,1,0,1,anti_homophones
37364,ke4lLn4,7,-6.334950399734152,2,6.334950399734152,1,0,1,anti_homophones
37365,pLn4qing1,9,-6.928322388827638,2,6.928322388827638,1,0,0,anti_homophones
37366,zhong1gong2,11,-6.158819314672024,2,6.158819314672024,1,0,1,anti_homophones
37367,kI3yUn2,7,-7.9806428182722025,2,7.9806428182722025,1,0,1,anti_homophones
37368,fa1qi4,6,-4.856817589046507,2,4.856817589046507,1,0,8,anti_homophones
37369,zi3shu1,7,-6.262076458685073,2,6.262076458685073,1,0,0,anti_homophones
37370,pLn1jW3,7,-6.343086250416104,2,6.343086250416104,1,0,3,anti_homophones
37371,lO2ding2,8,-6.427536661813475,2,6.427536661813475,1,0,1,anti_homophones
37372,dQ3jM2,6,-6.670572277571221,2,6.670572277571221,1,0,0,anti_homophones
37373,jK4pang2,8,-8.008258313822434,2,8.008258313822434,1,0,2,anti_homophones
37374,tO4hA4,6,-5.858676799028944,2,5.858676799028944,1,0,1,anti_homophones
37375,ma3li3,6,-5.409828375675532,2,5.409828375675532,1,0,5,anti_homophones
37376,dI4jin4,7,-6.007503692411538,2,6.007503692411538,1,0,0,anti_homophones
37377,ju2hQ4,6,-5.91605714978396,2,5.91605714978396,1,0,4,anti_homophones
37378,jW1zheng2,9,-5.937839540473728,2,5.937839540473728,1,0,5,anti_homophones
37379,gUn3du4,7,-5.930664973069236,2,5.930664973069236,1,0,5,anti_homophones
37380,hQ4mu4,6,-5.967732425593189,2,5.967732425593189,1,0,5,anti_homophones
37381,xM2xun2,7,-6.624177040338856,2,6.624177040338856,1,0,1,anti_homophones
37382,wen2meng2,9,-6.540017919840794,2,6.540017919840794,1,0,1,anti_homophones
37383,lV4kong1,8,-6.201136647940566,2,6.201136647940566,1,0,1,anti_homophones
37384,kI2hU1,6,-6.248948693010328,2,6.248948693010328,1,0,0,anti_homophones
37385,yang2bQ4,8,-6.002585695874165,2,6.002585695874165,1,0,5,anti_homophones
37386,dan1jLn4,8,-5.655921343915637,2,5.655921343915637,1,0,5,anti_homophones
37387,zI4ru2,6,-6.771238640025663,2,6.771238640025663,1,0,1,anti_homophones
37388,ping2yi4,8,-5.708319547850103,2,5.708319547850103,1,0,7,anti_homophones
37389,xW4lLng4,8,-5.649405118321187,2,5.649405118321187,1,0,2,anti_homophones
37390,qin1dQ4,7,-5.84091778451474,2,5.84091778451474,1,0,5,anti_homophones
37391,dA4zhong3,9,-6.832403594816972,2,6.832403594816972,1,0,0,anti_homophones
37392,dI4cheng2,9,-6.33815810802919,2,6.33815810802919,1,0,0,anti_homophones
37393,xing1hO4,8,-5.958341790688599,2,5.958341790688599,1,0,1,anti_homophones
37394,feng2ji4,8,-5.7719061083726615,2,5.7719061083726615,1,0,2,anti_homophones
37395,an4ge5,6,-7.059497418869641,2,7.059497418869641,1,0,0,anti_homophones
37396,ya1jM2,6,-5.834543263781136,2,5.834543263781136,1,0,1,anti_homophones
37397,dLn3xLn1,8,-6.044117563574989,2,6.044117563574989,1,0,3,anti_homophones
37398,sheng1mo1,9,-6.862923584175632,2,6.862923584175632,1,0,1,anti_homophones
37399,chV1xL4,7,-6.408507757766381,2,6.408507757766381,1,0,2,anti_homophones
37400,hU4chang3,9,-6.597818297094055,2,6.597818297094055,1,0,0,anti_homophones
37401,zi1lv4,6,-6.206279755133357,2,6.206279755133357,1,0,6,anti_homophones
37402,ben3shI4,8,-6.283689277862154,2,6.283689277862154,1,0,2,anti_homophones
37403,yi1de5,6,-5.236498254808774,2,5.236498254808774,1,0,2,anti_homophones
37404,lin2hang1,9,-6.71018452463335,2,6.71018452463335,1,0,0,anti_homophones
37405,gUn3cA2,7,-6.123338624731657,2,6.123338624731657,1,0,1,anti_homophones
37406,li4qLn2,7,-6.324035899839395,2,6.324035899839395,1,0,0,anti_homophones
37407,yan1shi2,8,-5.978129154473444,2,5.978129154473444,1,0,4,anti_homophones
37408,dong1zhong1,11,-6.227484954210204,2,6.227484954210204,1,0,4,anti_homophones
37409,song4mE1,8,-8.843900033527275,2,8.843900033527275,1,0,0,anti_homophones
37410,nv3ru4,6,-6.765622647995222,2,6.765622647995222,1,0,1,anti_homophones
37411,xin4xLn4,8,-5.835272645162939,2,5.835272645162939,1,0,2,anti_homophones
37412,cQ1zu3,6,-6.132724511245083,2,6.132724511245083,1,0,2,anti_homophones
37413,chong4se4,9,-6.603556857233121,2,6.603556857233121,1,0,0,anti_homophones
37414,xLng2kUng3,10,-7.432376050752743,2,7.432376050752743,1,0,0,anti_homophones
37415,shi1zi5,7,-5.0793771443588,2,5.0793771443588,1,0,9,anti_homophones
37416,gu3xL4,6,-6.088551356237525,2,6.088551356237525,1,0,1,anti_homophones
37417,kP5lang3,8,-8.990351539512627,2,8.990351539512627,1,0,0,anti_homophones
37418,zhI1sUn1,8,-5.81477844739383,2,5.81477844739383,1,0,1,anti_homophones
37419,ji1lLn3,7,-6.163141103750831,2,6.163141103750831,1,0,1,anti_homophones
37420,nK3lV2,6,-6.264397985995336,2,6.264397985995336,1,0,1,anti_homophones
37421,chong1she4,10,-6.3515956178652315,2,6.3515956178652315,1,0,1,anti_homophones
37422,long1fa1,8,-6.969664642396907,2,6.969664642396907,1,0,0,anti_homophones
37423,rang4shi4,9,-6.78707212593702,2,6.78707212593702,1,0,3,anti_homophones
37424,dUn3tM1,7,-6.975998320593875,2,6.975998320593875,1,0,0,anti_homophones
37425,xC4bQ4,6,-5.809390914527357,2,5.809390914527357,1,0,1,anti_homophones
37426,sha1jLn4,8,-5.920921619068736,2,5.920921619068736,1,0,3,anti_homophones
37427,jLng3xYng1,10,-6.858558120471046,2,6.858558120471046,1,0,0,anti_homophones
37428,jin4cha2,8,-6.074080994684927,2,6.074080994684927,1,0,0,anti_homophones
37429,wE4ming2,8,-6.565372832504566,2,6.565372832504566,1,0,0,anti_homophones
37430,tQ1cang2,8,-7.707738161599678,2,7.707738161599678,1,0,0,anti_homophones
37431,lan2fen4,8,-6.71367738385364,2,6.71367738385364,1,0,0,anti_homophones
37432,bQ4fang3,8,-5.746468245765818,2,5.746468245765818,1,0,1,anti_homophones
37433,dong2gong4,10,-6.338218185378716,2,6.338218185378716,1,0,1,anti_homophones
37434,man4bA2,7,-6.686589296642387,2,6.686589296642387,1,0,2,anti_homophones
37435,er3gU3,6,-7.21997082898311,2,7.21997082898311,1,0,5,anti_homophones
37436,tW1tong4,8,-6.071984054899888,2,6.071984054899888,1,0,2,anti_homophones
37437,qing1fang3,10,-6.419964946201589,2,6.419964946201589,1,0,0,anti_homophones
37438,jLng4dI4,8,-6.083830836694573,2,6.083830836694573,1,0,3,anti_homophones
37439,yV3ju4,6,-5.494619283042302,2,5.494619283042302,1,0,5,anti_homophones
37440,ying3zQ3,8,-7.372127867672635,2,7.372127867672635,1,0,0,anti_homophones
37441,jM1tM4,6,-6.191256109718014,2,6.191256109718014,1,0,3,anti_homophones
37442,gO2chun4,8,-7.021530156119955,2,7.021530156119955,1,0,0,anti_homophones
37443,gong1song4,10,-6.254251668252415,2,6.254251668252415,1,0,0,anti_homophones
37444,jL1jM2,6,-5.739363556749745,2,5.739363556749745,1,0,2,anti_homophones
37445,tLn2mLn4,8,-5.875638462849997,2,5.875638462849997,1,0,1,anti_homophones
37446,ru2ji1,6,-5.522884154426401,2,5.522884154426401,1,0,5,anti_homophones
37447,bu4chong4,9,-6.246454262548738,2,6.246454262548738,1,0,3,anti_homophones
37448,jLn1bE4,7,-5.980464678740629,2,5.980464678740629,1,0,4,anti_homophones
37449,pE2yi4,6,-5.404400867529743,2,5.404400867529743,1,0,1,anti_homophones
37450,che1zhang1,10,-6.1513207567869514,2,6.1513207567869514,1,0,0,anti_homophones
37451,shV3zhu2,8,-6.337012324181696,2,6.337012324181696,1,0,3,anti_homophones
37452,fa1hUng1,8,-5.566524561616793,2,5.566524561616793,1,0,1,anti_homophones
37453,can1chi3,8,-6.5735119167800065,2,6.5735119167800065,1,0,1,anti_homophones
37454,chV2sheng1,10,-6.234803408543181,2,6.234803408543181,1,0,1,anti_homophones
37455,li2yu2,6,-6.600678413965411,2,6.600678413965411,1,0,1,anti_homophones
37456,shP4chu3,8,-7.274784105425066,2,7.274784105425066,1,0,0,anti_homophones
37457,nA4lA2,6,-5.5950408593736585,2,5.5950408593736585,1,0,4,anti_homophones
37458,bE1ci2,6,-5.928809967257371,2,5.928809967257371,1,0,2,anti_homophones
37459,di4ji1,6,-5.4512967867766,2,5.4512967867766,1,0,10,anti_homophones
37460,na3yC1,6,-6.734848279989418,2,6.734848279989418,1,0,0,anti_homophones
37461,yUn2qun2,8,-6.178959881439091,2,6.178959881439091,1,0,0,anti_homophones
37462,ye4ming4,8,-6.3835348467796065,2,6.3835348467796065,1,0,0,anti_homophones
37463,ping2gA4,8,-7.0130471807715695,2,7.0130471807715695,1,0,0,anti_homophones
37464,qK1hQ4,6,-5.4574580401035835,2,5.4574580401035835,1,0,2,anti_homophones
37465,zhUn1shV3,9,-6.166978656390119,2,6.166978656390119,1,0,3,anti_homophones
37466,he2zhi4,7,-5.280115540711858,2,5.280115540711858,1,0,5,anti_homophones
37467,ling4ta3,8,-6.805546554951726,2,6.805546554951726,1,0,0,anti_homophones
37468,ben1ru4,7,-6.8713896339536795,2,6.8713896339536795,1,0,1,anti_homophones
37469,xing3xYng1,10,-6.633418553255989,2,6.633418553255989,1,0,0,anti_homophones
37470,fE1shu1,7,-6.048216584823882,2,6.048216584823882,1,0,1,anti_homophones
37471,zhi4shi4,8,-5.044894008020998,2,5.044894008020998,1,0,8,anti_homophones
37472,ju4hO4,6,-5.799367135555706,2,5.799367135555706,1,0,5,anti_homophones
37473,ri4gA4,6,-6.544838389157564,2,6.544838389157564,1,0,1,anti_homophones
37474,qL4sheng2,9,-6.484454361316526,2,6.484454361316526,1,0,0,anti_homophones
37475,chu1fu5,7,-5.654777375828205,2,5.654777375828205,1,0,4,anti_homophones
37476,yUn2yC4,7,-5.68898966858388,2,5.68898966858388,1,0,2,anti_homophones
37477,zhi4tang2,9,-6.384598372514428,2,6.384598372514428,1,0,2,anti_homophones
37478,tI1shI3,7,-6.426346133060747,2,6.426346133060747,1,0,2,anti_homophones
37479,hA3a1,5,-6.224318840122663,2,6.224318840122663,1,0,1,anti_homophones
37480,bi4yQ4,6,-5.663830587234817,2,5.663830587234817,1,0,5,anti_homophones
37481,kan1xL4,7,-6.407580773334148,2,6.407580773334148,1,0,3,anti_homophones
37482,ci2yin3,7,-6.527576530470382,2,6.527576530470382,1,0,0,anti_homophones
37483,ru2nLn4,7,-6.536347949727026,2,6.536347949727026,1,0,1,anti_homophones
37484,xK1jun1,7,-6.6896472466378905,2,6.6896472466378905,1,0,1,anti_homophones
37485,yong2he2,8,-6.235216613322956,2,6.235216613322956,1,0,1,anti_homophones
37486,zO2lO4,6,-5.682746280995227,2,5.682746280995227,1,0,4,anti_homophones
37487,zhi4leng1,9,-6.582348595700257,2,6.582348595700257,1,0,0,anti_homophones
37488,dan1yu4,7,-5.76408644688968,2,5.76408644688968,1,0,5,anti_homophones
37489,de2jLng1,8,-7.025874504785262,2,7.025874504785262,1,0,0,anti_homophones
37490,chang4jLn1,10,-6.43808985519855,2,6.43808985519855,1,0,1,anti_homophones
37491,da3zhQ4,7,-5.652825588139508,2,5.652825588139508,1,0,3,anti_homophones
37492,gu4zang4,8,-6.944122928297533,2,6.944122928297533,1,0,0,anti_homophones
37493,fE2zhUn4,8,-6.631977086259262,2,6.631977086259262,1,0,1,anti_homophones
37494,pW4sang3,8,-7.753654486810345,2,7.753654486810345,1,0,0,anti_homophones
37495,bing4bing4,10,-6.453873881378936,2,6.453873881378936,1,0,1,anti_homophones
37496,pLn1zheng2,10,-6.713965980767619,2,6.713965980767619,1,0,1,anti_homophones
37497,hU1lUn4,7,-5.525399546537598,2,5.525399546537598,1,0,0,anti_homophones
37498,fu4ji1,6,-5.119817677800966,2,5.119817677800966,1,0,9,anti_homophones
37499,lLn4yi4,7,-5.893883971530198,2,5.893883971530198,1,0,2,anti_homophones
37500,tO2nW3,6,-5.533826322785084,2,5.533826322785084,1,0,1,anti_homophones
37501,peng1fu2,8,-6.362774740562971,2,6.362774740562971,1,0,0,anti_homophones
37502,fan2zhi1,8,-6.138856801149453,2,6.138856801149453,1,0,4,anti_homophones
37503,hI1fa3,6,-5.673210690085199,2,5.673210690085199,1,0,3,anti_homophones
37504,hUng1hUn3,9,-6.721608338212567,2,6.721608338212567,1,0,0,anti_homophones
37505,kV3ren2,7,-5.696249556644638,2,5.696249556644638,1,0,7,anti_homophones
37506,cha2hI4,7,-5.493903850955398,2,5.493903850955398,1,0,3,anti_homophones
37507,xLng1li3,8,-5.833342720817003,2,5.833342720817003,1,0,0,anti_homophones
37508,shI3qun2,8,-6.220802917254399,2,6.220802917254399,1,0,0,anti_homophones
37509,tan3shP4,8,-7.248488642502444,2,7.248488642502444,1,0,0,anti_homophones
37510,wu2lA2,6,-5.357794067192632,2,5.357794067192632,1,0,5,anti_homophones
37511,pin3hU4,7,-5.383566991251297,2,5.383566991251297,1,0,3,anti_homophones
37512,he4men2,7,-6.165142332710924,2,6.165142332710924,1,0,2,anti_homophones
37513,hQ3cun2,7,-6.374328234494209,2,6.374328234494209,1,0,1,anti_homophones
37514,ren2zi5,7,-4.9501169797989695,2,4.9501169797989695,1,0,4,anti_homophones
37515,zhong1qu3,9,-5.994083703969875,2,5.994083703969875,1,0,4,anti_homophones
37516,wen2tV2,7,-5.814178157633198,2,5.814178157633198,1,0,2,anti_homophones
37517,di1lK2,6,-5.745504988463051,2,5.745504988463051,1,0,3,anti_homophones
37518,ju1mM4,6,-5.967910921102455,2,5.967910921102455,1,0,2,anti_homophones
37519,pen1xin4,8,-6.551445510785711,2,6.551445510785711,1,0,0,anti_homophones
37520,mi4shi4,7,-5.236416622694416,2,5.236416622694416,1,0,14,anti_homophones
37521,tQ2xLng3,8,-6.47732956529165,2,6.47732956529165,1,0,0,anti_homophones
37522,jing3zheng4,11,-6.564046450681361,2,6.564046450681361,1,0,1,anti_homophones
37523,kong1jM2,8,-5.93943076516989,2,5.93943076516989,1,0,2,anti_homophones
37524,feng1bLn4,9,-5.921064327191739,2,5.921064327191739,1,0,3,anti_homophones
37525,gen1bE1,7,-6.401065153422105,2,6.401065153422105,1,0,1,anti_homophones
37526,shen2zhu4,9,-6.0345827874920985,2,6.0345827874920985,1,0,3,anti_homophones
37527,ling3zhi1,9,-6.323651388832573,2,6.323651388832573,1,0,0,anti_homophones
37528,gO2jing4,8,-5.329419012428104,2,5.329419012428104,1,0,4,anti_homophones
37529,cu1zhu4,7,-5.8372979449192455,2,5.8372979449192455,1,0,5,anti_homophones
37530,bu4ming4,8,-5.447628477979393,2,5.447628477979393,1,0,8,anti_homophones
37531,cA2si3,6,-6.54054913959068,2,6.54054913959068,1,0,2,anti_homophones
37532,wu2lE4,6,-5.2507178533342165,2,5.2507178533342165,1,0,5,anti_homophones
37533,lK2ti3,6,-5.534002939891378,2,5.534002939891378,1,0,4,anti_homophones
37534,zheng1xM2,9,-6.115463366952411,2,6.115463366952411,1,0,1,anti_homophones
37535,dLn3gUn3,8,-6.113245891457225,2,6.113245891457225,1,0,0,anti_homophones
37536,wA4ke2,6,-6.094987539904425,2,6.094987539904425,1,0,1,anti_homophones
37537,gO4cA4,6,-6.452315562815587,2,6.452315562815587,1,0,0,anti_homophones
37538,lLn2che3,8,-6.876799180318883,2,6.876799180318883,1,0,0,anti_homophones
37539,da2bi4,6,-6.403117964001076,2,6.403117964001076,1,0,2,anti_homophones
37540,dLn1se4,7,-6.492332568889976,2,6.492332568889976,1,0,5,anti_homophones
37541,hUng4rang4,10,-7.652268580583642,2,7.652268580583642,1,0,1,anti_homophones
37542,ru2ke3,6,-6.861909800878804,2,6.861909800878804,1,0,1,anti_homophones
37543,qing1na4,8,-6.377917165816103,2,6.377917165816103,1,0,1,anti_homophones
37544,hU4jUng4,8,-8.815510371029651,2,8.815510371029651,1,0,2,anti_homophones
37545,shu4lv4,7,-5.521545653024919,2,5.521545653024919,1,0,8,anti_homophones
37546,ge2mi4,6,-5.7168925028223985,2,5.7168925028223985,1,0,2,anti_homophones
37547,ye4lLng4,8,-6.360542134627887,2,6.360542134627887,1,0,1,anti_homophones
37548,yUn2bE1,7,-6.681542720119346,2,6.681542720119346,1,0,0,anti_homophones
37549,xYng1jin4,9,-6.127803950493739,2,6.127803950493739,1,0,2,anti_homophones
37550,qi2xing4,8,-5.319257514913739,2,5.319257514913739,1,0,5,anti_homophones
37551,ming1chang4,11,-6.302703814028002,2,6.302703814028002,1,0,1,anti_homophones
37552,lO1shi1,7,-6.688592855527688,2,6.688592855527688,1,0,0,anti_homophones
37553,zhen2hO3,8,-6.582873906180464,2,6.582873906180464,1,0,1,anti_homophones
37554,sheng4hQ4,9,-6.165924743552928,2,6.165924743552928,1,0,4,anti_homophones
37555,chQ2dong4,9,-5.9603907897420925,2,5.9603907897420925,1,0,0,anti_homophones
37556,xM4dLn4,7,-5.751455369585475,2,5.751455369585475,1,0,2,anti_homophones
37557,bu4dLn3,7,-5.000058152700951,2,5.000058152700951,1,0,4,anti_homophones
37558,ci4pin4,7,-7.193925248061545,2,7.193925248061545,1,0,0,anti_homophones
37559,bQ1gQ4,6,-6.239361357336872,2,6.239361357336872,1,0,4,anti_homophones
37560,yV3zhUn2,8,-6.233627547720617,2,6.233627547720617,1,0,0,anti_homophones
37561,shan2hU4,8,-5.881561448397016,2,5.881561448397016,1,0,2,anti_homophones
37562,sV1lM4,6,-6.0585884808021895,2,6.0585884808021895,1,0,4,anti_homophones
37563,zhi3ke1,7,-5.895421974940102,2,5.895421974940102,1,0,0,anti_homophones
37564,yin1xM4,7,-5.856678746601485,2,5.856678746601485,1,0,3,anti_homophones
37565,tLn1bu4,7,-5.485863143914549,2,5.485863143914549,1,0,6,anti_homophones
37566,du2zhI4,7,-6.551022211402369,2,6.551022211402369,1,0,2,anti_homophones
37567,chu1hV2,7,-6.149651968259269,2,6.149651968259269,1,0,2,anti_homophones
37568,ce4xC2,6,-6.664380328832769,2,6.664380328832769,1,0,0,anti_homophones
37569,rong2ci5,8,-9.241903682633486,2,9.241903682633486,1,0,0,anti_homophones
37570,lW2li3,6,-5.91241004819699,2,5.91241004819699,1,0,2,anti_homophones
37571,ji2yun4,7,-6.051114506832813,2,6.051114506832813,1,0,0,anti_homophones
37572,zhV1rong2,9,-6.339261963808056,2,6.339261963808056,1,0,1,anti_homophones
37573,sheng2tV2,9,-5.43320457263353,2,5.43320457263353,1,0,1,anti_homophones
37574,yV2di4,6,-4.929196365623917,2,4.929196365623917,1,0,10,anti_homophones
37575,qLng1fu4,8,-6.211732660953359,2,6.211732660953359,1,0,3,anti_homophones
37576,fen3xLng4,9,-6.213628797353086,2,6.213628797353086,1,0,0,anti_homophones
37577,tI4ba2,6,-7.4265916516787485,2,7.4265916516787485,1,0,0,anti_homophones
37578,ren2xin1,8,-5.213761777136906,2,5.213761777136906,1,0,3,anti_homophones
37579,dan4wu4,7,-5.649547030926747,2,5.649547030926747,1,0,5,anti_homophones
37580,tang2ji4,8,-6.124345300459092,2,6.124345300459092,1,0,2,anti_homophones
37581,yong2hUng1,10,-6.805526137048714,2,6.805526137048714,1,0,1,anti_homophones
37582,lQ3lLng1,8,-5.737615170089592,2,5.737615170089592,1,0,1,anti_homophones
37583,xing1tu3,8,-6.254714027011781,2,6.254714027011781,1,0,0,anti_homophones
37584,chun3hUn2,9,-7.210607954291479,2,7.210607954291479,1,0,0,anti_homophones
37585,sheng2xLn4,10,-5.645191199037415,2,5.645191199037415,1,0,4,anti_homophones
37586,zhu3zhu3,8,-6.01056355285894,2,6.01056355285894,1,0,2,anti_homophones
37587,xK1shV4,7,-6.130093120825854,2,6.130093120825854,1,0,1,anti_homophones
37588,nLn2yUn3,8,-6.084421579497079,2,6.084421579497079,1,0,2,anti_homophones
37589,bo1li3,6,-4.958175801357836,2,4.958175801357836,1,0,4,anti_homophones
37590,dLn4qi3,7,-6.013642098788548,2,6.013642098788548,1,0,3,anti_homophones
37591,shi4hA4,7,-5.504559623336472,2,5.504559623336472,1,0,7,anti_homophones
37592,tO2se4,6,-5.622743668882613,2,5.622743668882613,1,0,3,anti_homophones
37593,bA3hU4,6,-5.009365439472762,2,5.009365439472762,1,0,7,anti_homophones
37594,chong2yV3,9,-6.544874072050401,2,6.544874072050401,1,0,0,anti_homophones
37595,li3fu2,6,-5.373881188124646,2,5.373881188124646,1,0,5,anti_homophones
37596,zhen4he2,8,-6.44640283274389,2,6.44640283274389,1,0,0,anti_homophones
37597,yi1ta3,6,-5.68755325719634,2,5.68755325719634,1,0,4,anti_homophones
37598,ling2rV4,8,-6.362708995113118,2,6.362708995113118,1,0,1,anti_homophones
37599,shu4xW4,7,-5.746035601957235,2,5.746035601957235,1,0,2,anti_homophones
37600,lQ3hun4,7,-5.681313007486672,2,5.681313007486672,1,0,4,anti_homophones
37601,di1hU4,6,-6.304529899565806,2,6.304529899565806,1,0,3,anti_homophones
37602,chu1hun1,8,-5.542428261565803,2,5.542428261565803,1,0,2,anti_homophones
37603,tW4ya1,6,-6.453206972967453,2,6.453206972967453,1,0,2,anti_homophones
37604,yQ4zhi3,7,-5.9936576491452564,2,5.9936576491452564,1,0,5,anti_homophones
37605,zhQ4xUn4,8,-7.422921897302901,2,7.422921897302901,1,0,0,anti_homophones
37606,gA3zha2,7,-6.926583581603729,2,6.926583581603729,1,0,1,anti_homophones
37607,yi3du4,6,-5.831153972723774,2,5.831153972723774,1,0,9,anti_homophones
37608,zI4jL1,6,-5.866829232092548,2,5.866829232092548,1,0,2,anti_homophones
37609,yang2tV2,8,-5.666474615154361,2,5.666474615154361,1,0,2,anti_homophones
37610,da4dan1,7,-5.277499430727169,2,5.277499430727169,1,0,6,anti_homophones
37611,fE1wen2,7,-5.291985132030953,2,5.291985132030953,1,0,2,anti_homophones
37612,yun2zhU1,8,-7.565985072311267,2,7.565985072311267,1,0,1,anti_homophones
37613,shUn1dI1,8,-7.943026842517797,2,7.943026842517797,1,0,1,anti_homophones
37614,pan2hUn4,8,-6.700135642549082,2,6.700135642549082,1,0,2,anti_homophones
37615,bLn4zhV3,8,-7.148412694061499,2,7.148412694061499,1,0,0,anti_homophones
37616,gO2si1,6,-5.499467613384236,2,5.499467613384236,1,0,1,anti_homophones
37617,bing4jing2,10,-6.238702488934261,2,6.238702488934261,1,0,1,anti_homophones
37618,da4lV4,6,-5.615236506626913,2,5.615236506626913,1,0,10,anti_homophones
37619,jing2long2,10,-6.482534032407404,2,6.482534032407404,1,0,1,anti_homophones
37620,pA1mu4,6,-5.174660446772885,2,5.174660446772885,1,0,6,anti_homophones
37621,chu2kong2,9,-6.888605401153292,2,6.888605401153292,1,0,0,anti_homophones
37622,yQ3dW4,6,-6.155709036046084,2,6.155709036046084,1,0,4,anti_homophones
37623,tan4fang4,9,-6.389257131667673,2,6.389257131667673,1,0,0,anti_homophones
37624,tW3du4,6,-5.883227437912895,2,5.883227437912895,1,0,3,anti_homophones
37625,ti3zI3,6,-6.325825428692849,2,6.325825428692849,1,0,1,anti_homophones
37626,xing1feng2,10,-6.310078262610137,2,6.310078262610137,1,0,0,anti_homophones
37627,yin4qi4,7,-5.474161021118986,2,5.474161021118986,1,0,10,anti_homophones
37628,ge1tV2,6,-5.408191634209038,2,5.408191634209038,1,0,1,anti_homophones
37629,xW1yUn2,7,-5.837366803463821,2,5.837366803463821,1,0,1,anti_homophones
37630,jL3jLn4,7,-5.560342531053625,2,5.560342531053625,1,0,3,anti_homophones
37631,zi3shV3,7,-6.022700474028159,2,6.022700474028159,1,0,4,anti_homophones
37632,kan4ke2,7,-7.133162212836553,2,7.133162212836553,1,0,0,anti_homophones
37633,deng2ren2,9,-5.688069491364638,2,5.688069491364638,1,0,6,anti_homophones
37634,xu1shan4,8,-6.388110904497992,2,6.388110904497992,1,0,2,anti_homophones
37635,shan2qi2,8,-6.755770564322928,2,6.755770564322928,1,0,1,anti_homophones
37636,hang3lM4,8,-6.987893563456639,2,6.987893563456639,1,0,3,anti_homophones
37637,yi2zhu2,7,-6.304131508218276,2,6.304131508218276,1,0,2,anti_homophones
37638,an4che1,7,-5.877894215045573,2,5.877894215045573,1,0,2,anti_homophones
37639,yun4di4,7,-5.729413801971333,2,5.729413801971333,1,0,3,anti_homophones
37640,jin1dun4,8,-6.933476684748679,2,6.933476684748679,1,0,0,anti_homophones
37641,chang1qu1,9,-6.1999384752619315,2,6.1999384752619315,1,0,2,anti_homophones
37642,tong4zi5,8,-5.1846026593346055,2,5.1846026593346055,1,0,4,anti_homophones
37643,ji4cha1,7,-6.145904442891229,2,6.145904442891229,1,0,4,anti_homophones
37644,lu4yang2,8,-6.409746373585304,2,6.409746373585304,1,0,3,anti_homophones
37645,zhi2pLn2,8,-7.757533552787944,2,7.757533552787944,1,0,1,anti_homophones
37646,zong1qK2,8,-6.056808741373749,2,6.056808741373749,1,0,2,anti_homophones
37647,fen1xi2,7,-5.87403488111509,2,5.87403488111509,1,0,1,anti_homophones
37648,jLng1gV3,8,-7.383269221831506,2,7.383269221831506,1,0,0,anti_homophones
37649,bing4kV3,8,-6.0370959978269605,2,6.0370959978269605,1,0,2,anti_homophones
37650,fa1mang3,8,-6.602101162521834,2,6.602101162521834,1,0,1,anti_homophones
37651,kO4bA3,6,-6.960595607351854,2,6.960595607351854,1,0,1,anti_homophones
37652,jL4qW2,6,-5.855521188952793,2,5.855521188952793,1,0,1,anti_homophones
37653,shu1fu1,7,-5.9690157037391085,2,5.9690157037391085,1,0,5,anti_homophones
37654,ya4ju4,6,-6.065857586288557,2,6.065857586288557,1,0,5,anti_homophones
37655,yV1yu3,6,-5.582637336836009,2,5.582637336836009,1,0,2,anti_homophones
37656,ci2jW1,6,-6.844355838859171,2,6.844355838859171,1,0,1,anti_homophones
37657,li3fa3,6,-5.257522700627022,2,5.257522700627022,1,0,5,anti_homophones
37658,ran2ban4,8,-6.211685787240511,2,6.211685787240511,1,0,2,anti_homophones
37659,nong4yu3,8,-6.491308968616082,2,6.491308968616082,1,0,0,anti_homophones
37660,chQ1xing2,9,-5.869944921926264,2,5.869944921926264,1,0,2,anti_homophones
37661,lin4er2,7,-7.162206096685161,2,7.162206096685161,1,0,1,anti_homophones
37662,xLng1bQ1,8,-6.336943769397416,2,6.336943769397416,1,0,1,anti_homophones
37663,xM3gong3,8,-7.0077109592316,2,7.0077109592316,1,0,0,anti_homophones
37664,qing4xLn1,9,-6.209447360820043,2,6.209447360820043,1,0,0,anti_homophones
37665,chUng2tV2,9,-6.056896446597737,2,6.056896446597737,1,0,0,anti_homophones
37666,pi1shI3,7,-6.085260864815653,2,6.085260864815653,1,0,0,anti_homophones
37667,he2ti2,6,-5.755861133732631,2,5.755861133732631,1,0,5,anti_homophones
37668,kan1gong1,9,-6.388986526538092,2,6.388986526538092,1,0,1,anti_homophones
37669,tW3ding2,8,-6.48261561623138,2,6.48261561623138,1,0,1,anti_homophones
37670,ku3cA4,6,-6.162748569564455,2,6.162748569564455,1,0,2,anti_homophones
37671,yi2jin4,7,-6.034747433934454,2,6.034747433934454,1,0,5,anti_homophones
37672,da3zE2,6,-5.427775002169411,2,5.427775002169411,1,0,0,anti_homophones
37673,ji1gu4,6,-6.056538181199488,2,6.056538181199488,1,0,6,anti_homophones
37674,hong4zhong4,11,-6.544872215777046,2,6.544872215777046,1,0,0,anti_homophones
37675,fan3bo1,7,-6.0523002941353425,2,6.0523002941353425,1,0,1,anti_homophones
37676,A2xC2,5,-5.65175397847817,2,5.65175397847817,1,0,4,anti_homophones
37677,wu3che1,7,-5.48590552834813,2,5.48590552834813,1,0,3,anti_homophones
37678,yi2shang3,9,-6.4054432263790995,2,6.4054432263790995,1,0,0,anti_homophones
37679,shi2xi2,7,-5.609136070508191,2,5.609136070508191,1,0,5,anti_homophones
37680,shen4kV3,8,-5.99067927084726,2,5.99067927084726,1,0,1,anti_homophones
37681,jin1chen4,9,-6.455873304852894,2,6.455873304852894,1,0,0,anti_homophones
37682,gUn1li4,7,-5.373970825169012,2,5.373970825169012,1,0,7,anti_homophones
37683,te4bE4,6,-6.220844986293957,2,6.220844986293957,1,0,2,anti_homophones
37684,zhang2wE4,9,-5.759800077411462,2,5.759800077411462,1,0,2,anti_homophones
37685,shi2ban3,8,-5.72020456328722,2,5.72020456328722,1,0,4,anti_homophones
37686,dA4hang4,8,-6.324301713966319,2,6.324301713966319,1,0,3,anti_homophones
37687,cu1lM4,6,-5.8462664936821085,2,5.8462664936821085,1,0,3,anti_homophones
37688,ju3ying2,8,-6.391444106403977,2,6.391444106403977,1,0,2,anti_homophones
37689,xW3yun2,7,-6.543390591058745,2,6.543390591058745,1,0,1,anti_homophones
37690,wA4gu3,6,-5.537067374522982,2,5.537067374522982,1,0,6,anti_homophones
37691,hQ2shO1,7,-6.554509909874293,2,6.554509909874293,1,0,0,anti_homophones
37692,nQ3jL4,6,-5.354010317858378,2,5.354010317858378,1,0,5,anti_homophones
37693,jK3xing2,8,-5.962950042253273,2,5.962950042253273,1,0,1,anti_homophones
37694,kO4fu2,6,-6.184680186767791,2,6.184680186767791,1,0,3,anti_homophones
37695,ti2zhA4,7,-7.064692700068176,2,7.064692700068176,1,0,0,anti_homophones
37696,ke4wE2,6,-6.177263396235032,2,6.177263396235032,1,0,3,anti_homophones
37697,ban4pA4,7,-6.166322512026584,2,6.166322512026584,1,0,0,anti_homophones
37698,hA3zhV4,7,-6.880892378132792,2,6.880892378132792,1,0,0,anti_homophones
37699,can1qUn2,8,-5.657605792668182,2,5.657605792668182,1,0,5,anti_homophones
37700,shi1qu4,7,-5.982255520590908,2,5.982255520590908,1,0,6,anti_homophones
37701,zhUng4cA2,9,-6.842227612608402,2,6.842227612608402,1,0,2,anti_homophones
37702,ji1chan3,8,-6.001466600320951,2,6.001466600320951,1,0,2,anti_homophones
37703,zhO2lO4,7,-5.762727403025314,2,5.762727403025314,1,0,2,anti_homophones
37704,qUn2pLn4,8,-5.906805852031434,2,5.906805852031434,1,0,1,anti_homophones
37705,fen4zhong2,10,-6.235819381696836,2,6.235819381696836,1,0,2,anti_homophones
37706,ju3shen2,8,-6.250780894217148,2,6.250780894217148,1,0,1,anti_homophones
37707,hUng2hQ4,8,-6.365510208342452,2,6.365510208342452,1,0,0,anti_homophones
37708,shang1sI4,9,-6.912796301271989,2,6.912796301271989,1,0,1,anti_homophones
37709,hI3dQ4,6,-5.816789272046803,2,5.816789272046803,1,0,2,anti_homophones
37710,tO4hu1,6,-6.571860559628531,2,6.571860559628531,1,0,0,anti_homophones
37711,bE4dQ4,6,-5.388495022730097,2,5.388495022730097,1,0,6,anti_homophones
37712,san1li4,7,-5.410515376386149,2,5.410515376386149,1,0,8,anti_homophones
37713,ge1wen1,7,-6.562918490907385,2,6.562918490907385,1,0,1,anti_homophones
37714,xYng2hA3,8,-6.983451254920352,2,6.983451254920352,1,0,1,anti_homophones
37715,er3gUn1,7,-5.582091189503273,2,5.582091189503273,1,0,2,anti_homophones
37716,mE3shang4,9,-5.97142102636218,2,5.97142102636218,1,0,1,anti_homophones
37717,xM2yong4,8,-6.223226448064743,2,6.223226448064743,1,0,1,anti_homophones
37718,fen4lu4,7,-5.950450105516767,2,5.950450105516767,1,0,4,anti_homophones
37719,da3zang4,8,-6.257390320844998,2,6.257390320844998,1,0,2,anti_homophones
37720,zhong3dLn1,10,-7.632729950497572,2,7.632729950497572,1,0,0,anti_homophones
37721,fa3qW3,6,-7.455444225044631,2,7.455444225044631,1,0,1,anti_homophones
37722,dong4che1,9,-6.2009449115473645,2,6.2009449115473645,1,0,1,anti_homophones
37723,sV1lV4,6,-7.036801486905511,2,7.036801486905511,1,0,2,anti_homophones
37724,sheng2xK4,9,-7.348603898890012,2,7.348603898890012,1,0,1,anti_homophones
37725,shV1ya1,7,-5.974336066958858,2,5.974336066958858,1,0,2,anti_homophones
37726,min2ci2,7,-6.351617499801079,2,6.351617499801079,1,0,1,anti_homophones
37727,fa1tu3,6,-5.919338238547588,2,5.919338238547588,1,0,1,anti_homophones
37728,dLn3xLng4,9,-5.613023692521339,2,5.613023692521339,1,0,3,anti_homophones
37729,xM2tW2,6,-5.310087810764229,2,5.310087810764229,1,0,0,anti_homophones
37730,cQ3chI2,7,-6.99975477341837,2,6.99975477341837,1,0,0,anti_homophones
37731,zhUng2xin4,10,-6.465960889763367,2,6.465960889763367,1,0,0,anti_homophones
37732,nong4wan4,9,-6.984177347398096,2,6.984177347398096,1,0,1,anti_homophones
37733,lK2hang2,8,-6.30140339224261,2,6.30140339224261,1,0,1,anti_homophones
37734,gU4zi5,6,-5.5625834054213135,2,5.5625834054213135,1,0,4,anti_homophones
37735,te4dang3,8,-6.334230844062033,2,6.334230844062033,1,0,0,anti_homophones
37736,pLn1fu2,7,-6.160591796943142,2,6.160591796943142,1,0,1,anti_homophones
37737,pu3tV2,6,-5.196243527156634,2,5.196243527156634,1,0,5,anti_homophones
37738,shu1wu4,7,-5.740164704786452,2,5.740164704786452,1,0,2,anti_homophones
37739,da4lang3,8,-5.568357349668271,2,5.568357349668271,1,0,7,anti_homophones
37740,kO4zhen3,8,-7.05332782137541,2,7.05332782137541,1,0,0,anti_homophones
37741,yu4cQ3,6,-6.758388998919151,2,6.758388998919151,1,0,0,anti_homophones
37742,kUng4xLng1,10,-6.794479113815399,2,6.794479113815399,1,0,0,anti_homophones
37743,zQ3pen1,7,-6.419672683143028,2,6.419672683143028,1,0,0,anti_homophones
37744,xLng3yin1,9,-6.597555415564206,2,6.597555415564206,1,0,1,anti_homophones
37745,cUn4gong2,9,-7.265421714590339,2,7.265421714590339,1,0,0,anti_homophones
37746,zhu3yV3,7,-5.936536914795722,2,5.936536914795722,1,0,2,anti_homophones
37747,chong2ya2,9,-6.626771304889495,2,6.626771304889495,1,0,0,anti_homophones
37748,qing2ban3,9,-5.9974544335139015,2,5.9974544335139015,1,0,4,anti_homophones
37749,yu3ji2,6,-5.996468736907819,2,5.996468736907819,1,0,9,anti_homophones
37750,hong1zhi1,9,-6.020924413407977,2,6.020924413407977,1,0,2,anti_homophones
37751,lLn4jun1,8,-6.367692205603112,2,6.367692205603112,1,0,3,anti_homophones
37752,rong4sO3,8,-6.92561675538215,2,6.92561675538215,1,0,1,anti_homophones
37753,tLn1lin2,8,-5.903758174565215,2,5.903758174565215,1,0,1,anti_homophones
37754,qW4ma2,6,-7.358715854512283,2,7.358715854512283,1,0,0,anti_homophones
37755,yi1jW3,6,-5.1618605748446775,2,5.1618605748446775,1,0,2,anti_homophones
37756,li2ti4,6,-6.864821098483594,2,6.864821098483594,1,0,2,anti_homophones
37757,shu3qLn1,8,-6.87023555371837,2,6.87023555371837,1,0,0,anti_homophones
37758,hA3du4,6,-5.553283733494546,2,5.553283733494546,1,0,3,anti_homophones
37759,chong1dI4,9,-6.044966546405768,2,6.044966546405768,1,0,2,anti_homophones
37760,fu2gu3,6,-6.239702922102539,2,6.239702922102539,1,0,4,anti_homophones
37761,lUn3dI4,7,-6.9940459807004345,2,6.9940459807004345,1,0,2,anti_homophones
37762,han1yUn4,8,-6.6182804335197325,2,6.6182804335197325,1,0,2,anti_homophones
37763,ling2ji1,8,-5.700081285830515,2,5.700081285830515,1,0,6,anti_homophones
37764,heng1ming1,10,-6.871791953898801,2,6.871791953898801,1,0,1,anti_homophones
37765,dI4gQ4,6,-5.769485840898842,2,5.769485840898842,1,0,3,anti_homophones
37766,du2xLng1,8,-5.81318170506349,2,5.81318170506349,1,0,1,anti_homophones
37767,di3bu4,6,-5.75474599613026,2,5.75474599613026,1,0,6,anti_homophones
37768,fang2fa3,8,-5.713509196004529,2,5.713509196004529,1,0,0,anti_homophones
37769,zheng4jL1,9,-5.9997020310971605,2,5.9997020310971605,1,0,0,anti_homophones
37770,tM3cheng4,9,-6.116939222390574,2,6.116939222390574,1,0,1,anti_homophones
37771,hI4yi4,6,-5.15887497604519,2,5.15887497604519,1,0,8,anti_homophones
37772,he2shu4,7,-5.241162854745573,2,5.241162854745573,1,0,4,anti_homophones
37773,bo2zu2,6,-5.868605094145167,2,5.868605094145167,1,0,0,anti_homophones
37774,zhang2ri4,9,-6.166556787868977,2,6.166556787868977,1,0,1,anti_homophones
37775,song2chi1,9,-7.326315595063798,2,7.326315595063798,1,0,0,anti_homophones
37776,jM3chu1,7,-5.995405867878356,2,5.995405867878356,1,0,0,anti_homophones
37777,lv4yi4,6,-5.279440284000936,2,5.279440284000936,1,0,6,anti_homophones
37778,pin3yu3,7,-5.913436282739684,2,5.913436282739684,1,0,2,anti_homophones
37779,bA2shi2,7,-5.315927502772887,2,5.315927502772887,1,0,4,anti_homophones
37780,si4wE2,6,-6.277544754484904,2,6.277544754484904,1,0,1,anti_homophones
37781,kU4shi5,7,-7.068312827921581,2,7.068312827921581,1,0,1,anti_homophones
37782,ji3xin1,7,-6.328327075553046,2,6.328327075553046,1,0,2,anti_homophones
37783,cong2jun1,9,-6.749782068386294,2,6.749782068386294,1,0,2,anti_homophones
37784,yi1tU4,6,-6.700757761926089,2,6.700757761926089,1,0,2,anti_homophones
37785,san3si3,7,-7.143573604636842,2,7.143573604636842,1,0,2,anti_homophones
37786,mi4qing1,8,-7.159503866188002,2,7.159503866188002,1,0,0,anti_homophones
37787,gong1shang2,11,-6.088760504037919,2,6.088760504037919,1,0,0,anti_homophones
37788,dI4ke2,6,-6.257015150915614,2,6.257015150915614,1,0,3,anti_homophones
37789,hA3lin2,7,-5.769029669585809,2,5.769029669585809,1,0,0,anti_homophones
37790,wan2xM4,7,-7.0482330220333305,2,7.0482330220333305,1,0,1,anti_homophones
37791,ji4shQ4,7,-6.167059291325842,2,6.167059291325842,1,0,4,anti_homophones
37792,cA4she4,7,-6.7441068202965875,2,6.7441068202965875,1,0,0,anti_homophones
37793,gong3ji1,8,-5.662014367502659,2,5.662014367502659,1,0,5,anti_homophones
37794,zhong3de5,9,-5.978297275175863,2,5.978297275175863,1,0,0,anti_homophones
37795,lQ3hu3,6,-5.136920012786505,2,5.136920012786505,1,0,10,anti_homophones
37796,yV2qu4,6,-5.558194632112094,2,5.558194632112094,1,0,5,anti_homophones
37797,dan1de2,7,-6.072233724934683,2,6.072233724934683,1,0,0,anti_homophones
37798,pQ4cha1,7,-6.8783177943909575,2,6.8783177943909575,1,0,1,anti_homophones
37799,ji4jW4,6,-6.047250191190425,2,6.047250191190425,1,0,3,anti_homophones
37800,zhi4yi4,7,-5.171540284065272,2,5.171540284065272,1,0,12,anti_homophones
37801,tQ2ren2,7,-5.2511017102616755,2,5.2511017102616755,1,0,5,anti_homophones
37802,ting3zhi2,9,-6.67535541294264,2,6.67535541294264,1,0,1,anti_homophones
37803,zUn3yu4,7,-7.57394390311153,2,7.57394390311153,1,0,1,anti_homophones
37804,ru2qW2,6,-6.717333898876941,2,6.717333898876941,1,0,0,anti_homophones
37805,qu3jLn1,7,-6.240445020072667,2,6.240445020072667,1,0,1,anti_homophones
37806,wan4gang1,9,-7.25634274491896,2,7.25634274491896,1,0,0,anti_homophones
37807,min2xLn4,8,-6.1408128920028995,2,6.1408128920028995,1,0,2,anti_homophones
37808,yQ4pQ4,6,-5.234877697211439,2,5.234877697211439,1,0,1,anti_homophones
37809,chi2gong1,9,-6.440866932571818,2,6.440866932571818,1,0,0,anti_homophones
37810,tong4zhe3,9,-5.776968619107407,2,5.776968619107407,1,0,2,anti_homophones
37811,sUn4yan4,8,-7.037203350558801,2,7.037203350558801,1,0,0,anti_homophones
37812,tong1tLn1,9,-5.671002302238237,2,5.671002302238237,1,0,0,anti_homophones
37813,er3dun4,7,-8.119674558963583,2,8.119674558963583,1,0,1,anti_homophones
37814,tang1qLn1,9,-6.961257864344029,2,6.961257864344029,1,0,0,anti_homophones
37815,xLn4xing2,9,-5.490101800571606,2,5.490101800571606,1,0,8,anti_homophones
37816,sheng3yC1,9,-6.486702296483246,2,6.486702296483246,1,0,1,anti_homophones
37817,man4bing2,9,-6.424843866333495,2,6.424843866333495,1,0,1,anti_homophones
37818,yi1sa3,6,-5.807674812589498,2,5.807674812589498,1,0,3,anti_homophones
37819,jYu1,4,-7.740781684352847,2,7.740781684352847,1,0,1,anti_homophones
37820,mu4yUn4,7,-5.684863457881422,2,5.684863457881422,1,0,4,anti_homophones
37821,shu1dQ4,7,-5.782903611413277,2,5.782903611413277,1,0,1,anti_homophones
37822,qing1dan4,9,-6.110875475547562,2,6.110875475547562,1,0,1,anti_homophones
37823,zhu3dLn4,8,-5.731257581888742,2,5.731257581888742,1,0,1,anti_homophones
37824,A1sha1,6,-6.370730557019852,2,6.370730557019852,1,0,1,anti_homophones
37825,yan2zhong3,10,-6.333018063358633,2,6.333018063358633,1,0,2,anti_homophones
37826,ke3an4,6,-6.222109016781384,2,6.222109016781384,1,0,0,anti_homophones
37827,yV4she4,7,-5.988703967320184,2,5.988703967320184,1,0,3,anti_homophones
37828,gQ1chan1,8,-6.099638439010094,2,6.099638439010094,1,0,1,anti_homophones
37829,jing2ren4,9,-5.740471275649482,2,5.740471275649482,1,0,2,anti_homophones
37830,qin1gang3,9,-6.950824336654885,2,6.950824336654885,1,0,0,anti_homophones
37831,yQ2qK2,6,-5.642227511660211,2,5.642227511660211,1,0,2,anti_homophones
37832,zO3qun2,7,-6.7302132309050045,2,6.7302132309050045,1,0,1,anti_homophones
37833,le4tang2,8,-6.685115414375967,2,6.685115414375967,1,0,1,anti_homophones
37834,mi2xi2,6,-6.30499594250784,2,6.30499594250784,1,0,1,anti_homophones
37835,ben4lM4,7,-7.299139791804735,2,7.299139791804735,1,0,0,anti_homophones
37836,ting4hP4,8,-6.947964809166552,2,6.947964809166552,1,0,2,anti_homophones
37837,ce4yi4,6,-5.499053297727733,2,5.499053297727733,1,0,7,anti_homophones
37838,nQ3shang1,9,-6.705026134665645,2,6.705026134665645,1,0,2,anti_homophones
37839,bu4wang4,8,-5.758406588822459,2,5.758406588822459,1,0,4,anti_homophones
37840,gUng1xi4,8,-6.262095389857458,2,6.262095389857458,1,0,1,anti_homophones
37841,fE1xLng4,8,-5.640788022989575,2,5.640788022989575,1,0,2,anti_homophones
37842,leng1wang2,10,-6.758882794344145,2,6.758882794344145,1,0,2,anti_homophones
37843,li4bW3,6,-5.645926355105418,2,5.645926355105418,1,0,7,anti_homophones
37844,qLng3nUn3,9,-7.036570286278879,2,7.036570286278879,1,0,0,anti_homophones
37845,tang1hU4,8,-6.162605662124455,2,6.162605662124455,1,0,1,anti_homophones
37846,nan4hU4,7,-5.7273133028744505,2,5.7273133028744505,1,0,6,anti_homophones
37847,bA2mi4,6,-5.772527684980573,2,5.772527684980573,1,0,4,anti_homophones
37848,wE1feng1,8,-5.586008694035457,2,5.586008694035457,1,0,0,anti_homophones
37849,ya3sUn4,7,-7.064362737657868,2,7.064362737657868,1,0,0,anti_homophones
37850,chI2dQ4,7,-5.7886367669137675,2,5.7886367669137675,1,0,2,anti_homophones
37851,du4li3,6,-6.358916469162488,2,6.358916469162488,1,0,4,anti_homophones
37852,zhen2ding1,10,-7.1446463676165015,2,7.1446463676165015,1,0,0,anti_homophones
37853,hQ3mE4,6,-6.289968323813507,2,6.289968323813507,1,0,2,anti_homophones
37854,zI3bi3,6,-6.447782879829676,2,6.447782879829676,1,0,0,anti_homophones
37855,chan4shi1,9,-6.045011509981622,2,6.045011509981622,1,0,3,anti_homophones
37856,qi2yi4,6,-5.204954655420751,2,5.204954655420751,1,0,3,anti_homophones
37857,ying2ling2,10,-6.5350328138066835,2,6.5350328138066835,1,0,3,anti_homophones
37858,wu3mu3,6,-5.6007927878281345,2,5.6007927878281345,1,0,4,anti_homophones
37859,pin3hE4,7,-8.210667012885674,2,8.210667012885674,1,0,3,anti_homophones
37860,yong1yi2,8,-6.4501661774230845,2,6.4501661774230845,1,0,1,anti_homophones
37861,qi3zeng1,8,-7.062044737901426,2,7.062044737901426,1,0,2,anti_homophones
37862,hUng1kUng4,10,-6.790892176958534,2,6.790892176958534,1,0,0,anti_homophones
37863,bA4tV4,6,-6.995568112870626,2,6.995568112870626,1,0,1,anti_homophones
37864,bi4ma4,6,-5.895338588607194,2,5.895338588607194,1,0,3,anti_homophones
37865,zhV2cO4,7,-6.73124772201165,2,6.73124772201165,1,0,0,anti_homophones
37866,ri4ji1,6,-5.426453009285587,2,5.426453009285587,1,0,8,anti_homophones
37867,xW3hu2,6,-5.876261671085826,2,5.876261671085826,1,0,6,anti_homophones
37868,hong4zhA4,9,-7.089725378352493,2,7.089725378352493,1,0,0,anti_homophones
37869,xW1shI4,7,-5.8132316854975965,2,5.8132316854975965,1,0,7,anti_homophones
37870,ben3ping5,9,-8.030590604179165,2,8.030590604179165,1,0,0,anti_homophones
37871,kong1zu2,8,-6.42687802782183,2,6.42687802782183,1,0,1,anti_homophones
37872,gI1ju4,6,-5.843500048135405,2,5.843500048135405,1,0,1,anti_homophones
37873,xW3qW3,6,-5.26130842560059,2,5.26130842560059,1,0,5,anti_homophones
37874,ni2lv2,6,-7.263169824145708,2,7.263169824145708,1,0,1,anti_homophones
37875,bQ3hun1,7,-5.670028507318909,2,5.670028507318909,1,0,3,anti_homophones
37876,shi2ju1,7,-5.909510965281543,2,5.909510965281543,1,0,3,anti_homophones
37877,su4cha2,7,-6.3304393571799045,2,6.3304393571799045,1,0,3,anti_homophones
37878,zO4lang1,8,-7.204443553500728,2,7.204443553500728,1,0,2,anti_homophones
37879,mQ1nan3,7,-8.351116669474687,2,8.351116669474687,1,0,0,anti_homophones
37880,qi3yi1,6,-5.77659034490968,2,5.77659034490968,1,0,8,anti_homophones
37881,tLn1zhi2,8,-5.538266929892007,2,5.538266929892007,1,0,3,anti_homophones
37882,gu4zI3,6,-6.567937836666846,2,6.567937836666846,1,0,1,anti_homophones
37883,yong1ru4,8,-6.411170740029156,2,6.411170740029156,1,0,3,anti_homophones
37884,chang1cang2,11,-7.2600461618307035,2,7.2600461618307035,1,0,0,anti_homophones
37885,tM3jM5,6,-7.946360161266201,2,7.946360161266201,1,0,0,anti_homophones
37886,bM1ji1,6,-7.264010954359416,2,7.264010954359416,1,0,1,anti_homophones
37887,lQ2ke4,6,-5.731541742353454,2,5.731541742353454,1,0,4,anti_homophones
37888,xK1xi1,6,-5.38308758556303,2,5.38308758556303,1,0,3,anti_homophones
37889,fu4xin1,7,-5.111804849341108,2,5.111804849341108,1,0,2,anti_homophones
37890,zV3ma5,6,-6.608770752520506,2,6.608770752520506,1,0,1,anti_homophones
37891,chu2gI4,7,-6.51795755724649,2,6.51795755724649,1,0,2,anti_homophones
37892,wan1chu4,8,-7.167217219264154,2,7.167217219264154,1,0,1,anti_homophones
37893,bQ3qi4,6,-5.08968500048515,2,5.08968500048515,1,0,5,anti_homophones
37894,nong4dong2,10,-7.547931031580705,2,7.547931031580705,1,0,0,anti_homophones
37895,tong1qi1,8,-5.541721654616436,2,5.541721654616436,1,0,6,anti_homophones
37896,da4za2,6,-5.449934483367583,2,5.449934483367583,1,0,4,anti_homophones
37897,ni2lK2,6,-5.533226845785549,2,5.533226845785549,1,0,3,anti_homophones
37898,jK4pA2,6,-5.753843598320635,2,5.753843598320635,1,0,2,anti_homophones
37899,xu4fan2,7,-6.8365489837209825,2,6.8365489837209825,1,0,0,anti_homophones
37900,shQ1dUn1,8,-7.016787999550495,2,7.016787999550495,1,0,1,anti_homophones
37901,ping2ya1,8,-6.512299060070056,2,6.512299060070056,1,0,0,anti_homophones
37902,dong2cun1,9,-7.177535996445359,2,7.177535996445359,1,0,0,anti_homophones
37903,cA1che1,7,-5.925800104291211,2,5.925800104291211,1,0,2,anti_homophones
37904,rUn3wen2,8,-6.456425903061418,2,6.456425903061418,1,0,0,anti_homophones
37905,zeng1lM4,8,-6.578120786046579,2,6.578120786046579,1,0,1,anti_homophones
37906,jW4lE4,6,-5.9192238588525825,2,5.9192238588525825,1,0,3,anti_homophones
37907,fa1she4,7,-5.5127779497205,2,5.5127779497205,1,0,3,anti_homophones
37908,shO1shV3,8,-5.9804749102822115,2,5.9804749102822115,1,0,3,anti_homophones
37909,neng1dan4,9,-6.902167670237365,2,6.902167670237365,1,0,1,anti_homophones
37910,ye3nQ3,6,-6.243167826955713,2,6.243167826955713,1,0,3,anti_homophones
37911,xLn4zhUn4,9,-6.298169678718574,2,6.298169678718574,1,0,1,anti_homophones
37912,nQ3fa3,6,-6.15929861987481,2,6.15929861987481,1,0,2,anti_homophones
37913,yi4zI4,6,-6.30243373629928,2,6.30243373629928,1,0,3,anti_homophones
37914,ji1fan4,7,-5.661073237405623,2,5.661073237405623,1,0,8,anti_homophones
37915,kU4di4,6,-6.406382310818518,2,6.406382310818518,1,0,1,anti_homophones
37916,da4wu4,6,-4.6813768530113045,2,4.6813768530113045,1,0,11,anti_homophones
37917,si1yang3,8,-6.0442132793563,2,6.0442132793563,1,0,1,anti_homophones
37918,leng4yu3,8,-6.606899400348814,2,6.606899400348814,1,0,1,anti_homophones
37919,wE2dang4,8,-6.73619572263666,2,6.73619572263666,1,0,1,anti_homophones
37920,fE1feng4,8,-5.526793866811196,2,5.526793866811196,1,0,0,anti_homophones
37921,zQ3qLn1,7,-6.560261400369414,2,6.560261400369414,1,0,2,anti_homophones
37922,li3feng4,8,-6.309828739706412,2,6.309828739706412,1,0,1,anti_homophones
37923,jK3gO1,6,-7.363674275157583,2,7.363674275157583,1,0,0,anti_homophones
37924,yV2wen2,7,-5.453242166973354,2,5.453242166973354,1,0,2,anti_homophones
37925,bu4shO1,7,-5.600248220598711,2,5.600248220598711,1,0,2,anti_homophones
37926,shV1can2,8,-5.880260543820764,2,5.880260543820764,1,0,2,anti_homophones
37927,lE2jK4,6,-7.198071852251264,2,7.198071852251264,1,0,0,anti_homophones
37928,xing4hO4,8,-5.92624203440098,2,5.92624203440098,1,0,4,anti_homophones
37929,fu3shV4,7,-6.109607191674891,2,6.109607191674891,1,0,2,anti_homophones
37930,pW3xing4,8,-6.269086009326376,2,6.269086009326376,1,0,1,anti_homophones
37931,yi4chI2,7,-6.906869619382428,2,6.906869619382428,1,0,0,anti_homophones
37932,zhu4ji1,7,-5.281214332065166,2,5.281214332065166,1,0,9,anti_homophones
37933,bA2yong4,8,-7.067988984631775,2,7.067988984631775,1,0,0,anti_homophones
37934,xL4zhu3,7,-6.093400491837191,2,6.093400491837191,1,0,2,anti_homophones
37935,wang3shi3,9,-6.3757027374198465,2,6.3757027374198465,1,0,1,anti_homophones
37936,yong1ban4,9,-6.2549860620453295,2,6.2549860620453295,1,0,0,anti_homophones
37937,qLng4ju2,8,-6.083324198451268,2,6.083324198451268,1,0,1,anti_homophones
37938,zhu3wan2,8,-6.669028338442772,2,6.669028338442772,1,0,2,anti_homophones
37939,yi1xLng3,8,-5.310862465165979,2,5.310862465165979,1,0,4,anti_homophones
37940,ting3jK3,8,-6.886763298093821,2,6.886763298093821,1,0,0,anti_homophones
37941,fen1wA4,7,-6.386836843654411,2,6.386836843654411,1,0,1,anti_homophones
37942,nong2pA2,8,-6.854750862178884,2,6.854750862178884,1,0,0,anti_homophones
37943,hang2gI1,8,-6.223481601110765,2,6.223481601110765,1,0,2,anti_homophones
37944,qLn1si1,7,-5.836369499404036,2,5.836369499404036,1,0,4,anti_homophones
37945,xW1shu2,7,-6.203344537009858,2,6.203344537009858,1,0,1,anti_homophones
37946,ying3lA2,8,-6.280019801687768,2,6.280019801687768,1,0,0,anti_homophones
37947,sang2xing1,10,-6.868886979024019,2,6.868886979024019,1,0,2,anti_homophones
37948,chUng1xW1,9,-6.573829810659074,2,6.573829810659074,1,0,0,anti_homophones
37949,pen1shi4,8,-5.7533034569594355,2,5.7533034569594355,1,0,2,anti_homophones
37950,wan4shi2,8,-5.667496170869639,2,5.667496170869639,1,0,3,anti_homophones
37951,qi4yang4,8,-6.359359788724396,2,6.359359788724396,1,0,4,anti_homophones
37952,re4zO4,6,-6.359767694825775,2,6.359767694825775,1,0,4,anti_homophones
37953,pu2pW4,6,-6.384584914596088,2,6.384584914596088,1,0,0,anti_homophones
37954,xC4he4,6,-6.504612916110864,2,6.504612916110864,1,0,3,anti_homophones
37955,xLn4shen2,9,-6.004704212426888,2,6.004704212426888,1,0,4,anti_homophones
37956,kun4zhan3,9,-7.158312114478578,2,7.158312114478578,1,0,0,anti_homophones
37957,mo4neng2,8,-6.108070588072974,2,6.108070588072974,1,0,1,anti_homophones
37958,mE3yi4,6,-5.179435409890469,2,5.179435409890469,1,0,4,anti_homophones
37959,dQ3tang2,8,-6.440538530359999,2,6.440538530359999,1,0,0,anti_homophones
37960,ting4ping1,10,-7.016588435896334,2,7.016588435896334,1,0,0,anti_homophones
37961,qM4fang3,8,-6.708322832900433,2,6.708322832900433,1,0,0,anti_homophones
37962,zhan4sO3,8,-6.1322237951942915,2,6.1322237951942915,1,0,1,anti_homophones
37963,yong1xYng1,10,-6.5411946644544114,2,6.5411946644544114,1,0,1,anti_homophones
37964,wu4qLn2,7,-6.087857944636713,2,6.087857944636713,1,0,3,anti_homophones
37965,shi3ren2,8,-5.42386723692636,2,5.42386723692636,1,0,4,anti_homophones
37966,kong4du4,8,-6.060157618714639,2,6.060157618714639,1,0,2,anti_homophones
37967,jW4fu2,6,-5.551017339828176,2,5.551017339828176,1,0,5,anti_homophones
37968,lQ3yin1,7,-5.94845462944838,2,5.94845462944838,1,0,1,anti_homophones
37969,fE4ping1,8,-6.293778139796977,2,6.293778139796977,1,0,0,anti_homophones
37970,xi3xi4,6,-5.975390634795745,2,5.975390634795745,1,0,6,anti_homophones
37971,dong4su4,8,-6.183583475546264,2,6.183583475546264,1,0,2,anti_homophones
37972,gQ1tA2,6,-5.645365414259215,2,5.645365414259215,1,0,1,anti_homophones
37973,zheng4tI3,9,-7.196859329561844,2,7.196859329561844,1,0,0,anti_homophones
37974,shV3sO3,7,-5.275155843539749,2,5.275155843539749,1,0,1,anti_homophones
37975,mE2lM4,6,-6.145171307634647,2,6.145171307634647,1,0,2,anti_homophones
37976,chUn4qi4,8,-5.504516645832239,2,5.504516645832239,1,0,3,anti_homophones
37977,nK3zhu2,7,-7.405649011676944,2,7.405649011676944,1,0,0,anti_homophones
37978,fE2dLn3,7,-6.632388857421977,2,6.632388857421977,1,0,0,anti_homophones
37979,qing2shen1,10,-6.062782947969086,2,6.062782947969086,1,0,1,anti_homophones
37980,hI2hU4,6,-5.394942573006187,2,5.394942573006187,1,0,7,anti_homophones
37981,qLng1hU4,8,-5.8120987234435235,2,5.8120987234435235,1,0,1,anti_homophones
37982,xun2zi5,7,-5.339883660799008,2,5.339883660799008,1,0,2,anti_homophones
37983,hO4lUn2,7,-6.836373413223502,2,6.836373413223502,1,0,0,anti_homophones
37984,jing1chu1,9,-5.973897279751615,2,5.973897279751615,1,0,0,anti_homophones
37985,ting3hI4,8,-6.382555830970373,2,6.382555830970373,1,0,1,anti_homophones
37986,lLng4A4,7,-6.016596251462773,2,6.016596251462773,1,0,2,anti_homophones
37987,xun2tong2,9,-6.555939062762766,2,6.555939062762766,1,0,1,anti_homophones
37988,zhi4tong2,9,-6.146067334056367,2,6.146067334056367,1,0,2,anti_homophones
37989,zhan3zhu4,9,-6.437889203680211,2,6.437889203680211,1,0,2,anti_homophones
37990,xC4po4,6,-5.94592344489955,2,5.94592344489955,1,0,5,anti_homophones
37991,gUng4wu4,8,-6.152846893645549,2,6.152846893645549,1,0,2,anti_homophones
37992,te4zhUng2,9,-6.5516491487846436,2,6.5516491487846436,1,0,1,anti_homophones
37993,jLn1zhe3,8,-5.466513000882512,2,5.466513000882512,1,0,5,anti_homophones
37994,fen1de2,7,-6.05158826833077,2,6.05158826833077,1,0,0,anti_homophones
37995,ci2qUn2,7,-5.870965560135542,2,5.870965560135542,1,0,2,anti_homophones
37996,jL3hO4,6,-5.579281743114641,2,5.579281743114641,1,0,1,anti_homophones
37997,dW1lLn4,7,-6.059961870000167,2,6.059961870000167,1,0,0,anti_homophones
37998,jLn4qin2,8,-6.507916698032962,2,6.507916698032962,1,0,1,anti_homophones
37999,xC2pin3,7,-6.1432865633158364,2,6.1432865633158364,1,0,0,anti_homophones
38000,ku1lLng1,8,-6.451930250849161,2,6.451930250849161,1,0,1,anti_homophones
38001,ban3dI1,7,-6.798161471926125,2,6.798161471926125,1,0,0,anti_homophones
38002,jing1ying1,10,-6.304455561178316,2,6.304455561178316,1,0,1,anti_homophones
38003,tV2jing2,8,-5.927512126076759,2,5.927512126076759,1,0,2,anti_homophones
38004,can2kA1,7,-6.738102636362624,2,6.738102636362624,1,0,0,anti_homophones
38005,zhu4zhe3,8,-5.510418311676392,2,5.510418311676392,1,0,3,anti_homophones
38006,hong1cA3,8,-6.670684388201345,2,6.670684388201345,1,0,0,anti_homophones
38007,tI1jLn3,7,-5.820744381700663,2,5.820744381700663,1,0,0,anti_homophones
38008,xun4nE3,7,-7.276728187737438,2,7.276728187737438,1,0,0,anti_homophones
38009,ge4gO2,6,-6.728795822061898,2,6.728795822061898,1,0,2,anti_homophones
38010,zhan4shen1,10,-6.418082867916763,2,6.418082867916763,1,0,0,anti_homophones
38011,zhi3zhi3,8,-5.590959287208226,2,5.590959287208226,1,0,2,anti_homophones
38012,bA3ban4,7,-5.561704040153472,2,5.561704040153472,1,0,4,anti_homophones
38013,jW3bLn4,7,-5.36745134132664,2,5.36745134132664,1,0,1,anti_homophones
38014,bin1chUng4,10,-7.312685229554884,2,7.312685229554884,1,0,0,anti_homophones
38015,gO2yC1,6,-5.971243032540539,2,5.971243032540539,1,0,0,anti_homophones
38016,fu3shang2,9,-6.210502145470156,2,6.210502145470156,1,0,2,anti_homophones
38017,gang4ju2,8,-6.4748211628879435,2,6.4748211628879435,1,0,2,anti_homophones
38018,hU4shi4,7,-5.06906638138418,2,5.06906638138418,1,0,5,anti_homophones
38019,shV3gUng2,9,-6.521543580799294,2,6.521543580799294,1,0,1,anti_homophones
38020,ran2jUn4,8,-7.807623095450074,2,7.807623095450074,1,0,1,anti_homophones
38021,zhen1sI4,8,-6.17416140300775,2,6.17416140300775,1,0,1,anti_homophones
38022,bu4zi3,6,-5.2897176296431425,2,5.2897176296431425,1,0,8,anti_homophones
38023,yi2ti3,6,-5.37648659964159,2,5.37648659964159,1,0,7,anti_homophones
38024,ren2men2,8,-5.436674509352612,2,5.436674509352612,1,0,3,anti_homophones
38025,shen1zhO1,9,-6.351915308851308,2,6.351915308851308,1,0,0,anti_homophones
38026,tI1e2,5,-5.103585821202329,2,5.103585821202329,1,0,1,anti_homophones
38027,jin1xLng1,9,-5.737862114063437,2,5.737862114063437,1,0,2,anti_homophones
38028,da2lV3,6,-7.245087352058671,2,7.245087352058671,1,0,0,anti_homophones
38029,wen4dQ4,7,-5.992691830030024,2,5.992691830030024,1,0,2,anti_homophones
38030,ban4kA1,7,-6.4774063873482,2,6.4774063873482,1,0,0,anti_homophones
38031,ban3shi2,8,-5.572309566989408,2,5.572309566989408,1,0,4,anti_homophones
38032,he2yC1,6,-5.9997151693719655,2,5.9997151693719655,1,0,2,anti_homophones
38033,ni2shI3,7,-5.897734302324961,2,5.897734302324961,1,0,2,anti_homophones
38034,deng1shV3,9,-5.996955042668565,2,5.996955042668565,1,0,1,anti_homophones
38035,che1jing4,9,-6.153006320245531,2,6.153006320245531,1,0,0,anti_homophones
38036,lang1lLn3,9,-7.530685197484989,2,7.530685197484989,1,0,0,anti_homophones
38037,gO4er2,6,-5.81227987834386,2,5.81227987834386,1,0,2,anti_homophones
38038,te4shI3,7,-5.636893477191749,2,5.636893477191749,1,0,1,anti_homophones
38039,jin3qi4,7,-5.720713854447967,2,5.720713854447967,1,0,4,anti_homophones
38040,kU4wE4,6,-7.475869630010364,2,7.475869630010364,1,0,2,anti_homophones
38041,gI4bQ1,6,-6.07488475748851,2,6.07488475748851,1,0,1,anti_homophones
38042,cQ3de5,6,-6.012623686060937,2,6.012623686060937,1,0,2,anti_homophones
38043,gQ4xi1,6,-6.92944840779272,2,6.92944840779272,1,0,2,anti_homophones
38044,bA2lin2,7,-6.323299151422467,2,6.323299151422467,1,0,0,anti_homophones
38045,tong2jL1,8,-5.594770012719669,2,5.594770012719669,1,0,7,anti_homophones
38046,chu2lE4,7,-5.62889166953098,2,5.62889166953098,1,0,2,anti_homophones
38047,xin1yin3,8,-5.782406679412445,2,5.782406679412445,1,0,2,anti_homophones
38048,jW3jM4,6,-5.8056534121162775,2,5.8056534121162775,1,0,5,anti_homophones
38049,qing4song4,10,-6.6294549621282375,2,6.6294549621282375,1,0,1,anti_homophones
38050,yin1shO1,8,-6.357444290936169,2,6.357444290936169,1,0,2,anti_homophones
38051,ni1zhi3,7,-6.535527213195415,2,6.535527213195415,1,0,2,anti_homophones
38052,lin2ji1,7,-5.434651449322241,2,5.434651449322241,1,0,6,anti_homophones
38053,hu1hQ3,6,-6.879485528897853,2,6.879485528897853,1,0,1,anti_homophones
38054,zhan1mE3,8,-7.150518946451493,2,7.150518946451493,1,0,1,anti_homophones
38055,zhu3ze2,7,-7.210014939616259,2,7.210014939616259,1,0,0,anti_homophones
38056,zeng1ye4,8,-5.99155363338154,2,5.99155363338154,1,0,4,anti_homophones
38057,da4bo1,6,-5.388429790798855,2,5.388429790798855,1,0,5,anti_homophones
38058,hO3gO3,6,-6.08468845358053,2,6.08468845358053,1,0,2,anti_homophones
38059,jW1gong2,8,-5.968112529256885,2,5.968112529256885,1,0,2,anti_homophones
38060,heng1gUn1,9,-6.494888288520577,2,6.494888288520577,1,0,2,anti_homophones
38061,xi1ci2,6,-5.776203125842584,2,5.776203125842584,1,0,4,anti_homophones
38062,dong4dLn3,9,-6.250175385453903,2,6.250175385453903,1,0,1,anti_homophones
38063,xLng2hun4,9,-6.661484087025963,2,6.661484087025963,1,0,0,anti_homophones
38064,yu4yu3,6,-5.574828156380269,2,5.574828156380269,1,0,6,anti_homophones
38065,chQ2se4,7,-5.4230358387750845,2,5.4230358387750845,1,0,2,anti_homophones
38066,xM1hV4,6,-6.325263678145786,2,6.325263678145786,1,0,2,anti_homophones
38067,zhang3she2,10,-7.207064329687979,2,7.207064329687979,1,0,1,anti_homophones
38068,jing2pW4,8,-5.906570977117518,2,5.906570977117518,1,0,2,anti_homophones
38069,lE4shV1,7,-7.0432283069571735,2,7.0432283069571735,1,0,1,anti_homophones
38070,xL4bing1,8,-6.277992160909021,2,6.277992160909021,1,0,2,anti_homophones
38071,dA4ming4,8,-6.090393887956587,2,6.090393887956587,1,0,0,anti_homophones
38072,fu2zhu3,7,-6.042794262919232,2,6.042794262919232,1,0,1,anti_homophones
38073,nE4chong1,9,-6.6623240843809155,2,6.6623240843809155,1,0,0,anti_homophones
38074,ji3pA4,6,-5.9369100304064,2,5.9369100304064,1,0,6,anti_homophones
38075,di4xin1,7,-5.333067975817241,2,5.333067975817241,1,0,6,anti_homophones
38076,nW3qi4,6,-5.725423853431854,2,5.725423853431854,1,0,5,anti_homophones
38077,nA3lO4,6,-6.072041209580485,2,6.072041209580485,1,0,1,anti_homophones
38078,lu4yi4,6,-5.330984143711418,2,5.330984143711418,1,0,10,anti_homophones
38079,zhong4xLn4,10,-5.610616799783949,2,5.610616799783949,1,0,5,anti_homophones
38080,de5fang4,8,-6.961300020281452,2,6.961300020281452,1,0,0,anti_homophones
38081,bu4shi1,7,-5.204399958141644,2,5.204399958141644,1,0,8,anti_homophones
38082,si1fa1,6,-5.583023109116885,2,5.583023109116885,1,0,2,anti_homophones
38083,A4hQ4,5,-5.462978070186083,2,5.462978070186083,1,0,6,anti_homophones
38084,yan1lv4,7,-6.487555273411815,2,6.487555273411815,1,0,2,anti_homophones
38085,ye3tUn2,7,-5.81424897408098,2,5.81424897408098,1,0,0,anti_homophones
38086,tLn1yin3,8,-6.0376151954947135,2,6.0376151954947135,1,0,1,anti_homophones
38087,zong1xLn4,9,-5.8943783018736955,2,5.8943783018736955,1,0,2,anti_homophones
38088,tong3xLn4,9,-6.122290970731461,2,6.122290970731461,1,0,1,anti_homophones
38089,hA3ju1,6,-6.4038947866718265,2,6.4038947866718265,1,0,1,anti_homophones
38090,wE2jing1,8,-6.051786485714142,2,6.051786485714142,1,0,1,anti_homophones
38091,hO3tV2,6,-5.417083153494961,2,5.417083153494961,1,0,5,anti_homophones
38092,man2hQ3,7,-7.498727270287054,2,7.498727270287054,1,0,0,anti_homophones
38093,qK1yUn2,7,-5.616842909171545,2,5.616842909171545,1,0,1,anti_homophones
38094,zhong1hU4,9,-5.3707285299802825,2,5.3707285299802825,1,0,1,anti_homophones
38095,zu3zhu4,7,-5.459576991294845,2,5.459576991294845,1,0,3,anti_homophones
38096,wen1xing1,9,-6.3072401086455745,2,6.3072401086455745,1,0,2,anti_homophones
38097,dLn3chV4,8,-7.211855152207634,2,7.211855152207634,1,0,1,anti_homophones
38098,bQ3hA4,6,-5.582387901481134,2,5.582387901481134,1,0,6,anti_homophones
38099,ran2hang3,9,-6.966302411410925,2,6.966302411410925,1,0,0,anti_homophones
38100,shu1xW3,7,-6.560723641371481,2,6.560723641371481,1,0,1,anti_homophones
38101,dong1su4,8,-5.810224072909941,2,5.810224072909941,1,0,5,anti_homophones
38102,bing4tQ4,8,-6.973743787080281,2,6.973743787080281,1,0,0,anti_homophones
38103,shu4mu4,7,-5.517794435013335,2,5.517794435013335,1,0,5,anti_homophones
38104,e4zhQ3,6,-6.893119107033019,2,6.893119107033019,1,0,1,anti_homophones
38105,bLn1zong1,9,-6.984276558350424,2,6.984276558350424,1,0,0,anti_homophones
38106,feng1tM1,8,-6.458671015216561,2,6.458671015216561,1,0,1,anti_homophones
38107,zQ3zhu4,7,-6.44862822855081,2,6.44862822855081,1,0,2,anti_homophones
38108,A4ce4,5,-6.099024331885837,2,6.099024331885837,1,0,5,anti_homophones
38109,bQ4chang4,9,-6.285335841743608,2,6.285335841743608,1,0,5,anti_homophones
38110,wu3tong1,8,-5.641785257886834,2,5.641785257886834,1,0,3,anti_homophones
38111,chu1hun4,8,-5.617873709288278,2,5.617873709288278,1,0,2,anti_homophones
38112,bQ1bang3,8,-6.96123256804261,2,6.96123256804261,1,0,0,anti_homophones
38113,kUn3jW3,7,-6.400334486317359,2,6.400334486317359,1,0,1,anti_homophones
38114,shi1qing4,9,-5.940463844608609,2,5.940463844608609,1,0,2,anti_homophones
38115,dO3xLng3,8,-6.6451267263290665,2,6.6451267263290665,1,0,0,anti_homophones
38116,san1wen2,8,-5.737517835715617,2,5.737517835715617,1,0,2,anti_homophones
38117,bu4yong2,8,-5.679758504131193,2,5.679758504131193,1,0,4,anti_homophones
38118,bLn4shUn1,9,-7.386652034019654,2,7.386652034019654,1,0,0,anti_homophones
38119,dan1gA4,7,-6.172886686590558,2,6.172886686590558,1,0,4,anti_homophones
38120,xK1hQ2,6,-6.060388875777973,2,6.060388875777973,1,0,1,anti_homophones
38121,pW1pe2,6,-7.823077749538355,2,7.823077749538355,1,0,0,anti_homophones
38122,feng2chQ2,9,-6.770095864998093,2,6.770095864998093,1,0,0,anti_homophones
38123,dong2xi4,8,-6.207383504009411,2,6.207383504009411,1,0,1,anti_homophones
38124,yC4su4,6,-6.53139133518534,2,6.53139133518534,1,0,7,anti_homophones
38125,ming1dQ3,8,-6.326369696599897,2,6.326369696599897,1,0,0,anti_homophones
38126,shen1ji5,8,-6.715910667686478,2,6.715910667686478,1,0,2,anti_homophones
38127,te4zhang4,9,-5.906509927271728,2,5.906509927271728,1,0,1,anti_homophones
38128,ren2wang2,9,-5.863593664202598,2,5.863593664202598,1,0,2,anti_homophones
38129,feng1su4,8,-5.547380232257643,2,5.547380232257643,1,0,7,anti_homophones
38130,jLn4jin4,8,-5.646953393486367,2,5.646953393486367,1,0,1,anti_homophones
38131,zhV1hI1,7,-6.833807761818821,2,6.833807761818821,1,0,0,anti_homophones
38132,bM2jM2,6,-6.5256227541304215,2,6.5256227541304215,1,0,0,anti_homophones
38133,jin1jun1,8,-5.8531604784915645,2,5.8531604784915645,1,0,2,anti_homophones
38134,yin4xi1,7,-6.15332872613234,2,6.15332872613234,1,0,4,anti_homophones
38135,jin4fa1,7,-6.013006842306388,2,6.013006842306388,1,0,1,anti_homophones
38136,wen2ding2,9,-6.547084203072213,2,6.547084203072213,1,0,2,anti_homophones
38137,di3xC4,6,-5.905971297304063,2,5.905971297304063,1,0,7,anti_homophones
38138,lK3bM2,6,-5.863097373248169,2,5.863097373248169,1,0,1,anti_homophones
38139,rong1lM4,8,-6.568075108819579,2,6.568075108819579,1,0,0,anti_homophones
38140,di4de5,6,-5.845145305210974,2,5.845145305210974,1,0,4,anti_homophones
38141,zhu3yang5,9,-7.304327269078559,2,7.304327269078559,1,0,0,anti_homophones
38142,qi4tA1,6,-6.67510377660868,2,6.67510377660868,1,0,1,anti_homophones
38143,tang2wen4,9,-6.804773665587906,2,6.804773665587906,1,0,0,anti_homophones
38144,dO1zQ4,6,-5.562893255815752,2,5.562893255815752,1,0,5,anti_homophones
38145,sheng2deng1,11,-6.160166286426678,2,6.160166286426678,1,0,0,anti_homophones
38146,dang1ge2,8,-6.932994783470678,2,6.932994783470678,1,0,0,anti_homophones
38147,bE4gUn1,7,-5.994927314837493,2,5.994927314837493,1,0,1,anti_homophones
38148,zan3deng1,9,-8.544379309087958,2,8.544379309087958,1,0,0,anti_homophones
38149,ding2zQ4,8,-6.5716578292089975,2,6.5716578292089975,1,0,0,anti_homophones
38150,xin1hV4,7,-5.628430792502107,2,5.628430792502107,1,0,5,anti_homophones
38151,cA3zhi2,7,-6.129840471026698,2,6.129840471026698,1,0,6,anti_homophones
38152,bA2tV2,6,-4.631590639356943,2,4.631590639356943,1,0,6,anti_homophones
38153,jM1shu4,7,-5.220632924514035,2,5.220632924514035,1,0,5,anti_homophones
38154,can1ying2,9,-6.276863021537438,2,6.276863021537438,1,0,3,anti_homophones
38155,ren2shi2,8,-5.41875977895328,2,5.41875977895328,1,0,4,anti_homophones
38156,chan4wen2,9,-6.135738833095532,2,6.135738833095532,1,0,1,anti_homophones
38157,bE4yin2,7,-6.601824834987178,2,6.601824834987178,1,0,0,anti_homophones
38158,mQ2dLn3,7,-7.048071801734408,2,7.048071801734408,1,0,0,anti_homophones
38159,dLn1dV4,7,-7.161805421447667,2,7.161805421447667,1,0,3,anti_homophones
38160,bE4pin3,7,-5.774524567106181,2,5.774524567106181,1,0,0,anti_homophones
38161,jK3qUn1,7,-6.003073745176323,2,6.003073745176323,1,0,1,anti_homophones
38162,hUng2chUng1,11,-6.865232241041617,2,6.865232241041617,1,0,0,anti_homophones
38163,mu4gA1,6,-6.806265229823233,2,6.806265229823233,1,0,2,anti_homophones
38164,yV2yun2,7,-5.898524633721456,2,5.898524633721456,1,0,1,anti_homophones
38165,shang2nang2,11,-7.5753437926778515,2,7.5753437926778515,1,0,0,anti_homophones
38166,zI4ju1,6,-6.588582956664604,2,6.588582956664604,1,0,2,anti_homophones
38167,wu1yu2,6,-5.434432685562488,2,5.434432685562488,1,0,4,anti_homophones
38168,xW1sA1,6,-6.505173053413205,2,6.505173053413205,1,0,0,anti_homophones
38169,jW1hUng2,8,-5.837023323399107,2,5.837023323399107,1,0,3,anti_homophones
38170,shan1jLng1,10,-6.769319117399871,2,6.769319117399871,1,0,0,anti_homophones
38171,bing2yu2,8,-5.90340702219127,2,5.90340702219127,1,0,2,anti_homophones
38172,dA4yUn2,7,-5.428825518924924,2,5.428825518924924,1,0,9,anti_homophones
38173,gu4xM4,6,-6.755953445190209,2,6.755953445190209,1,0,3,anti_homophones
38174,cong4qi4,8,-5.881845967852069,2,5.881845967852069,1,0,6,anti_homophones
38175,yan1xin1,8,-5.896747996701766,2,5.896747996701766,1,0,3,anti_homophones
38176,chu4dUn4,8,-6.544954425838283,2,6.544954425838283,1,0,0,anti_homophones
38177,ang2ying4,9,-7.763427208066108,2,7.763427208066108,1,0,0,anti_homophones
38178,ku4du4,6,-6.393537713306812,2,6.393537713306812,1,0,3,anti_homophones
38179,tu1jin1,7,-5.894451672257483,2,5.894451672257483,1,0,2,anti_homophones
38180,da2li4,6,-5.520656410352954,2,5.520656410352954,1,0,7,anti_homophones
38181,shan3dan1,9,-6.617546245293455,2,6.617546245293455,1,0,1,anti_homophones
38182,ma4gen1,7,-8.688728950805448,2,8.688728950805448,1,0,1,anti_homophones
38183,ban4fu2,7,-6.148000085387643,2,6.148000085387643,1,0,4,anti_homophones
38184,hUn2kV3,7,-6.742705309729207,2,6.742705309729207,1,0,0,anti_homophones
38185,tV2hun4,7,-6.323411915813846,2,6.323411915813846,1,0,0,anti_homophones
38186,lQ3xin1,7,-5.383911937037927,2,5.383911937037927,1,0,4,anti_homophones
38187,Q4qi2,5,-6.63669319481699,2,6.63669319481699,1,0,0,anti_homophones
38188,ju1wE3,6,-6.36917846282867,2,6.36917846282867,1,0,2,anti_homophones
38189,che1gong1,9,-5.703975602639943,2,5.703975602639943,1,0,0,anti_homophones
38190,kan4zi3,7,-6.064890973018451,2,6.064890973018451,1,0,4,anti_homophones
38191,zhUng1fu2,9,-5.968298703111727,2,5.968298703111727,1,0,3,anti_homophones
38192,jM1chan4,8,-5.932845291060848,2,5.932845291060848,1,0,3,anti_homophones
38193,shQ4li4,7,-5.620692693327499,2,5.620692693327499,1,0,5,anti_homophones
38194,lo2li4,6,-7.976565279486797,2,7.976565279486797,1,0,3,anti_homophones
38195,zhang4jLn1,10,-6.453201911949114,2,6.453201911949114,1,0,1,anti_homophones
38196,zeng4fu2,8,-6.626850337453352,2,6.626850337453352,1,0,0,anti_homophones
38197,wE1xLng1,8,-5.4216670895075625,2,5.4216670895075625,1,0,2,anti_homophones
38198,gI4chen4,8,-7.061702040325852,2,7.061702040325852,1,0,0,anti_homophones
38199,yu2zI4,6,-5.970437263060811,2,5.970437263060811,1,0,2,anti_homophones
38200,shan4bLn4,9,-5.93091960087338,2,5.93091960087338,1,0,2,anti_homophones
38201,zhong1tu3,9,-6.043578738649741,2,6.043578738649741,1,0,6,anti_homophones
38202,chen3dLn4,9,-6.2831469226034,2,6.2831469226034,1,0,0,anti_homophones
38203,xun2jin1,8,-6.267337212979221,2,6.267337212979221,1,0,1,anti_homophones
38204,zi4kan4,7,-5.8104289107402325,2,5.8104289107402325,1,0,4,anti_homophones
38205,a1xLn4,6,-7.351034053002385,2,7.351034053002385,1,0,2,anti_homophones
38206,lQ2sI4,6,-6.185948301068188,2,6.185948301068188,1,0,3,anti_homophones
38207,gan3de3,7,-8.85504374659942,2,8.85504374659942,1,0,0,anti_homophones
38208,cA2ling1,8,-6.843607169183219,2,6.843607169183219,1,0,0,anti_homophones
38209,zhu3di3,7,-6.151103343800726,2,6.151103343800726,1,0,2,anti_homophones
38210,wen1fang2,9,-6.571615624946754,2,6.571615624946754,1,0,2,anti_homophones
38211,hang1lM4,8,-6.652100598218968,2,6.652100598218968,1,0,1,anti_homophones
38212,gP4sO3,6,-6.924117308257051,2,6.924117308257051,1,0,1,anti_homophones
38213,nK2nLn4,7,-5.653416662165009,2,5.653416662165009,1,0,2,anti_homophones
38214,cheng4sUn4,10,-7.1063380562825955,2,7.1063380562825955,1,0,0,anti_homophones
38215,nan4li5,7,-6.994093488316815,2,6.994093488316815,1,0,1,anti_homophones
38216,chong1zhen4,11,-6.780225448785943,2,6.780225448785943,1,0,1,anti_homophones
38217,gO4can3,7,-6.6292769484974,2,6.6292769484974,1,0,1,anti_homophones
38218,zV3gang2,8,-6.5390257587272,2,6.5390257587272,1,0,1,anti_homophones
38219,lLn2pu3,7,-6.206226038757002,2,6.206226038757002,1,0,1,anti_homophones
38220,fa1gUn4,7,-6.175131069201287,2,6.175131069201287,1,0,2,anti_homophones
38221,lu4jL1,6,-5.745593282593844,2,5.745593282593844,1,0,5,anti_homophones
38222,yu3hang5,8,-7.868433891577368,2,7.868433891577368,1,0,0,anti_homophones
38223,wE1bo1,6,-5.62777941845216,2,5.62777941845216,1,0,1,anti_homophones
38224,nA3nK2,6,-5.930028370045284,2,5.930028370045284,1,0,0,anti_homophones
38225,xing4de2,8,-6.177196952310319,2,6.177196952310319,1,0,0,anti_homophones
38226,wang4zi3,8,-6.168330088737023,2,6.168330088737023,1,0,2,anti_homophones
38227,tong4gong1,10,-6.261520820893566,2,6.261520820893566,1,0,1,anti_homophones
38228,hU2pQ2,6,-5.479561810536086,2,5.479561810536086,1,0,1,anti_homophones
38229,ling3ding1,10,-7.396117562457974,2,7.396117562457974,1,0,0,anti_homophones
38230,hUng4ti3,8,-6.190807902388311,2,6.190807902388311,1,0,0,anti_homophones
38231,yi4shu1,7,-5.539887574504048,2,5.539887574504048,1,0,6,anti_homophones
38232,mE2li4,6,-5.528038611647962,2,5.528038611647962,1,0,7,anti_homophones
38233,cha1hUng4,9,-6.652914279673951,2,6.652914279673951,1,0,0,anti_homophones
38234,jM1ji4,6,-5.331793352065412,2,5.331793352065412,1,0,9,anti_homophones
38235,zV3hO3,6,-5.692748496037095,2,5.692748496037095,1,0,2,anti_homophones
38236,gUn3jW1,7,-6.518908161732814,2,6.518908161732814,1,0,0,anti_homophones
38237,zhQ3hu4,7,-5.914426755726289,2,5.914426755726289,1,0,1,anti_homophones
38238,xu1qi1,6,-5.7783670575790635,2,5.7783670575790635,1,0,2,anti_homophones
38239,zhong1zi5,9,-5.05086564610094,2,5.05086564610094,1,0,6,anti_homophones
38240,yong1kI1,8,-6.895535857083904,2,6.895535857083904,1,0,1,anti_homophones
38241,zi4tan4,7,-5.763589049383851,2,5.763589049383851,1,0,3,anti_homophones
38242,tang4xing3,10,-6.657351537130883,2,6.657351537130883,1,0,1,anti_homophones
38243,mE3yu3,6,-5.858592049534773,2,5.858592049534773,1,0,0,anti_homophones
38244,gQ1gan3,7,-5.60846825539785,2,5.60846825539785,1,0,4,anti_homophones
38245,fang2fE4,8,-6.0656952148811385,2,6.0656952148811385,1,0,4,anti_homophones
38246,zong1ji1,8,-5.457846267789489,2,5.457846267789489,1,0,6,anti_homophones
38247,ji1pQ4,6,-5.796911196704183,2,5.796911196704183,1,0,4,anti_homophones
38248,dan3dan3,8,-7.343571627083133,2,7.343571627083133,1,0,1,anti_homophones
38249,chi1sI4,7,-7.189542904316911,2,7.189542904316911,1,0,3,anti_homophones
38250,bing3qUn2,9,-6.3419847143821775,2,6.3419847143821775,1,0,1,anti_homophones
38251,xL2chang2,9,-7.002536999005932,2,7.002536999005932,1,0,0,anti_homophones
38252,sha1dan1,8,-6.175996908404577,2,6.175996908404577,1,0,3,anti_homophones
38253,gU3tA2,6,-5.69926885465857,2,5.69926885465857,1,0,1,anti_homophones
38254,yin2zhi1,8,-5.889579058444358,2,5.889579058444358,1,0,4,anti_homophones
38255,nLng2ren2,9,-6.5414599432015335,2,6.5414599432015335,1,0,3,anti_homophones
38256,fu4za2,6,-5.890100094839425,2,5.890100094839425,1,0,1,anti_homophones
38257,qin2fang4,9,-6.2129315511617635,2,6.2129315511617635,1,0,2,anti_homophones
38258,xC2ping4,8,-6.444290045320163,2,6.444290045320163,1,0,1,anti_homophones
38259,zi1shen1,8,-6.45569126528263,2,6.45569126528263,1,0,2,anti_homophones
38260,kong1lu2,8,-6.760604090422882,2,6.760604090422882,1,0,2,anti_homophones
38261,chUng2gI1,9,-6.390661347221792,2,6.390661347221792,1,0,2,anti_homophones
38262,yan3ji2,7,-5.548175234680843,2,5.548175234680843,1,0,5,anti_homophones
38263,sA4cha2,7,-6.494457421519036,2,6.494457421519036,1,0,1,anti_homophones
38264,feng2bo3,8,-8.212008240999344,2,8.212008240999344,1,0,1,anti_homophones
38265,cheng2fu2,9,-6.19180430199051,2,6.19180430199051,1,0,1,anti_homophones
38266,yan2min2,8,-5.9019597590413895,2,5.9019597590413895,1,0,2,anti_homophones
38267,gan3tV2,7,-5.560580522678034,2,5.560580522678034,1,0,4,anti_homophones
38268,gQ1ju1,6,-5.907700103219646,2,5.907700103219646,1,0,3,anti_homophones
38269,shI3er2,7,-4.893654102637514,2,4.893654102637514,1,0,1,anti_homophones
38270,bLn3fa4,7,-7.092180761689238,2,7.092180761689238,1,0,1,anti_homophones
38271,jK4bQ4,6,-5.984594684533867,2,5.984594684533867,1,0,2,anti_homophones
38272,qUn2xin1,8,-5.538166337300351,2,5.538166337300351,1,0,1,anti_homophones
38273,shan3che1,9,-6.006995248935736,2,6.006995248935736,1,0,0,anti_homophones
38274,chUng1nQ4,9,-7.00561145233344,2,7.00561145233344,1,0,0,anti_homophones
38275,shV1jLn1,8,-6.17419108283903,2,6.17419108283903,1,0,1,anti_homophones
38276,xin1yC4,7,-5.145278785938669,2,5.145278785938669,1,0,5,anti_homophones
38277,yong4shi1,9,-6.373432009457689,2,6.373432009457689,1,0,0,anti_homophones
38278,dang4ri4,8,-6.424326674128416,2,6.424326674128416,1,0,0,anti_homophones
38279,mo2wan2,7,-6.378555517685111,2,6.378555517685111,1,0,2,anti_homophones
38280,ming1tan2,9,-6.390316962333989,2,6.390316962333989,1,0,1,anti_homophones
38281,jM1bLn1,7,-5.585542628816971,2,5.585542628816971,1,0,0,anti_homophones
38282,zhong4qi4,9,-5.215577306545507,2,5.215577306545507,1,0,5,anti_homophones
38283,ji4nLn4,7,-5.208607217058434,2,5.208607217058434,1,0,3,anti_homophones
38284,chong4ji5,9,-7.382149022429208,2,7.382149022429208,1,0,1,anti_homophones
38285,zhong4wu4,9,-5.559917236252433,2,5.559917236252433,1,0,2,anti_homophones
38286,dW4xW1,6,-6.87137000301244,2,6.87137000301244,1,0,1,anti_homophones
38287,yi1fE1,6,-5.711332971121591,2,5.711332971121591,1,0,3,anti_homophones
38288,la3zhi3,7,-6.507534643944031,2,6.507534643944031,1,0,0,anti_homophones
38289,ding1hU4,8,-5.9619642011630445,2,5.9619642011630445,1,0,3,anti_homophones
38290,gan1zhen2,9,-6.329781271518779,2,6.329781271518779,1,0,0,anti_homophones
38291,fa1pE4,6,-5.761179522327135,2,5.761179522327135,1,0,3,anti_homophones
38292,yin4ren2,8,-5.402917181088605,2,5.402917181088605,1,0,5,anti_homophones
38293,hA2yu2,6,-5.915104173208252,2,5.915104173208252,1,0,4,anti_homophones
38294,lang4xing4,10,-6.655665088679633,2,6.655665088679633,1,0,1,anti_homophones
38295,shu1san4,8,-6.3145054216977465,2,6.3145054216977465,1,0,3,anti_homophones
38296,hUn4an4,7,-6.195907784826201,2,6.195907784826201,1,0,0,anti_homophones
38297,zhan4nan2,9,-6.393559431179861,2,6.393559431179861,1,0,1,anti_homophones
38298,hu3bE4,6,-6.255979372811342,2,6.255979372811342,1,0,2,anti_homophones
38299,mu4tI4,6,-6.3693124732918625,2,6.3693124732918625,1,0,1,anti_homophones
38300,an1xi1,6,-5.828884173461143,2,5.828884173461143,1,0,0,anti_homophones
38301,feng2mLn3,9,-6.5650198910920095,2,6.5650198910920095,1,0,0,anti_homophones
38302,da3dLn3,7,-5.521823099342638,2,5.521823099342638,1,0,2,anti_homophones
38303,ren2mLn2,8,-5.968147014402107,2,5.968147014402107,1,0,2,anti_homophones
38304,mi2shang2,9,-6.729241985265664,2,6.729241985265664,1,0,0,anti_homophones
38305,tV2ren2,7,-5.182785096480748,2,5.182785096480748,1,0,6,anti_homophones
38306,zhan1li4,8,-5.807073943947653,2,5.807073943947653,1,0,3,anti_homophones
38307,di4zhu3,7,-5.816624405913549,2,5.816624405913549,1,0,3,anti_homophones
38308,xK1qi2,6,-6.189137270677968,2,6.189137270677968,1,0,1,anti_homophones
38309,ba1ji4,6,-5.681726965545598,2,5.681726965545598,1,0,6,anti_homophones
38310,nQ4zi5,6,-5.520722867817302,2,5.520722867817302,1,0,6,anti_homophones
38311,kang2fu4,8,-6.826969746681802,2,6.826969746681802,1,0,3,anti_homophones
38312,xLn4zhu4,8,-5.583131577985158,2,5.583131577985158,1,0,4,anti_homophones
38313,zhI1ze2,7,-5.867306995051751,2,5.867306995051751,1,0,2,anti_homophones
38314,jW1yi4,6,-4.885243149549167,2,4.885243149549167,1,0,8,anti_homophones
38315,ru2feng1,8,-6.128113395363821,2,6.128113395363821,1,0,3,anti_homophones
38316,ban4yi3,7,-6.315412734154835,2,6.315412734154835,1,0,5,anti_homophones
38317,wE1meng2,8,-6.336467933336423,2,6.336467933336423,1,0,1,anti_homophones
38318,shi4gu4,7,-6.01290131517353,2,6.01290131517353,1,0,7,anti_homophones
38319,jing4shan2,10,-7.003937177661662,2,7.003937177661662,1,0,1,anti_homophones
38320,xLng1pan2,9,-6.253915921986302,2,6.253915921986302,1,0,1,anti_homophones
38321,jW3xK1,6,-6.289804485206163,2,6.289804485206163,1,0,1,anti_homophones
38322,shu4zhu3,8,-5.8365279993148365,2,5.8365279993148365,1,0,4,anti_homophones
38323,bu4lW3,6,-5.3312357078020804,2,5.3312357078020804,1,0,5,anti_homophones
38324,san4jM1,7,-7.176468040237971,2,7.176468040237971,1,0,0,anti_homophones
38325,ning1zhi1,9,-6.776497990772427,2,6.776497990772427,1,0,1,anti_homophones
38326,ren2ye2,7,-6.631393420919993,2,6.631393420919993,1,0,0,anti_homophones
38327,pi1fu4,6,-5.6701295997131105,2,5.6701295997131105,1,0,4,anti_homophones
38328,fan3san1,8,-6.662925600573108,2,6.662925600573108,1,0,0,anti_homophones
38329,qLng2tV5,8,-6.413801877570276,2,6.413801877570276,1,0,0,anti_homophones
38330,men2lu2,7,-6.609706869384938,2,6.609706869384938,1,0,0,anti_homophones
38331,ya3peng4,8,-6.941248841355195,2,6.941248841355195,1,0,0,anti_homophones
38332,chUng1qi1,9,-5.836401273905845,2,5.836401273905845,1,0,1,anti_homophones
38333,lan4yu4,7,-6.78841159352429,2,6.78841159352429,1,0,1,anti_homophones
38334,hu4fV3,6,-6.808916503894777,2,6.808916503894777,1,0,1,anti_homophones
38335,gQ1zA1,6,-5.963376037947499,2,5.963376037947499,1,0,1,anti_homophones
38336,nW4xC2,6,-5.827438739505616,2,5.827438739505616,1,0,2,anti_homophones
38337,wo3shi4,7,-5.692781468665287,2,5.692781468665287,1,0,2,anti_homophones
38338,dA3ru4,6,-5.917574547356271,2,5.917574547356271,1,0,0,anti_homophones
38339,hO3yang3,8,-6.313638835537746,2,6.313638835537746,1,0,3,anti_homophones
38340,ri4yC4,6,-6.063935688622017,2,6.063935688622017,1,0,2,anti_homophones
38341,jW1ya1,6,-5.565797674073695,2,5.565797674073695,1,0,3,anti_homophones
38342,zi4zhan3,8,-5.745343086041053,2,5.745343086041053,1,0,1,anti_homophones
38343,wE1zhUn4,8,-6.616462928354297,2,6.616462928354297,1,0,0,anti_homophones
38344,kUn1zong2,9,-7.95643921538626,2,7.95643921538626,1,0,0,anti_homophones
38345,gong1wen1,9,-6.628529317684044,2,6.628529317684044,1,0,0,anti_homophones
38346,gu4xC2,6,-6.044843963994444,2,6.044843963994444,1,0,5,anti_homophones
38347,shen2e2,7,-6.405741391448198,2,6.405741391448198,1,0,3,anti_homophones
38348,si3hO3,6,-6.080850031869741,2,6.080850031869741,1,0,2,anti_homophones
38349,xLn3ban1,8,-7.034952179591576,2,7.034952179591576,1,0,0,anti_homophones
38350,lu3dQ4,6,-6.076106633478561,2,6.076106633478561,1,0,6,anti_homophones
38351,la1shi4,7,-5.397215768653234,2,5.397215768653234,1,0,3,anti_homophones
38352,fE1yu2,6,-5.130008759355055,2,5.130008759355055,1,0,2,anti_homophones
38353,dong4tong3,10,-6.968738692900852,2,6.968738692900852,1,0,1,anti_homophones
38354,chi2dUn4,8,-6.470852235204573,2,6.470852235204573,1,0,1,anti_homophones
38355,xing1shQ4,9,-6.739087013560214,2,6.739087013560214,1,0,0,anti_homophones
38356,lQ3de2,6,-5.59462009515692,2,5.59462009515692,1,0,6,anti_homophones
38357,lQ3cheng4,9,-6.138390978811423,2,6.138390978811423,1,0,0,anti_homophones
38358,jL4shu4,7,-5.882084736216008,2,5.882084736216008,1,0,5,anti_homophones
38359,yun4di2,7,-6.2358033834701345,2,6.2358033834701345,1,0,2,anti_homophones
38360,nLn2ji1,7,-5.443960172328577,2,5.443960172328577,1,0,2,anti_homophones
38361,jin4gA1,7,-7.1359067141366435,2,7.1359067141366435,1,0,0,anti_homophones
38362,bing2yUn2,9,-5.642553657195266,2,5.642553657195266,1,0,3,anti_homophones
38363,gan3ke1,7,-5.741978199955916,2,5.741978199955916,1,0,1,anti_homophones
38364,zong2li3,8,-6.328879283225368,2,6.328879283225368,1,0,1,anti_homophones
38365,fE1jL4,6,-5.653026259380823,2,5.653026259380823,1,0,2,anti_homophones
38366,fa1zhI4,7,-7.150247218798052,2,7.150247218798052,1,0,3,anti_homophones
38367,dI4ju4,6,-5.90628759887647,2,5.90628759887647,1,0,4,anti_homophones
38368,ke3zi3,6,-6.396099053439036,2,6.396099053439036,1,0,2,anti_homophones
38369,er3long1,8,-5.840383015981636,2,5.840383015981636,1,0,2,anti_homophones
38370,cong4xLng4,10,-6.470683771467419,2,6.470683771467419,1,0,2,anti_homophones
38371,zhang4hI4,9,-6.046342615928225,2,6.046342615928225,1,0,3,anti_homophones
38372,jun1chang4,10,-6.045999063311106,2,6.045999063311106,1,0,1,anti_homophones
38373,nLn2kP4,7,-6.743308672881188,2,6.743308672881188,1,0,0,anti_homophones
38374,can3zi5,7,-5.781639023362277,2,5.781639023362277,1,0,7,anti_homophones
38375,xLn1qi4,7,-5.524616068423307,2,5.524616068423307,1,0,10,anti_homophones
38376,nA3pan2,7,-6.220866008225188,2,6.220866008225188,1,0,0,anti_homophones
38377,fa1e2,5,-5.736666286128953,2,5.736666286128953,1,0,2,anti_homophones
38378,tO2zi5,6,-5.826491500538205,2,5.826491500538205,1,0,7,anti_homophones
38379,yi3fa1,6,-6.013299029541576,2,6.013299029541576,1,0,4,anti_homophones
38380,chang2lK4,9,-7.460100621115871,2,7.460100621115871,1,0,0,anti_homophones
38381,sA4he2,6,-6.545572943100708,2,6.545572943100708,1,0,1,anti_homophones
38382,zhQ1zi3,7,-5.8994005799011315,2,5.8994005799011315,1,0,2,anti_homophones
38383,mo1mE2,6,-6.107438667312989,2,6.107438667312989,1,0,1,anti_homophones
38384,mo4A2,5,-6.090598000876628,2,6.090598000876628,1,0,3,anti_homophones
38385,la1jL5,6,-6.275077577191425,2,6.275077577191425,1,0,2,anti_homophones
38386,xLng4qUn2,9,-5.5701438415382905,2,5.5701438415382905,1,0,2,anti_homophones
38387,dV4mW4,6,-6.441815098743036,2,6.441815098743036,1,0,1,anti_homophones
38388,ben3sha1,8,-6.218976147850543,2,6.218976147850543,1,0,1,anti_homophones
38389,chu1dLn3,8,-5.715134951873325,2,5.715134951873325,1,0,2,anti_homophones
38390,hu3yan2,7,-6.067046470870135,2,6.067046470870135,1,0,3,anti_homophones
38391,san1zA4,7,-6.85283581739669,2,6.85283581739669,1,0,2,anti_homophones
38392,wu3mu4,6,-5.170150147403025,2,5.170150147403025,1,0,8,anti_homophones
38393,zA1qW2,6,-7.224855827035427,2,7.224855827035427,1,0,1,anti_homophones
38394,ye4wu4,6,-5.5996581452655345,2,5.5996581452655345,1,0,6,anti_homophones
38395,ka1feng4,8,-5.547385626090889,2,5.547385626090889,1,0,0,anti_homophones
38396,jL3ba1,6,-6.015616373539862,2,6.015616373539862,1,0,2,anti_homophones
38397,bE1gO4,6,-6.415030242273396,2,6.415030242273396,1,0,2,anti_homophones
38398,zi4fu3,6,-5.494476357455503,2,5.494476357455503,1,0,12,anti_homophones
38399,yi1hU4,6,-5.322802374663232,2,5.322802374663232,1,0,10,anti_homophones
38400,gO4su4,6,-5.513940741614549,2,5.513940741614549,1,0,2,anti_homophones
38401,kan4hU4,7,-5.564418387633382,2,5.564418387633382,1,0,8,anti_homophones
38402,fu3kUn3,7,-6.679475886283779,2,6.679475886283779,1,0,1,anti_homophones
38403,shi4hQ4,7,-5.332738373256514,2,5.332738373256514,1,0,10,anti_homophones
38404,shi1yu4,7,-5.785805395239622,2,5.785805395239622,1,0,6,anti_homophones
38405,bQ3dQ4,6,-5.204870598644659,2,5.204870598644659,1,0,5,anti_homophones
38406,yQ4po2,6,-6.208673072183624,2,6.208673072183624,1,0,0,anti_homophones
38407,gang2chen1,10,-6.973258888820049,2,6.973258888820049,1,0,0,anti_homophones
38408,jUn4zhI1,8,-7.7557820147356535,2,7.7557820147356535,1,0,0,anti_homophones
38409,wen1mi2,7,-6.756969362005187,2,6.756969362005187,1,0,1,anti_homophones
38410,tV2gQ1,6,-6.180261431378502,2,6.180261431378502,1,0,1,anti_homophones
38411,xW3gu4,6,-5.578252415099888,2,5.578252415099888,1,0,6,anti_homophones
38412,hUn4dV4,7,-6.516311504195934,2,6.516311504195934,1,0,0,anti_homophones
38413,zQ1zhV3,7,-7.95008033231258,2,7.95008033231258,1,0,0,anti_homophones
38414,zhen1pLn1,9,-6.685987014544713,2,6.685987014544713,1,0,1,anti_homophones
38415,bo1zO4,6,-6.500676003967283,2,6.500676003967283,1,0,1,anti_homophones
38416,shI3lu4,7,-5.282856011174118,2,5.282856011174118,1,0,9,anti_homophones
38417,nQ3kang4,8,-7.166496653463964,2,7.166496653463964,1,0,0,anti_homophones
38418,bE3jing4,8,-5.622295907137671,2,5.622295907137671,1,0,3,anti_homophones
38419,wE2gI3,6,-5.905521393045322,2,5.905521393045322,1,0,1,anti_homophones
38420,tong1zi5,8,-5.103491276093244,2,5.103491276093244,1,0,7,anti_homophones
38421,e4nLn2,6,-5.749309397831372,2,5.749309397831372,1,0,1,anti_homophones
38422,yin1shu3,8,-6.12891925712249,2,6.12891925712249,1,0,2,anti_homophones
38423,ji3sI4,6,-6.928869763260956,2,6.928869763260956,1,0,1,anti_homophones
38424,jM3nan2,7,-5.134733291265044,2,5.134733291265044,1,0,1,anti_homophones
38425,sha1shi4,8,-5.284454470829306,2,5.284454470829306,1,0,7,anti_homophones
38426,zI4dQ4,6,-5.6264702475130095,2,5.6264702475130095,1,0,3,anti_homophones
38427,zi4mE2,6,-6.198318855638702,2,6.198318855638702,1,0,1,anti_homophones
38428,li4fa4,6,-6.935476704749218,2,6.935476704749218,1,0,1,anti_homophones
38429,xK4shV3,7,-6.211131694525793,2,6.211131694525793,1,0,1,anti_homophones
38430,sha1yan2,8,-5.43405194994472,2,5.43405194994472,1,0,5,anti_homophones
38431,ji1zhang2,9,-5.850484482489988,2,5.850484482489988,1,0,5,anti_homophones
38432,nK3dA4,6,-5.554464166197577,2,5.554464166197577,1,0,1,anti_homophones
38433,zhu2cA4,7,-6.578261561962618,2,6.578261561962618,1,0,1,anti_homophones
38434,wo4zheng4,9,-6.592415614731619,2,6.592415614731619,1,0,0,anti_homophones
38435,tan4lv4,7,-6.175964040950345,2,6.175964040950345,1,0,2,anti_homophones
38436,e4yan3,6,-5.815623169166685,2,5.815623169166685,1,0,2,anti_homophones
38437,shi1zhi1,8,-5.644533574169728,2,5.644533574169728,1,0,2,anti_homophones
38438,chong3ming4,11,-7.130460886634114,2,7.130460886634114,1,0,0,anti_homophones
38439,dong3fang2,10,-7.227232055080292,2,7.227232055080292,1,0,0,anti_homophones
38440,zhu1zu3,7,-6.7354808042698835,2,6.7354808042698835,1,0,1,anti_homophones
38441,mo4dV1,6,-6.46850778133161,2,6.46850778133161,1,0,0,anti_homophones
38442,shV3hV4,7,-5.5144543085548605,2,5.5144543085548605,1,0,4,anti_homophones
38443,fV3du1,6,-7.409948287060292,2,7.409948287060292,1,0,0,anti_homophones
38444,xUn2nen4,8,-7.577261195994631,2,7.577261195994631,1,0,0,anti_homophones
38445,wang3wu1,8,-6.759352926827531,2,6.759352926827531,1,0,0,anti_homophones
38446,chI2si4,7,-6.523626421838095,2,6.523626421838095,1,0,2,anti_homophones
38447,ben3wan3,8,-6.711697626028772,2,6.711697626028772,1,0,0,anti_homophones
38448,ling1chen1,10,-6.685985373600421,2,6.685985373600421,1,0,1,anti_homophones
38449,jM3ti4,6,-6.13998424366424,2,6.13998424366424,1,0,3,anti_homophones
38450,ye3tu4,6,-6.644506168323887,2,6.644506168323887,1,0,3,anti_homophones
38451,shV3xLng5,9,-7.040190157039793,2,7.040190157039793,1,0,3,anti_homophones
38452,zhi1gUn3,8,-5.799588844659299,2,5.799588844659299,1,0,2,anti_homophones
38453,dan4zhong1,10,-6.198169397363255,2,6.198169397363255,1,0,0,anti_homophones
38454,cu4jun1,7,-6.596489472418109,2,6.596489472418109,1,0,3,anti_homophones
38455,lLn2su4,7,-5.90374457356633,2,5.90374457356633,1,0,2,anti_homophones
38456,bE4kP4,6,-5.8495355778136275,2,5.8495355778136275,1,0,1,anti_homophones
38457,men2mQ4,7,-6.212466571327167,2,6.212466571327167,1,0,2,anti_homophones
38458,yi3yV2,6,-6.146439903317681,2,6.146439903317681,1,0,4,anti_homophones
38459,li3qK2,6,-5.84631074925119,2,5.84631074925119,1,0,3,anti_homophones
38460,qing4ding2,10,-6.444401219774538,2,6.444401219774538,1,0,1,anti_homophones
38461,shV3bQ4,7,-5.562001239612896,2,5.562001239612896,1,0,7,anti_homophones
38462,zi3ci4,6,-6.711235531100226,2,6.711235531100226,1,0,4,anti_homophones
38463,hUng2ji4,8,-6.141931951708543,2,6.141931951708543,1,0,4,anti_homophones
38464,fan4bo1,7,-6.30446359216216,2,6.30446359216216,1,0,1,anti_homophones
38465,zhu1dun4,8,-7.239559919016654,2,7.239559919016654,1,0,2,anti_homophones
38466,lV2yV3,6,-6.813838749735007,2,6.813838749735007,1,0,1,anti_homophones
38467,ping2yan2,9,-5.92302079059391,2,5.92302079059391,1,0,1,anti_homophones
38468,dM1lM4,6,-5.823190891678334,2,5.823190891678334,1,0,3,anti_homophones
38469,shi4zhi4,8,-4.964833779720922,2,4.964833779720922,1,0,7,anti_homophones
38470,kan1dQ4,7,-5.7705712607474045,2,5.7705712607474045,1,0,3,anti_homophones
38471,xin1qing3,9,-6.283663221916192,2,6.283663221916192,1,0,1,anti_homophones
38472,chang1yi4,9,-5.782034139319207,2,5.782034139319207,1,0,5,anti_homophones
38473,gong1dA4,8,-5.3799826641636885,2,5.3799826641636885,1,0,3,anti_homophones
38474,de2qLn2,7,-6.4317842705682535,2,6.4317842705682535,1,0,0,anti_homophones
38475,jin4ke4,7,-5.5142560535833125,2,5.5142560535833125,1,0,3,anti_homophones
38476,mE2ti3,6,-5.034047885348582,2,5.034047885348582,1,0,2,anti_homophones
38477,qi2fu1,6,-5.666615389727679,2,5.666615389727679,1,0,2,anti_homophones
38478,ling1zhen1,10,-6.688000138158917,2,6.688000138158917,1,0,1,anti_homophones
38479,xing1wan4,9,-6.420922708635836,2,6.420922708635836,1,0,1,anti_homophones
38480,kong1dQ3,8,-6.277804085942065,2,6.277804085942065,1,0,0,anti_homophones
38481,xYng3zhi2,9,-7.001464557763324,2,7.001464557763324,1,0,2,anti_homophones
38482,shUn3ji2,8,-6.809473531538163,2,6.809473531538163,1,0,0,anti_homophones
38483,zun1nA3,7,-7.194005202867961,2,7.194005202867961,1,0,0,anti_homophones
38484,chen3ke4,8,-6.663065365806623,2,6.663065365806623,1,0,0,anti_homophones
38485,e4mu3,5,-6.101706540361786,2,6.101706540361786,1,0,1,anti_homophones
38486,chu1fE1,7,-6.286843566360219,2,6.286843566360219,1,0,4,anti_homophones
38487,li4wE5,6,-7.1940566371950965,2,7.1940566371950965,1,0,0,anti_homophones
38488,an4ji1,6,-5.645145213375421,2,5.645145213375421,1,0,4,anti_homophones
38489,ke3kA1,6,-5.577920140636059,2,5.577920140636059,1,0,1,anti_homophones
38490,hI2ji2,6,-5.568950747230035,2,5.568950747230035,1,0,5,anti_homophones
38491,hA2zhi1,7,-5.947897457340337,2,5.947897457340337,1,0,3,anti_homophones
38492,cang2tLn1,9,-6.467409396644722,2,6.467409396644722,1,0,2,anti_homophones
38493,bQ3lun4,7,-5.989196799409268,2,5.989196799409268,1,0,5,anti_homophones
38494,yan3shO1,8,-5.9897535273548455,2,5.9897535273548455,1,0,0,anti_homophones
38495,yan1hU4,7,-5.7839042492076524,2,5.7839042492076524,1,0,7,anti_homophones
38496,hO2ji3,6,-6.7629868468621455,2,6.7629868468621455,1,0,1,anti_homophones
38497,ju3bQ3,6,-6.022850030824533,2,6.022850030824533,1,0,2,anti_homophones
38498,shV1dong1,9,-6.606086895861878,2,6.606086895861878,1,0,1,anti_homophones
38499,hu4zhi3,7,-5.968079646668791,2,5.968079646668791,1,0,7,anti_homophones
38500,cha2kQ1,7,-6.880441905507348,2,6.880441905507348,1,0,0,anti_homophones
38501,wE1gO4,6,-6.502971552240114,2,6.502971552240114,1,0,2,anti_homophones
38502,baang3,6,-7.822600903212188,2,7.822600903212188,1,0,0,anti_homophones
38503,hI2qi4,6,-5.145349570488678,2,5.145349570488678,1,0,4,anti_homophones
38504,ding2jLn4,9,-5.949284994650297,2,5.949284994650297,1,0,0,anti_homophones
38505,ju2chUng2,9,-7.4608164633373475,2,7.4608164633373475,1,0,1,anti_homophones
38506,po4jing2,8,-5.923903821317372,2,5.923903821317372,1,0,1,anti_homophones
38507,wen2wE4,7,-5.387926825539253,2,5.387926825539253,1,0,2,anti_homophones
38508,xin1an4,7,-5.44206700194471,2,5.44206700194471,1,0,3,anti_homophones
38509,ni4shi2,7,-5.681607942215929,2,5.681607942215929,1,0,5,anti_homophones
38510,chu1qK2,7,-5.479000169186042,2,5.479000169186042,1,0,3,anti_homophones
38511,tV2sheng2,9,-6.004215208681203,2,6.004215208681203,1,0,3,anti_homophones
38512,jing2fang1,10,-6.272234537808862,2,6.272234537808862,1,0,1,anti_homophones
38513,bQ3xi2,6,-5.798601839073201,2,5.798601839073201,1,0,3,anti_homophones
38514,hE1ban4,7,-5.395030836126633,2,5.395030836126633,1,0,1,anti_homophones
38515,ti3chen1,8,-6.697657905662292,2,6.697657905662292,1,0,0,anti_homophones
38516,ju4gA1,6,-7.0668180610032225,2,7.0668180610032225,1,0,2,anti_homophones
38517,man4shI3,8,-6.177354528187761,2,6.177354528187761,1,0,3,anti_homophones
38518,yi1xLn3,7,-5.411645828076515,2,5.411645828076515,1,0,6,anti_homophones
38519,jing2chen2,10,-6.201730124449753,2,6.201730124449753,1,0,1,anti_homophones
38520,fang4jing4,10,-6.071840547135448,2,6.071840547135448,1,0,0,anti_homophones
38521,xW3qu4,6,-5.24703383946411,2,5.24703383946411,1,0,6,anti_homophones
38522,kan4du4,7,-6.046744206959746,2,6.046744206959746,1,0,2,anti_homophones
38523,gU3yan2,7,-5.5993759313313625,2,5.5993759313313625,1,0,0,anti_homophones
38524,mLn4dan4,8,-6.315082427296903,2,6.315082427296903,1,0,0,anti_homophones
38525,fu4che3,7,-6.719261226374988,2,6.719261226374988,1,0,1,anti_homophones
38526,tu2an4,6,-5.664065183303782,2,5.664065183303782,1,0,1,anti_homophones
38527,hQ2men2,7,-6.158579271792331,2,6.158579271792331,1,0,1,anti_homophones
38528,chUng3de5,9,-6.6246001173285425,2,6.6246001173285425,1,0,2,anti_homophones
38529,yi3li4,6,-5.265753461616272,2,5.265753461616272,1,0,8,anti_homophones
38530,hU1ji1,6,-5.183183616730407,2,5.183183616730407,1,0,11,anti_homophones
38531,jM1gong2,8,-6.128175438083949,2,6.128175438083949,1,0,2,anti_homophones
38532,ling2dLn4,9,-6.058576337478541,2,6.058576337478541,1,0,3,anti_homophones
38533,jing1jing4,10,-5.903502017812793,2,5.903502017812793,1,0,3,anti_homophones
38534,pan4ji2,7,-6.099496048717873,2,6.099496048717873,1,0,3,anti_homophones
38535,gA4jL1,6,-6.151718662294882,2,6.151718662294882,1,0,5,anti_homophones
38536,su4yi4,6,-5.416519333564546,2,5.416519333564546,1,0,9,anti_homophones
38537,yi3hI4,6,-5.371737478889592,2,5.371737478889592,1,0,7,anti_homophones
38538,han1bLn1,8,-6.810241187286164,2,6.810241187286164,1,0,0,anti_homophones
38539,dLn4cheng4,10,-6.082922888251688,2,6.082922888251688,1,0,1,anti_homophones
38540,bQ1tA1,6,-6.037352825450865,2,6.037352825450865,1,0,0,anti_homophones
38541,kong2A4,7,-6.454972118981767,2,6.454972118981767,1,0,1,anti_homophones
38542,wan3yan1,8,-6.935952947328954,2,6.935952947328954,1,0,1,anti_homophones
38543,shQ2xLn4,8,-6.8708526893761475,2,6.8708526893761475,1,0,0,anti_homophones
38544,zi4jUn3,7,-6.522477077274067,2,6.522477077274067,1,0,0,anti_homophones
38545,kA1hong4,8,-6.471807785069846,2,6.471807785069846,1,0,2,anti_homophones
38546,zhan4chUn3,10,-7.100523844837337,2,7.100523844837337,1,0,1,anti_homophones
38547,teng2fang1,10,-7.73932003252338,2,7.73932003252338,1,0,0,anti_homophones
38548,sa1tang4,8,-6.47734400330091,2,6.47734400330091,1,0,1,anti_homophones
38549,tV2gUng2,8,-6.193454370794292,2,6.193454370794292,1,0,2,anti_homophones
38550,xK4hU4,6,-5.130457382696699,2,5.130457382696699,1,0,2,anti_homophones
38551,ku3hang2,8,-6.424521861381783,2,6.424521861381783,1,0,1,anti_homophones
38552,yV1yun4,7,-5.769087683423782,2,5.769087683423782,1,0,0,anti_homophones
38553,zhong1pan2,10,-6.107664220049894,2,6.107664220049894,1,0,1,anti_homophones
38554,xL4ren2,7,-4.959064293590154,2,4.959064293590154,1,0,5,anti_homophones
38555,gen1xYng2,9,-7.1562424647901555,2,7.1562424647901555,1,0,0,anti_homophones
38556,fen1wan3,8,-6.411034230007004,2,6.411034230007004,1,0,1,anti_homophones
38557,ba1ban3,7,-5.541106068849247,2,5.541106068849247,1,0,3,anti_homophones
38558,dLn4fu1,7,-6.412957611486668,2,6.412957611486668,1,0,1,anti_homophones
38559,jM2zV4,6,-5.293499696731979,2,5.293499696731979,1,0,4,anti_homophones
38560,zhi4chang1,10,-6.301375717612382,2,6.301375717612382,1,0,1,anti_homophones
38561,chu2tong4,9,-5.82724217805899,2,5.82724217805899,1,0,1,anti_homophones
38562,bLn1shan4,9,-6.309259546748843,2,6.309259546748843,1,0,0,anti_homophones
38563,zhan4hU2,8,-7.086488665483249,2,7.086488665483249,1,0,1,anti_homophones
38564,jLng4shi3,9,-6.3943842908388655,2,6.3943842908388655,1,0,1,anti_homophones
38565,dan1ru4,7,-6.066237797382149,2,6.066237797382149,1,0,2,anti_homophones
38566,zheng4rang2,11,-7.490663033626116,2,7.490663033626116,1,0,0,anti_homophones
38567,xUn1shi4,8,-5.927265485007394,2,5.927265485007394,1,0,4,anti_homophones
38568,qLn2fu3,7,-5.972338872771139,2,5.972338872771139,1,0,4,anti_homophones
38569,ji2bang2,8,-6.648313187879245,2,6.648313187879245,1,0,1,anti_homophones
38570,hang2kUn3,9,-6.889710944809538,2,6.889710944809538,1,0,0,anti_homophones
38571,ming2dong2,10,-6.508090988726722,2,6.508090988726722,1,0,0,anti_homophones
38572,hu2chang4,9,-6.141544594767421,2,6.141544594767421,1,0,1,anti_homophones
38573,shO1jM4,7,-6.449148896437753,2,6.449148896437753,1,0,0,anti_homophones
38574,ming2mLn4,9,-5.855375430186398,2,5.855375430186398,1,0,1,anti_homophones
38575,zQ4cA3,6,-6.208542376173618,2,6.208542376173618,1,0,3,anti_homophones
38576,di4gu3,6,-5.730708769411554,2,5.730708769411554,1,0,6,anti_homophones
38577,han4yu3,7,-6.229428288970654,2,6.229428288970654,1,0,3,anti_homophones
38578,si1mi4,6,-6.103086676065984,2,6.103086676065984,1,0,6,anti_homophones
38579,qin3hP4,7,-7.2654974725904795,2,7.2654974725904795,1,0,1,anti_homophones
38580,xun2ji1,7,-5.720153951416608,2,5.720153951416608,1,0,5,anti_homophones
38581,bQ3chV1,7,-7.10262893148714,2,7.10262893148714,1,0,1,anti_homophones
38582,ci3wang2,8,-6.139762533684881,2,6.139762533684881,1,0,0,anti_homophones
38583,nv3xin1,7,-5.274610943822399,2,5.274610943822399,1,0,1,anti_homophones
38584,hU1hU1,6,-5.52235202533062,2,5.52235202533062,1,0,0,anti_homophones
38585,su4gUn3,7,-6.437237420055235,2,6.437237420055235,1,0,2,anti_homophones
38586,ping4jM4,8,-6.33647835416605,2,6.33647835416605,1,0,0,anti_homophones
38587,zi4lLn4,7,-5.877550498091427,2,5.877550498091427,1,0,6,anti_homophones
38588,dLn1dLn3,8,-6.897808728489546,2,6.897808728489546,1,0,1,anti_homophones
38589,mLn4kA1,7,-6.472441517518617,2,6.472441517518617,1,0,0,anti_homophones
38590,yan3sI4,7,-6.17993541942687,2,6.17993541942687,1,0,4,anti_homophones
38591,ban3fE2,7,-7.01937701125162,2,7.01937701125162,1,0,0,anti_homophones
38592,di1hP2,6,-7.496652179479385,2,7.496652179479385,1,0,1,anti_homophones
38593,jing1tI3,8,-6.928252008124173,2,6.928252008124173,1,0,1,anti_homophones
38594,zhi4ran2,8,-5.361858877879519,2,5.361858877879519,1,0,5,anti_homophones
38595,wE2ji1,6,-5.294455060981387,2,5.294455060981387,1,0,6,anti_homophones
38596,ping2rUn3,9,-7.652818332841328,2,7.652818332841328,1,0,0,anti_homophones
38597,xLng4tLn1,9,-6.081492777490427,2,6.081492777490427,1,0,0,anti_homophones
38598,qi3pQ4,6,-5.581575291311776,2,5.581575291311776,1,0,4,anti_homophones
38599,ban3gu3,7,-5.779719745348827,2,5.779719745348827,1,0,2,anti_homophones
38600,yin1xing2,9,-5.418638512046108,2,5.418638512046108,1,0,5,anti_homophones
38601,tLn2bing1,9,-6.717429021654302,2,6.717429021654302,1,0,1,anti_homophones
38602,yi1yang4,8,-5.414606658960723,2,5.414606658960723,1,0,2,anti_homophones
38603,xi1xing3,8,-5.7312388353276,2,5.7312388353276,1,0,3,anti_homophones
38604,wE1se4,6,-5.003382333427678,2,5.003382333427678,1,0,2,anti_homophones
38605,gong2zheng4,11,-6.265188017573665,2,6.265188017573665,1,0,1,anti_homophones
38606,qLn1ming1,9,-6.335347109603464,2,6.335347109603464,1,0,3,anti_homophones
38607,qUn2zu2,7,-6.041510481098441,2,6.041510481098441,1,0,3,anti_homophones
38608,xW1rong1,8,-6.4026942812656085,2,6.4026942812656085,1,0,1,anti_homophones
38609,shI3tA2,7,-5.5715910497066465,2,5.5715910497066465,1,0,5,anti_homophones
38610,min3shu3,8,-7.243076175797328,2,7.243076175797328,1,0,0,anti_homophones
38611,yun3xK3,7,-7.582690857580298,2,7.582690857580298,1,0,0,anti_homophones
38612,li4a1,5,-6.797093287447649,2,6.797093287447649,1,0,1,anti_homophones
38613,gUn1mA4,7,-6.340532695545417,2,6.340532695545417,1,0,1,anti_homophones
38614,bu4fang2,8,-5.328561812595454,2,5.328561812595454,1,0,1,anti_homophones
38615,shi4sA4,7,-5.501337998210625,2,5.501337998210625,1,0,3,anti_homophones
38616,chong3ye4,9,-6.340562557669211,2,6.340562557669211,1,0,2,anti_homophones
38617,yi1yC4,6,-5.063679663778886,2,5.063679663778886,1,0,5,anti_homophones
38618,qLng1zhu3,9,-6.315950425327257,2,6.315950425327257,1,0,1,anti_homophones
38619,hI1ji1,6,-5.340907303870334,2,5.340907303870334,1,0,6,anti_homophones
38620,cA4dQ1,6,-6.765368245581701,2,6.765368245581701,1,0,0,anti_homophones
38621,sheng1yUn4,10,-5.986479334244626,2,5.986479334244626,1,0,1,anti_homophones
38622,shV3jUn4,8,-5.893280477501712,2,5.893280477501712,1,0,2,anti_homophones
38623,bQ4tV2,6,-5.170054897977269,2,5.170054897977269,1,0,10,anti_homophones
38624,ba1zi1,6,-6.309979444923349,2,6.309979444923349,1,0,1,anti_homophones
38625,fan4wu4,7,-5.587650237328352,2,5.587650237328352,1,0,5,anti_homophones
38626,pLn4tV3,7,-8.09461543621034,2,8.09461543621034,1,0,0,anti_homophones
38627,hun1zhen1,9,-6.621790998313885,2,6.621790998313885,1,0,1,anti_homophones
38628,yi1shu4,7,-4.782609609532928,2,4.782609609532928,1,0,13,anti_homophones
38629,du2zu2,6,-5.430284279610759,2,5.430284279610759,1,0,2,anti_homophones
38630,pu1tu3,6,-5.965676267768529,2,5.965676267768529,1,0,3,anti_homophones
38631,bA3ku3,6,-6.0990595128212455,2,6.0990595128212455,1,0,3,anti_homophones
38632,gan3zhUn2,9,-6.3553944745484845,2,6.3553944745484845,1,0,0,anti_homophones
38633,san3qu4,7,-6.533618507624632,2,6.533618507624632,1,0,3,anti_homophones
38634,lan3jLn3,8,-6.506051571292154,2,6.506051571292154,1,0,1,anti_homophones
38635,chUng4tLn1,10,-6.7020166805235855,2,6.7020166805235855,1,0,1,anti_homophones
38636,kA1kV3,6,-5.281461718583341,2,5.281461718583341,1,0,1,anti_homophones
38637,fu4ran2,7,-5.428439773787515,2,5.428439773787515,1,0,5,anti_homophones
38638,san1ding4,9,-6.329137615163062,2,6.329137615163062,1,0,0,anti_homophones
38639,hA3zhong5,9,-8.199481887793535,2,8.199481887793535,1,0,0,anti_homophones
38640,dan4sI2,7,-7.749023472611075,2,7.749023472611075,1,0,0,anti_homophones
38641,wang2ye4,8,-5.692623970261599,2,5.692623970261599,1,0,5,anti_homophones
38642,fang3qu3,8,-6.055995703513984,2,6.055995703513984,1,0,3,anti_homophones
38643,fan3gE3,7,-6.581457960738552,2,6.581457960738552,1,0,0,anti_homophones
38644,xLn4ji2,7,-5.397760044215799,2,5.397760044215799,1,0,9,anti_homophones
38645,zhong2bing1,11,-6.677874245651125,2,6.677874245651125,1,0,0,anti_homophones
38646,da4zhUn4,8,-6.02594511266655,2,6.02594511266655,1,0,2,anti_homophones
38647,bu3xing2,8,-5.998605254473629,2,5.998605254473629,1,0,3,anti_homophones
38648,chan4bW3,8,-6.997361263698374,2,6.997361263698374,1,0,0,anti_homophones
38649,nan2min2,8,-6.1622583976388565,2,6.1622583976388565,1,0,4,anti_homophones
38650,tong2feng2,10,-6.377290105259691,2,6.377290105259691,1,0,0,anti_homophones
38651,gU4hI4,6,-5.5528093390292845,2,5.5528093390292845,1,0,2,anti_homophones
38652,xun2jW4,7,-6.7022114155146255,2,6.7022114155146255,1,0,0,anti_homophones
38653,kA1chong1,9,-6.080620431448154,2,6.080620431448154,1,0,2,anti_homophones
38654,pV1mo4,6,-5.83435754461821,2,5.83435754461821,1,0,4,anti_homophones
38655,cI4nW3,6,-6.044093850091927,2,6.044093850091927,1,0,0,anti_homophones
38656,sun1bE1,7,-7.603586550758731,2,7.603586550758731,1,0,0,anti_homophones
38657,zhQ3qi4,7,-5.6172201741498755,2,5.6172201741498755,1,0,2,anti_homophones
38658,qLn3ji4,7,-6.311378799653247,2,6.311378799653247,1,0,2,anti_homophones
38659,ying2xLn4,9,-5.704165788639568,2,5.704165788639568,1,0,2,anti_homophones
38660,she4xing3,9,-5.824999756988879,2,5.824999756988879,1,0,2,anti_homophones
38661,di1lM4,6,-5.8813292060744224,2,5.8813292060744224,1,0,4,anti_homophones
38662,nan2da4,7,-6.408964613619357,2,6.408964613619357,1,0,1,anti_homophones
38663,lan2kUng4,9,-7.365268627349538,2,7.365268627349538,1,0,0,anti_homophones
38664,bQ4qu1,6,-5.75872994653568,2,5.75872994653568,1,0,2,anti_homophones
38665,zhong3yin3,10,-6.908653525868175,2,6.908653525868175,1,0,0,anti_homophones
38666,ma4zi5,6,-6.087026443733298,2,6.087026443733298,1,0,7,anti_homophones
38667,zan4lv4,7,-6.515324235001748,2,6.515324235001748,1,0,2,anti_homophones
38668,sheng1shu4,10,-5.451684589491409,2,5.451684589491409,1,0,2,anti_homophones
38669,shV4yV2,7,-6.1027975144965705,2,6.1027975144965705,1,0,1,anti_homophones
38670,zhi1shi4,8,-4.896401872135144,2,4.896401872135144,1,0,7,anti_homophones
38671,tV2shP4,7,-6.51003472025976,2,6.51003472025976,1,0,0,anti_homophones
38672,wen4dV4,7,-6.429190908753077,2,6.429190908753077,1,0,2,anti_homophones
38673,yi2mLn4,7,-5.586880031370081,2,5.586880031370081,1,0,6,anti_homophones
38674,xLn4e4,6,-6.129497013798551,2,6.129497013798551,1,0,3,anti_homophones
38675,hU4jLn4,7,-5.37503409091354,2,5.37503409091354,1,0,4,anti_homophones
38676,fa1qM4,6,-6.17335939141746,2,6.17335939141746,1,0,3,anti_homophones
38677,sheng1yi4,9,-5.104452649285238,2,5.104452649285238,1,0,7,anti_homophones
38678,zhUn2zhi2,9,-6.012995814462787,2,6.012995814462787,1,0,4,anti_homophones
38679,yQ4xing2,8,-5.678197274340971,2,5.678197274340971,1,0,7,anti_homophones
38680,zhu3lQ2,7,-6.168814942157247,2,6.168814942157247,1,0,1,anti_homophones
38681,ti2qK2,6,-5.46624689981471,2,5.46624689981471,1,0,1,anti_homophones
38682,gU1jK4,6,-6.881112663357,2,6.881112663357,1,0,0,anti_homophones
38683,zhan4zI4,8,-6.213263910153888,2,6.213263910153888,1,0,1,anti_homophones
38684,kan3jLn4,8,-6.528783043807198,2,6.528783043807198,1,0,4,anti_homophones
38685,shen3tan2,9,-6.540461040966443,2,6.540461040966443,1,0,0,anti_homophones
38686,tu4cha2,7,-6.743902592504271,2,6.743902592504271,1,0,2,anti_homophones
38687,jL3lUn4,7,-5.410373119009069,2,5.410373119009069,1,0,1,anti_homophones
38688,ban1lv4,7,-6.370499045868274,2,6.370499045868274,1,0,3,anti_homophones
38689,zhang3si1,9,-7.17242304448482,2,7.17242304448482,1,0,0,anti_homophones
38690,tong1dan3,9,-6.568580636447093,2,6.568580636447093,1,0,4,anti_homophones
38691,shI3che1,8,-5.343888452141197,2,5.343888452141197,1,0,2,anti_homophones
38692,zhi1hI3,7,-5.9082073356962175,2,5.9082073356962175,1,0,1,anti_homophones
38693,ke4hu3,6,-6.394179934875159,2,6.394179934875159,1,0,3,anti_homophones
38694,qLn2zu3,7,-6.208952700886075,2,6.208952700886075,1,0,5,anti_homophones
38695,wu2shan4,8,-5.604015185625491,2,5.604015185625491,1,0,4,anti_homophones
38696,bLn4jW1,7,-6.239146167024429,2,6.239146167024429,1,0,2,anti_homophones
38697,da4shI4,7,-5.493154693457678,2,5.493154693457678,1,0,6,anti_homophones
38698,qK2feng2,8,-6.549302192721901,2,6.549302192721901,1,0,2,anti_homophones
38699,lLng1qK2,8,-6.092033189195929,2,6.092033189195929,1,0,1,anti_homophones
38700,gO4yi4,6,-5.286658766378512,2,5.286658766378512,1,0,9,anti_homophones
38701,ta1lLng1,8,-7.085082254706407,2,7.085082254706407,1,0,2,anti_homophones
38702,cu1lu4,6,-4.980053191652229,2,4.980053191652229,1,0,12,anti_homophones
38703,zhi1zhu4,8,-5.4341532388871885,2,5.4341532388871885,1,0,1,anti_homophones
38704,jin1jing1,9,-6.023165570491201,2,6.023165570491201,1,0,4,anti_homophones
38705,lan2shi4,8,-5.624164154368859,2,5.624164154368859,1,0,4,anti_homophones
38706,jLn4dang2,9,-6.395402794328155,2,6.395402794328155,1,0,0,anti_homophones
38707,na4gV3,6,-7.108462872692261,2,7.108462872692261,1,0,2,anti_homophones
38708,bQ3jLn4,7,-5.086756929701003,2,5.086756929701003,1,0,5,anti_homophones
38709,kang1ren2,9,-6.370415663109108,2,6.370415663109108,1,0,2,anti_homophones
38710,meng1feng1,10,-6.640391318989647,2,6.640391318989647,1,0,0,anti_homophones
38711,er3mo4,6,-5.777113535669106,2,5.777113535669106,1,0,3,anti_homophones
38712,song2lW3,8,-7.487951931491596,2,7.487951931491596,1,0,0,anti_homophones
38713,ke4bo2,6,-6.474098340471427,2,6.474098340471427,1,0,0,anti_homophones
38714,A4hang4,7,-5.904073283941081,2,5.904073283941081,1,0,4,anti_homophones
38715,dO1jin1,7,-6.328119181577938,2,6.328119181577938,1,0,2,anti_homophones
38716,ju4yUn2,7,-5.4719434015027035,2,5.4719434015027035,1,0,7,anti_homophones
38717,hun3qK2,7,-6.456356587501801,2,6.456356587501801,1,0,0,anti_homophones
38718,zhUn4gu3,8,-6.405584875099869,2,6.405584875099869,1,0,0,anti_homophones
38719,chi2zA3,7,-6.736018944228241,2,6.736018944228241,1,0,2,anti_homophones
38720,shang4jin4,10,-5.99941434414482,2,5.99941434414482,1,0,4,anti_homophones
38721,ma3lv2,6,-6.5753204861552454,2,6.5753204861552454,1,0,1,anti_homophones
38722,gUng1lLng4,10,-6.2823577159771995,2,6.2823577159771995,1,0,0,anti_homophones
38723,jC2qW2,6,-5.754584248243791,2,5.754584248243791,1,0,1,anti_homophones
38724,zun1tV2,7,-5.988726760005207,2,5.988726760005207,1,0,1,anti_homophones
38725,feng1lV2,8,-6.392042628122346,2,6.392042628122346,1,0,1,anti_homophones
38726,ku3ling2,8,-6.187585672484675,2,6.187585672484675,1,0,2,anti_homophones
38727,zO4zI3,6,-6.1417834774046645,2,6.1417834774046645,1,0,0,anti_homophones
38728,bing4ti3,8,-5.912124064719582,2,5.912124064719582,1,0,3,anti_homophones
38729,bLn4dA4,7,-5.328471283082585,2,5.328471283082585,1,0,3,anti_homophones
38730,yin1yV2,7,-5.854693722869768,2,5.854693722869768,1,0,3,anti_homophones
38731,wA1qing2,8,-6.6639290286952635,2,6.6639290286952635,1,0,0,anti_homophones
38732,san3ju3,7,-7.2839955833689505,2,7.2839955833689505,1,0,0,anti_homophones
38733,bi2xLng4,8,-6.196281909053566,2,6.196281909053566,1,0,1,anti_homophones
38734,lK2ding2,8,-6.123418207982514,2,6.123418207982514,1,0,3,anti_homophones
38735,bE4fu2,6,-5.5136220202401685,2,5.5136220202401685,1,0,3,anti_homophones
38736,yV3yong4,8,-5.7402672854041175,2,5.7402672854041175,1,0,4,anti_homophones
38737,jing1gUn3,9,-5.876669413844949,2,5.876669413844949,1,0,3,anti_homophones
38738,ban1jW3,7,-5.964390118038149,2,5.964390118038149,1,0,3,anti_homophones
38739,dO3yan2,7,-6.578909353395442,2,6.578909353395442,1,0,1,anti_homophones
38740,mu4zhUng3,9,-7.126111684459299,2,7.126111684459299,1,0,0,anti_homophones
38741,wen2fu2,7,-5.897275492777577,2,5.897275492777577,1,0,3,anti_homophones
38742,kV3yun4,7,-6.503292159695017,2,6.503292159695017,1,0,0,anti_homophones
38743,zi4chen1,8,-6.008931579369352,2,6.008931579369352,1,0,1,anti_homophones
38744,an1lin2,7,-6.087386114510782,2,6.087386114510782,1,0,1,anti_homophones
38745,ying2jL1,8,-5.4704487257215035,2,5.4704487257215035,1,0,2,anti_homophones
38746,hQ2xLn2,7,-6.658550165323173,2,6.658550165323173,1,0,1,anti_homophones
38747,ti3yi1,6,-6.1643951627036575,2,6.1643951627036575,1,0,3,anti_homophones
38748,shV4zhi1,8,-5.7574690887682465,2,5.7574690887682465,1,0,3,anti_homophones
38749,zheng1lun4,10,-6.473153970228262,2,6.473153970228262,1,0,0,anti_homophones
38750,xin4hI4,7,-5.754570838448444,2,5.754570838448444,1,0,4,anti_homophones
38751,shV4chu4,8,-6.064616241581877,2,6.064616241581877,1,0,2,anti_homophones
38752,shUng4ke1,9,-7.879433038591837,2,7.879433038591837,1,0,0,anti_homophones
38753,qL3yi4,6,-7.530612746997256,2,7.530612746997256,1,0,1,anti_homophones
38754,chu3yin1,8,-5.649398223760069,2,5.649398223760069,1,0,1,anti_homophones
38755,shan3dong4,10,-6.69963641550369,2,6.69963641550369,1,0,1,anti_homophones
38756,deng1cun4,9,-6.999166948035093,2,6.999166948035093,1,0,1,anti_homophones
38757,cha1qLn2,8,-6.1268432782391935,2,6.1268432782391935,1,0,1,anti_homophones
38758,sheng2li4,9,-5.288734490780336,2,5.288734490780336,1,0,4,anti_homophones
38759,wE2xing3,8,-6.012114815274267,2,6.012114815274267,1,0,0,anti_homophones
38760,qL4qu1,6,-5.869028826947113,2,5.869028826947113,1,0,0,anti_homophones
38761,lu3de5,6,-6.695374502970047,2,6.695374502970047,1,0,2,anti_homophones
38762,hI2zhi1,7,-5.67313392928193,2,5.67313392928193,1,0,3,anti_homophones
38763,lun2dQ4,7,-6.0005312455423265,2,6.0005312455423265,1,0,0,anti_homophones
38764,qi4de5,6,-6.228212580003392,2,6.228212580003392,1,0,2,anti_homophones
38765,hU2fu3,6,-6.177908527895272,2,6.177908527895272,1,0,2,anti_homophones
38766,cu1zhi2,7,-5.9479039400088585,2,5.9479039400088585,1,0,1,anti_homophones
38767,jLn3tQ4,7,-6.201273700936896,2,6.201273700936896,1,0,3,anti_homophones
38768,da1bu4,6,-6.177409133695887,2,6.177409133695887,1,0,3,anti_homophones
38769,xW1fu5,6,-5.701637031943031,2,5.701637031943031,1,0,4,anti_homophones
38770,zhi1lA2,7,-5.569332911824113,2,5.569332911824113,1,0,4,anti_homophones
38771,he4nLn4,7,-7.0098588787964635,2,7.0098588787964635,1,0,0,anti_homophones
38772,hI1se4,6,-5.012396350615365,2,5.012396350615365,1,0,5,anti_homophones
38773,hUn2shO4,8,-7.155072760689884,2,7.155072760689884,1,0,1,anti_homophones
38774,zi1yan2,7,-6.02500307849207,2,6.02500307849207,1,0,3,anti_homophones
38775,jW4nan4,7,-7.245058030762701,2,7.245058030762701,1,0,2,anti_homophones
38776,yu4sang4,8,-7.1278707216120045,2,7.1278707216120045,1,0,0,anti_homophones
38777,hU1gQ1,6,-5.919261845888488,2,5.919261845888488,1,0,0,anti_homophones
38778,sQ3mA4,6,-5.658285888516537,2,5.658285888516537,1,0,5,anti_homophones
38779,ju1lu4,6,-5.333742928907805,2,5.333742928907805,1,0,10,anti_homophones
38780,qing2mQ4,8,-5.844985762633819,2,5.844985762633819,1,0,4,anti_homophones
38781,bE1ji4,6,-5.658138190344944,2,5.658138190344944,1,0,5,anti_homophones
38782,lO2de5,6,-6.243707954601258,2,6.243707954601258,1,0,2,anti_homophones
38783,pin1chUn4,9,-7.44470081714616,2,7.44470081714616,1,0,0,anti_homophones
38784,ling4lLn2,9,-6.357688428984864,2,6.357688428984864,1,0,1,anti_homophones
38785,lE4jK3,6,-6.761675738078685,2,6.761675738078685,1,0,2,anti_homophones
38786,bQ4ma4,6,-6.178686168707799,2,6.178686168707799,1,0,3,anti_homophones
38787,chu2di4,7,-5.612378017221597,2,5.612378017221597,1,0,4,anti_homophones
38788,bu4yu3,6,-4.975258967976851,2,4.975258967976851,1,0,14,anti_homophones
38789,ju1qing1,8,-6.935566467754526,2,6.935566467754526,1,0,0,anti_homophones
38790,jK4bW3,6,-5.543840534745907,2,5.543840534745907,1,0,3,anti_homophones
38791,zhi3san4,8,-7.1525989254661875,2,7.1525989254661875,1,0,1,anti_homophones
38792,mLn4wu4,7,-5.818910261947538,2,5.818910261947538,1,0,0,anti_homophones
38793,qi4si1,6,-6.31637212873854,2,6.31637212873854,1,0,2,anti_homophones
38794,cheng2shV3,10,-6.0459029450208925,2,6.0459029450208925,1,0,3,anti_homophones
38795,pQ1mo4,6,-6.229619852304169,2,6.229619852304169,1,0,2,anti_homophones
38796,kong4ri4,8,-6.3672882086380795,2,6.3672882086380795,1,0,3,anti_homophones
38797,chu1lu1,7,-5.788599967257566,2,5.788599967257566,1,0,5,anti_homophones
38798,qin2zV3,7,-6.885976577314715,2,6.885976577314715,1,0,0,anti_homophones
38799,bLn4dUn4,8,-5.99483684067642,2,5.99483684067642,1,0,2,anti_homophones
38800,leng1zhUn3,10,-7.058269052073133,2,7.058269052073133,1,0,0,anti_homophones
38801,geng2zhu1,9,-7.489730662423181,2,7.489730662423181,1,0,0,anti_homophones
38802,V3xLng4,7,-5.9147079229998285,2,5.9147079229998285,1,0,2,anti_homophones
38803,tong1he2,8,-5.754015699598876,2,5.754015699598876,1,0,3,anti_homophones
38804,hI2mV2,6,-5.402410946537486,2,5.402410946537486,1,0,1,anti_homophones
38805,nQ3le4,6,-6.4600597793261585,2,6.4600597793261585,1,0,3,anti_homophones
38806,qW4lv4,6,-6.790287625970957,2,6.790287625970957,1,0,1,anti_homophones
38807,xL4xC4,6,-5.783022197915438,2,5.783022197915438,1,0,4,anti_homophones
38808,fan2men2,8,-6.260783897806663,2,6.260783897806663,1,0,2,anti_homophones
38809,kO4dQ4,6,-5.950369913424611,2,5.950369913424611,1,0,2,anti_homophones
38810,lLng3gV4,8,-7.149011649362336,2,7.149011649362336,1,0,0,anti_homophones
38811,xK1lLn2,7,-5.7555496312672325,2,5.7555496312672325,1,0,1,anti_homophones
38812,tQ2qi1,6,-5.5588173392846825,2,5.5588173392846825,1,0,4,anti_homophones
38813,xing4gI1,8,-6.435349357310255,2,6.435349357310255,1,0,0,anti_homophones
38814,A3pu3,5,-6.25046133625702,2,6.25046133625702,1,0,1,anti_homophones
38815,qYng2xC4,8,-7.857211330468035,2,7.857211330468035,1,0,0,anti_homophones
38816,tV1an4,6,-5.339396602476591,2,5.339396602476591,1,0,1,anti_homophones
38817,ping1shi2,9,-6.053426658665895,2,6.053426658665895,1,0,1,anti_homophones
38818,zi3jun1,7,-6.260736911889738,2,6.260736911889738,1,0,2,anti_homophones
38819,zhong1da4,9,-6.255747534164913,2,6.255747534164913,1,0,3,anti_homophones
38820,da3li4,6,-4.929858943834223,2,4.929858943834223,1,0,12,anti_homophones
38821,chang4dang3,11,-6.626526582504677,2,6.626526582504677,1,0,1,anti_homophones
38822,xin4chQ2,8,-7.014785788104566,2,7.014785788104566,1,0,1,anti_homophones
38823,ma3zong4,8,-6.636062582622312,2,6.636062582622312,1,0,0,anti_homophones
38824,rUn3yi2,7,-6.782082323335,2,6.782082323335,1,0,1,anti_homophones
38825,hQ4qLn2,7,-6.370741956420631,2,6.370741956420631,1,0,0,anti_homophones
38826,qLn2hU1,7,-5.530939736971481,2,5.530939736971481,1,0,2,anti_homophones
38827,te4ya4,6,-7.416753292195533,2,7.416753292195533,1,0,3,anti_homophones
38828,yi1zhe3,7,-4.979989705194406,2,4.979989705194406,1,0,4,anti_homophones
38829,chu1fa5,7,-7.332721062041264,2,7.332721062041264,1,0,2,anti_homophones
38830,xW3ce4,6,-5.121286423249955,2,5.121286423249955,1,0,1,anti_homophones
38831,yV2yong1,8,-5.253606057836978,2,5.253606057836978,1,0,4,anti_homophones
38832,lUn4lM4,7,-6.635878179056709,2,6.635878179056709,1,0,2,anti_homophones
38833,wu4yi4,6,-5.272039182394855,2,5.272039182394855,1,0,10,anti_homophones
38834,sheng1qu1,9,-5.522356985227963,2,5.522356985227963,1,0,2,anti_homophones
38835,tV2ceng2,8,-6.818762501778503,2,6.818762501778503,1,0,2,anti_homophones
38836,da4yan1,7,-5.503863502171904,2,5.503863502171904,1,0,5,anti_homophones
38837,ci2zhi1,7,-5.794090267208011,2,5.794090267208011,1,0,2,anti_homophones
38838,lu4ran2,7,-5.791432244437879,2,5.791432244437879,1,0,4,anti_homophones
38839,ru4cha1,7,-6.627360375663588,2,6.627360375663588,1,0,1,anti_homophones
38840,wu2lM4,6,-6.507213377051092,2,6.507213377051092,1,0,4,anti_homophones
38841,yin1lu1,7,-6.475630296561221,2,6.475630296561221,1,0,3,anti_homophones
38842,pQ4tA2,6,-5.790394437073764,2,5.790394437073764,1,0,2,anti_homophones
38843,su4jC2,6,-5.893295652148969,2,5.893295652148969,1,0,8,anti_homophones
38844,yong1zi5,8,-5.464841938556303,2,5.464841938556303,1,0,6,anti_homophones
38845,tu2zhi1,7,-5.869769980408682,2,5.869769980408682,1,0,6,anti_homophones
38846,lQ3shi4,7,-4.733336607638857,2,4.733336607638857,1,0,10,anti_homophones
38847,qW2se4,6,-5.3821590527699374,2,5.3821590527699374,1,0,2,anti_homophones
38848,xW1xLn1,7,-5.894265215302322,2,5.894265215302322,1,0,1,anti_homophones
38849,zhu4xLn4,8,-5.580668244855136,2,5.580668244855136,1,0,3,anti_homophones
38850,fu1lB4,6,-7.097808396899066,2,7.097808396899066,1,0,2,anti_homophones
38851,ling2zV4,8,-6.81675230970238,2,6.81675230970238,1,0,2,anti_homophones
38852,yan2bu4,7,-5.155761903745103,2,5.155761903745103,1,0,8,anti_homophones
38853,chun3jLn1,9,-6.908911956543971,2,6.908911956543971,1,0,0,anti_homophones
38854,su2qLn4,7,-7.773016869918509,2,7.773016869918509,1,0,0,anti_homophones
38855,che3dang4,9,-7.934945882385981,2,7.934945882385981,1,0,0,anti_homophones
38856,xLn1zhong4,10,-6.161682014983187,2,6.161682014983187,1,0,0,anti_homophones
38857,jin4shU3,8,-7.105084358104157,2,7.105084358104157,1,0,0,anti_homophones
38858,deng2li4,8,-5.873803706871411,2,5.873803706871411,1,0,6,anti_homophones
38859,si4zhu2,7,-6.8153658777687784,2,6.8153658777687784,1,0,1,anti_homophones
38860,ji1tUn2,7,-5.902005600525912,2,5.902005600525912,1,0,4,anti_homophones
38861,ming2xW4,8,-5.817342830127529,2,5.817342830127529,1,0,3,anti_homophones
38862,an1lu4,6,-5.747369323903278,2,5.747369323903278,1,0,5,anti_homophones
38863,jW3chu3,7,-7.06169127937908,2,7.06169127937908,1,0,1,anti_homophones
38864,chi4cong1,9,-7.479157773838969,2,7.479157773838969,1,0,0,anti_homophones
38865,zi4xing1,8,-5.356172782866856,2,5.356172782866856,1,0,4,anti_homophones
38866,yan2nE4,7,-6.128098381488127,2,6.128098381488127,1,0,2,anti_homophones
38867,xin1lv4,7,-5.838802399606888,2,5.838802399606888,1,0,1,anti_homophones
38868,lLn4su2,7,-7.033241511161016,2,7.033241511161016,1,0,1,anti_homophones
38869,li4de2,6,-5.758683093644626,2,5.758683093644626,1,0,6,anti_homophones
38870,sheng4bM2,9,-6.504565975271323,2,6.504565975271323,1,0,0,anti_homophones
38871,jW1zhang2,9,-5.813552866421543,2,5.813552866421543,1,0,6,anti_homophones
38872,pin3fa3,7,-6.112899538154207,2,6.112899538154207,1,0,0,anti_homophones
38873,lQ3hP2,6,-5.983500562900931,2,5.983500562900931,1,0,1,anti_homophones
38874,zhong4yu3,9,-5.913534969196238,2,5.913534969196238,1,0,3,anti_homophones
38875,fE1wen1,7,-6.1291640314359315,2,6.1291640314359315,1,0,2,anti_homophones
38876,chang1zhan3,11,-6.780268691212293,2,6.780268691212293,1,0,0,anti_homophones
38877,yi4kong2,8,-6.693819689530641,2,6.693819689530641,1,0,0,anti_homophones
38878,e4xLn4,6,-5.6037935002277415,2,5.6037935002277415,1,0,5,anti_homophones
38879,shu3ha1,7,-7.2295963074072,2,7.2295963074072,1,0,1,anti_homophones
38880,wang2dI4,8,-6.3076061235241205,2,6.3076061235241205,1,0,1,anti_homophones
38881,shI3jLn1,8,-6.49344346716201,2,6.49344346716201,1,0,1,anti_homophones
38882,qUn2man3,8,-6.6347464595609935,2,6.6347464595609935,1,0,1,anti_homophones
38883,tM1qi4,6,-6.0881396314985174,2,6.0881396314985174,1,0,3,anti_homophones
38884,gUn3lLng2,9,-6.514676772765315,2,6.514676772765315,1,0,4,anti_homophones
38885,dV4xu4,6,-6.539541587549974,2,6.539541587549974,1,0,4,anti_homophones
38886,zhi3jing1,9,-6.139559856068654,2,6.139559856068654,1,0,2,anti_homophones
38887,ge4xing2,8,-5.582157208196505,2,5.582157208196505,1,0,4,anti_homophones
38888,yan3jing4,9,-5.888282664825831,2,5.888282664825831,1,0,4,anti_homophones
38889,xUn1bo1,7,-6.994545243863521,2,6.994545243863521,1,0,0,anti_homophones
38890,mang3zhang4,11,-7.009082944705845,2,7.009082944705845,1,0,1,anti_homophones
38891,jW1pLn1,7,-6.211001607790891,2,6.211001607790891,1,0,1,anti_homophones
38892,jL1wE4,6,-5.665808970214021,2,5.665808970214021,1,0,0,anti_homophones
38893,sUn1shV3,8,-6.397953977915561,2,6.397953977915561,1,0,1,anti_homophones
38894,zhQ4nLn2,8,-5.46044906502275,2,5.46044906502275,1,0,1,anti_homophones
38895,lQ2shV1,7,-6.819779776471148,2,6.819779776471148,1,0,2,anti_homophones
38896,shi4lv3,7,-6.4312431788573825,2,6.4312431788573825,1,0,3,anti_homophones
38897,pang3yC4,8,-7.0664426814698995,2,7.0664426814698995,1,0,1,anti_homophones
38898,gen1yin3,8,-6.50439474845791,2,6.50439474845791,1,0,0,anti_homophones
38899,wu2yC2,6,-6.984022462948357,2,6.984022462948357,1,0,2,anti_homophones
38900,wan1qK2,7,-6.63169206131717,2,6.63169206131717,1,0,3,anti_homophones
38901,pW1yang4,8,-6.03100663421176,2,6.03100663421176,1,0,0,anti_homophones
38902,xin4yun4,8,-6.3110809038001685,2,6.3110809038001685,1,0,1,anti_homophones
38903,hA3xM4,6,-5.4322588384671855,2,5.4322588384671855,1,0,4,anti_homophones
38904,zhUn1xM4,8,-6.44132753582218,2,6.44132753582218,1,0,2,anti_homophones
38905,zi4dQ1,6,-6.027951047166036,2,6.027951047166036,1,0,3,anti_homophones
38906,ce4qu3,6,-5.849507974136612,2,5.849507974136612,1,0,3,anti_homophones
38907,jLn1bo1,7,-6.041995761302024,2,6.041995761302024,1,0,1,anti_homophones
38908,shi2lLn3,8,-6.280453448739233,2,6.280453448739233,1,0,2,anti_homophones
38909,bE4jM2,6,-6.031457255048552,2,6.031457255048552,1,0,3,anti_homophones
38910,jM3ru4,6,-5.9129786211620186,2,5.9129786211620186,1,0,2,anti_homophones
38911,qLn3qLng4,9,-7.313460285676157,2,7.313460285676157,1,0,0,anti_homophones
38912,sQ3lv4,6,-6.222528362204439,2,6.222528362204439,1,0,4,anti_homophones
38913,ju4ke1,6,-6.3729593126272395,2,6.3729593126272395,1,0,0,anti_homophones
38914,jLn4wen2,8,-5.805419515209522,2,5.805419515209522,1,0,3,anti_homophones
38915,bA2ran2,7,-6.564958304276192,2,6.564958304276192,1,0,4,anti_homophones
38916,kong1shV4,9,-6.343009985229215,2,6.343009985229215,1,0,2,anti_homophones
38917,dW1xK1,6,-6.427819842384956,2,6.427819842384956,1,0,0,anti_homophones
38918,hQ2sheng1,9,-6.370676273159932,2,6.370676273159932,1,0,1,anti_homophones
38919,yUn2mW2,7,-7.011335926816292,2,7.011335926816292,1,0,0,anti_homophones
38920,chan4qu4,8,-6.370918943031673,2,6.370918943031673,1,0,3,anti_homophones
38921,mQ2hu5,6,-6.286141849436086,2,6.286141849436086,1,0,1,anti_homophones
38922,jing4tan2,9,-6.3091605276473315,2,6.3091605276473315,1,0,2,anti_homophones
38923,lQ3zi5,6,-4.742665313328945,2,4.742665313328945,1,0,6,anti_homophones
38924,pu2ci3,6,-6.926102568306968,2,6.926102568306968,1,0,0,anti_homophones
38925,da3xi4,6,-5.610613469361619,2,5.610613469361619,1,0,5,anti_homophones
38926,za2fang1,8,-6.777904196467191,2,6.777904196467191,1,0,1,anti_homophones
38927,gUn1ju2,7,-5.8373582086080775,2,5.8373582086080775,1,0,3,anti_homophones
38928,zhi1ya3,7,-6.217854509068765,2,6.217854509068765,1,0,3,anti_homophones
38929,xing2cA3,8,-6.462509203726107,2,6.462509203726107,1,0,2,anti_homophones
38930,jLng4pA4,8,-6.070103683826558,2,6.070103683826558,1,0,1,anti_homophones
38931,ya5yan3,7,-6.260881611402053,2,6.260881611402053,1,0,0,anti_homophones
38932,cheng1tong1,11,-6.211700241587611,2,6.211700241587611,1,0,1,anti_homophones
38933,ji4sO1,6,-6.392253425161404,2,6.392253425161404,1,0,1,anti_homophones
38934,bE3chu1,7,-6.103531134230867,2,6.103531134230867,1,0,0,anti_homophones
38935,shen3xLn1,9,-6.798261474843839,2,6.798261474843839,1,0,1,anti_homophones
38936,wen2shu4,8,-5.765928263889016,2,5.765928263889016,1,0,2,anti_homophones
38937,bi2xin1,7,-5.656540642409474,2,5.656540642409474,1,0,3,anti_homophones
38938,che1lu4,7,-5.312616108850887,2,5.312616108850887,1,0,5,anti_homophones
38939,tI4pW4,6,-5.256764425405772,2,5.256764425405772,1,0,2,anti_homophones
38940,jin3qUn1,8,-7.1926348076140725,2,7.1926348076140725,1,0,1,anti_homophones
38941,ying4fu3,8,-6.1264971039397444,2,6.1264971039397444,1,0,1,anti_homophones
38942,yi2jun1,7,-6.166942054626476,2,6.166942054626476,1,0,2,anti_homophones
38943,jM4cheng1,9,-6.012257558290002,2,6.012257558290002,1,0,1,anti_homophones
38944,gV4mW4,6,-6.240569810503838,2,6.240569810503838,1,0,1,anti_homophones
38945,shU1cI4,7,-7.564858454453691,2,7.564858454453691,1,0,1,anti_homophones
38946,xL4er2,6,-5.448592597520306,2,5.448592597520306,1,0,3,anti_homophones
38947,shu1zi5,7,-5.141648507555718,2,5.141648507555718,1,0,6,anti_homophones
38948,V1gE3,5,-7.616153139013315,2,7.616153139013315,1,0,0,anti_homophones
38949,jK4nan4,7,-5.7953792201419,2,5.7953792201419,1,0,2,anti_homophones
38950,gan3dang4,9,-6.368268665720635,2,6.368268665720635,1,0,1,anti_homophones
38951,fu2hI4,6,-5.652034562991073,2,5.652034562991073,1,0,4,anti_homophones
38952,yin1shen3,9,-6.338252863732294,2,6.338252863732294,1,0,2,anti_homophones
38953,fa3gI3,6,-6.733936564514383,2,6.733936564514383,1,0,0,anti_homophones
38954,cI1chu1,7,-5.911677258034086,2,5.911677258034086,1,0,1,anti_homophones
38955,ti2shUng4,9,-7.267789939060238,2,7.267789939060238,1,0,0,anti_homophones
38956,gO4gP4,6,-6.077564202792733,2,6.077564202792733,1,0,2,anti_homophones
38957,hU4dQ4,6,-5.536903506256136,2,5.536903506256136,1,0,2,anti_homophones
38958,hu2ke4,6,-5.442602706499609,2,5.442602706499609,1,0,2,anti_homophones
38959,tu4er3,6,-6.203843938733463,2,6.203843938733463,1,0,2,anti_homophones
38960,gI1shi4,7,-5.431991456068429,2,5.431991456068429,1,0,2,anti_homophones
38961,ying2chen2,10,-6.364851668018908,2,6.364851668018908,1,0,1,anti_homophones
38962,shi1yC1,7,-6.039445907866307,2,6.039445907866307,1,0,1,anti_homophones
38963,mo4qUn3,7,-6.9539937350480425,2,6.9539937350480425,1,0,0,anti_homophones
38964,hang3jLn4,9,-6.167594813678296,2,6.167594813678296,1,0,2,anti_homophones
38965,qLng1xLn1,9,-6.558449665645973,2,6.558449665645973,1,0,0,anti_homophones
38966,pan2pLn4,8,-6.357083043353149,2,6.357083043353149,1,0,1,anti_homophones
38967,shi4gO2,7,-5.749430748102081,2,5.749430748102081,1,0,0,anti_homophones
38968,yang2shI3,9,-6.011663516884081,2,6.011663516884081,1,0,1,anti_homophones
38969,she1ya2,7,-7.433557552303411,2,7.433557552303411,1,0,2,anti_homophones
38970,ji4shV3,7,-5.3617025272574255,2,5.3617025272574255,1,0,6,anti_homophones
38971,wo4bu4,6,-5.356859881717865,2,5.356859881717865,1,0,3,anti_homophones
38972,xK1ri4,6,-5.187751378795912,2,5.187751378795912,1,0,3,anti_homophones
38973,qC4ren2,7,-5.898471244477112,2,5.898471244477112,1,0,2,anti_homophones
38974,wE2yan3,7,-5.75893283675698,2,5.75893283675698,1,0,2,anti_homophones
38975,si1yi1,6,-5.757624819588994,2,5.757624819588994,1,0,5,anti_homophones
38976,chQ1zhu3,8,-6.181410603858677,2,6.181410603858677,1,0,2,anti_homophones
38977,hV4nW3,6,-5.8140819800488694,2,5.8140819800488694,1,0,3,anti_homophones
38978,chi2yang1,9,-6.685226684067341,2,6.685226684067341,1,0,0,anti_homophones
38979,gO2jM1,6,-5.7303774117810935,2,5.7303774117810935,1,0,4,anti_homophones
38980,tI1jin1,7,-5.751047696338536,2,5.751047696338536,1,0,6,anti_homophones
38981,yan3yi2,7,-6.338977186511008,2,6.338977186511008,1,0,3,anti_homophones
38982,sheng1cI4,9,-5.683760320086554,2,5.683760320086554,1,0,2,anti_homophones
38983,xL4li4,6,-4.984414296023317,2,4.984414296023317,1,0,7,anti_homophones
38984,yu2xin1,7,-5.6257672387599165,2,5.6257672387599165,1,0,3,anti_homophones
38985,xin1pen1,8,-6.506591798874027,2,6.506591798874027,1,0,1,anti_homophones
38986,hang1bu4,8,-6.41648022312832,2,6.41648022312832,1,0,2,anti_homophones
38987,ru3si3,6,-6.6490985055175775,2,6.6490985055175775,1,0,2,anti_homophones
38988,ju4lv4,6,-5.468103206786234,2,5.468103206786234,1,0,2,anti_homophones
38989,kA1fa1,6,-5.096460757991401,2,5.096460757991401,1,0,4,anti_homophones
38990,bo2he2,6,-5.7263785655119,2,5.7263785655119,1,0,3,anti_homophones
38991,jun4lLng4,9,-7.002189224860314,2,7.002189224860314,1,0,0,anti_homophones
38992,dQ4dQ4,6,-5.519383571784931,2,5.519383571784931,1,0,8,anti_homophones
38993,bE1chUn4,8,-6.68191636762271,2,6.68191636762271,1,0,0,anti_homophones
38994,kQ4bang4,8,-6.921478224897348,2,6.921478224897348,1,0,0,anti_homophones
38995,tO5qi4,6,-6.9562449398347805,2,6.9562449398347805,1,0,2,anti_homophones
38996,xLng1yin1,9,-5.898367607978325,2,5.898367607978325,1,0,3,anti_homophones
38997,yu4qi1,6,-5.6475635587523785,2,5.6475635587523785,1,0,7,anti_homophones
38998,ye4hang1,8,-6.771312802042991,2,6.771312802042991,1,0,0,anti_homophones
38999,bu4gA4,6,-5.5329443959044315,2,5.5329443959044315,1,0,3,anti_homophones
39000,xi1qing3,8,-6.303742377495339,2,6.303742377495339,1,0,2,anti_homophones
39001,tW2qing2,8,-6.016431725206623,2,6.016431725206623,1,0,2,anti_homophones
39002,li3she3,7,-6.748520481866403,2,6.748520481866403,1,0,2,anti_homophones
39003,kO4bi4,6,-6.12345435917823,2,6.12345435917823,1,0,2,anti_homophones
39004,dUn1si1,7,-6.504617691327416,2,6.504617691327416,1,0,2,anti_homophones
39005,cA3hUng3,8,-7.132334831505261,2,7.132334831505261,1,0,0,anti_homophones
39006,nong2shi3,9,-6.755968888912026,2,6.755968888912026,1,0,1,anti_homophones
39007,bi4yan3,7,-5.691506565886179,2,5.691506565886179,1,0,3,anti_homophones
39008,dQ3xL2,6,-6.3392484383865,2,6.3392484383865,1,0,2,anti_homophones
39009,rong3lO4,8,-6.783612155693632,2,6.783612155693632,1,0,1,anti_homophones
39010,ban3ze2,7,-5.932840506943663,2,5.932840506943663,1,0,3,anti_homophones
39011,shu1san1,8,-6.1214883561084115,2,6.1214883561084115,1,0,1,anti_homophones
39012,yan2xing4,9,-5.490009607582141,2,5.490009607582141,1,0,2,anti_homophones
39013,ceng1yUn1,9,-8.172760475228111,2,8.172760475228111,1,0,0,anti_homophones
39014,dUn4ci2,7,-6.6066514827026745,2,6.6066514827026745,1,0,1,anti_homophones
39015,wE3tu2,6,-5.74999783803874,2,5.74999783803874,1,0,2,anti_homophones
39016,chen1sha1,9,-6.3756556139893,2,6.3756556139893,1,0,3,anti_homophones
39017,wu1hA4,6,-5.907564225211186,2,5.907564225211186,1,0,1,anti_homophones
39018,xC4ka3,6,-5.935648903790447,2,5.935648903790447,1,0,2,anti_homophones
39019,an1fa3,6,-5.853192394128508,2,5.853192394128508,1,0,0,anti_homophones
39020,xin1li4,7,-4.945699701653366,2,4.945699701653366,1,0,9,anti_homophones
39021,ling2yUn4,9,-6.19780395938151,2,6.19780395938151,1,0,1,anti_homophones
39022,hong1pan4,9,-6.511167794084813,2,6.511167794084813,1,0,2,anti_homophones
39023,qing2hI4,8,-5.835226120099218,2,5.835226120099218,1,0,4,anti_homophones
39024,pi2hV4,6,-5.660185529637567,2,5.660185529637567,1,0,7,anti_homophones
39025,tong1hO4,8,-5.799832132318861,2,5.799832132318861,1,0,1,anti_homophones
39026,chu4zhi1,8,-5.865959680682797,2,5.865959680682797,1,0,3,anti_homophones
39027,hO4xLn3,7,-6.554854723290146,2,6.554854723290146,1,0,1,anti_homophones
39028,hU1xLng1,8,-6.10678780584908,2,6.10678780584908,1,0,1,anti_homophones
39029,tV1dV3,6,-5.897063989503259,2,5.897063989503259,1,0,0,anti_homophones
39030,shang2ji1,9,-5.551314147458304,2,5.551314147458304,1,0,4,anti_homophones
39031,shi2nan4,8,-5.881614967174288,2,5.881614967174288,1,0,3,anti_homophones
39032,heng2xing2,10,-6.594903231824467,2,6.594903231824467,1,0,1,anti_homophones
39033,lM4bM2,6,-5.738761081290871,2,5.738761081290871,1,0,0,anti_homophones
39034,kV4yu4,6,-6.689520316290825,2,6.689520316290825,1,0,1,anti_homophones
39035,xUn2zhu4,8,-6.15950315753822,2,6.15950315753822,1,0,3,anti_homophones
39036,he2sUn1,7,-5.293279821619792,2,5.293279821619792,1,0,2,anti_homophones
39037,xi1du2,6,-5.971938252616161,2,5.971938252616161,1,0,3,anti_homophones
39038,mLn3wE4,7,-6.490125175159657,2,6.490125175159657,1,0,0,anti_homophones
39039,chu2leng1,9,-6.639416816977885,2,6.639416816977885,1,0,0,anti_homophones
39040,fan3bu4,7,-5.9382300506272285,2,5.9382300506272285,1,0,5,anti_homophones
39041,se4du4,6,-6.213919239986618,2,6.213919239986618,1,0,2,anti_homophones
39042,yV1mu4,6,-5.836071242149528,2,5.836071242149528,1,0,4,anti_homophones
39043,zhong1qi2,9,-5.982400861106843,2,5.982400861106843,1,0,2,anti_homophones
39044,lQ3bang2,8,-6.103177340468892,2,6.103177340468892,1,0,3,anti_homophones
39045,ling4wan3,9,-6.910015835288625,2,6.910015835288625,1,0,1,anti_homophones
39046,deng1gen1,9,-7.1748069307650315,2,7.1748069307650315,1,0,0,anti_homophones
39047,chun1hQ3,8,-7.195046774332502,2,7.195046774332502,1,0,0,anti_homophones
39048,da4gong1,8,-4.9959644908264815,2,4.9959644908264815,1,0,6,anti_homophones
39049,si1shang3,9,-6.15700558412349,2,6.15700558412349,1,0,1,anti_homophones
39050,shu2sO3,7,-6.071776573641732,2,6.071776573641732,1,0,2,anti_homophones
39051,can1xLng4,9,-6.056026871449786,2,6.056026871449786,1,0,1,anti_homophones
39052,tV2wE4,6,-5.491224499761668,2,5.491224499761668,1,0,5,anti_homophones
39053,da3qLng4,8,-5.636906481701286,2,5.636906481701286,1,0,2,anti_homophones
39054,ding4hO2,8,-6.753200655302951,2,6.753200655302951,1,0,2,anti_homophones
39055,gI3hU1,6,-5.843402725936259,2,5.843402725936259,1,0,1,anti_homophones
39056,bA3ti3,6,-6.2635656311646954,2,6.2635656311646954,1,0,3,anti_homophones
39057,gQ1ge1,6,-5.127955531753931,2,5.127955531753931,1,0,5,anti_homophones
39058,shan1zi3,8,-6.048459814063118,2,6.048459814063118,1,0,4,anti_homophones
39059,shu4zang2,9,-6.868437497349981,2,6.868437497349981,1,0,0,anti_homophones
39060,sang2xW4,8,-6.706708652307901,2,6.706708652307901,1,0,0,anti_homophones
39061,ke3he2,6,-5.720893117994019,2,5.720893117994019,1,0,6,anti_homophones
39062,yV3hU1,6,-6.008189689645542,2,6.008189689645542,1,0,2,anti_homophones
39063,zhang2gang2,11,-7.087888775012254,2,7.087888775012254,1,0,1,anti_homophones
39064,xi1cha2,7,-5.978969031804229,2,5.978969031804229,1,0,2,anti_homophones
39065,tong4wang3,10,-6.589959288516385,2,6.589959288516385,1,0,1,anti_homophones
39066,mi2bu4,6,-5.658294273927254,2,5.658294273927254,1,0,7,anti_homophones
39067,hU1jL1,6,-5.368956975041267,2,5.368956975041267,1,0,5,anti_homophones
39068,kan4kV3,7,-6.179033121302788,2,6.179033121302788,1,0,0,anti_homophones
39069,zO4dQ1,6,-6.503442591692097,2,6.503442591692097,1,0,3,anti_homophones
39070,sa3lang4,8,-7.142430976902355,2,7.142430976902355,1,0,0,anti_homophones
39071,lK2ban4,7,-6.374965887674715,2,6.374965887674715,1,0,1,anti_homophones
39072,chu1hA4,7,-5.449222008369489,2,5.449222008369489,1,0,6,anti_homophones
39073,ji2zhu4,7,-5.623294285596286,2,5.623294285596286,1,0,4,anti_homophones
39074,xW4neng1,8,-5.946627683834391,2,5.946627683834391,1,0,0,anti_homophones
39075,zhUng1qun2,10,-6.7922945409826365,2,6.7922945409826365,1,0,0,anti_homophones
39076,yQ3weng2,8,-7.515405907572558,2,7.515405907572558,1,0,2,anti_homophones
39077,bA2he2,6,-5.769947343208904,2,5.769947343208904,1,0,2,anti_homophones
39078,pLn2mW4,7,-8.05372170289851,2,8.05372170289851,1,0,0,anti_homophones
39079,peng3yV3,8,-7.200973185392036,2,7.200973185392036,1,0,0,anti_homophones
39080,gQ4jM2,6,-6.2883336744233205,2,6.2883336744233205,1,0,2,anti_homophones
39081,ru3tUn2,7,-6.147519362710692,2,6.147519362710692,1,0,1,anti_homophones
39082,jW4yUn4,7,-5.65389583159396,2,5.65389583159396,1,0,5,anti_homophones
39083,ti2ming3,8,-6.318787484793574,2,6.318787484793574,1,0,0,anti_homophones
39084,zhV3tI3,7,-6.943199506650136,2,6.943199506650136,1,0,0,anti_homophones
39085,chQ2mo5,7,-6.419184743101813,2,6.419184743101813,1,0,1,anti_homophones
39086,shi1bo2,7,-6.101761525885642,2,6.101761525885642,1,0,3,anti_homophones
39087,gUng1zu2,8,-6.430895449341956,2,6.430895449341956,1,0,1,anti_homophones
39088,hUn2dong4,9,-6.309951812761689,2,6.309951812761689,1,0,0,anti_homophones
39089,cQ3zhang2,9,-6.357750060342181,2,6.357750060342181,1,0,0,anti_homophones
39090,lQ2du2,6,-5.614444898205658,2,5.614444898205658,1,0,7,anti_homophones
39091,xLn2xC2,7,-5.806953112538969,2,5.806953112538969,1,0,1,anti_homophones
39092,shV3chu3,8,-6.00490009534665,2,6.00490009534665,1,0,2,anti_homophones
39093,ni4de2,6,-6.116618879043194,2,6.116618879043194,1,0,4,anti_homophones
39094,fang2zhu3,9,-6.043789130536029,2,6.043789130536029,1,0,2,anti_homophones
39095,wo1nan2,7,-5.5974316490636316,2,5.5974316490636316,1,0,0,anti_homophones
39096,he2hI4,6,-4.922500991325231,2,4.922500991325231,1,0,7,anti_homophones
39097,shUn3han5,9,-9.661332108430548,2,9.661332108430548,1,0,0,anti_homophones
39098,song4wu4,8,-6.175755702473734,2,6.175755702473734,1,0,2,anti_homophones
39099,na3yan2,7,-6.171895746257588,2,6.171895746257588,1,0,2,anti_homophones
39100,gu3gUng4,8,-6.254983253828396,2,6.254983253828396,1,0,0,anti_homophones
39101,yi1chUn1,8,-5.908600167154527,2,5.908600167154527,1,0,4,anti_homophones
39102,jin1jW3,7,-5.647979518755138,2,5.647979518755138,1,0,3,anti_homophones
39103,ju4shI3,7,-5.806312057897263,2,5.806312057897263,1,0,4,anti_homophones
39104,zhQ1xun4,8,-6.655769840763565,2,6.655769840763565,1,0,1,anti_homophones
39105,zhong4dW4,9,-6.267389340552181,2,6.267389340552181,1,0,3,anti_homophones
39106,zO3pE4,6,-6.45361167047842,2,6.45361167047842,1,0,1,anti_homophones
39107,zhi4dang2,9,-6.41006772341657,2,6.41006772341657,1,0,1,anti_homophones
39108,bE3sI4,6,-6.617182105533069,2,6.617182105533069,1,0,0,anti_homophones
39109,ken3qing4,9,-7.253361972871477,2,7.253361972871477,1,0,0,anti_homophones
39110,jing2yi2,8,-5.915826929641157,2,5.915826929641157,1,0,4,anti_homophones
39111,hong1di4,8,-5.815588817401058,2,5.815588817401058,1,0,2,anti_homophones
39112,yi2wu5,6,-7.429037908398628,2,7.429037908398628,1,0,1,anti_homophones
39113,yC4ying4,8,-6.4847333367421784,2,6.4847333367421784,1,0,0,anti_homophones
39114,he2qi1,6,-5.30800640106519,2,5.30800640106519,1,0,1,anti_homophones
39115,dang3sI4,8,-7.117703000711349,2,7.117703000711349,1,0,0,anti_homophones
39116,shi4leng4,9,-6.535932669105964,2,6.535932669105964,1,0,1,anti_homophones
39117,gan3xLng4,9,-5.805432461750679,2,5.805432461750679,1,0,2,anti_homophones
39118,peng2kong1,10,-6.649660243047569,2,6.649660243047569,1,0,0,anti_homophones
39119,qL4tan4,7,-6.588988666022068,2,6.588988666022068,1,0,1,anti_homophones
39120,lv3fa2,6,-6.487855543640922,2,6.487855543640922,1,0,1,anti_homophones
39121,kUn3chen1,9,-6.908782743369717,2,6.908782743369717,1,0,1,anti_homophones
39122,qLn1ran3,8,-6.343640252087443,2,6.343640252087443,1,0,3,anti_homophones
39123,tong4ren2,9,-5.35090882345191,2,5.35090882345191,1,0,3,anti_homophones
39124,pLn4mE4,7,-6.4726931865776836,2,6.4726931865776836,1,0,2,anti_homophones
39125,zhan4tV2,8,-5.835803585383244,2,5.835803585383244,1,0,3,anti_homophones
39126,yin3sO1,7,-6.476558003462432,2,6.476558003462432,1,0,0,anti_homophones
39127,chUng3le4,9,-7.149121326061496,2,7.149121326061496,1,0,0,anti_homophones
39128,dong1cang2,10,-7.006343381607224,2,7.006343381607224,1,0,0,anti_homophones
39129,shI3chQ2,8,-5.962808903248894,2,5.962808903248894,1,0,0,anti_homophones
39130,ren2jing1,9,-5.919384832439769,2,5.919384832439769,1,0,1,anti_homophones
39131,shen2xu4,8,-5.980172071614754,2,5.980172071614754,1,0,0,anti_homophones
39132,yQ2wu1,6,-6.217184411841578,2,6.217184411841578,1,0,1,anti_homophones
39133,shi4xi2,7,-5.604672982790748,2,5.604672982790748,1,0,5,anti_homophones
39134,lE4xLn4,7,-5.972181548942819,2,5.972181548942819,1,0,1,anti_homophones
39135,fE1che1,7,-5.400263716499507,2,5.400263716499507,1,0,2,anti_homophones
39136,jW1yQ1,6,-5.484578570660756,2,5.484578570660756,1,0,7,anti_homophones
39137,lQ3shan4,8,-5.778146060609935,2,5.778146060609935,1,0,3,anti_homophones
39138,yV4sheng1,9,-5.775390356468954,2,5.775390356468954,1,0,3,anti_homophones
39139,bE3zi5,6,-5.701103937161012,2,5.701103937161012,1,0,6,anti_homophones
39140,te4zhi1,7,-5.509204421972688,2,5.509204421972688,1,0,4,anti_homophones
39141,yu2yUn4,7,-6.280086529731808,2,6.280086529731808,1,0,2,anti_homophones
39142,jing3xK1,8,-6.586319729217453,2,6.586319729217453,1,0,0,anti_homophones
39143,fang4di2,8,-6.421985657657165,2,6.421985657657165,1,0,1,anti_homophones
39144,wen4tV5,7,-6.26336810187361,2,6.26336810187361,1,0,1,anti_homophones
39145,shen1sheng1,11,-5.639171262251793,2,5.639171262251793,1,0,0,anti_homophones
39146,tang2yUn4,9,-6.475790236776469,2,6.475790236776469,1,0,0,anti_homophones
39147,jing1tLn1,9,-5.771104455896628,2,5.771104455896628,1,0,1,anti_homophones
39148,yang4tQ4,8,-7.014102202010465,2,7.014102202010465,1,0,1,anti_homophones
39149,qUn2tA2,7,-5.894602886156001,2,5.894602886156001,1,0,1,anti_homophones
39150,bi3fang1,8,-6.127031975681712,2,6.127031975681712,1,0,2,anti_homophones
39151,gQ1qu1,6,-5.744100986664251,2,5.744100986664251,1,0,3,anti_homophones
39152,yQ3dLn4,7,-6.327630735089644,2,6.327630735089644,1,0,4,anti_homophones
39153,yi1chang2,9,-5.424022465565494,2,5.424022465565494,1,0,5,anti_homophones
39154,yin4zhang4,10,-6.554915757058681,2,6.554915757058681,1,0,0,anti_homophones
39155,qLn1kU3,7,-6.505113310632139,2,6.505113310632139,1,0,2,anti_homophones
39156,bW1dW4,6,-7.256659489686975,2,7.256659489686975,1,0,3,anti_homophones
39157,wE1hu4,6,-5.759645320761667,2,5.759645320761667,1,0,5,anti_homophones
39158,zhu3xLng1,9,-6.053232169903034,2,6.053232169903034,1,0,1,anti_homophones
39159,dLn4lLng4,9,-5.916324476206204,2,5.916324476206204,1,0,0,anti_homophones
39160,hI1shang4,9,-6.289403699404803,2,6.289403699404803,1,0,1,anti_homophones
39161,zhUn4che1,9,-6.452534824528192,2,6.452534824528192,1,0,1,anti_homophones
39162,chang1shen2,11,-6.530078796962241,2,6.530078796962241,1,0,3,anti_homophones
39163,wu4ye4,6,-5.670612049397937,2,5.670612049397937,1,0,5,anti_homophones
39164,yi4xin4,7,-5.777657877658238,2,5.777657877658238,1,0,4,anti_homophones
39165,V3ying2,7,-6.773396382577867,2,6.773396382577867,1,0,0,anti_homophones
39166,tan4fu2,7,-6.355070852200399,2,6.355070852200399,1,0,3,anti_homophones
39167,bu4pang1,8,-6.538224674865998,2,6.538224674865998,1,0,0,anti_homophones
39168,che1chUng2,10,-6.4170358743483,2,6.4170358743483,1,0,1,anti_homophones
39169,chV1feng1,9,-6.399128530035257,2,6.399128530035257,1,0,1,anti_homophones
39170,tQ1tan2,7,-6.1914996077190665,2,6.1914996077190665,1,0,3,anti_homophones
39171,yV2la5,6,-6.2819794378183635,2,6.2819794378183635,1,0,1,anti_homophones
39172,yV2yUn2,7,-5.039636973896814,2,5.039636973896814,1,0,3,anti_homophones
39173,ming2jL1,8,-5.573160794414836,2,5.573160794414836,1,0,2,anti_homophones
39174,zu2xin1,7,-6.0455627202479105,2,6.0455627202479105,1,0,3,anti_homophones
39175,jUn4ke4,7,-7.135532249001665,2,7.135532249001665,1,0,2,anti_homophones
39176,gan1ce4,7,-6.0045405592606755,2,6.0045405592606755,1,0,3,anti_homophones
39177,gong1lu5,8,-6.451608107978264,2,6.451608107978264,1,0,1,anti_homophones
39178,gI1chen2,8,-7.10991836284509,2,7.10991836284509,1,0,1,anti_homophones
39179,hQ3lE4,6,-5.873955261483125,2,5.873955261483125,1,0,2,anti_homophones
39180,xLn4shi4,8,-4.99265456070996,2,4.99265456070996,1,0,10,anti_homophones
39181,zhun1zhang3,11,-7.042371326974341,2,7.042371326974341,1,0,1,anti_homophones
39182,xi4ri4,6,-5.9229534439959135,2,5.9229534439959135,1,0,10,anti_homophones
39183,hI2xu1,6,-6.308927048655109,2,6.308927048655109,1,0,1,anti_homophones
39184,xW3dQ3,6,-5.585974676496889,2,5.585974676496889,1,0,3,anti_homophones
39185,yi2zhe3,7,-5.435819157624745,2,5.435819157624745,1,0,4,anti_homophones
39186,shang3wE4,9,-5.796403084141065,2,5.796403084141065,1,0,1,anti_homophones
39187,tang2neng1,10,-7.746070655447787,2,7.746070655447787,1,0,0,anti_homophones
39188,zu3ji4,6,-5.842122151969195,2,5.842122151969195,1,0,4,anti_homophones
39189,sha1ya2,7,-5.960617700147522,2,5.960617700147522,1,0,5,anti_homophones
39190,shi4yan1,8,-5.927311878319344,2,5.927311878319344,1,0,3,anti_homophones
39191,yUn2dUn3,8,-6.0842781673701705,2,6.0842781673701705,1,0,3,anti_homophones
39192,zhang2tA2,9,-6.142117336798976,2,6.142117336798976,1,0,1,anti_homophones
39193,yUn2jun4,8,-6.839823632392435,2,6.839823632392435,1,0,0,anti_homophones
39194,yu2san1,7,-6.514177308148156,2,6.514177308148156,1,0,1,anti_homophones
39195,yin2shu4,8,-5.9627531486913234,2,5.9627531486913234,1,0,4,anti_homophones
39196,chu1cun2,8,-6.056764235877426,2,6.056764235877426,1,0,2,anti_homophones
39197,tV2zhi4,7,-5.559633199411116,2,5.559633199411116,1,0,1,anti_homophones
39198,zhang1jW4,9,-6.797162743389383,2,6.797162743389383,1,0,0,anti_homophones
39199,gong4xL4,8,-5.81128289211242,2,5.81128289211242,1,0,1,anti_homophones
39200,chV3zhe3,8,-6.779187351498146,2,6.779187351498146,1,0,0,anti_homophones
39201,zhi2zO5,7,-8.423811531550712,2,8.423811531550712,1,0,1,anti_homophones
39202,hUng2yan4,9,-6.547151631504953,2,6.547151631504953,1,0,0,anti_homophones
39203,dong2xin1,9,-5.797649375466724,2,5.797649375466724,1,0,4,anti_homophones
39204,kV3qW4,6,-6.626260219661467,2,6.626260219661467,1,0,1,anti_homophones
39205,lE3xM4,6,-6.829412051719027,2,6.829412051719027,1,0,1,anti_homophones
39206,tW1xM4,6,-6.325022304779405,2,6.325022304779405,1,0,4,anti_homophones
39207,lM4ting2,8,-7.340071765736539,2,7.340071765736539,1,0,1,anti_homophones
39208,xing4chV2,9,-6.689404297992226,2,6.689404297992226,1,0,0,anti_homophones
39209,chi3sha1,8,-6.952691501451898,2,6.952691501451898,1,0,0,anti_homophones
39210,na4leng1,8,-7.066564131860614,2,7.066564131860614,1,0,1,anti_homophones
39211,cang1bu3,8,-7.365510883612499,2,7.365510883612499,1,0,1,anti_homophones
39212,shUn4tu2,8,-6.525179201339235,2,6.525179201339235,1,0,1,anti_homophones
39213,tO1xLn4,7,-5.871072210581485,2,5.871072210581485,1,0,5,anti_homophones
39214,fE4che1,7,-6.36625854519005,2,6.36625854519005,1,0,1,anti_homophones
39215,cha2yi2,7,-5.941960336436087,2,5.941960336436087,1,0,2,anti_homophones
39216,men2fa3,7,-5.889018997477579,2,5.889018997477579,1,0,1,anti_homophones
39217,gu1shan4,8,-6.512415747623315,2,6.512415747623315,1,0,3,anti_homophones
39218,yu2chu4,7,-6.165420331085412,2,6.165420331085412,1,0,4,anti_homophones
39219,wen1yUn2,8,-6.082253128437043,2,6.082253128437043,1,0,1,anti_homophones
39220,yi1zQ4,6,-6.088668548977804,2,6.088668548977804,1,0,8,anti_homophones
39221,bing1shan3,10,-6.805507486389274,2,6.805507486389274,1,0,1,anti_homophones
39222,chQ1qing1,9,-6.555274518528448,2,6.555274518528448,1,0,1,anti_homophones
39223,yC4kan3,7,-7.070845106610588,2,7.070845106610588,1,0,0,anti_homophones
39224,tu2ji2,6,-5.732268464573193,2,5.732268464573193,1,0,4,anti_homophones
39225,bu4sO3,6,-5.312503111117563,2,5.312503111117563,1,0,4,anti_homophones
39226,sUn1ji1,7,-5.933498805519536,2,5.933498805519536,1,0,3,anti_homophones
39227,qi1er2,6,-5.6742645463528305,2,5.6742645463528305,1,0,3,anti_homophones
39228,bE3bi4,6,-7.2628977842005105,2,7.2628977842005105,1,0,4,anti_homophones
39229,kV1ming2,8,-6.687881523543625,2,6.687881523543625,1,0,0,anti_homophones
39230,di4e2,5,-5.7617059744664285,2,5.7617059744664285,1,0,5,anti_homophones
39231,qin2shV3,8,-5.943664621587738,2,5.943664621587738,1,0,2,anti_homophones
39232,ding1ya3,8,-7.257295069980211,2,7.257295069980211,1,0,1,anti_homophones
39233,xi1tV2,6,-5.5971273988108585,2,5.5971273988108585,1,0,4,anti_homophones
39234,nong2shen1,10,-6.838253172074711,2,6.838253172074711,1,0,1,anti_homophones
39235,wu2wen4,7,-6.1099875695333905,2,6.1099875695333905,1,0,2,anti_homophones
39236,nK3de2,6,-6.074169903285583,2,6.074169903285583,1,0,1,anti_homophones
39237,chu1fa1,7,-5.760592207888044,2,5.760592207888044,1,0,4,anti_homophones
39238,cheng3ran2,10,-6.4788923741972395,2,6.4788923741972395,1,0,1,anti_homophones
39239,chun2fa4,8,-7.1997108830505505,2,7.1997108830505505,1,0,1,anti_homophones
39240,yi3mQ4,6,-5.976507351358577,2,5.976507351358577,1,0,4,anti_homophones
39241,kV3cA3,6,-6.480293019953265,2,6.480293019953265,1,0,0,anti_homophones
39242,yV1yi2,6,-5.848539795050279,2,5.848539795050279,1,0,2,anti_homophones
39243,yan2chan2,9,-6.752242856271691,2,6.752242856271691,1,0,0,anti_homophones
39244,jun1gA4,7,-6.1031375635050535,2,6.1031375635050535,1,0,1,anti_homophones
39245,mE2mu4,6,-5.442696457896671,2,5.442696457896671,1,0,5,anti_homophones
39246,qW2dUn4,7,-5.7075216944865375,2,5.7075216944865375,1,0,2,anti_homophones
39247,gA3ji2,6,-5.716691317441855,2,5.716691317441855,1,0,6,anti_homophones
39248,xM3fa3,6,-6.033912474932502,2,6.033912474932502,1,0,1,anti_homophones
39249,ti4de2,6,-5.888640323491536,2,5.888640323491536,1,0,4,anti_homophones
39250,zhong3dong2,11,-6.559464286496812,2,6.559464286496812,1,0,0,anti_homophones
39251,leng2xLn4,9,-6.2758246502585076,2,6.2758246502585076,1,0,0,anti_homophones
39252,gQ4xC2,6,-6.486736738898202,2,6.486736738898202,1,0,3,anti_homophones
39253,gUn1jL1,7,-5.6083305110878605,2,5.6083305110878605,1,0,4,anti_homophones
39254,tQ1ben3,7,-6.590722497501157,2,6.590722497501157,1,0,0,anti_homophones
39255,hE1dQ4,6,-5.655451936616836,2,5.655451936616836,1,0,5,anti_homophones
39256,shi1chang4,10,-5.988554363003474,2,5.988554363003474,1,0,1,anti_homophones
39257,e4ming1,7,-6.343050689010637,2,6.343050689010637,1,0,1,anti_homophones
39258,jK3hu2,6,-6.1976654137232305,2,6.1976654137232305,1,0,0,anti_homophones
39259,dUn4kang2,9,-8.140206241460458,2,8.140206241460458,1,0,0,anti_homophones
39260,dLn4pQ4,7,-5.568647895295823,2,5.568647895295823,1,0,5,anti_homophones
39261,qing2xW3,8,-6.632678470052549,2,6.632678470052549,1,0,2,anti_homophones
39262,bo1fan4,7,-5.800239982153117,2,5.800239982153117,1,0,2,anti_homophones
39263,dan1yong1,9,-6.333271087932368,2,6.333271087932368,1,0,0,anti_homophones
39264,qLn1kV3,7,-5.7481586165461644,2,5.7481586165461644,1,0,3,anti_homophones
39265,fE4bW3,6,-6.449884221205247,2,6.449884221205247,1,0,1,anti_homophones
39266,zhQ4jLn4,8,-5.755406304614703,2,5.755406304614703,1,0,1,anti_homophones
39267,ren2ji1,7,-5.162053407707014,2,5.162053407707014,1,0,5,anti_homophones
39268,chang2jin4,10,-6.154937470658353,2,6.154937470658353,1,0,1,anti_homophones
39269,xin1bing4,9,-5.735980130497657,2,5.735980130497657,1,0,1,anti_homophones
39270,cu4qun2,7,-7.14698481347905,2,7.14698481347905,1,0,0,anti_homophones
39271,ca1sheng4,9,-6.544433741947055,2,6.544433741947055,1,0,0,anti_homophones
39272,bQ3shen2,8,-5.9087011546511805,2,5.9087011546511805,1,0,0,anti_homophones
39273,tong2tV2,8,-5.616500449233849,2,5.616500449233849,1,0,2,anti_homophones
39274,yV2wu3,6,-6.227933434394559,2,6.227933434394559,1,0,3,anti_homophones
39275,leng3ba5,8,-7.419880373039046,2,7.419880373039046,1,0,0,anti_homophones
39276,ya1qin3,7,-7.6798306231205595,2,7.6798306231205595,1,0,1,anti_homophones
39277,mA4li2,6,-6.345593477719034,2,6.345593477719034,1,0,3,anti_homophones
39278,chong1ta3,9,-6.7277851089920855,2,6.7277851089920855,1,0,0,anti_homophones
39279,cQ3bing2,8,-6.505073066298023,2,6.505073066298023,1,0,1,anti_homophones
39280,dV3lK2,6,-6.229169549740889,2,6.229169549740889,1,0,0,anti_homophones
39281,ji2ti3,6,-5.297668804257148,2,5.297668804257148,1,0,5,anti_homophones
39282,jM2he2,6,-5.132378822250206,2,5.132378822250206,1,0,1,anti_homophones
39283,fang2hQ4,8,-5.886268223825799,2,5.886268223825799,1,0,5,anti_homophones
39284,jing1yUn4,9,-6.283060911297314,2,6.283060911297314,1,0,2,anti_homophones
39285,sheng2xC2,9,-5.819261939363352,2,5.819261939363352,1,0,0,anti_homophones
39286,tW2shu1,7,-6.160650892710205,2,6.160650892710205,1,0,2,anti_homophones
39287,qM4rV4,6,-5.971359153486801,2,5.971359153486801,1,0,1,anti_homophones
39288,lQ3heng2,8,-6.514711999821794,2,6.514711999821794,1,0,1,anti_homophones
39289,feng2ying1,10,-6.787096740651913,2,6.787096740651913,1,0,1,anti_homophones
39290,lA2zi1,6,-6.183851936214993,2,6.183851936214993,1,0,2,anti_homophones
39291,bQ1jUn4,7,-6.896649536231427,2,6.896649536231427,1,0,0,anti_homophones
39292,fen1zO4,7,-6.002941075042673,2,6.002941075042673,1,0,1,anti_homophones
39293,nv4qu4,6,-8.968666828145077,2,8.968666828145077,1,0,1,anti_homophones
39294,tong3zheng3,11,-7.070307556092738,2,7.070307556092738,1,0,0,anti_homophones
39295,zhu3kV4,7,-6.800929695046363,2,6.800929695046363,1,0,1,anti_homophones
39296,dUn1shi1,8,-6.690601809668207,2,6.690601809668207,1,0,3,anti_homophones
39297,bu4shu1,7,-5.3239223128202156,2,5.3239223128202156,1,0,9,anti_homophones
39298,yu2nA4,6,-6.446793464035743,2,6.446793464035743,1,0,1,anti_homophones
39299,zhan3chUn4,10,-7.160368146637232,2,7.160368146637232,1,0,0,anti_homophones
39300,chan1shang1,11,-7.057538661464593,2,7.057538661464593,1,0,0,anti_homophones
39301,pV1xin1,7,-5.98066963338208,2,5.98066963338208,1,0,2,anti_homophones
39302,A4shP4,6,-6.659917363739838,2,6.659917363739838,1,0,4,anti_homophones
39303,pW1peng1,8,-6.129210875465615,2,6.129210875465615,1,0,0,anti_homophones
39304,ti4xK3,6,-7.15121131693106,2,7.15121131693106,1,0,2,anti_homophones
39305,zhUn1jL4,8,-5.99495074421521,2,5.99495074421521,1,0,0,anti_homophones
39306,yi1jL4,6,-4.922025214282281,2,4.922025214282281,1,0,5,anti_homophones
39307,di1wu1,6,-5.976542699700782,2,5.976542699700782,1,0,1,anti_homophones
39308,fan2bu4,7,-5.7832532206090885,2,5.7832532206090885,1,0,7,anti_homophones
39309,ti4xM3,6,-7.10065189866482,2,7.10065189866482,1,0,2,anti_homophones
39310,la1dang4,8,-6.245908505545532,2,6.245908505545532,1,0,1,anti_homophones
39311,bA2shu1,7,-5.729414834845688,2,5.729414834845688,1,0,3,anti_homophones
39312,sO3gu4,6,-6.456224123348324,2,6.456224123348324,1,0,2,anti_homophones
39313,ding2shen2,10,-6.427106228868485,2,6.427106228868485,1,0,0,anti_homophones
39314,shan3er4,8,-7.570558614555671,2,7.570558614555671,1,0,0,anti_homophones
39315,jLng4zhu3,9,-6.37424241039892,2,6.37424241039892,1,0,1,anti_homophones
39316,li2du4,6,-6.426677426594224,2,6.426677426594224,1,0,5,anti_homophones
39317,chA1yQ4,7,-6.356782658618979,2,6.356782658618979,1,0,2,anti_homophones
39318,tV1xW4,6,-5.689224128080891,2,5.689224128080891,1,0,4,anti_homophones
39319,ni4zhe3,7,-6.0036720735976505,2,6.0036720735976505,1,0,2,anti_homophones
39320,hun2shu1,8,-6.598459901402574,2,6.598459901402574,1,0,0,anti_homophones
39321,fa1shUn4,8,-6.778437149873087,2,6.778437149873087,1,0,2,anti_homophones
39322,tV1cha2,7,-6.611921334290417,2,6.611921334290417,1,0,1,anti_homophones
39323,zhi3gI3,7,-5.981456180623334,2,5.981456180623334,1,0,0,anti_homophones
39324,zun1yin3,8,-6.670047970189185,2,6.670047970189185,1,0,0,anti_homophones
39325,rUn3hU4,7,-5.782336815951806,2,5.782336815951806,1,0,1,anti_homophones
39326,zhi2xM4,7,-6.190557993358651,2,6.190557993358651,1,0,3,anti_homophones
39327,xLn2ying4,9,-6.45294179400266,2,6.45294179400266,1,0,1,anti_homophones
39328,jLng1xing1,10,-6.329643226596994,2,6.329643226596994,1,0,2,anti_homophones
39329,yan2er5,7,-5.1368110123801936,2,5.1368110123801936,1,0,2,anti_homophones
39330,tLn1chang4,10,-5.871582612569701,2,5.871582612569701,1,0,1,anti_homophones
39331,mA4nLng4,8,-6.9724679858403515,2,6.9724679858403515,1,0,0,anti_homophones
39332,yi1gan3,7,-5.46542128847852,2,5.46542128847852,1,0,5,anti_homophones
39333,cang2chan1,10,-7.27516634499692,2,7.27516634499692,1,0,2,anti_homophones
39334,da1jLng1,8,-6.70239947029734,2,6.70239947029734,1,0,1,anti_homophones
39335,da4hUng2,8,-6.227116042847494,2,6.227116042847494,1,0,2,anti_homophones
39336,yi4shV3,7,-5.418230141901105,2,5.418230141901105,1,0,9,anti_homophones
39337,ye4yan3,7,-6.058537529069827,2,6.058537529069827,1,0,1,anti_homophones
39338,cha1cha2,8,-6.157846779117469,2,6.157846779117469,1,0,1,anti_homophones
39339,wE3yi4,6,-5.14226437084218,2,5.14226437084218,1,0,3,anti_homophones
39340,po1li4,6,-5.2540345104568695,2,5.2540345104568695,1,0,5,anti_homophones
39341,wen1gI3,7,-6.861998294349933,2,6.861998294349933,1,0,0,anti_homophones
39342,mo4jing4,8,-5.8129616436677,2,5.8129616436677,1,0,1,anti_homophones
39343,zhu4shi1,8,-5.684055563702628,2,5.684055563702628,1,0,8,anti_homophones
39344,da3xLn3,7,-6.054611786921568,2,6.054611786921568,1,0,1,anti_homophones
39345,xLn4zhang4,10,-5.903858540924742,2,5.903858540924742,1,0,3,anti_homophones
39346,xing3kV3,8,-6.003248667358161,2,6.003248667358161,1,0,0,anti_homophones
39347,bing3hu3,8,-7.4122825827068635,2,7.4122825827068635,1,0,0,anti_homophones
39348,pin2dQ4,7,-6.121373743228182,2,6.121373743228182,1,0,2,anti_homophones
39349,dan4ju2,7,-5.91230207611988,2,5.91230207611988,1,0,6,anti_homophones
39350,bi3lK4,6,-7.789613894266091,2,7.789613894266091,1,0,3,anti_homophones
39351,jing4yQ4,8,-5.79578625673686,2,5.79578625673686,1,0,3,anti_homophones
39352,ru2nen4,7,-6.611220743255206,2,6.611220743255206,1,0,2,anti_homophones
39353,zhi4jin1,8,-5.719843438298206,2,5.719843438298206,1,0,1,anti_homophones
39354,zA4jLn1,7,-5.838572301235413,2,5.838572301235413,1,0,2,anti_homophones
39355,gu1e2,5,-5.42408336130087,2,5.42408336130087,1,0,2,anti_homophones
39356,jin4tV2,7,-5.283572628742807,2,5.283572628742807,1,0,4,anti_homophones
39357,xi1shI4,7,-5.966066691032918,2,5.966066691032918,1,0,5,anti_homophones
39358,te4chen1,8,-6.134534791406701,2,6.134534791406701,1,0,1,anti_homophones
39359,zi4xC2,6,-4.91214870676424,2,4.91214870676424,1,0,5,anti_homophones
39360,mV3gO4,6,-6.3548024480194005,2,6.3548024480194005,1,0,0,anti_homophones
39361,xK1xing1,8,-5.5466038337883905,2,5.5466038337883905,1,0,5,anti_homophones
39362,ju4mV2,6,-6.373486524075525,2,6.373486524075525,1,0,4,anti_homophones
39363,dO1zi5,6,-4.504249873178239,2,4.504249873178239,1,0,4,anti_homophones
39364,er3shV4,7,-6.514549232442842,2,6.514549232442842,1,0,1,anti_homophones
39365,dang3jL4,8,-6.118644973862692,2,6.118644973862692,1,0,1,anti_homophones
39366,jK4ji2,6,-5.1281630196929955,2,5.1281630196929955,1,0,4,anti_homophones
39367,bQ3cheng1,9,-5.8491604422958705,2,5.8491604422958705,1,0,1,anti_homophones
39368,yV1hO2,6,-5.748591599069902,2,5.748591599069902,1,0,0,anti_homophones
39369,dQ4chang3,9,-6.070854014899413,2,6.070854014899413,1,0,0,anti_homophones
39370,chong1he1,9,-6.71491282298613,2,6.71491282298613,1,0,1,anti_homophones
39371,wA4gong4,8,-5.664761348718402,2,5.664761348718402,1,0,1,anti_homophones
39372,yin1se4,7,-5.29650344634204,2,5.29650344634204,1,0,4,anti_homophones
39373,tang2xLn4,9,-6.158665260282037,2,6.158665260282037,1,0,3,anti_homophones
39374,fu4zV3,6,-6.340542712784357,2,6.340542712784357,1,0,2,anti_homophones
39375,A4shang4,8,-6.460643432854887,2,6.460643432854887,1,0,1,anti_homophones
39376,qLng1zheng4,11,-6.540856912568092,2,6.540856912568092,1,0,1,anti_homophones
39377,zhUn2wE4,8,-5.766694528533163,2,5.766694528533163,1,0,2,anti_homophones
39378,jW3qK2,6,-6.096881196782157,2,6.096881196782157,1,0,1,anti_homophones
39379,bA3li4,6,-5.414040436729288,2,5.414040436729288,1,0,5,anti_homophones
39380,min2qK2,7,-5.775954139568436,2,5.775954139568436,1,0,0,anti_homophones
39381,er4ying1,8,-6.35948235763471,2,6.35948235763471,1,0,1,anti_homophones
39382,cha1shV3,8,-6.082628325001231,2,6.082628325001231,1,0,2,anti_homophones
39383,shO1jin1,8,-6.255036387390217,2,6.255036387390217,1,0,2,anti_homophones
39384,shi4che1,8,-5.378294528051789,2,5.378294528051789,1,0,3,anti_homophones
39385,ye3chan2,8,-6.8679837981161125,2,6.8679837981161125,1,0,1,anti_homophones
39386,sheng2xLng4,11,-5.838989509414323,2,5.838989509414323,1,0,2,anti_homophones
39387,pi1qi4,6,-6.8223906851023655,2,6.8223906851023655,1,0,8,anti_homophones
39388,zhi1si1,7,-5.744736750046402,2,5.744736750046402,1,0,2,anti_homophones
39389,rI4bM2,6,-7.664513055840986,2,7.664513055840986,1,0,0,anti_homophones
39390,zhu3tV2,7,-5.215194088816249,2,5.215194088816249,1,0,4,anti_homophones
39391,xYng1zhi2,9,-6.2635050542809,2,6.2635050542809,1,0,1,anti_homophones
39392,gUng2nLn4,9,-7.008330896285299,2,7.008330896285299,1,0,1,anti_homophones
39393,he2wang1,8,-6.309935186217761,2,6.309935186217761,1,0,0,anti_homophones
39394,zhen4er3,8,-6.551656843396155,2,6.551656843396155,1,0,0,anti_homophones
39395,li4jLn4,7,-5.601924316735444,2,5.601924316735444,1,0,4,anti_homophones
39396,dA4ju4,6,-5.83098050614043,2,5.83098050614043,1,0,6,anti_homophones
39397,cong4dLn4,9,-6.38584780338106,2,6.38584780338106,1,0,4,anti_homophones
39398,xM2sun3,7,-6.590802052100649,2,6.590802052100649,1,0,0,anti_homophones
39399,ying2shi4,9,-5.286803625865614,2,5.286803625865614,1,0,10,anti_homophones
39400,xu1yV3,6,-5.783198797715249,2,5.783198797715249,1,0,1,anti_homophones
39401,shu4yun1,8,-7.2788323701367785,2,7.2788323701367785,1,0,1,anti_homophones
39402,la3bW3,6,-5.517050009744549,2,5.517050009744549,1,0,1,anti_homophones
39403,gUng1ban3,9,-6.341136710840164,2,6.341136710840164,1,0,1,anti_homophones
39404,ta1jing3,8,-7.233137095238833,2,7.233137095238833,1,0,1,anti_homophones
39405,bQ4ying2,8,-6.034192189691514,2,6.034192189691514,1,0,2,anti_homophones
39406,shV4tQ4,7,-7.119471315499362,2,7.119471315499362,1,0,2,anti_homophones
39407,gu3ren2,7,-5.2004052735417305,2,5.2004052735417305,1,0,3,anti_homophones
39408,tan4yong2,9,-6.620824141605932,2,6.620824141605932,1,0,1,anti_homophones
39409,gUng1gUn1,9,-6.046471636310307,2,6.046471636310307,1,0,1,anti_homophones
39410,tong1mA4,8,-6.597458606001977,2,6.597458606001977,1,0,4,anti_homophones
39411,lu4qK2,6,-6.530676502829635,2,6.530676502829635,1,0,1,anti_homophones
39412,ti2gUng2,8,-6.352695766791799,2,6.352695766791799,1,0,1,anti_homophones
39413,yin1ye4,7,-5.2982988765663395,2,5.2982988765663395,1,0,5,anti_homophones
39414,zi4ji4,6,-5.029818545227408,2,5.029818545227408,1,0,16,anti_homophones
39415,pE2qUn2,7,-5.923736301812077,2,5.923736301812077,1,0,3,anti_homophones
39416,leng1chong4,11,-6.8603002353918985,2,6.8603002353918985,1,0,1,anti_homophones
39417,xW1che1,7,-5.57025243704041,2,5.57025243704041,1,0,4,anti_homophones
39418,hA3shu4,7,-5.456981255067122,2,5.456981255067122,1,0,6,anti_homophones
39419,tan1yUn4,8,-6.3737553579976165,2,6.3737553579976165,1,0,2,anti_homophones
39420,shP1zi5,7,-5.677232530185059,2,5.677232530185059,1,0,5,anti_homophones
39421,pang4shu4,9,-6.8188053051187545,2,6.8188053051187545,1,0,0,anti_homophones
39422,yan1ge1,7,-6.349894991493351,2,6.349894991493351,1,0,0,anti_homophones
39423,yong1dong4,10,-6.350226633463732,2,6.350226633463732,1,0,0,anti_homophones
39424,qLn2qW5,7,-8.026180620922018,2,8.026180620922018,1,0,0,anti_homophones
39425,zheng1pQ4,9,-5.911530580275709,2,5.911530580275709,1,0,0,anti_homophones
39426,yUn2kUng1,9,-6.930391203726595,2,6.930391203726595,1,0,0,anti_homophones
39427,hI4zhUng2,9,-6.9198179230979715,2,6.9198179230979715,1,0,0,anti_homophones
39428,ran2dong1,9,-6.487283894321388,2,6.487283894321388,1,0,1,anti_homophones
39429,re5nQ1,6,-6.1860122555576815,2,6.1860122555576815,1,0,0,anti_homophones
39430,shi2xing1,9,-5.375108660600762,2,5.375108660600762,1,0,6,anti_homophones
39431,qLn1dV4,7,-6.2538128499904255,2,6.2538128499904255,1,0,3,anti_homophones
39432,jK3yin3,7,-6.024895213766165,2,6.024895213766165,1,0,1,anti_homophones
39433,chun4lA2,8,-6.558834820064237,2,6.558834820064237,1,0,0,anti_homophones
39434,jin4song1,9,-6.250065983685297,2,6.250065983685297,1,0,1,anti_homophones
39435,jM1jL1,6,-5.661207641211197,2,5.661207641211197,1,0,3,anti_homophones
39436,tong4bLn4,9,-6.238385154934201,2,6.238385154934201,1,0,3,anti_homophones
39437,shi4xi1,7,-5.623617202381352,2,5.623617202381352,1,0,5,anti_homophones
39438,bi4yV2,6,-5.450127838330748,2,5.450127838330748,1,0,11,anti_homophones
39439,he2bing1,8,-5.769785941045384,2,5.769785941045384,1,0,2,anti_homophones
39440,hQ4gQ4,6,-6.263422077924419,2,6.263422077924419,1,0,3,anti_homophones
39441,wen4ke1,7,-7.040463359584721,2,7.040463359584721,1,0,0,anti_homophones
39442,bQ3xing1,8,-5.602973648057083,2,5.602973648057083,1,0,7,anti_homophones
39443,zi4ze4,6,-6.970965464474133,2,6.970965464474133,1,0,3,anti_homophones
39444,qi2xing1,8,-5.534241476210758,2,5.534241476210758,1,0,5,anti_homophones
39445,gA4ma1,6,-6.957688862183249,2,6.957688862183249,1,0,0,anti_homophones
39446,sha1yan3,8,-5.5637304962948155,2,5.5637304962948155,1,0,3,anti_homophones
39447,xLn4zhe2,8,-6.310949359012876,2,6.310949359012876,1,0,1,anti_homophones
39448,jYng1shen1,10,-7.476245983277354,2,7.476245983277354,1,0,0,anti_homophones
39449,lLng1chan1,10,-6.762397022168997,2,6.762397022168997,1,0,0,anti_homophones
39450,bu3rV4,6,-5.707572867188359,2,5.707572867188359,1,0,1,anti_homophones
39451,dW1cI4,6,-5.92459105676298,2,5.92459105676298,1,0,3,anti_homophones
39452,xi2fen3,7,-6.826844921913942,2,6.826844921913942,1,0,0,anti_homophones
39453,jing3shQ1,9,-7.298603748951533,2,7.298603748951533,1,0,0,anti_homophones
39454,jxing4zhe3,10,-11.145362275828749,2,11.145362275828749,1,0,1,anti_homophones
39455,shan3hong1,10,-6.559885329661554,2,6.559885329661554,1,0,2,anti_homophones
39456,ding1fu1,8,-6.736837879269423,2,6.736837879269423,1,0,0,anti_homophones
39457,yC1shen1,8,-7.10873270377659,2,7.10873270377659,1,0,0,anti_homophones
39458,sheng1ta4,9,-6.6859436489833355,2,6.6859436489833355,1,0,0,anti_homophones
39459,shV3xLng1,9,-5.708606149721793,2,5.708606149721793,1,0,3,anti_homophones
39460,shu3yu2,7,-5.668534644824656,2,5.668534644824656,1,0,6,anti_homophones
39461,qi2fu4,6,-5.483179361611884,2,5.483179361611884,1,0,5,anti_homophones
39462,zhA1qu1,7,-5.963233735977735,2,5.963233735977735,1,0,1,anti_homophones
39463,tO4hU4,6,-5.252510078236951,2,5.252510078236951,1,0,3,anti_homophones
39464,qi2gU1,6,-6.378096728564432,2,6.378096728564432,1,0,0,anti_homophones
39465,bu4qing4,8,-5.376096710083291,2,5.376096710083291,1,0,6,anti_homophones
39466,wE1tA1,6,-6.428254217055173,2,6.428254217055173,1,0,1,anti_homophones
39467,zhi1chen2,9,-6.018120462829821,2,6.018120462829821,1,0,0,anti_homophones
39468,ye3chong3,9,-7.103767550922273,2,7.103767550922273,1,0,0,anti_homophones
39469,xLn2qK2,7,-5.782617801143579,2,5.782617801143579,1,0,2,anti_homophones
39470,da1qLng3,8,-6.5778419907251395,2,6.5778419907251395,1,0,0,anti_homophones
39471,ning2zhUn4,10,-7.311502697019826,2,7.311502697019826,1,0,0,anti_homophones
39472,da4lan2,7,-5.000562108896086,2,5.000562108896086,1,0,8,anti_homophones
39473,di1gang3,8,-6.808613476449229,2,6.808613476449229,1,0,0,anti_homophones
39474,shI4yan2,8,-6.110115801189647,2,6.110115801189647,1,0,1,anti_homophones
39475,tA2di4,6,-6.113129860801441,2,6.113129860801441,1,0,2,anti_homophones
39476,jLng1qu4,8,-6.467259975452381,2,6.467259975452381,1,0,1,anti_homophones
39477,kUng1hong2,10,-6.885216515716354,2,6.885216515716354,1,0,0,anti_homophones
39478,zhong4di4,9,-5.8617822750111035,2,5.8617822750111035,1,0,6,anti_homophones
39479,zhUng1xL4,9,-6.037645574234133,2,6.037645574234133,1,0,1,anti_homophones
39480,fu4si3,6,-5.79493893355486,2,5.79493893355486,1,0,2,anti_homophones
39481,dLn4man4,8,-6.361761465968097,2,6.361761465968097,1,0,3,anti_homophones
39482,chi3hong1,9,-6.798077261809447,2,6.798077261809447,1,0,0,anti_homophones
39483,nW3li4,6,-6.0274121839257635,2,6.0274121839257635,1,0,5,anti_homophones
39484,zA4ce4,6,-5.767366185148283,2,5.767366185148283,1,0,4,anti_homophones
39485,ye1cA3,6,-6.740414812894371,2,6.740414812894371,1,0,1,anti_homophones
39486,te4zhan1,8,-6.347349072382203,2,6.347349072382203,1,0,0,anti_homophones
39487,shi4jC2,7,-5.523372826461498,2,5.523372826461498,1,0,3,anti_homophones
39488,er4shi5,7,-6.463282645401882,2,6.463282645401882,1,0,0,anti_homophones
39489,wE4song2,8,-6.229868300030321,2,6.229868300030321,1,0,2,anti_homophones
39490,hu4lu4,6,-5.759337883765876,2,5.759337883765876,1,0,5,anti_homophones
39491,zhi4bi4,7,-5.950364601660268,2,5.950364601660268,1,0,8,anti_homophones
39492,chong1ying2,11,-6.371042223914048,2,6.371042223914048,1,0,2,anti_homophones
39493,bu3jW3,6,-5.600001312597454,2,5.600001312597454,1,0,2,anti_homophones
39494,fan2mu3,7,-7.051752446008351,2,7.051752446008351,1,0,1,anti_homophones
39495,lQ3dang2,8,-5.7442081084044,2,5.7442081084044,1,0,4,anti_homophones
39496,xin1wA4,7,-6.088904173452242,2,6.088904173452242,1,0,5,anti_homophones
39497,shang4lLn4,10,-6.267378881018961,2,6.267378881018961,1,0,1,anti_homophones
39498,an1bing4,8,-5.970508500543695,2,5.970508500543695,1,0,0,anti_homophones
39499,tV2de2,6,-5.741341289682835,2,5.741341289682835,1,0,2,anti_homophones
39500,chu1ru4,7,-5.249381681918486,2,5.249381681918486,1,0,7,anti_homophones
39501,zQ3chQ2,7,-6.130635248560203,2,6.130635248560203,1,0,0,anti_homophones
39502,dLn3dong2,9,-6.240010122340886,2,6.240010122340886,1,0,2,anti_homophones
39503,qK2chan1,8,-6.446172355097152,2,6.446172355097152,1,0,0,anti_homophones
39504,hang2gan3,9,-6.566236532958484,2,6.566236532958484,1,0,1,anti_homophones
39505,kUng1qUn1,9,-7.136504204254245,2,7.136504204254245,1,0,0,anti_homophones
39506,rUn3zi3,7,-6.44113047854904,2,6.44113047854904,1,0,1,anti_homophones
39507,zhi1po4,7,-6.108777358233054,2,6.108777358233054,1,0,0,anti_homophones
39508,mi2hV4,6,-5.186818970679148,2,5.186818970679148,1,0,5,anti_homophones
39509,kUng4xM4,8,-7.376155622586987,2,7.376155622586987,1,0,0,anti_homophones
39510,fang1fu2,8,-6.057147893071297,2,6.057147893071297,1,0,2,anti_homophones
39511,ma4jL1,6,-6.712697726414502,2,6.712697726414502,1,0,3,anti_homophones
39512,shen2da4,8,-6.6611948960035985,2,6.6611948960035985,1,0,0,anti_homophones
39513,ju4hu4,6,-5.979202741021569,2,5.979202741021569,1,0,6,anti_homophones
39514,re4lv4,6,-5.315913410741836,2,5.315913410741836,1,0,8,anti_homophones
39515,chi2zi5,7,-5.124916726663188,2,5.124916726663188,1,0,5,anti_homophones
39516,che1le4,7,-6.020129922595817,2,6.020129922595817,1,0,4,anti_homophones
39517,pLn4zhV2,8,-7.417693025274589,2,7.417693025274589,1,0,1,anti_homophones
39518,bo2shi2,7,-5.812640186324916,2,5.812640186324916,1,0,2,anti_homophones
39519,zi4shi1,7,-5.447186784001017,2,5.447186784001017,1,0,9,anti_homophones
39520,gu3zQ1,6,-7.13926371783233,2,7.13926371783233,1,0,1,anti_homophones
39521,kUn3zi5,7,-5.488201114735801,2,5.488201114735801,1,0,5,anti_homophones
39522,xLng1tW4,8,-7.287342325398668,2,7.287342325398668,1,0,0,anti_homophones
39523,he2tQ2,6,-5.246330009651805,2,5.246330009651805,1,0,4,anti_homophones
39524,cO4lv4,6,-5.6110601728064005,2,5.6110601728064005,1,0,2,anti_homophones
39525,ben1qLn2,8,-6.550438668726647,2,6.550438668726647,1,0,1,anti_homophones
39526,wu3ren3,7,-6.669858958633776,2,6.669858958633776,1,0,1,anti_homophones
39527,bu4mV2,6,-5.821084865825178,2,5.821084865825178,1,0,6,anti_homophones
39528,tV4shan3,8,-6.859391529520664,2,6.859391529520664,1,0,0,anti_homophones
39529,chong4song1,11,-7.063119529383187,2,7.063119529383187,1,0,0,anti_homophones
39530,hP1dV3,6,-9.12605761176005,2,9.12605761176005,1,0,0,anti_homophones
39531,er3mi4,6,-6.2233804216660165,2,6.2233804216660165,1,0,2,anti_homophones
39532,hO2bW3,6,-5.833581820870973,2,5.833581820870973,1,0,0,anti_homophones
39533,wan4pin3,8,-6.615869486571649,2,6.615869486571649,1,0,1,anti_homophones
39534,fang2hU4,8,-5.294916806124546,2,5.294916806124546,1,0,5,anti_homophones
39535,kO4li3,6,-6.694418734051841,2,6.694418734051841,1,0,1,anti_homophones
39536,zA4shi1,7,-5.80474126134496,2,5.80474126134496,1,0,3,anti_homophones
39537,xW3shI3,7,-5.301527775833118,2,5.301527775833118,1,0,3,anti_homophones
39538,yin3shu4,8,-5.670571764623766,2,5.670571764623766,1,0,2,anti_homophones
39539,man3fa2,7,-6.332073254646228,2,6.332073254646228,1,0,0,anti_homophones
39540,hang1man3,9,-7.04450661415603,2,7.04450661415603,1,0,0,anti_homophones
39541,rong3chi4,9,-7.6246441942720615,2,7.6246441942720615,1,0,0,anti_homophones
39542,gQ1peng2,8,-6.531025525005422,2,6.531025525005422,1,0,0,anti_homophones
39543,chUn2dang2,10,-6.838778669440594,2,6.838778669440594,1,0,0,anti_homophones
39544,cha1yu4,7,-6.039016722469125,2,6.039016722469125,1,0,2,anti_homophones
39545,mA4ran2,7,-6.0874892383751344,2,6.0874892383751344,1,0,1,anti_homophones
39546,chen1lLng4,10,-6.5243626795271235,2,6.5243626795271235,1,0,1,anti_homophones
39547,lv3yV1,6,-5.972550372763532,2,5.972550372763532,1,0,2,anti_homophones
39548,jing1peng2,10,-6.906232917021441,2,6.906232917021441,1,0,0,anti_homophones
39549,xUn1zi5,7,-5.538544112993133,2,5.538544112993133,1,0,6,anti_homophones
39550,gong2qUn2,9,-5.94484700797342,2,5.94484700797342,1,0,2,anti_homophones
39551,ci2leng1,8,-7.1515551574576355,2,7.1515551574576355,1,0,0,anti_homophones
39552,dLn4bi3,7,-5.813831936167092,2,5.813831936167092,1,0,4,anti_homophones
39553,kV3zhan3,8,-6.929142042212039,2,6.929142042212039,1,0,0,anti_homophones
39554,fen1dV1,7,-6.41009180995989,2,6.41009180995989,1,0,1,anti_homophones
39555,shen1fu2,8,-5.621843298915788,2,5.621843298915788,1,0,2,anti_homophones
39556,zhu3xing5,9,-7.530180939326771,2,7.530180939326771,1,0,1,anti_homophones
39557,gan3qing4,9,-6.119852863977776,2,6.119852863977776,1,0,4,anti_homophones
39558,ling4can2,9,-6.974585645749184,2,6.974585645749184,1,0,0,anti_homophones
39559,jC2ze2,6,-5.6072179345398245,2,5.6072179345398245,1,0,1,anti_homophones
39560,jing3lB4,8,-6.211242921340956,2,6.211242921340956,1,0,0,anti_homophones
39561,hU1xu3,6,-6.441480563161242,2,6.441480563161242,1,0,1,anti_homophones
39562,qLng4chong3,11,-7.471990761280417,2,7.471990761280417,1,0,0,anti_homophones
39563,yin3hUng2,9,-6.876714152652724,2,6.876714152652724,1,0,1,anti_homophones
39564,gA3jLn4,7,-5.724995731451159,2,5.724995731451159,1,0,3,anti_homophones
39565,zhang3shi2,10,-5.832052092155934,2,5.832052092155934,1,0,3,anti_homophones
39566,xL4shi2,7,-5.142044658686954,2,5.142044658686954,1,0,4,anti_homophones
39567,hong4ri4,8,-6.382145982587648,2,6.382145982587648,1,0,3,anti_homophones
39568,ti2bi4,6,-6.252271274867018,2,6.252271274867018,1,0,6,anti_homophones
39569,fu2shen2,8,-6.004246240557537,2,6.004246240557537,1,0,4,anti_homophones
39570,zhQ4ping2,9,-6.81046392732407,2,6.81046392732407,1,0,1,anti_homophones
39571,ban3gan4,8,-6.791524432583127,2,6.791524432583127,1,0,0,anti_homophones
39572,hu2lLn4,7,-6.391036925179883,2,6.391036925179883,1,0,3,anti_homophones
39573,yu2che1,7,-5.643382182480706,2,5.643382182480706,1,0,1,anti_homophones
39574,xLn3ling4,9,-6.829235536276461,2,6.829235536276461,1,0,1,anti_homophones
39575,shi4chu2,8,-6.02700943691889,2,6.02700943691889,1,0,3,anti_homophones
39576,qing1jW3,8,-6.063607037453248,2,6.063607037453248,1,0,2,anti_homophones
39577,tu2cO4,6,-6.526658553893593,2,6.526658553893593,1,0,2,anti_homophones
39578,cha1fE4,7,-5.789381909425735,2,5.789381909425735,1,0,1,anti_homophones
39579,zun1xing1,9,-6.626104268089726,2,6.626104268089726,1,0,0,anti_homophones
39580,shQ3tan3,8,-7.555621511313292,2,7.555621511313292,1,0,0,anti_homophones
39581,zhen4xi2,8,-6.37641858370354,2,6.37641858370354,1,0,1,anti_homophones
39582,zhong3xC2,9,-6.511124677314635,2,6.511124677314635,1,0,1,anti_homophones
39583,gO3ran2,7,-5.692212200479953,2,5.692212200479953,1,0,2,anti_homophones
39584,fu4ma3,6,-5.537010854839911,2,5.537010854839911,1,0,4,anti_homophones
39585,hong3gUng1,10,-6.9933600170014785,2,6.9933600170014785,1,0,0,anti_homophones
39586,bi4su2,6,-6.748021632724344,2,6.748021632724344,1,0,2,anti_homophones
39587,dan1mA4,7,-6.276012372255315,2,6.276012372255315,1,0,2,anti_homophones
39588,chu1qM2,7,-6.978064044948434,2,6.978064044948434,1,0,2,anti_homophones
39589,pA1zi5,6,-5.046322145212452,2,5.046322145212452,1,0,6,anti_homophones
39590,wu3lQ1,6,-6.431840052670883,2,6.431840052670883,1,0,1,anti_homophones
39591,ma2lM4,6,-5.867494903234297,2,5.867494903234297,1,0,1,anti_homophones
39592,sQ3mA2,6,-6.835861300669256,2,6.835861300669256,1,0,3,anti_homophones
39593,dun4chu1,8,-6.8820156089699545,2,6.8820156089699545,1,0,1,anti_homophones
39594,bu3yang2,8,-6.504425248410819,2,6.504425248410819,1,0,1,anti_homophones
39595,hu3gV1,6,-7.215818997617757,2,7.215818997617757,1,0,1,anti_homophones
39596,cong4ju4,8,-6.442781855535917,2,6.442781855535917,1,0,1,anti_homophones
39597,zi4gA3,6,-6.784948976681377,2,6.784948976681377,1,0,1,anti_homophones
39598,ji4zhang4,9,-5.893934165624899,2,5.893934165624899,1,0,3,anti_homophones
39599,ping1kI4,8,-6.999630778206824,2,6.999630778206824,1,0,0,anti_homophones
39600,xC2shi4,7,-5.086311872225458,2,5.086311872225458,1,0,2,anti_homophones
39601,zhi1xing4,9,-5.356467345949274,2,5.356467345949274,1,0,4,anti_homophones
39602,hQ4hI4,6,-5.472500842121937,2,5.472500842121937,1,0,5,anti_homophones
39603,tM3qW4,6,-5.48213892840605,2,5.48213892840605,1,0,2,anti_homophones
39604,ba3gO3,6,-8.150732732040636,2,8.150732732040636,1,0,0,anti_homophones
39605,ji1zhong2,9,-6.017072120415905,2,6.017072120415905,1,0,4,anti_homophones
39606,gI3ta3,6,-6.6121532745161975,2,6.6121532745161975,1,0,1,anti_homophones
39607,hA2yUn2,7,-5.698539362208896,2,5.698539362208896,1,0,5,anti_homophones
39608,qLng3yu3,8,-6.338366001316237,2,6.338366001316237,1,0,1,anti_homophones
39609,jM1ge1,6,-5.427811189364562,2,5.427811189364562,1,0,1,anti_homophones
39610,di1ding4,8,-5.922002054884047,2,5.922002054884047,1,0,5,anti_homophones
39611,hU4wu2,6,-6.554668806410897,2,6.554668806410897,1,0,0,anti_homophones
39612,hQ3hu4,6,-5.384719994686008,2,5.384719994686008,1,0,11,anti_homophones
39613,gUng1qK2,8,-6.028630937027704,2,6.028630937027704,1,0,1,anti_homophones
39614,fen3ma1,7,-6.981166226403165,2,6.981166226403165,1,0,0,anti_homophones
39615,zi3gQ3,6,-6.237190372421619,2,6.237190372421619,1,0,0,anti_homophones
39616,fang1tA1,8,-6.364874679334615,2,6.364874679334615,1,0,1,anti_homophones
39617,shi4mo4,7,-6.178056292480283,2,6.178056292480283,1,0,2,anti_homophones
39618,fen4yi2,7,-6.394885817037387,2,6.394885817037387,1,0,2,anti_homophones
39619,tong3kV3,8,-6.077076312441696,2,6.077076312441696,1,0,1,anti_homophones
39620,xYng2gUng4,10,-6.7698478164530655,2,6.7698478164530655,1,0,0,anti_homophones
39621,jM1shan1,8,-6.128547236136206,2,6.128547236136206,1,0,1,anti_homophones
39622,rQ4zhi3,7,-6.4922869182091345,2,6.4922869182091345,1,0,2,anti_homophones
39623,fa3zheng1,9,-6.5907845741041315,2,6.5907845741041315,1,0,1,anti_homophones
39624,nM1hUn4,7,-6.743101568879249,2,6.743101568879249,1,0,2,anti_homophones
39625,gI1lv3,6,-6.14334566306706,2,6.14334566306706,1,0,1,anti_homophones
39626,chUn2xL4,8,-6.433569036524678,2,6.433569036524678,1,0,1,anti_homophones
39627,nUn3lv4,7,-6.174918459975045,2,6.174918459975045,1,0,1,anti_homophones
39628,yin2zi5,7,-5.338135516408951,2,5.338135516408951,1,0,7,anti_homophones
39629,nang4ting4,10,-7.677999775261197,2,7.677999775261197,1,0,0,anti_homophones
39630,jLn4za2,7,-6.452707462144056,2,6.452707462144056,1,0,0,anti_homophones
39631,che1cha2,8,-5.740065568406187,2,5.740065568406187,1,0,2,anti_homophones
39632,leng2zhen3,10,-7.3151314227490225,2,7.3151314227490225,1,0,0,anti_homophones
39633,mA4tQ5,6,-7.201517133733181,2,7.201517133733181,1,0,0,anti_homophones
39634,chu4ren2,8,-5.678116365302266,2,5.678116365302266,1,0,3,anti_homophones
39635,hV4wen4,7,-6.292481431169294,2,6.292481431169294,1,0,1,anti_homophones
39636,jun1zhang1,10,-6.079386216493534,2,6.079386216493534,1,0,4,anti_homophones
39637,lE4tA1,6,-6.374790361842933,2,6.374790361842933,1,0,1,anti_homophones
39638,jLn1pu3,7,-6.717811913973235,2,6.717811913973235,1,0,1,anti_homophones
39639,li4du4,6,-5.5675930005403576,2,5.5675930005403576,1,0,9,anti_homophones
39640,sI2xC2,6,-6.529998115259557,2,6.529998115259557,1,0,3,anti_homophones
39641,xC4se4,6,-4.6796899187745336,2,4.6796899187745336,1,0,3,anti_homophones
39642,zhUn1yu3,8,-6.000717708837074,2,6.000717708837074,1,0,1,anti_homophones
39643,deng1xi4,8,-6.329297605771063,2,6.329297605771063,1,0,2,anti_homophones
39644,li3fa4,6,-5.712198177368456,2,5.712198177368456,1,0,2,anti_homophones
39645,pLn4gong2,9,-6.537287818198659,2,6.537287818198659,1,0,0,anti_homophones
39646,qLn2qi4,7,-5.057077555011305,2,5.057077555011305,1,0,8,anti_homophones
39647,xUn3su4,7,-6.396849033216785,2,6.396849033216785,1,0,3,anti_homophones
39648,qUn2ban1,8,-6.221175785482148,2,6.221175785482148,1,0,1,anti_homophones
39649,zan4zhUn3,9,-7.409192365724795,2,7.409192365724795,1,0,1,anti_homophones
39650,bA4xin1,7,-5.748088270413321,2,5.748088270413321,1,0,5,anti_homophones
39651,cA3ge2,6,-5.581586162257088,2,5.581586162257088,1,0,4,anti_homophones
39652,du1shang1,9,-6.73738898178053,2,6.73738898178053,1,0,1,anti_homophones
39653,mi4jM4,6,-5.782781455811288,2,5.782781455811288,1,0,4,anti_homophones
39654,yV3qUn2,7,-5.479202061141005,2,5.479202061141005,1,0,3,anti_homophones
39655,li2jK3,6,-5.7253259153408775,2,5.7253259153408775,1,0,3,anti_homophones
39656,jun4tV2,7,-6.708517098848295,2,6.708517098848295,1,0,4,anti_homophones
39657,hU2lLn3,7,-6.339732492045967,2,6.339732492045967,1,0,2,anti_homophones
39658,fen1dQ1,7,-5.927938227535446,2,5.927938227535446,1,0,2,anti_homophones
39659,wE1hUn3,7,-6.553294728914789,2,6.553294728914789,1,0,1,anti_homophones
39660,fang3lO4,8,-5.882800923883686,2,5.882800923883686,1,0,2,anti_homophones
39661,cQ3xing2,8,-6.755201456911198,2,6.755201456911198,1,0,1,anti_homophones
39662,qu3yu3,6,-6.248655827146138,2,6.248655827146138,1,0,4,anti_homophones
39663,wE2kA1,6,-5.8413516978033595,2,5.8413516978033595,1,0,1,anti_homophones
39664,si3nK3,6,-8.242336791740186,2,8.242336791740186,1,0,0,anti_homophones
39665,wu1gU1,6,-6.601932547850091,2,6.601932547850091,1,0,1,anti_homophones
39666,bi4tV2,6,-6.12963699241216,2,6.12963699241216,1,0,7,anti_homophones
39667,peng2zhUng1,11,-7.1144343783691175,2,7.1144343783691175,1,0,1,anti_homophones
39668,hu3yC1,6,-6.456512698625826,2,6.456512698625826,1,0,0,anti_homophones
39669,chen3qu4,8,-6.769716670913605,2,6.769716670913605,1,0,2,anti_homophones
39670,xYng2hI4,8,-6.366421286026203,2,6.366421286026203,1,0,2,anti_homophones
39671,meng2ti2b4,10,-12.135716138493416,2,12.135716138493416,1,0,0,anti_homophones
39672,gO2kI1,6,-6.627352223147755,2,6.627352223147755,1,0,0,anti_homophones
39673,yV2tong4,8,-5.74329680374518,2,5.74329680374518,1,0,1,anti_homophones
39674,qing4la4,8,-7.283654588261469,2,7.283654588261469,1,0,1,anti_homophones
39675,gA4lK2,6,-6.025342601600853,2,6.025342601600853,1,0,3,anti_homophones
39676,chen1shu1,9,-6.086698567711625,2,6.086698567711625,1,0,3,anti_homophones
39677,hO2li4,6,-5.015138887056607,2,5.015138887056607,1,0,8,anti_homophones
39678,mE2zhi4,7,-5.595606272563346,2,5.595606272563346,1,0,5,anti_homophones
39679,nan4fen1,8,-6.844105639939509,2,6.844105639939509,1,0,0,anti_homophones
39680,ji1xing2,8,-5.358863054796079,2,5.358863054796079,1,0,8,anti_homophones
39681,du1jW3,6,-6.4445166464442725,2,6.4445166464442725,1,0,0,anti_homophones
39682,kV3gI1,6,-7.255935824028477,2,7.255935824028477,1,0,1,anti_homophones
39683,zA4hQ2,6,-6.406185441551439,2,6.406185441551439,1,0,1,anti_homophones
39684,ji2lLng4,8,-6.358504980355905,2,6.358504980355905,1,0,1,anti_homophones
39685,ni2gu4,6,-5.906782754362513,2,5.906782754362513,1,0,1,anti_homophones
39686,yQ3di4,6,-6.242711710521042,2,6.242711710521042,1,0,5,anti_homophones
39687,zhV4lE4,7,-6.351848548845612,2,6.351848548845612,1,0,4,anti_homophones
39688,zhA1shu4,8,-6.686353888941955,2,6.686353888941955,1,0,4,anti_homophones
39689,qing4yC4,8,-6.146809907993033,2,6.146809907993033,1,0,2,anti_homophones
39690,zheng2tan2,10,-6.452371744466325,2,6.452371744466325,1,0,1,anti_homophones
39691,gI3ji2,6,-5.787120714515931,2,5.787120714515931,1,0,5,anti_homophones
39692,xLng2zhi4,9,-5.70865306971988,2,5.70865306971988,1,0,4,anti_homophones
39693,yUn2fan3,8,-6.231813836994606,2,6.231813836994606,1,0,2,anti_homophones
39694,yong1zQ3,8,-6.724459227189987,2,6.724459227189987,1,0,2,anti_homophones
39695,qLn2zu2,7,-5.932959318376586,2,5.932959318376586,1,0,5,anti_homophones
39696,ji4ye4,6,-5.283250051318818,2,5.283250051318818,1,0,6,anti_homophones
39697,hA3mLn4,7,-5.211379504491854,2,5.211379504491854,1,0,5,anti_homophones
39698,tA2qi1,6,-6.20229438386668,2,6.20229438386668,1,0,4,anti_homophones
39699,dQ3hQ4,6,-5.827927102469853,2,5.827927102469853,1,0,4,anti_homophones
39700,pa2shen1,8,-6.098892639382808,2,6.098892639382808,1,0,1,anti_homophones
39701,shan1ren2,9,-5.692629266523276,2,5.692629266523276,1,0,5,anti_homophones
39702,xM3ti4,6,-6.974693167656279,2,6.974693167656279,1,0,2,anti_homophones
39703,shan3ying3,10,-7.126903967713105,2,7.126903967713105,1,0,0,anti_homophones
39704,xK1zhi4,7,-5.312021343632536,2,5.312021343632536,1,0,4,anti_homophones
39705,sha1de5,7,-6.753501713968674,2,6.753501713968674,1,0,0,anti_homophones
39706,shi3ti3,7,-6.422806193510277,2,6.422806193510277,1,0,2,anti_homophones
39707,li2zhong4,9,-6.089316260116558,2,6.089316260116558,1,0,1,anti_homophones
39708,jM1qi2,6,-6.0932722893806215,2,6.0932722893806215,1,0,1,anti_homophones
39709,gQ4jLn4,7,-5.878133127703303,2,5.878133127703303,1,0,3,anti_homophones
39710,yV3kV4,6,-5.9050633465416125,2,5.9050633465416125,1,0,4,anti_homophones
39711,bLn4er2,7,-5.824234801545347,2,5.824234801545347,1,0,1,anti_homophones
39712,cheng2sI4,9,-6.918135414411686,2,6.918135414411686,1,0,0,anti_homophones
39713,shi1mu3,7,-6.231451436471724,2,6.231451436471724,1,0,2,anti_homophones
39714,chu1shen2,9,-5.6286752299727905,2,5.6286752299727905,1,0,2,anti_homophones
39715,pA2hQ4,6,-5.654558120670359,2,5.654558120670359,1,0,2,anti_homophones
39716,zhi1jL4,7,-5.2180233294875755,2,5.2180233294875755,1,0,5,anti_homophones
39717,ta3li5,6,-7.403629128943266,2,7.403629128943266,1,0,1,anti_homophones
39718,xK1zheng2,9,-5.9738157877339075,2,5.9738157877339075,1,0,1,anti_homophones
39719,dUn1ye4,7,-5.974448796066098,2,5.974448796066098,1,0,4,anti_homophones
39720,pin2zI3,7,-6.843103140422207,2,6.843103140422207,1,0,0,anti_homophones
39721,shan3zi5,8,-5.388568549851468,2,5.388568549851468,1,0,3,anti_homophones
39722,sheng1gu3,9,-5.78144907773913,2,5.78144907773913,1,0,4,anti_homophones
39723,hI3che1,7,-6.238150273581339,2,6.238150273581339,1,0,3,anti_homophones
39724,si4rong2,8,-7.225436660670212,2,7.225436660670212,1,0,1,anti_homophones
39725,fa1jUn3,7,-6.992065327873979,2,6.992065327873979,1,0,0,anti_homophones
39726,xM4ming1,8,-6.6678221568789455,2,6.6678221568789455,1,0,1,anti_homophones
39727,gA3chu1,7,-5.839348027685839,2,5.839348027685839,1,0,0,anti_homophones
39728,qing2ju2,8,-5.989418507786776,2,5.989418507786776,1,0,2,anti_homophones
39729,nA4shi1,7,-6.671847676977661,2,6.671847676977661,1,0,1,anti_homophones
39730,yang2ba4,8,-7.118745423535054,2,7.118745423535054,1,0,2,anti_homophones
39731,qi2bW3,6,-5.739306775274485,2,5.739306775274485,1,0,2,anti_homophones
39732,fu4shu1,7,-5.473702512782902,2,5.473702512782902,1,0,8,anti_homophones
39733,xing3po1,8,-7.044939699009856,2,7.044939699009856,1,0,0,anti_homophones
39734,dI4sheng1,9,-6.272515182616704,2,6.272515182616704,1,0,2,anti_homophones
39735,jW3xW3,6,-6.327376337809418,2,6.327376337809418,1,0,2,anti_homophones
39736,bQ1xing2,8,-6.119621125699208,2,6.119621125699208,1,0,2,anti_homophones
39737,song4zO4,8,-6.364462165484504,2,6.364462165484504,1,0,2,anti_homophones
39738,shi4fu2,7,-5.440823175996065,2,5.440823175996065,1,0,5,anti_homophones
39739,qu1chA2,7,-7.503238581025068,2,7.503238581025068,1,0,1,anti_homophones
39740,ying1tu2,8,-6.196972194756795,2,6.196972194756795,1,0,3,anti_homophones
39741,lQ3ding2,8,-5.7596868758135225,2,5.7596868758135225,1,0,3,anti_homophones
39742,sheng1zhong4,12,-5.804532663037092,2,5.804532663037092,1,0,1,anti_homophones
39743,pi2jin4,7,-5.719072161784774,2,5.719072161784774,1,0,5,anti_homophones
39744,tV2kV4,6,-7.514260750731497,2,7.514260750731497,1,0,1,anti_homophones
39745,yUn2ping4,9,-6.544652408832977,2,6.544652408832977,1,0,4,anti_homophones
39746,nong1pQ4,8,-6.44864268825638,2,6.44864268825638,1,0,0,anti_homophones
39747,xL4lA4,6,-6.105973941263116,2,6.105973941263116,1,0,3,anti_homophones
39748,bi4yu4,6,-5.461855763138452,2,5.461855763138452,1,0,8,anti_homophones
39749,wu1shi4,7,-5.412388784967064,2,5.412388784967064,1,0,7,anti_homophones
39750,nu2bi3,6,-6.688414450375874,2,6.688414450375874,1,0,0,anti_homophones
39751,pW1li4,6,-5.775120743276541,2,5.775120743276541,1,0,5,anti_homophones
39752,gUn1qi4,7,-5.385159242387828,2,5.385159242387828,1,0,10,anti_homophones
39753,yu4ju4,6,-5.450872861556731,2,5.450872861556731,1,0,9,anti_homophones
39754,gong4ju4,8,-5.737921822163133,2,5.737921822163133,1,0,9,anti_homophones
39755,di3fu2,6,-7.359179551801472,2,7.359179551801472,1,0,2,anti_homophones
39756,dLn4she4,8,-5.9093065211935425,2,5.9093065211935425,1,0,1,anti_homophones
39757,lM4ku4,6,-6.220374563844937,2,6.220374563844937,1,0,3,anti_homophones
39758,lan2dan4,8,-6.580620844525233,2,6.580620844525233,1,0,0,anti_homophones
39759,sheng2shi4,10,-5.227829036263461,2,5.227829036263461,1,0,1,anti_homophones
39760,zhi1ke4,7,-5.782723000295806,2,5.782723000295806,1,0,1,anti_homophones
39761,shu3wen2,8,-6.1649159705572885,2,6.1649159705572885,1,0,1,anti_homophones
39762,tun2dQ5,7,-8.013638115601982,2,8.013638115601982,1,0,0,anti_homophones
39763,lK2wu3,6,-6.860171256853611,2,6.860171256853611,1,0,1,anti_homophones
39764,men2tQ4,7,-6.920674542710354,2,6.920674542710354,1,0,1,anti_homophones
39765,yi3di4,6,-5.4786722063109865,2,5.4786722063109865,1,0,8,anti_homophones
39766,xun1gUn3,8,-6.9636200869242835,2,6.9636200869242835,1,0,2,anti_homophones
39767,xC4beng2,8,-6.707733820282184,2,6.707733820282184,1,0,0,anti_homophones
39768,jing4min2,9,-6.374320937593926,2,6.374320937593926,1,0,0,anti_homophones
39769,ben3bi3,7,-5.984673478610995,2,5.984673478610995,1,0,0,anti_homophones
39770,kUn1zhe2,8,-7.28848630810945,2,7.28848630810945,1,0,0,anti_homophones
39771,gong4ling1,10,-6.594305673803157,2,6.594305673803157,1,0,0,anti_homophones
39772,ben3an1,7,-5.983100957041156,2,5.983100957041156,1,0,1,anti_homophones
39773,ya4xC2,6,-5.738486744134925,2,5.738486744134925,1,0,3,anti_homophones
39774,pin2xu4,7,-6.625803980199028,2,6.625803980199028,1,0,1,anti_homophones
39775,mQ2lO2,6,-6.476829157960014,2,6.476829157960014,1,0,0,anti_homophones
39776,xYng2chong2,11,-7.023655004181473,2,7.023655004181473,1,0,1,anti_homophones
39777,shi4wen4,8,-5.7573632773278405,2,5.7573632773278405,1,0,3,anti_homophones
39778,ji4zhi3,7,-5.608087031857923,2,5.608087031857923,1,0,4,anti_homophones
39779,lK3sI3,6,-7.774466255202013,2,7.774466255202013,1,0,0,anti_homophones
39780,bLn4han4,8,-6.579178350818668,2,6.579178350818668,1,0,1,anti_homophones
39781,hu3li4,6,-5.729736730331846,2,5.729736730331846,1,0,6,anti_homophones
39782,ling1ya1,8,-6.512635819006211,2,6.512635819006211,1,0,1,anti_homophones
39783,gO4yUn4,7,-5.875326887523569,2,5.875326887523569,1,0,5,anti_homophones
39784,fan2jin4,8,-6.3170942920542865,2,6.3170942920542865,1,0,0,anti_homophones
39785,yi3che1,7,-5.70777065239343,2,5.70777065239343,1,0,3,anti_homophones
39786,wA4shP4,7,-6.3044048003908735,2,6.3044048003908735,1,0,2,anti_homophones
39787,yu4sheng1,9,-5.692807784518131,2,5.692807784518131,1,0,3,anti_homophones
39788,hang4zhong2,11,-6.815929504072048,2,6.815929504072048,1,0,0,anti_homophones
39789,mi4wen2,7,-5.951315122778844,2,5.951315122778844,1,0,1,anti_homophones
39790,tQ4hO4,6,-6.055898628306271,2,6.055898628306271,1,0,1,anti_homophones
39791,sheng4pQ2,9,-7.010036963453658,2,7.010036963453658,1,0,1,anti_homophones
39792,dA4ge2,6,-6.457698809974033,2,6.457698809974033,1,0,2,anti_homophones
39793,gong4zi5,8,-5.093385657276079,2,5.093385657276079,1,0,4,anti_homophones
39794,shI3gO3,7,-5.213327234320163,2,5.213327234320163,1,0,3,anti_homophones
39795,sheng4dan3,10,-6.567381243901069,2,6.567381243901069,1,0,0,anti_homophones
39796,fu4shI4,7,-5.789514104398483,2,5.789514104398483,1,0,4,anti_homophones
39797,an4qi1,6,-5.788523352154418,2,5.788523352154418,1,0,6,anti_homophones
39798,ping1zi5,8,-5.648097371521759,2,5.648097371521759,1,0,8,anti_homophones
39799,zeng2lM4,8,-6.822731009636571,2,6.822731009636571,1,0,2,anti_homophones
39800,dQ3ti2,6,-5.877695183349447,2,5.877695183349447,1,0,3,anti_homophones
39801,kang2hUn3,9,-7.514685753295023,2,7.514685753295023,1,0,0,anti_homophones
39802,ge1bE1,6,-6.117435050240535,2,6.117435050240535,1,0,3,anti_homophones
39803,xing1po4,8,-6.5747242516665185,2,6.5747242516665185,1,0,2,anti_homophones
39804,chUng1hUn4,10,-6.576789620939403,2,6.576789620939403,1,0,1,anti_homophones
39805,bQ4tW2,6,-6.12469895265309,2,6.12469895265309,1,0,2,anti_homophones
39806,dLn4hQ2,7,-6.487957227280043,2,6.487957227280043,1,0,1,anti_homophones
39807,kong1xin1,9,-5.761817872192563,2,5.761817872192563,1,0,5,anti_homophones
39808,lW4ku3,6,-6.479760081940138,2,6.479760081940138,1,0,0,anti_homophones
39809,ra2shI4,7,-9.226756016254928,2,9.226756016254928,1,0,2,anti_homophones
39810,zu3zO4,6,-5.689961626075741,2,5.689961626075741,1,0,1,anti_homophones
39811,du2li3,6,-5.351829983869434,2,5.351829983869434,1,0,2,anti_homophones
39812,wu3tA1,6,-6.419057117433181,2,6.419057117433181,1,0,1,anti_homophones
39813,shan4wan3,9,-6.626045037543911,2,6.626045037543911,1,0,2,anti_homophones
39814,tV2fang3,8,-6.475497614388561,2,6.475497614388561,1,0,0,anti_homophones
39815,yu3ge1,6,-6.34521107367368,2,6.34521107367368,1,0,0,anti_homophones
39816,bQ3gu4,6,-5.845037957308962,2,5.845037957308962,1,0,4,anti_homophones
39817,bLn4yi1,7,-6.298596898893084,2,6.298596898893084,1,0,2,anti_homophones
39818,dQ4tV2,6,-5.46230001572646,2,5.46230001572646,1,0,6,anti_homophones
39819,qLn1zha1,8,-6.683000037683361,2,6.683000037683361,1,0,1,anti_homophones
39820,shi2jL1,7,-5.055843445524646,2,5.055843445524646,1,0,5,anti_homophones
39821,di3yong1,8,-6.171505631653201,2,6.171505631653201,1,0,2,anti_homophones
39822,qUn2bing4,9,-6.256712939476548,2,6.256712939476548,1,0,6,anti_homophones
39823,gA4gO2,6,-5.985388348377459,2,5.985388348377459,1,0,3,anti_homophones
39824,an1yin3,7,-6.061225161928905,2,6.061225161928905,1,0,1,anti_homophones
39825,zhang4ding1,11,-6.932109514933271,2,6.932109514933271,1,0,0,anti_homophones
39826,yV3zhen4,8,-6.370533334370792,2,6.370533334370792,1,0,1,anti_homophones
39827,jK2qi2,6,-8.780345566164618,2,8.780345566164618,1,0,1,anti_homophones
39828,qLn2tong3,9,-6.256955406825953,2,6.256955406825953,1,0,0,anti_homophones
39829,hI4mLn4,7,-5.515243644371886,2,5.515243644371886,1,0,4,anti_homophones
39830,zI4jLn3,7,-6.365579762304075,2,6.365579762304075,1,0,2,anti_homophones
39831,mi4lK2,6,-6.4087815235465,2,6.4087815235465,1,0,3,anti_homophones
39832,ni4A4,5,-5.220481873251096,2,5.220481873251096,1,0,2,anti_homophones
39833,chu2tu2,7,-5.301099363257718,2,5.301099363257718,1,0,3,anti_homophones
39834,qLn2ge2,7,-6.158347918420914,2,6.158347918420914,1,0,2,anti_homophones
39835,leng1cQ3,8,-6.644064200397054,2,6.644064200397054,1,0,2,anti_homophones
39836,si4la1,6,-7.4354417123487755,2,7.4354417123487755,1,0,0,anti_homophones
39837,ji1lv4,6,-5.555817544190075,2,5.555817544190075,1,0,6,anti_homophones
39838,ji1xUn3,7,-6.561117900961706,2,6.561117900961706,1,0,0,anti_homophones
39839,tong4jL1,8,-5.805080996316816,2,5.805080996316816,1,0,4,anti_homophones
39840,mi3zhi1,7,-6.096721914118431,2,6.096721914118431,1,0,3,anti_homophones
39841,jing2jun1,9,-5.848696206504717,2,5.848696206504717,1,0,0,anti_homophones
39842,dO1dA4,6,-5.549269105656122,2,5.549269105656122,1,0,5,anti_homophones
39843,feng1zhen4,10,-6.388877159044277,2,6.388877159044277,1,0,0,anti_homophones
39844,mQ2zhe3,7,-5.780741984618575,2,5.780741984618575,1,0,1,anti_homophones
39845,gI4ban1,7,-6.805878746540623,2,6.805878746540623,1,0,1,anti_homophones
39846,dong1gO1,8,-6.408284451459162,2,6.408284451459162,1,0,2,anti_homophones
39847,kA1jW1,6,-5.842776815780589,2,5.842776815780589,1,0,2,anti_homophones
39848,xLng2qUn2,9,-6.073872968735201,2,6.073872968735201,1,0,1,anti_homophones
39849,wan3dun3,8,-8.579728913892614,2,8.579728913892614,1,0,0,anti_homophones
39850,chQ3ding4,9,-7.265071412244178,2,7.265071412244178,1,0,1,anti_homophones
39851,hU4ting4,8,-6.1150509055147815,2,6.1150509055147815,1,0,1,anti_homophones
39852,lLng2zhi4,9,-5.999816826727173,2,5.999816826727173,1,0,2,anti_homophones
39853,chV1mo4,7,-6.608372638971308,2,6.608372638971308,1,0,0,anti_homophones
39854,cQ3shen1,8,-6.402774166634743,2,6.402774166634743,1,0,0,anti_homophones
39855,mQ4hU1,6,-6.514746479161485,2,6.514746479161485,1,0,1,anti_homophones
39856,ning4V3,7,-7.636690718522808,2,7.636690718522808,1,0,0,anti_homophones
39857,qLng1li4,8,-5.775837620102322,2,5.775837620102322,1,0,4,anti_homophones
39858,shV4hQ4,7,-6.030191093238987,2,6.030191093238987,1,0,5,anti_homophones
39859,yi1xun2,7,-5.5242777929901985,2,5.5242777929901985,1,0,2,anti_homophones
39860,da4li3,6,-5.0470619409412825,2,5.0470619409412825,1,0,9,anti_homophones
39861,hO3mLn4,7,-5.824824723052112,2,5.824824723052112,1,0,1,anti_homophones
39862,du2qing3,8,-6.496991716441656,2,6.496991716441656,1,0,1,anti_homophones
39863,kUn3chUng2,10,-7.4686214507491,2,7.4686214507491,1,0,0,anti_homophones
39864,dUn4na4,7,-6.6326740829861075,2,6.6326740829861075,1,0,0,anti_homophones
39865,zhu4xLng2,9,-6.116606993538308,2,6.116606993538308,1,0,0,anti_homophones
39866,yin3shi3,8,-5.963730856434806,2,5.963730856434806,1,0,2,anti_homophones
39867,yi2zhQ4,7,-6.175232561641118,2,6.175232561641118,1,0,3,anti_homophones
39868,fan4bu4,7,-5.452241982533321,2,5.452241982533321,1,0,7,anti_homophones
39869,sun1kong5,9,-9.622643745627453,2,9.622643745627453,1,0,0,anti_homophones
39870,yC4ji2,6,-5.245746602932305,2,5.245746602932305,1,0,9,anti_homophones
39871,jLn4lLn4,8,-5.945415420672842,2,5.945415420672842,1,0,3,anti_homophones
39872,cheng4yQ4,9,-6.2319388442166055,2,6.2319388442166055,1,0,0,anti_homophones
39873,fan4yu3,7,-5.777211393098854,2,5.777211393098854,1,0,2,anti_homophones
39874,ji4hu4,6,-5.723355598799935,2,5.723355598799935,1,0,10,anti_homophones
39875,yi1xC2,6,-4.905459933376397,2,4.905459933376397,1,0,4,anti_homophones
39876,su4dLn4,7,-5.8065670899842665,2,5.8065670899842665,1,0,4,anti_homophones
39877,wo4chen1,8,-6.469785610691672,2,6.469785610691672,1,0,0,anti_homophones
39878,gong4hO3,8,-6.145829692155937,2,6.145829692155937,1,0,0,anti_homophones
39879,dang3zhu3,9,-6.575607493948234,2,6.575607493948234,1,0,0,anti_homophones
39880,xW3zu2,6,-5.001234340040773,2,5.001234340040773,1,0,5,anti_homophones
39881,bA3fang1,8,-5.977749198496925,2,5.977749198496925,1,0,1,anti_homophones
39882,fa1bQ4,6,-5.380305003128419,2,5.380305003128419,1,0,5,anti_homophones
39883,zO4dan3,7,-6.314359448150482,2,6.314359448150482,1,0,0,anti_homophones
39884,tW4shi2,7,-5.843120399804684,2,5.843120399804684,1,0,4,anti_homophones
39885,gO3shI3,7,-6.097034401032534,2,6.097034401032534,1,0,1,anti_homophones
39886,cha2bLn4,8,-6.165613597865623,2,6.165613597865623,1,0,1,anti_homophones
39887,shan1qM4,8,-6.224147993623086,2,6.224147993623086,1,0,0,anti_homophones
39888,jing4zhong4,11,-6.096836060288428,2,6.096836060288428,1,0,2,anti_homophones
39889,kU4lan3,7,-6.503276731977083,2,6.503276731977083,1,0,1,anti_homophones
39890,bA4sheng1,9,-6.353292018460078,2,6.353292018460078,1,0,2,anti_homophones
39891,A3gV1,5,-5.8346579282672435,2,5.8346579282672435,1,0,1,anti_homophones
39892,nan2qK2,7,-5.629296513148568,2,5.629296513148568,1,0,2,anti_homophones
39893,qi1rV2,6,-7.114993541575768,2,7.114993541575768,1,0,1,anti_homophones
39894,zeng2ji4,8,-6.415660419196804,2,6.415660419196804,1,0,2,anti_homophones
39895,di4du2,6,-5.8327231170301355,2,5.8327231170301355,1,0,3,anti_homophones
39896,pW1mM3,6,-8.31411744756783,2,8.31411744756783,1,0,0,anti_homophones
39897,sUn1gQ1,7,-7.199839192252632,2,7.199839192252632,1,0,0,anti_homophones
39898,san1ri4,7,-6.066897541726874,2,6.066897541726874,1,0,2,anti_homophones
39899,bW1du4,6,-5.619383724591353,2,5.619383724591353,1,0,2,anti_homophones
39900,yi4gu4,6,-6.33426903194163,2,6.33426903194163,1,0,6,anti_homophones
39901,ci3lLn4,7,-6.6403001808426785,2,6.6403001808426785,1,0,2,anti_homophones
39902,yQ2lW4,6,-6.151346413814984,2,6.151346413814984,1,0,2,anti_homophones
39903,lO3lO4,6,-6.26429630490016,2,6.26429630490016,1,0,1,anti_homophones
39904,cu1hu2,6,-5.727672685406043,2,5.727672685406043,1,0,1,anti_homophones
39905,qK1zhi4,7,-6.346088168866589,2,6.346088168866589,1,0,1,anti_homophones
39906,bQ1dang2,8,-6.705591645125266,2,6.705591645125266,1,0,2,anti_homophones
39907,ning2kUn3,9,-7.316751215908029,2,7.316751215908029,1,0,1,anti_homophones
39908,gUng2hU1,8,-6.463937043729457,2,6.463937043729457,1,0,0,anti_homophones
39909,shI3bo1,7,-5.842401522623975,2,5.842401522623975,1,0,1,anti_homophones
39910,zhi1xM4,7,-5.571819875372348,2,5.571819875372348,1,0,4,anti_homophones
39911,dang1nan2,9,-6.793096913617537,2,6.793096913617537,1,0,1,anti_homophones
39912,hA3a3,5,-6.244067864669967,2,6.244067864669967,1,0,2,anti_homophones
39913,song1zhQ4,9,-6.737236938899415,2,6.737236938899415,1,0,0,anti_homophones
39914,xW4ling2,8,-6.429211666071057,2,6.429211666071057,1,0,0,anti_homophones
39915,zhang4chu1,10,-6.311864890368941,2,6.311864890368941,1,0,0,anti_homophones
39916,di1jL1,6,-5.800073715317197,2,5.800073715317197,1,0,3,anti_homophones
39917,bi3jLn1,7,-5.919355691700353,2,5.919355691700353,1,0,1,anti_homophones
39918,ru3hong1,8,-8.039202678060118,2,8.039202678060118,1,0,0,anti_homophones
39919,ju1lu5,6,-6.273823492887772,2,6.273823492887772,1,0,2,anti_homophones
39920,qi3ping1,8,-6.20007565467081,2,6.20007565467081,1,0,1,anti_homophones
39921,hQ3shV3,7,-5.6221361884734815,2,5.6221361884734815,1,0,3,anti_homophones
39922,gO1li4,6,-6.359653403356891,2,6.359653403356891,1,0,4,anti_homophones
39923,pin3yu2,7,-5.922856375702693,2,5.922856375702693,1,0,5,anti_homophones
39924,xW3tan3,7,-6.0131136318223914,2,6.0131136318223914,1,0,5,anti_homophones
39925,rO4wu3,6,-6.077861790213769,2,6.077861790213769,1,0,1,anti_homophones
39926,yun2kV3,7,-6.308324758257572,2,6.308324758257572,1,0,0,anti_homophones
39927,da4ya2,6,-5.48522878920223,2,5.48522878920223,1,0,7,anti_homophones
39928,lQ3ya2,6,-5.635803173786258,2,5.635803173786258,1,0,4,anti_homophones
39929,da3ya2,6,-5.7610395422603595,2,5.7610395422603595,1,0,3,anti_homophones
39930,da4bang3,8,-5.803791467027854,2,5.803791467027854,1,0,7,anti_homophones
39931,yin3xLng2,9,-6.165584989361608,2,6.165584989361608,1,0,2,anti_homophones
39932,ye3gI3,6,-5.5211601709670335,2,5.5211601709670335,1,0,0,anti_homophones
39933,bLn4qing2,9,-6.353182762812597,2,6.353182762812597,1,0,1,anti_homophones
39934,cQ3mo2,6,-6.275868927029703,2,6.275868927029703,1,0,0,anti_homophones
39935,hU1hO3,6,-5.887537342364342,2,5.887537342364342,1,0,1,anti_homophones
39936,jLn4sUn4,8,-5.92709289352058,2,5.92709289352058,1,0,3,anti_homophones
39937,dV1li2,6,-7.45111240956629,2,7.45111240956629,1,0,1,anti_homophones
39938,hV4qUn2,7,-6.020732588412572,2,6.020732588412572,1,0,3,anti_homophones
39939,lan2hU4,7,-5.632092088294638,2,5.632092088294638,1,0,3,anti_homophones
39940,jK3xi1,6,-6.204175548399781,2,6.204175548399781,1,0,0,anti_homophones
39941,nan2wu4,7,-5.5190347964392075,2,5.5190347964392075,1,0,2,anti_homophones
39942,hU1jLng1,8,-6.180795857091532,2,6.180795857091532,1,0,2,anti_homophones
39943,xLng3tan3,9,-6.996860733948904,2,6.996860733948904,1,0,0,anti_homophones
39944,yu3yan1,7,-6.533601529281802,2,6.533601529281802,1,0,1,anti_homophones
39945,kA1she5,7,-7.76099425158981,2,7.76099425158981,1,0,0,anti_homophones
39946,zhan3xL4,8,-6.592250057140315,2,6.592250057140315,1,0,0,anti_homophones
39947,hUng1xing1,10,-6.077376460846742,2,6.077376460846742,1,0,1,anti_homophones
39948,wen2zhV4,8,-6.761894909441892,2,6.761894909441892,1,0,2,anti_homophones
39949,bu4pa4,6,-5.7587426217166335,2,5.7587426217166335,1,0,2,anti_homophones
39950,yC4xi1,6,-5.848749709582081,2,5.848749709582081,1,0,1,anti_homophones
39951,wA4du4,6,-5.435758938861925,2,5.435758938861925,1,0,6,anti_homophones
39952,sheng1pLn4,10,-5.695320392831388,2,5.695320392831388,1,0,2,anti_homophones
39953,gu4jL1,6,-5.830551732867805,2,5.830551732867805,1,0,8,anti_homophones
39954,su4qu3,6,-6.011914957475929,2,6.011914957475929,1,0,3,anti_homophones
39955,lK2qUn2,7,-5.140825669936325,2,5.140825669936325,1,0,3,anti_homophones
39956,qing2mu4,8,-5.640009597473168,2,5.640009597473168,1,0,5,anti_homophones
39957,kUng2li4,8,-6.136641182066894,2,6.136641182066894,1,0,3,anti_homophones
39958,zi1bE5,6,-6.941808891367203,2,6.941808891367203,1,0,0,anti_homophones
39959,xLn1kV3,7,-5.946887471091562,2,5.946887471091562,1,0,4,anti_homophones
39960,gQ1qM4,6,-5.889762726192963,2,5.889762726192963,1,0,0,anti_homophones
39961,shu4la4,7,-7.211854438418097,2,7.211854438418097,1,0,3,anti_homophones
39962,xL4qing4,8,-6.070148329006269,2,6.070148329006269,1,0,1,anti_homophones
39963,cA3she2,7,-6.87609595827723,2,6.87609595827723,1,0,2,anti_homophones
39964,xW3fu2,6,-5.21418742912108,2,5.21418742912108,1,0,6,anti_homophones
39965,fa1ba1,6,-5.578445415852446,2,5.578445415852446,1,0,1,anti_homophones
39966,chQ2sQ1,7,-5.897182763717012,2,5.897182763717012,1,0,0,anti_homophones
39967,cheng1jM2,9,-5.735820197777111,2,5.735820197777111,1,0,1,anti_homophones
39968,rV2chUn4,8,-7.076601184570764,2,7.076601184570764,1,0,0,anti_homophones
39969,zO3shu3,7,-6.706869422828158,2,6.706869422828158,1,0,1,anti_homophones
39970,jK4shI4,7,-5.84831476632862,2,5.84831476632862,1,0,3,anti_homophones
39971,gu4yang2,8,-6.335212490619088,2,6.335212490619088,1,0,5,anti_homophones
39972,lang1yQ4,8,-7.409474926743338,2,7.409474926743338,1,0,0,anti_homophones
39973,nv3xi1,6,-5.757501816955421,2,5.757501816955421,1,0,3,anti_homophones
39974,zu3dUn3,7,-6.637871596829832,2,6.637871596829832,1,0,0,anti_homophones
39975,fu2cong4,8,-6.685660866665344,2,6.685660866665344,1,0,0,anti_homophones
39976,chan4qi5,8,-7.4161350972187465,2,7.4161350972187465,1,0,2,anti_homophones
39977,zhe2fang2,9,-6.340289490536628,2,6.340289490536628,1,0,1,anti_homophones
39978,da4dang4,8,-5.459690533986148,2,5.459690533986148,1,0,9,anti_homophones
39979,chUn1yu3,8,-6.106650349201391,2,6.106650349201391,1,0,1,anti_homophones
39980,shO1mA4,7,-6.00944330837427,2,6.00944330837427,1,0,2,anti_homophones
39981,xi1bE4,6,-5.68163691150227,2,5.68163691150227,1,0,8,anti_homophones
39982,chong2gUn3,10,-6.309512394985516,2,6.309512394985516,1,0,1,anti_homophones
39983,zI4da4,6,-6.246456663505432,2,6.246456663505432,1,0,3,anti_homophones
39984,ping2ji1,8,-5.804950489783974,2,5.804950489783974,1,0,5,anti_homophones
39985,nLng3jM4,8,-7.622224035446506,2,7.622224035446506,1,0,0,anti_homophones
39986,bu4zu3,6,-5.547964574950205,2,5.547964574950205,1,0,8,anti_homophones
39987,hang2wen3,9,-7.037641179844178,2,7.037641179844178,1,0,1,anti_homophones
39988,ti2wE3,6,-6.357656879530857,2,6.357656879530857,1,0,1,anti_homophones
39989,hI4ji4,6,-5.832424208766868,2,5.832424208766868,1,0,4,anti_homophones
39990,she4sO3,7,-5.576550196564689,2,5.576550196564689,1,0,0,anti_homophones
39991,zang4xLng2,10,-7.153167195221672,2,7.153167195221672,1,0,1,anti_homophones
39992,wu4yin1,7,-6.005959850643319,2,6.005959850643319,1,0,2,anti_homophones
39993,zhang1zhe5,10,-6.973003797411615,2,6.973003797411615,1,0,0,anti_homophones
39994,lin2sheng1,10,-5.903286660918444,2,5.903286660918444,1,0,1,anti_homophones
39995,shen1ge1,8,-6.200962792706361,2,6.200962792706361,1,0,1,anti_homophones
39996,hA3xi4,6,-5.895218604804381,2,5.895218604804381,1,0,4,anti_homophones
39997,shan4chen2,10,-6.5219918806583115,2,6.5219918806583115,1,0,0,anti_homophones
39998,chang1wan4,10,-6.743515116905772,2,6.743515116905772,1,0,0,anti_homophones
39999,ju1jK3,6,-6.184697822267285,2,6.184697822267285,1,0,1,anti_homophones
40000,yan3pLn1,8,-6.427282226103772,2,6.427282226103772,1,0,0,anti_homophones
40001,cheng2hU4,9,-5.553337089411691,2,5.553337089411691,1,0,4,anti_homophones
40002,cQ3an1,6,-5.7918540699998,2,5.7918540699998,1,0,0,anti_homophones
40003,ding3zhI4,9,-7.604609717640217,2,7.604609717640217,1,0,1,anti_homophones
40004,xW3kan3,7,-6.170862686553942,2,6.170862686553942,1,0,4,anti_homophones
40005,zi1bLn1,7,-6.25054995294192,2,6.25054995294192,1,0,2,anti_homophones
40006,leng2dI4,8,-6.641415804003039,2,6.641415804003039,1,0,1,anti_homophones
40007,wa1lan4,7,-7.001771219848065,2,7.001771219848065,1,0,0,anti_homophones
40008,shi4xLng1,9,-5.817160010263976,2,5.817160010263976,1,0,2,anti_homophones
40009,yUn2shi5,8,-6.392773823480961,2,6.392773823480961,1,0,1,anti_homophones
40010,da4hang2,8,-5.133566560865154,2,5.133566560865154,1,0,6,anti_homophones
40011,lv3jL5,6,-6.941498482571122,2,6.941498482571122,1,0,1,anti_homophones
40012,zu3lW4,6,-6.6829506301878645,2,6.6829506301878645,1,0,1,anti_homophones
40013,chI2shan3,9,-7.027303295084921,2,7.027303295084921,1,0,0,anti_homophones
40014,shi4yan3,8,-5.409777018572712,2,5.409777018572712,1,0,5,anti_homophones
40015,lQ2shun3,8,-7.533714956051886,2,7.533714956051886,1,0,0,anti_homophones
40016,ba3cheng2,9,-6.624169016993051,2,6.624169016993051,1,0,0,anti_homophones
40017,bM2zhUn4,8,-6.913966912586497,2,6.913966912586497,1,0,0,anti_homophones
40018,tQ3jL4,6,-5.942618279603751,2,5.942618279603751,1,0,3,anti_homophones
40019,peng1wen2,9,-6.46579043671393,2,6.46579043671393,1,0,1,anti_homophones
40020,cun1bo2,7,-7.092718557664924,2,7.092718557664924,1,0,0,anti_homophones
40021,ku1gA4,6,-6.155027410652679,2,6.155027410652679,1,0,1,anti_homophones
40022,wE4cun1,7,-6.569869418362257,2,6.569869418362257,1,0,0,anti_homophones
40023,gI1zi4,6,-6.2992263100172305,2,6.2992263100172305,1,0,5,anti_homophones
40024,zhong2hUn1,10,-6.6334226835682255,2,6.6334226835682255,1,0,2,anti_homophones
40025,ju4de5,6,-5.855631732854501,2,5.855631732854501,1,0,2,anti_homophones
40026,wE1lLn2,7,-5.950602659779144,2,5.950602659779144,1,0,1,anti_homophones
40027,xun4bing4,9,-6.513515216004956,2,6.513515216004956,1,0,2,anti_homophones
40028,fen1fan4,8,-5.8998059639043205,2,5.8998059639043205,1,0,1,anti_homophones
40029,zhong1po4,9,-6.363588963304478,2,6.363588963304478,1,0,1,anti_homophones
40030,yan3ju4,7,-5.610704325319818,2,5.610704325319818,1,0,7,anti_homophones
40031,mE2qu3,6,-5.426667560114208,2,5.426667560114208,1,0,2,anti_homophones
40032,yan3gu3,7,-5.5264386081989425,2,5.5264386081989425,1,0,3,anti_homophones
40033,xYng2dQ4,8,-5.962021476108164,2,5.962021476108164,1,0,3,anti_homophones
40034,ye4jM2,6,-5.940970539548189,2,5.940970539548189,1,0,3,anti_homophones
40035,yi4zhu3,7,-5.765704273894539,2,5.765704273894539,1,0,3,anti_homophones
40036,rV4jL5,6,-7.3402070565752515,2,7.3402070565752515,1,0,0,anti_homophones
40037,sQ1ran2,7,-6.1216663879884345,2,6.1216663879884345,1,0,0,anti_homophones
40038,bu4san1,7,-5.957424886418642,2,5.957424886418642,1,0,4,anti_homophones
40039,pA2chu3,7,-6.536095994279893,2,6.536095994279893,1,0,1,anti_homophones
40040,ci3tV2,6,-6.078346129463641,2,6.078346129463641,1,0,3,anti_homophones
40041,mi2la5,6,-6.7267085715336785,2,6.7267085715336785,1,0,1,anti_homophones
40042,shi3gO3,7,-6.740914730605003,2,6.740914730605003,1,0,2,anti_homophones
40043,fan3wen2,8,-6.106427326306982,2,6.106427326306982,1,0,0,anti_homophones
40044,yan2che4,8,-6.77289836262893,2,6.77289836262893,1,0,2,anti_homophones
40045,fE1cang2,8,-6.502571129279182,2,6.502571129279182,1,0,1,anti_homophones
40046,wA1lLn4,7,-6.537870748930648,2,6.537870748930648,1,0,1,anti_homophones
40047,fan3e2,6,-5.905204161036625,2,5.905204161036625,1,0,1,anti_homophones
40048,weng2fa4,8,-8.28978705660584,2,8.28978705660584,1,0,1,anti_homophones
40049,bu4fa3,6,-4.827635211746846,2,4.827635211746846,1,0,5,anti_homophones
40050,chUn2shi4,9,-5.626516147558524,2,5.626516147558524,1,0,1,anti_homophones
40051,cQ3mu3,6,-6.259289818685635,2,6.259289818685635,1,0,3,anti_homophones
40052,sO3yi2,6,-6.51951306063952,2,6.51951306063952,1,0,0,anti_homophones
40053,hun2zQ4,7,-6.776760282419105,2,6.776760282419105,1,0,0,anti_homophones
40054,hang3shen3,10,-7.206710671430703,2,7.206710671430703,1,0,0,anti_homophones
40055,zhe3qi2,7,-6.149209055693273,2,6.149209055693273,1,0,2,anti_homophones
40056,shV4ji2,7,-5.278823218595343,2,5.278823218595343,1,0,6,anti_homophones
40057,yUn2e2,6,-6.098450665173472,2,6.098450665173472,1,0,1,anti_homophones
40058,sheng2ci2,9,-5.861037318090601,2,5.861037318090601,1,0,1,anti_homophones
40059,kP4chun4,8,-7.023821250913693,2,7.023821250913693,1,0,0,anti_homophones
40060,zhu1tV2,7,-5.692991875890671,2,5.692991875890671,1,0,3,anti_homophones
40061,dan4xL4,7,-6.126499703725128,2,6.126499703725128,1,0,4,anti_homophones
40062,gO3ju4,6,-5.923608945017754,2,5.923608945017754,1,0,1,anti_homophones
40063,zi4gu3,6,-5.309686984334443,2,5.309686984334443,1,0,11,anti_homophones
40064,tLn1peng2,9,-6.400073855192574,2,6.400073855192574,1,0,0,anti_homophones
40065,dLn4jL4,7,-5.56318271269061,2,5.56318271269061,1,0,2,anti_homophones
40066,zhong1yu3,9,-5.615335400823443,2,5.615335400823443,1,0,6,anti_homophones
40067,nu3zhang2,9,-6.798276691490982,2,6.798276691490982,1,0,3,anti_homophones
40068,zheng1ying1,11,-6.192389668966793,2,6.192389668966793,1,0,1,anti_homophones
40069,sha1an1,7,-6.014424377979334,2,6.014424377979334,1,0,4,anti_homophones
40070,fE2gUng4,8,-6.82471823790466,2,6.82471823790466,1,0,1,anti_homophones
40071,fa1qing1,8,-5.863014700282565,2,5.863014700282565,1,0,3,anti_homophones
40072,lV2yan3,7,-6.683511017868622,2,6.683511017868622,1,0,2,anti_homophones
40073,hong3jLn1,9,-6.752055541740814,2,6.752055541740814,1,0,1,anti_homophones
40074,zang4pen1,9,-7.9058948388086,2,7.9058948388086,1,0,0,anti_homophones
40075,tO4zhi2,7,-6.2497264841040305,2,6.2497264841040305,1,0,2,anti_homophones
40076,dLn3song2,9,-6.936617129536124,2,6.936617129536124,1,0,1,anti_homophones
40077,dong4mQ2,8,-7.221458980922406,2,7.221458980922406,1,0,0,anti_homophones
40078,shu1qK1,7,-6.213707490081042,2,6.213707490081042,1,0,0,anti_homophones
40079,pang2qi4,8,-6.364378451162698,2,6.364378451162698,1,0,5,anti_homophones
40080,zhi2zhong3,10,-6.353210013281658,2,6.353210013281658,1,0,1,anti_homophones
40081,hI1ran3,7,-7.016658075230039,2,7.016658075230039,1,0,1,anti_homophones
40082,yu3dong4,8,-6.001061770530098,2,6.001061770530098,1,0,2,anti_homophones
40083,lO2ji4,6,-5.7368134609803985,2,5.7368134609803985,1,0,4,anti_homophones
40084,hI1a1,5,-6.248764000446185,2,6.248764000446185,1,0,2,anti_homophones
40085,meng1hU1,8,-6.539154613621343,2,6.539154613621343,1,0,1,anti_homophones
40086,hE1xLng4,8,-5.6089487413402574,2,5.6089487413402574,1,0,2,anti_homophones
40087,tI4xin1,7,-5.4267848354595,2,5.4267848354595,1,0,3,anti_homophones
40088,jing2shen4,10,-6.2017204386763725,2,6.2017204386763725,1,0,1,anti_homophones
40089,ru2shO1,7,-5.847781697910026,2,5.847781697910026,1,0,4,anti_homophones
40090,yQ4wE4,6,-5.099405717930508,2,5.099405717930508,1,0,9,anti_homophones
40091,fang1wA4,8,-6.791862416277368,2,6.791862416277368,1,0,0,anti_homophones
40092,yV2tQ4,6,-6.032545687165446,2,6.032545687165446,1,0,3,anti_homophones
40093,bQ3wen3,7,-5.916220715412826,2,5.916220715412826,1,0,3,anti_homophones
40094,bQ2zi3,6,-5.961481724311763,2,5.961481724311763,1,0,2,anti_homophones
40095,wu1zO3,6,-7.852337553448452,2,7.852337553448452,1,0,0,anti_homophones
40096,zhQ1ji1,7,-5.616508383449889,2,5.616508383449889,1,0,2,anti_homophones
40097,gUn3shen1,9,-6.34393588528478,2,6.34393588528478,1,0,1,anti_homophones
40098,chUn2wE4,8,-5.8726271688974805,2,5.8726271688974805,1,0,2,anti_homophones
40099,gong1hUng4,10,-6.3175175093768114,2,6.3175175093768114,1,0,2,anti_homophones
40100,zhu4zhen1,9,-6.107754242097735,2,6.107754242097735,1,0,0,anti_homophones
40101,chV2hUn2,8,-6.807765537507213,2,6.807765537507213,1,0,0,anti_homophones
40102,xLng4re4,8,-6.2856621183603485,2,6.2856621183603485,1,0,1,anti_homophones
40103,gong1xLng1,10,-5.847021715495697,2,5.847021715495697,1,0,5,anti_homophones
40104,dLn4bLn1,8,-5.978386581420387,2,5.978386581420387,1,0,0,anti_homophones
40105,ta1xin1,7,-5.84337429505684,2,5.84337429505684,1,0,0,anti_homophones
40106,ma4nLn2,7,-6.218971626692398,2,6.218971626692398,1,0,2,anti_homophones
40107,hang2shang1,11,-7.026025357880462,2,7.026025357880462,1,0,0,anti_homophones
40108,gang4shV3,9,-6.589633891907657,2,6.589633891907657,1,0,0,anti_homophones
40109,lO2wang1,8,-6.125778851496721,2,6.125778851496721,1,0,0,anti_homophones
40110,tM3xin1,7,-5.414898038904579,2,5.414898038904579,1,0,1,anti_homophones
40111,jL3xC2,6,-6.2437408197930795,2,6.2437408197930795,1,0,0,anti_homophones
40112,gan4tV5,7,-6.425836395542163,2,6.425836395542163,1,0,1,anti_homophones
40113,mE2yun4,7,-5.876504874072165,2,5.876504874072165,1,0,1,anti_homophones
40114,ming1hQ4,8,-6.238766235005992,2,6.238766235005992,1,0,2,anti_homophones
40115,zhUng1hO3,9,-5.944946111906979,2,5.944946111906979,1,0,0,anti_homophones
40116,tA2zhang1,9,-7.193520258003765,2,7.193520258003765,1,0,0,anti_homophones
40117,nQ3kV3,6,-6.055088203404669,2,6.055088203404669,1,0,1,anti_homophones
40118,xM4zhi4,7,-6.0639146657201,2,6.0639146657201,1,0,4,anti_homophones
40119,bi4hP4,6,-6.264134997937084,2,6.264134997937084,1,0,7,anti_homophones
40120,bu4wE3,6,-5.550207184041604,2,5.550207184041604,1,0,0,anti_homophones
40121,she4hu1,7,-5.973233154016125,2,5.973233154016125,1,0,3,anti_homophones
40122,jin3dLn4,8,-5.945774765059884,2,5.945774765059884,1,0,2,anti_homophones
40123,yV4de2,6,-5.9387739200268,2,5.9387739200268,1,0,4,anti_homophones
40124,zhu3jun1,8,-6.104974530337231,2,6.104974530337231,1,0,0,anti_homophones
40125,mE2shV1,7,-6.381137397699703,2,6.381137397699703,1,0,0,anti_homophones
40126,cong1feng2,10,-6.765211635554658,2,6.765211635554658,1,0,2,anti_homophones
40127,hang4gO3,8,-7.257482054332872,2,7.257482054332872,1,0,0,anti_homophones
40128,nan4gUn1,8,-6.504333760339839,2,6.504333760339839,1,0,2,anti_homophones
40129,da3xLng4,8,-5.6191895757813395,2,5.6191895757813395,1,0,2,anti_homophones
40130,pin3sI4,7,-6.318034604600381,2,6.318034604600381,1,0,2,anti_homophones
40131,yan3yi3,7,-5.952805394647877,2,5.952805394647877,1,0,5,anti_homophones
40132,rV2yi4,6,-7.213482789945548,2,7.213482789945548,1,0,3,anti_homophones
40133,fan3mi3,7,-6.655633798537451,2,6.655633798537451,1,0,1,anti_homophones
40134,pE1nW3,6,-7.773908421311348,2,7.773908421311348,1,0,2,anti_homophones
40135,jLn4zi5,7,-4.631577458920369,2,4.631577458920369,1,0,12,anti_homophones
40136,cha1gu3,7,-6.564840525659229,2,6.564840525659229,1,0,3,anti_homophones
40137,wu2bLn1,7,-5.7438469320327075,2,5.7438469320327075,1,0,3,anti_homophones
40138,ren2wE4,7,-5.182743119858312,2,5.182743119858312,1,0,5,anti_homophones
40139,zi3ma4,6,-7.419518592131187,2,7.419518592131187,1,0,1,anti_homophones
40140,jC2qUn2,7,-5.216975324273105,2,5.216975324273105,1,0,1,anti_homophones
40141,kQ3lun4,7,-6.238865704978806,2,6.238865704978806,1,0,3,anti_homophones
40142,ting4wu4,8,-6.044997038639928,2,6.044997038639928,1,0,1,anti_homophones
40143,ke3xing3,8,-5.672254452708516,2,5.672254452708516,1,0,3,anti_homophones
40144,tong3zhi4,9,-5.921875641548615,2,5.921875641548615,1,0,2,anti_homophones
40145,jM1kun4,7,-8.42129857094764,2,8.42129857094764,1,0,0,anti_homophones
40146,hA3shO3,7,-8.639675254805637,2,8.639675254805637,1,0,0,anti_homophones
40147,qM4tLn1,7,-5.949074790104098,2,5.949074790104098,1,0,0,anti_homophones
40148,lW3jM2,6,-5.774646267795799,2,5.774646267795799,1,0,1,anti_homophones
40149,rUn3lO4,7,-6.754584618961378,2,6.754584618961378,1,0,1,anti_homophones
40150,wE3men2,7,-6.25281425119875,2,6.25281425119875,1,0,2,anti_homophones
40151,si1lO4,6,-5.436572250674027,2,5.436572250674027,1,0,5,anti_homophones
40152,shun1yUn4,9,-6.810771607546524,2,6.810771607546524,1,0,0,anti_homophones
40153,yQ1lA2,6,-6.64335115700858,2,6.64335115700858,1,0,2,anti_homophones
40154,zhO1ding1,9,-7.118763509897496,2,7.118763509897496,1,0,0,anti_homophones
40155,ping2lL3,8,-7.0910078115758575,2,7.0910078115758575,1,0,0,anti_homophones
40156,shi4hu4,7,-5.479730864628021,2,5.479730864628021,1,0,12,anti_homophones
40157,jing3wen3,9,-7.034713723890752,2,7.034713723890752,1,0,0,anti_homophones
40158,gong2zhi2,9,-5.917079631475811,2,5.917079631475811,1,0,2,anti_homophones
40159,de5lA2,6,-5.004613033225599,2,5.004613033225599,1,0,0,anti_homophones
40160,sha1ren2,8,-5.004166453686494,2,5.004166453686494,1,0,3,anti_homophones
40161,an1za2,6,-6.69737909308656,2,6.69737909308656,1,0,0,anti_homophones
40162,qUn2yu3,7,-5.807438232200482,2,5.807438232200482,1,0,1,anti_homophones
40163,su1jLn4,7,-6.27638415661785,2,6.27638415661785,1,0,1,anti_homophones
40164,yong2zu3,8,-6.8177730194247035,2,6.8177730194247035,1,0,2,anti_homophones
40165,xL2gu1,6,-6.557157466064721,2,6.557157466064721,1,0,1,anti_homophones
40166,shang1qK2,9,-6.019741446629229,2,6.019741446629229,1,0,0,anti_homophones
40167,za2bQ4,6,-6.67760080436248,2,6.67760080436248,1,0,1,anti_homophones
40168,rO4bi3,6,-6.532102309447265,2,6.532102309447265,1,0,0,anti_homophones
40169,gong1xM4,8,-5.854366401235077,2,5.854366401235077,1,0,0,anti_homophones
40170,nong2hun2,9,-7.268650833002371,2,7.268650833002371,1,0,1,anti_homophones
40171,jW1zheng4,9,-5.933837120536326,2,5.933837120536326,1,0,3,anti_homophones
40172,lan3sI4,7,-6.84712555175516,2,6.84712555175516,1,0,2,anti_homophones
40173,shang2bLn1,10,-6.493435854363479,2,6.493435854363479,1,0,1,anti_homophones
40174,xing2xi2,8,-6.006122459199936,2,6.006122459199936,1,0,3,anti_homophones
40175,ye2zO4,6,-6.51582965027536,2,6.51582965027536,1,0,1,anti_homophones
40176,hO4qC4,6,-6.261446351972678,2,6.261446351972678,1,0,0,anti_homophones
40177,qi2gUng1,8,-5.982551428215526,2,5.982551428215526,1,0,1,anti_homophones
40178,gUn3gong2,9,-6.4730769127390895,2,6.4730769127390895,1,0,0,anti_homophones
40179,tI4xC4,6,-6.2528253054167715,2,6.2528253054167715,1,0,0,anti_homophones
40180,ji3ying2,8,-6.377810985204618,2,6.377810985204618,1,0,4,anti_homophones
40181,yin1jLn4,8,-5.4519187371299145,2,5.4519187371299145,1,0,5,anti_homophones
40182,zhu3yan1,8,-6.0048285788867855,2,6.0048285788867855,1,0,3,anti_homophones
40183,chang4V1,8,-7.3392882100852725,2,7.3392882100852725,1,0,0,anti_homophones
40184,min2fE4,7,-6.131079484861472,2,6.131079484861472,1,0,0,anti_homophones
40185,nv3xing2,8,-5.516276310808913,2,5.516276310808913,1,0,1,anti_homophones
40186,shI2bLn1,8,-7.333182111023376,2,7.333182111023376,1,0,1,anti_homophones
40187,kang4lLn2,9,-7.006369277718458,2,7.006369277718458,1,0,1,anti_homophones
40188,bQ3fE4,6,-5.936443258304694,2,5.936443258304694,1,0,4,anti_homophones
40189,pa2shU1,7,-7.03512270086665,2,7.03512270086665,1,0,1,anti_homophones
40190,yV3ban1,7,-6.034054269759636,2,6.034054269759636,1,0,0,anti_homophones
40191,yUn4dLn3,8,-6.458945732860177,2,6.458945732860177,1,0,1,anti_homophones
40192,shen1shen4,10,-6.118891818405874,2,6.118891818405874,1,0,1,anti_homophones
40193,gUn1nW3,7,-6.410045393968507,2,6.410045393968507,1,0,0,anti_homophones
40194,pin3yun4,8,-6.439334139660905,2,6.439334139660905,1,0,0,anti_homophones
40195,lK2man3,7,-5.64438154826845,2,5.64438154826845,1,0,2,anti_homophones
40196,ze2chan3,8,-7.309895639592629,2,7.309895639592629,1,0,0,anti_homophones
40197,jin4xing1,9,-5.414719405546654,2,5.414719405546654,1,0,3,anti_homophones
40198,fang2dI1,8,-7.148275612898227,2,7.148275612898227,1,0,0,anti_homophones
40199,xing1meng1,10,-6.674219602754901,2,6.674219602754901,1,0,1,anti_homophones
40200,shI2tong3,9,-7.819063018589605,2,7.819063018589605,1,0,0,anti_homophones
40201,pLn4hang3,9,-7.065740815806179,2,7.065740815806179,1,0,1,anti_homophones
40202,lLn2ji2,7,-5.710053290157727,2,5.710053290157727,1,0,3,anti_homophones
40203,zheng2hI3,9,-7.424631484181971,2,7.424631484181971,1,0,0,anti_homophones
40204,she2yC1,7,-7.026875829729342,2,7.026875829729342,1,0,1,anti_homophones
40205,jM1zhu4,7,-5.593848375179729,2,5.593848375179729,1,0,3,anti_homophones
40206,xLn4pQ4,7,-5.610760738566271,2,5.610760738566271,1,0,6,anti_homophones
40207,san1mLn4,8,-5.951361920653728,2,5.951361920653728,1,0,0,anti_homophones
40208,kA1shP4,7,-6.573072462745837,2,6.573072462745837,1,0,1,anti_homophones
40209,ling4mE4,8,-6.706850909046775,2,6.706850909046775,1,0,0,anti_homophones
40210,wan3fan3,8,-6.718749104105005,2,6.718749104105005,1,0,1,anti_homophones
40211,lQ3da2,6,-5.487693661087521,2,5.487693661087521,1,0,6,anti_homophones
40212,gong4jL4,8,-5.739271115632477,2,5.739271115632477,1,0,5,anti_homophones
40213,ni4ju4,6,-5.894830357747458,2,5.894830357747458,1,0,5,anti_homophones
40214,shen4qu3,8,-6.4257351088939165,2,6.4257351088939165,1,0,1,anti_homophones
40215,gong2an4,8,-6.331139352163323,2,6.331139352163323,1,0,2,anti_homophones
40216,si1kong4,8,-6.0646165646350525,2,6.0646165646350525,1,0,2,anti_homophones
40217,dV4yang3,8,-6.2749390111167065,2,6.2749390111167065,1,0,2,anti_homophones
40218,tLn1zhu4,8,-5.427660934802394,2,5.427660934802394,1,0,2,anti_homophones
40219,lv3se4,6,-5.609283076349753,2,5.609283076349753,1,0,4,anti_homophones
40220,xM2shu5,7,-7.857505283964944,2,7.857505283964944,1,0,0,anti_homophones
40221,la1tang4,8,-6.3655639551676115,2,6.3655639551676115,1,0,2,anti_homophones
40222,ben1ga4,7,-8.12966479429402,2,8.12966479429402,1,0,0,anti_homophones
40223,ban4xYng1,9,-7.037748026386128,2,7.037748026386128,1,0,0,anti_homophones
40224,xW4zO4,6,-6.208166137383855,2,6.208166137383855,1,0,1,anti_homophones
40225,bi4yang1,8,-6.219138588141868,2,6.219138588141868,1,0,2,anti_homophones
40226,fang4men5,9,-7.38123070840333,2,7.38123070840333,1,0,0,anti_homophones
40227,ke4hUn4,7,-6.569263091044004,2,6.569263091044004,1,0,2,anti_homophones
40228,zi4ran2,7,-4.770617875623369,2,4.770617875623369,1,0,6,anti_homophones
40229,bu3lQ2,6,-6.421855288016982,2,6.421855288016982,1,0,2,anti_homophones
40230,zhan1jM4,8,-6.4217290479933045,2,6.4217290479933045,1,0,0,anti_homophones
40231,gU1dQ4,6,-6.464834951746166,2,6.464834951746166,1,0,4,anti_homophones
40232,jing1xLn4,9,-5.64491507440287,2,5.64491507440287,1,0,2,anti_homophones
40233,ying1gA4,8,-6.55740131561999,2,6.55740131561999,1,0,4,anti_homophones
40234,he2A1,5,-6.3177716186654855,2,6.3177716186654855,1,0,1,anti_homophones
40235,an1sheng4,9,-6.123970193602147,2,6.123970193602147,1,0,2,anti_homophones
40236,wE1xW1,6,-5.7307812390050845,2,5.7307812390050845,1,0,2,anti_homophones
40237,yi1cheng3,9,-5.94663963091448,2,5.94663963091448,1,0,2,anti_homophones
40238,fE4xing2,8,-6.176974561016556,2,6.176974561016556,1,0,1,anti_homophones
40239,fu4bLn4,7,-5.937115860757728,2,5.937115860757728,1,0,5,anti_homophones
40240,gu1mi2,6,-6.225836104710377,2,6.225836104710377,1,0,4,anti_homophones
40241,re3shu3,7,-6.684844383104506,2,6.684844383104506,1,0,1,anti_homophones
40242,xing3shi3,9,-6.359417202020465,2,6.359417202020465,1,0,1,anti_homophones
40243,yan2wan2,8,-5.95452670106932,2,5.95452670106932,1,0,3,anti_homophones
40244,di2hUn2,7,-7.266349813033356,2,7.266349813033356,1,0,0,anti_homophones
40245,cUn2da4,7,-8.321792831163643,2,8.321792831163643,1,0,0,anti_homophones
40246,jC2qi2,6,-6.01412619237353,2,6.01412619237353,1,0,3,anti_homophones
40247,zheng1zheng1,12,-5.9326374185731705,2,5.9326374185731705,1,0,1,anti_homophones
40248,hO2shI3,7,-6.040851273770496,2,6.040851273770496,1,0,1,anti_homophones
40249,sha1song4,9,-5.909457312315279,2,5.909457312315279,1,0,0,anti_homophones
40250,xu4zhong4,9,-7.17126712784852,2,7.17126712784852,1,0,1,anti_homophones
40251,shV3yi4,7,-4.779193557681986,2,4.779193557681986,1,0,7,anti_homophones
40252,gO2chen1,8,-6.5085689497759445,2,6.5085689497759445,1,0,0,anti_homophones
40253,gU4lun2,7,-6.439744822088064,2,6.439744822088064,1,0,0,anti_homophones
40254,qin2shi4,8,-5.435829724094869,2,5.435829724094869,1,0,8,anti_homophones
40255,ju2li2,6,-7.056439266776369,2,7.056439266776369,1,0,2,anti_homophones
40256,bA2dLn3,7,-5.939448129106183,2,5.939448129106183,1,0,1,anti_homophones
40257,shV4yu4,7,-5.623801658481028,2,5.623801658481028,1,0,4,anti_homophones
40258,an1xW4,6,-6.054806609870367,2,6.054806609870367,1,0,2,anti_homophones
40259,bing1hA4,8,-6.160361245025777,2,6.160361245025777,1,0,2,anti_homophones
40260,jL3shi2,7,-5.4031812740775385,2,5.4031812740775385,1,0,5,anti_homophones
40261,shV3jLn3,8,-5.776638618031991,2,5.776638618031991,1,0,3,anti_homophones
40262,chang3zhu4,10,-6.199853932609783,2,6.199853932609783,1,0,1,anti_homophones
40263,gan3mLn5,8,-7.289786888468505,2,7.289786888468505,1,0,0,anti_homophones
40264,gan1jW3,7,-5.790449702179884,2,5.790449702179884,1,0,2,anti_homophones
40265,yi1mu3,6,-5.670291156842208,2,5.670291156842208,1,0,6,anti_homophones
40266,tong1yang1,10,-6.4394026661477115,2,6.4394026661477115,1,0,1,anti_homophones
40267,sO3wen2,7,-5.493926256541856,2,5.493926256541856,1,0,0,anti_homophones
40268,te4dan1,7,-6.0186868198094325,2,6.0186868198094325,1,0,1,anti_homophones
40269,dong1dLn3,9,-6.037191385995436,2,6.037191385995436,1,0,3,anti_homophones
40270,nLn2bu4,7,-5.4045095601977176,2,5.4045095601977176,1,0,2,anti_homophones
40271,jM2jLng4,8,-5.9269599009044915,2,5.9269599009044915,1,0,0,anti_homophones
40272,yV4mLn4,7,-5.527759295721892,2,5.527759295721892,1,0,6,anti_homophones
40273,xLng4sO3,8,-6.220424842895004,2,6.220424842895004,1,0,0,anti_homophones
40274,zhen3bing4,10,-6.836871986068126,2,6.836871986068126,1,0,0,anti_homophones
40275,chUng4gE3,9,-6.622106027877805,2,6.622106027877805,1,0,0,anti_homophones
40276,chen1chu4,9,-6.479226872117872,2,6.479226872117872,1,0,1,anti_homophones
40277,cUn2bing4,9,-8.343385670224748,2,8.343385670224748,1,0,2,anti_homophones
40278,zhUng2zhong3,12,-7.021336206351539,2,7.021336206351539,1,0,2,anti_homophones
40279,heng2yi2,8,-6.986257535995898,2,6.986257535995898,1,0,2,anti_homophones
40280,zO4zhi2,7,-5.462862938898171,2,5.462862938898171,1,0,5,anti_homophones
40281,zhong1xC2,9,-5.6608514339249805,2,5.6608514339249805,1,0,1,anti_homophones
40282,tW2nong4,8,-5.974384306288746,2,5.974384306288746,1,0,0,anti_homophones
40283,fa1cheng4,9,-5.904625005643651,2,5.904625005643651,1,0,3,anti_homophones
40284,wa1jW3,6,-6.319017182387613,2,6.319017182387613,1,0,1,anti_homophones
40285,ning4hQ4,8,-7.027710520256417,2,7.027710520256417,1,0,1,anti_homophones
40286,fan2ti3,7,-5.896325324022943,2,5.896325324022943,1,0,3,anti_homophones
40287,bM2ji4,6,-6.047856168959296,2,6.047856168959296,1,0,3,anti_homophones
40288,wen4shi3,8,-6.526812625101252,2,6.526812625101252,1,0,0,anti_homophones
40289,ke3che3,7,-6.8057819808995115,2,6.8057819808995115,1,0,0,anti_homophones
40290,cheng2zhUng4,12,-6.864813819118064,2,6.864813819118064,1,0,1,anti_homophones
40291,hV4bi4,6,-5.793977400406784,2,5.793977400406784,1,0,5,anti_homophones
40292,xin1long4,9,-6.937786409391668,2,6.937786409391668,1,0,1,anti_homophones
40293,dQ3bang4,8,-6.928715761069056,2,6.928715761069056,1,0,1,anti_homophones
40294,qing2zhang2,11,-6.196659994767001,2,6.196659994767001,1,0,3,anti_homophones
40295,fang4gan3,9,-6.061067552526867,2,6.061067552526867,1,0,2,anti_homophones
40296,tI1chan3,8,-6.019446804415683,2,6.019446804415683,1,0,1,anti_homophones
40297,mE3cheng1,9,-6.118854392113389,2,6.118854392113389,1,0,1,anti_homophones
40298,yUn1jL1,7,-6.70874706770528,2,6.70874706770528,1,0,3,anti_homophones
40299,wu4yUn2,7,-5.3861236697028305,2,5.3861236697028305,1,0,8,anti_homophones
40300,zhi3zhen3,9,-6.57091954383767,2,6.57091954383767,1,0,1,anti_homophones
40301,ying3li3,8,-6.049047624318804,2,6.049047624318804,1,0,2,anti_homophones
40302,xing1zhO1,9,-6.606169980502089,2,6.606169980502089,1,0,0,anti_homophones
40303,lQ2jin4,7,-6.062643309999,2,6.062643309999,1,0,1,anti_homophones
40304,jLn4xL4,7,-5.753469570801676,2,5.753469570801676,1,0,2,anti_homophones
40305,jL2gU3,6,-8.142123657441825,2,8.142123657441825,1,0,0,anti_homophones
40306,gUn1hI3,7,-6.404097327631435,2,6.404097327631435,1,0,1,anti_homophones
40307,shen2lLn2,9,-6.477412187610759,2,6.477412187610759,1,0,0,anti_homophones
40308,mo4shen4,8,-6.309214408452142,2,6.309214408452142,1,0,1,anti_homophones
40309,wu3zhI1,7,-6.491526090573145,2,6.491526090573145,1,0,2,anti_homophones
40310,tV4qu4,6,-6.421919643491057,2,6.421919643491057,1,0,5,anti_homophones
40311,er4yang4,8,-5.685776773789684,2,5.685776773789684,1,0,3,anti_homophones
40312,shi1xing4,9,-5.599318049397736,2,5.599318049397736,1,0,5,anti_homophones
40313,chUn3ran2,9,-6.221480797224675,2,6.221480797224675,1,0,0,anti_homophones
40314,ge4ji4,6,-5.515806655218911,2,5.515806655218911,1,0,5,anti_homophones
40315,nv3jL4,6,-5.52052839660027,2,5.52052839660027,1,0,3,anti_homophones
40316,tan2jW5,7,-8.296020925868152,2,8.296020925868152,1,0,0,anti_homophones
40317,ling2bang1,10,-7.2708819228328245,2,7.2708819228328245,1,0,0,anti_homophones
40318,du2chang4,9,-5.885495602574114,2,5.885495602574114,1,0,2,anti_homophones
40319,bi2qu4,6,-5.912797326891174,2,5.912797326891174,1,0,4,anti_homophones
40320,la1qK2,6,-6.258394975138751,2,6.258394975138751,1,0,0,anti_homophones
40321,xi1wE4,6,-5.504721744430313,2,5.504721744430313,1,0,8,anti_homophones
40322,bing1ri4,8,-6.145088742591595,2,6.145088742591595,1,0,3,anti_homophones
40323,yi3meng4,8,-7.361609701185343,2,7.361609701185343,1,0,0,anti_homophones
40324,chQ1zhu4,8,-5.975371594363644,2,5.975371594363644,1,0,3,anti_homophones
40325,tong1zhong1,11,-6.000085667794012,2,6.000085667794012,1,0,2,anti_homophones
40326,mu3yQ4,6,-6.528543040627203,2,6.528543040627203,1,0,3,anti_homophones
40327,gO4gU4,6,-7.175594105731394,2,7.175594105731394,1,0,1,anti_homophones
40328,ba2tUn2,7,-5.555322031179009,2,5.555322031179009,1,0,2,anti_homophones
40329,zQ1zi5,6,-5.648439055019203,2,5.648439055019203,1,0,7,anti_homophones
40330,zhQ4lA2,7,-5.997302644886631,2,5.997302644886631,1,0,4,anti_homophones
40331,mi4bQ1,6,-5.801437121220793,2,5.801437121220793,1,0,3,anti_homophones
40332,jLn4ding3,9,-6.494996946514404,2,6.494996946514404,1,0,1,anti_homophones
40333,bA2zO4,6,-7.263647612671933,2,7.263647612671933,1,0,1,anti_homophones
40334,qu3e2,5,-6.4118309963663584,2,6.4118309963663584,1,0,1,anti_homophones
40335,zhong1cun1,10,-6.435147905884587,2,6.435147905884587,1,0,1,anti_homophones
40336,zhi2su4,7,-5.647100738947067,2,5.647100738947067,1,0,2,anti_homophones
40337,du2cheng2,9,-6.016437503117411,2,6.016437503117411,1,0,1,anti_homophones
40338,zhong2tu3,9,-6.44801045937655,2,6.44801045937655,1,0,2,anti_homophones
40339,A4mang2,7,-6.4043228115501405,2,6.4043228115501405,1,0,0,anti_homophones
40340,jLn3chi2,8,-6.217186535074491,2,6.217186535074491,1,0,2,anti_homophones
40341,wu2pu3,6,-5.68680468186278,2,5.68680468186278,1,0,6,anti_homophones
40342,lQ2dong1,8,-5.2182752871101865,2,5.2182752871101865,1,0,5,anti_homophones
40343,an1yV3,6,-6.029033572977054,2,6.029033572977054,1,0,0,anti_homophones
40344,dV3lV3,6,-7.005876119100626,2,7.005876119100626,1,0,0,anti_homophones
40345,bE1hA4,6,-5.998858840404737,2,5.998858840404737,1,0,2,anti_homophones
40346,xLng4li4,8,-5.194842657958212,2,5.194842657958212,1,0,8,anti_homophones
40347,gong4kO2,8,-8.045290761697688,2,8.045290761697688,1,0,0,anti_homophones
40348,ying1wu4,8,-5.702530677264836,2,5.702530677264836,1,0,4,anti_homophones
40349,xW3yu4,6,-5.562238195952501,2,5.562238195952501,1,0,9,anti_homophones
40350,mA4lE2,6,-7.225532814686003,2,7.225532814686003,1,0,1,anti_homophones
40351,fE1bu3,6,-6.391517965366209,2,6.391517965366209,1,0,0,anti_homophones
40352,qing2hang2,10,-6.999568519422271,2,6.999568519422271,1,0,2,anti_homophones
40353,yUn2chu4,8,-6.201060966361923,2,6.201060966361923,1,0,1,anti_homophones
40354,jW4mi4,6,-6.4850596177115625,2,6.4850596177115625,1,0,5,anti_homophones
40355,cun2zhO2,8,-7.04911683168708,2,7.04911683168708,1,0,0,anti_homophones
40356,hu3ye4,6,-5.98072919845507,2,5.98072919845507,1,0,4,anti_homophones
40357,fu1fu1,6,-6.570006601961378,2,6.570006601961378,1,0,0,anti_homophones
40358,she2wen2,8,-6.426895295181553,2,6.426895295181553,1,0,2,anti_homophones
40359,yu3yUn2,7,-6.093048397302755,2,6.093048397302755,1,0,1,anti_homophones
40360,ce4man3,7,-6.591578006222987,2,6.591578006222987,1,0,1,anti_homophones
40361,jing2shu3,9,-6.211879583647072,2,6.211879583647072,1,0,0,anti_homophones
40362,hO3gUng2,8,-6.729191235610836,2,6.729191235610836,1,0,0,anti_homophones
40363,fan3ze2,7,-5.92562696391986,2,5.92562696391986,1,0,3,anti_homophones
40364,yan3zi5,7,-4.950890647442196,2,4.950890647442196,1,0,10,anti_homophones
40365,sha3qing3,9,-7.176744011324686,2,7.176744011324686,1,0,1,anti_homophones
40366,zQ4zi5,6,-5.093786553010153,2,5.093786553010153,1,0,9,anti_homophones
40367,nUn3zhu4,8,-6.4396118127610595,2,6.4396118127610595,1,0,1,anti_homophones
40368,chUn2wu4,8,-5.865051283721707,2,5.865051283721707,1,0,4,anti_homophones
40369,ma3ti3,6,-5.476100655431312,2,5.476100655431312,1,0,2,anti_homophones
40370,lUn4jing4,9,-6.6322838516251545,2,6.6322838516251545,1,0,0,anti_homophones
40371,hI4jLn4,7,-5.9145346928452005,2,5.9145346928452005,1,0,3,anti_homophones
40372,dV1can1,7,-7.810233738459037,2,7.810233738459037,1,0,2,anti_homophones
40373,zhQ4lQ2,7,-6.390231145910661,2,6.390231145910661,1,0,3,anti_homophones
40374,lE2tong2,8,-6.251228040968995,2,6.251228040968995,1,0,1,anti_homophones
40375,gUn3shI3,8,-5.946552693788898,2,5.946552693788898,1,0,0,anti_homophones
40376,ying4shu1,9,-6.178917018966352,2,6.178917018966352,1,0,2,anti_homophones
40377,zhu3fu3,7,-6.597679208156389,2,6.597679208156389,1,0,2,anti_homophones
40378,gI1se4,6,-5.063834773054991,2,5.063834773054991,1,0,3,anti_homophones
40379,fu4ze2,6,-5.362943130494909,2,5.362943130494909,1,0,5,anti_homophones
40380,san3jW4,7,-6.91287045427156,2,6.91287045427156,1,0,0,anti_homophones
40381,mW2hI1,6,-6.5052274912539465,2,6.5052274912539465,1,0,1,anti_homophones
40382,te4xing1,8,-5.492621322351119,2,5.492621322351119,1,0,2,anti_homophones
40383,lu4chong4,9,-7.147060303606926,2,7.147060303606926,1,0,1,anti_homophones
40384,lQ3hI3,6,-6.389865958389592,2,6.389865958389592,1,0,6,anti_homophones
40385,shang2yi4,9,-5.454683205524433,2,5.454683205524433,1,0,4,anti_homophones
40386,xin4ji1,7,-5.687137245650123,2,5.687137245650123,1,0,6,anti_homophones
40387,ang1qing1,9,-7.67795376521747,2,7.67795376521747,1,0,0,anti_homophones
40388,gUng1ling1,10,-6.775483968336888,2,6.775483968336888,1,0,0,anti_homophones
40389,jW4hI4,6,-5.052138229115261,2,5.052138229115261,1,0,4,anti_homophones
40390,gan1sheng2,10,-6.172203831250955,2,6.172203831250955,1,0,0,anti_homophones
40391,fang1bang4,10,-6.992777451240817,2,6.992777451240817,1,0,1,anti_homophones
40392,mo2lA2,6,-5.750704094780429,2,5.750704094780429,1,0,1,anti_homophones
40393,pan4ke4,7,-6.567911524862954,2,6.567911524862954,1,0,1,anti_homophones
40394,jLng1er2,8,-6.120144286685071,2,6.120144286685071,1,0,2,anti_homophones
40395,ben3yi2,7,-6.6748541354722155,2,6.6748541354722155,1,0,1,anti_homophones
40396,tong4jin1,9,-6.07548817410737,2,6.07548817410737,1,0,0,anti_homophones
40397,xW3ming1,8,-5.840240415533722,2,5.840240415533722,1,0,1,anti_homophones
40398,ren2zhUn2,9,-6.1562879697618715,2,6.1562879697618715,1,0,3,anti_homophones
40399,chUn2dQ5,8,-7.146498185691067,2,7.146498185691067,1,0,0,anti_homophones
40400,zi1ba4,6,-6.524726895028682,2,6.524726895028682,1,0,3,anti_homophones
40401,yC4hU4,6,-5.824035900459093,2,5.824035900459093,1,0,5,anti_homophones
40402,ha1zi3,6,-6.347296541724445,2,6.347296541724445,1,0,6,anti_homophones
40403,kong2hE1,8,-7.914059775481225,2,7.914059775481225,1,0,0,anti_homophones
40404,zhi1ming4,9,-5.687555562345326,2,5.687555562345326,1,0,1,anti_homophones
40405,rV4nQ4,6,-6.975202361624458,2,6.975202361624458,1,0,2,anti_homophones
40406,hUng1chi4,9,-6.562385606989762,2,6.562385606989762,1,0,1,anti_homophones
40407,hU4chan1,8,-6.905304521210908,2,6.905304521210908,1,0,0,anti_homophones
40408,wu2le4,6,-5.244311110494872,2,5.244311110494872,1,0,6,anti_homophones
40409,fang2he2,8,-5.742388802236996,2,5.742388802236996,1,0,2,anti_homophones
40410,lO3tV2,6,-6.059044619301945,2,6.059044619301945,1,0,4,anti_homophones
40411,zQ3dang4,8,-6.722279004511193,2,6.722279004511193,1,0,0,anti_homophones
40412,tan2xin1,8,-5.702673059060601,2,5.702673059060601,1,0,4,anti_homophones
40413,e2yang2,7,-8.221776788069175,2,8.221776788069175,1,0,0,anti_homophones
40414,fang3qi1,8,-6.019181000675309,2,6.019181000675309,1,0,4,anti_homophones
40415,yV2dUn3,7,-6.221198088308277,2,6.221198088308277,1,0,0,anti_homophones
40416,ren2nE4,7,-6.336327013085737,2,6.336327013085737,1,0,1,anti_homophones
40417,ning2ji1,8,-6.348145900932523,2,6.348145900932523,1,0,3,anti_homophones
40418,qu1yu2,6,-5.9573753010799075,2,5.9573753010799075,1,0,3,anti_homophones
40419,fan3mu4,7,-5.828815184395075,2,5.828815184395075,1,0,4,anti_homophones
40420,bi3ming1,8,-6.073383528219048,2,6.073383528219048,1,0,0,anti_homophones
40421,yC4ju3,6,-6.1998318351172115,2,6.1998318351172115,1,0,1,anti_homophones
40422,feng2jK3,8,-6.093967224769282,2,6.093967224769282,1,0,1,anti_homophones
40423,la1zan4,7,-6.882418730968996,2,6.882418730968996,1,0,0,anti_homophones
40424,yin1gu4,7,-6.194328564434708,2,6.194328564434708,1,0,3,anti_homophones
40425,jLn4qUn2,8,-5.723189782053312,2,5.723189782053312,1,0,2,anti_homophones
40426,yan3zu3,7,-6.210067712312259,2,6.210067712312259,1,0,1,anti_homophones
40427,mA2se4,6,-5.763931377606076,2,5.763931377606076,1,0,4,anti_homophones
40428,jLn1le4,7,-6.116746458547673,2,6.116746458547673,1,0,3,anti_homophones
40429,zhang2ya1,9,-6.4423787547499245,2,6.4423787547499245,1,0,0,anti_homophones
40430,hong2sheng1,11,-6.341670642302225,2,6.341670642302225,1,0,0,anti_homophones
40431,jLng4lM1,8,-7.967281537676643,2,7.967281537676643,1,0,0,anti_homophones
40432,qing1shu3,9,-6.429167814913173,2,6.429167814913173,1,0,3,anti_homophones
40433,yan2fa3,7,-5.5208499269351625,2,5.5208499269351625,1,0,4,anti_homophones
40434,tI4shen1,8,-6.144355068734563,2,6.144355068734563,1,0,0,anti_homophones
40435,qu1tV2,6,-5.802955273397628,2,5.802955273397628,1,0,1,anti_homophones
40436,gu4zhang1,9,-6.367121289498314,2,6.367121289498314,1,0,2,anti_homophones
40437,xun4zhang1,10,-6.671106195540478,2,6.671106195540478,1,0,1,anti_homophones
40438,zhi1yan3,8,-5.410940124171035,2,5.410940124171035,1,0,4,anti_homophones
40439,qK2ti3,6,-5.424204352076112,2,5.424204352076112,1,0,1,anti_homophones
40440,tang1long2,10,-7.147112263934533,2,7.147112263934533,1,0,0,anti_homophones
40441,si1qi1,6,-5.485591529130761,2,5.485591529130761,1,0,6,anti_homophones
40442,shang2lun2,10,-6.492623535490397,2,6.492623535490397,1,0,3,anti_homophones
40443,wan4lLn2,8,-6.332435062658757,2,6.332435062658757,1,0,0,anti_homophones
40444,mE2hQ3,6,-7.049249711531121,2,7.049249711531121,1,0,0,anti_homophones
40445,lK2chu1,7,-5.708274656677903,2,5.708274656677903,1,0,1,anti_homophones
40446,jin1ni1,7,-7.957592282020151,2,7.957592282020151,1,0,2,anti_homophones
40447,wu3xLn1,7,-6.187606745761991,2,6.187606745761991,1,0,2,anti_homophones
40448,jin1xu4,7,-6.182768020286047,2,6.182768020286047,1,0,4,anti_homophones
40449,leng1feng4,10,-6.5817202121297935,2,6.5817202121297935,1,0,0,anti_homophones
40450,chu1zi5,7,-4.887720115920692,2,4.887720115920692,1,0,9,anti_homophones
40451,zhong2bA2,9,-6.382854081515465,2,6.382854081515465,1,0,1,anti_homophones
40452,nong1hU4,8,-5.948502529400126,2,5.948502529400126,1,0,2,anti_homophones
40453,an1wen1,7,-6.423406073079527,2,6.423406073079527,1,0,1,anti_homophones
40454,jLng4chun4,10,-7.291864450022157,2,7.291864450022157,1,0,0,anti_homophones
40455,zang2bQ1,8,-6.933246892834176,2,6.933246892834176,1,0,1,anti_homophones
40456,xUn2feng3,9,-7.277105837421613,2,7.277105837421613,1,0,0,anti_homophones
40457,ying1xLn4,9,-5.808036617972024,2,5.808036617972024,1,0,3,anti_homophones
40458,hu2jLn4,7,-5.873564820831643,2,5.873564820831643,1,0,6,anti_homophones
40459,qu3yin1,7,-6.262007436886106,2,6.262007436886106,1,0,3,anti_homophones
40460,dO2qUn2,7,-5.944695734640991,2,5.944695734640991,1,0,2,anti_homophones
40461,zQ4yQ4,6,-5.79333815135015,2,5.79333815135015,1,0,1,anti_homophones
40462,bQ4lLn2,7,-6.257194248922591,2,6.257194248922591,1,0,2,anti_homophones
40463,hO3zhan3,8,-6.550358374245155,2,6.550358374245155,1,0,3,anti_homophones
40464,pen1ren5,8,-8.12917255814597,2,8.12917255814597,1,0,0,anti_homophones
40465,e4lLng4,7,-6.688325910385504,2,6.688325910385504,1,0,1,anti_homophones
40466,hE1qi1,6,-5.432072117028896,2,5.432072117028896,1,0,7,anti_homophones
40467,zhV4che1,8,-6.445494386988551,2,6.445494386988551,1,0,3,anti_homophones
40468,leng1shI3,9,-6.23418895402424,2,6.23418895402424,1,0,0,anti_homophones
40469,san4ren2,8,-5.9867464098246765,2,5.9867464098246765,1,0,4,anti_homophones
40470,sQ3ma3,6,-5.577112818952235,2,5.577112818952235,1,0,2,anti_homophones
40471,jLn3bQ4,7,-6.262882533826332,2,6.262882533826332,1,0,6,anti_homophones
40472,er2dA4,6,-5.591431788803008,2,5.591431788803008,1,0,0,anti_homophones
40473,qing3yC1,8,-6.444545061619413,2,6.444545061619413,1,0,0,anti_homophones
40474,mV2cA4,6,-6.5264899372473995,2,6.5264899372473995,1,0,1,anti_homophones
40475,jing2mLn4,9,-5.589541817923912,2,5.589541817923912,1,0,2,anti_homophones
40476,nQ3mu4,6,-5.522099200092983,2,5.522099200092983,1,0,8,anti_homophones
40477,jM1ba1,6,-5.58943180520175,2,5.58943180520175,1,0,1,anti_homophones
40478,lLng1bQ1,8,-6.628107526404709,2,6.628107526404709,1,0,3,anti_homophones
40479,yu4mV2,6,-5.7799421286387895,2,5.7799421286387895,1,0,2,anti_homophones
40480,lan2jL1,7,-5.952139458782465,2,5.952139458782465,1,0,2,anti_homophones
40481,mo4gan3,7,-5.820297998347846,2,5.820297998347846,1,0,2,anti_homophones
40482,yi1fan3,7,-5.3951761688932205,2,5.3951761688932205,1,0,3,anti_homophones
40483,gI1na4,6,-5.9397272650923165,2,5.9397272650923165,1,0,1,anti_homophones
40484,ru2gan3,7,-5.877595846950748,2,5.877595846950748,1,0,1,anti_homophones
40485,dI4yin3,7,-6.142891417666375,2,6.142891417666375,1,0,0,anti_homophones
40486,qing1zhang2,11,-6.169051224529999,2,6.169051224529999,1,0,2,anti_homophones
40487,hO3he2,6,-5.736459133609803,2,5.736459133609803,1,0,0,anti_homophones
40488,zi4dV4,6,-6.2876712777052735,2,6.2876712777052735,1,0,4,anti_homophones
40489,er2chang4,9,-6.5712411026559545,2,6.5712411026559545,1,0,0,anti_homophones
40490,shi4wu4,7,-4.922469005767353,2,4.922469005767353,1,0,10,anti_homophones
40491,qing2zi1,8,-6.387033622074962,2,6.387033622074962,1,0,1,anti_homophones
40492,kA1zhang4,9,-5.999601099037707,2,5.999601099037707,1,0,2,anti_homophones
40493,zhen3shi2,9,-6.072937232763089,2,6.072937232763089,1,0,0,anti_homophones
40494,yi1zhUng4,9,-5.8423520442202665,2,5.8423520442202665,1,0,1,anti_homophones
40495,wE2hI4,6,-5.529301160579619,2,5.529301160579619,1,0,3,anti_homophones
40496,hV4lA2,6,-5.286199543984547,2,5.286199543984547,1,0,3,anti_homophones
40497,jW1ju2,6,-5.924425933207701,2,5.924425933207701,1,0,4,anti_homophones
40498,leng2ti3,8,-6.465253605255452,2,6.465253605255452,1,0,1,anti_homophones
40499,ji1rang4,8,-7.120168840466715,2,7.120168840466715,1,0,1,anti_homophones
40500,hu1dLn4,7,-6.150658040695206,2,6.150658040695206,1,0,6,anti_homophones
40501,cA2fen1,7,-5.870807993906876,2,5.870807993906876,1,0,0,anti_homophones
40502,zang1jM2,8,-6.852454624398801,2,6.852454624398801,1,0,0,anti_homophones
40503,yu4hO4,6,-5.557499454265481,2,5.557499454265481,1,0,5,anti_homophones
40504,xYng1fE4,8,-6.423925204276614,2,6.423925204276614,1,0,0,anti_homophones
40505,mi4mi3,6,-5.912677095092134,2,5.912677095092134,1,0,2,anti_homophones
40506,gU4hUng1,8,-6.692553626291937,2,6.692553626291937,1,0,1,anti_homophones
40507,tan2xing4,9,-5.918569383861532,2,5.918569383861532,1,0,3,anti_homophones
40508,hA4qUn2,7,-5.679164404444345,2,5.679164404444345,1,0,7,anti_homophones
40509,cu1zi5,6,-5.18884220785565,2,5.18884220785565,1,0,8,anti_homophones
40510,bi4yu3,6,-5.3479538675287435,2,5.3479538675287435,1,0,8,anti_homophones
40511,fang3shi2,9,-5.61343413765036,2,5.61343413765036,1,0,4,anti_homophones
40512,zu2qi4,6,-5.506573048491481,2,5.506573048491481,1,0,4,anti_homophones
40513,qK2xing4,8,-5.720124620581109,2,5.720124620581109,1,0,3,anti_homophones
40514,da4yan2,7,-4.856650096075178,2,4.856650096075178,1,0,13,anti_homophones
40515,hO3hI4,6,-5.346428993602306,2,5.346428993602306,1,0,2,anti_homophones
40516,tW2lW4,6,-5.27615600409644,2,5.27615600409644,1,0,3,anti_homophones
40517,cang2xLn4,9,-6.3596680679562745,2,6.3596680679562745,1,0,1,anti_homophones
40518,dQ4mu4,6,-6.03903996102519,2,6.03903996102519,1,0,6,anti_homophones
40519,ni2gang1,8,-6.78013512360212,2,6.78013512360212,1,0,0,anti_homophones
40520,zhong2tV2,9,-5.563874819241544,2,5.563874819241544,1,0,1,anti_homophones
40521,shI3xing2,9,-5.485535188297382,2,5.485535188297382,1,0,3,anti_homophones
40522,dQ3tan4,7,-6.177683911261724,2,6.177683911261724,1,0,1,anti_homophones
40523,cang4qi2,8,-6.986573137471334,2,6.986573137471334,1,0,0,anti_homophones
40524,xC2jin4,7,-5.752644464714977,2,5.752644464714977,1,0,2,anti_homophones
40525,yi3shV3,7,-5.883165724678843,2,5.883165724678843,1,0,7,anti_homophones
40526,tu2gI1,6,-6.271495206363414,2,6.271495206363414,1,0,2,anti_homophones
40527,hO2sheng4,9,-6.296115827867393,2,6.296115827867393,1,0,1,anti_homophones
40528,ban1li2,7,-6.372408477603511,2,6.372408477603511,1,0,2,anti_homophones
40529,zhong1shI4,10,-6.23920708774677,2,6.23920708774677,1,0,2,anti_homophones
40530,jLn4yV2,7,-5.6600885902492974,2,5.6600885902492974,1,0,2,anti_homophones
40531,shi3qi4,7,-5.825451240060098,2,5.825451240060098,1,0,6,anti_homophones
40532,cI4shi4,7,-6.290518079589015,2,6.290518079589015,1,0,1,anti_homophones
40533,pin2ri4,7,-6.875248961196904,2,6.875248961196904,1,0,0,anti_homophones
40534,zI4yi4,6,-5.5316275566446995,2,5.5316275566446995,1,0,3,anti_homophones
40535,ke3hV2,6,-6.443344919583097,2,6.443344919583097,1,0,3,anti_homophones
40536,da4yong4,8,-6.150967422094377,2,6.150967422094377,1,0,2,anti_homophones
40537,gO4shi1,7,-5.6858017984138876,2,5.6858017984138876,1,0,2,anti_homophones
40538,du2zV4,6,-5.838565388635318,2,5.838565388635318,1,0,2,anti_homophones
40539,ning2xW3,8,-7.583256847081986,2,7.583256847081986,1,0,1,anti_homophones
40540,wang2shi4,9,-5.524652807005635,2,5.524652807005635,1,0,5,anti_homophones
40541,nv3nu4,6,-5.651840718477626,2,5.651840718477626,1,0,1,anti_homophones
40542,mLn2bQ4,7,-6.5607671389724205,2,6.5607671389724205,1,0,1,anti_homophones
40543,xW3xi4,6,-4.972356342746578,2,4.972356342746578,1,0,9,anti_homophones
40544,er4de2,6,-5.429620308234479,2,5.429620308234479,1,0,0,anti_homophones
40545,yi1can1,7,-5.6043062016626495,2,5.6043062016626495,1,0,3,anti_homophones
40546,lM4bE1,6,-5.8869279334284705,2,5.8869279334284705,1,0,1,anti_homophones
40547,yi1chUng1,9,-5.666727328179651,2,5.666727328179651,1,0,5,anti_homophones
40548,yan2yu2,7,-5.622907700717918,2,5.622907700717918,1,0,2,anti_homophones
40549,bE3fu3,6,-6.5786634778017,2,6.5786634778017,1,0,1,anti_homophones
40550,zong1tan2,9,-6.373946577542329,2,6.373946577542329,1,0,2,anti_homophones
40551,zhu3yu3,7,-5.2387756740305935,2,5.2387756740305935,1,0,8,anti_homophones
40552,qing1su4,8,-5.720047916041377,2,5.720047916041377,1,0,5,anti_homophones
40553,qLn2di4,7,-5.632091362462244,2,5.632091362462244,1,0,5,anti_homophones
40554,gu4che1,7,-6.023449696171006,2,6.023449696171006,1,0,3,anti_homophones
40555,nLn2wchan3,10,-11.14745137569924,2,11.14745137569924,1,0,0,anti_homophones
40556,qW2dUn1,7,-6.253491815150176,2,6.253491815150176,1,0,2,anti_homophones
40557,bQ3lW4,6,-5.982279125571407,2,5.982279125571407,1,0,4,anti_homophones
40558,fen4ru4,7,-6.176911165546178,2,6.176911165546178,1,0,2,anti_homophones
40559,zhi2xLng4,9,-5.772917232613785,2,5.772917232613785,1,0,2,anti_homophones
40560,yV2jL1,6,-5.242006103497462,2,5.242006103497462,1,0,2,anti_homophones
40561,xLng1wE4,8,-5.690955022314686,2,5.690955022314686,1,0,0,anti_homophones
40562,yC4qW2,6,-6.135544914371637,2,6.135544914371637,1,0,0,anti_homophones
40563,zhi3xing1,9,-5.903051491508961,2,5.903051491508961,1,0,4,anti_homophones
40564,pu1chUng1,9,-6.476685475055389,2,6.476685475055389,1,0,0,anti_homophones
40565,fan3lO4,7,-6.5655099390679705,2,6.5655099390679705,1,0,4,anti_homophones
40566,man4mLn4,8,-6.055557779687202,2,6.055557779687202,1,0,6,anti_homophones
40567,mang2chang4,11,-6.980985582640302,2,6.980985582640302,1,0,0,anti_homophones
40568,gun3gu1,7,-7.602965422773795,2,7.602965422773795,1,0,0,anti_homophones
40569,yi1sheng4,9,-5.124335060126517,2,5.124335060126517,1,0,5,anti_homophones
40570,wang3ye4,8,-5.9271167124794975,2,5.9271167124794975,1,0,2,anti_homophones
40571,qing4dI4,8,-5.751382267808492,2,5.751382267808492,1,0,3,anti_homophones
40572,qin1heng3,9,-7.432574145070062,2,7.432574145070062,1,0,0,anti_homophones
40573,tQ4heng1,8,-6.786644336410645,2,6.786644336410645,1,0,1,anti_homophones
40574,hU1qi4,6,-5.1267848736719275,2,5.1267848736719275,1,0,5,anti_homophones
40575,ci2qi3,6,-6.316178583186692,2,6.316178583186692,1,0,1,anti_homophones
40576,fang3yQ4,8,-6.708895620228885,2,6.708895620228885,1,0,0,anti_homophones
40577,sheng2ren2,10,-5.103000275273564,2,5.103000275273564,1,0,3,anti_homophones
40578,he2gV4,6,-5.855306853040758,2,5.855306853040758,1,0,0,anti_homophones
40579,fu3chu1,7,-6.191907392848975,2,6.191907392848975,1,0,2,anti_homophones
40580,jun1lO4,7,-6.087363721327101,2,6.087363721327101,1,0,2,anti_homophones
40581,zu3dI4,6,-6.066293841420057,2,6.066293841420057,1,0,4,anti_homophones
40582,hI2rQ3,6,-5.294781369166647,2,5.294781369166647,1,0,0,anti_homophones
40583,wA4xi2,6,-5.747614806678689,2,5.747614806678689,1,0,5,anti_homophones
40584,shen2li4,8,-5.605725654647585,2,5.605725654647585,1,0,6,anti_homophones
40585,bu4qUn2,7,-4.999601477887557,2,4.999601477887557,1,0,2,anti_homophones
40586,tM3tV5,6,-6.9091271567546455,2,6.9091271567546455,1,0,0,anti_homophones
40587,shi4nLn2,8,-5.222918612345833,2,5.222918612345833,1,0,2,anti_homophones
40588,yan2de5,7,-6.222901340197482,2,6.222901340197482,1,0,0,anti_homophones
40589,chP3shen2,9,-7.3916930291066665,2,7.3916930291066665,1,0,0,anti_homophones
40590,li4zhang3,9,-6.0770627288098416,2,6.0770627288098416,1,0,0,anti_homophones
40591,bA2ming2,8,-5.568623165984237,2,5.568623165984237,1,0,1,anti_homophones
40592,tong2xing2,10,-5.811915456037046,2,5.811915456037046,1,0,1,anti_homophones
40593,fo2ji1,6,-5.675843715824408,2,5.675843715824408,1,0,2,anti_homophones
40594,wen2gan3,8,-6.478482122460422,2,6.478482122460422,1,0,1,anti_homophones
40595,dang4shi2,9,-5.997768036088203,2,5.997768036088203,1,0,3,anti_homophones
40596,yV2qUn2,7,-5.357204762983052,2,5.357204762983052,1,0,2,anti_homophones
40597,gUng1hu4,8,-6.4546365694686045,2,6.4546365694686045,1,0,3,anti_homophones
40598,ca1xin4,7,-6.8147715491612475,2,6.8147715491612475,1,0,0,anti_homophones
40599,ru2yan4,7,-6.024826441907761,2,6.024826441907761,1,0,3,anti_homophones
40600,su4sheng4,9,-6.007298111348478,2,6.007298111348478,1,0,1,anti_homophones
40601,zhi4che1,8,-5.632221646616935,2,5.632221646616935,1,0,5,anti_homophones
40602,gA3chong1,9,-6.587006629421511,2,6.587006629421511,1,0,0,anti_homophones
40603,zhi1ji2,7,-5.183884092596355,2,5.183884092596355,1,0,7,anti_homophones
40604,mo2tV5,6,-5.923224354742885,2,5.923224354742885,1,0,3,anti_homophones
40605,tong4cun1,9,-6.79614480084585,2,6.79614480084585,1,0,0,anti_homophones
40606,ge4bing2,8,-6.535073742443657,2,6.535073742443657,1,0,2,anti_homophones
40607,da4hang1,8,-5.344309813258443,2,5.344309813258443,1,0,4,anti_homophones
40608,bA3kV4,6,-5.953943320347937,2,5.953943320347937,1,0,4,anti_homophones
40609,yin1qi4,7,-5.207771204368599,2,5.207771204368599,1,0,9,anti_homophones
40610,shV1ri4,7,-5.633911160333364,2,5.633911160333364,1,0,2,anti_homophones
40611,qM1ding4,8,-6.500189286550026,2,6.500189286550026,1,0,0,anti_homophones
40612,hQ3ji2,6,-5.975588440777534,2,5.975588440777534,1,0,2,anti_homophones
40613,lQ3yu2,6,-5.30861373136873,2,5.30861373136873,1,0,7,anti_homophones
40614,lQ3ding3,8,-6.154579154706548,2,6.154579154706548,1,0,3,anti_homophones
40615,hI2heng2,8,-6.992121554139605,2,6.992121554139605,1,0,2,anti_homophones
40616,ren2jW4,7,-6.144110871805031,2,6.144110871805031,1,0,3,anti_homophones
40617,yan2wA4,7,-6.028640641695333,2,6.028640641695333,1,0,5,anti_homophones
40618,hun1yUn2,8,-5.818027988134971,2,5.818027988134971,1,0,1,anti_homophones
40619,gong1qu3,8,-5.955492331903653,2,5.955492331903653,1,0,4,anti_homophones
40620,cang2yUn2,9,-6.203088183036938,2,6.203088183036938,1,0,3,anti_homophones
40621,bW1zong1,8,-6.186202179074668,2,6.186202179074668,1,0,1,anti_homophones
40622,xing1xLng2,10,-6.239261327797387,2,6.239261327797387,1,0,2,anti_homophones
40623,gu3gong3,8,-6.147756808799632,2,6.147756808799632,1,0,1,anti_homophones
40624,de2xing1,8,-6.206614460422697,2,6.206614460422697,1,0,1,anti_homophones
40625,chu1zhan4,9,-5.814813931816046,2,5.814813931816046,1,0,1,anti_homophones
40626,bLn1fang2,9,-5.9746643587716735,2,5.9746643587716735,1,0,1,anti_homophones
40627,shO1sang4,9,-7.540979292401495,2,7.540979292401495,1,0,2,anti_homophones
40628,kang4meng4,10,-8.212085128017048,2,8.212085128017048,1,0,0,anti_homophones
40629,mA2da2,6,-8.36422094838753,2,8.36422094838753,1,0,0,anti_homophones
40630,gu4qi3,6,-6.1983791322043675,2,6.1983791322043675,1,0,3,anti_homophones
40631,zhe4yu2,7,-6.5938088868429166,2,6.5938088868429166,1,0,1,anti_homophones
40632,gan3sO3,7,-5.918960900926262,2,5.918960900926262,1,0,0,anti_homophones
40633,zO3bu4,6,-5.251807163573567,2,5.251807163573567,1,0,3,anti_homophones
40634,ren3shV4,8,-7.127977249270693,2,7.127977249270693,1,0,1,anti_homophones
40635,jL1qUn4,7,-6.103628041526168,2,6.103628041526168,1,0,1,anti_homophones
40636,chang4lang2,11,-7.315843500480452,2,7.315843500480452,1,0,0,anti_homophones
40637,yV4bQ1,6,-6.018745342384486,2,6.018745342384486,1,0,1,anti_homophones
40638,gong1xLn4,9,-5.453595918685951,2,5.453595918685951,1,0,4,anti_homophones
40639,tA4xC2,6,-6.382662092071785,2,6.382662092071785,1,0,4,anti_homophones
40640,yi1gUn4,7,-5.398769633462653,2,5.398769633462653,1,0,5,anti_homophones
40641,zhi3zhUn4,9,-6.2861327493368435,2,6.2861327493368435,1,0,1,anti_homophones
40642,tong3shang3,11,-6.758996451538278,2,6.758996451538278,1,0,1,anti_homophones
40643,tQ3shu2,7,-7.564762838606411,2,7.564762838606411,1,0,1,anti_homophones
40644,gu3gong1,8,-5.709742145564769,2,5.709742145564769,1,0,2,anti_homophones
40645,nong4qi4,8,-5.79335130596535,2,5.79335130596535,1,0,6,anti_homophones
40646,hI2fen3,7,-6.7024551072022,2,6.7024551072022,1,0,0,anti_homophones
40647,qin2ba1,7,-6.620689343127909,2,6.620689343127909,1,0,1,anti_homophones
40648,da4bA4,6,-5.131321834083463,2,5.131321834083463,1,0,8,anti_homophones
40649,ma2hI1,6,-6.445339029643098,2,6.445339029643098,1,0,2,anti_homophones
40650,pi3ceng2,8,-7.530789316889151,2,7.530789316889151,1,0,0,anti_homophones
40651,yang3ming4,10,-6.653461313223058,2,6.653461313223058,1,0,1,anti_homophones
40652,dLn3hI1,7,-6.397484708064547,2,6.397484708064547,1,0,1,anti_homophones
40653,kan3hU4,7,-6.37100195243828,2,6.37100195243828,1,0,3,anti_homophones
40654,xing4shI4,9,-6.390014571724123,2,6.390014571724123,1,0,1,anti_homophones
40655,dQ4chu3,7,-6.265480315035231,2,6.265480315035231,1,0,0,anti_homophones
40656,re3shu4,7,-6.041063710624666,2,6.041063710624666,1,0,4,anti_homophones
40657,tLn1shi4,8,-5.075752644903749,2,5.075752644903749,1,0,6,anti_homophones
40658,da4she4,7,-5.325431569641773,2,5.325431569641773,1,0,6,anti_homophones
40659,wE2ban4,7,-6.010760487019144,2,6.010760487019144,1,0,3,anti_homophones
40660,jing4ti3,8,-5.654034767675394,2,5.654034767675394,1,0,4,anti_homophones
40661,hU2xing4,8,-5.556021072820656,2,5.556021072820656,1,0,3,anti_homophones
40662,shu1dong1,9,-6.040817890443292,2,6.040817890443292,1,0,3,anti_homophones
40663,shV3jYng1,9,-6.782019478199515,2,6.782019478199515,1,0,0,anti_homophones
40664,bA4jC2,6,-6.463496634966966,2,6.463496634966966,1,0,3,anti_homophones
40665,jing3jM4,8,-6.482011282521131,2,6.482011282521131,1,0,0,anti_homophones
40666,yin1ru4,7,-5.5644428568925814,2,5.5644428568925814,1,0,6,anti_homophones
40667,jin3sheng1,10,-6.245770527249015,2,6.245770527249015,1,0,0,anti_homophones
40668,bA3hV4,6,-6.563429271414565,2,6.563429271414565,1,0,4,anti_homophones
40669,xW3sheng1,9,-5.395248877771439,2,5.395248877771439,1,0,4,anti_homophones
40670,rV2ni3,6,-6.1935337587136,2,6.1935337587136,1,0,0,anti_homophones
40671,sheng4zheng2,12,-6.2922614218186235,2,6.2922614218186235,1,0,2,anti_homophones
40672,ni3bLn4,7,-6.670982149693594,2,6.670982149693594,1,0,2,anti_homophones
40673,de2dM2,6,-6.259019116605729,2,6.259019116605729,1,0,1,anti_homophones
40674,ku1wan4,7,-6.340711139212683,2,6.340711139212683,1,0,1,anti_homophones
40675,tA4shen2,8,-6.362848289795093,2,6.362848289795093,1,0,2,anti_homophones
40676,jin3li3,7,-5.877431526252182,2,5.877431526252182,1,0,5,anti_homophones
40677,xing1su4,8,-5.741334444863487,2,5.741334444863487,1,0,4,anti_homophones
40678,yi1lW4,6,-4.894733991156168,2,4.894733991156168,1,0,10,anti_homophones
40679,ding5cheng3,11,-9.246247329485612,2,9.246247329485612,1,0,0,anti_homophones
40680,hE1mLn3,7,-6.187471657103406,2,6.187471657103406,1,0,2,anti_homophones
40681,han2jL4,7,-6.818326672838303,2,6.818326672838303,1,0,3,anti_homophones
40682,pi2san1,7,-6.940024314310154,2,6.940024314310154,1,0,3,anti_homophones
40683,gV4fa2,6,-6.88823878038867,2,6.88823878038867,1,0,0,anti_homophones
40684,wu2gu3,6,-5.313681255480655,2,5.313681255480655,1,0,9,anti_homophones
40685,ti3tQ3,6,-6.407516618708093,2,6.407516618708093,1,0,0,anti_homophones
40686,hUng2jLn4,9,-6.145984773579304,2,6.145984773579304,1,0,2,anti_homophones
40687,bA3ying4,8,-6.469184920857473,2,6.469184920857473,1,0,1,anti_homophones
40688,xC2yU1,6,-7.616969399524003,2,7.616969399524003,1,0,0,anti_homophones
40689,gu1zhong3,9,-6.686105857154454,2,6.686105857154454,1,0,1,anti_homophones
40690,jun1jL1,7,-5.652731247800252,2,5.652731247800252,1,0,3,anti_homophones
40691,gI3lLn4,7,-6.285903388243301,2,6.285903388243301,1,0,0,anti_homophones
40692,ying1bQ3,8,-6.643093286356432,2,6.643093286356432,1,0,1,anti_homophones
40693,yi4chang3,9,-6.059327194683431,2,6.059327194683431,1,0,2,anti_homophones
40694,zhQ4wang3,9,-6.704815510957006,2,6.704815510957006,1,0,1,anti_homophones
40695,gong2zhUn2,10,-6.42873071614777,2,6.42873071614777,1,0,0,anti_homophones
40696,he2cong4,8,-6.068849511204833,2,6.068849511204833,1,0,2,anti_homophones
40697,qUn2shen2,9,-6.064033461776037,2,6.064033461776037,1,0,2,anti_homophones
40698,gI3li4,6,-5.7110506880532474,2,5.7110506880532474,1,0,0,anti_homophones
40699,lV4shUng4,9,-7.472395548935632,2,7.472395548935632,1,0,2,anti_homophones
40700,da3zhUn2,8,-5.825608768428899,2,5.825608768428899,1,0,1,anti_homophones
40701,bA4ding2,8,-6.589969226196976,2,6.589969226196976,1,0,1,anti_homophones
40702,long1rV3,8,-8.70716279270729,2,8.70716279270729,1,0,0,anti_homophones
40703,mi2bQ4,6,-6.155386301971185,2,6.155386301971185,1,0,5,anti_homophones
40704,lu4xLng2,8,-6.281860010973916,2,6.281860010973916,1,0,1,anti_homophones
40705,yV1ling4,8,-6.605845818037976,2,6.605845818037976,1,0,2,anti_homophones
40706,yi4ban1,7,-6.321048827051471,2,6.321048827051471,1,0,0,anti_homophones
40707,chu4jL1,7,-5.905487460240294,2,5.905487460240294,1,0,3,anti_homophones
40708,ti1qM4,6,-6.5964759920138025,2,6.5964759920138025,1,0,2,anti_homophones
40709,chu3ji4,7,-6.006562088774557,2,6.006562088774557,1,0,3,anti_homophones
40710,lK1lLng4,8,-6.161811827277249,2,6.161811827277249,1,0,1,anti_homophones
40711,chA2lE3,7,-8.060825800016518,2,8.060825800016518,1,0,0,anti_homophones
40712,wE2zhu2,7,-6.362383850302132,2,6.362383850302132,1,0,0,anti_homophones
40713,dV3po4,6,-5.895576745583992,2,5.895576745583992,1,0,0,anti_homophones
40714,te4dQ3,6,-6.088514593846547,2,6.088514593846547,1,0,1,anti_homophones
40715,kan4zhV1,8,-7.091834684396383,2,7.091834684396383,1,0,0,anti_homophones
40716,cO3can1,7,-8.370408337680587,2,8.370408337680587,1,0,0,anti_homophones
40717,wang3jing4,10,-6.285170463572964,2,6.285170463572964,1,0,0,anti_homophones
40718,rO3shi3,7,-8.489412458549475,2,8.489412458549475,1,0,0,anti_homophones
40719,yV4cheng1,9,-6.326016948216194,2,6.326016948216194,1,0,1,anti_homophones
40720,shQ1jK3,7,-6.367463129331382,2,6.367463129331382,1,0,0,anti_homophones
40721,ying4fE4,8,-5.896747643589462,2,5.896747643589462,1,0,0,anti_homophones
40722,ban3zhi3,8,-5.998591386454455,2,5.998591386454455,1,0,1,anti_homophones
40723,jW4fan1,7,-6.337310092697983,2,6.337310092697983,1,0,1,anti_homophones
40724,pE2yan3,7,-5.718447801002544,2,5.718447801002544,1,0,2,anti_homophones
40725,xYng2ji2,8,-6.168598602746273,2,6.168598602746273,1,0,2,anti_homophones
40726,ti3zI4,6,-6.62969902080398,2,6.62969902080398,1,0,2,anti_homophones
40727,zhO1ci2,7,-5.89377246251349,2,5.89377246251349,1,0,1,anti_homophones
40728,jin4pA2,7,-6.047258367416596,2,6.047258367416596,1,0,1,anti_homophones
40729,hUng3dO2,8,-7.348478074792716,2,7.348478074792716,1,0,0,anti_homophones
40730,chen1zhu2,9,-6.689965918072,2,6.689965918072,1,0,0,anti_homophones
40731,jW1yan4,7,-5.708417960304562,2,5.708417960304562,1,0,3,anti_homophones
40732,zhi2ti3,7,-5.867450135276218,2,5.867450135276218,1,0,3,anti_homophones
40733,bo1fang3,8,-5.948401236233063,2,5.948401236233063,1,0,1,anti_homophones
40734,ti2ma3,6,-6.026240819219339,2,6.026240819219339,1,0,2,anti_homophones
40735,dQ4ye4,6,-5.568697901590321,2,5.568697901590321,1,0,5,anti_homophones
40736,ha1zi5,6,-5.72180603791706,2,5.72180603791706,1,0,7,anti_homophones
40737,ju4jL4,6,-5.531850647774959,2,5.531850647774959,1,0,4,anti_homophones
40738,min3li4,7,-6.246319419546301,2,6.246319419546301,1,0,5,anti_homophones
40739,mQ2ce4,6,-5.3202945480691035,2,5.3202945480691035,1,0,2,anti_homophones
40740,dLn4hong2,9,-6.562532307099106,2,6.562532307099106,1,0,1,anti_homophones
40741,lLn2qC1,7,-6.9586562760583694,2,6.9586562760583694,1,0,0,anti_homophones
40742,gO2ya3,6,-7.056094732755402,2,7.056094732755402,1,0,1,anti_homophones
40743,tI4shI3,7,-5.729931922302509,2,5.729931922302509,1,0,2,anti_homophones
40744,cong1qUn2,9,-6.259488942376462,2,6.259488942376462,1,0,1,anti_homophones
40745,qYng1san4,9,-7.85290809058367,2,7.85290809058367,1,0,1,anti_homophones
40746,zhong4kP4,9,-6.243239309905825,2,6.243239309905825,1,0,4,anti_homophones
40747,rUn3yi4,7,-5.623210479860991,2,5.623210479860991,1,0,7,anti_homophones
40748,pin1zE4,7,-9.1844743899216,2,9.1844743899216,1,0,0,anti_homophones
40749,li3chang4,9,-6.063044548806663,2,6.063044548806663,1,0,1,anti_homophones
40750,bang4dQ4,8,-6.6071558874363525,2,6.6071558874363525,1,0,1,anti_homophones
40751,he2yi3,6,-5.541236909528413,2,5.541236909528413,1,0,7,anti_homophones
40752,zI4yV2,6,-6.51915965421812,2,6.51915965421812,1,0,2,anti_homophones
40753,shi1jL1,7,-5.550492218054101,2,5.550492218054101,1,0,6,anti_homophones
40754,gan3xK2,7,-7.102985845715754,2,7.102985845715754,1,0,0,anti_homophones
40755,yi3shi4,7,-5.324502641708083,2,5.324502641708083,1,0,11,anti_homophones
40756,jLn1xu1,7,-6.36049999601013,2,6.36049999601013,1,0,4,anti_homophones
40757,chQ1tW2,7,-6.518393812571952,2,6.518393812571952,1,0,1,anti_homophones
40758,qi3fa1,6,-6.059386044294826,2,6.059386044294826,1,0,2,anti_homophones
40759,xW1zi5,6,-5.704466464796948,2,5.704466464796948,1,0,3,anti_homophones
40760,qLng1pi2,8,-6.405661519744704,2,6.405661519744704,1,0,0,anti_homophones
40761,tong2gI1,8,-5.950265349857904,2,5.950265349857904,1,0,2,anti_homophones
40762,pE4xi1,6,-6.353814897233823,2,6.353814897233823,1,0,0,anti_homophones
40763,zhi3ren4,8,-5.905551234007958,2,5.905551234007958,1,0,1,anti_homophones
40764,chang2xW4,9,-5.910980797564473,2,5.910980797564473,1,0,1,anti_homophones
40765,cang1fan1,9,-7.619561660048636,2,7.619561660048636,1,0,1,anti_homophones
40766,ti2xu4,6,-5.917660320416487,2,5.917660320416487,1,0,4,anti_homophones
40767,zhV4jYng2,9,-7.292092661844442,2,7.292092661844442,1,0,0,anti_homophones
40768,cha2ji1,7,-5.243773169782401,2,5.243773169782401,1,0,6,anti_homophones
40769,xW3bLn1,7,-5.357014625252353,2,5.357014625252353,1,0,1,anti_homophones
40770,wA1li4,6,-6.118598013687672,2,6.118598013687672,1,0,2,anti_homophones
40771,jun1qi4,7,-5.289530307318169,2,5.289530307318169,1,0,4,anti_homophones
40772,da1can1,7,-8.044444870591509,2,8.044444870591509,1,0,2,anti_homophones
40773,he2lW3,6,-5.943105197725091,2,5.943105197725091,1,0,0,anti_homophones
40774,nan2ting1,9,-6.543473915814396,2,6.543473915814396,1,0,2,anti_homophones
40775,lLng4di2,8,-6.605033410383393,2,6.605033410383393,1,0,0,anti_homophones
40776,qLng4zi5,8,-5.372793317735328,2,5.372793317735328,1,0,3,anti_homophones
40777,ying2bQ4,8,-5.828290242955487,2,5.828290242955487,1,0,4,anti_homophones
40778,sheng2wE4,9,-5.489363394928471,2,5.489363394928471,1,0,2,anti_homophones
40779,qM1man3,7,-6.785721545246066,2,6.785721545246066,1,0,0,anti_homophones
40780,hang1zhe3,9,-6.333216885022945,2,6.333216885022945,1,0,1,anti_homophones
40781,re4hu4,6,-5.470282651537201,2,5.470282651537201,1,0,8,anti_homophones
40782,ha1ya,5,-8.861747787860125,2,8.861747787860125,1,0,0,anti_homophones
40783,dUn3yi4,7,-5.706263479395457,2,5.706263479395457,1,0,5,anti_homophones
40784,bu4dong2,8,-5.304182436448445,2,5.304182436448445,1,0,7,anti_homophones
40785,hu4zhQ3,7,-7.230080399462848,2,7.230080399462848,1,0,1,anti_homophones
40786,shI3qLng4,9,-5.94990614365993,2,5.94990614365993,1,0,1,anti_homophones
40787,gV1hI4,6,-5.389245335278577,2,5.389245335278577,1,0,2,anti_homophones
40788,bA2hUn2,7,-5.877155892907999,2,5.877155892907999,1,0,2,anti_homophones
40789,dI4shun1,8,-7.327043984131184,2,7.327043984131184,1,0,0,anti_homophones
40790,chang2qing4,11,-6.4069096934724215,2,6.4069096934724215,1,0,0,anti_homophones
40791,xi4li4,6,-5.2575334976024,2,5.2575334976024,1,0,10,anti_homophones
40792,chu1ding4,9,-6.366058905320846,2,6.366058905320846,1,0,2,anti_homophones
40793,xW4wE3,6,-6.369668717770515,2,6.369668717770515,1,0,1,anti_homophones
40794,bQ3fa3,6,-6.0504788334978326,2,6.0504788334978326,1,0,4,anti_homophones
40795,fang3yu2,8,-5.959497679797406,2,5.959497679797406,1,0,3,anti_homophones
40796,feng1xin1,9,-5.409003162693411,2,5.409003162693411,1,0,5,anti_homophones
40797,shi4tW2,7,-5.9749783338749145,2,5.9749783338749145,1,0,0,anti_homophones
40798,mLn4A2,6,-6.148714828510221,2,6.148714828510221,1,0,2,anti_homophones
40799,ge2long4,8,-6.5237928723970295,2,6.5237928723970295,1,0,0,anti_homophones
40800,hUn1si3,7,-6.8128080980934715,2,6.8128080980934715,1,0,0,anti_homophones
40801,bA2hA4,6,-5.916499333676924,2,5.916499333676924,1,0,6,anti_homophones
40802,er2ya2,6,-6.622193733737337,2,6.622193733737337,1,0,0,anti_homophones
40803,zhang2kong4,11,-6.141320904397304,2,6.141320904397304,1,0,3,anti_homophones
40804,cheng4su4,9,-6.276528550333815,2,6.276528550333815,1,0,2,anti_homophones
40805,zi4yu2,6,-4.904794397710361,2,4.904794397710361,1,0,10,anti_homophones
40806,mA4xi2,6,-6.408562472935295,2,6.408562472935295,1,0,2,anti_homophones
40807,wE2xK1,6,-5.352966405160759,2,5.352966405160759,1,0,1,anti_homophones
40808,feng4chu4,9,-6.5576740558452515,2,6.5576740558452515,1,0,0,anti_homophones
40809,xYng2zhUn4,10,-6.892119485917373,2,6.892119485917373,1,0,0,anti_homophones
40810,zhang4yQ4,9,-6.131400608673391,2,6.131400608673391,1,0,1,anti_homophones
40811,zhI1ban4,8,-6.278947818752099,2,6.278947818752099,1,0,2,anti_homophones
40812,men2yi4,7,-5.575162437383884,2,5.575162437383884,1,0,4,anti_homophones
40813,yu4yQ4,6,-6.341480787027242,2,6.341480787027242,1,0,5,anti_homophones
40814,gan4hQ3,7,-6.794350344530924,2,6.794350344530924,1,0,0,anti_homophones
40815,zong1zhUng1,11,-6.643012167162584,2,6.643012167162584,1,0,0,anti_homophones
40816,yin3tu2,7,-6.11431631018269,2,6.11431631018269,1,0,2,anti_homophones
40817,hO3zhan4,8,-6.250996680865577,2,6.250996680865577,1,0,1,anti_homophones
40818,ben1chen1,9,-7.121316933643658,2,7.121316933643658,1,0,0,anti_homophones
40819,min3li3,7,-6.476535150564636,2,6.476535150564636,1,0,3,anti_homophones
40820,shan1cha1,9,-6.746949783517141,2,6.746949783517141,1,0,1,anti_homophones
40821,fE1tong1,8,-5.623217875113665,2,5.623217875113665,1,0,0,anti_homophones
40822,long1jin4,9,-6.531125582648944,2,6.531125582648944,1,0,0,anti_homophones
40823,yi1ben3,7,-4.802797472980401,2,4.802797472980401,1,0,3,anti_homophones
40824,dLn3qi4,7,-5.231934340998124,2,5.231934340998124,1,0,1,anti_homophones
40825,yan2bLn4,8,-6.192714323173573,2,6.192714323173573,1,0,2,anti_homophones
40826,fE1ya1,6,-5.598932925635399,2,5.598932925635399,1,0,2,anti_homophones
40827,hu3pin3,7,-6.820666901411296,2,6.820666901411296,1,0,3,anti_homophones
40828,jLn1sheng1,10,-5.760834004969672,2,5.760834004969672,1,0,5,anti_homophones
40829,dan4qLn2,8,-6.240910885268427,2,6.240910885268427,1,0,1,anti_homophones
40830,dong1shi4,9,-5.433787800037594,2,5.433787800037594,1,0,3,anti_homophones
40831,shan3shi1,9,-6.145428263908602,2,6.145428263908602,1,0,2,anti_homophones
40832,ping2qi4,8,-5.695400725879798,2,5.695400725879798,1,0,8,anti_homophones
40833,hA3kong4,8,-5.871742536924687,2,5.871742536924687,1,0,3,anti_homophones
40834,er3dO5,6,-6.008653629921606,2,6.008653629921606,1,0,0,anti_homophones
40835,cheng3wu1,9,-7.0741771087344345,2,7.0741771087344345,1,0,1,anti_homophones
40836,sheng1dI4,9,-5.4925833875059125,2,5.4925833875059125,1,0,3,anti_homophones
40837,yan2ming3,9,-6.096831510957515,2,6.096831510957515,1,0,0,anti_homophones
40838,zheng1bing1,11,-6.256036743084088,2,6.256036743084088,1,0,2,anti_homophones
40839,zhi4lE4,7,-5.897351790718212,2,5.897351790718212,1,0,5,anti_homophones
40840,da3la4,6,-5.682348774059047,2,5.682348774059047,1,0,5,anti_homophones
40841,lLng4chang2,11,-6.616192367614516,2,6.616192367614516,1,0,0,anti_homophones
40842,xu1yUn2,7,-5.95057209086637,2,5.95057209086637,1,0,4,anti_homophones
40843,qLn4che1,8,-6.469590450901356,2,6.469590450901356,1,0,1,anti_homophones
40844,nE4zheng4,9,-6.186678652749936,2,6.186678652749936,1,0,0,anti_homophones
40845,ke3fE4,6,-5.379045917442021,2,5.379045917442021,1,0,1,anti_homophones
40846,su4sO3,6,-5.853592860726527,2,5.853592860726527,1,0,3,anti_homophones
40847,song3zhUn3,10,-7.723546349443767,2,7.723546349443767,1,0,0,anti_homophones
40848,zheng4pi2,9,-6.371995234683379,2,6.371995234683379,1,0,0,anti_homophones
40849,bQ3jL3,6,-6.002453238873032,2,6.002453238873032,1,0,3,anti_homophones
40850,cA4chang3,9,-7.115728585979913,2,7.115728585979913,1,0,0,anti_homophones
40851,ca1lan2,7,-6.23791984505064,2,6.23791984505064,1,0,1,anti_homophones
40852,wu3zA4,6,-6.124177908137531,2,6.124177908137531,1,0,1,anti_homophones
40853,cheng3mo4,9,-7.175898791371824,2,7.175898791371824,1,0,0,anti_homophones
40854,cA3shan4,8,-6.243461124100286,2,6.243461124100286,1,0,0,anti_homophones
40855,mA4gan3,7,-6.0187646529898675,2,6.0187646529898675,1,0,4,anti_homophones
40856,yQ1xing5,8,-8.396934791293148,2,8.396934791293148,1,0,0,anti_homophones
40857,kong4hu4,8,-6.398622434771723,2,6.398622434771723,1,0,5,anti_homophones
40858,zhu4chi1,8,-6.5666447975035585,2,6.5666447975035585,1,0,4,anti_homophones
40859,qUn4xi1,7,-6.7803196054554915,2,6.7803196054554915,1,0,0,anti_homophones
40860,yQ2ling1,8,-6.799198136593329,2,6.799198136593329,1,0,0,anti_homophones
40861,gUn3yC1,7,-5.887275577191895,2,5.887275577191895,1,0,1,anti_homophones
40862,tong4qi4,8,-5.268202936537811,2,5.268202936537811,1,0,6,anti_homophones
40863,tV2bLn4,7,-6.120152730523912,2,6.120152730523912,1,0,1,anti_homophones
40864,fu4gan3,7,-5.4508187406051265,2,5.4508187406051265,1,0,2,anti_homophones
40865,bo1tV2,6,-5.291719688812288,2,5.291719688812288,1,0,3,anti_homophones
40866,pan1cA4,7,-7.3458797911881195,2,7.3458797911881195,1,0,0,anti_homophones
40867,yang1jLng2,10,-7.042659368387283,2,7.042659368387283,1,0,0,anti_homophones
40868,dLn4shu1,8,-5.761218053393867,2,5.761218053393867,1,0,2,anti_homophones
40869,wang4kV3,8,-6.141008140978487,2,6.141008140978487,1,0,1,anti_homophones
40870,wE1she3,7,-6.602195845874433,2,6.602195845874433,1,0,3,anti_homophones
40871,ling2kong1,10,-6.105445587126598,2,6.105445587126598,1,0,2,anti_homophones
40872,jUn4ren2,8,-6.27833799364591,2,6.27833799364591,1,0,1,anti_homophones
40873,zhu4zhe5,8,-6.33628066943525,2,6.33628066943525,1,0,1,anti_homophones
40874,gong1lv4,8,-5.6190791023,2,5.6190791023,1,0,2,anti_homophones
40875,xLng4dan1,9,-5.999360656216003,2,5.999360656216003,1,0,3,anti_homophones
40876,zhUng1yQ4,9,-6.439995530889205,2,6.439995530889205,1,0,2,anti_homophones
40877,yan4ya1,7,-6.544688296172958,2,6.544688296172958,1,0,2,anti_homophones
40878,mi2lLng4,8,-5.9072093979728,2,5.9072093979728,1,0,3,anti_homophones
40879,hU1jLn1,7,-5.706488846155115,2,5.706488846155115,1,0,5,anti_homophones
40880,song4hUng3,10,-7.9636822231108,2,7.9636822231108,1,0,0,anti_homophones
40881,bo2ce4,6,-5.831294768583125,2,5.831294768583125,1,0,2,anti_homophones
40882,nan2ke4,7,-6.097876875504778,2,6.097876875504778,1,0,0,anti_homophones
40883,wu3ci3,6,-6.312354766078924,2,6.312354766078924,1,0,3,anti_homophones
40884,li3pi1,6,-7.160401439240581,2,7.160401439240581,1,0,0,anti_homophones
40885,yang4ji2,8,-5.822199283139628,2,5.822199283139628,1,0,3,anti_homophones
40886,tA4kO4,6,-6.100593079812015,2,6.100593079812015,1,0,3,anti_homophones
40887,jun1nLng2,9,-7.156502149207694,2,7.156502149207694,1,0,0,anti_homophones
40888,hO4fang2,8,-7.030922117906511,2,7.030922117906511,1,0,0,anti_homophones
40889,qLng2chQ2,9,-7.125284322670309,2,7.125284322670309,1,0,0,anti_homophones
40890,hI2ning4,8,-6.805846627048098,2,6.805846627048098,1,0,2,anti_homophones
40891,bQ1hu2,6,-6.628131389748427,2,6.628131389748427,1,0,4,anti_homophones
40892,dLn3se4,7,-5.2799957624971645,2,5.2799957624971645,1,0,3,anti_homophones
40893,chu1zhi1,8,-5.503705484818365,2,5.503705484818365,1,0,2,anti_homophones
40894,cheng1jing4,11,-5.917159452024666,2,5.917159452024666,1,0,2,anti_homophones
40895,kQ3ting4,8,-6.93550834455658,2,6.93550834455658,1,0,1,anti_homophones
40896,jing1qUn2,9,-5.745948064720597,2,5.745948064720597,1,0,4,anti_homophones
40897,qLn2bQ4,7,-5.728648947126132,2,5.728648947126132,1,0,3,anti_homophones
40898,cQ3lu4,6,-5.680730482207858,2,5.680730482207858,1,0,3,anti_homophones
40899,zhong2gong4,11,-6.058193268970221,2,6.058193268970221,1,0,1,anti_homophones
40900,pA2xC4,6,-6.05080099602483,2,6.05080099602483,1,0,1,anti_homophones
40901,gUn1A4,6,-5.606611303846959,2,5.606611303846959,1,0,1,anti_homophones
40902,mQ2zhi3,7,-5.902200639631883,2,5.902200639631883,1,0,3,anti_homophones
40903,yV4dLn3,7,-5.961047782115835,2,5.961047782115835,1,0,2,anti_homophones
40904,bing4lun2,9,-6.727676668979996,2,6.727676668979996,1,0,1,anti_homophones
40905,zhi1sO3,7,-5.603886379450222,2,5.603886379450222,1,0,1,anti_homophones
40906,dQ4wE4,6,-5.5868093519428115,2,5.5868093519428115,1,0,4,anti_homophones
40907,jK1zhi1,7,-6.433984623825216,2,6.433984623825216,1,0,3,anti_homophones
40908,pA1ge2,6,-7.630294784650327,2,7.630294784650327,1,0,0,anti_homophones
40909,dA4shi4,7,-5.3176349247412364,2,5.3176349247412364,1,0,6,anti_homophones
40910,zO3hO3,6,-6.161639137047823,2,6.161639137047823,1,0,2,anti_homophones
40911,hong4gong4,10,-6.594675168743558,2,6.594675168743558,1,0,0,anti_homophones
40912,ri4zheng4,9,-6.349479743910048,2,6.349479743910048,1,0,2,anti_homophones
40913,yu4ri4,6,-6.274997752941905,2,6.274997752941905,1,0,6,anti_homophones
40914,fang4jLn4,9,-5.880204911166784,2,5.880204911166784,1,0,2,anti_homophones
40915,da1shang2,9,-7.00137160046403,2,7.00137160046403,1,0,0,anti_homophones
40916,fang4ge2,8,-6.396318758603654,2,6.396318758603654,1,0,1,anti_homophones
40917,xM2zhong1,9,-6.275014736665105,2,6.275014736665105,1,0,0,anti_homophones
40918,bu3jK3,6,-6.026005829841763,2,6.026005829841763,1,0,1,anti_homophones
40919,zi1lLng4,8,-6.4021146311823784,2,6.4021146311823784,1,0,1,anti_homophones
40920,tang3shang3,11,-6.918104632356573,2,6.918104632356573,1,0,1,anti_homophones
40921,shV1wE4,7,-5.506723527573571,2,5.506723527573571,1,0,2,anti_homophones
40922,kong1zhQ1,9,-7.099124467241775,2,7.099124467241775,1,0,1,anti_homophones
40923,dong2mo2,8,-6.452429155804351,2,6.452429155804351,1,0,0,anti_homophones
40924,xW3hO2,6,-5.536606524796163,2,5.536606524796163,1,0,4,anti_homophones
40925,qing2wen3,9,-6.5141030739132315,2,6.5141030739132315,1,0,0,anti_homophones
40926,jW1yV2,6,-5.313135962076098,2,5.313135962076098,1,0,4,anti_homophones
40927,la1kV3,6,-5.515724401243365,2,5.515724401243365,1,0,4,anti_homophones
40928,qUn2can1,8,-6.855741612162519,2,6.855741612162519,1,0,1,anti_homophones
40929,hI1si3,6,-6.376082615276657,2,6.376082615276657,1,0,1,anti_homophones
40930,zi4bo2,6,-5.5436154893411365,2,5.5436154893411365,1,0,0,anti_homophones
40931,cO4jLng2,8,-6.9462352882584115,2,6.9462352882584115,1,0,0,anti_homophones
40932,chi2xin1,8,-5.62058767888218,2,5.62058767888218,1,0,3,anti_homophones
40933,ken3wang2,9,-7.431566530875034,2,7.431566530875034,1,0,0,anti_homophones
40934,gu1teng2,8,-7.018725403938604,2,7.018725403938604,1,0,1,anti_homophones
40935,wE4wu4,6,-5.384697064834311,2,5.384697064834311,1,0,4,anti_homophones
40936,e4gong2,7,-6.018254425131056,2,6.018254425131056,1,0,4,anti_homophones
40937,lQ2shu4,7,-5.95838418761886,2,5.95838418761886,1,0,4,anti_homophones
40938,wE1bo2,6,-5.681957598518457,2,5.681957598518457,1,0,1,anti_homophones
40939,chA1xLng4,9,-6.3041385201512306,2,6.3041385201512306,1,0,1,anti_homophones
40940,cA3fang2,8,-5.97207980021676,2,5.97207980021676,1,0,0,anti_homophones
40941,yV3gong2,8,-5.880490292717553,2,5.880490292717553,1,0,2,anti_homophones
40942,shang2zhV2,10,-7.0639764779818215,2,7.0639764779818215,1,0,0,anti_homophones
40943,hI2yi1,6,-5.832439760174992,2,5.832439760174992,1,0,6,anti_homophones
40944,cQ1cA4,6,-6.374204494551552,2,6.374204494551552,1,0,0,anti_homophones
40945,zu3zhe1,7,-6.498582081796976,2,6.498582081796976,1,0,3,anti_homophones
40946,la1jL4,6,-5.354758991936457,2,5.354758991936457,1,0,4,anti_homophones
40947,xLn1shi4,8,-5.529928491014439,2,5.529928491014439,1,0,7,anti_homophones
40948,shV4jing4,9,-5.709915797134577,2,5.709915797134577,1,0,4,anti_homophones
40949,li5can2,7,-7.283521413002115,2,7.283521413002115,1,0,0,anti_homophones
40950,lv3fu2,6,-6.224456874333769,2,6.224456874333769,1,0,2,anti_homophones
40951,sI2tV2,6,-5.5464818479470255,2,5.5464818479470255,1,0,1,anti_homophones
40952,ju4yan1,7,-6.637267233952846,2,6.637267233952846,1,0,2,anti_homophones
40953,yi1chun1,8,-6.166910135944505,2,6.166910135944505,1,0,1,anti_homophones
40954,gang4wu4,8,-6.192230489082136,2,6.192230489082136,1,0,4,anti_homophones
40955,tun1shI3,8,-6.614892734766581,2,6.614892734766581,1,0,1,anti_homophones
40956,ye4jW3,6,-6.202597234628947,2,6.202597234628947,1,0,1,anti_homophones
40957,da1dong4,8,-6.24116258275307,2,6.24116258275307,1,0,1,anti_homophones
40958,cO4wen1,7,-6.769782492337058,2,6.769782492337058,1,0,0,anti_homophones
40959,nUn3ran2,8,-6.159773315149128,2,6.159773315149128,1,0,4,anti_homophones
40960,jW1fu4,6,-5.592162930459363,2,5.592162930459363,1,0,5,anti_homophones
40961,bLn4chong1,10,-6.587222772272967,2,6.587222772272967,1,0,1,anti_homophones
40962,fang2ming4,10,-6.155993155394068,2,6.155993155394068,1,0,1,anti_homophones
40963,sO3shi4,7,-5.426516578572274,2,5.426516578572274,1,0,2,anti_homophones
40964,da3tong4,8,-5.164027761001211,2,5.164027761001211,1,0,2,anti_homophones
40965,hUng1xu4,8,-6.46776360803826,2,6.46776360803826,1,0,2,anti_homophones
40966,wan4mW4,7,-7.41626933631816,2,7.41626933631816,1,0,1,anti_homophones
40967,ong1xi1,7,-8.558838242915192,2,8.558838242915192,1,0,1,anti_homophones
40968,tV2pin3,7,-5.523020060560118,2,5.523020060560118,1,0,0,anti_homophones
40969,chun3hV4,8,-7.1279567760109295,2,7.1279567760109295,1,0,0,anti_homophones
40970,gQ1xLng4,8,-5.549398293135597,2,5.549398293135597,1,0,0,anti_homophones
40971,ge1zhi3,7,-6.258261177440881,2,6.258261177440881,1,0,2,anti_homophones
40972,dang3zi5,8,-5.5860154187349,2,5.5860154187349,1,0,4,anti_homophones
40973,dan1an4,7,-5.862445960210232,2,5.862445960210232,1,0,4,anti_homophones
40974,bo2lu4,6,-6.710249915454623,2,6.710249915454623,1,0,5,anti_homophones
40975,fu4bin4,7,-7.283753510071271,2,7.283753510071271,1,0,1,anti_homophones
40976,gV3yi4,6,-5.347149112190404,2,5.347149112190404,1,0,4,anti_homophones
40977,qing2yin3,9,-6.3137705327326215,2,6.3137705327326215,1,0,3,anti_homophones
40978,hu3tong1,8,-6.610912377676313,2,6.610912377676313,1,0,4,anti_homophones
40979,bA4wang4,8,-7.030039493452016,2,7.030039493452016,1,0,1,anti_homophones
40980,chu4chQ2,8,-6.724939073472013,2,6.724939073472013,1,0,1,anti_homophones
40981,leng1su4,8,-6.016978814320545,2,6.016978814320545,1,0,4,anti_homophones
40982,dV4yi2,6,-6.078430739325429,2,6.078430739325429,1,0,2,anti_homophones
40983,dA4lA4,6,-6.3364976259568,2,6.3364976259568,1,0,4,anti_homophones
40984,yu2rang2,8,-7.396073185859787,2,7.396073185859787,1,0,0,anti_homophones
40985,zhi4ran3,8,-5.985054703968318,2,5.985054703968318,1,0,3,anti_homophones
40986,chu1ju3,7,-5.990009111467684,2,5.990009111467684,1,0,1,anti_homophones
40987,jLn1ce4,7,-5.8791445355282965,2,5.8791445355282965,1,0,3,anti_homophones
40988,tM1xLng1,8,-6.165685249971794,2,6.165685249971794,1,0,2,anti_homophones
40989,gP4qi4,6,-5.155498214101646,2,5.155498214101646,1,0,2,anti_homophones
40990,xW3ting4,8,-5.773820893597612,2,5.773820893597612,1,0,2,anti_homophones
40991,feng4tA2,8,-6.001290442698074,2,6.001290442698074,1,0,2,anti_homophones
40992,qUn2la4,7,-7.055312255177985,2,7.055312255177985,1,0,0,anti_homophones
40993,zhQ4qi2,7,-6.58882457026389,2,6.58882457026389,1,0,0,anti_homophones
40994,qLn2fan4,8,-5.809553162612856,2,5.809553162612856,1,0,3,anti_homophones
40995,jun1zhen2,9,-6.048014485058304,2,6.048014485058304,1,0,5,anti_homophones
40996,yV4gO4,6,-6.809190536275457,2,6.809190536275457,1,0,0,anti_homophones
40997,jM3du3,6,-6.5396036199817145,2,6.5396036199817145,1,0,3,anti_homophones
40998,zA4jing4,8,-5.99516398249111,2,5.99516398249111,1,0,0,anti_homophones
40999,bu4dong4,8,-5.106778789971546,2,5.106778789971546,1,0,6,anti_homophones
41000,tu1tV5,6,-5.764833623307657,2,5.764833623307657,1,0,2,anti_homophones
41001,hV4hA4,6,-5.4980712869408075,2,5.4980712869408075,1,0,4,anti_homophones
41002,hQ2mo5,6,-6.537291101314268,2,6.537291101314268,1,0,2,anti_homophones
41003,ma2bW3,6,-5.521199112609222,2,5.521199112609222,1,0,1,anti_homophones
41004,ru2shi1,7,-5.756784242245617,2,5.756784242245617,1,0,5,anti_homophones
41005,xi3sheng2,9,-6.165830420702493,2,6.165830420702493,1,0,0,anti_homophones
41006,jun1cheng1,10,-6.051817407771788,2,6.051817407771788,1,0,2,anti_homophones
41007,cA2se4,6,-5.056500823334488,2,5.056500823334488,1,0,3,anti_homophones
41008,fa1shu4,7,-5.165250080246533,2,5.165250080246533,1,0,5,anti_homophones
